,40,45,50,54,52,51,53,41,55,49,48
0,1.9189479334406871,44.847020933977454,53.234031132581855,,,,,,,,
1,4.9718196457326895,44.40418679549114,49.47665056360709,1.1473429951690821,,,,,,,
2,9.198872785829307,42.693236714975846,44.33038110574343,1.1473429951690821,2.6301663982823404,,,,,,
3,11.641170155662909,38.821792807300056,40.49919484702093,1.1473429951690821,2.6301663982823404,4.334406870638754,0.9259259259259259,,,,
4,13.90901771336554,36.802200751476114,41.12989801395599,1.1473429951690821,2.6301663982823404,3.455448201825013,0.9259259259259259,,,,
5,21.64519592055824,33.299785292538914,36.89613526570049,1.1473429951690821,2.6301663982823404,3.455448201825013,0.9259259259259259,,,,
6,22.517444981213096,30.790391841116477,38.21121846484165,1.1473429951690821,3.770799785292539,2.636876006441224,0.9259259259259259,,,,
7,23.027375201288244,29.126409017713364,36.82903918411165,1.1473429951690821,3.7640901771336552,2.6167471819645733,0.9259259259259259,0.36231884057971014,2.200751476113795,,
8,24.214975845410628,26.8719806763285,35.0979602791197,1.1205045625335481,3.7640901771336552,2.6167471819645733,2.8113258185721954,0.6575415995705851,2.844873859366613,,
9,25.462962962962962,26.127214170692433,32.018250134192165,1.0265700483091786,4.898013955984971,4.750402576489533,2.509393451422437,0.36231884057971014,2.844873859366613,,
10,28.884863123993558,23.242082662372518,33.071658615136876,0.8655394524959742,4.40150295222759,4.032474503488996,2.395330112721417,0.36231884057971014,2.7442297369833604,,
11,31.42109500805153,22.19538378958669,30.334138486312398,0.8655394524959742,3.9720880300590444,5.2066559312936125,1.9592055823939882,0.36231884057971014,3.683574879227053,,
12,32.380568974771876,21.329844337090712,30.837359098228664,0.8387010198604401,3.9049919484702094,4.736983360171766,1.9256575415995705,0.36231884057971014,3.683574879227053,,
13,33.48765432098765,20.974235104669887,28.824476650563607,0.8319914117015567,3.9049919484702094,6.159420289855072,1.0869565217391304,0.36231884057971014,3.4420289855072466,0.9259259259259259,
14,34.10493827160494,19.940955448201827,29.851046698872786,0.8319914117015567,3.683574879227053,6.072195383789587,1.0131508319914118,0.36231884057971014,3.2139023081052067,0.9259259259259259,
15,36.03730542136339,19.176060118089104,28.63660762211487,0.8319914117015567,4.247181964573269,5.978260869565218,0.9930220075147611,0.36231884057971014,2.8113258185721954,0.9259259259259259,
16,36.61433172302738,18.813741277509394,28.327965646806227,0.8319914117015567,4.045893719806763,5.475040257648954,0.9930220075147611,0.36231884057971014,3.6097691894793345,0.9259259259259259,
17,38.969404186795494,17.907944176060116,25.89908749329039,0.8319914117015567,4.032474503488996,6.837090713902308,0.8655394524959742,0.36231884057971014,3.6097691894793345,0.6843800322061192,
18,38.828502415458935,17.538915727321523,25.469672571121848,0.8319914117015567,4.032474503488996,6.837090713902308,1.8048845947396672,0.36231884057971014,3.6097691894793345,0.6843800322061192,
19,38.47289318303811,14.76784755770263,30.770263016639827,0.8319914117015567,3.5426731078904994,6.280193236714976,1.3955984970477724,0.36231884057971014,3.5762211486849167,,
20,30.152979066022546,9.796027911969942,41.5727321524423,0.7917337627482555,9.27938808373591,5.562265163714439,0.7716049382716049,0.36231884057971014,1.710950080515298,,
21,32.2061191626409,9.07139023081052,39.68733225979603,1.6505636070853462,9.172034353193773,4.40150295222759,1.737788513150832,0.36231884057971014,1.710950080515298,,
22,32.608695652173914,8.55475040257649,41.43183038110574,1.402308105206656,8.454106280193237,3.8580246913580245,1.6170155662909287,0.36231884057971014,1.710950080515298,,
23,34.74235104669887,7.971014492753623,32.70263016639828,1.402308105206656,7.9039184111647875,11.788781535158346,1.6170155662909287,0.36231884057971014,1.5096618357487923,,
24,39.92887815351583,5.24020397208803,31.32716049382716,1.2546967257112185,7.702630166398282,9.306226516371444,2.2342995169082127,0.9393451422436929,2.0665593129361244,,
25,37.92270531400966,5.065754159957058,32.23966720343532,1.0131508319914118,8.400429414922169,9.104938271604938,2.2342995169082127,0.43612453032742887,3.5829307568438002,,
26,32.25308641975309,4.790660225442834,42.85426731078905,1.0131508319914118,6.521739130434782,7.2933440687063875,2.2342995169082127,0.43612453032742887,2.6033279656468062,,
27,31.80354267310789,4.723564143853999,38.13070316693505,0.7716049382716049,6.515029522275899,12.526838432635534,1.4492753623188406,0.5434782608695652,3.535963499731616,,
28,26.764626945786365,3.6366076221148687,53.696994095544824,0.6239935587761675,6.018518518518518,4.435050993022007,1.3620504562533549,0.41599570585077833,3.046162104133119,,
29,31.105743424584006,3.6366076221148687,48.530595813204506,0.6239935587761675,5.763553408480945,4.367954911433173,1.3620504562533549,0.41599570585077833,4.193505099302201,,
30,32.729468599033815,3.616478797638218,47.215512614063336,0.6239935587761675,5.300590445517981,4.052603327965647,2.3215244229736984,0.41599570585077833,3.7238325281803544,,
31,36.37949543746645,3.361513687600644,41.86124530327429,3.44873859366613,5.273752012882448,3.9318303811057436,2.3215244229736984,0.41599570585077833,3.0059044551798175,,
32,40.58641975308642,2.844873859366613,39.10359634997316,2.033011272141707,4.133118625872249,3.0327428878153517,2.3215244229736984,0.4092860976918948,2.737520128824477,2.7979066022544283,
33,39.95571658615137,2.844873859366613,35.79575952764358,4.528985507246377,3.717122920021471,3.7909286097691894,4.005636070853462,0.4092860976918948,2.15378421900161,2.7979066022544283,
34,43.17632850241546,2.5161030595813205,33.77616747181965,4.159957058507783,3.6634460547504024,3.5963499731615673,3.965378421900161,0.27509393451422437,2.073268921095008,2.7979066022544283,
35,42.82071926999463,2.3617820719269993,30.770263016639827,4.280730005367687,5.347557702630167,3.5963499731615673,5.683038110574342,0.27509393451422437,2.0665593129361244,2.7979066022544283,
36,44.618894256575416,2.2946859903381642,29.294149221685455,4.280730005367687,4.549114331723027,4.327697262479871,5.636070853462158,0.27509393451422437,2.0665593129361244,2.657004830917874,
37,41.727053140096615,1.5163714439076759,30.35426731078905,3.898282340311326,8.172302737520129,4.1129898013955986,5.495169082125604,0.2683843263553409,2.006172839506173,2.4490069779924855,
38,43.625872249060656,1.247987117552335,29.542404723564143,3.4957058507783145,7.75630703166935,4.1129898013955986,5.495169082125604,0.2683843263553409,2.006172839506173,2.4490069779924855,
39,45.128824476650564,1.0064412238325282,28.24074074074074,4.542404723564144,7.749597423510467,3.938539989264627,4.864465915190553,0.2683843263553409,1.8115942028985508,2.4490069779924855,
40,46.49087493290392,1.0064412238325282,27.945517981749866,4.542404723564144,7.266505636070853,3.730542136339238,4.549114331723027,0.2683843263553409,1.751207729468599,2.4490069779924855,
41,44.598765432098766,0.6374127750939346,28.442028985507246,3.629898013955985,7.360440150295223,6.763285024154589,4.3478260869565215,0.2683843263553409,1.5029522275899088,2.4490069779924855,
42,46.162104133118625,0.6172839506172839,27.737520128824478,3.6097691894793345,7.024959742351046,6.528448738593666,4.3478260869565215,0.2683843263553409,1.3217928073000538,2.38191089640365,
43,46.383521202361784,0.6172839506172839,27.106816961889425,3.6097691894793345,7.024959742351046,6.488191089640365,4.951690821256038,0.11406333870101985,1.3217928073000538,2.38191089640365,
44,47.22222222222222,0.6172839506172839,26.268115942028984,4.367954911433173,6.769994632313473,6.488191089640365,4.918142780461621,0.11406333870101985,1.3217928073000538,1.9122383252818036,
45,48.70504562533548,0.6172839506172839,25.05367686527107,4.30756843800322,6.561996779388084,6.488191089640365,4.918142780461621,0.11406333870101985,1.3217928073000538,1.9122383252818036,
46,51.56333870101986,0.6172839506172839,22.342995169082126,3.92512077294686,7.4006977992485234,6.333870101986044,4.797369833601718,0.11406333870101985,0.9930220075147611,1.9122383252818036,
47,52.71068169618894,0.6038647342995169,21.83977455716586,3.7372517444981215,7.078636607622115,6.280193236714976,4.797369833601718,0.11406333870101985,0.9259259259259259,1.9122383252818036,
48,50.033548040794415,0.6038647342995169,24.778582930756844,4.260601180891036,5.562265163714439,5.971551261406334,6.119162640901771,0.07380568974771873,0.6843800322061192,1.9122383252818036,
49,52.522812667740205,0.5233494363929146,23.49704777241009,4.549114331723027,4.87788513150832,5.280461621041331,6.119162640901771,0.07380568974771873,0.644122383252818,1.9122383252818036,
50,53.918411164787976,0.5166398282340311,22.128287707997853,4.663177670424047,4.7638217928073,5.273752012882448,6.119162640901771,0.07380568974771873,0.630703166935051,1.9122383252818036,
51,53.34138486312399,0.4830917874396135,21.967257112184647,5.4616210413311865,4.26731078904992,4.643048845947397,6.092324208266238,0.05367686527106817,0.630703166935051,,3.0595813204508855
52,55.89103596349973,0.4830917874396135,20.115405260332796,5.9447128287707995,4.200214707461084,4.428341384863124,5.844068706387547,0.05367686527106817,0.5770263016639828,,2.462426194310252
53,53.515834675254965,0.46967257112184646,20.517981749865807,6.3137412775093935,5.884326355340848,4.428341384863124,5.844068706387547,0.05367686527106817,0.5099302200751477,,2.462426194310252
54,54.09286097691895,0.46967257112184646,20.397208803005906,6.816961889425658,5.488459473966721,4.193505099302201,5.515297906602254,0.05367686527106817,0.5099302200751477,,2.462426194310252
55,56.474771873322595,0.36902844873859364,19.51825013419216,6.159420289855072,5.4549114331723025,4.193505099302201,4.911433172302737,0.05367686527106817,0.47638217928073,0.785024154589372,1.6035963499731616
56,56.86392914653784,0.36902844873859364,19.504830917874397,5.938003220611916,5.407944176060118,4.193505099302201,4.851046698872786,0.05367686527106817,0.4294149221685454,0.785024154589372,1.6035963499731616
57,57.00483091787439,0.35560923242082665,19.03515834675255,6.380837359098229,5.407944176060118,4.133118625872249,4.851046698872786,0.05367686527106817,0.4294149221685454,0.785024154589372,1.5633387010198605
58,58.00456253354804,0.35560923242082665,20.061728395061728,5.743424584004294,5.300590445517981,3.374932903918411,4.327697262479871,0.05367686527106817,0.4294149221685454,0.785024154589372,1.5633387010198605
59,58.12533548040794,0.3421900161030596,19.64573268921095,5.025496511003757,4.730273752012883,2.9589371980676327,6.4412238325281805,0.05367686527106817,0.41599570585077833,0.785024154589372,1.4761137949543746
60,41.96188942565754,0.3421900161030596,41.0024154589372,3.8714439076757916,3.052871712292002,2.314814814814815,5.12614063338701,0.020128824476650563,0.04696725711218465,0.785024154589372,1.4761137949543746
61,43.69296833064949,0.3421900161030596,39.57326892109501,3.8580246913580245,3.052871712292002,2.314814814814815,4.8376274825550185,0.020128824476650563,0.04696725711218465,0.785024154589372,1.4761137949543746
62,46.544551798174986,0.3421900161030596,37.34567901234568,3.8580246913580245,3.052871712292002,2.314814814814815,4.213633923778851,0.020128824476650563,0.04696725711218465,0.785024154589372,1.4761137949543746
63,44.900697799248526,0.3421900161030596,38.197799248523886,3.7640901771336552,3.052871712292002,2.2611379495437465,5.152979066022544,0.020128824476650563,0.04696725711218465,0.785024154589372,1.4761137949543746
64,43.384326355340846,0.3421900161030596,32.51476113794954,3.5762211486849167,2.9052603327965647,6.588835212023618,5.730005367686527,0.020128824476650563,0.04696725711218465,3.4151905528717124,1.4761137949543746
65,44.38405797101449,0.33548040794417605,31.85721953837896,4.4753086419753085,2.657004830917874,5.60252281266774,5.730005367686527,0.020128824476650563,0.04696725711218465,3.4151905528717124,1.4761137949543746
66,45.99436392914654,0.33548040794417605,30.46833064949007,5.381105743424584,2.3215244229736984,5.515297906602254,5.052334943639291,0.020128824476650563,0.04696725711218465,3.388352120236178,1.4761137949543746
67,46.745840042941495,0.33548040794417605,29.052603327965645,5.381105743424584,3.4420289855072466,5.515297906602254,4.5960815888352125,0.020128824476650563,0.04696725711218465,3.388352120236178,1.4761137949543746
68,41.36473429951691,0.10735373054213634,33.74932903918411,5.381105743424584,3.3413848631239937,4.5893719806763285,4.468599033816425,,0.04696725711218465,5.522007514761138,1.42914653784219
69,42.619431025228124,0.10735373054213634,32.68250134192163,5.381105743424584,2.7442297369833604,4.5893719806763285,4.87788513150832,,0.04696725711218465,5.522007514761138,1.42914653784219
70,27.677133655394524,,47.537573805689746,5.428073000536768,1.7713365539452497,6.139291465378422,5.656199677938808,,,4.361245303274289,1.42914653784219
71,28.133387010198604,,47.24235104669887,5.428073000536768,1.7713365539452497,6.139291465378422,5.656199677938808,,,4.206924315619967,1.4224369296833066
72,28.213902308105208,,47.638217928073,5.428073000536768,1.7713365539452497,6.085614600107354,5.475040257648954,,,3.965378421900161,1.4224369296833066
73,29.904723564143854,,46.141975308641975,6.011808910359635,1.7713365539452497,6.085614600107354,4.696725711218465,,,3.965378421900161,1.4224369296833066
74,30.790391841116477,,46.222490606548575,5.877616747181965,1.6438539989264627,5.750134192163178,4.502147074610843,,,3.7909286097691894,1.4224369296833066
75,31.716317767042405,,44.80005367686527,6.790123456790123,2.442297369833602,5.750134192163178,4.233762748255502,,,2.871712292002147,1.3955984970477724
76,34.735641438539986,,43.203166935050994,6.488191089640365,2.442297369833602,5.615942028985507,3.8915727321524423,,,2.227589908749329,1.3955984970477724
77,35.76221148684917,,42.17659688674181,6.488191089640365,2.442297369833602,5.615942028985507,3.8915727321524423,,,2.227589908749329,1.3955984970477724
78,38.35212023617821,,39.57326892109501,5.978260869565218,2.442297369833602,5.173107890499195,3.8915727321524423,,0.966183574879227,2.227589908749329,1.3955984970477724
79,40.425389157273216,,38.13070316693505,6.031937734836285,1.7579173376274826,5.173107890499195,3.8915727321524423,,0.966183574879227,2.227589908749329,1.3955984970477724
80,41.700214707461086,,37.2987117552335,5.60252281266774,1.7444981213097155,5.173107890499195,3.8915727321524423,,0.966183574879227,2.227589908749329,1.3955984970477724
81,42.11621041331186,,36.2788513150832,5.4616210413311865,1.7444981213097155,6.146001073537305,4.17337627482555,,0.966183574879227,2.227589908749329,0.8856682769726248
82,43.49168008588298,,34.19887278582931,5.025496511003757,1.5767579173376274,5.548845947396672,4.17337627482555,,2.871712292002147,2.227589908749329,0.8856682769726248
83,44.87385936661299,,33.883521202361784,5.018786902844874,1.4761137949543746,5.548845947396672,4.17337627482555,,2.0799785292538915,2.1135265700483092,0.8319914117015567
84,46.68545356951154,,32.91733762748255,4.569243156199678,1.3553408480944713,5.448201825013419,3.9989264626945786,,2.0799785292538915,2.1135265700483092,0.8319914117015567
85,45.55823939881911,,32.31347289318304,4.3478260869565215,3.4151905528717124,5.381105743424584,3.824476650563607,,2.4154589371980677,1.9122383252818036,0.8319914117015567
86,46.90016103059581,,31.233225979602793,4.28743961352657,3.2139023081052067,5.381105743424584,3.824476650563607,,2.4154589371980677,1.9122383252818036,0.8319914117015567
87,46.57809983896941,,32.098765432098766,4.1129898013955986,3.140096618357488,5.3274288781535155,3.824476650563607,,2.4154589371980677,1.8250134192163177,0.6776704240472357
88,48.18840579710145,,30.776972624798713,4.1129898013955986,2.9924852388620504,5.3274288781535155,3.784219001610306,,2.314814814814815,1.8250134192163177,0.6776704240472357
89,46.88003220611916,,29.74369296833065,4.032474503488996,4.4820182501341925,5.3274288781535155,3.784219001610306,,3.2474503488996245,1.8250134192163177,0.6776704240472357
90,48.389694041867955,,28.978797638217927,4.032474503488996,4.294149221685454,5.314009661835748,3.656736446591519,,2.831454643048846,1.8250134192163177,0.6776704240472357
91,49.04723564143854,,26.20101986044015,4.032474503488996,4.2203435319377345,8.447396672034353,3.656736446591519,,1.892109500805153,1.8250134192163177,0.6776704240472357
92,47.517444981213096,,29.0727321524423,3.515834675254965,4.019055287171229,7.997852925389157,3.4957058507783145,,1.892109500805153,1.8115942028985508,0.6776704240472357
93,47.5979602791197,,29.0727321524423,3.515834675254965,4.019055287171229,7.98443370907139,3.4957058507783145,,1.892109500805153,1.8115942028985508,0.6105743424584005
94,48.15485775630703,,28.515834675254965,3.515834675254965,4.019055287171229,7.98443370907139,3.4957058507783145,,1.892109500805153,1.8115942028985508,0.6105743424584005
95,49.63768115942029,,27.388620504562535,3.321256038647343,4.012345679012346,7.98443370907139,3.4151905528717124,,1.892109500805153,1.8115942028985508,0.5367686527106817
96,50.348899624261946,,26.67740203972088,3.321256038647343,4.012345679012346,7.98443370907139,3.4151905528717124,,1.892109500805153,1.8115942028985508,0.5367686527106817
97,50.38915727321525,,25.603864734299517,3.126677402039721,6.072195383789587,7.669082125603865,3.0327428878153517,,1.7579173376274826,1.8115942028985508,0.5367686527106817
98,51.46269457863661,,25.09393451422437,2.7106816961889426,6.0654857756307035,7.669082125603865,2.985775630703167,,1.6639828234031133,1.8115942028985508,0.5367686527106817
99,53.187063875469676,,23.845947396672035,2.657004830917874,5.736714975845411,7.628824476650563,2.985775630703167,,1.6572732152442298,1.7646269457863661,0.5367686527106817
100,56.937734836285564,,21.69887278582931,1.9927536231884058,5.683038110574342,7.454374664519592,2.985775630703167,,1.6572732152442298,1.1406333870101986,0.4495437466451959
101,55.17981749865808,,21.054750402576488,3.629898013955985,6.602254428341385,7.440955448201825,2.844873859366613,,1.6572732152442298,1.1406333870101986,0.4495437466451959
102,54.3142780461621,,20.229468599033815,2.6033279656468062,8.641975308641975,8.474235104669887,2.844873859366613,,1.6572732152442298,0.785024154589372,0.4495437466451959
103,53.52925389157273,,20.222758990874933,2.5966183574879227,9.581320450885668,8.474235104669887,2.703972088030059,,1.6572732152442298,0.785024154589372,0.4495437466451959
104,55.30730005367686,,18.780193236714975,2.5966183574879227,8.641975308641975,9.27938808373591,2.5026838432635534,,1.6572732152442298,0.785024154589372,0.4495437466451959
105,55.381105743424584,,18.63929146537842,2.5966183574879227,8.641975308641975,9.265968867418144,2.2879763821792807,,1.6572732152442298,1.1674718196457328,0.36231884057971014
106,55.52871712292002,,18.55877616747182,2.5966183574879227,8.601717659688674,9.23913043478261,2.2879763821792807,,1.6572732152442298,1.1674718196457328,0.36231884057971014
107,56.112453032742884,,18.55877616747182,2.475845410628019,8.601717659688674,9.23913043478261,1.8250134192163177,,1.6572732152442298,1.1674718196457328,0.36231884057971014
108,56.64251207729468,,18.250134192163177,2.475845410628019,8.601717659688674,9.024422973698336,1.8183038110574343,,1.6572732152442298,1.1674718196457328,0.36231884057971014
109,58.400429414922165,,17.498658078368223,2.4490069779924855,8.353462157809984,8.836553945249598,1.8183038110574343,,1.6572732152442298,0.8521202361782072,0.13419216317767044
110,60.41331186258722,,17.424852388620504,2.2074610842726785,7.75630703166935,7.7361782071927,1.8183038110574343,,1.6572732152442298,0.8521202361782072,0.13419216317767044
111,60.80246913580247,,17.10950080515298,2.2074610842726785,7.75630703166935,7.709339774557166,1.8183038110574343,,1.6103059581320451,0.8521202361782072,0.13419216317767044
112,61.63446054750403,,16.847826086956523,2.086688137412775,7.75630703166935,7.568438003220612,1.8183038110574343,,1.6103059581320451,0.5434782608695652,0.13419216317767044
113,62.05716586151369,,16.794149221685455,2.086688137412775,7.75630703166935,7.199409554482019,1.8183038110574343,,1.6103059581320451,0.5434782608695652,0.13419216317767044
114,61.67471819645733,,15.827965646806227,3.0327428878153517,7.75630703166935,6.763285024154589,2.791196994095545,,1.4761137949543746,0.5434782608695652,0.13419216317767044
115,63.02334943639291,,15.666935050993022,2.885131508319914,7.112184648416532,6.414385399892646,2.7442297369833604,,1.4761137949543746,0.5434782608695652,0.13419216317767044
116,64.91545893719807,,14.97584541062802,2.791196994095545,6.984702093397746,5.46833064949007,2.7308105206655933,,1.4761137949543746,0.5233494363929146,0.13419216317767044
117,65.64680622651638,,14.680622651637144,2.791196994095545,6.763285024154589,5.253623188405797,2.7308105206655933,,1.4761137949543746,0.5233494363929146,0.13419216317767044
118,67.3443370907139,,13.976113794954374,2.757648953301127,6.763285024154589,4.978529253891573,2.7241009125067097,,0.798443370907139,0.5233494363929146,0.13419216317767044
119,68.29039184111647,,13.486312399355878,2.757648953301127,6.132581857219538,4.830917874396135,3.046162104133119,,0.798443370907139,0.5233494363929146,0.13419216317767044
120,68.51851851851852,,13.479602791196994,2.757648953301127,6.132581857219538,4.824208266237251,2.831454643048846,,0.798443370907139,0.5233494363929146,0.13419216317767044
121,68.57219538378959,,13.43263553408481,2.757648953301127,6.132581857219538,4.817498658078368,2.831454643048846,,0.798443370907139,0.5233494363929146,0.13419216317767044
122,68.88083735909822,,13.372249060654857,2.7509393451422435,6.132581857219538,4.575952764358561,2.831454643048846,,0.798443370907139,0.5233494363929146,0.13419216317767044
123,69.63902308105207,,12.238325281803542,2.7509393451422435,6.132581857219538,4.086151368760064,2.7241009125067097,,1.7713365539452497,0.5233494363929146,0.13419216317767044
124,69.84031132581858,,12.04374664519592,2.7509393451422435,6.132581857219538,4.086151368760064,2.7241009125067097,,1.7713365539452497,0.5166398282340311,0.13419216317767044
125,69.86044015029522,,11.513687600644122,2.7509393451422435,7.03166935050993,3.81105743424584,2.6838432635534084,,1.7713365539452497,0.5166398282340311,0.06038647342995169
126,70.81991411701557,,11.325818572195384,2.7509393451422435,6.622383252818035,3.81105743424584,2.636876006441224,,1.6304347826086956,0.3757380568974772,0.026838432635534086
127,70.84004294149221,,11.325818572195384,2.7509393451422435,6.622383252818035,3.7909286097691894,2.636876006441224,,1.6304347826086956,0.3757380568974772,0.026838432635534086
128,71.51100375738056,,11.325818572195384,2.7509393451422435,5.9514224369296835,3.7909286097691894,2.636876006441224,,1.6304347826086956,0.3757380568974772,0.026838432635534086
129,71.96725711218465,,11.20504562533548,2.7509393451422435,5.770263016639828,3.7909286097691894,2.636876006441224,,1.6304347826086956,0.2214170692431562,0.026838432635534086
130,72.02093397745571,,11.20504562533548,2.7509393451422435,5.71658615136876,3.7909286097691894,2.636876006441224,,1.6304347826086956,0.2214170692431562,0.026838432635534086
131,72.32286634460547,,10.903113258185721,2.7509393451422435,5.71658615136876,3.7909286097691894,2.636876006441224,,1.6304347826086956,0.2214170692431562,0.026838432635534086
132,72.69189479334406,,10.82259796027912,2.7106816961889426,5.71658615136876,3.603059581320451,2.576489533011272,,1.6304347826086956,0.2214170692431562,0.026838432635534086
133,72.69189479334406,,10.82259796027912,2.7106816961889426,5.71658615136876,3.603059581320451,2.576489533011272,,1.6304347826086956,0.2214170692431562,0.026838432635534086
134,73.2085346215781,,10.681696188942565,2.6637144390767578,5.387815351583468,3.603059581320451,2.576489533011272,,1.6304347826086956,0.2214170692431562,0.026838432635534086
135,74.29549114331724,,9.96376811594203,2.6637144390767578,5.340848094471283,3.361513687600644,2.5026838432635534,,1.6304347826086956,0.2147074610842727,0.026838432635534086
136,74.7584541062802,,9.5276435856146,2.6637144390767578,5.340848094471283,3.361513687600644,2.5026838432635534,,1.6304347826086956,0.1878690284487386,0.026838432635534086
137,74.08749329039185,,9.232420826623725,2.6637144390767578,6.3070316693505095,3.361513687600644,2.5026838432635534,,1.6304347826086956,0.1878690284487386,0.026838432635534086
138,74.63097155126141,,9.232420826623725,2.6637144390767578,5.783682232957595,3.361513687600644,2.5026838432635534,,1.6304347826086956,0.1878690284487386,0.0067096081588835215
139,74.34245840042942,,9.017713365539452,2.5295222758990876,5.662909286097692,3.3480944712828773,3.3413848631239937,,1.5767579173376274,0.17444981213097155,0.0067096081588835215
140,73.92646269457863,,10.493827160493828,2.4557165861513686,4.99194847020934,3.3145464304884595,3.099838969404187,,1.5365002683843263,0.17444981213097155,0.0067096081588835215
141,75.07380568974772,,10.44015029522276,2.4557165861513686,4.394793344068707,3.140096618357488,2.7777777777777777,,1.5365002683843263,0.17444981213097155,0.0067096081588835215
142,74.41626409017714,,10.326086956521738,2.4490069779924855,4.388083735909823,2.945517981749866,3.7573805689747717,,1.5365002683843263,0.17444981213097155,0.0067096081588835215
143,73.86607622114869,,9.936929683306495,2.4490069779924855,4.3545356951154055,2.932098765432099,4.74369296833065,,1.5365002683843263,0.17444981213097155,0.0067096081588835215
144,72.14170692431561,,9.749060654857756,3.0193236714975846,4.904723564143854,2.8918411164787976,5.609232420826624,,1.5029522275899088,0.17444981213097155,0.0067096081588835215
145,72.32286634460547,,9.588030059044552,3.0193236714975846,4.884594739667204,2.8918411164787976,5.609232420826624,,1.5029522275899088,0.17444981213097155,0.0067096081588835215
146,71.53113258185722,,8.568169618894256,4.260601180891036,4.851046698872786,3.81105743424584,5.589103596349974,,1.2077294685990339,0.17444981213097155,0.0067096081588835215
147,70.57165861513688,,8.172302737520129,5.0993022007514766,4.8443370907139025,3.670155662909286,6.320450885668277,,1.1406333870101986,0.17444981213097155,0.0067096081588835215
148,71.30300590445518,,8.09849704777241,4.53569511540526,4.8443370907139025,3.6500268384326353,6.320450885668277,,1.1406333870101986,0.10064412238325282,0.0067096081588835215
149,71.41035963499732,,8.09849704777241,4.53569511540526,4.736983360171766,3.6500268384326353,6.320450885668277,,1.1406333870101986,0.10064412238325282,0.0067096081588835215
150,71.60493827160494,,7.917337627482555,4.53569511540526,4.723564143853999,3.6500268384326353,6.320450885668277,,1.1406333870101986,0.10064412238325282,0.0067096081588835215
151,72.34970477724102,,7.695920558239399,4.502147074610843,4.468599033816425,3.6500268384326353,6.099033816425121,,1.1272141706924315,0.10064412238325282,0.0067096081588835215
152,72.7589908749329,,7.64224369296833,4.502147074610843,4.468599033816425,3.6500268384326353,5.750134192163178,,1.1272141706924315,0.10064412238325282,
153,73.33601717659688,,7.608695652173913,4.502147074610843,4.468599033816425,3.6500268384326353,5.2066559312936125,,1.1272141706924315,0.10064412238325282,
154,72.69189479334406,,7.608695652173913,4.502147074610843,5.173107890499195,3.6500268384326353,5.146269457863661,,1.1272141706924315,0.10064412238325282,
155,72.01422436929683,,7.39398819108964,4.502147074610843,5.173107890499195,4.542404723564144,5.146269457863661,,1.1272141706924315,0.10064412238325282,
156,72.45705850778315,,7.065217391304348,4.388083735909823,5.173107890499195,4.542404723564144,5.146269457863661,,1.1272141706924315,0.10064412238325282,
157,72.45705850778315,,7.065217391304348,4.388083735909823,5.173107890499195,4.542404723564144,5.146269457863661,,1.1272141706924315,0.10064412238325282,
158,71.59822866344605,,7.065217391304348,4.777241009125067,5.173107890499195,4.542404723564144,5.615942028985507,,1.1272141706924315,0.10064412238325282,
159,69.49141170155663,,10.661567364465915,4.770531400966184,5.173107890499195,4.327697262479871,4.3478260869565215,,1.1272141706924315,0.10064412238325282,
160,69.96108427267848,,10.641438539989265,4.770531400966184,5.173107890499195,3.992216854535695,4.233762748255502,,1.1272141706924315,0.10064412238325282,
161,70.11540526033279,,10.493827160493828,4.770531400966184,5.166398282340311,3.992216854535695,4.233762748255502,,1.1272141706924315,0.10064412238325282,
162,71.04133118625872,,10.326086956521738,4.166666666666667,5.159688674181428,3.844605475040258,4.233762748255502,,1.1272141706924315,0.10064412238325282,
163,70.30327428878154,,10.299248523886206,4.166666666666667,5.12614063338701,3.844605475040258,5.032206119162641,,1.1272141706924315,0.10064412238325282,
164,70.42404723564144,,10.299248523886206,4.045893719806763,5.12614063338701,3.844605475040258,5.032206119162641,,1.1272141706924315,0.10064412238325282,
165,70.55152979066023,,10.171765968867419,4.045893719806763,5.12614063338701,3.844605475040258,5.032206119162641,,1.1272141706924315,0.10064412238325282,
166,70.94068706387547,,9.930220075147611,3.9452495974235107,5.12614063338701,3.797638217928073,5.032206119162641,,1.1272141706924315,0.10064412238325282,
167,70.91384863123993,,9.440418679549115,3.589640365002684,6.018518518518518,3.797638217928073,5.01207729468599,,1.1272141706924315,0.10064412238325282,
168,71.89345142243693,,9.400161030595813,3.180354267310789,5.723295759527644,3.7775093934514223,5.01207729468599,,0.9125067096081588,0.10064412238325282,
169,71.89345142243693,,9.400161030595813,3.180354267310789,5.723295759527644,3.7775093934514223,5.01207729468599,,0.9125067096081588,0.10064412238325282,
170,73.31588835212024,,8.742619431025227,3.012614063338701,5.360976918947934,3.569511540526033,5.01207729468599,,0.9125067096081588,0.07380568974771873,
171,74.04052603327966,,8.742619431025227,2.9119699409554483,5.22007514761138,3.4420289855072466,4.656468062265164,,0.9125067096081588,0.07380568974771873,
172,74.05394524959742,,8.735909822866345,2.9119699409554483,5.213365539452496,3.4420289855072466,4.656468062265164,,0.9125067096081588,0.07380568974771873,
173,74.14787976382179,,9.433709071390231,2.9052603327965647,5.146269457863661,3.180354267310789,4.200214707461084,,0.9125067096081588,0.07380568974771873,
174,74.19484702093398,,9.39345142243693,2.9052603327965647,5.146269457863661,3.1736446591519054,4.200214707461084,,0.9125067096081588,0.07380568974771873,
175,74.56387546967257,,8.682232957595277,2.8918411164787976,5.038915727321524,3.683574879227053,4.166666666666667,,0.9125067096081588,0.06038647342995169,
176,74.61084272678475,,8.682232957595277,2.844873859366613,5.038915727321524,3.683574879227053,4.166666666666667,,0.9125067096081588,0.06038647342995169,
177,75.66425120772946,,8.09849704777241,2.844873859366613,5.038915727321524,3.683574879227053,3.69699409554482,,0.9125067096081588,0.06038647342995169,
178,75.67767042404724,,7.830112721417069,2.844873859366613,4.978529253891573,4.180085882984434,3.6902844873859366,,0.7380568974771873,0.06038647342995169,
179,76.89210950080515,,7.340311325818572,2.737520128824477,4.53569511540526,4.180085882984434,3.515834675254965,,0.7380568974771873,0.06038647342995169,
180,77.27455716586151,,7.159151905528717,2.677133655394525,4.502147074610843,4.1129898013955986,3.475577026301664,,0.7380568974771873,0.06038647342995169,
181,77.95893719806763,,6.78341384863124,2.677133655394525,4.3478260869565215,4.032474503488996,3.4017713365539453,,0.7380568974771873,0.06038647342995169,
182,78.4151905528717,,6.729736983360172,2.6435856146001075,4.3478260869565215,4.012345679012346,3.0595813204508855,,0.7313472893183038,0.06038647342995169,
183,78.72383252818035,,6.595544820182502,2.6435856146001075,4.3478260869565215,4.012345679012346,2.885131508319914,,0.7313472893183038,0.06038647342995169,
184,78.24745034889962,,6.146001073537305,2.636876006441224,5.703166935050993,3.770799785292539,2.703972088030059,,0.7313472893183038,0.06038647342995169,
185,78.26757917337628,,6.132581857219538,2.6301663982823404,5.703166935050993,3.770799785292539,2.703972088030059,,0.7313472893183038,0.06038647342995169,
186,78.54938271604938,,6.0587761674718195,2.6301663982823404,5.636070853462158,3.770799785292539,2.563070316693505,,0.7313472893183038,0.06038647342995169,
187,76.65056360708535,,5.991680085882985,2.6301663982823404,5.548845947396672,3.569511540526033,2.3081052066559313,,0.7313472893183038,2.5697799248523885,
188,76.9927536231884,,5.964841653247451,2.6301663982823404,5.246913580246914,3.569511540526033,2.2946859903381642,,0.7313472893183038,2.5697799248523885,
189,77.52952227589908,,5.931293612453032,2.6301663982823404,5.246913580246914,3.569511540526033,2.2946859903381642,,0.7313472893183038,2.0665593129361244,
190,77.54294149221685,,5.931293612453032,2.6301663982823404,5.246913580246914,3.556092324208266,2.2946859903381642,,0.7313472893183038,2.0665593129361244,
191,76.74449812130972,,6.729736983360172,2.6301663982823404,5.246913580246914,3.556092324208266,2.2946859903381642,,0.7313472893183038,2.0665593129361244,
192,76.74449812130972,,6.729736983360172,2.6301663982823404,5.246913580246914,3.556092324208266,2.2946859903381642,,0.7313472893183038,2.0665593129361244,
193,77.073268921095,,6.723027375201288,2.6301663982823404,5.173107890499195,3.307836822329576,2.2946859903381642,,0.7313472893183038,2.0665593129361244,
194,77.073268921095,,6.723027375201288,2.6301663982823404,5.173107890499195,3.307836822329576,2.2946859903381642,,0.7313472893183038,2.0665593129361244,
195,77.073268921095,,6.723027375201288,2.6301663982823404,5.173107890499195,3.307836822329576,2.2946859903381642,,0.7313472893183038,2.0665593129361244,
196,78.0931293612453,,6.374127750939345,2.6301663982823404,4.824208266237251,3.307836822329576,2.2879763821792807,,0.7313472893183038,1.751207729468599,
197,78.2944176060118,,6.374127750939345,2.6301663982823404,4.824208266237251,3.307836822329576,2.086688137412775,,0.7313472893183038,1.751207729468599,
198,78.44202898550725,,6.374127750939345,2.5831991411701556,4.723564143853999,3.307836822329576,2.086688137412775,,0.7313472893183038,1.751207729468599,
199,77.11352657004831,,6.374127750939345,2.5831991411701556,5.428073000536768,3.307836822329576,2.7106816961889426,,0.7313472893183038,1.751207729468599,
200,77.4422973698336,,6.353998926462695,2.5831991411701556,5.152979066022544,3.307836822329576,2.7106816961889426,,0.6977992485238862,1.751207729468599,
201,78.14009661835749,,6.353998926462695,2.442297369833602,5.01207729468599,3.307836822329576,2.589908749329039,,0.4025764895330113,1.751207729468599,
202,77.22088030059045,,6.340579710144928,2.442297369833602,5.01207729468599,3.307836822329576,2.589908749329039,,0.4025764895330113,1.751207729468599,0.9326355340848095
203,77.22088030059045,,6.340579710144928,2.442297369833602,5.01207729468599,3.307836822329576,2.589908749329039,,0.4025764895330113,1.751207729468599,0.9326355340848095
204,77.49597423510467,,6.085614600107354,2.442297369833602,5.01207729468599,3.2877079978529253,2.589908749329039,,0.4025764895330113,1.751207729468599,0.9326355340848095
205,78.01932367149759,,5.904455179817498,2.442297369833602,5.01207729468599,2.945517981749866,2.589908749329039,,0.4025764895330113,1.751207729468599,0.9326355340848095
206,78.01932367149759,,5.904455179817498,2.442297369833602,5.01207729468599,2.945517981749866,2.589908749329039,,0.4025764895330113,1.751207729468599,0.9326355340848095
207,77.18733225979602,,5.904455179817498,2.442297369833602,5.991680085882985,2.8784219001610305,2.509393451422437,,0.4025764895330113,1.751207729468599,0.9326355340848095
208,77.28797638217928,,5.877616747181965,2.442297369833602,5.917874396135265,2.8784219001610305,2.509393451422437,,0.4025764895330113,1.751207729468599,0.9326355340848095
209,77.3215244229737,,5.877616747181965,2.4221685453569513,5.904455179817498,2.8784219001610305,2.509393451422437,,0.4025764895330113,1.751207729468599,0.9326355340848095
210,77.95893719806763,,5.609232420826624,2.395330112721417,5.71658615136876,2.8784219001610305,2.395330112721417,,0.36231884057971014,1.751207729468599,0.9326355340848095
211,77.95893719806763,,5.609232420826624,2.395330112721417,5.71658615136876,2.8784219001610305,2.395330112721417,,0.36231884057971014,1.751207729468599,0.9326355340848095
212,77.95893719806763,,5.609232420826624,2.395330112721417,5.71658615136876,2.8784219001610305,2.395330112721417,,0.36231884057971014,1.751207729468599,0.9326355340848095
213,77.95893719806763,,5.609232420826624,2.395330112721417,5.71658615136876,2.8784219001610305,2.395330112721417,,0.36231884057971014,1.751207729468599,0.9326355340848095
214,78.12667740203972,,5.441492216854535,2.395330112721417,5.71658615136876,2.8784219001610305,2.395330112721417,,0.36231884057971014,1.751207729468599,0.9326355340848095
215,78.28770799785292,,5.314009661835748,2.395330112721417,5.71658615136876,2.8784219001610305,2.3617820719269993,,0.36231884057971014,1.751207729468599,0.9326355340848095
216,78.28770799785292,,5.314009661835748,2.395330112721417,5.71658615136876,2.8784219001610305,2.3617820719269993,,0.36231884057971014,1.751207729468599,0.9326355340848095
217,78.2944176060118,,5.307300053676865,2.395330112721417,5.71658615136876,2.8784219001610305,2.3617820719269993,,0.36231884057971014,1.751207729468599,0.9326355340848095
218,78.11325818572196,,5.018786902844874,2.395330112721417,6.219806763285024,2.844873859366613,2.3617820719269993,,0.36231884057971014,1.751207729468599,0.9326355340848095
219,78.2541599570585,,5.018786902844874,2.395330112721417,6.078904991948471,2.844873859366613,2.3617820719269993,,0.36231884057971014,1.751207729468599,0.9326355340848095
220,78.31454643048846,,4.958400429414922,2.395330112721417,6.078904991948471,2.844873859366613,2.3617820719269993,,0.36231884057971014,1.751207729468599,0.9326355340848095
221,78.58964036500268,,4.958400429414922,2.395330112721417,6.078904991948471,2.5697799248523885,2.3617820719269993,,0.36231884057971014,1.751207729468599,0.9326355340848095
222,78.58964036500268,,4.958400429414922,2.395330112721417,6.078904991948471,2.5697799248523885,2.3617820719269993,,0.36231884057971014,1.751207729468599,0.9326355340848095
223,78.60305958132045,,4.944981213097155,2.395330112721417,6.078904991948471,2.5697799248523885,2.3617820719269993,,0.36231884057971014,1.751207729468599,0.9326355340848095
224,78.60976918947934,,4.944981213097155,2.3886205045625335,6.078904991948471,2.5697799248523885,2.3617820719269993,,0.36231884057971014,1.751207729468599,0.9326355340848095
225,78.60976918947934,,4.944981213097155,2.3886205045625335,6.078904991948471,2.5697799248523885,2.3617820719269993,,0.36231884057971014,1.751207729468599,0.9326355340848095
226,78.60976918947934,,4.944981213097155,2.3886205045625335,6.078904991948471,2.5697799248523885,2.3617820719269993,,0.36231884057971014,1.751207729468599,0.9326355340848095
227,78.07300053676865,,4.750402576489533,2.3886205045625335,6.078904991948471,2.5697799248523885,3.0931293612453032,,0.36231884057971014,1.751207729468599,0.9326355340848095
228,78.23403113258186,,4.663177670424047,2.3886205045625335,6.078904991948471,2.49597423510467,3.0931293612453032,,0.36231884057971014,1.751207729468599,0.9326355340848095
229,78.23403113258186,,4.663177670424047,2.3886205045625335,6.078904991948471,2.49597423510467,3.0931293612453032,,0.36231884057971014,1.751207729468599,0.9326355340848095
230,78.46886741814278,,4.663177670424047,2.3886205045625335,5.844068706387547,2.49597423510467,3.0931293612453032,,0.36231884057971014,1.751207729468599,0.9326355340848095
231,78.75738056897477,,4.663177670424047,2.3886205045625335,5.555555555555555,2.49597423510467,3.0931293612453032,,0.36231884057971014,1.751207729468599,0.9326355340848095
232,78.75738056897477,,4.663177670424047,2.3886205045625335,5.555555555555555,2.49597423510467,3.0931293612453032,,0.36231884057971014,1.751207729468599,0.9326355340848095
233,78.75738056897477,,4.663177670424047,2.3886205045625335,5.555555555555555,2.49597423510467,3.0931293612453032,,0.36231884057971014,1.751207729468599,0.9326355340848095
