,45,50,40,52,41,51,53
0,57.59527643585615,42.40472356414385,,,,,
1,52.50939345142244,40.445517981749866,7.0450885668276975,,,,
2,49.77858293075684,36.902844873859365,11.191626409017713,2.1269457863660763,,,
3,48.960010735373054,35.79575952764358,13.117283950617283,2.1269457863660763,,,
4,45.08185721953838,32.2866344605475,19.444444444444443,3.1870638754696725,,,
5,43.4044551798175,30.555555555555557,22.852925389157274,3.1870638754696725,,,
6,42.371175523349436,29.71014492753623,24.731615673644658,3.1870638754696725,,,
7,42.049114331723025,29.280730005367687,25.483091787439612,3.1870638754696725,,,
8,34.14519592055824,46.45061728395062,16.243961352657006,3.1602254428341383,,,
9,33.3064949006978,45.04159957058508,17.639559849704778,3.1602254428341383,0.8521202361782072,,
10,31.890767579173378,45.3569511540526,19.176060118089104,3.1602254428341383,0.41599570585077833,,
11,28.455448201825014,45.1556629092861,22.81266774020397,3.1602254428341383,0.41599570585077833,,
12,26.482823403113258,46.806226516371446,23.13472893183038,3.1602254428341383,0.41599570585077833,,
13,25.308641975308642,46.323134728931834,25.45625335480408,2.49597423510467,0.41599570585077833,,
14,25.308641975308642,43.572195383789584,28.891572732152444,1.8115942028985508,0.41599570585077833,,
15,23.752012882447666,42.632850241545896,30.44820182501342,2.7509393451422435,0.41599570585077833,,
16,22.933440687063875,42.00214707461084,32.27992485238862,2.368491680085883,0.41599570585077833,,
17,20.108695652173914,41.95517981749866,35.20531400966183,2.314814814814815,0.41599570585077833,,
18,20.108695652173914,39.720880300590444,37.473161567364464,2.281266774020397,0.41599570585077833,,
19,16.13660762211487,41.1231884057971,36.65458937198068,2.281266774020397,0.41599570585077833,3.388352120236178,
20,11.16478797638218,46.97396672034353,35.77563070316693,2.281266774020397,0.41599570585077833,3.388352120236178,
21,11.037305421363392,45.41733762748255,37.915995705850776,2.281266774020397,0.41599570585077833,2.932098765432099,
22,10.144927536231885,42.961621041331185,41.26409017713365,2.281266774020397,0.41599570585077833,2.932098765432099,
23,10.11808910359635,42.08266237251745,42.599302200751474,2.281266774020397,0.41599570585077833,2.5026838432635534,
24,9.265968867418144,40.98899624261943,44.545088566827694,2.281266774020397,0.41599570585077833,2.5026838432635534,
25,9.25925925925926,40.183843263553406,45.78636607622115,1.8719806763285025,0.41599570585077833,2.4825550187869028,
26,9.219001610305957,36.902844873859365,46.765968867418145,1.7444981213097155,0.41599570585077833,4.951690821256038,
27,8.655394524959743,35.44015029522276,49.29549114331723,1.7444981213097155,0.41599570585077833,4.448470209339774,
28,3.7909286097691894,51.55662909286098,38.04347826086956,1.7444981213097155,0.41599570585077833,4.448470209339774,
29,3.2474503488996245,47.96698872785829,42.53220611916264,1.7444981213097155,0.41599570585077833,4.092860976918948,
30,3.2474503488996245,45.088566827697264,45.6857219538379,1.7444981213097155,0.41599570585077833,3.8177670424047236,
31,3.0595813204508855,42.92807300053677,48.148148148148145,1.7444981213097155,0.41599570585077833,3.7037037037037037,
32,3.0595813204508855,39.72758990874933,51.348631239935585,1.7444981213097155,0.41599570585077833,3.7037037037037037,
33,2.8381642512077296,38.197799248523886,53.09983896940419,1.7444981213097155,0.41599570585077833,3.7037037037037037,
34,2.818035426731079,37.56038647342995,53.80434782608695,1.7444981213097155,0.36902844873859364,3.7037037037037037,
35,2.5026838432635534,37.36580783682233,54.810789049919485,1.247987117552335,0.36902844873859364,3.7037037037037037,
36,2.2946859903381642,36.33923778851315,56.23993558776167,1.247987117552335,0.36902844873859364,3.5091250670960816,
37,2.26784755770263,35.07783145464305,58.333333333333336,1.247987117552335,0.36902844873859364,2.703972088030059,
38,2.2611379495437465,31.407675791733762,62.144390767579175,1.2077294685990339,0.36902844873859364,2.61003757380569,
39,2.227589908749329,30.079173376274827,63.57353730542136,1.2077294685990339,0.36902844873859364,2.5429414922168547,
40,2.227589908749329,27.033011272141707,64.82823403113258,0.6642512077294686,0.36902844873859364,4.87788513150832,
41,2.2208803005904456,26.48953301127214,65.77428878153516,0.6642512077294686,0.36902844873859364,4.4820182501341925,
42,2.214170692431562,26.44927536231884,65.82125603864735,0.6642512077294686,0.36902844873859364,4.4820182501341925,
43,2.147074610842727,25.986312399355878,66.35131508319914,0.6642512077294686,0.36902844873859364,4.4820182501341925,
44,2.1403650026838434,25.120772946859905,67.223564143854,0.6642512077294686,0.36902844873859364,4.4820182501341925,
45,1.596886741814278,28.032742887815353,66.31105743424584,0.6642512077294686,0.36902844873859364,3.026033279656468,
46,1.596886741814278,28.032742887815353,66.31105743424584,0.6642512077294686,0.36902844873859364,3.026033279656468,
47,1.596886741814278,27.059849704777243,65.66022544283413,3.113258185721954,0.36902844873859364,2.200751476113795,
48,1.596886741814278,26.44927536231884,66.27079978529254,3.113258185721954,0.36902844873859364,2.200751476113795,
49,1.596886741814278,24.93961352657005,67.80059044551798,3.113258185721954,0.36902844873859364,2.1806226516371443,
50,1.596886741814278,23.765432098765434,68.9747718733226,3.113258185721954,0.36902844873859364,2.1806226516371443,
51,1.596886741814278,22.73886205045625,70.0281803542673,3.113258185721954,0.36902844873859364,2.15378421900161,
52,1.596886741814278,22.591250670960815,70.36366076221148,3.113258185721954,0.36902844873859364,1.9659151905528718,
53,1.596886741814278,22.208803005904453,70.74610842726784,3.113258185721954,0.36902844873859364,1.9659151905528718,
54,1.5365002683843263,21.994095544820183,70.73268921095008,1.6304347826086956,0.36902844873859364,1.9659151905528718,1.7713365539452497
55,1.5365002683843263,21.410359634997317,69.33038110574343,3.616478797638218,0.36902844873859364,1.9659151905528718,1.7713365539452497
56,1.5365002683843263,21.027911969940956,69.71282877079979,3.616478797638218,0.36902844873859364,1.9659151905528718,1.7713365539452497
57,1.4761137949543746,21.027911969940956,69.77321524422973,3.616478797638218,0.36902844873859364,1.9659151905528718,1.7713365539452497
58,1.2144390767579174,20.725979602791195,70.33682232957595,3.616478797638218,0.36902844873859364,1.9659151905528718,1.7713365539452497
59,1.2144390767579174,19.85373054213634,71.27616747181965,3.616478797638218,0.36902844873859364,1.8988191089640365,1.7713365539452497
60,1.2144390767579174,19.85373054213634,71.27616747181965,3.616478797638218,0.36902844873859364,1.8988191089640365,1.7713365539452497
61,1.2144390767579174,19.129092860976918,72.2289318303811,3.616478797638218,0.36902844873859364,1.8988191089640365,1.5432098765432098
62,1.2144390767579174,18.189747718733226,73.22866344605475,3.5762211486849167,0.36902844873859364,1.8988191089640365,1.5230810520665594
63,1.2144390767579174,17.820719269994633,73.70504562533549,3.5628019323671496,0.36902844873859364,1.8048845947396672,1.5230810520665594
64,0.6038647342995169,40.995705850778315,55.17981749865808,1.0399892646269457,0.36902844873859364,1.8048845947396672,0.0067096081588835215
65,0.6038647342995169,40.15029522275899,56.025228126677405,1.0399892646269457,0.36902844873859364,1.8048845947396672,0.0067096081588835215
66,0.6038647342995169,37.57380568974772,58.68894256575416,0.95276435856146,0.36902844873859364,1.8048845947396672,0.0067096081588835215
67,0.6038647342995169,35.238862050456255,61.02388620504563,0.95276435856146,0.36902844873859364,1.8048845947396672,0.0067096081588835215
68,0.6038647342995169,33.8768115942029,62.38593666129898,0.95276435856146,0.36902844873859364,1.8048845947396672,0.0067096081588835215
69,0.6038647342995169,32.6154052603328,63.6808910359635,0.9259259259259259,0.36902844873859364,1.8048845947396672,
70,0.6038647342995169,31.159420289855074,65.29790660225443,0.7648953301127214,0.36902844873859364,1.8048845947396672,
71,0.6038647342995169,30.005367686527105,66.4519592055824,0.7648953301127214,0.36902844873859364,1.8048845947396672,
72,0.6038647342995169,29.54911433172303,66.90821256038647,0.7648953301127214,0.36902844873859364,1.8048845947396672,
73,0.6038647342995169,26.918947933440688,69.9074074074074,0.7648953301127214,0.19457863660762212,1.6103059581320451,
74,0.6038647342995169,25.369028448738593,71.4573268921095,0.7648953301127214,0.19457863660762212,1.6103059581320451,
75,0.6038647342995169,25.369028448738593,71.4573268921095,0.7648953301127214,0.19457863660762212,1.6103059581320451,
76,0.6038647342995169,24.771873322597962,72.14170692431561,0.6776704240472357,0.19457863660762212,1.6103059581320451,
77,0.5434782608695652,24.711486849168008,72.51073537305422,0.6776704240472357,0.19457863660762212,1.3620504562533549,
78,0.5434782608695652,24.12775093934514,73.47020933977456,0.6709608158883521,0.19457863660762212,0.9930220075147611,
79,0.5434782608695652,24.12775093934514,73.47020933977456,0.6709608158883521,0.19457863660762212,0.9930220075147611,
80,0.5434782608695652,23.30246913580247,74.29549114331724,0.6709608158883521,0.19457863660762212,0.9930220075147611,
81,0.5434782608695652,23.235373054213635,74.39613526570048,0.6374127750939346,0.19457863660762212,0.9930220075147611,
82,0.5434782608695652,23.060923242082662,74.76516371443908,0.5971551261406334,0.19457863660762212,0.8387010198604401,
83,0.43612453032742887,22.665056360708533,75.29522275899087,0.5971551261406334,0.19457863660762212,0.8118625872249061,
84,0.43612453032742887,22.38996242619431,75.5703166935051,0.5971551261406334,0.19457863660762212,0.8118625872249061,
85,0.43612453032742887,22.249060654857757,75.83870101986044,0.5971551261406334,0.06709608158883522,0.8118625872249061,
86,0.43612453032742887,21.4170692431562,76.92565754159958,0.3421900161030596,0.06709608158883522,0.8118625872249061,
87,0.43612453032742887,21.4170692431562,76.92565754159958,0.3421900161030596,0.06709608158883522,0.8118625872249061,
88,0.43612453032742887,20.974235104669887,77.36849168008588,0.3421900161030596,0.06709608158883522,0.8118625872249061,
89,0.43612453032742887,19.685990338164252,78.9519592055824,0.3421900161030596,0.06709608158883522,0.5166398282340311,
90,0.43612453032742887,17.06924315619968,81.57541599570585,0.33548040794417605,0.06709608158883522,0.5166398282340311,
91,0.43612453032742887,16.70692431561997,81.93773483628556,0.33548040794417605,0.06709608158883522,0.5166398282340311,
92,0.43612453032742887,16.63311862587225,82.01154052603329,0.33548040794417605,0.06709608158883522,0.5166398282340311,
93,0.43612453032742887,14.741009125067096,83.90365002683843,0.33548040794417605,0.06709608158883522,0.5166398282340311,
94,0.43612453032742887,14.741009125067096,83.90365002683843,0.33548040794417605,0.06709608158883522,0.5166398282340311,
95,0.43612453032742887,15.955448201825014,82.68921095008052,0.33548040794417605,0.06709608158883522,0.5166398282340311,
96,0.43612453032742887,15.821256038647343,83.13875469672571,0.020128824476650563,0.06709608158883522,0.5166398282340311,
97,0.36902844873859364,30.233494363929147,68.80703166935051,0.020128824476650563,0.06709608158883522,0.5032206119162641,
98,0.36902844873859364,28.59634997316157,68.29710144927536,0.020128824476650563,0.06709608158883522,0.5032206119162641,2.147074610842727
99,0.36902844873859364,27.771068169618893,69.14922168545357,0.020128824476650563,0.06709608158883522,0.5032206119162641,2.120236178207193
100,0.36902844873859364,27.4020397208803,69.51825013419216,0.020128824476650563,0.06709608158883522,0.5032206119162641,2.120236178207193
101,0.3488996242619431,27.120236178207193,69.82018250134192,0.020128824476650563,0.06709608158883522,0.5032206119162641,2.120236178207193
102,0.3488996242619431,26.154052603327965,70.86688137412776,0.020128824476650563,0.06709608158883522,0.4227053140096618,2.120236178207193
103,0.3488996242619431,25.11406333870102,71.9068706387547,0.020128824476650563,0.06709608158883522,0.4227053140096618,2.120236178207193
104,0.3488996242619431,24.154589371980677,72.86634460547504,0.020128824476650563,0.06709608158883522,0.4227053140096618,2.120236178207193
105,0.3488996242619431,23.443370907139023,73.91304347826087,0.020128824476650563,0.06709608158883522,0.4227053140096618,1.7847557702630166
106,0.3488996242619431,23.443370907139023,73.91304347826087,0.020128824476650563,0.06709608158883522,0.4227053140096618,1.7847557702630166
107,0.3488996242619431,22.705314009661837,74.65110037573805,0.020128824476650563,0.06709608158883522,0.4227053140096618,1.7847557702630166
108,0.3488996242619431,22.705314009661837,74.65110037573805,0.020128824476650563,0.06709608158883522,0.4227053140096618,1.7847557702630166
109,0.3488996242619431,22.23564143853999,75.14090177133656,,0.06709608158883522,0.4227053140096618,1.7847557702630166
110,0.2952227589908749,21.806226516371442,75.62399355877616,,0.06709608158883522,0.4227053140096618,1.7847557702630166
111,0.2952227589908749,21.28287707997853,76.14734299516908,,0.06709608158883522,0.4227053140096618,1.7847557702630166
112,0.2952227589908749,20.86688137412775,76.62372517444982,,0.06709608158883522,0.36231884057971014,1.7847557702630166
113,0.2952227589908749,20.202630166398283,77.34836285560924,,0.06709608158883522,0.30193236714975846,1.7847557702630166
114,0.2952227589908749,20.108695652173914,77.4422973698336,,0.06709608158883522,0.30193236714975846,1.7847557702630166
115,0.2952227589908749,19.464573268921097,78.08641975308642,,0.06709608158883522,0.30193236714975846,1.7847557702630166
116,0.2952227589908749,19.45115405260333,78.09983896940419,,0.06709608158883522,0.30193236714975846,1.7847557702630166
117,0.2952227589908749,18.075684380032207,79.4753086419753,,0.06709608158883522,0.30193236714975846,1.7847557702630166
118,0.08051529790660225,17.418142780461622,80.34755770263017,,0.06709608158883522,0.30193236714975846,1.7847557702630166
119,0.08051529790660225,17.136339237788512,80.62936124530327,,0.06709608158883522,0.30193236714975846,1.7847557702630166
120,0.08051529790660225,17.136339237788512,80.62936124530327,,0.06709608158883522,0.30193236714975846,1.7847557702630166
121,0.08051529790660225,16.888083735909824,79.18679549114331,,0.06709608158883522,0.30193236714975846,3.475577026301664
122,0.08051529790660225,16.888083735909824,79.18679549114331,,0.06709608158883522,0.30193236714975846,3.475577026301664
123,0.08051529790660225,16.76731078904992,79.30756843800322,,0.06709608158883522,0.30193236714975846,3.475577026301664
124,0.08051529790660225,16.76731078904992,79.30756843800322,,0.06709608158883522,0.30193236714975846,3.475577026301664
125,0.08051529790660225,16.76731078904992,79.33440687063876,,0.06709608158883522,0.27509393451422437,3.475577026301664
126,0.08051529790660225,16.438539989264626,79.66317767042405,,0.06709608158883522,0.27509393451422437,3.475577026301664
127,0.08051529790660225,16.297638217928075,79.8040794417606,,0.06709608158883522,0.27509393451422437,3.475577026301664
128,0.08051529790660225,16.25067096081589,79.85104669887279,,0.06709608158883522,0.27509393451422437,3.475577026301664
129,0.08051529790660225,15.203972088030058,80.89774557165862,,0.06709608158883522,0.27509393451422437,3.475577026301664
130,0.08051529790660225,15.203972088030058,80.89774557165862,,0.06709608158883522,0.27509393451422437,3.475577026301664
131,0.08051529790660225,14.74771873322598,81.3539989264627,,0.06709608158883522,0.27509393451422437,3.475577026301664
132,0.08051529790660225,14.42565754159957,81.6760601180891,,0.06709608158883522,0.27509393451422437,3.475577026301664
133,0.08051529790660225,14.371980676328503,82.01154052603329,,0.06709608158883522,0.27509393451422437,3.193773483628556
134,0.08051529790660225,13.466183574879228,82.91733762748255,,0.06709608158883522,0.27509393451422437,3.193773483628556
135,0.08051529790660225,13.466183574879228,82.91733762748255,,0.06709608158883522,0.27509393451422437,3.193773483628556
136,0.08051529790660225,12.694578636607622,83.68894256575416,,0.06709608158883522,0.27509393451422437,3.193773483628556
137,0.08051529790660225,12.567096081588835,84.29280730005368,,0.06709608158883522,0.27509393451422437,2.717391304347826
138,0.08051529790660225,11.916264090177133,84.94363929146537,,0.06709608158883522,0.27509393451422437,2.717391304347826
139,0.04696725711218465,11.862587224906065,85.03086419753086,,0.06709608158883522,0.27509393451422437,2.717391304347826
140,0.04696725711218465,14.244498121309716,82.91733762748255,,0.06709608158883522,0.27509393451422437,2.4490069779924855
141,0.04696725711218465,13.278314546430488,83.88352120236178,,0.06709608158883522,0.27509393451422437,2.4490069779924855
142,0.04696725711218465,13.264895330112722,83.9573268921095,,0.06709608158883522,0.27509393451422437,2.3886205045625335
143,0.04696725711218465,13.264895330112722,83.9573268921095,,0.06709608158883522,0.27509393451422437,2.3886205045625335
144,0.04696725711218465,13.264895330112722,83.9573268921095,,0.06709608158883522,0.27509393451422437,2.3886205045625335
145,0.04696725711218465,13.264895330112722,83.9573268921095,,0.06709608158883522,0.27509393451422437,2.3886205045625335
146,0.04696725711218465,12.674449812130971,84.54777241009126,,0.06709608158883522,0.27509393451422437,2.3886205045625335
147,0.04696725711218465,12.5402576489533,84.68196457326893,,0.06709608158883522,0.27509393451422437,2.3886205045625335
148,0.04696725711218465,11.701556629092861,85.55421363392378,,0.06709608158883522,0.27509393451422437,2.3550724637681157
149,0.04696725711218465,11.701556629092861,85.65485775630704,,0.06709608158883522,0.27509393451422437,2.254428341384863
150,0.04696725711218465,11.701556629092861,85.65485775630704,,0.06709608158883522,0.27509393451422437,2.254428341384863
151,0.04696725711218465,11.594202898550725,85.76221148684917,,0.06709608158883522,0.27509393451422437,2.254428341384863
152,0.04696725711218465,11.594202898550725,85.76221148684917,,0.06709608158883522,0.27509393451422437,2.254428341384863
153,0.04696725711218465,11.594202898550725,85.76221148684917,,0.06709608158883522,0.27509393451422437,2.254428341384863
154,0.04696725711218465,11.231884057971014,86.16478797638219,,0.06709608158883522,0.27509393451422437,2.214170692431562
155,0.04696725711218465,11.231884057971014,86.16478797638219,,0.06709608158883522,0.27509393451422437,2.214170692431562
156,0.04696725711218465,12.600644122383253,84.86312399355877,,0.06709608158883522,0.27509393451422437,2.147074610842727
157,0.04696725711218465,12.600644122383253,84.86312399355877,,0.06709608158883522,0.27509393451422437,2.147074610842727
158,0.04696725711218465,12.600644122383253,84.87654320987654,,0.06709608158883522,0.2616747181964573,2.147074610842727
159,0.04696725711218465,12.600644122383253,84.87654320987654,,0.06709608158883522,0.2616747181964573,2.147074610842727
160,0.04696725711218465,12.600644122383253,84.87654320987654,,0.06709608158883522,0.2616747181964573,2.147074610842727
161,0.04696725711218465,11.996779388083736,85.48040794417606,,0.06709608158883522,0.2616747181964573,2.147074610842727
162,0.04696725711218465,11.996779388083736,85.48040794417606,,0.06709608158883522,0.2616747181964573,2.147074610842727
163,0.04696725711218465,11.735104669887278,85.77563070316694,,0.06709608158883522,0.2281266774020397,2.147074610842727
164,0.04696725711218465,11.3593666129898,86.15136876006441,,0.06709608158883522,0.2281266774020397,2.147074610842727
165,0.04696725711218465,11.3593666129898,86.15136876006441,,0.06709608158883522,0.2281266774020397,2.147074610842727
166,0.04696725711218465,11.3593666129898,86.15136876006441,,0.06709608158883522,0.2281266774020397,2.147074610842727
167,0.04696725711218465,11.3593666129898,86.15136876006441,,0.06709608158883522,0.2281266774020397,2.147074610842727
168,0.04696725711218465,11.3593666129898,86.15136876006441,,0.06709608158883522,0.2281266774020397,2.147074610842727
169,0.04696725711218465,11.151368760064413,86.36607622114869,,0.06038647342995169,0.2281266774020397,2.147074610842727
170,0.04696725711218465,10.86285560923242,86.83574879227054,,0.06038647342995169,0.2281266774020397,1.9659151905528718
171,0.04696725711218465,10.86285560923242,86.83574879227054,,0.06038647342995169,0.2281266774020397,1.9659151905528718
172,0.04696725711218465,10.86285560923242,86.83574879227054,,0.06038647342995169,0.2281266774020397,1.9659151905528718
173,0.04696725711218465,10.86285560923242,86.83574879227054,,0.06038647342995169,0.2281266774020397,1.9659151905528718
174,0.04696725711218465,9.916800858829845,87.7818035426731,,0.06038647342995169,0.2281266774020397,1.9659151905528718
175,0.04696725711218465,9.916800858829845,87.7818035426731,,0.06038647342995169,0.2281266774020397,1.9659151905528718
176,0.04696725711218465,9.916800858829845,87.7818035426731,,0.06038647342995169,0.2281266774020397,1.9659151905528718
177,0.04696725711218465,9.916800858829845,87.90928609769189,,0.06038647342995169,0.10064412238325282,1.9659151905528718
178,0.04696725711218465,9.916800858829845,87.90928609769189,,0.06038647342995169,0.10064412238325282,1.9659151905528718
179,0.04696725711218465,9.86983360171766,87.96296296296296,,0.06038647342995169,0.0939345142243693,1.9659151905528718
180,0.04696725711218465,9.86983360171766,87.96296296296296,,0.06038647342995169,0.0939345142243693,1.9659151905528718
181,0.04696725711218465,9.802737520128824,88.7614063338701,,0.06038647342995169,0.0939345142243693,1.2345679012345678
182,0.04696725711218465,9.796027911969942,88.76811594202898,,0.06038647342995169,0.0939345142243693,1.2345679012345678
183,0.04696725711218465,9.057971014492754,89.50617283950618,,0.06038647342995169,0.0939345142243693,1.2345679012345678
184,0.04696725711218465,9.057971014492754,89.50617283950618,,0.06038647342995169,0.0939345142243693,1.2345679012345678
185,0.04696725711218465,9.057971014492754,89.50617283950618,,0.06038647342995169,0.0939345142243693,1.2345679012345678
186,0.04696725711218465,9.057971014492754,89.50617283950618,,0.06038647342995169,0.0939345142243693,1.2345679012345678
187,0.04696725711218465,8.849973161567364,89.71417069243157,,0.06038647342995169,0.0939345142243693,1.2345679012345678
188,0.04696725711218465,8.849973161567364,89.71417069243157,,0.06038647342995169,0.0939345142243693,1.2345679012345678
189,0.04696725711218465,8.789586688137414,89.77455716586151,,0.06038647342995169,0.0939345142243693,1.2345679012345678
190,0.04696725711218465,8.729200214707461,89.861782071927,,0.03354804079441761,0.0939345142243693,1.2345679012345678
191,0.04696725711218465,8.729200214707461,89.861782071927,,0.03354804079441761,0.0939345142243693,1.2345679012345678
192,0.04696725711218465,8.729200214707461,89.861782071927,,0.03354804079441761,0.0939345142243693,1.2345679012345678
193,0.04696725711218465,8.729200214707461,89.861782071927,,0.03354804079441761,0.0939345142243693,1.2345679012345678
194,0.04696725711218465,8.568169618894256,90.0228126677402,,0.03354804079441761,0.0939345142243693,1.2345679012345678
195,0.04696725711218465,8.568169618894256,90.0228126677402,,0.03354804079441761,0.0939345142243693,1.2345679012345678
196,0.04696725711218465,8.313204508856682,90.27777777777777,,0.03354804079441761,0.0939345142243693,1.2345679012345678
197,0.04696725711218465,8.293075684380032,90.29790660225443,,0.03354804079441761,0.0939345142243693,1.2345679012345678
198,0.04696725711218465,8.293075684380032,90.29790660225443,,0.03354804079441761,0.0939345142243693,1.2345679012345678
199,0.04696725711218465,8.105206655931294,90.48577563070317,,0.03354804079441761,0.0939345142243693,1.2345679012345678
200,0.04696725711218465,7.702630166398282,90.88835212023618,,0.03354804079441761,0.0939345142243693,1.2345679012345678
201,0.04696725711218465,7.434245840042942,91.15673644659152,,0.03354804079441761,0.0939345142243693,1.2345679012345678
202,0.04696725711218465,7.434245840042942,91.15673644659152,,0.03354804079441761,0.0939345142243693,1.2345679012345678
203,0.04696725711218465,7.340311325818572,91.25067096081588,,0.03354804079441761,0.0939345142243693,1.2345679012345678
204,0.04696725711218465,7.333601717659689,91.25738056897477,,0.03354804079441761,0.0939345142243693,1.2345679012345678
205,0.04696725711218465,7.333601717659689,91.25738056897477,,0.03354804079441761,0.0939345142243693,1.2345679012345678
206,0.04696725711218465,7.333601717659689,91.25738056897477,,0.03354804079441761,0.0939345142243693,1.2345679012345678
207,0.04696725711218465,7.313472893183038,91.27750939345142,,0.03354804079441761,0.0939345142243693,1.2345679012345678
208,0.04696725711218465,7.313472893183038,91.27750939345142,,0.03354804079441761,0.0939345142243693,1.2345679012345678
209,0.04696725711218465,7.206119162640902,91.38486312399355,,0.03354804079441761,0.0939345142243693,1.2345679012345678
210,0.04696725711218465,7.206119162640902,91.38486312399355,,0.03354804079441761,0.0939345142243693,1.2345679012345678
211,0.04696725711218465,7.206119162640902,91.38486312399355,,0.03354804079441761,0.0939345142243693,1.2345679012345678
212,0.04696725711218465,7.206119162640902,91.38486312399355,,0.03354804079441761,0.0939345142243693,1.2345679012345678
213,0.04696725711218465,7.206119162640902,91.38486312399355,,0.03354804079441761,0.0939345142243693,1.2345679012345678
214,0.04696725711218465,7.206119162640902,91.38486312399355,,0.03354804079441761,0.0939345142243693,1.2345679012345678
215,0.04696725711218465,7.206119162640902,91.38486312399355,,0.03354804079441761,0.0939345142243693,1.2345679012345678
216,0.04696725711218465,7.199409554482019,91.39157273215244,,0.03354804079441761,0.0939345142243693,1.2345679012345678
217,0.04696725711218465,7.199409554482019,91.39157273215244,,0.03354804079441761,0.0939345142243693,1.2345679012345678
218,0.04696725711218465,7.199409554482019,91.39157273215244,,0.03354804079441761,0.0939345142243693,1.2345679012345678
219,0.04696725711218465,7.199409554482019,91.39157273215244,,0.03354804079441761,0.0939345142243693,1.2345679012345678
220,0.04696725711218465,7.199409554482019,91.39157273215244,,0.03354804079441761,0.0939345142243693,1.2345679012345678
221,0.04696725711218465,7.199409554482019,91.39157273215244,,0.03354804079441761,0.0939345142243693,1.2345679012345678
222,0.04696725711218465,7.199409554482019,91.39157273215244,,0.03354804079441761,0.0939345142243693,1.2345679012345678
223,0.04696725711218465,7.199409554482019,91.39157273215244,,0.03354804079441761,0.0939345142243693,1.2345679012345678
224,0.04696725711218465,7.058507783145465,91.532474503489,,0.03354804079441761,0.0939345142243693,1.2345679012345678
225,0.04696725711218465,7.058507783145465,91.532474503489,,0.03354804079441761,0.0939345142243693,1.2345679012345678
226,0.04696725711218465,7.058507783145465,91.532474503489,,0.03354804079441761,0.0939345142243693,1.2345679012345678
227,0.04696725711218465,7.058507783145465,91.8142780461621,,0.03354804079441761,0.0939345142243693,0.95276435856146
228,0.04696725711218465,6.964573268921095,91.90821256038647,,0.03354804079441761,0.0939345142243693,0.95276435856146
229,0.04696725711218465,6.964573268921095,91.90821256038647,,0.03354804079441761,0.0939345142243693,0.95276435856146
230,0.04696725711218465,6.964573268921095,91.90821256038647,,0.03354804079441761,0.0939345142243693,0.95276435856146
231,0.04696725711218465,6.300322061191626,92.57246376811594,,0.03354804079441761,0.0939345142243693,0.95276435856146
232,0.04696725711218465,5.911164787976382,92.97504025764896,,0.03354804079441761,0.0939345142243693,0.9393451422436929
233,0.04696725711218465,5.911164787976382,92.97504025764896,,0.03354804079441761,0.0939345142243693,0.9393451422436929
234,0.04696725711218465,5.911164787976382,92.97504025764896,,0.03354804079441761,0.0939345142243693,0.9393451422436929
235,0.04696725711218465,5.4549114331723025,93.43129361245303,,0.03354804079441761,0.0939345142243693,0.9393451422436929
236,0.04696725711218465,5.421363392377885,93.46484165324745,,0.03354804079441761,0.0939345142243693,0.9393451422436929
237,,5.287171229200215,93.6460010735373,,0.03354804079441761,0.0939345142243693,0.9393451422436929
238,,5.280461621041331,93.65271068169619,,0.03354804079441761,0.0939345142243693,0.9393451422436929
239,,5.280461621041331,93.65271068169619,,0.03354804079441761,0.0939345142243693,0.9393451422436929
240,,5.280461621041331,93.65271068169619,,0.03354804079441761,0.0939345142243693,0.9393451422436929
241,,5.280461621041331,93.65271068169619,,0.03354804079441761,0.0939345142243693,0.9393451422436929
242,,5.280461621041331,93.65271068169619,,0.03354804079441761,0.0939345142243693,0.9393451422436929
243,,5.280461621041331,93.65271068169619,,0.03354804079441761,0.0939345142243693,0.9393451422436929
244,,5.273752012882448,93.65942028985508,,0.03354804079441761,0.0939345142243693,0.9393451422436929
245,,5.273752012882448,93.65942028985508,,0.03354804079441761,0.0939345142243693,0.9393451422436929
246,,5.267042404723564,93.66612989801395,,0.03354804079441761,0.0939345142243693,0.9393451422436929
247,,5.267042404723564,93.66612989801395,,0.03354804079441761,0.0939345142243693,0.9393451422436929
248,,5.267042404723564,93.66612989801395,,0.03354804079441761,0.0939345142243693,0.9393451422436929
249,,4.4820182501341925,94.45115405260333,,0.03354804079441761,0.0939345142243693,0.9393451422436929
250,,4.4820182501341925,94.45115405260333,,0.03354804079441761,0.0939345142243693,0.9393451422436929
251,,4.4820182501341925,94.45115405260333,,0.03354804079441761,0.0939345142243693,0.9393451422436929
252,,4.4820182501341925,94.45115405260333,,0.03354804079441761,0.0939345142243693,0.9393451422436929
253,,4.4820182501341925,94.45115405260333,,0.03354804079441761,0.0939345142243693,0.9393451422436929
254,,4.4820182501341925,94.45115405260333,,0.03354804079441761,0.0939345142243693,0.9393451422436929
255,,4.4820182501341925,94.45115405260333,,0.03354804079441761,0.0939345142243693,0.9393451422436929
256,,4.4820182501341925,94.45115405260333,,0.03354804079441761,0.0939345142243693,0.9393451422436929
257,,4.4820182501341925,94.45115405260333,,0.03354804079441761,0.0939345142243693,0.9393451422436929
258,,4.4820182501341925,94.45115405260333,,0.03354804079441761,0.0939345142243693,0.9393451422436929
259,,4.30756843800322,94.75308641975309,,0.03354804079441761,0.0939345142243693,0.8118625872249061
260,,4.30756843800322,94.75308641975309,,0.03354804079441761,0.0939345142243693,0.8118625872249061
261,,4.30756843800322,94.75308641975309,,0.03354804079441761,0.0939345142243693,0.8118625872249061
262,,4.30756843800322,94.75308641975309,,0.03354804079441761,0.0939345142243693,0.8118625872249061
263,,4.30756843800322,94.75308641975309,,0.03354804079441761,0.0939345142243693,0.8118625872249061
264,,4.30756843800322,94.75308641975309,,0.03354804079441761,0.0939345142243693,0.8118625872249061
265,,4.30756843800322,94.75308641975309,,0.03354804079441761,0.0939345142243693,0.8118625872249061
266,,4.30756843800322,94.75308641975309,,0.03354804079441761,0.0939345142243693,0.8118625872249061
267,,4.30756843800322,94.75308641975309,,0.03354804079441761,0.0939345142243693,0.8118625872249061
268,,4.30756843800322,94.75308641975309,,0.03354804079441761,0.0939345142243693,0.8118625872249061
269,,4.30756843800322,94.75308641975309,,0.03354804079441761,0.0939345142243693,0.8118625872249061
270,,4.30756843800322,94.75308641975309,,0.03354804079441761,0.0939345142243693,0.8118625872249061
271,,4.30756843800322,94.75308641975309,,0.03354804079441761,0.0939345142243693,0.8118625872249061
272,,4.30756843800322,94.75308641975309,,0.03354804079441761,0.0939345142243693,0.8118625872249061
273,,4.30756843800322,94.75308641975309,,0.03354804079441761,0.0939345142243693,0.8118625872249061
274,,4.30756843800322,94.75308641975309,,0.03354804079441761,0.0939345142243693,0.8118625872249061
275,,4.294149221685454,94.76650563607086,,0.03354804079441761,0.0939345142243693,0.8118625872249061
276,,4.28743961352657,94.86044015029522,,0.03354804079441761,0.0067096081588835215,0.8118625872249061
277,,4.28743961352657,94.86044015029522,,0.03354804079441761,0.0067096081588835215,0.8118625872249061
278,,4.260601180891036,94.88727858293076,,0.03354804079441761,0.0067096081588835215,0.8118625872249061
279,,4.260601180891036,94.88727858293076,,0.03354804079441761,0.0067096081588835215,0.8118625872249061
280,,4.159957058507783,95.01476113794955,,0.0067096081588835215,0.0067096081588835215,0.8118625872249061
281,,4.159957058507783,95.01476113794955,,0.0067096081588835215,0.0067096081588835215,0.8118625872249061
282,,4.159957058507783,95.01476113794955,,0.0067096081588835215,0.0067096081588835215,0.8118625872249061
283,,4.106280193236715,95.1086956521739,,0.0067096081588835215,0.0067096081588835215,0.7716049382716049
284,,4.106280193236715,95.1086956521739,,0.0067096081588835215,0.0067096081588835215,0.7716049382716049
285,,4.106280193236715,95.1086956521739,,0.0067096081588835215,0.0067096081588835215,0.7716049382716049
286,,4.106280193236715,95.1086956521739,,0.0067096081588835215,0.0067096081588835215,0.7716049382716049
287,,4.106280193236715,95.1086956521739,,0.0067096081588835215,0.0067096081588835215,0.7716049382716049
288,,4.106280193236715,95.1086956521739,,0.0067096081588835215,0.0067096081588835215,0.7716049382716049
289,,4.106280193236715,95.1086956521739,,0.0067096081588835215,0.0067096081588835215,0.7716049382716049
290,,4.106280193236715,95.1086956521739,,0.0067096081588835215,0.0067096081588835215,0.7716049382716049
291,,4.106280193236715,95.1086956521739,,0.0067096081588835215,0.0067096081588835215,0.7716049382716049
292,,4.0995705850778315,95.11540526033279,,0.0067096081588835215,0.0067096081588835215,0.7716049382716049
293,,4.0995705850778315,95.11540526033279,,0.0067096081588835215,0.0067096081588835215,0.7716049382716049
294,,4.0995705850778315,95.11540526033279,,0.0067096081588835215,0.0067096081588835215,0.7716049382716049
295,,4.0995705850778315,95.11540526033279,,0.0067096081588835215,0.0067096081588835215,0.7716049382716049
296,,4.0995705850778315,95.11540526033279,,0.0067096081588835215,0.0067096081588835215,0.7716049382716049
297,,4.0995705850778315,95.11540526033279,,0.0067096081588835215,0.0067096081588835215,0.7716049382716049
298,,4.0995705850778315,95.11540526033279,,0.0067096081588835215,0.0067096081588835215,0.7716049382716049
299,,4.0995705850778315,95.11540526033279,,0.0067096081588835215,0.0067096081588835215,0.7716049382716049
300,,4.0995705850778315,95.11540526033279,,0.0067096081588835215,0.0067096081588835215,0.7716049382716049
301,,4.0995705850778315,95.11540526033279,,0.0067096081588835215,0.0067096081588835215,0.7716049382716049
302,,4.0995705850778315,95.11540526033279,,0.0067096081588835215,0.0067096081588835215,0.7716049382716049
303,,4.0995705850778315,95.11540526033279,,0.0067096081588835215,0.0067096081588835215,0.7716049382716049
304,,4.0995705850778315,95.12211486849168,,0.0067096081588835215,,0.7716049382716049
305,,4.0995705850778315,95.12211486849168,,0.0067096081588835215,,0.7716049382716049
306,,4.0995705850778315,95.12211486849168,,0.0067096081588835215,,0.7716049382716049
307,,4.0995705850778315,95.12211486849168,,0.0067096081588835215,,0.7716049382716049
308,,4.0995705850778315,95.12211486849168,,0.0067096081588835215,,0.7716049382716049
309,,4.0995705850778315,95.12211486849168,,0.0067096081588835215,,0.7716049382716049
310,,4.0995705850778315,95.12211486849168,,0.0067096081588835215,,0.7716049382716049
311,,4.0995705850778315,95.12211486849168,,0.0067096081588835215,,0.7716049382716049
312,,3.9452495974235107,95.276435856146,,0.0067096081588835215,,0.7716049382716049
313,,3.9452495974235107,95.276435856146,,0.0067096081588835215,,0.7716049382716049
314,,3.9452495974235107,95.276435856146,,0.0067096081588835215,,0.7716049382716049
315,,3.9452495974235107,95.276435856146,,0.0067096081588835215,,0.7716049382716049
316,,3.7909286097691894,95.43075684380032,,0.0067096081588835215,,0.7716049382716049
317,,3.7909286097691894,95.43075684380032,,0.0067096081588835215,,0.7716049382716049
318,,3.7909286097691894,95.43075684380032,,0.0067096081588835215,,0.7716049382716049
319,,3.784219001610306,95.43746645195921,,0.0067096081588835215,,0.7716049382716049
320,,3.784219001610306,95.43746645195921,,0.0067096081588835215,,0.7716049382716049
321,,3.784219001610306,95.43746645195921,,0.0067096081588835215,,0.7716049382716049
322,,3.784219001610306,95.43746645195921,,0.0067096081588835215,,0.7716049382716049
323,,3.784219001610306,95.43746645195921,,0.0067096081588835215,,0.7716049382716049
324,,3.784219001610306,95.43746645195921,,0.0067096081588835215,,0.7716049382716049
325,,3.5829307568438002,95.63875469672571,,0.0067096081588835215,,0.7716049382716049
326,,3.5829307568438002,95.63875469672571,,0.0067096081588835215,,0.7716049382716049
327,,3.2004830917874396,96.02120236178207,,0.0067096081588835215,,0.7716049382716049
328,,3.2004830917874396,96.02120236178207,,0.0067096081588835215,,0.7716049382716049
329,,3.1065485775630703,96.11513687600645,,0.0067096081588835215,,0.7716049382716049
330,,3.1065485775630703,96.11513687600645,,0.0067096081588835215,,0.7716049382716049
331,,3.099838969404187,96.12184648416533,,0.0067096081588835215,,0.7716049382716049
332,,3.099838969404187,96.12184648416533,,0.0067096081588835215,,0.7716049382716049
333,,3.099838969404187,96.12184648416533,,0.0067096081588835215,,0.7716049382716049
334,,3.099838969404187,96.12184648416533,,0.0067096081588835215,,0.7716049382716049
335,,3.099838969404187,96.12184648416533,,0.0067096081588835215,,0.7716049382716049
336,,3.099838969404187,96.12184648416533,,0.0067096081588835215,,0.7716049382716049
337,,3.099838969404187,96.12184648416533,,0.0067096081588835215,,0.7716049382716049
338,,3.099838969404187,96.22920021470746,,0.0067096081588835215,,0.6642512077294686
339,,3.099838969404187,96.22920021470746,,0.0067096081588835215,,0.6642512077294686
340,,3.099838969404187,96.22920021470746,,0.0067096081588835215,,0.6642512077294686
341,,3.099838969404187,96.22920021470746,,0.0067096081588835215,,0.6642512077294686
342,,3.099838969404187,96.22920021470746,,0.0067096081588835215,,0.6642512077294686
343,,3.099838969404187,96.22920021470746,,0.0067096081588835215,,0.6642512077294686
344,,3.099838969404187,96.22920021470746,,0.0067096081588835215,,0.6642512077294686
345,,3.099838969404187,96.22920021470746,,0.0067096081588835215,,0.6642512077294686
346,,3.099838969404187,96.22920021470746,,0.0067096081588835215,,0.6642512077294686
347,,3.099838969404187,96.22920021470746,,0.0067096081588835215,,0.6642512077294686
348,,3.099838969404187,96.22920021470746,,0.0067096081588835215,,0.6642512077294686
349,,3.099838969404187,96.22920021470746,,0.0067096081588835215,,0.6642512077294686
350,,3.099838969404187,96.22920021470746,,0.0067096081588835215,,0.6642512077294686
351,,3.099838969404187,96.22920021470746,,0.0067096081588835215,,0.6642512077294686
352,,3.099838969404187,96.22920021470746,,0.0067096081588835215,,0.6642512077294686
353,,3.099838969404187,96.22920021470746,,0.0067096081588835215,,0.6642512077294686
354,,3.099838969404187,96.22920021470746,,0.0067096081588835215,,0.6642512077294686
355,,3.099838969404187,96.22920021470746,,0.0067096081588835215,,0.6642512077294686
356,,3.099838969404187,96.22920021470746,,0.0067096081588835215,,0.6642512077294686
357,,3.099838969404187,96.22920021470746,,0.0067096081588835215,,0.6642512077294686
358,,3.099838969404187,96.22920021470746,,0.0067096081588835215,,0.6642512077294686
359,,3.099838969404187,96.22920021470746,,0.0067096081588835215,,0.6642512077294686
360,,3.099838969404187,96.22920021470746,,0.0067096081588835215,,0.6642512077294686
361,,3.099838969404187,96.22920021470746,,0.0067096081588835215,,0.6642512077294686
362,,3.099838969404187,96.22920021470746,,0.0067096081588835215,,0.6642512077294686
363,,3.099838969404187,96.22920021470746,,0.0067096081588835215,,0.6642512077294686
364,,3.099838969404187,96.22920021470746,,0.0067096081588835215,,0.6642512077294686
365,,3.099838969404187,96.22920021470746,,0.0067096081588835215,,0.6642512077294686
