,40,45,50,51,53,52,55,49,48,54
0,5.844068706387547,86.96994095544821,7.185990338164252,,,,,,,
1,5.891035963499732,58.70907139023081,35.39989264626946,,,,,,,
2,7.300053676865271,44.18276972624799,48.51717659688674,,,,,,,
3,11.18491680085883,41.98201825013419,43.12936124530327,3.7037037037037037,,,,,,
4,16.0829307568438,37.25174449812131,42.961621041331185,3.7037037037037037,,,,,,
5,16.6129898013956,35.06441223832528,43.19645732689211,5.12614063338701,,,,,,
6,15.311325818572195,20.8870101986044,56.89747718733226,5.387815351583468,1.5163714439076759,,,,,
7,18.303811057434245,18.397745571658614,55.66961889425657,4.294149221685454,1.5163714439076759,1.8183038110574343,,,,
8,18.94122383252818,14.479334406870638,58.56816961889426,4.683306494900698,1.5163714439076759,1.8115942028985508,,,,
9,23.376274825550187,13.117283950617283,54.33440687063875,4.240472356414386,1.5163714439076759,3.4151905528717124,,,,
10,25.72463768115942,12.795222758990874,54.49543746645196,3.7104133118625873,0.7648953301127214,2.509393451422437,,,,
11,26.247987117552334,11.741814278046162,53.54938271604938,5.394524959742351,0.5568974771873323,2.509393451422437,,,,
12,28.85131508319914,10.030864197530864,52.65700483091788,5.394524959742351,0.5568974771873323,2.509393451422437,,,,
13,31.850509930220074,9.272678475577026,50.496511003757384,5.314009661835748,0.5568974771873323,2.509393451422437,,,,
14,19.867149758454108,7.286634460547504,62.265163714439076,8.205850778314547,0.5166398282340311,1.8585614600107354,,,,
15,20.075147611379496,7.253086419753086,58.17901234567901,11.137949543746645,0.08722490606548577,3.2675791733762747,,,,
16,19.981213097155127,6.541867954911433,56.447933440687066,9.977187332259795,2.006172839506173,5.045625335480408,,,,
17,24.44981213097155,5.971551261406334,54.48201825013419,8.387010198604402,2.006172839506173,4.703435319377348,,,,
18,26.496242619431026,5.22007514761138,54.2337627482555,7.481213097155126,2.006172839506173,4.562533548040794,,,,
19,23.376274825550187,4.736983360171766,57.447665056360705,9.728931830381105,3.126677402039721,1.583467525496511,,,,
20,29.126409017713364,4.736983360171766,51.19431025228127,10.279119699409554,3.126677402039721,1.5365002683843263,,,,
21,26.596886741814277,4.159957058507783,57.14573268921095,8.433977455716587,2.2745571658615136,1.3888888888888888,,,,
22,28.468867418142782,4.012345679012346,53.76409017713365,10.332796564680622,2.2745571658615136,1.1473429951690821,,,,
23,30.669618894256576,3.9318303811057436,53.30112721417069,9.353193773483628,2.2745571658615136,0.46967257112184646,,,,
24,29.367954911433173,3.3480944712828773,56.27348362855609,8.55475040257649,1.9860440150295222,0.46967257112184646,,,,
25,22.67176596886742,3.294417606011809,67.67981749865808,4.260601180891036,1.8518518518518519,0.24154589371980675,,,,
26,26.798174986580783,2.408749329039184,66.68679549114331,3.3548040794417604,0.7514761137949544,,,,,
27,27.32823403113258,2.301395598497048,62.446323134728935,6.394256575415996,1.5297906602254427,,,,,
28,28.408480944712828,2.0531400966183573,60.07783145464305,6.3137412775093935,1.5297906602254427,,1.6170155662909287,,,
29,31.642512077294686,2.01959205582394,57.11218464841653,6.078904991948471,1.5297906602254427,,1.6170155662909287,,,
30,31.45464304884595,1.7713365539452497,57.749597423510465,5.877616747181965,1.5297906602254427,,1.6170155662909287,,,
31,29.884594739667204,1.7713365539452497,56.62909286097692,8.876811594202898,1.221148684916801,,1.6170155662909287,,,
32,30.52871712292002,1.5499194847020934,56.89076757917338,6.595544820182502,1.221148684916801,,1.6170155662909287,1.596886741814278,,
33,33.051529790660226,1.5499194847020934,51.918947933440684,9.16532474503489,1.2077294685990339,,1.6170155662909287,1.4895330112721417,,
34,31.199677938808374,1.482823403113258,51.06682769726248,13.056897477187333,0.08722490606548577,,1.6170155662909287,1.4895330112721417,,
35,31.125872249060656,1.247987117552335,49.604133118625874,13.513150831991412,0.08722490606548577,,3.0059044551798175,1.415727321524423,,
36,34.38674181427805,1.247987117552335,46.77938808373591,13.513150831991412,0.08722490606548577,,2.5697799248523885,1.415727321524423,,
37,33.66881374127751,1.247987117552335,47.175254965110035,12.99651100375738,0.08722490606548577,,2.5697799248523885,2.254428341384863,,
38,31.54186795491143,1.247987117552335,45.65888352120236,10.923242082662373,0.08722490606548577,2.522812667740204,1.7646269457863661,6.253354804079442,,
39,32.76301663982824,1.06682769726248,44.03515834675255,10.406602254428341,0.08722490606548577,2.522812667740204,1.7646269457863661,5.649490069779925,1.7042404723564144,
40,32.8569511540526,1.06682769726248,41.680085882984436,10.34621578099839,0.08722490606548577,3.5426731078904994,1.6841116478797638,8.05823939881911,0.6776704240472357,
41,30.938003220611915,0.8387010198604401,44.08883521202362,9.916800858829845,0.040257648953301126,2.6435856146001075,1.6841116478797638,9.172034353193773,0.6776704240472357,
42,32.03166935050993,0.8387010198604401,44.907407407407405,9.594739667203436,0.020128824476650563,2.623456790123457,1.6841116478797638,7.675791733762749,0.6239935587761675,
43,33.08507783145464,0.8387010198604401,43.35077831454643,9.23913043478261,0.020128824476650563,2.623456790123457,1.0332796564680622,7.675791733762749,0.6239935587761675,1.5096618357487923
44,35.48040794417606,0.8387010198604401,41.21041331186259,9.057971014492754,0.020128824476650563,2.623456790123457,1.0332796564680622,7.608695652173913,0.6172839506172839,1.5096618357487923
45,35.32608695652174,0.8387010198604401,39.81481481481482,9.057971014492754,0.020128824476650563,4.17337627482555,1.0332796564680622,7.608695652173913,0.6172839506172839,1.5096618357487923
46,33.09849704777241,0.8387010198604401,40.11674718196457,8.581588835212024,2.4221685453569513,4.17337627482555,1.0332796564680622,7.608695652173913,0.6172839506172839,1.5096618357487923
47,34.366612989801396,0.8387010198604401,39.13714439076758,7.454374664519592,2.4221685453569513,4.025764895330113,1.0332796564680622,7.051798174986581,0.5703166935050993,3.099838969404187
48,35.79575952764358,0.8387010198604401,39.9020397208803,6.300322061191626,1.8518518518518519,4.025764895330113,1.0332796564680622,6.582125603864735,0.5703166935050993,3.099838969404187
49,37.67444981213097,0.8387010198604401,39.21765968867418,6.300322061191626,1.3955984970477724,4.025764895330113,1.0332796564680622,5.844068706387547,0.5703166935050993,3.099838969404187
50,37.90257648953301,0.41599570585077833,39.821524422973695,6.119162640901771,1.3955984970477724,3.307836822329576,1.0332796564680622,5.441492216854535,0.4562533548040794,4.106280193236715
51,38.05018786902845,0.41599570585077833,38.35882984433709,7.434245840042942,1.3955984970477724,3.307836822329576,1.0332796564680622,5.441492216854535,0.4562533548040794,4.106280193236715
52,37.68786902844874,0.41599570585077833,36.65458937198068,11.768652710681696,1.2748255501878691,2.6637144390767578,0.36231884057971014,4.817498658078368,0.4562533548040794,3.898282340311326
53,39.70746108427268,0.39586688137412773,34.40016103059581,11.124530327428879,1.2748255501878691,2.1940418679549114,0.36231884057971014,7.440955448201825,0.35560923242082665,2.7442297369833604
54,39.9020397208803,0.39586688137412773,32.44095544820183,10.923242082662373,1.2748255501878691,4.166666666666667,0.36231884057971014,7.440955448201825,0.35560923242082665,2.737520128824477
55,40.68035426731079,0.2885131508319914,30.844068706387546,10.050993022007514,1.2345679012345678,4.166666666666667,0.36231884057971014,9.353193773483628,0.35560923242082665,2.6637144390767578
56,41.36473429951691,0.2885131508319914,29.911433172302736,9.541062801932368,1.2345679012345678,4.166666666666667,0.36231884057971014,8.796296296296296,1.6706924315619969,2.6637144390767578
57,42.552334943639295,0.2885131508319914,29.51556629092861,9.460547504025765,1.2345679012345678,3.6500268384326353,0.36231884057971014,8.796296296296296,1.6706924315619969,2.4691358024691357
58,45.32340311325819,0.2885131508319914,27.66371443907676,9.326355340848094,1.2345679012345678,3.643317230273752,0.36231884057971014,8.017981749865807,1.6706924315619969,2.4691358024691357
59,46.061460010735374,0.2885131508319914,28.556092324208265,8.836553945249598,1.2345679012345678,3.569511540526033,0.36231884057971014,6.951154052603328,1.6706924315619969,2.4691358024691357
60,44.44444444444444,0.2885131508319914,25.597155126140635,13.955984970477724,1.2345679012345678,3.569511540526033,,6.89747718733226,1.6706924315619969,2.341653247450349
61,45.873590982286636,0.2885131508319914,25.241545893719806,11.748523886205046,1.2345679012345678,4.703435319377348,,6.89747718733226,1.6706924315619969,2.341653247450349
62,43.625872249060656,0.24825550187869028,25.214707461084274,11.104401502952227,1.2345679012345678,4.367954911433173,,10.19189479334407,1.6706924315619969,2.341653247450349
63,46.24932903918411,0.24825550187869028,21.64519592055824,12.627482555018787,1.2345679012345678,4.086151368760064,,11.010466988727858,0.5770263016639828,2.3215244229736984
64,45.71926999463231,0.16774020397208803,20.974235104669887,12.191358024691358,1.2345679012345678,3.9184111647879765,,13.003220611916264,0.3421900161030596,2.4490069779924855
65,44.00161030595813,0.16774020397208803,18.451422436929683,12.191358024691358,0.966183574879227,3.8848631239935587,,15.814546430488459,0.3421900161030596,4.180085882984434
66,44.50483091787439,0.16774020397208803,18.411164787976382,11.896135265700483,0.9192163177670424,3.8848631239935587,,15.814546430488459,0.3421900161030596,4.05931293612453
67,45.873590982286636,0.16774020397208803,17.69994632313473,11.896135265700483,0.6239935587761675,3.7775093934514223,,15.821256038647343,0.18115942028985507,3.9586688137412773
68,45.82662372517445,0.16774020397208803,19.162640901771336,11.735104669887278,0.6239935587761675,3.026033279656468,,15.391841116478798,0.16774020397208803,3.898282340311326
69,43.874127750939344,0.16774020397208803,21.3768115942029,11.486849168008588,0.6239935587761675,3.026033279656468,,15.378421900161031,0.16774020397208803,3.898282340311326
70,42.371175523349436,0.16774020397208803,18.699677938808374,13.043478260869565,0.6239935587761675,2.6838432635534084,,18.4044551798175,0.10735373054213634,3.898282340311326
71,43.646001073537306,0.16774020397208803,18.02200751476114,12.453032742887816,0.6239935587761675,2.6838432635534084,,18.397745571658614,0.10735373054213634,3.898282340311326
72,45.63204508856683,0.16774020397208803,17.257112184648417,12.385936661298981,0.6239935587761675,2.6838432635534084,,17.24369296833065,0.10735373054213634,3.898282340311326
73,46.544551798174986,0.06709608158883522,16.881374127750938,12.325550187869029,0.6239935587761675,2.6838432635534084,,17.24369296833065,0.10735373054213634,3.5225442834138487
74,44.10896403650027,0.06709608158883522,16.49892646269458,12.06387546967257,0.6239935587761675,2.6838432635534084,,20.323403113258184,0.10735373054213634,3.5225442834138487
75,44.115673644659154,0.06709608158883522,17.465110037573805,10.628019323671497,0.6239935587761675,4.045893719806763,,19.464573268921097,0.10735373054213634,3.4822866344605474
76,44.80005367686527,0.06709608158883522,17.11621041331186,10.628019323671497,0.6239935587761675,4.045893719806763,,19.129092860976918,0.10735373054213634,3.4822866344605474
77,46.242619431025226,0.06709608158883522,16.0426731078905,10.44015029522276,0.6239935587761675,3.911701556629093,,18.136070853462158,0.10735373054213634,4.428341384863124
78,48.25550187869028,0.06709608158883522,14.78797638217928,11.372785829307569,0.5837359098228664,3.7640901771336552,,17.54562533548041,0.10735373054213634,3.515834675254965
79,49.483360171765966,0.06709608158883522,14.278046162104133,11.117820719269995,1.3217928073000538,3.6097691894793345,,16.61969940955448,0.10735373054213634,3.3950617283950617
80,50.0805152979066,0.06709608158883522,14.325013419216317,11.057434245840042,1.3217928073000538,3.6097691894793345,,16.035963499731615,0.10735373054213634,3.3950617283950617
81,51.12050456253355,0.06709608158883522,14.2914653784219,10.856146001073537,1.2010198604401503,3.6097691894793345,,15.351583467525497,0.10735373054213634,3.3950617283950617
82,50.10735373054214,0.06709608158883522,13.499731615673644,10.856146001073537,1.2010198604401503,3.6097691894793345,,17.156468062265162,0.10735373054213634,3.3950617283950617
83,50.637412775093935,0.06709608158883522,12.969672571121846,10.856146001073537,1.2010198604401503,3.6097691894793345,,17.156468062265162,0.10735373054213634,3.3950617283950617
84,52.79119699409554,0.06709608158883522,11.721685453569512,11.540526033279656,1.2010198604401503,3.6097691894793345,,15.579710144927537,0.0939345142243693,3.3950617283950617
85,52.91867954911433,0.06709608158883522,11.721685453569512,11.506977992485238,1.2010198604401503,3.515834675254965,,15.579710144927537,0.0939345142243693,3.3950617283950617
86,54.63633923778851,0.06709608158883522,11.614331723027375,11.3191089640365,1.2010198604401503,3.1870638754696725,,14.533011272141707,0.0939345142243693,3.3480944712828773
87,55.542136339237786,0.06709608158883522,11.43317230273752,11.3191089640365,1.2010198604401503,3.1870638754696725,,14.244498121309716,0.0939345142243693,2.9119699409554483
88,53.73054213633924,0.06709608158883522,10.802469135802468,15.5126140633387,1.2010198604401503,3.1870638754696725,,13.654052603327965,0.0939345142243693,1.751207729468599
89,54.91814278046162,0.06709608158883522,10.547504025764896,15.438808373590982,1.2010198604401503,2.9388083735909825,,13.043478260869565,0.0939345142243693,1.751207729468599
90,54.1935050993022,0.05367686527106817,10.534084809447128,15.029522275899087,1.2010198604401503,2.9388083735909825,,14.204240472356414,0.0939345142243693,1.751207729468599
91,51.66398282340311,0.05367686527106817,13.103864734299517,14.325013419216317,1.2010198604401503,2.5831991411701556,,14.17740203972088,1.5365002683843263,1.3553408480944713
92,54.186795491143315,0.05367686527106817,12.93612453032743,13.285024154589372,1.1272141706924315,2.5831991411701556,,13.030059044551798,1.5297906602254427,1.2681159420289856
93,54.790660225442835,0.05367686527106817,12.084004294149223,13.600375738056897,1.1272141706924315,2.5831991411701556,,12.969672571121846,1.5297906602254427,1.261406333870102
94,54.87788513150832,0.05367686527106817,12.00348899624262,13.600375738056897,1.1272141706924315,2.5831991411701556,,12.962962962962964,1.5297906602254427,1.261406333870102
95,53.83118625872249,0.05367686527106817,11.506977992485238,13.466183574879228,0.7581857219538379,2.5831991411701556,,15.009393451422437,1.5297906602254427,1.261406333870102
96,54.770531400966185,0.05367686527106817,11.345947396672035,13.466183574879228,0.6508319914117016,2.3483628556092326,,14.573268921095009,1.5297906602254427,1.261406333870102
97,56.76999463231347,0.05367686527106817,10.721953837895867,12.4597423510467,0.6508319914117016,2.0128824476650564,,14.53972088030059,1.5297906602254427,1.261406333870102
98,57.09205582393988,0.05367686527106817,10.721953837895867,12.4597423510467,0.6508319914117016,2.0128824476650564,,14.217659688674182,1.5297906602254427,1.261406333870102
99,57.870370370370374,0.05367686527106817,10.59447128287708,12.238325281803542,0.6508319914117016,2.0128824476650564,,13.969404186795492,1.5297906602254427,1.0802469135802468
100,58.46081588835212,0.05367686527106817,10.272410091250672,12.238325281803542,0.6508319914117016,2.0128824476650564,,13.70101986044015,1.5297906602254427,1.0802469135802468
101,59.58803005904455,0.020128824476650563,9.728931830381105,11.896135265700483,0.6508319914117016,2.0128824476650564,,13.506441223832528,1.5163714439076759,1.0802469135802468
102,60.06441223832528,0.020128824476650563,9.554482018250134,11.849168008588299,0.43612453032742887,1.9726247987117553,,13.506441223832528,1.5163714439076759,1.0802469135802468
103,58.45410628019324,0.020128824476650563,9.856414385399892,10.809178743961352,0.43612453032742887,1.9726247987117553,,15.854804079441761,1.5163714439076759,1.0802469135802468
104,59.27938808373591,0.020128824476650563,9.39345142243693,10.748792270531402,0.43612453032742887,1.6774020397208802,,15.848094471282877,1.5163714439076759,1.0802469135802468
105,60.44015029522276,0.020128824476650563,9.212292002147075,10.748792270531402,0.43612453032742887,1.6774020397208802,,14.868491680085883,1.5163714439076759,1.0802469135802468
106,61.65458937198068,0.020128824476650563,9.158615136876007,10.581052066559312,0.43612453032742887,1.261406333870102,,14.868491680085883,0.9393451422436929,1.0802469135802468
107,61.090982286634464,0.020128824476650563,9.111647879763822,11.3593666129898,0.43612453032742887,1.261406333870102,,14.700751476113794,0.9393451422436929,1.0802469135802468
108,62.224906065485776,0.020128824476650563,8.910359634997317,11.3593666129898,0.43612453032742887,1.261406333870102,,13.768115942028986,0.9393451422436929,1.0802469135802468
109,62.61406333870102,0.020128824476650563,8.896940418679549,11.352657004830919,0.43612453032742887,1.261406333870102,,13.399087493290391,0.9393451422436929,1.0802469135802468
110,63.29173376274826,0.020128824476650563,8.896940418679549,10.983628556092324,0.43612453032742887,1.261406333870102,,13.09044551798175,0.9393451422436929,1.0802469135802468
111,63.71443907675792,0.020128824476650563,8.896940418679549,10.903113258185721,0.43612453032742887,1.261406333870102,,12.74825550187869,0.9393451422436929,1.0802469135802468
112,63.54669887278583,0.020128824476650563,8.21256038647343,10.272410091250672,0.43612453032742887,1.261406333870102,,14.231078904991948,0.9393451422436929,1.0802469135802468
113,64.94900697799248,0.020128824476650563,7.9106280193236715,9.01100375738057,0.43612453032742887,1.247987117552335,,14.40552871712292,0.9393451422436929,1.0802469135802468
114,65.80783682232958,0.020128824476650563,7.9106280193236715,8.152173913043478,0.43612453032742887,1.247987117552335,,14.40552871712292,0.9393451422436929,1.0802469135802468
115,67.16317767042405,0.020128824476650563,7.5281803542673105,7.62211486849168,0.43612453032742887,1.1943102522812667,,14.016371443907676,0.9393451422436929,1.0802469135802468
116,68.1159420289855,0.020128824476650563,7.0383789586688135,7.434245840042942,0.43612453032742887,1.1943102522812667,,13.741277509393452,0.9393451422436929,1.0802469135802468
117,68.7265163714439,0.020128824476650563,7.0383789586688135,7.011540526033279,0.43612453032742887,1.0064412238325282,,13.741277509393452,0.9393451422436929,1.0802469135802468
118,69.86044015029522,0.020128824476650563,6.689479334406871,7.011540526033279,0.43612453032742887,1.0064412238325282,,12.95625335480408,0.9393451422436929,1.0802469135802468
119,70.34353193773484,0.020128824476650563,6.655931293612453,6.910896403650026,0.43612453032742887,0.6575415995705851,,12.95625335480408,0.9393451422436929,1.0802469135802468
120,70.87359098228663,0.020128824476650563,6.655931293612453,6.4345142243692965,0.43612453032742887,0.6575415995705851,,12.902576489533011,0.9393451422436929,1.0802469135802468
121,70.87359098228663,0.020128824476650563,6.655931293612453,6.4345142243692965,0.43612453032742887,0.6575415995705851,,12.902576489533011,0.9393451422436929,1.0802469135802468
122,69.52495974235104,0.020128824476650563,8.420558239398819,6.025228126677402,0.43612453032742887,0.6575415995705851,,12.895866881374127,0.9393451422436929,1.0802469135802468
123,69.69269994632313,0.020128824476650563,8.319914117015566,5.971551261406334,0.43612453032742887,0.6575415995705851,,12.882447665056361,0.9393451422436929,1.0802469135802468
124,69.96779388083736,0.020128824476650563,8.28636607622115,5.850778314546431,0.43612453032742887,0.6575415995705851,,12.761674718196458,0.9393451422436929,1.0802469135802468
125,70.96081588835212,,7.9106280193236715,5.703166935050993,0.43612453032742887,0.6575415995705851,,12.31213097155126,0.9393451422436929,1.0802469135802468
126,71.44390767579173,,7.9039184111647875,5.481749865807837,0.43612453032742887,0.6575415995705851,,12.057165861513688,0.9393451422436929,1.0802469135802468
127,71.95383789586688,,7.856951154052603,5.481749865807837,0.43612453032742887,0.4025764895330113,,11.849168008588299,0.9393451422436929,1.0802469135802468
128,72.93344068706388,,7.615405260332796,5.320719269994632,0.43612453032742887,0.4025764895330113,,11.3593666129898,0.8521202361782072,1.0802469135802468
129,70.7662372517445,,6.696188942565755,5.186527106816962,0.43612453032742887,0.4025764895330113,,14.63365539452496,0.8521202361782072,1.0265700483091786
130,71.36339237788513,,6.615673644659152,5.10601180891036,0.43612453032742887,0.4025764895330113,,14.197530864197532,0.8521202361782072,1.0265700483091786
131,71.75925925925925,,6.3137412775093935,5.10601180891036,0.43612453032742887,0.3488996242619431,,14.15727321524423,0.8521202361782072,1.0265700483091786
132,71.79280730005368,,6.280193236714976,5.10601180891036,0.43612453032742887,0.3488996242619431,,14.15727321524423,0.8521202361782072,1.0265700483091786
133,71.79280730005368,,6.280193236714976,5.10601180891036,0.43612453032742887,0.3488996242619431,,14.15727321524423,0.8521202361782072,1.0265700483091786
134,71.79280730005368,,6.280193236714976,5.10601180891036,0.43612453032742887,0.3488996242619431,,14.15727321524423,0.8521202361782072,1.0265700483091786
135,72.24235104669887,,5.870907139023081,5.10601180891036,0.43612453032742887,0.3488996242619431,,14.11701556629093,0.8521202361782072,1.0265700483091786
136,72.61808910359635,,5.669618894256575,4.931561996779388,0.43612453032742887,0.3488996242619431,,14.11701556629093,0.8521202361782072,1.0265700483091786
137,72.6784755770263,,5.669618894256575,4.931561996779388,0.43612453032742887,0.3488996242619431,,14.11701556629093,0.8521202361782072,0.966183574879227
138,72.6784755770263,,5.669618894256575,4.931561996779388,0.43612453032742887,0.3488996242619431,,14.11701556629093,0.8521202361782072,0.966183574879227
139,74.43639291465378,,5.0993022007514766,4.703435319377348,0.43612453032742887,0.3488996242619431,,13.157541599570585,0.8521202361782072,0.966183574879227
140,74.85909822866344,,5.032206119162641,4.616210413311863,0.43612453032742887,0.3488996242619431,,13.157541599570585,0.5837359098228664,0.966183574879227
141,75.70450885668276,,4.85775630703167,4.616210413311863,0.43612453032742887,0.3488996242619431,,12.486580783682234,0.5837359098228664,0.966183574879227
142,76.25469672571121,,4.730273752012883,4.435050993022007,0.43612453032742887,0.3488996242619431,,12.25174449812131,0.5837359098228664,0.9594739667203436
143,77.18062265163715,,4.723564143853999,3.69699409554482,0.43612453032742887,0.3488996242619431,,12.070585077831455,0.5837359098228664,0.9594739667203436
144,77.361782071927,,4.7168545356951155,3.589640365002684,0.43612453032742887,0.3153515834675255,,12.037037037037036,0.5837359098228664,0.9594739667203436
145,75.91250670960815,,4.602791196994096,5.152979066022544,0.43612453032742887,0.3153515834675255,,12.037037037037036,0.5837359098228664,0.9594739667203436
146,75.94605475040258,,4.569243156199678,5.152979066022544,0.43612453032742887,0.3153515834675255,,12.037037037037036,0.5837359098228664,0.9594739667203436
147,76.89210950080515,,4.569243156199678,4.206924315619967,0.43612453032742887,0.3153515834675255,,12.037037037037036,0.5837359098228664,0.9594739667203436
148,74.05394524959742,,8.460815888352121,3.770799785292539,0.43612453032742887,0.3153515834675255,,11.90955448201825,0.5837359098228664,0.46967257112184646
149,74.05394524959742,,8.460815888352121,3.770799785292539,0.43612453032742887,0.3153515834675255,,11.90955448201825,0.5837359098228664,0.46967257112184646
150,71.97396672034353,,7.9039184111647875,3.7573805689747717,0.43612453032742887,0.2885131508319914,,14.600107353730541,0.5703166935050993,0.46967257112184646
151,72.99382716049382,,7.796564680622652,3.5829307568438002,0.43612453032742887,0.2885131508319914,,13.915727321524423,0.5166398282340311,0.46967257112184646
152,73.57085346215781,,7.796564680622652,3.5829307568438002,0.43612453032742887,0.2885131508319914,,13.33870101986044,0.5166398282340311,0.46967257112184646
153,73.76543209876543,,7.7831454643048845,3.5829307568438002,0.43612453032742887,0.2885131508319914,,13.157541599570585,0.5166398282340311,0.46967257112184646
154,74.68464841653247,,7.669082125603865,3.5829307568438002,0.43612453032742887,0.2885131508319914,,12.352388620504563,0.5166398282340311,0.46967257112184646
155,75.46967257112185,,6.890767579173376,3.5829307568438002,0.43612453032742887,0.2885131508319914,,12.352388620504563,0.5166398282340311,0.46296296296296297
156,75.71792807300054,,6.763285024154589,3.4957058507783145,0.43612453032742887,0.2549651100375738,,12.352388620504563,0.5166398282340311,0.46296296296296297
157,75.71792807300054,,6.763285024154589,3.4957058507783145,0.43612453032742887,0.2549651100375738,,12.352388620504563,0.5166398282340311,0.46296296296296297
158,77.34836285560924,,6.266774020397209,3.207192699946323,0.43612453032742887,0.2549651100375738,,11.721685453569512,0.5166398282340311,0.24825550187869028
159,78.19377348362856,,6.260064412238325,3.207192699946323,0.43612453032742887,0.24825550187869028,,11.017176596886742,0.5166398282340311,0.12077294685990338
160,78.7909286097692,,5.662909286097692,3.207192699946323,0.43612453032742887,0.24825550187869028,,11.017176596886742,0.5166398282340311,0.12077294685990338
161,78.7909286097692,,5.662909286097692,3.207192699946323,0.43612453032742887,0.24825550187869028,,11.017176596886742,0.5166398282340311,0.12077294685990338
162,79.04589371980677,,5.649490069779925,3.0864197530864197,0.4227053140096618,0.24825550187869028,,10.93666129898014,0.5166398282340311,0.0939345142243693
163,79.20021470746109,,5.649490069779925,3.0864197530864197,0.4227053140096618,0.24825550187869028,,10.782340311325818,0.5166398282340311,0.0939345142243693
164,79.20021470746109,,5.649490069779925,3.0864197530864197,0.4227053140096618,0.24825550187869028,,10.782340311325818,0.5166398282340311,0.0939345142243693
165,79.20021470746109,,5.649490069779925,3.0864197530864197,0.4227053140096618,0.24825550187869028,,10.782340311325818,0.5166398282340311,0.0939345142243693
166,79.48201825013419,,5.649490069779925,2.804616210413312,0.4227053140096618,0.24825550187869028,,10.782340311325818,0.5166398282340311,0.0939345142243693
167,79.48872785829307,,5.649490069779925,2.804616210413312,0.4227053140096618,0.24825550187869028,,10.775630703166936,0.5166398282340311,0.0939345142243693
168,79.48872785829307,,5.649490069779925,2.804616210413312,0.4227053140096618,0.24825550187869028,,10.775630703166936,0.5166398282340311,0.0939345142243693
169,79.7638217928073,,5.642780461621041,2.804616210413312,0.4227053140096618,0.24825550187869028,,10.507246376811594,0.5166398282340311,0.0939345142243693
170,80.35426731078906,,5.0993022007514766,2.804616210413312,0.4227053140096618,0.24825550187869028,,10.46027911969941,0.5166398282340311,0.0939345142243693
171,79.45517981749866,,5.0858829844337095,2.804616210413312,0.4227053140096618,0.24825550187869028,,11.372785829307569,0.5166398282340311,0.0939345142243693
172,79.60279119699409,,5.065754159957058,2.7979066022544283,0.4227053140096618,0.24825550187869028,,11.252012882447666,0.5166398282340311,0.0939345142243693
173,79.81078904991948,,5.005367686527107,2.6502952227589907,0.4227053140096618,0.24825550187869028,,11.252012882447666,0.5166398282340311,0.0939345142243693
174,80.34084809447128,,5.005367686527107,2.6502952227589907,0.4227053140096618,0.24825550187869028,,10.721953837895867,0.5166398282340311,0.0939345142243693
175,80.38781535158347,,4.99194847020934,2.6502952227589907,0.4227053140096618,0.24825550187869028,,10.721953837895867,0.4830917874396135,0.0939345142243693
176,78.77750939345142,,4.951690821256038,2.395330112721417,0.4227053140096618,2.15378421900161,,10.721953837895867,0.4830917874396135,0.0939345142243693
177,79.06602254428341,,4.851046698872786,2.395330112721417,0.4227053140096618,2.15378421900161,,10.534084809447128,0.4830917874396135,0.0939345142243693
178,79.06602254428341,,4.851046698872786,2.395330112721417,0.4227053140096618,2.15378421900161,,10.534084809447128,0.4830917874396135,0.0939345142243693
179,79.21363392377886,,4.851046698872786,2.3886205045625335,0.4227053140096618,2.15378421900161,,10.393183038110575,0.4830917874396135,0.0939345142243693
180,79.21363392377886,,4.851046698872786,2.3886205045625335,0.4227053140096618,2.15378421900161,,10.393183038110575,0.4830917874396135,0.0939345142243693
181,79.26731078904992,,4.797369833601718,2.3886205045625335,0.4227053140096618,2.15378421900161,,10.393183038110575,0.4830917874396135,0.0939345142243693
182,79.26731078904992,,4.797369833601718,2.3886205045625335,0.4227053140096618,2.15378421900161,,10.393183038110575,0.4830917874396135,0.0939345142243693
183,79.26731078904992,,4.797369833601718,2.3886205045625335,0.4227053140096618,2.15378421900161,,10.393183038110575,0.4830917874396135,0.0939345142243693
184,79.34782608695652,,4.797369833601718,2.3215244229736984,0.4227053140096618,2.15378421900161,,10.379763821792807,0.4830917874396135,0.0939345142243693
185,79.36795491143317,,4.777241009125067,2.3215244229736984,0.4227053140096618,2.15378421900161,,10.379763821792807,0.4830917874396135,0.0939345142243693
186,77.4825550187869,,3.8714439076757916,2.281266774020397,0.4227053140096618,2.100107353730542,,13.318572195383789,0.4294149221685454,0.0939345142243693
187,77.65700483091787,,3.69699409554482,2.281266774020397,0.4227053140096618,2.100107353730542,,13.318572195383789,0.4294149221685454,0.0939345142243693
188,77.98577563070317,,3.4286097691894795,2.281266774020397,0.4227053140096618,2.100107353730542,,13.258185721953838,0.4294149221685454,0.0939345142243693
189,77.98577563070317,,3.4286097691894795,2.281266774020397,0.4227053140096618,2.100107353730542,,13.258185721953838,0.4294149221685454,0.0939345142243693
190,78.00590445517982,,3.408480944712829,2.281266774020397,0.4227053140096618,2.100107353730542,,13.258185721953838,0.4294149221685454,0.0939345142243693
191,78.27428878153516,,3.408480944712829,2.281266774020397,0.4227053140096618,2.100107353730542,,13.01663982823403,0.4294149221685454,0.06709608158883522
192,78.27428878153516,,3.408480944712829,2.281266774020397,0.4227053140096618,2.100107353730542,,13.01663982823403,0.4294149221685454,0.06709608158883522
193,78.30783682232958,,3.408480944712829,2.24771873322598,0.4227053140096618,2.100107353730542,,13.01663982823403,0.4294149221685454,0.06709608158883522
194,78.46886741814278,,3.408480944712829,2.24771873322598,0.4227053140096618,2.100107353730542,,12.855609232420827,0.4294149221685454,0.06709608158883522
195,78.73725174449812,,3.3950617283950617,2.24771873322598,0.4227053140096618,1.8451422436929683,,12.855609232420827,0.4294149221685454,0.06709608158883522
196,79.18008588298443,,3.3950617283950617,2.24771873322598,0.4227053140096618,1.8451422436929683,,12.412775093934513,0.4294149221685454,0.06709608158883522
197,79.94498121309715,,3.3950617283950617,2.1403650026838434,0.4227053140096618,1.8048845947396672,,11.79549114331723,0.4294149221685454,0.06709608158883522
198,79.99194847020934,,3.3950617283950617,2.1269457863660763,0.4227053140096618,1.8048845947396672,,11.761943102522812,0.4294149221685454,0.06709608158883522
199,80.18652710681697,,3.3950617283950617,2.1269457863660763,0.4227053140096618,1.8048845947396672,,11.56736446591519,0.4294149221685454,0.06709608158883522
200,80.6159420289855,,3.3950617283950617,2.1269457863660763,0.4227053140096618,1.8048845947396672,,11.137949543746645,0.4294149221685454,0.06709608158883522
201,81.32045088566828,,3.3548040794417604,2.1269457863660763,0.4227053140096618,1.8048845947396672,,10.473698336017177,0.4294149221685454,0.06709608158883522
202,81.32045088566828,,3.3548040794417604,2.1269457863660763,0.4227053140096618,1.8048845947396672,,10.473698336017177,0.4294149221685454,0.06709608158883522
203,81.32045088566828,,3.3548040794417604,2.1269457863660763,0.4227053140096618,1.8048845947396672,,10.473698336017177,0.4294149221685454,0.06709608158883522
204,81.4747718733226,,3.3548040794417604,1.9726247987117553,0.4227053140096618,1.8048845947396672,,10.473698336017177,0.4294149221685454,0.06709608158883522
205,81.68947933440687,,3.1468062265163717,1.9726247987117553,0.4227053140096618,1.8048845947396672,,10.466988727858293,0.4294149221685454,0.06709608158883522
206,82.10547504025764,,3.1468062265163717,1.9726247987117553,0.4227053140096618,1.8048845947396672,,10.050993022007514,0.4294149221685454,0.06709608158883522
207,82.10547504025764,,3.1468062265163717,1.9726247987117553,0.4227053140096618,1.8048845947396672,,10.050993022007514,0.4294149221685454,0.06709608158883522
208,82.30005367686528,,3.1468062265163717,1.8585614600107354,0.4092860976918948,1.7713365539452497,,10.050993022007514,0.4294149221685454,0.03354804079441761
209,82.30005367686528,,3.1468062265163717,1.8585614600107354,0.4092860976918948,1.7713365539452497,,10.050993022007514,0.4294149221685454,0.03354804079441761
210,82.30676328502416,,3.1468062265163717,1.8585614600107354,0.4092860976918948,1.7713365539452497,,10.044283413848632,0.4294149221685454,0.03354804079441761
211,82.31347289318303,,3.140096618357488,1.8585614600107354,0.4092860976918948,1.7713365539452497,,10.044283413848632,0.4294149221685454,0.03354804079441761
212,82.54830917874396,,3.052871712292002,1.8585614600107354,0.4092860976918948,1.7713365539452497,,9.896672034353195,0.4294149221685454,0.03354804079441761
213,81.16612989801395,,3.052871712292002,3.7037037037037037,0.4092860976918948,1.42914653784219,,9.822866344605474,0.38915727321524424,0.026838432635534086
214,81.87734836285561,,3.026033279656468,3.7037037037037037,0.4092860976918948,1.42914653784219,,9.138486312399356,0.38915727321524424,0.026838432635534086
215,81.87734836285561,,3.026033279656468,3.7037037037037037,0.4092860976918948,1.42914653784219,,9.138486312399356,0.38915727321524424,0.026838432635534086
216,81.87734836285561,,3.026033279656468,3.7037037037037037,0.4092860976918948,1.42914653784219,,9.138486312399356,0.38915727321524424,0.026838432635534086
217,81.87734836285561,,3.026033279656468,3.7037037037037037,0.4092860976918948,1.42914653784219,,9.138486312399356,0.38915727321524424,0.026838432635534086
218,82.19940955448202,,3.026033279656468,3.7037037037037037,0.4092860976918948,1.107085346215781,,9.138486312399356,0.38915727321524424,0.026838432635534086
219,82.68921095008052,,3.026033279656468,3.7037037037037037,0.4092860976918948,1.107085346215781,,8.648684916800859,0.38915727321524424,0.026838432635534086
220,82.68921095008052,,3.026033279656468,3.7037037037037037,0.4092860976918948,1.107085346215781,,8.648684916800859,0.38915727321524424,0.026838432635534086
221,82.74288781535158,,2.9723564143853998,3.7037037037037037,0.4092860976918948,1.107085346215781,,8.648684916800859,0.38915727321524424,0.026838432635534086
222,82.74288781535158,,2.9723564143853998,3.7037037037037037,0.4092860976918948,1.107085346215781,,8.648684916800859,0.38915727321524424,0.026838432635534086
223,82.74288781535158,,2.9723564143853998,3.7037037037037037,0.4092860976918948,1.107085346215781,,8.648684916800859,0.38915727321524424,0.026838432635534086
224,82.74288781535158,,2.9723564143853998,3.7037037037037037,0.4092860976918948,1.107085346215781,,8.648684916800859,0.38915727321524424,0.026838432635534086
225,82.74288781535158,,2.9723564143853998,3.7037037037037037,0.4092860976918948,1.107085346215781,,8.648684916800859,0.38915727321524424,0.026838432635534086
226,82.75630703166935,,2.9723564143853998,3.7037037037037037,0.4092860976918948,1.107085346215781,,8.635265700483092,0.38915727321524424,0.026838432635534086
227,82.75630703166935,,2.9723564143853998,3.7037037037037037,0.4092860976918948,1.107085346215781,,8.635265700483092,0.38915727321524424,0.026838432635534086
228,82.75630703166935,,2.9723564143853998,3.7037037037037037,0.4092860976918948,1.107085346215781,,8.635265700483092,0.38915727321524424,0.026838432635534086
229,82.75630703166935,,2.9723564143853998,3.7037037037037037,0.4092860976918948,1.107085346215781,,8.635265700483092,0.38915727321524424,0.026838432635534086
230,83.07165861513688,,2.657004830917874,3.7037037037037037,0.4092860976918948,1.107085346215781,,8.635265700483092,0.38915727321524424,0.026838432635534086
231,83.07165861513688,,2.657004830917874,3.7037037037037037,0.4092860976918948,1.107085346215781,,8.635265700483092,0.38915727321524424,0.026838432635534086
232,83.07165861513688,,2.657004830917874,3.7037037037037037,0.4092860976918948,1.107085346215781,,8.635265700483092,0.38915727321524424,0.026838432635534086
233,83.07165861513688,,2.657004830917874,3.7037037037037037,0.4092860976918948,1.107085346215781,,8.635265700483092,0.38915727321524424,0.026838432635534086
234,83.07165861513688,,2.657004830917874,3.7037037037037037,0.4092860976918948,1.107085346215781,,8.635265700483092,0.38915727321524424,0.026838432635534086
235,83.84997316156736,,1.9860440150295222,3.7037037037037037,0.4092860976918948,1.107085346215781,,8.527911969940956,0.38915727321524424,0.026838432635534086
236,83.96403650026838,,1.8719806763285025,3.7037037037037037,0.4092860976918948,1.107085346215781,,8.527911969940956,0.38915727321524424,0.026838432635534086
237,84.01771336553945,,1.8183038110574343,3.7037037037037037,0.4092860976918948,1.107085346215781,,8.527911969940956,0.38915727321524424,0.026838432635534086
238,84.01771336553945,,1.8183038110574343,3.7037037037037037,0.4092860976918948,1.107085346215781,,8.527911969940956,0.38915727321524424,0.026838432635534086
239,84.46054750402577,,1.8183038110574343,3.260869565217391,0.4092860976918948,1.107085346215781,,8.527911969940956,0.38915727321524424,0.026838432635534086
240,84.46054750402577,,1.8183038110574343,3.260869565217391,0.4092860976918948,1.107085346215781,,8.527911969940956,0.38915727321524424,0.026838432635534086
241,84.83628556092324,,1.6706924315619969,3.2541599570585076,0.4092860976918948,1.107085346215781,,8.433977455716587,0.2616747181964573,0.026838432635534086
242,84.83628556092324,,1.6706924315619969,3.2541599570585076,0.4092860976918948,1.107085346215781,,8.433977455716587,0.2616747181964573,0.026838432635534086
243,84.83628556092324,,1.6706924315619969,3.2541599570585076,0.4092860976918948,1.107085346215781,,8.433977455716587,0.2616747181964573,0.026838432635534086
244,84.87654320987654,,1.6706924315619969,3.2541599570585076,0.4092860976918948,1.107085346215781,,8.393719806763285,0.2616747181964573,0.026838432635534086
245,84.96376811594203,,1.6706924315619969,3.2541599570585076,0.4092860976918948,1.107085346215781,,8.3064949006978,0.2616747181964573,0.026838432635534086
246,84.96376811594203,,1.6706924315619969,3.2541599570585076,0.4092860976918948,1.107085346215781,,8.3064949006978,0.2616747181964573,0.026838432635534086
247,84.96376811594203,,1.6706924315619969,3.2541599570585076,0.4092860976918948,1.107085346215781,,8.3064949006978,0.2616747181964573,0.026838432635534086
248,85.03757380568975,,1.6639828234031133,3.2541599570585076,0.4092860976918948,1.0399892646269457,,8.3064949006978,0.2616747181964573,0.026838432635534086
249,85.04428341384863,,1.6572732152442298,3.2541599570585076,0.4092860976918948,1.0399892646269457,,8.3064949006978,0.2616747181964573,0.026838432635534086
250,85.16505636070853,,1.6572732152442298,3.2541599570585076,0.2885131508319914,1.0399892646269457,,8.3064949006978,0.2616747181964573,0.026838432635534086
251,85.16505636070853,,1.6572732152442298,3.2541599570585076,0.2885131508319914,1.0399892646269457,,8.3064949006978,0.2616747181964573,0.026838432635534086
252,85.25228126677402,,1.6572732152442298,3.2541599570585076,0.2885131508319914,1.0399892646269457,,8.219269994632313,0.2616747181964573,0.026838432635534086
253,85.25228126677402,,1.6572732152442298,3.2541599570585076,0.2885131508319914,1.0399892646269457,,8.219269994632313,0.2616747181964573,0.026838432635534086
