,40,45,50,52,54,55,51,53,41,49
0,0.5837359098228664,97.57783145464305,1.8384326355340848,,,,,,,
1,1.3553408480944713,90.45222758990874,8.192431561996779,,,,,,,
2,2.214170692431562,80.13955984970478,17.64626945786366,,,,,,,
3,2.214170692431562,79.64304884594739,18.14278046162104,,,,,,,
4,2.5496511003757383,77.47584541062803,19.97450348899624,,,,,,,
5,3.2742887815351582,76.37546967257113,20.35024154589372,,,,,,,
6,3.2340311325818574,69.57192699946323,25.657541599570585,0.9728931830381106,0.5636070853462157,,,,,
7,3.8580246913580245,66.88808373590982,27.717391304347824,0.9728931830381106,0.5636070853462157,,,,,
8,3.3548040794417604,52.75764895330113,42.351046698872786,0.9728931830381106,0.5636070853462157,,,,,
9,4.005636070853462,51.02657004830918,40.53274288781535,3.4822866344605474,0.5636070853462157,0.38915727321524424,,,,
10,2.657004830917874,34.225711218464845,60.96349973161568,1.5901771336553945,0.5636070853462157,,,,,
11,2.7106816961889426,33.21256038647343,58.340042941492214,1.5901771336553945,1.8585614600107354,0.6843800322061192,1.6035963499731616,,,
12,2.475845410628019,24.194847020933977,67.5925925925926,1.5901771336553945,1.8585614600107354,0.6843800322061192,1.6035963499731616,,,
13,2.589908749329039,19.706119162640903,71.51100375738056,1.5901771336553945,1.8585614600107354,0.6843800322061192,1.6035963499731616,0.4562533548040794,,
14,2.7509393451422435,16.42512077294686,76.55662909286097,0.5837359098228664,1.8585614600107354,,1.4492753623188406,0.3757380568974772,,
15,2.9052603327965647,16.35131508319914,74.03381642512078,0.5837359098228664,1.8585614600107354,2.442297369833602,1.4492753623188406,0.3757380568974772,,
16,3.260869565217391,16.19699409554482,67.90794417606011,0.5837359098228664,3.851315083199141,3.5829307568438002,4.240472356414386,0.3757380568974772,,
17,3.3816425120772946,15.901771336553946,64.93558776167473,0.5837359098228664,4.334406870638754,6.246645195920558,4.240472356414386,0.3757380568974772,,
18,3.7372517444981215,14.74771873322598,65.45222758990874,0.5837359098228664,4.8443370907139025,6.870638754696726,3.388352120236178,0.3757380568974772,,
19,3.1065485775630703,12.902576489533011,65.96886741814278,0.5837359098228664,5.803811057434245,7.5281803542673105,3.388352120236178,0.7179280730005367,,
20,3.227321524422974,11.614331723027375,66.25067096081588,0.5837359098228664,5.723295759527644,8.3467525496511,3.388352120236178,0.7179280730005367,0.14761137949543746,
21,3.69699409554482,11.05072463768116,65.04294149221685,1.2681159420289856,5.421363392377885,9.789318303811058,2.8650026838432634,0.7179280730005367,0.14761137949543746,
22,4.1129898013955986,10.943370907139023,63.85534084809447,1.5365002683843263,5.414653784219001,10.406602254428341,2.8650026838432634,0.7179280730005367,0.14761137949543746,
23,4.052603327965647,8.07836822329576,67.98845947396671,0.95276435856146,4.616210413311863,10.990338164251208,2.898550724637681,0.27509393451422437,0.14761137949543746,
24,4.233762748255502,8.07836822329576,67.53891572732152,0.95276435856146,4.616210413311863,10.990338164251208,2.898550724637681,0.27509393451422437,0.41599570585077833,
25,4.455179817498658,7.85024154589372,67.27724100912506,0.95276435856146,4.616210413311863,11.258722490606548,2.898550724637681,0.27509393451422437,0.41599570585077833,
26,4.4753086419753085,7.628824476650563,66.55931293612453,1.7981749865807837,4.435050993022007,11.513687600644122,2.898550724637681,0.27509393451422437,0.41599570585077833,
27,5.045625335480408,7.4208266237251745,65.37842190016103,1.7981749865807837,4.609500805152979,11.869296833064949,3.1870638754696725,0.27509393451422437,0.41599570585077833,
28,4.64975845410628,6.709608158883521,63.14412238325282,5.01207729468599,5.059044551798175,12.070585077831455,2.7643585614600106,0.17444981213097155,0.41599570585077833,
29,4.817498658078368,6.535158346752549,63.04347826086956,5.260332796564681,4.8443370907139025,12.385936661298981,2.522812667740204,0.17444981213097155,0.41599570585077833,
30,4.696725711218465,6.535158346752549,61.33923778851315,5.119431025228127,5.689747718733226,13.264895330112722,2.522812667740204,0.17444981213097155,0.6575415995705851,
31,4.2270531400966185,6.454643048845948,60.95679012345679,4.26731078904992,6.4412238325281805,13.439345142243694,3.3816425120772946,0.17444981213097155,0.6575415995705851,
32,4.045893719806763,6.454643048845948,58.071658615136876,7.078636607622115,6.427804616210413,13.79495437466452,3.3816425120772946,0.17444981213097155,0.5703166935050993,
33,3.616478797638218,6.159420289855072,55.64949006977992,7.300053676865271,7.286634460547504,14.023081052066559,3.3816425120772946,2.0128824476650564,0.5703166935050993,
34,3.616478797638218,6.0587761674718195,54.8845947396672,7.300053676865271,7.286634460547504,14.452495974235104,3.1199677938808374,2.4691358024691357,0.8118625872249061,
35,3.616478797638218,6.038647342995169,54.91814278046162,7.212828770799785,7.273215244229737,14.38539989264627,3.1199677938808374,2.4691358024691357,0.966183574879227,
36,3.938539989264627,6.038647342995169,54.38137412775094,7.192699946323135,7.273215244229737,14.620236178207193,3.1199677938808374,2.4691358024691357,0.966183574879227,
37,3.9586688137412773,5.904455179817498,53.60305958132045,7.0383789586688135,7.273215244229737,14.949006977992486,3.6097691894793345,2.4691358024691357,1.1943102522812667,
38,3.911701556629093,5.790391841116479,52.57648953301127,8.655394524959743,6.528448738593666,14.908749329039184,3.3682232957595275,3.066290928609769,1.1943102522812667,
39,4.193505099302201,5.629361245303274,50.5703166935051,8.581588835212024,6.072195383789587,13.935856146001074,6.937734836285561,3.066290928609769,1.0131508319914118,
40,4.683306494900698,5.629361245303274,49.651100375738054,8.581588835212024,6.072195383789587,14.36527106816962,6.937734836285561,3.066290928609769,1.0131508319914118,
41,4.830917874396135,5.193236714975845,47.77241009125067,9.500805152979066,5.260332796564681,15.11003757380569,8.648684916800859,2.509393451422437,1.1741814278046163,
42,3.92512077294686,4.985238862050457,43.63258185721954,12.439613526570048,4.388083735909823,15.03623188405797,12.352388620504563,2.0665593129361244,1.1741814278046163,
43,3.9586688137412773,4.9651100375738055,41.26409017713365,11.681427804616211,6.561996779388084,14.452495974235104,14.036500268384327,2.0665593129361244,1.0131508319914118,
44,3.9586688137412773,4.656468062265164,40.734031132581855,11.681427804616211,6.400966183574879,15.230810520665592,14.036500268384327,2.0665593129361244,1.2345679012345678,
45,4.2270531400966185,3.8848631239935587,38.89559849704777,14.828234031132581,5.548845947396672,14.80810520665593,14.727589908749328,1.9860440150295222,1.093666129898014,
46,3.9720880300590444,3.784219001610306,50.986312399355874,12.593934514224369,4.320987654320987,12.734836285560924,8.776167471819646,1.7847557702630166,1.0466988727858293,
47,4.052603327965647,3.670155662909286,48.13472893183038,11.876006441223833,4.320987654320987,12.151100375738057,12.265163714439076,2.2946859903381642,1.2345679012345678,
48,4.408212560386473,3.240740740740741,49.23510466988728,10.88298443370907,4.320987654320987,12.117552334943639,12.265163714439076,2.2946859903381642,1.2345679012345678,
49,4.944981213097155,3.240740740740741,48.15485775630703,10.84272678475577,4.74369296833065,12.338969404186795,12.265163714439076,2.2410091250670963,1.2278582930756843,
50,4.944981213097155,3.240740740740741,47.738862050456255,10.84272678475577,5.159688674181428,12.338969404186795,12.265163714439076,2.2410091250670963,1.2278582930756843,
51,4.931561996779388,3.240740740740741,46.61835748792271,10.446859903381643,5.736714975845411,13.291733762748256,12.130971551261407,2.2410091250670963,1.3620504562533549,
52,5.347557702630167,3.079710144927536,46.24932903918411,10.446859903381643,5.736714975845411,12.74825550187869,12.788513150831992,2.2410091250670963,1.3620504562533549,
53,5.347557702630167,3.079710144927536,45.229468599033815,10.889694041867955,6.327160493827161,13.157541599570585,12.573805689747719,2.033011272141707,1.3620504562533549,
54,5.555555555555555,3.079710144927536,44.53166935050993,10.795759527643586,7.018250134192163,13.157541599570585,12.486580783682234,1.8317230273752012,1.5432098765432098,
55,5.870907139023081,2.965646806226516,44.826892109500804,10.292538915727322,6.877348362855609,12.983091787439614,12.338969404186795,2.301395598497048,1.5432098765432098,
56,5.656199677938808,2.8113258185721954,44.7061191626409,10.245571658615138,6.877348362855609,12.942834138486312,12.198067632850242,3.0193236714975846,1.5432098765432098,
57,5.615942028985507,2.8113258185721954,44.06199677938808,11.849168008588299,6.877348362855609,12.02361782071927,12.198067632850242,3.0193236714975846,1.5432098765432098,
58,5.615942028985507,2.8113258185721954,43.78690284487386,11.822329575952764,6.877348362855609,11.949812130971551,12.198067632850242,3.0193236714975846,1.9189479334406871,
59,6.3070316693505095,2.5831991411701556,43.57890499194847,11.272141706924316,6.716317767042405,12.325550187869029,11.540526033279656,3.7573805689747717,1.9189479334406871,
60,5.46833064949007,2.522812667740204,39.190821256038646,10.601180891035963,4.549114331723027,8.57487922705314,24.322329575952764,3.113258185721954,1.6572732152442298,
61,5.555555555555555,2.3081052066559313,38.868760064412236,10.245571658615138,4.7168545356951155,9.091519055287172,23.97342995169082,3.361513687600644,1.8786902844873858,
62,5.756843800322061,2.0933977455716586,38.399087493290395,9.91009125067096,4.998658078368224,10.124798711755233,23.61111111111111,3.361513687600644,1.7444981213097155,
63,3.260869565217391,1.5163714439076759,54.63633923778851,7.635534084809447,3.1602254428341383,8.413848631239935,16.170155662909288,3.750670960815888,1.4559849704777241,
64,3.6231884057971016,1.3687600644122384,52.47584541062802,7.461084272678476,2.999194847020934,10.735373054213634,16.23054213633924,3.535963499731616,1.570048309178744,
65,3.6231884057971016,1.3687600644122384,51.85856146001073,8.031400966183575,3.629898013955985,10.782340311325818,15.291196994095545,3.535963499731616,1.8786902844873858,
66,3.938539989264627,1.2144390767579174,50.4495437466452,8.890230810520666,3.629898013955985,11.171497584541063,15.116747181964573,3.535963499731616,2.0531400966183573,
67,4.119699409554482,1.2144390767579174,49.92619431025228,8.890230810520666,3.4688674181427803,11.16478797638218,15.116747181964573,4.045893719806763,2.0531400966183573,
68,2.737520128824477,0.36902844873859364,70.11540526033279,7.4208266237251745,1.751207729468599,7.897208803005904,6.501610305958132,1.8786902844873858,1.328502415458937,
69,3.374932903918411,0.36902844873859364,66.8142780461621,7.4208266237251745,1.751207729468599,10.93666129898014,6.360708534621578,1.8786902844873858,1.093666129898014,
70,3.2541599570585076,0.36902844873859364,58.89023081052066,7.4208266237251745,1.751207729468599,12.177938808373591,13.16425120772947,1.8786902844873858,1.093666129898014,
71,3.180354267310789,0.36902844873859364,58.48765432098765,7.977724100912507,1.751207729468599,12.177938808373591,13.09044551798175,1.8719806763285025,1.093666129898014,
72,3.4688674181427803,0.36902844873859364,56.76999463231347,7.273215244229737,4.549114331723027,12.164519592055823,12.453032742887816,1.8719806763285025,1.0802469135802468,
73,3.6634460547504024,0.36231884057971014,55.06575415995706,6.884057971014493,4.549114331723027,13.425925925925926,13.097155126140633,1.8719806763285025,1.0802469135802468,
74,3.8177670424047236,0.36231884057971014,54.92485238862051,6.884057971014493,4.549114331723027,13.808373590982287,12.788513150831992,1.8719806763285025,0.9930220075147611,
75,4.17337627482555,0.36231884057971014,53.757380568974774,6.756575415995706,5.159688674181428,13.788244766505636,12.667740203972087,2.341653247450349,0.9930220075147611,
76,4.569243156199678,0.36231884057971014,53.6231884057971,6.756575415995706,5.159688674181428,13.788244766505636,12.406065485775631,2.341653247450349,0.9930220075147611,
77,4.663177670424047,0.36231884057971014,52.51610305958132,6.756575415995706,5.152979066022544,14.80810520665593,12.406065485775631,2.341653247450349,0.9930220075147611,
78,4.9718196457326895,0.36231884057971014,50.72463768115942,6.756575415995706,5.152979066022544,16.29092860976919,12.406065485775631,2.341653247450349,0.9930220075147611,
79,4.9718196457326895,0.36231884057971014,50.697799248523886,6.709608158883521,5.152979066022544,16.23725174449812,12.406065485775631,2.341653247450349,1.1205045625335481,
80,5.146269457863661,0.36231884057971014,52.74422973698336,5.059044551798175,5.790391841116479,15.734031132581856,11.668008588298443,2.3752012882447664,1.1205045625335481,
81,5.146269457863661,0.36231884057971014,52.65029522275899,5.059044551798175,5.790391841116479,15.827965646806227,11.668008588298443,2.3752012882447664,1.1205045625335481,
82,4.7638217928073,0.36231884057971014,51.878690284487384,4.8443370907139025,6.9310252281266775,16.056092324208265,11.668008588298443,2.3752012882447664,1.1205045625335481,
83,4.7638217928073,0.36231884057971014,51.409017713365536,4.8443370907139025,6.9310252281266775,16.5727321524423,11.621041331186259,2.3752012882447664,1.1205045625335481,
84,5.065754159957058,0.36231884057971014,51.187600644122384,4.8443370907139025,6.9310252281266775,16.5727321524423,11.621041331186259,2.2946859903381642,1.1205045625335481,
85,5.065754159957058,0.36231884057971014,50.47638217928073,4.8443370907139025,6.9310252281266775,17.28395061728395,11.621041331186259,2.2946859903381642,1.1205045625335481,
86,5.387815351583468,0.36231884057971014,50.47638217928073,4.824208266237251,6.9243156199677935,17.66639828234031,11.11111111111111,2.1269457863660763,1.1205045625335481,
87,5.387815351583468,0.30193236714975846,49.69135802469136,4.435050993022007,7.776435856146001,17.934782608695652,11.11111111111111,2.120236178207193,1.2412775093934514,
88,5.35426731078905,0.30193236714975846,49.040526033279654,4.435050993022007,8.440687063875469,18.183038110574344,10.88298443370907,2.120236178207193,1.2412775093934514,
89,5.555555555555555,0.30193236714975846,48.631239935587764,4.435050993022007,8.440687063875469,18.391035963499732,10.88298443370907,2.120236178207193,1.2412775093934514,
90,5.649490069779925,0.30193236714975846,47.93344068706388,4.435050993022007,8.440687063875469,18.746645195920557,10.86285560923242,2.120236178207193,1.5096618357487923,
91,6.206387546967257,0.30193236714975846,47.84621578099839,4.213633923778851,8.400429414922169,18.61916264090177,9.151905528717123,3.824476650563607,1.4358561460010735,
92,5.797101449275362,0.30193236714975846,43.76006441223833,4.213633923778851,8.319914117015566,19.216317767042405,13.130703166935051,3.824476650563607,1.4358561460010735,
93,6.038647342995169,0.28180354267310787,42.24369296833065,5.0791733762748255,8.158883521202362,19.135802469135804,14.197530864197532,3.435319377348363,1.42914653784219,
94,6.253354804079442,0.28180354267310787,41.49892646269458,5.0791733762748255,8.668813741277509,19.236446591519055,14.190821256038648,3.361513687600644,1.42914653784219,
95,6.380837359098229,0.28180354267310787,41.37144390767579,5.0791733762748255,9.158615136876007,18.746645195920557,14.190821256038648,3.361513687600644,1.42914653784219,
96,6.515029522275899,0.28180354267310787,40.995705850778315,5.0791733762748255,9.158615136876007,18.988191089640367,14.190821256038648,3.361513687600644,1.42914653784219,
97,6.488191089640365,0.28180354267310787,40.81454643048846,5.0791733762748255,9.628287707997853,18.988191089640367,14.170692431561998,3.1199677938808374,1.42914653784219,
98,6.461352657004831,0.27509393451422437,40.33145464304884,5.0791733762748255,10.077831454643048,19.0552871712292,14.170692431561998,3.1199677938808374,1.42914653784219,
99,7.018250134192163,0.12077294685990338,40.935319377348364,4.944981213097155,10.124798711755233,18.96135265700483,13.345410628019323,3.1199677938808374,1.42914653784219,
100,7.179280730005368,0.12077294685990338,40.774288781535155,4.944981213097155,10.124798711755233,18.96135265700483,13.345410628019323,3.1199677938808374,1.42914653784219,
101,7.313472893183038,0.12077294685990338,40.24422973698336,4.918142780461621,10.111379495437467,19.26328502415459,13.16425120772947,3.1199677938808374,1.7444981213097155,
102,7.326892109500805,0.12077294685990338,40.23081052066559,4.918142780461621,10.111379495437467,19.26328502415459,13.16425120772947,3.1199677938808374,1.7444981213097155,
103,7.407407407407407,0.12077294685990338,39.9020397208803,5.60252281266774,9.957058507783145,19.196188942565755,12.949543746645196,3.1199677938808374,1.7444981213097155,
104,7.695920558239399,0.12077294685990338,39.61352657004831,5.60252281266774,9.957058507783145,19.196188942565755,12.949543746645196,3.1199677938808374,1.7444981213097155,
105,7.823403113258186,0.12077294685990338,38.67418142780462,5.60252281266774,9.829575952764358,20.135534084809446,12.76838432635534,3.066290928609769,1.9793344068706387,
106,8.239398819108963,0.12077294685990338,38.45276435856146,5.401234567901234,9.460547504025765,20.081857219538378,12.68786902844874,3.5762211486849167,1.9793344068706387,
107,8.239398819108963,0.12077294685990338,38.05018786902845,5.401234567901234,9.460547504025765,20.48443370907139,12.68786902844874,3.5762211486849167,1.9793344068706387,
108,8.239398819108963,0.12077294685990338,37.66774020397209,5.401234567901234,9.460547504025765,19.692699946323135,12.245034889962426,5.193236714975845,1.9793344068706387,
109,8.541331186258722,0.12077294685990338,37.39264626945786,5.005367686527107,10.218733225979603,20.095276435856146,11.869296833064949,4.951690821256038,1.8048845947396672,
110,8.279656468062266,0.12077294685990338,37.25174449812131,5.005367686527107,10.621309715512615,20.095276435856146,11.869296833064949,4.951690821256038,1.8048845947396672,
111,9.078099838969404,0.12077294685990338,36.600912506709605,4.985238862050457,11.124530327428879,19.806763285024154,11.560654857756306,4.918142780461621,1.8048845947396672,
112,9.25925925925926,0.12077294685990338,36.58749329039184,4.985238862050457,11.379495437466453,19.55179817498658,11.392914653784219,4.918142780461621,1.8048845947396672,
113,8.977455716586151,0.12077294685990338,35.909822866344605,4.911433172302737,11.131239935587761,20.075147611379496,11.392914653784219,5.676328502415459,1.8048845947396672,
114,8.78287707997853,0.12077294685990338,35.66156736446592,4.683306494900698,10.95679012345679,20.075147611379496,12.238325281803542,5.676328502415459,1.8048845947396672,
115,9.057971014492754,0.12077294685990338,35.53408480944713,4.683306494900698,10.95679012345679,20.075147611379496,12.090713902308105,5.676328502415459,1.8048845947396672,
116,8.76274825550188,0.12077294685990338,34.86983360171766,4.669887278582931,11.75523349436393,19.920826623725173,12.077294685990339,6.018518518518518,1.8048845947396672,
117,8.93719806763285,0.12077294685990338,34.49409554482018,4.669887278582931,12.037037037037036,19.994632313472895,11.922973698336017,6.018518518518518,1.8048845947396672,
118,9.138486312399356,0.12077294685990338,34.346484165324746,4.669887278582931,12.037037037037036,19.940955448201827,11.922973698336017,6.018518518518518,1.8048845947396672,
119,9.078099838969404,0.12077294685990338,33.89694041867955,5.347557702630167,12.439613526570048,19.585346215780998,11.708266237251744,6.018518518518518,1.8048845947396672,
120,9.16532474503489,0.12077294685990338,33.85668276972625,5.246913580246914,12.25174449812131,19.51154052603328,11.3191089640365,6.763285024154589,1.7646269457863661,
121,9.957058507783145,0.12077294685990338,32.80327428878154,5.213365539452496,12.016908212560386,20.2361782071927,11.292270531400966,6.743156199677939,1.6170155662909287,
122,9.957058507783145,0.12077294685990338,32.66237251744498,5.213365539452496,12.016908212560386,20.2361782071927,11.178207192699947,6.743156199677939,1.8719806763285025,
123,9.66183574879227,0.12077294685990338,32.80327428878154,5.2066559312936125,11.681427804616211,20.8064949006978,10.963499731615673,6.743156199677939,2.0128824476650564,
124,9.876543209876543,0.12077294685990338,32.1256038647343,5.132850241545894,12.144390767579173,20.893719806763286,10.963499731615673,6.729736983360172,2.0128824476650564,
125,10.265700483091788,0.12077294685990338,32.1256038647343,5.132850241545894,12.144390767579173,20.739398819108963,10.84272678475577,6.615673644659152,2.0128824476650564,
126,10.185185185185185,0.12077294685990338,32.045088566827694,5.092592592592593,12.895866881374127,20.40391841116479,10.735373054213634,6.615673644659152,1.90552871712292,
127,10.339506172839506,0.12077294685990338,32.045088566827694,5.092592592592593,12.895866881374127,20.40391841116479,10.735373054213634,6.461352657004831,1.90552871712292,
128,10.057702630166398,0.12077294685990338,31.32716049382716,4.958400429414922,13.821792807300053,20.739398819108963,10.735373054213634,6.461352657004831,1.778046162104133,
129,10.057702630166398,0.12077294685990338,31.32716049382716,4.958400429414922,13.821792807300053,20.739398819108963,10.735373054213634,6.461352657004831,1.778046162104133,
130,10.050993022007514,0.12077294685990338,31.313741277509394,4.958400429414922,14.264626945786366,20.316693505099302,10.735373054213634,6.461352657004831,1.778046162104133,
131,10.473698336017177,0.12077294685990338,31.072195383789587,4.911433172302737,14.620236178207193,19.719538378958667,11.58749329039184,5.790391841116479,1.7042404723564144,
132,10.446859903381643,0.12077294685990338,30.864197530864196,4.911433172302737,14.855072463768115,19.719538378958667,11.58749329039184,5.790391841116479,1.7042404723564144,
133,10.339506172839506,0.12077294685990338,29.70343531937735,4.911433172302737,14.53972088030059,21.095008051529792,11.352657004830919,6.233225979602791,1.7042404723564144,
134,10.426731078904991,0.12077294685990338,29.22705314009662,5.71658615136876,14.351851851851851,21.095008051529792,11.124530327428879,6.233225979602791,1.7042404723564144,
135,10.7085346215781,0.12077294685990338,29.220343531937736,5.622651637144391,15.150295222758992,20.162372517444982,11.077563070316694,6.233225979602791,1.7042404723564144,
136,10.68840579710145,0.04696725711218465,29.367954911433173,5.622651637144391,15.150295222758992,20.162372517444982,11.023886205045626,6.233225979602791,1.7042404723564144,
137,10.68840579710145,0.04696725711218465,29.367954911433173,5.622651637144391,15.150295222758992,20.162372517444982,11.023886205045626,6.233225979602791,1.7042404723564144,
138,10.567632850241546,0.04696725711218465,29.01905528717123,5.622651637144391,15.150295222758992,20.632045088566827,11.023886205045626,6.233225979602791,1.7042404723564144,
139,10.72866344605475,0.04696725711218465,28.75738056897477,5.964841653247451,15.150295222758992,20.632045088566827,11.084272678475577,5.964841653247451,1.6706924315619969,
140,10.715244229736983,0.04696725711218465,28.75738056897477,5.964841653247451,15.331454643048845,20.46430488459474,11.084272678475577,5.964841653247451,1.6706924315619969,
141,10.648148148148149,0.04696725711218465,28.609769189479334,5.964841653247451,15.331454643048845,20.46430488459474,10.93666129898014,6.327160493827161,1.6706924315619969,
142,10.473698336017177,0.04696725711218465,28.08641975308642,5.964841653247451,15.331454643048845,20.46430488459474,10.93666129898014,6.327160493827161,1.6706924315619969,0.6977992485238862
143,10.433440687063875,0.04696725711218465,27.106816961889425,5.884326355340848,15.217391304347826,21.36339237788513,11.252012882447666,6.327160493827161,1.6706924315619969,0.6977992485238862
144,10.292538915727322,0.04696725711218465,26.78475577026302,5.884326355340848,15.848094471282877,21.3768115942029,11.11111111111111,6.286902844873859,1.6706924315619969,0.6977992485238862
145,10.399892646269459,0.04696725711218465,26.596886741814277,5.884326355340848,16.639828234031132,20.685721953837895,11.11111111111111,6.286902844873859,1.6505636070853462,0.6977992485238862
146,9.930220075147611,0.04696725711218465,25.597155126140635,5.837359098228664,17.54562533548041,20.833333333333332,10.93666129898014,6.132581857219538,1.9189479334406871,1.221148684916801
147,10.25228126677402,0.04696725711218465,25.174449812130973,5.837359098228664,17.384594739667204,21.095008051529792,10.93666129898014,6.132581857219538,1.9189479334406871,1.221148684916801
148,10.38647342995169,0.04696725711218465,25.0,5.837359098228664,17.330917874396135,21.18894256575416,10.93666129898014,6.132581857219538,1.9189479334406871,1.221148684916801
149,10.72866344605475,0.04696725711218465,24.986580783682232,5.837359098228664,17.330917874396135,20.947396672034355,10.93666129898014,6.132581857219538,1.8317230273752012,1.221148684916801
150,10.990338164251208,0.04696725711218465,25.241545893719806,5.434782608695652,17.330917874396135,20.90713902308105,10.916532474503489,6.132581857219538,1.778046162104133,1.221148684916801
151,10.762211486849168,0.04696725711218465,25.0402576489533,5.810520665593129,17.579173376274827,21.276167471819647,10.581052066559312,6.099033816425121,1.583467525496511,1.221148684916801
152,10.352925389157273,0.04696725711218465,24.18142780461621,5.810520665593129,19.766505636070853,20.551529790660226,10.245571658615138,6.099033816425121,1.724369296833065,1.221148684916801
153,10.319377348362856,0.04696725711218465,23.825818572195384,5.810520665593129,19.92753623188406,20.819914117015568,10.205314009661835,6.099033816425121,1.724369296833065,1.221148684916801
154,10.319377348362856,0.04696725711218465,23.63123993558776,5.186527106816962,20.591787439613526,21.175523349436393,10.124798711755233,6.0587761674718195,1.6438539989264627,1.221148684916801
155,10.59447128287708,0.04696725711218465,23.275630703166936,6.206387546967257,20.591787439613526,21.175523349436393,9.500805152979066,5.776972624798712,1.6103059581320451,1.221148684916801
156,10.59447128287708,0.04696725711218465,23.255501878690286,6.206387546967257,20.611916264090176,21.175523349436393,9.500805152979066,5.776972624798712,1.6103059581320451,1.221148684916801
157,10.48040794417606,0.04696725711218465,23.18840579710145,6.125872249060655,20.611916264090176,21.061460010735374,9.353193773483628,6.300322061191626,1.6103059581320451,1.221148684916801
158,10.352925389157273,0.04696725711218465,23.18840579710145,6.125872249060655,20.585077831454644,21.061460010735374,9.353193773483628,6.454643048845948,1.6103059581320451,1.221148684916801
159,10.352925389157273,0.04696725711218465,23.18840579710145,6.125872249060655,20.585077831454644,21.061460010735374,9.353193773483628,6.454643048845948,1.6103059581320451,1.221148684916801
160,10.198604401502953,0.04696725711218465,23.18840579710145,5.9447128287707995,20.457595276435857,21.061460010735374,9.816156736446592,6.454643048845948,1.6103059581320451,1.221148684916801
161,10.198604401502953,0.04696725711218465,23.18840579710145,5.9447128287707995,20.457595276435857,21.061460010735374,9.816156736446592,6.454643048845948,1.6103059581320451,1.221148684916801
162,9.997316156736447,0.04696725711218465,23.544015029522274,5.9447128287707995,20.457595276435857,21.061460010735374,9.816156736446592,6.300322061191626,1.6103059581320451,1.221148684916801
163,10.084541062801932,0.04696725711218465,23.349436392914654,5.750134192163178,20.229468599033815,20.98094471282877,9.77589908749329,6.951154052603328,1.6103059581320451,1.221148684916801
164,9.990606548577563,0.04696725711218465,23.349436392914654,5.750134192163178,20.40391841116479,20.98094471282877,9.695383789586689,6.951154052603328,1.6103059581320451,1.221148684916801
165,10.312667740203972,0.04696725711218465,22.799248523886206,7.1725711218464845,19.981213097155127,20.98094471282877,9.353193773483628,6.521739130434782,1.6103059581320451,1.221148684916801
166,10.305958132045088,0.04696725711218465,22.638217928073,6.790123456790123,19.981213097155127,20.98094471282877,9.970477724100913,6.454643048845948,1.6103059581320451,1.221148684916801
167,10.299248523886206,0.04696725711218465,22.61808910359635,6.790123456790123,20.343531937734838,20.645464304884594,9.970477724100913,6.454643048845948,1.6103059581320451,1.221148684916801
168,10.299248523886206,0.04696725711218465,22.61808910359635,6.790123456790123,20.343531937734838,20.645464304884594,9.970477724100913,6.454643048845948,1.6103059581320451,1.221148684916801
169,10.285829307568438,0.04696725711218465,22.396672034353195,6.790123456790123,20.343531937734838,20.88030059044552,9.970477724100913,6.454643048845948,1.6103059581320451,1.221148684916801
170,10.285829307568438,0.04696725711218465,22.396672034353195,6.790123456790123,20.343531937734838,20.88030059044552,9.970477724100913,6.454643048845948,1.6103059581320451,1.221148684916801
171,10.285829307568438,0.04696725711218465,22.396672034353195,6.790123456790123,20.343531937734838,20.88030059044552,9.970477724100913,6.454643048845948,1.6103059581320451,1.221148684916801
172,10.285829307568438,0.04696725711218465,22.396672034353195,6.790123456790123,20.343531937734838,20.88030059044552,9.970477724100913,6.454643048845948,1.6103059581320451,1.221148684916801
173,10.36634460547504,0.04696725711218465,22.24235104669887,6.790123456790123,20.02818035426731,21.69887278582931,9.88996242619431,6.105743424584004,1.6103059581320451,1.221148684916801
174,10.768921095008052,0.04696725711218465,22.457058507783145,6.6760601180891035,19.97450348899624,21.618357487922705,9.796027911969942,6.105743424584004,1.5297906602254427,1.0265700483091786
175,10.768921095008052,0.04696725711218465,22.457058507783145,6.6760601180891035,19.97450348899624,21.618357487922705,9.796027911969942,6.105743424584004,1.5297906602254427,1.0265700483091786
176,10.976918947933441,0.04696725711218465,21.91358024691358,6.6760601180891035,19.97450348899624,21.953837895866883,9.796027911969942,6.105743424584004,1.5297906602254427,1.0265700483091786
177,11.178207192699947,0.04696725711218465,21.73913043478261,6.6760601180891035,19.96779388083736,21.926999463231347,9.655126140633387,6.105743424584004,1.6774020397208802,1.0265700483091786
178,11.178207192699947,0.04696725711218465,21.826355340848096,6.588835212023618,19.96779388083736,21.926999463231347,9.655126140633387,6.105743424584004,1.6774020397208802,1.0265700483091786
179,11.493558776167472,0.04696725711218465,21.826355340848096,6.588835212023618,19.652442297369834,21.926999463231347,9.655126140633387,6.105743424584004,1.6774020397208802,1.0265700483091786
180,11.493558776167472,0.04696725711218465,21.826355340848096,6.588835212023618,19.652442297369834,21.926999463231347,9.655126140633387,6.105743424584004,1.6774020397208802,1.0265700483091786
181,11.600912506709609,0.04696725711218465,21.75925925925926,7.320182501341922,19.249865807836823,22.21551261406334,9.480676328502415,5.622651637144391,1.6774020397208802,1.0265700483091786
182,11.929683306494901,0.04696725711218465,21.73913043478261,7.320182501341922,19.249865807836823,21.960547504025765,9.426999463231347,5.622651637144391,1.6774020397208802,1.0265700483091786
183,11.929683306494901,0.04696725711218465,21.631776704240472,7.306763285024155,19.249865807836823,21.960547504025765,9.426999463231347,5.622651637144391,1.7981749865807837,1.0265700483091786
184,12.04374664519592,0.04696725711218465,21.349973161567366,7.0383789586688135,19.249865807836823,21.91358024691358,9.426999463231347,6.132581857219538,1.7713365539452497,1.0265700483091786
185,12.037037037037036,0.026838432635534086,21.812936124530328,7.03166935050993,19.202898550724637,22.21551261406334,9.084809447128288,6.132581857219538,1.7713365539452497,0.6843800322061192
186,12.238325281803542,0.026838432635534086,21.712292002147073,7.03166935050993,19.51825013419216,21.85990338164251,9.084809447128288,6.072195383789587,1.7713365539452497,0.6843800322061192
187,12.406065485775631,0.026838432635534086,21.712292002147073,7.03166935050993,19.350509930220074,21.85990338164251,9.084809447128288,6.072195383789587,1.7713365539452497,0.6843800322061192
188,12.406065485775631,0.026838432635534086,21.70558239398819,7.03166935050993,19.47799248523886,21.85990338164251,9.084809447128288,5.9514224369296835,1.7713365539452497,0.6843800322061192
189,12.406065485775631,0.026838432635534086,21.70558239398819,7.03166935050993,19.47799248523886,21.85990338164251,8.682232957595277,6.374127750939345,1.751207729468599,0.6843800322061192
190,12.406065485775631,0.026838432635534086,21.70558239398819,7.03166935050993,19.47799248523886,21.85990338164251,8.682232957595277,6.374127750939345,1.751207729468599,0.6843800322061192
191,12.406065485775631,0.026838432635534086,21.70558239398819,7.03166935050993,19.47799248523886,21.85990338164251,8.682232957595277,6.374127750939345,1.751207729468599,0.6843800322061192
192,12.406065485775631,0.026838432635534086,21.70558239398819,7.03166935050993,19.47799248523886,21.85990338164251,8.682232957595277,6.374127750939345,1.751207729468599,0.6843800322061192
193,12.607353730542137,0.026838432635534086,21.349973161567366,6.9310252281266775,19.390767579173378,22.430220075147613,8.467525496511003,6.360708534621578,1.751207729468599,0.6843800322061192
194,12.607353730542137,0.026838432635534086,21.349973161567366,6.9310252281266775,19.390767579173378,22.430220075147613,8.467525496511003,6.360708534621578,1.751207729468599,0.6843800322061192
195,12.607353730542137,0.026838432635534086,21.349973161567366,6.9310252281266775,19.390767579173378,22.430220075147613,8.467525496511003,6.360708534621578,1.751207729468599,0.6843800322061192
196,12.754965110037574,0.013419216317767043,21.215780998389693,6.9310252281266775,19.390767579173378,22.430220075147613,8.467525496511003,6.360708534621578,1.751207729468599,0.6843800322061192
197,12.634192163177671,0.013419216317767043,21.18894256575416,6.9310252281266775,19.33709071390231,22.27589908749329,8.467525496511003,6.716317767042405,1.751207729468599,0.6843800322061192
198,12.634192163177671,0.013419216317767043,21.18894256575416,6.9310252281266775,19.82018250134192,22.108158883521202,8.467525496511003,6.400966183574879,1.751207729468599,0.6843800322061192
199,12.198067632850242,0.013419216317767043,21.906870638754697,6.736446591519055,19.82018250134192,22.108158883521202,8.467525496511003,6.400966183574879,1.751207729468599,0.5971551261406334
200,12.198067632850242,0.013419216317767043,21.484165324745035,6.736446591519055,19.82018250134192,22.108158883521202,8.467525496511003,6.400966183574879,1.751207729468599,1.0198604401502953
201,12.016908212560386,0.013419216317767043,21.162104133118625,6.709608158883521,19.223027375201287,23.07434245840043,8.836553945249598,6.233225979602791,1.710950080515298,1.0198604401502953
202,12.016908212560386,0.013419216317767043,21.162104133118625,6.709608158883521,19.223027375201287,23.07434245840043,8.836553945249598,6.233225979602791,1.710950080515298,1.0198604401502953
203,12.104133118625873,0.013419216317767043,21.155394524959743,6.608964036500268,19.129092860976918,23.07434245840043,9.064680622651638,6.132581857219538,1.6975308641975309,1.0198604401502953
204,12.050456253354804,0.013419216317767043,21.128556092324207,6.608964036500268,19.6256038647343,22.705314009661837,9.064680622651638,6.132581857219538,1.6505636070853462,1.0198604401502953
205,12.151100375738057,0.013419216317767043,20.86688137412775,6.588835212023618,19.276704240472355,23.020665593129362,9.057971014492754,6.353998926462695,1.6505636070853462,1.0198604401502953
206,12.151100375738057,0.013419216317767043,20.86688137412775,6.588835212023618,19.276704240472355,23.020665593129362,9.057971014492754,6.353998926462695,1.6505636070853462,1.0198604401502953
207,12.151100375738057,0.013419216317767043,20.86688137412775,6.588835212023618,19.276704240472355,23.020665593129362,9.057971014492754,6.353998926462695,1.6505636070853462,1.0198604401502953
208,12.151100375738057,0.013419216317767043,20.86688137412775,6.588835212023618,19.276704240472355,23.020665593129362,9.057971014492754,6.353998926462695,1.6505636070853462,1.0198604401502953
209,12.580515297906603,0.013419216317767043,20.75281803542673,6.327160493827161,19.276704240472355,23.00053676865271,9.057971014492754,6.327160493827161,1.6505636070853462,1.0131508319914118
210,13.023349436392914,0.013419216317767043,20.42404723564144,6.092324208266238,20.417337627482556,22.322866344605476,9.057971014492754,5.984970477724101,1.6505636070853462,1.0131508319914118
211,12.587224906065487,0.013419216317767043,20.229468599033815,6.092324208266238,20.417337627482556,22.953569511540525,9.057971014492754,5.984970477724101,1.6505636070853462,1.0131508319914118
212,12.835480407944177,0.013419216317767043,20.229468599033815,6.092324208266238,20.1959205582394,22.940150295222757,9.057971014492754,5.984970477724101,1.6371443907675791,1.0131508319914118
213,12.835480407944177,0.013419216317767043,20.229468599033815,6.092324208266238,20.1959205582394,22.940150295222757,9.057971014492754,5.984970477724101,1.6371443907675791,1.0131508319914118
214,12.969672571121846,0.013419216317767043,20.175791733762747,6.092324208266238,20.1959205582394,22.940150295222757,9.057971014492754,5.984970477724101,1.6371443907675791,0.9326355340848095
215,13.345410628019323,0.013419216317767043,19.847020933977454,5.991680085882985,19.994632313472895,22.779119699409556,9.494095544820183,5.984970477724101,1.6371443907675791,0.9125067096081588
216,13.47289318303811,0.013419216317767043,19.847020933977454,5.904455179817498,19.95437466451959,22.779119699409556,9.494095544820183,5.984970477724101,1.6371443907675791,0.9125067096081588
217,13.47289318303811,0.013419216317767043,19.51154052603328,5.904455179817498,19.95437466451959,22.779119699409556,9.453837895866881,5.984970477724101,1.6371443907675791,1.288244766505636
218,13.47289318303811,0.013419216317767043,19.51154052603328,5.904455179817498,19.95437466451959,22.779119699409556,9.453837895866881,5.984970477724101,1.6371443907675791,1.288244766505636
219,13.627214170692431,0.013419216317767043,19.39747718733226,5.904455179817498,19.81347289318304,22.69860440150295,9.453837895866881,5.984970477724101,1.8183038110574343,1.288244766505636
220,13.459473966720344,0.013419216317767043,19.39747718733226,5.904455179817498,20.155662909286097,22.52415458937198,9.453837895866881,5.984970477724101,1.8183038110574343,1.288244766505636
221,13.687600644122384,0.013419216317767043,19.249865807836823,5.897745571658615,20.108695652173914,22.765700483091788,9.185453569511541,5.984970477724101,1.8183038110574343,1.288244766505636
222,13.687600644122384,0.013419216317767043,19.249865807836823,5.897745571658615,20.108695652173914,22.765700483091788,9.185453569511541,5.984970477724101,1.8183038110574343,1.288244766505636
223,13.687600644122384,0.013419216317767043,19.249865807836823,5.897745571658615,20.108695652173914,22.765700483091788,9.185453569511541,5.984970477724101,1.8183038110574343,1.288244766505636
224,13.687600644122384,0.013419216317767043,19.249865807836823,5.897745571658615,20.108695652173914,22.765700483091788,9.185453569511541,5.984970477724101,1.8183038110574343,1.288244766505636
225,13.399087493290391,0.013419216317767043,19.249865807836823,5.850778314546431,19.860440150295222,22.6784755770263,9.178743961352657,6.6760601180891035,1.8048845947396672,1.288244766505636
226,13.399087493290391,0.013419216317767043,19.249865807836823,5.850778314546431,19.860440150295222,22.6784755770263,9.178743961352657,6.6760601180891035,1.8048845947396672,1.288244766505636
227,13.399087493290391,0.013419216317767043,19.249865807836823,5.850778314546431,19.860440150295222,22.6784755770263,9.178743961352657,6.6760601180891035,1.8048845947396672,1.288244766505636
228,13.399087493290391,0.013419216317767043,19.249865807836823,5.850778314546431,19.860440150295222,22.6784755770263,9.178743961352657,6.6760601180891035,1.8048845947396672,1.288244766505636
229,13.399087493290391,0.013419216317767043,19.249865807836823,5.850778314546431,19.860440150295222,22.6784755770263,9.178743961352657,6.6760601180891035,1.8048845947396672,1.288244766505636
