,40,45,50,51,53,55,54,52,41,49,48,47
0,0.4562533548040794,94.0150295222759,5.528717122920021,,,,,,,,,
1,0.4428341384863124,83.70236178207193,15.854804079441761,,,,,,,,,
2,0.8118625872249061,81.8840579710145,16.814278046162105,0.48980139559849706,,,,,,,,
3,0.8387010198604401,71.44390767579173,27.22758990874933,0.48980139559849706,,,,,,,,
4,1.1607622114868492,68.76677402039721,29.582662372517444,0.48980139559849706,,,,,,,,
5,2.120236178207193,67.15646806226516,29.797369833601717,0.9259259259259259,,,,,,,,
6,1.5901771336553945,45.772946859903385,51.972624798711756,0.6642512077294686,,,,,,,,
7,1.583467525496511,43.06897477187332,54.42163177670424,0.9259259259259259,,,,,,,,
8,1.865271068169619,42.652979066022546,54.55582393988191,0.9259259259259259,,,,,,,,
9,2.3215244229736984,40.84138486312399,56.125872249060656,0.5099302200751477,0.20128824476650564,,,,,,,
10,2.1135265700483092,39.36527106816962,57.17928073000537,0.5099302200751477,0.20128824476650564,0.630703166935051,,,,,,
11,1.9927536231884058,36.090982286634464,57.427536231884055,3.784219001610306,0.07380568974771873,0.630703166935051,,,,,,
12,2.38191089640365,33.73590982286635,58.3870101986044,4.790660225442834,0.07380568974771873,0.630703166935051,,,,,,
13,2.5429414922168547,30.770263016639827,59.49409554482018,5.978260869565218,0.07380568974771873,0.630703166935051,0.5099302200751477,,,,,
14,2.8247450348899625,29.334406870638755,60.65485775630703,5.971551261406334,0.07380568974771873,0.630703166935051,0.5099302200751477,,,,,
15,1.8451422436929683,17.51207729468599,71.02791196994096,5.884326355340848,0.07380568974771873,0.630703166935051,0.5099302200751477,2.5161030595813205,,,,
16,2.2611379495437465,17.51207729468599,67.49865807836822,5.005367686527107,0.6910896403650026,4.005636070853462,0.5099302200751477,2.5161030595813205,,,,
17,2.9723564143853998,16.438539989264626,68.67283950617283,3.9318303811057436,0.630703166935051,4.327697262479871,0.5099302200751477,2.5161030595813205,,,,
18,3.180354267310789,15.734031132581856,60.68169618894257,12.848899624261943,0.630703166935051,3.6768652710681695,0.4562533548040794,2.791196994095545,,,,
19,3.2675791733762747,14.53972088030059,61.46672034353194,12.647611379495437,0.630703166935051,4.200214707461084,0.4562533548040794,2.791196994095545,,,,
20,3.3413848631239937,14.331723027375201,61.600912506709605,11.808910359634996,0.630703166935051,4.200214707461084,0.4562533548040794,3.629898013955985,,,,
21,3.9855072463768115,13.727858293075684,60.507246376811594,11.493558776167472,2.3617820719269993,4.200214707461084,0.0939345142243693,3.629898013955985,,,,
22,4.408212560386473,13.499731615673644,59.35319377348363,11.963231347289318,2.3617820719269993,4.703435319377348,0.0939345142243693,3.616478797638218,,,,
23,4.320987654320987,12.754965110037574,58.23268921095008,11.748523886205046,2.3617820719269993,6.125872249060655,0.8387010198604401,3.616478797638218,,,,
24,4.757112184648417,10.735373054213634,59.78931830381106,11.90955448201825,2.3617820719269993,5.998389694041868,0.8387010198604401,3.6097691894793345,,,,
25,5.032206119162641,10.674986580783683,56.24664519592056,12.365807836822329,2.791196994095545,7.447665056360709,2.3349436392914655,3.1065485775630703,,,,
26,5.146269457863661,9.73564143853999,55.99168008588298,12.929414922168545,3.515834675254965,7.447665056360709,2.3349436392914655,2.7643585614600106,0.13419216317767044,,,
27,5.622651637144391,9.614868491680086,55.66961889425657,13.278314546430488,3.515834675254965,7.380568974771873,2.01959205582394,2.7643585614600106,0.13419216317767044,,,
28,5.971551261406334,8.883521202361782,55.173107890499196,13.6808910359635,3.8580246913580245,7.957595276435856,1.2748255501878691,3.066290928609769,0.13419216317767044,,,
29,5.9514224369296835,8.78287707997853,54.1129898013956,14.640365002683843,3.5762211486849167,8.165593129361245,1.2748255501878691,3.361513687600644,0.13419216317767044,,,
30,5.475040257648954,8.185721953837897,61.20504562533548,12.694578636607622,3.3279656468062266,6.353998926462695,1.0332796564680622,1.724369296833065,,,,
31,5.46833064949007,7.709339774557166,60.42673107890499,12.969672571121846,3.2004830917874396,6.910896403650026,1.8048845947396672,1.5096618357487923,,,,
32,6.910896403650026,7.199409554482019,58.99087493290392,12.640901771336553,3.2004830917874396,7.219538378958669,1.7981749865807837,2.0397208803005906,,,,
33,5.448201825013419,6.260064412238325,72.36983360171766,7.4006977992485234,1.8183038110574343,3.2139023081052067,1.7042404723564144,1.7847557702630166,,,,
34,6.085614600107354,5.938003220611916,71.4975845410628,8.07836822329576,1.8183038110574343,3.0931293612453032,1.7042404723564144,1.7847557702630166,,,,
35,6.1929683306494905,5.938003220611916,67.82742887815351,8.07836822329576,3.938539989264627,3.9452495974235107,1.7042404723564144,2.3752012882447664,,,,
36,6.723027375201288,5.770263016639828,65.5126140633387,7.9106280193236715,3.938539989264627,5.676328502415459,2.0933977455716586,2.3752012882447664,,,,
37,7.286634460547504,5.139559849704777,64.43236714975845,7.836822329575953,3.8177670424047236,6.796833064949007,2.3349436392914655,2.3550724637681157,,,,
38,6.4345142243692965,4.898013955984971,62.6610305958132,7.709339774557166,6.260064412238325,7.347020933977456,2.3349436392914655,2.3550724637681157,,,,
39,6.132581857219538,4.522275899087493,62.72812667740204,7.971014492753623,6.092324208266238,7.139023081052066,3.0595813204508855,2.3550724637681157,,,,
40,6.226516371443908,4.508856682769726,58.903650026838434,9.782608695652174,6.394256575415996,8.13875469672571,3.0595813204508855,2.985775630703167,,,,
41,6.447933440687064,4.508856682769726,57.098765432098766,9.634997316156737,5.01207729468599,8.13875469672571,3.44873859366613,5.709876543209877,,,,
42,6.447933440687064,4.502147074610843,57.024959742351044,9.634997316156737,5.01207729468599,8.13875469672571,3.44873859366613,5.790391841116479,,,,
43,6.3070316693505095,4.502147074610843,56.27348362855609,10.02415458937198,5.656199677938808,8.13875469672571,3.4286097691894795,5.669618894256575,,,,
44,6.743156199677939,4.314278046162104,55.89103596349973,10.21202361782072,5.656199677938808,8.13875469672571,3.374932903918411,5.669618894256575,,,,
45,6.716317767042405,4.193505099302201,51.247987117552334,14.090177133655395,5.293880837359098,8.299785292538916,4.690016103059581,5.46833064949007,,,,
46,6.4345142243692965,4.193505099302201,50.4092860976919,12.640901771336553,6.320450885668277,7.568438003220612,3.7372517444981215,8.185721953837897,,0.5099302200751477,,
47,5.964841653247451,3.5829307568438002,51.288244766505635,13.264895330112722,6.320450885668277,7.568438003220612,3.569511540526033,7.930756843800322,,0.5099302200751477,,
48,5.964841653247451,3.475577026301664,51.288244766505635,12.25174449812131,6.998121309715513,7.997852925389157,4.341116478797638,7.1725711218464845,,0.5099302200751477,,
49,5.763553408480945,3.4621578099838968,48.00053676865271,12.204777241009126,6.998121309715513,9.145195920558239,3.898282340311326,10.017444981213098,,0.5099302200751477,,
50,5.991680085882985,3.4621578099838968,46.37010198604401,14.398819108964037,7.440955448201825,8.561460010735374,5.273752012882448,7.991143317230274,,0.5099302200751477,,
51,6.501610305958132,3.4621578099838968,44.524959742351044,14.781266774020397,10.420021470746109,7.695920558239399,5.273752012882448,6.830381105743425,,0.5099302200751477,,
52,6.729736983360172,3.4621578099838968,44.135802469135804,14.781266774020397,10.420021470746109,7.9039184111647875,5.273752012882448,6.78341384863124,,0.5099302200751477,,
53,6.884057971014493,3.4621578099838968,43.98148148148148,14.720880300590446,10.983628556092324,7.9039184111647875,4.951690821256038,6.602254428341385,,0.5099302200751477,,
54,6.8035426731078905,3.421900161030596,44.477992485238865,14.55984970477724,10.641438539989265,7.9039184111647875,5.267042404723564,6.414385399892646,,0.5099302200751477,,
55,7.722758990874933,3.421900161030596,43.927804616210416,14.325013419216317,9.88996242619431,7.742887815351583,6.6827697262479875,5.776972624798712,,0.5099302200751477,,
56,7.179280730005368,3.026033279656468,44.14251207729468,14.942297369833602,9.88996242619431,6.877348362855609,7.85024154589372,5.58239398819109,,0.5099302200751477,,
57,6.89747718733226,3.0059044551798175,43.96806226516372,14.432367149758454,9.782608695652174,6.877348362855609,8.239398819108963,6.286902844873859,,0.5099302200751477,,
58,6.8035426731078905,2.999194847020934,43.062265163714436,14.150563607085346,8.55475040257649,6.246645195920558,8.13875469672571,9.534353193773484,,0.5099302200751477,,
59,6.971282877079979,2.871712292002147,41.36473429951691,13.291733762748256,11.493558776167472,5.931293612453032,9.601449275362318,7.96430488459474,,0.5099302200751477,,
60,7.179280730005368,2.85829307568438,40.94873859366613,13.150831991411701,11.560654857756306,6.213097155126141,9.078099838969404,8.501073537305421,,0.5099302200751477,,
61,7.085346215780999,2.771068169618894,40.53945249597424,12.278582930756844,10.963499731615673,6.8035426731078905,10.218733225979603,8.829844337090714,,0.5099302200751477,,
62,6.602254428341385,2.7442297369833604,42.7938808373591,10.889694041867955,11.372785829307569,6.944444444444445,9.138486312399356,9.004294149221685,,0.5099302200751477,,
63,5.6964573268921095,2.100107353730542,42.49194847020934,12.754965110037574,10.72866344605475,6.944444444444445,9.098228663446054,9.185453569511541,,0.9997316156736447,,
64,6.179549114331723,2.100107353730542,40.84809447128288,12.647611379495437,11.265432098765432,6.78341384863124,8.742619431025227,10.433440687063875,,0.9997316156736447,,
65,6.400966183574879,2.0665593129361244,40.76086956521739,12.647611379495437,11.265432098765432,6.756575415995706,8.668813741277509,10.433440687063875,,0.9997316156736447,,
66,5.870907139023081,2.0665593129361244,40.37842190016103,13.882179280730005,10.507246376811594,6.508319914117015,7.917337627482555,12.25174449812131,,0.6172839506172839,,
67,6.011808910359635,2.01959205582394,39.53972088030059,14.143853998926463,10.292538915727322,7.380568974771873,8.232689210950081,11.761943102522812,,0.6172839506172839,,
68,6.052066559312936,2.01959205582394,38.31857219538379,14.345142243692969,9.856414385399892,7.011540526033279,9.07139023081052,11.406333870101985,,1.9189479334406871,,
69,6.273483628556092,2.01959205582394,38.177670424047236,14.741009125067096,9.849704777241008,6.769994632313473,8.84326355340848,11.406333870101985,,1.9189479334406871,,
70,6.414385399892646,1.8048845947396672,40.80112721417069,12.070585077831455,9.849704777241008,6.763285024154589,8.80300590445518,11.574074074074074,,1.9189479334406871,,
71,6.736446591519055,1.724369296833065,40.88835212023618,12.057165861513688,9.816156736446592,6.649221685453569,8.769457863660762,11.439881910896403,,1.9189479334406871,,
72,6.541867954911433,1.7176596886741815,39.50617283950617,15.22410091250671,8.776167471819646,6.756575415995706,8.507783145464305,11.05072463768116,,1.9189479334406871,,
73,6.387546967257112,1.6438539989264627,40.02952227589909,15.579710144927537,8.662104133118627,6.756575415995706,8.507783145464305,10.513955984970478,,1.9189479334406871,,
74,6.575415995705851,1.6438539989264627,39.31159420289855,15.579710144927537,8.487654320987655,6.595544820182502,8.80300590445518,10.493827160493828,,2.509393451422437,,
75,6.400966183574879,1.6438539989264627,38.43263553408481,15.76086956521739,8.460815888352121,6.5485775630703165,10.010735373054214,10.23215244229737,,2.509393451422437,,
76,6.3070316693505095,1.133923778851315,39.28475577026302,15.08990874932904,9.977187332259795,6.327160493827161,9.86983360171766,9.453837895866881,0.05367686527106817,2.5026838432635534,,
77,6.119162640901771,1.093666129898014,41.243961352657,14.076757917337627,9.977187332259795,6.327160493827161,9.863123993558776,9.27938808373591,0.05367686527106817,1.9659151905528718,,
78,6.159420289855072,1.093666129898014,39.69404186795491,15.022812667740205,11.714975845410628,5.991680085882985,9.07139023081052,9.232420826623725,0.05367686527106817,1.9659151905528718,,
79,6.407675791733762,1.093666129898014,39.55314009661836,15.022812667740205,11.473429951690822,5.991680085882985,9.420289855072463,9.017713365539452,0.05367686527106817,1.9659151905528718,,
80,6.877348362855609,1.093666129898014,38.93585614600107,15.022812667740205,11.98336017176597,5.844068706387547,9.326355340848094,9.017713365539452,0.05367686527106817,1.8451422436929683,,
81,8.09849704777241,1.0735373054213635,38.14412238325282,13.600375738056897,12.667740203972087,5.810520665593129,9.29951690821256,9.406870638754697,0.05367686527106817,1.8451422436929683,,
82,8.80300590445518,1.0735373054213635,37.453032742887814,13.600375738056897,13.197799248523886,5.750134192163178,9.07139023081052,9.151905528717123,0.05367686527106817,1.8451422436929683,,
83,8.749329039184111,1.0735373054213635,36.983360171765966,13.600375738056897,12.74825550187869,5.038915727321524,10.037573805689748,9.86983360171766,0.05367686527106817,1.8451422436929683,,
84,8.682232957595277,1.0735373054213635,37.043746645195924,13.083735909822867,12.513419216317766,4.334406870638754,11.500268384326356,9.86983360171766,0.05367686527106817,1.8451422436929683,,
85,8.84326355340848,1.0735373054213635,36.36607622114869,13.083735909822867,12.513419216317766,4.320987654320987,11.500268384326356,10.399892646269459,0.05367686527106817,1.8451422436929683,,
86,8.99087493290392,1.0735373054213635,36.198336017176594,12.372517444981213,13.22463768115942,4.045893719806763,12.084004294149223,10.111379495437467,0.05367686527106817,1.8451422436929683,,
87,8.883521202361782,1.0735373054213635,38.687600644122384,12.338969404186795,12.68786902844874,4.03918411164788,11.963231347289318,8.13875469672571,0.05367686527106817,2.13365539452496,,
88,9.017713365539452,1.0735373054213635,38.439345142243695,12.258454106280194,13.419216317767042,3.9989264626945786,12.265163714439076,7.340311325818572,0.05367686527106817,2.13365539452496,,
89,9.131776704240472,1.0735373054213635,37.97638217928073,12.124261943102523,13.083735909822867,3.9855072463768115,12.130971551261407,8.232689210950081,0.05367686527106817,2.2074610842726785,,
90,9.098228663446054,0.8722490606548577,37.754965110037574,12.372517444981213,13.66076221148685,4.139828234031133,11.990069779924852,7.877079978529254,0.05367686527106817,2.1806226516371443,,
91,9.057971014492754,0.8722490606548577,37.82877079978529,12.265163714439076,13.81508319914117,4.139828234031133,11.969940955448202,7.823403113258186,0.05367686527106817,2.1739130434782608,,
92,8.816425120772946,0.8722490606548577,37.52012882447665,12.265163714439076,14.345142243692969,4.0995705850778315,11.708266237251744,8.145464304884594,0.05367686527106817,2.1739130434782608,,
93,9.27938808373591,0.8722490606548577,37.60735373054214,12.124261943102523,14.31159420289855,3.844605475040258,11.600912506709609,8.132045088566828,0.05367686527106817,2.1739130434782608,,
94,9.426999463231347,0.8722490606548577,37.453032742887814,12.325550187869029,14.13714439076758,3.844605475040258,11.600912506709609,8.111916264090176,0.05367686527106817,2.1739130434782608,,
95,9.614868491680086,0.8387010198604401,37.5,12.325550187869029,14.083467525496511,3.844605475040258,11.466720343531938,8.393719806763285,0.05367686527106817,1.8786902844873858,,
96,10.037573805689748,0.8252818035426731,37.33225979602791,12.191358024691358,13.70101986044015,3.8311862587224907,11.75523349436393,8.393719806763285,0.05367686527106817,1.8786902844873858,,
97,10.00402576489533,0.8118625872249061,37.68786902844874,11.855877616747183,13.238056897477188,3.8311862587224907,11.466720343531938,9.172034353193773,0.05367686527106817,1.8786902844873858,,
98,10.567632850241546,0.8118625872249061,36.480139559849704,12.439613526570048,13.050187869028449,3.8177670424047236,11.929683306494901,9.084809447128288,0.05367686527106817,1.7646269457863661,,
99,10.742082662372518,0.8118625872249061,36.26543209876543,12.211486849168008,13.003220611916264,3.8177670424047236,12.265163714439076,9.064680622651638,0.05367686527106817,1.7646269457863661,,
100,10.587761674718196,0.8118625872249061,35.99704777241009,12.191358024691358,12.426194310252281,3.099838969404187,12.144390767579173,10.923242082662373,0.05367686527106817,1.7646269457863661,,
101,10.312667740203972,0.8118625872249061,35.38647342995169,12.02361782071927,11.855877616747183,3.099838969404187,12.68786902844874,10.923242082662373,0.05367686527106817,2.844873859366613,,
102,8.984165324745035,0.8118625872249061,36.38620504562534,11.211755233494364,13.325281803542673,3.0394524959742353,12.084004294149223,10.218733225979603,0.05367686527106817,3.8848631239935587,,
103,9.265968867418144,0.8118625872249061,35.96349973161568,11.211755233494364,13.915727321524423,3.0394524959742353,11.929683306494901,9.923510466988727,0.05367686527106817,3.8848631239935587,,
104,9.473966720343531,0.8051529790660226,36.171497584541065,10.95679012345679,13.747987117552334,2.7979066022544283,12.654320987654321,9.628287707997853,0.05367686527106817,3.7104133118625873,,
105,9.440418679549115,0.8051529790660226,36.030595813204506,10.50053676865271,13.747987117552334,2.7979066022544283,12.654320987654321,10.258990874932904,0.05367686527106817,3.7104133118625873,,
106,8.876811594202898,0.798443370907139,38.1508319914117,10.245571658615138,12.47987117552335,2.7241009125067097,12.47987117552335,10.48040794417606,0.05367686527106817,3.7104133118625873,,
107,9.091519055287172,0.798443370907139,37.9495437466452,10.44015029522276,12.446323134728932,2.690552871712292,12.432903918411165,10.393183038110575,0.05367686527106817,3.7037037037037037,,
108,9.581320450885668,0.7447665056360708,37.21819645732689,10.876274825550189,12.419484702093397,2.690552871712292,12.432903918411165,10.393183038110575,0.05367686527106817,3.589640365002684,,
109,9.836285560923242,0.7447665056360708,37.21819645732689,10.876274825550189,12.164519592055823,2.690552871712292,12.432903918411165,10.393183038110575,0.05367686527106817,3.589640365002684,,
110,9.936929683306495,0.7447665056360708,36.902844873859365,11.513687600644122,12.144390767579173,2.690552871712292,12.245034889962426,10.393183038110575,0.05367686527106817,3.374932903918411,,
111,9.936929683306495,0.7447665056360708,36.902844873859365,11.513687600644122,12.788513150831992,2.690552871712292,11.647879763821793,10.34621578099839,0.05367686527106817,3.374932903918411,,
112,10.171765968867419,0.7447665056360708,36.8894256575416,11.513687600644122,12.647611379495437,2.690552871712292,11.647879763821793,10.265700483091788,0.05367686527106817,3.374932903918411,,
113,10.138217928073,0.7447665056360708,36.87600644122383,11.513687600644122,12.647611379495437,2.690552871712292,11.647879763821793,10.265700483091788,0.05367686527106817,3.421900161030596,,
114,10.272410091250672,0.7447665056360708,36.808910359635,12.06387546967257,12.640901771336553,2.690552871712292,11.647879763821793,9.655126140633387,0.05367686527106817,3.421900161030596,,
115,9.648416532474503,0.7447665056360708,36.70155662909286,12.057165861513688,12.52012882447665,2.6435856146001075,9.98389694041868,12.224906065485776,0.05367686527106817,3.421900161030596,,
116,9.71551261406334,0.7447665056360708,36.2788513150832,12.050456253354804,12.52012882447665,2.4557165861513686,9.836285560923242,12.922705314009661,0.05367686527106817,3.421900161030596,,
117,9.77589908749329,0.7447665056360708,35.91653247450349,10.916532474503489,13.768115942028986,1.6304347826086956,9.373322597960279,13.955984970477724,0.05367686527106817,3.864734299516908,,
118,9.916800858829845,0.7447665056360708,35.20531400966183,11.312399355877616,13.499731615673644,1.5767579173376274,10.138217928073,13.687600644122384,0.05367686527106817,3.864734299516908,,
119,9.614868491680086,0.7112184648416533,35.16505636070853,11.151368760064413,13.365539452495975,1.5767579173376274,10.091250670960816,14.40552871712292,0.05367686527106817,3.864734299516908,,
120,9.681964573268921,0.7112184648416533,34.35990338164251,11.406333870101985,13.305152979066023,1.5767579173376274,10.044283413848632,14.40552871712292,0.05367686527106817,4.455179817498658,,
121,9.789318303811058,0.7112184648416533,33.8768115942029,11.144659151905529,12.580515297906603,1.2815351583467525,9.708803005904455,16.398282340311326,0.05367686527106817,4.455179817498658,,
122,10.0979602791197,0.7112184648416533,33.12533548040794,11.842458400429415,12.580515297906603,1.2815351583467525,9.440418679549115,16.022544283413847,0.05367686527106817,4.8443370907139025,,
123,10.0979602791197,0.7112184648416533,33.12533548040794,11.842458400429415,12.580515297906603,1.2815351583467525,9.440418679549115,16.022544283413847,0.05367686527106817,4.8443370907139025,,
124,9.896672034353195,0.6642512077294686,33.21926999463231,11.594202898550725,12.580515297906603,1.2815351583467525,9.440418679549115,15.955448201825014,0.05367686527106817,5.314009661835748,,
125,9.480676328502415,0.6642512077294686,32.91733762748255,11.09098228663446,11.963231347289318,1.2345679012345678,8.964036500268385,18.317230273752013,0.05367686527106817,5.314009661835748,,
126,9.292807300053678,0.6642512077294686,32.13231347289318,11.614331723027375,11.90955448201825,1.2345679012345678,8.870101986044014,18.451422436929683,0.05367686527106817,5.776972624798712,,
127,9.326355340848094,0.6642512077294686,32.06521739130435,11.574074074074074,11.90955448201825,1.2077294685990339,8.970746108427267,18.451422436929683,0.05367686527106817,5.776972624798712,,
128,9.722222222222221,0.6508319914117016,31.890767579173378,14.070048309178745,10.218733225979603,1.2077294685990339,8.970746108427267,17.49194847020934,0.05367686527106817,5.723295759527644,,
129,9.722222222222221,0.6508319914117016,31.890767579173378,14.070048309178745,10.218733225979603,1.2077294685990339,8.970746108427267,17.49194847020934,0.05367686527106817,5.723295759527644,,
130,9.561191626409018,0.6508319914117016,31.890767579173378,13.6406333870102,9.473966720343531,1.2077294685990339,8.970746108427267,18.82716049382716,0.05367686527106817,5.723295759527644,,
131,9.950348899624261,0.6508319914117016,31.743156199677937,13.560118089103597,9.916800858829845,1.1876006441223832,8.433977455716587,18.780193236714975,0.05367686527106817,5.723295759527644,,
132,10.82259796027912,0.6508319914117016,31.092324208266238,13.419216317767042,9.876543209876543,1.1876006441223832,8.420558239398819,18.411164787976382,0.05367686527106817,6.0654857756307035,,
133,10.50053676865271,0.6508319914117016,30.763553408480945,12.909286097691895,8.796296296296296,1.1876006441223832,8.756038647342995,20.316693505099302,0.05367686527106817,6.0654857756307035,,
134,10.493827160493828,0.6508319914117016,30.730005367686527,12.399355877616747,8.796296296296296,1.1876006441223832,8.756038647342995,20.853462157809982,0.05367686527106817,5.555555555555555,0.5233494363929146,
135,10.38647342995169,0.6508319914117016,30.226784755770264,12.399355877616747,8.796296296296296,1.1876006441223832,8.756038647342995,20.840042941492218,0.05367686527106817,5.199946323134729,1.5029522275899088,
136,10.265700483091788,0.6508319914117016,29.53569511540526,12.942834138486312,8.695652173913043,1.1876006441223832,9.29951690821256,20.665593129361245,0.05367686527106817,5.199946323134729,1.5029522275899088,
137,10.265700483091788,0.6508319914117016,29.53569511540526,12.942834138486312,8.695652173913043,1.1876006441223832,9.29951690821256,20.665593129361245,0.05367686527106817,5.199946323134729,1.5029522275899088,
138,10.57434245840043,0.6508319914117016,29.367954911433173,12.942834138486312,8.695652173913043,1.1876006441223832,9.29951690821256,20.665593129361245,0.05367686527106817,5.199946323134729,1.3620504562533549,
139,10.721953837895867,0.6508319914117016,29.05931293612453,13.425925925925926,8.494363929146537,1.0534084809447128,9.863123993558776,20.115405260332796,0.05367686527106817,5.199946323134729,1.3620504562533549,
140,10.648148148148149,0.6508319914117016,28.784219001610307,12.86231884057971,8.494363929146537,1.0534084809447128,9.863123993558776,20.618625872249062,0.05367686527106817,5.609232420826624,1.3620504562533549,
141,10.648148148148149,0.6508319914117016,28.784219001610307,12.86231884057971,8.494363929146537,1.0534084809447128,9.863123993558776,20.618625872249062,0.05367686527106817,5.609232420826624,1.3620504562533549,
142,10.648148148148149,0.6508319914117016,28.784219001610307,12.86231884057971,8.494363929146537,1.0534084809447128,9.863123993558776,20.618625872249062,0.05367686527106817,5.609232420826624,1.3620504562533549,
143,10.466988727858293,0.6508319914117016,28.26086956521739,12.560386473429952,9.41358024691358,1.0534084809447128,9.621578099838969,21.135265700483092,0.05367686527106817,5.421363392377885,1.3620504562533549,
144,9.876543209876543,0.6038647342995169,28.864734299516908,12.47987117552335,9.789318303811058,1.0534084809447128,9.520933977455716,21.121846484165324,0.05367686527106817,5.314009661835748,1.3217928073000538,
145,9.23913043478261,0.6038647342995169,32.21953837895867,12.050456253354804,8.977455716586151,1.0534084809447128,9.29951690821256,19.867149758454108,0.05367686527106817,5.314009661835748,1.3217928073000538,
146,9.292807300053678,0.6038647342995169,32.21953837895867,12.050456253354804,8.977455716586151,1.0534084809447128,9.29951690821256,19.679280730005367,0.1878690284487386,5.314009661835748,1.3217928073000538,
147,8.836553945249598,0.6038647342995169,32.33360171765969,11.90955448201825,9.668545356951155,1.0534084809447128,9.01100375738057,19.679280730005367,0.1878690284487386,5.179817498658078,1.3217928073000538,0.2147074610842727
148,8.59500805152979,0.6038647342995169,32.59527643585615,11.513687600644122,9.668545356951155,1.0534084809447128,9.01100375738057,20.075147611379496,0.1878690284487386,5.159688674181428,1.3217928073000538,0.2147074610842727
149,8.675523349436393,0.43612453032742887,32.830112721417066,11.366076221148685,9.668545356951155,1.0534084809447128,9.01100375738057,20.075147611379496,0.1878690284487386,5.159688674181428,1.3217928073000538,0.2147074610842727
150,8.977455716586151,0.43612453032742887,32.67579173376275,11.366076221148685,9.668545356951155,1.0534084809447128,9.01100375738057,19.92753623188406,0.1878690284487386,5.159688674181428,1.3217928073000538,0.2147074610842727
151,8.977455716586151,0.43612453032742887,32.66237251744498,11.352657004830919,9.198872785829307,1.0534084809447128,9.01100375738057,20.50456253354804,0.1878690284487386,5.0791733762748255,1.3217928073000538,0.2147074610842727
152,8.635265700483092,0.43612453032742887,31.890767579173378,11.345947396672035,10.473698336017177,1.0534084809447128,8.856682769726248,20.591787439613526,0.15432098765432098,5.025496511003757,1.3217928073000538,0.2147074610842727
153,8.635265700483092,0.43612453032742887,31.99141170155663,11.305689747718732,10.473698336017177,1.0534084809447128,8.856682769726248,20.531400966183575,0.15432098765432098,5.025496511003757,1.3217928073000538,0.2147074610842727
154,8.756038647342995,0.43612453032742887,32.2061191626409,10.983628556092324,10.473698336017177,1.0534084809447128,8.84326355340848,20.531400966183575,0.15432098765432098,5.0993022007514766,1.247987117552335,0.2147074610842727
155,8.756038647342995,0.43612453032742887,32.2061191626409,10.983628556092324,10.473698336017177,1.0534084809447128,8.84326355340848,20.531400966183575,0.15432098765432098,5.0993022007514766,1.247987117552335,0.2147074610842727
156,8.84326355340848,0.43612453032742887,32.07192699946323,10.983628556092324,11.18491680085883,1.0534084809447128,8.84326355340848,19.867149758454108,0.15432098765432098,5.0993022007514766,1.247987117552335,0.2147074610842727
157,8.84326355340848,0.43612453032742887,32.2061191626409,10.849436392914654,11.18491680085883,1.0534084809447128,8.84326355340848,19.867149758454108,0.15432098765432098,5.0993022007514766,1.247987117552335,0.2147074610842727
158,8.84326355340848,0.43612453032742887,32.2061191626409,10.849436392914654,11.18491680085883,1.0534084809447128,8.84326355340848,19.867149758454108,0.15432098765432098,5.0993022007514766,1.247987117552335,0.2147074610842727
159,8.796296296296296,0.43612453032742887,31.716317767042405,10.849436392914654,11.18491680085883,1.0534084809447128,8.84326355340848,19.867149758454108,0.15432098765432098,5.636070853462158,1.247987117552335,0.2147074610842727
160,8.641975308641975,0.43612453032742887,31.642512077294686,10.849436392914654,10.990338164251208,1.0534084809447128,9.500805152979066,19.632313472893184,0.15432098765432098,5.636070853462158,1.247987117552335,0.2147074610842727
161,8.641975308641975,0.43612453032742887,31.642512077294686,10.849436392914654,10.990338164251208,1.0534084809447128,9.500805152979066,19.632313472893184,0.15432098765432098,5.636070853462158,1.247987117552335,0.2147074610842727
162,8.836553945249598,0.43612453032742887,31.642512077294686,11.392914653784219,10.93666129898014,1.0399892646269457,9.373322597960279,19.088835212023618,0.15432098765432098,5.636070853462158,1.247987117552335,0.2147074610842727
163,8.407139023081053,0.43612453032742887,31.40096618357488,11.392914653784219,10.93666129898014,1.0399892646269457,9.373322597960279,19.088835212023618,0.15432098765432098,6.367418142780462,1.1876006441223832,0.2147074610842727
164,8.407139023081053,0.43612453032742887,31.40096618357488,11.392914653784219,10.93666129898014,1.0399892646269457,9.373322597960279,19.088835212023618,0.15432098765432098,6.367418142780462,1.1876006441223832,0.2147074610842727
165,8.548040794417606,0.43612453032742887,31.260064412238325,11.392914653784219,10.93666129898014,1.0399892646269457,9.373322597960279,19.088835212023618,0.15432098765432098,6.367418142780462,1.1876006441223832,0.2147074610842727
166,8.548040794417606,0.43612453032742887,31.260064412238325,11.392914653784219,10.93666129898014,1.0399892646269457,9.373322597960279,19.088835212023618,0.15432098765432098,6.367418142780462,1.1876006441223832,0.2147074610842727
167,8.454106280193237,0.43612453032742887,31.226516371443907,11.936392914653783,10.923242082662373,1.0399892646269457,9.27938808373591,18.840579710144926,0.15432098765432098,5.884326355340848,1.6103059581320451,0.2147074610842727
168,8.715780998389693,0.43612453032742887,30.636070853462158,11.822329575952764,10.923242082662373,1.0399892646269457,9.265968867418144,18.57890499194847,0.15432098765432098,6.602254428341385,1.6103059581320451,0.2147074610842727
169,9.158615136876007,0.43612453032742887,30.636070853462158,11.627750939345143,10.923242082662373,1.0399892646269457,9.265968867418144,18.5252281266774,0.15432098765432098,6.575415995705851,1.442565754159957,0.2147074610842727
170,9.057971014492754,0.43612453032742887,30.73671497584541,11.627750939345143,10.923242082662373,1.0399892646269457,9.265968867418144,18.5252281266774,0.15432098765432098,6.575415995705851,1.442565754159957,0.2147074610842727
171,9.500805152979066,0.43612453032742887,29.71014492753623,11.627750939345143,10.923242082662373,1.0399892646269457,9.265968867418144,18.612453032742888,0.15432098765432098,7.071926999463232,1.442565754159957,0.2147074610842727
172,9.554482018250134,0.43612453032742887,29.636339237788512,11.332528180354267,10.923242082662373,1.0399892646269457,9.265968867418144,18.612453032742888,0.15432098765432098,7.387278582930757,1.442565754159957,0.2147074610842727
173,9.554482018250134,0.43612453032742887,29.1935050993022,10.923242082662373,10.923242082662373,1.0399892646269457,9.265968867418144,19.464573268921097,0.15432098765432098,7.387278582930757,1.442565754159957,0.2147074610842727
174,9.554482018250134,0.43612453032742887,29.1935050993022,10.923242082662373,11.366076221148685,1.0399892646269457,9.265968867418144,19.02173913043478,0.15432098765432098,7.387278582930757,1.442565754159957,0.2147074610842727
175,9.829575952764358,0.43612453032742887,29.1935050993022,10.903113258185721,11.366076221148685,1.0399892646269457,9.265968867418144,18.766774020397207,0.15432098765432098,7.387278582930757,1.442565754159957,0.2147074610842727
176,9.440418679549115,0.43612453032742887,28.039452495974235,10.889694041867955,11.366076221148685,1.0399892646269457,9.265968867418144,18.766774020397207,0.15432098765432098,9.802737520128824,0.5837359098228664,0.2147074610842727
177,9.581320450885668,0.43612453032742887,27.89855072463768,10.889694041867955,11.366076221148685,1.0399892646269457,9.265968867418144,18.766774020397207,0.15432098765432098,9.802737520128824,0.5837359098228664,0.2147074610842727
178,9.581320450885668,0.43612453032742887,27.85829307568438,10.84272678475577,11.621041331186259,1.0399892646269457,9.265968867418144,18.59903381642512,0.15432098765432098,9.802737520128824,0.5837359098228664,0.2147074610842727
179,9.581320450885668,0.43612453032742887,27.85829307568438,10.84272678475577,11.621041331186259,1.0399892646269457,9.265968867418144,18.59903381642512,0.15432098765432098,9.802737520128824,0.5837359098228664,0.2147074610842727
180,9.782608695652174,0.43612453032742887,27.76435856146001,10.00402576489533,11.614331723027375,1.0399892646269457,9.265968867418144,19.33709071390231,0.15432098765432098,9.802737520128824,0.5837359098228664,0.2147074610842727
181,9.836285560923242,0.43612453032742887,27.958937198067634,10.21202361782072,11.41304347826087,1.0399892646269457,9.25925925925926,19.088835212023618,0.15432098765432098,9.802737520128824,0.5837359098228664,0.2147074610842727
182,9.836285560923242,0.43612453032742887,27.958937198067634,10.21202361782072,11.41304347826087,1.0399892646269457,9.25925925925926,19.088835212023618,0.15432098765432098,9.802737520128824,0.5837359098228664,0.2147074610842727
183,9.930220075147611,0.43612453032742887,27.958937198067634,10.21202361782072,11.41304347826087,1.0399892646269457,9.25925925925926,19.088835212023618,0.15432098765432098,9.708803005904455,0.5837359098228664,0.2147074610842727
184,9.863123993558776,0.43612453032742887,28.307836822329577,10.111379495437467,11.41304347826087,0.7716049382716049,10.00402576489533,18.431293612453032,0.15432098765432098,9.708803005904455,0.5837359098228664,0.2147074610842727
185,9.957058507783145,0.4227053140096618,28.307836822329577,10.071121846484166,11.272141706924316,0.7716049382716049,10.00402576489533,18.38432635534085,0.15432098765432098,9.856414385399892,0.5837359098228664,0.2147074610842727
186,9.903381642512077,0.4227053140096618,27.9723564143854,10.071121846484166,11.272141706924316,0.7716049382716049,10.00402576489533,18.38432635534085,0.15432098765432098,10.245571658615138,0.5837359098228664,0.2147074610842727
187,9.88996242619431,0.4227053140096618,27.9723564143854,10.071121846484166,11.272141706924316,0.7716049382716049,10.00402576489533,18.270263016639827,0.28180354267310787,10.245571658615138,0.5837359098228664,0.2147074610842727
188,9.88996242619431,0.4227053140096618,27.9723564143854,10.071121846484166,11.272141706924316,0.7716049382716049,10.00402576489533,18.270263016639827,0.28180354267310787,10.245571658615138,0.5837359098228664,0.2147074610842727
189,10.111379495437467,0.4227053140096618,27.81803542673108,9.829575952764358,11.272141706924316,0.7716049382716049,10.00402576489533,18.4447128287708,0.28180354267310787,10.245571658615138,0.5837359098228664,0.2147074610842727
190,10.61460010735373,0.4227053140096618,27.730810520665592,9.554482018250134,11.272141706924316,0.7716049382716049,10.00402576489533,18.397745571658614,0.28180354267310787,10.413311862587225,0.322061191626409,0.2147074610842727
191,10.762211486849168,0.4227053140096618,27.51610305958132,9.614868491680086,11.272141706924316,0.7716049382716049,10.00402576489533,18.169618894256576,0.28180354267310787,10.648148148148149,0.322061191626409,0.2147074610842727
192,10.742082662372518,0.4227053140096618,27.51610305958132,9.232420826623725,11.245303274288782,0.7716049382716049,10.00402576489533,18.59903381642512,0.28180354267310787,10.648148148148149,0.322061191626409,0.2147074610842727
193,10.265700483091788,0.4227053140096618,27.51610305958132,11.802200751476114,11.178207192699947,0.7716049382716049,9.500805152979066,17.20343531937735,0.15432098765432098,10.648148148148149,0.322061191626409,0.2147074610842727
194,10.44015029522276,0.4227053140096618,27.408749329039185,11.782071926999464,11.178207192699947,0.7716049382716049,9.500805152979066,17.20343531937735,0.15432098765432098,10.601180891035963,0.322061191626409,0.2147074610842727
195,10.406602254428341,0.4227053140096618,27.408749329039185,12.338969404186795,10.896403650026839,0.7716049382716049,9.46725711218465,16.99543746645196,0.15432098765432098,10.601180891035963,0.322061191626409,0.2147074610842727
196,10.21202361782072,0.4227053140096618,27.603327965646805,12.325550187869029,10.661567364465915,0.7716049382716049,9.265968867418144,17.54562533548041,0.15432098765432098,10.50053676865271,0.322061191626409,0.2147074610842727
197,10.46027911969941,0.4092860976918948,27.542941492216855,12.453032742887816,10.661567364465915,0.7716049382716049,9.265968867418144,17.24369296833065,0.15432098765432098,10.50053676865271,0.322061191626409,0.2147074610842727
198,10.641438539989265,0.4092860976918948,27.314814814814813,11.594202898550725,11.520397208803006,0.7716049382716049,9.265968867418144,17.24369296833065,0.15432098765432098,10.547504025764896,0.322061191626409,0.2147074610842727
199,11.104401502952227,0.36231884057971014,27.17391304347826,11.594202898550725,11.520397208803006,0.7716049382716049,9.024422973698336,17.24369296833065,0.15432098765432098,10.513955984970478,0.322061191626409,0.2147074610842727
200,11.104401502952227,0.36231884057971014,27.66371443907676,11.131239935587761,11.520397208803006,0.7716049382716049,9.004294149221685,17.236983360171767,0.15432098765432098,10.513955984970478,0.322061191626409,0.2147074610842727
201,11.023886205045626,0.36231884057971014,27.214170692431562,11.104401502952227,11.627750939345143,0.7716049382716049,8.997584541062801,17.693236714975846,0.15432098765432098,10.513955984970478,0.322061191626409,0.2147074610842727
202,11.137949543746645,0.36231884057971014,27.100107353730543,11.104401502952227,11.627750939345143,0.7716049382716049,8.997584541062801,17.693236714975846,0.15432098765432098,10.513955984970478,0.322061191626409,0.2147074610842727
203,11.137949543746645,0.36231884057971014,27.100107353730543,11.05072463768116,11.627750939345143,0.7716049382716049,8.997584541062801,17.693236714975846,0.15432098765432098,10.567632850241546,0.322061191626409,0.2147074610842727
204,11.137949543746645,0.36231884057971014,27.100107353730543,11.05072463768116,11.3593666129898,0.7716049382716049,8.78287707997853,18.17632850241546,0.15432098765432098,10.567632850241546,0.322061191626409,0.2147074610842727
205,11.137949543746645,0.36231884057971014,27.100107353730543,11.05072463768116,11.3593666129898,0.7716049382716049,8.78287707997853,18.17632850241546,0.15432098765432098,10.567632850241546,0.322061191626409,0.2147074610842727
206,11.137949543746645,0.36231884057971014,27.100107353730543,11.05072463768116,11.3593666129898,0.7716049382716049,8.78287707997853,18.17632850241546,0.15432098765432098,10.567632850241546,0.322061191626409,0.2147074610842727
207,11.137949543746645,0.36231884057971014,27.100107353730543,11.05072463768116,11.3593666129898,0.7716049382716049,8.78287707997853,18.17632850241546,0.15432098765432098,10.567632850241546,0.322061191626409,0.2147074610842727
208,11.137949543746645,0.36231884057971014,27.073268921095007,11.05072463768116,11.09098228663446,0.7716049382716049,8.78287707997853,18.471551261406333,0.15432098765432098,10.567632850241546,0.322061191626409,0.2147074610842727
209,11.137949543746645,0.36231884057971014,27.026301663982824,10.84272678475577,11.09098228663446,0.7716049382716049,8.581588835212024,18.95464304884595,0.15432098765432098,10.540794417606012,0.322061191626409,0.2147074610842727
210,10.836017176596886,0.36231884057971014,26.99946323134729,10.84272678475577,11.09098228663446,0.7716049382716049,8.581588835212024,18.95464304884595,0.15432098765432098,9.923510466988727,1.2681159420289856,0.2147074610842727
