,40,45,50,51,53,52,41,54,55,49,48
0,6.038647342995169,88.479602791197,5.481749865807837,,,,,,,,
1,10.057702630166398,55.60923242082662,34.333064949006975,,,,,,,,
2,10.245571658615138,35.68840579710145,54.06602254428341,,,,,,,,
3,16.364734299516908,30.709876543209877,48.86607622114869,2.4892646269457863,1.570048309178744,,,,,,
4,17.773752012882447,26.341921631776703,51.82501341921632,2.4892646269457863,1.570048309178744,,,,,,
5,14.88191089640365,13.633923778851315,66.15002683843264,2.4892646269457863,2.844873859366613,,,,,,
6,17.028985507246375,12.97638217928073,61.63446054750403,5.636070853462158,2.7241009125067097,,,,,,
7,19.53166935050993,12.439613526570048,56.374127750939344,6.273483628556092,2.522812667740204,2.85829307568438,,,,,
8,16.988727858293075,9.29951690821256,62.0907139023081,6.4412238325281805,2.3215244229736984,2.85829307568438,,,,,
9,16.25067096081589,7.065217391304348,66.39828234031133,5.132850241545894,2.2946859903381642,2.85829307568438,,,,,
10,20.46430488459474,6.508319914117015,56.19296833064949,12.419484702093397,2.1269457863660763,2.2879763821792807,,,,,
11,22.7187332259796,6.1929683306494905,53.81105743424584,14.915458937198068,1.5365002683843263,0.8252818035426731,,,,,
12,26.952495974235106,6.166129898013956,49.18142780461621,14.828234031132581,1.1540526033279657,0.8252818035426731,0.8923778851315083,,,,
13,29.220343531937736,6.146001073537305,49.82555018786903,11.949812130971551,1.1406333870101986,0.8252818035426731,0.8923778851315083,,,,
14,25.34219001610306,5.542136339237788,52.985775630703166,11.949812130971551,2.563070316693505,0.7246376811594203,0.8923778851315083,,,,
15,24.644390767579175,4.931561996779388,50.677670424047236,14.257917337627482,2.563070316693505,2.033011272141707,0.8923778851315083,,,,
16,24.537037037037038,4.730273752012883,51.17418142780462,11.90955448201825,3.938539989264627,2.301395598497048,1.4090177133655395,,,,
17,17.458400429414922,3.851315083199141,64.10359634997316,6.152710681696189,3.938539989264627,1.9524959742351047,1.6572732152442298,0.8856682769726248,,,
18,24.362587224906065,3.4822866344605474,56.53515834675255,5.032206119162641,3.938539989264627,4.488727858293076,1.3821792807300053,0.7783145464304885,,,
19,23.939881910896403,3.374932903918411,51.06682769726248,8.09849704777241,3.280998389694042,5.421363392377885,2.5295222758990876,0.7783145464304885,1.5096618357487923,,
20,28.871443907675793,3.374932903918411,45.78636607622115,6.494900697799249,5.723295759527644,5.018786902844874,2.49597423510467,0.7783145464304885,1.4559849704777241,,
21,34.514224369296834,3.0864197530864197,42.7536231884058,5.340848094471283,5.381105743424584,4.327697262479871,2.3617820719269993,0.7783145464304885,1.4559849704777241,,
22,38.95598497047772,3.079710144927536,37.97638217928073,4.851046698872786,3.9452495974235107,6.843800322061192,2.200751476113795,0.6910896403650026,1.4559849704777241,,
23,33.44739667203435,2.4020397208803006,46.49087493290392,7.212828770799785,3.079710144927536,5.018786902844874,0.7380568974771873,0.35560923242082665,1.2546967257112185,,
24,33.3467525496511,2.3617820719269993,44.33038110574343,9.178743961352657,2.4020397208803006,6.031937734836285,0.7380568974771873,0.35560923242082665,1.2546967257112185,,
25,27.583199141170155,1.0466988727858293,54.29414922168545,8.494363929146537,1.2815351583467525,5.629361245303274,0.06038647342995169,0.35560923242082665,1.2546967257112185,,
26,32.07192699946323,1.0332796564680622,48.58427267847558,7.9106280193236715,3.8043478260869565,5.360976918947934,0.06038647342995169,0.35560923242082665,0.8185721953837896,,
27,37.21148684916801,0.8923778851315083,40.94873859366613,10.151637144390767,3.5762211486849167,5.984970477724101,0.06038647342995169,0.35560923242082665,0.8185721953837896,,
28,41.82769726247987,0.8923778851315083,37.02361782071927,10.091250670960816,3.0730005367686526,5.857487922705314,0.06038647342995169,0.35560923242082665,0.8185721953837896,,
29,43.46484165324745,0.6776704240472357,34.856414385399894,11.654589371980677,3.0730005367686526,5.656199677938808,0.06038647342995169,0.33548040794417605,0.2214170692431562,,
30,44.337090713902306,0.6709608158883521,32.6556629092861,11.560654857756306,2.9589371980676327,7.199409554482019,0.06038647342995169,0.33548040794417605,0.2214170692431562,,
31,46.14868491680086,0.6709608158883521,29.696725711218466,11.252012882447666,2.952227589908749,8.662104133118627,0.06038647342995169,0.33548040794417605,0.2214170692431562,,
32,49.4296833064949,0.6709608158883521,28.26086956521739,9.406870638754697,2.952227589908749,8.662104133118627,0.06038647342995169,0.33548040794417605,0.2214170692431562,,
33,49.87251744498121,0.6709608158883521,27.26113794954375,8.876811594202898,2.952227589908749,8.635265700483092,0.06038647342995169,0.33548040794417605,1.3352120236178207,,
34,52.925389157273216,0.6709608158883521,26.03327965646806,8.11862587224906,2.717391304347826,7.803274288781535,0.06038647342995169,0.33548040794417605,1.3352120236178207,,
35,54.69672571121846,0.6709608158883521,25.02012882447665,8.11862587224906,2.522812667740204,7.239667203435319,0.06038647342995169,0.33548040794417605,1.3352120236178207,,
36,57.427536231884055,0.6172839506172839,25.523349436392916,6.481481481481482,1.583467525496511,6.964573268921095,0.06038647342995169,0.0067096081588835215,1.3352120236178207,,
37,58.722490606548575,0.6172839506172839,24.349168008588297,6.367418142780462,1.5767579173376274,6.964573268921095,0.06038647342995169,0.0067096081588835215,1.3352120236178207,,
38,56.68276972624799,0.5568974771873323,26.69753086419753,6.146001073537305,1.5767579173376274,6.937734836285561,0.06038647342995169,0.0067096081588835215,1.3352120236178207,,
39,56.407675791733766,0.5568974771873323,25.91250670960816,6.146001073537305,1.5767579173376274,6.937734836285561,0.06038647342995169,1.06682769726248,1.3352120236178207,,
40,57.06521739130435,0.5568974771873323,24.54374664519592,7.763016639828234,2.8381642512077296,4.770531400966184,0.06038647342995169,1.06682769726248,1.3352120236178207,,
41,49.724906065485776,0.24825550187869028,31.843800322061192,6.099033816425121,2.8381642512077296,6.045356951154052,0.06038647342995169,1.8048845947396672,1.3352120236178207,,
42,51.06682769726248,0.24825550187869028,30.92458400429415,5.870907139023081,2.8381642512077296,5.904455179817498,0.06038647342995169,1.8048845947396672,1.2815351583467525,,
43,50.93263553408481,0.10064412238325282,32.139023081052066,5.723295759527644,2.831454643048846,5.12614063338701,0.06038647342995169,1.8048845947396672,1.2815351583467525,,
44,49.463231347289316,0.10064412238325282,34.70880300590446,4.7168545356951155,2.7979066022544283,5.112721417069243,0.06038647342995169,1.8048845947396672,1.2345679012345678,,
45,50.85212023617821,0.10064412238325282,31.796833064949006,6.468062265163715,2.771068169618894,4.911433172302737,0.06038647342995169,1.8048845947396672,1.2345679012345678,,
46,52.49597423510467,0.10064412238325282,30.152979066022546,6.468062265163715,2.771068169618894,4.911433172302737,0.06038647342995169,1.8048845947396672,1.2345679012345678,,
47,51.80488459473967,0.10064412238325282,27.979066022544284,9.473966720343531,2.771068169618894,4.797369833601718,0.06038647342995169,1.8048845947396672,1.2077294685990339,,
48,53.133387010198604,0.10064412238325282,23.845947396672035,11.822329575952764,2.49597423510467,6.3070316693505095,0.06038647342995169,1.0265700483091786,1.2077294685990339,,
49,43.96806226516372,0.10064412238325282,36.11782071926999,7.64224369296833,2.3349436392914655,7.541599570585078,0.06038647342995169,1.0265700483091786,1.2077294685990339,,
50,45.551529790660226,0.10064412238325282,33.93719806763285,7.595276435856146,1.8317230273752012,8.756038647342995,0.06038647342995169,0.9594739667203436,1.2077294685990339,,
51,47.48389694041868,0.10064412238325282,32.74288781535159,7.595276435856146,1.8317230273752012,8.017981749865807,0.06038647342995169,0.9594739667203436,1.2077294685990339,,
52,50.013419216317764,0.10064412238325282,31.13929146537842,7.118894256575416,1.8317230273752012,7.568438003220612,0.06038647342995169,0.9594739667203436,1.2077294685990339,,
53,52.4020397208803,0.10064412238325282,29.824208266237253,7.112184648416532,1.583467525496511,6.749865807836822,0.06038647342995169,0.9594739667203436,1.2077294685990339,,
54,50.18115942028985,0.10064412238325282,28.60305958132045,11.808910359634996,2.7979066022544283,5.4549114331723025,0.06038647342995169,0.5434782608695652,0.4495437466451959,,
55,51.73778851315083,0.10064412238325282,25.77831454643049,11.460010735373054,2.7979066022544283,7.098765432098766,0.06038647342995169,0.5233494363929146,0.4428341384863124,,
56,48.22195383789587,0.10064412238325282,26.744498121309714,13.030059044551798,2.7106816961889426,7.004830917874396,0.06038647342995169,0.5233494363929146,0.1610305958132045,1.442565754159957,
57,35.00402576489533,0.10064412238325282,47.26918947933441,9.574610842726784,2.2611379495437465,3.8378958668813743,0.06038647342995169,0.36231884057971014,0.08722490606548577,1.442565754159957,
58,36.20504562533548,0.10064412238325282,46.06816961889426,9.574610842726784,2.2611379495437465,3.8378958668813743,0.06038647342995169,0.36231884057971014,0.08722490606548577,1.442565754159957,
59,39.700751476113794,0.04696725711218465,43.12265163714439,9.16532474503489,2.2611379495437465,3.750670960815888,0.06038647342995169,0.36231884057971014,0.08722490606548577,1.442565754159957,
60,44.46457326892109,0.04696725711218465,41.14331723027375,7.112184648416532,2.046430488459474,3.3480944712828773,0.0067096081588835215,0.30193236714975846,0.08722490606548577,1.442565754159957,
61,45.94739667203435,0.04696725711218465,39.57997852925389,7.112184648416532,3.0595813204508855,2.8381642512077296,0.0067096081588835215,0.30193236714975846,0.08722490606548577,1.0198604401502953,
62,50.80515297906602,0.04696725711218465,35.54079441760601,6.790123456790123,2.563070316693505,2.8381642512077296,0.0067096081588835215,0.30193236714975846,0.08722490606548577,1.0198604401502953,
63,51.69753086419753,0.04696725711218465,34.98389694041868,6.602254428341385,2.5563607085346214,2.804616210413312,0.0067096081588835215,0.2281266774020397,0.05367686527106817,1.0198604401502953,
64,53.576221148684915,0.04696725711218465,30.951422436929683,6.072195383789587,5.24020397208803,2.804616210413312,0.0067096081588835215,0.2281266774020397,0.05367686527106817,1.0198604401502953,
65,52.48926462694579,0.04696725711218465,28.495705850778315,6.072195383789587,5.24020397208803,2.804616210413312,0.0067096081588835215,0.2281266774020397,0.05367686527106817,4.562533548040794,
66,54.94498121309716,0.04696725711218465,24.08078368223296,9.554482018250134,4.367954911433173,2.7442297369833604,0.0067096081588835215,0.2281266774020397,0.05367686527106817,3.9720880300590444,
67,57.33360171765969,0.04696725711218465,22.094739667203434,9.856414385399892,4.086151368760064,2.3215244229736984,0.0067096081588835215,0.2281266774020397,0.05367686527106817,3.9720880300590444,
68,56.11916264090177,0.04696725711218465,20.853462157809982,11.352657004830919,5.065754159957058,2.3215244229736984,0.0067096081588835215,0.2281266774020397,0.03354804079441761,3.9720880300590444,
69,58.73590982286635,0.04696725711218465,19.940955448201827,10.359634997316157,5.059044551798175,1.6170155662909287,0.0067096081588835215,0.2281266774020397,0.03354804079441761,3.9720880300590444,
70,59.225711218464845,0.04696725711218465,18.531937734836287,11.802200751476114,5.059044551798175,1.6170155662909287,0.0067096081588835215,0.2281266774020397,0.03354804079441761,3.44873859366613,
71,55.18652710681696,0.04696725711218465,20.974235104669887,10.715244229736983,5.01207729468599,1.6170155662909287,0.0067096081588835215,0.2281266774020397,0.03354804079441761,6.179549114331723,
72,56.28019323671498,,23.013955984970476,9.668545356951155,4.045893719806763,1.5029522275899088,,0.2281266774020397,0.03354804079441761,5.226784755770263,
73,58.581588835212024,,22.477187332259795,9.084809447128288,3.6634460547504024,1.5029522275899088,,0.2281266774020397,0.03354804079441761,4.428341384863124,
74,57.326892109500804,,21.021202361782073,11.79549114331723,3.6634460547504024,1.5029522275899088,,0.2281266774020397,0.03354804079441761,4.428341384863124,
75,59.88996242619431,,18.38432635534085,11.3191089640365,3.4621578099838968,1.5029522275899088,,1.4090177133655395,0.03354804079441761,3.9989264626945786,
76,56.05877616747182,,20.873590982286636,10.466988727858293,3.4420289855072466,1.4224369296833066,,1.4090177133655395,0.03354804079441761,6.293612453032743,
77,57.8166935050993,,19.847020933977454,10.466988727858293,2.7106816961889426,1.4224369296833066,,1.4090177133655395,0.03354804079441761,6.293612453032743,
78,59.88325281803543,,18.793612453032743,10.466988727858293,2.6502952227589907,1.4224369296833066,,0.5703166935050993,0.03354804079441761,6.179549114331723,
79,60.25228126677402,,18.015297906602253,9.494095544820183,4.086151368760064,1.4224369296833066,,0.5703166935050993,0.03354804079441761,6.125872249060655,
80,61.33252818035427,,17.11621041331186,9.31964573268921,4.086151368760064,1.415727321524423,,0.5703166935050993,0.03354804079441761,6.125872249060655,
81,63.191089640365,,16.606280193236714,8.769457863660762,3.2877079978529253,1.415727321524423,,0.5703166935050993,0.03354804079441761,6.125872249060655,
82,63.08373590982286,,16.243961352657006,9.25925925925926,3.2675791733762747,1.415727321524423,,0.5703166935050993,0.03354804079441761,6.125872249060655,
83,64.20424047235642,,15.499194847020934,8.984165324745035,3.2675791733762747,1.415727321524423,,0.5703166935050993,0.03354804079441761,6.025228126677402,
84,61.460010735373054,,18.572195383789587,6.830381105743425,2.9790660225442833,3.864734299516908,,0.23483628556092323,0.03354804079441761,6.025228126677402,
85,62.4194847020934,,17.163177670424048,6.655931293612453,2.965646806226516,3.656736446591519,,1.5029522275899088,0.03354804079441761,5.60252281266774,
86,63.58024691358025,,16.800858829844337,6.541867954911433,2.965646806226516,3.656736446591519,,1.4559849704777241,0.03354804079441761,4.9651100375738055,
87,63.7614063338701,,16.961889425657542,6.414385399892646,2.965646806226516,3.6231884057971016,,1.4559849704777241,0.03354804079441761,4.783950617283951,
88,66.25738056897477,,16.358024691358025,5.528717122920021,2.965646806226516,2.9790660225442833,,1.4224369296833066,0.0067096081588835215,4.4820182501341925,
89,67.19672571121846,,15.734031132581856,5.3341384863123995,2.965646806226516,2.9790660225442833,,1.4224369296833066,0.0067096081588835215,4.361245303274289,
90,67.27724100912506,,15.210681696188942,4.5960815888352125,2.5026838432635534,4.951690821256038,,1.4224369296833066,0.0067096081588835215,4.032474503488996,
91,67.86097691894793,,15.210681696188942,4.5960815888352125,2.5026838432635534,4.951690821256038,,1.4224369296833066,0.0067096081588835215,3.44873859366613,
92,69.35050993022007,,14.620236178207193,4.5960815888352125,2.4020397208803006,4.42163177670424,,1.1540526033279657,0.0067096081588835215,3.44873859366613,
93,70.8467525496511,,13.593666129898015,4.361245303274289,2.4020397208803006,4.274020397208803,,1.1540526033279657,0.0067096081588835215,3.361513687600644,
94,71.57809983896941,,13.311862587224907,3.911701556629093,2.4020397208803006,4.274020397208803,,1.1540526033279657,0.0067096081588835215,3.361513687600644,
95,72.12157809983897,,13.16425120772947,3.750670960815888,2.4020397208803006,4.274020397208803,,1.1540526033279657,0.0067096081588835215,3.126677402039721,
96,72.82608695652173,,12.801932367149758,3.6097691894793345,2.26784755770263,4.274020397208803,,1.1540526033279657,0.0067096081588835215,3.0595813204508855,
97,73.53059581320451,,12.352388620504563,3.5829307568438002,2.1068169618894257,4.274020397208803,,1.1540526033279657,0.0067096081588835215,2.9924852388620504,
98,73.65136876006441,,12.305421363392378,3.5829307568438002,2.1068169618894257,4.274020397208803,,1.1540526033279657,0.0067096081588835215,2.918679549114332,
99,72.47047772410092,,12.06387546967257,4.468599033816425,1.6975308641975309,4.133118625872249,,2.4154589371980677,0.0067096081588835215,2.7442297369833604,
100,73.329307568438,,11.506977992485238,4.166666666666667,1.6975308641975309,4.133118625872249,,2.4154589371980677,0.0067096081588835215,2.7442297369833604,
101,74.0606548577563,,11.399624261943103,4.092860976918948,1.6975308641975309,4.119699409554482,,2.3349436392914655,0.0067096081588835215,2.2879763821792807,
102,77.70397208803006,,10.86285560923242,3.750670960815888,1.556629092860977,3.307836822329576,,1.556629092860977,0.0067096081588835215,1.2546967257112185,
103,77.70397208803006,,10.86285560923242,3.750670960815888,1.556629092860977,3.307836822329576,,1.556629092860977,0.0067096081588835215,1.2546967257112185,
104,78.93183038110574,,9.923510466988727,3.717122920021471,1.556629092860977,3.307836822329576,,1.556629092860977,0.0067096081588835215,0.9997316156736447,
105,75.71121846484165,,9.386741814278047,2.5161030595813205,1.556629092860977,3.180354267310789,,1.556629092860977,0.0067096081588835215,6.085614600107354,
106,77.65700483091787,,9.024422973698336,2.5161030595813205,1.5297906602254427,2.2745571658615136,,0.9057971014492754,0.0067096081588835215,6.085614600107354,
107,78.71712292002147,,8.07836822329576,2.4154589371980677,1.5163714439076759,2.2745571658615136,,0.9057971014492754,0.0067096081588835215,6.085614600107354,
108,78.8714439076758,,7.930756843800322,2.4154589371980677,1.5163714439076759,2.2745571658615136,,0.9057971014492754,0.0067096081588835215,6.078904991948471,
109,79.25389157273216,,7.930756843800322,2.0799785292538915,1.5163714439076759,2.227589908749329,,0.9057971014492754,0.0067096081588835215,6.078904991948471,
110,80.01878690284488,,7.568438003220612,1.9994632313472893,1.5163714439076759,2.227589908749329,,0.9057971014492754,0.0067096081588835215,5.756843800322061,
111,81.32716049382717,,7.118894256575416,1.9592055823939882,1.4895330112721417,2.227589908749329,,0.9057971014492754,0.0067096081588835215,4.9651100375738055,
112,81.44793344068707,,6.998121309715513,1.9592055823939882,1.4895330112721417,2.227589908749329,,0.9057971014492754,0.0067096081588835215,4.9651100375738055,
113,82.43424584004295,,6.052066559312936,1.932367149758454,1.482823403113258,2.2208803005904456,,0.9057971014492754,0.0067096081588835215,4.9651100375738055,
114,82.71604938271605,,5.931293612453032,1.932367149758454,1.482823403113258,2.059849704777241,,0.9057971014492754,0.0067096081588835215,4.9651100375738055,
115,82.79656468062265,,5.931293612453032,1.932367149758454,1.482823403113258,1.9793344068706387,,0.9057971014492754,0.0067096081588835215,4.9651100375738055,
116,83.47423510466989,,5.360976918947934,1.8250134192163177,1.482823403113258,1.9793344068706387,,0.9057971014492754,0.0067096081588835215,4.9651100375738055,
117,83.8768115942029,,4.99194847020934,1.8048845947396672,1.482823403113258,1.9793344068706387,,0.9057971014492754,0.0067096081588835215,4.951690821256038,
118,84.82957595276436,,4.757112184648417,1.5633387010198605,1.2278582930756843,1.9793344068706387,,0.9057971014492754,0.0067096081588835215,4.730273752012883,
119,84.98389694041867,,4.663177670424047,1.5633387010198605,1.2278582930756843,1.9189479334406871,,0.9057971014492754,0.0067096081588835215,4.730273752012883,
120,85.40660225442834,,4.555823939881911,1.247987117552335,1.2278582930756843,1.9189479334406871,,0.9057971014492754,0.0067096081588835215,4.730273752012883,
121,85.97020933977456,,4.3478260869565215,1.247987117552335,0.8722490606548577,1.9189479334406871,,0.9057971014492754,0.0067096081588835215,4.730273752012883,
122,85.97020933977456,,4.3478260869565215,1.247987117552335,0.8722490606548577,1.9189479334406871,,0.9057971014492754,0.0067096081588835215,4.730273752012883,
123,86.63446054750402,,4.106280193236715,1.2144390767579174,0.8722490606548577,1.5297906602254427,,0.9057971014492754,0.0067096081588835215,4.730273752012883,
124,87.08400429414922,,3.8177670424047236,1.1540526033279657,0.8655394524959742,1.4761137949543746,,0.8655394524959742,0.0067096081588835215,4.730273752012883,
125,87.30542136339238,,3.8177670424047236,1.1473429951690821,0.8521202361782072,1.2748255501878691,,0.8655394524959742,0.0067096081588835215,4.730273752012883,
126,87.42619431025228,,3.7640901771336552,1.1406333870101986,0.7917337627482555,1.2748255501878691,,0.8655394524959742,0.0067096081588835215,4.730273752012883,
127,87.60735373054213,,3.7037037037037037,1.1406333870101986,0.7917337627482555,1.1540526033279657,,0.8655394524959742,0.0067096081588835215,4.730273752012883,
128,88.06360708534622,,3.7037037037037037,0.95276435856146,0.7716049382716049,1.133923778851315,,0.6374127750939346,0.0067096081588835215,4.730273752012883,
129,88.33199141170155,,3.7037037037037037,0.9460547504025765,0.6172839506172839,1.133923778851315,,0.6374127750939346,0.0067096081588835215,4.622920021470746,
130,88.58024691358025,,3.6366076221148687,0.9460547504025765,0.6172839506172839,1.133923778851315,,0.6374127750939346,0.0067096081588835215,4.441760601180891,
131,89.21765968867417,,3.629898013955985,0.9460547504025765,0.6172839506172839,1.133923778851315,,0.6374127750939346,0.0067096081588835215,3.81105743424584,
132,89.84836285560924,,3.629898013955985,0.9393451422436929,0.6172839506172839,1.133923778851315,,0.6374127750939346,0.0067096081588835215,3.1870638754696725,
133,90.70719269994632,,3.5091250670960816,0.5032206119162641,0.6172839506172839,0.8387010198604401,,0.6374127750939346,0.0067096081588835215,3.180354267310789,
134,90.70719269994632,,3.5091250670960816,0.5032206119162641,0.6172839506172839,0.8387010198604401,,0.6374127750939346,0.0067096081588835215,3.180354267310789,
135,90.74745034889962,,3.475577026301664,0.49651100375738055,0.6172839506172839,0.8387010198604401,,0.6374127750939346,0.0067096081588835215,3.180354267310789,
136,91.24396135265701,,3.4621578099838968,0.48980139559849706,0.5300590445517982,0.8387010198604401,,0.6374127750939346,0.0067096081588835215,2.791196994095545,
137,91.66666666666667,,3.240740740740741,0.48980139559849706,0.5300590445517982,0.798443370907139,,0.6374127750939346,0.0067096081588835215,2.6301663982823404,
138,91.66666666666667,,3.240740740740741,0.48980139559849706,0.5300590445517982,0.798443370907139,,0.6374127750939346,0.0067096081588835215,2.6301663982823404,
139,91.70692431561997,,3.2139023081052067,0.48980139559849706,0.5166398282340311,0.798443370907139,,0.6374127750939346,0.0067096081588835215,2.6301663982823404,
140,91.76731078904992,,3.1736446591519054,0.48980139559849706,0.5166398282340311,0.785024154589372,,0.630703166935051,0.0067096081588835215,2.6301663982823404,
141,91.8142780461621,,3.1736446591519054,0.46296296296296297,0.5166398282340311,0.785024154589372,,0.630703166935051,0.0067096081588835215,2.61003757380569,
142,91.8142780461621,,3.1736446591519054,0.46296296296296297,0.5166398282340311,0.785024154589372,,0.630703166935051,0.0067096081588835215,2.61003757380569,
143,90.3918411164788,,3.0931293612453032,0.4495437466451959,0.5166398282340311,2.301395598497048,,0.630703166935051,0.0067096081588835215,2.61003757380569,
144,90.0228126677402,,2.999194847020934,0.4495437466451959,0.9796027911969941,2.301395598497048,,0.630703166935051,0.0067096081588835215,2.61003757380569,
145,90.0228126677402,,2.999194847020934,0.4495437466451959,0.9796027911969941,2.301395598497048,,0.630703166935051,0.0067096081588835215,2.61003757380569,
146,90.04294149221685,,2.999194847020934,0.4495437466451959,0.9796027911969941,2.301395598497048,,0.630703166935051,0.0067096081588835215,2.589908749329039,
147,88.8016639828234,,2.9924852388620504,0.43612453032742887,0.9796027911969941,3.589640365002684,,0.630703166935051,0.0067096081588835215,2.563070316693505,
148,88.80837359098228,,2.985775630703167,0.43612453032742887,0.9796027911969941,3.589640365002684,,0.630703166935051,0.0067096081588835215,2.563070316693505,
149,88.85534084809447,,2.952227589908749,0.43612453032742887,0.966183574879227,3.589640365002684,,0.630703166935051,0.0067096081588835215,2.563070316693505,
150,89.84165324745035,,2.804616210413312,0.43612453032742887,0.9594739667203436,2.757648953301127,,0.630703166935051,0.0067096081588835215,2.563070316693505,
151,86.3996242619431,,2.7509393451422435,0.43612453032742887,2.428878153515835,2.757648953301127,,0.630703166935051,0.0067096081588835215,1.5633387010198605,3.026033279656468
152,86.47342995169082,,2.677133655394525,0.43612453032742887,2.428878153515835,2.757648953301127,,0.630703166935051,0.0067096081588835215,1.5633387010198605,3.026033279656468
153,86.58078368223296,,2.6502952227589907,0.4227053140096618,2.428878153515835,2.690552871712292,,0.630703166935051,0.0067096081588835215,1.5633387010198605,3.026033279656468
154,86.70155662909286,,2.5295222758990876,0.4227053140096618,2.428878153515835,2.690552871712292,,0.630703166935051,0.0067096081588835215,1.5633387010198605,3.026033279656468
155,86.87600644122384,,2.462426194310252,0.4227053140096618,2.428878153515835,2.690552871712292,,0.630703166935051,0.0067096081588835215,1.4559849704777241,3.026033279656468
156,86.87600644122384,,2.462426194310252,0.4227053140096618,2.428878153515835,2.690552871712292,,0.630703166935051,0.0067096081588835215,1.4559849704777241,3.026033279656468
157,87.17122920021471,,2.462426194310252,0.4227053140096618,2.428878153515835,2.690552871712292,,0.630703166935051,0.0067096081588835215,1.4559849704777241,2.7308105206655933
158,87.51341921631777,,2.4490069779924855,0.41599570585077833,2.428878153515835,2.368491680085883,,0.630703166935051,0.0067096081588835215,1.4559849704777241,2.7308105206655933
159,88.02334943639292,,2.341653247450349,0.41599570585077833,2.033011272141707,2.368491680085883,,0.6239935587761675,0.0067096081588835215,1.4559849704777241,2.7308105206655933
160,88.06360708534622,,2.3349436392914655,0.41599570585077833,2.033011272141707,2.3349436392914655,,0.6239935587761675,0.0067096081588835215,1.4559849704777241,2.7308105206655933
161,88.1105743424584,,2.3349436392914655,0.36902844873859364,2.033011272141707,2.3349436392914655,,0.6239935587761675,0.0067096081588835215,1.4559849704777241,2.7308105206655933
162,88.14412238325282,,2.301395598497048,0.36902844873859364,2.033011272141707,2.3349436392914655,,0.6239935587761675,0.0067096081588835215,1.4559849704777241,2.7308105206655933
163,88.14412238325282,,2.301395598497048,0.36902844873859364,2.033011272141707,2.3349436392914655,,0.6239935587761675,0.0067096081588835215,1.4559849704777241,2.7308105206655933
164,88.20450885668276,,2.2410091250670963,0.36902844873859364,2.033011272141707,2.3349436392914655,,0.6239935587761675,0.0067096081588835215,1.4559849704777241,2.7308105206655933
165,88.20450885668276,,2.2410091250670963,0.36902844873859364,2.033011272141707,2.3349436392914655,,0.6239935587761675,0.0067096081588835215,1.4559849704777241,2.7308105206655933
166,86.49355877616748,,2.2410091250670963,0.36902844873859364,2.033011272141707,2.15378421900161,,0.6239935587761675,0.0067096081588835215,3.3480944712828773,2.7308105206655933
167,86.77536231884058,,2.2410091250670963,0.36902844873859364,2.006172839506173,2.15378421900161,,0.6239935587761675,0.0067096081588835215,3.0931293612453032,2.7308105206655933
168,86.77536231884058,,2.2410091250670963,0.36902844873859364,2.006172839506173,2.15378421900161,,0.6239935587761675,0.0067096081588835215,3.0931293612453032,2.7308105206655933
169,84.15861513687601,,2.2410091250670963,0.2683843263553409,1.9994632313472893,1.8115942028985508,,0.5099302200751477,0.0067096081588835215,6.273483628556092,2.7308105206655933
170,84.15861513687601,,2.2410091250670963,0.2683843263553409,1.9994632313472893,1.8115942028985508,,0.5099302200751477,0.0067096081588835215,6.273483628556092,2.7308105206655933
171,84.6886741814278,,2.2410091250670963,0.2616747181964573,1.9994632313472893,1.8115942028985508,,0.5099302200751477,0.0067096081588835215,5.750134192163178,2.7308105206655933
172,84.6886741814278,,2.2410091250670963,0.2616747181964573,1.9994632313472893,1.8115942028985508,,0.5099302200751477,0.0067096081588835215,5.750134192163178,2.7308105206655933
173,84.6886741814278,,2.2410091250670963,0.2616747181964573,1.9994632313472893,1.8115942028985508,,0.5099302200751477,0.0067096081588835215,5.750134192163178,2.7308105206655933
174,84.82286634460547,,2.1068169618894257,0.2616747181964573,1.9994632313472893,1.8115942028985508,,0.5099302200751477,0.0067096081588835215,5.750134192163178,2.7308105206655933
175,84.82286634460547,,2.1068169618894257,0.2616747181964573,1.9994632313472893,1.8115942028985508,,0.5099302200751477,0.0067096081588835215,5.750134192163178,2.7308105206655933
176,84.82957595276436,,2.1068169618894257,0.2616747181964573,1.9994632313472893,1.8048845947396672,,0.5099302200751477,0.0067096081588835215,5.750134192163178,2.7308105206655933
177,85.15163714439076,,2.100107353730542,0.2616747181964573,1.8317230273752012,1.8048845947396672,,0.5099302200751477,0.0067096081588835215,5.60252281266774,2.7308105206655933
178,85.15163714439076,,2.100107353730542,0.2616747181964573,1.8317230273752012,1.8048845947396672,,0.5099302200751477,0.0067096081588835215,5.60252281266774,2.7308105206655933
179,85.2589908749329,,2.006172839506173,0.2616747181964573,1.8183038110574343,1.8048845947396672,,0.5099302200751477,0.0067096081588835215,5.60252281266774,2.7308105206655933
180,85.74208266237251,,2.006172839506173,0.2616747181964573,1.8183038110574343,1.8048845947396672,,0.5099302200751477,0.0067096081588835215,5.119431025228127,2.7308105206655933
181,85.77563070316694,,2.006172839506173,0.2616747181964573,1.8183038110574343,1.8048845947396672,,0.47638217928073,0.0067096081588835215,5.119431025228127,2.7308105206655933
182,85.78234031132583,,2.006172839506173,0.2616747181964573,1.8115942028985508,1.8048845947396672,,0.47638217928073,0.0067096081588835215,5.119431025228127,2.7308105206655933
183,86.15136876006441,,1.9994632313472893,0.2616747181964573,1.5297906602254427,1.8048845947396672,,0.39586688137412773,0.0067096081588835215,5.119431025228127,2.7308105206655933
184,86.30568974771873,,1.8585614600107354,0.2616747181964573,1.5297906602254427,1.8048845947396672,,0.3824476650563607,0.0067096081588835215,5.119431025228127,2.7308105206655933
185,86.7619431025228,,1.8451422436929683,0.2616747181964573,1.5297906602254427,1.7981749865807837,,0.3824476650563607,0.0067096081588835215,4.683306494900698,2.7308105206655933
186,86.85587761674718,,1.7914653784219001,0.2616747181964573,1.4895330112721417,1.7981749865807837,,0.3824476650563607,0.0067096081588835215,4.683306494900698,2.7308105206655933
187,87.15780998389694,,1.5096618357487923,0.24154589371980675,1.4895330112721417,1.7981749865807837,,0.3824476650563607,0.0067096081588835215,4.683306494900698,2.7308105206655933
188,87.17122920021471,,1.5096618357487923,0.24154589371980675,1.4895330112721417,1.7981749865807837,,0.36902844873859364,0.0067096081588835215,4.683306494900698,2.7308105206655933
189,87.20477724100913,,1.5096618357487923,0.24154589371980675,1.4895330112721417,1.7646269457863661,,0.36902844873859364,0.0067096081588835215,4.683306494900698,2.7308105206655933
190,87.20477724100913,,1.5096618357487923,0.24154589371980675,1.4895330112721417,1.7646269457863661,,0.36902844873859364,0.0067096081588835215,4.683306494900698,2.7308105206655933
191,87.69457863660762,,1.5096618357487923,0.24154589371980675,1.4895330112721417,1.7646269457863661,,0.36902844873859364,0.0067096081588835215,4.193505099302201,2.7308105206655933
192,87.71470746108427,,1.5096618357487923,0.24154589371980675,1.4694041867954912,1.7646269457863661,,0.36902844873859364,0.0067096081588835215,4.193505099302201,2.7308105206655933
193,87.94954374664519,,1.42914653784219,0.24154589371980675,1.4694041867954912,1.6103059581320451,,0.36902844873859364,0.0067096081588835215,4.193505099302201,2.7308105206655933
194,84.87654320987654,,3.435319377348363,0.2214170692431562,1.4694041867954912,1.6103059581320451,,1.4559849704777241,0.0067096081588835215,4.193505099302201,2.7308105206655933
195,84.87654320987654,,3.435319377348363,0.2214170692431562,1.4694041867954912,1.6103059581320451,,1.4559849704777241,0.0067096081588835215,4.193505099302201,2.7308105206655933
196,85.24557165861513,,3.066290928609769,0.2214170692431562,1.4694041867954912,1.6103059581320451,,1.4559849704777241,0.0067096081588835215,4.193505099302201,2.7308105206655933
197,85.76221148684917,,3.0327428878153517,0.2214170692431562,1.4694041867954912,1.6103059581320451,,1.4559849704777241,0.0067096081588835215,4.193505099302201,2.24771873322598
198,86.70155662909286,,2.8918411164787976,0.2214170692431562,1.4694041867954912,1.1607622114868492,,1.4559849704777241,0.0067096081588835215,4.193505099302201,1.8988191089640365
199,86.72839506172839,,2.8918411164787976,0.2214170692431562,1.4694041867954912,1.1607622114868492,,1.4559849704777241,0.0067096081588835215,4.166666666666667,1.8988191089640365
200,86.72839506172839,,2.8918411164787976,0.2214170692431562,1.4694041867954912,1.1607622114868492,,1.4559849704777241,0.0067096081588835215,4.166666666666667,1.8988191089640365
201,86.86929683306495,,2.8918411164787976,0.2214170692431562,1.4694041867954912,1.1607622114868492,,1.4559849704777241,0.0067096081588835215,4.025764895330113,1.8988191089640365
202,86.99677938808374,,2.8918411164787976,0.2214170692431562,1.4694041867954912,1.1137949543746646,,1.4559849704777241,0.0067096081588835215,4.025764895330113,1.8183038110574343
203,87.10413311862587,,2.8918411164787976,0.2214170692431562,1.4694041867954912,1.0332796564680622,,1.4559849704777241,0.0067096081588835215,3.9989264626945786,1.8183038110574343
204,87.7818035426731,,2.8918411164787976,0.19457863660762212,1.4694041867954912,1.0332796564680622,,1.4559849704777241,0.0067096081588835215,3.8915727321524423,1.2748255501878691
205,89.00966183574879,,1.751207729468599,0.19457863660762212,1.4694041867954912,1.0332796564680622,,1.4559849704777241,0.0067096081588835215,3.8043478260869565,1.2748255501878691
206,89.26462694578636,,1.6438539989264627,0.19457863660762212,1.3217928073000538,1.0332796564680622,,1.4559849704777241,0.0067096081588835215,3.8043478260869565,1.2748255501878691
207,89.26462694578636,,1.6438539989264627,0.19457863660762212,1.3217928073000538,1.0332796564680622,,1.4559849704777241,0.0067096081588835215,3.8043478260869565,1.2748255501878691
208,89.26462694578636,,1.6438539989264627,0.19457863660762212,1.3217928073000538,1.0332796564680622,,1.4559849704777241,0.0067096081588835215,3.8043478260869565,1.2748255501878691
209,89.32501341921632,,1.583467525496511,0.19457863660762212,1.3217928073000538,1.0332796564680622,,1.4559849704777241,0.0067096081588835215,3.8043478260869565,1.2748255501878691
210,89.38539989264628,,1.583467525496511,0.19457863660762212,1.3217928073000538,0.9728931830381106,,1.4559849704777241,0.0067096081588835215,3.8043478260869565,1.2748255501878691
211,89.38539989264628,,1.583467525496511,0.19457863660762212,1.3217928073000538,0.9728931830381106,,1.4559849704777241,0.0067096081588835215,3.8043478260869565,1.2748255501878691
212,89.38539989264628,,1.583467525496511,0.19457863660762212,1.3217928073000538,0.9728931830381106,,1.4559849704777241,0.0067096081588835215,3.8043478260869565,1.2748255501878691
213,89.38539989264628,,1.583467525496511,0.19457863660762212,1.3217928073000538,0.9728931830381106,,1.4559849704777241,0.0067096081588835215,3.8043478260869565,1.2748255501878691
214,89.38539989264628,,1.583467525496511,0.19457863660762212,1.3217928073000538,0.9728931830381106,,1.4559849704777241,0.0067096081588835215,3.8043478260869565,1.2748255501878691
215,89.9020397208803,,1.583467525496511,0.19457863660762212,1.3217928073000538,0.9728931830381106,,1.4559849704777241,0.0067096081588835215,3.569511540526033,0.9930220075147611
216,90.28448738593666,,1.583467525496511,0.19457863660762212,1.3217928073000538,0.9728931830381106,,1.4559849704777241,0.0067096081588835215,3.1870638754696725,0.9930220075147611
217,90.3515834675255,,1.583467525496511,0.19457863660762212,1.3217928073000538,0.9728931830381106,,1.4559849704777241,0.0067096081588835215,3.1199677938808374,0.9930220075147611
218,89.63365539452496,,1.583467525496511,1.3888888888888888,1.3217928073000538,0.9728931830381106,,1.4559849704777241,0.0067096081588835215,2.6435856146001075,0.9930220075147611
219,89.64036500268384,,1.583467525496511,1.3821792807300053,1.3217928073000538,0.9728931830381106,,1.4559849704777241,0.0067096081588835215,2.6435856146001075,0.9930220075147611
220,89.64036500268384,,1.583467525496511,1.3821792807300053,1.3217928073000538,0.9728931830381106,,1.4559849704777241,0.0067096081588835215,2.6435856146001075,0.9930220075147611
221,89.75442834138487,,1.570048309178744,1.3821792807300053,1.2748255501878691,0.9728931830381106,,1.402308105206656,0.0067096081588835215,2.6435856146001075,0.9930220075147611
222,89.75442834138487,,1.570048309178744,1.3821792807300053,1.2748255501878691,0.9728931830381106,,1.402308105206656,0.0067096081588835215,2.6435856146001075,0.9930220075147611
223,89.75442834138487,,1.570048309178744,1.3821792807300053,1.2748255501878691,0.9728931830381106,,1.402308105206656,0.0067096081588835215,2.6435856146001075,0.9930220075147611
224,89.9825550187869,,1.4761137949543746,1.3821792807300053,1.1540526033279657,0.9594739667203436,,1.402308105206656,0.0067096081588835215,2.6435856146001075,0.9930220075147611
225,90.29119699409554,,1.4761137949543746,1.3821792807300053,1.1540526033279657,0.9594739667203436,,1.402308105206656,0.0067096081588835215,2.3349436392914655,0.9930220075147611
226,90.90177133655395,,1.2949543746645196,1.3016639828234031,1.1540526033279657,0.7246376811594203,,1.402308105206656,0.0067096081588835215,2.3349436392914655,0.8789586688137413
227,90.90177133655395,,1.2949543746645196,1.3016639828234031,1.1540526033279657,0.7246376811594203,,1.402308105206656,0.0067096081588835215,2.3349436392914655,0.8789586688137413
228,91.10976918947934,,1.093666129898014,1.2949543746645196,1.1540526033279657,0.7246376811594203,,1.402308105206656,0.0067096081588835215,2.3349436392914655,0.8789586688137413
229,91.12989801395598,,1.0735373054213635,1.2949543746645196,1.1540526033279657,0.7246376811594203,,1.402308105206656,0.0067096081588835215,2.3349436392914655,0.8789586688137413
230,91.12989801395598,,1.0735373054213635,1.2949543746645196,1.1540526033279657,0.7246376811594203,,1.402308105206656,0.0067096081588835215,2.3349436392914655,0.8789586688137413
231,91.12989801395598,,1.0735373054213635,1.2949543746645196,1.1540526033279657,0.7246376811594203,,1.402308105206656,0.0067096081588835215,2.3349436392914655,0.8789586688137413
232,91.12989801395598,,1.0735373054213635,1.2949543746645196,1.1540526033279657,0.7246376811594203,,1.402308105206656,0.0067096081588835215,2.3349436392914655,0.8789586688137413
233,91.20370370370371,,1.0265700483091786,1.2681159420289856,1.1540526033279657,0.7246376811594203,,1.402308105206656,0.0067096081588835215,2.3349436392914655,0.8789586688137413
234,91.20370370370371,,1.0265700483091786,1.2681159420289856,1.1540526033279657,0.7246376811594203,,1.402308105206656,0.0067096081588835215,2.3349436392914655,0.8789586688137413
235,91.92163177670425,,1.0265700483091786,0.8990874932903918,1.1540526033279657,0.7246376811594203,,1.402308105206656,0.0067096081588835215,1.9860440150295222,0.8789586688137413
236,91.95517981749866,,1.0265700483091786,0.8990874932903918,1.1540526033279657,0.6910896403650026,,1.402308105206656,0.0067096081588835215,1.9860440150295222,0.8789586688137413
237,91.95517981749866,,1.0265700483091786,0.8990874932903918,1.1540526033279657,0.6910896403650026,,1.402308105206656,0.0067096081588835215,1.9860440150295222,0.8789586688137413
238,91.95517981749866,,1.0265700483091786,0.8990874932903918,1.1540526033279657,0.6910896403650026,,1.402308105206656,0.0067096081588835215,1.9860440150295222,0.8789586688137413
