,40,45,50,55,51,53,54,52,41,49,47,48
0,1.4694041867954912,87.01019860440151,11.520397208803006,,,,,,,,,
1,2.536231884057971,53.878153515834676,43.585614600107355,,,,,,,,,
2,3.5292538915727323,33.66881374127751,62.03703703703704,0.7648953301127214,,,,,,,,
3,4.884594739667204,28.428609769189478,58.95061728395062,2.38191089640365,2.898550724637681,2.4557165861513686,,,,,,
4,5.703166935050993,24.550456253354803,59.05126140633387,4.092860976918948,2.898550724637681,2.4490069779924855,1.2546967257112185,,,,,
5,3.8311862587224907,13.137412775093935,71.8263553408481,3.9049919484702094,2.4355877616747184,4.294149221685454,0.5703166935050993,,,,,
6,6.521739130434782,11.808910359634996,66.80085882984433,5.10601180891036,5.58239398819109,3.629898013955985,0.5501878690284487,,,,,
7,10.057702630166398,11.11111111111111,59.41358024691358,5.9447128287707995,6.219806763285024,2.7844873859366612,1.6103059581320451,2.85829307568438,,,,
8,9.01100375738057,8.641975308641975,62.39935587761675,5.756843800322061,6.387546967257112,3.240740740740741,1.7444981213097155,2.818035426731079,,,,
9,8.749329039184111,6.796833064949007,61.99677938808374,8.521202361782072,5.730005367686527,3.2139023081052067,2.1739130434782608,2.818035426731079,,,,
10,8.548040794417606,6.239935587761675,52.38862050456253,9.514224369296834,12.99651100375738,3.166935050993022,4.85775630703167,2.2879763821792807,,,,
11,7.555018786902845,5.924584004294149,49.73832528180354,11.151368760064413,15.418679549114332,3.4151905528717124,4.42163177670424,1.7847557702630166,0.5904455179817498,,,
12,9.172034353193773,5.528717122920021,44.276704240472355,13.238056897477188,15.331454643048845,3.784219001610306,5.4549114331723025,2.563070316693505,0.6508319914117016,,,
13,10.641438539989265,5.280461621041331,44.524959742351044,13.821792807300053,12.151100375738057,4.602791196994096,5.803811057434245,2.522812667740204,0.6508319914117016,,,
14,9.77589908749329,4.508856682769726,48.25550187869028,12.104133118625873,11.634460547504025,5.8239398819108965,4.817498658078368,2.428878153515835,0.6508319914117016,,,
15,9.614868491680086,3.898282340311326,46.88674181427805,9.896672034353195,15.271068169618895,6.1929683306494905,4.5893719806763285,2.999194847020934,0.6508319914117016,,,
16,9.534353193773484,3.69699409554482,47.26918947933441,10.581052066559312,12.546967257112184,7.977724100912507,4.696725711218465,3.046162104133119,0.6508319914117016,,,
17,8.044820182501342,2.9388083735909825,60.88298443370907,8.105206655931294,7.011540526033279,6.367418142780462,3.4822866344605474,2.3550724637681157,0.8118625872249061,,,
18,9.29951690821256,2.5697799248523885,52.43558776167472,11.748523886205046,5.797101449275362,6.709608158883521,4.690016103059581,5.938003220611916,0.8118625872249061,,,
19,9.50751476113795,2.462426194310252,46.43048845947396,13.989533011272142,8.93719806763285,5.522007514761138,5.347557702630167,6.769994632313473,1.0332796564680622,,,
20,11.929683306494901,2.3550724637681157,40.123456790123456,15.257648953301127,7.212828770799785,9.353193773483628,6.092324208266238,6.642512077294686,1.0332796564680622,,,
21,13.385668276972625,2.1940418679549114,36.802200751476114,15.942028985507246,5.542136339237788,10.171765968867419,8.494363929146537,6.5552871712292005,0.9125067096081588,,,
22,13.902308105206655,2.046430488459474,31.93102522812668,17.24369296833065,5.052334943639291,8.997584541062801,10.413311862587225,9.695383789586689,0.7179280730005367,,,
23,11.325818572195384,1.6170155662909287,42.23698336017176,8.964036500268385,8.447396672034353,8.044820182501342,11.218464841653248,7.75630703166935,0.38915727321524424,,,
24,14.331723027375201,1.5767579173376274,38.73456790123457,8.3467525496511,9.66183574879227,8.319914117015566,10.071121846484166,8.715780998389693,0.24154589371980675,,,
25,11.788781535158346,0.7045088566827697,49.87251744498121,5.837359098228664,9.896672034353195,6.863929146537842,8.145464304884594,6.890767579173376,,,,
26,12.68786902844874,0.7045088566827697,44.296833064949006,7.4006977992485234,8.923778851315083,9.232420826623725,9.842995169082126,6.910896403650026,,,,
27,12.86231884057971,0.6105743424584005,36.580783682232955,9.708803005904455,12.506709608158884,8.487654320987655,10.836017176596886,8.407139023081053,,,,
28,14.190821256038648,0.5971551261406334,31.78341384863124,10.426731078904991,12.245034889962426,9.977187332259795,11.808910359634996,8.970746108427267,,,,
29,13.09044551798175,0.5099302200751477,30.226784755770264,9.990606548577563,14.351851851851851,10.238862050456254,12.949543746645196,8.641975308641975,,,,
30,14.096886741814279,0.5032206119162641,27.84487385936661,10.88298443370907,14.412238325281804,9.567901234567902,12.506709608158884,10.185185185185185,,,,
31,14.472624798711756,0.5032206119162641,24.55716586151369,11.332528180354267,14.65378421900161,9.722222222222221,13.22463768115942,11.533816425120772,,,,
32,14.99597423510467,0.5032206119162641,23.362855609232422,11.996779388083736,13.331991411701557,9.534353193773484,13.405797101449275,12.869028448738593,,,,
33,16.21712292002147,0.5032206119162641,22.108158883521202,12.573805689747719,12.647611379495437,10.131508319914117,13.600375738056897,12.218196457326892,,,,
34,16.203703703703702,0.5032206119162641,21.041331186258724,12.372517444981213,12.265163714439076,11.171497584541063,13.519860440150294,12.922705314009661,,,,
35,17.834138486312398,0.5032206119162641,20.162372517444982,11.56736446591519,11.788781535158346,10.809178743961352,14.526301663982823,12.808641975308642,,,,
36,17.961621041331185,0.49651100375738055,20.1959205582394,10.768921095008052,9.292807300053678,12.661030595813205,14.640365002683843,13.982823403113258,,,,
37,20.48443370907139,0.49651100375738055,18.391035963499732,10.326086956521738,8.78287707997853,12.419484702093397,15.042941492216855,14.056629092860977,,,,
38,20.48443370907139,0.2885131508319914,20.652173913043477,10.695115405260333,8.158883521202362,11.75523349436393,14.989264626945786,12.97638217928073,,,,
39,21.390230810520666,0.2885131508319914,19.994632313472895,10.044283413848632,7.803274288781535,11.366076221148685,15.666935050993022,13.446054750402576,,,,
40,22.188674181427803,0.2885131508319914,18.14278046162104,9.057971014492754,10.581052066559312,11.969940955448202,16.109769189479334,11.66129898013956,,,,
41,18.283682232957595,0.17444981213097155,26.455984970477726,7.360440150295223,8.80300590445518,11.829039184111648,13.862050456253355,13.231347289318304,,,,
42,17.827428878153516,0.17444981213097155,25.865539452495973,7.159151905528717,8.293075684380032,12.399355877616747,14.418947933440688,13.862050456253355,,,,
43,20.135534084809446,0.08051529790660225,25.603864734299517,7.326892109500805,7.266505636070853,11.05072463768116,15.579710144927537,12.580515297906603,,0.3757380568974772,,
44,20.632045088566827,0.08051529790660225,27.47584541062802,6.89747718733226,6.649221685453569,11.131239935587761,14.06333870101986,12.694578636607622,,0.3757380568974772,,
45,20.182501341921633,0.040257648953301126,24.88593666129898,5.555555555555555,8.917069243156199,10.88298443370907,15.666935050993022,13.493022007514762,,0.3757380568974772,,
46,21.081588835212024,0.040257648953301126,23.181696188942567,5.475040257648954,8.561460010735374,11.922973698336017,15.619967793880837,13.741277509393452,,0.3757380568974772,,
47,19.98792270531401,0.040257648953301126,21.672034353193773,5.971551261406334,11.621041331186259,12.204777241009126,14.714170692431562,13.41250670960816,,0.3757380568974772,,
48,19.14922168545357,0.040257648953301126,17.85426731078905,6.414385399892646,13.647342995169081,13.821792807300053,13.862050456253355,14.834943639291465,,0.3757380568974772,,
49,15.22410091250671,0.040257648953301126,33.36688137412775,2.7106816961889426,9.473966720343531,12.882447665056361,11.151368760064413,14.834943639291465,,0.3153515834675255,,
50,15.45222758990875,0.040257648953301126,31.266774020397207,3.0864197530864197,10.00402576489533,10.560923242082662,12.47987117552335,16.794149221685455,,0.3153515834675255,,
51,18.04884594739667,0.040257648953301126,30.05233494363929,2.844873859366613,10.628019323671497,11.372785829307569,12.016908212560386,14.680622651637144,,0.3153515834675255,,
52,18.746645195920557,0.040257648953301126,28.18035426731079,2.187332259796028,11.714975845410628,11.81561996779388,13.09044551798175,13.90901771336554,,0.3153515834675255,,
53,19.129092860976918,0.040257648953301126,26.556629092860977,2.1739130434782608,11.540526033279656,11.842458400429415,14.184111647879764,14.217659688674182,,0.3153515834675255,,
54,17.310789049919485,0.040257648953301126,26.288244766505635,1.6774020397208802,16.150026838432634,12.385936661298981,13.231347289318304,12.801932367149758,,0.11406333870101985,,
55,16.6532474503489,0.040257648953301126,24.040526033279658,2.3886205045625335,15.49248523886205,12.74825550187869,14.210950080515298,14.392109500805153,,0.03354804079441761,,
56,16.72705314009662,0.040257648953301126,24.14117015566291,2.086688137412775,16.552603327965645,12.29200214707461,12.74825550187869,13.969404186795492,,1.442565754159957,,
57,12.446323134728932,0.040257648953301126,45.17579173376275,2.3349436392914655,12.379227053140097,8.501073537305421,11.09098228663446,6.588835212023618,,1.442565754159957,,
58,14.741009125067096,0.040257648953301126,43.31052066559313,3.0394524959742353,11.60762211486849,8.57487922705314,10.695115405260333,6.5485775630703165,,1.442565754159957,,
59,16.438539989264626,0.0067096081588835215,40.21739130434783,5.260332796564681,10.735373054213634,9.205582393988191,10.44015029522276,6.253354804079442,,1.442565754159957,,
60,16.59286097691895,0.0067096081588835215,38.6406333870102,5.8239398819108965,8.668813741277509,11.560654857756306,10.88298443370907,6.454643048845948,,1.3687600644122384,,
61,17.3040794417606,0.0067096081588835215,36.3191089640365,5.515297906602254,9.232420826623725,12.889157273215245,11.18491680085883,6.528448738593666,,1.0198604401502953,,
62,18.250134192163177,0.0067096081588835215,31.91760601180891,7.816693505099302,8.709071390230811,12.573805689747719,12.553676865271068,7.152442297369833,,1.0198604401502953,,
63,18.646001073537306,0.0067096081588835215,30.797101449275363,7.742887815351583,8.521202361782072,14.049919484702093,12.406065485775631,6.810252281266774,,1.0198604401502953,,
64,18.84728931830381,0.0067096081588835215,26.50295222758991,7.0383789586688135,8.272946859903382,16.968599033816425,14.244498121309716,7.098765432098766,,1.0198604401502953,,
65,19.088835212023618,0.0067096081588835215,24.114331723027377,6.260064412238325,8.272946859903382,17.538915727321523,13.056897477187333,7.098765432098766,,4.562533548040794,,
66,17.840848094471284,0.0067096081588835215,20.685721953837895,6.320450885668277,13.251476113794954,16.59957058507783,13.714439076757918,7.608695652173913,,3.9720880300590444,,
67,16.76731078904992,0.0067096081588835215,20.155662909286097,6.206387546967257,13.989533011272142,15.982286634460548,13.79495437466452,9.25925925925926,,3.8378958668813743,,
68,16.49892646269458,0.0067096081588835215,19.14922168545357,5.978260869565218,14.922168545356952,16.10305958132045,13.58695652173913,10.0979602791197,,3.656736446591519,,
69,16.874664519592056,0.0067096081588835215,18.9747718733226,5.837359098228664,13.311862587224907,18.17632850241546,12.929414922168545,10.238862050456254,,3.6500268384326353,,
70,16.485507246376812,0.0067096081588835215,17.579173376274827,5.837359098228664,14.512882447665056,18.344068706387546,12.567096081588835,11.540526033279656,,3.126677402039721,,
71,16.11647879763822,0.0067096081588835215,19.806763285024154,6.092324208266238,14.761137949543746,15.76086956521739,11.3593666129898,10.178475577026301,,5.917874396135265,,
72,14.351851851851851,,21.618357487922705,6.380837359098229,13.546698872785829,15.921900161030596,11.352657004830919,11.862587224906065,,4.9651100375738055,,
73,15.250939345142244,,20.7662372517445,5.83064949006978,12.620772946859903,15.197262479871176,12.171229200214707,13.754696725711218,,4.408212560386473,,
74,17.98174986580784,,18.209876543209877,5.495169082125604,14.989264626945786,14.257917337627482,11.11111111111111,13.546698872785829,,4.408212560386473,,
75,19.088835212023618,,16.861245303274288,5.964841653247451,14.224369296833064,14.492753623188406,11.882716049382717,13.506441223832528,,3.978797638217928,,
76,18.08239398819109,,19.068706387546968,5.629361245303274,12.922705314009661,13.157541599570585,12.842190016103059,12.02361782071927,,6.273483628556092,,
77,18.666129898013956,,17.69994632313473,5.528717122920021,13.318572195383789,12.392646269457863,13.546698872785829,12.573805689747719,,6.273483628556092,,
78,20.148953301127214,,16.53918411164788,5.273752012882448,13.499731615673644,12.305421363392378,14.573268921095009,11.480139559849706,,6.179549114331723,,
79,21.155394524959743,,16.686795491143318,5.0858829844337095,11.808910359634996,14.626945786366075,13.466183574879228,11.044015029522276,,6.125872249060655,,
80,20.819914117015568,,15.673644659151906,5.139559849704777,13.009930220075148,15.982286634460548,13.043478260869565,10.205314009661835,,6.125872249060655,,
81,21.235909822866343,,14.734299516908212,4.931561996779388,13.103864734299517,14.251207729468598,13.788244766505636,11.829039184111648,,6.125872249060655,,
82,23.389694041867955,,13.580246913580247,4.750402576489533,12.70799785292539,14.861782071927,12.68786902844874,11.896135265700483,,6.125872249060655,,
83,23.919753086419753,,12.86231884057971,4.750402576489533,12.399355877616747,14.465915190552872,12.634192163177671,12.949543746645196,,6.018518518518518,,
84,22.31615673644659,,15.734031132581856,3.938539989264627,10.695115405260333,13.875469672571121,11.889425657541599,15.53274288781535,,6.018518518518518,,
85,21.088298443370906,,14.371980676328503,3.603059581320451,11.90955448201825,15.096618357487923,12.76838432635534,15.566290928609769,,5.595813204508857,,
86,22.745571658615138,,13.808373590982287,3.307836822329576,12.144390767579173,14.700751476113794,12.426194310252281,15.908480944712828,,4.958400429414922,,
87,22.36983360171766,,13.848631239935587,3.307836822329576,11.674718196457327,14.345142243692969,12.419484702093397,16.545893719806763,,5.488459473966721,,
88,22.16183574879227,,13.117283950617283,3.475577026301664,13.043478260869565,15.291196994095545,12.848899624261943,14.875201288244767,,5.186527106816962,,
89,21.557971014492754,,12.835480407944177,3.4286097691894795,13.231347289318304,16.512345679012345,11.708266237251744,15.780998389694043,,4.944981213097155,,
90,21.007783145464305,,13.278314546430488,3.0730005367686526,12.647611379495437,16.183574879227052,12.902576489533011,16.29092860976919,,4.616210413311863,,
91,22.10144927536232,,12.949543746645196,2.898550724637681,12.406065485775631,16.29092860976919,12.546967257112184,16.774020397208805,,4.032474503488996,,
92,22.81266774020397,,12.392646269457863,2.717391304347826,12.406065485775631,16.70692431561997,12.93612453032743,16.129898013955984,,3.898282340311326,,
93,23.027375201288244,,12.151100375738057,2.563070316693505,12.775093934514224,16.391572732152444,11.956521739130435,17.324208266237253,,3.81105743424584,,
94,23.778851315083198,,11.641170155662909,2.200751476113795,12.359098228663447,16.183574879227052,11.41304347826087,18.719806763285025,,3.7037037037037037,,
95,23.62453032742888,,11.882716049382717,2.200751476113795,11.862587224906065,16.190284487385938,11.117820719269995,19.746376811594203,,3.374932903918411,,
96,23.805689747718734,,12.285292538915728,1.892109500805153,11.916264090177133,16.11647879763822,11.3191089640365,19.37734836285561,,3.2877079978529253,,
97,23.03408480944713,,12.00348899624262,1.8317230273752012,12.640901771336553,16.472088030059044,11.802200751476114,18.9345142243693,,3.280998389694042,,
98,24.40955448201825,,12.211486849168008,1.8317230273752012,12.426194310252281,16.794149221685455,11.77536231884058,17.364465915190554,,3.1870638754696725,,
99,23.242082662372518,,11.829039184111648,1.7176596886741815,15.458937198067632,15.962157809983896,11.688137412775093,16.646537842190018,,3.455448201825013,,
100,23.64465915190553,,12.04374664519592,1.4694041867954912,15.03623188405797,15.304616210413311,11.11111111111111,17.934782608695652,,3.455448201825013,,
101,23.503757380568974,,11.929683306494901,1.4694041867954912,16.451959205582394,15.33816425120773,11.33923778851315,16.968599033816425,,2.999194847020934,,
102,21.370101986044016,,11.191626409017713,1.3687600644122384,16.914922168545356,15.874932903918411,11.258722490606548,19.900697799248523,,2.120236178207193,,
103,22.940150295222757,,10.990338164251208,1.3687600644122384,16.19699409554482,15.318035426731079,11.198336017176597,19.867149758454108,,2.120236178207193,,
104,24.013687600644122,,10.601180891035963,1.3687600644122384,16.25738056897477,14.928878153515834,11.017176596886742,19.94766505636071,,1.865271068169619,,
105,23.14814814814815,,9.950348899624261,1.3150831991411702,14.338432635534085,14.009661835748792,10.077831454643048,20.189210950080515,,6.971282877079979,,
106,23.678207192699947,,10.782340311325818,1.2949543746645196,13.580246913580247,13.33870101986044,10.426731078904991,19.95437466451959,,6.944444444444445,,
107,22.926731078904993,,11.406333870101985,1.2546967257112185,13.506441223832528,13.486312399355878,10.285829307568438,20.189210950080515,,6.944444444444445,,
108,23.423242082662373,,10.82259796027912,1.1607622114868492,13.439345142243694,13.466183574879228,10.493827160493828,20.25630703166935,,6.937734836285561,,
109,23.450080515297905,,11.627750939345143,1.1003757380568975,13.83521202361782,12.983091787439614,10.285829307568438,19.77992485238862,,6.937734836285561,,
110,23.544015029522274,,11.218464841653248,0.9863123993558777,14.586688137412775,13.419216317767042,9.842995169082126,19.786634460547504,,6.615673644659152,,
111,22.356414385399894,,10.93666129898014,0.9863123993558777,16.982018250134193,13.378958668813741,9.762479871175524,20.21604938271605,,5.381105743424584,,
112,23.30246913580247,,9.990606548577563,0.9863123993558777,16.458668813741276,14.526301663982823,9.702093397745571,19.692699946323135,,5.340848094471283,,
113,23.839237788513152,,9.339774557165862,0.9460547504025765,16.63311862587225,13.915727321524423,9.426999463231347,19.83360171765969,,6.0654857756307035,,
114,24.422973698336016,,9.225711218464841,0.7581857219538379,16.626409017713364,13.33870101986044,9.708803005904455,20.081857219538378,,5.837359098228664,,
115,24.818840579710145,,9.225711218464841,0.7179280730005367,17.21014492753623,12.922705314009661,9.681964573268921,19.585346215780998,,5.837359098228664,,
116,24.711486849168008,,8.99087493290392,0.7179280730005367,17.96833064949007,12.580515297906603,9.541062801932368,19.652442297369834,,5.837359098228664,,
117,24.22168545356951,,9.96376811594203,0.7179280730005367,18.49838969404187,12.788513150831992,9.494095544820183,18.719806763285025,,5.595813204508857,,
118,24.000268384326354,,10.889694041867955,0.7179280730005367,17.176596886741816,12.171229200214707,9.306226516371444,20.377079978529252,,5.360976918947934,,
119,25.34219001610306,,10.017444981213098,0.6977992485238862,17.746913580246915,12.426194310252281,8.635265700483092,19.81347289318304,,5.320719269994632,,
120,24.44981213097155,,10.943370907139023,0.6977992485238862,16.894793344068706,13.714439076757918,8.165593129361245,19.47128287707998,,5.662909286097692,,
121,26.006441223832528,,10.950080515297907,0.6977992485238862,16.7337627482555,13.291733762748256,7.7361782071927,18.99490069779925,,5.589103596349974,,
122,26.724369296833064,,10.628019323671497,0.6977992485238862,16.720343531937736,12.942834138486312,7.702630166398282,18.99490069779925,,5.589103596349974,,
123,26.32850241545894,,10.943370907139023,0.6977992485238862,16.035963499731615,13.036768652710682,7.555018786902845,19.108964036500268,,6.293612453032743,,
124,25.36231884057971,,10.48040794417606,0.6977992485238862,18.035426731078903,13.211218464841654,7.105475040257649,18.82716049382716,,6.280193236714976,,
125,25.45625335480408,,10.044283413848632,0.6910896403650026,18.015297906602253,12.741545893719806,6.91760601180891,19.49812130971551,,6.635802469135802,,
126,25.39586688137413,,9.742351046698873,0.6038647342995169,18.746645195920557,14.023081052066559,6.830381105743425,18.02200751476114,,6.635802469135802,,
127,25.51663982823403,,9.614868491680086,0.5166398282340311,18.78690284487386,13.22463768115942,6.749865807836822,18.95464304884595,,6.635802469135802,,
128,25.89237788513151,,9.29951690821256,0.47638217928073,18.02200751476114,13.828502415458937,6.320450885668277,19.524959742351047,,6.635802469135802,,
129,24.9597423510467,,8.561460010735374,0.47638217928073,18.719806763285025,13.486312399355878,6.642512077294686,19.726247987117553,,6.89747718733226,0.5300590445517982,
130,24.993290391841118,,8.454106280193237,0.47638217928073,18.49838969404187,13.56682769726248,6.642512077294686,20.12211486849168,,6.716317767042405,0.5300590445517982,
131,25.15432098765432,,8.427267847557703,0.47638217928073,19.236446591519055,13.311862587224907,6.642512077294686,20.12211486849168,,6.099033816425121,0.5300590445517982,
132,25.281803542673106,,8.319914117015566,0.47638217928073,19.98792270531401,14.002952227589908,6.260064412238325,19.652442297369834,,5.488459473966721,0.5300590445517982,
133,25.05367686527107,,8.387010198604402,0.47638217928073,19.639023081052066,14.506172839506172,6.1929683306494905,19.786634460547504,,5.428073000536768,0.5300590445517982,
134,25.05367686527107,,8.387010198604402,0.47638217928073,19.639023081052066,14.506172839506172,6.1929683306494905,19.786634460547504,,5.428073000536768,0.5300590445517982,
135,26.221148684916802,,7.776435856146001,0.47638217928073,19.706119162640903,14.506172839506172,6.166129898013956,19.209608158883523,,5.407944176060118,0.5300590445517982,
136,26.402308105206657,,8.044820182501342,0.46296296296296297,19.122383252818036,14.88191089640365,5.562265163714439,20.2361782071927,,4.757112184648417,0.5300590445517982,
137,26.435856146001072,,8.185721953837897,0.3757380568974772,18.585614600107355,15.230810520665592,5.535426731078905,20.511272141706925,,4.609500805152979,0.5300590445517982,
138,28.569511540526033,,8.09849704777241,0.3757380568974772,18.290391841116477,14.398819108964037,5.193236714975845,20.1959205582394,,4.38137412775094,0.49651100375738055,
139,27.851583467525497,,8.454106280193237,0.3757380568974772,19.87385936661299,14.204240472356414,5.059044551798175,19.30354267310789,,4.38137412775094,0.49651100375738055,
140,27.831454643048847,,8.360171765968868,0.36902844873859364,20.558239398819108,13.902308105206655,5.401234567901234,18.766774020397207,,4.314278046162104,0.49651100375738055,
141,27.509393451422437,,9.138486312399356,0.36902844873859364,19.585346215780998,13.774825550187868,5.401234567901234,19.766505636070853,,3.9586688137412773,0.49651100375738055,
142,27.026301663982824,,8.917069243156199,0.36902844873859364,20.101986044015028,13.56682769726248,5.401234567901234,20.162372517444982,,3.9586688137412773,0.49651100375738055,
143,27.140365002683843,,9.265968867418144,0.36231884057971014,19.880568974771872,13.378958668813741,5.60252281266774,20.611916264090176,,3.4822866344605474,0.27509393451422437,
144,26.99946323134729,,8.427267847557703,0.30864197530864196,20.954106280193237,13.285024154589372,5.421363392377885,20.8467525496511,,3.4822866344605474,0.27509393451422437,
145,27.51610305958132,,8.3064949006978,0.30864197530864196,20.397208803005906,14.036500268384327,5.005367686527107,20.67230273752013,,3.4822866344605474,0.27509393451422437,
146,27.455716586151368,,7.85024154589372,0.30864197530864196,20.74610842726785,13.43263553408481,4.958400429414922,21.511003757380568,,3.4621578099838968,0.27509393451422437,
147,27.36849168008588,,8.239398819108963,0.30864197530864196,19.53166935050993,13.22463768115942,4.944981213097155,22.82608695652174,,3.280998389694042,0.27509393451422437,
148,28.27428878153516,,8.715780998389693,0.30864197530864196,19.249865807836823,12.989801395598498,4.85775630703167,22.04777241009125,,3.280998389694042,0.27509393451422437,
149,27.180622651637144,,9.252549651100376,0.2683843263553409,19.73966720343532,14.123725174449811,4.676596886741814,21.202361782071925,,3.280998389694042,0.27509393451422437,
150,26.952495974235106,,9.219001610305957,0.2683843263553409,19.685990338164252,15.425389157273216,4.938271604938271,19.96779388083736,,3.2675791733762747,0.27509393451422437,
151,25.77831454643049,,8.903650026838433,0.24154589371980675,18.42458400429415,16.404991948470208,3.9184111647879765,19.712828770799785,,3.3145464304884595,0.27509393451422437,3.026033279656468
152,26.06682769726248,,9.420289855072463,0.24154589371980675,18.370907139023082,16.17686527106817,3.9184111647879765,19.189479334406872,,3.3145464304884595,0.27509393451422437,3.026033279656468
153,26.154052603327965,,9.225711218464841,0.24154589371980675,18.699677938808374,15.432098765432098,4.703435319377348,18.927804616210413,,3.3145464304884595,0.27509393451422437,3.026033279656468
154,25.469672571121848,,9.796027911969942,0.24154589371980675,18.592324208266238,15.962157809983896,4.562533548040794,18.800322061191626,,3.2742887815351582,0.27509393451422437,3.026033279656468
155,24.731615673644658,,10.889694041867955,0.24154589371980675,18.263553408480945,16.17686527106817,4.562533548040794,18.572195383789587,,3.260869565217391,0.27509393451422437,3.026033279656468
156,25.006709608158882,,10.943370907139023,0.24154589371980675,18.095813204508858,16.17686527106817,4.562533548040794,18.411164787976382,,3.260869565217391,0.27509393451422437,3.026033279656468
157,25.308641975308642,,10.748792270531402,0.24154589371980675,18.377616747181964,15.955448201825014,4.562533548040794,18.089103596349972,,3.824476650563607,0.1610305958132045,2.7308105206655933
158,24.812130971551262,,11.20504562533548,0.24154589371980675,19.256575415995705,15.807836822329575,4.562533548040794,17.122920021470748,,4.0995705850778315,0.1610305958132045,2.7308105206655933
159,24.174718196457327,,10.782340311325818,0.24154589371980675,19.679280730005367,16.089640365002683,4.42163177670424,17.002147074610843,,4.7168545356951155,0.1610305958132045,2.7308105206655933
160,23.926462694578635,,11.634460547504025,0.24154589371980675,19.39747718733226,15.921900161030596,4.42163177670424,16.888083735909824,,4.676596886741814,0.1610305958132045,2.7308105206655933
161,23.658078368223297,,11.560654857756306,0.24154589371980675,19.129092860976918,15.895061728395062,4.42163177670424,16.99543746645196,,4.616210413311863,0.03354804079441761,3.44873859366613
162,24.818840579710145,,11.077563070316694,0.24154589371980675,18.887546967257112,14.80810520665593,4.998658078368224,16.99543746645196,,4.690016103059581,0.03354804079441761,3.44873859366613
163,24.993290391841118,,11.506977992485238,0.24154589371980675,18.612453032742888,14.868491680085883,4.998658078368224,16.78743961352657,,4.508856682769726,0.03354804079441761,3.44873859366613
164,25.328770799785293,,12.010198604401502,0.24154589371980675,18.867418142780462,14.63365539452496,4.9651100375738055,15.747450348899624,,4.723564143853999,0.03354804079441761,3.44873859366613
165,25.429414922168544,,12.010198604401502,0.24154589371980675,18.78690284487386,14.626945786366075,4.9651100375738055,15.734031132581856,,4.723564143853999,0.03354804079441761,3.44873859366613
166,24.376006441223833,,11.808910359634996,0.24154589371980675,18.90096618357488,13.546698872785829,4.884594739667204,16.190284487385938,,6.568706387546968,0.03354804079441761,3.44873859366613
167,23.57085346215781,,12.74825550187869,0.24154589371980675,18.9345142243693,13.191089640365004,4.757112184648417,16.72705314009662,,6.360708534621578,0.03354804079441761,3.435319377348363
168,23.47691894793344,,12.620772946859903,0.24154589371980675,19.155931293612454,13.191089640365004,4.757112184648417,16.72705314009662,,6.360708534621578,0.03354804079441761,3.435319377348363
169,22.38996242619431,,13.083735909822867,0.24154589371980675,16.955179817498657,12.97638217928073,4.757112184648417,16.53918411164788,,9.588030059044552,0.03354804079441761,3.435319377348363
170,22.98040794417606,,13.003220611916264,0.24154589371980675,16.606280193236714,12.969672571121846,4.757112184648417,16.512345679012345,,9.588030059044552,0.03354804079441761,3.307836822329576
171,22.852925389157274,,12.379227053140097,0.24154589371980675,17.357756307031668,12.969672571121846,4.757112184648417,17.03569511540526,,9.064680622651638,0.03354804079441761,3.307836822329576
172,22.82608695652174,,12.640901771336553,0.24154589371980675,17.351046698872786,12.969672571121846,4.757112184648417,16.921631776704242,,8.950617283950617,0.03354804079441761,3.307836822329576
173,23.05421363392378,,12.640901771336553,0.24154589371980675,17.14975845410628,13.378958668813741,4.757112184648417,16.485507246376812,,8.950617283950617,0.03354804079441761,3.307836822329576
174,22.591250670960815,,12.567096081588835,0.24154589371980675,17.733494363929147,13.378958668813741,4.757112184648417,16.646537842190018,,8.742619431025227,0.03354804079441761,3.307836822329576
175,22.638217928073,,13.117283950617283,0.24154589371980675,17.351046698872786,13.378958668813741,4.757112184648417,16.431830381105744,,8.742619431025227,0.03354804079441761,3.307836822329576
176,22.17525496511004,,13.077026301663983,0.24154589371980675,17.934782608695652,13.331991411701557,4.757112184648417,16.398282340311326,,8.742619431025227,0.03354804079441761,3.307836822329576
177,22.041062801932366,,12.848899624261943,0.24154589371980675,17.612721417069242,13.030059044551798,4.750402576489533,17.867686527106816,,8.279656468062266,0.03354804079441761,3.294417606011809
178,22.745571658615138,,12.848899624261943,0.24154589371980675,17.438271604938272,12.76838432635534,4.616210413311863,17.767042404723565,,8.279656468062266,0.03354804079441761,3.260869565217391
179,22.41009125067096,,12.775093934514224,0.24154589371980675,17.418142780461622,13.083735909822867,4.575952764358561,17.364465915190554,,8.997584541062801,,3.1333870101986045
180,22.376543209876544,,13.325281803542673,0.24154589371980675,16.33118625872249,13.036768652710682,4.575952764358561,18.46484165324745,,8.514492753623188,,3.1333870101986045
181,23.121309715512613,,13.325281803542673,0.24154589371980675,16.284219001610307,13.258185721953838,4.260601180891036,18.35077831454643,,8.313204508856682,,2.844873859366613
182,23.43666129898014,,13.291733762748256,0.24154589371980675,16.170155662909288,12.922705314009661,4.260601180891036,18.51851851851852,,8.313204508856682,,2.844873859366613
183,22.497316156736446,,13.18438003220612,0.24154589371980675,16.847826086956523,13.714439076757918,4.166666666666667,18.243424584004295,,8.259527643585615,,2.844873859366613
184,23.362855609232422,,12.97638217928073,0.16774020397208803,16.686795491143318,13.365539452495975,4.676596886741814,17.67981749865808,,8.252818035426731,,2.831454643048846
185,23.67149758454106,,12.95625335480408,0.16774020397208803,16.834406870638755,13.546698872785829,4.669887278582931,17.51207729468599,,7.809983896940419,,2.831454643048846
186,24.22168545356951,,12.714707461084272,0.16774020397208803,16.23054213633924,14.103596349973161,4.5960815888352125,17.324208266237253,,7.809983896940419,,2.831454643048846
187,23.356146001073537,,14.190821256038648,0.16774020397208803,16.035963499731615,14.04320987654321,4.569243156199678,17.183306494900698,,7.62211486849168,,2.831454643048846
188,23.70504562533548,,14.110305958132045,0.16774020397208803,16.035963499731615,13.88888888888889,4.461889425657541,17.176596886741816,,7.62211486849168,,2.831454643048846
189,23.98684916800859,,13.982823403113258,0.16774020397208803,15.955448201825014,13.848631239935587,4.461889425657541,16.814278046162105,,7.950885668276973,,2.831454643048846
190,24.691358024691358,,13.982823403113258,0.16774020397208803,15.921900161030596,13.848631239935587,4.461889425657541,16.465378421900162,,7.628824476650563,,2.831454643048846
191,24.490069779924852,,14.257917337627482,0.16774020397208803,16.760601180891037,13.754696725711218,4.461889425657541,16.29092860976919,,6.984702093397746,,2.831454643048846
192,24.329039184111647,,14.257917337627482,0.16774020397208803,16.760601180891037,13.754696725711218,4.461889425657541,16.451959205582394,,6.984702093397746,,2.831454643048846
193,24.58400429414922,,14.378690284487385,0.15432098765432098,15.807836822329575,14.11701556629093,4.461889425657541,16.961889425657542,,6.937734836285561,,2.5966183574879227
194,24.14117015566291,,16.089640365002683,0.15432098765432098,16.25067096081589,13.137412775093935,4.783950617283951,16.337895866881375,,7.058507783145465,,2.046430488459474
195,25.006709608158882,,16.089640365002683,0.15432098765432098,15.787707997852925,13.130703166935051,4.783950617283951,16.09634997316157,,7.058507783145465,,1.892109500805153
196,24.724906065485776,,15.60654857756307,0.15432098765432098,16.492216854535695,13.130703166935051,4.783950617283951,16.15673644659152,,7.058507783145465,,1.892109500805153
197,25.241545893719806,,15.646806226516372,0.15432098765432098,16.190284487385938,13.117283950617283,4.783950617283951,15.908480944712828,,7.058507783145465,,1.8988191089640365
198,24.362587224906065,,15.539452495974235,0.15432098765432098,16.364734299516908,13.365539452495975,4.455179817498658,16.344605475040257,,7.769726247987117,,1.6438539989264627
199,24.20155662909286,,15.33816425120773,0.15432098765432098,17.45169082125604,13.056897477187333,4.455179817498658,15.955448201825014,,7.742887815351583,,1.6438539989264627
200,24.376006441223833,,15.33816425120773,0.15432098765432098,17.45169082125604,13.043478260869565,4.455179817498658,15.794417606011809,,7.742887815351583,,1.6438539989264627
201,24.396135265700483,,15.995705850778315,0.15432098765432098,17.444981213097154,13.036768652710682,4.146537842190016,15.579710144927537,,7.601986044015029,,1.6438539989264627
202,24.436392914653783,,16.586151368760063,0.15432098765432098,17.458400429414922,12.95625335480408,4.146537842190016,15.405260332796564,,7.1658615136876005,,1.6908212560386473
203,24.168008588298445,,16.901502952227588,0.15432098765432098,17.639559849704778,12.607353730542137,3.717122920021471,15.398550724637682,,7.722758990874933,,1.6908212560386473
204,24.04723564143854,,16.74718196457327,0.15432098765432098,17.344337090713903,12.607353730542137,3.717122920021471,15.398550724637682,,8.655394524959743,,1.328502415458937
205,23.919753086419753,,15.257648953301127,0.1274825550187869,17.28395061728395,12.701288244766506,3.7037037037037037,17.082662372517444,,8.59500805152979,,1.328502415458937
206,23.825818572195384,,15.45222758990875,0.1274825550187869,17.28395061728395,12.553676865271068,3.864734299516908,17.082662372517444,,8.480944712828771,,1.328502415458937
207,24.282071926999464,,14.855072463768115,0.1274825550187869,17.23027375201288,12.553676865271068,3.864734299516908,17.082662372517444,,8.675523349436393,,1.328502415458937
208,24.490069779924852,,14.855072463768115,0.1274825550187869,17.23027375201288,12.345679012345679,3.864734299516908,17.082662372517444,,8.675523349436393,,1.328502415458937
209,24.040526033279658,,14.741009125067096,0.10064412238325282,18.136070853462158,12.110842726784755,3.7640901771336552,17.19001610305958,,8.588298443370908,,1.328502415458937
210,24.053945249597422,,14.714170692431562,0.10064412238325282,18.968062265163713,11.81561996779388,3.7238325281803544,16.70692431561997,,8.588298443370908,,1.328502415458937
211,24.63768115942029,,14.210950080515298,0.10064412238325282,19.73966720343532,11.41304347826087,3.7238325281803544,16.25738056897477,,8.588298443370908,,1.328502415458937
212,24.63768115942029,,14.210950080515298,0.10064412238325282,19.73966720343532,11.41304347826087,3.7238325281803544,16.25738056897477,,8.588298443370908,,1.328502415458937
213,26.127214170692433,,14.11701556629093,0.10064412238325282,19.216317767042405,11.285560923242082,3.7238325281803544,15.5126140633387,,8.588298443370908,,1.328502415458937
214,26.08695652173913,,14.11701556629093,0.10064412238325282,19.692699946323135,11.245303274288782,3.670155662909286,15.170424047235642,,8.588298443370908,,1.328502415458937
215,25.811862587224905,,13.81508319914117,0.10064412238325282,20.457595276435857,11.245303274288782,3.670155662909286,14.942297369833602,,8.192431561996779,,1.7646269457863661
216,25.355609232420825,,13.560118089103597,0.10064412238325282,20.2361782071927,11.144659151905529,3.670155662909286,15.573000536768653,,8.59500805152979,,1.7646269457863661
217,25.355609232420825,,12.942834138486312,0.10064412238325282,21.034621578099838,11.144659151905529,3.670155662909286,15.458937198067632,,8.527911969940956,,1.7646269457863661
218,26.080246913580247,,12.5,0.03354804079441761,22.061191626409016,10.661567364465915,3.670155662909286,15.177133655394526,,8.051529790660226,,1.7646269457863661
219,26.053408480944714,,12.701288244766506,0.03354804079441761,22.510735373054214,10.661567364465915,3.670155662909286,14.579978529253891,,8.024691358024691,,1.7646269457863661
220,26.77133655394525,,12.640901771336553,0.03354804079441761,22.282608695652176,10.339506172839506,3.6366076221148687,14.506172839506172,,8.024691358024691,,1.7646269457863661
221,27.241009125067094,,12.090713902308105,0.03354804079441761,22.22222222222222,10.50053676865271,3.549382716049383,14.479334406870638,,8.11862587224906,,1.7646269457863661
222,27.435587761674718,,12.090713902308105,0.03354804079441761,22.19538378958669,10.50053676865271,3.549382716049383,14.479334406870638,,7.950885668276973,,1.7646269457863661
223,27.435587761674718,,12.090713902308105,0.03354804079441761,22.19538378958669,10.50053676865271,3.549382716049383,14.479334406870638,,7.950885668276973,,1.7646269457863661
224,27.147074610842726,,12.090713902308105,0.03354804079441761,22.7187332259796,9.742351046698873,4.448470209339774,14.103596349973161,,7.950885668276973,,1.7646269457863661
225,27.415458937198068,,12.627482555018787,0.03354804079441761,22.04777241009125,9.742351046698873,4.448470209339774,14.090177133655395,,7.830112721417069,,1.7646269457863661
226,27.66371443907676,,12.04374664519592,0.03354804079441761,23.658078368223297,9.554482018250134,4.448470209339774,13.405797101449275,,7.427536231884058,,1.7646269457863661
227,27.677133655394524,,12.04374664519592,0.026838432635534086,23.60440150295223,10.178475577026301,3.9855072463768115,13.291733762748256,,7.427536231884058,,1.7646269457863661
228,28.019323671497585,,11.52710681696189,0.026838432635534086,23.58427267847558,10.178475577026301,3.9855072463768115,13.499731615673644,,7.4141170155662905,,1.7646269457863661
229,28.23403113258186,,11.446591519055287,0.026838432635534086,24.436392914653783,10.178475577026301,3.9855072463768115,12.533548040794418,,7.39398819108964,,1.7646269457863661
230,28.435319377348364,,11.439881910896403,0.026838432635534086,24.852388620504563,9.977187332259795,3.9855072463768115,12.164519592055823,,7.353730542136339,,1.7646269457863661
231,28.133387010198604,,11.439881910896403,0.026838432635534086,24.731615673644658,9.977187332259795,3.9855072463768115,12.164519592055823,,7.856951154052603,,1.6841116478797638
232,28.25415995705851,,11.439881910896403,0.026838432635534086,24.63768115942029,9.977187332259795,3.9855072463768115,12.13768115942029,,7.856951154052603,,1.6841116478797638
233,27.58990874932904,,11.285560923242082,0.026838432635534086,25.771604938271604,9.96376811594203,3.9855072463768115,12.016908212560386,,7.675791733762749,,1.6841116478797638
234,28.059581320450885,,11.178207192699947,0.026838432635534086,25.409286097691894,9.708803005904455,4.240472356414386,12.016908212560386,,7.675791733762749,,1.6841116478797638
235,27.576489533011273,,10.88298443370907,0.026838432635534086,25.268384326355342,10.037573805689748,4.213633923778851,12.674449812130971,,7.635534084809447,,1.6841116478797638
236,27.596618357487923,,10.48040794417606,0.026838432635534086,25.140901771336555,10.037573805689748,4.213633923778851,12.654320987654321,,8.165593129361245,,1.6841116478797638
