,40,45,50,51,54,52,41,55,53,49,48
0,0.9326355340848095,84.8094471282877,14.257917337627482,,,,,,,,
1,4.019055287171229,76.6304347826087,19.350509930220074,,,,,,,,
2,7.729468599033816,71.98067632850241,20.28985507246377,,,,,,,,
3,7.152442297369833,34.33977455716586,43.78019323671498,14.727589908749328,,,,,,,
4,7.541599570585078,32.75630703166935,44.97450348899624,13.801663982823403,0.9259259259259259,,,,,,
5,7.199409554482019,25.281803542673106,53.5829307568438,11.929683306494901,0.9259259259259259,1.0802469135802468,,,,,
6,7.675791733762749,24.4296833064949,52.985775630703166,11.81561996779388,0.9259259259259259,1.0802469135802468,1.0869565217391304,,,,
7,7.474503488996243,18.04213633923779,56.26006441223833,14.15727321524423,0.9259259259259259,1.0802469135802468,1.0869565217391304,0.9728931830381106,,,
8,10.030864197530864,16.022544283413847,62.82877079978529,10.010735373054214,0.08051529790660225,0.0067096081588835215,1.0198604401502953,,,,
9,7.769726247987117,6.843800322061192,72.82608695652173,10.61460010735373,0.9259259259259259,,1.0198604401502953,,,,
10,7.769726247987117,6.843800322061192,71.90016103059581,10.61460010735373,0.9259259259259259,,1.0198604401502953,0.9259259259259259,,,
11,9.31964573268921,6.769994632313473,70.82662372517444,10.540794417606012,0.5971551261406334,,1.0198604401502953,0.9259259259259259,,,
12,8.447396672034353,5.790391841116479,75.25496511003757,7.682501341921632,0.5971551261406334,,1.3016639828234031,0.9259259259259259,,,
13,8.172302737520129,5.790391841116479,76.94578636607622,7.03166935050993,,,1.133923778851315,0.9259259259259259,,,
14,11.466720343531938,5.790391841116479,73.21524422973698,7.024959742351046,,,1.5767579173376274,0.9259259259259259,,,
15,13.050187869028449,5.790391841116479,71.40365002683843,5.5756843800322065,,,3.2541599570585076,0.9259259259259259,,,
16,7.588566827697263,5.535426731078905,82.60198604401504,1.8853998926462694,,,1.4626945786366077,0.9259259259259259,,,
17,9.098228663446054,5.2066559312936125,80.73000536768653,1.8853998926462694,,,1.4626945786366077,1.6170155662909287,,,
18,11.520397208803006,5.2066559312936125,71.4573268921095,7.4006977992485234,,,1.4626945786366077,2.952227589908749,,,
19,14.15727321524423,5.2066559312936125,68.76677402039721,5.213365539452496,,2.428878153515835,1.2748255501878691,2.952227589908749,,,
20,16.700214707461082,5.2066559312936125,62.506709608158886,9.71551261406334,,2.428878153515835,1.0534084809447128,2.3886205045625335,,,
21,18.015297906602253,5.2066559312936125,60.38647342995169,9.708803005904455,,2.428878153515835,1.865271068169619,2.3886205045625335,,,
22,22.034353193773484,5.2066559312936125,58.46081588835212,8.541331186258722,,2.046430488459474,1.9189479334406871,1.7914653784219001,,,
23,24.97987117552335,5.065754159957058,57.84353193773484,6.796833064949007,,1.6035963499731616,1.9189479334406871,1.7914653784219001,,,
24,25.664251207729468,4.643048845947397,56.68947933440687,6.796833064949007,0.8923778851315083,1.6035963499731616,1.9189479334406871,1.7914653784219001,,,
25,25.697799248523886,4.435050993022007,55.49516908212561,6.702898550724638,0.8923778851315083,1.6035963499731616,2.462426194310252,2.7106816961889426,,,
26,28.073000536768653,4.435050993022007,53.14680622651637,6.582125603864735,0.8923778851315083,1.3821792807300053,2.0128824476650564,2.6704240472356413,0.8051529790660226,,
27,28.931830381105744,4.247181964573269,54.64975845410628,4.408212560386473,0.8923778851315083,1.3821792807300053,2.0128824476650564,2.6704240472356413,0.8051529790660226,,
28,32.63553408480945,4.072732152442297,50.5300590445518,4.1129898013955986,0.8923778851315083,1.3821792807300053,2.0128824476650564,3.556092324208266,0.8051529790660226,,
29,33.15217391304348,4.072732152442297,50.214707461084274,4.1129898013955986,0.8923778851315083,1.3821792807300053,2.0128824476650564,3.3548040794417604,0.8051529790660226,,
30,37.754965110037574,3.629898013955985,47.84621578099839,4.1129898013955986,0.47638217928073,0.8722490606548577,1.4962426194310252,3.2742887815351582,0.5367686527106817,,
31,38.93585614600107,3.629898013955985,46.79951690821256,4.03918411164788,0.4428341384863124,0.8722490606548577,1.4694041867954912,3.2742887815351582,0.5367686527106817,,
32,38.747987117552334,3.629898013955985,46.081588835212024,3.8378958668813743,1.5499194847020934,0.8722490606548577,1.4694041867954912,3.2742887815351582,0.5367686527106817,,
33,29.78395061728395,1.1808910359634996,58.722490606548575,3.3682232957595275,1.5499194847020934,0.8319914117015567,1.4694041867954912,2.5563607085346214,0.5367686527106817,,
34,30.03220611916264,1.1808910359634996,57.769726247987116,3.3682232957595275,1.5499194847020934,1.6237251744498122,1.4694041867954912,2.4691358024691357,0.5367686527106817,,
35,33.89694041867955,0.9460547504025765,54.32098765432099,3.3682232957595275,1.5499194847020934,1.6237251744498122,1.3955984970477724,2.4691358024691357,0.4294149221685454,,
36,35.44685990338164,0.9460547504025765,51.83843263553408,3.3682232957595275,1.5499194847020934,1.6237251744498122,1.3955984970477724,3.4017713365539453,0.4294149221685454,,
37,27.70397208803006,0.9460547504025765,60.81588835212023,2.5295222758990876,1.5499194847020934,1.4559849704777241,1.1943102522812667,3.374932903918411,0.4294149221685454,,
38,21.108427267847556,0.9460547504025765,72.90660225442834,0.8588298443370908,0.0939345142243693,0.9997316156736447,0.5099302200751477,2.147074610842727,0.4294149221685454,,
39,22.98040794417606,0.9460547504025765,70.09527643585615,0.8588298443370908,0.0939345142243693,0.9997316156736447,0.5099302200751477,3.0864197530864197,0.4294149221685454,,
40,22.65163714439077,0.9460547504025765,69.88727858293076,0.8588298443370908,0.0939345142243693,0.9997316156736447,0.5099302200751477,2.703972088030059,1.3486312399355878,,
41,24.094202898550726,0.9460547504025765,68.4447128287708,0.8588298443370908,0.0939345142243693,0.9997316156736447,0.5099302200751477,2.703972088030059,1.3486312399355878,,
42,25.637412775093935,0.9460547504025765,67.16988727858293,0.8588298443370908,0.0939345142243693,0.7783145464304885,0.5099302200751477,2.657004830917874,1.3486312399355878,,
43,21.39694041867955,0.8923778851315083,72.44363929146537,0.7783145464304885,1.0399892646269457,0.6642512077294686,0.4092860976918948,1.9457863660762211,0.4294149221685454,,
44,23.68491680085883,0.8923778851315083,70.16237251744498,0.7783145464304885,1.0399892646269457,0.6642512077294686,0.4025764895330113,1.9457863660762211,0.4294149221685454,,
45,25.503220611916262,0.8923778851315083,67.56575415995705,0.5770263016639828,1.0399892646269457,0.6642512077294686,0.4025764895330113,1.9457863660762211,1.4090177133655395,,
46,28.985507246376812,0.8923778851315083,61.70826623725174,0.5770263016639828,0.8789586688137413,0.5367686527106817,0.4025764895330113,1.9457863660762211,4.072732152442297,,
47,30.58239398819109,0.8923778851315083,60.238862050456255,0.5568974771873323,0.8454106280193237,0.5367686527106817,0.4025764895330113,1.8719806763285025,4.072732152442297,,
48,30.62265163714439,0.7045088566827697,58.41384863123994,0.5568974771873323,1.8250134192163177,0.41599570585077833,0.4025764895330113,3.294417606011809,3.7640901771336552,,
49,33.97074610842727,0.6977992485238862,54.6430488459474,0.5568974771873323,1.8250134192163177,1.3352120236178207,0.4025764895330113,3.0864197530864197,3.4822866344605474,,
50,35.42002147074611,0.6977992485238862,53.193773483628554,0.5568974771873323,1.8250134192163177,1.3352120236178207,0.4025764895330113,3.0864197530864197,3.4822866344605474,,
51,37.15780998389694,0.6977992485238862,50.88566827697262,0.5568974771873323,1.724369296833065,1.3352120236178207,0.4025764895330113,3.7573805689747717,3.4822866344605474,,
52,32.66237251744498,0.6977992485238862,56.427804616210416,0.36902844873859364,1.5163714439076759,1.3352120236178207,0.2147074610842727,3.3145464304884595,3.4621578099838968,,
53,34.5679012345679,0.6977992485238862,53.6634460547504,0.36902844873859364,1.5163714439076759,1.3352120236178207,0.15432098765432098,4.233762748255502,3.4621578099838968,,
54,36.79549114331723,0.6977992485238862,50.93263553408481,0.24154589371980675,1.5163714439076759,1.3352120236178207,0.15432098765432098,4.864465915190553,3.4621578099838968,,
55,38.177670424047236,0.6977992485238862,49.12775093934514,0.24154589371980675,2.475845410628019,1.3352120236178207,0.15432098765432098,4.327697262479871,3.4621578099838968,,
56,39.79468599033817,0.6977992485238862,48.05421363392378,0.24154589371980675,1.9994632313472893,1.3217928073000538,0.15432098765432098,4.327697262479871,3.408480944712829,,
57,42.230273752012884,0.5300590445517982,44.07541599570585,1.1674718196457328,1.9122383252818036,1.3217928073000538,0.15432098765432098,5.199946323134729,3.408480944712829,,
58,43.45142243692968,0.5300590445517982,42.961621041331185,1.1674718196457328,2.428878153515835,1.3217928073000538,0.15432098765432098,5.166398282340311,2.818035426731079,,
59,44.18947933440687,0.5300590445517982,42.223564143854,1.1674718196457328,2.428878153515835,1.3217928073000538,0.15432098765432098,5.166398282340311,2.818035426731079,,
60,45.24288781535159,0.5300590445517982,41.2037037037037,1.1674718196457328,2.428878153515835,1.3217928073000538,0.15432098765432098,5.132850241545894,2.818035426731079,,
61,45.56494900697799,0.5300590445517982,40.88164251207729,1.1674718196457328,2.428878153515835,1.3217928073000538,0.15432098765432098,5.132850241545894,2.818035426731079,,
62,47.128287707997856,0.5300590445517982,39.761137949543745,1.1674718196457328,2.428878153515835,1.3217928073000538,0.15432098765432098,5.132850241545894,2.3752012882447664,,
63,41.096349973161566,0.0067096081588835215,47.89989264626946,1.0534084809447128,1.1003757380568975,1.0399892646269457,0.15432098765432098,5.052334943639291,2.5966183574879227,,
64,41.50563607085346,0.0067096081588835215,47.68518518518518,1.0534084809447128,1.1003757380568975,1.0399892646269457,0.14761137949543746,4.864465915190553,2.5966183574879227,,
65,41.888083735909824,0.0067096081588835215,45.799785292538914,1.0534084809447128,2.0397208803005906,1.9390767579173376,0.14761137949543746,4.528985507246377,2.5966183574879227,,
66,41.337895866881375,0.0067096081588835215,45.38378958668814,1.0534084809447128,2.0397208803005906,1.9390767579173376,0.14761137949543746,5.495169082125604,2.5966183574879227,,
67,41.928341384863124,0.0067096081588835215,45.69243156199678,1.0534084809447128,2.871712292002147,1.9390767579173376,0.14761137949543746,3.7640901771336552,2.5966183574879227,,
68,42.80059044551798,0.0067096081588835215,44.87385936661299,1.0534084809447128,2.871712292002147,1.9390767579173376,0.14761137949543746,3.7640901771336552,2.5429414922168547,,
69,44.216317767042405,0.0067096081588835215,43.162909286097694,1.0534084809447128,2.7509393451422435,1.8451422436929683,0.14761137949543746,4.274020397208803,2.5429414922168547,,
70,47.94685990338164,0.0067096081588835215,39.84836285560923,0.5233494363929146,2.690552871712292,1.778046162104133,0.08722490606548577,5.199946323134729,1.9189479334406871,,
71,48.83252818035427,0.0067096081588835215,39.090177133655395,0.5233494363929146,2.677133655394525,1.6639828234031133,0.08722490606548577,5.199946323134729,1.9189479334406871,,
72,47.97369833601718,0.0067096081588835215,40.465646806226516,0.5233494363929146,2.677133655394525,1.221148684916801,0.013419216317767043,5.199946323134729,1.9189479334406871,,
73,50.0402576489533,0.0067096081588835215,38.1105743424584,0.4495437466451959,2.677133655394525,1.2144390767579174,0.013419216317767043,5.743424584004294,1.7444981213097155,,
74,48.95330112721417,0.0067096081588835215,36.36607622114869,0.4495437466451959,2.677133655394525,2.1604938271604937,0.013419216317767043,5.199946323134729,4.17337627482555,,
75,50.54347826086956,0.0067096081588835215,35.65485775630703,0.4495437466451959,2.442297369833602,1.5163714439076759,0.013419216317767043,5.199946323134729,4.17337627482555,,
76,50.38244766505636,0.0067096081588835215,34.15861513687601,0.4495437466451959,2.281266774020397,2.475845410628019,0.013419216317767043,6.119162640901771,4.1129898013955986,,
77,51.268115942028984,0.0067096081588835215,33.581588835212024,0.4495437466451959,2.281266774020397,2.368491680085883,0.013419216317767043,6.119162640901771,3.911701556629093,,
78,52.643585614600106,0.0067096081588835215,32.306763285024154,0.4495437466451959,2.227589908749329,2.368491680085883,0.013419216317767043,6.072195383789587,3.911701556629093,,
79,53.475577026301664,0.0067096081588835215,31.716317767042405,0.4495437466451959,2.227589908749329,2.1269457863660763,0.013419216317767043,6.072195383789587,3.911701556629093,,
80,54.53569511540526,0.0067096081588835215,31.280193236714975,0.4495437466451959,2.227589908749329,2.1269457863660763,0.013419216317767043,5.448201825013419,3.911701556629093,,
81,56.072195383789584,0.0067096081588835215,29.797369833601717,0.4025764895330113,2.227589908749329,2.1269457863660763,0.013419216317767043,5.441492216854535,3.911701556629093,,
82,57.10547504025765,0.0067096081588835215,28.884863123993558,0.4025764895330113,2.227589908749329,2.006172839506173,0.013419216317767043,5.441492216854535,3.911701556629093,,
83,58.581588835212024,0.0067096081588835215,27.717391304347824,0.4025764895330113,1.9390767579173376,2.006172839506173,0.013419216317767043,5.421363392377885,3.911701556629093,,
84,59.17203435319377,0.0067096081588835215,27.18733225979603,0.4025764895330113,1.9390767579173376,2.006172839506173,0.013419216317767043,5.360976918947934,3.911701556629093,,
85,60.84272678475577,0.0067096081588835215,25.831991411701555,0.20799785292538917,1.9390767579173376,2.006172839506173,0.013419216317767043,5.24020397208803,3.911701556629093,,
86,61.30568974771873,0.0067096081588835215,25.617283950617285,0.13419216317767044,1.7981749865807837,2.006172839506173,0.013419216317767043,5.2066559312936125,3.911701556629093,,
87,61.28556092324208,0.0067096081588835215,25.5300590445518,0.13419216317767044,2.2208803005904456,1.8384326355340848,0.013419216317767043,5.139559849704777,3.8311862587224907,,
88,62.61406333870102,0.0067096081588835215,25.194578636607623,0.13419216317767044,2.147074610842727,1.8384326355340848,0.013419216317767043,4.2203435319377345,3.8311862587224907,,
89,62.29200214707461,0.0067096081588835215,24.530327428878152,0.13419216317767044,3.1333870101986045,1.8384326355340848,0.013419216317767043,4.2203435319377345,3.8311862587224907,,
90,62.76167471819646,0.0067096081588835215,24.10091250670961,0.13419216317767044,3.1333870101986045,1.8250134192163177,0.013419216317767043,4.2203435319377345,3.8043478260869565,,
91,63.00993022007515,0.0067096081588835215,22.940150295222757,0.13419216317767044,3.1333870101986045,1.7981749865807837,0.013419216317767043,5.159688674181428,3.8043478260869565,,
92,64.11030595813205,0.0067096081588835215,22.0276435856146,0.13419216317767044,3.1333870101986045,1.7981749865807837,0.013419216317767043,4.9718196457326895,3.8043478260869565,,
93,64.72088030059045,0.0067096081588835215,21.886741814278047,0.13419216317767044,3.1333870101986045,1.5029522275899088,0.013419216317767043,4.797369833601718,3.8043478260869565,,
94,64.73429951690821,0.0067096081588835215,21.672034353193773,0.13419216317767044,3.1333870101986045,2.1068169618894257,0.013419216317767043,4.394793344068707,3.8043478260869565,,
95,65.27777777777777,0.0067096081588835215,21.155394524959743,0.13419216317767044,3.1333870101986045,2.1068169618894257,0.013419216317767043,4.394793344068707,3.7775093934514223,,
96,65.49919484702093,0.0067096081588835215,20.933977455716587,0.13419216317767044,3.1333870101986045,2.1068169618894257,0.013419216317767043,4.394793344068707,3.7775093934514223,,
97,64.65378421900161,0.0067096081588835215,20.833333333333332,1.0802469135802468,3.1333870101986045,2.1068169618894257,0.013419216317767043,4.394793344068707,3.7775093934514223,,
98,65.552871712292,0.0067096081588835215,19.940955448201827,1.0802469135802468,2.831454643048846,2.0665593129361244,0.013419216317767043,4.247181964573269,4.260601180891036,,
99,65.98899624261944,0.0067096081588835215,19.53166935050993,1.0802469135802468,2.831454643048846,2.0665593129361244,0.013419216317767043,4.247181964573269,4.233762748255502,,
100,65.8346752549651,0.0067096081588835215,18.739935587761675,1.0802469135802468,2.831454643048846,2.0665593129361244,0.013419216317767043,5.193236714975845,4.233762748255502,,
101,65.9151905528717,0.0067096081588835215,18.706387546967257,1.0802469135802468,2.831454643048846,2.0665593129361244,0.013419216317767043,5.146269457863661,4.233762748255502,,
102,66.31105743424584,0.0067096081588835215,18.337359098228664,1.0802469135802468,2.831454643048846,2.0665593129361244,0.013419216317767043,5.119431025228127,4.233762748255502,,
103,65.74074074074075,0.0067096081588835215,17.64626945786366,3.193773483628556,2.831454643048846,1.9994632313472893,0.013419216317767043,4.9651100375738055,3.603059581320451,,
104,67.12292002147075,0.0067096081588835215,17.364465915190554,2.945517981749866,2.831454643048846,1.9860440150295222,0.013419216317767043,4.931561996779388,2.7979066022544283,,
105,67.59930220075148,0.0067096081588835215,16.908212560386474,2.9253891572732154,2.831454643048846,1.9860440150295222,0.013419216317767043,4.931561996779388,2.7979066022544283,,
106,67.63955984970478,,16.364734299516908,2.9253891572732154,2.831454643048846,1.9860440150295222,0.013419216317767043,5.441492216854535,2.7979066022544283,,
107,68.27026301663983,,16.337895866881375,2.4825550187869028,2.831454643048846,1.8719806763285025,0.013419216317767043,5.394524959742351,2.7979066022544283,,
108,68.34406870638755,,16.29092860976919,2.4825550187869028,2.831454643048846,1.8585614600107354,0.013419216317767043,5.394524959742351,2.7844873859366612,,
109,67.57917337627482,,15.975577026301664,2.0665593129361244,3.770799785292539,1.8585614600107354,0.013419216317767043,5.179817498658078,2.589908749329039,0.966183574879227,
110,66.48550724637681,,15.022812667740205,2.0665593129361244,3.9989264626945786,4.025764895330113,0.013419216317767043,5.045625335480408,2.3752012882447664,0.966183574879227,
111,66.76060118089103,,14.74771873322598,2.0665593129361244,3.9989264626945786,4.025764895330113,0.013419216317767043,5.045625335480408,2.3752012882447664,0.966183574879227,
112,67.06924315619968,,14.553140096618357,1.9592055823939882,3.9989264626945786,4.025764895330113,0.013419216317767043,5.045625335480408,2.3752012882447664,0.9594739667203436,
113,67.52549651100375,,14.53972088030059,1.9592055823939882,3.569511540526033,4.025764895330113,0.013419216317767043,5.045625335480408,2.3617820719269993,0.9594739667203436,
114,67.8341384863124,,14.029790660225443,1.4224369296833066,3.569511540526033,3.9720880300590444,0.013419216317767043,4.904723564143854,3.294417606011809,0.9594739667203436,
115,68.71309715512614,,13.761406333870102,1.4224369296833066,3.240740740740741,3.9720880300590444,0.013419216317767043,4.810789049919484,3.1065485775630703,0.9594739667203436,
116,69.43773483628556,,13.298443370907139,1.4224369296833066,3.0595813204508855,3.9720880300590444,0.013419216317767043,4.730273752012883,3.1065485775630703,0.9594739667203436,
117,70.18921095008052,,12.546967257112184,1.4224369296833066,3.0595813204508855,3.9720880300590444,0.013419216317767043,4.730273752012883,3.1065485775630703,0.9594739667203436,
118,70.54482018250134,,12.493290391841116,1.4224369296833066,3.0595813204508855,3.9720880300590444,0.013419216317767043,4.428341384863124,3.1065485775630703,0.9594739667203436,
119,70.7662372517445,,12.27187332259796,1.4224369296833066,3.0595813204508855,3.9720880300590444,0.013419216317767043,4.428341384863124,3.1065485775630703,0.9594739667203436,
120,70.7662372517445,,12.27187332259796,1.4224369296833066,3.0595813204508855,3.9720880300590444,0.013419216317767043,4.428341384863124,3.1065485775630703,0.9594739667203436,
121,71.57809983896941,,12.27187332259796,1.4224369296833066,2.8650026838432634,3.9720880300590444,0.013419216317767043,4.1532474503489,2.7643585614600106,0.9594739667203436,
122,72.25577026301664,,12.02361782071927,1.4224369296833066,2.804616210413312,3.6366076221148687,0.013419216317767043,4.1532474503489,2.7308105206655933,0.9594739667203436,
123,71.68545356951154,,11.75523349436393,2.3550724637681157,2.7509393451422435,3.6366076221148687,0.013419216317767043,4.1129898013955986,2.7308105206655933,0.9594739667203436,
124,71.17552334943639,,11.721685453569512,2.0665593129361244,3.4822866344605474,4.549114331723027,0.013419216317767043,4.079441760601181,1.9524959742351047,0.9594739667203436,
125,72.19538378958669,,11.647879763821793,1.7579173376274826,3.4822866344605474,4.435050993022007,0.013419216317767043,3.750670960815888,1.7579173376274826,0.9594739667203436,
126,72.57783145464305,,11.285560923242082,1.737788513150832,3.4822866344605474,4.435050993022007,0.013419216317767043,3.750670960815888,1.7579173376274826,0.9594739667203436,
127,72.83279656468062,,11.285560923242082,1.6304347826086956,3.435319377348363,4.435050993022007,0.013419216317767043,3.656736446591519,1.7579173376274826,0.95276435856146,
128,72.8395061728395,,11.285560923242082,1.6304347826086956,3.435319377348363,4.435050993022007,0.013419216317767043,3.6500268384326353,1.7579173376274826,0.95276435856146,
129,73.53059581320451,,11.231884057971014,1.5901771336553945,3.0327428878153517,4.408212560386473,0.013419216317767043,3.549382716049383,1.6908212560386473,0.95276435856146,
130,73.07434245840042,,10.876274825550189,2.4221685453569513,3.012614063338701,4.408212560386473,0.013419216317767043,3.549382716049383,1.6908212560386473,0.95276435856146,
131,71.33655394524959,,10.674986580783683,3.388352120236178,3.9855072463768115,4.408212560386473,0.013419216317767043,3.549382716049383,1.6908212560386473,0.95276435856146,
132,72.0276435856146,,10.265700483091788,3.388352120236178,3.92512077294686,4.408212560386473,0.013419216317767043,3.33467525496511,1.6841116478797638,0.95276435856146,
133,72.12828770799786,,10.225442834138486,3.388352120236178,3.92512077294686,4.408212560386473,0.013419216317767043,3.2742887815351582,1.6841116478797638,0.95276435856146,
134,71.53784219001611,,10.171765968867419,3.2004830917874396,4.898013955984971,4.408212560386473,0.013419216317767043,3.1333870101986045,1.6841116478797638,0.95276435856146,
135,71.88674181427804,,10.0979602791197,3.2004830917874396,4.898013955984971,4.408212560386473,0.013419216317767043,2.85829307568438,1.6841116478797638,0.95276435856146,
136,72.47047772410092,,9.762479871175524,3.2004830917874396,4.884594739667204,4.408212560386473,0.013419216317767043,2.623456790123457,1.6841116478797638,0.95276435856146,
137,73.22866344605475,,9.541062801932368,2.9589371980676327,4.884594739667204,4.361245303274289,0.013419216317767043,2.623456790123457,1.4358561460010735,0.95276435856146,
138,73.70504562533549,,9.192163177670425,2.9589371980676327,4.884594739667204,4.280730005367687,0.013419216317767043,2.589908749329039,1.4224369296833066,0.95276435856146,
139,73.8996242619431,,8.997584541062801,2.9589371980676327,4.884594739667204,4.280730005367687,0.013419216317767043,2.589908749329039,1.4224369296833066,0.95276435856146,
140,73.72517444981213,,8.943907675791733,2.9589371980676327,4.851046698872786,3.911701556629093,0.013419216317767043,2.254428341384863,2.3886205045625335,0.95276435856146,
141,73.94659151905529,,8.756038647342995,2.9589371980676327,4.817498658078368,3.911701556629093,0.013419216317767043,2.254428341384863,2.3886205045625335,0.95276435856146,
142,73.94659151905529,,8.756038647342995,2.9589371980676327,4.817498658078368,3.911701556629093,0.013419216317767043,2.254428341384863,2.3886205045625335,0.95276435856146,
143,74.12775093934515,,8.467525496511003,2.9589371980676327,5.10601180891036,3.911701556629093,0.013419216317767043,2.1068169618894257,2.3550724637681157,0.95276435856146,
144,74.12775093934515,,8.467525496511003,2.9589371980676327,5.10601180891036,3.911701556629093,0.013419216317767043,2.1068169618894257,2.3550724637681157,0.95276435856146,
145,74.46994095544821,,8.32662372517445,2.9589371980676327,4.904723564143854,3.911701556629093,0.013419216317767043,2.1068169618894257,2.3550724637681157,0.95276435856146,
146,74.46994095544821,,8.32662372517445,2.9589371980676327,4.904723564143854,3.911701556629093,0.013419216317767043,2.1068169618894257,2.3550724637681157,0.95276435856146,
147,74.37600644122384,,8.004562533548041,2.9589371980676327,5.340848094471283,3.911701556629093,0.013419216317767043,2.086688137412775,2.3550724637681157,0.95276435856146,
148,74.7987117552335,,7.897208803005904,2.831454643048846,5.152979066022544,3.911701556629093,0.013419216317767043,2.086688137412775,2.3550724637681157,0.95276435856146,
149,75.06038647342996,,7.695920558239399,2.831454643048846,5.152979066022544,3.9049919484702094,0.013419216317767043,2.033011272141707,2.3550724637681157,0.95276435856146,
150,75.0805152979066,,7.695920558239399,2.831454643048846,5.152979066022544,3.9049919484702094,0.013419216317767043,2.0128824476650564,2.3550724637681157,0.95276435856146,
151,75.0805152979066,,7.695920558239399,2.831454643048846,5.152979066022544,3.9049919484702094,0.013419216317767043,2.0128824476650564,2.3550724637681157,0.95276435856146,
152,75.76489533011272,,7.239667203435319,2.7979066022544283,5.152979066022544,3.743961352657005,0.013419216317767043,2.0128824476650564,2.3215244229736984,0.95276435856146,
153,76.1808910359635,,7.199409554482019,2.7979066022544283,4.804079441760601,3.743961352657005,0.013419216317767043,1.9860440150295222,2.3215244229736984,0.95276435856146,
154,77.01959205582394,,7.078636607622115,2.7979066022544283,4.1532474503489,3.743961352657005,0.013419216317767043,1.9189479334406871,2.3215244229736984,0.95276435856146,
155,76.7512077294686,,6.468062265163715,2.7979066022544283,5.032206119162641,3.743961352657005,0.013419216317767043,1.9189479334406871,2.3215244229736984,0.95276435856146,
156,77.38862050456254,,6.468062265163715,2.791196994095545,4.508856682769726,3.743961352657005,0.013419216317767043,1.8115942028985508,2.3215244229736984,0.95276435856146,
157,77.54965110037574,,6.468062265163715,2.791196994095545,4.3478260869565215,3.743961352657005,0.013419216317767043,1.8115942028985508,2.3215244229736984,0.95276435856146,
158,78.65673644659152,,6.4345142243692965,2.395330112721417,4.186795491143317,3.2877079978529253,0.013419216317767043,1.8115942028985508,2.2611379495437465,0.95276435856146,
159,79.22705314009661,,6.4345142243692965,2.328234031132582,3.81105743424584,3.2139023081052067,0.013419216317767043,1.8115942028985508,2.2611379495437465,0.8990874932903918,
160,78.01932367149759,,6.266774020397209,2.328234031132582,5.662909286097692,3.0327428878153517,0.013419216317767043,1.6505636070853462,2.1269457863660763,0.8990874932903918,
161,78.2139023081052,,6.266774020397209,2.328234031132582,5.46833064949007,3.0327428878153517,0.013419216317767043,1.6505636070853462,2.1269457863660763,0.8990874932903918,
162,78.3346752549651,,6.146001073537305,2.328234031132582,5.46833064949007,3.0327428878153517,0.013419216317767043,1.6505636070853462,2.1269457863660763,0.8990874932903918,
163,78.3346752549651,,6.146001073537305,2.328234031132582,5.46833064949007,3.0327428878153517,0.013419216317767043,1.6505636070853462,2.1269457863660763,0.8990874932903918,
164,78.3346752549651,,6.146001073537305,2.328234031132582,5.46833064949007,3.0327428878153517,0.013419216317767043,1.6505636070853462,2.1269457863660763,0.8990874932903918,
165,77.76435856146001,,6.877348362855609,2.328234031132582,5.35426731078905,3.0327428878153517,0.013419216317767043,1.6304347826086956,2.100107353730542,0.8990874932903918,
166,77.361782071927,,6.736446591519055,2.328234031132582,6.213097155126141,3.0327428878153517,0.013419216317767043,1.328502415458937,2.086688137412775,0.8990874932903918,
167,77.67713365539453,,6.595544820182502,2.328234031132582,6.213097155126141,3.0327428878153517,0.013419216317767043,1.3217928073000538,2.086688137412775,0.7313472893183038,
168,77.75764895330113,,6.521739130434782,2.328234031132582,6.213097155126141,3.0327428878153517,0.013419216317767043,1.3150831991411702,2.086688137412775,0.7313472893183038,
169,78.69028448738594,,6.488191089640365,2.328234031132582,6.159420289855072,3.0327428878153517,0.013419216317767043,1.3150831991411702,1.2412775093934514,0.7313472893183038,
170,78.69028448738594,,6.488191089640365,2.328234031132582,6.159420289855072,3.0327428878153517,0.013419216317767043,1.3150831991411702,1.2412775093934514,0.7313472893183038,
171,78.89157273215244,,6.488191089640365,2.328234031132582,5.958132045088567,3.0327428878153517,0.013419216317767043,1.3150831991411702,1.2412775093934514,0.7313472893183038,
172,78.71712292002147,,6.199677938808374,2.328234031132582,6.474771873322598,3.0327428878153517,0.013419216317767043,1.261406333870102,1.2412775093934514,0.7313472893183038,
173,78.71712292002147,,6.199677938808374,2.328234031132582,6.474771873322598,3.0327428878153517,0.013419216317767043,1.261406333870102,1.2412775093934514,0.7313472893183038,
174,77.99248523886205,,6.1929683306494905,2.328234031132582,6.474771873322598,3.0327428878153517,0.013419216317767043,1.9927536231884058,1.2412775093934514,0.7313472893183038,
175,78.24745034889962,,6.159420289855072,2.328234031132582,6.474771873322598,3.0059044551798175,0.013419216317767043,1.9927536231884058,1.0466988727858293,0.7313472893183038,
176,78.24745034889962,,6.159420289855072,2.328234031132582,6.474771873322598,3.0059044551798175,0.013419216317767043,1.9927536231884058,1.0466988727858293,0.7313472893183038,
177,78.30783682232958,,6.159420289855072,2.328234031132582,6.474771873322598,3.0059044551798175,0.013419216317767043,1.932367149758454,1.0466988727858293,0.7313472893183038,
178,78.72383252818035,,5.783682232957595,2.328234031132582,6.474771873322598,3.0059044551798175,0.013419216317767043,1.932367149758454,1.0064412238325282,0.7313472893183038,
179,78.72383252818035,,5.783682232957595,2.328234031132582,6.474771873322598,3.0059044551798175,0.013419216317767043,1.932367149758454,1.0064412238325282,0.7313472893183038,
180,78.72383252818035,,5.783682232957595,2.328234031132582,6.474771873322598,3.0059044551798175,0.013419216317767043,1.932367149758454,1.0064412238325282,0.7313472893183038,
181,78.75738056897477,,5.481749865807837,2.328234031132582,6.3070316693505095,3.0059044551798175,0.013419216317767043,1.932367149758454,1.0064412238325282,1.1674718196457328,
182,78.77079978529254,,5.46833064949007,2.328234031132582,6.3070316693505095,3.0059044551798175,0.013419216317767043,1.932367149758454,1.0064412238325282,1.1674718196457328,
183,78.77079978529254,,5.46833064949007,2.328234031132582,6.3070316693505095,3.0059044551798175,0.013419216317767043,1.932367149758454,1.0064412238325282,1.1674718196457328,
184,79.1129898013956,,5.46833064949007,2.328234031132582,6.038647342995169,2.932098765432099,0.013419216317767043,1.932367149758454,1.0064412238325282,1.1674718196457328,
185,78.81776704240472,,5.46833064949007,2.328234031132582,5.83064949006978,2.932098765432099,0.013419216317767043,1.932367149758454,1.0064412238325282,0.7716049382716049,0.8990874932903918
186,79.5558239398819,,5.46833064949007,2.328234031132582,5.4616210413311865,2.657004830917874,0.013419216317767043,1.8384326355340848,1.0064412238325282,0.7716049382716049,0.8990874932903918
187,79.5558239398819,,5.46833064949007,2.328234031132582,5.4616210413311865,2.657004830917874,0.013419216317767043,1.8384326355340848,1.0064412238325282,0.7716049382716049,0.8990874932903918
188,79.89801395598496,,5.448201825013419,2.328234031132582,5.4616210413311865,2.3349436392914655,0.013419216317767043,1.8384326355340848,1.0064412238325282,0.7716049382716049,0.8990874932903918
189,79.60279119699409,,5.434782608695652,2.328234031132582,5.9447128287707995,2.3349436392914655,0.013419216317767043,1.8250134192163177,1.0064412238325282,0.7716049382716049,0.7380568974771873
190,79.99865807836822,,5.22007514761138,2.26784755770263,5.9447128287707995,2.214170692431562,0.013419216317767043,1.8250134192163177,1.0064412238325282,0.7716049382716049,0.7380568974771873
191,79.99865807836822,,5.22007514761138,2.26784755770263,5.9447128287707995,2.214170692431562,0.013419216317767043,1.8250134192163177,1.0064412238325282,0.7716049382716049,0.7380568974771873
192,79.99865807836822,,5.22007514761138,2.26784755770263,5.9447128287707995,2.214170692431562,0.013419216317767043,1.8250134192163177,1.0064412238325282,0.7716049382716049,0.7380568974771873
193,80.15968867418142,,5.146269457863661,2.26784755770263,5.9447128287707995,2.214170692431562,0.013419216317767043,1.8250134192163177,1.0064412238325282,0.6843800322061192,0.7380568974771873
194,79.2337627482555,,5.12614063338701,2.26784755770263,6.910896403650026,2.214170692431562,0.013419216317767043,1.8115942028985508,0.9997316156736447,0.6843800322061192,0.7380568974771873
195,79.46859903381643,,5.12614063338701,2.26784755770263,6.6760601180891035,2.214170692431562,0.013419216317767043,1.8115942028985508,0.9997316156736447,0.6843800322061192,0.7380568974771873
196,79.56253354804079,,5.0858829844337095,2.26784755770263,6.6760601180891035,2.1604938271604937,0.013419216317767043,1.8115942028985508,0.9997316156736447,0.6843800322061192,0.7380568974771873
197,79.56253354804079,,5.0858829844337095,2.26784755770263,6.6760601180891035,2.1604938271604937,0.013419216317767043,1.8115942028985508,0.9997316156736447,0.6843800322061192,0.7380568974771873
198,79.56253354804079,,5.0858829844337095,2.26784755770263,6.6760601180891035,2.1604938271604937,0.013419216317767043,1.8115942028985508,0.9997316156736447,0.6843800322061192,0.7380568974771873
199,77.75764895330113,,5.0858829844337095,2.26784755770263,8.480944712828771,2.1604938271604937,0.013419216317767043,1.8115942028985508,0.9997316156736447,0.6843800322061192,0.7380568974771873
200,77.9320987654321,,5.0791733762748255,2.2074610842726785,8.480944712828771,2.1604938271604937,0.013419216317767043,1.8115942028985508,0.8923778851315083,0.6843800322061192,0.7380568974771873
201,77.9320987654321,,5.0791733762748255,2.2074610842726785,8.480944712828771,2.1604938271604937,0.013419216317767043,1.8115942028985508,0.8923778851315083,0.6843800322061192,0.7380568974771873
202,78.1333870101986,,5.0791733762748255,2.2074610842726785,8.279656468062266,2.1604938271604937,0.013419216317767043,1.8115942028985508,0.8923778851315083,0.6843800322061192,0.7380568974771873
203,78.18035426731079,,5.0791733762748255,2.2074610842726785,8.232689210950081,2.1604938271604937,0.013419216317767043,1.8115942028985508,0.8923778851315083,0.6843800322061192,0.7380568974771873
204,77.65029522275898,,5.0791733762748255,2.2074610842726785,8.76274825550188,2.1604938271604937,0.013419216317767043,1.8115942028985508,0.8923778851315083,0.6843800322061192,0.7380568974771873
205,77.7308105206656,,5.0791733762748255,2.2074610842726785,8.76274825550188,2.1604938271604937,0.013419216317767043,1.8115942028985508,0.8118625872249061,0.6843800322061192,0.7380568974771873
206,77.7308105206656,,5.0791733762748255,2.2074610842726785,8.76274825550188,2.1604938271604937,0.013419216317767043,1.8115942028985508,0.8118625872249061,0.6843800322061192,0.7380568974771873
207,77.7710681696189,,5.0791733762748255,2.2074610842726785,8.722490606548577,2.1604938271604937,0.013419216317767043,1.8115942028985508,0.8118625872249061,0.6843800322061192,0.7380568974771873
208,78.31454643048846,,5.025496511003757,2.2074610842726785,8.232689210950081,2.1604938271604937,0.013419216317767043,1.8115942028985508,0.8118625872249061,0.6843800322061192,0.7380568974771873
209,78.65673644659152,,5.025496511003757,2.2074610842726785,7.9039184111647875,2.1604938271604937,0.013419216317767043,1.8115942028985508,0.798443370907139,0.6843800322061192,0.7380568974771873
210,78.65673644659152,,5.025496511003757,2.2074610842726785,7.9039184111647875,2.1604938271604937,0.013419216317767043,1.8115942028985508,0.798443370907139,0.6843800322061192,0.7380568974771873
211,78.65673644659152,,5.025496511003757,2.2074610842726785,7.9039184111647875,2.1604938271604937,0.013419216317767043,1.8115942028985508,0.798443370907139,0.6843800322061192,0.7380568974771873
212,78.73054213633924,,4.951690821256038,2.2074610842726785,7.9039184111647875,2.1604938271604937,0.013419216317767043,1.8115942028985508,0.798443370907139,0.6843800322061192,0.7380568974771873
213,78.73054213633924,,4.951690821256038,2.2074610842726785,7.9039184111647875,2.1604938271604937,0.013419216317767043,1.8115942028985508,0.798443370907139,0.6843800322061192,0.7380568974771873
214,78.73054213633924,,4.951690821256038,2.2074610842726785,7.9039184111647875,2.1604938271604937,0.013419216317767043,1.8115942028985508,0.798443370907139,0.6843800322061192,0.7380568974771873
215,78.89157273215244,,4.944981213097155,2.2074610842726785,7.87037037037037,2.0665593129361244,0.013419216317767043,1.7847557702630166,0.798443370907139,0.6843800322061192,0.7380568974771873
216,78.89157273215244,,4.944981213097155,2.2074610842726785,7.87037037037037,2.0665593129361244,0.013419216317767043,1.7847557702630166,0.798443370907139,0.6843800322061192,0.7380568974771873
217,78.89157273215244,,4.944981213097155,2.2074610842726785,7.87037037037037,2.0665593129361244,0.013419216317767043,1.7847557702630166,0.798443370907139,0.6843800322061192,0.7380568974771873
218,78.89157273215244,,4.944981213097155,2.2074610842726785,7.87037037037037,2.0665593129361244,0.013419216317767043,1.7847557702630166,0.798443370907139,0.6843800322061192,0.7380568974771873
219,79.26731078904992,,4.944981213097155,2.2074610842726785,7.87037037037037,2.0665593129361244,0.013419216317767043,1.7847557702630166,0.798443370907139,0.644122383252818,0.4025764895330113
220,79.53569511540526,,4.924852388620504,2.2074610842726785,7.628824476650563,2.0665593129361244,0.013419216317767043,1.778046162104133,0.798443370907139,0.644122383252818,0.4025764895330113
221,79.53569511540526,,4.924852388620504,2.2074610842726785,7.628824476650563,2.0665593129361244,0.013419216317767043,1.778046162104133,0.798443370907139,0.644122383252818,0.4025764895330113
222,79.12640901771337,,4.394793344068707,2.2074610842726785,7.628824476650563,2.0665593129361244,0.013419216317767043,1.778046162104133,1.737788513150832,0.644122383252818,0.4025764895330113
223,79.32769726247987,,4.193505099302201,2.2074610842726785,7.628824476650563,2.0665593129361244,0.013419216317767043,1.778046162104133,1.737788513150832,0.644122383252818,0.4025764895330113
224,79.8040794417606,,4.126409017713366,2.2074610842726785,7.501341921631776,1.9256575415995705,0.013419216317767043,1.6371443907675791,1.737788513150832,0.644122383252818,0.4025764895330113
225,80.26033279656468,,4.126409017713366,1.865271068169619,7.501341921631776,1.9256575415995705,0.013419216317767043,1.5230810520665594,1.737788513150832,0.644122383252818,0.4025764895330113
226,80.26033279656468,,4.126409017713366,1.865271068169619,7.501341921631776,1.9256575415995705,0.013419216317767043,1.5230810520665594,1.737788513150832,0.644122383252818,0.4025764895330113
227,81.09903381642512,,4.126409017713366,1.8115942028985508,7.1658615136876005,1.9256575415995705,0.013419216317767043,1.5230810520665594,1.737788513150832,0.4294149221685454,0.16774020397208803
228,81.09903381642512,,4.126409017713366,1.8115942028985508,7.1658615136876005,1.9256575415995705,0.013419216317767043,1.5230810520665594,1.737788513150832,0.4294149221685454,0.16774020397208803
229,81.33387010198605,,4.126409017713366,1.5767579173376274,7.1658615136876005,1.9256575415995705,0.013419216317767043,1.5230810520665594,1.737788513150832,0.4294149221685454,0.16774020397208803
230,81.33387010198605,,4.126409017713366,1.5767579173376274,7.1658615136876005,1.9256575415995705,0.013419216317767043,1.5230810520665594,1.737788513150832,0.4294149221685454,0.16774020397208803
231,81.33387010198605,,4.126409017713366,1.5767579173376274,7.1658615136876005,1.9256575415995705,0.013419216317767043,1.5230810520665594,1.737788513150832,0.4294149221685454,0.16774020397208803
