,40,45,50,51,41,52,53,55,49,54
0,4.676596886741814,39.93558776167472,55.38781535158347,,,,,,,
1,7.273215244229737,37.567096081588836,53.824476650563604,1.3352120236178207,,,,,,
2,12.238325281803542,28.663446054750402,56.48148148148148,1.3352120236178207,1.2815351583467525,,,,,
3,8.433977455716587,19.316961889425656,70.01476113794955,0.95276435856146,1.2815351583467525,,,,,
4,6.998121309715513,11.29898013955985,78.052871712292,0.95276435856146,2.6972624798711755,,,,,
5,13.18438003220612,10.755501878690284,72.41009125067096,0.95276435856146,2.6972624798711755,,,,,
6,17.062533548040793,4.045893719806763,71.8263553408481,4.367954911433173,2.6972624798711755,,,,,
7,11.3191089640365,1.4694041867954912,84.51422436929683,,2.6972624798711755,,,,,
8,12.359098228663447,1.4694041867954912,83.47423510466989,,2.6972624798711755,,,,,
9,17.57246376811594,0.9125067096081588,67.4315619967794,5.750134192163178,5.917874396135265,2.4154589371980677,,,,
10,19.464573268921097,0.7716049382716049,68.58561460010735,5.750134192163178,3.3548040794417604,1.9927536231884058,0.08051529790660225,,,
11,7.380568974771873,0.6374127750939346,82.13902308105207,4.260601180891036,3.589640365002684,1.9927536231884058,,,,
12,12.332259796027913,0.6374127750939346,74.83225979602791,6.9310252281266775,3.2742887815351582,1.9927536231884058,,,,
13,14.660493827160494,0.6374127750939346,68.01529790660226,10.446859903381643,3.374932903918411,1.9927536231884058,0.8722490606548577,,,
14,16.854535695115406,0.6374127750939346,57.79656468062265,17.94820182501342,2.395330112721417,1.9927536231884058,0.8722490606548577,1.5029522275899088,,
15,20.001341921631777,0.6374127750939346,60.36634460547504,12.298711755233494,2.328234031132582,1.9927536231884058,0.8722490606548577,1.5029522275899088,,
16,15.297906602254429,0.36231884057971014,61.808910359635,14.492753623188406,1.4761137949543746,1.9927536231884058,,0.6038647342995169,3.965378421900161,
17,20.652173913043477,0.04696725711218465,57.729468599033815,11.58749329039184,1.093666129898014,4.502147074610843,,0.6038647342995169,3.784219001610306,
18,17.163177670424048,0.026838432635534086,66.40499194847021,7.27992485238862,0.2952227589908749,4.502147074610843,,0.5971551261406334,3.730542136339238,
19,19.43773483628556,0.026838432635534086,60.50053676865271,11.16478797638218,0.2952227589908749,4.502147074610843,,0.5971551261406334,3.475577026301664,
20,21.370101986044016,,57.26650563607085,13.962694578636608,0.2952227589908749,2.6502952227589907,,0.4227053140096618,4.032474503488996,
21,23.362855609232422,,55.723295759527645,13.761406333870102,0.04696725711218465,2.6502952227589907,,0.4227053140096618,4.032474503488996,
22,16.002415458937197,,63.506441223832525,11.29898013955985,0.04696725711218465,1.7914653784219001,,0.05367686527106817,7.300053676865271,
23,16.982018250134193,,67.76704240472357,6.977992485238862,0.04696725711218465,1.7914653784219001,,0.013419216317767043,6.421095008051529,
24,21.14868491680086,,64.07004830917874,6.508319914117015,0.04696725711218465,1.7914653784219001,,0.013419216317767043,6.421095008051529,
25,19.887278582930758,,65.52603327965647,6.501610305958132,0.04696725711218465,1.7914653784219001,,,6.246645195920558,
26,20.162372517444982,,67.00214707461085,6.3137412775093935,0.013419216317767043,1.7914653784219001,,,4.7168545356951155,
27,18.706387546967257,,40.21068169618894,5.501878690284487,0.013419216317767043,0.8990874932903918,,,34.66854535695116,
28,15.901771336553946,,46.92699946323135,4.851046698872786,0.013419216317767043,0.8990874932903918,,,31.407675791733762,
29,18.592324208266238,,57.7361782071927,4.206924315619967,0.013419216317767043,0.6843800322061192,,,18.766774020397207,
30,21.490874932903917,,54.851046698872786,4.193505099302201,0.013419216317767043,0.6843800322061192,,,18.766774020397207,
31,24.825550187869027,,53.08641975308642,3.8714439076757916,0.013419216317767043,0.6843800322061192,,,17.518786902844873,
32,30.22007514761138,,50.38244766505636,3.683574879227053,0.013419216317767043,0.6843800322061192,,,15.01610305958132,
33,30.253623188405797,,51.42914653784219,3.683574879227053,0.013419216317767043,0.6843800322061192,,,13.935856146001074,
34,35.990338164251206,,48.86607622114869,2.9924852388620504,0.013419216317767043,0.6843800322061192,,,11.453301127214171,
35,39.57997852925389,,45.67901234567901,2.918679549114332,0.013419216317767043,0.4092860976918948,,,11.399624261943103,
36,42.64626945786366,,42.619431025228124,2.918679549114332,0.013419216317767043,0.4092860976918948,,,11.392914653784219,
37,41.17015566290929,,40.78099838969404,2.227589908749329,0.013419216317767043,3.8043478260869565,,,10.493827160493828,1.5096618357487923
38,44.63231347289318,,37.69457863660762,2.167203435319377,0.013419216317767043,3.6634460547504024,,,10.493827160493828,1.3352120236178207
39,39.700751476113794,,46.121846484165324,1.1406333870101986,,1.8518518518518519,,,9.88996242619431,1.2949543746645196
40,43.92109500805153,,41.44524959742351,1.1406333870101986,,1.8518518518518519,,,9.078099838969404,2.563070316693505
41,47.155126140633385,,39.351851851851855,1.1406333870101986,,1.6841116478797638,,,8.105206655931294,2.563070316693505
42,50.2012882447665,,37.43961352657005,1.1205045625335481,,1.1808910359634996,,,7.494632313472893,2.563070316693505
43,52.03972088030059,,33.62855609232421,1.1205045625335481,,1.1808910359634996,2.690552871712292,,7.340311325818572,1.9994632313472893
44,56.86392914653784,,31.508319914117017,1.0399892646269457,,0.630703166935051,1.8384326355340848,,6.743156199677939,1.3754696725711217
45,48.349436392914654,,43.51851851851852,0.13419216317767044,,0.3824476650563607,0.8655394524959742,,5.374396135265701,1.3754696725711217
46,51.75791733762748,,40.183843263553406,0.13419216317767044,,0.3824476650563607,0.8655394524959742,,5.374396135265701,1.3016639828234031
47,54.45517981749866,,37.8690284487386,0.13419216317767044,,0.04696725711218465,0.8655394524959742,,5.3274288781535155,1.3016639828234031
48,45.12211486849168,,48.107890499194845,0.10064412238325282,,0.04696725711218465,0.7783145464304885,,4.542404723564144,1.3016639828234031
49,36.03730542136339,,58.5077831454643,0.10064412238325282,,0.04696725711218465,0.7783145464304885,,3.603059581320451,0.9259259259259259
50,38.73456790123457,,55.81052066559313,0.10064412238325282,,0.04696725711218465,0.7783145464304885,,3.603059581320451,0.9259259259259259
51,41.02254428341385,,53.52254428341385,0.10064412238325282,,0.04696725711218465,0.7783145464304885,,3.603059581320451,0.9259259259259259
52,44.08212560386473,,50.697799248523886,0.10064412238325282,,0.04696725711218465,0.7783145464304885,,3.5829307568438002,0.7112184648416533
53,44.7463768115942,,48.47691894793344,0.10064412238325282,,0.04696725711218465,2.4892646269457863,,3.4621578099838968,0.6776704240472357
54,38.67418142780462,,54.75711218464841,0.06709608158883522,,0.026838432635534086,2.4892646269457863,,3.307836822329576,0.6776704240472357
55,42.55904455179817,,50.97289318303811,0.06709608158883522,,0.026838432635534086,2.4892646269457863,,3.207192699946323,0.6776704240472357
56,43.592324208266234,,49.93961352657005,0.06709608158883522,,0.026838432635534086,2.4892646269457863,,3.207192699946323,0.6776704240472357
57,47.839506172839506,,43.76006441223833,2.5697799248523885,,0.026838432635534086,2.4892646269457863,,2.636876006441224,0.6776704240472357
58,48.35614600107354,,43.45142243692968,2.5697799248523885,,0.026838432635534086,2.4892646269457863,,2.428878153515835,0.6776704240472357
59,50.32877079978529,,41.95517981749866,2.1135265700483092,,0.0067096081588835215,2.4892646269457863,,2.428878153515835,0.6776704240472357
60,53.79092860976919,,38.687600644122384,1.9189479334406871,,0.0067096081588835215,2.4892646269457863,,2.428878153515835,0.6776704240472357
61,57.49463231347289,,35.01073537305421,1.9189479334406871,,,2.4892646269457863,,2.428878153515835,0.6575415995705851
62,61.02388620504563,,31.608964036500268,1.9189479334406871,,,2.4892646269457863,,2.301395598497048,0.6575415995705851
63,61.69484702093398,,30.938003220611915,1.9189479334406871,,,2.4892646269457863,,2.301395598497048,0.6575415995705851
64,63.62721417069243,,29.159957058507782,1.9189479334406871,,,2.4825550187869028,,2.15378421900161,0.6575415995705851
65,60.53408480944713,,27.717391304347824,1.9189479334406871,,4.5960815888352125,2.475845410628019,,2.100107353730542,0.6575415995705851
66,63.51315083199141,,25.791733762748255,1.6035963499731616,,4.019055287171229,2.314814814814815,,2.100107353730542,0.6575415995705851
67,65.68706387546968,,23.852657004830917,1.6035963499731616,,4.019055287171229,2.0799785292538915,,2.100107353730542,0.6575415995705851
68,66.78073000536769,,22.16183574879227,1.6035963499731616,,3.5225442834138487,2.0799785292538915,,1.9390767579173376,1.9122383252818036
69,68.0354267310789,,21.430488459473967,1.6035963499731616,,3.166935050993022,1.9793344068706387,,1.9390767579173376,1.8451422436929683
70,70.5246913580247,,20.739398819108963,1.6035963499731616,,2.8650026838432634,1.3150831991411702,,1.2815351583467525,1.6706924315619969
71,71.6250670960816,,20.578368223295758,1.6035963499731616,,1.9256575415995705,1.3150831991411702,,1.2815351583467525,1.6706924315619969
72,73.50375738056897,,18.699677938808374,1.6035963499731616,,1.9256575415995705,1.3150831991411702,,1.2815351583467525,1.6706924315619969
73,73.79227053140097,,18.42458400429415,1.6035963499731616,,1.9256575415995705,1.3083735909822867,,1.2748255501878691,1.6706924315619969
74,75.02683843263553,,17.431561996779386,1.6035963499731616,,1.9256575415995705,1.06682769726248,,1.2748255501878691,1.6706924315619969
75,75.83870101986044,,17.122920021470748,1.6035963499731616,,1.6304347826086956,1.06682769726248,,1.2077294685990339,1.5297906602254427
76,77.58319914117016,,16.0829307568438,0.8990874932903918,,1.6304347826086956,1.06682769726248,,1.2077294685990339,1.5297906602254427
77,79.01905528717123,,15.398550724637682,0.8990874932903918,,1.6237251744498122,1.06682769726248,,1.2077294685990339,0.785024154589372
78,79.86446591519055,,14.955716586151368,0.8856682769726248,,1.6237251744498122,1.06682769726248,,0.8521202361782072,0.7514761137949544
79,80.54213633923779,,14.358561460010735,0.8051529790660226,,1.6237251744498122,1.06682769726248,,0.8521202361782072,0.7514761137949544
80,82.70933977455717,,12.560386473429952,0.7179280730005367,,1.42914653784219,1.06682769726248,,0.7648953301127214,0.7514761137949544
81,83.93048845947396,,11.808910359634996,0.7179280730005367,,1.3419216317767042,0.9393451422436929,,0.7648953301127214,0.49651100375738055
82,84.60144927536231,,11.553945249597424,0.30193236714975846,,1.3419216317767042,0.9393451422436929,,0.7648953301127214,0.49651100375738055
83,84.68196457326893,,11.52710681696189,0.30193236714975846,,1.3419216317767042,0.9393451422436929,,0.7112184648416533,0.49651100375738055
84,84.6484165324745,,10.57434245840043,0.10064412238325282,,2.6502952227589907,0.8185721953837896,,0.7112184648416533,0.49651100375738055
85,85.11137949543746,,10.151637144390767,0.10064412238325282,,2.6301663982823404,0.8185721953837896,,0.7112184648416533,0.47638217928073
86,86.4801395598497,,9.29951690821256,0.10064412238325282,,2.3081052066559313,0.8185721953837896,,0.5770263016639828,0.41599570585077833
87,87.09071390230811,,9.03113258185722,0.0939345142243693,,2.1068169618894257,0.6910896403650026,,0.5770263016639828,0.4092860976918948
88,84.69538378958669,,8.400429414922169,3.33467525496511,,2.1068169618894257,0.6910896403650026,,0.36231884057971014,0.4092860976918948
89,81.91089640365003,,11.560654857756306,3.33467525496511,,2.1068169618894257,0.41599570585077833,,0.2616747181964573,0.4092860976918948
90,82.61540526033279,,10.916532474503489,3.2742887815351582,,2.1068169618894257,0.41599570585077833,,0.2616747181964573,0.4092860976918948
91,83.85668276972625,,9.702093397745571,3.2474503488996245,,2.1068169618894257,0.41599570585077833,,0.2616747181964573,0.4092860976918948
92,84.2055823939882,,9.353193773483628,3.2474503488996245,,2.1068169618894257,0.41599570585077833,,0.2616747181964573,0.4092860976918948
93,84.69538378958669,,8.99087493290392,3.240740740740741,,1.9860440150295222,0.41599570585077833,,0.2616747181964573,0.4092860976918948
94,84.89667203435319,,8.856682769726248,3.240740740740741,,1.9860440150295222,0.41599570585077833,,0.19457863660762212,0.4092860976918948
95,84.99731615673645,,8.84326355340848,3.240740740740741,,1.8988191089640365,0.41599570585077833,,0.19457863660762212,0.4092860976918948
96,85.2589908749329,,8.776167471819646,3.240740740740741,,1.8988191089640365,0.41599570585077833,,0.13419216317767044,0.27509393451422437
97,83.78287707997853,,8.145464304884594,3.240740740740741,,4.005636070853462,0.41599570585077833,,0.13419216317767044,0.27509393451422437
98,83.96403650026838,,7.96430488459474,3.240740740740741,,4.005636070853462,0.41599570585077833,,0.13419216317767044,0.27509393451422437
99,84.1653247450349,,7.924047235641439,3.240740740740741,,3.844605475040258,0.41599570585077833,,0.13419216317767044,0.27509393451422437
100,84.34648416532474,,7.742887815351583,3.240740740740741,,3.844605475040258,0.41599570585077833,,0.13419216317767044,0.27509393451422437
101,82.70933977455717,,7.4208266237251745,5.743424584004294,,3.515834675254965,0.39586688137412773,,0.08722490606548577,0.1274825550187869
102,83.3870101986044,,6.743156199677939,5.743424584004294,,3.515834675254965,0.39586688137412773,,0.08722490606548577,0.1274825550187869
103,83.27965646806227,,6.038647342995169,5.407944176060118,,3.515834675254965,0.30193236714975846,,0.08722490606548577,1.3687600644122384
104,83.68894256575416,,5.891035963499732,5.146269457863661,,3.515834675254965,0.30193236714975846,,0.08722490606548577,1.3687600644122384
105,84.82286634460547,,5.763553408480945,4.139828234031133,,3.515834675254965,0.30193236714975846,,0.08722490606548577,1.3687600644122384
106,84.82957595276436,,5.756843800322061,4.139828234031133,,3.515834675254965,0.30193236714975846,,0.08722490606548577,1.3687600644122384
107,84.93022007514762,,5.756843800322061,4.139828234031133,,3.4151905528717124,0.30193236714975846,,0.08722490606548577,1.3687600644122384
108,86.41975308641975,,4.9651100375738055,3.4957058507783145,,3.361513687600644,0.30193236714975846,,0.08722490606548577,1.3687600644122384
109,88.07702630166398,,4.911433172302737,2.5966183574879227,,3.361513687600644,0.11406333870101985,,0.05367686527106817,0.8856682769726248
110,88.3185721953838,,4.884594739667204,2.5966183574879227,,3.207192699946323,0.11406333870101985,,0.05367686527106817,0.8252818035426731
111,88.62721417069243,,4.5960815888352125,2.5966183574879227,,3.207192699946323,0.11406333870101985,,0.03354804079441761,0.8252818035426731
112,88.90230810520666,,4.5960815888352125,2.3215244229736984,,3.207192699946323,0.11406333870101985,,0.03354804079441761,0.8252818035426731
113,89.80810520665594,,4.562533548040794,2.3215244229736984,,2.3349436392914655,0.11406333870101985,,0.03354804079441761,0.8252818035426731
114,87.25174449812131,,7.595276435856146,1.9726247987117553,,2.2342995169082127,0.11406333870101985,,0.0067096081588835215,0.8252818035426731
115,87.92941492216855,,7.447665056360709,1.9189479334406871,,1.9592055823939882,0.11406333870101985,,0.0067096081588835215,0.6239935587761675
116,87.01019860440151,,6.890767579173376,1.9189479334406871,,3.435319377348363,0.11406333870101985,,0.0067096081588835215,0.6239935587761675
117,88.10386473429952,,6.239935587761675,1.9189479334406871,,3.3548040794417604,0.11406333870101985,,0.0067096081588835215,0.2616747181964573
118,88.27160493827161,,6.139291465378422,1.9189479334406871,,3.2877079978529253,0.11406333870101985,,0.0067096081588835215,0.2616747181964573
119,89.1304347826087,,5.360976918947934,1.8988191089640365,,3.260869565217391,0.11406333870101985,,0.0067096081588835215,0.2281266774020397
120,89.15056360708535,,5.360976918947934,1.8786902844873858,,3.260869565217391,0.11406333870101985,,0.0067096081588835215,0.2281266774020397
121,89.36527106816962,,5.146269457863661,1.8786902844873858,,3.260869565217391,0.11406333870101985,,0.0067096081588835215,0.2281266774020397
122,89.55314009661836,,4.985238862050457,1.8786902844873858,,3.2340311325818574,0.11406333870101985,,0.0067096081588835215,0.2281266774020397
123,89.72758990874932,,4.924852388620504,1.8786902844873858,,3.2340311325818574,,,0.0067096081588835215,0.2281266774020397
124,89.81481481481481,,4.904723564143854,1.8115942028985508,,3.2340311325818574,,,0.0067096081588835215,0.2281266774020397
125,90.73403113258186,,4.240472356414386,1.6237251744498122,,3.166935050993022,,,0.0067096081588835215,0.2281266774020397
126,90.89506172839506,,4.240472356414386,1.6237251744498122,,3.0059044551798175,,,0.0067096081588835215,0.2281266774020397
127,91.32447665056361,,4.240472356414386,1.6237251744498122,,2.576489533011272,,,0.0067096081588835215,0.2281266774020397
128,91.47879763821793,,4.092860976918948,1.6237251744498122,,2.576489533011272,,,,0.2281266774020397
129,91.47879763821793,,4.092860976918948,1.6237251744498122,,2.576489533011272,,,,0.2281266774020397
130,92.27724100912506,,3.965378421900161,1.6237251744498122,,1.90552871712292,,,,0.2281266774020397
131,92.49865807836822,,3.965378421900161,1.42914653784219,,1.8786902844873858,,,,0.2281266774020397
132,92.84755770263017,,3.6231884057971016,1.42914653784219,,1.8719806763285025,,,,0.2281266774020397
133,92.85426731078906,,3.6231884057971016,1.42914653784219,,1.865271068169619,,,,0.2281266774020397
134,93.27026301663983,,3.294417606011809,1.42914653784219,,1.8585614600107354,,,,0.14761137949543746
135,93.4044551798175,,3.2474503488996245,1.42914653784219,,1.7713365539452497,,,,0.14761137949543746
136,93.49168008588299,,3.2474503488996245,1.42914653784219,,1.6841116478797638,,,,0.14761137949543746
137,93.5252281266774,,3.2139023081052067,1.42914653784219,,1.6841116478797638,,,,0.14761137949543746
138,93.5252281266774,,3.2139023081052067,1.42914653784219,,1.6841116478797638,,,,0.14761137949543746
139,94.00161030595814,,2.999194847020934,1.1674718196457328,,1.6841116478797638,,,,0.14761137949543746
140,90.81454643048846,,6.260064412238325,1.093666129898014,,1.6841116478797638,,,,0.14761137949543746
141,90.98228663446055,,6.092324208266238,1.093666129898014,,1.6841116478797638,,,,0.14761137949543746
142,90.99570585077832,,6.078904991948471,1.093666129898014,,1.6841116478797638,,,,0.14761137949543746
143,91.54589371980677,,6.038647342995169,1.06682769726248,,1.2010198604401503,,,,0.14761137949543746
144,91.87466451959206,,6.038647342995169,1.06682769726248,,0.8722490606548577,,,,0.14761137949543746
145,91.92163177670425,,6.038647342995169,1.0198604401502953,,0.8722490606548577,,,,0.14761137949543746
146,91.92163177670425,,6.038647342995169,1.0198604401502953,,0.8722490606548577,,,,0.14761137949543746
147,91.92163177670425,,6.038647342995169,1.0198604401502953,,0.8722490606548577,,,,0.14761137949543746
148,91.935050993022,,6.025228126677402,1.0198604401502953,,0.8722490606548577,,,,0.14761137949543746
149,91.95517981749866,,6.025228126677402,0.9997316156736447,,0.8722490606548577,,,,0.14761137949543746
150,91.98201825013419,,5.998389694041868,0.9997316156736447,,0.8722490606548577,,,,0.14761137949543746
151,90.90177133655395,,5.991680085882985,0.9997316156736447,,1.9592055823939882,,,,0.14761137949543746
152,90.97557702630166,,5.991680085882985,0.9259259259259259,,1.9592055823939882,,,,0.14761137949543746
153,92.42485238862051,,4.542404723564144,0.9259259259259259,,1.9592055823939882,,,,0.14761137949543746
154,92.42485238862051,,4.542404723564144,0.9259259259259259,,1.9592055823939882,,,,0.14761137949543746
155,92.96162104133118,,4.542404723564144,0.9259259259259259,,1.4224369296833066,,,,0.14761137949543746
156,92.96162104133118,,4.542404723564144,0.9259259259259259,,1.4224369296833066,,,,0.14761137949543746
157,92.96833064949007,,4.542404723564144,0.9192163177670424,,1.4224369296833066,,,,0.14761137949543746
158,91.96188942565755,,4.542404723564144,0.8319914117015567,,2.5161030595813205,,,,0.14761137949543746
159,90.74074074074075,,6.199677938808374,0.39586688137412773,,2.5161030595813205,,,,0.14761137949543746
160,89.64036500268384,,6.072195383789587,0.39586688137412773,,3.750670960815888,,,,0.14090177133655393
161,89.72088030059045,,6.072195383789587,0.39586688137412773,,3.670155662909286,,,,0.14090177133655393
162,89.99597423510467,,5.797101449275362,0.39586688137412773,,3.670155662909286,,,,0.14090177133655393
163,90.6736446591519,,5.750134192163178,0.39586688137412773,,3.0394524959742353,,,,0.14090177133655393
164,91.29763821792807,,5.293880837359098,0.39586688137412773,,2.871712292002147,,,,0.14090177133655393
165,91.38486312399355,,5.2066559312936125,0.39586688137412773,,2.871712292002147,,,,0.14090177133655393
166,91.40499194847021,,5.2066559312936125,0.39586688137412773,,2.8515834675254963,,,,0.14090177133655393
167,91.83440687063876,,4.864465915190553,0.39586688137412773,,2.7643585614600106,,,,0.14090177133655393
168,91.92834138486312,,4.864465915190553,0.39586688137412773,,2.7643585614600106,,,,0.04696725711218465
169,92.32420826623725,,4.562533548040794,0.39586688137412773,,2.677133655394525,,,,0.040257648953301126
170,92.32420826623725,,4.562533548040794,0.39586688137412773,,2.677133655394525,,,,0.040257648953301126
171,92.32420826623725,,4.562533548040794,0.39586688137412773,,2.677133655394525,,,,0.040257648953301126
172,92.4315619967794,,4.49543746645196,0.39586688137412773,,2.636876006441224,,,,0.040257648953301126
173,92.4315619967794,,4.49543746645196,0.39586688137412773,,2.636876006441224,,,,0.040257648953301126
174,92.4315619967794,,4.49543746645196,0.39586688137412773,,2.636876006441224,,,,0.040257648953301126
175,92.4315619967794,,4.49543746645196,0.39586688137412773,,2.636876006441224,,,,0.040257648953301126
176,92.46511003757381,,4.4820182501341925,0.39586688137412773,,2.6167471819645733,,,,0.040257648953301126
177,92.74691358024691,,4.300858829844337,0.2952227589908749,,2.6167471819645733,,,,0.040257648953301126
178,93.12936124530327,,3.9586688137412773,0.2952227589908749,,2.576489533011272,,,,0.040257648953301126
179,93.19645732689212,,3.9184111647879765,0.2683843263553409,,2.576489533011272,,,,0.040257648953301126
180,93.88754696725711,,3.2340311325818574,0.2616747181964573,,2.576489533011272,,,,0.040257648953301126
181,93.894256575416,,3.2340311325818574,0.2549651100375738,,2.576489533011272,,,,0.040257648953301126
182,94.33038110574343,,2.7979066022544283,0.2549651100375738,,2.576489533011272,,,,0.040257648953301126
183,94.33038110574343,,2.7979066022544283,0.2549651100375738,,2.576489533011272,,,,0.040257648953301126
184,94.33038110574343,,2.7979066022544283,0.2549651100375738,,2.576489533011272,,,,0.040257648953301126
185,94.6256038647343,,2.522812667740204,0.2549651100375738,,2.5563607085346214,,,,0.040257648953301126
186,94.63902308105207,,2.509393451422437,0.2549651100375738,,2.5563607085346214,,,,0.040257648953301126
187,94.67928073000537,,2.509393451422437,0.2549651100375738,,2.5161030595813205,,,,0.040257648953301126
188,94.95437466451959,,2.2342995169082127,0.2549651100375738,,2.5161030595813205,,,,0.040257648953301126
189,94.95437466451959,,2.2342995169082127,0.2549651100375738,,2.5161030595813205,,,,0.040257648953301126
190,95.06172839506173,,2.227589908749329,0.2549651100375738,,2.4154589371980677,,,,0.040257648953301126
191,91.39157273215244,,5.897745571658615,0.2549651100375738,,2.4154589371980677,,,,0.040257648953301126
192,91.90821256038647,,5.488459473966721,0.2549651100375738,,2.3081052066559313,,,,0.040257648953301126
193,91.98201825013419,,5.488459473966721,0.2549651100375738,,2.2342995169082127,,,,0.040257648953301126
194,92.02227589908749,,5.448201825013419,0.2549651100375738,,2.2342995169082127,,,,0.040257648953301126
195,92.02227589908749,,5.448201825013419,0.2549651100375738,,2.2342995169082127,,,,0.040257648953301126
196,92.21014492753623,,5.448201825013419,0.2549651100375738,,2.046430488459474,,,,0.040257648953301126
197,92.21014492753623,,5.448201825013419,0.2549651100375738,,2.046430488459474,,,,0.040257648953301126
198,92.21014492753623,,5.448201825013419,0.2549651100375738,,2.046430488459474,,,,0.040257648953301126
199,92.21685453569512,,5.448201825013419,0.2549651100375738,,2.046430488459474,,,,0.03354804079441761
200,92.51878690284488,,5.146269457863661,0.2549651100375738,,2.046430488459474,,,,0.03354804079441761
201,92.51878690284488,,5.146269457863661,0.2549651100375738,,2.046430488459474,,,,0.03354804079441761
202,92.51878690284488,,5.146269457863661,0.2549651100375738,,2.046430488459474,,,,0.03354804079441761
203,92.84084809447128,,5.038915727321524,0.2549651100375738,,1.8317230273752012,,,,0.03354804079441761
204,93.00187869028449,,5.038915727321524,0.15432098765432098,,1.7713365539452497,,,,0.03354804079441761
205,93.00187869028449,,5.038915727321524,0.15432098765432098,,1.7713365539452497,,,,0.03354804079441761
206,93.0354267310789,,5.01207729468599,0.14761137949543746,,1.7713365539452497,,,,0.03354804079441761
207,93.27026301663983,,4.998658078368224,0.14761137949543746,,1.5499194847020934,,,,0.03354804079441761
208,93.27026301663983,,4.998658078368224,0.14761137949543746,,1.5499194847020934,,,,0.03354804079441761
209,93.7265163714439,,4.569243156199678,0.14761137949543746,,1.5230810520665594,,,,0.03354804079441761
210,93.8137412775094,,4.562533548040794,0.14761137949543746,,1.442565754159957,,,,0.03354804079441761
211,93.8137412775094,,4.562533548040794,0.14761137949543746,,1.442565754159957,,,,0.03354804079441761
212,93.8137412775094,,4.562533548040794,0.14761137949543746,,1.442565754159957,,,,0.03354804079441761
213,93.8137412775094,,4.562533548040794,0.14761137949543746,,1.442565754159957,,,,0.03354804079441761
214,94.0150295222759,,4.461889425657541,0.14761137949543746,,1.3419216317767042,,,,0.03354804079441761
215,94.0955448201825,,4.461889425657541,0.14761137949543746,,1.261406333870102,,,,0.03354804079441761
216,94.0955448201825,,4.461889425657541,0.14761137949543746,,1.261406333870102,,,,0.03354804079441761
217,94.0955448201825,,4.461889425657541,0.14761137949543746,,1.261406333870102,,,,0.03354804079441761
218,94.0955448201825,,4.461889425657541,0.14761137949543746,,1.261406333870102,,,,0.03354804079441761
219,94.0955448201825,,4.461889425657541,0.14761137949543746,,1.261406333870102,,,,0.03354804079441761
220,94.0955448201825,,4.461889425657541,0.14761137949543746,,1.261406333870102,,,,0.03354804079441761
221,94.2163177670424,,4.388083735909823,0.10064412238325282,,1.261406333870102,,,,0.03354804079441761
222,94.35721953837896,,4.247181964573269,0.10064412238325282,,1.261406333870102,,,,0.03354804079441761
223,94.35721953837896,,4.247181964573269,0.10064412238325282,,1.261406333870102,,,,0.03354804079441761
224,94.41760601180891,,4.186795491143317,0.10064412238325282,,1.261406333870102,,,,0.03354804079441761
225,94.41760601180891,,4.186795491143317,0.10064412238325282,,1.261406333870102,,,,0.03354804079441761
226,94.41760601180891,,4.186795491143317,0.10064412238325282,,1.261406333870102,,,,0.03354804079441761
227,94.41760601180891,,4.186795491143317,0.10064412238325282,,1.261406333870102,,,,0.03354804079441761
228,94.67928073000537,,3.9519592055823938,0.10064412238325282,,1.2345679012345678,,,,0.03354804079441761
229,94.67928073000537,,3.9519592055823938,0.10064412238325282,,1.2345679012345678,,,,0.03354804079441761
230,94.67928073000537,,3.9519592055823938,0.10064412238325282,,1.2345679012345678,,,,0.03354804079441761
231,94.67928073000537,,3.9519592055823938,0.10064412238325282,,1.2345679012345678,,,,0.03354804079441761
232,94.71953837895867,,3.9519592055823938,0.10064412238325282,,1.1943102522812667,,,,0.03354804079441761
233,94.77321524422973,,3.898282340311326,0.10064412238325282,,1.1943102522812667,,,,0.03354804079441761
234,94.77321524422973,,3.898282340311326,0.10064412238325282,,1.1943102522812667,,,,0.03354804079441761
235,94.77321524422973,,3.898282340311326,0.10064412238325282,,1.1943102522812667,,,,0.03354804079441761
236,94.77321524422973,,3.898282340311326,0.10064412238325282,,1.1943102522812667,,,,0.03354804079441761
237,94.84031132581858,,3.8311862587224907,0.10064412238325282,,1.1943102522812667,,,,0.03354804079441761
238,94.84031132581858,,3.8311862587224907,0.10064412238325282,,1.1943102522812667,,,,0.03354804079441761
239,94.84031132581858,,3.8311862587224907,0.10064412238325282,,1.1943102522812667,,,,0.03354804079441761
240,94.85373054213633,,3.8311862587224907,0.08722490606548577,,1.1943102522812667,,,,0.03354804079441761
241,94.85373054213633,,3.8311862587224907,0.08722490606548577,,1.1943102522812667,,,,0.03354804079441761
242,94.85373054213633,,3.8311862587224907,0.08722490606548577,,1.1943102522812667,,,,0.03354804079441761
243,94.88056897477188,,3.8311862587224907,0.08722490606548577,,1.1674718196457328,,,,0.03354804079441761
244,94.92082662372518,,3.7909286097691894,0.08722490606548577,,1.1674718196457328,,,,0.03354804079441761
245,94.92082662372518,,3.7909286097691894,0.08722490606548577,,1.1674718196457328,,,,0.03354804079441761
246,94.92082662372518,,3.7909286097691894,0.08722490606548577,,1.1674718196457328,,,,0.03354804079441761
247,95.00134192163178,,3.7909286097691894,0.08722490606548577,,1.0869565217391304,,,,0.03354804079441761
248,95.55152979066023,,3.240740740740741,0.08722490606548577,,1.0869565217391304,,,,0.03354804079441761
249,95.55152979066023,,3.240740740740741,0.08722490606548577,,1.0869565217391304,,,,0.03354804079441761
250,95.55152979066023,,3.240740740740741,0.08722490606548577,,1.0869565217391304,,,,0.03354804079441761
251,95.55823939881911,,3.240740740740741,0.08051529790660225,,1.0869565217391304,,,,0.03354804079441761
252,95.67901234567901,,3.1199677938808374,0.08051529790660225,,1.0869565217391304,,,,0.03354804079441761
253,95.67901234567901,,3.1199677938808374,0.08051529790660225,,1.0869565217391304,,,,0.03354804079441761
254,95.67901234567901,,3.1199677938808374,0.08051529790660225,,1.0869565217391304,,,,0.03354804079441761
255,95.67901234567901,,3.1199677938808374,0.08051529790660225,,1.0869565217391304,,,,0.03354804079441761
256,95.6857219538379,,3.113258185721954,0.08051529790660225,,1.0869565217391304,,,,0.03354804079441761
257,95.82662372517444,,3.113258185721954,0.08051529790660225,,0.9728931830381106,,,,0.0067096081588835215
258,95.82662372517444,,3.113258185721954,0.08051529790660225,,0.9728931830381106,,,,0.0067096081588835215
259,95.83333333333333,,3.113258185721954,0.08051529790660225,,0.9728931830381106,,,,
260,95.86688137412776,,3.113258185721954,0.08051529790660225,,0.9393451422436929,,,,
261,95.86688137412776,,3.113258185721954,0.08051529790660225,,0.9393451422436929,,,,
262,95.86688137412776,,3.113258185721954,0.08051529790660225,,0.9393451422436929,,,,
263,95.86688137412776,,3.113258185721954,0.08051529790660225,,0.9393451422436929,,,,
264,95.86688137412776,,3.113258185721954,0.08051529790660225,,0.9393451422436929,,,,
265,95.86688137412776,,3.113258185721954,0.08051529790660225,,0.9393451422436929,,,,
266,95.86688137412776,,3.113258185721954,0.08051529790660225,,0.9393451422436929,,,,
267,96.36339237788513,,2.6167471819645733,0.08051529790660225,,0.9393451422436929,,,,
268,96.36339237788513,,2.6167471819645733,0.08051529790660225,,0.9393451422436929,,,,
269,96.36339237788513,,2.6167471819645733,0.08051529790660225,,0.9393451422436929,,,,
270,96.36339237788513,,2.6167471819645733,0.08051529790660225,,0.9393451422436929,,,,
271,96.36339237788513,,2.6167471819645733,0.08051529790660225,,0.9393451422436929,,,,
272,96.39023081052066,,2.589908749329039,0.08051529790660225,,0.9393451422436929,,,,
273,96.43048845947396,,2.589908749329039,0.08051529790660225,,0.8990874932903918,,,,
274,96.43048845947396,,2.589908749329039,0.08051529790660225,,0.8990874932903918,,,,
275,96.43048845947396,,2.589908749329039,0.08051529790660225,,0.8990874932903918,,,,
276,96.43048845947396,,2.589908749329039,0.08051529790660225,,0.8990874932903918,,,,
277,96.43048845947396,,2.589908749329039,0.08051529790660225,,0.8990874932903918,,,,
278,96.43048845947396,,2.589908749329039,0.08051529790660225,,0.8990874932903918,,,,
279,96.43048845947396,,2.589908749329039,0.08051529790660225,,0.8990874932903918,,,,
280,96.43048845947396,,2.589908749329039,0.08051529790660225,,0.8990874932903918,,,,
281,96.43048845947396,,2.589908749329039,0.08051529790660225,,0.8990874932903918,,,,
282,96.44390767579173,,2.589908749329039,0.08051529790660225,,0.8856682769726248,,,,
283,96.51771336553945,,2.5161030595813205,0.08051529790660225,,0.8856682769726248,,,,
284,96.8666129898014,,2.167203435319377,0.08051529790660225,,0.8856682769726248,,,,
285,96.8666129898014,,2.167203435319377,0.08051529790660225,,0.8856682769726248,,,,
286,96.8666129898014,,2.167203435319377,0.08051529790660225,,0.8856682769726248,,,,
287,96.8666129898014,,2.167203435319377,0.08051529790660225,,0.8856682769726248,,,,
288,96.8666129898014,,2.167203435319377,0.08051529790660225,,0.8856682769726248,,,,
289,96.8666129898014,,2.167203435319377,0.08051529790660225,,0.8856682769726248,,,,
290,96.8666129898014,,2.167203435319377,0.08051529790660225,,0.8856682769726248,,,,
291,96.89345142243693,,2.167203435319377,0.08051529790660225,,0.8588298443370908,,,,
292,96.89345142243693,,2.167203435319377,0.08051529790660225,,0.8588298443370908,,,,
293,96.89345142243693,,2.167203435319377,0.08051529790660225,,0.8588298443370908,,,,
294,96.89345142243693,,2.167203435319377,0.08051529790660225,,0.8588298443370908,,,,
295,96.89345142243693,,2.167203435319377,0.08051529790660225,,0.8588298443370908,,,,
296,96.89345142243693,,2.167203435319377,0.08051529790660225,,0.8588298443370908,,,,
297,96.89345142243693,,2.167203435319377,0.08051529790660225,,0.8588298443370908,,,,
298,96.89345142243693,,2.167203435319377,0.08051529790660225,,0.8588298443370908,,,,
299,96.89345142243693,,2.167203435319377,0.08051529790660225,,0.8588298443370908,,,,
300,96.89345142243693,,2.167203435319377,0.08051529790660225,,0.8588298443370908,,,,
301,96.89345142243693,,2.167203435319377,0.08051529790660225,,0.8588298443370908,,,,
302,96.89345142243693,,2.167203435319377,0.08051529790660225,,0.8588298443370908,,,,
303,96.89345142243693,,2.167203435319377,0.08051529790660225,,0.8588298443370908,,,,
304,96.89345142243693,,2.167203435319377,0.08051529790660225,,0.8588298443370908,,,,
305,96.89345142243693,,2.167203435319377,0.08051529790660225,,0.8588298443370908,,,,
306,96.89345142243693,,2.167203435319377,0.08051529790660225,,0.8588298443370908,,,,
307,96.89345142243693,,2.167203435319377,0.08051529790660225,,0.8588298443370908,,,,
308,96.92699946323135,,2.167203435319377,0.04696725711218465,,0.8588298443370908,,,,
309,96.92699946323135,,2.167203435319377,0.04696725711218465,,0.8588298443370908,,,,
310,96.92699946323135,,2.167203435319377,0.04696725711218465,,0.8588298443370908,,,,
311,97.00751476113795,,2.167203435319377,0.04696725711218465,,0.7783145464304885,,,,
312,97.04777241009126,,2.167203435319377,0.04696725711218465,,0.7380568974771873,,,,
313,97.04777241009126,,2.167203435319377,0.04696725711218465,,0.7380568974771873,,,,
314,97.0679012345679,,2.167203435319377,0.04696725711218465,,0.7179280730005367,,,,
315,97.0679012345679,,2.167203435319377,0.04696725711218465,,0.7179280730005367,,,,
316,97.0679012345679,,2.167203435319377,0.04696725711218465,,0.7179280730005367,,,,
317,97.0679012345679,,2.167203435319377,0.04696725711218465,,0.7179280730005367,,,,
318,97.0679012345679,,2.167203435319377,0.04696725711218465,,0.7179280730005367,,,,
319,97.0679012345679,,2.167203435319377,0.04696725711218465,,0.7179280730005367,,,,
320,97.14170692431561,,2.167203435319377,0.04696725711218465,,0.644122383252818,,,,
321,97.14170692431561,,2.167203435319377,0.04696725711218465,,0.644122383252818,,,,
322,97.14170692431561,,2.167203435319377,0.04696725711218465,,0.644122383252818,,,,
323,97.14170692431561,,2.167203435319377,0.04696725711218465,,0.644122383252818,,,,
324,97.14170692431561,,2.167203435319377,0.04696725711218465,,0.644122383252818,,,,
325,97.14170692431561,,2.167203435319377,0.04696725711218465,,0.644122383252818,,,,
326,97.14170692431561,,2.167203435319377,0.04696725711218465,,0.644122383252818,,,,
327,97.14170692431561,,2.167203435319377,0.04696725711218465,,0.644122383252818,,,,
328,97.14170692431561,,2.167203435319377,0.04696725711218465,,0.644122383252818,,,,
329,97.14170692431561,,2.167203435319377,0.04696725711218465,,0.644122383252818,,,,
330,97.14170692431561,,2.167203435319377,0.04696725711218465,,0.644122383252818,,,,
331,97.14170692431561,,2.167203435319377,0.04696725711218465,,0.644122383252818,,,,
332,97.14170692431561,,2.167203435319377,0.04696725711218465,,0.644122383252818,,,,
333,97.14170692431561,,2.167203435319377,0.04696725711218465,,0.644122383252818,,,,
334,97.14170692431561,,2.167203435319377,0.04696725711218465,,0.644122383252818,,,,
335,97.14170692431561,,2.167203435319377,0.04696725711218465,,0.644122383252818,,,,
336,97.14170692431561,,2.167203435319377,0.04696725711218465,,0.644122383252818,,,,
337,97.14170692431561,,2.167203435319377,0.04696725711218465,,0.644122383252818,,,,
338,97.14170692431561,,2.167203435319377,0.04696725711218465,,0.644122383252818,,,,
339,97.14170692431561,,2.167203435319377,0.04696725711218465,,0.644122383252818,,,,
340,97.14170692431561,,2.167203435319377,0.04696725711218465,,0.644122383252818,,,,
341,97.14170692431561,,2.167203435319377,0.04696725711218465,,0.644122383252818,,,,
342,97.14170692431561,,2.167203435319377,0.04696725711218465,,0.644122383252818,,,,
343,97.14170692431561,,2.167203435319377,0.04696725711218465,,0.644122383252818,,,,
344,97.14170692431561,,2.167203435319377,0.04696725711218465,,0.644122383252818,,,,
345,97.14170692431561,,2.167203435319377,0.04696725711218465,,0.644122383252818,,,,
346,97.14170692431561,,2.167203435319377,0.04696725711218465,,0.644122383252818,,,,
347,97.14170692431561,,2.167203435319377,0.04696725711218465,,0.644122383252818,,,,
348,97.14170692431561,,2.167203435319377,0.04696725711218465,,0.644122383252818,,,,
349,97.14170692431561,,2.167203435319377,0.04696725711218465,,0.644122383252818,,,,
350,97.14170692431561,,2.167203435319377,0.04696725711218465,,0.644122383252818,,,,
351,97.14170692431561,,2.167203435319377,0.04696725711218465,,0.644122383252818,,,,
352,97.14170692431561,,2.167203435319377,0.04696725711218465,,0.644122383252818,,,,
353,97.14170692431561,,2.167203435319377,0.04696725711218465,,0.644122383252818,,,,
354,97.14170692431561,,2.167203435319377,0.04696725711218465,,0.644122383252818,,,,
355,97.16854535695116,,2.1403650026838434,0.04696725711218465,,0.644122383252818,,,,
356,97.16854535695116,,2.1403650026838434,0.04696725711218465,,0.644122383252818,,,,
357,97.16854535695116,,2.1403650026838434,0.04696725711218465,,0.644122383252818,,,,
358,97.16854535695116,,2.1403650026838434,0.04696725711218465,,0.644122383252818,,,,
359,97.16854535695116,,2.1403650026838434,0.04696725711218465,,0.644122383252818,,,,
360,97.16854535695116,,2.1403650026838434,0.04696725711218465,,0.644122383252818,,,,
361,97.16854535695116,,2.1403650026838434,0.04696725711218465,,0.644122383252818,,,,
362,97.16854535695116,,2.1403650026838434,0.04696725711218465,,0.644122383252818,,,,
363,97.16854535695116,,2.1403650026838434,0.04696725711218465,,0.644122383252818,,,,
364,97.16854535695116,,2.1403650026838434,0.04696725711218465,,0.644122383252818,,,,
365,97.53086419753086,,2.1403650026838434,0.04696725711218465,,0.28180354267310787,,,,
366,97.53086419753086,,2.1403650026838434,0.04696725711218465,,0.28180354267310787,,,,
367,97.53086419753086,,2.1403650026838434,0.04696725711218465,,0.28180354267310787,,,,
368,97.53086419753086,,2.1403650026838434,0.04696725711218465,,0.28180354267310787,,,,
369,97.53086419753086,,2.1403650026838434,0.04696725711218465,,0.28180354267310787,,,,
370,97.53086419753086,,2.1403650026838434,0.04696725711218465,,0.28180354267310787,,,,
371,97.53086419753086,,2.1403650026838434,0.04696725711218465,,0.28180354267310787,,,,
