,40,45,50,51,52,54,55,53,41,49
0,0.9326355340848095,95.20933977455717,3.8580246913580245,,,,,,,
1,2.0665593129361244,72.86634460547504,25.067096081588836,,,,,,,
2,1.0466988727858293,31.407675791733762,61.72168545356951,5.8239398819108965,,,,,,
3,1.7579173376274826,21.953837895866883,71.32984433709072,2.509393451422437,0.2952227589908749,2.15378421900161,,,,
4,2.395330112721417,21.953837895866883,70.2361782071927,2.509393451422437,0.2952227589908749,2.1739130434782608,0.43612453032742887,,,
5,3.166935050993022,21.598228663446054,65.96886741814278,2.509393451422437,0.2952227589908749,3.9452495974235107,2.5161030595813205,,,
6,3.6097691894793345,21.598228663446054,63.98282340311326,2.509393451422437,0.2952227589908749,3.7640901771336552,3.6634460547504024,0.5770263016639828,,
7,4.092860976918948,17.538915727321523,65.07648953301127,2.509393451422437,0.798443370907139,3.6634460547504024,5.253623188405797,1.06682769726248,,
8,4.280730005367687,17.277241009125067,61.553945249597426,2.509393451422437,0.798443370907139,4.51556629092861,7.997852925389157,1.06682769726248,,
9,5.367686527106817,16.982018250134193,59.15190552871712,2.509393451422437,0.798443370907139,5.173107890499195,8.950617283950617,1.06682769726248,,
10,4.669887278582931,16.70692431561997,56.655931293612454,3.1870638754696725,0.798443370907139,6.353998926462695,10.560923242082662,1.06682769726248,,
11,4.159957058507783,15.60654857756307,50.717928073000536,7.957595276435856,3.9452495974235107,6.353998926462695,10.19189479334407,1.06682769726248,,
12,4.240472356414386,14.452495974235104,50.48309178743961,7.836822329575953,3.9452495974235107,6.353998926462695,11.621041331186259,1.06682769726248,,
13,3.5963499731615673,8.447396672034353,66.3714439076758,1.6975308641975309,1.751207729468599,5.4549114331723025,11.614331723027375,1.06682769726248,,
14,4.193505099302201,6.736446591519055,63.425925925925924,4.549114331723027,2.61003757380569,5.938003220611916,11.98336017176597,0.5636070853462157,,
15,2.7442297369833604,3.44873859366613,69.95437466451959,1.6975308641975309,1.4224369296833066,4.119699409554482,10.869565217391305,5.743424584004294,,
16,2.522812667740204,3.4420289855072466,76.45598497047773,0.9728931830381106,1.4224369296833066,2.4892646269457863,11.044015029522276,1.6505636070853462,,
17,1.6774020397208802,1.556629092860977,82.93746645195921,0.9192163177670424,1.1943102522812667,2.1940418679549114,7.555018786902845,1.5767579173376274,0.38915727321524424,
18,1.6237251744498122,1.556629092860977,83.89023081052066,0.9192163177670424,0.6776704240472357,2.1806226516371443,7.185990338164252,1.5767579173376274,0.38915727321524424,
19,2.0263016639828235,1.556629092860977,78.90499194847021,3.556092324208266,0.6776704240472357,3.878153515834675,7.434245840042942,1.5767579173376274,0.38915727321524424,
20,2.3349436392914655,1.556629092860977,77.01959205582394,3.556092324208266,0.6776704240472357,3.878153515834675,9.131776704240472,1.5767579173376274,0.2683843263553409,
21,3.193773483628556,1.556629092860977,74.3894256575416,3.3413848631239937,0.6776704240472357,3.589640365002684,11.406333870101985,1.5767579173376274,0.2683843263553409,
22,3.408480944712829,1.5230810520665594,70.81320450885669,5.9514224369296835,0.7514761137949544,3.44873859366613,12.258454106280194,1.5767579173376274,0.2683843263553409,
23,3.7775093934514223,1.5230810520665594,68.12936124530327,5.9514224369296835,0.7514761137949544,4.146537842190016,13.271604938271604,1.5767579173376274,0.8722490606548577,
24,3.9989264626945786,1.5096618357487923,66.12989801395598,6.286902844873859,0.7514761137949544,4.146537842190016,14.231078904991948,2.073268921095008,0.8722490606548577,
25,2.2611379495437465,0.38915727321524424,82.2061191626409,2.100107353730542,0.7045088566827697,2.7241009125067097,9.185453569511541,0.4294149221685454,,
26,2.2611379495437465,0.38915727321524424,81.65593129361245,2.100107353730542,0.7045088566827697,2.7241009125067097,9.73564143853999,0.4294149221685454,,
27,2.254428341384863,0.322061191626409,70.67901234567901,12.915995705850777,0.2147074610842727,2.7241009125067097,10.50053676865271,0.38915727321524424,,
28,2.442297369833602,0.20128824476650564,80.14626945786367,3.374932903918411,0.0067096081588835215,2.5966183574879227,10.84272678475577,0.38915727321524424,,
29,3.2206119162640903,0.1878690284487386,75.21470746108427,3.374932903918411,0.0067096081588835215,2.522812667740204,12.037037037037036,3.435319377348363,,
30,3.8714439076757916,0.1878690284487386,72.81937734836285,5.22007514761138,0.0067096081588835215,2.227589908749329,12.23161567364466,3.435319377348363,,
31,3.7037037037037037,0.14761137949543746,71.49087493290392,5.22007514761138,0.8923778851315083,2.227589908749329,12.882447665056361,3.435319377348363,,
32,4.17337627482555,0.14761137949543746,70.39720880300591,5.22007514761138,1.1137949543746646,3.0394524959742353,11.761943102522812,3.911701556629093,0.23483628556092323,
33,4.166666666666667,0.14761137949543746,68.18974771873323,5.22007514761138,1.1137949543746646,4.300858829844337,12.345679012345679,3.911701556629093,0.6038647342995169,
34,4.502147074610843,0.10064412238325282,65.97557702630166,5.146269457863661,1.1137949543746646,4.871175523349437,13.66076221148685,4.025764895330113,0.6038647342995169,
35,4.28743961352657,0.10064412238325282,62.25174449812131,5.045625335480408,1.1137949543746646,5.347557702630167,13.654052603327965,7.152442297369833,1.0466988727858293,
36,4.341116478797638,0.0939345142243693,58.61513687600644,5.5689747718733225,1.7444981213097155,6.011808910359635,15.069779924852389,6.6827697262479875,1.0466988727858293,0.8252818035426731
37,4.5960815888352125,0.0939345142243693,59.4873859366613,3.9318303811057436,1.737788513150832,5.897745571658615,15.01610305958132,7.367149758454106,1.0466988727858293,0.8252818035426731
38,5.46833064949007,0.0939345142243693,55.884326355340846,3.9318303811057436,1.737788513150832,5.8172302737520125,17.96833064949007,7.226247987117552,1.0466988727858293,0.8252818035426731
39,5.360976918947934,0.07380568974771873,53.89157273215244,3.9318303811057436,4.206924315619967,6.615673644659152,17.58588298443371,6.461352657004831,1.0466988727858293,0.8252818035426731
40,4.871175523349437,0.07380568974771873,58.80971551261406,3.1468062265163717,3.3145464304884595,6.709608158883521,16.566022544283413,5.683038110574342,,0.8252818035426731
41,5.320719269994632,0.07380568974771873,57.63553408480945,3.1468062265163717,3.3145464304884595,7.206119162640902,17.08937198067633,5.387815351583468,,0.8252818035426731
42,4.17337627482555,0.04696725711218465,63.768115942028984,1.892109500805153,2.509393451422437,7.112184648416532,16.015834675254965,4.4820182501341925,,
43,4.3545356951154055,0.04696725711218465,62.815351583467525,1.892109500805153,2.509393451422437,6.904186795491143,16.680085882984432,4.797369833601718,,
44,4.797369833601718,0.04696725711218465,65.13016639828234,1.892109500805153,0.6172839506172839,6.904186795491143,15.814546430488459,4.797369833601718,,
45,5.186527106816962,0.03354804079441761,60.49382716049383,1.6438539989264627,0.6172839506172839,8.93719806763285,15.807836822329575,7.27992485238862,,
46,5.703166935050993,0.03354804079441761,59.64170692431562,1.6438539989264627,0.6172839506172839,10.144927536231885,14.955716586151368,7.25979602791197,,
47,5.6964573268921095,0.03354804079441761,54.79736983360172,5.146269457863661,3.421900161030596,9.057971014492754,14.103596349973161,7.742887815351583,,
48,5.3274288781535155,0.03354804079441761,53.29441760601181,6.521739130434782,2.2342995169082127,10.929951690821255,14.331723027375201,7.326892109500805,,
49,5.783682232957595,0.03354804079441761,52.321524422973695,5.964841653247451,2.5496511003757383,10.238862050456254,15.203972088030058,7.9039184111647875,,
50,6.568706387546968,0.03354804079441761,50.46967257112185,5.938003220611916,2.5496511003757383,11.627750939345143,15.096618357487923,7.716049382716049,,
51,6.327160493827161,0.03354804079441761,47.71202361782072,7.96430488459474,2.281266774020397,12.124261943102523,15.787707997852925,7.769726247987117,,
52,6.971282877079979,0.03354804079441761,46.39023081052066,7.96430488459474,2.281266774020397,13.546698872785829,15.042941492216855,7.769726247987117,,
53,7.924047235641439,0.03354804079441761,44.72624798711755,10.379763821792807,2.1739130434782608,12.513419216317766,14.969135802469136,7.27992485238862,,
54,8.36688137412775,0.03354804079441761,41.87466451959206,10.379763821792807,6.025228126677402,13.01663982823403,13.982823403113258,6.320450885668277,,
55,8.655394524959743,0.03354804079441761,41.015834675254965,10.34621578099839,5.763553408480945,13.882179280730005,13.982823403113258,6.320450885668277,,
56,9.292807300053678,0.03354804079441761,38.378958668813745,10.00402576489533,7.863660762211487,13.741277509393452,12.546967257112184,8.13875469672571,,
57,9.73564143853999,0.03354804079441761,37.80193236714976,9.822866344605474,7.440955448201825,13.741277509393452,12.72812667740204,8.695652173913043,,
58,9.96376811594203,0.03354804079441761,37.265163714439076,9.024422973698336,7.434245840042942,14.056629092860977,12.72812667740204,9.494095544820183,,
59,10.339506172839506,0.03354804079441761,36.70155662909286,9.004294149221685,8.749329039184111,13.902308105206655,12.245034889962426,9.024422973698336,,
60,11.16478797638218,0.03354804079441761,36.131239935587764,8.99087493290392,8.749329039184111,13.828502415458937,12.077294685990339,9.024422973698336,,
61,13.043478260869565,0.03354804079441761,34.514224369296834,8.99087493290392,8.313204508856682,14.2914653784219,12.070585077831455,8.742619431025227,,
62,12.466451959205582,0.0067096081588835215,34.66183574879227,12.164519592055823,7.561728395061729,14.257917337627482,10.084541062801932,8.796296296296296,,
63,12.714707461084272,0.0067096081588835215,33.21256038647343,11.58749329039184,7.561728395061729,15.693773483628556,10.46027911969941,8.76274825550188,,
64,12.915995705850777,0.0067096081588835215,30.595813204508858,11.58749329039184,6.823671497584541,17.09608158883521,11.017176596886742,9.957058507783145,,
65,12.855609232420827,0.0067096081588835215,30.52200751476114,11.58749329039184,6.823671497584541,17.09608158883521,11.151368760064413,9.957058507783145,,
66,12.781803542673108,0.0067096081588835215,28.710413311862588,12.399355877616747,6.957863660762212,17.270531400966185,12.674449812130971,9.198872785829307,,
67,13.493022007514762,0.0067096081588835215,28.710413311862588,12.070585077831455,6.957863660762212,16.982018250134193,12.674449812130971,9.104938271604938,,
68,13.466183574879228,0.0067096081588835215,28.307836822329577,12.070585077831455,6.957863660762212,17.411433172302736,12.674449812130971,9.104938271604938,,
69,13.868760064412239,0.0067096081588835215,27.03972088030059,13.633923778851315,6.5552871712292005,16.666666666666668,12.466451959205582,9.762479871175524,,
70,14.486044015029522,0.0067096081588835215,26.496242619431026,12.070585077831455,6.166129898013956,18.136070853462158,12.030327428878154,10.607890499194847,,
71,13.81508319914117,0.0067096081588835215,26.04669887278583,12.070585077831455,5.649490069779925,17.867686527106816,12.29200214707461,12.25174449812131,,
72,14.553140096618357,0.0067096081588835215,25.39586688137413,11.701556629092861,4.770531400966184,18.303811057434245,12.211486849168008,13.056897477187333,,
73,14.53972088030059,0.0067096081588835215,25.05367686527107,11.701556629092861,4.770531400966184,18.075684380032207,12.211486849168008,13.6406333870102,,
74,14.640365002683843,0.0067096081588835215,23.906333870101985,10.68840579710145,5.629361245303274,17.975040257648953,11.855877616747183,15.297906602254429,,
75,14.741009125067096,0.0067096081588835215,23.866076221148685,10.68840579710145,5.857487922705314,17.814009661835748,11.855877616747183,15.170424047235642,,
76,14.741009125067096,0.0067096081588835215,23.382984433709073,12.379227053140097,5.857487922705314,17.55233494363929,10.923242082662373,15.157004830917874,,
77,15.780998389694043,0.0067096081588835215,22.71202361782072,12.285292538915728,5.689747718733226,17.673107890499196,10.547504025764896,15.304616210413311,,
78,14.55984970477724,0.0067096081588835215,28.31454643048846,12.04374664519592,5.5689747718733225,17.277241009125067,10.359634997316157,11.869296833064949,,
79,13.996242619431026,0.0067096081588835215,30.50187869028449,11.627750939345143,5.112721417069243,17.54562533548041,9.339774557165862,11.869296833064949,,
80,14.479334406870638,0.0067096081588835215,30.300590445517983,11.627750939345143,5.112721417069243,18.02200751476114,8.628556092324208,11.822329575952764,,
81,14.546430488459475,0.0067096081588835215,30.273752012882447,11.627750939345143,4.616210413311863,18.02200751476114,8.628556092324208,12.278582930756844,,
82,14.888620504562533,0.0067096081588835215,29.294149221685455,11.627750939345143,4.9718196457326895,18.53864734299517,8.521202361782072,12.151100375738057,,
83,15.103327965646805,0.0067096081588835215,29.260601180891037,10.889694041867955,5.441492216854535,18.98148148148148,8.521202361782072,11.79549114331723,,
84,15.821256038647343,0.0067096081588835215,28.408480944712828,10.547504025764896,5.441492216854535,19.082125603864736,8.487654320987655,12.204777241009126,,
85,17.518786902844873,0.0067096081588835215,27.194041867954912,9.829575952764358,6.3137412775093935,19.02173913043478,8.467525496511003,11.647879763821793,,
86,17.518786902844873,0.0067096081588835215,26.570048309178745,9.816156736446592,7.1725711218464845,18.82716049382716,8.467525496511003,11.621041331186259,,
87,17.767042404723565,0.0067096081588835215,26.174181427804616,9.272678475577026,7.152442297369833,18.82716049382716,8.467525496511003,12.332259796027913,,
88,18.250134192163177,0.0067096081588835215,26.154052603327965,9.004294149221685,7.152442297369833,18.82716049382716,8.460815888352121,12.144390767579173,,
89,18.317230273752013,0.0067096081588835215,25.764895330112722,9.004294149221685,6.991411701556629,19.16935050993022,7.575147611379496,13.170960815888352,,
90,18.927804616210413,0.0067096081588835215,25.013419216317768,8.93719806763285,8.21256038647343,19.249865807836823,7.575147611379496,12.077294685990339,,
91,18.927804616210413,0.0067096081588835215,25.013419216317768,8.93719806763285,8.21256038647343,19.249865807836823,7.575147611379496,12.077294685990339,,
92,19.82018250134192,0.0067096081588835215,24.27536231884058,8.93719806763285,8.541331186258722,19.082125603864736,7.25979602791197,12.077294685990339,,
93,20.142243692968332,0.0067096081588835215,24.27536231884058,8.93719806763285,8.541331186258722,19.082125603864736,6.944444444444445,12.070585077831455,,
94,20.40391841116479,0.0067096081588835215,24.02710681696189,8.051529790660226,10.742082662372518,18.21658615136876,6.588835212023618,11.963231347289318,,
95,20.209339774557165,,24.020397208803004,8.57487922705314,10.742082662372518,18.136070853462158,6.588835212023618,11.728395061728396,,
96,20.336822329575952,,23.53059581320451,8.57487922705314,10.742082662372518,18.49838969404187,6.588835212023618,11.728395061728396,,
97,20.336822329575952,,23.53059581320451,8.57487922705314,10.742082662372518,18.49838969404187,6.588835212023618,11.728395061728396,,
98,20.336822329575952,,23.53059581320451,8.57487922705314,10.742082662372518,18.49838969404187,6.588835212023618,11.728395061728396,,
99,20.591787439613526,,22.27589908749329,8.568169618894256,11.493558776167472,19.088835212023618,6.588835212023618,11.392914653784219,,
100,19.665861513687602,,24.84567901234568,8.568169618894256,11.084272678475577,19.02173913043478,6.481481481481482,10.332796564680622,,
101,19.578636607622116,,24.46323134728932,7.9039184111647875,12.050456253354804,19.189479334406872,6.481481481481482,10.332796564680622,,
102,19.49141170155663,,23.369565217391305,11.77536231884058,11.2788513150832,18.256843800322063,5.978260869565218,9.849704777241008,,
103,19.122383252818036,,23.2487922705314,11.641170155662909,11.862587224906065,18.585614600107355,5.978260869565218,9.561191626409018,,
104,18.753354804079443,,22.376543209876544,11.453301127214171,13.150831991411701,18.94122383252818,5.8239398819108965,9.500805152979066,,
105,18.719806763285025,,22.23564143853999,11.453301127214171,13.694310252281268,18.874127750939344,5.8239398819108965,9.198872785829307,,
106,17.726784755770264,,24.114331723027377,10.23215244229737,14.398819108964037,18.572195383789587,5.763553408480945,9.192163177670425,,
107,17.59259259259259,,24.114331723027377,10.19189479334407,14.63365539452496,18.572195383789587,5.763553408480945,9.131776704240472,,
108,17.223564143854,,23.523886205045624,10.00402576489533,16.264090177133657,18.183038110574344,5.6964573268921095,9.104938271604938,,
109,17.458400429414922,,22.7187332259796,10.48040794417606,15.74074074074074,17.98845947396672,5.6964573268921095,9.916800858829845,,
110,17.72007514761138,,22.69860440150295,10.48040794417606,15.74074074074074,17.860976918947934,5.58239398819109,9.916800858829845,,
111,17.619431025228128,,22.269189479334408,10.48040794417606,15.666935050993022,18.136070853462158,5.9447128287707995,9.883252818035427,,
112,18.129361245303276,,22.23564143853999,10.198604401502953,14.922168545356952,18.02871712292002,5.857487922705314,10.628019323671497,,
113,18.16290928609769,,22.228931830381107,10.198604401502953,14.922168545356952,18.015297906602253,5.844068706387547,10.628019323671497,,
114,18.491680085882983,,21.544551798174986,10.63472893183038,14.861782071927,18.391035963499732,5.837359098228664,10.238862050456254,,
115,18.357487922705314,,21.524422973698336,10.19189479334407,15.304616210413311,18.54535695115405,5.837359098228664,10.238862050456254,,
116,18.50509930220075,,20.363660762211488,9.581320450885668,16.465378421900162,18.699677938808374,5.790391841116479,10.59447128287708,,
117,19.632313472893184,,20.081857219538378,9.41358024691358,16.465378421900162,18.47826086956522,5.783682232957595,10.144927536231885,,
118,19.464573268921097,,20.081857219538378,8.997584541062801,17.250402576489535,18.47826086956522,5.783682232957595,9.943639291465379,,
119,18.988191089640367,,19.45786366076221,9.950348899624261,17.19001610305958,19.424315619967793,5.233494363929147,9.75577026301664,,
120,19.343800322061192,,19.108964036500268,9.950348899624261,17.19001610305958,19.679280730005367,5.166398282340311,9.561191626409018,,
121,19.80005367686527,,18.33064949006978,10.446859903381643,16.834406870638755,19.679280730005367,5.166398282340311,9.742351046698873,,
122,19.565217391304348,,18.323939881910896,10.446859903381643,16.800858829844337,19.592055823939884,5.159688674181428,10.111379495437467,,
123,18.35077831454643,,18.12265163714439,9.91009125067096,19.93424584004294,18.84728931830381,4.066022544283414,10.768921095008052,,
124,18.35077831454643,,18.12265163714439,9.91009125067096,19.93424584004294,18.84728931830381,4.066022544283414,10.768921095008052,,
125,18.417874396135264,,17.579173376274827,9.91009125067096,20.571658615136876,18.726516371443907,4.025764895330113,10.768921095008052,,
126,18.417874396135264,,17.579173376274827,9.91009125067096,20.571658615136876,18.726516371443907,4.025764895330113,10.768921095008052,,
127,19.699409554482017,,17.68652710681696,9.86983360171766,19.79334406870639,18.17632850241546,4.005636070853462,10.768921095008052,,
128,20.075147611379496,,17.49194847020934,9.863123993558776,19.639023081052066,18.17632850241546,4.005636070853462,10.748792270531402,,
129,20.21604938271605,,17.444981213097154,9.675254965110037,19.269994632313473,18.82716049382716,3.8177670424047236,10.748792270531402,,
130,20.229468599033815,,17.444981213097154,9.675254965110037,19.256575415995705,18.82716049382716,3.8177670424047236,10.748792270531402,,
131,20.699141170155663,,17.444981213097154,9.675254965110037,18.78690284487386,18.82716049382716,3.8177670424047236,10.748792270531402,,
132,20.229468599033815,,17.08937198067633,10.305958132045088,19.390767579173378,18.739935587761675,3.8177670424047236,10.426731078904991,,
133,20.618625872249062,,17.08937198067633,10.305958132045088,19.390767579173378,18.35077831454643,3.8177670424047236,10.426731078904991,,
134,20.8064949006978,,16.861245303274288,10.272410091250672,20.075147611379496,18.243424584004295,3.7909286097691894,9.950348899624261,,
135,21.833064949006978,,16.51905528717123,10.272410091250672,19.639023081052066,17.995169082125603,3.7909286097691894,9.950348899624261,,
136,21.906870638754697,,16.472088030059044,10.198604401502953,19.900697799248523,17.995169082125603,3.6500268384326353,9.876543209876543,,
137,21.792807300053678,,16.364734299516908,9.668545356951155,20.202630166398283,18.015297906602253,3.5292538915727323,10.426731078904991,,
138,22.061191626409016,,15.60654857756307,10.426731078904991,19.73966720343532,17.840848094471284,3.435319377348363,10.889694041867955,,
139,21.93370907139023,,15.519323671497585,10.352925389157273,19.6256038647343,17.746913580246915,3.435319377348363,11.386205045625335,,
140,21.880032206119164,,15.250939345142244,10.02415458937198,18.907675791733762,18.45813204508857,3.388352120236178,12.090713902308105,,
141,21.511003757380568,,16.049382716049383,9.957058507783145,18.303811057434245,18.679549114331724,3.3413848631239937,12.157809983896941,,
142,21.423778851315085,,15.955448201825014,10.299248523886206,18.08239398819109,18.59903381642512,3.180354267310789,12.4597423510467,,
143,21.631776704240472,,15.94873859366613,10.299248523886206,17.954911433172303,18.59903381642512,3.180354267310789,12.385936661298981,,
144,21.772678475577028,,15.94873859366613,10.245571658615138,17.954911433172303,18.511808910359633,3.180354267310789,12.385936661298981,,
145,21.336553945249598,,15.787707997852925,10.151637144390767,18.9345142243693,18.511808910359633,3.180354267310789,12.097423510466989,,
146,21.470746108427267,,15.626677402039721,10.299248523886206,18.491680085882983,19.02173913043478,3.180354267310789,11.90955448201825,,
147,20.82662372517445,,15.626677402039721,10.285829307568438,19.202898550724637,18.19645732689211,3.1602254428341383,12.701288244766506,,
148,21.135265700483092,,15.626677402039721,10.050993022007514,19.129092860976918,18.19645732689211,3.1602254428341383,12.701288244766506,,
149,21.162104133118625,,15.076489533011273,10.050993022007514,19.129092860976918,18.19645732689211,3.1602254428341383,13.22463768115942,,
150,22.27589908749329,,15.076489533011273,9.903381642512077,18.632581857219538,17.954911433172303,3.1602254428341383,12.99651100375738,,
151,21.886741814278047,,14.922168545356952,9.903381642512077,19.182769726247987,17.954911433172303,3.1602254428341383,12.989801395598498,,
152,21.886741814278047,,14.922168545356952,9.903381642512077,19.182769726247987,17.954911433172303,3.1602254428341383,12.989801395598498,,
153,21.960547504025765,,14.78797638217928,9.903381642512077,19.182769726247987,18.075684380032207,3.1602254428341383,12.929414922168545,,
154,22.074610842726784,,14.264626945786366,10.876274825550189,18.887546967257112,18.015297906602253,3.1602254428341383,12.721417069243156,,
155,22.074610842726784,,14.264626945786366,10.050993022007514,19.64573268921095,17.894524959742352,3.1602254428341383,12.909286097691895,,
156,22.041062801932366,,14.029790660225443,9.990606548577563,19.49812130971551,18.136070853462158,3.1602254428341383,13.144122383252817,,
157,22.342995169082126,,13.754696725711218,11.057434245840042,19.129092860976918,17.773752012882447,3.1602254428341383,12.781803542673108,,
158,22.342995169082126,,13.754696725711218,11.057434245840042,19.129092860976918,17.773752012882447,3.1602254428341383,12.781803542673108,,
159,22.899892646269457,,13.754696725711218,10.983628556092324,18.833870101986044,17.773752012882447,3.1602254428341383,12.593934514224369,,
160,22.96027911969941,,13.647342995169081,10.983628556092324,19.243156199677937,16.921631776704242,3.1333870101986045,13.110574342458401,,
161,22.758990874932906,,13.41250670960816,10.554213633923778,20.021470746108427,16.847826086956523,3.6500268384326353,12.754965110037574,,
162,22.799248523886206,,13.41250670960816,10.38647342995169,20.497852925389157,16.847826086956523,3.6500268384326353,12.406065485775631,,
163,22.799248523886206,,13.41250670960816,10.38647342995169,20.497852925389157,16.847826086956523,3.6500268384326353,12.406065485775631,,
164,22.799248523886206,,13.41250670960816,10.38647342995169,20.497852925389157,16.847826086956523,3.6500268384326353,12.406065485775631,,
165,22.799248523886206,,13.41250670960816,10.38647342995169,20.497852925389157,16.847826086956523,3.6500268384326353,12.406065485775631,,
166,22.899892646269457,,13.39237788513151,10.326086956521738,20.142243692968332,16.720343531937736,3.629898013955985,12.889157273215245,,
167,23.13472893183038,,13.318572195383789,10.326086956521738,19.981213097155127,16.720343531937736,3.629898013955985,12.889157273215245,,
168,23.544015029522274,,13.20450885668277,10.88298443370907,19.41760601180891,16.512345679012345,3.549382716049383,12.889157273215245,,
169,23.866076221148685,,13.20450885668277,10.88298443370907,19.384057971014492,16.404991948470208,3.3682232957595275,12.889157273215245,,
170,23.866076221148685,,13.20450885668277,10.88298443370907,19.384057971014492,16.404991948470208,3.3682232957595275,12.889157273215245,,
171,23.8191089640365,,12.93612453032743,11.392914653784219,19.196188942565755,16.404991948470208,3.3682232957595275,12.882447665056361,,
172,23.597691894793343,,12.627482555018787,11.392914653784219,19.920826623725173,16.284219001610307,3.294417606011809,12.882447665056361,,
173,23.597691894793343,,12.627482555018787,11.392914653784219,19.920826623725173,16.284219001610307,3.294417606011809,12.882447665056361,,
174,23.939881910896403,,12.607353730542137,11.392914653784219,19.847020933977454,16.25067096081589,3.294417606011809,12.667740203972087,,
175,24.295491143317232,,12.600644122383253,11.392914653784219,19.49812130971551,16.25067096081589,3.294417606011809,12.667740203972087,,
176,24.241814278046164,,12.13768115942029,11.352657004830919,19.840311325818572,16.968599033816425,3.2474503488996245,12.211486849168008,,
177,24.550456253354803,,12.13768115942029,11.352657004830919,19.57192699946323,16.928341384863124,3.2474503488996245,12.211486849168008,,
178,24.993290391841118,,11.902844873859367,11.352657004830919,19.57192699946323,16.72705314009662,3.2474503488996245,12.204777241009126,,
179,24.993290391841118,,11.902844873859367,11.352657004830919,19.57192699946323,16.72705314009662,3.2474503488996245,12.204777241009126,,
180,24.832259796027913,,11.902844873859367,11.513687600644122,19.57192699946323,16.72705314009662,3.2474503488996245,12.204777241009126,,
181,24.832259796027913,,11.902844873859367,11.513687600644122,19.57192699946323,16.72705314009662,3.2474503488996245,12.204777241009126,,
182,24.832259796027913,,11.540526033279656,12.385936661298981,19.135802469135804,16.6532474503489,3.2474503488996245,12.204777241009126,,
183,24.4699409554482,,11.332528180354267,12.99651100375738,18.511808910359633,17.351046698872786,3.2474503488996245,12.090713902308105,,
184,24.4699409554482,,11.332528180354267,12.99651100375738,18.511808910359633,17.351046698872786,3.2474503488996245,12.090713902308105,,
185,24.724906065485776,,11.332528180354267,12.99651100375738,18.511808910359633,17.09608158883521,3.2474503488996245,12.090713902308105,,
186,24.724906065485776,,11.332528180354267,12.99651100375738,18.511808910359633,17.09608158883521,3.2474503488996245,12.090713902308105,,
187,24.792002147074612,,11.406333870101985,12.895866881374127,18.471551261406333,17.09608158883521,3.2474503488996245,12.090713902308105,,
188,24.684648416532475,,11.16478797638218,13.264895330112722,18.45813204508857,17.09608158883521,3.2474503488996245,12.084004294149223,,
189,24.684648416532475,,11.16478797638218,13.264895330112722,18.45813204508857,17.09608158883521,3.2474503488996245,12.084004294149223,,
190,24.684648416532475,,11.16478797638218,13.264895330112722,18.45813204508857,17.09608158883521,3.2474503488996245,12.084004294149223,,
191,24.684648416532475,,11.16478797638218,13.264895330112722,18.45813204508857,17.09608158883521,3.2474503488996245,12.084004294149223,,
192,24.362587224906065,,11.16478797638218,13.251476113794954,18.19645732689211,17.09608158883521,3.2474503488996245,12.681159420289855,,
193,24.362587224906065,,11.16478797638218,13.251476113794954,18.19645732689211,17.09608158883521,3.2474503488996245,12.681159420289855,,
194,23.98684916800859,,10.789049919484702,14.224369296833064,17.793880837359097,17.07595276435856,3.2474503488996245,12.882447665056361,,
195,23.96672034353194,,10.789049919484702,14.070048309178745,17.793880837359097,16.888083735909824,3.2474503488996245,13.24476650563607,,
196,24.20155662909286,,10.7085346215781,14.070048309178745,17.793880837359097,16.7337627482555,3.2474503488996245,13.24476650563607,,
197,23.926462694578635,,10.681696188942565,13.915727321524423,17.793880837359097,16.344605475040257,3.2139023081052067,14.123725174449811,,
198,24.08078368223296,,10.681696188942565,13.915727321524423,17.793880837359097,16.344605475040257,3.0595813204508855,14.123725174449811,,
199,24.261943102522814,,10.50053676865271,13.915727321524423,17.793880837359097,16.344605475040257,3.0595813204508855,14.123725174449811,,
200,24.329039184111647,,10.50053676865271,13.915727321524423,17.780461621041333,16.344605475040257,3.0595813204508855,14.070048309178745,,
201,24.329039184111647,,10.50053676865271,13.915727321524423,17.780461621041333,16.344605475040257,3.0595813204508855,14.070048309178745,,
202,24.329039184111647,,10.487117552334944,13.325281803542673,18.4044551798175,16.324476650563607,3.0595813204508855,14.070048309178745,,
203,24.65780998389694,,10.225442834138486,13.271604938271604,18.391035963499732,16.324476650563607,3.0595813204508855,14.070048309178745,,
204,24.785292538915726,,10.225442834138486,13.271604938271604,18.263553408480945,16.324476650563607,3.0595813204508855,14.070048309178745,,
205,24.93961352657005,,10.225442834138486,12.533548040794418,19.108964036500268,16.25738056897477,3.0595813204508855,13.875469672571121,,
206,25.046967257112186,,10.19189479334407,12.513419216317766,18.96135265700483,16.74718196457327,2.6637144390767578,13.875469672571121,,
207,24.825550187869027,,10.185185185185185,12.493290391841116,18.65271068169619,16.666666666666668,2.6637144390767578,14.512882447665056,,
208,24.825550187869027,,10.185185185185185,12.493290391841116,18.65271068169619,16.666666666666668,2.6637144390767578,14.512882447665056,,
209,25.355609232420825,,10.185185185185185,12.493290391841116,18.65271068169619,16.284219001610307,2.6637144390767578,14.36527106816962,,
210,25.805152979066023,,10.185185185185185,12.04374664519592,18.65271068169619,16.284219001610307,2.6637144390767578,14.36527106816962,,
211,25.623993558776167,,9.970477724100913,12.412775093934513,18.65271068169619,16.21712292002147,2.6637144390767578,14.459205582393988,,
212,25.248255501878692,,10.547504025764896,12.412775093934513,18.552066559312937,16.404991948470208,2.589908749329039,14.244498121309716,,
213,25.36231884057971,,10.446859903381643,12.412775093934513,18.552066559312937,16.391572732152444,2.589908749329039,14.244498121309716,,
214,25.013419216317768,,10.111379495437467,12.379227053140097,19.45115405260333,16.391572732152444,2.589908749329039,14.06333870101986,,
215,25.207997852925388,,10.111379495437467,12.365807836822329,19.43102522812668,16.35131508319914,2.4691358024691357,14.06333870101986,,
216,25.0402576489533,,10.0979602791197,12.117552334943639,20.00805152979066,16.203703703703702,2.4691358024691357,14.06333870101986,,
217,25.013419216317768,,10.0979602791197,12.117552334943639,20.00805152979066,16.23054213633924,2.4691358024691357,14.06333870101986,,
218,25.013419216317768,,10.0979602791197,12.117552334943639,20.00805152979066,16.23054213633924,2.4691358024691357,14.06333870101986,,
219,24.302200751476114,,10.0979602791197,12.258454106280194,20.578368223295758,16.23054213633924,2.4691358024691357,14.06333870101986,,
220,23.96672034353194,,9.903381642512077,13.103864734299517,20.263016639828233,16.23054213633924,2.4691358024691357,14.06333870101986,,
221,23.96672034353194,,9.903381642512077,13.103864734299517,20.263016639828233,16.23054213633924,2.4691358024691357,14.06333870101986,,
222,23.96672034353194,,9.903381642512077,13.103864734299517,20.263016639828233,16.23054213633924,2.4691358024691357,14.06333870101986,,
223,23.93317230273752,,9.836285560923242,13.097155126140633,20.175791733762747,16.076221148684915,2.3752012882447664,14.506172839506172,,
224,24.060654857756308,,9.836285560923242,13.607085346215781,19.55179817498658,16.029253891572733,2.3752012882447664,14.53972088030059,,
225,24.060654857756308,,9.836285560923242,13.607085346215781,19.55179817498658,16.029253891572733,2.3752012882447664,14.53972088030059,,
226,24.060654857756308,,9.836285560923242,13.607085346215781,19.55179817498658,16.029253891572733,2.3752012882447664,14.53972088030059,,
227,24.060654857756308,,9.836285560923242,14.083467525496511,19.07541599570585,16.029253891572733,2.3752012882447664,14.53972088030059,,
228,24.060654857756308,,9.836285560923242,14.083467525496511,19.07541599570585,16.029253891572733,2.3752012882447664,14.53972088030059,,
229,23.772141706924316,,9.836285560923242,14.586688137412775,18.887546967257112,16.029253891572733,2.3752012882447664,14.512882447665056,,
230,24.134460547504027,,9.66183574879227,14.512882447665056,18.874127750939344,15.92860976918948,2.3752012882447664,14.512882447665056,,
231,24.134460547504027,,9.66183574879227,14.512882447665056,18.874127750939344,15.92860976918948,2.3752012882447664,14.512882447665056,,
232,24.134460547504027,,9.66183574879227,14.512882447665056,18.874127750939344,15.92860976918948,2.3752012882447664,14.512882447665056,,
233,24.134460547504027,,9.66183574879227,14.512882447665056,18.874127750939344,15.92860976918948,2.3752012882447664,14.512882447665056,,
234,24.134460547504027,,9.66183574879227,14.512882447665056,18.874127750939344,15.92860976918948,2.3752012882447664,14.512882447665056,,
235,24.362587224906065,,9.66183574879227,14.512882447665056,19.223027375201287,15.92860976918948,2.3752012882447664,13.935856146001074,,
236,24.362587224906065,,9.66183574879227,14.512882447665056,19.223027375201287,15.92860976918948,2.3752012882447664,13.935856146001074,,
237,24.711486849168008,,9.614868491680086,14.512882447665056,19.216317767042405,15.72061191626409,2.2879763821792807,13.935856146001074,,
238,24.711486849168008,,9.614868491680086,14.512882447665056,19.216317767042405,15.72061191626409,2.2879763821792807,13.935856146001074,,
239,24.711486849168008,,9.614868491680086,14.512882447665056,19.216317767042405,15.72061191626409,2.2879763821792807,13.935856146001074,,
240,24.711486849168008,,9.614868491680086,14.512882447665056,19.216317767042405,15.72061191626409,2.2879763821792807,13.935856146001074,,
241,24.60413311862587,,9.608158883521202,14.512882447665056,19.216317767042405,15.83467525496511,2.2879763821792807,13.935856146001074,,
242,24.04723564143854,,9.601449275362318,14.512882447665056,19.216317767042405,16.42512077294686,2.2611379495437465,13.935856146001074,,
243,24.04723564143854,,9.601449275362318,14.512882447665056,19.216317767042405,16.42512077294686,2.2611379495437465,13.935856146001074,,
244,23.859366612989803,,9.453837895866881,15.250939345142244,19.16935050993022,16.344605475040257,2.2611379495437465,13.66076221148685,,
245,23.859366612989803,,9.453837895866881,15.250939345142244,19.16935050993022,16.344605475040257,2.2611379495437465,13.66076221148685,,
246,23.859366612989803,,9.453837895866881,15.250939345142244,19.16935050993022,16.344605475040257,2.2611379495437465,13.66076221148685,,
247,23.859366612989803,,9.453837895866881,15.250939345142244,19.16935050993022,16.344605475040257,2.2611379495437465,13.66076221148685,,
248,23.74530327428878,,9.406870638754697,15.250939345142244,19.16935050993022,16.505636070853463,2.2611379495437465,13.66076221148685,,
249,24.060654857756308,,9.406870638754697,15.230810520665592,19.155931293612454,16.505636070853463,2.2611379495437465,13.378958668813741,,
250,24.349168008588297,,9.406870638754697,15.230810520665592,18.88083735909823,16.505636070853463,2.2611379495437465,13.365539452495975,,
251,24.335748792270532,,9.39345142243693,15.210681696188942,18.88083735909823,16.552603327965645,2.2611379495437465,13.365539452495975,,
252,24.261943102522814,,9.39345142243693,15.210681696188942,18.88083735909823,16.680085882984432,2.2074610842726785,13.365539452495975,,
253,24.50348899624262,,9.151905528717123,15.210681696188942,18.88083735909823,16.680085882984432,2.2074610842726785,13.365539452495975,,
254,24.711486849168008,,9.151905528717123,15.210681696188942,18.86070853462158,16.639828234031132,2.2074610842726785,13.217928073000536,,
255,24.704777241009126,,9.923510466988727,14.579978529253891,18.726516371443907,16.639828234031132,2.2074610842726785,13.217928073000536,,
256,24.074074074074073,,10.393183038110575,14.492753623188406,19.256575415995705,16.639828234031132,2.2074610842726785,12.93612453032743,,
257,24.074074074074073,,10.393183038110575,14.492753623188406,19.256575415995705,16.639828234031132,2.2074610842726785,12.93612453032743,,
258,24.074074074074073,,10.393183038110575,14.492753623188406,19.256575415995705,16.639828234031132,2.2074610842726785,12.93612453032743,,
259,24.074074074074073,,10.393183038110575,14.492753623188406,19.256575415995705,16.639828234031132,2.2074610842726785,12.93612453032743,,
260,24.074074074074073,,10.393183038110575,14.492753623188406,19.256575415995705,16.639828234031132,2.2074610842726785,12.93612453032743,,
261,24.074074074074073,,10.393183038110575,14.492753623188406,19.256575415995705,16.639828234031132,2.2074610842726785,12.93612453032743,,
262,24.308910359634996,,10.393183038110575,14.465915190552872,19.048577563070317,16.639828234031132,2.2074610842726785,12.93612453032743,,
263,24.308910359634996,,10.393183038110575,14.31159420289855,19.276704240472355,16.57944176060118,2.1940418679549114,12.93612453032743,,
264,24.308910359634996,,10.393183038110575,14.31159420289855,19.276704240472355,16.57944176060118,2.1940418679549114,12.93612453032743,,
265,24.308910359634996,,10.393183038110575,14.31159420289855,19.276704240472355,16.57944176060118,2.1940418679549114,12.93612453032743,,
266,24.60413311862587,,10.393183038110575,14.31159420289855,19.11567364465915,16.53918411164788,2.100107353730542,12.93612453032743,,
267,25.02012882447665,,10.017444981213098,14.278046162104133,19.108964036500268,16.53918411164788,2.100107353730542,12.93612453032743,,
268,25.02012882447665,,10.017444981213098,14.278046162104133,19.108964036500268,16.53918411164788,2.100107353730542,12.93612453032743,,
269,24.838969404186795,,9.950348899624261,14.278046162104133,19.108964036500268,16.78743961352657,2.100107353730542,12.93612453032743,,
270,24.838969404186795,,9.950348899624261,14.278046162104133,19.108964036500268,16.78743961352657,2.100107353730542,12.93612453032743,,
271,24.838969404186795,,9.950348899624261,14.278046162104133,19.108964036500268,16.78743961352657,2.100107353730542,12.93612453032743,,
272,24.838969404186795,,9.950348899624261,14.278046162104133,19.108964036500268,16.78743961352657,2.100107353730542,12.93612453032743,,
273,24.67793880837359,,9.789318303811058,13.801663982823403,19.90740740740741,16.78743961352657,2.100107353730542,12.93612453032743,,
274,24.67793880837359,,9.789318303811058,13.801663982823403,19.90740740740741,16.78743961352657,2.100107353730542,12.93612453032743,,
275,24.738325281803544,,9.77589908749329,13.66076221148685,19.90740740740741,16.881374127750938,2.100107353730542,12.93612453032743,,
276,24.738325281803544,,9.77589908749329,13.66076221148685,19.90740740740741,16.881374127750938,2.100107353730542,12.93612453032743,,
277,24.738325281803544,,9.77589908749329,13.66076221148685,19.90740740740741,16.881374127750938,2.100107353730542,12.93612453032743,,
278,24.63768115942029,,9.77589908749329,13.66076221148685,19.90740740740741,17.143048845947398,2.0933977455716586,12.781803542673108,,
