,40,45,50,52,53,54,55,51,56,49,41,42,48
0,0.10735373054213634,43.69967793880837,56.19296833064949,,,,,,,,,,
1,0.24154589371980675,42.12292002147075,52.965646806226516,0.7179280730005367,0.8990874932903918,1.3620504562533549,1.6908212560386473,,,,,,
2,0.2549651100375738,39.62023617820719,49.074074074074076,3.3480944712828773,0.8252818035426731,1.3419216317767042,5.535426731078905,,,,,,
3,0.6172839506172839,35.487117552334944,47.16854535695116,3.3480944712828773,1.751207729468599,1.3419216317767042,5.9514224369296835,4.334406870638754,,,,,
4,0.785024154589372,33.02469135802469,48.54401502952228,4.180085882984434,1.751207729468599,1.7847557702630166,6.125872249060655,3.589640365002684,0.2147074610842727,,,,
5,0.8454106280193237,29.73027375201288,47.26247987117552,4.086151368760064,2.1604938271604937,4.334406870638754,7.769726247987117,3.643317230273752,0.16774020397208803,,,,
6,0.8118625872249061,26.663982823403114,48.752012882447666,4.441760601180891,2.4020397208803006,4.783950617283951,8.856682769726248,2.8650026838432634,0.16774020397208803,0.2549651100375738,,,
7,1.0332796564680622,25.046967257112186,47.66505636070853,4.435050993022007,2.4020397208803006,5.193236714975845,10.916532474503489,2.8247450348899625,0.16774020397208803,0.2549651100375738,0.06038647342995169,,
8,1.1205045625335481,22.73215244229737,46.06816961889426,5.059044551798175,4.253891572732153,5.636070853462158,11.513687600644122,3.113258185721954,0.16774020397208803,0.2549651100375738,,0.08051529790660225,
9,1.4761137949543746,21.81964573268921,43.646001073537306,5.904455179817498,3.6768652710681695,5.3274288781535155,12.110842726784755,5.535426731078905,0.16774020397208803,0.2549651100375738,,0.08051529790660225,
10,1.5365002683843263,19.276704240472355,44.538378958668815,6.146001073537305,4.066022544283414,6.213097155126141,13.023349436392914,4.562533548040794,0.30193236714975846,0.2549651100375738,,0.08051529790660225,
11,1.247987117552335,18.344068706387546,43.33735909822866,5.662909286097692,3.9049919484702094,6.374127750939345,13.459473966720344,7.0383789586688135,0.2952227589908749,0.2549651100375738,,0.08051529790660225,
12,1.42914653784219,17.24369296833065,43.37761674718197,6.66935050993022,4.575952764358561,6.300322061191626,13.358829844337091,6.414385399892646,0.2952227589908749,0.2549651100375738,,0.08051529790660225,
13,1.3217928073000538,16.545893719806763,41.80756843800322,7.132313472893183,4.032474503488996,7.669082125603865,12.533548040794418,7.39398819108964,0.2281266774020397,1.1808910359634996,0.07380568974771873,0.08051529790660225,
14,1.596886741814278,15.613258185721953,41.53918411164788,6.468062265163715,5.293880837359098,8.340042941492216,12.211486849168008,7.347020933977456,0.2281266774020397,1.1272141706924315,0.15432098765432098,0.08051529790660225,
15,1.6908212560386473,14.794685990338165,40.23752012882448,7.4141170155662905,6.011808910359635,8.729200214707461,11.782071926999464,7.749597423510467,0.2281266774020397,1.1272141706924315,0.15432098765432098,0.08051529790660225,
16,1.7914653784219001,14.096886741814279,41.02254428341385,7.749597423510467,5.810520665593129,8.68894256575416,12.52012882447665,6.729736983360172,0.2281266774020397,1.1272141706924315,0.15432098765432098,0.08051529790660225,
17,1.6975308641975309,13.553408480944713,39.24449812130972,8.172302737520129,5.367686527106817,8.970746108427267,12.13768115942029,8.93719806763285,0.2281266774020397,1.5365002683843263,0.07380568974771873,0.08051529790660225,
18,1.6908212560386473,13.070316693505099,38.36553945249597,8.185721953837897,6.454643048845948,8.896940418679549,11.560654857756306,9.856414385399892,0.2281266774020397,1.5365002683843263,0.07380568974771873,0.08051529790660225,
19,1.5163714439076759,10.453569511540525,43.19645732689211,6.89747718733226,6.743156199677939,9.373322597960279,11.943102522812667,9.205582393988191,0.2281266774020397,0.35560923242082665,0.07380568974771873,0.013419216317767043,
20,1.2949543746645196,7.4208266237251745,48.22866344605475,12.016908212560386,6.910896403650026,8.125335480407944,9.333064949006978,6.152710681696189,0.2281266774020397,0.20128824476650564,0.07380568974771873,0.013419216317767043,
21,1.4224369296833066,6.488191089640365,45.511272141706925,13.036768652710682,8.447396672034353,8.662104133118627,10.782340311325818,5.025496511003757,0.2281266774020397,0.20128824476650564,0.18115942028985507,0.013419216317767043,
22,1.4626945786366077,5.998389694041868,46.081588835212024,12.761674718196458,7.434245840042942,8.923778851315083,12.151100375738057,4.562533548040794,0.2281266774020397,0.20128824476650564,0.18115942028985507,0.013419216317767043,
23,1.5432098765432098,5.535426731078905,36.52710681696189,12.325550187869029,8.400429414922169,9.017713365539452,12.922705314009661,13.110574342458401,0.2281266774020397,0.19457863660762212,0.18115942028985507,0.013419216317767043,
24,1.415727321524423,3.569511540526033,35.258990874932906,14.036500268384327,9.172034353193773,10.299248523886206,15.237520128824476,10.406602254428341,0.2281266774020397,0.19457863660762212,0.18115942028985507,,
25,1.3352120236178207,3.4688674181427803,35.99704777241009,13.747987117552334,8.836553945249598,11.41304347826087,15.03623188405797,9.561191626409018,0.2281266774020397,0.19457863660762212,0.18115942028985507,,
26,1.0064412238325282,3.2340311325818574,46.423778851315085,10.446859903381643,8.480944712828771,9.950348899624261,11.332528180354267,8.608427267847558,0.2147074610842727,0.19457863660762212,0.10735373054213634,,
27,1.221148684916801,3.207192699946323,41.06280193236715,11.231884057971014,6.964573268921095,9.044551798174986,12.620772946859903,13.81508319914117,0.36231884057971014,0.19457863660762212,0.27509393451422437,,
28,0.9997316156736447,2.522812667740204,55.56897477187332,9.312936124530328,5.501878690284487,8.158883521202362,10.581052066559312,6.729736983360172,0.14761137949543746,0.19457863660762212,0.28180354267310787,,
29,1.1943102522812667,2.522812667740204,49.89264626945786,8.702361782071927,6.823671497584541,9.534353193773484,13.915727321524423,6.66935050993022,0.2683843263553409,0.19457863660762212,0.28180354267310787,,
30,1.3352120236178207,2.5026838432635534,49.402844873859365,8.07836822329576,7.9106280193236715,9.990606548577563,13.828502415458937,6.146001073537305,0.3757380568974772,0.19457863660762212,0.23483628556092323,,
31,1.1741814278046163,2.3215244229736984,43.78690284487386,7.635534084809447,8.373590982286634,12.654320987654321,16.297638217928075,6.890767579173376,0.3757380568974772,0.19457863660762212,0.2952227589908749,,
32,1.2144390767579174,1.8451422436929683,42.01556629092861,6.501610305958132,9.681964573268921,14.083467525496511,15.385131508319914,5.609232420826624,0.3757380568974772,2.9924852388620504,0.2952227589908749,,
33,1.2278582930756843,1.8451422436929683,38.519860440150296,6.159420289855072,9.75577026301664,15.98899624261943,16.71363392377885,6.125872249060655,0.3757380568974772,2.9924852388620504,0.2952227589908749,,
34,1.3150831991411702,1.5163714439076759,36.64117015566291,6.823671497584541,10.218733225979603,17.270531400966185,16.901502952227588,5.555555555555555,0.3757380568974772,2.9924852388620504,0.38915727321524424,,
35,1.328502415458937,1.3553408480944713,33.91035963499731,8.494363929146537,12.453032742887816,16.371443907675793,16.720343531937736,5.730005367686527,0.2549651100375738,2.9924852388620504,0.38915727321524424,,
36,1.2412775093934514,1.1741814278046163,33.031400966183575,7.239667203435319,13.493022007514762,17.498658078368223,16.015834675254965,6.816961889425658,0.2549651100375738,2.844873859366613,0.38915727321524424,,
37,1.0802469135802468,0.8454106280193237,32.360440150295226,10.970209339774557,12.909286097691895,17.391304347826086,15.35829307568438,6.045356951154052,0.2549651100375738,2.395330112721417,0.38915727321524424,,
38,1.0802469135802468,0.5904455179817498,31.253354804079443,10.218733225979603,13.043478260869565,18.511808910359633,15.794417606011809,6.474771873322598,0.24825550187869028,2.395330112721417,0.38915727321524424,,
39,1.0735373054213635,0.4562533548040794,29.891304347826086,9.930220075147611,12.218196457326892,20.685721953837895,15.807836822329575,6.233225979602791,0.24825550187869028,3.066290928609769,0.38915727321524424,,
40,1.0466988727858293,0.4562533548040794,29.643048845947398,10.064412238325282,11.768652710681696,21.752549651100377,15.640096618357488,5.884326355340848,0.24825550187869028,3.066290928609769,0.4294149221685454,,
41,1.093666129898014,0.3153515834675255,30.441492216854535,9.668545356951155,12.332259796027913,20.189210950080515,13.150831991411701,9.286097691894794,0.17444981213097155,2.9924852388620504,0.35560923242082665,,
42,1.4090177133655395,0.2952227589908749,29.944981213097154,10.050993022007514,12.298711755233494,21.141975308641975,12.513419216317766,9.07139023081052,0.17444981213097155,2.771068169618894,0.32877079978529256,,
43,1.6035963499731616,0.2952227589908749,28.79092860976919,9.628287707997853,13.976113794954374,20.544820182501343,12.493290391841116,9.39345142243693,0.17444981213097155,2.771068169618894,0.32877079978529256,,
44,1.5432098765432098,0.2952227589908749,27.70397208803006,9.64170692431562,13.92914653784219,22.054482018250134,11.614331723027375,10.104669887278583,0.17444981213097155,2.368491680085883,0.5300590445517982,0.040257648953301126,
45,1.5163714439076759,0.2952227589908749,26.724369296833064,10.19189479334407,15.049651100375739,21.470746108427267,11.198336017176597,10.453569511540525,0.1610305958132045,2.368491680085883,0.5300590445517982,0.040257648953301126,
46,1.5901771336553945,0.2952227589908749,24.36929683306495,11.41304347826087,15.92860976918948,21.712292002147073,11.406333870101985,10.151637144390767,0.1610305958132045,2.368491680085883,0.4495437466451959,0.15432098765432098,
47,1.6774020397208802,0.28180354267310787,23.557434245840042,11.922973698336017,15.599838969404187,22.23564143853999,11.520397208803006,10.071121846484166,0.1610305958132045,2.368491680085883,0.4495437466451959,0.15432098765432098,
48,1.4761137949543746,0.28180354267310787,25.717928073000536,11.761943102522812,16.17686527106817,21.027911969940956,10.929951690821255,9.64170692431562,0.1610305958132045,2.314814814814815,0.35560923242082665,0.15432098765432098,
49,1.596886741814278,0.24825550187869028,26.167471819645733,10.876274825550189,15.70048309178744,22.79253891572732,10.896403650026839,8.541331186258722,0.1610305958132045,2.5295222758990876,0.33548040794417605,0.15432098765432098,
50,1.6035963499731616,0.24154589371980675,25.295222758990874,11.225174449812132,15.03623188405797,24.4699409554482,10.520665593129362,8.36688137412775,0.15432098765432098,2.4892646269457863,0.4428341384863124,0.15432098765432098,
51,1.6639828234031133,0.24154589371980675,24.912775093934513,10.326086956521738,15.640096618357488,25.308641975308642,10.359634997316157,6.837090713902308,0.15432098765432098,0.8990874932903918,0.4428341384863124,0.15432098765432098,3.0595813204508855
52,1.4492753623188406,0.24154589371980675,23.503757380568974,10.695115405260333,15.002683843263553,25.825281803542673,10.695115405260333,8.501073537305421,0.10735373054213634,0.8990874932903918,0.4025764895330113,0.2147074610842727,2.462426194310252
53,1.5096618357487923,0.2281266774020397,22.98040794417606,11.473429951690822,14.734299516908212,26.10708534621578,9.997316156736447,7.991143317230274,0.10735373054213634,1.8719806763285025,0.4025764895330113,0.13419216317767044,2.462426194310252
54,1.6170155662909287,0.2281266774020397,22.65834675254965,10.815888352120236,15.774288781535159,26.46940418679549,9.769189479334408,7.769726247987117,0.10735373054213634,1.8719806763285025,0.322061191626409,0.13419216317767044,2.462426194310252
55,1.6505636070853462,0.1274825550187869,22.302737520128826,10.607890499194847,15.479066022544284,26.992753623188406,9.695383789586689,7.689210950080516,0.10735373054213634,3.2877079978529253,0.322061191626409,0.13419216317767044,1.6035963499731616
56,1.6639828234031133,0.1274825550187869,22.262479871175522,11.198336017176597,16.11647879763822,26.288244766505635,9.46725711218465,7.689210950080516,0.10735373054213634,3.126677402039721,0.322061191626409,0.13419216317767044,1.4962426194310252
57,1.583467525496511,0.11406333870101985,21.36339237788513,11.782071926999464,15.76086956521739,27.126945786366075,9.125067096081589,7.695920558239399,0.10735373054213634,3.3279656468062266,0.322061191626409,0.23483628556092323,1.4559849704777241
58,1.5230810520665594,0.11406333870101985,22.920021470746107,11.238593666129898,14.928878153515834,27.220880300590444,9.473966720343531,6.964573268921095,0.10735373054213634,3.421900161030596,0.322061191626409,0.23483628556092323,1.5297906602254427
59,1.5163714439076759,0.10064412238325282,23.899624261943103,10.36634460547504,17.881105743424584,27.576489533011273,7.749597423510467,6.266774020397209,0.10735373054213634,2.6167471819645733,0.20128824476650564,0.23483628556092323,1.482823403113258
60,1.0265700483091786,0.10064412238325282,44.176060118089104,5.958132045088567,12.902576489533011,21.557971014492754,4.522275899087493,6.199677938808374,0.0939345142243693,1.7914653784219001,0.12077294685990338,0.19457863660762212,1.3553408480944713
61,1.0601180891035964,0.10064412238325282,42.673107890499196,6.629092860976919,12.76838432635534,21.880032206119164,5.22007514761138,6.045356951154052,0.0939345142243693,1.7914653784219001,0.12077294685990338,0.2616747181964573,1.3553408480944713
62,1.2815351583467525,0.10064412238325282,40.39855072463768,6.696188942565755,13.130703166935051,22.31615673644659,6.474771873322598,5.978260869565218,0.0939345142243693,1.7914653784219001,0.12077294685990338,0.2616747181964573,1.3553408480944713
63,1.4492753623188406,0.10064412238325282,41.10976918947934,6.944444444444445,13.902308105206655,21.215780998389693,6.977992485238862,4.777241009125067,0.0939345142243693,1.778046162104133,0.10064412238325282,0.2616747181964573,1.288244766505636
64,1.710950080515298,0.10064412238325282,34.936929683306495,7.098765432098766,14.445786366076222,19.706119162640903,7.494632313472893,8.668813741277509,0.0939345142243693,4.092860976918948,0.10064412238325282,0.2616747181964573,1.288244766505636
65,1.6975308641975309,0.10064412238325282,34.15190552871712,6.702898550724638,14.170692431561998,20.719269994632313,7.716049382716049,9.044551798174986,0.0939345142243693,4.092860976918948,0.0939345142243693,0.24825550187869028,1.1674718196457328
66,1.6103059581320451,0.10064412238325282,32.729468599033815,6.964573268921095,14.720880300590446,20.739398819108963,8.252818035426731,8.964036500268385,0.0939345142243693,4.38137412775094,0.07380568974771873,0.20128824476650564,1.1674718196457328
67,1.7713365539452497,0.10064412238325282,30.9044551798175,8.715780998389693,14.875201288244767,20.497852925389157,8.447396672034353,8.93719806763285,0.0939345142243693,4.30756843800322,0.07380568974771873,0.10735373054213634,1.1674718196457328
68,1.1272141706924315,0.08722490606548577,35.621309715512616,7.682501341921632,13.620504562533547,19.0955448201825,7.856951154052603,7.588566827697263,0.040257648953301126,6.011808910359635,0.040257648953301126,0.10735373054213634,1.1205045625335481
69,1.1272141706924315,0.08722490606548577,34.70209339774557,7.796564680622652,13.81508319914117,18.760064412238325,8.548040794417606,7.856951154052603,0.040257648953301126,6.011808910359635,0.040257648953301126,0.0939345142243693,1.1205045625335481
70,0.6172839506172839,,47.63150831991412,5.4616210413311865,11.500268384326356,15.197262479871176,6.488191089640365,7.232957595276436,,4.643048845947397,0.040257648953301126,0.06709608158883522,1.1205045625335481
71,0.7783145464304885,,45.98765432098765,5.669618894256575,11.312399355877616,15.505904455179817,7.37385936661299,7.628824476650563,,4.42163177670424,0.14090177133655393,0.06709608158883522,1.1137949543746646
72,0.8118625872249061,,45.86688137412775,5.595813204508857,10.86285560923242,16.223832528180353,7.702630166398282,7.340311325818572,,4.180085882984434,0.23483628556092323,0.06709608158883522,1.1137949543746646
73,0.8923778851315083,,44.176060118089104,5.152979066022544,11.33923778851315,17.693236714975846,8.038110574342458,7.112184648416532,,4.180085882984434,0.23483628556092323,0.06709608158883522,1.1137949543746646
74,0.8185721953837896,,44.216317767042405,5.4616210413311865,11.876006441223833,17.002147074610843,8.011272141706923,7.085346215780999,,3.9318303811057436,0.20799785292538917,0.06709608158883522,1.3217928073000538
75,1.0735373054213635,,42.659688674181425,7.427536231884058,11.58749329039184,17.881105743424584,8.353462157809984,6.447933440687064,,3.0059044551798175,0.19457863660762212,0.06709608158883522,1.3016639828234031
76,1.4492753623188406,,40.935319377348364,7.682501341921632,11.976650563607086,18.156199677938808,8.742619431025227,7.132313472893183,,2.3617820719269993,0.19457863660762212,0.06709608158883522,1.3016639828234031
77,1.3754696725711217,,39.734299516908216,7.682501341921632,12.365807836822329,17.74020397208803,10.017444981213098,7.132313472893183,,2.3617820719269993,0.19457863660762212,0.0939345142243693,1.3016639828234031
78,1.5096618357487923,,36.11782071926999,8.541331186258722,12.99651100375738,18.646001073537306,11.600912506709609,6.635802469135802,,2.3617820719269993,0.19457863660762212,0.0939345142243693,1.3016639828234031
79,1.556629092860977,,34.62157809983897,8.313204508856682,12.808641975308642,19.578636607622116,11.728395061728396,7.427536231884058,,2.3081052066559313,0.2616747181964573,0.0939345142243693,1.3016639828234031
80,1.6706924315619969,,33.97074610842727,8.252818035426731,12.278582930756844,20.115405260332796,11.392914653784219,8.353462157809984,,2.3081052066559313,0.2616747181964573,0.0939345142243693,1.3016639828234031
81,1.8317230273752012,,32.709339774557165,7.159151905528717,12.27187332259796,21.329844337090712,10.950080515297907,9.252549651100376,,3.113258185721954,0.2616747181964573,0.0939345142243693,1.0265700483091786
82,2.0531400966183573,,30.911164787976382,6.642512077294686,13.425925925925926,20.833333333333332,12.218196457326892,9.420289855072463,,3.113258185721954,0.2616747181964573,0.0939345142243693,1.0265700483091786
83,1.710950080515298,,30.837359098228664,6.5552871712292005,14.284755770263017,20.645464304884594,11.714975845410628,9.594739667203436,,3.3480944712828773,0.2616747181964573,0.04696725711218465,0.9997316156736447
84,1.6103059581320451,,29.71014492753623,6.494900697799249,15.365002683843263,19.45786366076221,12.526838432635534,10.205314009661835,,3.3480944712828773,0.2616747181964573,0.020128824476650563,0.9997316156736447
85,1.3150831991411702,,30.46833064949007,7.977724100912507,14.331723027375201,20.081857219538378,12.325550187869029,9.406870638754697,,2.818035426731079,0.2549651100375738,0.020128824476650563,0.9997316156736447
86,1.4090177133655395,,29.441760601180892,7.776435856146001,13.922436929683306,21.85319377348363,12.130971551261407,9.29951690821256,,2.818035426731079,0.32877079978529256,0.020128824476650563,0.9997316156736447
87,1.4694041867954912,,30.723295759527645,8.299785292538916,13.144122383252817,21.484165324745035,11.949812130971551,8.709071390230811,,3.2139023081052067,0.32877079978529256,0.020128824476650563,0.6575415995705851
88,1.5096618357487923,,29.56924315619968,8.722490606548577,13.036768652710682,21.85990338164251,12.372517444981213,8.709071390230811,,3.2139023081052067,0.32877079978529256,0.020128824476650563,0.6575415995705851
89,1.5901771336553945,,28.56280193236715,10.258990874932904,12.99651100375738,21.296296296296298,12.23161567364466,8.943907675791733,,3.012614063338701,0.32877079978529256,0.08722490606548577,0.6910896403650026
90,1.737788513150832,,28.27428878153516,10.540794417606012,12.962962962962964,21.524422973698336,11.963231347289318,9.178743961352657,,2.7241009125067097,0.3153515834675255,0.08722490606548577,0.6910896403650026
91,1.8719806763285025,,25.905797101449274,10.466988727858293,13.130703166935051,21.316425120772948,10.970209339774557,12.634192163177671,,2.61003757380569,0.3153515834675255,0.08722490606548577,0.6910896403650026
92,1.8585614600107354,,27.214170692431562,11.151368760064413,11.929683306494901,22.282608695652176,10.540794417606012,11.3191089640365,,2.690552871712292,0.30864197530864196,0.08722490606548577,0.6172839506172839
93,1.9994632313472893,,27.408749329039185,10.896403650026839,11.929683306494901,22.309447128287708,10.540794417606012,11.158078368223295,,2.6838432635534084,0.3824476650563607,0.08722490606548577,0.6038647342995169
94,2.281266774020397,,26.85185185185185,10.802469135802468,11.829039184111648,22.23564143853999,10.540794417606012,11.701556629092861,,2.6838432635534084,0.3824476650563607,0.08722490606548577,0.6038647342995169
95,2.4825550187869028,,25.637412775093935,10.695115405260333,11.808910359634996,22.81266774020397,10.339506172839506,12.5402576489533,,2.6838432635534084,0.3824476650563607,0.08722490606548577,0.5300590445517982
96,2.5966183574879227,,24.84567901234568,10.540794417606012,12.332259796027913,23.26892109500805,10.332796564680622,12.4597423510467,,2.623456790123457,0.3824476650563607,0.08722490606548577,0.5300590445517982
97,2.589908749329039,,24.44981213097155,12.801932367149758,11.922973698336017,22.20209339774557,10.265700483091788,12.144390767579173,,2.623456790123457,0.3824476650563607,0.08722490606548577,0.5300590445517982
98,2.4221685453569513,,23.832528180354267,13.560118089103597,11.473429951690822,23.10789049919485,10.02415458937198,12.00348899624262,,2.589908749329039,0.36902844873859364,0.08722490606548577,0.5300590445517982
99,2.5697799248523885,,22.77241009125067,13.47289318303811,12.553676865271068,22.5577026301664,10.829307568438002,11.761943102522812,,2.5429414922168547,0.322061191626409,0.08722490606548577,0.5300590445517982
100,2.2611379495437465,,20.67230273752013,13.633923778851315,14.190821256038648,22.98040794417606,10.86285560923242,12.654320987654321,,1.8988191089640365,0.3153515834675255,0.08722490606548577,0.4428341384863124
101,2.1739130434782608,,20.068438003220614,14.875201288244767,14.224369296833064,23.63123993558776,9.903381642512077,12.493290391841116,,1.7914653784219001,0.30864197530864196,0.08722490606548577,0.4428341384863124
102,2.2074610842726785,,19.464573268921097,16.364734299516908,14.855072463768115,21.940418679549115,9.460547504025765,13.305152979066023,,1.5633387010198605,0.30864197530864196,0.08722490606548577,0.4428341384863124
103,2.1604938271604937,,18.80703166935051,17.223564143854,14.526301663982823,21.987385936661298,9.681964573268921,13.211218464841654,,1.5633387010198605,0.30864197530864196,0.08722490606548577,0.4428341384863124
104,1.9592055823939882,,18.203166935050994,16.800858829844337,14.244498121309716,23.30246913580247,9.205582393988191,14.076757917337627,,1.4559849704777241,0.30864197530864196,0.08051529790660225,0.36231884057971014
105,1.9122383252818036,,17.76033279656468,16.988727858293075,14.083467525496511,22.933440687063875,9.514224369296834,14.278046162104133,,1.8183038110574343,0.28180354267310787,0.08051529790660225,0.3488996242619431
106,1.9659151905528718,,17.52549651100376,16.935050993022006,14.083467525496511,23.161567364465917,9.265968867418144,14.318303811057435,,2.033011272141707,0.28180354267310787,0.08051529790660225,0.3488996242619431
107,2.046430488459474,,17.52549651100376,17.06924315619968,14.15727321524423,23.10789049919485,9.265968867418144,14.083467525496511,,2.033011272141707,0.28180354267310787,0.08051529790660225,0.3488996242619431
108,1.9793344068706387,,16.921631776704242,17.317498658078367,14.606816961889425,22.6784755770263,9.104938271604938,14.452495974235104,,2.2342995169082127,0.27509393451422437,0.08051529790660225,0.3488996242619431
109,2.1739130434782608,,15.995705850778315,16.445249597423512,15.418679549114332,23.1280193236715,8.61513687600644,15.519323671497585,,2.2611379495437465,0.27509393451422437,0.08051529790660225,0.08722490606548577
110,2.200751476113795,,15.921900161030596,16.74718196457327,16.914922168545356,22.604669887278583,8.588298443370908,14.318303811057435,,2.2611379495437465,0.27509393451422437,0.08051529790660225,0.08722490606548577
111,2.200751476113795,,15.693773483628556,16.478797638217927,17.465110037573805,22.289318303811058,8.78287707997853,14.38539989264627,,2.2611379495437465,0.27509393451422437,0.08051529790660225,0.08722490606548577
112,2.167203435319377,,15.499194847020934,17.619431025228128,16.780730005367687,22.014224369296834,8.93719806763285,14.130434782608695,,2.2946859903381642,0.38915727321524424,0.08051529790660225,0.08722490606548577
113,2.2208803005904456,,15.787707997852925,17.57246376811594,16.928341384863124,21.866612989801396,8.930488459473967,13.841921631776705,,2.2946859903381642,0.38915727321524424,0.08051529790660225,0.08722490606548577
114,2.2611379495437465,,14.88191089640365,17.53220611916264,18.015297906602253,22.73215244229737,8.3467525496511,13.446054750402576,,2.2946859903381642,0.322061191626409,0.08051529790660225,0.08722490606548577
115,2.2879763821792807,,15.593129361245303,16.75389157273215,18.927804616210413,23.289049919484704,7.937466451959206,12.47987117552335,,2.2074610842726785,0.2885131508319914,0.14761137949543746,0.08722490606548577
116,2.1806226516371443,,15.646806226516372,17.733494363929147,19.102254428341386,22.799248523886206,8.011272141706923,11.668008588298443,,2.187332259796028,0.1878690284487386,0.14761137949543746,0.33548040794417605
117,2.2611379495437465,,14.774557165861514,18.853998926462694,18.726516371443907,22.77241009125067,7.555018786902845,12.204777241009126,,2.1806226516371443,0.1878690284487386,0.14761137949543746,0.33548040794417605
118,2.254428341384863,,14.130434782608695,18.65271068169619,18.69296833064949,23.93317230273752,7.561728395061729,11.600912506709609,,2.4355877616747184,0.2549651100375738,0.14761137949543746,0.33548040794417605
119,2.200751476113795,,13.955984970477724,18.605743424584006,19.14922168545357,24.20155662909286,7.5281803542673105,11.272141706924316,,2.3483628556092326,0.2549651100375738,0.14761137949543746,0.33548040794417605
120,2.2410091250670963,,13.88888888888889,19.269994632313473,18.90096618357488,23.96672034353194,7.454374664519592,11.191626409017713,,2.3483628556092326,0.2549651100375738,0.14761137949543746,0.33548040794417605
121,2.3752012882447664,,13.66076221148685,19.182769726247987,18.780193236714975,23.899624261943103,7.521470746108427,10.93666129898014,,2.8381642512077296,0.322061191626409,0.14761137949543746,0.33548040794417605
122,2.4020397208803006,,13.774825550187868,19.410896403650028,18.719806763285025,23.49704777241009,7.830112721417069,10.721953837895867,,2.8381642512077296,0.322061191626409,0.14761137949543746,0.33548040794417605
123,2.281266774020397,,12.983091787439614,20.679012345679013,17.961621041331185,24.4296833064949,7.843531937734836,10.178475577026301,,2.8381642512077296,0.322061191626409,0.14761137949543746,0.33548040794417605
124,2.2074610842726785,,12.889157273215245,19.545088566827697,18.98148148148148,24.295491143317232,7.843531937734836,10.413311862587225,,2.831454643048846,0.43612453032742887,0.2214170692431562,0.33548040794417605
125,2.26784755770263,,12.95625335480408,20.45088566827697,18.411164787976382,24.194847020933977,7.843531937734836,10.144927536231885,,2.831454643048846,0.3757380568974772,0.2214170692431562,0.30193236714975846
126,2.4221685453569513,,12.734836285560924,19.73966720343532,18.968062265163713,24.711486849168008,7.669082125603865,10.0979602791197,,2.7844873859366612,0.3757380568974772,0.2214170692431562,0.27509393451422437
127,2.328234031132582,,13.070316693505099,19.685990338164252,19.269994632313473,24.510198604401502,7.6623725174449815,9.816156736446592,,2.7844873859366612,0.3757380568974772,0.2214170692431562,0.27509393451422437
128,2.563070316693505,,13.070316693505099,19.565217391304348,19.276704240472355,24.27536231884058,7.6623725174449815,9.930220075147611,,2.7844873859366612,0.3757380568974772,0.2214170692431562,0.27509393451422437
129,2.4557165861513686,,13.170960815888352,18.57890499194847,19.665861513687602,24.00697799248524,7.628824476650563,10.661567364465915,,2.9589371980676327,0.3757380568974772,0.2214170692431562,0.27509393451422437
130,2.5697799248523885,,13.170960815888352,18.78690284487386,19.350509930220074,24.000268384326354,7.628824476650563,10.661567364465915,,2.9589371980676327,0.3757380568974772,0.2214170692431562,0.27509393451422437
131,2.563070316693505,,12.97638217928073,18.78690284487386,19.350509930220074,23.95330112721417,7.863660762211487,10.7085346215781,,2.9589371980676327,0.3757380568974772,0.2214170692431562,0.24154589371980675
132,2.4355877616747184,,12.795222758990874,19.565217391304348,19.753086419753085,23.58427267847558,7.608695652173913,10.46027911969941,,2.9589371980676327,0.3757380568974772,0.2214170692431562,0.24154589371980675
133,2.4892646269457863,,13.009930220075148,19.0955448201825,19.545088566827697,23.65136876006441,7.481213097155126,10.929951690821255,,2.9589371980676327,0.3757380568974772,0.2214170692431562,0.24154589371980675
134,2.5966183574879227,,12.869028448738593,19.142512077294686,19.410896403650028,23.960010735373054,7.635534084809447,10.607890499194847,,2.945517981749866,0.3757380568974772,0.2147074610842727,0.24154589371980675
135,2.6637144390767578,,11.52710681696189,19.444444444444443,18.753354804079443,24.530327428878152,7.897208803005904,11.43317230273752,,2.945517981749866,0.3757380568974772,0.1878690284487386,0.24154589371980675
136,2.771068169618894,,11.372785829307569,18.57890499194847,20.303274288781534,24.590713902308106,7.575147611379496,11.171497584541063,,2.831454643048846,0.3757380568974772,0.1878690284487386,0.24154589371980675
137,2.703972088030059,,10.889694041867955,19.256575415995705,21.021202361782073,23.859366612989803,7.575147611379496,11.057434245840042,,2.831454643048846,0.3757380568974772,0.1878690284487386,0.24154589371980675
138,2.771068169618894,,10.61460010735373,18.5252281266774,21.66532474503489,23.74530327428878,7.575147611379496,11.191626409017713,,3.126677402039721,0.3757380568974772,0.1878690284487386,0.2214170692431562
139,3.012614063338701,,10.446859903381643,18.183038110574344,23.18840579710145,22.363123993558776,7.212828770799785,11.708266237251744,,3.126677402039721,0.3488996242619431,0.1878690284487386,0.2214170692431562
140,3.0394524959742353,,11.79549114331723,18.015297906602253,23.517176596886742,21.504294149221685,7.018250134192163,11.245303274288782,,3.126677402039721,0.32877079978529256,0.1878690284487386,0.2214170692431562
141,3.0327428878153517,,11.627750939345143,17.94820182501342,23.34272678475577,21.504294149221685,6.991411701556629,11.688137412775093,,3.126677402039721,0.32877079978529256,0.1878690284487386,0.2214170692431562
142,3.3011272141706924,,11.553945249597424,17.01556629092861,24.872517444981213,21.121846484165324,6.6760601180891035,11.553945249597424,,2.7106816961889426,0.32877079978529256,0.1878690284487386,0.6776704240472357
143,3.4151905528717124,,11.439881910896403,16.982018250134193,25.59044551798175,20.8467525496511,6.501610305958132,11.439881910896403,,2.589908749329039,0.32877079978529256,0.1878690284487386,0.6776704240472357
144,3.1870638754696725,,11.493558776167472,17.257112184648417,25.0805152979066,21.812936124530328,6.4345142243692965,10.856146001073537,,2.9723564143853998,0.32877079978529256,0.1878690284487386,0.38915727321524424
145,3.240740740740741,,11.325818572195384,17.72007514761138,24.402844873859365,22.007514761137948,6.266774020397209,10.923242082662373,,2.844873859366613,0.32877079978529256,0.27509393451422437,0.6642512077294686
146,3.3480944712828773,,10.554213633923778,17.867686527106816,24.315619967793882,22.69189479334407,5.649490069779925,11.869296833064949,,2.576489533011272,0.2952227589908749,0.2616747181964573,0.5703166935050993
147,3.0931293612453032,,10.695115405260333,17.55233494363929,25.09393451422437,23.577563070316693,4.978529253891573,11.352657004830919,,2.576489533011272,0.2952227589908749,0.2147074610842727,0.5703166935050993
148,3.180354267310789,,10.95679012345679,17.28395061728395,24.630971551261407,24.288781535158346,4.87788513150832,11.238593666129898,,2.462426194310252,0.2952227589908749,0.2147074610842727,0.5703166935050993
149,3.126677402039721,,10.929951690821255,17.45169082125604,24.4699409554482,24.376006441223833,4.864465915190553,11.238593666129898,,2.462426194310252,0.2952227589908749,0.2147074610842727,0.5703166935050993
150,3.2139023081052067,,10.621309715512615,17.16988727858293,24.537037037037038,24.282071926999464,4.851046698872786,11.782071926999464,,2.462426194310252,0.2952227589908749,0.2147074610842727,0.5703166935050993
151,3.0864197530864197,,10.534084809447128,16.901502952227588,24.349168008588297,24.88593666129898,4.562533548040794,12.13768115942029,,2.462426194310252,0.2952227589908749,0.2147074610842727,0.5703166935050993
152,2.9052603327965647,,10.701825013419215,16.76731078904992,24.12104133118626,25.281803542673106,4.542404723564144,12.030327428878154,,2.576489533011272,0.2952227589908749,0.2147074610842727,0.5636070853462157
153,2.885131508319914,,10.668276972624799,16.445249597423512,23.63123993558776,25.845410628019323,4.468599033816425,12.406065485775631,,2.6435856146001075,0.2952227589908749,0.2147074610842727,0.49651100375738055
154,3.0864197530864197,,10.628019323671497,16.485507246376812,23.74530327428878,25.577026301663984,4.468599033816425,12.359098228663447,,2.6435856146001075,0.2952227589908749,0.2147074610842727,0.49651100375738055
155,3.0931293612453032,,10.111379495437467,17.19001610305958,22.852925389157274,25.39586688137413,4.455179817498658,13.278314546430488,,2.6167471819645733,0.2952227589908749,0.2147074610842727,0.49651100375738055
156,3.026033279656468,,9.849704777241008,17.163177670424048,22.86634460547504,25.77831454643049,4.414922168545357,13.278314546430488,,2.6167471819645733,0.2952227589908749,0.2147074610842727,0.49651100375738055
157,3.026033279656468,,9.695383789586689,16.72705314009662,22.84621578099839,25.77831454643049,4.414922168545357,13.88888888888889,,2.6167471819645733,0.2952227589908749,0.2147074610842727,0.49651100375738055
158,2.918679549114332,,9.534353193773484,16.67337627482555,22.84621578099839,25.89237788513151,4.414922168545357,14.096886741814279,,2.6167471819645733,0.2952227589908749,0.2147074610842727,0.49651100375738055
159,2.8247450348899625,,13.023349436392914,15.405260332796564,21.141975308641975,25.47638217928073,4.30756843800322,14.217659688674182,,2.6167471819645733,0.27509393451422437,0.2147074610842727,0.49651100375738055
160,2.7979066022544283,,12.929414922168545,16.09634997316157,21.027911969940956,25.53676865271068,4.294149221685454,13.714439076757918,,2.6167471819645733,0.27509393451422437,0.2147074610842727,0.49651100375738055
161,2.8515834675254963,,12.74825550187869,16.089640365002683,20.719269994632313,26.147342995169083,4.206924315619967,13.633923778851315,,2.6167471819645733,0.27509393451422437,0.2147074610842727,0.49651100375738055
162,2.898550724637681,,13.43263553408481,15.693773483628556,21.309715512614062,26.140633387010197,3.9049919484702094,13.378958668813741,,2.3550724637681157,0.27509393451422437,0.2147074610842727,0.39586688137412773
163,2.8247450348899625,,13.405797101449275,15.626677402039721,21.40365002683843,26.288244766505635,3.851315083199141,13.358829844337091,,2.3550724637681157,0.27509393451422437,0.2147074610842727,0.39586688137412773
164,2.818035426731079,,13.405797101449275,15.28448738593666,21.973966720343533,25.691089640365004,3.8177670424047236,13.768115942028986,,2.3550724637681157,0.27509393451422437,0.2147074610842727,0.39586688137412773
165,2.717391304347826,,13.331991411701557,15.418679549114332,22.32957595276436,25.39586688137413,3.797638217928073,13.768115942028986,,2.3550724637681157,0.27509393451422437,0.2147074610842727,0.39586688137412773
166,2.7777777777777777,,13.130703166935051,16.42512077294686,22.054482018250134,24.771873322597962,3.797638217928073,13.43263553408481,,2.7643585614600106,0.27509393451422437,0.17444981213097155,0.39586688137412773
167,2.7777777777777777,,13.150831991411701,16.626409017713364,22.463768115942027,24.168008588298445,3.797638217928073,13.405797101449275,,2.7643585614600106,0.27509393451422437,0.17444981213097155,0.39586688137412773
168,2.690552871712292,,13.439345142243694,16.371443907675793,23.121309715512613,23.43666129898014,3.878153515834675,13.479602791196994,,2.7643585614600106,0.2616747181964573,0.17444981213097155,0.3824476650563607
169,2.804616210413312,,13.278314546430488,16.478797638217927,23.081052066559312,23.275630703166936,3.878153515834675,13.466183574879228,,2.9589371980676327,0.2616747181964573,0.17444981213097155,0.3421900161030596
170,2.408749329039184,,12.95625335480408,16.63311862587225,23.89291465378422,23.027375201288244,3.878153515834675,13.399087493290391,,2.15378421900161,0.2616747181964573,0.15432098765432098,1.2345679012345678
171,2.368491680085883,,13.003220611916264,17.45169082125604,24.10762211486849,22.611379495437465,3.878153515834675,12.822061191626409,,2.1068169618894257,0.2616747181964573,0.15432098765432098,1.2345679012345678
172,2.442297369833602,,13.526570048309178,17.424852388620504,23.97342995169082,22.584541062801932,3.8714439076757916,12.828770799785293,,1.6975308641975309,0.2616747181964573,0.15432098765432098,1.2345679012345678
173,2.5563607085346214,,13.989533011272142,16.264090177133657,24.966451959205582,22.544283413848632,3.8714439076757916,12.5,,1.6639828234031133,0.2549651100375738,0.15432098765432098,1.2345679012345678
174,2.5429414922168547,,14.184111647879764,16.049382716049383,25.751476113794954,21.618357487922705,3.8714439076757916,12.969672571121846,,1.3687600644122384,0.2549651100375738,0.15432098765432098,1.2345679012345678
175,2.4020397208803006,,12.942834138486312,17.09608158883521,24.62426194310252,22.517444981213096,3.6634460547504024,13.902308105206655,,1.221148684916801,0.2549651100375738,0.15432098765432098,1.221148684916801
176,2.6167471819645733,,12.909286097691895,16.7337627482555,25.187869028448738,22.17525496511004,3.6634460547504024,13.862050456253355,,1.221148684916801,0.2549651100375738,0.15432098765432098,1.221148684916801
177,2.6972624798711755,,12.647611379495437,16.1231884057971,25.845410628019323,22.034353193773484,3.5963499731615673,14.204240472356414,,1.221148684916801,0.2549651100375738,0.15432098765432098,1.221148684916801
178,2.6972624798711755,,12.432903918411165,16.25738056897477,24.496779388083738,23.181696188942567,3.4420289855072466,14.754428341384862,,1.2144390767579174,0.24154589371980675,0.15432098765432098,1.1272141706924315
179,2.5966183574879227,,11.922973698336017,15.895061728395062,24.852388620504563,22.973698336017176,3.4420289855072466,15.579710144927537,,1.2144390767579174,0.24154589371980675,0.15432098765432098,1.1272141706924315
180,2.4490069779924855,,11.460010735373054,16.035963499731615,24.825550187869027,22.886473429951693,3.33467525496511,16.297638217928075,,1.2144390767579174,0.2147074610842727,0.15432098765432098,1.1272141706924315
181,2.4221685453569513,,11.453301127214171,16.794149221685455,24.422973698336016,22.873054213633925,3.3279656468062266,15.767579173376275,,1.442565754159957,0.28180354267310787,0.15432098765432098,1.0601180891035964
182,2.408749329039184,,11.688137412775093,17.391304347826086,23.879495437466453,22.987117552334944,3.3279656468062266,15.53274288781535,,1.3553408480944713,0.2147074610842727,0.15432098765432098,1.0601180891035964
183,2.475845410628019,,11.943102522812667,17.384594739667204,23.899624261943103,22.73215244229737,3.307836822329576,15.485775630703166,,1.3553408480944713,0.20128824476650564,0.15432098765432098,1.0601180891035964
184,2.26784755770263,,11.802200751476114,18.65271068169619,23.617820719269993,22.52415458937198,3.307836822329576,14.781266774020397,,1.3553408480944713,0.1610305958132045,0.15432098765432098,1.3754696725711217
