,45,50,40,51,54,55,41,52,53,49,43
0,32.910628019323674,67.08937198067633,,,,,,,,,
1,17.538915727321523,78.24074074074075,0.11406333870101985,4.106280193236715,,,,,,,
2,11.225174449812132,84.55448201825014,0.11406333870101985,4.106280193236715,,,,,,,
3,11.20504562533548,84.37332259796028,0.11406333870101985,2.999194847020934,0.18115942028985507,1.1272141706924315,,,,,
4,7.447665056360709,88.3588298443371,0.2281266774020397,2.999194847020934,,0.966183574879227,,,,,
5,5.636070853462158,86.74181427804616,0.2952227589908749,6.790123456790123,,0.5367686527106817,,,,,
6,1.0131508319914118,92.90794417606011,0.2952227589908749,4.066022544283414,,1.7176596886741815,,,,,
7,1.0131508319914118,91.15673644659152,0.2952227589908749,4.918142780461621,,2.5496511003757383,0.06709608158883522,,,,
8,0.9997316156736447,89.861782071927,0.39586688137412773,5.441492216854535,,3.2340311325818574,0.06709608158883522,,,,
9,0.7179280730005367,91.11647879763822,0.39586688137412773,5.548845947396672,,1.9457863660762211,0.06709608158883522,0.20799785292538917,,,
10,0.5166398282340311,96.17552334943639,0.3488996242619431,1.2815351583467525,,1.6774020397208802,,,,,
11,0.5099302200751477,94.93424584004295,0.3488996242619431,0.10735373054213634,,4.0995705850778315,,,,,
12,0.5099302200751477,93.71980676328502,0.3488996242619431,0.10735373054213634,,4.186795491143317,,,1.1272141706924315,,
13,0.5099302200751477,92.72007514761138,0.36902844873859364,0.10735373054213634,,3.797638217928073,,1.1272141706924315,1.3687600644122384,,
14,0.24825550187869028,92.04240472356415,0.36902844873859364,0.10735373054213634,,4.736983360171766,,1.1272141706924315,1.3687600644122384,,
15,0.24825550187869028,87.5805152979066,0.48980139559849706,0.10735373054213634,,5.4616210413311865,,1.7646269457863661,0.8990874932903918,3.44873859366613,
16,0.24825550187869028,92.57246376811594,0.3824476650563607,0.10735373054213634,0.18115942028985507,2.818035426731079,,1.0198604401502953,0.1610305958132045,2.509393451422437,
17,0.24825550187869028,85.97020933977456,0.1878690284487386,,0.18115942028985507,2.3752012882447664,,1.0198604401502953,0.1610305958132045,9.856414385399892,
18,0.24825550187869028,84.09822866344605,0.1878690284487386,,1.8384326355340848,2.589908749329039,,1.0198604401502953,0.1610305958132045,9.856414385399892,
19,0.24825550187869028,79.71014492753623,0.3488996242619431,,2.3550724637681157,3.0730005367686526,,4.253891572732153,0.1610305958132045,9.849704777241008,
20,0.24825550187869028,82.41411701556629,0.13419216317767044,2.5161030595813205,1.8384326355340848,3.0730005367686526,,3.0327428878153517,0.1610305958132045,6.582125603864735,
21,0.24825550187869028,81.32716049382717,0.2952227589908749,2.5161030595813205,1.8384326355340848,3.9989264626945786,,3.0327428878153517,0.1610305958132045,6.582125603864735,
22,0.24825550187869028,78.11325818572196,0.2952227589908749,2.046430488459474,1.8384326355340848,5.052334943639291,,3.0327428878153517,2.791196994095545,6.582125603864735,
23,0.24825550187869028,78.42860976918948,0.2281266774020397,11.75523349436393,1.8384326355340848,2.8784219001610305,,2.8784219001610305,1.7444981213097155,,
24,0.24825550187869028,82.34702093397746,0.13419216317767044,8.487654320987655,2.871712292002147,2.9253891572732154,,2.8784219001610305,0.10735373054213634,,
25,0.24825550187869028,81.24664519592056,0.040257648953301126,5.233494363929147,0.6843800322061192,1.221148684916801,,2.8784219001610305,0.10735373054213634,8.340042941492216,
26,0.24825550187869028,80.13955984970478,0.040257648953301126,6.125872249060655,0.9125067096081588,2.187332259796028,,3.515834675254965,0.10735373054213634,6.723027375201288,
27,0.24825550187869028,89.8215244229737,0.040257648953301126,4.032474503488996,0.6172839506172839,2.2611379495437465,,2.8784219001610305,0.10064412238325282,,
28,0.24825550187869028,89.78797638217928,0.040257648953301126,3.455448201825013,0.6172839506172839,2.2611379495437465,,2.8784219001610305,0.7112184648416533,,
29,0.0067096081588835215,90.28448738593666,0.13419216317767044,1.06682769726248,1.221148684916801,2.368491680085883,,2.8784219001610305,2.0397208803005906,,
30,0.0067096081588835215,89.06333870101986,0.2616747181964573,1.0265700483091786,1.221148684916801,2.254428341384863,,4.126409017713366,2.0397208803005906,,
31,0.0067096081588835215,89.06333870101986,0.2616747181964573,1.0265700483091786,1.221148684916801,2.254428341384863,,4.126409017713366,2.0397208803005906,,
32,0.0067096081588835215,79.08615136876007,0.13419216317767044,10.44015029522276,1.1205045625335481,3.046162104133119,,4.126409017713366,2.0397208803005906,,
33,0.0067096081588835215,68.67954911433172,0.13419216317767044,10.44015029522276,1.1205045625335481,4.012345679012346,,4.126409017713366,2.0397208803005906,9.440418679549115,
34,0.0067096081588835215,68.29039184111647,0.2549651100375738,10.36634460547504,1.4492753623188406,4.3545356951154055,,4.126409017713366,2.0397208803005906,9.111647879763822,
35,0.0067096081588835215,79.3545356951154,0.2549651100375738,2.13365539452496,1.093666129898014,2.7106816961889426,,3.7372517444981215,1.6304347826086956,9.078099838969404,
36,0.0067096081588835215,78.58964036500268,0.2549651100375738,2.13365539452496,1.093666129898014,2.7106816961889426,,3.7372517444981215,1.6304347826086956,9.842995169082126,
37,0.0067096081588835215,92.42485238862051,0.14090177133655393,1.0601180891035964,0.8319914117015567,1.3083735909822867,,1.1003757380568975,0.644122383252818,2.4825550187869028,
38,0.0067096081588835215,90.32474503488996,0.16774020397208803,1.0601180891035964,1.5029522275899088,2.2745571658615136,,1.0869565217391304,1.093666129898014,2.4825550187869028,
39,0.0067096081588835215,89.74771873322598,0.16774020397208803,1.0601180891035964,1.5029522275899088,2.8515834675254963,,1.0869565217391304,1.093666129898014,2.4825550187869028,
40,0.0067096081588835215,92.57917337627482,0.14090177133655393,1.0601180891035964,1.328502415458937,2.314814814814815,,1.0869565217391304,1.093666129898014,0.38915727321524424,
41,0.0067096081588835215,83.23268921095008,0.14090177133655393,9.520933977455716,1.328502415458937,3.2004830917874396,,1.0869565217391304,1.093666129898014,0.38915727321524424,
42,0.0067096081588835215,77.70397208803006,0.07380568974771873,15.579710144927537,0.17444981213097155,4.2203435319377345,,1.0869565217391304,0.9393451422436929,0.2147074610842727,
43,0.0067096081588835215,73.47691894793344,0.07380568974771873,15.418679549114332,0.17444981213097155,5.092592592592593,,1.0869565217391304,0.9393451422436929,3.730542136339238,
44,0.0067096081588835215,70.79978529253891,0.24154589371980675,15.344873859366613,0.17444981213097155,6.286902844873859,,1.0869565217391304,2.328234031132582,3.730542136339238,
45,0.0067096081588835215,70.34353193773484,0.24154589371980675,15.344873859366613,0.17444981213097155,6.743156199677939,,1.0869565217391304,2.328234031132582,3.730542136339238,
46,0.0067096081588835215,68.90767579173377,0.24154589371980675,15.344873859366613,0.6239935587761675,7.843531937734836,,1.0869565217391304,2.328234031132582,3.616478797638218,
47,0.0067096081588835215,67.88781535158347,0.24154589371980675,14.828234031132581,1.6572732152442298,8.521202361782072,,1.3687600644122384,2.15378421900161,3.33467525496511,
48,0.0067096081588835215,67.06924315619968,0.24154589371980675,14.828234031132581,1.6572732152442298,9.339774557165862,,1.3687600644122384,2.15378421900161,3.33467525496511,
49,0.0067096081588835215,64.64707461084272,0.3153515834675255,16.035963499731615,1.596886741814278,10.02415458937198,,2.0128824476650564,2.059849704777241,3.3011272141706924,
50,0.0067096081588835215,60.38647342995169,0.3153515834675255,20.00805152979066,1.3821792807300053,10.527375201288244,,2.0128824476650564,2.059849704777241,3.3011272141706924,
51,0.0067096081588835215,58.13875469672571,0.3153515834675255,21.524422973698336,2.804616210413312,10.285829307568438,,2.0128824476650564,1.6103059581320451,3.3011272141706924,
52,0.0067096081588835215,56.716317767042405,0.2952227589908749,22.879763821792807,2.677133655394525,10.50053676865271,,2.0128824476650564,1.6103059581320451,3.3011272141706924,
53,0.0067096081588835215,55.83064949006978,0.2952227589908749,22.879763821792807,4.488727858293076,10.178475577026301,,1.4090177133655395,1.6103059581320451,3.3011272141706924,
54,0.0067096081588835215,54.90472356414385,0.3757380568974772,22.497316156736446,4.683306494900698,11.211755233494364,,1.4090177133655395,1.6103059581320451,3.3011272141706924,
55,0.0067096081588835215,53.75067096081589,0.3757380568974772,22.497316156736446,5.595813204508857,11.614331723027375,,1.3083735909822867,1.5499194847020934,3.3011272141706924,
56,0.0067096081588835215,52.965646806226516,0.3757380568974772,22.007514761137948,5.877616747181965,11.634460547504025,,1.3083735909822867,2.522812667740204,3.3011272141706924,
57,0.0067096081588835215,51.04669887278583,0.3757380568974772,22.852925389157274,6.6760601180891035,11.90955448201825,,1.3083735909822867,2.522812667740204,3.3011272141706924,
58,0.0067096081588835215,50.81186258722491,0.43612453032742887,22.63150831991412,7.494632313472893,11.56736446591519,,1.3083735909822867,2.522812667740204,3.2206119162640903,
59,0.0067096081588835215,49.83225979602791,0.43612453032742887,22.604669887278583,8.259527643585615,12.016908212560386,,1.1137949543746646,2.509393451422437,3.2206119162640903,
60,0.0067096081588835215,58.09849704777241,0.5367686527106817,15.68035426731079,6.414385399892646,12.600644122383253,,1.1137949543746646,2.328234031132582,3.2206119162640903,
61,,65.01610305958133,0.48980139559849706,10.493827160493828,6.112453032742888,11.922973698336017,,0.6642512077294686,2.0799785292538915,3.2206119162640903,
62,,64.29817498658079,0.48980139559849706,11.829039184111648,6.112453032742888,11.325818572195384,,0.6642512077294686,2.0799785292538915,3.2004830917874396,
63,,62.90257648953301,0.48980139559849706,11.245303274288782,6.266774020397209,12.4597423510467,,1.6505636070853462,1.7847557702630166,3.2004830917874396,
64,,62.90257648953301,0.48980139559849706,11.245303274288782,6.266774020397209,12.4597423510467,,1.6505636070853462,1.7847557702630166,3.2004830917874396,
65,,62.526838432635536,0.48980139559849706,11.245303274288782,6.266774020397209,12.835480407944177,,1.6505636070853462,1.7847557702630166,3.2004830917874396,
66,,64.3317230273752,0.48980139559849706,11.037305421363392,6.266774020397209,12.164519592055823,,1.6505636070853462,0.8588298443370908,3.2004830917874396,
67,,61.621041331186255,0.48980139559849706,10.795759527643586,6.387546967257112,13.613794954374665,,3.0327428878153517,0.8588298443370908,3.2004830917874396,
68,,61.621041331186255,0.48980139559849706,10.963499731615673,6.387546967257112,13.613794954374665,,2.999194847020934,0.7246376811594203,3.2004830917874396,
69,,59.695383789586685,0.48980139559849706,10.916532474503489,6.213097155126141,14.63365539452496,,2.999194847020934,1.8518518518518519,3.2004830917874396,
70,,57.27321524422974,0.5971551261406334,10.829307568438002,7.246376811594203,13.828502415458937,0.10064412238325282,5.072463768115942,1.8518518518518519,3.2004830917874396,
71,,56.54186795491143,0.5971551261406334,10.829307568438002,7.246376811594203,14.55984970477724,0.10064412238325282,5.072463768115942,1.8518518518518519,3.2004830917874396,
72,,56.15942028985507,0.5971551261406334,10.829307568438002,7.132313472893183,15.056360708534621,0.10064412238325282,5.072463768115942,1.8518518518518519,3.2004830917874396,
73,,57.82340311325819,0.5971551261406334,10.21202361782072,6.951154052603328,14.9020397208803,0.10064412238325282,4.528985507246377,1.6841116478797638,3.2004830917874396,
74,,56.46806226516372,0.5367686527106817,11.158078368223295,6.6827697262479875,15.640096618357488,0.10064412238325282,4.528985507246377,1.6841116478797638,3.2004830917874396,
75,,56.28690284487386,0.5367686527106817,11.33923778851315,6.6827697262479875,15.640096618357488,0.10064412238325282,4.528985507246377,1.6841116478797638,3.2004830917874396,
76,,56.28690284487386,0.5367686527106817,11.2788513150832,6.6827697262479875,15.640096618357488,0.1610305958132045,4.528985507246377,1.6841116478797638,3.2004830917874396,
77,,55.85077831454643,0.5367686527106817,11.258722490606548,7.098765432098766,15.76086956521739,0.1610305958132045,4.414922168545357,1.8384326355340848,3.079710144927536,
78,,55.85077831454643,0.5367686527106817,11.258722490606548,7.085346215780999,15.76086956521739,0.1610305958132045,4.555823939881911,1.8384326355340848,2.952227589908749,
79,,61.39291465378422,0.4562533548040794,11.258722490606548,4.891304347826087,12.5,0.1610305958132045,4.555823939881911,1.8317230273752012,2.952227589908749,
80,,61.67471819645733,0.4562533548040794,10.869565217391305,4.891304347826087,12.607353730542137,0.1610305958132045,4.555823939881911,1.8317230273752012,2.952227589908749,
81,,68.73322597960279,0.3824476650563607,10.38647342995169,3.69699409554482,10.929951690821255,0.1610305958132045,1.3016639828234031,1.4559849704777241,2.952227589908749,
82,,67.6328502415459,0.3824476650563607,10.38647342995169,3.69699409554482,11.2788513150832,0.1610305958132045,1.3016639828234031,2.2074610842726785,2.952227589908749,
83,,65.69377348362856,0.3824476650563607,10.359634997316157,4.294149221685454,11.520397208803006,0.1610305958132045,1.1876006441223832,3.44873859366613,2.952227589908749,
84,,65.60654857756307,0.46967257112184646,10.359634997316157,4.294149221685454,11.520397208803006,0.1610305958132045,1.1876006441223832,3.44873859366613,2.952227589908749,
85,,65.60654857756307,0.46967257112184646,10.359634997316157,4.294149221685454,11.520397208803006,0.1610305958132045,1.1876006441223832,3.44873859366613,2.952227589908749,
86,,63.45276435856146,0.46967257112184646,10.359634997316157,6.112453032742888,11.855877616747183,0.1610305958132045,1.1876006441223832,3.44873859366613,2.952227589908749,
87,,63.036768652710684,0.46967257112184646,10.359634997316157,6.367418142780462,12.016908212560386,0.1610305958132045,1.1876006441223832,3.44873859366613,2.952227589908749,
88,,62.41277509393451,0.46967257112184646,9.990606548577563,6.266774020397209,11.77536231884058,0.1610305958132045,1.6841116478797638,4.28743961352657,2.952227589908749,
89,,61.41304347826087,0.46967257112184646,9.990606548577563,6.266774020397209,12.25174449812131,0.1610305958132045,1.6841116478797638,4.810789049919484,2.952227589908749,
90,,58.011272141706925,0.46967257112184646,9.608158883521202,6.984702093397746,12.25174449812131,0.1878690284487386,2.9388083735909825,6.622383252818035,2.9253891572732154,
91,,57.52818035426731,0.46967257112184646,9.5276435856146,6.9310252281266775,12.25174449812131,0.1878690284487386,3.294417606011809,7.1725711218464845,2.636876006441224,
92,,56.837090713902306,0.46967257112184646,9.5276435856146,6.9310252281266775,12.25174449812131,0.1878690284487386,3.294417606011809,7.1725711218464845,3.3279656468062266,
93,,56.74315619967794,0.46967257112184646,9.5276435856146,7.481213097155126,12.25174449812131,0.1878690284487386,3.294417606011809,6.716317767042405,3.3279656468062266,
94,,55.75684380032206,0.5367686527106817,9.212292002147075,7.326892109500805,12.855609232420827,0.1878690284487386,4.079441760601181,6.716317767042405,3.3279656468062266,
95,,55.75684380032206,0.5367686527106817,9.212292002147075,7.326892109500805,12.855609232420827,0.1878690284487386,4.079441760601181,6.716317767042405,3.3279656468062266,
96,,54.58266237251745,0.5367686527106817,9.212292002147075,7.326892109500805,13.305152979066023,0.1878690284487386,4.079441760601181,7.440955448201825,3.3279656468062266,
97,,53.50912506709608,0.5837359098228664,9.192163177670425,7.326892109500805,14.351851851851851,0.1878690284487386,4.079441760601181,7.440955448201825,3.3279656468062266,
98,,53.39506172839506,0.5837359098228664,9.567901234567902,7.326892109500805,14.351851851851851,0.1878690284487386,4.079441760601181,7.326892109500805,3.180354267310789,
99,,53.09983896940419,0.5837359098228664,9.567901234567902,7.024959742351046,14.338432635534085,0.1878690284487386,4.079441760601181,7.937466451959206,3.180354267310789,
100,,52.11352657004831,0.5837359098228664,9.567901234567902,8.870101986044014,13.479602791196994,0.1878690284487386,4.079441760601181,7.937466451959206,3.180354267310789,
101,,51.932367149758456,0.5837359098228664,9.567901234567902,8.870101986044014,13.66076221148685,0.1878690284487386,4.079441760601181,7.937466451959206,3.180354267310789,
102,,51.932367149758456,0.5837359098228664,9.567901234567902,8.870101986044014,13.66076221148685,0.1878690284487386,4.079441760601181,7.937466451959206,3.180354267310789,
103,,51.86527106816962,0.5837359098228664,9.567901234567902,9.225711218464841,13.519860440150294,0.1878690284487386,4.079441760601181,7.7898550724637685,3.180354267310789,
104,,51.79817498658078,0.6508319914117016,9.567901234567902,9.225711218464841,13.519860440150294,0.1878690284487386,4.079441760601181,7.7898550724637685,3.180354267310789,
105,,51.47611379495437,0.7581857219538379,9.567901234567902,9.225711218464841,13.734567901234568,0.1878690284487386,4.079441760601181,7.7898550724637685,3.180354267310789,
106,,51.47611379495437,0.7581857219538379,9.567901234567902,9.225711218464841,13.734567901234568,0.1878690284487386,4.079441760601181,7.7898550724637685,3.180354267310789,
107,,51.207729468599034,0.8387010198604401,9.534353193773484,9.145195920558239,14.036500268384327,0.1878690284487386,4.079441760601181,7.7898550724637685,3.180354267310789,
108,,51.019860440150296,0.8387010198604401,9.520933977455716,9.064680622651638,14.318303811057435,0.1878690284487386,4.079441760601181,7.7898550724637685,3.180354267310789,
109,,51.019860440150296,0.8387010198604401,9.520933977455716,9.064680622651638,14.318303811057435,0.1878690284487386,4.079441760601181,7.7898550724637685,3.180354267310789,
110,,51.019860440150296,0.8387010198604401,9.520933977455716,9.064680622651638,14.318303811057435,0.1878690284487386,4.079441760601181,7.7898550724637685,3.180354267310789,
111,,51.99946323134729,0.8387010198604401,8.541331186258722,9.118357487922705,14.318303811057435,0.1878690284487386,4.079441760601181,7.7361782071927,3.180354267310789,
112,,51.69753086419753,0.8387010198604401,8.373590982286634,8.742619431025227,14.318303811057435,0.1878690284487386,4.079441760601181,8.668813741277509,3.0931293612453032,
113,,50.85882984433709,0.8387010198604401,8.709071390230811,8.742619431025227,14.861782071927,0.1878690284487386,4.072732152442297,8.735909822866345,2.9924852388620504,
114,,50.85882984433709,0.8387010198604401,8.709071390230811,8.742619431025227,14.861782071927,0.1878690284487386,4.072732152442297,8.735909822866345,2.9924852388620504,
115,,50.75147611379496,0.8387010198604401,8.709071390230811,8.742619431025227,14.969135802469136,0.1878690284487386,4.072732152442297,8.735909822866345,2.9924852388620504,
116,,50.295222758990874,0.8387010198604401,8.548040794417606,9.655126140633387,14.741009125067096,0.1878690284487386,4.005636070853462,8.735909822866345,2.9924852388620504,
117,,50.295222758990874,0.8387010198604401,8.548040794417606,9.655126140633387,14.741009125067096,0.1878690284487386,4.005636070853462,8.735909822866345,2.9924852388620504,
118,,49.932903918411164,0.8387010198604401,8.548040794417606,9.5276435856146,14.566559312936125,0.1878690284487386,3.717122920021471,9.688674181427805,2.9924852388620504,
119,,49.73832528180354,0.8387010198604401,8.548040794417606,9.473966720343531,14.814814814814815,0.1878690284487386,3.717122920021471,9.688674181427805,2.9924852388620504,
120,,48.90633387010199,0.8722490606548577,8.36688137412775,10.453569511540525,14.814814814814815,0.1878690284487386,3.717122920021471,9.688674181427805,2.9924852388620504,
121,,48.79898013955985,0.8722490606548577,8.36688137412775,11.33923778851315,14.036500268384327,0.1878690284487386,3.717122920021471,9.688674181427805,2.9924852388620504,
122,,48.79898013955985,0.8722490606548577,8.36688137412775,11.33923778851315,14.036500268384327,0.1878690284487386,3.717122920021471,9.688674181427805,2.9924852388620504,
123,,48.47691894793344,0.8051529790660226,7.548309178743962,10.856146001073537,13.982823403113258,0.1274825550187869,5.864197530864198,9.27938808373591,2.9924852388620504,0.06709608158883522
124,,48.121309715512616,0.9125067096081588,7.548309178743962,10.856146001073537,14.13714439076758,0.2214170692431562,5.864197530864198,9.27938808373591,2.9924852388620504,0.06709608158883522
125,,47.88647342995169,0.9997316156736447,7.461084272678476,11.285560923242082,13.942565754159958,0.2214170692431562,5.495169082125604,9.648416532474503,2.9924852388620504,0.06709608158883522
126,,47.235641438539986,0.9393451422436929,7.447665056360709,11.621041331186259,13.862050456253355,0.2214170692431562,5.46833064949007,10.393183038110575,2.7442297369833604,0.06709608158883522
127,,47.235641438539986,0.9393451422436929,7.447665056360709,11.621041331186259,13.862050456253355,0.2214170692431562,5.46833064949007,10.393183038110575,2.7442297369833604,0.06709608158883522
128,,46.16881374127751,0.9326355340848095,7.340311325818572,11.33923778851315,14.801395598497047,0.322061191626409,5.46833064949007,10.815888352120236,2.7442297369833604,0.06709608158883522
129,,46.16881374127751,0.9326355340848095,7.340311325818572,11.33923778851315,14.801395598497047,0.322061191626409,5.46833064949007,10.815888352120236,2.7442297369833604,0.06709608158883522
130,,45.94068706387547,0.9326355340848095,7.340311325818572,11.265432098765432,14.969135802469136,0.322061191626409,5.60252281266774,10.815888352120236,2.7442297369833604,0.06709608158883522
131,,45.94068706387547,0.9326355340848095,7.179280730005368,11.265432098765432,15.13016639828234,0.322061191626409,5.60252281266774,10.815888352120236,2.7442297369833604,0.06709608158883522
132,,45.229468599033815,0.9326355340848095,7.286634460547504,11.252012882447666,14.908749329039184,0.322061191626409,6.535158346752549,10.721953837895867,2.7442297369833604,0.06709608158883522
133,,45.21604938271605,0.9326355340848095,7.286634460547504,11.493558776167472,14.680622651637144,0.322061191626409,6.535158346752549,10.721953837895867,2.7442297369833604,0.06709608158883522
134,,44.67257112184648,1.0399892646269457,7.286634460547504,11.493558776167472,15.116747181964573,0.322061191626409,6.535158346752549,10.721953837895867,2.7442297369833604,0.06709608158883522
135,,46.00107353730542,0.9326355340848095,7.286634460547504,10.695115405260333,14.620236178207193,0.4025764895330113,6.575415995705851,10.721953837895867,2.6972624798711755,0.06709608158883522
136,,45.82662372517445,0.9326355340848095,7.62211486849168,10.326086956521738,14.78797638217928,0.4025764895330113,6.6827697262479875,10.721953837895867,2.6301663982823404,0.06709608158883522
137,,45.40391841116479,0.9326355340848095,7.447665056360709,10.084541062801932,15.24422973698336,0.4025764895330113,7.065217391304348,10.721953837895867,2.6301663982823404,0.06709608158883522
138,,45.249597423510465,1.0064412238325282,7.353730542136339,10.681696188942565,15.371712292002147,0.4025764895330113,7.065217391304348,10.171765968867419,2.6301663982823404,0.06709608158883522
139,,45.13553408480945,1.0064412238325282,7.2933440687063875,11.52710681696189,14.76784755770263,0.4025764895330113,7.065217391304348,10.104669887278583,2.6301663982823404,0.06709608158883522
140,,44.524959742351044,1.0064412238325282,7.2933440687063875,11.506977992485238,14.687332259796028,0.4025764895330113,7.065217391304348,10.815888352120236,2.6301663982823404,0.06709608158883522
141,,44.524959742351044,1.0064412238325282,7.2933440687063875,11.506977992485238,14.687332259796028,0.4025764895330113,7.065217391304348,10.815888352120236,2.6301663982823404,0.06709608158883522
142,,44.524959742351044,1.0064412238325282,7.2933440687063875,11.735104669887278,14.459205582393988,0.4025764895330113,7.065217391304348,10.815888352120236,2.6301663982823404,0.06709608158883522
143,,44.216317767042405,0.9728931830381106,7.2933440687063875,12.332259796027913,14.251207729468598,0.4025764895330113,7.065217391304348,10.768921095008052,2.6301663982823404,0.06709608158883522
144,,44.216317767042405,0.9728931830381106,7.2933440687063875,12.332259796027913,14.251207729468598,0.4025764895330113,6.984702093397746,10.849436392914654,2.6301663982823404,0.06709608158883522
145,,43.35748792270532,0.9594739667203436,7.286634460547504,11.52710681696189,13.989533011272142,0.4025764895330113,9.695383789586689,10.084541062801932,2.6301663982823404,0.06709608158883522
146,,43.05555555555556,0.9594739667203436,7.286634460547504,11.52710681696189,14.2914653784219,0.4025764895330113,9.695383789586689,10.084541062801932,2.6301663982823404,0.06709608158883522
147,,42.693236714975846,0.9594739667203436,7.4006977992485234,11.439881910896403,14.278046162104133,0.4025764895330113,9.695383789586689,10.433440687063875,2.6301663982823404,0.06709608158883522
148,,42.49865807836822,0.9594739667203436,7.917337627482555,11.842458400429415,14.224369296833064,0.4025764895330113,9.373322597960279,10.433440687063875,2.281266774020397,0.06709608158883522
149,,42.49865807836822,0.9594739667203436,7.917337627482555,11.842458400429415,14.224369296833064,0.4025764895330113,9.373322597960279,10.433440687063875,2.281266774020397,0.06709608158883522
150,,42.49865807836822,0.9594739667203436,7.917337627482555,11.842458400429415,14.224369296833064,0.4025764895330113,9.373322597960279,10.433440687063875,2.281266774020397,0.06709608158883522
151,,41.17015566290929,0.9594739667203436,7.863660762211487,11.842458400429415,15.069779924852389,0.4025764895330113,9.373322597960279,10.433440687063875,2.818035426731079,0.06709608158883522
152,,41.015834675254965,0.9594739667203436,7.863660762211487,11.842458400429415,15.22410091250671,0.4025764895330113,9.373322597960279,10.433440687063875,2.818035426731079,0.06709608158883522
153,,41.015834675254965,0.9594739667203436,7.863660762211487,11.842458400429415,15.22410091250671,0.4025764895330113,9.373322597960279,10.433440687063875,2.818035426731079,0.06709608158883522
154,,41.015834675254965,0.9594739667203436,7.863660762211487,11.842458400429415,15.22410091250671,0.4025764895330113,9.373322597960279,10.433440687063875,2.818035426731079,0.06709608158883522
155,,40.88164251207729,0.9594739667203436,8.024691358024691,11.842458400429415,15.22410091250671,0.4025764895330113,9.373322597960279,10.433440687063875,2.791196994095545,0.06709608158883522
156,,40.82796564680623,0.9594739667203436,8.53462157809984,11.829039184111648,15.22410091250671,0.4025764895330113,9.373322597960279,10.050993022007514,2.7308105206655933,0.06709608158883522
157,,41.12989801395599,0.9594739667203436,8.53462157809984,11.829039184111648,15.22410091250671,0.4025764895330113,9.359903381642512,9.762479871175524,2.7308105206655933,0.06709608158883522
158,,41.12989801395599,0.9594739667203436,8.53462157809984,11.829039184111648,15.22410091250671,0.4025764895330113,9.359903381642512,9.762479871175524,2.7308105206655933,0.06709608158883522
159,,41.12989801395599,0.9594739667203436,8.53462157809984,11.77536231884058,15.277777777777779,0.4025764895330113,9.359903381642512,9.762479871175524,2.7308105206655933,0.06709608158883522
160,,41.12989801395599,0.9594739667203436,8.53462157809984,11.77536231884058,15.277777777777779,0.4025764895330113,9.359903381642512,9.762479871175524,2.7308105206655933,0.06709608158883522
161,,41.12989801395599,0.9594739667203436,8.53462157809984,11.77536231884058,15.277777777777779,0.4025764895330113,9.359903381642512,9.762479871175524,2.7308105206655933,0.06709608158883522
162,,40.78099838969404,0.9594739667203436,8.53462157809984,11.77536231884058,15.277777777777779,0.36902844873859364,9.333064949006978,10.171765968867419,2.7308105206655933,0.06709608158883522
163,,40.70048309178744,0.9594739667203436,8.53462157809984,12.010198604401502,15.123456790123457,0.36902844873859364,9.333064949006978,10.171765968867419,2.7308105206655933,0.06709608158883522
164,,40.70048309178744,0.9594739667203436,8.53462157809984,12.010198604401502,15.123456790123457,0.36902844873859364,9.333064949006978,10.171765968867419,2.7308105206655933,0.06709608158883522
165,,40.70048309178744,0.9594739667203436,8.53462157809984,12.010198604401502,15.123456790123457,0.36902844873859364,9.333064949006978,10.171765968867419,2.7308105206655933,0.06709608158883522
166,,40.25764895330113,0.9594739667203436,8.53462157809984,12.010198604401502,15.566290928609769,0.36902844873859364,9.333064949006978,10.171765968867419,2.7308105206655933,0.06709608158883522
167,,40.02952227589909,0.9594739667203436,8.53462157809984,12.258454106280194,15.526033279656469,0.36902844873859364,9.50751476113795,10.0979602791197,2.6502952227589907,0.06709608158883522
168,,39.70746108427268,0.9594739667203436,8.53462157809984,12.795222758990874,15.28448738593666,0.36902844873859364,9.50751476113795,10.124798711755233,2.6502952227589907,0.06709608158883522
169,,39.70746108427268,0.9594739667203436,8.53462157809984,12.795222758990874,15.28448738593666,0.36902844873859364,9.50751476113795,10.124798711755233,2.6502952227589907,0.06709608158883522
170,,39.69404186795491,0.9594739667203436,8.53462157809984,12.942834138486312,15.150295222758992,0.36902844873859364,9.50751476113795,10.124798711755233,2.6502952227589907,0.06709608158883522
171,,39.69404186795491,0.9594739667203436,8.53462157809984,12.942834138486312,15.150295222758992,0.36902844873859364,9.50751476113795,10.124798711755233,2.6502952227589907,0.06709608158883522
172,,39.69404186795491,0.9594739667203436,8.53462157809984,12.942834138486312,15.150295222758992,0.36902844873859364,9.50751476113795,10.124798711755233,2.6502952227589907,0.06709608158883522
173,,39.25791733762748,0.9594739667203436,8.53462157809984,12.848899624261943,15.143585614600108,0.36902844873859364,9.50751476113795,10.661567364465915,2.6502952227589907,0.06709608158883522
174,,39.14385399892646,0.9594739667203436,8.53462157809984,12.889157273215245,15.143585614600108,0.36902844873859364,9.50751476113795,10.735373054213634,2.6502952227589907,0.06709608158883522
175,,39.48604401502952,0.9594739667203436,7.863660762211487,13.16425120772947,15.378421900161031,0.3421900161030596,10.279119699409554,10.030864197530864,2.428878153515835,0.06709608158883522
176,,38.94256575415996,0.9594739667203436,7.863660762211487,13.895598497047773,15.210681696188942,0.36231884057971014,10.279119699409554,9.990606548577563,2.428878153515835,0.06709608158883522
177,,38.94256575415996,0.9594739667203436,7.863660762211487,13.895598497047773,15.210681696188942,0.36231884057971014,10.279119699409554,9.990606548577563,2.428878153515835,0.06709608158883522
178,,38.84192163177671,0.9594739667203436,8.521202361782072,13.83521202361782,15.029522275899087,0.36231884057971014,10.279119699409554,9.990606548577563,2.1135265700483092,0.06709608158883522
179,,38.52657004830918,0.9594739667203436,8.521202361782072,13.83521202361782,15.029522275899087,0.36231884057971014,10.59447128287708,9.990606548577563,2.1135265700483092,0.06709608158883522
180,,38.466183574879224,1.0198604401502953,8.521202361782072,13.83521202361782,15.029522275899087,0.36231884057971014,10.59447128287708,9.990606548577563,2.1135265700483092,0.06709608158883522
181,,38.466183574879224,1.0198604401502953,8.521202361782072,13.83521202361782,15.029522275899087,0.36231884057971014,10.59447128287708,9.990606548577563,2.1135265700483092,0.06709608158883522
182,,38.466183574879224,1.0198604401502953,8.521202361782072,13.83521202361782,15.029522275899087,0.36231884057971014,10.59447128287708,9.990606548577563,2.1135265700483092,0.06709608158883522
183,,38.13070316693505,1.093666129898014,8.407139023081053,13.83521202361782,14.982555018786902,0.36231884057971014,10.59447128287708,9.990606548577563,2.536231884057971,0.06709608158883522
184,,37.7012882447665,1.2077294685990339,8.749329039184111,13.808373590982287,14.982555018786902,0.36231884057971014,10.59447128287708,9.990606548577563,2.536231884057971,0.06709608158883522
185,,37.7012882447665,1.2077294685990339,8.749329039184111,13.808373590982287,14.982555018786902,0.36231884057971014,10.59447128287708,9.990606548577563,2.536231884057971,0.06709608158883522
186,,37.7012882447665,1.2681159420289856,8.68894256575416,13.808373590982287,14.982555018786902,0.36231884057971014,10.59447128287708,9.990606548577563,2.536231884057971,0.06709608158883522
187,,37.7012882447665,1.2681159420289856,8.68894256575416,13.808373590982287,14.982555018786902,0.36231884057971014,10.59447128287708,9.990606548577563,2.536231884057971,0.06709608158883522
188,,37.164519592055825,1.2681159420289856,8.68894256575416,14.647074610842727,14.969135802469136,0.36231884057971014,10.59447128287708,9.702093397745571,2.536231884057971,0.06709608158883522
189,,37.164519592055825,1.2681159420289856,8.541331186258722,14.647074610842727,15.13016639828234,0.36231884057971014,10.59447128287708,9.702093397745571,2.522812667740204,0.06709608158883522
190,,37.164519592055825,1.2681159420289856,8.541331186258722,14.647074610842727,15.13016639828234,0.36231884057971014,10.59447128287708,9.702093397745571,2.522812667740204,0.06709608158883522
191,,37.0907139023081,1.2681159420289856,8.420558239398819,14.647074610842727,15.324745034889963,0.36231884057971014,10.59447128287708,9.702093397745571,2.522812667740204,0.06709608158883522
192,,36.500268384326354,1.3016639828234031,8.420558239398819,14.647074610842727,15.324745034889963,0.36231884057971014,10.540794417606012,10.312667740203972,2.522812667740204,0.06709608158883522
193,,36.81561996779388,1.2144390767579174,8.373590982286634,14.647074610842727,15.297906602254429,0.36231884057971014,10.433440687063875,10.265700483091788,2.522812667740204,0.06709608158883522
194,,36.81561996779388,1.2144390767579174,8.373590982286634,14.647074610842727,15.297906602254429,0.36231884057971014,10.433440687063875,10.265700483091788,2.522812667740204,0.06709608158883522
195,,36.81561996779388,1.2144390767579174,8.373590982286634,14.647074610842727,15.297906602254429,0.36231884057971014,10.433440687063875,10.265700483091788,2.522812667740204,0.06709608158883522
196,,36.81561996779388,1.2144390767579174,8.373590982286634,14.647074610842727,15.297906602254429,0.36231884057971014,10.433440687063875,10.265700483091788,2.522812667740204,0.06709608158883522
197,,36.40633387010199,1.2144390767579174,8.373590982286634,14.647074610842727,15.707192699946322,0.36231884057971014,10.433440687063875,10.265700483091788,2.522812667740204,0.06709608158883522
198,,36.218464841653244,1.2144390767579174,8.373590982286634,14.647074610842727,15.707192699946322,0.36231884057971014,10.433440687063875,10.265700483091788,2.7106816961889426,0.06709608158883522
199,,36.46672034353194,1.2144390767579174,8.373590982286634,14.647074610842727,15.707192699946322,0.36231884057971014,10.433440687063875,10.265700483091788,2.462426194310252,0.06709608158883522
200,,35.950080515297905,1.2144390767579174,8.373590982286634,14.647074610842727,15.660225442834138,0.36231884057971014,10.426731078904991,10.836017176596886,2.462426194310252,0.06709608158883522
201,,35.950080515297905,1.2144390767579174,8.373590982286634,14.36527106816962,15.660225442834138,0.36231884057971014,10.420021470746109,11.124530327428879,2.462426194310252,0.06709608158883522
202,,35.950080515297905,1.2144390767579174,8.373590982286634,14.36527106816962,15.660225442834138,0.36231884057971014,10.420021470746109,11.124530327428879,2.462426194310252,0.06709608158883522
203,,35.950080515297905,1.2144390767579174,8.373590982286634,14.36527106816962,15.660225442834138,0.36231884057971014,10.420021470746109,11.124530327428879,2.462426194310252,0.06709608158883522
204,,35.50053676865271,1.1674718196457328,8.373590982286634,14.36527106816962,15.445517981749866,0.36231884057971014,11.285560923242082,10.970209339774557,2.462426194310252,0.06709608158883522
205,,35.90311325818572,1.093666129898014,7.957595276435856,14.74771873322598,15.177133655394526,0.35560923242082665,11.285560923242082,10.970209339774557,2.442297369833602,0.06709608158883522
206,,35.809178743961354,1.093666129898014,7.944176060118089,14.673913043478262,15.177133655394526,0.35560923242082665,11.60762211486849,10.829307568438002,2.442297369833602,0.06709608158883522
207,,35.809178743961354,1.093666129898014,7.944176060118089,14.673913043478262,15.177133655394526,0.35560923242082665,11.60762211486849,10.829307568438002,2.442297369833602,0.06709608158883522
208,,35.809178743961354,1.093666129898014,8.239398819108963,14.673913043478262,15.177133655394526,0.35560923242082665,11.312399355877616,10.829307568438002,2.442297369833602,0.06709608158883522
209,,35.65485775630703,1.093666129898014,8.064949006977992,14.673913043478262,15.163714439076758,0.35560923242082665,11.104401502952227,11.379495437466453,2.442297369833602,0.06709608158883522
210,,35.65485775630703,1.093666129898014,8.064949006977992,14.673913043478262,15.163714439076758,0.35560923242082665,11.104401502952227,11.379495437466453,2.442297369833602,0.06709608158883522
211,,35.65485775630703,1.093666129898014,8.064949006977992,14.673913043478262,15.163714439076758,0.35560923242082665,11.104401502952227,11.379495437466453,2.442297369833602,0.06709608158883522
212,,35.57434245840043,1.093666129898014,7.830112721417069,14.673913043478262,15.163714439076758,0.35560923242082665,11.520397208803006,11.2788513150832,2.442297369833602,0.06709608158883522
213,,35.547504025764894,1.1205045625335481,7.830112721417069,14.673913043478262,15.163714439076758,0.35560923242082665,11.520397208803006,11.2788513150832,2.442297369833602,0.06709608158883522
214,,35.258990874932906,1.1205045625335481,7.830112721417069,14.673913043478262,15.45222758990875,0.35560923242082665,11.520397208803006,11.2788513150832,2.442297369833602,0.06709608158883522
215,,35.258990874932906,1.1205045625335481,7.830112721417069,15.076489533011273,15.049651100375739,0.35560923242082665,11.520397208803006,11.2788513150832,2.442297369833602,0.06709608158883522
216,,35.258990874932906,1.1205045625335481,7.830112721417069,15.076489533011273,15.049651100375739,0.35560923242082665,11.520397208803006,11.2788513150832,2.442297369833602,0.06709608158883522
217,,35.20531400966183,1.1205045625335481,7.709339774557166,15.076489533011273,15.291196994095545,0.35560923242082665,11.520397208803006,11.211755233494364,2.442297369833602,0.06709608158883522
218,,35.20531400966183,1.1205045625335481,7.709339774557166,15.076489533011273,15.291196994095545,0.35560923242082665,11.520397208803006,11.211755233494364,2.442297369833602,0.06709608158883522
219,,35.20531400966183,1.1205045625335481,7.709339774557166,15.076489533011273,15.291196994095545,0.35560923242082665,11.520397208803006,11.211755233494364,2.442297369833602,0.06709608158883522
220,,35.17176596886742,1.1205045625335481,7.709339774557166,15.411969940955448,15.230810520665592,0.35560923242082665,11.520397208803006,10.970209339774557,2.442297369833602,0.06709608158883522
221,,35.17176596886742,1.1205045625335481,7.709339774557166,15.411969940955448,15.230810520665592,0.35560923242082665,11.520397208803006,10.970209339774557,2.442297369833602,0.06709608158883522
222,,35.17176596886742,1.1205045625335481,7.709339774557166,15.411969940955448,15.230810520665592,0.35560923242082665,11.520397208803006,10.970209339774557,2.442297369833602,0.06709608158883522
223,,35.17176596886742,1.1205045625335481,7.709339774557166,15.411969940955448,15.230810520665592,0.35560923242082665,11.520397208803006,10.970209339774557,2.442297369833602,0.06709608158883522
224,,34.72893183038111,1.0601180891035964,8.225979602791197,15.411969940955448,15.230810520665592,0.35560923242082665,11.520397208803006,10.95679012345679,2.442297369833602,0.06709608158883522
225,,34.72893183038111,1.0601180891035964,8.225979602791197,15.411969940955448,15.230810520665592,0.35560923242082665,11.520397208803006,10.95679012345679,2.442297369833602,0.06709608158883522
