,40,45,50,51,53,52,41,54,49,48
0,4.777241009125067,89.7410091250671,5.481749865807837,,,,,,,
1,8.53462157809984,56.64251207729468,34.82286634460547,,,,,,,
2,8.232689210950081,37.21148684916801,54.55582393988191,,,,,,,
3,11.614331723027375,34.0378421900161,50.28851315083199,2.4892646269457863,1.570048309178744,,,,,
4,13.110574342458401,29.361245303274288,53.46886741814278,2.4892646269457863,1.570048309178744,,,,,
5,11.714975845410628,16.472088030059044,67.84084809447128,2.4892646269457863,1.482823403113258,,,,,
6,13.103864734299517,15.593129361245303,64.30488459473966,5.636070853462158,1.3620504562533549,,,,,
7,15.183843263553408,15.425389157273216,59.534353193773484,5.636070853462158,1.3620504562533549,2.85829307568438,,,,
8,15.888352120236178,10.768921095008052,63.539989264626946,5.783682232957595,1.1607622114868492,2.85829307568438,,,,
9,12.915995705850777,7.991143317230274,70.46430488459474,4.609500805152979,1.1607622114868492,2.85829307568438,,,,
10,15.780998389694043,7.991143317230274,60.85614600107354,11.922973698336017,1.1607622114868492,2.2879763821792807,,,,
11,17.94820182501342,7.675791733762749,57.689210950080515,14.700751476113794,1.1607622114868492,0.8252818035426731,,,,
12,20.35024154589372,7.648953301127214,55.401234567901234,14.61352657004831,1.1607622114868492,0.8252818035426731,,,,
13,20.860171765968868,7.434245840042942,57.98443370907139,11.735104669887278,1.1607622114868492,0.8252818035426731,,,,
14,20.202630166398283,6.830381105743425,59.46725711218465,11.735104669887278,1.0399892646269457,0.7246376811594203,,,,
15,19.89398819108964,6.4345142243692965,56.30032206119163,14.298174986580785,1.0399892646269457,2.033011272141707,,,,
16,22.41009125067096,6.085614600107354,57.098765432098766,12.352388620504563,1.0399892646269457,1.0131508319914118,,,,
17,18.451422436929683,5.253623188405797,67.85426731078906,6.280193236714976,1.0399892646269457,0.6642512077294686,0.4562533548040794,,,
18,23.70504562533548,4.810789049919484,61.01717659688674,5.770263016639828,1.0399892646269457,3.2004830917874396,0.4562533548040794,,,
19,24.516908212560388,4.703435319377348,56.22651637144391,8.55475040257649,0.36902844873859364,4.4753086419753085,1.1540526033279657,,,
20,27.885131508319915,4.703435319377348,51.61701556629093,7.353730542136339,2.8113258185721954,4.4753086419753085,1.1540526033279657,,,
21,33.36688137412775,4.40150295222759,47.92002147074611,6.8035426731078905,2.475845410628019,3.878153515834675,1.1540526033279657,,,
22,36.3996242619431,4.394793344068707,44.37734836285561,6.763285024154589,1.8317230273752012,5.0791733762748255,1.1540526033279657,,,
23,32.078636607622116,4.200214707461084,50.22141706924316,9.091519055287172,1.1137949543746646,3.2340311325818574,0.06038647342995169,,,
24,31.629092860976918,4.1129898013955986,48.22195383789587,11.057434245840042,0.6709608158883521,4.247181964573269,0.06038647342995169,,,
25,24.973161567364468,2.395330112721417,57.21282877079979,10.715244229736983,0.6709608158883521,3.9720880300590444,0.06038647342995169,,,
26,28.824476650563607,2.3215244229736984,51.509661835748794,10.131508319914117,3.193773483628556,3.9586688137412773,0.06038647342995169,,,
27,34.01100375738057,1.8384326355340848,45.69914117015566,12.372517444981213,2.965646806226516,3.052871712292002,0.06038647342995169,,,
28,38.808373590982285,1.778046162104133,41.599570585077835,12.27187332259796,2.5563607085346214,2.9253891572732154,0.06038647342995169,,,
29,38.808373590982285,1.4761137949543746,40.33816425120773,13.83521202361782,2.5563607085346214,2.9253891572732154,0.06038647342995169,,,
30,38.479602791196996,1.4694041867954912,38.93585614600107,13.741277509393452,2.442297369833602,4.871175523349437,0.06038647342995169,,,
31,40.49248523886205,1.4694041867954912,35.95679012345679,13.097155126140633,2.4355877616747184,6.488191089640365,0.06038647342995169,,,
32,43.57890499194847,1.4694041867954912,34.46054750402576,11.506977992485238,2.4355877616747184,6.488191089640365,0.06038647342995169,,,
33,45.551529790660226,1.4694041867954912,33.05823939881911,10.963499731615673,2.4355877616747184,6.461352657004831,0.06038647342995169,,,
34,47.48389694041868,1.4694041867954912,32.11218464841653,10.668276972624799,2.4355877616747184,5.770263016639828,0.06038647342995169,,,
35,48.61782071926999,1.4694041867954912,31.085614600107355,10.668276972624799,2.4355877616747184,5.662909286097692,0.06038647342995169,,,
36,52.49597423510467,1.2748255501878691,29.334406870638755,9.702093397745571,1.4962426194310252,5.636070853462158,0.06038647342995169,,,
37,54.03918411164788,1.2748255501878691,28.12667740203972,9.41358024691358,1.4492753623188406,5.636070853462158,0.06038647342995169,,,
38,52.012882447665056,1.1943102522812667,31.0252281266774,8.621846484165324,1.4492753623188406,5.636070853462158,0.06038647342995169,,,
39,52.965646806226516,1.1943102522812667,30.07246376811594,8.621846484165324,1.4492753623188406,5.636070853462158,0.06038647342995169,,,
40,54.34111647879764,1.1943102522812667,28.629898013955984,10.299248523886206,1.3486312399355878,4.126409017713366,0.06038647342995169,,,
41,47.1081588835212,0.7112184648416533,35.34621578099839,8.527911969940956,1.2546967257112185,6.219806763285024,0.06038647342995169,0.7716049382716049,,
42,48.91304347826087,0.7112184648416533,34.19216317767042,8.064949006977992,1.2546967257112185,6.031937734836285,0.06038647342995169,0.7716049382716049,,
43,49.02710681696189,0.322061191626409,35.487117552334944,7.85024154589372,1.2278582930756843,5.253623188405797,0.06038647342995169,0.7716049382716049,,
44,47.32957595276436,0.322061191626409,38.06360708534621,7.024959742351046,1.1741814278046163,5.253623188405797,0.06038647342995169,0.7716049382716049,,
45,48.62453032742888,0.322061191626409,35.05099302200752,8.789586688137414,1.1741814278046163,5.2066559312936125,0.06038647342995169,0.7716049382716049,,
46,49.89935587761675,0.322061191626409,33.77616747181965,8.789586688137414,1.1741814278046163,5.2066559312936125,0.06038647342995169,0.7716049382716049,,
47,48.490338164251206,0.322061191626409,31.890767579173378,11.788781535158346,1.1741814278046163,5.501878690284487,0.06038647342995169,0.7716049382716049,,
48,51.1406333870102,0.322061191626409,29.025764895330113,12.110842726784755,1.06682769726248,5.501878690284487,0.06038647342995169,0.7716049382716049,,
49,44.82018250134192,0.322061191626409,38.71443907675792,7.5281803542673105,1.0601180891035964,6.723027375201288,0.06038647342995169,0.7716049382716049,,
50,46.584809447128286,0.322061191626409,37.2987117552335,7.481213097155126,1.0131508319914118,6.468062265163715,0.06038647342995169,0.7716049382716049,,
51,47.45034889962426,0.322061191626409,36.43317230273752,7.481213097155126,1.0131508319914118,6.468062265163715,0.06038647342995169,0.7716049382716049,,
52,49.604133118625874,0.322061191626409,34.4873859366613,7.481213097155126,1.0131508319914118,6.260064412238325,0.06038647342995169,0.7716049382716049,,
53,50.42941492216855,0.322061191626409,33.68894256575416,7.474503488996243,0.9930220075147611,6.260064412238325,0.06038647342995169,0.7716049382716049,,
54,48.84594739667203,0.322061191626409,32.29334406870639,12.25174449812131,0.9460547504025765,4.924852388620504,0.06038647342995169,0.35560923242082665,,
55,50.254965110037574,0.322061191626409,29.414922168545356,11.976650563607086,0.9460547504025765,6.66935050993022,0.06038647342995169,0.35560923242082665,,
56,46.69887278582931,0.322061191626409,29.95169082125604,13.553408480944713,0.9460547504025765,6.66935050993022,0.06038647342995169,0.35560923242082665,1.442565754159957,
57,32.25979602791197,0.322061191626409,50.415995705850776,9.930220075147611,0.8319914117015567,4.38137412775094,0.06038647342995169,0.35560923242082665,1.442565754159957,
58,32.96430488459474,0.322061191626409,49.71148684916801,9.930220075147611,0.8319914117015567,4.38137412775094,0.06038647342995169,0.35560923242082665,1.442565754159957,
59,35.79575952764358,0.23483628556092323,47.36983360171766,9.5276435856146,0.8319914117015567,4.38137412775094,0.06038647342995169,0.35560923242082665,1.442565754159957,
60,39.46591519055287,0.23483628556092323,45.12211486849168,8.340042941492216,0.7112184648416533,4.38137412775094,0.0067096081588835215,0.2952227589908749,1.442565754159957,
61,41.196994095544824,0.23483628556092323,43.81374127750939,8.340042941492216,0.7112184648416533,4.38137412775094,0.0067096081588835215,0.2952227589908749,1.0198604401502953,
62,44.920826623725176,0.23483628556092323,40.17042404723564,8.340042941492216,0.630703166935051,4.38137412775094,0.0067096081588835215,0.2952227589908749,1.0198604401502953,
63,46.00107353730542,0.23483628556092323,39.63365539452496,7.9039184111647875,0.630703166935051,4.3478260869565215,0.0067096081588835215,0.2214170692431562,1.0198604401502953,
64,46.01449275362319,0.23483628556092323,37.104133118625874,7.716049382716049,3.33467525496511,4.3478260869565215,0.0067096081588835215,0.2214170692431562,1.0198604401502953,
65,45.813204508856685,0.23483628556092323,33.762748255501876,7.716049382716049,3.33467525496511,4.3478260869565215,0.0067096081588835215,0.2214170692431562,4.562533548040794,
66,47.65163714439077,0.17444981213097155,29.347826086956523,11.292270531400966,2.395330112721417,4.3478260869565215,0.0067096081588835215,0.2214170692431562,4.562533548040794,
67,52.254428341384866,0.17444981213097155,27.30139559849705,9.88996242619431,2.1135265700483092,3.475577026301664,0.0067096081588835215,0.2214170692431562,4.562533548040794,
68,52.522812667740205,0.17444981213097155,25.87895866881374,11.493558776167472,1.6639828234031133,3.475577026301664,0.0067096081588835215,0.2214170692431562,4.562533548040794,
69,55.50858829844337,0.17444981213097155,24.590713902308106,10.50053676865271,1.6639828234031133,2.771068169618894,0.0067096081588835215,0.2214170692431562,4.562533548040794,
70,57.21953837895867,0.17444981213097155,23.362855609232422,10.446859903381643,1.6639828234031133,2.771068169618894,0.0067096081588835215,0.2214170692431562,4.133118625872249,
71,52.925389157273216,0.17444981213097155,25.731347289318304,9.64170692431562,1.6639828234031133,2.771068169618894,0.0067096081588835215,0.2214170692431562,6.863929146537842,
72,53.743961352657,,27.750939345142243,8.61513687600644,0.9192163177670424,2.771068169618894,0.0067096081588835215,0.2214170692431562,5.971551261406334,
73,55.662909286097694,,27.214170692431562,8.031400966183575,0.9192163177670424,2.771068169618894,0.0067096081588835215,0.2214170692431562,5.173107890499195,
74,54.45517981749866,,25.711218464841654,10.742082662372518,0.9192163177670424,2.771068169618894,0.0067096081588835215,0.2214170692431562,5.173107890499195,
75,58.47423510466989,,22.79253891572732,10.272410091250672,0.7179280730005367,2.771068169618894,0.0067096081588835215,0.2214170692431562,4.74369296833065,
76,54.97852925389157,,24.97987117552335,9.608158883521202,0.7045088566827697,2.462426194310252,0.0067096081588835215,0.2214170692431562,7.0383789586688135,
77,54.97852925389157,,24.97987117552335,9.608158883521202,0.7045088566827697,2.462426194310252,0.0067096081588835215,0.2214170692431562,7.0383789586688135,
78,55.662909286097694,,24.308910359634996,9.608158883521202,0.7045088566827697,2.4490069779924855,0.0067096081588835215,0.2214170692431562,7.0383789586688135,
79,57.30005367686527,,23.443370907139023,8.890230810520666,0.7045088566827697,2.4490069779924855,0.0067096081588835215,0.2214170692431562,6.984702093397746,
80,57.95759527643585,,23.275630703166936,8.715780998389693,0.7045088566827697,2.13365539452496,0.0067096081588835215,0.2214170692431562,6.984702093397746,
81,59.044551798174986,,22.73886205045625,8.165593129361245,0.7045088566827697,2.13365539452496,0.0067096081588835215,0.2214170692431562,6.984702093397746,
82,59.93022007514761,,21.880032206119164,8.165593129361245,0.7045088566827697,2.1068169618894257,0.0067096081588835215,0.2214170692431562,6.984702093397746,
83,60.47369833601718,,21.43719806763285,8.165593129361245,0.7045088566827697,2.1068169618894257,0.0067096081588835215,0.2214170692431562,6.884057971014493,
84,57.588566827697264,,24.570585077831456,5.662909286097692,0.5099302200751477,4.555823939881911,0.0067096081588835215,0.2214170692431562,6.884057971014493,
85,58.1857219538379,,23.349436392914654,5.662909286097692,0.49651100375738055,4.3478260869565215,0.0067096081588835215,1.4895330112721417,6.461352657004831,
86,58.1857219538379,,23.349436392914654,5.662909286097692,0.49651100375738055,4.3478260869565215,0.0067096081588835215,1.4895330112721417,6.461352657004831,
87,59.42028985507246,,22.571121846484164,5.522007514761138,0.49651100375738055,4.3478260869565215,0.0067096081588835215,1.4895330112721417,6.146001073537305,
88,61.08427267847558,,21.994095544820183,5.387815351583468,0.49651100375738055,3.7037037037037037,0.0067096081588835215,1.4895330112721417,5.837359098228664,
89,62.17122920021471,,20.913848631239937,5.387815351583468,0.49651100375738055,3.7037037037037037,0.0067096081588835215,1.4895330112721417,5.83064949006978,
90,61.66800858829844,,20.893719806763286,4.26731078904992,0.49651100375738055,5.676328502415459,0.0067096081588835215,1.4895330112721417,5.501878690284487,
91,62.78180354267311,,20.893719806763286,4.26731078904992,0.49651100375738055,5.676328502415459,0.0067096081588835215,1.4895330112721417,4.388083735909823,
92,63.96269457863661,,20.242887815351583,4.26731078904992,0.49651100375738055,5.146269457863661,0.0067096081588835215,1.4895330112721417,4.388083735909823,
93,65.21739130434783,,19.33709071390231,4.26731078904992,0.49651100375738055,4.998658078368224,0.0067096081588835215,1.4895330112721417,4.186795491143317,
94,66.10305958132045,,18.90096618357488,3.8177670424047236,0.49651100375738055,4.998658078368224,0.0067096081588835215,1.4895330112721417,4.186795491143317,
95,66.10305958132045,,18.90096618357488,3.8177670424047236,0.49651100375738055,4.998658078368224,0.0067096081588835215,1.4895330112721417,4.186795491143317,
96,66.64653784219001,,18.38432635534085,3.797638217928073,0.49651100375738055,4.99194847020934,0.0067096081588835215,1.4895330112721417,4.186795491143317,
97,66.86795491143317,,18.230005367686527,3.797638217928073,0.49651100375738055,4.99194847020934,0.0067096081588835215,1.4895330112721417,4.119699409554482,
98,66.98872785829307,,18.183038110574344,3.797638217928073,0.49651100375738055,4.99194847020934,0.0067096081588835215,1.4895330112721417,4.045893719806763,
99,68.54535695115405,,17.398013955984972,3.435319377348363,0.49651100375738055,4.757112184648417,0.0067096081588835215,1.4895330112721417,3.8714439076757916,
100,68.8539989264627,,17.223564143854,3.3011272141706924,0.49651100375738055,4.757112184648417,0.0067096081588835215,1.4895330112721417,3.8714439076757916,
101,69.77321524422973,,17.04911433172303,3.3011272141706924,0.49651100375738055,4.757112184648417,0.0067096081588835215,1.4895330112721417,3.126677402039721,
102,72.15512614063339,,16.022544283413847,3.240740740740741,0.46967257112184646,4.146537842190016,0.0067096081588835215,1.4895330112721417,2.4691358024691357,
103,72.15512614063339,,16.022544283413847,3.240740740740741,0.46967257112184646,4.146537842190016,0.0067096081588835215,1.4895330112721417,2.4691358024691357,
104,72.99382716049382,,15.633387010198604,3.1065485775630703,0.46967257112184646,4.146537842190016,0.0067096081588835215,1.4895330112721417,2.15378421900161,
105,68.31052066559313,,15.479066022544284,3.0864197530864197,0.46967257112184646,4.019055287171229,0.0067096081588835215,1.482823403113258,7.14573268921095,
106,69.91411701556629,,15.291196994095545,3.0864197530864197,0.46967257112184646,3.113258185721954,0.0067096081588835215,0.9728931830381106,7.14573268921095,
107,70.08856682769726,,15.291196994095545,2.9388083735909825,0.46967257112184646,3.0864197530864197,0.0067096081588835215,0.9728931830381106,7.14573268921095,
108,70.09527643585615,,15.291196994095545,2.9388083735909825,0.46967257112184646,3.0864197530864197,,0.9728931830381106,7.14573268921095,
109,70.09527643585615,,15.291196994095545,2.9388083735909825,0.46967257112184646,3.0864197530864197,,0.9728931830381106,7.14573268921095,
110,70.91384863123993,,14.741009125067096,2.6704240472356413,0.46967257112184646,3.0864197530864197,,0.9728931830381106,7.14573268921095,
111,73.12130971551261,,13.546698872785829,2.4490069779924855,0.46967257112184646,3.0864197530864197,,0.9728931830381106,6.353998926462695,
112,73.60440150295223,,13.083735909822867,2.428878153515835,0.46967257112184646,3.0864197530864197,,0.9728931830381106,6.353998926462695,
113,74.62426194310252,,12.258454106280194,2.2410091250670963,0.46967257112184646,3.079710144927536,,0.9728931830381106,6.353998926462695,
114,75.0,,12.04374664519592,2.2410091250670963,0.46967257112184646,2.918679549114332,,0.9728931830381106,6.353998926462695,
115,75.0,,12.04374664519592,2.2410091250670963,0.46967257112184646,2.918679549114332,,0.9728931830381106,6.353998926462695,
116,76.25469672571121,,11.124530327428879,1.90552871712292,0.46967257112184646,2.918679549114332,,0.9728931830381106,6.353998926462695,
117,76.38217928073,,11.05072463768116,1.90552871712292,0.46967257112184646,2.918679549114332,,0.9728931830381106,6.300322061191626,
118,76.89210950080515,,10.795759527643586,1.6639828234031133,0.46967257112184646,2.918679549114332,,0.9728931830381106,6.286902844873859,
119,77.25442834138487,,10.695115405260333,1.6639828234031133,0.46967257112184646,2.657004830917874,,0.9728931830381106,6.286902844873859,
120,78.03274288781535,,9.916800858829845,1.6639828234031133,0.46967257112184646,2.657004830917874,,0.9728931830381106,6.286902844873859,
121,78.28099838969405,,9.668545356951155,1.6639828234031133,0.46967257112184646,2.657004830917874,,0.9728931830381106,6.286902844873859,
122,78.28099838969405,,9.668545356951155,1.6639828234031133,0.46967257112184646,2.657004830917874,,0.9728931830381106,6.286902844873859,
123,78.59634997316157,,9.668545356951155,1.5633387010198605,0.46967257112184646,2.442297369833602,,0.9728931830381106,6.286902844873859,
124,79.13982823403113,,9.138486312399356,1.5499194847020934,0.46967257112184646,2.442297369833602,,0.9728931830381106,6.286902844873859,
125,79.70343531937735,,8.923778851315083,1.4559849704777241,0.46967257112184646,2.187332259796028,,0.9728931830381106,6.286902844873859,
126,80.03891572732152,,8.588298443370908,1.4559849704777241,0.46967257112184646,2.187332259796028,,0.9728931830381106,6.286902844873859,
127,80.38781535158347,,8.239398819108963,1.4559849704777241,0.46967257112184646,2.187332259796028,,0.9728931830381106,6.286902844873859,
128,81.05877616747182,,8.239398819108963,1.2010198604401503,0.4495437466451959,2.0531400966183573,,0.7112184648416533,6.286902844873859,
129,81.49490069779925,,8.239398819108963,1.0265700483091786,0.2952227589908749,2.0531400966183573,,0.7112184648416533,6.179549114331723,
130,81.49490069779925,,8.239398819108963,1.0265700483091786,0.2952227589908749,2.0531400966183573,,0.7112184648416533,6.179549114331723,
131,82.06521739130434,,8.232689210950081,1.0265700483091786,0.2952227589908749,2.0531400966183573,,0.7112184648416533,5.615942028985507,
132,82.41411701556629,,8.232689210950081,0.9259259259259259,0.2952227589908749,1.8048845947396672,,0.7112184648416533,5.615942028985507,
133,82.95088566827697,,8.004562533548041,0.9192163177670424,0.2952227589908749,1.5096618357487923,,0.7112184648416533,5.609232420826624,
134,82.95088566827697,,8.004562533548041,0.9192163177670424,0.2952227589908749,1.5096618357487923,,0.7112184648416533,5.609232420826624,
135,83.20585077831454,,7.830112721417069,0.8387010198604401,0.2952227589908749,1.5096618357487923,,0.7112184648416533,5.609232420826624,
136,83.80971551261406,,7.628824476650563,0.8387010198604401,0.2952227589908749,1.5096618357487923,,0.7112184648416533,5.2066559312936125,
137,84.29951690821257,,7.481213097155126,0.8387010198604401,0.2952227589908749,1.5096618357487923,,0.7112184648416533,4.864465915190553,
138,84.29951690821257,,7.481213097155126,0.8387010198604401,0.2952227589908749,1.5096618357487923,,0.7112184648416533,4.864465915190553,
139,84.40016103059581,,7.39398819108964,0.8387010198604401,0.2952227589908749,1.4962426194310252,,0.7112184648416533,4.864465915190553,
140,84.99060654857756,,7.071926999463232,0.8387010198604401,0.2952227589908749,1.4626945786366077,,0.47638217928073,4.864465915190553,
141,85.0174449812131,,7.071926999463232,0.8118625872249061,0.2952227589908749,1.4626945786366077,,0.47638217928073,4.864465915190553,
142,85.0174449812131,,7.071926999463232,0.8118625872249061,0.2952227589908749,1.4626945786366077,,0.47638217928073,4.864465915190553,
143,85.0174449812131,,7.071926999463232,0.8118625872249061,0.2952227589908749,1.4626945786366077,,0.47638217928073,4.864465915190553,
144,85.0174449812131,,7.071926999463232,0.8118625872249061,0.2952227589908749,1.4626945786366077,,0.47638217928073,4.864465915190553,
145,85.0174449812131,,7.071926999463232,0.8118625872249061,0.2952227589908749,1.4626945786366077,,0.47638217928073,4.864465915190553,
146,85.03757380568975,,7.071926999463232,0.8118625872249061,0.2952227589908749,1.4626945786366077,,0.47638217928073,4.8443370907139025,
147,85.92324208266237,,6.260064412238325,0.7716049382716049,0.2952227589908749,1.4626945786366077,,0.47638217928073,4.810789049919484,
148,85.92324208266237,,6.260064412238325,0.7716049382716049,0.2952227589908749,1.4626945786366077,,0.47638217928073,4.810789049919484,
149,85.97020933977456,,6.213097155126141,0.7716049382716049,0.2952227589908749,1.4626945786366077,,0.47638217928073,4.810789049919484,
150,86.03059581320451,,6.152710681696189,0.7716049382716049,0.2952227589908749,1.4626945786366077,,0.47638217928073,4.810789049919484,
151,83.1857219538379,,5.991680085882985,0.7716049382716049,1.8183038110574343,1.4626945786366077,,0.47638217928073,3.2675791733762747,3.026033279656468
152,83.1857219538379,,5.991680085882985,0.7716049382716049,1.8183038110574343,1.4626945786366077,,0.47638217928073,3.2675791733762747,3.026033279656468
153,83.48094471282877,,5.884326355340848,0.6508319914117016,1.8183038110574343,1.3955984970477724,,0.47638217928073,3.2675791733762747,3.026033279656468
154,83.61513687600645,,5.750134192163178,0.6508319914117016,1.8183038110574343,1.3955984970477724,,0.47638217928073,3.2675791733762747,3.026033279656468
155,83.61513687600645,,5.750134192163178,0.6508319914117016,1.8183038110574343,1.3955984970477724,,0.47638217928073,3.2675791733762747,3.026033279656468
156,83.61513687600645,,5.750134192163178,0.6508319914117016,1.8183038110574343,1.3955984970477724,,0.47638217928073,3.2675791733762747,3.026033279656468
157,83.61513687600645,,5.750134192163178,0.6508319914117016,1.8183038110574343,1.3955984970477724,,0.47638217928073,3.2675791733762747,3.026033279656468
158,83.84997316156736,,5.5756843800322065,0.644122383252818,1.8183038110574343,1.3955984970477724,,0.47638217928073,3.2139023081052067,3.026033279656468
159,83.84997316156736,,5.5756843800322065,0.644122383252818,1.8183038110574343,1.3955984970477724,,0.47638217928073,3.2139023081052067,3.026033279656468
160,83.9573268921095,,5.46833064949007,0.644122383252818,1.8183038110574343,1.3955984970477724,,0.47638217928073,3.2139023081052067,3.026033279656468
161,84.26596886741814,,5.46833064949007,0.644122383252818,1.8183038110574343,1.3955984970477724,,0.47638217928073,2.9052603327965647,3.026033279656468
162,84.26596886741814,,5.46833064949007,0.644122383252818,1.8183038110574343,1.3955984970477724,,0.47638217928073,2.9052603327965647,3.026033279656468
163,84.26596886741814,,5.46833064949007,0.644122383252818,1.8183038110574343,1.3955984970477724,,0.47638217928073,2.9052603327965647,3.026033279656468
164,84.33306494900698,,5.407944176060118,0.6374127750939346,1.8183038110574343,1.3955984970477724,,0.47638217928073,2.9052603327965647,3.026033279656468
165,84.33306494900698,,5.407944176060118,0.6374127750939346,1.8183038110574343,1.3955984970477724,,0.47638217928073,2.9052603327965647,3.026033279656468
166,82.68250134192164,,5.186527106816962,0.6374127750939346,1.8183038110574343,1.3955984970477724,,0.47638217928073,4.777241009125067,3.026033279656468
167,83.67552334943639,,5.186527106816962,0.6374127750939346,1.8183038110574343,1.3955984970477724,,0.47638217928073,3.784219001610306,3.026033279656468
168,83.67552334943639,,5.186527106816962,0.6374127750939346,1.8183038110574343,1.3955984970477724,,0.47638217928073,3.784219001610306,3.026033279656468
169,81.5552871712292,,5.173107890499195,0.36902844873859364,1.7914653784219001,1.0332796564680622,,0.2616747181964573,6.790123456790123,3.026033279656468
170,81.5552871712292,,5.173107890499195,0.36902844873859364,1.7914653784219001,1.0332796564680622,,0.2616747181964573,6.790123456790123,3.026033279656468
171,81.66264090177134,,5.166398282340311,0.2683843263553409,1.7914653784219001,1.0332796564680622,,0.2616747181964573,6.790123456790123,3.026033279656468
172,81.66264090177134,,5.166398282340311,0.2683843263553409,1.7914653784219001,1.0332796564680622,,0.2616747181964573,6.790123456790123,3.026033279656468
173,81.66264090177134,,5.166398282340311,0.2683843263553409,1.7914653784219001,1.0332796564680622,,0.2616747181964573,6.790123456790123,3.026033279656468
174,81.86392914653784,,4.9651100375738055,0.2683843263553409,1.7914653784219001,1.0332796564680622,,0.2616747181964573,6.790123456790123,3.026033279656468
175,81.86392914653784,,4.9651100375738055,0.2683843263553409,1.7914653784219001,1.0332796564680622,,0.2616747181964573,6.790123456790123,3.026033279656468
176,82.09876543209876,,4.9651100375738055,0.2683843263553409,1.7914653784219001,0.798443370907139,,0.2616747181964573,6.790123456790123,3.026033279656468
177,82.2866344605475,,4.924852388620504,0.2683843263553409,1.7914653784219001,0.798443370907139,,0.2616747181964573,6.642512077294686,3.026033279656468
178,82.2866344605475,,4.924852388620504,0.2683843263553409,1.7914653784219001,0.798443370907139,,0.2616747181964573,6.642512077294686,3.026033279656468
179,82.33360171765969,,4.87788513150832,0.2683843263553409,1.7914653784219001,0.798443370907139,,0.2616747181964573,6.642512077294686,3.026033279656468
180,82.33360171765969,,4.87788513150832,0.2683843263553409,1.7914653784219001,0.798443370907139,,0.2616747181964573,6.642512077294686,3.026033279656468
181,82.33360171765969,,4.87788513150832,0.2683843263553409,1.7914653784219001,0.798443370907139,,0.2616747181964573,6.642512077294686,3.026033279656468
182,82.33360171765969,,4.87788513150832,0.2683843263553409,1.7914653784219001,0.798443370907139,,0.2616747181964573,6.642512077294686,3.026033279656468
183,82.42082662372518,,4.790660225442834,0.2683843263553409,1.7914653784219001,0.798443370907139,,0.2616747181964573,6.642512077294686,3.026033279656468
184,82.78314546430488,,4.428341384863124,0.2683843263553409,1.7914653784219001,0.798443370907139,,0.2616747181964573,6.642512077294686,3.026033279656468
185,83.03811057434245,,4.367954911433173,0.2683843263553409,1.6035963499731616,0.798443370907139,,0.2549651100375738,6.642512077294686,3.026033279656468
186,83.4272678475577,,4.200214707461084,0.2683843263553409,1.3821792807300053,0.798443370907139,,0.2549651100375738,6.642512077294686,3.026033279656468
187,83.58158883521202,,4.045893719806763,0.2683843263553409,1.3821792807300053,0.798443370907139,,0.2549651100375738,6.642512077294686,3.026033279656468
188,83.58158883521202,,4.045893719806763,0.2683843263553409,1.3821792807300053,0.798443370907139,,0.2549651100375738,6.642512077294686,3.026033279656468
189,83.58158883521202,,4.045893719806763,0.2683843263553409,1.3821792807300053,0.798443370907139,,0.2549651100375738,6.642512077294686,3.026033279656468
190,83.58158883521202,,4.045893719806763,0.2683843263553409,1.3821792807300053,0.798443370907139,,0.2549651100375738,6.642512077294686,3.026033279656468
191,84.07809983896941,,4.045893719806763,0.2683843263553409,1.3821792807300053,0.798443370907139,,0.2549651100375738,6.146001073537305,3.026033279656468
192,84.07809983896941,,4.045893719806763,0.2683843263553409,1.3821792807300053,0.798443370907139,,0.2549651100375738,6.146001073537305,3.026033279656468
193,84.43370907139023,,3.844605475040258,0.2683843263553409,1.3821792807300053,0.644122383252818,,0.2549651100375738,6.146001073537305,3.026033279656468
194,82.487922705314,,5.850778314546431,0.2683843263553409,1.3821792807300053,0.644122383252818,,0.2549651100375738,6.146001073537305,2.965646806226516
195,82.487922705314,,5.850778314546431,0.2683843263553409,1.3821792807300053,0.644122383252818,,0.2549651100375738,6.146001073537305,2.965646806226516
196,82.87037037037037,,5.46833064949007,0.2683843263553409,1.3821792807300053,0.644122383252818,,0.2549651100375738,6.146001073537305,2.965646806226516
197,83.35346215780999,,5.46833064949007,0.2683843263553409,1.3821792807300053,0.644122383252818,,0.2549651100375738,6.146001073537305,2.4825550187869028
198,84.13848631239935,,5.314009661835748,0.2683843263553409,1.3821792807300053,0.5904455179817498,,0.2549651100375738,6.146001073537305,1.90552871712292
199,84.1653247450349,,5.314009661835748,0.2683843263553409,1.3821792807300053,0.5904455179817498,,0.2549651100375738,6.119162640901771,1.90552871712292
200,84.1653247450349,,5.314009661835748,0.2683843263553409,1.3821792807300053,0.5904455179817498,,0.2549651100375738,6.119162640901771,1.90552871712292
201,84.3263553408481,,5.293880837359098,0.2683843263553409,1.3821792807300053,0.5904455179817498,,0.2549651100375738,5.978260869565218,1.90552871712292
202,84.3263553408481,,5.293880837359098,0.2683843263553409,1.3821792807300053,0.5904455179817498,,0.2549651100375738,5.978260869565218,1.90552871712292
203,84.40016103059581,,5.293880837359098,0.2683843263553409,1.3821792807300053,0.5770263016639828,,0.2549651100375738,5.917874396135265,1.90552871712292
204,85.05099302200752,,5.293880837359098,0.2683843263553409,1.3821792807300053,0.5770263016639828,,0.2549651100375738,5.810520665593129,1.3620504562533549
205,86.3191089640365,,4.025764895330113,0.2683843263553409,1.3821792807300053,0.5770263016639828,,0.2549651100375738,5.810520665593129,1.3620504562533549
206,86.46672034353193,,4.025764895330113,0.2683843263553409,1.2345679012345678,0.5770263016639828,,0.2549651100375738,5.810520665593129,1.3620504562533549
207,86.46672034353193,,4.025764895330113,0.2683843263553409,1.2345679012345678,0.5770263016639828,,0.2549651100375738,5.810520665593129,1.3620504562533549
208,86.46672034353193,,4.025764895330113,0.2683843263553409,1.2345679012345678,0.5770263016639828,,0.2549651100375738,5.810520665593129,1.3620504562533549
209,86.54723564143853,,3.9452495974235107,0.2683843263553409,1.2345679012345678,0.5770263016639828,,0.2549651100375738,5.810520665593129,1.3620504562533549
210,86.60762211486849,,3.9452495974235107,0.20799785292538917,1.2345679012345678,0.5770263016639828,,0.2549651100375738,5.810520665593129,1.3620504562533549
211,86.61433172302738,,3.938539989264627,0.20799785292538917,1.2345679012345678,0.5770263016639828,,0.2549651100375738,5.810520665593129,1.3620504562533549
212,86.61433172302738,,3.938539989264627,0.20799785292538917,1.2345679012345678,0.5770263016639828,,0.2549651100375738,5.810520665593129,1.3620504562533549
213,86.61433172302738,,3.938539989264627,0.20799785292538917,1.2345679012345678,0.5770263016639828,,0.2549651100375738,5.810520665593129,1.3620504562533549
214,86.7216854535695,,3.8714439076757916,0.20799785292538917,1.2345679012345678,0.5770263016639828,,0.2549651100375738,5.770263016639828,1.3620504562533549
215,87.01690821256038,,3.8714439076757916,0.20799785292538917,1.2345679012345678,0.5770263016639828,,0.2549651100375738,5.475040257648954,1.3620504562533549
216,87.76167471819646,,3.8714439076757916,0.20799785292538917,1.2345679012345678,0.4227053140096618,,0.2549651100375738,4.884594739667204,1.3620504562533549
217,87.84219001610306,,3.8580246913580245,0.20799785292538917,1.2345679012345678,0.4227053140096618,,0.2549651100375738,4.817498658078368,1.3620504562533549
218,88.32528180354268,,3.851315083199141,0.20799785292538917,1.2345679012345678,0.4227053140096618,,0.2549651100375738,4.341116478797638,1.3620504562533549
219,88.32528180354268,,3.851315083199141,0.20799785292538917,1.2345679012345678,0.4227053140096618,,0.2549651100375738,4.341116478797638,1.3620504562533549
220,88.32528180354268,,3.851315083199141,0.20799785292538917,1.2345679012345678,0.4227053140096618,,0.2549651100375738,4.341116478797638,1.3620504562533549
221,88.5601180891036,,3.851315083199141,0.20799785292538917,0.9997316156736447,0.4227053140096618,,0.2549651100375738,4.341116478797638,1.3620504562533549
222,88.5601180891036,,3.851315083199141,0.20799785292538917,0.9997316156736447,0.4227053140096618,,0.2549651100375738,4.341116478797638,1.3620504562533549
223,88.5601180891036,,3.851315083199141,0.20799785292538917,0.9997316156736447,0.4227053140096618,,0.2549651100375738,4.341116478797638,1.3620504562533549
224,88.78824476650564,,3.6231884057971016,0.20799785292538917,0.9997316156736447,0.4227053140096618,,0.2549651100375738,4.341116478797638,1.3620504562533549
225,88.78824476650564,,3.6231884057971016,0.20799785292538917,0.9997316156736447,0.4227053140096618,,0.2549651100375738,4.341116478797638,1.3620504562533549
226,88.78824476650564,,3.6231884057971016,0.20799785292538917,0.9997316156736447,0.4227053140096618,,0.2549651100375738,4.341116478797638,1.3620504562533549
227,88.78824476650564,,3.6231884057971016,0.20799785292538917,0.9997316156736447,0.4227053140096618,,0.2549651100375738,4.341116478797638,1.3620504562533549
228,89.04991948470209,,3.361513687600644,0.20799785292538917,0.9997316156736447,0.4227053140096618,,0.2549651100375738,4.341116478797638,1.3620504562533549
229,89.11701556629093,,3.294417606011809,0.20799785292538917,0.9997316156736447,0.4227053140096618,,0.2549651100375738,4.341116478797638,1.3620504562533549
230,89.11701556629093,,3.294417606011809,0.20799785292538917,0.9997316156736447,0.4227053140096618,,0.2549651100375738,4.341116478797638,1.3620504562533549
231,89.11701556629093,,3.294417606011809,0.20799785292538917,0.9997316156736447,0.4227053140096618,,0.2549651100375738,4.341116478797638,1.3620504562533549
232,89.11701556629093,,3.294417606011809,0.20799785292538917,0.9997316156736447,0.4227053140096618,,0.2549651100375738,4.341116478797638,1.3620504562533549
233,89.23107890499195,,3.2206119162640903,0.16774020397208803,0.9997316156736447,0.4227053140096618,,0.2549651100375738,4.341116478797638,1.3620504562533549
234,89.23107890499195,,3.2206119162640903,0.16774020397208803,0.9997316156736447,0.4227053140096618,,0.2549651100375738,4.341116478797638,1.3620504562533549
235,89.93558776167473,,2.9388083735909825,0.15432098765432098,0.9997316156736447,0.4227053140096618,,0.2549651100375738,3.9318303811057436,1.3620504562533549
236,89.93558776167473,,2.9388083735909825,0.15432098765432098,0.9997316156736447,0.4227053140096618,,0.2549651100375738,3.9318303811057436,1.3620504562533549
237,89.93558776167473,,2.9388083735909825,0.15432098765432098,0.9997316156736447,0.4227053140096618,,0.2549651100375738,3.9318303811057436,1.3620504562533549
238,89.93558776167473,,2.9388083735909825,0.15432098765432098,0.9997316156736447,0.4227053140096618,,0.2549651100375738,3.9318303811057436,1.3620504562533549
239,89.93558776167473,,2.9388083735909825,0.15432098765432098,0.9997316156736447,0.4227053140096618,,0.2549651100375738,3.9318303811057436,1.3620504562533549
240,90.27777777777777,,2.7979066022544283,0.15432098765432098,0.9997316156736447,0.4227053140096618,,0.2549651100375738,3.730542136339238,1.3620504562533549
241,90.27777777777777,,2.7979066022544283,0.15432098765432098,0.9997316156736447,0.4227053140096618,,0.2549651100375738,3.730542136339238,1.3620504562533549
242,90.27777777777777,,2.7979066022544283,0.15432098765432098,0.9997316156736447,0.4227053140096618,,0.2549651100375738,3.730542136339238,1.3620504562533549
243,90.27777777777777,,2.7979066022544283,0.15432098765432098,0.9997316156736447,0.4227053140096618,,0.2549651100375738,3.730542136339238,1.3620504562533549
244,90.27777777777777,,2.7979066022544283,0.15432098765432098,0.9997316156736447,0.4227053140096618,,0.2549651100375738,3.730542136339238,1.3620504562533549
245,90.27777777777777,,2.7979066022544283,0.15432098765432098,0.9997316156736447,0.4227053140096618,,0.2549651100375738,3.730542136339238,1.3620504562533549
246,90.27777777777777,,2.7979066022544283,0.15432098765432098,0.9997316156736447,0.4227053140096618,,0.2549651100375738,3.730542136339238,1.3620504562533549
247,90.27777777777777,,2.7979066022544283,0.15432098765432098,0.9997316156736447,0.4227053140096618,,0.2549651100375738,3.730542136339238,1.3620504562533549
248,90.29119699409554,,2.7979066022544283,0.15432098765432098,0.9997316156736447,0.4092860976918948,,0.2549651100375738,3.730542136339238,1.3620504562533549
249,90.29119699409554,,2.7979066022544283,0.15432098765432098,0.9997316156736447,0.4092860976918948,,0.2549651100375738,3.730542136339238,1.3620504562533549
250,90.29119699409554,,2.7979066022544283,0.15432098765432098,0.9997316156736447,0.4092860976918948,,0.2549651100375738,3.730542136339238,1.3620504562533549
251,90.29790660225443,,2.7979066022544283,0.15432098765432098,0.9997316156736447,0.4092860976918948,,0.2549651100375738,3.7238325281803544,1.3620504562533549
252,90.38513150831992,,2.7979066022544283,0.15432098765432098,0.9997316156736447,0.322061191626409,,0.2549651100375738,3.7238325281803544,1.3620504562533549
253,90.57300053676865,,2.61003757380569,0.15432098765432098,0.9997316156736447,0.322061191626409,,0.2549651100375738,3.7238325281803544,1.3620504562533549
254,90.57300053676865,,2.61003757380569,0.15432098765432098,0.9997316156736447,0.322061191626409,,0.2549651100375738,3.7238325281803544,1.3620504562533549
255,90.57300053676865,,2.61003757380569,0.15432098765432098,0.9997316156736447,0.322061191626409,,0.2549651100375738,3.7238325281803544,1.3620504562533549
256,90.57300053676865,,2.61003757380569,0.15432098765432098,0.9997316156736447,0.322061191626409,,0.2549651100375738,3.7238325281803544,1.3620504562533549
257,90.57300053676865,,2.61003757380569,0.15432098765432098,0.9997316156736447,0.322061191626409,,0.2549651100375738,3.7238325281803544,1.3620504562533549
258,90.57300053676865,,2.61003757380569,0.15432098765432098,0.9997316156736447,0.322061191626409,,0.2549651100375738,3.7238325281803544,1.3620504562533549
259,90.66693505099302,,2.522812667740204,0.14761137949543746,0.9997316156736447,0.322061191626409,,0.2549651100375738,3.7238325281803544,1.3620504562533549
260,90.66693505099302,,2.522812667740204,0.14761137949543746,0.9997316156736447,0.322061191626409,,0.2549651100375738,3.7238325281803544,1.3620504562533549
261,90.70048309178743,,2.522812667740204,0.11406333870101985,0.9997316156736447,0.322061191626409,,0.2549651100375738,3.7238325281803544,1.3620504562533549
262,90.70048309178743,,2.522812667740204,0.11406333870101985,0.9997316156736447,0.322061191626409,,0.2549651100375738,3.7238325281803544,1.3620504562533549
263,90.70048309178743,,2.522812667740204,0.11406333870101985,0.9997316156736447,0.322061191626409,,0.2549651100375738,3.7238325281803544,1.3620504562533549
264,90.70048309178743,,2.522812667740204,0.11406333870101985,0.9997316156736447,0.322061191626409,,0.2549651100375738,3.7238325281803544,1.3620504562533549
265,90.70048309178743,,2.522812667740204,0.11406333870101985,0.9997316156736447,0.322061191626409,,0.2549651100375738,3.7238325281803544,1.3620504562533549
266,90.70048309178743,,2.522812667740204,0.11406333870101985,0.9997316156736447,0.322061191626409,,0.2549651100375738,3.7238325281803544,1.3620504562533549
267,90.70048309178743,,2.522812667740204,0.11406333870101985,0.9997316156736447,0.322061191626409,,0.2549651100375738,3.7238325281803544,1.3620504562533549
268,91.4519592055824,,2.522812667740204,0.11406333870101985,0.9997316156736447,0.322061191626409,,0.2549651100375738,2.9723564143853998,1.3620504562533549
