,40,45,50,51,55,52,53,54,49,48
0,5.381105743424584,86.49355877616748,8.125335480407944,,,,,,,
1,4.830917874396135,58.319914117015564,36.8491680085883,,,,,,,
2,6.984702093397746,42.90794417606012,50.10735373054214,,,,,,,
3,11.634460547504025,39.861782071927,44.80005367686527,3.7037037037037037,,,,,,
4,16.566022544283413,34.98389694041868,44.29012345679013,3.2340311325818574,0.9259259259259259,,,,,
5,18.10252281266774,32.340311325818575,43.585614600107355,4.602791196994096,0.9259259259259259,0.4428341384863124,,,,
6,15.754159957058508,18.914385399892645,57.49463231347289,4.911433172302737,,0.4428341384863124,2.4825550187869028,,,
7,19.33709071390231,16.6532474503489,55.52871712292002,3.7372517444981215,,2.2611379495437465,2.4825550187869028,,,
8,21.40365002683843,12.875738056897477,56.85050993022008,4.206924315619967,,2.1806226516371443,2.4825550187869028,,,
9,25.40257648953301,11.3593666129898,53.28770799785293,3.7640901771336552,,3.7037037037037037,2.4825550187869028,,,
10,27.85829307568438,11.171497584541063,53.207192699946326,3.2340311325818574,,2.7979066022544283,1.7310789049919484,,,
11,28.14680622651637,10.238862050456254,52.16720343531938,5.387815351583468,,2.536231884057971,1.5230810520665594,,,
12,29.01905528717123,8.608427267847558,52.03972088030059,5.307300053676865,,2.536231884057971,1.4761137949543746,1.0131508319914118,,
13,32.79656468062265,7.897208803005904,48.02066559312936,6.260064412238325,,2.536231884057971,1.4761137949543746,1.0131508319914118,,
14,22.094739667203434,5.689747718733226,60.77563070316693,9.03113258185722,,1.932367149758454,0.47638217928073,,,
15,23.49704777241009,5.401234567901234,55.70987654320987,11.969940955448202,,3.3413848631239937,0.08051529790660225,,,
16,24.154589371980677,4.7638217928073,53.435319377348364,10.527375201288244,,5.119431025228127,1.9994632313472893,,,
17,27.717391304347824,4.643048845947397,51.301663982823406,8.641975308641975,,4.777241009125067,2.918679549114332,,,
18,30.08588298443371,3.9049919484702094,51.207729468599034,7.212828770799785,,4.669887278582931,2.918679549114332,,,
19,25.221417069243156,3.569511540526033,55.50858829844337,9.07139023081052,,1.6237251744498122,4.03918411164788,0.966183574879227,,
20,29.066022544283413,3.5426731078904994,49.3894256575416,9.5276435856146,,1.5767579173376274,4.951690821256038,1.9457863660762211,,
21,25.717928073000536,3.207192699946323,56.68947933440687,7.796564680622652,,1.42914653784219,3.2742887815351582,1.8853998926462694,,
22,24.20155662909286,3.126677402039721,55.03891572732152,9.588030059044552,,2.1068169618894257,3.0864197530864197,1.8853998926462694,0.966183574879227,
23,25.72463768115942,2.804616210413312,53.797638217928075,10.305958132045088,,1.42914653784219,3.0864197530864197,1.8853998926462694,0.966183574879227,
24,23.718464841653248,2.2342995169082127,56.52173913043478,10.446859903381643,0.9192163177670424,1.42914653784219,2.657004830917874,1.107085346215781,0.966183574879227,
25,19.464573268921097,2.2074610842726785,68.53864734299516,4.8443370907139025,,0.24154589371980675,2.9924852388620504,0.7447665056360708,0.966183574879227,
26,24.56387546967257,1.6841116478797638,66.48550724637681,3.6902844873859366,,,1.865271068169619,0.7447665056360708,0.966183574879227,
27,24.36929683306495,1.6304347826086956,62.03703703703704,6.729736983360172,0.9326355340848095,,2.623456790123457,0.7112184648416533,0.966183574879227,
28,26.630434782608695,1.4761137949543746,59.14519592055824,5.938003220611916,2.5496511003757383,,2.623456790123457,0.7112184648416533,0.9259259259259259,
29,29.28743961352657,1.442565754159957,55.783682232957595,5.703166935050993,3.5225442834138487,,2.623456790123457,0.7112184648416533,0.9259259259259259,
30,28.005904455179817,1.2144390767579174,57.13231347289318,5.508588298443371,4.455179817498658,,2.368491680085883,0.38915727321524424,0.9259259259259259,
31,25.503220611916262,1.2144390767579174,56.27348362855609,8.507783145464305,4.42163177670424,,2.059849704777241,0.38915727321524424,1.6304347826086956,
32,25.79844337090714,1.0399892646269457,55.87090713902308,6.226516371443908,4.42163177670424,0.966183574879227,2.059849704777241,0.38915727321524424,3.227321524422974,
33,28.67686527106817,1.0399892646269457,50.556897477187334,8.413848631239935,5.5689747718733225,0.966183574879227,1.6975308641975309,0.20128824476650564,2.8784219001610305,
34,28.187063875469672,0.9997316156736447,49.033816425120776,12.164519592055823,5.5689747718733225,0.966183574879227,0.3824476650563607,0.0067096081588835215,2.690552871712292,
35,27.542941492216855,0.8252818035426731,47.66505636070853,12.674449812130971,6.870638754696726,1.5901771336553945,0.3824476650563607,0.0067096081588835215,2.442297369833602,
36,31.246645195920557,0.8252818035426731,43.84057971014493,12.674449812130971,6.072195383789587,1.5901771336553945,0.3824476650563607,0.9259259259259259,2.442297369833602,
37,31.689479334406872,0.8252818035426731,44.115673644659154,12.06387546967257,6.052066559312936,1.402308105206656,0.3824476650563607,0.5166398282340311,2.952227589908749,
38,29.770531400966185,0.8252818035426731,42.33762748255502,9.802737520128824,5.132850241545894,3.898282340311326,0.3824476650563607,0.5166398282340311,7.333601717659689,
39,31.199677938808374,0.7380568974771873,40.552871712292,9.104938271604938,5.052334943639291,3.898282340311326,0.3824476650563607,0.5166398282340311,6.850509930220075,1.7042404723564144
40,32.56172839506173,0.7380568974771873,37.36580783682233,9.057971014492754,4.9718196457326895,4.918142780461621,0.322061191626409,0.5166398282340311,8.870101986044014,0.6776704240472357
41,29.8040794417606,0.6910896403650026,40.123456790123456,8.628556092324208,4.9718196457326895,4.810789049919484,0.27509393451422437,0.5166398282340311,9.500805152979066,0.6776704240472357
42,30.844068706387546,0.6910896403650026,40.98899624261943,8.219269994632313,4.669887278582931,4.669887278582931,1.2144390767579174,0.5166398282340311,7.561728395061729,0.6239935587761675
43,31.01851851851852,0.6910896403650026,39.44578636607622,7.863660762211487,4.944981213097155,4.669887278582931,1.1540526033279657,2.0263016639828235,7.561728395061729,0.6239935587761675
44,32.669082125603865,0.6910896403650026,37.30542136339238,7.682501341921632,4.944981213097155,4.669887278582931,2.1135265700483092,2.0263016639828235,7.27992485238862,0.6172839506172839
45,33.58829844337091,0.6910896403650026,36.16478797638218,7.682501341921632,4.690016103059581,6.219806763285024,1.4492753623188406,2.0263016639828235,6.870638754696726,0.6172839506172839
46,31.863929146537842,0.6910896403650026,36.41975308641975,7.39398819108964,4.045893719806763,6.219806763285024,3.851315083199141,2.0263016639828235,6.870638754696726,0.6172839506172839
47,32.326892109500804,0.6910896403650026,35.581052066559316,7.340311325818572,3.0327428878153517,5.897745571658615,3.824476650563607,4.119699409554482,6.649221685453569,0.5367686527106817
48,33.13875469672571,0.6910896403650026,36.41304347826087,6.541867954911433,3.0193236714975846,6.112453032742888,3.2541599570585076,3.824476650563607,6.468062265163715,0.5367686527106817
49,34.14519592055824,0.6910896403650026,36.63446054750403,6.508319914117015,3.0193236714975846,6.112453032742888,2.7979066022544283,3.824476650563607,5.730005367686527,0.5367686527106817
50,35.507246376811594,0.36902844873859364,36.70155662909286,6.005099302200751,3.0193236714975846,5.394524959742351,2.7979066022544283,4.455179817498658,5.3274288781535155,0.4227053140096618
51,35.829307568438004,0.35560923242082665,35.238862050456255,7.232957595276436,3.0193236714975846,5.394524959742351,2.7979066022544283,4.455179817498658,5.253623188405797,0.4227053140096618
52,35.198604401502955,0.35560923242082665,33.73590982286635,11.265432098765432,2.3483628556092326,4.602791196994096,3.2139023081052067,4.247181964573269,4.609500805152979,0.4227053140096618
53,34.78260869565217,0.33548040794417605,32.367149758454104,10.487117552334944,2.3483628556092326,4.133118625872249,3.743961352657005,4.2270531400966185,7.253086419753086,0.322061191626409
54,35.39318303811057,0.33548040794417605,30.038915727321523,10.265700483091788,2.3215244229736984,6.105743424584004,3.743961352657005,4.2203435319377345,7.253086419753086,0.322061191626409
55,36.60762211486849,0.2616747181964573,29.56924315619968,9.769189479334408,1.7646269457863661,5.2066559312936125,3.3145464304884595,4.019055287171229,9.16532474503489,0.322061191626409
56,36.761943102522814,0.2616747181964573,28.63660762211487,9.178743961352657,1.7646269457863661,6.166129898013956,3.3145464304884595,4.019055287171229,8.259527643585615,1.6371443907675791
57,39.049919484702095,0.2616747181964573,28.187063875469672,8.514492753623188,1.7646269457863661,5.5689747718733225,3.2877079978529253,3.797638217928073,7.930756843800322,1.6371443907675791
58,41.720343531937736,0.2616747181964573,26.006441223832528,8.514492753623188,1.7646269457863661,5.562265163714439,3.589640365002684,3.7909286097691894,7.152442297369833,1.6371443907675791
59,41.84111647879764,0.2616747181964573,26.8317230273752,8.044820182501342,1.7444981213097155,5.488459473966721,3.3548040794417604,4.730273752012883,6.085614600107354,1.6170155662909287
60,41.720343531937736,0.2616747181964573,23.537305421363392,13.345410628019323,1.3821792807300053,4.1532474503489,3.3480944712828773,4.602791196994096,6.031937734836285,1.6170155662909287
61,43.77348362855609,0.2549651100375738,22.926731078904993,10.82259796027912,1.3821792807300053,5.287171229200215,3.1870638754696725,5.0993022007514766,5.649490069779925,1.6170155662909287
62,41.80085882984434,0.2214170692431562,22.879763821792807,10.178475577026301,1.3553408480944713,4.750402576489533,3.1535158346752548,5.0993022007514766,8.943907675791733,1.6170155662909287
63,42.52549651100376,0.2214170692431562,20.477724100912507,11.520397208803006,1.1205045625335481,4.669887278582931,3.140096618357488,4.9718196457326895,10.829307568438002,0.5233494363929146
64,42.391304347826086,0.10064412238325282,19.75979602791197,11.084272678475577,1.093666129898014,4.502147074610843,3.079710144927536,5.0993022007514766,12.567096081588835,0.322061191626409
65,40.82796564680623,0.10064412238325282,17.74020397208803,11.064143853998926,1.0131508319914118,4.38137412775094,2.5966183574879227,6.488191089640365,15.465646806226516,0.322061191626409
66,41.720343531937736,0.10064412238325282,17.518786902844873,10.735373054213634,0.8454106280193237,4.374664519592056,2.5496511003757383,6.367418142780462,15.465646806226516,0.322061191626409
67,42.67981749865808,0.10064412238325282,17.09608158883521,10.701825013419215,0.8454106280193237,4.300858829844337,2.24771873322598,6.266774020397209,15.599838969404187,0.1610305958132045
68,42.2638217928073,0.10064412238325282,19.296833064949006,10.534084809447128,0.8252818035426731,3.549382716049383,2.24771873322598,6.038647342995169,14.99597423510467,0.14761137949543746
69,40.955448201825014,0.10064412238325282,21.423778851315085,10.077831454643048,0.8252818035426731,3.2004830917874396,2.24771873322598,6.038647342995169,14.982555018786902,0.14761137949543746
70,38.31186258722491,0.10064412238325282,18.283682232957595,12.5402576489533,0.6575415995705851,2.831454643048846,2.24771873322598,6.9310252281266775,18.00858829844337,0.08722490606548577
71,38.88217928073001,0.10064412238325282,17.693236714975846,11.949812130971551,0.6575415995705851,2.831454643048846,2.24771873322598,6.9243156199677935,18.625872249060656,0.08722490606548577
72,40.13016639828234,0.10064412238325282,17.01556629092861,11.882716049382717,0.6575415995705851,2.831454643048846,2.120236178207193,6.9243156199677935,18.250134192163177,0.08722490606548577
73,42.35775630703167,0.013419216317767043,16.09634997316157,11.75523349436393,0.5300590445517982,2.831454643048846,2.0665593129361244,6.172839506172839,18.089103596349972,0.08722490606548577
74,39.74771873322598,0.013419216317767043,14.801395598497047,11.500268384326356,0.5300590445517982,2.831454643048846,2.0665593129361244,6.172839506172839,22.249060654857757,0.08722490606548577
75,41.33118625872249,0.013419216317767043,16.056092324208265,10.352925389157273,0.47638217928073,3.878153515834675,1.5901771336553945,5.669618894256575,20.544820182501343,0.08722490606548577
76,41.2842190016103,0.013419216317767043,16.002415458937197,10.352925389157273,0.47638217928073,3.878153515834675,1.5901771336553945,5.58239398819109,20.04830917874396,0.7716049382716049
77,43.33064949006978,0.013419216317767043,15.042941492216855,11.131239935587761,0.43612453032742887,3.743961352657005,1.2815351583467525,5.844068706387547,18.793612453032743,0.3824476650563607
78,45.70585077831455,0.013419216317767043,14.06333870101986,12.070585077831455,0.4227053140096618,3.5963499731615673,1.2681159420289856,4.736983360171766,17.74020397208803,0.3824476650563607
79,46.95383789586688,0.013419216317767043,13.20450885668277,11.788781535158346,0.4227053140096618,3.4420289855072466,1.6304347826086956,4.42163177670424,17.74020397208803,0.3824476650563607
80,47.987117552334944,0.013419216317767043,13.935856146001074,11.11111111111111,0.4227053140096618,3.4420289855072466,1.6170155662909287,4.159957058507783,16.928341384863124,0.3824476650563607
81,50.48309178743961,0.013419216317767043,13.714439076757918,10.507246376811594,0.4227053140096618,3.4420289855072466,1.442565754159957,4.0995705850778315,15.49248523886205,0.3824476650563607
82,50.053676865271065,0.013419216317767043,12.4597423510467,10.38647342995169,0.4227053140096618,3.4420289855072466,1.442565754159957,4.0995705850778315,17.297369833601717,0.3824476650563607
83,51.02657004830918,0.013419216317767043,11.869296833064949,10.38647342995169,0.4227053140096618,3.4420289855072466,1.442565754159957,4.0995705850778315,16.914922168545356,0.3824476650563607
84,50.85882984433709,0.013419216317767043,10.762211486849168,10.923242082662373,0.4227053140096618,4.408212560386473,1.442565754159957,4.0995705850778315,16.700214707461082,0.36902844873859364
85,51.0601180891036,0.013419216317767043,10.762211486849168,10.896403650026839,0.4227053140096618,4.314278046162104,1.442565754159957,4.019055287171229,16.700214707461082,0.36902844873859364
86,52.81132581857219,0.013419216317767043,10.721953837895867,10.889694041867955,0.23483628556092323,3.938539989264627,1.442565754159957,3.8915727321524423,15.687063875469672,0.36902844873859364
87,53.717122920021474,0.013419216317767043,10.540794417606012,10.889694041867955,0.23483628556092323,3.844605475040258,2.059849704777241,2.9723564143853998,15.35829307568438,0.36902844873859364
88,52.06655931293612,0.013419216317767043,9.977187332259795,15.411969940955448,0.2281266774020397,3.844605475040258,1.8384326355340848,1.8115942028985508,14.439076757917338,0.36902844873859364
89,53.415190552871714,0.013419216317767043,10.46027911969941,15.33816425120773,0.2281266774020397,3.6231884057971016,1.8384326355340848,1.8115942028985508,12.902576489533011,0.36902844873859364
90,52.72410091250671,,10.601180891035963,14.741009125067096,0.2281266774020397,4.05931293612453,1.8384326355340848,1.8115942028985508,13.627214170692431,0.36902844873859364
91,50.234836285560924,,13.217928073000536,14.036500268384327,0.20799785292538917,3.8177670424047236,1.8384326355340848,1.6103059581320451,13.22463768115942,1.8115942028985508
92,51.99946323134729,,12.741545893719806,12.989801395598498,0.20799785292538917,3.8177670424047236,2.677133655394525,1.5365002683843263,12.224906065485776,1.8048845947396672
93,53.02603327965647,,11.473429951690822,13.285024154589372,0.20799785292538917,3.8177670424047236,2.677133655394525,1.5365002683843263,12.171229200214707,1.8048845947396672
94,53.87144390767579,,11.379495437466453,13.070316693505099,0.20799785292538917,3.8177670424047236,2.677133655394525,1.5365002683843263,11.634460547504025,1.8048845947396672
95,52.57648953301127,,10.869565217391305,12.949543746645196,0.20799785292538917,3.730542136339238,2.3752012882447664,1.5365002683843263,13.94927536231884,1.8048845947396672
96,53.14680622651637,,10.7085346215781,12.949543746645196,0.16774020397208803,3.4957058507783145,2.26784755770263,1.5365002683843263,13.922436929683306,1.8048845947396672
97,53.737251744498124,,10.352925389157273,11.83574879227053,0.16774020397208803,3.2742887815351582,3.3682232957595275,1.5365002683843263,13.922436929683306,1.8048845947396672
98,54.42163177670424,,10.037573805689748,11.822329575952764,0.16774020397208803,3.2474503488996245,3.361513687600644,1.5365002683843263,13.600375738056897,1.8048845947396672
99,55.57568438003221,,9.816156736446592,11.325818572195384,0.16774020397208803,3.2474503488996245,2.985775630703167,1.5230810520665594,13.553408480944713,1.8048845947396672
100,56.91089640365003,,9.494095544820183,10.983628556092324,0.16774020397208803,3.2474503488996245,2.965646806226516,1.5230810520665594,12.902576489533011,1.8048845947396672
101,56.40096618357488,,10.010735373054214,10.520665593129362,0.16774020397208803,3.227321524422974,2.965646806226516,1.5230810520665594,13.39237788513151,1.7914653784219001
102,56.776704240472355,,9.916800858829845,10.433440687063875,0.05367686527106817,3.2004830917874396,2.9388083735909825,1.4962426194310252,13.39237788513151,1.7914653784219001
103,54.06602254428341,,10.279119699409554,9.386741814278047,0.05367686527106817,3.9720880300590444,2.9388083735909825,1.4761137949543746,16.13660762211487,1.6908212560386473
104,55.31400966183575,,9.406870638754697,9.386741814278047,0.05367686527106817,3.616478797638218,2.9388083735909825,1.4626945786366077,16.129898013955984,1.6908212560386473
105,54.166666666666664,,9.225711218464841,10.359634997316157,0.05367686527106817,3.616478797638218,2.9388083735909825,1.4626945786366077,16.485507246376812,1.6908212560386473
106,55.60923242082662,,9.172034353193773,10.19189479334407,0.05367686527106817,3.2004830917874396,2.7308105206655933,1.442565754159957,16.485507246376812,1.1137949543746646
107,55.454911433172306,,9.125067096081589,10.889694041867955,0.05367686527106817,3.2004830917874396,2.4020397208803006,1.442565754159957,16.317767042404725,1.1137949543746646
108,57.139023081052066,,8.923778851315083,10.889694041867955,0.05367686527106817,3.2004830917874396,2.4020397208803006,1.442565754159957,14.834943639291465,1.1137949543746646
109,56.56199677938808,,8.917069243156199,11.842458400429415,0.05367686527106817,3.2004830917874396,2.4020397208803006,1.442565754159957,14.465915190552872,1.1137949543746646
110,57.306763285024154,,8.917069243156199,11.694847020933977,0.05367686527106817,3.2004830917874396,2.4020397208803006,1.442565754159957,13.868760064412239,1.1137949543746646
111,57.91733762748255,,8.917069243156199,11.453301127214171,0.05367686527106817,3.2004830917874396,2.3886205045625335,1.442565754159957,13.513150831991412,1.1137949543746646
112,57.41411701556629,,8.038110574342458,10.983628556092324,0.05367686527106817,3.2004830917874396,2.3617820719269993,1.4358561460010735,15.45222758990875,1.0601180891035964
113,58.02469135802469,,8.621846484165324,9.75577026301664,0.04696725711218465,3.1870638754696725,2.3617820719269993,1.4358561460010735,15.505904455179817,1.0601180891035964
114,58.279656468062264,,8.57487922705314,8.984165324745035,0.04696725711218465,3.1870638754696725,3.0193236714975846,1.3620504562533549,15.505904455179817,1.0399892646269457
115,59.40016103059581,,8.192431561996779,8.702361782071927,0.04696725711218465,3.1333870101986045,3.0059044551798175,1.3620504562533549,15.116747181964573,1.0399892646269457
116,59.76918947933441,,7.722758990874933,8.514492753623188,0.04696725711218465,3.1333870101986045,3.9452495974235107,1.1808910359634996,14.647074610842727,1.0399892646269457
117,60.65485775630703,,7.514761137949543,8.105206655931294,0.04696725711218465,2.9589371980676327,3.9452495974235107,1.1808910359634996,14.553140096618357,1.0399892646269457
118,61.493558776167475,,7.1658615136876005,7.957595276435856,0.04696725711218465,2.9589371980676327,3.9452495974235107,1.1808910359634996,14.210950080515298,1.0399892646269457
119,62.245034889962426,,7.132313472893183,7.823403113258186,0.040257648953301126,2.61003757380569,3.8848631239935587,1.1674718196457328,14.056629092860977,1.0399892646269457
120,63.59366612989801,,7.03166935050993,6.662640901771336,0.040257648953301126,2.61003757380569,3.8848631239935587,1.1674718196457328,13.969404186795492,1.0399892646269457
121,64.23107890499195,,7.03166935050993,6.662640901771336,0.040257648953301126,2.61003757380569,3.549382716049383,1.1674718196457328,13.667471819645733,1.0399892646269457
122,63.036768652710684,,8.655394524959743,6.327160493827161,0.040257648953301126,2.61003757380569,3.549382716049383,1.0869565217391304,13.654052603327965,1.0399892646269457
123,62.513419216317764,,8.601717659688674,7.2933440687063875,0.040257648953301126,2.2208803005904456,3.549382716049383,1.0869565217391304,13.654052603327965,1.0399892646269457
124,62.795222758990874,,8.568169618894256,7.1725711218464845,0.040257648953301126,2.2208803005904456,3.549382716049383,1.0869565217391304,13.58695652173913,0.9796027911969941
125,64.34514224369296,,8.299785292538916,7.011540526033279,0.040257648953301126,1.7310789049919484,3.535963499731616,1.0198604401502953,13.036768652710682,0.9796027911969941
126,65.11003757380568,,7.9039184111647875,6.843800322061192,0.040257648953301126,1.7310789049919484,3.535963499731616,1.0198604401502953,12.835480407944177,0.9796027911969941
127,64.68062265163715,,7.830112721417069,6.843800322061192,0.040257648953301126,1.4761137949543746,3.535963499731616,1.0198604401502953,13.593666129898015,0.9796027911969941
128,66.72034353193773,,7.4208266237251745,5.911164787976382,0.040257648953301126,1.4761137949543746,3.455448201825013,0.9728931830381106,13.09044551798175,0.9125067096081588
129,64.70746108427268,,6.655931293612453,5.609232420826624,0.040257648953301126,1.2681159420289856,3.44873859366613,0.9728931830381106,16.384863123993558,0.9125067096081588
130,64.83494363929147,,7.501341921631776,5.441492216854535,0.040257648953301126,1.2681159420289856,3.44873859366613,0.9728931830381106,15.579710144927537,0.9125067096081588
131,64.56655931293612,,7.300053676865271,6.414385399892646,0.026838432635534086,1.2144390767579174,3.046162104133119,0.9728931830381106,15.546162104133119,0.9125067096081588
132,65.21739130434783,,7.273215244229737,6.414385399892646,0.026838432635534086,1.2144390767579174,3.046162104133119,0.9728931830381106,14.922168545356952,0.9125067096081588
133,65.57300053676865,,7.273215244229737,6.414385399892646,0.026838432635534086,1.2144390767579174,3.046162104133119,0.9728931830381106,14.566559312936125,0.9125067096081588
134,65.57300053676865,,7.273215244229737,6.414385399892646,0.026838432635534086,1.2144390767579174,3.046162104133119,0.9728931830381106,14.566559312936125,0.9125067096081588
135,66.19699409554482,,6.857219538378959,6.414385399892646,0.026838432635534086,1.2144390767579174,3.046162104133119,0.9728931830381106,14.358561460010735,0.9125067096081588
136,66.16344605475041,,6.615673644659152,6.3137412775093935,0.026838432635534086,1.90552871712292,3.046162104133119,0.9728931830381106,14.31159420289855,0.644122383252818
137,66.22383252818035,,6.615673644659152,6.3137412775093935,0.026838432635534086,1.90552871712292,3.046162104133119,0.9125067096081588,14.31159420289855,0.644122383252818
138,66.22383252818035,,6.615673644659152,6.3137412775093935,0.026838432635534086,1.90552871712292,3.046162104133119,0.9125067096081588,14.31159420289855,0.644122383252818
139,66.87466451959206,,6.072195383789587,5.998389694041868,0.026838432635534086,2.8381642512077296,3.0327428878153517,0.9125067096081588,13.600375738056897,0.644122383252818
140,67.50536768652711,,6.011808910359635,5.770263016639828,0.026838432635534086,2.7643585614600106,3.0327428878153517,0.9125067096081588,13.600375738056897,0.3757380568974772
141,67.512077294686,,5.837359098228664,5.770263016639828,0.026838432635534086,2.7643585614600106,3.0327428878153517,0.9125067096081588,13.768115942028986,0.3757380568974772
142,67.04240472356415,,5.723295759527644,5.481749865807837,0.026838432635534086,2.757648953301127,3.9720880300590444,0.9057971014492754,13.714439076757918,0.3757380568974772
143,67.53891572732152,,5.535426731078905,6.005099302200751,0.026838432635534086,2.757648953301127,3.7372517444981215,0.9057971014492754,13.123993558776167,0.36902844873859364
144,68.18974771873323,,5.535426731078905,5.515297906602254,0.026838432635534086,2.717391304347826,3.6366076221148687,0.9057971014492754,13.103864734299517,0.36902844873859364
145,68.14949006977993,,5.46833064949007,6.213097155126141,0.026838432635534086,2.200751476113795,3.5628019323671496,0.9057971014492754,13.103864734299517,0.36902844873859364
146,68.63929146537842,,5.360976918947934,5.964841653247451,0.026838432635534086,2.200751476113795,3.5628019323671496,0.8990874932903918,12.97638217928073,0.36902844873859364
147,69.99463231347289,,5.052334943639291,5.018786902844874,0.026838432635534086,2.200751476113795,3.5628019323671496,0.8990874932903918,12.875738056897477,0.36902844873859364
148,66.98201825013419,,8.68894256575416,4.260601180891036,0.013419216317767043,2.200751476113795,4.320987654320987,0.4830917874396135,12.681159420289855,0.36902844873859364
149,66.98201825013419,,8.68894256575416,4.260601180891036,0.013419216317767043,2.200751476113795,4.320987654320987,0.4830917874396135,12.681159420289855,0.36902844873859364
150,64.68062265163715,,8.313204508856682,4.247181964573269,0.013419216317767043,2.214170692431562,4.320987654320987,0.4830917874396135,15.371712292002147,0.35560923242082665
151,64.53972088030059,,8.246108427267847,4.072732152442297,0.013419216317767043,3.113258185721954,4.159957058507783,0.4830917874396135,15.022812667740205,0.3488996242619431
152,65.11674718196457,,8.246108427267847,4.072732152442297,0.013419216317767043,3.113258185721954,4.159957058507783,0.4830917874396135,14.445786366076222,0.3488996242619431
153,64.35856146001073,,8.239398819108963,4.072732152442297,0.013419216317767043,4.092860976918948,4.1129898013955986,0.4830917874396135,14.278046162104133,0.3488996242619431
154,64.85507246376811,,8.145464304884594,3.8580246913580245,0.013419216317767043,4.911433172302737,3.7238325281803544,0.47638217928073,13.667471819645733,0.3488996242619431
155,65.77428878153516,,7.380568974771873,3.8580246913580245,0.013419216317767043,4.911433172302737,3.2004830917874396,0.9259259259259259,13.66076221148685,0.27509393451422437
156,66.48550724637681,,7.253086419753086,3.750670960815888,0.013419216317767043,4.87788513150832,2.932098765432099,0.8588298443370908,13.553408480944713,0.27509393451422437
157,66.55260332796564,,7.253086419753086,3.750670960815888,0.013419216317767043,4.87788513150832,2.8650026838432634,0.8588298443370908,13.553408480944713,0.27509393451422437
158,67.24369296833065,,6.756575415995706,3.4621578099838968,0.013419216317767043,4.616210413311863,3.824476650563607,0.6642512077294686,13.144122383252817,0.27509393451422437
159,66.27079978529254,,7.689210950080516,4.374664519592056,0.013419216317767043,4.602791196994096,3.7037037037037037,0.6172839506172839,12.453032742887816,0.27509393451422437
160,66.86795491143317,,7.092055823939882,4.374664519592056,0.013419216317767043,4.602791196994096,3.7037037037037037,0.6172839506172839,12.453032742887816,0.27509393451422437
161,67.69994632313472,,6.655931293612453,4.374664519592056,0.013419216317767043,4.602791196994096,3.5225442834138487,0.6172839506172839,12.238325281803542,0.27509393451422437
162,68.02871712292003,,6.642512077294686,4.314278046162104,0.013419216317767043,4.468599033816425,3.5091250670960816,0.5904455179817498,12.157809983896941,0.27509393451422437
163,68.37090713902307,,6.515029522275899,4.314278046162104,0.013419216317767043,4.468599033816425,3.5091250670960816,0.5904455179817498,11.943102522812667,0.27509393451422437
164,68.7265163714439,,6.515029522275899,4.314278046162104,0.013419216317767043,4.468599033816425,3.5091250670960816,0.5904455179817498,11.58749329039184,0.27509393451422437
165,69.00161030595814,,6.515029522275899,4.314278046162104,0.013419216317767043,4.468599033816425,3.5091250670960816,0.5904455179817498,11.312399355877616,0.27509393451422437
166,69.33038110574343,,6.515029522275899,4.032474503488996,0.013419216317767043,4.42163177670424,3.5091250670960816,0.5904455179817498,11.312399355877616,0.27509393451422437
167,70.01476113794955,,6.481481481481482,3.5829307568438002,0.013419216317767043,4.374664519592056,3.455448201825013,0.5837359098228664,11.218464841653248,0.27509393451422437
168,70.1556629092861,,6.481481481481482,3.515834675254965,0.013419216317767043,4.374664519592056,3.3816425120772946,0.5837359098228664,11.218464841653248,0.27509393451422437
169,70.12882447665056,,6.481481481481482,4.374664519592056,0.013419216317767043,4.374664519592056,3.3816425120772946,0.5837359098228664,10.38647342995169,0.27509393451422437
170,70.11540526033279,,5.978260869565218,4.374664519592056,0.013419216317767043,4.361245303274289,3.3816425120772946,0.5837359098228664,10.916532474503489,0.27509393451422437
171,69.14922168545357,,6.944444444444445,3.730542136339238,0.013419216317767043,4.361245303274289,3.3816425120772946,0.5837359098228664,11.560654857756306,0.27509393451422437
172,69.49141170155663,,6.944444444444445,3.730542136339238,0.0067096081588835215,4.361245303274289,3.3480944712828773,0.3824476650563607,11.460010735373054,0.27509393451422437
173,69.9476650563607,,6.910896403650026,3.5829307568438002,0.0067096081588835215,4.361245303274289,3.0730005367686526,0.3824476650563607,11.460010735373054,0.27509393451422437
174,69.96108427267848,,7.427536231884058,3.5829307568438002,0.0067096081588835215,4.361245303274289,3.0730005367686526,0.3824476650563607,10.929951690821255,0.27509393451422437
175,69.96108427267848,,7.427536231884058,3.5829307568438002,0.0067096081588835215,4.361245303274289,3.0730005367686526,0.3824476650563607,10.929951690821255,0.27509393451422437
176,67.43827160493827,,7.387278582930757,3.549382716049383,0.0067096081588835215,7.105475040257649,3.0730005367686526,0.3824476650563607,10.782340311325818,0.27509393451422437
177,67.72678475577027,,7.286634460547504,3.4957058507783145,0.0067096081588835215,7.105475040257649,3.052871712292002,0.30864197530864196,10.742082662372518,0.27509393451422437
178,67.96833064949007,,7.286634460547504,3.4957058507783145,0.0067096081588835215,6.91760601180891,3.052871712292002,0.30864197530864196,10.68840579710145,0.27509393451422437
179,68.61916264090178,,7.212828770799785,3.4688674181427803,0.0067096081588835215,6.763285024154589,2.7979066022544283,0.30864197530864196,10.547504025764896,0.27509393451422437
180,68.73993558776168,,7.212828770799785,3.4017713365539453,0.0067096081588835215,6.763285024154589,2.7979066022544283,0.30864197530864196,10.493827160493828,0.27509393451422437
181,69.06870638754697,,7.159151905528717,3.4017713365539453,0.0067096081588835215,6.763285024154589,2.522812667740204,0.30864197530864196,10.493827160493828,0.27509393451422437
182,68.42458400429415,,8.09849704777241,3.4017713365539453,0.0067096081588835215,6.481481481481482,2.522812667740204,0.30864197530864196,10.48040794417606,0.27509393451422437
183,68.53193773483629,,8.09849704777241,3.388352120236178,0.0067096081588835215,6.421095008051529,2.4892646269457863,0.30864197530864196,10.48040794417606,0.27509393451422437
184,68.55877616747182,,8.09849704777241,3.3682232957595275,0.0067096081588835215,6.421095008051529,2.4892646269457863,0.30864197530864196,10.473698336017177,0.27509393451422437
185,68.87412775093935,,8.07836822329576,3.3682232957595275,0.0067096081588835215,6.266774020397209,2.4355877616747184,0.30864197530864196,10.38647342995169,0.27509393451422437
186,66.6129898013956,,7.085346215780999,3.2206119162640903,0.0067096081588835215,6.213097155126141,2.1403650026838434,0.30864197530864196,14.190821256038648,0.2214170692431562
187,66.78073000536769,,6.9310252281266775,3.2206119162640903,0.0067096081588835215,6.213097155126141,2.1403650026838434,0.30864197530864196,14.17740203972088,0.2214170692431562
188,67.512077294686,,6.662640901771336,2.7979066022544283,0.0067096081588835215,6.213097155126141,2.1403650026838434,0.30864197530864196,14.13714439076758,0.2214170692431562
189,67.56575415995705,,6.662640901771336,2.7643585614600106,0.0067096081588835215,6.213097155126141,2.1403650026838434,0.2952227589908749,14.130434782608695,0.2214170692431562
190,67.16988727858293,,6.642512077294686,2.7643585614600106,0.0067096081588835215,6.213097155126141,2.1403650026838434,0.2952227589908749,14.546430488459475,0.2214170692431562
191,67.76033279656468,,6.622383252818035,2.4825550187869028,0.0067096081588835215,6.206387546967257,2.100107353730542,0.2952227589908749,14.304884594739667,0.2214170692431562
192,67.76033279656468,,6.622383252818035,2.4825550187869028,0.0067096081588835215,6.206387546967257,2.100107353730542,0.2952227589908749,14.304884594739667,0.2214170692431562
193,67.76033279656468,,6.622383252818035,2.4825550187869028,0.0067096081588835215,6.206387546967257,2.100107353730542,0.2952227589908749,14.304884594739667,0.2214170692431562
194,68.02200751476114,,6.400966183574879,2.4825550187869028,0.0067096081588835215,6.206387546967257,2.100107353730542,0.2952227589908749,14.264626945786366,0.2214170692431562
195,68.86070853462158,,6.394256575415996,2.4825550187869028,0.0067096081588835215,5.9514224369296835,2.100107353730542,0.2952227589908749,13.687600644122384,0.2214170692431562
196,69.4645732689211,,6.394256575415996,2.4825550187869028,0.0067096081588835215,5.9514224369296835,1.9390767579173376,0.2952227589908749,13.24476650563607,0.2214170692431562
197,71.28287707997853,,5.636070853462158,2.4825550187869028,0.0067096081588835215,5.609232420826624,1.8384326355340848,0.2952227589908749,12.627482555018787,0.2214170692431562
198,71.5848094471283,,5.636070853462158,2.214170692431562,0.0067096081588835215,5.609232420826624,1.8384326355340848,0.2952227589908749,12.593934514224369,0.2214170692431562
199,71.20236178207193,,5.636070853462158,2.214170692431562,0.0067096081588835215,5.260332796564681,1.8384326355340848,0.2952227589908749,13.325281803542673,0.2214170692431562
200,71.53113258185722,,5.615942028985507,2.033011272141707,0.0067096081588835215,5.253623188405797,1.8384326355340848,0.2952227589908749,13.20450885668277,0.2214170692431562
201,71.52442297369834,,6.394256575415996,2.006172839506173,0.0067096081588835215,5.253623188405797,1.6170155662909287,0.2952227589908749,12.681159420289855,0.2214170692431562
202,71.52442297369834,,6.394256575415996,2.006172839506173,0.0067096081588835215,5.253623188405797,1.6170155662909287,0.2952227589908749,12.681159420289855,0.2214170692431562
203,71.52442297369834,,6.394256575415996,2.006172839506173,0.0067096081588835215,5.253623188405797,1.6170155662909287,0.2952227589908749,12.681159420289855,0.2214170692431562
204,71.7458400429415,,6.394256575415996,1.9592055823939882,0.0067096081588835215,5.173107890499195,1.5499194847020934,0.2683843263553409,12.681159420289855,0.2214170692431562
205,71.4975845410628,,6.320450885668277,1.9592055823939882,0.0067096081588835215,5.173107890499195,1.5499194847020934,0.2683843263553409,12.607353730542137,0.6172839506172839
206,71.57139023081052,,6.320450885668277,1.9592055823939882,0.0067096081588835215,5.173107890499195,1.5499194847020934,0.2683843263553409,12.533548040794418,0.6172839506172839
207,71.57139023081052,,6.320450885668277,1.9592055823939882,0.0067096081588835215,5.173107890499195,1.5499194847020934,0.2683843263553409,12.533548040794418,0.6172839506172839
208,72.11486849168008,,6.320450885668277,1.865271068169619,,5.139559849704777,1.5163714439076759,0.2281266774020397,12.198067632850242,0.6172839506172839
209,72.11486849168008,,6.320450885668277,1.865271068169619,,5.139559849704777,1.5163714439076759,0.2281266774020397,12.198067632850242,0.6172839506172839
210,72.7187332259796,,5.763553408480945,1.865271068169619,,5.139559849704777,1.5163714439076759,0.2281266774020397,12.151100375738057,0.6172839506172839
211,72.75228126677402,,5.756843800322061,1.865271068169619,,5.12614063338701,1.5163714439076759,0.2281266774020397,12.13768115942029,0.6172839506172839
212,73.3695652173913,,5.750134192163178,1.865271068169619,,5.10601180891036,1.5163714439076759,0.2281266774020397,11.54723564143854,0.6172839506172839
213,70.51798174986581,,6.736446591519055,4.300858829844337,,5.018786902844874,1.1406333870101986,0.2281266774020397,11.473429951690822,0.5837359098228664
214,71.26274825550188,,6.6760601180891035,4.300858829844337,,5.018786902844874,1.1406333870101986,0.2281266774020397,10.789049919484702,0.5837359098228664
215,71.26274825550188,,6.6760601180891035,4.300858829844337,,5.018786902844874,1.1406333870101986,0.2281266774020397,10.789049919484702,0.5837359098228664
216,71.29629629629629,,6.6760601180891035,4.300858829844337,,5.018786902844874,1.1406333870101986,0.2281266774020397,10.755501878690284,0.5837359098228664
217,71.29629629629629,,6.6760601180891035,4.300858829844337,,5.018786902844874,1.1406333870101986,0.2281266774020397,10.755501878690284,0.5837359098228664
218,71.544551798175,,6.6760601180891035,4.300858829844337,,4.770531400966184,1.1406333870101986,0.2281266774020397,10.755501878690284,0.5837359098228664
219,71.51771336553945,,6.6760601180891035,4.300858829844337,,4.770531400966184,1.6572732152442298,0.2281266774020397,10.265700483091788,0.5837359098228664
220,71.51771336553945,,6.6760601180891035,4.300858829844337,,4.770531400966184,1.6572732152442298,0.2281266774020397,10.265700483091788,0.5837359098228664
221,71.7860976918948,,6.622383252818035,4.300858829844337,,4.555823939881911,1.6572732152442298,0.2281266774020397,10.265700483091788,0.5837359098228664
222,71.7860976918948,,6.622383252818035,4.300858829844337,,4.555823939881911,1.6572732152442298,0.2281266774020397,10.265700483091788,0.5837359098228664
223,71.7860976918948,,6.622383252818035,4.300858829844337,,4.555823939881911,1.6572732152442298,0.2281266774020397,10.265700483091788,0.5837359098228664
224,71.7860976918948,,6.622383252818035,4.300858829844337,,4.555823939881911,1.6572732152442298,0.2281266774020397,10.265700483091788,0.5837359098228664
225,71.85990338164251,,6.608964036500268,4.300858829844337,,4.555823939881911,1.6572732152442298,0.2281266774020397,10.205314009661835,0.5837359098228664
226,72.11486849168008,,6.608964036500268,4.300858829844337,,4.502147074610843,1.5432098765432098,0.14090177133655393,10.205314009661835,0.5837359098228664
227,72.32957595276436,,6.608964036500268,4.300858829844337,,4.502147074610843,1.5432098765432098,0.14090177133655393,9.990606548577563,0.5837359098228664
228,72.49731615673645,,6.4412238325281805,4.300858829844337,,4.502147074610843,1.5432098765432098,0.14090177133655393,9.990606548577563,0.5837359098228664
229,72.49731615673645,,6.4412238325281805,4.300858829844337,,4.502147074610843,1.5432098765432098,0.14090177133655393,9.990606548577563,0.5837359098228664
230,72.91331186258722,,6.125872249060655,4.300858829844337,,4.502147074610843,1.442565754159957,0.14090177133655393,9.990606548577563,0.5837359098228664
231,73.0877616747182,,6.125872249060655,4.193505099302201,,4.502147074610843,1.3754696725711217,0.14090177133655393,9.990606548577563,0.5837359098228664
232,73.0877616747182,,6.125872249060655,4.193505099302201,,4.502147074610843,1.3754696725711217,0.14090177133655393,9.990606548577563,0.5837359098228664
233,73.0877616747182,,6.125872249060655,4.193505099302201,,4.502147074610843,1.3754696725711217,0.14090177133655393,9.990606548577563,0.5837359098228664
234,73.40311325818573,,5.8172302737520125,4.193505099302201,,4.502147074610843,1.3754696725711217,0.14090177133655393,9.98389694041868,0.5837359098228664
235,73.0877616747182,,6.488191089640365,4.193505099302201,,4.502147074610843,1.107085346215781,0.14090177133655393,9.896672034353195,0.5837359098228664
236,73.11460010735372,,6.474771873322598,4.180085882984434,,4.502147074610843,1.107085346215781,0.14090177133655393,9.896672034353195,0.5837359098228664
