,40,45,50,52,53,49,51,55,54,41,48
0,3.0059044551798175,93.88754696725711,3.1065485775630703,,,,,,,,
1,6.501610305958132,91.39828234031133,2.100107353730542,,,,,,,,
2,11.030595813204508,75.53676865271068,13.43263553408481,,,,,,,,
3,9.708803005904455,62.875738056897475,27.415458937198068,,,,,,,,
4,12.781803542673108,59.11835748792271,27.147074610842726,0.95276435856146,,,,,,,
5,14.78797638217928,54.87788513150832,29.381374127750938,0.95276435856146,,,,,,,
6,20.658883521202362,50.556897477187334,27.831454643048847,0.95276435856146,,,,,,,
7,24.14117015566291,48.50375738056898,26.402308105206657,0.95276435856146,,,,,,,
8,26.321792807300053,47.30273752012882,24.671229200214707,0.7581857219538379,0.9460547504025765,,,,,,
9,31.427804616210413,42.975040257648956,23.03408480944713,0.7581857219538379,0.8722490606548577,0.9326355340848095,,,,,
10,33.69565217391305,41.74718196457327,21.068169618894256,1.6841116478797638,0.8722490606548577,0.9326355340848095,,,,,
11,35.560923242082666,40.264358561460014,20.77294685990338,1.6841116478797638,0.785024154589372,0.9326355340848095,,,,,
12,37.506709608158886,36.68142780461621,22.0276435856146,2.0665593129361244,0.785024154589372,0.9326355340848095,,,,,
13,34.42699946323135,29.66988727858293,32.31347289318304,1.1876006441223832,0.785024154589372,0.7112184648416533,0.9057971014492754,,,,
14,35.299248523886206,27.113526570048307,34.0378421900161,1.1876006441223832,0.7447665056360708,0.7112184648416533,0.9057971014492754,,,,
15,32.9777241009125,21.22249060654858,43.20987654320987,1.1741814278046163,0.7447665056360708,,0.6709608158883521,,,,
16,34.17874396135266,20.585077831454644,41.727053140096615,1.1741814278046163,0.7447665056360708,,0.6709608158883521,0.9192163177670424,,,
17,20.92055823939882,14.398819108964037,61.090982286634464,,0.2952227589908749,,2.3752012882447664,0.9192163177670424,,,
18,15.24422973698336,8.071658615136876,75.76489533011272,,,,,0.9192163177670424,,,
19,15.646806226516372,6.1862587224906065,76.3419216317767,,,,,1.8250134192163177,,,
20,19.249865807836823,6.1862587224906065,72.73886205045625,,,,,1.8250134192163177,,,
21,21.638486312399355,5.991680085882985,70.1086956521739,,,,,2.2611379495437465,,,
22,24.496779388083738,5.273752012882448,67.96833064949007,,,,,2.2611379495437465,,,
23,28.804347826086957,5.24020397208803,64.15727321524423,,,,,1.7981749865807837,,,
24,32.52147074610843,4.978529253891573,60.66156736446592,,,,,1.8384326355340848,,,
25,36.10440150295223,4.62962962962963,57.427536231884055,,,,,1.8384326355340848,,,
26,35.55421363392378,4.1532474503489,58.11862587224906,,,,,0.8454106280193237,1.328502415458937,,
27,35.487117552334944,4.133118625872249,57.25979602791197,,,,,1.7914653784219001,1.328502415458937,,
28,38.64734299516908,3.965378421900161,52.663714439076756,,1.6035963499731616,,,1.7914653784219001,1.328502415458937,,
29,39.781266774020395,3.69699409554482,51.79817498658078,,1.6035963499731616,,,1.7914653784219001,1.328502415458937,,
30,35.92324208266237,3.683574879227053,44.18947933440687,,1.6035963499731616,,12.030327428878154,1.2412775093934514,1.328502415458937,,
31,39.80810520665593,3.361513687600644,40.19726247987118,,1.6035963499731616,,12.030327428878154,1.6706924315619969,1.328502415458937,,
32,41.53918411164788,3.180354267310789,38.64734299516908,,1.6035963499731616,,12.030327428878154,1.6706924315619969,1.328502415458937,,
33,42.43156199677939,3.1468062265163717,37.473161567364464,,1.6035963499731616,,11.681427804616211,1.42914653784219,2.2342995169082127,,
34,43.887546967257116,3.1468062265163717,34.628287707997856,,0.08051529790660225,,14.754428341384862,1.1876006441223832,2.314814814814815,,
35,46.524422973698336,3.0931293612453032,32.51476113794954,,0.08051529790660225,,14.754428341384862,1.1876006441223832,1.8451422436929683,,
36,47.59125067096082,3.0931293612453032,31.80354267310789,,0.08051529790660225,,13.479602791196994,1.1876006441223832,2.7643585614600106,,
37,45.24288781535159,2.918679549114332,33.72920021470746,,0.08051529790660225,,13.479602791196994,1.1876006441223832,3.361513687600644,,
38,47.78582930756844,2.885131508319914,31.756575415995705,,0.08051529790660225,,13.479602791196994,1.1674718196457328,2.844873859366613,,
39,49.604133118625874,2.6502952227589907,29.045893719806763,0.4428341384863124,0.08051529790660225,,13.741277509393452,1.1674718196457328,2.844873859366613,0.4227053140096618,
40,51.23456790123457,2.6435856146001075,26.764626945786365,0.020128824476650563,0.08051529790660225,3.240740740740741,11.802200751476114,1.0332796564680622,2.757648953301127,0.4227053140096618,
41,50.375738056897475,2.509393451422437,24.825550187869027,0.020128824476650563,0.08051529790660225,6.447933440687064,10.990338164251208,2.4490069779924855,1.8786902844873858,0.4227053140096618,
42,37.17793880837359,0.5703166935050993,38.33199141170156,0.020128824476650563,,4.757112184648417,12.224906065485776,2.4490069779924855,4.045893719806763,0.4227053140096618,
43,38.63392377885131,0.5703166935050993,36.460010735373054,0.020128824476650563,,4.757112184648417,12.077294685990339,2.4490069779924855,4.609500805152979,0.4227053140096618,
44,39.412238325281805,0.5300590445517982,35.507246376811594,0.95276435856146,,4.555823939881911,10.990338164251208,2.442297369833602,5.186527106816962,0.4227053140096618,
45,39.97584541062802,0.5300590445517982,35.36634460547504,0.95276435856146,,4.555823939881911,10.648148148148149,2.38191089640365,5.166398282340311,0.4227053140096618,
46,40.25093934514224,0.5300590445517982,34.50751476113795,0.95276435856146,,4.555823939881911,10.017444981213098,3.0193236714975846,5.743424584004294,0.4227053140096618,
47,41.378153515834676,0.4495437466451959,32.63553408480945,0.9326355340848095,,3.8177670424047236,10.473698336017177,3.7238325281803544,5.689747718733226,0.8990874932903918,
48,43.14949006977992,0.4495437466451959,30.099302200751477,0.9326355340848095,,3.8177670424047236,10.279119699409554,4.683306494900698,5.689747718733226,0.8990874932903918,
49,41.646537842190014,0.4092860976918948,29.17337627482555,1.9122383252818036,,3.784219001610306,9.796027911969942,3.7775093934514223,8.601717659688674,0.8990874932903918,
50,43.592324208266234,0.4092860976918948,27.80461621041331,1.9122383252818036,,3.3548040794417604,9.796027911969942,3.7775093934514223,8.454106280193237,0.8990874932903918,
51,45.09527643585615,0.36902844873859364,27.569779924852387,1.5901771336553945,,3.3548040794417604,9.4873859366613,3.7775093934514223,7.856951154052603,0.8990874932903918,
52,45.57836822329576,0.36902844873859364,27.214170692431562,1.5297906602254427,,3.3548040794417604,8.970746108427267,4.294149221685454,7.830112721417069,0.8588298443370908,
53,46.87332259796028,0.36902844873859364,26.019860440150296,1.5297906602254427,,3.3548040794417604,8.870101986044014,4.294149221685454,7.830112721417069,0.8588298443370908,
54,48.121309715512616,0.36902844873859364,26.308373590982285,1.5297906602254427,,3.066290928609769,7.75630703166935,4.159957058507783,7.830112721417069,0.8588298443370908,
55,49.7987117552335,0.32877079978529256,24.194847020933977,1.5297906602254427,,2.932098765432099,7.75630703166935,4.146537842190016,8.527911969940956,0.785024154589372,
56,50.95276435856146,0.32877079978529256,22.832796564680624,1.5297906602254427,,2.791196994095545,7.702630166398282,4.126409017713366,9.27938808373591,0.4562533548040794,
57,51.34192163177671,0.32877079978529256,21.531132581857218,2.187332259796028,,2.4892646269457863,7.004830917874396,3.603059581320451,11.151368760064413,0.36231884057971014,
58,52.301395598497045,0.32877079978529256,20.558239398819108,2.187332259796028,,2.462426194310252,6.622383252818035,3.455448201825013,11.922973698336017,0.1610305958132045,
59,54.468599033816425,0.322061191626409,20.39049919484702,2.059849704777241,,2.462426194310252,6.166129898013956,3.4420289855072466,10.527375201288244,0.1610305958132045,
60,55.96484165324745,0.28180354267310787,19.35721953837896,2.033011272141707,,1.8853998926462694,7.078636607622115,3.4151905528717124,9.822866344605474,0.1610305958132045,
61,57.018250134192165,0.28180354267310787,19.256575415995705,1.6438539989264627,,1.8853998926462694,7.078636607622115,3.260869565217391,9.41358024691358,0.1610305958132045,
62,57.88378958668814,0.28180354267310787,16.82769726247987,1.2345679012345678,,1.4962426194310252,5.931293612453032,3.1333870101986045,9.386741814278047,0.15432098765432098,3.670155662909286
63,57.56172839506173,0.20799785292538917,15.72061191626409,1.2345679012345678,,1.4962426194310252,5.535426731078905,4.052603327965647,10.36634460547504,0.15432098765432098,3.670155662909286
64,57.930756843800324,0.20799785292538917,15.445517981749866,1.2345679012345678,,1.4962426194310252,5.515297906602254,3.321256038647343,11.023886205045626,0.15432098765432098,3.670155662909286
65,58.091787439613526,0.20799785292538917,15.009393451422437,1.8384326355340848,,2.4691358024691357,5.246913580246914,3.3145464304884595,10.963499731615673,0.15432098765432098,2.703972088030059
66,59.044551798174986,0.20799785292538917,13.895598497047773,1.8384326355340848,,2.4691358024691357,5.146269457863661,3.2541599570585076,11.285560923242082,0.15432098765432098,2.703972088030059
67,58.89023081052066,0.18115942028985507,13.217928073000536,1.8384326355340848,,2.4691358024691357,5.12614063338701,3.2139023081052067,12.204777241009126,0.15432098765432098,2.703972088030059
68,61.3191089640365,0.18115942028985507,12.915995705850777,1.8384326355340848,,1.7646269457863661,5.01207729468599,2.7241009125067097,11.386205045625335,0.15432098765432098,2.703972088030059
69,60.70182501341922,0.18115942028985507,11.084272678475577,5.139559849704777,,1.6975308641975309,4.911433172302737,2.7241009125067097,10.701825013419215,0.15432098765432098,2.703972088030059
70,59.46725711218465,0.18115942028985507,10.23215244229737,5.065754159957058,1.3888888888888888,1.6975308641975309,4.898013955984971,2.4221685453569513,12.238325281803542,0.15432098765432098,2.254428341384863
71,59.936929683306495,0.18115942028985507,9.822866344605474,5.065754159957058,1.3888888888888888,1.42914653784219,4.757112184648417,2.4221685453569513,12.097423510466989,0.15432098765432098,2.7442297369833604
72,60.33279656468062,0.040257648953301126,9.541062801932368,5.730005367686527,1.3888888888888888,1.4224369296833066,4.669887278582931,2.4020397208803006,11.600912506709609,0.1274825550187869,2.7442297369833604
73,61.16478797638218,0.0067096081588835215,9.01100375738057,5.837359098228664,1.3888888888888888,1.3687600644122384,4.522275899087493,2.4020397208803006,11.426462694578637,0.1274825550187869,2.7442297369833604
74,59.554482018250134,0.0067096081588835215,9.71551261406334,4.978529253891573,1.3888888888888888,4.777241009125067,4.49543746645196,2.328234031132582,9.930220075147611,0.1274825550187869,2.6972624798711755
75,61.13794954374664,0.0067096081588835215,9.178743961352657,4.51556629092861,1.3888888888888888,4.777241009125067,4.455179817498658,1.9189479334406871,9.836285560923242,0.08722490606548577,2.6972624798711755
76,61.14465915190553,0.0067096081588835215,9.172034353193773,4.51556629092861,1.3888888888888888,4.777241009125067,4.455179817498658,1.9189479334406871,9.836285560923242,0.08722490606548577,2.6972624798711755
77,61.99677938808374,0.0067096081588835215,9.16532474503489,3.6231884057971016,2.328234031132582,4.777241009125067,4.42163177670424,1.8719806763285025,9.024422973698336,0.08722490606548577,2.6972624798711755
78,62.553676865271065,0.0067096081588835215,9.145195920558239,3.5292538915727323,2.4557165861513686,4.777241009125067,4.106280193236715,1.8719806763285025,8.769457863660762,0.08722490606548577,2.6972624798711755
79,62.30542136339238,0.0067096081588835215,10.057702630166398,4.025764895330113,2.4557165861513686,4.683306494900698,3.743961352657005,1.8719806763285025,8.3064949006978,0.08722490606548577,2.4557165861513686
80,63.36553945249597,0.0067096081588835215,9.514224369296834,4.005636070853462,1.9524959742351047,4.683306494900698,3.7372517444981215,1.6035963499731616,8.588298443370908,0.08722490606548577,2.4557165861513686
81,64.26462694578636,0.0067096081588835215,9.447128287707997,5.3341384863123995,1.9524959742351047,4.582662372517445,3.629898013955985,1.6035963499731616,6.635802469135802,0.08722490606548577,2.4557165861513686
82,64.79468599033817,0.0067096081588835215,9.39345142243693,5.280461621041331,1.9524959742351047,4.582662372517445,3.260869565217391,1.3888888888888888,6.320450885668277,0.5636070853462157,2.4557165861513686
83,65.14358561460011,0.0067096081588835215,9.306226516371444,5.018786902844874,1.9524959742351047,4.582662372517445,3.260869565217391,1.3888888888888888,6.320450885668277,0.5636070853462157,2.4557165861513686
84,64.92216854535695,0.0067096081588835215,9.098228663446054,5.018786902844874,1.9524959742351047,4.582662372517445,3.260869565217391,1.3888888888888888,6.749865807836822,0.5636070853462157,2.4557165861513686
85,65.82796564680622,0.0067096081588835215,8.514492753623188,4.676596886741814,1.8048845947396672,3.938539989264627,3.260869565217391,1.288244766505636,7.6623725174449815,0.5636070853462157,2.4557165861513686
86,67.57917337627482,0.0067096081588835215,8.340042941492216,4.502147074610843,1.7444981213097155,3.5762211486849167,3.260869565217391,1.2412775093934514,6.729736983360172,0.5636070853462157,2.4557165861513686
87,67.33762748255502,0.0067096081588835215,7.937466451959206,4.146537842190016,1.6572732152442298,3.5762211486849167,3.784219001610306,1.2412775093934514,7.434245840042942,0.46296296296296297,2.4154589371980677
88,66.09634997316157,0.0067096081588835215,10.983628556092324,3.683574879227053,1.6572732152442298,3.549382716049383,3.502415458937198,1.2412775093934514,6.427804616210413,0.43612453032742887,2.4154589371980677
89,65.77428878153516,0.0067096081588835215,10.929951690821255,3.683574879227053,1.6572732152442298,4.428341384863124,3.4286097691894795,1.6774020397208802,5.971551261406334,0.43612453032742887,2.006172839506173
90,65.8749329039184,0.0067096081588835215,10.63472893183038,3.361513687600644,1.2681159420289856,4.428341384863124,4.334406870638754,1.6774020397208802,5.971551261406334,0.43612453032742887,2.006172839506173
91,65.8749329039184,0.0067096081588835215,10.63472893183038,3.361513687600644,1.2681159420289856,4.428341384863124,4.334406870638754,1.6774020397208802,5.971551261406334,0.43612453032742887,2.006172839506173
92,66.26409017713365,0.0067096081588835215,10.420021470746109,3.307836822329576,1.1876006441223832,4.428341384863124,4.334406870638754,1.6706924315619969,5.938003220611916,0.43612453032742887,2.006172839506173
93,66.44524959742351,0.0067096081588835215,10.352925389157273,3.307836822329576,1.1876006441223832,4.428341384863124,4.2203435319377345,1.6706924315619969,5.938003220611916,0.43612453032742887,2.006172839506173
94,66.72034353193773,0.0067096081588835215,10.258990874932904,3.307836822329576,1.1607622114868492,3.717122920021471,4.2203435319377345,1.6706924315619969,6.823671497584541,0.43612453032742887,1.6774020397208802
95,66.4519592055824,0.0067096081588835215,10.084541062801932,3.307836822329576,1.1607622114868492,3.670155662909286,4.2203435319377345,1.1540526033279657,7.830112721417069,0.43612453032742887,1.6774020397208802
96,67.62614063338701,0.0067096081588835215,9.245840042941492,3.307836822329576,0.8387010198604401,3.670155662909286,4.213633923778851,1.1540526033279657,7.823403113258186,0.43612453032742887,1.6774020397208802
97,68.14949006977993,0.0067096081588835215,9.245840042941492,3.307836822329576,0.8387010198604401,3.388352120236178,4.213633923778851,1.1540526033279657,7.823403113258186,0.43612453032742887,1.4358561460010735
98,69.34380032206118,0.0067096081588835215,9.104938271604938,3.307836822329576,0.8387010198604401,2.9253891572732154,4.17337627482555,0.9326355340848095,7.555018786902845,0.3757380568974772,1.4358561460010735
99,70.41062801932367,0.0067096081588835215,8.239398819108963,3.2139023081052067,0.8387010198604401,2.9253891572732154,3.7037037037037037,0.9326355340848095,7.917337627482555,0.3757380568974772,1.4358561460010735
100,71.16210413311863,0.0067096081588835215,7.87037037037037,2.8918411164787976,1.596886741814278,2.737520128824477,3.046162104133119,0.9326355340848095,7.541599570585078,0.14761137949543746,2.0665593129361244
101,71.51771336553945,0.0067096081588835215,7.87037037037037,2.8650026838432634,1.596886741814278,2.623456790123457,3.046162104133119,0.9326355340848095,7.541599570585078,0.14761137949543746,1.8518518518518519
102,72.77911969940955,0.0067096081588835215,7.749597423510467,2.818035426731079,1.1003757380568975,2.4691358024691357,3.0193236714975846,0.8051529790660226,7.447665056360709,0.14761137949543746,1.6572732152442298
103,73.47020933977456,0.0067096081588835215,7.541599570585078,2.7844873859366612,1.1003757380568975,2.2611379495437465,3.0193236714975846,0.7716049382716049,7.239667203435319,0.14761137949543746,1.6572732152442298
104,74.39613526570048,0.0067096081588835215,7.37385936661299,2.4825550187869028,1.1003757380568975,2.2611379495437465,2.9790660225442833,0.6172839506172839,7.004830917874396,0.13419216317767044,1.6438539989264627
105,75.46967257112185,0.0067096081588835215,7.232957595276436,2.4825550187869028,1.0332796564680622,2.0933977455716586,2.7643585614600106,0.6172839506172839,6.709608158883521,0.13419216317767044,1.4559849704777241
106,76.16076221148685,0.0067096081588835215,7.232957595276436,2.4825550187869028,1.0332796564680622,2.0799785292538915,2.7106816961889426,0.6172839506172839,6.085614600107354,0.13419216317767044,1.4559849704777241
107,76.8317230273752,0.0067096081588835215,7.226247987117552,2.3349436392914655,0.9460547504025765,1.8451422436929683,2.677133655394525,0.5434782608695652,6.025228126677402,0.13419216317767044,1.42914653784219
108,77.99248523886205,0.0067096081588835215,7.112184648416532,2.3349436392914655,0.9460547504025765,1.6438539989264627,2.677133655394525,0.5434782608695652,5.703166935050993,0.13419216317767044,0.9057971014492754
109,79.46859903381643,0.0067096081588835215,6.608964036500268,2.1806226516371443,0.9460547504025765,1.556629092860977,2.677133655394525,0.4428341384863124,5.10601180891036,0.13419216317767044,0.8722490606548577
110,79.9718196457327,0.0067096081588835215,6.528448738593666,2.1806226516371443,0.9460547504025765,1.556629092860977,2.6435856146001075,0.4428341384863124,5.059044551798175,0.13419216317767044,0.5300590445517982
111,80.73000536768653,0.0067096081588835215,6.213097155126141,2.15378421900161,0.9460547504025765,1.556629092860977,2.6435856146001075,0.4428341384863124,4.643048845947397,0.13419216317767044,0.5300590445517982
112,79.89801395598496,0.0067096081588835215,6.179549114331723,2.15378421900161,1.9189479334406871,1.556629092860977,2.6435856146001075,0.4294149221685454,4.602791196994096,0.13419216317767044,0.47638217928073
113,79.89801395598496,0.0067096081588835215,6.179549114331723,2.15378421900161,1.9189479334406871,1.556629092860977,2.6435856146001075,0.4294149221685454,4.602791196994096,0.13419216317767044,0.47638217928073
114,79.49543746645196,0.0067096081588835215,6.139291465378422,2.073268921095008,2.7777777777777777,1.556629092860977,2.6167471819645733,0.39586688137412773,4.327697262479871,0.13419216317767044,0.47638217928073
115,78.0931293612453,0.0067096081588835215,5.877616747181965,2.073268921095008,2.623456790123457,1.556629092860977,2.6167471819645733,0.39586688137412773,6.146001073537305,0.13419216317767044,0.47638217928073
116,77.19404186795491,0.0067096081588835215,5.763553408480945,2.073268921095008,4.025764895330113,1.556629092860977,2.428878153515835,0.39586688137412773,5.9447128287707995,0.13419216317767044,0.47638217928073
117,77.25442834138487,0.0067096081588835215,5.763553408480945,2.073268921095008,4.025764895330113,1.556629092860977,2.428878153515835,0.39586688137412773,5.884326355340848,0.13419216317767044,0.47638217928073
118,76.89881910896403,0.0067096081588835215,5.5756843800322065,2.073268921095008,3.81105743424584,1.556629092860977,2.4221685453569513,0.39586688137412773,6.649221685453569,0.13419216317767044,0.47638217928073
119,77.38191089640365,0.0067096081588835215,5.555555555555555,1.7646269457863661,3.81105743424584,1.5432098765432098,2.4221685453569513,0.39586688137412773,6.508319914117015,0.13419216317767044,0.47638217928073
120,77.30810520665594,0.0067096081588835215,5.528717122920021,1.3821792807300053,3.81105743424584,2.314814814814815,2.281266774020397,0.39586688137412773,6.468062265163715,0.13419216317767044,0.36902844873859364
121,77.4825550187869,0.0067096081588835215,5.293880837359098,1.3821792807300053,3.81105743424584,1.9457863660762211,2.9388083735909825,0.322061191626409,6.333870101986044,0.13419216317767044,0.3488996242619431
122,77.70397208803006,0.0067096081588835215,5.092592592592593,1.3821792807300053,3.81105743424584,1.9457863660762211,2.9388083735909825,0.30193236714975846,6.333870101986044,0.13419216317767044,0.3488996242619431
123,78.08641975308642,0.0067096081588835215,4.8443370907139025,1.3821792807300053,3.81105743424584,1.9457863660762211,2.818035426731079,0.30193236714975846,6.320450885668277,0.13419216317767044,0.3488996242619431
124,78.48899624261944,0.0067096081588835215,4.8443370907139025,1.3821792807300053,3.81105743424584,1.7042404723564144,2.818035426731079,0.30193236714975846,6.159420289855072,0.13419216317767044,0.3488996242619431
125,78.04616210413312,0.0067096081588835215,4.8443370907139025,1.3821792807300053,3.2877079978529253,1.7042404723564144,2.818035426731079,0.30193236714975846,7.125603864734299,0.13419216317767044,0.3488996242619431
126,78.32796564680622,0.0067096081588835215,4.703435319377348,1.3217928073000538,3.2877079978529253,1.7042404723564144,2.818035426731079,0.30193236714975846,7.0450885668276975,0.13419216317767044,0.3488996242619431
127,77.63016639828234,0.0067096081588835215,4.676596886741814,2.26784755770263,3.2877079978529253,1.4962426194310252,2.804616210413312,0.30193236714975846,7.0450885668276975,0.13419216317767044,0.3488996242619431
128,78.00590445517982,0.0067096081588835215,4.30756843800322,2.26784755770263,3.2877079978529253,1.4895330112721417,2.804616210413312,0.30193236714975846,7.0450885668276975,0.13419216317767044,0.3488996242619431
129,78.1333870101986,0.0067096081588835215,4.240472356414386,2.26784755770263,3.2877079978529253,1.4761137949543746,2.804616210413312,0.30193236714975846,7.004830917874396,0.13419216317767044,0.3421900161030596
130,78.16022544283413,0.0067096081588835215,4.240472356414386,2.26784755770263,3.2877079978529253,1.4492753623188406,2.804616210413312,0.30193236714975846,7.004830917874396,0.13419216317767044,0.3421900161030596
131,78.23403113258186,0.0067096081588835215,4.240472356414386,2.26784755770263,3.2877079978529253,1.4492753623188406,2.7844873859366612,0.30193236714975846,6.951154052603328,0.13419216317767044,0.3421900161030596
132,78.23403113258186,0.0067096081588835215,4.240472356414386,2.26784755770263,3.2877079978529253,1.4492753623188406,2.7844873859366612,0.30193236714975846,6.951154052603328,0.13419216317767044,0.3421900161030596
133,77.68384326355341,0.0067096081588835215,4.240472356414386,2.26784755770263,4.045893719806763,1.4492753623188406,2.7844873859366612,0.30193236714975846,6.743156199677939,0.13419216317767044,0.3421900161030596
134,77.8515834675255,0.0067096081588835215,4.240472356414386,2.26784755770263,4.045893719806763,1.4224369296833066,2.7844873859366612,0.30193236714975846,6.743156199677939,0.13419216317767044,0.20128824476650564
135,78.36822329575953,0.0067096081588835215,4.240472356414386,2.26784755770263,4.019055287171229,1.402308105206656,2.7442297369833604,0.30193236714975846,6.3137412775093935,0.13419216317767044,0.20128824476650564
136,78.61647879763822,0.0067096081588835215,4.186795491143317,2.26784755770263,3.9720880300590444,1.2546967257112185,2.7442297369833604,0.30193236714975846,6.3137412775093935,0.13419216317767044,0.20128824476650564
137,77.98577563070317,0.0067096081588835215,4.817498658078368,2.26784755770263,3.9720880300590444,1.2546967257112185,2.7442297369833604,0.30193236714975846,6.3137412775093935,0.13419216317767044,0.20128824476650564
138,78.26757917337628,0.0067096081588835215,4.53569511540526,2.26784755770263,3.9720880300590444,1.2546967257112185,2.7442297369833604,0.30193236714975846,6.3137412775093935,0.13419216317767044,0.20128824476650564
139,78.85802469135803,0.0067096081588835215,4.441760601180891,2.214170692431562,3.9720880300590444,1.221148684916801,2.7308105206655933,0.30193236714975846,5.917874396135265,0.13419216317767044,0.20128824476650564
140,78.67015566290928,0.0067096081588835215,4.435050993022007,3.0394524959742353,3.9519592055823938,1.221148684916801,2.2879763821792807,0.30193236714975846,5.750134192163178,0.13419216317767044,0.20128824476650564
141,79.13982823403113,0.0067096081588835215,4.408212560386473,2.945517981749866,3.9519592055823938,1.221148684916801,2.1604938271604937,0.30193236714975846,5.662909286097692,,0.20128824476650564
142,79.30085882984433,0.0067096081588835215,4.374664519592056,2.871712292002147,3.9519592055823938,1.221148684916801,2.1135265700483092,0.30193236714975846,5.656199677938808,,0.20128824476650564
143,79.89801395598496,0.0067096081588835215,4.213633923778851,2.5429414922168547,3.92512077294686,1.221148684916801,2.073268921095008,0.30193236714975846,5.615942028985507,,0.20128824476650564
144,79.83762748255502,0.0067096081588835215,3.992216854535695,2.5429414922168547,3.92512077294686,1.221148684916801,2.073268921095008,0.30193236714975846,5.897745571658615,,0.20128824476650564
145,79.93827160493827,0.0067096081588835215,3.9452495974235107,2.522812667740204,3.92512077294686,1.221148684916801,2.073268921095008,0.30193236714975846,5.864197530864198,,0.20128824476650564
146,78.94524959742351,0.0067096081588835215,4.817498658078368,3.435319377348363,3.421900161030596,1.221148684916801,2.073268921095008,0.2683843263553409,5.609232420826624,,0.20128824476650564
147,78.9922168545357,0.0067096081588835215,4.817498658078368,3.435319377348363,3.421900161030596,1.221148684916801,2.0263016639828235,0.2683843263553409,5.609232420826624,,0.20128824476650564
148,78.5024154589372,0.0067096081588835215,4.367954911433173,3.435319377348363,3.421900161030596,1.221148684916801,2.0263016639828235,0.2683843263553409,6.5485775630703165,,0.20128824476650564
149,77.74422973698336,0.0067096081588835215,4.367954911433173,4.374664519592056,3.421900161030596,1.1406333870101986,2.0263016639828235,0.2683843263553409,6.468062265163715,,0.18115942028985507
150,77.05984970477724,0.0067096081588835215,4.334406870638754,4.374664519592056,3.421900161030596,1.093666129898014,2.01959205582394,0.2683843263553409,7.239667203435319,,0.18115942028985507
151,76.91894793344069,0.0067096081588835215,4.2203435319377345,4.374664519592056,3.421900161030596,1.093666129898014,2.5563607085346214,0.2683843263553409,6.957863660762212,,0.18115942028985507
152,78.0931293612453,0.0067096081588835215,3.8580246913580245,4.012345679012346,3.079710144927536,1.093666129898014,2.5563607085346214,0.18115942028985507,6.937734836285561,,0.18115942028985507
153,78.2541599570585,0.0067096081588835215,3.770799785292539,4.012345679012346,3.079710144927536,1.093666129898014,2.509393451422437,0.18115942028985507,6.910896403650026,,0.18115942028985507
154,78.67686527106817,0.0067096081588835215,3.374932903918411,4.012345679012346,3.079710144927536,1.093666129898014,2.509393451422437,0.18115942028985507,6.884057971014493,,0.18115942028985507
155,78.71041331186258,0.0067096081588835215,3.3413848631239937,4.012345679012346,3.079710144927536,1.093666129898014,2.509393451422437,0.18115942028985507,6.884057971014493,,0.18115942028985507
156,78.73725174449812,0.0067096081588835215,3.33467525496511,4.012345679012346,3.079710144927536,1.093666129898014,2.509393451422437,0.18115942028985507,6.863929146537842,,0.18115942028985507
157,79.7638217928073,0.0067096081588835215,2.999194847020934,3.656736446591519,3.079710144927536,1.0735373054213635,2.24771873322598,0.18115942028985507,6.837090713902308,,0.15432098765432098
158,79.7638217928073,0.0067096081588835215,2.999194847020934,3.656736446591519,3.079710144927536,1.0735373054213635,2.24771873322598,0.18115942028985507,6.837090713902308,,0.15432098765432098
159,80.22007514761138,0.0067096081588835215,2.985775630703167,3.3413848631239937,3.079710144927536,0.9997316156736447,2.214170692431562,0.18115942028985507,6.816961889425658,,0.15432098765432098
160,79.78395061728395,0.0067096081588835215,2.985775630703167,3.3413848631239937,3.515834675254965,0.9997316156736447,2.214170692431562,0.18115942028985507,6.816961889425658,,0.15432098765432098
161,80.15968867418142,0.0067096081588835215,2.9388083735909825,3.3413848631239937,3.3548040794417604,0.9594739667203436,2.214170692431562,0.18115942028985507,6.689479334406871,,0.15432098765432098
162,80.48174986580784,0.0067096081588835215,2.9388083735909825,3.3413848631239937,3.3548040794417604,0.9594739667203436,2.214170692431562,0.18115942028985507,6.367418142780462,,0.15432098765432098
163,80.50187869028449,0.0067096081588835215,2.9388083735909825,3.3413848631239937,3.3548040794417604,0.9594739667203436,2.214170692431562,0.18115942028985507,6.347289318303811,,0.15432098765432098
164,80.50187869028449,0.0067096081588835215,2.9388083735909825,3.3413848631239937,3.3548040794417604,0.9594739667203436,2.214170692431562,0.18115942028985507,6.347289318303811,,0.15432098765432098
165,80.50187869028449,0.0067096081588835215,2.9388083735909825,3.3413848631239937,3.3548040794417604,0.9594739667203436,2.214170692431562,0.18115942028985507,6.347289318303811,,0.15432098765432098
166,80.44820182501341,0.0067096081588835215,2.9388083735909825,3.3413848631239937,3.408480944712829,0.9594739667203436,2.214170692431562,0.18115942028985507,6.347289318303811,,0.15432098765432098
167,80.93800322061192,0.0067096081588835215,2.9388083735909825,3.3413848631239937,3.1333870101986045,0.9594739667203436,2.214170692431562,0.18115942028985507,6.132581857219538,,0.15432098765432098
168,81.91089640365003,0.0067096081588835215,2.8247450348899625,2.657004830917874,3.1333870101986045,0.9594739667203436,2.214170692431562,0.18115942028985507,6.025228126677402,,0.08722490606548577
169,82.01154052603329,0.0067096081588835215,2.8247450348899625,2.657004830917874,3.1333870101986045,0.9594739667203436,2.2074610842726785,0.18115942028985507,5.931293612453032,,0.08722490606548577
170,82.29334406870639,0.0067096081588835215,2.5496511003757383,2.657004830917874,3.1333870101986045,0.9594739667203436,2.2074610842726785,0.17444981213097155,5.931293612453032,,0.08722490606548577
171,82.35373054213633,0.0067096081588835215,2.5496511003757383,2.6033279656468062,3.1333870101986045,0.9594739667203436,2.2074610842726785,0.17444981213097155,5.924584004294149,,0.08722490606548577
172,82.47450348899625,0.0067096081588835215,2.4825550187869028,2.6033279656468062,3.1333870101986045,0.95276435856146,2.2074610842726785,0.17444981213097155,5.911164787976382,,0.05367686527106817
173,81.85050993022007,0.0067096081588835215,2.4825550187869028,3.4957058507783145,3.1333870101986045,0.95276435856146,1.9390767579173376,0.17444981213097155,5.911164787976382,,0.05367686527106817
174,82.07192699946323,0.0067096081588835215,2.4825550187869028,3.4688674181427803,3.1333870101986045,0.95276435856146,1.90552871712292,0.17444981213097155,5.750134192163178,,0.05367686527106817
175,83.21926999463231,0.0067096081588835215,2.4825550187869028,2.952227589908749,3.1333870101986045,0.95276435856146,1.90552871712292,0.17444981213097155,5.119431025228127,,0.05367686527106817
176,83.21926999463231,0.0067096081588835215,2.4825550187869028,2.952227589908749,3.1333870101986045,0.95276435856146,1.90552871712292,0.17444981213097155,5.119431025228127,,0.05367686527106817
177,83.21926999463231,0.0067096081588835215,2.4825550187869028,2.952227589908749,3.1333870101986045,0.95276435856146,1.90552871712292,0.17444981213097155,5.119431025228127,,0.05367686527106817
178,83.01798174986581,0.0067096081588835215,2.4355877616747184,2.952227589908749,4.05931293612453,0.8923778851315083,1.5499194847020934,0.1610305958132045,4.87788513150832,,0.04696725711218465
179,82.41411701556629,0.0067096081588835215,2.4221685453569513,2.952227589908749,4.783950617283951,0.8923778851315083,1.5499194847020934,0.1610305958132045,4.770531400966184,,0.04696725711218465
180,82.62211486849168,0.0067096081588835215,2.4221685453569513,2.9119699409554483,4.690016103059581,0.8923778851315083,1.5499194847020934,0.1610305958132045,4.696725711218465,,0.04696725711218465
181,82.62211486849168,0.0067096081588835215,2.4221685453569513,2.9119699409554483,4.690016103059581,0.8923778851315083,1.5499194847020934,0.1610305958132045,4.696725711218465,,0.04696725711218465
182,82.68250134192164,0.0067096081588835215,2.4221685453569513,2.9119699409554483,4.690016103059581,0.8454106280193237,1.5499194847020934,0.1610305958132045,4.683306494900698,,0.04696725711218465
183,82.9441760601181,0.0067096081588835215,2.4221685453569513,2.7308105206655933,4.690016103059581,0.8454106280193237,1.5499194847020934,0.1610305958132045,4.602791196994096,,0.04696725711218465
184,83.03811057434245,0.0067096081588835215,2.408749329039184,2.7308105206655933,4.62962962962963,0.8454106280193237,1.5499194847020934,0.1610305958132045,4.582662372517445,,0.04696725711218465
185,83.03811057434245,0.0067096081588835215,2.408749329039184,2.7308105206655933,4.62962962962963,0.8454106280193237,1.5499194847020934,0.1610305958132045,4.582662372517445,,0.04696725711218465
186,83.07165861513688,0.0067096081588835215,2.3752012882447664,2.7308105206655933,4.62962962962963,0.8454106280193237,1.5499194847020934,0.1610305958132045,4.582662372517445,,0.04696725711218465
187,83.09849704777241,0.0067096081588835215,2.3752012882447664,2.7308105206655933,4.62962962962963,0.8185721953837896,1.5499194847020934,0.1610305958132045,4.582662372517445,,0.04696725711218465
188,83.13204508856683,0.0067096081588835215,2.3752012882447664,2.7308105206655933,4.5960815888352125,0.8185721953837896,1.5499194847020934,0.1610305958132045,4.582662372517445,,0.04696725711218465
189,83.75603864734299,0.0067096081588835215,2.3752012882447664,2.1068169618894257,4.5960815888352125,0.8185721953837896,1.5499194847020934,0.1610305958132045,4.582662372517445,,0.04696725711218465
190,83.75603864734299,0.0067096081588835215,2.3752012882447664,2.1068169618894257,4.5960815888352125,0.8185721953837896,1.5499194847020934,0.1610305958132045,4.582662372517445,,0.04696725711218465
191,82.88378958668814,0.0067096081588835215,2.3752012882447664,2.1068169618894257,5.515297906602254,0.8118625872249061,1.5499194847020934,0.1610305958132045,4.575952764358561,,0.013419216317767043
192,82.27321524422973,0.0067096081588835215,2.3483628556092326,2.059849704777241,5.441492216854535,0.8118625872249061,2.314814814814815,0.1610305958132045,4.569243156199678,,0.013419216317767043
193,83.05823939881911,0.0067096081588835215,2.1604938271604937,2.059849704777241,4.87788513150832,0.8118625872249061,2.281266774020397,0.1610305958132045,4.569243156199678,,0.013419216317767043
194,83.19914117015567,0.0067096081588835215,2.1403650026838434,2.059849704777241,4.87788513150832,0.8051529790660226,2.167203435319377,0.1610305958132045,4.569243156199678,,0.013419216317767043
195,84.45383789586688,0.0067096081588835215,2.1403650026838434,2.059849704777241,4.119699409554482,0.6843800322061192,2.167203435319377,0.1610305958132045,4.193505099302201,,0.013419216317767043
196,84.54106280193237,0.0067096081588835215,2.1403650026838434,2.059849704777241,4.119699409554482,0.6843800322061192,2.167203435319377,0.10735373054213634,4.159957058507783,,0.013419216317767043
197,84.58803005904456,0.0067096081588835215,2.100107353730542,2.0531400966183573,4.119699409554482,0.6843800322061192,2.167203435319377,0.10735373054213634,4.159957058507783,,0.013419216317767043
198,83.21926999463231,0.0067096081588835215,2.006172839506173,3.0059044551798175,4.025764895330113,0.6843800322061192,1.8384326355340848,0.10735373054213634,5.092592592592593,,0.013419216317767043
199,83.2662372517445,0.0067096081588835215,2.006172839506173,3.0059044551798175,4.025764895330113,0.6843800322061192,1.8384326355340848,0.10735373054213634,5.045625335480408,,0.013419216317767043
200,82.88378958668814,0.0067096081588835215,2.006172839506173,2.4825550187869028,4.998658078368224,0.6843800322061192,1.8384326355340848,0.10735373054213634,4.978529253891573,,0.013419216317767043
201,83.11191626409018,0.0067096081588835215,1.9122383252818036,2.4825550187869028,4.938271604938271,0.6843800322061192,1.7646269457863661,0.10735373054213634,4.978529253891573,,0.013419216317767043
202,83.21256038647343,0.0067096081588835215,1.9122383252818036,2.4221685453569513,4.938271604938271,0.6843800322061192,1.7310789049919484,0.10735373054213634,4.978529253891573,,0.0067096081588835215
203,83.54133118625872,0.0067096081588835215,1.9122383252818036,2.4221685453569513,4.609500805152979,0.6843800322061192,1.7310789049919484,0.10735373054213634,4.978529253891573,,0.0067096081588835215
204,83.70236178207193,0.0067096081588835215,1.751207729468599,2.4221685453569513,4.609500805152979,0.6843800322061192,1.7310789049919484,0.10735373054213634,4.978529253891573,,0.0067096081588835215
205,83.70236178207193,0.0067096081588835215,1.751207729468599,2.4221685453569513,4.609500805152979,0.6843800322061192,1.7310789049919484,0.10735373054213634,4.978529253891573,,0.0067096081588835215
206,83.71578099838969,0.0067096081588835215,1.751207729468599,2.4221685453569513,4.609500805152979,0.6843800322061192,1.7310789049919484,0.10735373054213634,4.9651100375738055,,0.0067096081588835215
207,83.71578099838969,0.0067096081588835215,1.751207729468599,2.4221685453569513,4.609500805152979,0.6843800322061192,1.7310789049919484,0.10735373054213634,4.9651100375738055,,0.0067096081588835215
208,84.07139023081052,0.0067096081588835215,1.751207729468599,2.4221685453569513,4.253891572732153,0.6843800322061192,1.7310789049919484,0.10735373054213634,4.9651100375738055,,0.0067096081588835215
209,83.33333333333333,0.0067096081588835215,2.7308105206655933,2.4221685453569513,4.206924315619967,0.49651100375738055,1.724369296833065,0.10735373054213634,4.9651100375738055,,0.0067096081588835215
210,83.53462157809984,0.0067096081588835215,2.7308105206655933,2.2342995169082127,4.206924315619967,0.49651100375738055,1.724369296833065,0.10735373054213634,4.951690821256038,,0.0067096081588835215
211,83.08507783145464,0.0067096081588835215,2.7308105206655933,2.2342995169082127,4.206924315619967,0.9796027911969941,1.7042404723564144,0.10735373054213634,4.938271604938271,,0.0067096081588835215
212,83.27965646806227,0.0067096081588835215,2.7308105206655933,2.2342995169082127,4.206924315619967,0.95276435856146,1.5365002683843263,0.10735373054213634,4.938271604938271,,0.0067096081588835215
213,83.85668276972625,0.0067096081588835215,2.7106816961889426,2.1739130434782608,3.965378421900161,0.95276435856146,1.5365002683843263,0.10735373054213634,4.683306494900698,,0.0067096081588835215
214,83.85668276972625,0.0067096081588835215,2.7106816961889426,2.1739130434782608,3.965378421900161,0.95276435856146,1.5365002683843263,0.10735373054213634,4.683306494900698,,0.0067096081588835215
215,83.85668276972625,0.0067096081588835215,2.7106816961889426,2.1739130434782608,3.965378421900161,0.95276435856146,1.5365002683843263,0.10735373054213634,4.683306494900698,,0.0067096081588835215
216,83.88352120236178,0.0067096081588835215,2.7106816961889426,2.1739130434782608,3.965378421900161,0.95276435856146,1.5297906602254427,0.10735373054213634,4.663177670424047,,0.0067096081588835215
217,84.4873859366613,0.0067096081588835215,2.7106816961889426,2.1739130434782608,3.5091250670960816,0.8990874932903918,1.5297906602254427,0.10735373054213634,4.569243156199678,,0.0067096081588835215
218,84.56119162640901,0.0067096081588835215,2.7106816961889426,2.1739130434782608,3.435319377348363,0.8990874932903918,1.5297906602254427,0.10735373054213634,4.569243156199678,,0.0067096081588835215
