,40,45,50,51,55,41,52,53,54,49
0,0.8454106280193237,39.090177133655395,60.06441223832528,,,,,,,
1,2.314814814814815,35.69511540526033,59.14519592055824,1.3352120236178207,1.5096618357487923,,,,,
2,4.045893719806763,26.187600644122384,61.37949543746645,1.3352120236178207,4.609500805152979,0.2683843263553409,0.7112184648416533,0.966183574879227,0.49651100375738055,
3,5.656199677938808,15.854804079441761,70.84004294149221,0.95276435856146,3.603059581320451,0.966183574879227,0.7112184648416533,0.9192163177670424,0.49651100375738055,
4,5.387815351583468,9.158615136876007,75.51663982823403,0.95276435856146,5.917874396135265,1.3888888888888888,,0.6575415995705851,1.0198604401502953,
5,6.125872249060655,8.870101986044014,68.9345142243693,0.95276435856146,11.211755233494364,1.2345679012345678,0.9728931830381106,0.4428341384863124,1.2546967257112185,
6,4.5893719806763285,3.4822866344605474,67.86097691894793,4.367954911433173,13.922436929683306,1.2345679012345678,0.5703166935050993,1.0601180891035964,2.9119699409554483,
7,4.582662372517445,1.1205045625335481,80.01878690284488,,10.567632850241546,1.1137949543746646,,0.4227053140096618,2.1739130434782608,
8,5.3274288781535155,1.1205045625335481,78.55609232420827,,10.802469135802468,1.1137949543746646,,0.1610305958132045,2.918679549114332,
9,4.012345679012346,0.8655394524959742,63.10386473429951,6.488191089640365,16.894793344068706,1.2278582930756843,2.4154589371980677,0.10735373054213634,4.884594739667204,
10,4.414922168545357,0.7246376811594203,63.7211486849168,6.394256575415996,13.727858293075684,1.6237251744498122,1.9927536231884058,1.724369296833065,5.676328502415459,
11,2.7308105206655933,0.4294149221685454,79.86446591519055,4.441760601180891,7.64224369296833,1.0332796564680622,1.9189479334406871,0.5636070853462157,1.3754696725711217,
12,3.6902844873859366,0.4294149221685454,71.69887278582931,7.112184648416532,12.23161567364466,1.1540526033279657,1.9189479334406871,0.5636070853462157,1.2010198604401503,
13,5.837359098228664,0.4092860976918948,63.0300590445518,10.205314009661835,14.579978529253891,1.3821792807300053,1.9189479334406871,1.4358561460010735,1.2010198604401503,
14,5.756843800322061,0.4092860976918948,53.274288781535155,17.800590445517983,15.103327965646805,0.9057971014492754,1.9189479334406871,1.4358561460010735,3.3950617283950617,
15,7.501341921631776,0.4092860976918948,54.51556629092861,11.963231347289318,14.49946323134729,1.2546967257112185,2.8918411164787976,2.2879763821792807,4.676596886741814,
16,6.132581857219538,0.1878690284487386,57.045088566827694,13.969404186795492,11.533816425120772,1.4224369296833066,2.046430488459474,1.7042404723564144,1.9927536231884058,3.965378421900161
17,6.830381105743425,0.040257648953301126,53.09983896940419,11.668008588298443,12.52012882447665,1.1406333870101986,4.555823939881911,2.4691358024691357,4.274020397208803,3.4017713365539453
18,5.12614063338701,0.026838432635534086,62.59393451422437,7.25979602791197,11.79549114331723,1.0064412238325282,4.622920021470746,2.0397208803005906,1.7981749865807837,3.730542136339238
19,7.809983896940419,0.026838432635534086,54.85775630703167,11.05072463768116,12.828770799785293,1.3016639828234031,4.810789049919484,2.0397208803005906,1.7981749865807837,3.475577026301664
20,8.05823939881911,,52.16720343531938,14.445786366076222,11.808910359634996,1.0064412238325282,3.8043478260869565,1.4761137949543746,3.2004830917874396,4.032474503488996
21,10.970209339774557,,48.66478797638218,13.553408480944713,11.60762211486849,0.9728931830381106,3.603059581320451,2.9589371980676327,3.656736446591519,4.012345679012346
22,10.299248523886206,,55.34084809447128,9.930220075147611,7.011540526033279,1.8988191089640365,1.8451422436929683,2.7844873859366612,3.770799785292539,7.118894256575416
23,9.634997316156737,,60.339506172839506,5.5756843800322065,6.052066559312936,1.3754696725711217,2.7442297369833604,2.187332259796028,5.850778314546431,6.239935587761675
24,11.721685453569512,,56.21309715512614,5.522007514761138,6.474771873322598,1.5901771336553945,2.6704240472356413,2.9723564143853998,7.132313472893183,5.703166935050993
25,11.634460547504025,,58.47423510466989,5.401234567901234,5.763553408480945,1.2681159420289856,3.3011272141706924,2.3550724637681157,6.293612453032743,5.508588298443371
26,9.91009125067096,,62.64761137949544,5.307300053676865,3.1870638754696725,1.328502415458937,3.992216854535695,2.26784755770263,6.447933440687064,4.911433172302737
27,8.977455716586151,,35.37305421363392,4.30756843800322,3.0864197530864197,1.1607622114868492,3.046162104133119,2.3550724637681157,6.951154052603328,34.74235104669887
28,7.253086419753086,,43.605743424584006,5.293880837359098,1.5365002683843263,1.1137949543746646,2.7979066022544283,1.6639828234031133,5.253623188405797,31.48148148148148
29,6.273483628556092,,55.42807300053677,3.9989264626945786,1.1003757380568975,0.5904455179817498,2.965646806226516,2.932098765432099,7.300053676865271,19.410896403650028
30,9.500805152979066,,50.348899624261946,4.253891572732153,1.0131508319914118,0.5904455179817498,2.818035426731079,2.4355877616747184,10.02415458937198,19.0150295222759
31,11.621041331186259,,47.725442834138484,3.9184111647879765,1.0131508319914118,0.5904455179817498,2.7241009125067097,1.9390767579173376,13.083735909822867,17.384594739667204
32,11.600912506709609,,46.08829844337091,3.9586688137412773,2.13365539452496,0.5904455179817498,2.073268921095008,2.341653247450349,17.498658078368223,13.714439076757918
33,9.252549651100376,,49.06736446591519,3.9586688137412773,2.1269457863660763,0.5904455179817498,2.073268921095008,3.260869565217391,16.76731078904992,12.902576489533011
34,9.695383789586689,,45.61862587224906,5.0791733762748255,3.7104133118625873,0.46296296296296297,2.4691358024691357,3.0394524959742353,19.330381105743424,10.59447128287708
35,11.869296833064949,,40.47906602254428,4.783950617283951,5.193236714975845,0.46296296296296297,3.864734299516908,4.28743961352657,18.82716049382716,10.23215244229737
36,11.936392914653783,,37.64090177133655,4.750402576489533,6.286902844873859,0.39586688137412773,3.864734299516908,3.9452495974235107,20.954106280193237,10.225442834138486
37,12.25174449812131,,35.72195383789587,4.005636070853462,5.756843800322061,0.39586688137412773,6.830381105743425,3.3950617283950617,22.987117552334944,8.655394524959743
38,12.647611379495437,,33.3064949006978,4.49543746645196,5.421363392377885,0.3757380568974772,7.300053676865271,3.33467525496511,24.54374664519592,8.57487922705314
39,11.198336017176597,,41.116478797638216,2.918679549114332,5.005367686527107,0.08051529790660225,3.7909286097691894,4.38137412775094,23.899624261943103,7.608695652173913
40,12.27187332259796,,36.600912506709605,2.918679549114332,5.797101449275362,0.08051529790660225,3.569511540526033,5.515297906602254,26.536500268384327,6.709608158883521
41,14.472624798711756,,33.36688137412775,2.9052603327965647,5.6964573268921095,0.08051529790660225,3.126677402039721,5.508588298443371,28.60305958132045,6.239935587761675
42,16.740472356414386,,30.783682232957595,2.7777777777777777,6.139291465378422,0.08051529790660225,2.49597423510467,5.60252281266774,29.750402576489535,5.629361245303274
43,15.385131508319914,,28.663446054750402,2.7777777777777777,6.427804616210413,0.08051529790660225,2.7106816961889426,7.877079978529254,30.515297906602253,5.562265163714439
44,15.579710144927537,,26.7512077294686,3.2004830917874396,5.924584004294149,0.08051529790660225,2.9388083735909825,7.729468599033816,32.66237251744498,5.132850241545894
45,12.949543746645196,,40.3918411164788,1.3888888888888888,3.3145464304884595,0.08051529790660225,2.0397208803005906,6.038647342995169,30.19994632313473,3.5963499731615673
46,14.452495974235104,,35.94337090713902,1.9659151905528718,2.4020397208803006,0.08051529790660225,1.4559849704777241,5.8239398819108965,34.72222222222222,3.1535158346752548
47,16.82769726247987,,32.52818035426731,1.570048309178744,2.3550724637681157,0.05367686527106817,1.0735373054213635,7.105475040257649,35.59447128287708,2.8918411164787976
48,15.566290928609769,,43.10923242082662,0.798443370907139,2.227589908749329,0.05367686527106817,0.6374127750939346,6.488191089640365,28.609769189479334,2.509393451422437
49,14.15727321524423,,53.14680622651637,0.7514761137949544,3.321256038647343,0.05367686527106817,0.5032206119162641,3.3011272141706924,22.79253891572732,1.9726247987117553
50,16.358024691358025,,48.28234031132582,0.7514761137949544,4.126409017713366,0.05367686527106817,0.5032206119162641,3.2474503488996245,24.704777241009126,1.9726247987117553
51,19.14922168545357,,44.63231347289318,0.7514761137949544,4.797369833601718,0.05367686527106817,0.5032206119162641,3.2474503488996245,25.0,1.865271068169619
52,20.135534084809446,,40.693773483628554,0.7514761137949544,4.703435319377348,0.05367686527106817,1.2815351583467525,3.589640365002684,26.939076757917338,1.8518518518518519
53,19.706119162640903,,38.65405260332797,0.5233494363929146,5.387815351583468,0.05367686527106817,2.791196994095545,4.683306494900698,26.435856146001072,1.7646269457863661
54,16.29092860976919,,47.27589908749329,0.46296296296296297,5.159688674181428,0.040257648953301126,2.5429414922168547,3.938539989264627,22.6784755770263,1.6103059581320451
55,16.411701556629094,,43.592324208266234,0.3488996242619431,8.225979602791197,0.040257648953301126,2.5429414922168547,4.8376274825550185,22.457058507783145,1.5432098765432098
56,17.03569511540526,,41.727053140096615,0.3488996242619431,8.709071390230811,0.040257648953301126,2.737520128824477,4.8376274825550185,23.020665593129362,1.5432098765432098
57,18.572195383789587,,36.05072463768116,2.8515834675254963,10.299248523886206,0.040257648953301126,2.6838432635534084,5.434782608695652,22.913311862587225,1.1540526033279657
58,19.847020933977454,,35.17176596886742,2.7241009125067097,9.796027911969942,0.040257648953301126,2.328234031132582,5.434782608695652,23.53059581320451,1.1272141706924315
59,22.034353193773484,,32.971014492753625,1.9793344068706387,10.19189479334407,0.040257648953301126,2.999194847020934,5.394524959742351,23.62453032742888,0.7648953301127214
60,21.4170692431562,,30.16639828234031,1.6438539989264627,10.473698336017177,0.040257648953301126,2.999194847020934,6.816961889425658,25.677670424047236,0.7648953301127214
61,20.665593129361245,,26.38888888888889,2.6704240472356413,11.688137412775093,0.040257648953301126,2.690552871712292,7.105475040257649,27.985775630703166,0.7648953301127214
62,20.578368223295758,,23.403113258185723,3.3011272141706924,14.412238325281804,0.040257648953301126,3.0864197530864197,7.4208266237251745,26.99946323134729,0.7581857219538379
63,22.17525496511004,,22.52415458937198,3.3011272141706924,14.673913043478262,0.040257648953301126,3.0730005367686526,7.4208266237251745,26.03327965646806,0.7581857219538379
64,22.537573805689746,,20.437466451959207,2.6167471819645733,14.888620504562533,0.040257648953301126,3.5829307568438002,8.004562533548041,27.140365002683843,0.7514761137949544
65,21.846484165324746,,19.652442297369834,2.49597423510467,13.47289318303811,0.040257648953301126,8.145464304884594,8.21256038647343,25.43612453032743,0.6977992485238862
66,22.208803005904453,,18.075684380032207,2.147074610842727,13.170960815888352,0.040257648953301126,7.924047235641439,8.179012345679013,27.556360708534623,0.6977992485238862
67,22.396672034353195,,16.358024691358025,2.0531400966183573,13.385668276972625,0.040257648953301126,7.803274288781535,8.829844337090714,28.435319377348364,0.6977992485238862
68,22.765700483091788,,15.049651100375739,1.9189479334406871,12.949543746645196,0.040257648953301126,7.300053676865271,10.124798711755233,29.17337627482555,0.6776704240472357
69,22.86634460547504,,14.579978529253891,1.9189479334406871,12.822061191626409,0.040257648953301126,6.944444444444445,9.708803005904455,30.454911433172303,0.6642512077294686
70,23.356146001073537,,13.70101986044015,1.9189479334406871,12.754965110037574,0.040257648953301126,6.535158346752549,9.306226516371444,31.89747718733226,0.48980139559849706
71,22.530864197530864,,13.419216317767042,1.9189479334406871,12.895866881374127,0.040257648953301126,6.353998926462695,11.3191089640365,31.031937734836287,0.48980139559849706
72,22.18196457326892,,12.04374664519592,1.9189479334406871,12.04374664519592,0.040257648953301126,6.340579710144928,11.614331723027375,33.32662372517445,0.48980139559849706
73,23.17498658078368,,11.540526033279656,1.9189479334406871,11.54723564143854,0.040257648953301126,6.273483628556092,11.627750939345143,33.393719806763286,0.4830917874396135
74,22.940150295222757,,10.715244229736983,3.3011272141706924,10.11808910359635,0.040257648953301126,5.025496511003757,12.365807836822329,35.04428341384863,0.4495437466451959
75,24.771873322597962,,9.997316156736447,3.656736446591519,9.728931830381105,0.040257648953301126,4.428341384863124,13.741277509393452,33.2259796027912,0.4092860976918948
76,24.67793880837359,,9.849704777241008,2.771068169618894,9.561191626409018,,5.032206119162641,13.942565754159958,33.756038647343,0.4092860976918948
77,24.671229200214707,,9.514224369296834,2.6301663982823404,8.608427267847558,,5.173107890499195,14.418947933440688,34.574610842726784,0.4092860976918948
78,24.704777241009126,,9.131776704240472,2.563070316693505,8.413848631239935,,4.783950617283951,14.620236178207193,35.527375201288244,0.2549651100375738
79,24.62426194310252,,8.299785292538916,2.26784755770263,7.823403113258186,,6.286902844873859,14.284755770263017,36.15807836822329,0.2549651100375738
80,24.228395061728396,,7.1725711218464845,2.1806226516371443,7.749597423510467,,7.03166935050993,15.841384863123993,35.607890499194845,0.1878690284487386
81,24.020397208803004,,6.468062265163715,2.1806226516371443,7.601986044015029,,7.353730542136339,17.438271604938272,34.74906065485776,0.1878690284487386
82,24.174718196457327,,6.239935587761675,2.13365539452496,7.467793880837359,,8.440687063875469,16.794149221685455,34.594739667203434,0.15432098765432098
83,25.09393451422437,,6.206387546967257,2.13365539452496,7.192699946323135,,8.427267847557703,16.814278046162105,33.97745571658615,0.15432098765432098
84,24.90606548577563,,5.897745571658615,1.6639828234031133,7.085346215780999,,9.628287707997853,16.76731078904992,33.89694041867955,0.15432098765432098
85,25.36231884057971,,5.139559849704777,1.6639828234031133,7.058507783145465,,9.88996242619431,15.774288781535159,34.957058507783145,0.15432098765432098
86,27.4422973698336,,4.663177670424047,1.6639828234031133,6.541867954911433,,8.722490606548577,16.223832528180353,34.60144927536232,0.14090177133655393
87,26.113794954374665,,4.582662372517445,1.6438539989264627,5.776972624798712,,9.581320450885668,17.51207729468599,34.648416532474506,0.14090177133655393
88,25.5300590445518,,4.159957058507783,4.871175523349437,5.401234567901234,,9.138486312399356,17.69994632313473,33.05823939881911,0.14090177133655393
89,25.15432098765432,,7.548309178743962,4.85775630703167,5.226784755770263,,11.030595813204508,14.418947933440688,31.696188942565755,0.06709608158883522
90,26.52308105206656,,7.206119162640902,4.730273752012883,4.790660225442834,,10.876274825550189,15.613258185721953,30.193236714975846,0.06709608158883522
91,25.791733762748255,,6.119162640901771,5.421363392377885,4.448470209339774,,11.20504562533548,15.445517981749866,31.50161030595813,0.06709608158883522
92,27.24771873322598,,5.904455179817498,5.414653784219001,4.824208266237251,,11.18491680085883,14.754428341384862,30.60252281266774,0.06709608158883522
93,25.637412775093935,,5.83064949006978,5.407944176060118,4.616210413311863,,11.446591519055287,16.74718196457327,30.246913580246915,0.06709608158883522
94,26.737788513150832,,5.689747718733226,6.172839506172839,4.575952764358561,,10.86285560923242,16.384863123993558,29.508856682769725,0.06709608158883522
95,26.858561460010737,,5.662909286097692,6.172839506172839,4.555823939881911,,11.285560923242082,16.881374127750938,28.515834675254965,0.06709608158883522
96,28.348094471282877,,6.105743424584004,5.636070853462158,4.30756843800322,,10.674986580783683,16.935050993022006,27.979066022544284,0.013419216317767043
97,28.22061191626409,,6.588835212023618,5.636070853462158,2.7308105206655933,,11.90955448201825,17.12962962962963,27.771068169618893,0.013419216317767043
98,28.153515834675254,,6.347289318303811,5.293880837359098,2.717391304347826,,12.560386473429952,16.304347826086957,28.609769189479334,0.013419216317767043
99,28.63660762211487,,6.1862587224906065,5.783682232957595,2.6435856146001075,,12.359098228663447,17.223564143854,27.15378421900161,0.013419216317767043
100,27.603327965646805,,5.924584004294149,5.770263016639828,3.1468062265163717,,12.889157273215245,17.793880837359097,26.858561460010737,0.013419216317767043
101,26.684111647879764,,6.213097155126141,7.776435856146001,3.1468062265163717,,13.030059044551798,18.317230273752013,24.832259796027913,
102,27.355072463768117,,5.293880837359098,7.776435856146001,3.978797638217928,,13.030059044551798,19.03515834675255,23.53059581320451,
103,26.261406333870102,,4.87788513150832,7.7898550724637685,3.5292538915727323,,12.969672571121846,19.618894256575416,24.953032742887814,
104,27.80461621041331,,4.542404723564144,8.152173913043478,3.2675791733762747,,12.010198604401502,19.672571121846484,24.550456253354803,
105,26.918947933440688,,4.49543746645196,7.159151905528717,3.2675791733762747,,11.949812130971551,21.20907139023081,25.0,
106,27.985775630703166,,4.206924315619967,7.159151905528717,3.2675791733762747,,11.614331723027375,21.128556092324207,24.63768115942029,
107,28.213902308105208,,3.824476650563607,7.320182501341922,3.2675791733762747,,11.694847020933977,21.591519055287172,24.08749329039184,
108,28.576221148684915,,3.4286097691894795,7.37385936661299,2.9119699409554483,,12.104133118625873,21.62506709608159,23.980139559849704,
109,27.536231884057973,,3.4017713365539453,6.011808910359635,2.3550724637681157,,14.210950080515298,23.47691894793344,23.007246376811594,
110,26.952495974235106,,3.388352120236178,6.763285024154589,2.2208803005904456,,14.070048309178745,23.13472893183038,23.470209339774556,
111,26.140633387010197,,3.207192699946323,6.763285024154589,2.214170692431562,,15.08990874932904,24.060654857756308,22.52415458937198,
112,26.227858293075684,,3.099838969404187,6.468062265163715,2.214170692431562,,15.203972088030058,24.59742351046699,22.188674181427803,
113,27.63016639828234,,3.7104133118625873,5.83064949006978,2.15378421900161,,14.076757917337627,25.53676865271068,21.061460010735374,
114,26.73107890499195,,6.78341384863124,5.71658615136876,1.9122383252818036,,15.734031132581856,23.14814814814815,19.97450348899624,
115,25.865539452495973,,6.347289318303811,5.421363392377885,1.8048845947396672,,15.573000536768653,25.315351583467525,19.672571121846484,
116,26.187600644122384,,6.273483628556092,4.622920021470746,1.5499194847020934,,17.008856682769725,25.295222758990874,19.061996779388085,
117,24.704777241009126,,6.233225979602791,4.622920021470746,1.5096618357487923,,16.42512077294686,26.44927536231884,20.055018786902846,
118,24.630971551261407,,6.179549114331723,4.911433172302737,1.3419216317767042,,16.183574879227052,27.623456790123456,19.129092860976918,
119,24.422973698336016,,5.421363392377885,4.817498658078368,1.2010198604401503,,16.80756843800322,27.89855072463768,19.43102522812668,
120,24.349168008588297,,5.421363392377885,4.99194847020934,1.0802469135802468,,17.002147074610843,27.72410091250671,19.43102522812668,
121,25.409286097691894,,5.253623188405797,5.340848094471283,1.0802469135802468,,16.297638217928075,27.730810520665592,18.887546967257112,
122,25.295222758990874,,4.830917874396135,5.971551261406334,0.9326355340848095,,15.123456790123457,30.327428878153516,17.518786902844873,
123,24.9194847020934,,5.22007514761138,5.441492216854535,0.9125067096081588,,15.479066022544284,30.159688674181428,17.867686527106816,
124,24.14787976382179,,4.797369833601718,5.891035963499732,0.9125067096081588,,16.545893719806763,30.213365539452496,17.49194847020934,
125,23.309178743961354,,4.320987654320987,6.146001073537305,0.8051529790660226,,17.424852388620504,29.643048845947398,18.35077831454643,
126,24.44981213097155,,4.320987654320987,6.146001073537305,0.6977992485238862,,16.867954911433173,29.186795491143318,18.33064949006978,
127,24.308910359634996,,3.9586688137412773,6.615673644659152,0.6977992485238862,,16.908212560386474,29.656468062265162,17.85426731078905,
128,22.7187332259796,,3.8915727321524423,6.515029522275899,0.6709608158883521,,17.56575415995706,29.911433172302736,18.726516371443907,
129,23.564143853998928,,3.8915727321524423,6.515029522275899,0.6709608158883521,,17.505367686527105,29.468599033816425,18.38432635534085,
130,22.6784755770263,,3.69699409554482,6.689479334406871,0.6709608158883521,,16.901502952227588,30.56897477187332,18.793612453032743,
131,23.403113258185723,,3.5829307568438002,6.494900697799249,0.6038647342995169,,17.2638217928073,29.87788513150832,18.773483628556093,
132,23.047504025764894,,3.435319377348363,6.226516371443908,0.5904455179817498,,17.619431025228128,30.09259259259259,18.988191089640367,
133,22.65834675254965,,3.4286097691894795,6.991411701556629,0.5904455179817498,,16.881374127750938,30.347557702630166,19.102254428341386,
134,22.376543209876544,,3.126677402039721,6.816961889425658,0.5904455179817498,,16.451959205582394,31.44122383252818,19.196188942565755,
135,23.101180891035963,,3.079710144927536,6.622383252818035,0.5904455179817498,,16.941760601180892,30.394524959742352,19.269994632313473,
136,23.752012882447666,,3.079710144927536,7.078636607622115,0.5904455179817498,,16.700214707461082,30.407944176060116,18.391035963499732,
137,23.503757380568974,,2.9589371980676327,6.89747718733226,0.5166398282340311,,16.317767042404725,32.00483091787439,17.800590445517983,
138,22.926731078904993,,2.791196994095545,7.695920558239399,0.5166398282340311,,16.78743961352657,31.48148148148148,17.800590445517983,
139,21.81964573268921,,3.1602254428341383,7.48792270531401,0.4495437466451959,,17.07595276435856,31.031937734836287,18.9747718733226,
140,21.866612989801396,,6.1862587224906065,8.662104133118627,0.4495437466451959,,15.774288781535159,28.844605475040257,18.21658615136876,
141,22.168545356951153,,6.1862587224906065,8.662104133118627,0.4495437466451959,,15.177133655394526,28.817767042404725,18.53864734299517,
142,22.31615673644659,,6.166129898013956,8.648684916800859,0.39586688137412773,,15.458937198067632,27.65029522275899,19.363929146537842,
143,22.17525496511004,,6.166129898013956,9.125067096081589,0.39586688137412773,,14.351851851851851,29.045893719806763,18.739935587761675,
144,22.067901234567902,,6.146001073537305,9.125067096081589,0.39586688137412773,,14.338432635534085,29.66988727858293,18.256843800322063,
145,22.52415458937198,,6.146001073537305,9.024422973698336,0.39586688137412773,,14.97584541062802,28.784219001610307,18.149490069779926,
146,23.18840579710145,,5.917874396135265,9.024422973698336,0.39586688137412773,,14.88191089640365,28.79092860976919,17.800590445517983,
147,23.926462694578635,,5.917874396135265,9.574610842726784,0.3757380568974772,,14.231078904991948,28.99892646269458,16.97530864197531,
148,24.60413311862587,,5.904455179817498,9.574610842726784,0.3757380568974772,,13.714439076757918,28.77750939345142,17.04911433172303,
149,24.973161567364468,,5.8172302737520125,10.104669887278583,0.3757380568974772,,14.304884594739667,27.911969940955448,16.512345679012345,
150,24.818840579710145,,5.790391841116479,10.064412238325282,0.3757380568974772,,15.096618357487923,27.4020397208803,16.451959205582394,
151,24.92619431025228,,5.730005367686527,9.675254965110037,0.3488996242619431,,16.485507246376812,27.214170692431562,15.619967793880837,
152,25.32206119162641,,5.703166935050993,9.601449275362318,0.3153515834675255,,16.264090177133657,26.603596349973163,16.190284487385938,
153,25.38244766505636,,4.320987654320987,10.393183038110575,0.3153515834675255,,17.062533548040793,26.362050456253353,16.163446054750402,
154,25.738056897477186,,4.320987654320987,10.59447128287708,0.3153515834675255,,16.82769726247987,26.113794954374665,16.089640365002683,
155,26.10708534621578,,4.320987654320987,10.547504025764896,0.3153515834675255,,16.210413311862588,26.073537305421365,16.42512077294686,
156,25.825281803542673,,4.320987654320987,10.520665593129362,0.3153515834675255,,15.921900161030596,26.81159420289855,16.284219001610307,
157,25.905797101449274,,4.320987654320987,10.768921095008052,0.3153515834675255,,16.6532474503489,25.999731615673646,16.035963499731615,
158,25.805152979066023,,4.320987654320987,10.648148148148149,0.3153515834675255,,17.277241009125067,25.617283950617285,16.015834675254965,
159,24.953032742887814,,5.917874396135265,10.446859903381643,0.3153515834675255,,16.76731078904992,26.1808910359635,15.418679549114332,
160,25.369028448738593,,5.8172302737520125,9.702093397745571,0.3153515834675255,,18.203166935050994,24.993290391841118,15.599838969404187,
161,25.563607085346217,,6.394256575415996,9.138486312399356,0.3153515834675255,,18.45813204508857,24.745034889962426,15.385131508319914,
162,25.462962962962962,,6.092324208266238,9.138486312399356,0.3153515834675255,,19.061996779388085,24.55716586151369,15.371712292002147,
163,24.818840579710145,,6.045356951154052,9.722222222222221,0.3153515834675255,,18.820450885668276,25.07380568974772,15.203972088030058,
164,25.13419216317767,,5.320719269994632,9.514224369296834,0.30193236714975846,,19.920826623725173,24.832259796027913,14.97584541062802,
165,26.36876006441224,,5.273752012882448,9.453837895866881,0.30193236714975846,,19.07541599570585,24.329039184111647,15.197262479871176,
166,25.99302200751476,,5.005367686527107,10.185185185185185,0.30193236714975846,,19.28341384863124,24.033816425120772,15.197262479871176,
167,25.59044551798175,,4.851046698872786,10.332796564680622,0.30193236714975846,,20.04830917874396,23.09447128287708,15.780998389694043,
168,25.51663982823403,,5.407944176060118,9.681964573268921,0.30193236714975846,,20.42404723564144,23.2085346215781,15.458937198067632,
169,24.892646269457863,,5.12614063338701,9.588030059044552,0.30193236714975846,,21.973966720343533,23.007246376811594,15.11003757380569,
170,25.89908749329039,,4.830917874396135,9.198872785829307,0.30193236714975846,,21.826355340848096,22.832796564680624,15.11003757380569,
171,25.785024154589372,,4.5893719806763285,9.198872785829307,0.30193236714975846,,21.752549651100377,23.087761674718198,15.28448738593666,
172,26.46940418679549,,5.152979066022544,8.722490606548577,0.30193236714975846,,20.71256038647343,23.040794417606012,15.599838969404187,
173,26.227858293075684,,5.837359098228664,8.279656468062266,0.30193236714975846,,20.71256038647343,23.040794417606012,15.599838969404187,
174,26.435856146001072,,5.589103596349974,8.252818035426731,0.30193236714975846,,20.249597423510465,23.57085346215781,15.599838969404187,
175,26.261406333870102,,5.5756843800322065,8.185721953837897,0.30193236714975846,,20.343531937734838,23.926462694578635,15.405260332796564,
176,26.301663982823403,,5.528717122920021,8.185721953837897,0.30193236714975846,,20.813204508856682,23.772141706924316,15.096618357487923,
177,26.039989264626946,,5.280461621041331,8.816425120772946,0.30193236714975846,,20.02818035426731,24.48336017176597,15.049651100375739,
178,25.127482555018787,,5.267042404723564,9.648416532474503,0.30193236714975846,,19.45786366076221,24.510198604401502,15.687063875469672,
179,25.5300590445518,,5.267042404723564,9.41358024691358,0.28180354267310787,,18.84728931830381,24.52361782071927,16.13660762211487,
180,26.684111647879764,,4.582662372517445,9.024422973698336,0.2616747181964573,,19.424315619967793,24.610842726784757,15.411969940955448,
181,27.616747181964573,,4.575952764358561,9.017713365539452,0.2616747181964573,,19.14922168545357,23.852657004830917,15.526033279656469,
182,27.449006977992486,,4.38137412775094,9.017713365539452,0.2616747181964573,,19.75979602791197,23.67149758454106,15.458937198067632,
183,27.70397208803006,,4.38137412775094,9.017713365539452,0.2616747181964573,,19.64573268921095,23.67149758454106,15.318035426731079,
184,28.213902308105208,,4.38137412775094,9.017713365539452,0.2616747181964573,,19.296833064949006,23.369565217391305,15.458937198067632,
185,28.26086956521739,,3.9519592055823938,10.198604401502953,0.1610305958132045,,18.94122383252818,23.18840579710145,15.297906602254429,
186,28.663446054750402,,3.9184111647879765,10.077831454643048,0.1610305958132045,,18.78690284487386,22.73215244229737,15.660225442834138,
187,28.24074074074074,,3.898282340311326,10.983628556092324,0.1610305958132045,,18.699677938808374,22.356414385399894,15.660225442834138,
188,28.67686527106817,,3.6634460547504024,10.332796564680622,0.1610305958132045,,19.189479334406872,22.322866344605476,15.653515834675256,
189,27.32823403113258,,4.05931293612453,10.25228126677402,0.1610305958132045,,19.578636607622116,23.30246913580247,15.318035426731079,
190,27.375201288244767,,4.05931293612453,10.547504025764896,0.1610305958132045,,19.129092860976918,23.067632850241544,15.660225442834138,
191,26.288244766505635,,7.695920558239399,10.044283413848632,0.1610305958132045,,19.746376811594203,21.62506709608159,14.439076757917338,
192,26.36876006441224,,7.695920558239399,10.601180891035963,0.1610305958132045,,20.068438003220614,21.215780998389693,13.88888888888889,
193,25.91921631776704,,8.09849704777241,11.064143853998926,0.1610305958132045,,19.92753623188406,20.94068706387547,13.88888888888889,
194,26.10708534621578,,8.071658615136876,10.963499731615673,0.1610305958132045,,20.055018786902846,20.78636607622115,13.855340848094471,
195,26.10708534621578,,8.071658615136876,10.963499731615673,0.1610305958132045,,20.055018786902846,20.78636607622115,13.855340848094471,
196,26.1808910359635,,8.071658615136876,10.648148148148149,0.06038647342995169,,19.706119162640903,20.974235104669887,14.358561460010735,
197,26.382179280730007,,7.997852925389157,10.38647342995169,0.06038647342995169,,19.961084272678477,20.853462157809982,14.358561460010735,
198,26.90552871712292,,7.856951154052603,10.091250670960816,0.06038647342995169,,19.310252281266774,21.618357487922705,14.15727321524423,
199,26.77133655394525,,7.856951154052603,9.88996242619431,0.06038647342995169,,19.659151905528716,21.604938271604937,14.15727321524423,
200,28.18035426731079,,7.071926999463232,9.614868491680086,0.06038647342995169,,19.585346215780998,21.370101986044016,14.11701556629093,
201,28.267579173376276,,7.071926999463232,9.54777241009125,0.06038647342995169,,19.585346215780998,21.349973161567366,14.11701556629093,
202,28.37493290391841,,7.071926999463232,9.77589908749329,0.04696725711218465,,19.558507783145465,21.054750402576488,14.11701556629093,
203,28.247450348899623,,7.226247987117552,9.574610842726784,0.04696725711218465,,19.612184648416534,21.26274825550188,14.029790660225443,
204,27.932098765432098,,7.226247987117552,9.098228663446054,0.04696725711218465,,20.363660762211488,21.027911969940956,14.304884594739667,
205,28.153515834675254,,7.226247987117552,9.024422973698336,0.04696725711218465,,20.21604938271605,21.027911969940956,14.304884594739667,
206,28.31454643048846,,7.206119162640902,9.286097691894794,0.04696725711218465,,19.826892109500804,21.135265700483092,14.184111647879764,
207,27.992485238862052,,7.206119162640902,9.883252818035427,0.04696725711218465,,19.753086419753085,21.081588835212024,14.036500268384327,
208,28.26086956521739,,6.937734836285561,10.21202361782072,0.04696725711218465,,19.558507783145465,20.947396672034355,14.036500268384327,
209,27.811325818572197,,6.233225979602791,10.071121846484166,0.04696725711218465,,21.22249060654858,20.685721953837895,13.92914653784219,
210,27.563070316693505,,6.944444444444445,9.842995169082126,0.04696725711218465,,21.202361782071925,20.544820182501343,13.855340848094471,
211,26.422436929683307,,7.561728395061729,10.23215244229737,0.04696725711218465,,21.524422973698336,20.356951154052602,13.855340848094471,
212,26.939076757917338,,7.561728395061729,10.23215244229737,0.04696725711218465,,21.289586688137412,20.075147611379496,13.855340848094471,
213,27.012882447665056,,7.521470746108427,10.23215244229737,0.03354804079441761,,21.477455716586153,19.96779388083736,13.754696725711218,
214,26.86527106816962,,8.044820182501342,10.077831454643048,0.03354804079441761,,21.66532474503489,19.732957595276435,13.580246913580247,
215,26.56333870101986,,7.380568974771873,10.48040794417606,,,22.054482018250134,19.310252281266774,14.210950080515298,
216,26.704240472356414,,7.380568974771873,10.48040794417606,,,22.054482018250134,19.310252281266774,14.070048309178745,
217,26.516371443907676,,7.380568974771873,10.48040794417606,,,22.38996242619431,19.162640901771336,14.070048309178745,
218,27.113526570048307,,7.326892109500805,10.11808910359635,,,22.25577026301664,19.142512077294686,14.04320987654321,
219,27.395330112721417,,7.326892109500805,10.11808910359635,,,22.25577026301664,19.142512077294686,13.761406333870102,
220,27.361782071927,,7.326892109500805,10.72866344605475,,,21.77938808373591,19.129092860976918,13.674181427804616,
221,27.066559312936125,,7.27992485238862,10.25228126677402,,,22.81266774020397,18.914385399892645,13.674181427804616,
222,26.7914653784219,,7.14573268921095,10.25228126677402,,,23.409822866344605,18.592324208266238,13.808373590982287,
223,27.214170692431562,,7.702630166398282,9.863123993558776,,,24.12104133118626,17.465110037573805,13.633923778851315,
224,26.710950080515296,,7.4006977992485234,10.48040794417606,,,24.16129898013956,18.06897477187332,13.177670424047236,
225,27.58990874932904,,7.1658615136876005,10.299248523886206,,,23.845947396672035,17.975040257648953,13.123993558776167,
226,28.18035426731079,,6.984702093397746,10.299248523886206,,,23.416532474503487,18.263553408480945,12.855609232420827,
227,28.073000536768653,,6.984702093397746,9.896672034353195,,,23.93317230273752,18.256843800322063,12.855609232420827,
228,28.046162104133117,,6.749865807836822,9.541062801932368,,,23.66478797638218,19.35721953837896,12.640901771336553,
229,28.361513687600645,,6.749865807836822,9.359903381642512,,,24.060654857756308,18.438003220611915,13.030059044551798,
230,28.28099838969404,,7.232957595276436,9.272678475577026,,,23.74530327428878,18.438003220611915,13.030059044551798,
231,27.750939345142243,,7.232957595276436,9.272678475577026,,,24.496779388083738,18.223295759527645,13.023349436392914,
232,27.583199141170155,,7.092055823939882,9.628287707997853,,,24.44981213097155,18.223295759527645,13.023349436392914,
233,27.710681696188942,,7.601986044015029,9.4873859366613,,,24.208266237251745,17.98174986580784,13.009930220075148,
234,28.12667740203972,,7.601986044015029,9.4873859366613,,,24.154589371980677,17.619431025228128,13.009930220075148,
235,28.348094471282877,,7.601986044015029,9.4873859366613,,,23.93317230273752,17.619431025228128,13.009930220075148,
236,28.153515834675254,,7.877079978529254,9.212292002147075,,,24.342458400429415,17.431561996779386,12.983091787439614,
237,28.388352120236178,,7.803274288781535,9.017713365539452,,,23.18840579710145,18.874127750939344,12.72812667740204,
238,28.549382716049383,,7.803274288781535,9.017713365539452,,,23.14814814814815,18.874127750939344,12.607353730542137,
239,28.549382716049383,,7.7831454643048845,8.93719806763285,,,23.14814814814815,19.404186795491142,12.177938808373591,
240,28.113258185721953,,8.192431561996779,8.896940418679549,,,23.61111111111111,19.008319914117017,12.177938808373591,
241,28.113258185721953,,8.192431561996779,8.896940418679549,,,23.61111111111111,19.008319914117017,12.177938808373591,
242,29.025764895330113,,8.038110574342458,8.662104133118627,,,23.161567364465917,18.69296833064949,12.419484702093397,
243,28.878153515834676,,8.038110574342458,8.548040794417606,,,23.275630703166936,18.988191089640367,12.27187332259796,
244,29.1532474503489,,7.729468599033816,8.541331186258722,,,22.819377348362856,19.961084272678477,11.79549114331723,
245,29.74369296833065,,7.729468599033816,8.541331186258722,,,22.356414385399894,19.83360171765969,11.79549114331723,
246,29.95169082125604,,7.48792270531401,8.541331186258722,,,22.356414385399894,20.209339774557165,11.453301127214171,
247,29.985238862050455,,7.380568974771873,8.541331186258722,,,22.17525496511004,20.42404723564144,11.493558776167472,
248,29.938271604938272,,7.011540526033279,9.104938271604938,,,22.17525496511004,20.276435856146,11.493558776167472,
249,30.387815351583466,,6.810252281266774,9.07139023081052,,,22.0276435856146,19.45115405260333,12.25174449812131,
250,30.347557702630166,,7.071926999463232,8.99087493290392,,,21.886741814278047,19.45115405260333,12.25174449812131,
251,30.119431025228128,,7.065217391304348,8.99087493290392,,,21.215780998389693,20.356951154052602,12.25174449812131,
252,29.958400429414922,,6.843800322061192,9.695383789586689,,,20.819914117015568,20.437466451959207,12.245034889962426,
253,30.3743961352657,,6.776704240472356,9.782608695652174,,,20.8064949006978,20.014761137949545,12.245034889962426,
254,29.911433172302736,,7.957595276435856,9.514224369296834,,,20.44417606011809,19.92753623188406,12.245034889962426,
255,29.582662372517444,,7.716049382716049,9.353193773483628,,,20.00805152979066,21.504294149221685,11.83574879227053,
256,29.57595276435856,,7.716049382716049,9.353193773483628,,,20.00805152979066,21.175523349436393,12.171229200214707,
257,28.784219001610307,,7.716049382716049,9.574610842726784,,,19.981213097155127,21.772678475577028,12.171229200214707,
258,29.166666666666668,,7.333601717659689,9.574610842726784,,,19.981213097155127,21.772678475577028,12.171229200214707,
259,28.683574879227052,,7.333601717659689,9.54777241009125,,,20.108695652173914,22.168545356951153,12.157809983896941,
260,27.26784755770263,,7.991143317230274,10.721953837895867,,,20.014761137949545,21.846484165324746,12.157809983896941,
261,27.791196994095547,,7.977724100912507,10.540794417606012,,,20.229468599033815,21.36339237788513,12.097423510466989,
262,28.26086956521739,,7.977724100912507,10.534084809447128,,,19.981213097155127,20.840042941492218,12.406065485775631,
263,28.12667740203972,,7.977724100912507,10.513955984970478,,,20.8064949006978,20.209339774557165,12.365807836822329,
264,28.12667740203972,,7.977724100912507,10.513955984970478,,,20.8064949006978,20.209339774557165,12.365807836822329,
265,27.945517981749866,,7.977724100912507,11.017176596886742,,,19.840311325818572,20.853462157809982,12.365807836822329,
266,27.616747181964573,,7.977724100912507,10.976918947933441,,,20.202630166398283,20.67230273752013,12.553676865271068,
267,27.274557165861513,,7.4006977992485234,11.728395061728396,,,20.779656468062264,20.263016639828233,12.553676865271068,
268,27.549651100375737,,7.4006977992485234,11.728395061728396,,,20.74610842726785,20.021470746108427,12.553676865271068,
269,28.14680622651637,,7.03166935050993,11.728395061728396,,,20.511272141706925,20.303274288781534,12.278582930756844,
270,28.327965646806227,,7.03166935050993,11.728395061728396,,,20.491143317230275,20.303274288781534,12.117552334943639,
271,28.784219001610307,,7.03166935050993,11.728395061728396,,,20.491143317230275,20.303274288781534,11.66129898013956,
272,28.75738056897477,,7.018250134192163,11.714975845410628,,,21.329844337090712,19.94766505636071,11.231884057971014,
273,28.488996242619432,,7.011540526033279,11.634460547504025,,,21.786097691894792,19.847020933977454,11.231884057971014,
274,28.63660762211487,,6.904186795491143,11.634460547504025,,,21.786097691894792,19.95437466451959,11.084272678475577,
275,28.804347826086957,,6.904186795491143,11.634460547504025,,,21.786097691894792,19.806763285024154,11.064143853998926,
276,28.804347826086957,,6.904186795491143,11.634460547504025,,,21.786097691894792,19.806763285024154,11.064143853998926,
277,29.025764895330113,,6.904186795491143,11.634460547504025,,,21.76596886741814,19.679280730005367,10.990338164251208,
278,29.106280193236714,,6.904186795491143,11.621041331186259,,,21.69887278582931,19.679280730005367,10.990338164251208,
