,40,45,50,51,53,49,52,55,54,48
0,1.8719806763285025,79.75711218464842,18.370907139023082,,,,,,,
1,3.9184111647879765,72.28931830381106,22.84621578099839,0.9460547504025765,,,,,,
2,4.4820182501341925,58.82984433709071,35.74208266237252,0.9460547504025765,,,,,,
3,6.78341384863124,46.37010198604401,44.83360171765969,1.4694041867954912,0.5434782608695652,,,,,
4,4.05931293612453,24.56387546967257,69.80676328502416,0.7514761137949544,,0.8185721953837896,,,,
5,5.797101449275362,20.343531937734838,66.47208803005904,1.1473429951690821,,0.8185721953837896,4.2203435319377345,1.2010198604401503,,
6,5.756843800322061,17.67981749865808,63.077026301663984,1.1272141706924315,,,5.387815351583468,5.984970477724101,0.9863123993558777,
7,7.085346215780999,15.619967793880837,62.09742351046699,1.710950080515298,0.41599570585077833,0.4562533548040794,5.173107890499195,6.454643048845948,0.9863123993558777,
8,6.877348362855609,12.587224906065487,59.86983360171766,1.1003757380568975,2.9924852388620504,,5.10601180891036,8.313204508856682,3.1535158346752548,
9,9.581320450885668,10.513955984970478,53.535963499731615,2.4355877616747184,2.9924852388620504,0.32877079978529256,5.045625335480408,10.493827160493828,5.072463768115942,
10,8.715780998389693,8.997584541062801,49.13446054750403,2.589908749329039,4.944981213097155,0.3153515834675255,7.051798174986581,11.084272678475577,7.1658615136876005,
11,9.420289855072463,8.474235104669887,46.07487922705314,7.253086419753086,5.810520665593129,0.8655394524959742,5.5756843800322065,8.84326355340848,7.682501341921632,
12,10.466988727858293,7.125603864734299,44.69940955448202,7.769726247987117,6.494900697799249,1.7176596886741815,5.3341384863123995,9.98389694041868,6.407675791733762,
13,13.009930220075148,6.0654857756307035,44.20289855072464,7.03166935050993,5.924584004294149,1.7176596886741815,7.058507783145465,8.400429414922169,6.588835212023618,
14,14.727589908749328,4.797369833601718,42.52549651100376,6.910896403650026,5.689747718733226,2.49597423510467,7.977724100912507,8.514492753623188,6.360708534621578,
15,10.138217928073,4.414922168545357,70.65888352120236,4.884594739667204,0.03354804079441761,2.2946859903381642,1.751207729468599,4.85775630703167,0.966183574879227,
16,10.131508319914117,4.05931293612453,67.55904455179818,4.804079441760601,0.03354804079441761,1.583467525496511,3.9049919484702094,6.964573268921095,0.9594739667203436,
17,11.258722490606548,3.8580246913580245,66.37815351583467,4.49543746645196,0.6239935587761675,1.583467525496511,3.280998389694042,7.7361782071927,0.785024154589372,
18,10.768921095008052,3.4621578099838968,65.76757917337628,3.730542136339238,2.1403650026838434,1.8853998926462694,2.200751476113795,7.39398819108964,2.6502952227589907,
19,12.285292538915728,3.1468062265163717,58.1454643048846,7.051798174986581,1.5901771336553945,1.42914653784219,5.669618894256575,6.8035426731078905,3.1870638754696725,0.6910896403650026
20,13.674181427804616,2.8247450348899625,54.810789049919485,7.62211486849168,1.5901771336553945,1.0399892646269457,6.5485775630703165,6.293612453032743,4.159957058507783,1.4358561460010735
21,12.157809983896941,1.9390767579173376,58.373590982286636,6.300322061191626,1.5901771336553945,0.7179280730005367,7.226247987117552,6.837090713902308,3.6634460547504024,1.1943102522812667
22,12.754965110037574,1.6371443907675791,54.28073000536769,11.077563070316694,2.818035426731079,0.7179280730005367,6.9310252281266775,5.300590445517981,3.2877079978529253,1.1943102522812667
23,12.526838432635534,1.6170155662909287,52.683843263553406,12.989801395598498,4.656468062265164,0.6575415995705851,6.273483628556092,4.28743961352657,3.113258185721954,1.1943102522812667
24,9.078099838969404,1.402308105206656,66.48550724637681,8.158883521202362,4.53569511540526,1.1607622114868492,4.736983360171766,1.5297906602254427,1.8048845947396672,1.107085346215781
25,11.399624261943103,1.3754696725711217,63.60708534621578,6.964573268921095,5.4616210413311865,0.7917337627482555,4.388083735909823,2.7308105206655933,1.8048845947396672,1.4761137949543746
26,12.084004294149223,0.9259259259259259,63.41250670960816,6.588835212023618,5.4616210413311865,1.6438539989264627,4.388083735909823,2.7308105206655933,1.8048845947396672,0.9594739667203436
27,12.72812667740204,0.9259259259259259,60.87627482555019,6.132581857219538,6.622383252818035,1.261406333870102,4.26731078904992,4.461889425657541,1.7646269457863661,0.9594739667203436
28,12.466451959205582,0.8722490606548577,60.81588835212023,4.636339237788513,5.763553408480945,2.0799785292538915,6.085614600107354,4.2270531400966185,2.0933977455716586,0.9594739667203436
29,14.553140096618357,0.8521202361782072,56.58883521202362,6.092324208266238,5.481749865807837,1.9390767579173376,5.562265163714439,5.884326355340848,2.086688137412775,0.9594739667203436
30,16.75389157273215,0.8521202361782072,53.535963499731615,5.414653784219001,4.770531400966184,5.179817498658078,5.139559849704777,5.018786902844874,2.3752012882447664,0.9594739667203436
31,16.6129898013956,0.7716049382716049,50.16774020397209,4.918142780461621,7.481213097155126,5.850778314546431,5.24020397208803,4.898013955984971,3.099838969404187,0.9594739667203436
32,16.27750939345142,0.5971551261406334,47.86634460547504,5.495169082125604,7.024959742351046,6.112453032742888,4.7168545356951155,4.64975845410628,6.300322061191626,0.9594739667203436
33,15.962157809983896,0.5434782608695652,48.00053676865271,4.3545356951154055,7.924047235641439,7.950885668276973,4.696725711218465,4.938271604938271,5.501878690284487,0.1274825550187869
34,13.747987117552334,0.4025764895330113,51.38217928073001,6.642512077294686,9.346484165324744,3.7238325281803544,4.414922168545357,4.750402576489533,5.589103596349974,
35,14.801395598497047,0.4025764895330113,44.457863660762214,5.642780461621041,9.138486312399356,3.5762211486849167,9.681964573268921,5.8172302737520125,6.481481481481482,
36,15.727321524422974,0.4025764895330113,43.43129361245303,5.515297906602254,8.923778851315083,3.616478797638218,10.084541062801932,5.8172302737520125,6.481481481481482,
37,10.63472893183038,0.36902844873859364,63.33870101986044,4.394793344068707,4.40150295222759,4.106280193236715,5.971551261406334,1.9256575415995705,4.85775630703167,
38,8.883521202361782,0.36231884057971014,63.70101986044015,5.984970477724101,4.609500805152979,4.502147074610843,3.616478797638218,1.3553408480944713,6.984702093397746,
39,8.628556092324208,0.3488996242619431,55.26704240472356,10.144927536231885,6.219806763285024,3.911701556629093,3.3950617283950617,5.065754159957058,7.018250134192163,
40,10.00402576489533,0.3488996242619431,52.89855072463768,11.54723564143854,5.428073000536768,3.911701556629093,2.965646806226516,4.723564143853999,8.172302737520129,
41,10.621309715512615,0.3488996242619431,47.97369833601718,12.869028448738593,5.555555555555555,3.911701556629093,6.749865807836822,4.461889425657541,7.50805152979066,
42,7.1725711218464845,0.14090177133655393,68.12265163714439,4.864465915190553,6.481481481481482,3.2742887815351582,2.6637144390767578,3.3011272141706924,3.978797638217928,
43,8.051529790660226,0.14090177133655393,60.89640365002684,7.541599570585078,6.595544820182502,2.7241009125067097,2.3752012882447664,7.185990338164252,4.488727858293076,
44,7.152442297369833,0.14090177133655393,60.20531400966183,7.541599570585078,6.89747718733226,2.5026838432635534,3.589640365002684,7.7831454643048845,4.186795491143317,
45,8.977455716586151,0.10064412238325282,54.508856682769725,7.0450885668276975,6.729736983360172,1.7713365539452497,7.709339774557166,9.044551798174986,4.1129898013955986,
46,11.137949543746645,0.10064412238325282,50.38244766505636,5.542136339237788,6.709608158883521,1.710950080515298,8.628556092324208,9.426999463231347,6.360708534621578,
47,10.795759527643586,0.05367686527106817,46.55126140633387,4.931561996779388,7.199409554482019,1.6774020397208802,11.60762211486849,11.09098228663446,6.092324208266238,
48,12.426194310252281,0.05367686527106817,36.95652173913044,7.548309178743962,7.085346215780999,2.871712292002147,9.655126140633387,11.788781535158346,7.9106280193236715,3.7037037037037037
49,13.311862587224907,0.05367686527106817,33.87010198604401,6.293612453032743,10.976918947933441,2.7106816961889426,9.655126140633387,11.889425657541599,7.648953301127214,3.589640365002684
50,15.801127214170693,0.05367686527106817,31.166129898013956,5.4616210413311865,13.130703166935051,2.7106816961889426,8.561460010735374,12.057165861513688,8.165593129361245,2.8918411164787976
51,16.31105743424584,0.05367686527106817,29.468599033816425,5.233494363929147,13.22463768115942,2.7106816961889426,9.39345142243693,12.915995705850777,7.796564680622652,2.8918411164787976
52,14.31159420289855,0.040257648953301126,28.817767042404725,6.246645195920558,12.72812667740204,2.187332259796028,9.634997316156737,12.285292538915728,11.225174449812132,2.522812667740204
53,14.989264626945786,0.040257648953301126,26.50966183574879,6.743156199677939,12.922705314009661,1.9659151905528718,9.581320450885668,12.5402576489533,12.184648416532475,2.522812667740204
54,15.485775630703166,0.0067096081588835215,23.812399355877616,10.601180891035963,12.607353730542137,1.932367149758454,9.25925925925926,10.48040794417606,13.291733762748256,2.522812667740204
55,14.533011272141707,0.0067096081588835215,22.61808910359635,13.607085346215781,11.79549114331723,1.932367149758454,9.333064949006978,9.809447128287708,13.841921631776705,2.522812667740204
56,13.231347289318304,0.0067096081588835215,20.8467525496511,12.265163714439076,14.861782071927,2.200751476113795,8.82313472893183,9.708803005904455,15.53274288781535,2.522812667740204
57,13.593666129898015,0.0067096081588835215,19.310252281266774,18.874127750939344,14.432367149758454,2.200751476113795,8.641975308641975,9.07139023081052,11.345947396672035,2.522812667740204
58,15.351583467525497,0.0067096081588835215,18.84728931830381,18.283682232957595,14.512882447665056,2.200751476113795,8.78287707997853,8.541331186258722,10.950080515297907,2.522812667740204
59,16.955179817498657,0.0067096081588835215,22.82608695652174,14.700751476113794,15.465646806226516,1.7981749865807837,8.3467525496511,7.461084272678476,10.198604401502953,2.2410091250670963
60,17.98174986580784,0.0067096081588835215,25.805152979066023,13.144122383252817,13.808373590982287,3.1199677938808374,7.548309178743962,7.25979602791197,9.675254965110037,1.6505636070853462
61,16.586151368760063,0.0067096081588835215,26.85185185185185,11.708266237251744,13.976113794954374,6.602254428341385,6.112453032742888,7.749597423510467,9.178743961352657,1.2278582930756843
62,16.834406870638755,0.0067096081588835215,24.691358024691358,15.157004830917874,14.298174986580785,6.602254428341385,6.427804616210413,6.333870101986044,8.420558239398819,1.2278582930756843
63,18.377616747181964,0.0067096081588835215,22.470477724100913,13.828502415458937,15.841384863123993,6.602254428341385,8.272946859903382,6.072195383789587,7.300053676865271,1.2278582930756843
64,18.156199677938808,0.0067096081588835215,21.4573268921095,14.412238325281804,15.915190552871712,6.253354804079442,9.494095544820183,5.615942028985507,7.461084272678476,1.2278582930756843
65,16.935050993022006,0.0067096081588835215,21.095008051529792,13.66076221148685,16.109769189479334,7.326892109500805,11.513687600644122,5.038915727321524,7.427536231884058,0.8856682769726248
66,17.411433172302736,0.0067096081588835215,20.189210950080515,14.083467525496511,16.210413311862588,7.548309178743962,11.399624261943103,4.998658078368224,7.4006977992485234,0.7514761137949544
67,18.927804616210413,0.0067096081588835215,18.94122383252818,14.029790660225443,15.727321524422974,7.5348899624261945,10.916532474503489,4.891304347826087,8.393719806763285,0.630703166935051
68,19.900697799248523,0.0067096081588835215,17.92807300053677,13.982823403113258,15.418679549114332,7.5348899624261945,11.77536231884058,4.750402576489533,8.071658615136876,0.630703166935051
69,20.148953301127214,0.0067096081588835215,16.465378421900162,16.780730005367687,13.848631239935587,7.521470746108427,12.278582930756844,3.851315083199141,8.682232957595277,0.41599570585077833
70,19.652442297369834,0.0067096081588835215,16.035963499731615,14.774557165861514,14.620236178207193,7.212828770799785,15.22410091250671,3.8378958668813743,8.219269994632313,0.41599570585077833
71,20.263016639828233,0.0067096081588835215,17.371175523349436,14.371980676328503,14.38539989264627,6.031937734836285,14.486044015029522,3.8378958668813743,8.950617283950617,0.2952227589908749
72,19.565217391304348,0.0067096081588835215,16.71363392377885,18.04213633923779,13.6808910359635,6.031937734836285,14.036500268384327,3.8378958668813743,7.7898550724637685,0.2952227589908749
73,20.611916264090176,0.0067096081588835215,15.277777777777779,17.478529253891573,14.398819108964037,5.864197530864198,14.673913043478262,3.717122920021471,7.7831454643048845,0.1878690284487386
74,20.954106280193237,0.0067096081588835215,15.01610305958132,17.04911433172303,13.539989264626946,5.864197530864198,16.056092324208265,3.5963499731615673,7.75630703166935,0.1610305958132045
75,20.78636607622115,0.0067096081588835215,15.33816425120773,17.612721417069242,13.043478260869565,5.152979066022544,16.552603327965645,3.5963499731615673,7.749597423510467,0.1610305958132045
76,20.471014492753625,0.0067096081588835215,13.841921631776705,18.760064412238325,14.61352657004831,5.615942028985507,15.83467525496511,3.5426731078904994,7.152442297369833,0.1610305958132045
77,19.82018250134192,0.0067096081588835215,14.304884594739667,17.894524959742352,15.22410091250671,5.703166935050993,16.358024691358025,3.5225442834138487,7.011540526033279,0.15432098765432098
78,20.02818035426731,0.0067096081588835215,14.492753623188406,17.887815351583466,14.452495974235104,5.038915727321524,17.01556629092861,3.113258185721954,7.9039184111647875,0.06038647342995169
79,20.1959205582394,0.0067096081588835215,14.834943639291465,17.37788513150832,14.74771873322598,5.293880837359098,16.720343531937736,3.0595813204508855,7.716049382716049,0.04696725711218465
80,19.129092860976918,0.0067096081588835215,14.257917337627482,17.954911433172303,15.526033279656469,5.280461621041331,17.559044551798173,2.9589371980676327,7.27992485238862,0.04696725711218465
81,19.363929146537842,0.0067096081588835215,13.560118089103597,18.095813204508858,14.13714439076758,7.48792270531401,16.639828234031132,2.9589371980676327,7.742887815351583,0.0067096081588835215
82,19.773215244229736,0.0067096081588835215,13.170960815888352,18.451422436929683,13.687600644122384,7.273215244229737,16.928341384863124,2.9589371980676327,7.742887815351583,0.0067096081588835215
83,19.97450348899624,0.0067096081588835215,12.795222758990874,18.310520665593128,14.170692431561998,7.25979602791197,16.391572732152444,2.898550724637681,8.185721953837897,0.0067096081588835215
84,19.41760601180891,0.0067096081588835215,12.218196457326892,21.40365002683843,13.620504562533547,7.098765432098766,15.807836822329575,2.717391304347826,7.702630166398282,0.0067096081588835215
85,20.336822329575952,0.0067096081588835215,11.943102522812667,21.256038647342994,13.331991411701557,7.098765432098766,17.337627482555018,2.6502952227589907,6.031937734836285,0.0067096081588835215
86,19.43102522812668,0.0067096081588835215,12.211486849168008,22.926731078904993,13.573537305421363,6.884057971014493,17.92807300053677,1.6170155662909287,5.421363392377885,
87,20.29656468062265,0.0067096081588835215,11.60762211486849,24.241814278046164,13.47289318303811,6.709608158883521,16.874664519592056,1.556629092860977,5.233494363929147,
88,20.108695652173914,0.0067096081588835215,11.788781535158346,24.255233494363928,13.130703166935051,6.655931293612453,17.60601180891036,1.556629092860977,4.891304347826087,
89,20.658883521202362,0.0067096081588835215,11.473429951690822,22.29602791196994,14.908749329039184,6.971282877079979,16.505636070853463,1.556629092860977,4.683306494900698,0.9393451422436929
90,21.806226516371442,0.0067096081588835215,11.460010735373054,21.79951690821256,13.83521202361782,6.850509930220075,17.2638217928073,1.3955984970477724,4.643048845947397,0.9393451422436929
91,21.604938271604937,0.0067096081588835215,11.131239935587761,20.779656468062264,14.9020397208803,7.4208266237251745,17.66639828234031,1.247987117552335,4.616210413311863,0.6239935587761675
92,22.322866344605476,0.0067096081588835215,12.104133118625873,20.28985507246377,13.81508319914117,7.058507783145465,17.55233494363929,1.1540526033279657,5.072463768115942,0.6239935587761675
93,23.470209339774556,0.0067096081588835215,11.41304347826087,19.900697799248523,13.882179280730005,7.595276435856146,17.06924315619968,1.1540526033279657,4.944981213097155,0.5636070853462157
94,22.913311862587225,0.0067096081588835215,11.782071926999464,20.665593129361245,13.157541599570585,7.353730542136339,16.29092860976919,0.6776704240472357,6.588835212023618,0.5636070853462157
95,22.86634460547504,0.0067096081588835215,11.540526033279656,21.048040794417606,13.003220611916264,8.071658615136876,15.633387010198604,0.6776704240472357,6.588835212023618,0.5636070853462157
96,21.71900161030596,0.0067096081588835215,11.305689747718732,20.189210950080515,14.049919484702093,8.192431561996779,16.774020397208805,0.6776704240472357,6.521739130434782,0.5636070853462157
97,20.79307568438003,0.0067096081588835215,11.533816425120772,21.833064949006978,14.80810520665593,7.776435856146001,16.0426731078905,0.6776704240472357,5.964841653247451,0.5636070853462157
98,19.994632313472895,0.0067096081588835215,11.929683306494901,21.296296296296298,15.76086956521739,7.776435856146001,16.23725174449812,0.6776704240472357,5.756843800322061,0.5636070853462157
99,20.095276435856146,0.0067096081588835215,12.895866881374127,21.22249060654858,15.479066022544284,7.615405260332796,15.687063875469672,0.6776704240472357,5.756843800322061,0.5636070853462157
100,18.9345142243693,0.0067096081588835215,16.626409017713364,19.773215244229736,13.747987117552334,7.011540526033279,16.666666666666668,0.6575415995705851,5.58239398819109,0.9930220075147611
101,19.082125603864736,0.0067096081588835215,16.27079978529254,19.578636607622116,13.499731615673644,7.232957595276436,17.19001610305958,0.6575415995705851,5.501878690284487,0.9796027911969941
102,19.162640901771336,0.0067096081588835215,16.854535695115406,19.28341384863124,13.41250670960816,7.232957595276436,16.988727858293075,0.6575415995705851,5.421363392377885,0.9796027911969941
103,20.001341921631777,0.0067096081588835215,16.33118625872249,19.672571121846484,13.613794954374665,7.266505636070853,16.27079978529254,0.6575415995705851,5.199946323134729,0.9796027911969941
104,19.35721953837896,0.0067096081588835215,18.90096618357488,17.753623188405797,13.768115942028986,7.595276435856146,16.21712292002147,0.6575415995705851,4.7638217928073,0.9796027911969941
105,20.40391841116479,0.0067096081588835215,19.598765432098766,17.122920021470748,14.754428341384862,6.508319914117015,15.526033279656469,0.6575415995705851,4.582662372517445,0.8387010198604401
106,21.40365002683843,0.0067096081588835215,19.176060118089104,17.11621041331186,14.036500268384327,5.8239398819108965,16.49892646269458,0.6575415995705851,4.441760601180891,0.8387010198604401
107,22.114868491680085,0.0067096081588835215,18.5252281266774,16.881374127750938,13.519860440150294,6.253354804079442,16.854535695115406,0.6575415995705851,4.3478260869565215,0.8387010198604401
108,21.578099838969404,0.0067096081588835215,21.054750402576488,16.686795491143318,12.211486849168008,6.166129898013956,16.492216854535695,0.5770263016639828,4.388083735909823,0.8387010198604401
109,21.906870638754697,0.0067096081588835215,20.564949006977994,17.23027375201288,11.486849168008588,6.3137412775093935,17.01556629092861,0.4428341384863124,4.341116478797638,0.6910896403650026
110,22.81266774020397,0.0067096081588835215,20.45088566827697,16.75389157273215,11.426462694578637,6.132581857219538,16.97530864197531,0.4428341384863124,4.30756843800322,0.6910896403650026
111,21.34326355340848,0.0067096081588835215,22.745571658615138,16.57944176060118,11.43317230273752,6.166129898013956,16.53918411164788,0.4428341384863124,4.052603327965647,0.6910896403650026
112,21.604938271604937,0.0067096081588835215,23.939881910896403,16.089640365002683,11.29898013955985,5.9447128287707995,15.935319377348362,0.43612453032742887,4.052603327965647,0.6910896403650026
113,22.77241009125067,0.0067096081588835215,22.65834675254965,16.626409017713364,10.876274825550189,6.454643048845948,15.438808373590982,0.43612453032742887,4.03918411164788,0.6910896403650026
114,23.409822866344605,0.0067096081588835215,22.36983360171766,17.028985507246375,10.869565217391305,5.884326355340848,14.734299516908212,0.43612453032742887,4.03918411164788,1.221148684916801
115,23.26892109500805,0.0067096081588835215,21.20907139023081,16.901502952227588,10.742082662372518,6.1929683306494905,15.190552871712292,0.43612453032742887,3.9989264626945786,2.0531400966183573
116,22.376543209876544,0.0067096081588835215,22.67176596886742,17.49194847020934,9.903381642512077,5.501878690284487,15.687063875469672,0.4294149221685454,4.019055287171229,1.9122383252818036
117,22.38996242619431,0.0067096081588835215,21.866612989801396,17.96833064949007,9.41358024691358,5.501878690284487,16.492216854535695,0.4294149221685454,4.019055287171229,1.9122383252818036
118,22.33628556092324,0.0067096081588835215,21.826355340848096,18.632581857219538,9.708803005904455,5.22007514761138,16.009125067096083,0.4294149221685454,3.9184111647879765,1.9122383252818036
119,21.70558239398819,0.0067096081588835215,21.926999463231347,18.243424584004295,9.688674181427805,5.750134192163178,16.451959205582394,0.4294149221685454,3.9184111647879765,1.8786902844873858
120,21.73913043478261,0.0067096081588835215,22.490606548577563,17.85426731078905,9.98389694041868,5.750134192163178,15.96886741814278,0.4294149221685454,3.898282340311326,1.8786902844873858
121,22.094739667203434,0.0067096081588835215,22.457058507783145,17.961621041331185,9.494095544820183,5.750134192163178,15.868223295759528,0.39586688137412773,4.092860976918948,1.8786902844873858
122,22.779119699409556,0.0067096081588835215,22.52415458937198,18.968062265163713,9.286097691894794,5.434782608695652,14.834943639291465,0.39586688137412773,3.978797638217928,1.7914653784219001
123,23.49033816425121,0.0067096081588835215,22.356414385399894,18.303811057434245,8.313204508856682,7.62211486849168,14.090177133655395,0.39586688137412773,3.33467525496511,2.086688137412775
124,23.396403650026837,0.0067096081588835215,20.517981749865807,20.336822329575952,8.494363929146537,7.62211486849168,13.56682769726248,0.39586688137412773,3.5762211486849167,2.086688137412775
125,23.470209339774556,0.0067096081588835215,20.075147611379496,20.611916264090176,8.205850778314547,8.232689210950081,13.902308105206655,0.39586688137412773,3.5762211486849167,1.5230810520665594
126,25.05367686527107,0.0067096081588835215,19.860440150295222,20.1959205582394,8.031400966183575,8.232689210950081,13.533279656468062,0.39586688137412773,3.166935050993022,1.5230810520665594
127,26.46940418679549,0.0067096081588835215,19.659151905528716,19.484702093397747,7.454374664519592,8.420558239398819,13.419216317767042,0.39586688137412773,3.166935050993022,1.5230810520665594
128,26.321792807300053,0.0067096081588835215,18.820450885668276,20.38378958668814,7.179280730005368,8.420558239398819,13.788244766505636,0.39586688137412773,3.1602254428341383,1.5230810520665594
129,26.442565754159958,0.0067096081588835215,18.438003220611915,20.081857219538378,7.092055823939882,9.084809447128288,13.774825550187868,0.39586688137412773,3.1602254428341383,1.5230810520665594
130,26.1808910359635,0.0067096081588835215,18.303811057434245,18.968062265163713,6.521739130434782,8.3467525496511,14.452495974235104,0.39586688137412773,3.1065485775630703,3.717122920021471
131,26.053408480944714,0.0067096081588835215,18.04884594739667,20.04830917874396,6.8035426731078905,8.3467525496511,13.687600644122384,0.39586688137412773,2.8918411164787976,3.717122920021471
132,25.167740203972087,0.0067096081588835215,17.94820182501342,19.310252281266774,8.205850778314547,7.6623725174449815,13.278314546430488,0.30193236714975846,2.428878153515835,5.689747718733226
133,25.738056897477186,0.0067096081588835215,17.66639828234031,19.592055823939884,8.205850778314547,7.595276435856146,13.077026301663983,0.30193236714975846,2.428878153515835,5.387815351583468
134,25.228126677402038,0.0067096081588835215,17.270531400966185,19.32367149758454,8.789586688137414,8.313204508856682,12.989801395598498,0.30193236714975846,2.3886205045625335,5.387815351583468
135,25.140901771336555,0.0067096081588835215,15.08990874932904,18.552066559312937,9.339774557165862,11.808910359634996,12.419484702093397,0.30193236714975846,1.9524959742351047,5.387815351583468
136,24.20155662909286,0.0067096081588835215,15.660225442834138,20.48443370907139,8.440687063875469,9.950348899624261,11.372785829307569,0.30193236714975846,1.3016639828234031,8.279656468062266
137,24.382716049382715,0.0067096081588835215,15.378421900161031,21.24932903918411,8.440687063875469,9.29951690821256,11.721685453569512,0.30193236714975846,1.3016639828234031,7.917337627482555
138,23.2085346215781,0.0067096081588835215,16.170155662909288,21.786097691894792,8.340042941492216,9.936929683306495,11.285560923242082,0.30193236714975846,1.3016639828234031,7.6623725174449815
139,22.899892646269457,0.0067096081588835215,16.25738056897477,22.71202361782072,8.796296296296296,10.104669887278583,10.628019323671497,0.30193236714975846,1.2815351583467525,7.011540526033279
140,22.544283413848632,0.0067096081588835215,18.59903381642512,20.840042941492218,9.366612989801396,9.930220075147611,10.23215244229737,0.2952227589908749,1.1876006441223832,6.998121309715513
141,21.504294149221685,0.0067096081588835215,20.873590982286636,18.646001073537306,10.433440687063875,9.782608695652174,10.272410091250672,0.2952227589908749,1.1876006441223832,6.998121309715513
142,21.316425120772948,0.0067096081588835215,20.1959205582394,18.57890499194847,10.903113258185721,9.883252818035427,10.695115405260333,0.2952227589908749,1.1876006441223832,6.937734836285561
143,21.316425120772948,0.0067096081588835215,20.1959205582394,18.57890499194847,10.903113258185721,9.883252818035427,10.695115405260333,0.2952227589908749,1.1876006441223832,6.937734836285561
144,21.638486312399355,0.0067096081588835215,19.639023081052066,19.243156199677937,9.816156736446592,9.54777241009125,12.258454106280194,0.2952227589908749,1.1674718196457328,6.387546967257112
145,20.377079978529252,0.0067096081588835215,19.51825013419216,20.75281803542673,10.185185185185185,9.567901234567902,12.513419216317766,0.2952227589908749,0.8387010198604401,5.9447128287707995
146,19.679280730005367,0.0067096081588835215,19.578636607622116,20.26972624798712,10.829307568438002,9.39345142243693,13.613794954374665,0.2952227589908749,0.8387010198604401,5.495169082125604
147,19.80005367686527,0.0067096081588835215,19.316961889425656,20.148953301127214,10.158346752549651,9.084809447128288,14.855072463768115,0.2952227589908749,0.8387010198604401,5.495169082125604
148,19.85373054213634,0.0067096081588835215,19.47128287707998,20.33011272141707,9.990606548577563,8.675523349436393,15.063070316693505,0.2952227589908749,0.8185721953837896,5.495169082125604
149,19.75979602791197,0.0067096081588835215,18.733225979602793,19.665861513687602,9.73564143853999,9.05126140633387,16.264090177133657,0.2952227589908749,0.8185721953837896,5.669618894256575
150,20.075147611379496,0.0067096081588835215,18.33064949006978,19.880568974771872,9.178743961352657,9.541062801932368,16.5727321524423,0.2952227589908749,0.8185721953837896,5.300590445517981
151,20.115405260332796,0.0067096081588835215,17.538915727321523,20.699141170155663,8.957326892109501,10.165056360708535,16.10305958132045,0.2952227589908749,0.8185721953837896,5.300590445517981
152,20.1959205582394,0.0067096081588835215,17.411433172302736,21.20907139023081,8.903650026838433,10.165056360708535,15.693773483628556,0.2952227589908749,0.8185721953837896,5.300590445517981
153,20.94068706387547,0.0067096081588835215,17.28395061728395,20.86688137412775,8.78287707997853,10.165056360708535,15.539452495974235,0.2952227589908749,0.8185721953837896,5.300590445517981
154,21.26274825550188,0.0067096081588835215,17.270531400966185,21.390230810520666,8.085077831454644,10.165056360708535,15.458937198067632,0.2952227589908749,0.7648953301127214,5.300590445517981
155,21.276167471819647,0.0067096081588835215,17.787171229200215,21.651905528717123,8.59500805152979,9.789318303811058,15.331454643048845,0.2952227589908749,0.7648953301127214,4.502147074610843
156,22.31615673644659,0.0067096081588835215,17.787171229200215,21.564680622651636,8.11862587224906,9.75577026301664,14.888620504562533,0.2952227589908749,0.7648953301127214,4.502147074610843
157,21.26945786366076,0.0067096081588835215,18.706387546967257,20.538110574342458,7.776435856146001,10.493827160493828,15.646806226516372,0.2952227589908749,0.7648953301127214,4.502147074610843
158,22.953569511540525,0.0067096081588835215,18.317230273752013,19.32367149758454,7.763016639828234,10.44015029522276,16.069511540526033,0.2952227589908749,0.7648953301127214,4.066022544283414
159,23.07434245840043,0.0067096081588835215,18.243424584004295,19.706119162640903,7.742887815351583,10.44015029522276,15.660225442834138,0.2952227589908749,0.7648953301127214,4.066022544283414
160,23.121309715512613,0.0067096081588835215,17.619431025228128,19.726247987117553,8.031400966183575,10.44015029522276,15.942028985507246,0.2952227589908749,0.7514761137949544,4.066022544283414
161,22.436929683306495,0.0067096081588835215,17.20343531937735,19.49812130971551,7.823403113258186,10.077831454643048,17.98845947396672,0.2952227589908749,0.7514761137949544,3.9184111647879765
162,22.96027911969941,0.0067096081588835215,16.955179817498657,19.49812130971551,7.776435856146001,10.077831454643048,17.76033279656468,0.2952227589908749,0.7514761137949544,3.9184111647879765
163,23.59098228663446,0.0067096081588835215,16.31105743424584,20.611916264090176,7.575147611379496,9.265968867418144,17.102791196994094,0.2952227589908749,0.7380568974771873,4.502147074610843
164,22.873054213633925,0.0067096081588835215,18.364197530864196,20.40391841116479,7.461084272678476,8.655394524959743,16.700214707461082,0.2952227589908749,0.7380568974771873,4.502147074610843
165,22.758990874932906,0.0067096081588835215,17.74020397208803,20.29656468062265,7.628824476650563,9.346484165324744,16.418411164787976,0.2952227589908749,1.0735373054213635,4.435050993022007
166,23.309178743961354,0.0067096081588835215,17.619431025228128,20.189210950080515,7.219538378958669,9.426999463231347,16.42512077294686,0.2952227589908749,1.0735373054213635,4.435050993022007
167,22.443639291465377,0.0067096081588835215,21.182232957595275,18.4849704777241,6.649221685453569,9.346484165324744,16.847826086956523,0.2952227589908749,0.4092860976918948,4.334406870638754
168,22.758990874932906,0.0067096081588835215,21.041331186258724,18.223295759527645,6.454643048845948,9.447128287707997,17.028985507246375,0.2952227589908749,0.4092860976918948,4.334406870638754
169,22.322866344605476,0.0067096081588835215,20.987654320987655,17.800590445517983,6.447933440687064,9.903381642512077,17.847557702630166,0.2952227589908749,0.4092860976918948,3.978797638217928
170,22.705314009661837,0.0067096081588835215,20.92055823939882,17.357756307031668,6.4345142243692965,9.903381642512077,17.98845947396672,0.2952227589908749,0.4092860976918948,3.978797638217928
171,22.84621578099839,0.0067096081588835215,21.349973161567366,16.80756843800322,6.4345142243692965,9.903381642512077,17.96833064949007,0.2952227589908749,0.4092860976918948,3.978797638217928
172,22.403381642512077,0.0067096081588835215,21.14868491680086,17.03569511540526,6.6760601180891035,9.883252818035427,17.74020397208803,0.03354804079441761,1.093666129898014,3.978797638217928
173,22.416800858829845,0.0067096081588835215,20.50456253354804,17.98845947396672,6.91760601180891,9.876543209876543,17.183306494900698,0.03354804079441761,1.093666129898014,3.978797638217928
174,22.249060654857757,0.0067096081588835215,19.89398819108964,17.901234567901234,6.91760601180891,10.768921095008052,17.478529253891573,0.03354804079441761,1.093666129898014,3.656736446591519
175,22.966988727858293,,19.672571121846484,17.85426731078905,6.602254428341385,10.413311862587225,17.746913580246915,0.03354804079441761,1.093666129898014,3.616478797638218
176,23.309178743961354,,18.4447128287708,18.203166935050994,6.501610305958132,10.044283413848632,18.753354804079443,0.03354804079441761,1.093666129898014,3.616478797638218
177,23.309178743961354,,18.4447128287708,18.203166935050994,6.501610305958132,10.044283413848632,18.753354804079443,0.03354804079441761,1.093666129898014,3.616478797638218
178,23.221953837895867,,18.357487922705314,19.276704240472355,6.508319914117015,9.541062801932368,17.975040257648953,0.03354804079441761,0.9125067096081588,4.17337627482555
179,23.067632850241544,,18.276972624798713,19.97450348899624,6.508319914117015,9.608158883521202,17.45169082125604,0.03354804079441761,0.9125067096081588,4.166666666666667
180,24.188137412775095,,17.96833064949007,19.93424584004294,6.427804616210413,9.608158883521202,16.901502952227588,0.03354804079441761,0.9125067096081588,4.025764895330113
181,25.06038647342995,,17.780461621041333,19.370638754696724,6.1929683306494905,9.453837895866881,17.16988727858293,0.03354804079441761,0.9125067096081588,4.025764895330113
182,24.570585077831456,,17.800590445517983,20.759527643585614,6.1929683306494905,9.138486312399356,17.102791196994094,0.03354804079441761,0.9125067096081588,3.488996242619431
183,24.402844873859365,,17.840848094471284,20.79307568438003,6.146001073537305,9.138486312399356,17.24369296833065,0.03354804079441761,0.9125067096081588,3.488996242619431
184,24.48336017176597,,17.538915727321523,20.061728395061728,6.394256575415996,9.25925925925926,17.8743961352657,0.03354804079441761,0.9125067096081588,3.4420289855072466
185,24.798711755233494,,17.793880837359097,20.41062801932367,6.360708534621578,9.16532474503489,17.08937198067633,0.03354804079441761,0.9125067096081588,3.435319377348363
186,23.70504562533548,,17.24369296833065,22.497316156736446,6.353998926462695,9.554482018250134,16.378153515834676,0.03354804079441761,0.9125067096081588,3.321256038647343
187,24.295491143317232,,17.156468062265162,22.322866344605476,6.353998926462695,9.292807300053678,16.344605475040257,0.03354804079441761,0.8789586688137413,3.321256038647343
188,24.993290391841118,,17.156468062265162,21.980676328502415,6.3070316693505095,9.292807300053678,16.15673644659152,0.03354804079441761,0.8789586688137413,3.2004830917874396
189,25.288513150831992,,16.586151368760063,22.933440687063875,6.3070316693505095,9.192163177670425,15.579710144927537,0.03354804079441761,0.8789586688137413,3.2004830917874396
190,25.805152979066023,,16.57944176060118,22.282608695652176,6.286902844873859,9.708803005904455,15.331454643048845,0.03354804079441761,0.8655394524959742,3.1065485775630703
191,25.677670424047236,,16.99543746645196,21.672034353193773,5.9514224369296835,9.708803005904455,15.98899624261943,0.03354804079441761,0.8655394524959742,3.1065485775630703
192,24.993290391841118,,17.887815351583466,21.4170692431562,5.508588298443371,9.708803005904455,16.566022544283413,0.03354804079441761,0.8655394524959742,3.0193236714975846
193,25.207997852925388,,17.652979066022546,21.517713365539453,5.495169082125604,9.708803005904455,16.49892646269458,0.03354804079441761,0.8655394524959742,3.0193236714975846
194,25.248255501878692,,17.599302200751477,21.14868491680086,5.10601180891036,10.326086956521738,17.04911433172303,0.03354804079441761,0.8521202361782072,2.636876006441224
195,25.355609232420825,,17.330917874396135,21.329844337090712,5.10601180891036,10.326086956521738,17.028985507246375,0.03354804079441761,0.8521202361782072,2.636876006441224
196,25.315351583467525,,17.257112184648417,21.329844337090712,5.10601180891036,10.44015029522276,17.028985507246375,0.03354804079441761,0.8521202361782072,2.636876006441224
197,25.637412775093935,,16.774020397208805,21.202361782071925,5.10601180891036,10.44015029522276,17.317498658078367,0.03354804079441761,0.8521202361782072,2.636876006441224
198,25.429414922168544,,16.485507246376812,21.786097691894792,5.10601180891036,10.420021470746109,17.250402576489535,0.03354804079441761,0.8521202361782072,2.636876006441224
199,25.785024154589372,,16.364734299516908,21.68545356951154,5.10601180891036,10.420021470746109,17.11621041331186,0.03354804079441761,0.8521202361782072,2.636876006441224
200,25.268384326355342,,16.545893719806763,21.524422973698336,5.958132045088567,10.836017176596886,16.478797638217927,0.013419216317767043,0.7917337627482555,2.5831991411701556
201,25.55018786902845,,16.264090177133657,21.980676328502415,5.730005367686527,10.836017176596886,16.25067096081589,0.013419216317767043,0.7917337627482555,2.5831991411701556
202,25.32206119162641,,16.25738056897477,22.544283413848632,5.555555555555555,10.755501878690284,16.17686527106817,0.013419216317767043,0.7917337627482555,2.5831991411701556
203,24.55716586151369,,16.53918411164788,23.067632850241544,5.4549114331723025,10.755501878690284,16.23725174449812,0.013419216317767043,0.7917337627482555,2.5831991411701556
204,23.825818572195384,,17.693236714975846,22.65834675254965,5.4549114331723025,10.896403650026839,16.23725174449812,0.013419216317767043,0.7917337627482555,2.428878153515835
205,24.228395061728396,,17.619431025228128,23.07434245840043,5.166398282340311,10.856146001073537,16.13660762211487,0.013419216317767043,0.7917337627482555,2.1135265700483092
206,24.194847020933977,,17.599302200751477,23.07434245840043,5.475040257648954,10.856146001073537,15.881642512077295,0.013419216317767043,0.7917337627482555,2.1135265700483092
207,24.530327428878152,,17.901234567901234,22.966988727858293,5.475040257648954,10.856146001073537,15.351583467525497,0.013419216317767043,0.7917337627482555,2.1135265700483092
208,25.617283950617285,,17.04911433172303,22.477187332259795,5.763553408480945,11.426462694578637,14.74771873322598,0.013419216317767043,0.7917337627482555,2.1135265700483092
209,25.348899624261943,,17.04911433172303,22.477187332259795,5.669618894256575,11.426462694578637,15.11003757380569,0.013419216317767043,0.7917337627482555,2.1135265700483092
210,25.5300590445518,,17.498658078368223,22.987117552334944,5.515297906602254,11.171497584541063,14.412238325281804,0.013419216317767043,0.785024154589372,2.086688137412775
211,25.91921631776704,,17.498658078368223,22.987117552334944,5.515297906602254,10.782340311325818,14.412238325281804,0.013419216317767043,0.785024154589372,2.086688137412775
212,25.885668276972623,,16.465378421900162,23.859366612989803,5.891035963499732,10.782340311325818,14.231078904991948,0.013419216317767043,0.785024154589372,2.086688137412775
213,25.6105743424584,,16.465378421900162,23.886205045625335,6.052066559312936,11.943102522812667,13.18438003220612,0.013419216317767043,0.7581857219538379,2.086688137412775
214,25.664251207729468,,16.57944176060118,24.44981213097155,5.971551261406334,11.943102522812667,12.533548040794418,0.013419216317767043,0.7581857219538379,2.086688137412775
215,25.664251207729468,,16.794149221685455,24.792002147074612,5.924584004294149,11.748523886205046,12.218196457326892,0.013419216317767043,0.7581857219538379,2.086688137412775
216,26.549919484702095,,17.290660225442835,24.040526033279658,5.924584004294149,11.191626409017713,12.177938808373591,0.013419216317767043,0.7581857219538379,2.0531400966183573
217,26.549919484702095,,17.277241009125067,24.516908212560388,5.924584004294149,11.191626409017713,11.714975845410628,0.013419216317767043,0.7581857219538379,2.0531400966183573
218,26.878690284487387,,17.277241009125067,24.516908212560388,6.5552871712292005,11.191626409017713,11.3191089640365,,0.20799785292538917,2.0531400966183573
