,40,45,50,51,41,52,53,49
0,4.569243156199678,40.042941492216855,55.38781535158347,,,,,
1,8.259527643585615,37.567096081588836,52.83816425120773,1.3352120236178207,,,,
2,12.909286097691895,28.663446054750402,56.333870101986044,1.3352120236178207,0.7581857219538379,,,
3,7.742887815351583,19.410896403650028,71.13526570048309,0.95276435856146,0.7581857219538379,,,
4,5.615942028985507,11.453301127214171,80.48174986580784,0.95276435856146,1.4962426194310252,,,
5,9.75577026301664,10.889694041867955,76.90552871712292,0.95276435856146,1.4962426194310252,,,
6,12.204777241009126,4.139828234031133,77.79119699409554,4.367954911433173,1.4962426194310252,,,
7,8.266237251744498,1.8317230273752012,88.40579710144928,,1.4962426194310252,,,
8,10.104669887278583,1.8317230273752012,86.56736446591519,,1.4962426194310252,,,
9,14.861782071927,1.1540526033279657,72.8395061728395,5.750134192163178,2.9790660225442833,2.4154589371980677,,
10,15.24422973698336,1.1540526033279657,74.42297369833602,5.750134192163178,0.9326355340848095,2.4154589371980677,0.08051529790660225,
11,6.353998926462695,1.0198604401502953,85.50053676865271,4.260601180891036,0.4495437466451959,2.4154589371980677,,
12,8.668813741277509,1.0198604401502953,80.51529790660226,6.9310252281266775,0.4495437466451959,2.4154589371980677,,
13,11.225174449812132,1.0198604401502953,74.1009125067096,10.446859903381643,0.7917337627482555,2.4154589371980677,,
14,14.506172839506172,1.0198604401502953,63.00993022007515,18.209876543209877,0.8387010198604401,2.4154589371980677,,
15,16.09634997316157,1.0198604401502953,66.15002683843264,13.499731615673644,0.8185721953837896,2.4154589371980677,,
16,12.600644122383253,0.7246376811594203,65.74074074074075,14.11701556629093,0.43612453032742887,2.4154589371980677,,3.965378421900161
17,15.995705850778315,0.7246376811594203,62.94283413848631,11.211755233494364,0.41599570585077833,4.924852388620504,,3.784219001610306
18,12.453032742887816,0.026838432635534086,70.73268921095008,8.085077831454644,0.04696725711218465,4.924852388620504,,3.730542136339238
19,12.593934514224369,0.026838432635534086,66.70692431561997,11.969940955448202,0.04696725711218465,4.924852388620504,,3.730542136339238
20,13.741277509393452,,63.747987117552334,15.385131508319914,0.04696725711218465,2.791196994095545,,4.28743961352657
21,15.4723564143854,,62.01690821256039,15.385131508319914,0.04696725711218465,2.791196994095545,,4.28743961352657
22,10.339506172839506,,67.92136339237788,12.204777241009126,0.04696725711218465,1.932367149758454,,7.555018786902845
23,12.325550187869029,,71.07487922705315,8.192431561996779,0.04696725711218465,1.932367149758454,,6.427804616210413
24,15.955448201825014,,67.4718196457327,8.165593129361245,0.04696725711218465,1.932367149758454,,6.427804616210413
25,14.170692431561998,,69.43773483628556,8.158883521202362,0.04696725711218465,1.932367149758454,,6.253354804079442
26,15.499194847020934,,69.41089640365003,7.897208803005904,0.013419216317767043,1.932367149758454,,5.246913580246914
27,13.788244766505636,,42.693236714975846,7.092055823939882,0.013419216317767043,1.6841116478797638,,34.72893183038111
28,11.272141706924316,,48.80568974771873,6.427804616210413,0.013419216317767043,1.6841116478797638,,31.796833064949006
29,13.45276435856146,,59.628287707997856,5.783682232957595,0.013419216317767043,1.3217928073000538,,19.80005367686527
30,15.08990874932904,,57.991143317230275,5.783682232957595,0.013419216317767043,1.3217928073000538,,19.80005367686527
31,18.4849704777241,,56.26677402039721,5.448201825013419,0.013419216317767043,1.3217928073000538,,18.46484165324745
32,22.32957595276436,,55.00536768652711,5.146269457863661,0.013419216317767043,1.3217928073000538,,16.183574879227052
33,22.584541062801932,,54.750402576489535,5.146269457863661,0.013419216317767043,1.3217928073000538,,16.183574879227052
34,27.482555018786904,,53.052871712292,4.38137412775094,0.013419216317767043,1.3217928073000538,,13.747987117552334
35,30.85077831454643,,50.0805152979066,4.30756843800322,0.013419216317767043,1.0534084809447128,,13.694310252281268
36,32.26650563607085,,48.66478797638218,4.30756843800322,0.013419216317767043,1.0534084809447128,,13.694310252281268
37,32.588566827697264,,47.16183574879227,3.046162104133119,0.013419216317767043,4.448470209339774,,12.741545893719806
38,35.77563070316693,,44.176060118089104,2.985775630703167,0.013419216317767043,4.30756843800322,,12.741545893719806
39,31.5150295222759,,53.06629092860977,1.2748255501878691,,2.086688137412775,,12.057165861513688
40,36.20504562533548,,49.543746645195924,1.2748255501878691,,2.086688137412775,,10.889694041867955
41,37.775093934514224,,48.14143853998927,1.2748255501878691,,1.9189479334406871,,10.889694041867955
42,40.29119699409554,,47.20880300590446,1.2546967257112185,,1.415727321524423,,9.829575952764358
43,44.87385936661299,,43.10923242082662,1.2546967257112185,,1.415727321524423,,9.346484165324744
44,48.07434245840043,,41.19028448738594,1.1741814278046163,,0.8521202361782072,,8.709071390230811
45,43.65271068169619,,48.792270531400966,0.13419216317767044,,0.3824476650563607,,7.0383789586688135
46,45.98765432098765,,46.4573268921095,0.13419216317767044,,0.3824476650563607,,7.0383789586688135
47,48.369565217391305,,44.518250134192165,0.13419216317767044,,0.04696725711218465,,6.9310252281266775
48,40.485775630703166,,52.871712292002144,0.10064412238325282,,0.04696725711218465,,6.494900697799249
49,31.629092860976918,,62.72141706924316,0.10064412238325282,,0.04696725711218465,,5.501878690284487
50,33.051529790660226,,61.29898013955985,0.10064412238325282,,0.04696725711218465,,5.501878690284487
51,34.896672034353195,,59.45383789586688,0.10064412238325282,,0.04696725711218465,,5.501878690284487
52,37.5,,57.19269994632314,0.10064412238325282,,0.04696725711218465,,5.159688674181428
53,36.9699409554482,,55.73000536768653,0.10064412238325282,,0.04696725711218465,2.1135265700483092,5.038915727321524
54,32.94417606011809,,60.07112184648417,0.06709608158883522,,0.026838432635534086,2.1135265700483092,4.777241009125067
55,34.735641438539986,,58.32662372517445,0.06709608158883522,,0.026838432635534086,2.1135265700483092,4.730273752012883
56,36.090982286634464,,56.97128287707998,0.06709608158883522,,0.026838432635534086,2.1135265700483092,4.730273752012883
57,38.687600644122384,,51.871980676328505,2.5697799248523885,,0.026838432635534086,2.1135265700483092,4.730273752012883
58,38.687600644122384,,51.871980676328505,2.5697799248523885,,0.026838432635534086,2.1135265700483092,4.730273752012883
59,40.344873859366615,,50.67096081588835,2.1135265700483092,,0.026838432635534086,2.1135265700483092,4.730273752012883
60,44.867149758454104,,46.343263553408484,1.9189479334406871,,0.026838432635534086,2.1135265700483092,4.730273752012883
61,48.58427267847558,,42.652979066022546,1.9189479334406871,,,2.1135265700483092,4.730273752012883
62,51.77133655394525,,40.183843263553406,1.9189479334406871,,,2.1135265700483092,4.012345679012346
63,52.241009125067094,,39.71417069243156,1.9189479334406871,,,2.1135265700483092,4.012345679012346
64,53.22061191626409,,38.73456790123457,1.9189479334406871,,,2.1135265700483092,4.012345679012346
65,50.48309178743961,,37.17793880837359,1.9189479334406871,,4.5960815888352125,2.1068169618894257,3.717122920021471
66,51.590177133655395,,36.35265700483092,1.9189479334406871,,4.4753086419753085,1.9457863660762211,3.717122920021471
67,53.20048309178744,,34.977187332259795,1.9189479334406871,,4.4753086419753085,1.710950080515298,3.717122920021471
68,55.97826086956522,,32.94417606011809,1.9189479334406871,,3.978797638217928,1.710950080515298,3.4688674181427803
69,57.890499194847024,,31.280193236714975,1.9189479334406871,,3.978797638217928,1.6103059581320451,3.321256038647343
70,60.07112184648417,,30.62265163714439,1.9189479334406871,,3.978797638217928,0.9460547504025765,2.462426194310252
71,61.594202898550726,,30.609232420826622,1.9189479334406871,,2.5831991411701556,0.9460547504025765,2.3483628556092326
72,63.58024691358025,,28.6231884057971,1.9189479334406871,,2.5831991411701556,0.9460547504025765,2.3483628556092326
73,63.58695652173913,,28.6231884057971,1.9189479334406871,,2.5831991411701556,0.9460547504025765,2.341653247450349
74,65.32474503488996,,27.006172839506174,1.9189479334406871,,2.5831991411701556,0.8252818035426731,2.341653247450349
75,65.68035426731079,,26.650563607085346,1.9189479334406871,,2.5831991411701556,0.8252818035426731,2.341653247450349
76,67.2638217928073,,25.831991411701555,1.1540526033279657,,2.5831991411701556,0.8252818035426731,2.341653247450349
77,68.24342458400429,,24.859098228663445,1.1540526033279657,,2.576489533011272,0.8252818035426731,2.341653247450349
78,69.69269994632313,,23.946591519055286,1.1540526033279657,,2.576489533011272,0.8252818035426731,1.8048845947396672
79,70.61862587224905,,23.26892109500805,0.9057971014492754,,2.576489533011272,0.8252818035426731,1.8048845947396672
80,73.30917874396135,,20.8870101986044,0.798443370907139,,2.3752012882447664,0.8252818035426731,1.8048845947396672
81,73.91975308641975,,20.497852925389157,0.798443370907139,,2.281266774020397,0.6977992485238862,1.8048845947396672
82,74.18813741277509,,20.229468599033815,0.798443370907139,,2.281266774020397,0.6977992485238862,1.8048845947396672
83,74.24852388620505,,20.222758990874933,0.798443370907139,,2.281266774020397,0.6977992485238862,1.751207729468599
84,75.23483628556092,,19.85373054213634,0.18115942028985507,,2.281266774020397,0.6977992485238862,1.751207729468599
85,75.45625335480408,,19.632313472893184,0.18115942028985507,,2.281266774020397,0.6977992485238862,1.751207729468599
86,76.63714439076757,,19.02173913043478,0.18115942028985507,,1.9592055823939882,0.6977992485238862,1.5029522275899088
87,77.50939345142244,,18.263553408480945,0.11406333870101985,,1.9122383252818036,0.6977992485238862,1.5029522275899088
88,75.05367686527107,,17.693236714975846,3.3548040794417604,,1.9122383252818036,0.6977992485238862,1.288244766505636
89,72.5577026301664,,20.343531937734838,3.3548040794417604,,1.9122383252818036,0.6977992485238862,1.133923778851315
90,73.06092324208267,,19.900697799248523,3.294417606011809,,1.9122383252818036,0.6977992485238862,1.133923778851315
91,73.95330112721417,,19.03515834675255,3.2675791733762747,,1.9122383252818036,0.6977992485238862,1.133923778851315
92,74.68464841653247,,18.303811057434245,3.2675791733762747,,1.9122383252818036,0.6977992485238862,1.133923778851315
93,75.10064412238326,,17.894524959742352,3.260869565217391,,1.9122383252818036,0.6977992485238862,1.133923778851315
94,75.2012882447665,,17.793880837359097,3.260869565217391,,1.9122383252818036,0.6977992485238862,1.133923778851315
95,75.2818035426731,,17.733494363929147,3.260869565217391,,1.892109500805153,0.6977992485238862,1.133923778851315
96,75.2818035426731,,17.733494363929147,3.260869565217391,,1.892109500805153,0.6977992485238862,1.133923778851315
97,73.95330112721417,,16.99543746645196,3.260869565217391,,3.9586688137412773,0.6977992485238862,1.133923778851315
98,74.25523349436394,,16.6935050993022,3.260869565217391,,3.9586688137412773,0.6977992485238862,1.133923778851315
99,74.51690821256038,,16.431830381105744,3.260869565217391,,3.9586688137412773,0.6977992485238862,1.133923778851315
100,75.39586688137413,,15.552871712292003,3.260869565217391,,3.9586688137412773,0.6977992485238862,1.133923778851315
101,73.59769189479334,,15.056360708534621,5.763553408480945,,3.9586688137412773,0.6977992485238862,0.9259259259259259
102,74.35587761674718,,14.298174986580785,5.763553408480945,,3.9586688137412773,0.6977992485238862,0.9259259259259259
103,76.0601180891036,,13.157541599570585,5.428073000536768,,3.9586688137412773,0.5770263016639828,0.8185721953837896
104,76.3016639828234,,12.915995705850777,5.428073000536768,,3.9586688137412773,0.5770263016639828,0.8185721953837896
105,78.19377348362856,,12.164519592055823,4.42163177670424,,3.9586688137412773,0.5770263016639828,0.6843800322061192
106,78.19377348362856,,12.164519592055823,4.42163177670424,,3.9586688137412773,0.5770263016639828,0.6843800322061192
107,78.28099838969405,,12.077294685990339,4.42163177670424,,3.9586688137412773,0.5770263016639828,0.6843800322061192
108,79.53569511540526,,11.285560923242082,3.9586688137412773,,3.9586688137412773,0.5770263016639828,0.6843800322061192
109,80.34084809447128,,11.211755233494364,3.421900161030596,,3.9586688137412773,0.5770263016639828,0.48980139559849706
110,80.87090713902307,,11.211755233494364,3.421900161030596,,3.4286097691894795,0.5770263016639828,0.48980139559849706
111,80.97826086956522,,11.211755233494364,3.421900161030596,,3.4286097691894795,0.48980139559849706,0.46967257112184646
112,81.44122383252818,,11.211755233494364,2.9589371980676327,,3.4286097691894795,0.48980139559849706,0.46967257112184646
113,82.68921095008052,,10.876274825550189,2.9589371980676327,,2.5161030595813205,0.48980139559849706,0.46967257112184646
114,80.50187869028449,,13.761406333870102,2.442297369833602,,2.3617820719269993,0.48980139559849706,0.4428341384863124
115,80.5756843800322,,13.727858293075684,2.442297369833602,,2.3349436392914655,0.48980139559849706,0.4294149221685454
116,79.73698336017176,,13.117283950617283,2.442297369833602,,3.81105743424584,0.48980139559849706,0.4025764895330113
117,80.414653784219,,12.5402576489533,2.4221685453569513,,3.730542136339238,0.48980139559849706,0.4025764895330113
118,80.66290928609769,,12.399355877616747,2.4221685453569513,,3.6231884057971016,0.48980139559849706,0.4025764895330113
119,81.5150295222759,,11.56736446591519,2.4020397208803006,,3.6231884057971016,0.48980139559849706,0.4025764895330113
120,81.76328502415458,,11.419753086419753,2.301395598497048,,3.6231884057971016,0.48980139559849706,0.4025764895330113
121,82.0450885668277,,11.20504562533548,2.301395598497048,,3.6231884057971016,0.48980139559849706,0.33548040794417605
122,82.91733762748255,,10.487117552334944,2.2879763821792807,,3.4822866344605474,0.48980139559849706,0.33548040794417605
123,83.3870101986044,,10.34621578099839,2.2879763821792807,,3.4822866344605474,0.1610305958132045,0.33548040794417605
124,84.40016103059581,,9.581320450885668,2.0397208803005906,,3.4822866344605474,0.1610305958132045,0.33548040794417605
125,85.11808910359635,,8.863392377885132,2.0397208803005906,,3.4822866344605474,0.1610305958132045,0.33548040794417605
126,85.28582930756843,,8.856682769726248,2.0397208803005906,,3.321256038647343,0.1610305958132045,0.33548040794417605
127,85.33279656468062,,8.809715512614064,2.0397208803005906,,3.321256038647343,0.1610305958132045,0.33548040794417605
128,85.6682769726248,,8.749329039184111,2.0397208803005906,,3.2675791733762747,0.1610305958132045,0.11406333870101985
129,85.75550187869028,,8.662104133118627,2.0397208803005906,,3.2675791733762747,0.1610305958132045,0.11406333870101985
130,86.64787976382179,,8.380300590445518,2.0397208803005906,,2.6637144390767578,0.15432098765432098,0.11406333870101985
131,86.71497584541063,,8.313204508856682,2.0397208803005906,,2.6637144390767578,0.15432098765432098,0.11406333870101985
132,86.92297369833602,,8.105206655931294,2.0397208803005906,,2.6637144390767578,0.15432098765432098,0.11406333870101985
133,87.10413311862587,,8.09849704777241,2.0397208803005906,,2.4892646269457863,0.15432098765432098,0.11406333870101985
134,87.27858293075684,,7.991143317230274,2.0397208803005906,,2.4892646269457863,0.15432098765432098,0.04696725711218465
135,87.50670960815889,,7.87037037037037,2.01959205582394,,2.4020397208803006,0.15432098765432098,0.04696725711218465
136,87.50670960815889,,7.87037037037037,2.01959205582394,,2.4020397208803006,0.15432098765432098,0.04696725711218465
137,87.69457863660762,,7.682501341921632,2.01959205582394,,2.4020397208803006,0.15432098765432098,0.04696725711218465
138,87.88244766505636,,7.588566827697263,2.01959205582394,,2.3081052066559313,0.15432098765432098,0.04696725711218465
139,88.14412238325282,,7.588566827697263,1.7579173376274826,,2.3081052066559313,0.15432098765432098,0.04696725711218465
140,85.23215244229738,,10.50053676865271,1.7579173376274826,,2.3081052066559313,0.15432098765432098,0.04696725711218465
141,85.49382716049382,,10.238862050456254,1.7579173376274826,,2.3081052066559313,0.15432098765432098,0.04696725711218465
142,85.5475040257649,,10.185185185185185,1.7579173376274826,,2.3081052066559313,0.15432098765432098,0.04696725711218465
143,86.54723564143853,,9.990606548577563,1.6505636070853462,,1.6103059581320451,0.15432098765432098,0.04696725711218465
144,87.11084272678475,,9.990606548577563,1.6505636070853462,,1.0466988727858293,0.15432098765432098,0.04696725711218465
145,87.11084272678475,,9.990606548577563,1.6505636070853462,,1.0466988727858293,0.15432098765432098,0.04696725711218465
146,87.11084272678475,,9.990606548577563,1.6505636070853462,,1.0466988727858293,0.15432098765432098,0.04696725711218465
147,87.12426194310252,,9.977187332259795,1.6505636070853462,,1.0466988727858293,0.15432098765432098,0.04696725711218465
148,87.1376811594203,,9.96376811594203,1.6505636070853462,,1.0466988727858293,0.15432098765432098,0.04696725711218465
149,87.15780998389694,,9.96376811594203,1.6304347826086956,,1.0466988727858293,0.15432098765432098,0.04696725711218465
150,87.15780998389694,,9.96376811594203,1.6304347826086956,,1.0466988727858293,0.15432098765432098,0.04696725711218465
151,86.21175523349436,,9.822866344605474,1.6304347826086956,,2.13365539452496,0.15432098765432098,0.04696725711218465
152,86.28556092324209,,9.822866344605474,1.556629092860977,,2.13365539452496,0.15432098765432098,0.04696725711218465
153,87.53354804079441,,8.57487922705314,1.556629092860977,,2.13365539452496,0.15432098765432098,0.04696725711218465
154,87.53354804079441,,8.57487922705314,1.556629092860977,,2.13365539452496,0.15432098765432098,0.04696725711218465
155,87.60735373054213,,8.501073537305421,1.556629092860977,,2.13365539452496,0.15432098765432098,0.04696725711218465
156,87.60735373054213,,8.501073537305421,1.556629092860977,,2.13365539452496,0.15432098765432098,0.04696725711218465
157,87.61406333870102,,8.501073537305421,1.5499194847020934,,2.13365539452496,0.15432098765432098,0.04696725711218465
158,87.73483628556092,,8.501073537305421,1.42914653784219,,2.13365539452496,0.15432098765432098,0.04696725711218465
159,86.68813741277509,,10.091250670960816,0.8856682769726248,,2.13365539452496,0.15432098765432098,0.04696725711218465
160,86.95652173913044,,9.822866344605474,0.8856682769726248,,2.13365539452496,0.15432098765432098,0.04696725711218465
161,86.95652173913044,,9.822866344605474,0.8856682769726248,,2.13365539452496,0.15432098765432098,0.04696725711218465
162,87.23161567364465,,9.54777241009125,0.8856682769726248,,2.13365539452496,0.15432098765432098,0.04696725711218465
163,87.31884057971014,,9.460547504025765,0.8856682769726248,,2.13365539452496,0.15432098765432098,0.04696725711218465
164,87.8623188405797,,8.917069243156199,0.8856682769726248,,2.13365539452496,0.15432098765432098,0.04696725711218465
165,88.00993022007515,,8.769457863660762,0.8856682769726248,,2.13365539452496,0.15432098765432098,0.04696725711218465
166,88.2380568974772,,8.655394524959743,0.8856682769726248,,2.01959205582394,0.15432098765432098,0.04696725711218465
167,88.58024691358025,,8.313204508856682,0.8856682769726248,,2.01959205582394,0.15432098765432098,0.04696725711218465
168,88.61379495437467,,8.313204508856682,0.8856682769726248,,2.01959205582394,0.12077294685990338,0.04696725711218465
169,88.84863123993559,,8.293075684380032,0.8856682769726248,,1.9256575415995705,,0.04696725711218465
170,88.84863123993559,,8.293075684380032,0.8856682769726248,,1.9256575415995705,,0.04696725711218465
171,88.84863123993559,,8.293075684380032,0.8856682769726248,,1.9256575415995705,,0.04696725711218465
172,88.84863123993559,,8.293075684380032,0.8856682769726248,,1.9256575415995705,,0.04696725711218465
173,88.84863123993559,,8.293075684380032,0.8856682769726248,,1.9256575415995705,,0.04696725711218465
174,88.84863123993559,,8.293075684380032,0.8856682769726248,,1.9256575415995705,,0.04696725711218465
175,88.84863123993559,,8.293075684380032,0.8856682769726248,,1.9256575415995705,,0.04696725711218465
176,88.84863123993559,,8.293075684380032,0.8856682769726248,,1.9256575415995705,,0.04696725711218465
177,89.1304347826087,,8.111916264090176,0.785024154589372,,1.9256575415995705,,0.04696725711218465
178,89.4524959742351,,7.7898550724637685,0.785024154589372,,1.9256575415995705,,0.04696725711218465
179,89.78797638217928,,7.581857219538379,0.6575415995705851,,1.9256575415995705,,0.04696725711218465
180,90.47906602254429,,6.89747718733226,0.6508319914117016,,1.9256575415995705,,0.04696725711218465
181,90.48577563070317,,6.89747718733226,0.644122383252818,,1.9256575415995705,,0.04696725711218465
182,90.92190016103059,,6.461352657004831,0.644122383252818,,1.9256575415995705,,0.04696725711218465
183,90.92190016103059,,6.461352657004831,0.644122383252818,,1.9256575415995705,,0.04696725711218465
184,90.92190016103059,,6.461352657004831,0.644122383252818,,1.9256575415995705,,0.04696725711218465
185,91.65995705850779,,5.723295759527644,0.644122383252818,,1.9256575415995705,,0.04696725711218465
186,91.71363392377886,,5.683038110574342,0.644122383252818,,1.9122383252818036,,0.04696725711218465
187,91.71363392377886,,5.683038110574342,0.644122383252818,,1.9122383252818036,,0.04696725711218465
188,92.35104669887279,,5.065754159957058,0.644122383252818,,1.892109500805153,,0.04696725711218465
189,92.35104669887279,,5.065754159957058,0.644122383252818,,1.892109500805153,,0.04696725711218465
190,92.42485238862051,,4.99194847020934,0.644122383252818,,1.892109500805153,,0.04696725711218465
191,88.96940418679549,,8.494363929146537,0.644122383252818,,1.8786902844873858,,0.013419216317767043
192,89.4524959742351,,8.011272141706923,0.644122383252818,,1.8786902844873858,,0.013419216317767043
193,89.47933440687063,,8.011272141706923,0.644122383252818,,1.8518518518518519,,0.013419216317767043
194,89.51959205582394,,7.971014492753623,0.644122383252818,,1.8518518518518519,,0.013419216317767043
195,89.51959205582394,,7.971014492753623,0.644122383252818,,1.8518518518518519,,0.013419216317767043
196,90.09661835748793,,7.588566827697263,0.644122383252818,,1.6572732152442298,,0.013419216317767043
197,90.11674718196457,,7.588566827697263,0.644122383252818,,1.6371443907675791,,0.013419216317767043
198,90.13016639828234,,7.575147611379496,0.644122383252818,,1.6371443907675791,,0.013419216317767043
199,90.17713365539453,,7.5348899624261945,0.644122383252818,,1.6371443907675791,,0.0067096081588835215
200,90.17713365539453,,7.5348899624261945,0.644122383252818,,1.6371443907675791,,0.0067096081588835215
201,90.17713365539453,,7.5348899624261945,0.644122383252818,,1.6371443907675791,,0.0067096081588835215
202,90.17713365539453,,7.5348899624261945,0.644122383252818,,1.6371443907675791,,0.0067096081588835215
203,90.29119699409554,,7.4208266237251745,0.644122383252818,,1.6371443907675791,,0.0067096081588835215
204,90.47906602254429,,7.4208266237251745,0.4562533548040794,,1.6371443907675791,,0.0067096081588835215
205,90.47906602254429,,7.4208266237251745,0.4562533548040794,,1.6371443907675791,,0.0067096081588835215
206,90.70048309178743,,7.199409554482019,0.4562533548040794,,1.6371443907675791,,0.0067096081588835215
207,90.70048309178743,,7.199409554482019,0.4562533548040794,,1.6371443907675791,,0.0067096081588835215
208,90.70048309178743,,7.199409554482019,0.4562533548040794,,1.6371443907675791,,0.0067096081588835215
209,91.45866881374128,,6.66935050993022,0.4562533548040794,,1.4090177133655395,,0.0067096081588835215
210,91.47208803005904,,6.655931293612453,0.4562533548040794,,1.4090177133655395,,0.0067096081588835215
211,91.47208803005904,,6.655931293612453,0.4562533548040794,,1.4090177133655395,,0.0067096081588835215
212,91.47208803005904,,6.655931293612453,0.4562533548040794,,1.4090177133655395,,0.0067096081588835215
213,91.47208803005904,,6.655931293612453,0.4562533548040794,,1.4090177133655395,,0.0067096081588835215
214,91.72705314009661,,6.655931293612453,0.4562533548040794,,1.1540526033279657,,0.0067096081588835215
215,91.75389157273216,,6.629092860976919,0.4562533548040794,,1.1540526033279657,,0.0067096081588835215
216,91.75389157273216,,6.629092860976919,0.4562533548040794,,1.1540526033279657,,0.0067096081588835215
217,91.75389157273216,,6.629092860976919,0.4562533548040794,,1.1540526033279657,,0.0067096081588835215
218,91.75389157273216,,6.629092860976919,0.4562533548040794,,1.1540526033279657,,0.0067096081588835215
219,91.75389157273216,,6.629092860976919,0.4562533548040794,,1.1540526033279657,,0.0067096081588835215
220,91.75389157273216,,6.629092860976919,0.4562533548040794,,1.1540526033279657,,0.0067096081588835215
221,91.8947933440687,,6.535158346752549,0.4092860976918948,,1.1540526033279657,,0.0067096081588835215
222,92.08266237251745,,6.347289318303811,0.4092860976918948,,1.1540526033279657,,0.0067096081588835215
223,92.08266237251745,,6.347289318303811,0.4092860976918948,,1.1540526033279657,,0.0067096081588835215
224,92.18330649490069,,6.253354804079442,0.4092860976918948,,1.1540526033279657,,
225,92.18330649490069,,6.253354804079442,0.4092860976918948,,1.1540526033279657,,
226,92.18330649490069,,6.253354804079442,0.4092860976918948,,1.1540526033279657,,
227,92.18330649490069,,6.253354804079442,0.4092860976918948,,1.1540526033279657,,
228,92.19672571121846,,6.239935587761675,0.4092860976918948,,1.1540526033279657,,
229,92.20343531937735,,6.233225979602791,0.4092860976918948,,1.1540526033279657,,
230,92.20343531937735,,6.233225979602791,0.4092860976918948,,1.1540526033279657,,
231,92.20343531937735,,6.233225979602791,0.4092860976918948,,1.1540526033279657,,
232,92.2638217928073,,6.233225979602791,0.3488996242619431,,1.1540526033279657,,
233,92.57917337627482,,5.917874396135265,0.3488996242619431,,1.1540526033279657,,
234,92.57917337627482,,5.917874396135265,0.3488996242619431,,1.1540526033279657,,
235,92.57917337627482,,5.917874396135265,0.3488996242619431,,1.1540526033279657,,
236,92.57917337627482,,5.917874396135265,0.3488996242619431,,1.1540526033279657,,
237,92.78046162104133,,5.71658615136876,0.3488996242619431,,1.1540526033279657,,
238,92.78046162104133,,5.71658615136876,0.3488996242619431,,1.1540526033279657,,
239,92.78046162104133,,5.71658615136876,0.3488996242619431,,1.1540526033279657,,
240,92.78046162104133,,5.71658615136876,0.3488996242619431,,1.1540526033279657,,
241,92.78046162104133,,5.71658615136876,0.3488996242619431,,1.1540526033279657,,
242,92.78046162104133,,5.71658615136876,0.3488996242619431,,1.1540526033279657,,
243,92.78046162104133,,5.71658615136876,0.3488996242619431,,1.1540526033279657,,
244,92.86768652710681,,5.629361245303274,0.3488996242619431,,1.1540526033279657,,
245,92.86768652710681,,5.629361245303274,0.3488996242619431,,1.1540526033279657,,
246,92.86768652710681,,5.629361245303274,0.3488996242619431,,1.1540526033279657,,
247,92.86768652710681,,5.629361245303274,0.3488996242619431,,1.1540526033279657,,
248,92.86768652710681,,5.629361245303274,0.3488996242619431,,1.1540526033279657,,
249,92.86768652710681,,5.629361245303274,0.3488996242619431,,1.1540526033279657,,
250,92.86768652710681,,5.629361245303274,0.3488996242619431,,1.1540526033279657,,
251,92.8743961352657,,5.629361245303274,0.3421900161030596,,1.1540526033279657,,
252,92.9951690821256,,5.508588298443371,0.3421900161030596,,1.1540526033279657,,
253,92.9951690821256,,5.508588298443371,0.3421900161030596,,1.1540526033279657,,
254,92.9951690821256,,5.508588298443371,0.3421900161030596,,1.1540526033279657,,
255,93.00858829844337,,5.495169082125604,0.3421900161030596,,1.1540526033279657,,
256,93.01529790660226,,5.488459473966721,0.3421900161030596,,1.1540526033279657,,
257,93.01529790660226,,5.488459473966721,0.3421900161030596,,1.1540526033279657,,
258,93.01529790660226,,5.488459473966721,0.3421900161030596,,1.1540526033279657,,
259,93.05555555555556,,5.448201825013419,0.3421900161030596,,1.1540526033279657,,
260,93.0756843800322,,5.428073000536768,0.3421900161030596,,1.1540526033279657,,
261,93.1159420289855,,5.394524959742351,0.33548040794417605,,1.1540526033279657,,
262,93.22329575952764,,5.287171229200215,0.33548040794417605,,1.1540526033279657,,
263,93.22329575952764,,5.287171229200215,0.33548040794417605,,1.1540526033279657,,
264,93.22329575952764,,5.287171229200215,0.33548040794417605,,1.1540526033279657,,
265,93.23000536768653,,5.280461621041331,0.33548040794417605,,1.1540526033279657,,
266,93.30381105743425,,5.2066559312936125,0.33548040794417605,,1.1540526033279657,,
267,93.80032206119162,,4.7101449275362315,0.33548040794417605,,1.1540526033279657,,
268,93.80032206119162,,4.7101449275362315,0.33548040794417605,,1.1540526033279657,,
269,93.80703166935051,,4.703435319377348,0.33548040794417605,,1.1540526033279657,,
270,93.80703166935051,,4.703435319377348,0.33548040794417605,,1.1540526033279657,,
271,93.80703166935051,,4.703435319377348,0.33548040794417605,,1.1540526033279657,,
272,93.894256575416,,4.616210413311863,0.33548040794417605,,1.1540526033279657,,
273,93.894256575416,,4.616210413311863,0.33548040794417605,,1.1540526033279657,,
274,93.894256575416,,4.616210413311863,0.33548040794417605,,1.1540526033279657,,
275,93.894256575416,,4.616210413311863,0.33548040794417605,,1.1540526033279657,,
276,93.894256575416,,4.616210413311863,0.33548040794417605,,1.1540526033279657,,
277,93.894256575416,,4.616210413311863,0.33548040794417605,,1.1540526033279657,,
278,93.894256575416,,4.616210413311863,0.33548040794417605,,1.1540526033279657,,
279,93.894256575416,,4.616210413311863,0.33548040794417605,,1.1540526033279657,,
280,93.894256575416,,4.616210413311863,0.33548040794417605,,1.1540526033279657,,
281,93.894256575416,,4.616210413311863,0.33548040794417605,,1.1540526033279657,,
282,93.98148148148148,,4.616210413311863,0.30864197530864196,,1.093666129898014,,
283,94.0552871712292,,4.542404723564144,0.30864197530864196,,1.093666129898014,,
284,94.6256038647343,,3.9720880300590444,0.30864197530864196,,1.093666129898014,,
285,94.6256038647343,,3.9720880300590444,0.30864197530864196,,1.093666129898014,,
286,94.6256038647343,,3.9720880300590444,0.30864197530864196,,1.093666129898014,,
287,94.63902308105207,,3.9720880300590444,0.2952227589908749,,1.093666129898014,,
288,94.64573268921094,,3.965378421900161,0.2952227589908749,,1.093666129898014,,
289,94.64573268921094,,3.965378421900161,0.2952227589908749,,1.093666129898014,,
290,94.64573268921094,,3.965378421900161,0.2952227589908749,,1.093666129898014,,
291,94.64573268921094,,3.965378421900161,0.2952227589908749,,1.093666129898014,,
292,94.64573268921094,,3.965378421900161,0.2952227589908749,,1.093666129898014,,
293,94.64573268921094,,3.965378421900161,0.2952227589908749,,1.093666129898014,,
294,94.67928073000537,,3.9318303811057436,0.2952227589908749,,1.093666129898014,,
295,94.68599033816425,,3.92512077294686,0.2952227589908749,,1.093666129898014,,
296,94.69269994632313,,3.9184111647879765,0.2952227589908749,,1.093666129898014,,
297,94.69269994632313,,3.9184111647879765,0.2952227589908749,,1.093666129898014,,
298,94.69269994632313,,3.9184111647879765,0.2952227589908749,,1.093666129898014,,
299,94.7463768115942,,3.864734299516908,0.2952227589908749,,1.093666129898014,,
300,94.7463768115942,,3.864734299516908,0.2952227589908749,,1.093666129898014,,
301,94.7463768115942,,3.864734299516908,0.2952227589908749,,1.093666129898014,,
302,94.79334406870639,,3.8177670424047236,0.2952227589908749,,1.093666129898014,,
303,94.79334406870639,,3.8177670424047236,0.2952227589908749,,1.093666129898014,,
304,94.79334406870639,,3.8177670424047236,0.2952227589908749,,1.093666129898014,,
305,94.79334406870639,,3.8177670424047236,0.2952227589908749,,1.093666129898014,,
306,94.79334406870639,,3.8177670424047236,0.2952227589908749,,1.093666129898014,,
307,94.79334406870639,,3.8177670424047236,0.2952227589908749,,1.093666129898014,,
308,94.84702093397746,,3.7640901771336552,0.2952227589908749,,1.093666129898014,,
309,94.87385936661299,,3.7372517444981215,0.2952227589908749,,1.093666129898014,,
310,94.87385936661299,,3.7372517444981215,0.2952227589908749,,1.093666129898014,,
311,94.87385936661299,,3.7372517444981215,0.2952227589908749,,1.093666129898014,,
312,94.87385936661299,,3.7372517444981215,0.2952227589908749,,1.093666129898014,,
313,94.87385936661299,,3.7372517444981215,0.2952227589908749,,1.093666129898014,,
314,94.87385936661299,,3.7372517444981215,0.2952227589908749,,1.093666129898014,,
315,94.87385936661299,,3.7372517444981215,0.2952227589908749,,1.093666129898014,,
316,94.87385936661299,,3.7372517444981215,0.2952227589908749,,1.093666129898014,,
317,94.87385936661299,,3.7372517444981215,0.2952227589908749,,1.093666129898014,,
318,94.87385936661299,,3.7372517444981215,0.2952227589908749,,1.093666129898014,,
319,94.87385936661299,,3.7372517444981215,0.2952227589908749,,1.093666129898014,,
320,94.87385936661299,,3.7372517444981215,0.2952227589908749,,1.093666129898014,,
321,94.87385936661299,,3.7372517444981215,0.2952227589908749,,1.093666129898014,,
322,94.87385936661299,,3.7372517444981215,0.2952227589908749,,1.093666129898014,,
323,94.87385936661299,,3.7372517444981215,0.2952227589908749,,1.093666129898014,,
324,94.87385936661299,,3.7372517444981215,0.2952227589908749,,1.093666129898014,,
325,94.87385936661299,,3.7372517444981215,0.2952227589908749,,1.093666129898014,,
326,94.99463231347289,,3.616478797638218,0.2952227589908749,,1.093666129898014,,
327,94.99463231347289,,3.616478797638218,0.2952227589908749,,1.093666129898014,,
328,94.99463231347289,,3.616478797638218,0.2952227589908749,,1.093666129898014,,
329,94.99463231347289,,3.616478797638218,0.2952227589908749,,1.093666129898014,,
330,94.99463231347289,,3.616478797638218,0.2952227589908749,,1.093666129898014,,
331,94.99463231347289,,3.616478797638218,0.2952227589908749,,1.093666129898014,,
332,94.99463231347289,,3.616478797638218,0.2952227589908749,,1.093666129898014,,
333,94.99463231347289,,3.616478797638218,0.2952227589908749,,1.093666129898014,,
334,94.99463231347289,,3.616478797638218,0.2952227589908749,,1.093666129898014,,
335,95.02147074610842,,3.589640365002684,0.2952227589908749,,1.093666129898014,,
336,95.02147074610842,,3.589640365002684,0.2952227589908749,,1.093666129898014,,
337,95.02147074610842,,3.589640365002684,0.2952227589908749,,1.093666129898014,,
338,95.02147074610842,,3.589640365002684,0.2952227589908749,,1.093666129898014,,
339,95.02147074610842,,3.589640365002684,0.2952227589908749,,1.093666129898014,,
340,95.02147074610842,,3.589640365002684,0.2952227589908749,,1.093666129898014,,
341,95.02147074610842,,3.589640365002684,0.2952227589908749,,1.093666129898014,,
342,95.02147074610842,,3.589640365002684,0.2952227589908749,,1.093666129898014,,
343,95.02147074610842,,3.589640365002684,0.2952227589908749,,1.093666129898014,,
344,95.02147074610842,,3.589640365002684,0.2952227589908749,,1.093666129898014,,
345,95.04830917874396,,3.5628019323671496,0.2952227589908749,,1.093666129898014,,
346,95.04830917874396,,3.5628019323671496,0.2952227589908749,,1.093666129898014,,
347,95.04830917874396,,3.5628019323671496,0.2952227589908749,,1.093666129898014,,
348,95.04830917874396,,3.5628019323671496,0.2952227589908749,,1.093666129898014,,
349,95.04830917874396,,3.5628019323671496,0.2952227589908749,,1.093666129898014,,
350,95.04830917874396,,3.5628019323671496,0.2952227589908749,,1.093666129898014,,
351,95.04830917874396,,3.5628019323671496,0.2952227589908749,,1.093666129898014,,
352,95.04830917874396,,3.5628019323671496,0.2952227589908749,,1.093666129898014,,
353,95.04830917874396,,3.5628019323671496,0.2952227589908749,,1.093666129898014,,
354,95.14224369296834,,3.5628019323671496,0.20128824476650564,,1.093666129898014,,
355,95.22946859903382,,3.475577026301664,0.20128824476650564,,1.093666129898014,,
356,95.22946859903382,,3.475577026301664,0.20128824476650564,,1.093666129898014,,
357,95.22946859903382,,3.475577026301664,0.20128824476650564,,1.093666129898014,,
358,95.22946859903382,,3.475577026301664,0.20128824476650564,,1.093666129898014,,
359,95.22946859903382,,3.475577026301664,0.20128824476650564,,1.093666129898014,,
360,95.22946859903382,,3.475577026301664,0.20128824476650564,,1.093666129898014,,
361,95.22946859903382,,3.475577026301664,0.20128824476650564,,1.093666129898014,,
362,95.22946859903382,,3.475577026301664,0.20128824476650564,,1.093666129898014,,
363,95.22946859903382,,3.475577026301664,0.20128824476650564,,1.093666129898014,,
364,95.22946859903382,,3.475577026301664,0.20128824476650564,,1.093666129898014,,
365,95.22946859903382,,3.475577026301664,0.20128824476650564,,1.093666129898014,,
366,95.22946859903382,,3.475577026301664,0.20128824476650564,,1.093666129898014,,
367,95.22946859903382,,3.475577026301664,0.20128824476650564,,1.093666129898014,,
368,95.22946859903382,,3.475577026301664,0.20128824476650564,,1.093666129898014,,
369,95.22946859903382,,3.475577026301664,0.20128824476650564,,1.093666129898014,,
370,95.22946859903382,,3.475577026301664,0.20128824476650564,,1.093666129898014,,
371,95.33682232957595,,3.3682232957595275,0.20128824476650564,,1.093666129898014,,
372,95.33682232957595,,3.3682232957595275,0.20128824476650564,,1.093666129898014,,
373,95.33682232957595,,3.3682232957595275,0.20128824476650564,,1.093666129898014,,
374,95.33682232957595,,3.3682232957595275,0.20128824476650564,,1.093666129898014,,
375,95.33682232957595,,3.3682232957595275,0.20128824476650564,,1.093666129898014,,
376,95.33682232957595,,3.3682232957595275,0.20128824476650564,,1.093666129898014,,
377,95.33682232957595,,3.3682232957595275,0.20128824476650564,,1.093666129898014,,
378,95.33682232957595,,3.3682232957595275,0.20128824476650564,,1.093666129898014,,
379,95.33682232957595,,3.3682232957595275,0.20128824476650564,,1.093666129898014,,
380,95.33682232957595,,3.3682232957595275,0.20128824476650564,,1.093666129898014,,
381,95.33682232957595,,3.3682232957595275,0.20128824476650564,,1.093666129898014,,
382,95.33682232957595,,3.3682232957595275,0.20128824476650564,,1.093666129898014,,
383,95.33682232957595,,3.3682232957595275,0.20128824476650564,,1.093666129898014,,
384,95.33682232957595,,3.3682232957595275,0.20128824476650564,,1.093666129898014,,
385,95.33682232957595,,3.3682232957595275,0.20128824476650564,,1.093666129898014,,
386,95.33682232957595,,3.3682232957595275,0.20128824476650564,,1.093666129898014,,
387,95.33682232957595,,3.3682232957595275,0.20128824476650564,,1.093666129898014,,
388,95.33682232957595,,3.3682232957595275,0.20128824476650564,,1.093666129898014,,
389,95.33682232957595,,3.3682232957595275,0.20128824476650564,,1.093666129898014,,
390,95.36366076221148,,3.3413848631239937,0.20128824476650564,,1.093666129898014,,
391,95.36366076221148,,3.3413848631239937,0.20128824476650564,,1.093666129898014,,
392,95.36366076221148,,3.3413848631239937,0.20128824476650564,,1.093666129898014,,
393,95.36366076221148,,3.3413848631239937,0.20128824476650564,,1.093666129898014,,
394,95.36366076221148,,3.3413848631239937,0.20128824476650564,,1.093666129898014,,
395,95.36366076221148,,3.3413848631239937,0.20128824476650564,,1.093666129898014,,
396,95.36366076221148,,3.3413848631239937,0.20128824476650564,,1.093666129898014,,
397,95.36366076221148,,3.3413848631239937,0.20128824476650564,,1.093666129898014,,
398,95.36366076221148,,3.3413848631239937,0.20128824476650564,,1.093666129898014,,
399,95.36366076221148,,3.3413848631239937,0.20128824476650564,,1.093666129898014,,
400,95.36366076221148,,3.3413848631239937,0.20128824476650564,,1.093666129898014,,
401,95.36366076221148,,3.3413848631239937,0.20128824476650564,,1.093666129898014,,
402,95.36366076221148,,3.3413848631239937,0.20128824476650564,,1.093666129898014,,
403,95.36366076221148,,3.3413848631239937,0.20128824476650564,,1.093666129898014,,
404,95.36366076221148,,3.3413848631239937,0.20128824476650564,,1.093666129898014,,
405,95.36366076221148,,3.3413848631239937,0.20128824476650564,,1.093666129898014,,
406,95.36366076221148,,3.3413848631239937,0.20128824476650564,,1.093666129898014,,
