,40,45,50,51,53,55,52,41,49,54,48
0,1.06682769726248,98.93317230273752,,,,,,,,,
1,3.515834675254965,95.49785292538915,0.9863123993558777,,,,,,,,
2,4.938271604938271,94.07541599570585,0.9863123993558777,,,,,,,,
3,5.038915727321524,69.41089640365003,25.55018786902845,,,,,,,,
4,6.528448738593666,59.17874396135266,31.427804616210413,2.8650026838432634,,,,,,,
5,9.923510466988727,57.367149758454104,29.844337090713903,2.8650026838432634,,,,,,,
6,11.701556629092861,53.918411164787976,31.5150295222759,2.8650026838432634,,,,,,,
7,11.513687600644122,51.17418142780462,34.447128287708,2.8650026838432634,,,,,,,
8,13.620504562533547,49.06736446591519,34.84970477724101,2.462426194310252,,,,,,,
9,15.237520128824476,48.107890499194845,34.19216317767042,2.462426194310252,,,,,,,
10,17.52549651100376,46.45061728395062,33.561460010735374,2.462426194310252,,,,,,,
11,15.485775630703166,32.709339774557165,48.36285560923242,1.5499194847020934,0.9125067096081588,0.9796027911969941,,,,,
12,17.176596886741816,32.628824476650564,45.74610842726785,1.482823403113258,0.8789586688137413,0.9796027911969941,1.107085346215781,,,,
13,14.284755770263017,24.644390767579175,56.62238325281803,1.482823403113258,0.8789586688137413,0.9796027911969941,1.107085346215781,,,,
14,16.358024691358025,24.36929683306495,54.851046698872786,1.482823403113258,0.8789586688137413,0.95276435856146,1.107085346215781,,,,
15,18.283682232957595,23.047504025764894,36.36607622114869,19.363929146537842,0.8789586688137413,0.95276435856146,1.107085346215781,,,,
16,17.250402576489535,20.249597423510465,34.97047772410091,25.563607085346217,0.8789586688137413,0.013419216317767043,1.0735373054213635,,,,
17,18.156199677938808,17.136339237788512,36.90955448201825,23.67149758454106,0.8789586688137413,0.95276435856146,1.1808910359634996,1.1137949543746646,,,
18,11.647879763821793,13.499731615673644,47.1081588835212,21.108427267847556,0.8789586688137413,0.95276435856146,0.9863123993558777,1.1137949543746646,2.703972088030059,,
19,13.996242619431026,12.667740203972087,45.69914117015566,21.00107353730542,0.8789586688137413,0.95276435856146,0.9863123993558777,1.1137949543746646,2.703972088030059,,
20,15.673644659151906,12.667740203972087,44.38405797101449,20.283145464304884,0.8789586688137413,0.95276435856146,0.9863123993558777,1.4694041867954912,2.703972088030059,,
21,16.14331723027375,12.077294685990339,46.69216317767042,18.800322061191626,0.06038647342995169,0.95276435856146,0.9460547504025765,1.6237251744498122,2.703972088030059,,
22,12.983091787439614,11.674718196457327,50.22141706924316,16.304347826086957,,0.95276435856146,3.535963499731616,1.6237251744498122,2.703972088030059,,
23,11.647879763821793,11.674718196457327,54.73698336017176,13.7211486849168,,0.9460547504025765,3.2675791733762747,1.6237251744498122,1.7579173376274826,0.6239935587761675,
24,12.526838432635534,11.017176596886742,53.87144390767579,13.365539452495975,0.9997316156736447,0.9460547504025765,3.2675791733762747,1.6237251744498122,1.7579173376274826,0.6239935587761675,
25,15.331454643048845,10.57434245840043,52.02630166398282,13.01663982823403,0.9997316156736447,0.48980139559849706,3.0730005367686526,2.1068169618894257,1.7579173376274826,0.6239935587761675,
26,18.5654857756307,9.675254965110037,53.79092860976919,10.064412238325282,0.9997316156736447,0.4830917874396135,2.5295222758990876,1.892109500805153,1.7444981213097155,0.2549651100375738,
27,20.860171765968868,9.39345142243693,51.96591519055287,9.380032206119163,0.8454106280193237,0.4830917874396135,2.5295222758990876,2.5429414922168547,1.7444981213097155,0.2549651100375738,
28,22.624798711755233,8.957326892109501,50.42941492216855,8.80300590445518,0.6977992485238862,1.415727321524423,2.5295222758990876,2.5429414922168547,1.7444981213097155,0.2549651100375738,
29,23.483628556092324,8.682232957595277,47.66505636070853,8.205850778314547,0.6977992485238862,1.415727321524423,3.5762211486849167,3.569511540526033,1.7444981213097155,0.9594739667203436,
30,24.456521739130434,8.387010198604402,43.646001073537306,7.729468599033816,0.6575415995705851,1.415727321524423,6.608964036500268,4.394793344068707,1.7444981213097155,0.9594739667203436,
31,24.805421363392377,7.575147611379496,43.612453032742884,7.729468599033816,0.6575415995705851,0.9326355340848095,6.602254428341385,4.394793344068707,1.7444981213097155,1.9457863660762211,
32,26.37546967257112,7.313472893183038,42.7938808373591,7.729468599033816,0.6575415995705851,0.4830917874396135,6.602254428341385,4.3545356951154055,1.7444981213097155,1.9457863660762211,
33,28.509125067096083,7.219538378958669,40.693773483628554,7.702630166398282,1.6438539989264627,0.4830917874396135,6.139291465378422,3.9184111647879765,1.7444981213097155,1.9457863660762211,
34,30.629361245303276,6.890767579173376,39.61352657004831,7.702630166398282,1.596886741814278,0.4830917874396135,5.917874396135265,3.9184111647879765,1.7444981213097155,1.5029522275899088,
35,29.24718196457327,6.716317767042405,42.42485238862051,6.8035426731078905,1.570048309178744,0.4830917874396135,5.045625335480408,3.616478797638218,1.7444981213097155,2.3483628556092326,
36,31.528448738593667,6.716317767042405,40.955448201825014,6.561996779388084,1.570048309178744,0.4830917874396135,4.669887278582931,3.421900161030596,1.7444981213097155,2.3483628556092326,
37,33.843263553408484,5.991680085882985,36.93639291465379,10.064412238325282,1.3955984970477724,0.4830917874396135,4.669887278582931,2.737520128824477,1.5297906602254427,2.3483628556092326,
38,25.42270531400966,5.662909286097692,53.14680622651637,7.595276435856146,1.3955984970477724,0.4830917874396135,1.4492753623188406,2.737520128824477,1.2010198604401503,0.9057971014492754,
39,25.885668276972623,5.320719269994632,51.690821256038646,7.595276435856146,1.3955984970477724,0.4830917874396135,2.7844873859366612,2.737520128824477,1.2010198604401503,0.9057971014492754,
40,27.314814814814813,5.320719269994632,50.83870101986044,7.132313472893183,1.288244766505636,0.4830917874396135,2.7844873859366612,2.7308105206655933,1.2010198604401503,0.9057971014492754,
41,28.75067096081589,5.253623188405797,49.73832528180354,6.944444444444445,1.288244766505636,0.4830917874396135,2.7844873859366612,2.6502952227589907,1.2010198604401503,0.9057971014492754,
42,28.019323671497585,5.005367686527107,52.65700483091788,5.83064949006978,0.8454106280193237,0.3757380568974772,3.2474503488996245,1.9122383252818036,1.2010198604401503,0.9057971014492754,
43,28.63660762211487,4.9651100375738055,52.53623188405797,5.689747718733226,0.8454106280193237,0.3757380568974772,3.240740740740741,1.6035963499731616,1.2010198604401503,0.9057971014492754,
44,30.48174986580784,4.958400429414922,50.026838432635536,5.689747718733226,0.8454106280193237,0.3757380568974772,3.9452495974235107,1.6035963499731616,0.6843800322061192,1.3888888888888888,
45,31.629092860976918,4.958400429414922,49.69135802469136,5.35426731078905,0.8454106280193237,0.3757380568974772,3.9452495974235107,1.6035963499731616,0.2683843263553409,1.328502415458937,
46,32.56843800322061,4.958400429414922,48.90633387010199,5.35426731078905,0.8454106280193237,0.3757380568974772,3.7909286097691894,1.6035963499731616,0.2683843263553409,1.328502415458937,
47,33.299785292538914,4.770531400966184,48.04079441760601,5.347557702630167,0.6374127750939346,1.3419216317767042,3.7909286097691894,1.596886741814278,0.2683843263553409,0.9057971014492754,
48,34.836285560923244,4.582662372517445,46.57139023081052,5.059044551798175,0.6374127750939346,1.2546967257112185,3.784219001610306,2.100107353730542,0.2683843263553409,0.9057971014492754,
49,36.2385936661299,4.582662372517445,45.86688137412775,5.059044551798175,0.6374127750939346,0.5971551261406334,3.784219001610306,2.100107353730542,0.2683843263553409,0.8655394524959742,
50,32.18599033816425,4.582662372517445,50.77160493827161,5.032206119162641,0.6374127750939346,0.3153515834675255,3.2675791733762747,2.0933977455716586,0.2683843263553409,0.8454106280193237,
51,33.48094471282877,4.582662372517445,49.8792270531401,5.032206119162641,0.6374127750939346,0.3153515834675255,2.8650026838432634,2.0933977455716586,0.2683843263553409,0.8454106280193237,
52,32.76301663982824,4.582662372517445,49.033816425120776,5.025496511003757,0.3757380568974772,0.3153515834675255,2.844873859366613,2.0933977455716586,2.120236178207193,0.8454106280193237,
53,32.71604938271605,4.582662372517445,46.806226516371446,4.575952764358561,1.328502415458937,0.3153515834675255,4.616210413311863,2.0933977455716586,2.120236178207193,0.8454106280193237,
54,31.682769726247987,4.555823939881911,47.86634460547504,4.575952764358561,1.328502415458937,0.3153515834675255,4.616210413311863,2.0933977455716586,2.120236178207193,0.8454106280193237,
55,34.46725711218465,4.086151368760064,46.5378421900161,4.17337627482555,1.328502415458937,0.13419216317767044,4.53569511540526,1.8853998926462694,2.006172839506173,0.8454106280193237,
56,35.299248523886206,4.086151368760064,46.141975308641975,3.8378958668813743,1.328502415458937,0.13419216317767044,4.53569511540526,1.8048845947396672,2.006172839506173,0.8252818035426731,
57,38.097155126140635,3.4688674181427803,43.41787439613527,3.616478797638218,2.24771873322598,0.13419216317767044,4.461889425657541,1.8048845947396672,2.006172839506173,0.7447665056360708,
58,39.070048309178745,3.4688674181427803,41.76731078904992,3.549382716049383,3.0193236714975846,0.13419216317767044,4.435050993022007,1.8048845947396672,2.006172839506173,0.7447665056360708,
59,39.92216854535695,3.4688674181427803,40.64009661835749,3.549382716049383,2.6435856146001075,0.13419216317767044,5.173107890499195,1.8048845947396672,1.9189479334406871,0.7447665056360708,
60,40.33816425120773,3.4688674181427803,39.06333870101986,3.549382716049383,2.6435856146001075,0.13419216317767044,5.032206119162641,1.778046162104133,3.603059581320451,0.38915727321524424,
61,41.86124530327429,3.4688674181427803,38.66076221148685,2.985775630703167,2.1806226516371443,0.13419216317767044,4.9651100375738055,1.778046162104133,3.5762211486849167,0.38915727321524424,
62,42.954911433172306,3.2675791733762747,38.93585614600107,2.8650026838432634,2.1806226516371443,0.13419216317767044,4.9651100375738055,1.7713365539452497,2.536231884057971,0.38915727321524424,
63,44.06199677938808,3.2675791733762747,37.82877079978529,2.8650026838432634,2.1806226516371443,0.13419216317767044,4.9651100375738055,1.7713365539452497,2.536231884057971,0.38915727321524424,
64,43.243424584004295,3.2675791733762747,39.15727321524423,2.8650026838432634,2.1806226516371443,0.13419216317767044,4.522275899087493,1.7713365539452497,2.536231884057971,0.322061191626409,
65,43.4447128287708,3.2206119162640903,38.258185721953836,2.8650026838432634,2.1739130434782608,0.13419216317767044,4.341116478797638,1.7713365539452497,3.475577026301664,0.3153515834675255,
66,44.07541599570585,3.2206119162640903,37.5805152979066,2.8381642512077296,2.1739130434782608,0.13419216317767044,4.341116478797638,1.8451422436929683,3.475577026301664,0.3153515834675255,
67,45.611916264090176,3.1870638754696725,36.151368760064415,2.8381642512077296,2.1739130434782608,0.12077294685990338,4.341116478797638,1.7847557702630166,3.475577026301664,0.3153515834675255,
68,46.26945786366076,3.1870638754696725,36.090982286634464,2.8381642512077296,2.147074610842727,0.12077294685990338,3.8714439076757916,1.6841116478797638,3.475577026301664,0.3153515834675255,
69,48.101180891035966,3.099838969404187,34.88325281803543,2.8381642512077296,2.147074610842727,0.12077294685990338,3.33467525496511,1.6841116478797638,3.475577026301664,0.3153515834675255,
70,48.07434245840043,3.0059044551798175,34.17874396135266,2.8381642512077296,2.147074610842727,0.12077294685990338,3.2340311325818574,1.6841116478797638,3.475577026301664,1.2412775093934514,
71,48.49704777241009,3.0059044551798175,33.756038647343,2.8381642512077296,2.147074610842727,0.12077294685990338,3.2340311325818574,1.6841116478797638,3.475577026301664,1.2412775093934514,
72,50.046967257112186,2.918679549114332,32.87707997852925,2.8381642512077296,1.4694041867954912,0.12077294685990338,3.2340311325818574,1.482823403113258,3.770799785292539,1.2412775093934514,
73,51.21443907675792,2.818035426731079,32.18599033816425,2.7509393451422435,1.2949543746645196,0.12077294685990338,3.1535158346752548,1.4761137949543746,3.743961352657005,1.2412775093934514,
74,52.95893719806763,2.818035426731079,30.803811057434245,2.623456790123457,1.288244766505636,0.12077294685990338,2.945517981749866,1.4559849704777241,3.743961352657005,1.2412775093934514,
75,52.57648953301127,2.7844873859366612,30.46833064949007,2.2611379495437465,1.1876006441223832,0.12077294685990338,2.945517981749866,1.3888888888888888,5.025496511003757,1.2412775093934514,
76,53.227321524422976,2.7844873859366612,29.851046698872786,2.2611379495437465,1.1876006441223832,0.12077294685990338,2.945517981749866,1.3888888888888888,4.99194847020934,1.2412775093934514,
77,54.00563607085346,2.7509393451422435,30.226784755770264,2.2611379495437465,1.1406333870101986,0.12077294685990338,2.945517981749866,1.3888888888888888,4.126409017713366,1.0332796564680622,
78,52.37520128824477,2.7509393451422435,30.079173376274827,4.247181964573269,1.0198604401502953,0.12077294685990338,2.945517981749866,1.3016639828234031,4.126409017713366,1.0332796564680622,
79,52.38862050456253,2.6301663982823404,29.757112184648417,4.247181964573269,0.9863123993558777,0.12077294685990338,3.408480944712829,1.3016639828234031,4.126409017713366,1.0332796564680622,
80,51.08695652173913,1.6035963499731616,32.48121309715513,4.247181964573269,0.9863123993558777,0.12077294685990338,3.374932903918411,1.3016639828234031,4.126409017713366,0.6709608158883521,
81,52.47584541062802,1.6035963499731616,31.723027375201287,4.247181964573269,0.9863123993558777,0.12077294685990338,3.2139023081052067,1.288244766505636,3.6768652710681695,0.6642512077294686,
82,52.623456790123456,1.556629092860977,31.0654857756307,3.9184111647879765,0.9863123993558777,1.0534084809447128,3.2139023081052067,1.288244766505636,3.656736446591519,0.6374127750939346,
83,52.26784755770263,1.556629092860977,31.528448738593667,3.9184111647879765,0.9863123993558777,1.0534084809447128,3.2004830917874396,1.288244766505636,3.5628019323671496,0.6374127750939346,
84,52.26784755770263,1.556629092860977,31.528448738593667,3.9184111647879765,0.9863123993558777,1.0534084809447128,3.2004830917874396,1.288244766505636,3.5628019323671496,0.6374127750939346,
85,53.11325818572195,1.556629092860977,30.213365539452496,5.723295759527644,0.9863123993558777,1.0534084809447128,2.999194847020934,1.288244766505636,2.965646806226516,0.10064412238325282,
86,51.05340848094471,0.8923778851315083,29.636339237788512,9.024422973698336,0.9863123993558777,1.0534084809447128,2.999194847020934,1.288244766505636,2.965646806226516,0.10064412238325282,
87,51.388888888888886,0.8923778851315083,29.300858829844337,9.024422973698336,0.9863123993558777,1.0534084809447128,2.999194847020934,1.288244766505636,2.965646806226516,0.10064412238325282,
88,52.81803542673108,0.8923778851315083,28.395061728395063,8.501073537305421,0.9863123993558777,1.0534084809447128,2.999194847020934,1.288244766505636,2.965646806226516,0.10064412238325282,
89,53.95195920558239,0.8923778851315083,28.093129361245303,7.669082125603865,0.9863123993558777,1.0534084809447128,2.999194847020934,1.288244766505636,2.965646806226516,0.10064412238325282,
90,54.17337627482555,0.8923778851315083,27.89855072463768,7.669082125603865,0.9863123993558777,1.0265700483091786,2.999194847020934,1.288244766505636,2.965646806226516,0.10064412238325282,
91,54.710144927536234,0.8923778851315083,27.502683843263554,7.669082125603865,0.9863123993558777,0.8923778851315083,2.999194847020934,1.288244766505636,2.965646806226516,0.0939345142243693,
92,56.5955448201825,0.8923778851315083,26.214439076757916,7.669082125603865,0.9863123993558777,0.8923778851315083,2.7979066022544283,1.288244766505636,2.5697799248523885,0.0939345142243693,
93,57.427536231884055,0.8923778851315083,25.409286097691894,7.6623725174449815,0.9863123993558777,0.8923778851315083,2.7777777777777777,1.288244766505636,2.5697799248523885,0.0939345142243693,
94,57.76301663982824,0.8923778851315083,25.07380568974772,7.6623725174449815,0.9863123993558777,0.8923778851315083,2.7777777777777777,1.288244766505636,2.5697799248523885,0.0939345142243693,
95,55.44820182501342,0.7313472893183038,27.073268921095007,6.327160493827161,0.9863123993558777,0.8923778851315083,2.7777777777777777,1.288244766505636,4.38137412775094,0.0939345142243693,
96,56.977992485238865,0.7313472893183038,26.113794954374665,6.327160493827161,0.9863123993558777,0.5770263016639828,2.522812667740204,1.288244766505636,4.38137412775094,0.0939345142243693,
97,57.48121309715513,0.7246376811594203,25.77831454643049,6.280193236714976,0.95276435856146,0.5166398282340311,2.522812667740204,1.2681159420289856,4.38137412775094,0.0939345142243693,
98,57.870370370370374,0.7246376811594203,24.932903918411164,6.890767579173376,1.3150831991411702,0.5166398282340311,2.006172839506173,1.2681159420289856,4.38137412775094,0.0939345142243693,
99,58.400429414922165,0.7246376811594203,24.44310252281267,6.890767579173376,1.3150831991411702,0.5166398282340311,1.9994632313472893,1.2681159420289856,4.3478260869565215,0.0939345142243693,
100,59.23913043478261,0.6642512077294686,23.731884057971016,6.890767579173376,1.3150831991411702,0.5032206119162641,1.9994632313472893,1.2144390767579174,4.3478260869565215,0.0939345142243693,
101,59.47396672034353,0.644122383252818,23.517176596886742,6.890767579173376,1.3150831991411702,0.5032206119162641,1.9994632313472893,1.2144390767579174,4.3478260869565215,0.0939345142243693,
102,59.74235104669887,0.644122383252818,23.060923242082662,6.3137412775093935,1.2077294685990339,0.5032206119162641,1.9927536231884058,1.1473429951690821,4.320987654320987,1.06682769726248,
103,59.292807300053674,0.630703166935051,22.054482018250134,6.3137412775093935,1.2077294685990339,0.5032206119162641,1.6908212560386473,1.1003757380568975,6.139291465378422,1.06682769726248,
104,57.749597423510465,0.630703166935051,20.79307568438003,8.507783145464305,2.187332259796028,0.5032206119162641,1.6035963499731616,0.8655394524959742,6.092324208266238,1.06682769726248,
105,57.024959742351044,0.5703166935050993,21.658615136876005,8.447396672034353,2.167203435319377,0.5032206119162641,1.6035963499731616,0.8655394524959742,6.092324208266238,1.06682769726248,
106,57.54159957058508,0.5703166935050993,20.86688137412775,8.407139023081053,2.147074610842727,0.43612453032742887,1.288244766505636,0.8655394524959742,6.092324208266238,1.7847557702630166,
107,58.111916264090176,0.5703166935050993,20.645464304884594,8.05823939881911,2.147074610842727,0.43612453032742887,1.288244766505636,0.8655394524959742,6.092324208266238,1.7847557702630166,
108,57.10547504025765,0.5703166935050993,20.48443370907139,9.232420826623725,2.147074610842727,0.43612453032742887,1.2815351583467525,0.8655394524959742,6.092324208266238,1.7847557702630166,
109,57.49463231347289,0.5501878690284487,20.397208803005906,8.950617283950617,2.147074610842727,0.43612453032742887,1.2815351583467525,0.8655394524959742,6.092324208266238,1.7847557702630166,
110,57.57514761137949,0.5501878690284487,20.316693505099302,8.950617283950617,2.147074610842727,0.43612453032742887,1.2815351583467525,0.8655394524959742,6.092324208266238,1.7847557702630166,
111,57.776435856146,0.49651100375738055,20.303274288781534,8.883521202361782,2.0799785292538915,0.43612453032742887,1.2815351583467525,0.8655394524959742,6.092324208266238,1.7847557702630166,
112,58.77616747181965,0.48980139559849706,19.75979602791197,8.883521202361782,2.0799785292538915,0.3488996242619431,1.2815351583467525,0.8655394524959742,5.730005367686527,1.7847557702630166,
113,58.782877079978526,0.3757380568974772,20.813204508856682,7.991143317230274,2.073268921095008,0.3488996242619431,1.2815351583467525,0.8655394524959742,5.730005367686527,1.737788513150832,
114,57.88378958668814,0.3757380568974772,22.470477724100913,7.253086419753086,2.073268921095008,0.3488996242619431,2.200751476113795,0.8655394524959742,4.790660225442834,1.737788513150832,
115,59.13177670424047,0.3757380568974772,22.000805152979066,7.226247987117552,1.8853998926462694,0.3488996242619431,2.13365539452496,0.8655394524959742,4.294149221685454,1.737788513150832,
116,59.333064949006975,0.3757380568974772,21.973966720343533,7.226247987117552,1.8384326355340848,0.3488996242619431,2.006172839506173,0.8655394524959742,4.294149221685454,1.737788513150832,
117,59.88325281803543,0.3757380568974772,20.699141170155663,7.085346215780999,1.7847557702630166,0.3488996242619431,1.9860440150295222,0.8655394524959742,4.294149221685454,2.677133655394525,
118,59.90338164251208,0.3757380568974772,20.679012345679013,7.085346215780999,1.7847557702630166,0.3488996242619431,1.9860440150295222,0.8655394524959742,4.294149221685454,2.677133655394525,
119,60.25228126677402,0.3757380568974772,20.564949006977994,7.085346215780999,1.7847557702630166,0.3488996242619431,1.9860440150295222,0.8655394524959742,4.05931293612453,2.677133655394525,
120,59.72893183038111,0.3757380568974772,20.417337627482556,7.897208803005904,1.7847557702630166,0.3488996242619431,1.9860440150295222,0.7380568974771873,4.05931293612453,2.6637144390767578,
121,60.38647342995169,0.3757380568974772,20.202630166398283,7.897208803005904,1.7847557702630166,0.3488996242619431,1.9860440150295222,0.7380568974771873,3.616478797638218,2.6637144390767578,
122,60.648148148148145,0.3757380568974772,19.940955448201827,7.897208803005904,1.7847557702630166,0.3488996242619431,1.9860440150295222,0.7380568974771873,3.616478797638218,2.6637144390767578,
123,60.92324208266237,0.3757380568974772,19.665861513687602,7.897208803005904,1.7847557702630166,0.3488996242619431,1.9860440150295222,0.7380568974771873,3.616478797638218,2.6637144390767578,
124,61.3191089640365,0.3757380568974772,19.665861513687602,7.856951154052603,1.7847557702630166,0.3488996242619431,1.9860440150295222,0.5501878690284487,3.616478797638218,2.49597423510467,
125,63.79495437466452,0.3757380568974772,18.793612453032743,7.1658615136876005,1.2815351583467525,0.3488996242619431,1.9860440150295222,0.5501878690284487,3.207192699946323,2.49597423510467,
126,64.37869028448739,0.3757380568974772,18.209876543209877,7.1658615136876005,1.2815351583467525,0.3488996242619431,1.9860440150295222,0.5501878690284487,3.207192699946323,2.49597423510467,
127,64.66720343531938,0.3757380568974772,18.06226516371444,7.132313472893183,1.1741814278046163,0.3488996242619431,1.9860440150295222,0.5501878690284487,3.207192699946323,2.49597423510467,
128,64.45920558239399,0.3757380568974772,17.49194847020934,6.689479334406871,1.1741814278046163,0.15432098765432098,3.44873859366613,0.5032206119162641,3.207192699946323,2.49597423510467,
129,64.45920558239399,0.3757380568974772,17.49194847020934,6.689479334406871,1.1741814278046163,0.15432098765432098,3.44873859366613,0.5032206119162641,3.207192699946323,2.49597423510467,
130,64.48604401502952,0.3757380568974772,17.465110037573805,6.689479334406871,1.1741814278046163,0.15432098765432098,3.44873859366613,0.5032206119162641,3.207192699946323,2.49597423510467,
131,64.55984970477724,0.3757380568974772,17.438271604938272,6.689479334406871,1.1741814278046163,0.15432098765432098,3.4420289855072466,0.5032206119162641,3.166935050993022,2.49597423510467,
132,65.29790660225443,0.3757380568974772,17.08937198067633,6.6760601180891035,0.9930220075147611,0.15432098765432098,3.4420289855072466,0.4092860976918948,3.066290928609769,2.49597423510467,
133,65.29790660225443,0.3757380568974772,17.08937198067633,6.6760601180891035,0.9930220075147611,0.15432098765432098,3.4420289855072466,0.4092860976918948,3.066290928609769,2.49597423510467,
134,65.3113258185722,0.3757380568974772,17.08937198067633,6.662640901771336,0.9930220075147611,0.15432098765432098,3.4420289855072466,0.4092860976918948,3.066290928609769,2.49597423510467,
135,65.3113258185722,0.3757380568974772,17.08937198067633,6.662640901771336,0.9930220075147611,0.15432098765432098,3.4420289855072466,0.4092860976918948,3.066290928609769,2.49597423510467,
136,66.52576489533011,0.3757380568974772,16.55931293612453,6.407675791733762,0.9930220075147611,0.15432098765432098,3.388352120236178,0.4092860976918948,3.066290928609769,2.120236178207193,
137,65.98228663446055,0.3757380568974772,16.297638217928075,6.333870101986044,0.95276435856146,0.15432098765432098,3.388352120236178,0.4092860976918948,3.9855072463768115,2.120236178207193,
138,66.11647879763822,0.3488996242619431,16.022544283413847,6.333870101986044,1.3486312399355878,0.15432098765432098,3.1736446591519054,0.4092860976918948,3.9720880300590444,2.120236178207193,
139,66.67337627482556,0.28180354267310787,15.995705850778315,5.870907139023081,1.3486312399355878,0.15432098765432098,3.1736446591519054,0.4092860976918948,3.9720880300590444,2.120236178207193,
140,64.96913580246914,0.28180354267310787,15.955448201825014,5.763553408480945,1.3486312399355878,0.15432098765432098,2.9924852388620504,0.4092860976918948,3.3480944712828773,2.120236178207193,2.657004830917874
141,65.36500268384326,0.28180354267310787,15.599838969404187,5.723295759527644,1.3486312399355878,0.15432098765432098,2.9924852388620504,0.4092860976918948,3.3480944712828773,2.120236178207193,2.657004830917874
142,66.46537842190016,0.28180354267310787,15.26435856146001,5.723295759527644,1.3486312399355878,0.15432098765432098,2.3081052066559313,0.4092860976918948,3.2675791733762747,2.120236178207193,2.657004830917874
143,66.39157273215244,0.27509393451422437,15.083199141170155,6.541867954911433,1.3486312399355878,0.15432098765432098,2.2745571658615136,0.4092860976918948,3.2675791733762747,2.120236178207193,2.13365539452496
144,66.68679549114331,0.27509393451422437,15.049651100375739,6.286902844873859,1.3419216317767042,0.15432098765432098,2.2745571658615136,0.4092860976918948,3.2675791733762747,2.120236178207193,2.13365539452496
145,67.07595276435856,0.27509393451422437,14.673913043478262,6.286902844873859,1.3419216317767042,0.14090177133655393,2.2745571658615136,0.4092860976918948,3.2675791733762747,2.120236178207193,2.13365539452496
146,67.69323671497584,0.27509393451422437,14.61352657004831,5.964841653247451,1.3419216317767042,0.14090177133655393,2.2745571658615136,0.4092860976918948,3.2675791733762747,1.9592055823939882,2.059849704777241
147,66.72705314009661,0.27509393451422437,15.579710144927537,5.964841653247451,1.3419216317767042,0.14090177133655393,2.2745571658615136,0.4092860976918948,3.2675791733762747,1.9592055823939882,2.059849704777241
148,66.8947933440687,0.27509393451422437,15.499194847020934,5.964841653247451,1.3419216317767042,0.14090177133655393,2.2745571658615136,0.4092860976918948,3.180354267310789,1.9592055823939882,2.059849704777241
149,66.8947933440687,0.27509393451422437,15.499194847020934,5.964841653247451,1.3419216317767042,0.14090177133655393,2.2745571658615136,0.4092860976918948,3.180354267310789,1.9592055823939882,2.059849704777241
150,67.41143317230274,0.27509393451422437,15.49248523886205,5.964841653247451,1.3419216317767042,0.14090177133655393,2.2745571658615136,0.4092860976918948,2.6704240472356413,1.9592055823939882,2.059849704777241
151,68.43129361245303,0.27509393451422437,14.472624798711756,5.964841653247451,1.3419216317767042,0.14090177133655393,2.2745571658615136,0.4092860976918948,2.6704240472356413,1.9592055823939882,2.059849704777241
152,69.08883521202362,0.27509393451422437,13.922436929683306,5.924584004294149,1.3419216317767042,0.14090177133655393,2.2745571658615136,0.4092860976918948,2.6033279656468062,1.9592055823939882,2.059849704777241
153,69.08883521202362,0.27509393451422437,13.922436929683306,5.924584004294149,1.3419216317767042,0.14090177133655393,2.2745571658615136,0.4092860976918948,2.6033279656468062,1.9592055823939882,2.059849704777241
154,69.08883521202362,0.27509393451422437,13.922436929683306,5.924584004294149,1.3419216317767042,0.14090177133655393,2.2745571658615136,0.4092860976918948,2.6033279656468062,1.9592055823939882,2.059849704777241
155,69.08883521202362,0.27509393451422437,13.922436929683306,5.924584004294149,1.3419216317767042,0.14090177133655393,2.2745571658615136,0.4092860976918948,2.6033279656468062,1.9592055823939882,2.059849704777241
156,69.14251207729468,0.27509393451422437,13.882179280730005,5.924584004294149,1.3419216317767042,0.1274825550187869,2.2745571658615136,0.4092860976918948,2.6033279656468062,1.9592055823939882,2.059849704777241
157,69.40418679549114,0.27509393451422437,13.801663982823403,5.924584004294149,1.3419216317767042,0.1274825550187869,2.0933977455716586,0.4092860976918948,2.6033279656468062,1.9592055823939882,2.059849704777241
158,69.47128287707997,0.27509393451422437,13.741277509393452,5.924584004294149,1.3419216317767042,0.1274825550187869,2.086688137412775,0.4092860976918948,2.6033279656468062,1.9592055823939882,2.059849704777241
159,69.81347289318303,0.27509393451422437,13.627214170692431,5.924584004294149,1.3419216317767042,0.1274825550187869,2.086688137412775,0.4092860976918948,2.408749329039184,1.9256575415995705,2.059849704777241
160,70.04159957058508,0.27509393451422437,13.620504562533547,5.743424584004294,1.3419216317767042,0.1274825550187869,2.086688137412775,0.4092860976918948,2.408749329039184,1.8853998926462694,2.059849704777241
161,70.4441760601181,0.27509393451422437,13.519860440150294,5.656199677938808,1.3419216317767042,0.1274825550187869,2.086688137412775,0.4092860976918948,2.408749329039184,1.6706924315619969,2.059849704777241
162,71.12184648416533,0.27509393451422437,13.33870101986044,5.58239398819109,1.3419216317767042,0.1274825550187869,2.073268921095008,0.4092860976918948,2.408749329039184,1.4895330112721417,1.8317230273752012
163,71.20236178207193,0.27509393451422437,13.258185721953838,5.58239398819109,1.3419216317767042,0.1274825550187869,2.073268921095008,0.4092860976918948,2.408749329039184,1.4895330112721417,1.8317230273752012
164,71.34326355340848,0.27509393451422437,13.238056897477188,5.4616210413311865,1.3419216317767042,0.1274825550187869,2.073268921095008,0.4092860976918948,2.408749329039184,1.4895330112721417,1.8317230273752012
165,72.30273752012883,0.27509393451422437,13.238056897477188,5.4616210413311865,1.3419216317767042,0.1274825550187869,2.073268921095008,0.4092860976918948,2.4020397208803006,1.2345679012345678,1.133923778851315
166,72.30273752012883,0.27509393451422437,13.238056897477188,5.4616210413311865,1.3419216317767042,0.1274825550187869,2.073268921095008,0.4092860976918948,2.4020397208803006,1.2345679012345678,1.133923778851315
167,72.79253891572732,0.27509393451422437,12.855609232420827,5.35426731078905,1.3419216317767042,0.1274825550187869,2.073268921095008,0.4092860976918948,2.4020397208803006,1.2345679012345678,1.133923778851315
168,71.75925925925925,0.27509393451422437,12.31213097155126,6.327160493827161,1.3419216317767042,0.1274825550187869,2.073268921095008,0.4092860976918948,3.046162104133119,1.2345679012345678,1.093666129898014
169,70.90042941492217,0.2683843263553409,13.177670424047236,6.327160493827161,1.3419216317767042,0.1274825550187869,2.073268921095008,0.4092860976918948,3.046162104133119,1.2345679012345678,1.093666129898014
170,70.90042941492217,0.2683843263553409,13.177670424047236,6.327160493827161,1.3419216317767042,0.1274825550187869,2.073268921095008,0.4092860976918948,3.046162104133119,1.2345679012345678,1.093666129898014
171,70.90042941492217,0.2683843263553409,13.177670424047236,6.327160493827161,1.3419216317767042,0.1274825550187869,2.073268921095008,0.4092860976918948,3.046162104133119,1.2345679012345678,1.093666129898014
172,70.90042941492217,0.2683843263553409,13.177670424047236,6.327160493827161,1.3419216317767042,0.1274825550187869,2.073268921095008,0.4092860976918948,3.046162104133119,1.2345679012345678,1.093666129898014
173,70.90042941492217,0.2683843263553409,13.177670424047236,6.327160493827161,1.3419216317767042,0.1274825550187869,2.073268921095008,0.4092860976918948,3.046162104133119,1.2345679012345678,1.093666129898014
174,70.8064949006978,0.2683843263553409,12.929414922168545,6.005099302200751,1.3419216317767042,0.1274825550187869,2.073268921095008,0.4092860976918948,3.7104133118625873,1.2345679012345678,1.093666129898014
175,72.06119162640901,0.2683843263553409,12.754965110037574,5.152979066022544,1.3419216317767042,0.1274825550187869,1.8518518518518519,0.4025764895330113,3.7104133118625873,1.2345679012345678,1.093666129898014
176,72.20209339774557,0.2683843263553409,12.647611379495437,5.119431025228127,1.3419216317767042,0.1274825550187869,1.8518518518518519,0.4025764895330113,3.7104133118625873,1.2345679012345678,1.093666129898014
177,72.638217928073,0.2281266774020397,12.560386473429952,5.119431025228127,1.2949543746645196,0.1274825550187869,1.8518518518518519,0.4025764895330113,3.589640365002684,1.093666129898014,1.093666129898014
178,71.35668276972625,0.2281266774020397,11.761943102522812,4.7101449275362315,1.2949543746645196,0.1274825550187869,1.7981749865807837,0.4025764895330113,6.132581857219538,1.093666129898014,1.093666129898014
179,70.63204508856683,0.2281266774020397,13.533279656468062,4.508856682769726,1.2949543746645196,0.1274825550187869,1.6572732152442298,0.4025764895330113,6.132581857219538,0.644122383252818,0.8387010198604401
180,70.63204508856683,0.2281266774020397,13.533279656468062,4.508856682769726,1.2949543746645196,0.1274825550187869,1.6572732152442298,0.4025764895330113,6.132581857219538,0.644122383252818,0.8387010198604401
181,70.82662372517444,0.2281266774020397,13.962694578636608,4.40150295222759,1.2949543746645196,0.1274825550187869,1.6572732152442298,0.4025764895330113,5.615942028985507,0.644122383252818,0.8387010198604401
182,70.45759527643585,0.2281266774020397,13.848631239935587,4.40150295222759,1.2949543746645196,0.1274825550187869,2.1604938271604937,0.4025764895330113,5.615942028985507,0.644122383252818,0.8185721953837896
183,70.00805152979066,0.2281266774020397,13.58695652173913,4.300858829844337,2.1135265700483092,0.1274825550187869,2.1604938271604937,0.39586688137412773,5.615942028985507,0.644122383252818,0.8185721953837896
184,70.30327428878154,0.2281266774020397,13.33870101986044,4.28743961352657,2.100107353730542,0.1274825550187869,2.1604938271604937,0.39586688137412773,5.595813204508857,0.644122383252818,0.8185721953837896
185,70.47101449275362,0.2281266774020397,13.33870101986044,4.28743961352657,2.086688137412775,0.1274825550187869,2.006172839506173,0.39586688137412773,5.595813204508857,0.644122383252818,0.8185721953837896
186,70.47101449275362,0.2281266774020397,13.33870101986044,4.28743961352657,2.086688137412775,0.1274825550187869,2.006172839506173,0.39586688137412773,5.595813204508857,0.644122383252818,0.8185721953837896
187,70.61862587224905,0.2281266774020397,13.191089640365004,4.28743961352657,2.086688137412775,0.1274825550187869,2.006172839506173,0.39586688137412773,5.595813204508857,0.644122383252818,0.8185721953837896
188,70.61862587224905,0.2281266774020397,13.191089640365004,4.28743961352657,2.086688137412775,0.1274825550187869,2.006172839506173,0.39586688137412773,5.595813204508857,0.644122383252818,0.8185721953837896
189,70.61862587224905,0.2281266774020397,13.191089640365004,4.28743961352657,2.086688137412775,0.1274825550187869,2.006172839506173,0.39586688137412773,5.595813204508857,0.644122383252818,0.8185721953837896
190,70.89371980676329,0.2281266774020397,13.030059044551798,4.213633923778851,2.086688137412775,0.1274825550187869,1.9927536231884058,0.39586688137412773,5.5689747718733225,0.644122383252818,0.8185721953837896
191,70.30327428878154,0.2281266774020397,12.70799785292539,4.186795491143317,2.086688137412775,0.1274825550187869,2.932098765432099,0.39586688137412773,5.5689747718733225,0.644122383252818,0.8185721953837896
192,70.30327428878154,0.2281266774020397,12.70799785292539,4.186795491143317,2.086688137412775,0.1274825550187869,2.932098765432099,0.39586688137412773,5.5689747718733225,0.644122383252818,0.8185721953837896
193,70.66559312936124,0.2281266774020397,12.701288244766506,3.8311862587224907,2.086688137412775,0.1274825550187869,2.932098765432099,0.39586688137412773,5.5689747718733225,0.644122383252818,0.8185721953837896
194,71.42377885131508,0.2281266774020397,12.379227053140097,3.750670960815888,2.086688137412775,0.1274825550187869,2.932098765432099,0.39586688137412773,5.5689747718733225,0.644122383252818,0.46296296296296297
195,71.53784219001611,0.2281266774020397,12.379227053140097,3.6366076221148687,2.086688137412775,0.1274825550187869,2.932098765432099,0.39586688137412773,5.5689747718733225,0.644122383252818,0.46296296296296297
196,71.95383789586688,0.2281266774020397,12.298711755233494,3.4017713365539453,2.086688137412775,0.1274825550187869,2.932098765432099,0.39586688137412773,5.5689747718733225,0.5434782608695652,0.46296296296296297
197,72.30273752012883,0.2281266774020397,12.298711755233494,3.4017713365539453,2.086688137412775,0.1274825550187869,2.8247450348899625,0.39586688137412773,5.542136339237788,0.5434782608695652,0.24825550187869028
198,72.34299516908213,0.2281266774020397,12.298711755233494,3.4017713365539453,2.086688137412775,0.1274825550187869,2.8247450348899625,0.39586688137412773,5.501878690284487,0.5434782608695652,0.24825550187869028
199,72.34299516908213,0.2281266774020397,12.298711755233494,3.4017713365539453,2.086688137412775,0.1274825550187869,2.8247450348899625,0.39586688137412773,5.501878690284487,0.5434782608695652,0.24825550187869028
200,72.46376811594203,0.2281266774020397,12.298711755233494,3.4017713365539453,2.086688137412775,0.1274825550187869,2.703972088030059,0.39586688137412773,5.501878690284487,0.5434782608695652,0.24825550187869028
201,72.69860440150295,0.2281266774020397,12.224906065485776,3.4017713365539453,2.086688137412775,0.1274825550187869,2.5429414922168547,0.39586688137412773,5.501878690284487,0.5434782608695652,0.24825550187869028
202,72.69860440150295,0.2281266774020397,12.224906065485776,3.4017713365539453,2.086688137412775,0.1274825550187869,2.5429414922168547,0.39586688137412773,5.501878690284487,0.5434782608695652,0.24825550187869028
203,72.69860440150295,0.2281266774020397,12.224906065485776,3.4017713365539453,2.086688137412775,0.1274825550187869,2.5429414922168547,0.39586688137412773,5.501878690284487,0.5434782608695652,0.24825550187869028
204,73.02737520128825,0.2281266774020397,12.224906065485776,3.3413848631239937,2.086688137412775,0.1274825550187869,2.5429414922168547,0.39586688137412773,5.233494363929147,0.5434782608695652,0.24825550187869028
205,73.02737520128825,0.2281266774020397,12.224906065485776,3.3413848631239937,2.086688137412775,0.1274825550187869,2.5429414922168547,0.39586688137412773,5.233494363929147,0.5434782608695652,0.24825550187869028
206,73.02737520128825,0.2281266774020397,12.224906065485776,3.3413848631239937,2.086688137412775,0.1274825550187869,2.5429414922168547,0.39586688137412773,5.233494363929147,0.5434782608695652,0.24825550187869028
207,72.68518518518519,0.2281266774020397,12.654320987654321,3.3413848631239937,1.9994632313472893,0.1274825550187869,2.5429414922168547,0.39586688137412773,5.233494363929147,0.5434782608695652,0.24825550187869028
208,73.18840579710145,0.2281266774020397,12.359098228663447,3.3413848631239937,1.9994632313472893,0.1274825550187869,2.5429414922168547,0.39586688137412773,5.025496511003757,0.5434782608695652,0.24825550187869028
209,73.26892109500805,0.2281266774020397,12.359098228663447,3.3413848631239937,1.9793344068706387,0.1274825550187869,2.4825550187869028,0.39586688137412773,5.025496511003757,0.5434782608695652,0.24825550187869028
210,72.43692968330649,0.2281266774020397,13.211218464841654,3.3413848631239937,1.9793344068706387,0.1274825550187869,2.4825550187869028,0.39586688137412773,5.005367686527107,0.5434782608695652,0.24825550187869028
