,45,50,40,52,51,55,53,54,49,48,47
0,77.61674718196457,22.383252818035427,,,,,,,,,
1,73.22866344605475,26.54320987654321,0.2281266774020397,,,,,,,,
2,65.45222758990874,34.31964573268921,0.2281266774020397,,,,,,,,
3,41.948470209339774,57.31347289318304,0.33548040794417605,0.4025764895330113,,,,,,,
4,27.811325818572197,67.98845947396671,,1.0534084809447128,2.5026838432635534,0.644122383252818,,,,,
5,24.020397208803004,66.70692431561997,0.5770263016639828,0.9930220075147611,3.549382716049383,2.120236178207193,2.033011272141707,,,,
6,13.694310252281268,77.27455716586151,0.5300590445517982,1.1741814278046163,3.5091250670960816,1.7847557702630166,2.033011272141707,,,,
7,10.144927536231885,79.5558239398819,0.9192163177670424,1.1741814278046163,4.414922168545357,1.7579173376274826,2.033011272141707,,,,
8,3.8043478260869565,84.65512614063339,0.7112184648416533,4.294149221685454,2.7106816961889426,2.227589908749329,1.596886741814278,,,,
9,3.8043478260869565,78.48899624261944,1.4694041867954912,5.857487922705314,6.5552871712292005,2.227589908749329,1.596886741814278,,,,
10,3.6231884057971016,72.7589908749329,1.4694041867954912,3.2340311325818574,13.761406333870102,2.8113258185721954,2.341653247450349,,,,
11,3.488996242619431,70.29656468062265,1.8183038110574343,3.2340311325818574,13.761406333870102,2.8113258185721954,4.5893719806763285,,,,
12,3.44873859366613,78.62989801395598,1.482823403113258,2.8784219001610305,5.253623188405797,2.2074610842726785,6.099033816425121,,,,
13,3.4286097691894795,77.24771873322598,0.6843800322061192,2.522812667740204,5.253623188405797,2.2074610842726785,6.333870101986044,2.3215244229736984,,,
14,3.4286097691894795,68.98819108964037,0.6843800322061192,2.1806226516371443,10.131508319914117,1.932367149758454,6.139291465378422,2.563070316693505,3.9519592055823938,,
15,3.421900161030596,77.05984970477724,1.1473429951690821,2.13365539452496,6.890767579173376,2.61003757380569,3.9989264626945786,0.5099302200751477,2.227589908749329,,
16,3.113258185721954,82.13231347289319,1.0735373054213635,1.247987117552335,4.206924315619967,3.9318303811057436,1.556629092860977,0.5099302200751477,2.227589908749329,,
17,2.227589908749329,72.85963499731616,1.0534084809447128,3.8915727321524423,7.4141170155662905,3.911701556629093,5.904455179817498,0.5099302200751477,2.227589908749329,,
18,1.932367149758454,74.03381642512078,1.5432098765432098,2.26784755770263,5.615942028985507,3.9989264626945786,7.87037037037037,0.5099302200751477,2.227589908749329,,
19,1.932367149758454,70.33011272141707,2.046430488459474,4.294149221685454,5.535426731078905,5.448201825013419,7.152442297369833,1.1473429951690821,2.1135265700483092,,
20,1.932367149758454,70.33011272141707,2.046430488459474,4.28743961352657,5.159688674181428,5.267042404723564,7.152442297369833,1.710950080515298,2.1135265700483092,,
21,1.90552871712292,66.86124530327429,1.865271068169619,4.274020397208803,4.958400429414922,7.897208803005904,8.55475040257649,1.570048309178744,2.1135265700483092,,
22,1.90552871712292,65.44551798174986,2.2074610842726785,4.274020397208803,4.958400429414922,7.836822329575953,9.688674181427805,1.570048309178744,2.1135265700483092,,
23,1.3217928073000538,67.77375201288245,2.046430488459474,5.763553408480945,4.783950617283951,6.481481481481482,8.581588835212024,1.3419216317767042,1.90552871712292,,
24,1.3217928073000538,67.19001610305958,2.046430488459474,5.763553408480945,4.783950617283951,7.065217391304348,8.581588835212024,1.3419216317767042,1.90552871712292,,
25,1.3217928073000538,55.099302200751474,2.0665593129361244,8.266237251744498,7.575147611379496,5.743424584004294,6.998121309715513,0.8454106280193237,12.084004294149223,,
26,1.3217928073000538,50.19457863660762,1.9994632313472893,6.756575415995706,13.325281803542673,6.421095008051529,6.488191089640365,1.0534084809447128,12.439613526570048,,
27,1.1808910359634996,61.30568974771873,1.6841116478797638,5.515297906602254,5.10601180891036,5.119431025228127,4.891304347826087,2.757648953301127,12.439613526570048,,
28,0.8789586688137413,73.73188405797102,1.3217928073000538,5.0858829844337095,1.9256575415995705,4.62962962962963,4.770531400966184,2.2611379495437465,5.394524959742351,,
29,0.8789586688137413,67.29066022544283,1.1741814278046163,11.023886205045626,3.643317230273752,3.6097691894793345,3.784219001610306,3.2004830917874396,5.394524959742351,,
30,0.8789586688137413,64.19082125603865,1.5633387010198605,10.57434245840043,3.4822866344605474,5.870907139023081,4.166666666666667,4.092860976918948,5.179817498658078,,
31,0.8789586688137413,60.81588835212023,1.5633387010198605,10.57434245840043,3.4822866344605474,9.245840042941492,4.166666666666667,4.092860976918948,5.179817498658078,,
32,0.8789586688137413,57.44095544820183,2.3081052066559313,10.57434245840043,3.4822866344605474,9.245840042941492,4.166666666666667,4.092860976918948,7.809983896940419,,
33,0.8387010198604401,54.32098765432099,2.5563607085346214,13.123993558776167,3.4822866344605474,8.467525496511003,4.166666666666667,5.233494363929147,7.809983896940419,,
34,0.35560923242082665,53.656736446591516,2.38191089640365,12.962962962962964,3.361513687600644,8.769457863660762,4.025764895330113,5.9447128287707995,8.541331186258722,,
35,0.35560923242082665,53.30112721417069,3.026033279656468,12.962962962962964,3.361513687600644,8.82313472893183,3.9586688137412773,5.669618894256575,8.541331186258722,,
36,0.3421900161030596,55.91787439613527,3.227321524422974,12.721417069243156,3.2340311325818574,7.326892109500805,3.9586688137412773,4.730273752012883,8.541331186258722,,
37,0.3421900161030596,56.72973698336017,3.227321524422974,11.681427804616211,2.7442297369833604,8.876811594202898,3.9586688137412773,4.005636070853462,8.433977455716587,,
38,0.3421900161030596,56.655931293612454,3.3548040794417604,11.513687600644122,2.7442297369833604,8.32662372517445,3.9586688137412773,4.669887278582931,8.433977455716587,,
39,0.24154589371980675,58.13875469672571,3.844605475040258,11.030595813204508,2.120236178207193,9.31964573268921,3.9586688137412773,4.408212560386473,6.937734836285561,,
40,0.24154589371980675,56.87063875469673,3.5829307568438002,11.030595813204508,1.9524959742351047,10.02415458937198,4.985238862050457,4.374664519592056,6.937734836285561,,
41,0.24154589371980675,56.52844873859367,3.92512077294686,11.030595813204508,1.9524959742351047,10.02415458937198,4.985238862050457,4.374664519592056,6.937734836285561,,
42,0.24154589371980675,55.9044551798175,4.079441760601181,12.922705314009661,1.9524959742351047,9.668545356951155,4.958400429414922,3.770799785292539,6.501610305958132,,
43,0.24154589371980675,54.75711218464841,4.126409017713366,12.835480407944177,1.892109500805153,10.373054213633925,4.938271604938271,4.5893719806763285,6.246645195920558,,
44,0.24154589371980675,52.67713365539453,4.072732152442297,11.2788513150832,2.2745571658615136,10.326086956521738,4.904723564143854,5.401234567901234,8.82313472893183,,
45,0.11406333870101985,50.56360708534621,4.38137412775094,12.198067632850242,2.6704240472356413,10.218733225979603,5.642780461621041,5.60252281266774,8.608427267847558,,
46,0.11406333870101985,48.698336017176594,4.958400429414922,12.198067632850242,3.9855072463768115,10.279119699409554,5.629361245303274,5.60252281266774,8.53462157809984,,
47,0.11406333870101985,48.37627482555019,4.864465915190553,12.198067632850242,3.9855072463768115,10.695115405260333,5.629361245303274,5.60252281266774,8.53462157809984,,
48,0.11406333870101985,45.54482018250134,4.314278046162104,11.003757380568974,3.9855072463768115,10.534084809447128,8.3467525496511,7.62211486849168,8.53462157809984,,
49,0.11406333870101985,43.545356951154055,3.938539989264627,10.889694041867955,6.642512077294686,10.782340311325818,8.3467525496511,7.206119162640902,8.53462157809984,,
50,0.11406333870101985,43.13607085346216,3.6634460547504024,10.668276972624799,10.21202361782072,10.782340311325818,7.555018786902845,5.448201825013419,8.420558239398819,,
51,0.11406333870101985,40.82796564680623,3.307836822329576,13.063607085346217,10.21202361782072,9.936929683306495,8.668813741277509,5.448201825013419,8.420558239398819,,
52,0.11406333870101985,39.962426194310254,3.938539989264627,12.889157273215245,10.21202361782072,10.34621578099839,8.668813741277509,5.448201825013419,8.420558239398819,,
53,0.11406333870101985,39.16398282340311,4.562533548040794,14.345142243692969,9.621578099838969,10.332796564680622,7.836822329575953,5.743424584004294,8.279656468062266,,
54,0.11406333870101985,39.16398282340311,4.562533548040794,14.345142243692969,9.621578099838969,10.332796564680622,7.836822329575953,5.743424584004294,8.279656468062266,,
55,0.11406333870101985,36.18491680085883,4.468599033816425,10.970209339774557,19.269994632313473,9.849704777241008,5.897745571658615,5.139559849704777,8.105206655931294,,
56,0.11406333870101985,36.61433172302738,4.468599033816425,11.782071926999464,19.176060118089104,9.75577026301664,5.897745571658615,4.086151368760064,8.105206655931294,,
57,0.11406333870101985,31.93773483628556,4.616210413311863,15.271068169618895,21.93370907139023,8.038110574342458,5.897745571658615,4.086151368760064,8.105206655931294,,
58,0.11406333870101985,31.93773483628556,4.616210413311863,15.271068169618895,21.93370907139023,8.038110574342458,5.897745571658615,4.086151368760064,8.105206655931294,,
59,0.11406333870101985,29.911433172302736,4.609500805152979,17.297369833601717,22.443639291465377,7.7361782071927,5.8239398819108965,3.9586688137412773,8.105206655931294,,
60,0.11406333870101985,29.582662372517444,4.904723564143854,17.297369833601717,21.135265700483092,7.7361782071927,7.1658615136876005,3.9586688137412773,8.105206655931294,,
61,0.11406333870101985,28.63660762211487,4.414922168545357,17.270531400966185,21.135265700483092,6.461352657004831,9.903381642512077,3.9586688137412773,8.105206655931294,,
62,0.11406333870101985,27.82474503488996,4.414922168545357,17.10950080515298,21.021202361782073,6.461352657004831,9.903381642512077,3.9586688137412773,9.192163177670425,,
63,0.11406333870101985,27.82474503488996,4.783950617283951,17.10950080515298,21.021202361782073,6.461352657004831,9.903381642512077,3.9586688137412773,8.82313472893183,,
64,0.11406333870101985,27.82474503488996,4.783950617283951,17.10950080515298,21.021202361782073,6.461352657004831,9.903381642512077,3.9586688137412773,8.82313472893183,,
65,0.11406333870101985,25.53676865271068,4.777241009125067,16.6532474503489,20.8064949006978,6.461352657004831,9.903381642512077,3.9586688137412773,8.82313472893183,2.965646806226516,
66,0.11406333870101985,26.321792807300053,4.609500805152979,16.485507246376812,21.517713365539453,5.703166935050993,9.473966720343531,3.9586688137412773,9.749060654857756,2.0665593129361244,
67,0.11406333870101985,25.194578636607623,4.502147074610843,12.754965110037574,27.079978529253893,4.978529253891573,9.950348899624261,3.6097691894793345,9.749060654857756,2.0665593129361244,
68,0.11406333870101985,24.966451959205582,4.750402576489533,12.734836285560924,27.079978529253893,4.978529253891573,9.950348899624261,3.6097691894793345,9.749060654857756,2.0665593129361244,
69,0.07380568974771873,24.288781535158346,4.669887278582931,11.292270531400966,27.63016639828234,4.05931293612453,10.084541062801932,6.085614600107354,9.749060654857756,2.0665593129361244,
70,0.07380568974771873,23.879495437466453,5.112721417069243,11.292270531400966,27.63016639828234,4.05931293612453,10.084541062801932,6.085614600107354,9.71551261406334,2.0665593129361244,
71,0.026838432635534086,24.396135265700483,4.958400429414922,11.292270531400966,27.314814814814813,4.05931293612453,10.084541062801932,6.085614600107354,9.71551261406334,2.0665593129361244,
72,0.026838432635534086,27.76435856146001,4.602791196994096,10.38647342995169,26.932367149758456,3.730542136339238,9.480676328502415,5.293880837359098,9.71551261406334,2.0665593129361244,
73,0.026838432635534086,27.76435856146001,4.602791196994096,10.93666129898014,26.737788513150832,3.730542136339238,9.125067096081589,5.293880837359098,9.71551261406334,2.0665593129361244,
74,0.026838432635534086,26.596886741814277,4.575952764358561,9.990606548577563,29.24718196457327,3.361513687600644,9.125067096081589,5.293880837359098,9.71551261406334,2.0665593129361244,
75,0.026838432635534086,25.99302200751476,4.49543746645196,9.990606548577563,29.24718196457327,3.33467525496511,9.125067096081589,5.293880837359098,10.426731078904991,2.0665593129361244,
76,0.026838432635534086,26.207729468599034,3.9989264626945786,9.856414385399892,27.254428341384862,3.3279656468062266,9.936929683306495,5.260332796564681,8.380300590445518,5.750134192163178,
77,0.026838432635534086,25.013419216317768,3.7909286097691894,9.769189479334408,25.5703166935051,2.8918411164787976,9.936929683306495,5.005367686527107,12.245034889962426,5.750134192163178,
78,0.026838432635534086,25.013419216317768,3.7909286097691894,9.769189479334408,27.059849704777243,2.8918411164787976,9.936929683306495,5.005367686527107,10.755501878690284,5.750134192163178,
79,0.026838432635534086,23.30246913580247,3.8848631239935587,9.386741814278047,26.536500268384327,2.885131508319914,9.588030059044552,6.535158346752549,9.722222222222221,8.132045088566828,
80,0.026838432635534086,23.30246913580247,3.8848631239935587,9.386741814278047,26.536500268384327,2.885131508319914,9.588030059044552,6.535158346752549,9.722222222222221,8.132045088566828,
81,0.026838432635534086,23.17498658078368,3.8378958668813743,8.984165324745035,25.006709608158882,2.8515834675254963,11.023886205045626,7.239667203435319,9.722222222222221,8.132045088566828,
82,0.026838432635534086,24.56387546967257,3.8311862587224907,9.621578099838969,23.564143853998928,2.8247450348899625,10.748792270531402,7.588566827697263,9.104938271604938,8.125335480407944,
83,0.026838432635534086,24.08749329039184,3.851315083199141,10.359634997316157,22.973698336017176,2.61003757380569,11.272141706924316,7.588566827697263,9.104938271604938,8.125335480407944,
84,0.026838432635534086,24.08749329039184,3.851315083199141,10.359634997316157,22.973698336017176,2.61003757380569,11.272141706924316,7.588566827697263,9.104938271604938,8.125335480407944,
85,0.026838432635534086,23.89291465378422,4.30756843800322,10.198604401502953,22.75228126677402,2.5831991411701556,11.272141706924316,8.004562533548041,8.836553945249598,8.125335480407944,
86,0.026838432635534086,20.645464304884594,4.690016103059581,12.198067632850242,26.52308105206656,2.5697799248523885,10.628019323671497,5.763553408480945,8.829844337090714,8.125335480407944,
87,0.026838432635534086,20.33011272141707,4.663177670424047,12.198067632850242,26.86527106816962,2.5697799248523885,10.628019323671497,5.763553408480945,8.829844337090714,8.125335480407944,
88,0.026838432635534086,20.229468599033815,4.663177670424047,12.198067632850242,26.86527106816962,2.5697799248523885,10.534084809447128,5.401234567901234,10.889694041867955,6.622383252818035,
89,0.026838432635534086,20.229468599033815,5.636070853462158,12.198067632850242,26.261406333870102,2.5697799248523885,10.399892646269459,5.401234567901234,10.654857756307031,6.622383252818035,
90,0.026838432635534086,19.867149758454108,5.723295759527644,12.151100375738057,26.261406333870102,2.3752012882447664,10.312667740203972,6.005099302200751,10.654857756307031,6.622383252818035,
91,0.026838432635534086,19.685990338164252,6.139291465378422,12.010198604401502,25.684380032206118,2.3349436392914655,10.93666129898014,5.904455179817498,10.654857756307031,6.622383252818035,
92,0.026838432635534086,18.88083735909823,6.501610305958132,11.996779388083736,26.798174986580783,2.3349436392914655,10.93666129898014,5.904455179817498,9.997316156736447,6.622383252818035,
93,0.026838432635534086,18.310520665593128,6.535158346752549,11.996779388083736,29.2337627482555,2.24771873322598,10.48040794417606,4.549114331723027,9.997316156736447,6.622383252818035,
94,0.026838432635534086,42.96833064949007,3.9049919484702094,5.441492216854535,21.20907139023081,1.0534084809447128,6.333870101986044,3.0327428878153517,9.205582393988191,6.823671497584541,
95,0.026838432635534086,42.0222758990875,4.4753086419753085,5.441492216854535,21.141975308641975,1.5297906602254427,6.300322061191626,3.0327428878153517,9.205582393988191,6.823671497584541,
96,0.026838432635534086,40.79441760601181,4.327697262479871,5.441492216854535,20.28985507246377,1.5297906602254427,6.300322061191626,3.0327428878153517,11.43317230273752,6.823671497584541,
97,0.026838432635534086,38.056897477187334,4.28743961352657,5.441492216854535,20.893719806763286,3.193773483628556,5.723295759527644,4.830917874396135,11.386205045625335,6.159420289855072,
98,0.026838432635534086,37.64761137949544,4.562533548040794,5.441492216854535,20.893719806763286,3.603059581320451,5.448201825013419,4.830917874396135,11.386205045625335,6.159420289855072,
99,0.026838432635534086,37.43961352657005,4.455179817498658,6.260064412238325,21.128556092324207,3.603059581320451,5.448201825013419,4.830917874396135,10.668276972624799,6.139291465378422,
100,0.026838432635534086,36.030595813204506,4.62962962962963,6.260064412238325,21.812936124530328,3.603059581320451,5.448201825013419,5.595813204508857,10.46027911969941,6.132581857219538,
101,0.026838432635534086,36.030595813204506,4.5960815888352125,6.260064412238325,21.812936124530328,3.603059581320451,5.730005367686527,5.501878690284487,10.305958132045088,6.132581857219538,
102,0.026838432635534086,36.030595813204506,4.5960815888352125,6.260064412238325,21.812936124530328,3.603059581320451,5.730005367686527,5.501878690284487,10.305958132045088,6.132581857219538,
103,0.026838432635534086,35.225442834138484,4.468599033816425,8.387010198604402,21.182232957595275,3.603059581320451,6.233225979602791,4.435050993022007,10.305958132045088,6.132581857219538,
104,0.026838432635534086,34.856414385399894,4.468599033816425,8.380300590445518,21.108427267847556,2.999194847020934,6.233225979602791,5.0791733762748255,9.957058507783145,4.508856682769726,2.38191089640365
105,0.026838432635534086,34.74906065485776,4.696725711218465,8.380300590445518,21.108427267847556,2.9052603327965647,6.233225979602791,5.0791733762748255,9.930220075147611,4.508856682769726,2.38191089640365
106,0.026838432635534086,34.74906065485776,4.696725711218465,8.903650026838433,20.585077831454644,2.9052603327965647,6.233225979602791,5.0791733762748255,9.930220075147611,4.508856682769726,2.38191089640365
107,0.026838432635534086,34.76247987117552,4.180085882984434,8.59500805152979,23.8191089640365,2.757648953301127,5.226784755770263,4.998658078368224,9.219001610305957,4.032474503488996,2.38191089640365
108,0.026838432635534086,34.76247987117552,4.180085882984434,8.59500805152979,23.8191089640365,2.757648953301127,5.226784755770263,4.998658078368224,9.219001610305957,4.032474503488996,2.38191089640365
109,0.026838432635534086,32.930756843800324,3.7104133118625873,8.59500805152979,23.067632850241544,2.690552871712292,5.803811057434245,4.998658078368224,11.761943102522812,4.032474503488996,2.38191089640365
110,0.026838432635534086,32.930756843800324,3.7104133118625873,8.59500805152979,23.067632850241544,2.690552871712292,5.803811057434245,4.998658078368224,11.761943102522812,4.032474503488996,2.38191089640365
111,0.026838432635534086,32.930756843800324,3.7104133118625873,8.59500805152979,23.067632850241544,2.690552871712292,5.803811057434245,4.998658078368224,11.761943102522812,4.032474503488996,2.38191089640365
112,0.026838432635534086,32.84353193773484,3.7104133118625873,10.34621578099839,22.893183038110575,2.690552871712292,5.790391841116479,3.5225442834138487,11.761943102522812,4.032474503488996,2.38191089640365
113,0.026838432635534086,30.71658615136876,3.7573805689747717,10.34621578099839,21.24932903918411,2.3215244229736984,9.829575952764358,3.4822866344605474,11.855877616747183,4.032474503488996,2.38191089640365
114,0.026838432635534086,30.71658615136876,4.072732152442297,10.34621578099839,21.24932903918411,2.3215244229736984,9.829575952764358,3.4822866344605474,11.540526033279656,4.032474503488996,2.38191089640365
115,0.026838432635534086,30.71658615136876,4.072732152442297,12.104133118625873,20.679012345679013,2.3215244229736984,8.641975308641975,3.4822866344605474,11.540526033279656,4.032474503488996,2.38191089640365
116,0.026838432635534086,30.615942028985508,4.314278046162104,11.929683306494901,21.095008051529792,2.3215244229736984,8.621846484165324,3.4822866344605474,11.178207192699947,4.032474503488996,2.38191089640365
117,0.026838432635534086,30.52200751476114,5.166398282340311,11.929683306494901,21.021202361782073,2.281266774020397,8.145464304884594,3.4688674181427803,11.171497584541063,3.8848631239935587,2.38191089640365
118,0.026838432635534086,30.495169082125603,5.166398282340311,11.419753086419753,21.021202361782073,2.281266774020397,8.145464304884594,4.005636070853462,11.171497584541063,3.8848631239935587,2.38191089640365
119,0.026838432635534086,29.09957058507783,5.025496511003757,11.419753086419753,21.021202361782073,3.8177670424047236,8.145464304884594,4.005636070853462,11.171497584541063,3.8848631239935587,2.38191089640365
120,0.026838432635534086,29.09957058507783,5.025496511003757,11.419753086419753,21.021202361782073,3.8177670424047236,8.145464304884594,4.005636070853462,11.171497584541063,3.8848631239935587,2.38191089640365
121,0.026838432635534086,28.65673644659152,4.730273752012883,11.33923778851315,20.954106280193237,3.8177670424047236,8.145464304884594,4.005636070853462,12.513419216317766,3.4286097691894795,2.38191089640365
122,0.026838432635534086,28.65673644659152,4.730273752012883,11.33923778851315,20.954106280193237,3.8177670424047236,8.145464304884594,4.005636070853462,12.513419216317766,3.4286097691894795,2.38191089640365
123,0.026838432635534086,28.421900161030596,3.824476650563607,11.33923778851315,20.222758990874933,3.8177670424047236,8.105206655931294,4.005636070853462,14.42565754159957,3.4286097691894795,2.38191089640365
124,0.026838432635534086,28.421900161030596,3.824476650563607,11.896135265700483,19.665861513687602,3.8177670424047236,8.105206655931294,4.005636070853462,14.42565754159957,3.4286097691894795,2.38191089640365
125,0.026838432635534086,28.227321524422972,4.0995705850778315,11.896135265700483,19.665861513687602,3.5225442834138487,8.789586688137414,3.535963499731616,14.42565754159957,3.4286097691894795,2.38191089640365
126,0.026838432635534086,26.442565754159958,4.0995705850778315,12.72812667740204,18.089103596349972,5.307300053676865,9.534353193773484,3.535963499731616,14.42565754159957,3.4286097691894795,2.38191089640365
127,0.026838432635534086,25.79844337090714,4.0995705850778315,12.72812667740204,18.089103596349972,5.991680085882985,9.494095544820183,3.535963499731616,14.42565754159957,3.4286097691894795,2.38191089640365
128,0.026838432635534086,25.79844337090714,4.0995705850778315,12.72812667740204,18.089103596349972,5.991680085882985,9.494095544820183,3.535963499731616,14.42565754159957,3.4286097691894795,2.38191089640365
129,0.026838432635534086,25.79844337090714,4.0995705850778315,12.72812667740204,18.089103596349972,5.991680085882985,9.494095544820183,3.535963499731616,14.42565754159957,3.4286097691894795,2.38191089640365
130,0.026838432635534086,24.61755233494364,4.0995705850778315,12.72812667740204,18.02200751476114,6.9310252281266775,9.494095544820183,3.844605475040258,14.42565754159957,3.4286097691894795,2.38191089640365
131,0.026838432635534086,24.684648416532475,4.0995705850778315,12.4597423510467,17.773752012882447,7.615405260332796,10.077831454643048,3.8378958668813743,13.613794954374665,3.4286097691894795,2.38191089640365
132,0.026838432635534086,24.630971551261407,3.81105743424584,12.4597423510467,17.773752012882447,7.615405260332796,9.702093397745571,4.555823939881911,13.613794954374665,3.4286097691894795,2.38191089640365
133,0.026838432635534086,23.15485775630703,3.81105743424584,12.4597423510467,21.07487922705314,6.743156199677939,9.702093397745571,3.603059581320451,13.613794954374665,3.4286097691894795,2.38191089640365
134,0.026838432635534086,23.15485775630703,3.81105743424584,12.4597423510467,21.07487922705314,6.743156199677939,9.702093397745571,3.603059581320451,13.613794954374665,3.4286097691894795,2.38191089640365
135,0.026838432635534086,23.15485775630703,3.81105743424584,12.4597423510467,21.07487922705314,6.743156199677939,9.702093397745571,3.603059581320451,13.613794954374665,3.4286097691894795,2.38191089640365
136,0.026838432635534086,23.15485775630703,3.81105743424584,12.184648416532475,21.36339237788513,6.743156199677939,9.688674181427805,3.603059581320451,13.613794954374665,3.4286097691894795,2.38191089640365
137,0.026838432635534086,23.15485775630703,3.81105743424584,12.184648416532475,21.36339237788513,6.743156199677939,9.688674181427805,3.603059581320451,13.613794954374665,3.4286097691894795,2.38191089640365
138,0.026838432635534086,23.09447128287708,3.7909286097691894,9.849704777241008,23.121309715512613,6.743156199677939,10.607890499194847,3.3413848631239937,13.613794954374665,3.4286097691894795,2.38191089640365
139,0.026838432635534086,22.886473429951693,4.327697262479871,9.849704777241008,23.07434245840043,6.615673644659152,10.38647342995169,3.3413848631239937,14.204240472356414,2.9052603327965647,2.38191089640365
140,0.026838432635534086,22.758990874932906,4.7638217928073,9.849704777241008,23.07434245840043,6.615673644659152,10.38647342995169,3.3413848631239937,14.204240472356414,2.5966183574879227,2.38191089640365
141,0.026838432635534086,22.758990874932906,5.367686527106817,9.849704777241008,22.859634997316157,6.615673644659152,10.38647342995169,2.9589371980676327,14.197530864197532,2.5966183574879227,2.38191089640365
142,0.026838432635534086,22.73215244229737,5.508588298443371,10.889694041867955,22.48389694041868,6.615673644659152,9.608158883521202,2.9589371980676327,14.197530864197532,2.5966183574879227,2.38191089640365
143,0.026838432635534086,22.73215244229737,5.508588298443371,10.889694041867955,22.48389694041868,6.615673644659152,9.608158883521202,2.9589371980676327,14.197530864197532,2.5966183574879227,2.38191089640365
144,0.026838432635534086,22.73215244229737,5.508588298443371,11.211755233494364,22.16183574879227,6.615673644659152,9.608158883521202,2.9589371980676327,14.197530864197532,2.5966183574879227,2.38191089640365
145,0.026838432635534086,22.73215244229737,5.850778314546431,11.211755233494364,21.81964573268921,6.615673644659152,9.608158883521202,2.9589371980676327,14.197530864197532,2.5966183574879227,2.38191089640365
146,0.026838432635534086,22.33628556092324,5.542136339237788,11.211755233494364,21.81964573268921,5.555555555555555,11.372785829307569,2.9589371980676327,13.506441223832528,3.2877079978529253,2.38191089640365
147,0.026838432635534086,22.98040794417606,5.542136339237788,11.211755233494364,21.69887278582931,5.555555555555555,11.372785829307569,2.9589371980676327,12.983091787439614,3.2877079978529253,2.38191089640365
148,0.026838432635534086,22.98040794417606,5.542136339237788,11.211755233494364,21.69887278582931,5.555555555555555,11.372785829307569,2.9589371980676327,12.983091787439614,3.2877079978529253,2.38191089640365
149,0.026838432635534086,22.98040794417606,5.542136339237788,11.211755233494364,21.69887278582931,5.555555555555555,11.372785829307569,2.9589371980676327,12.983091787439614,3.2877079978529253,2.38191089640365
150,0.026838432635534086,22.98040794417606,5.542136339237788,11.211755233494364,21.69887278582931,5.555555555555555,11.372785829307569,2.9589371980676327,12.983091787439614,3.2877079978529253,2.38191089640365
151,0.026838432635534086,22.98040794417606,5.542136339237788,11.211755233494364,21.69887278582931,5.555555555555555,11.372785829307569,2.9589371980676327,12.983091787439614,3.2877079978529253,2.38191089640365
152,0.026838432635534086,22.98040794417606,5.542136339237788,11.211755233494364,21.69887278582931,5.555555555555555,11.372785829307569,2.9589371980676327,12.983091787439614,3.2877079978529253,2.38191089640365
153,0.026838432635534086,22.98040794417606,5.515297906602254,11.07085346215781,21.14868491680086,5.555555555555555,12.29200214707461,2.757648953301127,12.983091787439614,3.2877079978529253,2.38191089640365
154,0.026838432635534086,22.98040794417606,5.515297906602254,11.07085346215781,21.14868491680086,5.555555555555555,12.29200214707461,2.757648953301127,12.983091787439614,3.2877079978529253,2.38191089640365
155,0.026838432635534086,22.98040794417606,5.991680085882985,11.07085346215781,21.14868491680086,5.555555555555555,11.81561996779388,2.757648953301127,12.983091787439614,3.2877079978529253,2.38191089640365
156,0.026838432635534086,22.98040794417606,5.991680085882985,11.07085346215781,21.14868491680086,5.555555555555555,11.81561996779388,2.757648953301127,12.983091787439614,3.2877079978529253,2.38191089640365
157,0.026838432635534086,22.98040794417606,5.991680085882985,11.07085346215781,21.14868491680086,5.555555555555555,11.81561996779388,2.757648953301127,12.983091787439614,3.2877079978529253,2.38191089640365
158,0.026838432635534086,22.98040794417606,5.991680085882985,11.064143853998926,21.410359634997317,5.555555555555555,11.81561996779388,2.757648953301127,12.72812667740204,3.2877079978529253,2.38191089640365
159,0.026838432635534086,22.966988727858293,5.991680085882985,11.064143853998926,20.96081588835212,5.555555555555555,12.345679012345679,2.690552871712292,12.72812667740204,3.2877079978529253,2.38191089640365
160,0.026838432635534086,22.966988727858293,5.991680085882985,11.064143853998926,20.96081588835212,5.555555555555555,12.345679012345679,2.690552871712292,12.72812667740204,3.2877079978529253,2.38191089640365
161,0.026838432635534086,22.966988727858293,5.991680085882985,11.064143853998926,20.96081588835212,5.555555555555555,12.345679012345679,2.690552871712292,12.72812667740204,3.2877079978529253,2.38191089640365
162,0.026838432635534086,25.469672571121848,5.8172302737520125,10.748792270531402,19.96779388083736,6.005099302200751,11.694847020933977,2.690552871712292,11.90955448201825,3.2877079978529253,2.38191089640365
163,0.026838432635534086,25.32206119162641,6.038647342995169,11.292270531400966,19.880568974771872,5.971551261406334,11.238593666129898,2.690552871712292,11.869296833064949,3.2877079978529253,2.38191089640365
164,0.026838432635534086,25.32206119162641,6.038647342995169,11.292270531400966,19.880568974771872,5.971551261406334,11.238593666129898,2.690552871712292,11.869296833064949,3.2877079978529253,2.38191089640365
165,0.026838432635534086,25.32206119162641,6.038647342995169,11.292270531400966,19.102254428341386,5.971551261406334,12.016908212560386,2.690552871712292,11.869296833064949,3.2877079978529253,2.38191089640365
166,0.026838432635534086,25.32206119162641,6.038647342995169,11.292270531400966,19.102254428341386,5.971551261406334,12.016908212560386,2.690552871712292,11.869296833064949,3.2877079978529253,2.38191089640365
167,0.026838432635534086,25.32206119162641,5.6964573268921095,11.292270531400966,19.444444444444443,5.971551261406334,12.016908212560386,2.690552871712292,11.869296833064949,3.2877079978529253,2.38191089640365
168,0.026838432635534086,25.32206119162641,5.6964573268921095,11.292270531400966,19.444444444444443,5.971551261406334,12.016908212560386,2.690552871712292,11.869296833064949,3.2877079978529253,2.38191089640365
169,0.026838432635534086,25.288513150831992,5.340848094471283,11.151368760064413,19.223027375201287,5.971551261406334,12.00348899624262,3.455448201825013,11.869296833064949,3.2877079978529253,2.38191089640365
170,0.026838432635534086,25.288513150831992,5.340848094471283,11.151368760064413,19.223027375201287,5.971551261406334,12.00348899624262,3.455448201825013,11.869296833064949,3.2877079978529253,2.38191089640365
171,0.026838432635534086,25.02012882447665,5.139559849704777,11.151368760064413,19.182769726247987,5.844068706387547,11.735104669887278,4.361245303274289,11.869296833064949,3.2877079978529253,2.38191089640365
172,0.026838432635534086,25.691089640365004,4.777241009125067,11.151368760064413,19.182769726247987,5.844068706387547,11.735104669887278,4.361245303274289,11.808910359634996,3.0394524959742353,2.38191089640365
173,0.026838432635534086,25.691089640365004,4.985238862050457,10.983628556092324,19.16935050993022,5.844068706387547,11.735104669887278,4.334406870638754,11.808910359634996,3.0394524959742353,2.38191089640365
174,0.026838432635534086,25.691089640365004,4.663177670424047,11.614331723027375,19.088835212023618,5.844068706387547,11.506977992485238,4.334406870638754,11.808910359634996,3.0394524959742353,2.38191089640365
175,0.026838432635534086,25.691089640365004,4.663177670424047,11.614331723027375,19.088835212023618,5.844068706387547,11.506977992485238,4.334406870638754,11.808910359634996,3.0394524959742353,2.38191089640365
176,0.026838432635534086,25.691089640365004,4.663177670424047,11.614331723027375,19.088835212023618,5.844068706387547,11.506977992485238,4.334406870638754,11.808910359634996,3.0394524959742353,2.38191089640365
177,0.026838432635534086,25.650831991411703,5.6964573268921095,11.366076221148685,19.048577563070317,5.374396135265701,11.325818572195384,4.334406870638754,11.75523349436393,3.0394524959742353,2.38191089640365
178,0.026838432635534086,25.650831991411703,5.6964573268921095,11.366076221148685,19.048577563070317,5.374396135265701,11.325818572195384,4.334406870638754,11.75523349436393,3.0394524959742353,2.38191089640365
179,0.026838432635534086,25.650831991411703,5.6964573268921095,11.366076221148685,19.048577563070317,5.374396135265701,11.325818572195384,4.334406870638754,11.75523349436393,3.0394524959742353,2.38191089640365
180,0.026838432635534086,25.650831991411703,5.6964573268921095,11.366076221148685,19.048577563070317,5.374396135265701,11.325818572195384,4.334406870638754,11.75523349436393,3.0394524959742353,2.38191089640365
181,0.026838432635534086,25.389157273215243,5.662909286097692,11.171497584541063,18.86070853462158,4.958400429414922,10.61460010735373,6.139291465378422,11.75523349436393,3.0394524959742353,2.38191089640365
182,0.026838432635534086,25.36231884057971,5.8239398819108965,11.171497584541063,18.86070853462158,4.958400429414922,10.61460010735373,6.139291465378422,11.621041331186259,3.0394524959742353,2.38191089640365
183,0.026838432635534086,24.322329575952764,6.072195383789587,11.171497584541063,18.86070853462158,5.750134192163178,10.61460010735373,6.139291465378422,11.621041331186259,3.0394524959742353,2.38191089640365
184,0.026838432635534086,24.308910359634996,7.092055823939882,11.09098228663446,18.4849704777241,5.750134192163178,10.406602254428341,5.803811057434245,11.614331723027375,3.0394524959742353,2.38191089640365
185,0.026838432635534086,24.308910359634996,7.092055823939882,11.09098228663446,18.4849704777241,5.750134192163178,10.406602254428341,5.803811057434245,11.614331723027375,3.0394524959742353,2.38191089640365
186,0.026838432635534086,24.308910359634996,7.226247987117552,11.09098228663446,18.364197530864196,5.750134192163178,10.393183038110575,5.803811057434245,11.614331723027375,3.0394524959742353,2.38191089640365
187,0.026838432635534086,24.000268384326354,7.561728395061729,11.500268384326356,17.961621041331185,5.71658615136876,10.393183038110575,5.803811057434245,11.614331723027375,3.0394524959742353,2.38191089640365
188,0.026838432635534086,24.000268384326354,7.561728395061729,10.849436392914654,18.612453032742888,5.71658615136876,10.393183038110575,5.803811057434245,11.614331723027375,3.0394524959742353,2.38191089640365
189,0.026838432635534086,24.000268384326354,7.561728395061729,10.849436392914654,18.612453032742888,5.71658615136876,10.393183038110575,5.803811057434245,11.614331723027375,3.0394524959742353,2.38191089640365
190,0.026838432635534086,24.000268384326354,7.561728395061729,10.849436392914654,18.612453032742888,5.71658615136876,10.393183038110575,5.803811057434245,11.614331723027375,3.0394524959742353,2.38191089640365
191,0.026838432635534086,24.000268384326354,7.561728395061729,10.849436392914654,18.612453032742888,5.71658615136876,10.393183038110575,5.803811057434245,11.614331723027375,3.0394524959742353,2.38191089640365
192,0.026838432635534086,24.000268384326354,7.561728395061729,10.849436392914654,18.612453032742888,5.71658615136876,10.393183038110575,5.803811057434245,11.614331723027375,3.0394524959742353,2.38191089640365
193,0.026838432635534086,24.000268384326354,7.561728395061729,10.849436392914654,18.612453032742888,5.71658615136876,10.393183038110575,5.803811057434245,11.614331723027375,3.0394524959742353,2.38191089640365
194,0.026838432635534086,24.496779388083738,7.749597423510467,10.849436392914654,18.317230273752013,5.562265163714439,10.393183038110575,5.803811057434245,11.58749329039184,2.831454643048846,2.38191089640365
195,0.026838432635534086,24.496779388083738,7.729468599033816,11.151368760064413,18.04884594739667,5.562265163714439,10.379763821792807,5.803811057434245,11.58749329039184,2.831454643048846,2.38191089640365
196,0.026838432635534086,24.496779388083738,7.729468599033816,11.151368760064413,18.04884594739667,5.562265163714439,10.379763821792807,5.803811057434245,11.58749329039184,2.831454643048846,2.38191089640365
197,0.026838432635534086,24.496779388083738,7.729468599033816,11.151368760064413,18.04884594739667,5.562265163714439,10.379763821792807,5.803811057434245,11.58749329039184,2.831454643048846,2.38191089640365
198,0.026838432635534086,24.040526033279658,8.514492753623188,11.520397208803006,17.840848094471284,5.367686527106817,10.124798711755233,5.763553408480945,11.58749329039184,2.831454643048846,2.38191089640365
199,0.026838432635534086,24.040526033279658,8.514492753623188,11.520397208803006,17.840848094471284,5.367686527106817,10.124798711755233,5.763553408480945,11.58749329039184,2.831454643048846,2.38191089640365
200,0.026838432635534086,24.040526033279658,8.514492753623188,11.520397208803006,17.840848094471284,5.367686527106817,10.124798711755233,5.763553408480945,11.58749329039184,2.831454643048846,2.38191089640365
201,0.026838432635534086,24.040526033279658,8.514492753623188,11.520397208803006,17.840848094471284,5.367686527106817,10.124798711755233,5.763553408480945,11.58749329039184,2.831454643048846,2.38191089640365
202,0.026838432635534086,24.040526033279658,8.514492753623188,11.520397208803006,17.840848094471284,5.367686527106817,10.124798711755233,5.763553408480945,11.58749329039184,2.831454643048846,2.38191089640365
203,0.026838432635534086,24.040526033279658,8.514492753623188,11.520397208803006,17.840848094471284,5.367686527106817,10.124798711755233,5.763553408480945,11.58749329039184,2.831454643048846,2.38191089640365
204,0.026838432635534086,24.040526033279658,8.514492753623188,11.520397208803006,17.840848094471284,5.367686527106817,10.124798711755233,5.763553408480945,11.58749329039184,2.831454643048846,2.38191089640365
205,0.026838432635534086,24.040526033279658,8.514492753623188,11.520397208803006,17.840848094471284,5.367686527106817,10.124798711755233,5.763553408480945,11.58749329039184,2.831454643048846,2.38191089640365
206,0.026838432635534086,24.040526033279658,8.715780998389693,11.520397208803006,17.840848094471284,5.367686527106817,9.96376811594203,5.763553408480945,11.54723564143854,2.831454643048846,2.38191089640365
207,0.026838432635534086,24.040526033279658,8.715780998389693,11.520397208803006,17.840848094471284,5.367686527106817,9.96376811594203,5.763553408480945,11.54723564143854,2.831454643048846,2.38191089640365
208,0.026838432635534086,24.040526033279658,8.715780998389693,11.520397208803006,17.840848094471284,5.367686527106817,9.96376811594203,5.763553408480945,11.54723564143854,2.831454643048846,2.38191089640365
209,0.026838432635534086,24.040526033279658,8.715780998389693,11.520397208803006,17.840848094471284,5.367686527106817,9.96376811594203,5.763553408480945,11.54723564143854,2.831454643048846,2.38191089640365
210,0.026838432635534086,24.040526033279658,8.715780998389693,11.520397208803006,17.840848094471284,5.367686527106817,9.96376811594203,5.763553408480945,11.54723564143854,2.831454643048846,2.38191089640365
