,40,45,50,51,52,54,55,53,41,49,48
0,6.468062265163715,80.12614063338701,13.405797101449275,,,,,,,,
1,9.145195920558239,73.91304347826087,15.995705850778315,0.9460547504025765,,,,,,,
2,14.096886741814279,60.63472893183038,24.322329575952764,0.9460547504025765,,,,,,,
3,19.142512077294686,47.97369833601718,32.49463231347289,0.38915727321524424,,,,,,,
4,14.88191089640365,25.59044551798175,59.5276435856146,,,,,,,,
5,17.894524959742352,21.43719806763285,56.95115405260333,,3.717122920021471,,,,,,
6,19.49812130971551,18.53864734299517,53.18035426731079,,4.9651100375738055,0.9863123993558777,2.831454643048846,,,,
7,25.120772946859905,16.780730005367687,50.758185721953836,,4.17337627482555,0.9863123993558777,2.1806226516371443,,,,
8,26.080246913580247,14.204240472356414,47.63150831991412,,4.17337627482555,3.1535158346752548,2.1806226516371443,2.576489533011272,,,
9,30.844068706387546,12.553676865271068,41.82769726247987,,4.1129898013955986,4.388083735909823,3.69699409554482,2.576489533011272,,,
10,33.44739667203435,10.762211486849168,34.86312399355877,,5.703166935050993,6.447933440687064,4.159957058507783,3.797638217928073,0.8185721953837896,,
11,35.33279656468062,10.225442834138486,31.810252281266774,4.703435319377348,4.2270531400966185,4.938271604938271,4.072732152442297,4.663177670424047,0.026838432635534086,,
12,39.15727321524423,8.789586688137414,31.374127750939344,4.669887278582931,4.005636070853462,3.824476650563607,3.488996242619431,4.663177670424047,0.026838432635534086,,
13,39.22436929683307,7.4208266237251745,32.72275899087493,4.388083735909823,5.186527106816962,3.435319377348363,2.965646806226516,4.62962962962963,0.026838432635534086,,
14,42.47181964573269,6.3137412775093935,30.85077831454643,4.388083735909823,5.891035963499732,3.435319377348363,2.13365539452496,4.488727858293076,0.026838432635534086,,
15,29.414922168545356,5.481749865807837,59.86983360171766,2.1135265700483092,0.9125067096081588,0.6172839506172839,1.5029522275899088,0.03354804079441761,,0.05367686527106817,
16,30.62265163714439,5.092592592592593,56.27348362855609,2.1135265700483092,3.066290928609769,0.6105743424584005,2.13365539452496,0.03354804079441761,,0.05367686527106817,
17,31.629092860976918,4.703435319377348,56.48148148148148,2.1135265700483092,2.442297369833602,0.46296296296296297,2.0799785292538915,0.03354804079441761,,0.05367686527106817,
18,33.393719806763286,4.193505099302201,56.394256575415994,2.1135265700483092,1.3620504562533549,0.46296296296296297,2.0263016639828235,,,0.05367686527106817,
19,34.82957595276436,3.8714439076757916,49.013687600644126,5.199946323134729,4.830917874396135,0.46296296296296297,1.737788513150832,,,0.05367686527106817,
20,34.86312399355877,3.475577026301664,45.99436392914654,5.924584004294149,5.46833064949007,1.4358561460010735,1.737788513150832,,,0.05367686527106817,1.0466988727858293
21,31.95786366076221,2.2745571658615136,50.24825550187869,5.924584004294149,6.407675791733762,0.3488996242619431,1.737788513150832,,,0.05367686527106817,1.0466988727858293
22,31.072195383789587,1.9726247987117553,46.57809983896941,9.997316156736447,6.347289318303811,0.06709608158883522,2.341653247450349,0.5233494363929146,,0.05367686527106817,1.0466988727858293
23,31.602254428341386,1.9659151905528718,43.59903381642512,11.929683306494901,5.629361245303274,0.06709608158883522,2.2946859903381642,1.8115942028985508,,0.05367686527106817,1.0466988727858293
24,28.743961352657006,1.5365002683843263,55.884326355340846,7.098765432098766,3.5426731078904994,0.06709608158883522,0.36902844873859364,1.7444981213097155,,0.05367686527106817,0.9594739667203436
25,33.01798174986581,1.5096618357487923,53.24074074074074,5.9447128287707995,3.361513687600644,0.06709608158883522,0.3488996242619431,1.710950080515298,,0.05367686527106817,0.7447665056360708
26,33.00456253354804,1.0601180891035964,53.99892646269458,5.770263016639828,3.361513687600644,0.06709608158883522,0.3488996242619431,1.710950080515298,,0.05367686527106817,0.6239935587761675
27,36.29898013955985,1.0601180891035964,50.617283950617285,5.199946323134729,3.240740740740741,0.06709608158883522,1.1808910359634996,1.710950080515298,,,0.6239935587761675
28,35.01073537305421,1.0064412238325282,50.85882984433709,4.676596886741814,4.864465915190553,0.06709608158883522,1.1808910359634996,1.710950080515298,,,0.6239935587761675
29,38.499731615673646,0.9728931830381106,45.511272141706925,6.139291465378422,4.374664519592056,0.06709608158883522,2.100107353730542,1.710950080515298,,,0.6239935587761675
30,38.93585614600107,0.9728931830381106,42.954911433172306,5.401234567901234,4.30756843800322,0.9997316156736447,1.4358561460010735,1.6035963499731616,,2.7643585614600106,0.6239935587761675
31,40.35829307568438,0.95276435856146,40.52603327965647,4.931561996779388,4.126409017713366,0.47638217928073,1.3754696725711217,3.864734299516908,,2.7643585614600106,0.6239935587761675
32,40.90848094471283,0.7648953301127214,38.17096081588835,4.931561996779388,2.8515834675254963,3.743961352657005,1.3754696725711217,3.864734299516908,,2.7643585614600106,0.6239935587761675
33,42.45840042941492,0.7313472893183038,38.57353730542136,3.965378421900161,2.791196994095545,2.918679549114332,1.0131508319914118,3.864734299516908,,3.656736446591519,0.026838432635534086
34,32.56843800322061,0.5300590445517982,46.3365539452496,6.353998926462695,2.2879763821792807,2.2342995169082127,0.95276435856146,6.414385399892646,,2.3215244229736984,
35,36.61433172302738,0.5300590445517982,38.7614063338701,5.495169082125604,6.521739130434782,3.1468062265163717,0.7447665056360708,5.864197530864198,,2.3215244229736984,
36,37.754965110037574,0.5300590445517982,38.10386473429951,5.495169082125604,6.521739130434782,3.1468062265163717,0.7447665056360708,5.864197530864198,,1.8384326355340848,
37,27.72410091250671,0.4830917874396135,58.17230273752013,4.119699409554482,2.2208803005904456,2.3483628556092326,,2.227589908749329,,2.703972088030059,
38,25.194578636607623,0.46967257112184646,58.031400966183575,6.092324208266238,2.0263016639828235,2.952227589908749,,1.9122383252818036,,3.321256038647343,
39,25.637412775093935,0.4294149221685454,51.45598497047772,10.25228126677402,2.0263016639828235,2.5496511003757383,0.798443370907139,3.5292538915727323,,3.321256038647343,
40,27.093397745571657,0.4294149221685454,49.10762211486849,11.654589371980677,1.778046162104133,2.2879763821792807,0.798443370907139,3.5292538915727323,,3.321256038647343,
41,27.58990874932904,0.4294149221685454,44.35050993022008,12.466451959205582,4.951690821256038,2.2879763821792807,1.4895330112721417,3.113258185721954,,3.321256038647343,
42,15.96886741814278,0.16774020397208803,66.38486312399355,4.797369833601718,2.0665593129361244,0.8454106280193237,0.9393451422436929,5.9447128287707995,,2.885131508319914,
43,21.014492753623188,0.16774020397208803,59.60144927536232,7.474503488996243,1.778046162104133,0.5904455179817498,1.402308105206656,5.636070853462158,,2.3349436392914655,
44,20.169082125603865,0.16774020397208803,59.29951690821256,7.474503488996243,2.9924852388620504,0.5904455179817498,1.3352120236178207,5.636070853462158,,2.3349436392914655,
45,24.812130971551262,0.12077294685990338,52.663714439076756,6.971282877079979,6.4345142243692965,0.5904455179817498,1.3352120236178207,5.46833064949007,,1.6035963499731616,
46,29.414922168545356,0.12077294685990338,48.25550187869028,5.488459473966721,6.119162640901771,1.583467525496511,2.227589908749329,5.246913580246914,,1.5432098765432098,
47,31.266774020397207,0.07380568974771873,44.135802469135804,4.87788513150832,9.098228663446054,1.583467525496511,2.1739130434782608,5.246913580246914,,1.5432098765432098,
48,33.2259796027912,0.07380568974771873,35.39989264626946,7.521470746108427,6.877348362855609,1.583467525496511,3.569511540526033,5.24020397208803,,2.804616210413312,3.7037037037037037
49,33.65539452495974,0.07380568974771873,32.54159957058508,6.286902844873859,6.877348362855609,1.583467525496511,3.569511540526033,9.131776704240472,,2.690552871712292,3.589640365002684
50,36.3593666129898,0.07380568974771873,30.267042404723565,5.4616210413311865,6.166129898013956,2.623456790123457,4.683306494900698,8.756038647342995,,2.690552871712292,2.918679549114332
51,38.13070316693505,0.07380568974771873,28.743961352657006,5.374396135265701,7.125603864734299,1.7847557702630166,4.488727858293076,8.668813741277509,,2.690552871712292,2.918679549114332
52,38.20450885668277,0.04696725711218465,26.77133655394525,6.394256575415996,6.843800322061192,4.139828234031133,4.320987654320987,8.501073537305421,,2.227589908749329,2.5496511003757383
53,40.707192699946326,0.04696725711218465,24.302200751476114,6.132581857219538,6.501610305958132,4.119699409554482,4.314278046162104,9.098228663446054,,2.227589908749329,2.5496511003757383
54,40.04965110037574,0.04696725711218465,21.833064949006978,9.4873859366613,6.374127750939345,5.152979066022544,3.81105743424584,8.467525496511003,,2.227589908749329,2.5496511003757383
55,40.04965110037574,0.04696725711218465,20.625335480407944,11.902844873859367,6.152710681696189,5.475040257648954,3.7037037037037037,7.266505636070853,,2.227589908749329,2.5496511003757383
56,41.136607622114866,0.04696725711218465,18.927804616210413,10.46027911969941,6.0587761674718195,6.159420289855072,3.5829307568438002,9.675254965110037,,1.402308105206656,2.5496511003757383
57,38.94927536231884,0.04696725711218465,17.418142780461622,16.55931293612453,6.239935587761675,4.9718196457326895,3.4688674181427803,8.393719806763285,,1.402308105206656,2.5496511003757383
58,39.08346752549651,0.04696725711218465,17.330917874396135,16.418411164787976,6.6760601180891035,4.810789049919484,3.4688674181427803,8.21256038647343,,1.402308105206656,2.5496511003757383
59,42.592592592592595,0.04696725711218465,21.202361782071925,12.506709608158884,6.367418142780462,4.810789049919484,2.871712292002147,6.246645195920558,,1.3955984970477724,1.9592055823939882
60,41.700214707461086,0.040257648953301126,23.201825013419217,11.379495437466453,5.179817498658078,4.549114331723027,2.871712292002147,6.66935050993022,,2.999194847020934,1.4090177133655395
61,41.14331723027375,0.040257648953301126,25.201288244766506,10.218733225979603,4.28743961352657,3.0327428878153517,2.8650026838432634,5.636070853462158,,6.5485775630703165,1.0265700483091786
62,41.928341384863124,0.040257648953301126,22.940150295222757,13.318572195383789,3.8848631239935587,2.6167471819645733,2.2745571658615136,5.421363392377885,,6.5485775630703165,1.0265700483091786
63,43.45813204508857,0.040257648953301126,20.947396672034355,11.969940955448202,4.602791196994096,2.086688137412775,2.2745571658615136,7.0450885668276975,,6.5485775630703165,1.0265700483091786
64,46.061460010735374,0.040257648953301126,20.014761137949545,12.546967257112184,4.052603327965647,1.7444981213097155,2.1068169618894257,6.843800322061192,,5.562265163714439,1.0265700483091786
65,46.443907675791735,0.040257648953301126,19.390767579173378,11.460010735373054,5.495169082125604,1.328502415458937,1.90552871712292,6.615673644659152,,6.635802469135802,0.6843800322061192
66,48.101180891035966,0.040257648953301126,18.90096618357488,11.439881910896403,4.9651100375738055,1.3150831991411702,1.90552871712292,6.407675791733762,,6.239935587761675,0.6843800322061192
67,49.97987117552335,0.040257648953301126,17.62614063338701,11.20504562533548,4.9651100375738055,1.3150831991411702,1.8988191089640365,6.266774020397209,,6.219806763285024,0.4830917874396135
68,52.59661835748792,0.040257648953301126,16.57944176060118,10.332796564680622,4.643048845947397,1.1473429951690821,1.8451422436929683,6.112453032742888,,6.219806763285024,0.4830917874396135
69,53.227321524422976,0.040257648953301126,15.398550724637682,13.130703166935051,4.643048845947397,1.1406333870101986,1.1205045625335481,4.824208266237251,,6.206387546967257,0.2683843263553409
70,51.61701556629093,0.040257648953301126,14.083467525496511,11.896135265700483,7.065217391304348,1.1003757380568975,1.107085346215781,6.9243156199677935,,5.897745571658615,0.2683843263553409
71,53.60976918947934,0.040257648953301126,13.694310252281268,11.748523886205046,6.790123456790123,1.1003757380568975,1.107085346215781,6.9243156199677935,,4.7638217928073,0.2214170692431562
72,52.37520128824477,0.040257648953301126,12.915995705850777,14.834943639291465,6.635802469135802,1.0466988727858293,1.0802469135802468,6.085614600107354,,4.7638217928073,0.2214170692431562
73,54.61621041331186,0.040257648953301126,11.761943102522812,14.667203435319378,6.494900697799249,1.0064412238325282,1.0802469135802468,5.515297906602254,,4.5960815888352125,0.2214170692431562
74,54.5222758990875,0.040257648953301126,11.594202898550725,14.150563607085346,7.4208266237251745,1.0064412238325282,1.0802469135802468,5.367686527106817,,4.5960815888352125,0.2214170692431562
75,56.387546967257116,0.040257648953301126,11.252012882447666,13.533279656468062,7.367149758454106,1.0064412238325282,1.0802469135802468,5.226784755770263,,3.8848631239935587,0.2214170692431562
76,55.68974771873322,0.040257648953301126,9.675254965110037,14.412238325281804,7.367149758454106,0.9192163177670424,1.0802469135802468,6.246645195920558,,4.3478260869565215,0.2214170692431562
77,53.898282340311326,0.040257648953301126,10.701825013419215,13.942565754159958,8.621846484165324,1.6706924315619969,1.0399892646269457,6.246645195920558,,3.616478797638218,0.2214170692431562
78,51.43585614600107,0.040257648953301126,12.184648416532475,13.942565754159958,9.312936124530328,3.140096618357488,1.0399892646269457,6.072195383789587,,2.623456790123457,0.20799785292538917
79,50.79844337090714,0.040257648953301126,12.701288244766506,12.587224906065487,9.88996242619431,3.140096618357488,1.0399892646269457,6.729736983360172,,2.8784219001610305,0.19457863660762212
80,51.95920558239399,0.040257648953301126,12.124261943102523,12.493290391841116,9.75577026301664,3.0931293612453032,1.0399892646269457,6.4345142243692965,,2.8650026838432634,0.19457863660762212
81,52.12694578636608,0.040257648953301126,11.258722490606548,12.25174449812131,9.245840042941492,3.0394524959742353,1.0399892646269457,6.233225979602791,,4.74369296833065,0.020128824476650563
82,52.99919484702093,0.040257648953301126,11.077563070316694,12.218196457326892,9.017713365539452,3.0394524959742353,1.0399892646269457,5.803811057434245,,4.74369296833065,0.020128824476650563
83,54.830917874396135,0.040257648953301126,10.21202361782072,12.218196457326892,8.709071390230811,2.885131508319914,1.0399892646269457,5.803811057434245,,4.240472356414386,0.020128824476650563
84,54.428341384863124,0.040257648953301126,9.796027911969942,14.506172839506172,7.601986044015029,2.757648953301127,1.0399892646269457,5.723295759527644,,4.092860976918948,0.013419216317767043
85,53.938539989264626,0.040257648953301126,9.688674181427805,14.492753623188406,9.601449275362318,1.6975308641975309,0.9393451422436929,5.495169082125604,,4.092860976918948,0.013419216317767043
86,53.99892646269458,0.040257648953301126,9.41358024691358,16.035963499731615,9.31964573268921,1.6371443907675791,0.13419216317767044,5.488459473966721,,3.9184111647879765,0.013419216317767043
87,53.39506172839506,0.040257648953301126,9.25925925925926,17.485238862050455,8.789586688137414,1.6103059581320451,0.07380568974771873,5.414653784219001,,3.9184111647879765,0.013419216317767043
88,54.690016103059584,0.040257648953301126,9.359903381642512,16.961889425657542,8.380300590445518,1.6103059581320451,0.07380568974771873,5.038915727321524,,3.8311862587224907,0.013419216317767043
89,53.6231884057971,0.040257648953301126,9.782608695652174,14.828234031132581,8.05823939881911,1.556629092860977,0.07380568974771873,5.709876543209877,,5.374396135265701,0.95276435856146
90,53.33467525496511,0.040257648953301126,9.057971014492754,15.58641975308642,9.044551798174986,1.5230810520665594,0.07380568974771873,5.132850241545894,,5.253623188405797,0.95276435856146
91,55.139559849704774,0.040257648953301126,8.09849704777241,14.606816961889425,9.688674181427805,1.5163714439076759,0.07380568974771873,5.005367686527107,,5.193236714975845,0.6374127750939346
92,56.89747718733226,0.040257648953301126,7.843531937734836,13.922436929683306,9.614868491680086,1.5163714439076759,0.07380568974771873,4.622920021470746,,4.830917874396135,0.6374127750939346
93,57.35373054213634,0.040257648953301126,7.5281803542673105,13.922436929683306,9.581320450885668,1.5163714439076759,0.07380568974771873,4.622920021470746,,4.783950617283951,0.5770263016639828
94,58.74932903918411,0.040257648953301126,7.273215244229737,14.418947933440688,8.514492753623188,1.4962426194310252,0.07380568974771873,4.314278046162104,,4.542404723564144,0.5770263016639828
95,58.641975308641975,0.040257648953301126,7.118894256575416,14.673913043478262,7.937466451959206,1.4962426194310252,0.07380568974771873,4.180085882984434,,5.260332796564681,0.5770263016639828
96,60.54079441760601,0.040257648953301126,6.9310252281266775,13.627214170692431,7.555018786902845,1.4962426194310252,0.07380568974771873,4.180085882984434,,4.978529253891573,0.5770263016639828
97,62.01690821256039,0.040257648953301126,6.6827697262479875,14.465915190552872,6.085614600107354,1.3687600644122384,0.07380568974771873,4.126409017713366,,4.562533548040794,0.5770263016639828
98,62.40606548577563,0.040257648953301126,6.515029522275899,13.768115942028986,5.984970477724101,1.2077294685990339,0.07380568974771873,4.864465915190553,,4.562533548040794,0.5770263016639828
99,64.48604401502952,0.040257648953301126,6.206387546967257,12.419484702093397,5.01207729468599,1.2077294685990339,0.07380568974771873,5.542136339237788,,4.435050993022007,0.5770263016639828
100,62.6207729468599,0.040257648953301126,9.037842190016104,11.460010735373054,5.528717122920021,1.1943102522812667,0.07380568974771873,5.360976918947934,,4.26731078904992,0.41599570585077833
101,63.94927536231884,0.040257648953301126,8.796296296296296,11.084272678475577,4.911433172302737,1.1943102522812667,0.07380568974771873,5.280461621041331,,4.26731078904992,0.4025764895330113
102,64.573268921095,0.040257648953301126,8.494363929146537,10.876274825550189,4.911433172302737,1.1943102522812667,0.07380568974771873,5.166398282340311,,4.26731078904992,0.4025764895330113
103,65.56629092860977,0.040257648953301126,8.360171765968868,10.836017176596886,4.87788513150832,0.9728931830381106,0.07380568974771873,5.166398282340311,,3.7037037037037037,0.4025764895330113
104,65.08319914117016,0.040257648953301126,11.352657004830919,8.84326355340848,4.703435319377348,0.9728931830381106,0.07380568974771873,5.065754159957058,,3.4621578099838968,0.4025764895330113
105,65.88164251207729,0.040257648953301126,12.090713902308105,8.501073537305421,4.549114331723027,0.9728931830381106,0.07380568974771873,5.038915727321524,,2.4490069779924855,0.4025764895330113
106,66.27750939345142,0.040257648953301126,10.943370907139023,8.501073537305421,5.522007514761138,0.9728931830381106,0.07380568974771873,5.038915727321524,,2.227589908749329,0.4025764895330113
107,66.07622114868492,0.040257648953301126,10.836017176596886,8.501073537305421,5.186527106816962,0.9728931830381106,0.07380568974771873,4.87788513150832,,3.0327428878153517,0.4025764895330113
108,64.9020397208803,0.040257648953301126,13.506441223832528,7.628824476650563,4.944981213097155,0.9728931830381106,0.06709608158883522,4.502147074610843,,3.0327428878153517,0.4025764895330113
109,66.35131508319914,0.040257648953301126,13.01663982823403,7.5281803542673105,4.562533548040794,0.9594739667203436,0.06709608158883522,4.03918411164788,,3.0327428878153517,0.4025764895330113
110,66.35131508319914,0.040257648953301126,13.01663982823403,7.5281803542673105,4.562533548040794,0.9594739667203436,0.06709608158883522,4.03918411164788,,3.0327428878153517,0.4025764895330113
111,64.60010735373054,0.040257648953301126,15.653515834675256,7.118894256575416,4.200214707461084,0.9594739667203436,0.06709608158883522,3.92512077294686,,3.0327428878153517,0.4025764895330113
112,63.75469672571122,0.040257648953301126,17.05582393988191,7.105475040257649,3.9184111647879765,0.9594739667203436,0.06709608158883522,3.898282340311326,,2.8113258185721954,0.38915727321524424
113,65.10332796564681,0.040257648953301126,16.0426731078905,7.065217391304348,3.6231884057971016,0.9594739667203436,0.06709608158883522,3.898282340311326,,2.8113258185721954,0.38915727321524424
114,65.62667740203972,0.040257648953301126,15.640096618357488,7.065217391304348,3.6097691894793345,0.9594739667203436,0.06709608158883522,3.898282340311326,,2.7979066022544283,0.2952227589908749
115,66.75389157273216,0.040257648953301126,14.848362855609233,7.0383789586688135,3.603059581320451,0.9460547504025765,0.06709608158883522,3.8580246913580245,,2.5496511003757383,0.2952227589908749
116,67.33091787439614,0.040257648953301126,15.183843263553408,7.192699946323135,3.374932903918411,0.9460547504025765,0.06709608158883522,3.556092324208266,,2.0128824476650564,0.2952227589908749
117,67.33762748255502,0.040257648953301126,14.546430488459475,6.991411701556629,4.334406870638754,0.9460547504025765,0.06709608158883522,3.4286097691894795,,2.0128824476650564,0.2952227589908749
118,67.35104669887279,0.040257648953301126,14.626945786366075,6.991411701556629,4.240472356414386,0.9460547504025765,0.06709608158883522,3.4286097691894795,,2.0128824476650564,0.2952227589908749
119,66.72705314009661,0.040257648953301126,14.257917337627482,6.971282877079979,4.750402576489533,0.9460547504025765,0.06709608158883522,3.408480944712829,,2.536231884057971,0.2952227589908749
120,67.18330649490069,0.040257648953301126,14.251207729468598,6.971282877079979,4.300858829844337,0.9460547504025765,0.06709608158883522,3.408480944712829,,2.536231884057971,0.2952227589908749
121,66.75389157273216,0.040257648953301126,14.210950080515298,6.655931293612453,4.1129898013955986,1.9189479334406871,0.06709608158883522,3.408480944712829,,2.536231884057971,0.2952227589908749
122,65.94873859366614,0.040257648953301126,14.74771873322598,6.977992485238862,4.1129898013955986,1.9189479334406871,0.06709608158883522,3.294417606011809,,2.5966183574879227,0.2952227589908749
123,64.93558776167473,0.040257648953301126,14.184111647879764,6.937734836285561,3.898282340311326,1.9189479334406871,0.06709608158883522,2.677133655394525,,5.045625335480408,0.2952227589908749
124,63.6808910359635,0.040257648953301126,12.942834138486312,9.500805152979066,3.844605475040258,1.9189479334406871,0.06709608158883522,2.6637144390767578,,5.045625335480408,0.2952227589908749
125,62.41277509393451,0.040257648953301126,12.620772946859903,10.205314009661835,4.810789049919484,1.9189479334406871,0.06709608158883522,2.5831991411701556,,5.045625335480408,0.2952227589908749
126,63.12399355877617,0.040257648953301126,12.439613526570048,10.00402576489533,4.810789049919484,1.596886741814278,0.06709608158883522,2.576489533011272,,5.045625335480408,0.2952227589908749
127,64.19082125603865,0.040257648953301126,12.184648416532475,9.702093397745571,4.7168545356951155,1.5901771336553945,0.06709608158883522,2.4355877616747184,,4.777241009125067,0.2952227589908749
128,63.781535158346756,0.040257648953301126,11.621041331186259,10.674986580783683,4.7168545356951155,1.5901771336553945,0.06709608158883522,2.4355877616747184,,4.777241009125067,0.2952227589908749
129,64.07004830917874,0.040257648953301126,11.56736446591519,10.674986580783683,4.7168545356951155,1.5901771336553945,0.06709608158883522,2.3886205045625335,,4.5893719806763285,0.2952227589908749
130,63.61379495437466,0.040257648953301126,11.104401502952227,10.258990874932904,4.394793344068707,1.5901771336553945,0.06709608158883522,2.3886205045625335,,4.052603327965647,2.4892646269457863
131,63.0703166935051,0.040257648953301126,10.970209339774557,11.694847020933977,3.8714439076757916,1.5901771336553945,0.06709608158883522,2.15378421900161,,4.052603327965647,2.4892646269457863
132,60.12479871175523,0.040257648953301126,10.929951690821255,11.426462694578637,3.616478797638218,1.5499194847020934,0.06709608158883522,3.8580246913580245,,3.6231884057971016,4.7638217928073
133,60.85614600107354,0.040257648953301126,10.929951690821255,10.876274825550189,3.616478797638218,1.5499194847020934,0.06709608158883522,3.8580246913580245,,3.6231884057971016,4.582662372517445
134,61.26543209876543,0.040257648953301126,10.715244229736983,10.815888352120236,3.616478797638218,1.5096618357487923,0.06709608158883522,3.851315083199141,,3.535963499731616,4.582662372517445
135,58.10520665593129,0.040257648953301126,10.57434245840043,9.849704777241008,3.6097691894793345,1.3486312399355878,0.06709608158883522,4.562533548040794,,7.25979602791197,4.582662372517445
136,56.374127750939344,0.040257648953301126,11.023886205045626,11.077563070316694,3.361513687600644,0.6910896403650026,0.06709608158883522,3.7640901771336552,,6.125872249060655,7.474503488996243
137,57.1256038647343,0.040257648953301126,10.748792270531402,10.990338164251208,3.260869565217391,0.6910896403650026,0.06709608158883522,3.7640901771336552,,5.837359098228664,7.474503488996243
138,57.71604938271605,0.040257648953301126,11.553945249597424,10.34621578099839,3.260869565217391,0.6910896403650026,0.06709608158883522,3.6634460547504024,,5.441492216854535,7.219538378958669
139,58.45410628019324,0.040257648953301126,11.238593666129898,10.11808910359635,3.2340311325818574,0.6910896403650026,0.06709608158883522,3.616478797638218,,5.971551261406334,6.568706387546968
140,58.99087493290392,0.040257648953301126,12.681159420289855,8.876811594202898,2.7844873859366612,0.5434782608695652,0.06709608158883522,3.488996242619431,,5.971551261406334,6.5552871712292005
141,58.52120236178207,0.040257648953301126,14.38539989264627,7.997852925389157,2.563070316693505,0.5434782608695652,0.06709608158883522,3.3950617283950617,,5.931293612453032,6.5552871712292005
142,59.66854535695116,0.040257648953301126,13.667471819645733,7.944176060118089,2.563070316693505,0.5434782608695652,0.06709608158883522,3.280998389694042,,5.723295759527644,6.501610305958132
143,59.66854535695116,0.040257648953301126,13.667471819645733,7.944176060118089,2.563070316693505,0.5434782608695652,0.06709608158883522,3.280998389694042,,5.723295759527644,6.501610305958132
144,59.816156736446594,0.040257648953301126,12.754965110037574,9.353193773483628,2.563070316693505,0.5233494363929146,0.06709608158883522,3.066290928609769,,5.703166935050993,6.112453032742888
145,60.80246913580247,0.040257648953301126,12.359098228663447,10.138217928073,2.3886205045625335,0.5233494363929146,0.06709608158883522,3.066290928609769,,4.918142780461621,5.6964573268921095
146,60.77563070316693,0.040257648953301126,12.359098228663447,9.668545356951155,2.3550724637681157,0.5233494363929146,0.06709608158883522,4.045893719806763,,4.918142780461621,5.246913580246914
147,61.8894256575416,0.040257648953301126,12.097423510466989,9.608158883521202,2.3550724637681157,0.5233494363929146,0.06709608158883522,3.5628019323671496,,4.609500805152979,5.246913580246914
148,62.432903918411164,0.040257648953301126,11.741814278046162,8.863392377885132,3.3279656468062266,0.5233494363929146,0.06709608158883522,3.556092324208266,,4.200214707461084,5.246913580246914
149,62.754965110037574,0.040257648953301126,11.137949543746645,8.561460010735374,4.03918411164788,0.5233494363929146,0.06709608158883522,3.4286097691894795,,4.200214707461084,5.246913580246914
150,63.98282340311326,0.040257648953301126,11.003757380568974,8.460815888352121,3.8311862587224907,0.5233494363929146,0.06709608158883522,2.871712292002147,,4.106280193236715,5.112721417069243
151,64.23778851315083,0.040257648953301126,10.903113258185721,8.360171765968868,3.8311862587224907,0.5233494363929146,0.06709608158883522,2.871712292002147,,4.052603327965647,5.112721417069243
152,64.49946323134729,0.040257648953301126,10.681696188942565,8.319914117015566,3.8311862587224907,0.5233494363929146,0.06709608158883522,2.871712292002147,,4.052603327965647,5.112721417069243
153,64.6202361782072,0.040257648953301126,10.681696188942565,8.319914117015566,3.8311862587224907,0.5233494363929146,0.06709608158883522,2.7509393451422435,,4.052603327965647,5.112721417069243
154,65.07648953301127,0.040257648953301126,10.661567364465915,8.293075684380032,3.824476650563607,0.5233494363929146,0.06709608158883522,2.3483628556092326,,4.052603327965647,5.112721417069243
155,65.33145464304884,0.040257648953301126,10.641438539989265,8.071658615136876,3.7238325281803544,0.5032206119162641,0.06709608158883522,3.2541599570585076,,3.7909286097691894,4.575952764358561
156,65.34487385936661,0.040257648953301126,10.641438539989265,8.071658615136876,3.7104133118625873,0.5032206119162641,0.06709608158883522,3.2541599570585076,,3.7909286097691894,4.575952764358561
157,65.64009661835749,0.040257648953301126,11.426462694578637,7.809983896940419,2.9253891572732154,0.5032206119162641,0.06709608158883522,3.2206119162640903,,3.7909286097691894,4.575952764358561
158,67.14304884594739,0.040257648953301126,11.345947396672035,7.246376811594203,2.8918411164787976,0.5032206119162641,0.06709608158883522,3.2206119162640903,,3.4017713365539453,4.139828234031133
159,67.42485238862051,0.040257648953301126,11.272141706924316,7.0383789586688135,2.8918411164787976,0.5032206119162641,0.06709608158883522,3.2206119162640903,,3.4017713365539453,4.139828234031133
160,67.88781535158347,0.040257648953301126,10.654857756307031,7.0383789586688135,3.6097691894793345,0.47638217928073,0.06709608158883522,2.6838432635534084,,3.4017713365539453,4.139828234031133
161,67.5925925925926,0.040257648953301126,10.238862050456254,6.521739130434782,5.005367686527107,0.47638217928073,0.06709608158883522,2.6838432635534084,,3.2340311325818574,4.139828234031133
162,67.5925925925926,0.040257648953301126,10.238862050456254,6.521739130434782,5.005367686527107,0.47638217928073,0.06709608158883522,2.6838432635534084,,3.2340311325818574,4.139828234031133
163,68.39103596349973,0.040257648953301126,9.802737520128824,6.300322061191626,4.951690821256038,0.46296296296296297,0.06709608158883522,2.677133655394525,,3.166935050993022,4.139828234031133
164,69.3840579710145,0.040257648953301126,9.749060654857756,5.964841653247451,4.891304347826087,0.46296296296296297,0.06709608158883522,2.677133655394525,,2.623456790123457,4.139828234031133
165,69.11567364465915,0.040257648953301126,9.749060654857756,5.964841653247451,4.891304347826087,0.798443370907139,0.06709608158883522,2.677133655394525,,2.623456790123457,4.072732152442297
166,69.36392914653784,0.040257648953301126,9.655126140633387,5.287171229200215,5.515297906602254,0.798443370907139,0.06709608158883522,2.576489533011272,,2.623456790123457,4.072732152442297
167,67.74020397208803,0.040257648953301126,13.123993558776167,4.5893719806763285,5.46833064949007,0.1274825550187869,0.06709608158883522,2.147074610842727,,2.623456790123457,4.072732152442297
168,68.49838969404186,0.040257648953301126,13.09044551798175,4.408212560386473,5.0858829844337095,0.1274825550187869,0.06709608158883522,2.073268921095008,,2.536231884057971,4.072732152442297
169,69.22973698336017,0.040257648953301126,13.09044551798175,4.280730005367687,5.0858829844337095,0.1274825550187869,0.06709608158883522,2.073268921095008,,2.2879763821792807,3.717122920021471
170,69.32367149758454,0.040257648953301126,13.023349436392914,4.280730005367687,5.059044551798175,0.1274825550187869,0.06709608158883522,2.073268921095008,,2.2879763821792807,3.717122920021471
171,69.77321524422973,0.040257648953301126,12.99651100375738,4.1129898013955986,4.804079441760601,0.1274825550187869,0.06709608158883522,2.073268921095008,,2.2879763821792807,3.717122920021471
172,69.22973698336017,0.040257648953301126,12.801932367149758,4.025764895330113,4.783950617283951,0.08722490606548577,0.06709608158883522,2.9589371980676327,,2.2879763821792807,3.717122920021471
173,68.27697262479872,0.040257648953301126,12.567096081588835,4.931561996779388,5.186527106816962,0.08722490606548577,0.06038647342995169,2.844873859366613,,2.2879763821792807,3.717122920021471
174,68.00858829844337,0.040257648953301126,11.922973698336017,4.931561996779388,5.186527106816962,0.08722490606548577,0.06038647342995169,2.844873859366613,,3.2004830917874396,3.717122920021471
175,68.10923242082663,0.03354804079441761,11.922973698336017,4.87788513150832,5.186527106816962,0.08722490606548577,0.06038647342995169,2.844873859366613,,3.2004830917874396,3.6768652710681695
176,69.84031132581858,0.03354804079441761,10.721953837895867,4.7638217928073,5.179817498658078,0.08722490606548577,0.06038647342995169,2.7442297369833604,,2.8918411164787976,3.6768652710681695
177,69.84031132581858,0.03354804079441761,10.721953837895867,4.7638217928073,5.179817498658078,0.08722490606548577,0.06038647342995169,2.7442297369833604,,2.8918411164787976,3.6768652710681695
178,70.79978529253891,0.03354804079441761,10.721953837895867,4.7638217928073,4.824208266237251,0.08722490606548577,0.06038647342995169,2.6435856146001075,,2.3886205045625335,3.6768652710681695
179,71.68545356951154,0.03354804079441761,9.943639291465379,4.676596886741814,4.817498658078368,0.08722490606548577,0.06038647342995169,2.6435856146001075,,2.3752012882447664,3.6768652710681695
180,72.16854535695116,0.03354804079441761,9.930220075147611,4.669887278582931,4.817498658078368,0.08722490606548577,0.06038647342995169,2.636876006441224,,2.3752012882447664,3.2206119162640903
181,72.57783145464305,0.03354804079441761,9.742351046698873,4.663177670424047,4.663177670424047,0.08722490606548577,0.06038647342995169,2.576489533011272,,2.3752012882447664,3.2206119162640903
182,72.39667203435319,0.03354804079441761,9.500805152979066,5.636070853462158,4.663177670424047,0.08722490606548577,0.06038647342995169,2.563070316693505,,2.3752012882447664,2.6838432635534084
183,72.85292538915728,0.03354804079441761,9.346484165324744,5.394524959742351,4.609500805152979,0.08722490606548577,0.06038647342995169,2.5563607085346214,,2.3752012882447664,2.6838432635534084
184,73.44337090713903,0.03354804079441761,9.272678475577026,5.314009661835748,4.609500805152979,0.08722490606548577,0.06038647342995169,2.5563607085346214,,1.9659151905528718,2.657004830917874
185,74.36929683306495,0.03354804079441761,9.225711218464841,5.280461621041331,3.7640901771336552,0.08722490606548577,0.06038647342995169,2.5563607085346214,,1.9659151905528718,2.657004830917874
186,73.6580783682233,0.03354804079441761,8.796296296296296,6.9243156199677935,3.455448201825013,0.08722490606548577,0.06038647342995169,2.5496511003757383,,1.892109500805153,2.5429414922168547
187,73.87949543746645,0.03354804079441761,8.709071390230811,6.790123456790123,3.455448201825013,0.08722490606548577,0.06038647342995169,2.5496511003757383,,1.892109500805153,2.5429414922168547
188,74.30220075147611,0.03354804079441761,8.709071390230811,6.407675791733762,3.455448201825013,0.08722490606548577,0.06038647342995169,2.509393451422437,,1.892109500805153,2.5429414922168547
189,75.7380568974772,0.03354804079441761,8.13875469672571,5.991680085882985,3.0059044551798175,0.08722490606548577,0.06038647342995169,2.509393451422437,,1.892109500805153,2.5429414922168547
190,76.16076221148685,0.03354804079441761,8.13875469672571,5.763553408480945,2.9388083735909825,0.07380568974771873,0.06038647342995169,2.4892646269457863,,1.892109500805153,2.4490069779924855
191,76.85185185185185,0.03354804079441761,7.930756843800322,5.35426731078905,2.8650026838432634,0.07380568974771873,0.06038647342995169,2.4892646269457863,,1.892109500805153,2.4490069779924855
192,76.14734299516908,0.03354804079441761,8.870101986044014,5.2066559312936125,2.8650026838432634,0.07380568974771873,0.06038647342995169,2.4892646269457863,,1.892109500805153,2.3617820719269993
193,76.28153515834676,0.03354804079441761,8.749329039184111,5.2066559312936125,2.8650026838432634,0.07380568974771873,0.06038647342995169,2.475845410628019,,1.892109500805153,2.3617820719269993
194,76.8719806763285,0.03354804079441761,8.695652173913043,4.891304347826087,2.8650026838432634,0.07380568974771873,0.06038647342995169,2.4020397208803006,,1.7444981213097155,2.3617820719269993
195,76.90552871712292,0.03354804079441761,8.662104133118627,4.891304347826087,2.8650026838432634,0.07380568974771873,0.06038647342995169,2.4020397208803006,,1.7444981213097155,2.3617820719269993
196,76.90552871712292,0.03354804079441761,8.662104133118627,4.891304347826087,2.8650026838432634,0.07380568974771873,0.06038647342995169,2.4020397208803006,,1.7444981213097155,2.3617820719269993
197,77.38862050456254,0.03354804079441761,8.179012345679013,4.891304347826087,2.8650026838432634,0.07380568974771873,0.06038647342995169,2.4020397208803006,,1.7444981213097155,2.3617820719269993
198,77.88513150831992,0.03354804079441761,7.716049382716049,4.891304347826087,2.8515834675254963,0.07380568974771873,0.06038647342995169,2.4020397208803006,,1.724369296833065,2.3617820719269993
199,77.88513150831992,0.03354804079441761,7.716049382716049,4.891304347826087,2.8515834675254963,0.07380568974771873,0.06038647342995169,2.4020397208803006,,1.724369296833065,2.3617820719269993
200,78.38164251207729,0.03354804079441761,7.581857219538379,4.656468062265164,2.844873859366613,0.013419216317767043,,2.4020397208803006,,1.724369296833065,2.3617820719269993
201,77.56977992485238,0.03354804079441761,7.581857219538379,5.615942028985507,2.6972624798711755,0.013419216317767043,,2.4020397208803006,,1.724369296833065,2.3617820719269993
202,77.67042404723564,0.03354804079441761,7.581857219538379,5.615942028985507,2.6838432635534084,0.013419216317767043,,2.314814814814815,,1.724369296833065,2.3617820719269993
203,78.00590445517982,0.03354804079441761,7.340311325818572,5.555555555555555,2.6502952227589907,0.013419216317767043,,2.314814814814815,,1.724369296833065,2.3617820719269993
204,78.30783682232958,0.03354804079441761,6.709608158883521,5.555555555555555,2.6502952227589907,0.013419216317767043,,2.314814814814815,,2.147074610842727,2.26784755770263
205,78.81776704240472,0.03354804079441761,6.588835212023618,5.515297906602254,2.6502952227589907,0.013419216317767043,,2.314814814814815,,2.147074610842727,1.9189479334406871
206,78.95866881374128,0.03354804079441761,6.447933440687064,5.515297906602254,2.6502952227589907,0.013419216317767043,,2.314814814814815,,2.147074610842727,1.9189479334406871
207,78.60305958132045,0.03354804079441761,6.447933440687064,6.1862587224906065,2.3349436392914655,0.013419216317767043,,2.314814814814815,,2.147074610842727,1.9189479334406871
208,79.18679549114331,0.03354804079441761,6.327160493827161,6.1862587224906065,2.1135265700483092,0.013419216317767043,,2.167203435319377,,2.0531400966183573,1.9189479334406871
209,79.18679549114331,0.03354804079441761,6.327160493827161,6.1862587224906065,2.1135265700483092,0.013419216317767043,,2.167203435319377,,2.0531400966183573,1.9189479334406871
210,78.77750939345142,0.03354804079441761,6.9243156199677935,6.179549114331723,2.1135265700483092,0.013419216317767043,,2.0128824476650564,,2.0531400966183573,1.892109500805153
211,79.06602254428341,0.03354804079441761,6.9243156199677935,6.179549114331723,2.1135265700483092,0.013419216317767043,,2.0128824476650564,,1.7646269457863661,1.892109500805153
212,77.70397208803006,0.03354804079441761,6.488191089640365,8.038110574342458,2.0531400966183573,0.013419216317767043,,2.0128824476650564,,1.7646269457863661,1.892109500805153
213,77.2812667740204,0.03354804079441761,6.488191089640365,7.776435856146001,1.5767579173376274,0.013419216317767043,,2.0128824476650564,,2.9253891572732154,1.892109500805153
214,77.58990874932904,0.03354804079441761,6.280193236714976,7.776435856146001,1.556629092860977,0.013419216317767043,,1.932367149758454,,2.9253891572732154,1.892109500805153
215,77.53623188405797,0.03354804079441761,5.998389694041868,8.246108427267847,1.4694041867954912,0.013419216317767043,,1.8853998926462694,,2.9253891572732154,1.892109500805153
216,77.70397208803006,0.03354804079441761,5.897745571658615,8.246108427267847,1.4090177133655395,0.013419216317767043,,1.8853998926462694,,2.9253891572732154,1.8853998926462694
