,40,45,50,51,49,52,54,55,53,41,48,47
0,1.4761137949543746,92.41143317230274,6.112453032742888,,,,,,,,,
1,1.751207729468599,89.64707461084272,8.433977455716587,0.16774020397208803,,,,,,,,
2,2.0933977455716586,73.44337090713903,23.718464841653248,0.15432098765432098,0.5904455179817498,,,,,,,
3,3.3413848631239937,60.09125067096082,36.15807836822329,0.03354804079441761,0.3757380568974772,,,,,,,
4,3.535963499731616,56.427804616210416,36.85587761674718,0.8118625872249061,0.3757380568974772,1.1406333870101986,0.4025764895330113,0.4495437466451959,,,,
5,4.17337627482555,51.7512077294686,41.0829307568438,0.8118625872249061,0.1878690284487386,1.1406333870101986,0.4025764895330113,0.4495437466451959,,,,
6,4.703435319377348,47.44363929146538,42.82071926999463,1.4895330112721417,0.14090177133655393,1.1406333870101986,1.0735373054213635,1.1876006441223832,,,,
7,5.0858829844337095,45.390499194847024,43.69967793880837,1.6304347826086956,0.14090177133655393,1.1406333870101986,1.0466988727858293,1.865271068169619,,,,
8,6.280193236714976,43.625872249060656,43.605743424584006,1.5432098765432098,0.14090177133655393,0.9460547504025765,1.5432098765432098,1.3687600644122384,0.9460547504025765,,,
9,6.414385399892646,39.49946323134729,45.33682232957595,2.2879763821792807,1.0735373054213635,1.3687600644122384,1.9189479334406871,1.2278582930756843,0.8722490606548577,,,
10,6.340579710144928,38.45276435856146,44.03515834675255,2.818035426731079,1.0735373054213635,2.2946859903381642,2.428878153515835,0.9057971014492754,1.6505636070853462,,,
11,7.6556629092860975,36.38620504562534,45.18250134192163,2.4221685453569513,0.9460547504025765,2.281266774020397,1.865271068169619,0.8051529790660226,2.4557165861513686,,,
12,7.239667203435319,33.28636607622115,48.960010735373054,2.4221685453569513,0.9460547504025765,2.6637144390767578,2.26784755770263,0.8051529790660226,1.4090177133655395,,,
13,7.105475040257649,26.32850241545894,55.03220611916264,3.1602254428341383,0.5703166935050993,1.7847557702630166,2.187332259796028,1.1607622114868492,2.6704240472356413,,,
14,7.85024154589372,23.30246913580247,56.333870101986044,3.938539989264627,0.5703166935050993,1.7847557702630166,2.1135265700483092,1.4761137949543746,2.6301663982823404,,,
15,7.125603864734299,17.820719269994633,62.56038647342995,3.5426731078904994,,2.6637144390767578,1.9927536231884058,1.4761137949543746,2.818035426731079,,,
16,7.669082125603865,17.028985507246375,61.58749329039184,3.5426731078904994,,2.6637144390767578,1.9256575415995705,2.7643585614600106,2.818035426731079,,,
17,5.803811057434245,11.674718196457327,71.71900161030595,4.213633923778851,,1.4895330112721417,1.8183038110574343,2.214170692431562,1.06682769726248,,,
18,2.9052603327965647,6.528448738593666,85.24557165861513,0.026838432635534086,,1.2681159420289856,0.5300590445517982,3.408480944712829,,0.08722490606548577,,
19,2.5563607085346214,4.898013955984971,84.86983360171766,0.5501878690284487,,0.7447665056360708,0.46967257112184646,5.911164787976382,,,,
20,3.7640901771336552,4.669887278582931,80.22678475577027,0.8923778851315083,,0.7447665056360708,0.46967257112184646,9.232420826623725,,,,
21,4.092860976918948,4.508856682769726,77.67713365539453,0.8051529790660226,,0.7447665056360708,0.46967257112184646,11.701556629092861,,,,
22,5.132850241545894,3.797638217928073,74.4296833064949,1.6975308641975309,0.4025764895330113,0.7447665056360708,1.724369296833065,12.070585077831455,,,,
23,5.911164787976382,3.7640901771336552,70.09527643585615,1.6975308641975309,0.4025764895330113,0.7447665056360708,1.724369296833065,15.660225442834138,,,,
24,7.112184648416532,3.3145464304884595,66.06951154052604,1.6304347826086956,0.4025764895330113,0.7447665056360708,1.6706924315619969,19.0552871712292,,,,
25,8.017981749865807,2.918679549114332,62.432903918411164,1.6035963499731616,0.4025764895330113,1.5297906602254427,2.3483628556092326,20.74610842726785,,,,
26,6.884057971014493,2.5295222758990876,64.41894793344069,1.6035963499731616,0.4025764895330113,1.5297906602254427,3.0864197530864197,19.545088566827697,,,,
27,8.480944712828771,2.509393451422437,62.104133118625874,1.6035963499731616,0.7447665056360708,1.5297906602254427,3.079710144927536,19.94766505636071,,,,
28,7.675791733762749,2.368491680085883,57.749597423510465,1.6035963499731616,0.7447665056360708,1.7444981213097155,3.7037037037037037,22.805958132045088,1.6035963499731616,,,
29,8.641975308641975,2.0799785292538915,56.454643048845945,1.5029522275899088,0.7447665056360708,1.6035963499731616,4.193505099302201,23.17498658078368,1.6035963499731616,,,
30,7.890499194847021,2.0665593129361244,48.98684916800859,13.533279656468062,1.0198604401502953,1.3955984970477724,4.864465915190553,18.63929146537842,1.6035963499731616,,,
31,7.6556629092860975,1.9726247987117553,46.256038647343,12.627482555018787,1.0198604401502953,1.7847557702630166,5.837359098228664,19.95437466451959,2.475845410628019,0.41599570585077833,,
32,9.447128287707997,1.8518518518518519,44.236446591519055,12.506709608158884,0.8856682769726248,1.7847557702630166,6.655931293612453,19.940955448201827,2.2745571658615136,0.41599570585077833,,
33,8.568169618894256,1.8451422436929683,43.51180891035963,12.580515297906603,0.8856682769726248,1.7847557702630166,8.487654320987655,19.64573268921095,2.2745571658615136,0.41599570585077833,,
34,8.682232957595277,1.8384326355340848,40.27777777777778,15.619967793880837,0.8856682769726248,1.7713365539452497,9.943639291465379,17.612721417069242,2.6704240472356413,0.6977992485238862,,
35,9.359903381642512,1.7914653784219001,37.80193236714976,15.177133655394526,1.0534084809447128,1.7444981213097155,10.661567364465915,17.860976918947934,3.5091250670960816,1.0399892646269457,,
36,9.312936124530328,1.7914653784219001,37.21819645732689,13.580246913580247,1.0534084809447128,2.4355877616747184,11.594202898550725,18.270263016639827,3.3816425120772946,1.3620504562533549,,
37,9.500805152979066,1.724369296833065,37.513419216317764,13.580246913580247,0.5703166935050993,2.4355877616747184,12.681159420289855,17.250402576489535,3.3816425120772946,1.3620504562533549,,
38,9.594739667203436,1.6908212560386473,36.05072463768116,13.345410628019323,0.5703166935050993,2.395330112721417,12.667740203972087,18.907675791733762,3.3816425120772946,1.3955984970477724,,
39,10.050993022007514,1.5499194847020934,33.17230273752013,14.103596349973161,0.5703166935050993,3.6097691894793345,13.687600644122384,18.699677938808374,3.1736446591519054,1.3821792807300053,,
40,10.064412238325282,1.5499194847020934,30.421363392377884,12.533548040794418,4.562533548040794,3.6097691894793345,14.257917337627482,16.97530864197531,4.730273752012883,1.2949543746645196,,
41,9.232420826623725,1.4492753623188406,29.05931293612453,11.453301127214171,7.769726247987117,4.998658078368224,12.593934514224369,18.00858829844337,4.42163177670424,1.0131508319914118,,
42,7.326892109500805,0.2214170692431562,38.848631239935585,13.20450885668277,4.944981213097155,2.9723564143853998,12.828770799785293,15.157004830917874,3.3950617283950617,1.1003757380568975,,
43,8.179012345679013,0.2214170692431562,36.65458937198068,13.097155126140633,4.944981213097155,2.536231884057971,13.734567901234568,16.190284487385938,3.3816425120772946,1.0601180891035964,,
44,8.769457863660762,0.20128824476650564,35.37305421363392,12.124261943102523,4.851046698872786,3.8378958668813743,15.150295222758992,16.411701556629094,2.395330112721417,0.8856682769726248,,
45,9.057971014492754,0.20128824476650564,35.15163714439077,11.782071926999464,4.851046698872786,4.2270531400966185,15.163714439076758,16.371443907675793,2.3081052066559313,0.8856682769726248,,
46,8.735909822866345,0.20128824476650564,34.366612989801396,11.171497584541063,4.851046698872786,4.186795491143317,16.646537842190018,16.552603327965645,2.4221685453569513,0.8655394524959742,,
47,8.152173913043478,0.15432098765432098,32.59527643585615,11.654589371980677,4.1129898013955986,3.844605475040258,17.03569511540526,17.24369296833065,4.388083735909823,0.8185721953837896,,
48,8.93719806763285,0.15432098765432098,29.790660225442835,11.996779388083736,4.032474503488996,3.5225442834138487,16.740472356414386,19.659151905528716,4.3478260869565215,0.8185721953837896,,
49,9.675254965110037,0.14761137949543746,28.44873859366613,11.258722490606548,3.9318303811057436,4.253891572732153,18.4447128287708,18.813741277509394,4.206924315619967,0.8185721953837896,,
50,10.433440687063875,0.14761137949543746,27.999194847020934,10.88298443370907,3.5829307568438002,3.851315083199141,19.900697799248523,18.585614600107355,3.797638217928073,0.8185721953837896,,
51,10.950080515297907,0.10735373054213634,28.173644659151904,11.11111111111111,3.455448201825013,3.5292538915727323,19.920826623725173,18.136070853462158,3.797638217928073,0.8185721953837896,,
52,11.674718196457327,0.10735373054213634,27.428878153515836,10.7085346215781,3.1736446591519054,4.066022544283414,20.142243692968332,18.156199677938808,3.9049919484702094,0.6374127750939346,,
53,11.936392914653783,0.10735373054213634,26.187600644122384,10.534084809447128,3.1736446591519054,4.032474503488996,21.26274825550188,18.23671497584541,3.8915727321524423,0.6374127750939346,,
54,12.298711755233494,0.10735373054213634,26.167471819645733,10.131508319914117,2.85829307568438,3.730542136339238,21.752549651100377,17.867686527106816,4.488727858293076,0.5971551261406334,,
55,11.708266237251744,0.06709608158883522,24.872517444981213,9.96376811594203,2.7442297369833604,4.05931293612453,23.07434245840043,17.76033279656468,5.152979066022544,0.5971551261406334,,
56,12.204777241009126,0.06038647342995169,23.282340311325818,9.366612989801396,3.5091250670960816,4.03918411164788,24.322329575952764,16.700214707461082,5.917874396135265,0.5971551261406334,,
57,11.990069779924852,0.06038647342995169,22.65834675254965,8.319914117015566,3.0394524959742353,5.166398282340311,24.651100375738057,16.928341384863124,6.595544820182502,0.5904455179817498,,
58,12.5,0.06038647342995169,21.598228663446054,7.9039184111647875,2.945517981749866,5.689747718733226,24.349168008588297,17.002147074610843,7.380568974771873,0.5703166935050993,,
59,12.929414922168545,0.06038647342995169,21.464036500268385,7.883789586688137,2.945517981749866,5.562265163714439,23.718464841653248,17.639559849704778,7.226247987117552,0.5703166935050993,,
60,12.855609232420827,0.06038647342995169,21.021202361782073,8.621846484165324,2.61003757380569,5.924584004294149,23.181696188942567,17.85426731078905,7.300053676865271,0.5703166935050993,,
61,13.318572195383789,0.06038647342995169,20.46430488459474,8.427267847557703,2.4691358024691357,5.877616747181965,24.818840579710145,17.324208266237253,6.66935050993022,0.5703166935050993,,
62,12.4597423510467,0.06038647342995169,18.00187869028449,7.266505636070853,1.4090177133655395,5.421363392377885,25.865539452495973,18.853998926462694,6.421095008051529,0.5703166935050993,3.670155662909286,
63,12.338969404186795,0.040257648953301126,16.794149221685455,7.501341921631776,1.4090177133655395,5.421363392377885,27.4020397208803,18.431293612453032,6.421095008051529,0.5703166935050993,3.670155662909286,
64,13.278314546430488,0.040257648953301126,16.478797638217927,7.300053676865271,1.4090177133655395,5.387815351583468,28.468867418142782,16.935050993022006,6.320450885668277,0.7112184648416533,3.670155662909286,
65,13.955984970477724,0.040257648953301126,15.566290928609769,6.877348362855609,2.9589371980676327,6.561996779388084,27.911969940955448,16.867954911433173,5.9447128287707995,0.6239935587761675,2.690552871712292,
66,14.190821256038648,0.040257648953301126,15.190552871712292,6.246645195920558,2.9589371980676327,6.561996779388084,29.837627482555018,15.713902308105206,5.9447128287707995,0.6239935587761675,2.690552871712292,
67,14.606816961889425,0.03354804079441761,14.331723027375201,6.092324208266238,2.9589371980676327,6.561996779388084,30.85077831454643,15.177133655394526,5.9447128287707995,0.7514761137949544,2.690552871712292,
68,14.74771873322598,0.03354804079441761,14.392109500805153,5.938003220611916,2.301395598497048,7.454374664519592,31.82367149758454,14.371980676328503,5.555555555555555,0.7514761137949544,2.6301663982823404,
69,14.163982823403114,0.03354804079441761,13.24476650563607,5.837359098228664,2.2342995169082127,10.990338164251208,30.96484165324745,13.989533011272142,5.193236714975845,0.7179280730005367,2.6301663982823404,
70,14.345142243692969,0.03354804079441761,13.264895330112722,6.119162640901771,2.2342995169082127,10.554213633923778,30.08588298443371,12.983091787439614,7.474503488996243,0.7179280730005367,2.187332259796028,
71,13.714439076757918,0.03354804079441761,12.989801395598498,6.327160493827161,2.3483628556092326,10.279119699409554,30.64278046162104,12.801932367149758,7.467793880837359,0.7179280730005367,2.677133655394525,
72,13.009930220075148,,12.72812667740204,6.246645195920558,2.341653247450349,11.419753086419753,31.682769726247987,12.5,6.588835212023618,0.8051529790660226,2.677133655394525,
73,12.332259796027913,,12.654320987654321,7.4006977992485234,1.9189479334406871,11.453301127214171,32.03166935050993,11.849168008588299,6.877348362855609,0.8051529790660226,2.677133655394525,
74,11.802200751476114,,12.822061191626409,6.877348362855609,5.273752012882448,10.084541062801932,29.817498658078367,11.882716049382717,8.004562533548041,0.8051529790660226,2.6301663982823404,
75,11.453301127214171,,12.634192163177671,6.837090713902308,5.273752012882448,9.614868491680086,31.642512077294686,11.104401502952227,8.004562533548041,0.8051529790660226,2.6301663982823404,
76,12.02361782071927,,12.224906065485776,6.830381105743425,5.273752012882448,9.608158883521202,31.78341384863124,10.82259796027912,7.997852925389157,0.8051529790660226,2.6301663982823404,
77,11.634460547504025,,12.23161567364466,6.716317767042405,4.703435319377348,8.57487922705314,32.9777241009125,10.487117552334944,9.326355340848094,0.7179280730005367,2.6301663982823404,
78,12.037037037037036,,11.60762211486849,7.347020933977456,4.703435319377348,8.447396672034353,32.46779388083736,10.466988727858293,9.648416532474503,0.644122383252818,2.6301663982823404,
79,11.446591519055287,,12.895866881374127,6.488191089640365,4.669887278582931,8.621846484165324,32.59527643585615,9.930220075147611,10.319377348362856,0.644122383252818,2.3886205045625335,
80,12.010198604401502,,12.184648416532475,6.689479334406871,4.5893719806763285,8.57487922705314,32.75630703166935,9.836285560923242,10.352925389157273,0.644122383252818,2.3617820719269993,
81,11.41304347826087,,12.453032742887816,6.112453032742888,4.488727858293076,10.339506172839506,32.15915190552872,9.473966720343531,10.560923242082662,0.6374127750939346,2.3617820719269993,
82,11.802200751476114,,12.31213097155126,5.750134192163178,4.488727858293076,10.285829307568438,31.03864734299517,9.728931830381105,11.600912506709609,0.630703166935051,2.3617820719269993,
83,12.399355877616747,,12.144390767579173,5.636070853462158,4.468599033816425,9.96376811594203,30.454911433172303,9.728931830381105,12.211486849168008,0.630703166935051,2.3617820719269993,
84,13.258185721953838,,11.75523349436393,5.844068706387547,4.468599033816425,10.185185185185185,30.287171229200215,9.4873859366613,11.849168008588299,0.630703166935051,2.2342995169082127,
85,13.09044551798175,,11.171497584541063,6.206387546967257,3.8378958668813743,10.151637144390767,30.917874396135264,10.131508319914117,11.627750939345143,0.630703166935051,2.2342995169082127,
86,13.238056897477188,,11.439881910896403,6.367418142780462,3.4957058507783145,9.977187332259795,31.266774020397207,9.406870638754697,11.943102522812667,0.630703166935051,2.2342995169082127,
87,12.634192163177671,,11.211755233494364,7.098765432098766,3.7104133118625873,9.380032206119163,31.17283950617284,9.816156736446592,12.171229200214707,0.6038647342995169,2.200751476113795,
88,12.164519592055823,,14.083467525496511,6.427804616210413,3.589640365002684,8.61513687600644,30.475040257648953,9.66183574879227,12.177938808373591,0.6038647342995169,2.200751476113795,
89,11.996779388083736,,13.774825550187868,6.219806763285024,4.468599033816425,8.695652173913043,30.19994632313473,9.977187332259795,12.177938808373591,0.6038647342995169,1.8853998926462694,
90,12.560386473429952,,13.774825550187868,7.125603864734299,4.3478260869565215,8.3467525496511,30.152979066022546,9.480676328502415,11.81561996779388,0.5099302200751477,1.8853998926462694,
91,12.95625335480408,,13.694310252281268,7.085346215780999,4.3478260869565215,8.165593129361245,30.099302200751477,9.480676328502415,11.77536231884058,0.5099302200751477,1.8853998926462694,
92,13.137412775093935,,13.318572195383789,7.085346215780999,4.3478260869565215,9.41358024691358,30.226784755770264,8.729200214707461,11.345947396672035,0.5099302200751477,1.8853998926462694,
93,13.633923778851315,,13.88888888888889,6.971282877079979,4.1129898013955986,9.326355340848094,29.69001610305958,8.729200214707461,11.252012882447666,0.5099302200751477,1.8853998926462694,
94,13.633923778851315,,13.90901771336554,6.790123456790123,4.4753086419753085,9.312936124530328,30.347557702630166,8.239398819108963,11.225174449812132,0.5099302200751477,1.556629092860977,
95,14.398819108964037,,13.425925925925926,6.642512077294686,4.394793344068707,9.64170692431562,30.50858829844337,7.608695652173913,11.3191089640365,0.5032206119162641,1.556629092860977,
96,14.794685990338165,,12.567096081588835,6.602254428341385,4.394793344068707,10.332796564680622,30.803811057434245,7.1725711218464845,11.272141706924316,0.5032206119162641,1.556629092860977,
97,16.27750939345142,,13.003220611916264,6.320450885668277,4.180085882984434,10.077831454643048,30.314009661835748,6.904186795491143,11.077563070316694,0.5032206119162641,1.3419216317767042,
98,15.861513687600644,,12.929414922168545,6.756575415995706,3.9989264626945786,9.950348899624261,30.636070853462158,6.535158346752549,11.513687600644122,0.47638217928073,1.3419216317767042,
99,15.344873859366613,,11.902844873859367,7.112184648416532,3.9989264626945786,10.795759527643586,31.199677938808374,6.4412238325281805,11.386205045625335,0.47638217928073,1.3419216317767042,
100,14.99597423510467,,11.312399355877616,6.333870101986044,3.099838969404187,11.54723564143854,31.50161030595813,6.166129898013956,12.245034889962426,0.41599570585077833,2.38191089640365,
101,15.868223295759528,,10.735373054213634,6.4412238325281805,3.026033279656468,12.117552334943639,31.105743424584006,6.166129898013956,11.963231347289318,0.41599570585077833,2.1604938271604937,
102,16.344605475040257,,10.903113258185721,6.414385399892646,2.871712292002147,12.365807836822329,31.199677938808374,5.884326355340848,11.634460547504025,0.41599570585077833,1.9659151905528718,
103,17.19001610305958,,11.11111111111111,6.206387546967257,2.677133655394525,13.446054750402576,30.14626945786366,5.837359098228664,11.084272678475577,0.41599570585077833,1.8853998926462694,
104,17.176596886741816,,10.869565217391305,5.83064949006978,3.012614063338701,14.184111647879764,30.099302200751477,5.5756843800322065,11.064143853998926,0.3153515834675255,1.8719806763285025,
105,17.01556629092861,,11.560654857756306,5.5689747718733225,2.932098765432099,14.834943639291465,30.273752012882447,5.4616210413311865,10.38647342995169,0.28180354267310787,1.6841116478797638,
106,17.06924315619968,,11.41304347826087,5.776972624798712,2.9119699409554483,14.257917337627482,29.61621041331186,5.4616210413311865,11.52710681696189,0.28180354267310787,1.6841116478797638,
107,17.062533548040793,,11.708266237251744,6.005099302200751,2.771068169618894,13.687600644122384,28.965378421900162,5.173107890499195,12.68786902844874,0.28180354267310787,1.6572732152442298,
108,16.451959205582394,,11.600912506709609,6.340579710144928,3.193773483628556,13.479602791196994,28.650026838432634,5.159688674181428,13.694310252281268,0.2683843263553409,1.1607622114868492,
109,16.740472356414386,,12.29200214707461,6.494900697799249,2.871712292002147,13.399087493290391,28.502415458937197,4.998658078368224,13.305152979066023,0.2683843263553409,1.1272141706924315,
110,16.42512077294686,,12.211486849168008,6.4345142243692965,3.4957058507783145,13.009930220075148,29.26731078904992,4.951690821256038,13.144122383252817,0.2683843263553409,0.7917337627482555,
111,16.99543746645196,,12.016908212560386,6.414385399892646,3.4957058507783145,12.466451959205582,28.589640365002683,4.87788513150832,14.083467525496511,0.2683843263553409,0.7917337627482555,
112,17.59259259259259,,11.849168008588299,6.414385399892646,3.126677402039721,11.936392914653783,28.073000536768653,4.87788513150832,14.579978529253891,0.2683843263553409,1.2815351583467525,
113,17.599302200751477,,11.79549114331723,6.414385399892646,3.126677402039721,11.936392914653783,28.207192699946322,4.810789049919484,14.579978529253891,0.2683843263553409,1.261406333870102,
114,17.53220611916264,,11.77536231884058,6.394256575415996,2.999194847020934,11.829039184111648,28.817767042404725,4.394793344068707,14.834943639291465,0.2683843263553409,1.1540526033279657,
115,17.559044551798173,,11.392914653784219,6.696188942565755,2.999194847020934,12.634192163177671,28.938539989264626,4.133118625872249,14.224369296833064,0.2683843263553409,1.1540526033279657,
116,16.6532474503489,,11.117820719269995,7.232957595276436,2.999194847020934,12.432903918411165,28.247450348899623,4.025764895330113,15.868223295759528,0.2683843263553409,1.1540526033279657,
117,17.69994632313473,,10.768921095008052,7.179280730005368,2.985775630703167,12.385936661298981,28.18035426731079,3.824476650563607,15.552871712292003,0.2683843263553409,1.1540526033279657,
118,17.344337090713903,,10.607890499194847,7.353730542136339,3.1535158346752548,12.419484702093397,28.723832528180353,3.7640901771336552,15.210681696188942,0.2683843263553409,1.1540526033279657,
119,18.075684380032207,,10.19189479334407,7.004830917874396,3.066290928609769,11.855877616747183,29.643048845947398,3.589640365002684,14.78797638217928,0.2683843263553409,1.5163714439076759,
120,18.283682232957595,,9.628287707997853,6.910896403650026,3.4621578099838968,11.77536231884058,29.716854535695116,3.5225442834138487,15.076489533011273,0.2683843263553409,1.3553408480944713,
121,17.70665593129361,,9.796027911969942,7.628824476650563,3.770799785292539,11.09098228663446,30.461621041331185,3.2541599570585076,14.942297369833602,0.2683843263553409,1.0802469135802468,
122,17.344337090713903,,9.762479871175524,7.98443370907139,3.743961352657005,10.86285560923242,31.333870101986044,3.1065485775630703,14.55984970477724,0.2214170692431562,1.0802469135802468,
123,17.55233494363929,,10.305958132045088,7.588566827697263,3.743961352657005,10.93666129898014,31.052066559312937,3.1065485775630703,14.412238325281804,0.2214170692431562,1.0802469135802468,
124,17.69994632313473,,10.7085346215781,7.4141170155662905,3.079710144927536,10.896403650026839,30.636070853462158,2.871712292002147,15.391841116478798,0.2214170692431562,1.0802469135802468,
125,17.746913580246915,,10.628019323671497,7.4141170155662905,3.079710144927536,10.889694041867955,31.427804616210413,2.8650026838432634,14.647074610842727,0.2214170692431562,1.0802469135802468,
126,17.371175523349436,,10.607890499194847,7.185990338164252,3.079710144927536,11.265432098765432,31.736446591519055,2.5831991411701556,14.868491680085883,0.2214170692431562,1.0802469135802468,
127,18.14278046162104,,10.0979602791197,7.14573268921095,2.717391304347826,12.245034889962426,30.911164787976382,2.5831991411701556,14.928878153515834,0.14761137949543746,1.0802469135802468,
128,18.699677938808374,,9.816156736446592,7.159151905528717,3.0730005367686526,11.829039184111648,30.60252281266774,2.536231884057971,15.056360708534621,0.14761137949543746,1.0802469135802468,
129,18.089103596349972,,9.695383789586689,7.5281803542673105,3.0730005367686526,12.573805689747719,30.112721417069242,2.536231884057971,15.163714439076758,0.14761137949543746,1.0802469135802468,
130,18.156199677938808,,9.004294149221685,7.2933440687063875,3.9519592055823938,12.815351583467525,30.16639828234031,2.5161030595813205,14.868491680085883,0.14761137949543746,1.0802469135802468,
131,18.686258722490606,,9.4873859366613,7.004830917874396,3.643317230273752,12.815351583467525,29.53569511540526,2.5026838432635534,15.096618357487923,0.14761137949543746,1.0802469135802468,
132,18.773483628556093,,9.4873859366613,7.004830917874396,3.643317230273752,12.761674718196458,29.53569511540526,2.5026838432635534,15.063070316693505,0.14761137949543746,1.0802469135802468,
133,18.250134192163177,,9.4873859366613,7.004830917874396,3.643317230273752,13.144122383252817,29.200214707461082,2.4154589371980677,15.626677402039721,0.14761137949543746,1.0802469135802468,
134,18.411164787976382,,9.306226516371444,6.857219538378959,4.200214707461084,13.056897477187333,29.200214707461082,2.4154589371980677,15.405260332796564,0.14761137949543746,0.9997316156736447,
135,18.276972624798713,,9.27938808373591,6.850509930220075,4.180085882984434,12.822061191626409,30.04562533548041,2.4154589371980677,14.982555018786902,0.14761137949543746,0.9997316156736447,
136,18.45813204508857,,9.272678475577026,6.662640901771336,4.045893719806763,13.285024154589372,30.159688674181428,2.4154589371980677,14.573268921095009,0.1274825550187869,0.9997316156736447,
137,17.022275899087493,,10.789049919484702,6.769994632313473,4.146537842190016,13.197799248523886,30.10601180891036,2.408749329039184,14.432367149758454,0.1274825550187869,0.9997316156736447,
138,16.780730005367687,,10.493827160493828,7.219538378958669,4.146537842190016,13.070316693505099,30.454911433172303,2.2745571658615136,14.432367149758454,0.1274825550187869,0.9997316156736447,
139,16.478797638217927,,10.312667740203972,6.870638754696726,4.575952764358561,12.983091787439614,30.56226516371444,2.086688137412775,15.163714439076758,0.1274825550187869,0.8387010198604401,
140,16.129898013955984,,10.299248523886206,6.5552871712292005,4.555823939881911,13.33870101986044,31.125872249060656,2.0665593129361244,14.962426194310252,0.1274825550187869,0.8387010198604401,
141,16.129898013955984,,10.165056360708535,7.615405260332796,4.555823939881911,12.620772946859903,30.475040257648953,1.90552871712292,15.566290928609769,0.1274825550187869,0.8387010198604401,
142,16.015834675254965,,10.165056360708535,8.447396672034353,4.555823939881911,12.211486849168008,30.005367686527105,1.892109500805153,15.774288781535159,0.0939345142243693,0.8387010198604401,
143,16.11647879763822,,9.98389694041868,8.715780998389693,4.300858829844337,12.238325281803542,30.589103596349972,1.8451422436929683,15.277777777777779,0.0939345142243693,0.8387010198604401,
144,16.19699409554482,,9.782608695652174,8.997584541062801,4.300858829844337,12.4597423510467,30.66290928609769,1.7310789049919484,14.935587761674718,0.0939345142243693,0.8387010198604401,
145,16.70692431561997,,8.950617283950617,8.84326355340848,5.025496511003757,12.365807836822329,29.528985507246375,1.710950080515298,15.935319377348362,0.0939345142243693,0.8387010198604401,
146,17.163177670424048,,9.440418679549115,8.769457863660762,5.025496511003757,13.238056897477188,28.844605475040257,1.6304347826086956,15.002683843263553,0.04696725711218465,0.8387010198604401,
147,17.59259259259259,,9.225711218464841,8.68894256575416,4.8376274825550185,13.070316693505099,28.670155662909288,1.6304347826086956,15.405260332796564,0.04696725711218465,0.8319914117015567,
148,17.64626945786366,,8.950617283950617,8.521202361782072,5.387815351583468,13.056897477187333,28.844605475040257,1.5901771336553945,15.123456790123457,0.04696725711218465,0.8319914117015567,
149,17.538915727321523,,8.78287707997853,8.393719806763285,5.3274288781535155,14.076757917337627,28.992216854535695,1.3150831991411702,14.338432635534085,0.04696725711218465,1.1876006441223832,
150,17.438271604938272,,8.682232957595277,8.863392377885132,5.387815351583468,13.94927536231884,29.045893719806763,1.3150831991411702,14.083467525496511,0.04696725711218465,1.1876006441223832,
151,17.21014492753623,,8.581588835212024,9.286097691894794,5.387815351583468,13.922436929683306,29.146537842190018,1.3016639828234031,13.92914653784219,0.04696725711218465,1.1876006441223832,
152,16.659957058507782,,8.527911969940956,9.27938808373591,5.401234567901234,14.445786366076222,28.56280193236715,1.2144390767579174,14.673913043478262,0.04696725711218465,1.1876006441223832,
153,16.438539989264626,,8.99087493290392,9.225711218464841,5.12614063338701,14.392109500805153,28.670155662909288,1.2949543746645196,14.63365539452496,0.04696725711218465,1.1808910359634996,
154,16.317767042404725,,8.219269994632313,9.03113258185722,5.971551261406334,14.392109500805153,28.227321524422972,1.288244766505636,15.324745034889963,0.04696725711218465,1.1808910359634996,
155,16.17686527106817,,8.13875469672571,9.004294149221685,6.293612453032743,14.392109500805153,28.213902308105208,1.288244766505636,15.271068169618895,0.040257648953301126,1.1808910359634996,
156,15.982286634460548,,8.132045088566828,8.82313472893183,6.293612453032743,14.915458937198068,28.099838969404185,1.288244766505636,15.24422973698336,0.040257648953301126,1.1808910359634996,
157,15.666935050993022,,7.628824476650563,8.675523349436393,6.729736983360172,14.492753623188406,28.421900161030596,2.1068169618894257,15.096618357487923,,1.1808910359634996,
158,16.378153515834676,,7.62211486849168,8.675523349436393,6.729736983360172,14.492753623188406,28.019323671497585,2.1068169618894257,14.922168545356952,,1.0534084809447128,
159,15.96886741814278,,7.306763285024155,8.628556092324208,7.37385936661299,14.459205582393988,28.18035426731079,2.1068169618894257,14.922168545356952,,1.0534084809447128,
160,16.002415458937197,,7.306763285024155,8.628556092324208,7.37385936661299,14.284755770263017,27.979066022544284,2.0933977455716586,15.277777777777779,,1.0534084809447128,
161,15.458937198067632,,7.25979602791197,8.628556092324208,7.37385936661299,13.694310252281268,28.119967793880836,2.0799785292538915,15.98899624261943,,1.3955984970477724,
162,15.767579173376275,,7.25979602791197,8.628556092324208,7.37385936661299,13.687600644122384,27.958937198067634,2.046430488459474,15.881642512077295,,1.3955984970477724,
163,16.089640365002683,,7.25979602791197,8.527911969940956,7.37385936661299,13.962694578636608,27.140365002683843,2.046430488459474,16.203703703703702,,1.3955984970477724,
164,16.76731078904992,,7.206119162640902,8.507783145464305,7.246376811594203,13.855340848094471,26.8719806763285,2.046430488459474,16.10305958132045,,1.3955984970477724,
165,17.619431025228128,,7.206119162640902,8.293075684380032,7.246376811594203,13.828502415458937,26.382179280730007,2.046430488459474,15.982286634460548,,1.3955984970477724,
166,18.364197530864196,,7.192699946323135,8.232689210950081,7.253086419753086,13.828502415458937,25.93263553408481,2.046430488459474,15.754159957058508,,1.3955984970477724,
167,18.706387546967257,,7.192699946323135,8.13875469672571,7.085346215780999,13.828502415458937,25.717928073000536,2.046430488459474,15.888352120236178,,1.3955984970477724,
168,18.136070853462158,,6.984702093397746,8.917069243156199,7.729468599033816,13.439345142243694,25.637412775093935,2.046430488459474,15.780998389694043,,1.328502415458937,
169,18.364197530864196,,6.977992485238862,9.185453569511541,7.729468599033816,13.103864734299517,25.717928073000536,1.6706924315619969,15.921900161030596,,1.328502415458937,
170,18.632581857219538,,6.709608158883521,9.514224369296834,7.729468599033816,13.083735909822867,25.42270531400966,1.6639828234031133,15.915190552871712,,1.328502415458937,
171,19.243156199677937,,6.709608158883521,9.769189479334408,7.729468599033816,12.855609232420827,24.805421363392377,1.6639828234031133,15.895061728395062,,1.328502415458937,
172,19.484702093397747,,6.790123456790123,9.970477724100913,7.695920558239399,12.654320987654321,24.59742351046699,1.6572732152442298,15.49248523886205,,1.6572732152442298,
173,19.008319914117017,,6.374127750939345,9.091519055287172,7.695920558239399,13.962694578636608,24.174718196457327,1.482823403113258,16.552603327965645,,1.6572732152442298,
174,18.907675791733762,,6.374127750939345,9.091519055287172,7.695920558239399,14.479334406870638,24.134460547504027,1.482823403113258,16.17686527106817,,1.6572732152442298,
175,18.766774020397207,,6.421095008051529,9.091519055287172,7.695920558239399,14.392109500805153,23.97342995169082,1.4626945786366077,16.53918411164788,,1.6572732152442298,
176,18.84728931830381,,6.421095008051529,9.091519055287172,7.695920558239399,14.392109500805153,23.97342995169082,1.4626945786366077,16.458668813741276,,1.6572732152442298,
177,18.887546967257112,,6.421095008051529,9.091519055287172,7.695920558239399,14.392109500805153,24.00697799248524,1.4626945786366077,16.384863123993558,,1.6572732152442298,
178,18.17632850241546,,6.260064412238325,8.796296296296296,8.011272141706923,14.801395598497047,24.295491143317232,1.442565754159957,16.606280193236714,,1.6103059581320451,
179,17.713365539452496,,6.260064412238325,8.796296296296296,8.011272141706923,14.231078904991948,24.020397208803004,1.3888888888888888,17.96833064949007,,1.6103059581320451,
180,17.659688674181428,,6.736446591519055,8.380300590445518,8.011272141706923,14.123725174449811,24.396135265700483,1.3888888888888888,17.693236714975846,,1.6103059581320451,
181,17.867686527106816,,6.736446591519055,8.380300590445518,8.011272141706923,14.123725174449811,24.188137412775095,1.3888888888888888,17.693236714975846,,1.6103059581320451,
182,18.00187869028449,,6.736446591519055,8.930488459473967,7.991143317230274,13.6808910359635,24.00697799248524,1.3888888888888888,17.68652710681696,,1.5767579173376274,
183,18.19645732689211,,6.736446591519055,8.876811594202898,7.991143317230274,13.499731615673644,23.72517444981213,1.3553408480944713,18.04213633923779,,1.5767579173376274,
184,17.538915727321523,,6.736446591519055,8.876811594202898,7.991143317230274,14.076757917337627,23.738593666129898,1.3553408480944713,18.109232420826622,,1.5767579173376274,
185,18.156199677938808,,6.736446591519055,8.501073537305421,7.991143317230274,14.04320987654321,23.738593666129898,1.2345679012345678,18.02200751476114,,1.5767579173376274,
186,18.38432635534085,,6.702898550724638,8.789586688137414,7.991143317230274,13.976113794954374,23.637949543746647,1.2345679012345678,17.70665593129361,,1.5767579173376274,
187,19.061996779388085,,6.689479334406871,8.789586688137414,7.380568974771873,13.969404186795492,23.47691894793344,1.2345679012345678,17.47181964573269,,1.9256575415995705,
188,19.30354267310789,,6.689479334406871,8.789586688137414,7.380568974771873,13.915727321524423,23.235373054213635,1.2345679012345678,17.52549651100376,,1.9256575415995705,
189,19.47799248523886,,6.870638754696726,8.53462157809984,7.380568974771873,13.821792807300053,23.235373054213635,1.2345679012345678,17.518786902844873,,1.9256575415995705,
190,19.806763285024154,,6.870638754696726,8.53462157809984,7.380568974771873,13.821792807300053,22.920021470746107,1.2345679012345678,17.505367686527105,,1.9256575415995705,
191,19.578636607622116,,6.843800322061192,8.53462157809984,7.065217391304348,13.774825550187868,22.134997316156735,1.2345679012345678,18.531937734836287,,2.301395598497048,
192,18.96135265700483,,6.407675791733762,9.064680622651638,6.4412238325281805,14.070048309178745,22.128287707997853,1.2345679012345678,18.49838969404187,,3.193773483628556,
193,18.853998926462694,,6.085614600107354,9.628287707997853,6.139291465378422,14.378690284487385,22.41009125067096,1.2345679012345678,18.075684380032207,,3.193773483628556,
194,18.80703166935051,,7.051798174986581,9.359903381642512,5.609232420826624,14.526301663982823,22.20209339774557,1.2345679012345678,18.06897477187332,,3.140096618357488,
195,18.51851851851852,,7.796564680622652,8.950617283950617,5.434782608695652,14.834943639291465,23.047504025764894,1.2144390767579174,17.196725711218466,,3.0059044551798175,
196,18.5654857756307,,7.796564680622652,9.66183574879227,5.421363392377885,14.04320987654321,23.067632850241544,1.1876006441223832,17.431561996779386,,2.8247450348899625,
197,19.00161030595813,,7.7831454643048845,10.245571658615138,5.314009661835748,13.553408480944713,22.779119699409556,1.1876006441223832,17.324208266237253,,2.8113258185721954,
198,18.605743424584006,,8.722490606548577,8.796296296296296,5.293880837359098,14.439076757917338,23.336017176596886,1.133923778851315,16.908212560386474,,2.7643585614600106,
199,18.887546967257112,,8.695652173913043,8.655394524959743,5.199946323134729,14.412238325281804,23.523886205045624,1.107085346215781,16.75389157273215,,2.7643585614600106,
200,19.122383252818036,,8.695652173913043,8.420558239398819,5.166398282340311,13.935856146001074,23.51046698872786,1.107085346215781,17.277241009125067,,2.7643585614600106,
201,19.0955448201825,,8.55475040257649,8.09849704777241,5.166398282340311,13.687600644122384,23.637949543746647,1.107085346215781,17.887815351583466,,2.7643585614600106,
202,19.182769726247987,,8.541331186258722,8.943907675791733,4.99194847020934,13.123993558776167,23.282340311325818,1.093666129898014,17.66639828234031,,3.1736446591519054,
203,18.947933440687063,,8.541331186258722,8.943907675791733,4.99194847020934,13.79495437466452,23.05421363392378,1.0869565217391304,17.465110037573805,,3.1736446591519054,
204,18.78690284487386,,9.01100375738057,8.84326355340848,4.99194847020934,13.79495437466452,22.84621578099839,1.0869565217391304,17.465110037573805,,3.1736446591519054,
205,18.947933440687063,,9.01100375738057,8.84326355340848,4.99194847020934,13.79495437466452,22.685185185185187,1.0869565217391304,17.465110037573805,,3.1736446591519054,
206,19.310252281266774,,9.01100375738057,8.68894256575416,4.99194847020934,13.6808910359635,21.81964573268921,1.0869565217391304,18.23671497584541,,3.1736446591519054,
207,19.558507783145465,,8.856682769726248,8.68894256575416,4.99194847020934,13.526570048309178,21.812936124530328,1.0869565217391304,18.303811057434245,,3.1736446591519054,
208,19.504830917874397,,8.856682769726248,8.68894256575416,4.99194847020934,13.425925925925926,22.63150831991412,1.0869565217391304,17.639559849704778,,3.1736446591519054,
209,19.57192699946323,,9.460547504025765,9.104938271604938,5.045625335480408,12.828770799785293,22.41009125067096,1.0869565217391304,17.780461621041333,,2.7106816961889426,
210,19.43102522812668,,9.460547504025765,9.084809447128288,5.045625335480408,12.52012882447665,22.383252818035427,1.0869565217391304,18.276972624798713,,2.7106816961889426,
211,19.55179817498658,,9.232420826623725,9.057971014492754,5.280461621041331,12.493290391841116,21.960547504025765,1.0198604401502953,18.69296833064949,,2.7106816961889426,
212,19.424315619967793,,9.896672034353195,8.836553945249598,5.246913580246914,12.47987117552335,21.83977455716586,1.0064412238325282,18.686258722490606,,2.5831991411701556,
213,19.048577563070317,,9.883252818035427,8.836553945249598,5.246913580246914,12.74825550187869,21.464036500268385,1.0064412238325282,19.182769726247987,,2.5831991411701556,
214,19.008319914117017,,9.883252818035427,8.836553945249598,5.246913580246914,12.513419216317766,21.752549651100377,1.0064412238325282,19.16935050993022,,2.5831991411701556,
215,19.008319914117017,,9.883252818035427,8.836553945249598,4.8376274825550185,12.513419216317766,21.752549651100377,1.0064412238325282,19.16935050993022,,2.9924852388620504,
216,18.86070853462158,,9.883252818035427,8.997584541062801,4.8376274825550185,12.298711755233494,21.410359634997317,1.0064412238325282,19.712828770799785,,2.9924852388620504,
217,19.35721953837896,,10.030864197530864,8.950617283950617,4.790660225442834,12.077294685990339,21.79951690821256,0.9930220075147611,19.0150295222759,,2.985775630703167,
218,19.30354267310789,,10.030864197530864,8.950617283950617,4.790660225442834,12.788513150831992,21.75925925925926,0.9930220075147611,18.397745571658614,,2.985775630703167,
219,19.49141170155663,,10.010735373054214,8.950617283950617,4.730273752012883,12.781803542673108,21.75925925925926,0.9930220075147611,18.397745571658614,,2.885131508319914,
