,40,45,50,51,41,53,54,55,52,49,48
0,0.9796027911969941,83.82984433709072,15.190552871712292,,,,,,,,
1,1.0735373054213635,75.55689747718733,23.369565217391305,,,,,,,,
2,1.556629092860977,70.75281803542673,27.690552871712292,,,,,,,,
3,1.1205045625335481,33.400429414922165,50.75147611379496,14.727589908749328,,,,,,,
4,1.5297906602254427,31.83709071390231,51.17418142780462,13.258185721953838,0.5434782608695652,0.2281266774020397,0.9259259259259259,0.5032206119162641,,,
5,1.3083735909822867,24.550456253354803,59.45383789586688,11.386205045625335,0.5434782608695652,0.2281266774020397,0.9259259259259259,0.5233494363929146,1.0802469135802468,,
6,2.536231884057971,23.081052066559312,58.28636607622115,11.003757380568974,0.7716049382716049,0.2281266774020397,1.402308105206656,1.6103059581320451,1.0802469135802468,,
7,2.5295222758990876,16.552603327965645,59.66183574879227,13.895598497047773,0.5904455179817498,0.06038647342995169,1.402308105206656,4.2270531400966185,1.0802469135802468,,
8,3.012614063338701,14.61352657004831,67.25711218464842,10.057702630166398,0.4562533548040794,,0.5568974771873323,4.03918411164788,0.0067096081588835215,,
9,1.737788513150832,6.246645195920558,75.41599570585078,10.681696188942565,0.4562533548040794,,1.6841116478797638,3.7775093934514223,,,
10,3.4286097691894795,6.246645195920558,72.81266774020398,10.681696188942565,0.630703166935051,,1.6774020397208802,4.522275899087493,,,
11,3.8915727321524423,6.172839506172839,71.55797101449275,10.446859903381643,0.630703166935051,,1.3486312399355878,5.072463768115942,0.8789586688137413,,
12,4.139828234031133,5.24020397208803,74.61755233494364,7.25979602791197,0.9460547504025765,,0.5904455179817498,6.327160493827161,0.8789586688137413,,
13,4.62962962962963,5.24020397208803,75.71121846484165,6.709608158883521,0.8454106280193237,,,6.400966183574879,0.46296296296296297,,
14,5.394524959742351,5.226784755770263,71.22920021470746,6.702898550724638,0.8454106280193237,,0.8454106280193237,9.292807300053678,0.46296296296296297,,
15,6.769994632313473,4.804079441760601,68.27026301663983,5.495169082125604,0.798443370907139,,0.8454106280193237,12.553676865271068,0.46296296296296297,,
16,5.0791733762748255,4.435050993022007,81.0654857756307,2.368491680085883,0.30864197530864196,,0.8454106280193237,5.897745571658615,,,
17,5.850778314546431,3.9720880300590444,79.13311862587224,2.368491680085883,0.30864197530864196,,0.8454106280193237,7.521470746108427,,,
18,6.340579710144928,3.9519592055823938,69.36392914653784,7.883789586688137,0.47638217928073,,0.7045088566827697,11.2788513150832,,,
19,7.2933440687063875,3.9519592055823938,65.7139023081052,5.595813204508857,0.7380568974771873,,0.7045088566827697,13.573537305421363,2.428878153515835,,
20,7.555018786902845,3.9519592055823938,58.93048845947396,10.0979602791197,0.8722490606548577,,1.328502415458937,14.834943639291465,2.428878153515835,,
21,8.172302737520129,3.844605475040258,56.816961889425656,10.091250670960816,0.5501878690284487,,1.328502415458937,16.901502952227588,2.2946859903381642,,
22,8.266237251744498,3.844605475040258,54.74369296833065,8.923778851315083,0.4428341384863124,0.7313472893183038,2.073268921095008,17.673107890499196,3.3011272141706924,,
23,9.373322597960279,3.7775093934514223,53.30783682232958,7.588566827697263,0.4428341384863124,0.38915727321524424,2.442297369833602,17.62614063338701,5.052334943639291,,
24,9.306226516371444,3.374932903918411,52.10681696188943,7.306763285024155,0.4428341384863124,0.798443370907139,3.898282340311326,17.814009661835748,4.951690821256038,,
25,10.420021470746109,3.1602254428341383,50.5703166935051,7.830112721417069,0.4428341384863124,0.7917337627482555,3.898282340311326,18.69296833064949,4.193505099302201,,
26,10.198604401502953,3.1602254428341383,50.12748255501879,7.628824476650563,0.30864197530864196,1.596886741814278,4.428341384863124,19.028448738593667,3.5225442834138487,,
27,10.547504025764896,2.9790660225442833,52.01959205582394,5.441492216854535,0.322061191626409,1.3754696725711217,4.958400429414922,18.833870101986044,3.5225442834138487,,
28,10.0979602791197,2.8515834675254963,49.100912506709605,4.978529253891573,0.322061191626409,1.3754696725711217,6.360708534621578,21.484165324745035,3.4286097691894795,,
29,10.446859903381643,2.7442297369833604,48.75872249060655,4.904723564143854,0.322061191626409,1.3754696725711217,6.501610305958132,21.517713365539453,3.4286097691894795,,
30,10.795759527643586,2.301395598497048,46.61164787976382,5.314009661835748,0.322061191626409,1.0735373054213635,7.152442297369833,23.45679012345679,2.9723564143853998,,
31,11.647879763821793,2.301395598497048,45.25630703166935,5.065754159957058,0.2885131508319914,1.0735373054213635,7.071926999463232,24.376006441223833,2.918679549114332,,
32,11.990069779924852,2.301395598497048,44.46457326892109,4.87788513150832,0.27509393451422437,1.0735373054213635,8.521202361782072,23.369565217391305,3.126677402039721,,
33,8.044820182501342,0.8051529790660226,55.64949006977992,5.213365539452496,0.27509393451422437,0.6709608158883521,7.185990338164252,19.223027375201287,2.932098765432099,,
34,8.856682769726248,0.8051529790660226,54.01234567901235,5.10601180891036,0.2683843263553409,0.6709608158883521,7.004830917874396,19.77992485238862,3.4957058507783145,,
35,9.88996242619431,0.5703166935050993,49.83225979602791,5.0791733762748255,0.2683843263553409,0.5636070853462157,7.232957595276436,22.65163714439077,3.911701556629093,,
36,9.916800858829845,0.5703166935050993,47.376543209876544,5.6964573268921095,0.2147074610842727,0.5636070853462157,7.219538378958669,24.530327428878152,3.911701556629093,,
37,6.796833064949007,0.5703166935050993,58.57487922705314,4.49543746645196,0.2147074610842727,0.4495437466451959,8.789586688137414,17.431561996779386,2.677133655394525,,
38,5.0791733762748255,0.5703166935050993,71.34997316156736,1.90552871712292,0.03354804079441761,0.2214170692431562,5.401234567901234,13.486312399355878,1.9524959742351047,,
39,6.105743424584004,0.5703166935050993,67.914653784219,1.90552871712292,0.03354804079441761,0.2214170692431562,5.763553408480945,15.53274288781535,1.9524959742351047,,
40,5.615942028985507,0.5703166935050993,67.72678475577027,2.7442297369833604,0.03354804079441761,1.1406333870101986,5.139559849704777,15.076489533011273,1.9524959742351047,,
41,5.589103596349974,0.5703166935050993,66.02925389157274,2.7442297369833604,0.3153515834675255,1.1406333870101986,5.119431025228127,16.53918411164788,1.9524959742351047,,
42,5.6964573268921095,0.5703166935050993,64.7007514761138,2.576489533011272,0.3153515834675255,1.1406333870101986,6.226516371443908,17.042404723564143,1.7310789049919484,,
43,4.777241009125067,0.5166398282340311,70.81320450885669,3.1535158346752548,0.3153515834675255,0.2214170692431562,8.400429414922169,10.61460010735373,1.1876006441223832,,
44,5.4616210413311865,0.46967257112184646,67.81400966183575,3.1535158346752548,0.4562533548040794,0.2214170692431562,9.07139023081052,12.23161567364466,1.1205045625335481,,
45,5.522007514761138,0.46967257112184646,64.81481481481481,2.965646806226516,0.6239935587761675,1.751207729468599,9.064680622651638,13.667471819645733,1.1205045625335481,,
46,6.863929146537842,0.46967257112184646,58.07836822329576,2.965646806226516,0.6239935587761675,4.320987654320987,10.272410091250672,15.411969940955448,0.9930220075147611,,
47,6.776704240472356,0.46967257112184646,56.52844873859367,2.9253891572732154,0.7648953301127214,5.0791733762748255,10.876274825550189,15.58641975308642,0.9930220075147611,,
48,7.065217391304348,0.33548040794417605,54.24718196457327,2.9253891572732154,0.9125067096081588,5.199946323134729,11.144659151905529,16.955179817498657,0.8521202361782072,0.36231884057971014,
49,7.152442297369833,0.32877079978529256,50.006709608158886,2.918679549114332,1.0064412238325282,4.924852388620504,12.983091787439614,17.901234567901234,2.4154589371980677,0.36231884057971014,
50,7.595276435856146,0.32877079978529256,48.369565217391305,2.9052603327965647,1.0064412238325282,4.924852388620504,13.533279656468062,18.55877616747182,2.4154589371980677,0.36231884057971014,
51,8.333333333333334,0.32877079978529256,46.24932903918411,2.9052603327965647,0.8319914117015567,5.629361245303274,13.533279656468062,19.732957595276435,2.0933977455716586,0.36231884057971014,
52,7.729468599033816,0.32877079978529256,51.67740203972088,2.737520128824477,0.8051529790660226,4.884594739667204,12.191358024691358,17.19001610305958,2.0933977455716586,0.36231884057971014,
53,8.272946859903382,0.32877079978529256,48.51717659688674,2.737520128824477,0.9594739667203436,4.770531400966184,12.037037037037036,19.0552871712292,2.9589371980676327,0.36231884057971014,
54,8.28636607622115,0.32877079978529256,45.93397745571659,2.623456790123457,0.9594739667203436,4.38137412775094,11.876006441223833,21.64519592055824,3.603059581320451,0.36231884057971014,
55,8.53462157809984,0.32877079978529256,44.115673644659154,2.623456790123457,0.9594739667203436,4.38137412775094,13.352120236178207,22.014224369296834,3.4286097691894795,0.2616747181964573,
56,8.507783145464305,0.32877079978529256,43.10252281266774,3.1535158346752548,0.9594739667203436,4.327697262479871,13.486312399355878,22.457058507783145,3.4151905528717124,0.2616747181964573,
57,9.16532474503489,0.1274825550187869,39.19753086419753,4.871175523349437,0.9125067096081588,4.327697262479871,13.969404186795492,24.013687600644122,3.4017713365539453,0.013419216317767043,
58,9.400161030595813,0.1274825550187869,37.9495437466452,4.871175523349437,0.9125067096081588,4.428341384863124,14.754428341384862,24.14117015566291,3.4017713365539453,0.013419216317767043,
59,10.413311862587225,0.1274825550187869,36.89613526570049,4.871175523349437,0.8722490606548577,4.26731078904992,14.88191089640365,24.255233494363928,3.4017713365539453,0.013419216317767043,
60,11.003757380568974,0.1274825550187869,35.809178743961354,4.757112184648417,0.8588298443370908,5.434782608695652,15.103327965646805,23.544015029522274,3.3480944712828773,0.013419216317767043,
61,11.681427804616211,0.1274825550187869,35.319377348362856,4.582662372517445,0.8588298443370908,5.119431025228127,15.103327965646805,23.53059581320451,3.6634460547504024,0.013419216317767043,
62,12.372517444981213,0.1274825550187869,34.333064949006975,4.562533548040794,0.6910896403650026,5.850778314546431,15.291196994095545,23.61111111111111,3.1468062265163717,0.013419216317767043,
63,9.863123993558776,0.0067096081588835215,42.85426731078905,2.703972088030059,0.5837359098228664,6.702898550724638,10.473698336017177,23.66478797638218,3.1468062265163717,,
64,10.379763821792807,0.0067096081588835215,42.45169082125604,2.703972088030059,0.5568974771873323,6.394256575415996,10.721953837895867,23.637949543746647,3.1468062265163717,,
65,10.849436392914654,0.0067096081588835215,40.41867954911433,2.703972088030059,0.5568974771873323,6.830381105743425,11.366076221148685,23.221953837895867,4.045893719806763,,
66,10.815888352120236,0.0067096081588835215,39.82823403113258,2.703972088030059,0.5568974771873323,7.239667203435319,11.258722490606548,23.738593666129898,3.851315083199141,,
67,11.345947396672035,0.0067096081588835215,40.09661835748792,2.677133655394525,0.5568974771873323,6.89747718733226,12.372517444981213,22.32957595276436,3.717122920021471,,
68,11.325818572195384,0.0067096081588835215,39.25791733762748,2.2879763821792807,0.5568974771873323,6.508319914117015,13.030059044551798,22.24235104669887,4.783950617283951,,
69,11.285560923242082,0.0067096081588835215,37.513419216317764,2.2879763821792807,0.5568974771873323,6.273483628556092,12.95625335480408,23.752012882447666,5.367686527106817,,
70,9.856414385399892,0.0067096081588835215,34.82957595276436,1.7176596886741815,0.5568974771873323,7.132313472893183,14.298174986580785,25.281803542673106,6.320450885668277,,
71,10.520665593129362,0.0067096081588835215,33.82984433709071,1.5365002683843263,0.5568974771873323,7.0383789586688135,14.13714439076758,25.45625335480408,6.91760601180891,,
72,10.379763821792807,0.0067096081588835215,35.507246376811594,2.4490069779924855,0.39586688137412773,6.112453032742888,12.93612453032743,25.738056897477186,6.474771873322598,,
73,10.044283413848632,0.0067096081588835215,33.44068706387547,3.7372517444981215,0.39586688137412773,6.421095008051529,12.889157273215245,26.972624798711756,6.092324208266238,,
74,10.238862050456254,0.0067096081588835215,31.729736983360173,3.5426731078904994,0.322061191626409,9.702093397745571,12.815351583467525,24.89935587761675,6.743156199677939,,
75,10.406602254428341,0.0067096081588835215,30.9849704777241,3.3480944712828773,0.2885131508319914,9.668545356951155,13.325281803542673,24.208266237251745,7.763016639828234,,
76,10.768921095008052,0.0067096081588835215,29.736983360171767,3.3279656468062266,0.2885131508319914,9.426999463231347,13.003220611916264,25.107353730542137,8.333333333333334,,
77,10.84272678475577,0.0067096081588835215,29.032474503488995,3.166935050993022,0.2885131508319914,9.997316156736447,13.318572195383789,25.181159420289855,8.165593129361245,,
78,11.654589371980677,0.0067096081588835215,27.68384326355341,3.9452495974235107,0.2885131508319914,9.614868491680086,13.378958668813741,25.409286097691894,8.017981749865807,,
79,12.278582930756844,0.0067096081588835215,26.898819108964037,3.7238325281803544,0.2549651100375738,9.856414385399892,13.439345142243694,25.254965110037574,8.28636607622115,,
80,12.130971551261407,0.0067096081588835215,26.34863123993559,3.7238325281803544,0.48980139559849706,9.856414385399892,14.036500268384327,25.120772946859905,8.28636607622115,,
81,12.110842726784755,0.0067096081588835215,24.94632313472893,3.5292538915727323,0.48980139559849706,9.849704777241008,15.190552871712292,25.785024154589372,8.091787439613526,,
82,12.593934514224369,0.0067096081588835215,24.060654857756308,3.8311862587224907,0.48980139559849706,11.158078368223295,15.304616210413311,25.161030595813205,7.39398819108964,,
83,12.567096081588835,0.0067096081588835215,23.859366612989803,3.7238325281803544,0.48980139559849706,11.466720343531938,15.98899624261943,24.56387546967257,7.333601717659689,,
84,12.379227053140097,0.0067096081588835215,23.523886205045624,3.535963499731616,0.48980139559849706,11.647879763821793,16.223832528180353,24.4699409554482,7.722758990874933,,
85,12.204777241009126,0.0067096081588835215,23.772141706924316,3.4151905528717124,0.4428341384863124,11.406333870101985,16.183574879227052,24.84567901234568,7.722758990874933,,
86,11.829039184111648,0.0067096081588835215,23.58427267847558,3.361513687600644,0.4428341384863124,11.406333870101985,16.0426731078905,25.026838432635532,8.299785292538916,,
87,12.285292538915728,0.0067096081588835215,23.463499731615673,3.361513687600644,0.4428341384863124,11.379495437466453,16.264090177133657,24.724906065485776,8.071658615136876,,
88,12.184648416532475,0.0067096081588835215,23.060923242082662,3.683574879227053,0.41599570585077833,11.191626409017713,17.612721417069242,23.845947396672035,7.997852925389157,,
89,11.936392914653783,0.0067096081588835215,22.48389694041868,3.6768652710681695,0.41599570585077833,11.191626409017713,19.363929146537842,22.926731078904993,7.997852925389157,,
90,12.171229200214707,0.0067096081588835215,21.926999463231347,4.49543746645196,0.41599570585077833,10.373054213633925,20.021470746108427,22.879763821792807,7.709339774557166,,
91,12.27187332259796,0.0067096081588835215,20.947396672034355,4.49543746645196,0.41599570585077833,9.970477724100913,19.79334406870639,23.1280193236715,8.970746108427267,,
92,12.795222758990874,0.0067096081588835215,19.887278582930758,4.85775630703167,0.2885131508319914,9.655126140633387,20.30998389694042,23.463499731615673,8.735909822866345,,
93,12.842190016103059,0.0067096081588835215,19.75979602791197,4.85775630703167,0.28180354267310787,9.621578099838969,20.893719806763286,23.26892109500805,8.467525496511003,,
94,12.352388620504563,0.0067096081588835215,19.545088566827697,5.595813204508857,0.28180354267310787,9.25925925925926,20.67230273752013,23.201825013419217,9.084809447128288,,
95,12.76838432635534,0.0067096081588835215,18.95464304884595,5.8172302737520125,0.28180354267310787,9.232420826623725,21.34326355340848,22.510735373054214,9.084809447128288,,
96,12.989801395598498,0.0067096081588835215,18.59903381642512,5.810520665593129,0.28180354267310787,9.588030059044552,21.85319377348363,21.786097691894792,9.084809447128288,,
97,13.707729468599034,0.0067096081588835215,18.075684380032207,6.756575415995706,0.28180354267310787,9.520933977455716,21.101717659688674,21.524422973698336,9.024422973698336,,
98,13.741277509393452,0.0067096081588835215,17.28395061728395,6.749865807836822,0.28180354267310787,9.997316156736447,21.786097691894792,21.28287707997853,8.870101986044014,,
99,13.519860440150294,0.0067096081588835215,17.07595276435856,7.152442297369833,0.28180354267310787,9.561191626409018,21.91358024691358,21.18894256575416,9.29951690821256,,
100,13.103864734299517,0.0067096081588835215,16.626409017713364,7.14573268921095,0.17444981213097155,9.876543209876543,22.550993022007514,21.34326355340848,9.172034353193773,,
101,13.137412775093935,0.0067096081588835215,16.61969940955448,7.14573268921095,0.17444981213097155,9.668545356951155,22.779119699409556,21.296296296296298,9.172034353193773,,
102,13.633923778851315,0.0067096081588835215,16.7337627482555,6.595544820182502,0.17444981213097155,9.4873859366613,23.081052066559312,21.26274825550188,9.024422973698336,,
103,13.6406333870102,0.0067096081588835215,16.049382716049383,9.078099838969404,0.17444981213097155,8.59500805152979,22.77241009125067,20.840042941492218,8.84326355340848,,
104,14.036500268384327,0.0067096081588835215,15.546162104133119,8.68894256575416,0.17444981213097155,8.742619431025227,22.899892646269457,20.705850778314545,9.198872785829307,,
105,14.761137949543746,0.0067096081588835215,14.962426194310252,8.668813741277509,0.16774020397208803,8.735909822866345,22.376543209876544,20.645464304884594,9.675254965110037,,
106,14.989264626945786,,14.190821256038648,8.668813741277509,0.16774020397208803,9.426999463231347,21.967257112184647,20.913848631239937,9.675254965110037,,
107,14.989264626945786,,14.17740203972088,8.225979602791197,0.16774020397208803,10.648148148148149,21.62506709608159,20.7662372517445,9.400161030595813,,
108,15.150295222758992,,14.170692431561998,7.971014492753623,0.16774020397208803,10.057702630166398,22.074610842726784,20.497852925389157,9.91009125067096,,
109,15.311325818572195,,14.076757917337627,7.467793880837359,0.16774020397208803,9.695383789586689,22.376543209876544,20.02818035426731,9.91009125067096,0.966183574879227,
110,14.673913043478262,,13.231347289318304,7.467793880837359,0.1274825550187869,9.856414385399892,23.65136876006441,18.115942028985508,11.90955448201825,0.966183574879227,
111,15.425389157273216,,12.95625335480408,6.944444444444445,0.1274825550187869,9.75577026301664,23.45679012345679,17.934782608695652,12.533548040794418,0.8655394524959742,
112,15.378421900161031,,12.761674718196458,6.816961889425658,0.1274825550187869,10.661567364465915,23.64465915190553,17.72007514761138,12.030327428878154,0.8588298443370908,
113,15.385131508319914,,12.754965110037574,7.27992485238862,0.1274825550187869,10.312667740203972,24.06736446591519,17.431561996779386,11.782071926999464,0.8588298443370908,
114,14.942297369833602,,13.278314546430488,6.1929683306494905,0.1274825550187869,11.56736446591519,23.926462694578635,17.10950080515298,11.996779388083736,0.8588298443370908,
115,14.794685990338165,,13.036768652710682,6.152710681696189,0.1274825550187869,13.231347289318304,22.725442834138487,17.277241009125067,11.79549114331723,0.8588298443370908,
116,14.888620504562533,,12.788513150831992,5.938003220611916,0.1274825550187869,13.20450885668277,23.872785829307567,16.525764895330113,11.79549114331723,0.8588298443370908,
117,14.834943639291465,,12.285292538915728,6.427804616210413,0.1274825550187869,13.20450885668277,23.872785829307567,16.76731078904992,11.621041331186259,0.8588298443370908,
118,14.794685990338165,,12.23161567364466,6.286902844873859,0.1274825550187869,13.674181427804616,24.22168545356951,16.183574879227052,11.621041331186259,0.8588298443370908,
119,14.63365539452496,,12.02361782071927,6.286902844873859,0.1274825550187869,14.586688137412775,24.00697799248524,16.317767042404725,11.158078368223295,0.8588298443370908,
120,15.076489533011273,,12.02361782071927,6.286902844873859,0.1274825550187869,14.586688137412775,24.00697799248524,15.874932903918411,11.158078368223295,0.8588298443370908,
121,14.848362855609233,,12.016908212560386,6.206387546967257,0.1274825550187869,15.076489533011273,23.866076221148685,15.841384863123993,11.158078368223295,0.8588298443370908,
122,14.51959205582394,,11.996779388083736,6.206387546967257,0.1274825550187869,15.881642512077295,24.174718196457327,15.646806226516372,10.587761674718196,0.8588298443370908,
123,14.942297369833602,,11.473429951690822,6.890767579173376,0.1274825550187869,15.787707997852925,24.342458400429415,15.539452495974235,10.037573805689748,0.8588298443370908,
124,14.942297369833602,,11.426462694578637,6.602254428341385,0.0067096081588835215,15.579710144927537,24.12104133118626,15.197262479871176,11.265432098765432,0.8588298443370908,
125,14.459205582393988,,11.245303274288782,6.340579710144928,0.0067096081588835215,15.24422973698336,24.550456253354803,14.861782071927,12.432903918411165,0.8588298443370908,
126,14.439076757917338,,10.775630703166936,6.501610305958132,0.0067096081588835215,14.418947933440688,24.44310252281267,14.861782071927,13.694310252281268,0.8588298443370908,
127,14.184111647879764,,10.775630703166936,6.501610305958132,0.0067096081588835215,15.230810520665592,24.711486849168008,14.579978529253891,13.157541599570585,0.8521202361782072,
128,14.38539989264627,,10.742082662372518,6.501610305958132,0.0067096081588835215,15.230810520665592,24.745034889962426,14.378690284487385,13.157541599570585,0.8521202361782072,
129,14.31159420289855,,10.61460010735373,6.461352657004831,0.0067096081588835215,15.096618357487923,24.684648416532475,14.412238325281804,13.560118089103597,0.8521202361782072,
130,14.566559312936125,,10.258990874932904,7.0383789586688135,0.0067096081588835215,14.53972088030059,25.11406333870102,14.190821256038648,13.43263553408481,0.8521202361782072,
131,13.862050456253355,,10.158346752549651,7.96430488459474,0.0067096081588835215,14.573268921095009,25.637412775093935,14.06333870101986,12.882447665056361,0.8521202361782072,
132,13.311862587224907,,9.997316156736447,7.96430488459474,0.0067096081588835215,14.210950080515298,27.106816961889425,13.43263553408481,13.117283950617283,0.8521202361782072,
133,13.365539452495975,,9.950348899624261,7.96430488459474,0.0067096081588835215,14.251207729468598,27.76435856146001,12.848899624261943,12.99651100375738,0.8521202361782072,
134,13.66076221148685,,9.903381642512077,7.96430488459474,0.0067096081588835215,13.83521202361782,28.27428878153516,12.506709608158884,12.99651100375738,0.8521202361782072,
135,13.982823403113258,,9.796027911969942,7.776435856146001,0.0067096081588835215,13.83521202361782,28.495705850778315,12.258454106280194,12.99651100375738,0.8521202361782072,
136,14.304884594739667,,9.554482018250134,7.776435856146001,0.0067096081588835215,13.83521202361782,28.039452495974235,12.634192163177671,12.99651100375738,0.8521202361782072,
137,13.754696725711218,,9.903381642512077,8.051529790660226,0.0067096081588835215,13.405797101449275,28.341384863123995,12.432903918411165,13.251476113794954,0.8521202361782072,
138,14.002952227589908,,9.997316156736447,8.313204508856682,0.0067096081588835215,13.607085346215781,28.395061728395063,11.647879763821793,13.177670424047236,0.8521202361782072,
139,14.016371443907676,,9.829575952764358,8.165593129361245,0.0067096081588835215,13.546698872785829,28.972088030059044,11.43317230273752,13.177670424047236,0.8521202361782072,
140,14.15727321524423,,9.782608695652174,8.165593129361245,0.0067096081588835215,13.063607085346217,28.65673644659152,11.20504562533548,14.110305958132045,0.8521202361782072,
141,14.506172839506172,,9.426999463231347,8.158883521202362,0.0067096081588835215,12.815351583467525,29.683306494900698,10.453569511540525,14.096886741814279,0.8521202361782072,
142,14.55984970477724,,9.426999463231347,8.158883521202362,0.0067096081588835215,12.815351583467525,29.663177670424048,10.420021470746109,14.096886741814279,0.8521202361782072,
143,14.727589908749328,,9.252549651100376,8.158883521202362,0.0067096081588835215,13.050187869028449,29.582662372517444,10.258990874932904,14.110305958132045,0.8521202361782072,
144,15.170424047235642,,9.232420826623725,8.011272141706923,0.1274825550187869,12.93612453032743,29.461889425657542,10.218733225979603,13.989533011272142,0.8521202361782072,
145,15.593129361245303,,9.158615136876007,8.011272141706923,0.1274825550187869,12.681159420289855,29.59608158883521,10.11808910359635,13.862050456253355,0.8521202361782072,
146,15.942028985507246,,9.158615136876007,8.011272141706923,0.1274825550187869,12.614063338701019,29.381374127750938,10.050993022007514,13.862050456253355,0.8521202361782072,
147,15.74074074074074,,8.99087493290392,8.011272141706923,0.1274825550187869,12.567096081588835,29.931561996779386,9.950348899624261,13.828502415458937,0.8521202361782072,
148,15.72061191626409,,9.722222222222221,7.434245840042942,0.1274825550187869,12.546967257112184,30.69645732689211,9.796027911969942,13.103864734299517,0.8521202361782072,
149,15.72061191626409,,10.037573805689748,7.434245840042942,0.1274825550187869,12.822061191626409,30.475040257648953,9.66183574879227,12.869028448738593,0.8521202361782072,
150,15.72061191626409,,10.037573805689748,7.434245840042942,0.1274825550187869,12.52012882447665,30.797101449275363,9.64170692431562,12.869028448738593,0.8521202361782072,
151,16.411701556629094,,10.030864197530864,7.4208266237251745,0.1274825550187869,12.473161567364466,30.48174986580784,9.64170692431562,12.560386473429952,0.8521202361782072,
152,16.109769189479334,,8.977455716586151,8.641975308641975,0.1274825550187869,12.385936661298981,30.46833064949007,9.64170692431562,12.795222758990874,0.8521202361782072,
153,16.834406870638755,,8.749329039184111,8.641975308641975,0.1274825550187869,12.694578636607622,29.898013955984972,9.326355340848094,12.875738056897477,0.8521202361782072,
154,16.982018250134193,,8.185721953837897,9.286097691894794,0.1274825550187869,12.526838432635534,30.347557702630166,8.816425120772946,12.875738056897477,0.8521202361782072,
155,17.008856682769725,,7.749597423510467,9.749060654857756,0.1274825550187869,12.647611379495437,30.64278046162104,8.816425120772946,12.406065485775631,0.8521202361782072,
156,16.55931293612453,,7.407407407407407,9.728931830381105,0.1274825550187869,13.39237788513151,30.367686527106816,8.789586688137414,12.775093934514224,0.8521202361782072,
157,16.780730005367687,,7.407407407407407,9.728931830381105,0.1274825550187869,13.311862587224907,30.307300053676865,8.769457863660762,12.714707461084272,0.8521202361782072,
158,16.304347826086957,,7.313472893183038,9.4873859366613,0.11406333870101985,14.814814814814815,30.273752012882447,8.76274825550188,12.077294685990339,0.8521202361782072,
159,15.821256038647343,,7.239667203435319,10.111379495437467,0.11406333870101985,14.533011272141707,30.48174986580784,8.735909822866345,12.164519592055823,0.798443370907139,
160,15.418679549114332,,6.642512077294686,10.581052066559312,0.11406333870101985,14.680622651637144,31.95115405260333,8.165593129361245,11.647879763821793,0.798443370907139,
161,15.92860976918948,,6.642512077294686,10.413311862587225,0.11406333870101985,14.935587761674718,31.602254428341386,8.152173913043478,11.41304347826087,0.798443370907139,
162,15.633387010198604,,6.642512077294686,10.406602254428341,0.11406333870101985,14.358561460010735,32.54830917874396,8.105206655931294,11.392914653784219,0.798443370907139,
163,15.901771336553946,,6.642512077294686,10.406602254428341,0.11406333870101985,14.278046162104133,32.360440150295226,8.105206655931294,11.392914653784219,0.798443370907139,
164,16.324476650563607,,6.642512077294686,10.406602254428341,0.10735373054213634,14.170692431561998,32.05179817498658,8.105206655931294,11.392914653784219,0.798443370907139,
165,16.53918411164788,,7.991143317230274,9.386741814278047,0.10735373054213634,13.6406333870102,32.347020933977454,7.957595276435856,11.231884057971014,0.798443370907139,
166,16.7337627482555,,7.763016639828234,9.219001610305957,0.10735373054213634,13.600375738056897,32.31347289318304,7.568438003220612,11.896135265700483,0.798443370907139,
167,16.72705314009662,,7.561728395061729,8.964036500268385,0.10735373054213634,13.298443370907139,32.75630703166935,7.380568974771873,11.896135265700483,1.3083735909822867,
168,16.59286097691895,,7.501341921631776,8.964036500268385,0.10735373054213634,13.238056897477188,33.319914117015564,7.246376811594203,11.721685453569512,1.3083735909822867,
169,16.190284487385938,,7.454374664519592,8.964036500268385,0.10735373054213634,13.841921631776705,33.279656468062264,7.1725711218464845,11.681427804616211,1.3083735909822867,
170,16.458668813741276,,7.333601717659689,8.917069243156199,0.10735373054213634,13.841921631776705,33.293075684380035,7.14573268921095,11.594202898550725,1.3083735909822867,
171,16.63311862587225,,7.333601717659689,8.917069243156199,0.10735373054213634,13.694310252281268,33.2662372517445,7.14573268921095,11.594202898550725,1.3083735909822867,
172,16.14331723027375,,7.004830917874396,8.917069243156199,0.10735373054213634,14.31159420289855,33.78958668813741,6.904186795491143,11.513687600644122,1.3083735909822867,
173,16.210413311862588,,6.937734836285561,8.917069243156199,0.10735373054213634,14.284755770263017,33.9975845410628,6.904186795491143,11.332528180354267,1.3083735909822867,
174,16.203703703703702,,6.729736983360172,8.917069243156199,0.10735373054213634,14.794685990338165,33.68894256575416,6.984702093397746,11.265432098765432,1.3083735909822867,
175,16.928341384863124,,6.689479334406871,9.373322597960279,0.10735373054213634,15.183843263553408,32.33360171765969,6.790123456790123,11.392914653784219,1.2010198604401503,
176,17.028985507246375,,6.689479334406871,9.373322597960279,0.10735373054213634,15.485775630703166,31.93773483628556,6.78341384863124,11.392914653784219,1.2010198604401503,
177,16.988727858293075,,6.689479334406871,9.373322597960279,0.10735373054213634,15.485775630703166,32.19940955448202,6.561996779388084,11.392914653784219,1.2010198604401503,
178,17.270531400966185,,6.447933440687064,9.373322597960279,0.10735373054213634,15.063070316693505,32.420826623725176,6.286902844873859,11.829039184111648,1.2010198604401503,
179,17.404723564143854,,6.447933440687064,9.23913043478261,0.10735373054213634,15.063070316693505,32.420826623725176,6.286902844873859,11.829039184111648,1.2010198604401503,
180,17.76033279656468,,7.051798174986581,9.098228663446054,0.10735373054213634,15.063070316693505,32.15244229736983,6.273483628556092,11.292270531400966,1.2010198604401503,
181,16.968599033816425,,7.313472893183038,8.769457863660762,0.10735373054213634,15.666935050993022,32.018250134192165,6.260064412238325,11.292270531400966,1.6035963499731616,
182,17.09608158883521,,7.306763285024155,8.769457863660762,0.10735373054213634,15.60654857756307,32.058507783145465,6.159420289855072,11.292270531400966,1.6035963499731616,
183,17.09608158883521,,7.306763285024155,8.769457863660762,0.10735373054213634,15.60654857756307,32.058507783145465,6.159420289855072,11.292270531400966,1.6035963499731616,
184,16.458668813741276,,7.306763285024155,9.23913043478261,0.10735373054213634,16.1231884057971,31.924315619967793,6.159420289855072,11.077563070316694,1.6035963499731616,
185,16.841116478797638,,7.192699946323135,8.984165324745035,0.10735373054213634,16.109769189479334,32.024959742351044,6.119162640901771,10.95679012345679,0.7648953301127214,0.8990874932903918
186,16.941760601180892,,7.192699946323135,8.84326355340848,0.10735373054213634,15.70048309178744,32.30005367686527,6.0587761674718195,11.191626409017713,0.7648953301127214,0.8990874932903918
187,16.760601180891037,,7.14573268921095,8.776167471819646,0.10735373054213634,15.673644659151906,32.27321524422974,6.0587761674718195,11.540526033279656,0.7648953301127214,0.8990874932903918
188,16.76731078904992,,6.91760601180891,8.695652173913043,0.0939345142243693,15.378421900161031,32.1658615136876,6.0587761674718195,12.258454106280194,0.7648953301127214,0.8990874932903918
189,16.774020397208805,,6.91760601180891,8.662104133118627,0.0939345142243693,15.35829307568438,32.17928073000537,6.0587761674718195,12.211486849168008,1.0064412238325282,0.7380568974771873
190,16.49892646269458,,7.944176060118089,8.017981749865807,0.0939345142243693,15.210681696188942,32.367149758454104,5.938003220611916,12.204777241009126,0.9863123993558777,0.7380568974771873
191,16.854535695115406,,7.944176060118089,8.017981749865807,0.0939345142243693,15.123456790123457,32.118894256575416,5.917874396135265,12.204777241009126,0.9863123993558777,0.7380568974771873
192,17.290660225442835,,7.944176060118089,8.017981749865807,0.0939345142243693,15.002683843263553,31.97799248523886,5.917874396135265,12.030327428878154,0.9863123993558777,0.7380568974771873
193,17.01556629092861,,8.353462157809984,8.13875469672571,0.0939345142243693,14.841653247450349,31.736446591519055,5.917874396135265,12.177938808373591,0.9863123993558777,0.7380568974771873
194,17.216854535695116,,8.3064949006978,7.917337627482555,0.0939345142243693,14.962426194310252,31.843800322061192,5.850778314546431,12.084004294149223,0.9863123993558777,0.7380568974771873
195,17.10950080515298,,8.3064949006978,7.917337627482555,0.0939345142243693,14.861782071927,32.1658615136876,5.736714975845411,12.084004294149223,0.9863123993558777,0.7380568974771873
196,17.317498658078367,,8.266237251744498,8.266237251744498,0.0939345142243693,14.855072463768115,31.816961889425656,5.615942028985507,12.04374664519592,0.9863123993558777,0.7380568974771873
197,17.713365539452496,,8.252818035426731,8.111916264090176,0.0939345142243693,14.855072463768115,31.588835212023618,5.615942028985507,12.04374664519592,0.9863123993558777,0.7380568974771873
198,17.713365539452496,,8.252818035426731,8.111916264090176,0.0939345142243693,15.666935050993022,30.776972624798713,5.615942028985507,12.04374664519592,0.9863123993558777,0.7380568974771873
199,17.579173376274827,,8.252818035426731,8.031400966183575,0.0939345142243693,15.673644659151906,31.146001073537306,5.60252281266774,11.896135265700483,0.9863123993558777,0.7380568974771873
200,17.458400429414922,,8.125335480407944,8.004562533548041,0.0939345142243693,15.58641975308642,31.313741277509394,5.522007514761138,11.768652710681696,1.3888888888888888,0.7380568974771873
201,17.76033279656468,,8.125335480407944,8.004562533548041,0.0939345142243693,15.499194847020934,31.206387546967257,5.522007514761138,11.66129898013956,1.3888888888888888,0.7380568974771873
202,18.136070853462158,,8.125335480407944,7.9106280193236715,0.0939345142243693,15.45222758990875,31.085614600107355,5.508588298443371,11.560654857756306,1.3888888888888888,0.7380568974771873
203,18.10252281266774,,8.125335480407944,7.830112721417069,0.0939345142243693,15.881642512077295,30.770263016639827,5.508588298443371,11.560654857756306,1.3888888888888888,0.7380568974771873
204,18.149490069779926,,8.769457863660762,7.796564680622652,0.0939345142243693,15.747450348899624,31.17283950617284,5.508588298443371,10.63472893183038,1.3888888888888888,0.7380568974771873
205,17.975040257648953,,8.769457863660762,8.319914117015566,0.0939345142243693,15.197262479871176,30.99838969404187,5.508588298443371,11.010466988727858,1.3888888888888888,0.7380568974771873
206,17.975040257648953,,8.769457863660762,8.319914117015566,0.0939345142243693,15.197262479871176,30.99838969404187,5.508588298443371,11.010466988727858,1.3888888888888888,0.7380568974771873
207,17.867686527106816,,8.769457863660762,8.319914117015566,0.0939345142243693,15.197262479871176,31.105743424584006,5.508588298443371,11.010466988727858,1.3888888888888888,0.7380568974771873
208,17.599302200751477,,7.96430488459474,8.903650026838433,0.0939345142243693,15.08990874932904,31.092324208266238,5.501878690284487,10.929951690821255,2.086688137412775,0.7380568974771873
209,17.72007514761138,,7.96430488459474,8.769457863660762,0.0939345142243693,14.99597423510467,31.199677938808374,5.501878690284487,10.929951690821255,2.086688137412775,0.7380568974771873
210,17.881105743424584,,7.944176060118089,8.702361782071927,0.0939345142243693,14.99597423510467,31.179549114331724,5.448201825013419,10.929951690821255,2.086688137412775,0.7380568974771873
211,18.16290928609769,,7.944176060118089,8.702361782071927,0.0939345142243693,14.942297369833602,30.951422436929683,5.448201825013419,10.929951690821255,2.086688137412775,0.7380568974771873
212,17.934782608695652,,7.924047235641439,8.702361782071927,0.0939345142243693,14.546430488459475,31.608964036500268,5.441492216854535,10.923242082662373,2.086688137412775,0.7380568974771873
213,17.934782608695652,,7.924047235641439,8.702361782071927,0.0939345142243693,14.546430488459475,31.608964036500268,5.441492216854535,10.923242082662373,2.086688137412775,0.7380568974771873
214,18.055555555555557,,7.924047235641439,8.702361782071927,0.0939345142243693,14.546430488459475,31.528448738593667,5.401234567901234,10.923242082662373,2.086688137412775,0.7380568974771873
215,18.243424584004295,,7.917337627482555,8.541331186258722,0.0939345142243693,14.922168545356952,31.46135265700483,5.401234567901234,10.59447128287708,2.086688137412775,0.7380568974771873
216,18.243424584004295,,7.917337627482555,8.105206655931294,0.0939345142243693,14.727589908749328,31.367418142780462,5.401234567901234,11.3191089640365,2.086688137412775,0.7380568974771873
217,18.243424584004295,,7.917337627482555,8.105206655931294,0.0939345142243693,14.727589908749328,31.367418142780462,5.401234567901234,11.3191089640365,2.086688137412775,0.7380568974771873
218,18.766774020397207,,7.917337627482555,8.105206655931294,0.0939345142243693,14.727589908749328,31.09903381642512,5.347557702630167,11.117820719269995,2.086688137412775,0.7380568974771873
219,18.766774020397207,,7.917337627482555,8.105206655931294,0.0939345142243693,14.727589908749328,31.09903381642512,5.347557702630167,11.117820719269995,1.9189479334406871,0.9057971014492754
220,18.659420289855074,,7.917337627482555,8.105206655931294,0.0939345142243693,14.673913043478262,31.293612453032743,5.314009661835748,11.117820719269995,1.9189479334406871,0.9057971014492754
221,18.659420289855074,,7.917337627482555,8.105206655931294,0.0939345142243693,14.40552871712292,31.561996779388085,5.314009661835748,11.117820719269995,1.9189479334406871,0.9057971014492754
222,18.739935587761675,,7.595276435856146,8.105206655931294,0.0939345142243693,15.304616210413311,31.00509930220075,5.287171229200215,11.044015029522276,1.9189479334406871,0.9057971014492754
223,18.303811057434245,,7.48792270531401,8.105206655931294,0.0939345142243693,15.26435856146001,30.99838969404187,5.287171229200215,11.634460547504025,1.9189479334406871,0.9057971014492754
224,18.250134192163177,,7.689210950080516,7.87037037037037,0.0939345142243693,15.230810520665592,31.588835212023618,5.112721417069243,11.33923778851315,1.9189479334406871,0.9057971014492754
225,18.4447128287708,,7.689210950080516,7.5348899624261945,0.0939345142243693,15.311325818572195,31.749865807836823,5.01207729468599,11.33923778851315,1.9189479334406871,0.9057971014492754
226,18.4447128287708,,7.689210950080516,7.5348899624261945,0.0939345142243693,15.311325818572195,31.749865807836823,5.01207729468599,11.33923778851315,1.9189479334406871,0.9057971014492754
227,18.276972624798713,,8.333333333333334,7.454374664519592,0.0939345142243693,15.257648953301127,31.749865807836823,5.01207729468599,11.33923778851315,1.8183038110574343,0.6642512077294686
