,40,45,50,51,52,54,55,53,41
0,3.475577026301664,95.20933977455717,1.3150831991411702,,,,,,
1,5.025496511003757,73.91304347826087,21.061460010735374,,,,,,
2,4.26731078904992,31.93773483628556,57.971014492753625,5.8239398819108965,,,,,
3,3.4017713365539453,22.48389694041868,69.96779388083736,1.6975308641975309,0.2952227589908749,2.15378421900161,,,
4,4.663177670424047,22.48389694041868,69.12238325281804,1.6975308641975309,0.2952227589908749,1.3016639828234031,0.43612453032742887,,
5,6.052066559312936,22.128287707997853,64.85507246376811,1.6975308641975309,0.2952227589908749,3.0730005367686526,1.8988191089640365,,
6,7.071926999463232,22.128287707997853,62.8690284487386,1.6975308641975309,0.2952227589908749,2.8918411164787976,3.046162104133119,,
7,9.809447128287708,18.06897477187332,64.67391304347827,1.6975308641975309,0.2952227589908749,2.791196994095545,2.6637144390767578,,
8,13.6406333870102,17.66639828234031,60.339506172839506,1.6975308641975309,0.2952227589908749,2.791196994095545,3.569511540526033,,
9,15.599838969404187,17.371175523349436,58.272946859903385,1.6975308641975309,0.2952227589908749,2.791196994095545,3.9720880300590444,,
10,17.37788513150832,17.09608158883521,55.58910359634997,1.6975308641975309,0.2952227589908749,3.9720880300590444,3.9720880300590444,,
11,16.666666666666668,15.995705850778315,48.93317230273752,7.018250134192163,3.4420289855072466,3.9720880300590444,3.9720880300590444,,
12,17.67981749865808,14.80810520665593,47.60466988727858,7.018250134192163,3.4420289855072466,3.9720880300590444,5.475040257648954,,
13,14.257917337627482,8.635265700483092,65.18384326355341,1.6975308641975309,1.482823403113258,3.92512077294686,4.817498658078368,,
14,15.841384863123993,7.071926999463232,62.68115942028985,4.549114331723027,1.482823403113258,3.6231884057971016,4.750402576489533,,
15,12.52012882447665,3.5426731078904994,70.11540526033279,1.6975308641975309,0.7514761137949544,2.13365539452496,4.723564143853999,4.51556629092861,
16,10.909822866344605,3.535963499731616,76.34863123993559,0.9728931830381106,0.7514761137949544,1.5767579173376274,4.7168545356951155,1.1876006441223832,
17,8.80300590445518,1.6505636070853462,82.21282877079979,0.9192163177670424,0.5233494363929146,1.5767579173376274,2.737520128824477,1.1876006441223832,0.38915727321524424
18,7.595276435856146,1.6505636070853462,83.15217391304348,0.9192163177670424,0.0067096081588835215,1.5767579173376274,2.6435856146001075,1.1876006441223832,1.2681159420289856
19,8.246108427267847,1.6505636070853462,78.16693505099302,3.556092324208266,0.0067096081588835215,3.2742887815351582,2.6435856146001075,1.1876006441223832,1.2681159420289856
20,10.534084809447128,1.6505636070853462,76.46940418679549,3.556092324208266,0.0067096081588835215,3.2742887815351582,2.2745571658615136,1.1876006441223832,1.0466988727858293
21,11.399624261943103,1.6505636070853462,74.14787976382179,3.556092324208266,0.0067096081588835215,2.985775630703167,4.019055287171229,1.1876006441223832,1.0466988727858293
22,11.882716049382717,1.6170155662909287,70.75281803542673,6.166129898013956,0.0067096081588835215,2.844873859366613,3.9720880300590444,1.1876006441223832,1.570048309178744
23,13.036768652710682,1.6170155662909287,68.90096618357488,6.166129898013956,0.0067096081588835215,3.5426731078904994,3.9720880300590444,1.1876006441223832,1.570048309178744
24,14.331723027375201,1.6035963499731616,66.90150295222759,6.166129898013956,0.0067096081588835215,3.5426731078904994,3.9720880300590444,1.90552871712292,1.570048309178744
25,9.4873859366613,0.46296296296296297,82.61540526033279,2.24771873322598,0.0067096081588835215,2.120236178207193,2.49597423510467,0.040257648953301126,0.5233494363929146
26,10.037573805689748,0.46296296296296297,82.06521739130434,2.24771873322598,0.0067096081588835215,2.120236178207193,2.49597423510467,0.040257648953301126,0.5233494363929146
27,10.513955984970478,0.322061191626409,71.32313472893183,13.063607085346217,0.0067096081588835215,2.120236178207193,2.1269457863660763,,0.5233494363929146
28,10.648148148148149,0.20128824476650564,80.97826086956522,3.5225442834138487,0.0067096081588835215,1.9927536231884058,2.1269457863660763,,0.5233494363929146
29,12.801932367149758,0.1878690284487386,76.04669887278583,3.5225442834138487,0.0067096081588835215,1.9927536231884058,2.1269457863660763,2.791196994095545,0.5233494363929146
30,14.016371443907676,0.1878690284487386,74.01368760064412,5.367686527106817,0.0067096081588835215,1.402308105206656,1.6908212560386473,2.791196994095545,0.5233494363929146
31,14.184111647879764,0.14761137949543746,72.926731078905,5.367686527106817,0.0067096081588835215,1.402308105206656,2.6502952227589907,2.791196994095545,0.5233494363929146
32,15.163714439076758,0.14761137949543746,71.83306494900698,5.367686527106817,0.0067096081588835215,1.402308105206656,2.5563607085346214,2.7643585614600106,0.7581857219538379
33,15.74074074074074,0.14761137949543746,69.61889425657542,5.367686527106817,0.0067096081588835215,2.6704240472356413,2.5563607085346214,2.7643585614600106,1.1272141706924315
34,16.948470209339774,0.10064412238325282,67.40472356414385,5.293880837359098,0.0067096081588835215,2.6704240472356413,3.683574879227053,2.7643585614600106,1.1272141706924315
35,18.491680085882983,0.10064412238325282,63.66747181964573,5.193236714975845,0.0067096081588835215,2.6502952227589907,3.0730005367686526,5.246913580246914,1.570048309178744
36,21.83977455716586,0.0939345142243693,60.27241009125067,5.71658615136876,0.0067096081588835215,2.6502952227589907,3.0730005367686526,4.777241009125067,1.570048309178744
37,22.134997316156735,0.0939345142243693,61.05072463768116,3.911701556629093,,2.6502952227589907,3.0730005367686526,5.5689747718733225,1.5163714439076759
38,24.86580783682233,0.0939345142243693,57.50134192163178,3.911701556629093,,2.6502952227589907,4.032474503488996,5.428073000536768,1.5163714439076759
39,25.261674718196456,0.07380568974771873,55.43478260869565,3.911701556629093,2.4691358024691357,2.6502952227589907,4.019055287171229,4.663177670424047,1.5163714439076759
40,24.134460547504027,0.07380568974771873,59.91009125067096,3.126677402039721,1.6170155662909287,3.3011272141706924,3.9519592055823938,3.8848631239935587,
41,25.288513150831992,0.07380568974771873,58.756038647343,3.126677402039721,1.6170155662909287,3.3011272141706924,3.9519592055823938,3.8848631239935587,
42,21.43719806763285,0.04696725711218465,64.91545893719807,1.8719806763285025,1.442565754159957,2.6033279656468062,3.797638217928073,3.8848631239935587,
43,21.329844337090712,0.04696725711218465,63.96269457863661,1.8719806763285025,1.442565754159957,2.6033279656468062,5.065754159957058,3.6768652710681695,
44,22.262479871175522,0.04696725711218465,66.20370370370371,1.8719806763285025,,1.4358561460010735,4.502147074610843,3.6768652710681695,
45,24.966451959205582,0.03354804079441761,61.63446054750403,1.6237251744498122,,1.0601180891035964,4.502147074610843,6.179549114331723,
46,25.758185721953836,0.03354804079441761,60.86285560923242,1.6237251744498122,,1.0601180891035964,4.502147074610843,6.159420289855072,
47,25.281803542673106,0.03354804079441761,55.92458400429415,5.12614063338701,2.804616210413312,0.2214170692431562,4.461889425657541,6.146001073537305,
48,26.31508319914117,0.03354804079441761,54.07944176060118,6.501610305958132,1.6170155662909287,1.1607622114868492,4.260601180891036,6.031937734836285,
49,28.005904455179817,0.03354804079441761,53.10654857756307,5.9447128287707995,1.6170155662909287,1.1607622114868492,4.0995705850778315,6.031937734836285,
50,29.99194847020934,0.03354804079441761,51.16076221148685,5.917874396135265,1.6170155662909287,1.1607622114868492,4.086151368760064,6.031937734836285,
51,30.649490069779926,0.03354804079441761,48.309178743961354,7.944176060118089,1.6170155662909287,1.9726247987117553,4.086151368760064,5.387815351583468,
52,32.10547504025765,0.03354804079441761,47.16183574879227,7.944176060118089,1.6170155662909287,1.892109500805153,3.8580246913580245,5.387815351583468,
53,31.4345142243693,0.03354804079441761,45.54482018250134,10.59447128287708,1.6170155662909287,1.892109500805153,3.8580246913580245,5.025496511003757,
54,31.374127750939344,0.03354804079441761,42.7133655394525,10.59447128287708,5.46833064949007,1.892109500805153,3.8580246913580245,4.066022544283414,
55,32.380568974771876,0.03354804079441761,41.74047235641439,10.560923242082662,5.46833064949007,1.892109500805153,3.8580246913580245,4.066022544283414,
56,32.420826623725176,0.03354804079441761,39.439076757917334,10.319377348362856,7.689210950080516,1.2010198604401503,3.012614063338701,5.884326355340848,
57,32.92404723564144,0.03354804079441761,38.86205045625336,10.23215244229737,7.219538378958669,1.2010198604401503,3.643317230273752,5.884326355340848,
58,34.25925925925926,0.03354804079441761,38.32528180354267,9.433709071390231,7.219538378958669,1.2010198604401503,3.643317230273752,5.884326355340848,
59,33.97074610842727,0.03354804079441761,37.76167471819646,9.433709071390231,8.53462157809984,1.0466988727858293,3.643317230273752,5.5756843800322065,
60,34.29951690821256,0.03354804079441761,37.432903918411164,9.433709071390231,8.53462157809984,1.0466988727858293,3.643317230273752,5.5756843800322065,
61,35.63472893183038,0.03354804079441761,36.09769189479334,9.433709071390231,8.53462157809984,1.0466988727858293,3.643317230273752,5.5756843800322065,
62,32.25979602791197,0.0067096081588835215,36.09769189479334,12.432903918411165,7.628824476650563,2.0128824476650564,3.4017713365539453,6.159420289855072,
63,34.70880300590446,0.0067096081588835215,34.58132045088567,11.855877616747183,7.628824476650563,1.9659151905528718,3.4017713365539453,5.850778314546431,
64,38.486312399355874,0.0067096081588835215,31.93773483628556,11.855877616747183,6.890767579173376,1.8988191089640365,3.126677402039721,5.797101449275362,
65,39.10359634997316,0.0067096081588835215,31.863929146537842,11.855877616747183,6.890767579173376,1.8988191089640365,2.5831991411701556,5.797101449275362,
66,38.35882984433709,0.0067096081588835215,30.03220611916264,12.667740203972087,6.474771873322598,2.3617820719269993,4.683306494900698,5.414653784219001,
67,38.781535158346756,0.0067096081588835215,30.03220611916264,12.338969404186795,6.474771873322598,2.3617820719269993,4.683306494900698,5.320719269994632,
68,39.18411164787977,0.0067096081588835215,29.62962962962963,12.338969404186795,6.474771873322598,2.3617820719269993,4.683306494900698,5.320719269994632,
69,38.821792807300056,0.0067096081588835215,28.428609769189478,13.902308105206655,6.474771873322598,2.3617820719269993,4.683306494900698,5.320719269994632,
70,40.324745034889965,0.0067096081588835215,27.965646806226516,12.318840579710145,5.803811057434245,3.824476650563607,4.683306494900698,5.072463768115942,
71,40.693773483628554,0.0067096081588835215,27.51610305958132,12.318840579710145,5.025496511003757,4.086151368760064,4.683306494900698,5.669618894256575,
72,41.659957058507786,0.0067096081588835215,26.86527106816962,11.949812130971551,4.502147074610843,3.7238325281803544,4.669887278582931,6.622383252818035,
73,42.008856682769725,0.0067096081588835215,26.52308105206656,11.949812130971551,4.502147074610843,3.7238325281803544,4.669887278582931,6.615673644659152,
74,42.31749865807837,0.0067096081588835215,25.308641975308642,10.93666129898014,4.502147074610843,3.7238325281803544,4.669887278582931,8.53462157809984,
75,43.022007514761135,0.0067096081588835215,25.268384326355342,10.93666129898014,4.1532474503489,3.7238325281803544,4.669887278582931,8.219269994632313,
76,41.8142780461621,0.0067096081588835215,24.785292538915726,12.627482555018787,4.1532474503489,3.7238325281803544,4.669887278582931,8.219269994632313,
77,43.001878690284485,0.0067096081588835215,24.168008588298445,12.587224906065487,4.0995705850778315,3.6366076221148687,4.5893719806763285,7.9106280193236715,
78,39.982555018786904,0.0067096081588835215,29.49543746645196,12.29200214707461,4.0995705850778315,3.6366076221148687,4.5893719806763285,5.897745571658615,
79,37.936124530327426,0.0067096081588835215,31.642512077294686,11.876006441223833,4.0995705850778315,3.629898013955985,4.911433172302737,5.897745571658615,
80,38.51315083199141,0.0067096081588835215,31.44122383252818,11.876006441223833,4.0995705850778315,3.629898013955985,4.569243156199678,5.864197530864198,
81,39.472624798711756,0.0067096081588835215,31.414385399892645,11.876006441223833,3.5762211486849167,3.629898013955985,4.569243156199678,5.4549114331723025,
82,40.4320987654321,0.0067096081588835215,30.64278046162104,11.876006441223833,3.388352120236178,3.629898013955985,4.569243156199678,5.4549114331723025,
83,41.217122920021474,0.0067096081588835215,30.609232420826622,11.171497584541063,3.388352120236178,3.629898013955985,4.569243156199678,5.407944176060118,
84,42.47181964573269,0.0067096081588835215,29.78395061728395,11.064143853998926,3.388352120236178,3.589640365002684,4.569243156199678,5.12614063338701,
85,44.14922168545357,0.0067096081588835215,28.938539989264626,10.326086956521738,3.388352120236178,3.589640365002684,4.569243156199678,5.032206119162641,
86,44.7866344605475,0.0067096081588835215,28.31454643048846,10.312667740203972,3.388352120236178,3.589640365002684,4.569243156199678,5.032206119162641,
87,45.7259796027912,0.0067096081588835215,27.91867954911433,9.769189479334408,3.388352120236178,3.589640365002684,4.569243156199678,5.032206119162641,
88,45.7259796027912,0.0067096081588835215,27.91867954911433,9.769189479334408,3.388352120236178,3.589640365002684,4.569243156199678,5.032206119162641,
89,46.49087493290392,0.0067096081588835215,27.51610305958132,9.769189479334408,3.1065485775630703,3.3145464304884595,3.7372517444981215,6.0587761674718195,
90,47.26247987117552,0.0067096081588835215,26.724369296833064,9.64170692431562,3.616478797638218,3.099838969404187,3.7372517444981215,5.911164787976382,
91,47.26247987117552,0.0067096081588835215,26.724369296833064,9.64170692431562,3.616478797638218,3.099838969404187,3.7372517444981215,5.911164787976382,
92,47.88647342995169,0.0067096081588835215,26.113794954374665,9.64170692431562,3.616478797638218,3.099838969404187,3.7238325281803544,5.911164787976382,
93,48.027375201288244,0.0067096081588835215,26.113794954374665,9.64170692431562,3.616478797638218,3.099838969404187,3.589640365002684,5.904455179817498,
94,47.1081588835212,0.0067096081588835215,25.966183574879228,8.756038647342995,5.8172302737520125,3.012614063338701,3.4286097691894795,5.904455179817498,
95,47.316156736446594,,25.939345142243692,8.581588835212024,5.8172302737520125,3.012614063338701,3.4286097691894795,5.904455179817498,
96,47.86634460547504,,25.389157273215243,8.581588835212024,5.8172302737520125,3.012614063338701,3.4286097691894795,5.904455179817498,
97,47.86634460547504,,25.389157273215243,8.581588835212024,5.8172302737520125,3.012614063338701,3.4286097691894795,5.904455179817498,
98,47.86634460547504,,25.389157273215243,8.581588835212024,5.8172302737520125,3.012614063338701,3.4286097691894795,5.904455179817498,
99,47.08132045088567,,24.402844873859365,8.57487922705314,6.769994632313473,3.9720880300590444,3.4286097691894795,5.770263016639828,
100,46.47074610842727,,26.670692431561996,8.57487922705314,5.709876543209877,3.878153515834675,3.4286097691894795,5.267042404723564,
101,46.55126140633387,,26.288244766505635,7.9106280193236715,6.6760601180891035,3.878153515834675,3.4286097691894795,5.267042404723564,
102,44.806763285024154,,25.254965110037574,11.782071926999464,5.917874396135265,4.669887278582931,2.9253891572732154,4.643048845947397,
103,46.31642512077295,,24.248523886205046,11.647879763821793,5.917874396135265,4.300858829844337,2.9253891572732154,4.643048845947397,
104,46.725711218464845,,23.376274825550187,11.460010735373054,6.843800322061192,4.300858829844337,2.7106816961889426,4.582662372517445,
105,46.866612989801396,,23.235373054213635,11.460010735373054,6.843800322061192,4.300858829844337,2.7106816961889426,4.582662372517445,
106,47.08803005904455,,24.235104669887278,10.238862050456254,6.843800322061192,4.300858829844337,2.7106816961889426,4.582662372517445,
107,47.128287707997856,,24.235104669887278,10.198604401502953,6.843800322061192,4.300858829844337,2.7106816961889426,4.582662372517445,
108,48.87278582930757,,22.879763821792807,10.010735373054214,6.843800322061192,4.133118625872249,2.7106816961889426,4.549114331723027,
109,48.91975308641975,,22.24235104669887,9.816156736446592,6.843800322061192,4.052603327965647,2.7106816961889426,5.414653784219001,
110,48.97342995169082,,22.22222222222222,9.816156736446592,6.843800322061192,4.052603327965647,2.677133655394525,5.414653784219001,
111,49.63768115942029,,21.792807300053678,9.816156736446592,6.769994632313473,3.92512077294686,2.677133655394525,5.381105743424584,
112,50.66425120772947,,21.792807300053678,9.534353193773484,6.025228126677402,3.92512077294686,2.677133655394525,5.381105743424584,
113,50.66425120772947,,21.792807300053678,9.534353193773484,6.025228126677402,3.92512077294686,2.677133655394525,5.381105743424584,
114,50.76489533011272,,21.544551798174986,9.970477724100913,6.025228126677402,3.898282340311326,2.677133655394525,5.119431025228127,
115,51.227858293075684,,21.524422973698336,9.5276435856146,6.025228126677402,3.898282340311326,2.677133655394525,5.119431025228127,
116,52.00617283950617,,20.343531937734838,8.756038647342995,6.333870101986044,4.790660225442834,2.6502952227589907,5.119431025228127,
117,52.75764895330113,,20.162372517444982,8.675523349436393,6.333870101986044,4.502147074610843,2.6502952227589907,4.918142780461621,
118,52.482555018786904,,20.162372517444982,8.165593129361245,7.118894256575416,4.502147074610843,2.6502952227589907,4.918142780461621,
119,51.972624798711756,,19.538378958668815,9.118357487922705,7.058507783145465,5.293880837359098,2.100107353730542,4.918142780461621,
120,52.361782071927,,19.176060118089104,9.118357487922705,7.058507783145465,5.293880837359098,2.073268921095008,4.918142780461621,
121,53.757380568974774,,18.552066559312937,8.93719806763285,6.769994632313473,5.293880837359098,2.073268921095008,4.616210413311863,
122,53.81105743424584,,18.53864734299517,8.93719806763285,6.769994632313473,5.293880837359098,2.073268921095008,4.575952764358561,
123,52.925389157273216,,18.33064949006978,8.400429414922169,9.373322597960279,4.884594739667204,1.5096618357487923,4.575952764358561,
124,52.925389157273216,,18.33064949006978,8.400429414922169,9.373322597960279,4.884594739667204,1.5096618357487923,4.575952764358561,
125,53.38835212023618,,17.867686527106816,8.400429414922169,9.373322597960279,4.884594739667204,1.5096618357487923,4.575952764358561,
126,53.38835212023618,,17.867686527106816,8.400429414922169,9.373322597960279,4.884594739667204,1.5096618357487923,4.575952764358561,
127,54.629629629629626,,17.847557702630166,8.360171765968868,8.59500805152979,4.4820182501341925,1.5096618357487923,4.575952764358561,
128,54.629629629629626,,17.847557702630166,8.360171765968868,8.59500805152979,4.4820182501341925,1.5096618357487923,4.575952764358561,
129,54.00563607085346,,17.793880837359097,8.172302737520129,8.561460010735374,5.421363392377885,1.4694041867954912,4.575952764358561,
130,54.00563607085346,,17.793880837359097,8.172302737520129,8.561460010735374,5.421363392377885,1.4694041867954912,4.575952764358561,
131,54.47530864197531,,17.793880837359097,8.172302737520129,8.091787439613526,5.421363392377885,1.4694041867954912,4.575952764358561,
132,54.730273752012884,,17.693236714975846,8.682232957595277,7.87037037037037,5.421363392377885,1.4694041867954912,4.133118625872249,
133,54.730273752012884,,17.693236714975846,8.682232957595277,7.87037037037037,5.421363392377885,1.4694041867954912,4.133118625872249,
134,55.01878690284487,,17.54562533548041,8.648684916800859,7.87037037037037,5.421363392377885,1.4694041867954912,4.025764895330113,
135,55.02549651100376,,17.538915727321523,8.648684916800859,7.87037037037037,5.421363392377885,1.4694041867954912,4.025764895330113,
136,54.29414922168545,,17.538915727321523,8.480944712828771,8.776167471819646,5.421363392377885,1.4694041867954912,4.019055287171229,
137,55.64949006977992,,17.20343531937735,7.950885668276973,8.742619431025227,5.226784755770263,1.4626945786366077,3.7640901771336552,
138,56.837090713902306,,16.431830381105744,7.856951154052603,8.433977455716587,5.213365539452496,1.4626945786366077,3.7640901771336552,
139,56.676060118089104,,16.344605475040257,7.722758990874933,8.319914117015566,5.213365539452496,1.4626945786366077,4.260601180891036,
140,57.8972088030059,,15.98899624261943,7.48792270531401,7.689210950080516,5.213365539452496,1.4626945786366077,4.260601180891036,
141,58.722490606548575,,15.767579173376275,7.48792270531401,7.588566827697263,4.87788513150832,1.4626945786366077,4.092860976918948,
142,58.95061728395062,,15.767579173376275,7.39398819108964,7.454374664519592,4.87788513150832,1.4626945786366077,4.092860976918948,
143,58.9573268921095,,15.76086956521739,7.39398819108964,7.454374664519592,4.87788513150832,1.4626945786366077,4.092860976918948,
144,58.9573268921095,,15.76086956521739,7.39398819108964,7.454374664519592,4.87788513150832,1.4626945786366077,4.092860976918948,
145,59.23242082662372,,15.76086956521739,7.27992485238862,7.347020933977456,4.87788513150832,1.4626945786366077,4.03918411164788,
146,59.54777241009125,,15.754159957058508,7.179280730005368,7.139023081052066,4.87788513150832,1.4626945786366077,4.03918411164788,
147,59.977187332259795,,15.754159957058508,7.139023081052066,7.139023081052066,4.488727858293076,1.4626945786366077,4.03918411164788,
148,59.977187332259795,,15.754159957058508,7.139023081052066,7.139023081052066,4.488727858293076,1.4626945786366077,4.03918411164788,
149,60.50053676865271,,15.230810520665592,7.139023081052066,7.139023081052066,4.488727858293076,1.4626945786366077,4.03918411164788,
150,61.131239935587764,,15.230810520665592,6.991411701556629,6.749865807836822,4.488727858293076,1.4626945786366077,3.9452495974235107,
151,61.580783682232955,,15.076489533011273,6.991411701556629,6.454643048845948,4.488727858293076,1.4626945786366077,3.9452495974235107,
152,61.580783682232955,,15.076489533011273,6.991411701556629,6.454643048845948,4.488727858293076,1.4626945786366077,3.9452495974235107,
153,61.68142780461621,,15.049651100375739,6.991411701556629,6.454643048845948,4.414922168545357,1.4626945786366077,3.9452495974235107,
154,62.526838432635536,,14.586688137412775,6.608964036500268,6.454643048845948,4.414922168545357,1.4626945786366077,3.9452495974235107,
155,62.92270531400966,,14.586688137412775,5.783682232957595,7.427536231884058,4.327697262479871,1.4626945786366077,3.488996242619431,
156,62.996511003757384,,14.512882447665056,5.783682232957595,7.427536231884058,4.327697262479871,1.4626945786366077,3.488996242619431,
157,62.124261943102525,,14.224369296833064,6.863929146537842,7.763016639828234,4.327697262479871,1.4626945786366077,3.2340311325818574,
158,62.124261943102525,,14.224369296833064,6.863929146537842,7.763016639828234,4.327697262479871,1.4626945786366077,3.2340311325818574,
159,62.19806763285024,,14.224369296833064,6.863929146537842,7.689210950080516,4.327697262479871,1.4626945786366077,3.2340311325818574,
160,62.66774020397209,,14.210950080515298,6.863929146537842,7.689210950080516,3.898282340311326,1.4358561460010735,3.2340311325818574,
161,63.66747181964573,,14.029790660225443,6.4345142243692965,7.300053676865271,3.898282340311326,1.4358561460010735,3.2340311325818574,
162,63.83521202361782,,14.029790660225443,6.266774020397209,7.300053676865271,3.898282340311326,1.4358561460010735,3.2340311325818574,
163,63.83521202361782,,14.029790660225443,6.266774020397209,7.300053676865271,3.898282340311326,1.4358561460010735,3.2340311325818574,
164,64.10359634997316,,14.029790660225443,6.266774020397209,7.300053676865271,3.898282340311326,1.4358561460010735,2.965646806226516,
165,64.10359634997316,,14.029790660225443,6.266774020397209,7.300053676865271,3.898282340311326,1.4358561460010735,2.965646806226516,
166,64.27804616210413,,14.009661835748792,6.219806763285024,7.300053676865271,3.898282340311326,1.328502415458937,2.965646806226516,
167,64.27804616210413,,14.009661835748792,6.219806763285024,7.300053676865271,3.898282340311326,1.328502415458937,2.965646806226516,
168,64.66720343531938,,13.882179280730005,6.1929683306494905,7.226247987117552,3.8177670424047236,1.247987117552335,2.965646806226516,
169,64.66720343531938,,13.882179280730005,6.1929683306494905,7.226247987117552,3.8177670424047236,1.247987117552335,2.965646806226516,
170,64.66720343531938,,13.882179280730005,6.1929683306494905,7.226247987117552,3.8177670424047236,1.247987117552335,2.965646806226516,
171,64.00966183574879,,13.620504562533547,7.112184648416532,7.226247987117552,3.8177670424047236,1.247987117552335,2.965646806226516,
172,64.6604938271605,,13.311862587224907,7.112184648416532,7.226247987117552,3.69699409554482,1.0265700483091786,2.965646806226516,
173,64.6604938271605,,13.311862587224907,7.112184648416532,7.226247987117552,3.69699409554482,1.0265700483091786,2.965646806226516,
174,64.75442834138487,,13.291733762748256,7.112184648416532,7.152442297369833,3.69699409554482,1.0265700483091786,2.965646806226516,
175,64.76784755770262,,13.278314546430488,7.112184648416532,7.152442297369833,3.69699409554482,1.0265700483091786,2.965646806226516,
176,65.4723564143854,,12.620772946859903,7.065217391304348,7.152442297369833,3.69699409554482,1.0265700483091786,2.965646806226516,
177,65.4723564143854,,12.620772946859903,7.065217391304348,7.152442297369833,3.69699409554482,1.0265700483091786,2.965646806226516,
178,65.7139023081052,,12.385936661298981,7.065217391304348,7.152442297369833,3.69699409554482,1.0265700483091786,2.9589371980676327,
179,65.7139023081052,,12.385936661298981,7.065217391304348,7.152442297369833,3.69699409554482,1.0265700483091786,2.9589371980676327,
180,66.02254428341385,,12.385936661298981,6.756575415995706,7.152442297369833,3.69699409554482,1.0265700483091786,2.9589371980676327,
181,66.02254428341385,,12.385936661298981,6.756575415995706,7.152442297369833,3.69699409554482,1.0265700483091786,2.9589371980676327,
182,66.38486312399355,,12.02361782071927,6.756575415995706,7.152442297369833,3.69699409554482,1.0265700483091786,2.9589371980676327,
183,66.94176060118089,,11.668008588298443,6.702898550724638,7.011540526033279,3.69699409554482,1.0265700483091786,2.952227589908749,
184,66.94176060118089,,11.668008588298443,6.702898550724638,7.011540526033279,3.69699409554482,1.0265700483091786,2.952227589908749,
185,66.94176060118089,,11.668008588298443,6.702898550724638,7.011540526033279,3.69699409554482,1.0265700483091786,2.952227589908749,
186,66.94176060118089,,11.668008588298443,6.702898550724638,7.011540526033279,3.69699409554482,1.0265700483091786,2.952227589908749,
187,66.46537842190016,,12.157809983896941,6.702898550724638,6.998121309715513,3.69699409554482,1.0265700483091786,2.952227589908749,
188,67.16317767042405,,11.936392914653783,6.226516371443908,6.998121309715513,3.69699409554482,1.0265700483091786,2.952227589908749,
189,67.16317767042405,,11.936392914653783,6.226516371443908,6.998121309715513,3.69699409554482,1.0265700483091786,2.952227589908749,
190,67.16317767042405,,11.936392914653783,6.226516371443908,6.998121309715513,3.69699409554482,1.0265700483091786,2.952227589908749,
191,67.16317767042405,,11.936392914653783,6.226516371443908,6.998121309715513,3.69699409554482,1.0265700483091786,2.952227589908749,
192,67.4718196457327,,11.936392914653783,6.226516371443908,6.689479334406871,3.69699409554482,1.0265700483091786,2.952227589908749,
193,67.4718196457327,,11.936392914653783,6.226516371443908,6.689479334406871,3.69699409554482,1.0265700483091786,2.952227589908749,
194,66.56602254428341,,11.453301127214171,7.199409554482019,6.152710681696189,3.69699409554482,1.0265700483091786,3.9049919484702094,
195,66.70021470746109,,11.453301127214171,7.098765432098766,6.152710681696189,3.69699409554482,1.0265700483091786,3.8714439076757916,
196,66.78073000536769,,11.372785829307569,7.098765432098766,6.152710681696189,3.69699409554482,1.0265700483091786,3.8714439076757916,
197,66.1231884057971,,11.345947396672035,6.857219538378959,6.152710681696189,3.69699409554482,1.0265700483091786,4.797369833601718,
198,66.1231884057971,,11.345947396672035,6.857219538378959,6.152710681696189,3.69699409554482,1.0265700483091786,4.797369833601718,
199,66.1231884057971,,11.345947396672035,6.857219538378959,6.152710681696189,3.69699409554482,1.0265700483091786,4.797369833601718,
200,66.17686527106817,,11.345947396672035,6.857219538378959,6.152710681696189,3.69699409554482,1.0265700483091786,4.74369296833065,
201,66.17686527106817,,11.345947396672035,6.857219538378959,6.152710681696189,3.69699409554482,1.0265700483091786,4.74369296833065,
202,65.80783682232958,,11.332528180354267,6.629092860976919,6.776704240472356,3.683574879227053,1.0265700483091786,4.74369296833065,
203,65.80783682232958,,11.332528180354267,6.629092860976919,6.776704240472356,3.683574879227053,1.0265700483091786,4.74369296833065,
204,65.80783682232958,,11.332528180354267,6.629092860976919,6.776704240472356,3.683574879227053,1.0265700483091786,4.74369296833065,
205,66.7740203972088,,11.332528180354267,5.917874396135265,6.769994632313473,3.643317230273752,1.0265700483091786,4.53569511540526,
206,67.21014492753623,,11.29898013955985,5.897745571658615,6.622383252818035,3.643317230273752,0.7917337627482555,4.53569511540526,
207,67.37117552334944,,11.265432098765432,5.897745571658615,6.494900697799249,3.643317230273752,0.7917337627482555,4.53569511540526,
208,67.37117552334944,,11.265432098765432,5.897745571658615,6.494900697799249,3.643317230273752,0.7917337627482555,4.53569511540526,
209,67.37788513150832,,11.265432098765432,5.897745571658615,6.494900697799249,3.643317230273752,0.7917337627482555,4.528985507246377,
210,67.60601180891035,,11.265432098765432,5.669618894256575,6.494900697799249,3.643317230273752,0.7917337627482555,4.528985507246377,
211,68.29039184111647,,11.05072463768116,5.669618894256575,6.494900697799249,3.643317230273752,0.7917337627482555,4.05931293612453,
212,68.53193773483629,,11.037305421363392,5.669618894256575,6.394256575415996,3.515834675254965,0.7917337627482555,4.05931293612453,
213,68.53193773483629,,11.037305421363392,5.669618894256575,6.394256575415996,3.515834675254965,0.7917337627482555,4.05931293612453,
214,68.01529790660226,,10.68840579710145,5.669618894256575,7.380568974771873,3.515834675254965,0.7917337627482555,3.938539989264627,
215,68.01529790660226,,10.68840579710145,5.669618894256575,7.380568974771873,3.515834675254965,0.7917337627482555,3.938539989264627,
216,68.27697262479872,,10.674986580783683,5.421363392377885,7.380568974771873,3.515834675254965,0.7917337627482555,3.938539989264627,
217,68.27697262479872,,10.674986580783683,5.421363392377885,7.380568974771873,3.515834675254965,0.7917337627482555,3.938539989264627,
218,68.27697262479872,,10.674986580783683,5.421363392377885,7.380568974771873,3.515834675254965,0.7917337627482555,3.938539989264627,
219,68.76677402039721,,10.674986580783683,4.931561996779388,7.380568974771873,3.515834675254965,0.7917337627482555,3.938539989264627,
220,68.9747718733226,,10.466988727858293,4.931561996779388,7.380568974771873,3.515834675254965,0.7917337627482555,3.938539989264627,
221,68.9747718733226,,10.466988727858293,4.931561996779388,7.380568974771873,3.515834675254965,0.7917337627482555,3.938539989264627,
222,68.9747718733226,,10.466988727858293,4.931561996779388,7.380568974771873,3.515834675254965,0.7917337627482555,3.938539989264627,
223,68.25684380032206,,10.399892646269459,4.924852388620504,7.320182501341922,3.515834675254965,0.6910896403650026,4.891304347826087,
224,69.49812130971551,,10.399892646269459,4.85775630703167,6.78341384863124,3.515834675254965,0.6910896403650026,4.253891572732153,
225,69.49812130971551,,10.399892646269459,4.85775630703167,6.78341384863124,3.515834675254965,0.6910896403650026,4.253891572732153,
226,69.49812130971551,,10.399892646269459,4.85775630703167,6.78341384863124,3.515834675254965,0.6910896403650026,4.253891572732153,
227,69.49812130971551,,10.399892646269459,4.85775630703167,6.78341384863124,3.515834675254965,0.6910896403650026,4.253891572732153,
228,69.49812130971551,,10.399892646269459,4.85775630703167,6.78341384863124,3.515834675254965,0.6910896403650026,4.253891572732153,
229,69.51825013419216,,10.399892646269459,4.85775630703167,6.763285024154589,3.515834675254965,0.6910896403650026,4.253891572732153,
230,69.51825013419216,,10.399892646269459,4.85775630703167,6.763285024154589,3.515834675254965,0.6910896403650026,4.253891572732153,
231,69.51825013419216,,10.399892646269459,4.85775630703167,6.763285024154589,3.515834675254965,0.6910896403650026,4.253891572732153,
232,69.51825013419216,,10.399892646269459,4.85775630703167,6.763285024154589,3.515834675254965,0.6910896403650026,4.253891572732153,
233,69.51825013419216,,10.399892646269459,4.85775630703167,6.763285024154589,3.515834675254965,0.6910896403650026,4.253891572732153,
234,69.51825013419216,,10.399892646269459,4.85775630703167,6.763285024154589,3.515834675254965,0.6910896403650026,4.253891572732153,
235,69.51825013419216,,10.399892646269459,4.85775630703167,6.763285024154589,3.515834675254965,0.6910896403650026,4.253891572732153,
236,69.51825013419216,,10.399892646269459,4.85775630703167,6.763285024154589,3.515834675254965,0.6910896403650026,4.253891572732153,
237,69.51825013419216,,10.399892646269459,4.85775630703167,6.763285024154589,3.515834675254965,0.6910896403650026,4.253891572732153,
238,69.51825013419216,,10.399892646269459,4.85775630703167,6.763285024154589,3.515834675254965,0.6910896403650026,4.253891572732153,
239,69.51825013419216,,10.399892646269459,4.85775630703167,6.763285024154589,3.515834675254965,0.6910896403650026,4.253891572732153,
240,69.51825013419216,,10.399892646269459,4.85775630703167,6.763285024154589,3.515834675254965,0.6910896403650026,4.253891572732153,
241,69.52495974235104,,10.393183038110575,4.85775630703167,6.763285024154589,3.515834675254965,0.6910896403650026,4.253891572732153,
242,69.55850778314546,,10.359634997316157,4.85775630703167,6.763285024154589,3.515834675254965,0.6910896403650026,4.253891572732153,
243,69.55850778314546,,10.359634997316157,4.85775630703167,6.763285024154589,3.515834675254965,0.6910896403650026,4.253891572732153,
244,70.65888352120236,,10.037573805689748,4.8376274825550185,6.085614600107354,3.435319377348363,0.6910896403650026,4.253891572732153,
245,70.65888352120236,,10.037573805689748,4.8376274825550185,6.085614600107354,3.435319377348363,0.6910896403650026,4.253891572732153,
246,70.65888352120236,,10.037573805689748,4.8376274825550185,6.085614600107354,3.435319377348363,0.6910896403650026,4.253891572732153,
247,70.65888352120236,,10.037573805689748,4.8376274825550185,6.085614600107354,3.435319377348363,0.6910896403650026,4.253891572732153,
248,70.91384863123993,,9.990606548577563,4.8376274825550185,6.085614600107354,3.227321524422974,0.6910896403650026,4.253891572732153,
249,70.91384863123993,,9.990606548577563,4.8376274825550185,6.085614600107354,3.227321524422974,0.6910896403650026,4.253891572732153,
250,71.18894256575416,,9.990606548577563,4.8376274825550185,5.810520665593129,3.227321524422974,0.6910896403650026,4.253891572732153,
251,71.24261943102523,,9.977187332259795,4.8376274825550185,5.810520665593129,3.1870638754696725,0.6910896403650026,4.253891572732153,
252,71.26274825550188,,9.957058507783145,4.8376274825550185,5.810520665593129,3.1870638754696725,0.6910896403650026,4.253891572732153,
253,71.4573268921095,,9.762479871175524,4.8376274825550185,5.810520665593129,3.1870638754696725,0.6910896403650026,4.253891572732153,
254,71.4573268921095,,9.762479871175524,4.8376274825550185,5.810520665593129,3.1870638754696725,0.6910896403650026,4.253891572732153,
255,71.53784219001611,,9.681964573268921,4.8376274825550185,5.810520665593129,3.1870638754696725,0.6910896403650026,4.253891572732153,
256,72.08803005904456,,9.64170692431562,4.730273752012883,5.407944176060118,3.1870638754696725,0.6910896403650026,4.253891572732153,
257,72.08803005904456,,9.64170692431562,4.730273752012883,5.407944176060118,3.1870638754696725,0.6910896403650026,4.253891572732153,
258,72.08803005904456,,9.64170692431562,4.730273752012883,5.407944176060118,3.1870638754696725,0.6910896403650026,4.253891572732153,
259,72.08803005904456,,9.64170692431562,4.730273752012883,5.407944176060118,3.1870638754696725,0.6910896403650026,4.253891572732153,
260,72.08803005904456,,9.64170692431562,4.730273752012883,5.407944176060118,3.1870638754696725,0.6910896403650026,4.253891572732153,
261,72.08803005904456,,9.64170692431562,4.730273752012883,5.407944176060118,3.1870638754696725,0.6910896403650026,4.253891572732153,
262,72.08803005904456,,9.64170692431562,4.730273752012883,5.407944176060118,3.1870638754696725,0.6910896403650026,4.253891572732153,
263,72.08803005904456,,9.64170692431562,4.730273752012883,5.407944176060118,3.1870638754696725,0.6910896403650026,4.253891572732153,
264,72.08803005904456,,9.64170692431562,4.730273752012883,5.407944176060118,3.1870638754696725,0.6910896403650026,4.253891572732153,
265,72.08803005904456,,9.64170692431562,4.730273752012883,5.407944176060118,3.1870638754696725,0.6910896403650026,4.253891572732153,
266,72.08803005904456,,9.64170692431562,4.730273752012883,5.407944176060118,3.1870638754696725,0.6910896403650026,4.253891572732153,
267,72.47047772410092,,9.265968867418144,4.730273752012883,5.401234567901234,3.1870638754696725,0.6910896403650026,4.253891572732153,
268,72.47047772410092,,9.265968867418144,4.730273752012883,5.401234567901234,3.1870638754696725,0.6910896403650026,4.253891572732153,
269,72.54428341384863,,9.192163177670425,4.730273752012883,5.401234567901234,3.1870638754696725,0.6910896403650026,4.253891572732153,
270,72.54428341384863,,9.192163177670425,4.730273752012883,5.401234567901234,3.1870638754696725,0.6910896403650026,4.253891572732153,
271,72.54428341384863,,9.192163177670425,4.730273752012883,5.401234567901234,3.1870638754696725,0.6910896403650026,4.253891572732153,
272,72.54428341384863,,9.192163177670425,4.730273752012883,5.401234567901234,3.1870638754696725,0.6910896403650026,4.253891572732153,
273,73.00053676865271,,8.964036500268385,4.502147074610843,5.401234567901234,3.1870638754696725,0.6910896403650026,4.253891572732153,
274,73.00053676865271,,8.964036500268385,4.502147074610843,5.401234567901234,3.1870638754696725,0.6910896403650026,4.253891572732153,
275,72.1081588835212,,8.950617283950617,4.502147074610843,5.401234567901234,4.092860976918948,0.6910896403650026,4.253891572732153,
276,72.1081588835212,,8.950617283950617,4.502147074610843,5.401234567901234,4.092860976918948,0.6910896403650026,4.253891572732153,
277,72.1081588835212,,8.950617283950617,4.502147074610843,5.401234567901234,4.092860976918948,0.6910896403650026,4.253891572732153,
278,72.58454106280193,,8.950617283950617,4.502147074610843,5.401234567901234,3.770799785292539,0.6910896403650026,4.0995705850778315,
279,72.58454106280193,,8.950617283950617,4.502147074610843,5.401234567901234,3.770799785292539,0.6910896403650026,4.0995705850778315,
280,72.58454106280193,,8.950617283950617,4.502147074610843,5.401234567901234,3.770799785292539,0.6910896403650026,4.0995705850778315,
281,72.58454106280193,,8.950617283950617,4.502147074610843,5.401234567901234,3.770799785292539,0.6910896403650026,4.0995705850778315,
282,72.58454106280193,,8.950617283950617,4.502147074610843,5.401234567901234,3.770799785292539,0.6910896403650026,4.0995705850778315,
283,72.58454106280193,,8.950617283950617,4.502147074610843,5.401234567901234,3.770799785292539,0.6910896403650026,4.0995705850778315,
284,72.60466988727859,,8.950617283950617,4.502147074610843,5.401234567901234,3.750670960815888,0.6910896403650026,4.0995705850778315,
285,72.68518518518519,,8.950617283950617,4.42163177670424,5.401234567901234,3.750670960815888,0.6910896403650026,4.0995705850778315,
