,40,45,50,51,55,52,53,54,49,48,47
0,1.0332796564680622,85.93666129898014,13.030059044551798,,,,,,,,
1,1.261406333870102,57.447665056360705,41.29092860976919,,,,,,,,
2,2.4154589371980677,42.54562533548041,55.03891572732152,,,,,,,,
3,3.488996242619431,39.49946323134729,52.01959205582394,4.428341384863124,0.5636070853462157,,,,,,
4,4.891304347826087,34.21229200214707,53.72383252818035,3.9586688137412773,3.2139023081052067,,,,,,
5,7.152442297369833,31.353998926462694,51.871980676328505,5.3274288781535155,3.2139023081052067,1.0802469135802468,,,,,
6,5.2066559312936125,17.800590445517983,64.65378421900161,6.508319914117015,2.26784755770263,1.0802469135802468,2.4825550187869028,,,,
7,6.152710681696189,15.291196994095545,63.747987117552334,5.360976918947934,4.1129898013955986,2.898550724637681,2.4355877616747184,,,,
8,7.1725711218464845,11.956521739130435,63.868760064412236,5.662909286097692,3.770799785292539,2.7844873859366612,3.992216854535695,0.7917337627482555,,,
9,7.62211486849168,10.299248523886206,62.38593666129898,5.159688674181428,4.367954911433173,4.30756843800322,4.602791196994096,1.2546967257112185,,,
10,8.675523349436393,10.111379495437467,62.453032742887814,5.293880837359098,4.367954911433173,3.2541599570585076,4.757112184648417,1.0869565217391304,,,
11,8.702361782071927,9.104938271604938,60.37305421363392,7.98443370907139,6.595544820182502,2.509393451422437,3.643317230273752,1.0869565217391304,,,
12,9.111647879763822,7.568438003220612,60.46698872785829,7.454374664519592,6.635802469135802,2.509393451422437,4.1532474503489,2.100107353730542,,,
13,10.742082662372518,6.937734836285561,55.662909286097694,8.99087493290392,7.360440150295223,2.509393451422437,4.770531400966184,2.475845410628019,0.5501878690284487,,
14,8.80300590445518,4.777241009125067,63.888888888888886,12.600644122383253,3.1870638754696725,1.90552871712292,3.535963499731616,0.7514761137949544,0.5501878690284487,,
15,10.25228126677402,4.441760601180891,58.641975308641975,15.177133655394526,4.106280193236715,3.3145464304884595,2.8918411164787976,0.7581857219538379,0.41599570585077833,,
16,11.097691894793345,3.6768652710681695,56.796833064949006,12.781803542673108,4.676596886741814,5.052334943639291,4.139828234031133,1.3620504562533549,0.41599570585077833,,
17,11.352657004830919,3.5963499731615673,54.62292002147075,11.560654857756306,5.562265163714439,5.810520665593129,4.824208266237251,2.254428341384863,0.41599570585077833,,
18,12.144390767579173,3.193773483628556,56.03193773483628,9.581320450885668,6.166129898013956,5.971551261406334,4.253891572732153,2.2410091250670963,0.41599570585077833,,
19,11.010466988727858,2.85829307568438,60.11808910359635,11.218464841653248,3.2742887815351582,2.428878153515835,5.857487922705314,2.818035426731079,0.41599570585077833,,
20,11.09098228663446,2.85829307568438,54.609500805152976,14.096886741814279,3.2742887815351582,2.4490069779924855,7.14573268921095,4.05931293612453,0.41599570585077833,,
21,9.856414385399892,2.509393451422437,63.02334943639291,11.634460547504025,1.3553408480944713,2.0665593129361244,6.273483628556092,3.052871712292002,0.2281266774020397,,
22,9.212292002147075,2.4557165861513686,59.44041867954911,13.969404186795492,2.200751476113795,2.428878153515835,6.0654857756307035,3.0327428878153517,1.1943102522812667,,
23,10.621309715512615,2.2410091250670963,57.51476113794954,16.15673644659152,2.200751476113795,1.5767579173376274,5.4616210413311865,3.0327428878153517,1.1943102522812667,,
24,10.305958132045088,1.7310789049919484,61.198336017176594,16.022544283413847,2.3081052066559313,1.5432098765432098,4.394793344068707,1.5297906602254427,0.966183574879227,,
25,8.11862587224906,1.710950080515298,73.11460010735372,8.420558239398819,0.4830917874396135,0.2549651100375738,5.441492216854535,1.4895330112721417,0.966183574879227,,
26,8.440687063875469,1.328502415458937,71.51100375738056,7.266505636070853,1.90552871712292,0.8118625872249061,4.931561996779388,2.8381642512077296,0.966183574879227,,
27,8.876811594202898,1.2748255501878691,66.74718196457327,10.265700483091788,3.717122920021471,0.6977992485238862,4.87788513150832,2.576489533011272,0.966183574879227,,
28,9.426999463231347,1.1674718196457328,63.157541599570585,9.668545356951155,6.837090713902308,0.6843800322061192,4.87788513150832,2.49597423510467,1.6841116478797638,,
29,10.352925389157273,1.0534084809447128,60.69511540526033,9.433709071390231,8.32662372517445,0.6843800322061192,4.74369296833065,3.026033279656468,1.6841116478797638,,
30,9.500805152979066,0.8990874932903918,61.81561996779388,8.668813741277509,8.628556092324208,0.644122383252818,4.435050993022007,3.92512077294686,1.482823403113258,,
31,8.809715512614064,0.8990874932903918,60.34621578099839,10.312667740203972,9.561191626409018,0.0067096081588835215,3.670155662909286,4.414922168545357,1.9793344068706387,,
32,9.380032206119163,0.7917337627482555,59.39345142243693,7.4208266237251745,10.265700483091788,0.966183574879227,4.1129898013955986,4.106280193236715,3.5628019323671496,,
33,9.96376811594203,0.7917337627482555,54.106280193236714,9.440418679549115,12.654320987654321,1.5901771336553945,3.7104133118625873,3.770799785292539,3.9720880300590444,,
34,10.903113258185721,0.7514761137949544,51.58346752549651,13.546698872785829,11.90955448201825,1.3620504562533549,2.1739130434782608,2.737520128824477,4.441760601180891,0.5904455179817498,
35,10.48040794417606,0.5770263016639828,50.12748255501879,12.848899624261943,12.855609232420827,3.3950617283950617,2.0799785292538915,3.4688674181427803,3.5762211486849167,0.5904455179817498,
36,13.036768652710682,0.5770263016639828,45.94068706387547,12.06387546967257,13.868760064412239,4.656468062265164,1.7914653784219001,3.898282340311326,3.5762211486849167,0.5904455179817498,
37,13.271604938271604,0.5367686527106817,46.71900161030596,11.372785829307569,13.217928073000536,4.528985507246377,1.3352120236178207,4.240472356414386,4.186795491143317,0.5904455179817498,
38,12.567096081588835,0.5367686527106817,43.53193773483628,9.29951690821256,13.251476113794954,6.951154052603328,1.3352120236178207,3.797638217928073,8.165593129361245,0.5636070853462157,
39,12.439613526570048,0.5300590445517982,41.928341384863124,9.131776704240472,13.868760064412239,6.6827697262479875,1.7444981213097155,4.314278046162104,7.246376811594203,2.1135265700483092,
40,13.231347289318304,0.5300590445517982,39.700751476113794,9.084809447128288,14.251207729468598,7.702630166398282,1.6438539989264627,4.012345679012346,8.756038647342995,1.0869565217391304,
41,13.331991411701557,0.5032206119162641,41.0024154589372,9.541062801932368,13.513150831991412,7.628824476650563,1.5163714439076759,3.240740740740741,9.044551798174986,0.6776704240472357,
42,12.855609232420827,0.5032206119162641,41.86124530327429,9.131776704240472,13.633923778851315,7.48792270531401,2.4557165861513686,3.7238325281803544,7.722758990874933,0.6239935587761675,
43,12.983091787439614,0.5032206119162641,40.27106816961889,8.749329039184111,12.775093934514224,7.4141170155662905,3.2004830917874396,5.756843800322061,7.722758990874933,0.6239935587761675,
44,14.096886741814279,0.5032206119162641,37.68786902844874,9.514224369296834,12.110842726784755,7.273215244229737,4.159957058507783,6.246645195920558,7.7898550724637685,0.6172839506172839,
45,14.439076757917338,0.5032206119162641,36.272141706924316,10.151637144390767,11.560654857756306,8.319914117015566,3.4957058507783145,6.9243156199677935,7.716049382716049,0.6172839506172839,
46,14.49946323134729,0.5032206119162641,37.35909822866345,9.353193773483628,10.077831454643048,8.192431561996779,5.562265163714439,6.360708534621578,7.474503488996243,0.6172839506172839,
47,14.506172839506172,0.5032206119162641,38.016639828234034,8.816425120772946,8.709071390230811,8.380300590445518,4.891304347826087,8.293075684380032,7.347020933977456,0.5367686527106817,
48,13.378958668813741,0.5032206119162641,39.44578636607622,8.051529790660226,8.380300590445518,9.306226516371444,4.690016103059581,7.830112721417069,7.877079978529254,0.5367686527106817,
49,13.419216317767042,0.5032206119162641,40.19055287171229,7.37385936661299,8.380300590445518,10.158346752549651,4.4820182501341925,7.816693505099302,7.139023081052066,0.5367686527106817,
50,13.982823403113258,0.24825550187869028,39.962426194310254,6.857219538378959,8.266237251744498,9.997316156736447,5.280461621041331,8.038110574342458,6.944444444444445,0.4227053140096618,
51,15.445517981749866,0.24825550187869028,37.6207729468599,8.849973161567364,8.259527643585615,9.346484165324744,5.267042404723564,7.763016639828234,6.776704240472356,0.4227053140096618,
52,15.344873859366613,0.23483628556092323,36.85587761674718,12.875738056897477,6.991411701556629,8.454106280193237,5.864197530864198,6.5552871712292005,6.400966183574879,0.4227053140096618,
53,14.949006977992486,0.23483628556092323,34.024422973698336,12.439613526570048,6.6827697262479875,8.454106280193237,6.360708534621578,6.66935050993022,9.863123993558776,0.322061191626409,
54,15.344873859366613,0.15432098765432098,32.21282877079979,13.050187869028449,6.642512077294686,9.722222222222221,6.360708534621578,6.508319914117015,9.863123993558776,0.14090177133655393,
55,14.083467525496511,0.08051529790660225,31.716317767042405,12.446323134728932,6.9310252281266775,9.473966720343531,6.736446591519055,6.769994632313473,11.621041331186259,0.14090177133655393,
56,14.61352657004831,0.08051529790660225,30.50858829844337,11.83574879227053,6.9310252281266775,11.258722490606548,6.655931293612453,6.461352657004831,10.198604401502953,1.4559849704777241,
57,15.814546430488459,0.08051529790660225,30.112721417069242,11.634460547504025,6.850509930220075,10.95679012345679,7.011540526033279,6.213097155126141,9.86983360171766,1.4559849704777241,
58,16.10305958132045,0.08051529790660225,29.401502952227588,11.560654857756306,6.561996779388084,10.661567364465915,8.125335480407944,6.179549114331723,9.86983360171766,1.4559849704777241,
59,16.82769726247987,0.08051529790660225,29.25389157273215,10.963499731615673,5.931293612453032,11.064143853998926,8.246108427267847,7.14573268921095,9.05126140633387,1.4358561460010735,
60,16.451959205582394,0.08051529790660225,27.536231884057973,16.935050993022006,5.3274288781535155,9.037842190016104,7.85024154589372,6.387546967257112,8.957326892109501,1.4358561460010735,
61,17.485238862050455,0.08051529790660225,26.704240472356414,16.170155662909288,5.287171229200215,9.084809447128288,7.957595276435856,7.387278582930757,8.407139023081053,1.4358561460010735,
62,16.680085882984432,0.06038647342995169,27.26113794954375,14.875201288244767,5.213365539452496,8.145464304884594,7.930756843800322,7.125603864734299,11.272141706924316,1.4358561460010735,
63,16.29092860976919,0.06038647342995169,25.261674718196456,16.411701556629094,5.441492216854535,8.494363929146537,7.803274288781535,6.910896403650026,12.983091787439614,0.3421900161030596,
64,15.425389157273216,0.0067096081588835215,24.456521739130434,16.29092860976919,5.387815351583468,8.82313472893183,7.722758990874933,7.306763285024155,14.439076757917338,0.14090177133655393,
65,14.720880300590446,0.0067096081588835215,23.43666129898014,15.411969940955448,4.294149221685454,7.635534084809447,7.011540526033279,10.057702630166398,17.28395061728395,0.14090177133655393,
66,14.707461084272678,0.0067096081588835215,23.295759527643586,15.116747181964573,4.066022544283414,8.279656468062266,6.561996779388084,10.540794417606012,17.28395061728395,0.14090177133655393,
67,14.80810520665593,0.0067096081588835215,21.93370907139023,15.499194847020934,3.992216854535695,7.997852925389157,6.736446591519055,10.285829307568438,18.646001073537306,0.0939345142243693,
68,15.063070316693505,0.0067096081588835215,23.939881910896403,15.076489533011273,4.314278046162104,7.648953301127214,6.662640901771336,9.769189479334408,17.438271604938272,0.08051529790660225,
69,14.371980676328503,0.0067096081588835215,26.301663982823403,14.620236178207193,4.240472356414386,7.749597423510467,5.730005367686527,9.4873859366613,17.411433172302736,0.08051529790660225,
70,13.009930220075148,0.0067096081588835215,22.32957595276436,16.961889425657542,3.6366076221148687,7.239667203435319,5.938003220611916,9.970477724100913,20.840042941492218,0.06709608158883522,
71,15.250939345142244,0.0067096081588835215,20.96081588835212,16.31105743424584,3.589640365002684,7.098765432098766,5.938003220611916,9.829575952764358,20.947396672034355,0.06709608158883522,
72,15.163714439076758,0.0067096081588835215,20.9272678475577,16.17686527106817,3.435319377348363,6.843800322061192,6.66935050993022,10.151637144390767,20.558239398819108,0.06709608158883522,
73,15.183843263553408,,19.94766505636071,16.06280193236715,2.717391304347826,6.843800322061192,6.615673644659152,11.05072463768116,21.511003757380568,0.06709608158883522,
74,14.65378421900161,,17.907944176060116,16.13660762211487,2.717391304347826,6.427804616210413,6.615673644659152,11.05072463768116,24.422973698336016,0.06709608158883522,
75,14.418947933440688,,19.699409554482017,15.619967793880837,2.26784755770263,8.091787439613526,6.266774020397209,10.916532474503489,22.65163714439077,0.06709608158883522,
76,14.969135802469136,,19.47128287707998,15.5126140633387,2.26784755770263,8.091787439613526,6.266774020397209,10.681696188942565,21.504294149221685,1.2345679012345678,
77,14.573268921095009,,18.99490069779925,16.29092860976919,2.214170692431562,8.99087493290392,5.958132045088567,11.211755233494364,20.974235104669887,0.7917337627482555,
78,14.606816961889425,,18.06226516371444,17.860976918947934,1.9927536231884058,8.219269994632313,6.494900697799249,11.500268384326356,20.517981749865807,0.7447665056360708,
79,15.203972088030058,,17.921363392377884,17.881105743424584,1.4090177133655395,7.7361782071927,6.944444444444445,11.741814278046162,20.417337627482556,0.7447665056360708,
80,16.364734299516908,,18.51851851851852,17.76033279656468,1.4090177133655395,7.87037037037037,6.421095008051529,11.18491680085883,19.726247987117553,0.7447665056360708,
81,17.66639828234031,,18.310520665593128,17.136339237788512,1.402308105206656,8.59500805152979,5.756843800322061,11.158078368223295,18.706387546967257,1.2681159420289856,
82,17.847557702630166,,16.0829307568438,16.78743961352657,1.402308105206656,8.57487922705314,5.756843800322061,11.158078368223295,21.121846484165324,1.2681159420289856,
83,18.968062265163713,,15.210681696188942,17.24369296833065,1.402308105206656,8.561460010735374,5.756843800322061,11.158078368223295,20.43075684380032,1.2681159420289856,
84,17.49194847020934,,15.418679549114332,17.2638217928073,1.402308105206656,9.655126140633387,5.756843800322061,11.158078368223295,20.598497047772412,1.2546967257112185,
85,17.619431025228128,,15.774288781535159,16.80756843800322,1.3821792807300053,9.561191626409018,5.756843800322061,10.943370907139023,20.90042941492217,1.2546967257112185,
86,17.143048845947398,,16.23054213633924,17.518786902844873,1.093666129898014,9.104938271604938,6.280193236714976,11.097691894793345,20.276435856146,1.2546967257112185,
87,17.793880837359097,,15.365002683843263,17.404723564143854,1.093666129898014,8.78287707997853,6.850509930220075,10.929951690821255,19.79334406870639,1.9860440150295222,
88,17.364465915190554,,14.855072463768115,21.833064949006978,0.6776704240472357,8.239398819108963,6.582125603864735,8.53462157809984,19.92753623188406,1.9860440150295222,
89,18.55877616747182,,15.908480944712828,21.39694041867955,0.6776704240472357,7.971014492753623,6.582125603864735,8.53462157809984,18.38432635534085,1.9860440150295222,
90,18.23671497584541,,16.23054213633924,20.611916264090176,0.6776704240472357,8.038110574342458,6.582125603864735,8.272946859903382,19.363929146537842,1.9860440150295222,
91,17.632850241545892,,18.364197530864196,19.652442297369834,0.6575415995705851,7.695920558239399,6.575415995705851,7.4141170155662905,18.57890499194847,3.4286097691894795,
92,17.559044551798173,,18.53864734299517,19.504830917874397,0.644122383252818,7.7898550724637685,7.132313472893183,7.0383789586688135,18.773483628556093,3.0193236714975846,
93,17.59259259259259,,17.324208266237253,19.28341384863124,0.644122383252818,9.272678475577026,6.541867954911433,7.011540526033279,19.310252281266774,3.0193236714975846,
94,18.209876543209877,,17.70665593129361,18.719806763285025,0.5636070853462157,9.084809447128288,6.400966183574879,6.830381105743425,19.53166935050993,2.952227589908749,
95,17.002147074610843,,16.6129898013956,18.38432635534085,0.5636070853462157,10.258990874932904,5.770263016639828,6.749865807836822,21.70558239398819,2.952227589908749,
96,17.143048845947398,,16.418411164787976,18.57890499194847,0.5501878690284487,10.245571658615138,5.481749865807837,6.702898550724638,21.926999463231347,2.952227589908749,
97,16.606280193236714,,16.056092324208265,18.9747718733226,0.5434782608695652,9.856414385399892,6.380837359098229,6.702898550724638,21.926999463231347,2.952227589908749,
98,17.559044551798173,,16.190284487385938,18.96135265700483,0.46967257112184646,9.534353193773484,6.367418142780462,6.702898550724638,21.26274825550188,2.952227589908749,
99,18.646001073537306,,15.868223295759528,17.840848094471284,0.4495437466451959,9.312936124530328,6.649221685453569,6.655931293612453,20.853462157809982,3.7238325281803544,
100,19.79334406870639,,15.579710144927537,17.10950080515298,0.3757380568974772,10.446859903381643,6.468062265163715,6.8035426731078905,20.229468599033815,3.193773483628556,
101,19.685990338164252,,16.324476650563607,16.55931293612453,0.3757380568974772,10.668276972624799,6.468062265163715,6.521739130434782,20.21604938271605,3.180354267310789,
102,19.384057971014492,,16.11647879763822,16.344605475040257,0.10064412238325282,11.3593666129898,6.206387546967257,6.830381105743425,20.477724100912507,3.180354267310789,
103,18.49838969404187,,16.183574879227052,15.465646806226516,0.10064412238325282,12.084004294149223,6.146001073537305,6.535158346752549,22.08132045088567,2.9052603327965647,
104,18.256843800322063,,15.841384863123993,16.13660762211487,0.10064412238325282,12.265163714439076,6.119162640901771,6.521739130434782,21.85319377348363,2.9052603327965647,
105,18.739935587761675,,14.63365539452496,16.941760601180892,0.10064412238325282,12.097423510466989,5.622651637144391,6.494900697799249,22.57783145464305,2.791196994095545,
106,19.612184648416534,,14.331723027375201,16.700214707461082,0.10064412238325282,12.560386473429952,5.12614063338701,6.078904991948471,23.09447128287708,2.395330112721417,
107,19.706119162640903,,14.942297369833602,17.14975845410628,0.04696725711218465,12.245034889962426,4.790660225442834,5.770263016639828,22.416800858829845,2.932098765432099,
108,20.759527643585614,,14.378690284487385,16.935050993022006,0.04696725711218465,12.412775093934513,4.790660225442834,5.589103596349974,21.62506709608159,3.4621578099838968,
109,20.38378958668814,,14.371980676328503,17.713365539452496,0.04696725711218465,12.090713902308105,5.662909286097692,5.401234567901234,20.86688137412775,3.4621578099838968,
110,20.658883521202362,,15.70048309178744,17.424852388620504,0.04696725711218465,12.090713902308105,5.662909286097692,4.891304347826087,20.061728395061728,3.4621578099838968,
111,20.77294685990338,,15.68035426731079,16.941760601180892,0.04696725711218465,12.835480407944177,5.434782608695652,4.891304347826087,19.96779388083736,3.4286097691894795,
112,19.55179817498658,,14.459205582393988,16.55931293612453,0.04696725711218465,13.627214170692431,5.622651637144391,4.804079441760601,21.155394524959743,4.17337627482555,
113,18.50509930220075,,14.928878153515834,15.022812667740205,0.04696725711218465,14.163982823403114,7.206119162640902,4.804079441760601,21.544551798174986,3.7775093934514223,
114,19.068706387546968,,14.9020397208803,13.922436929683306,0.04696725711218465,14.74771873322598,7.863660762211487,4.636339237788513,21.289586688137412,3.5225442834138487,
115,18.88083735909823,,14.284755770263017,14.573268921095009,0.04696725711218465,15.49248523886205,7.856951154052603,4.441760601180891,20.90042941492217,3.5225442834138487,
116,18.06897477187332,,14.492753623188406,14.251207729468598,0.04696725711218465,16.10305958132045,8.272946859903382,4.0995705850778315,20.169082125603865,3.965378421900161,0.5300590445517982
117,18.45813204508857,,14.2914653784219,13.654052603327965,0.040257648953301126,16.586151368760063,9.07139023081052,3.421900161030596,19.981213097155127,3.965378421900161,0.5300590445517982
118,18.65271068169619,,14.694041867954912,13.506441223832528,0.040257648953301126,16.324476650563607,8.870101986044014,3.046162104133119,20.37037037037037,3.965378421900161,0.5300590445517982
119,18.907675791733762,,14.210950080515298,13.305152979066023,0.03354804079441761,16.545893719806763,8.789586688137414,2.717391304347826,21.296296296296298,3.6634460547504024,0.5300590445517982
120,20.397208803005906,,14.962426194310252,11.916264090177133,0.03354804079441761,16.150026838432634,8.621846484165324,2.5161030595813205,21.20907139023081,3.6634460547504024,0.5300590445517982
121,20.28985507246377,,14.908749329039184,12.412775093934513,0.03354804079441761,16.150026838432634,8.28636607622115,2.5161030595813205,20.90713902308105,3.965378421900161,0.5300590445517982
122,20.081857219538378,,16.854535695115406,11.56736446591519,0.03354804079441761,16.0829307568438,8.28636607622115,2.4355877616747184,20.162372517444982,3.965378421900161,0.5300590445517982
123,20.202630166398283,,16.33118625872249,12.379227053140097,0.03354804079441761,15.707192699946322,8.28636607622115,2.428878153515835,20.135534084809446,3.965378421900161,0.5300590445517982
124,20.457595276435857,,16.223832528180353,11.976650563607086,0.03354804079441761,15.519323671497585,8.621846484165324,2.428878153515835,20.25630703166935,3.9519592055823938,0.5300590445517982
125,20.12211486849168,,16.317767042404725,12.593934514224369,0.03354804079441761,14.88191089640365,8.608427267847558,2.3617820719269993,20.591787439613526,3.9586688137412773,0.5300590445517982
126,20.46430488459474,,15.848094471282877,12.426194310252281,0.03354804079441761,15.203972088030058,8.501073537305421,2.314814814814815,20.719269994632313,3.9586688137412773,0.5300590445517982
127,20.7662372517445,,16.022544283413847,11.896135265700483,0.03354804079441761,15.029522275899087,8.387010198604402,2.314814814814815,21.309715512614062,3.9586688137412773,0.28180354267310787
128,20.71256038647343,,15.774288781535159,12.52012882447665,0.03354804079441761,14.606816961889425,8.360171765968868,2.2946859903381642,21.504294149221685,3.911701556629093,0.28180354267310787
129,19.806763285024154,,14.935587761674718,11.761943102522812,0.03354804079441761,13.7211486849168,8.125335480407944,2.2745571658615136,25.147611379495437,3.911701556629093,0.28180354267310787
130,20.28985507246377,,15.096618357487923,11.480139559849706,0.03354804079441761,14.472624798711756,7.803274288781535,2.24771873322598,24.382716049382715,3.911701556629093,0.28180354267310787
131,20.625335480407944,,14.895330112721417,12.04374664519592,0.026838432635534086,14.65378421900161,7.065217391304348,2.2342995169082127,24.261943102522814,3.911701556629093,0.28180354267310787
132,21.792807300053678,,14.88191089640365,12.090713902308105,0.026838432635534086,14.378690284487385,7.03166935050993,2.2342995169082127,23.369565217391305,3.911701556629093,0.28180354267310787
133,22.430220075147613,,15.35829307568438,12.13768115942029,0.026838432635534086,13.862050456253355,6.743156199677939,2.2342995169082127,23.013955984970476,3.911701556629093,0.28180354267310787
134,23.21524422973698,,14.626945786366075,12.02361782071927,0.026838432635534086,13.493022007514762,6.743156199677939,2.2342995169082127,23.443370907139023,3.911701556629093,0.28180354267310787
135,23.221953837895867,,13.90901771336554,11.714975845410628,0.026838432635534086,14.11701556629093,6.743156199677939,2.2342995169082127,24.074074074074073,3.898282340311326,0.06038647342995169
136,23.409822866344605,,13.580246913580247,11.500268384326356,0.026838432635534086,14.506172839506172,6.696188942565755,2.2342995169082127,24.355877616747183,3.629898013955985,0.06038647342995169
137,23.2487922705314,,13.580246913580247,11.500268384326356,0.026838432635534086,14.506172839506172,7.03166935050993,2.059849704777241,24.355877616747183,3.629898013955985,0.06038647342995169
138,23.349436392914654,,13.560118089103597,11.500268384326356,0.026838432635534086,14.506172839506172,7.03166935050993,2.059849704777241,24.27536231884058,3.629898013955985,0.06038647342995169
139,22.463768115942027,,12.949543746645196,12.614063338701019,0.026838432635534086,15.908480944712828,6.937734836285561,2.059849704777241,23.49033816425121,3.4957058507783145,0.05367686527106817
140,22.020933977455716,,12.922705314009661,13.969404186795492,0.026838432635534086,15.291196994095545,6.937734836285561,2.059849704777241,23.49033816425121,3.227321524422974,0.05367686527106817
141,22.510735373054214,,12.734836285560924,13.848631239935587,0.026838432635534086,15.002683843263553,6.937734836285561,2.059849704777241,23.8191089640365,3.0059044551798175,0.05367686527106817
142,21.604938271604937,,12.392646269457863,13.841921631776705,0.026838432635534086,14.398819108964037,7.689210950080516,2.0263016639828235,24.12104133118626,3.844605475040258,0.05367686527106817
143,21.987385936661298,,11.513687600644122,14.264626945786366,0.026838432635534086,14.888620504562533,7.454374664519592,2.7509393451422435,23.295759527643586,3.7640901771336552,0.05367686527106817
144,22.23564143853999,,11.480139559849706,14.130434782608695,0.026838432635534086,14.190821256038648,7.273215244229737,3.321256038647343,23.483628556092324,3.8043478260869565,0.05367686527106817
145,22.73215244229737,,11.41304347826087,14.586688137412775,0.026838432635534086,13.674181427804616,6.904186795491143,3.321256038647343,23.483628556092324,3.8043478260869565,0.05367686527106817
146,23.329307568438004,,11.037305421363392,14.640365002683843,0.026838432635534086,13.533279656468062,6.904186795491143,3.3145464304884595,23.356146001073537,3.8043478260869565,0.05367686527106817
147,24.060654857756308,,11.43317230273752,13.687600644122384,0.026838432635534086,13.533279656468062,6.904186795491143,3.3145464304884595,23.181696188942567,3.8043478260869565,0.05367686527106817
148,23.1682769726248,,15.411969940955448,11.768652710681696,0.020128824476650563,12.647611379495437,7.561728395061729,2.7643585614600106,22.946859903381643,3.656736446591519,0.05367686527106817
149,23.53059581320451,,15.411969940955448,11.768652710681696,0.020128824476650563,12.647611379495437,7.561728395061729,2.7643585614600106,22.685185185185187,3.556092324208266,0.05367686527106817
150,21.85990338164251,,15.747450348899624,11.855877616747183,0.013419216317767043,11.553945249597424,7.192699946323135,2.6435856146001075,25.53676865271068,3.5426731078904994,0.05367686527106817
151,21.973966720343533,,16.163446054750402,12.224906065485776,0.013419216317767043,11.647879763821793,7.03166935050993,2.636876006441224,24.67793880837359,3.5762211486849167,0.05367686527106817
152,22.134997316156735,,16.163446054750402,12.070585077831455,0.013419216317767043,12.218196457326892,7.03166935050993,2.636876006441224,24.10091250670961,3.5762211486849167,0.05367686527106817
153,22.282608695652176,,16.6532474503489,11.735104669887278,0.013419216317767043,12.379227053140097,7.152442297369833,2.636876006441224,23.738593666129898,3.3548040794417604,0.05367686527106817
154,22.04777241009125,,16.485507246376812,12.372517444981213,0.013419216317767043,12.587224906065487,6.702898550724638,2.4691358024691357,23.91304347826087,3.3548040794417604,0.05367686527106817
155,22.36983360171766,,16.418411164787976,12.808641975308642,0.013419216317767043,12.573805689747719,6.159420289855072,2.898550724637681,23.483628556092324,3.2206119162640903,0.05367686527106817
156,22.510735373054214,,16.13660762211487,12.68786902844874,0.013419216317767043,13.009930220075148,5.891035963499732,2.818035426731079,23.423242082662373,3.455448201825013,0.05367686527106817
157,23.13472893183038,,16.09634997316157,12.171229200214707,0.013419216317767043,13.009930220075148,5.8239398819108965,2.818035426731079,23.423242082662373,3.455448201825013,0.05367686527106817
158,22.77241009125067,,15.895061728395062,12.580515297906603,0.013419216317767043,12.681159420289855,6.756575415995706,2.5563607085346214,23.289049919484704,3.4017713365539453,0.05367686527106817
159,22.208803005904453,,16.223832528180353,12.714707461084272,0.013419216317767043,13.137412775093935,6.884057971014493,2.5161030595813205,22.852925389157274,3.3950617283950617,0.05367686527106817
160,22.208803005904453,,15.365002683843263,13.573537305421363,0.013419216317767043,13.137412775093935,6.884057971014493,2.5161030595813205,22.852925389157274,3.3950617283950617,0.05367686527106817
161,22.5979602791197,,14.922168545356952,13.573537305421363,0.013419216317767043,13.137412775093935,6.702898550724638,2.428878153515835,22.5577026301664,4.012345679012346,0.05367686527106817
162,22.134997316156735,,14.922168545356952,13.137412775093935,0.013419216317767043,13.573537305421363,6.998121309715513,2.428878153515835,22.477187332259795,4.260601180891036,0.05367686527106817
163,22.054482018250134,,14.707461084272678,13.137412775093935,0.013419216317767043,13.573537305421363,6.998121309715513,2.428878153515835,22.77241009125067,4.260601180891036,0.05367686527106817
164,22.383252818035427,,14.707461084272678,13.137412775093935,0.013419216317767043,13.573537305421363,6.998121309715513,2.428878153515835,22.443639291465377,4.260601180891036,0.05367686527106817
165,23.450080515297905,,14.418947933440688,12.882447665056361,0.013419216317767043,13.573537305421363,6.998121309715513,2.428878153515835,21.967257112184647,4.213633923778851,0.05367686527106817
166,23.772141706924316,,14.418947933440688,12.74825550187869,0.013419216317767043,13.942565754159958,6.796833064949007,2.395330112721417,21.64519592055824,4.213633923778851,0.05367686527106817
167,25.067096081588836,,14.190821256038648,12.245034889962426,0.013419216317767043,13.694310252281268,6.743156199677939,2.3886205045625335,21.511003757380568,4.092860976918948,0.05367686527106817
168,25.39586688137413,,14.190821256038648,12.224906065485776,0.013419216317767043,13.466183574879228,6.662640901771336,2.3886205045625335,21.511003757380568,4.092860976918948,0.05367686527106817
169,25.47638217928073,,14.378690284487385,12.372517444981213,0.013419216317767043,13.09044551798175,6.662640901771336,2.3886205045625335,21.504294149221685,4.05931293612453,0.05367686527106817
170,26.442565754159958,,13.620504562533547,12.895866881374127,0.013419216317767043,13.09044551798175,6.662640901771336,2.3886205045625335,21.00107353730542,3.8311862587224907,0.05367686527106817
171,25.5703166935051,,14.418947933440688,12.969672571121846,0.013419216317767043,13.030059044551798,6.662640901771336,2.3886205045625335,21.256038647342994,3.6366076221148687,0.05367686527106817
172,24.892646269457863,,14.53972088030059,12.909286097691895,0.013419216317767043,12.969672571121846,7.018250134192163,2.187332259796028,21.175523349436393,4.253891572732153,0.040257648953301126
173,24.44310252281267,,14.445786366076222,13.144122383252817,0.013419216317767043,12.842190016103059,6.9243156199677935,2.1806226516371443,21.712292002147073,4.253891572732153,0.040257648953301126
174,24.48336017176597,,14.962426194310252,13.097155126140633,0.013419216317767043,12.620772946859903,7.1658615136876005,2.1806226516371443,21.182232957595275,4.253891572732153,0.040257648953301126
175,24.362587224906065,,14.962426194310252,13.097155126140633,0.013419216317767043,12.298711755233494,7.1658615136876005,2.1806226516371443,21.048040794417606,4.830917874396135,0.040257648953301126
176,23.79898013955985,,14.861782071927,11.996779388083736,0.013419216317767043,14.486044015029522,6.964573268921095,2.167203435319377,20.840042941492218,4.830917874396135,0.040257648953301126
177,24.308910359634996,,15.28448738593666,11.520397208803006,0.013419216317767043,14.049919484702093,6.689479334406871,2.0933977455716586,20.7662372517445,5.233494363929147,0.040257648953301126
178,25.201288244766506,,15.197262479871176,11.345947396672035,0.013419216317767043,14.150563607085346,6.099033816425121,2.059849704777241,20.658883521202362,5.233494363929147,0.040257648953301126
179,25.43612453032743,,14.848362855609233,11.855877616747183,0.013419216317767043,13.989533011272142,5.991680085882985,2.059849704777241,20.531400966183575,5.233494363929147,0.040257648953301126
180,25.771604938271604,,14.472624798711756,11.701556629092861,0.013419216317767043,13.92914653784219,5.850778314546431,1.9927536231884058,20.994363929146537,5.233494363929147,0.040257648953301126
181,25.87895866881374,,14.412238325281804,11.621041331186259,0.013419216317767043,14.51959205582394,5.5756843800322065,1.90552871712292,20.799785292538918,5.233494363929147,0.040257648953301126
182,26.073537305421365,,14.727589908749328,11.506977992485238,0.013419216317767043,14.237788513150832,5.5756843800322065,1.90552871712292,20.685721953837895,5.233494363929147,0.040257648953301126
183,26.52308105206656,,14.720880300590446,10.768921095008052,0.013419216317767043,15.049651100375739,5.542136339237788,1.8585614600107354,20.249597423510465,5.233494363929147,0.040257648953301126
184,26.65727321524423,,15.250939345142244,10.661567364465915,0.013419216317767043,14.49946323134729,5.542136339237788,1.8585614600107354,20.242887815351583,5.233494363929147,0.040257648953301126
185,26.838432635534083,,14.935587761674718,10.628019323671497,0.013419216317767043,13.895598497047773,6.260064412238325,1.8115942028985508,20.511272141706925,5.065754159957058,0.040257648953301126
186,25.013419216317768,,13.6406333870102,10.587761674718196,0.013419216317767043,13.197799248523886,6.461352657004831,1.8115942028985508,24.22168545356951,5.01207729468599,0.040257648953301126
187,25.05367686527107,,13.056897477187333,11.238593666129898,0.013419216317767043,13.197799248523886,6.461352657004831,1.8115942028985508,24.114331723027377,5.01207729468599,0.040257648953301126
188,24.832259796027913,,13.130703166935051,11.446591519055287,0.013419216317767043,13.197799248523886,6.461352657004831,1.8115942028985508,24.053945249597422,5.01207729468599,0.040257648953301126
189,24.86580783682233,,13.130703166935051,11.41304347826087,0.013419216317767043,13.197799248523886,6.374127750939345,1.7981749865807837,23.832528180354267,5.347557702630167,0.026838432635534086
190,25.684380032206118,,12.942834138486312,10.856146001073537,0.013419216317767043,13.137412775093935,6.374127750939345,1.7981749865807837,23.8191089640365,5.347557702630167,0.026838432635534086
191,26.120504562533547,,12.634192163177671,11.292270531400966,0.013419216317767043,13.526570048309178,5.669618894256575,1.7981749865807837,23.57085346215781,5.347557702630167,0.026838432635534086
192,26.42914653784219,,12.406065485775631,11.292270531400966,0.013419216317767043,13.526570048309178,5.669618894256575,1.7981749865807837,23.49033816425121,5.347557702630167,0.026838432635534086
193,26.623725174449813,,12.406065485775631,11.064143853998926,0.013419216317767043,14.009661835748792,5.22007514761138,1.7981749865807837,23.49033816425121,5.347557702630167,0.026838432635534086
194,25.966183574879228,,12.674449812130971,10.869565217391305,0.013419216317767043,14.479334406870638,4.898013955984971,1.7981749865807837,23.2085346215781,6.0654857756307035,0.026838432635534086
195,26.50966183574879,,12.654320987654321,10.829307568438002,0.013419216317767043,14.224369296833064,5.622651637144391,1.6639828234031133,22.564412238325282,5.891035963499732,0.026838432635534086
196,26.78475577026302,,12.654320987654321,10.829307568438002,0.013419216317767043,14.070048309178745,5.4616210413311865,1.570048309178744,22.799248523886206,5.790391841116479,0.026838432635534086
197,25.865539452495973,,13.331991411701557,11.460010735373054,0.013419216317767043,13.39237788513151,6.139291465378422,1.570048309178744,22.41009125067096,5.790391841116479,0.026838432635534086
198,25.93263553408481,,13.902308105206655,11.07085346215781,0.013419216317767043,13.197799248523886,6.139291465378422,1.570048309178744,22.356414385399894,5.790391841116479,0.026838432635534086
199,26.35534084809447,,13.801663982823403,11.05072463768116,0.013419216317767043,13.130703166935051,5.562265163714439,1.570048309178744,22.705314009661837,5.783682232957595,0.026838432635534086
200,26.133923778851315,,13.781535158346752,10.782340311325818,0.013419216317767043,13.056897477187333,5.542136339237788,1.570048309178744,22.490606548577563,6.602254428341385,0.026838432635534086
201,25.637412775093935,,15.03623188405797,10.701825013419215,0.013419216317767043,13.023349436392914,5.314009661835748,1.8719806763285025,21.772678475577028,6.602254428341385,0.026838432635534086
202,25.637412775093935,,15.03623188405797,10.701825013419215,0.013419216317767043,13.023349436392914,5.314009661835748,1.8719806763285025,21.772678475577028,6.602254428341385,0.026838432635534086
203,25.637412775093935,,15.03623188405797,10.701825013419215,0.013419216317767043,13.023349436392914,5.314009661835748,1.8719806763285025,21.772678475577028,6.602254428341385,0.026838432635534086
204,25.55018786902845,,15.029522275899087,10.534084809447128,0.013419216317767043,12.775093934514224,6.300322061191626,1.8451422436929683,21.32313472893183,6.602254428341385,0.026838432635534086
205,25.15432098765432,,14.955716586151368,10.534084809447128,0.013419216317767043,12.775093934514224,6.300322061191626,1.8451422436929683,21.55126140633387,6.843800322061192,0.026838432635534086
206,24.745034889962426,,14.955716586151368,10.534084809447128,0.013419216317767043,12.775093934514224,6.300322061191626,1.8451422436929683,21.987385936661298,6.816961889425658,0.026838432635534086
207,25.234836285560924,,14.955716586151368,10.534084809447128,0.013419216317767043,12.560386473429952,6.300322061191626,1.8451422436929683,21.987385936661298,6.541867954911433,0.026838432635534086
208,24.496779388083738,,15.539452495974235,10.393183038110575,,13.325281803542673,5.891035963499732,1.8115942028985508,22.088030059044552,6.427804616210413,0.026838432635534086
209,24.496779388083738,,15.539452495974235,10.393183038110575,,13.325281803542673,5.891035963499732,1.8115942028985508,22.088030059044552,6.427804616210413,0.026838432635534086
210,24.570585077831456,,14.982555018786902,10.95679012345679,,13.191089640365004,5.837359098228664,1.8115942028985508,22.000805152979066,6.622383252818035,0.026838432635534086
211,24.295491143317232,,14.982555018786902,10.86285560923242,,13.191089640365004,5.837359098228664,1.8115942028985508,22.36983360171766,6.622383252818035,0.026838432635534086
212,24.255233494363928,,14.97584541062802,11.030595813204508,,13.063607085346217,5.622651637144391,1.8115942028985508,22.6784755770263,6.535158346752549,0.026838432635534086
213,22.591250670960815,,15.962157809983896,13.251476113794954,,12.70799785292539,5.065754159957058,1.4761137949543746,22.450348899624263,6.468062265163715,0.026838432635534086
214,22.611379495437465,,15.962157809983896,13.92914653784219,,12.694578636607622,5.065754159957058,1.4761137949543746,21.76596886741814,6.468062265163715,0.026838432635534086
215,22.886473429951693,,15.94873859366613,13.92914653784219,,12.694578636607622,5.065754159957058,1.4761137949543746,21.504294149221685,6.468062265163715,0.026838432635534086
216,22.77241009125067,,15.94873859366613,13.92914653784219,,12.694578636607622,5.065754159957058,1.4761137949543746,20.437466451959207,7.648953301127214,0.026838432635534086
217,22.77241009125067,,15.94873859366613,13.92914653784219,,12.694578636607622,5.065754159957058,1.4761137949543746,20.437466451959207,7.648953301127214,0.026838432635534086
218,22.463768115942027,,16.606280193236714,13.66076221148685,,12.614063338701019,5.065754159957058,1.4761137949543746,20.437466451959207,7.648953301127214,0.026838432635534086
219,22.685185185185187,,16.458668813741276,13.627214170692431,,12.761674718196458,5.394524959742351,1.4761137949543746,19.920826623725173,7.648953301127214,0.026838432635534086
