,45,50,40,51,52,54,53,49
0,87.76167471819646,12.238325281803542,,,,,,
1,69.98121309715512,30.018786902844873,,,,,,
2,53.455448201825014,42.069243156199676,1.2077294685990339,3.2675791733762747,,,,
3,51.56333870101986,43.96135265700483,1.2077294685990339,3.2675791733762747,,,,
4,45.772946859903385,42.88781535158347,6.018518518518518,5.320719269994632,,,,
5,43.21658615136876,41.10976918947934,10.352925389157273,5.320719269994632,,,,
6,41.680085882984436,42.44498121309716,10.144927536231885,5.730005367686527,,,,
7,30.394524959742352,51.37546967257112,9.708803005904455,8.521202361782072,,,,
8,25.670960815888353,54.01905528717123,12.110842726784755,8.199141170155663,,,,
9,24.248523886205046,51.66398282340311,15.5126140633387,8.57487922705314,,,,
10,24.208266237251745,50.20799785292539,17.3040794417606,8.279656468062266,,,,
11,21.578099838969404,59.80944712828771,12.674449812130971,5.938003220611916,,,,
12,13.821792807300053,66.88808373590982,11.20504562533548,8.085077831454644,,,,
13,13.070316693505099,61.05743424584004,12.399355877616747,13.47289318303811,,,,
14,13.070316693505099,61.62775093934514,12.04374664519592,11.808910359634996,1.4492753623188406,,,
15,12.835480407944177,58.61513687600644,13.714439076757918,13.385668276972625,1.4492753623188406,,,
16,2.9790660225442833,79.41492216854536,8.454106280193237,5.756843800322061,3.3950617283950617,,,
17,2.9790660225442833,79.38137412775095,8.514492753623188,5.730005367686527,3.3950617283950617,,,
18,1.7310789049919484,79.00563607085346,9.406870638754697,5.703166935050993,4.1532474503489,,,
19,1.7310789049919484,71.97396672034353,11.533816425120772,12.694578636607622,2.0665593129361244,,,
20,1.1272141706924315,76.20101986044016,10.38647342995169,11.33923778851315,0.9460547504025765,,,
21,1.1272141706924315,80.1328502415459,8.80300590445518,9.104938271604938,0.8319914117015567,,,
22,1.1003757380568975,73.8191089640365,9.46725711218465,14.781266774020397,0.8319914117015567,,,
23,1.1003757380568975,74.90606548577563,9.037842190016104,10.607890499194847,4.3478260869565215,,,
24,1.1003757380568975,76.48282340311326,8.80300590445518,9.265968867418144,4.3478260869565215,,,
25,1.1003757380568975,73.2890499194847,12.037037037037036,9.265968867418144,4.30756843800322,,,
26,1.1003757380568975,73.2890499194847,12.037037037037036,9.265968867418144,4.30756843800322,,,
27,1.1003757380568975,71.1688137412775,12.95625335480408,8.702361782071927,4.30756843800322,1.7646269457863661,,
28,1.1003757380568975,70.35024154589372,12.95625335480408,8.05823939881911,6.561996779388084,0.9728931830381106,,
29,1.093666129898014,66.47879763821793,14.076757917337627,8.051529790660226,6.561996779388084,0.9728931830381106,2.7643585614600106,
30,1.093666129898014,65.56629092860977,14.989264626945786,8.051529790660226,6.561996779388084,0.9728931830381106,2.7643585614600106,
31,1.093666129898014,61.04401502952228,15.901771336553946,7.722758990874933,7.863660762211487,0.9728931830381106,2.7643585614600106,2.636876006441224
32,1.093666129898014,59.20558239398819,16.928341384863124,7.333601717659689,7.863660762211487,0.9728931830381106,2.7643585614600106,3.8378958668813743
33,1.093666129898014,58.15217391304348,17.98174986580784,7.333601717659689,7.863660762211487,0.9728931830381106,2.7643585614600106,3.8378958668813743
34,0.7313472893183038,57.045088566827694,22.007514761137948,7.333601717659689,6.078904991948471,0.20128824476650564,2.7643585614600106,3.8378958668813743
35,0.7313472893183038,56.05877616747182,22.993827160493826,7.333601717659689,6.078904991948471,0.20128824476650564,2.7643585614600106,3.8378958668813743
36,0.7313472893183038,55.68974771873322,23.362855609232422,7.333601717659689,6.078904991948471,0.20128824476650564,2.7643585614600106,3.8378958668813743
37,0.7313472893183038,55.32071926999463,24.261943102522814,7.333601717659689,5.548845947396672,0.20128824476650564,2.7643585614600106,3.8378958668813743
38,0.7313472893183038,51.71765968867418,23.067632850241544,10.453569511540525,5.548845947396672,0.20128824476650564,4.441760601180891,3.8378958668813743
39,0.7313472893183038,53.48228663446055,21.75925925925926,9.997316156736447,5.548845947396672,0.20128824476650564,4.441760601180891,3.8378958668813743
40,0.7313472893183038,49.69806763285024,21.370101986044016,9.494095544820183,4.428341384863124,0.20128824476650564,4.441760601180891,9.634997316156737
41,0.7179280730005367,48.48362855609233,23.59098228663446,9.333064949006978,3.5963499731615673,0.20128824476650564,4.441760601180891,9.634997316156737
42,0.7179280730005367,51.992753623188406,21.62506709608159,8.454106280193237,3.1535158346752548,0.20128824476650564,4.441760601180891,9.41358024691358
43,0.7179280730005367,51.992753623188406,21.62506709608159,8.454106280193237,3.1535158346752548,0.20128824476650564,4.441760601180891,9.41358024691358
44,0.7179280730005367,52.37520128824477,22.430220075147613,8.145464304884594,3.1535158346752548,0.20128824476650564,4.441760601180891,8.53462157809984
45,0.7179280730005367,51.44256575415996,24.62426194310252,7.253086419753086,3.1535158346752548,0.20128824476650564,4.213633923778851,8.393719806763285
46,0.7179280730005367,50.52334943639291,25.543478260869566,7.253086419753086,3.1535158346752548,0.20128824476650564,4.213633923778851,8.393719806763285
47,0.7179280730005367,65.19726247987117,17.21014492753623,6.052066559312936,2.073268921095008,0.20128824476650564,1.6304347826086956,6.91760601180891
48,0.7179280730005367,65.19726247987117,17.21014492753623,6.052066559312936,2.073268921095008,0.20128824476650564,1.6304347826086956,6.91760601180891
49,0.7179280730005367,63.747987117552334,16.935050993022006,5.776972624798712,2.073268921095008,0.20128824476650564,3.8580246913580245,6.689479334406871
50,0.7179280730005367,61.70826623725174,17.92807300053677,5.776972624798712,4.690016103059581,0.20128824476650564,2.2879763821792807,6.689479334406871
51,0.7179280730005367,59.37332259796028,20.263016639828233,5.776972624798712,4.690016103059581,0.20128824476650564,2.2879763821792807,6.689479334406871
52,0.7179280730005367,59.41358024691358,22.77241009125067,5.776972624798712,3.2742887815351582,0.20128824476650564,1.4559849704777241,6.387546967257112
53,0.7179280730005367,59.50080515297907,22.544283413848632,5.776972624798712,2.5966183574879227,0.20128824476650564,1.4559849704777241,7.206119162640902
54,0.7179280730005367,57.43424584004294,21.987385936661298,8.400429414922169,2.5966183574879227,0.20128824476650564,1.4559849704777241,7.206119162640902
55,0.7179280730005367,57.43424584004294,21.987385936661298,8.400429414922169,2.5966183574879227,0.20128824476650564,1.4559849704777241,7.206119162640902
56,0.7179280730005367,57.43424584004294,21.987385936661298,8.400429414922169,2.5966183574879227,0.20128824476650564,1.4559849704777241,7.206119162640902
57,0.7179280730005367,56.52844873859367,20.35024154589372,9.809447128287708,2.589908749329039,0.20128824476650564,1.2278582930756843,8.57487922705314
58,0.7179280730005367,56.52844873859367,20.35024154589372,9.809447128287708,2.589908749329039,0.20128824476650564,1.2278582930756843,8.57487922705314
59,0.7179280730005367,51.247987117552334,22.356414385399894,9.554482018250134,5.4616210413311865,0.20128824476650564,3.374932903918411,7.085346215780999
60,0.7179280730005367,50.979602791196996,23.32259796027912,9.554482018250134,4.797369833601718,0.20128824476650564,3.3413848631239937,7.085346215780999
61,0.7179280730005367,49.7987117552335,23.416532474503487,11.131239935587761,4.508856682769726,,3.3413848631239937,7.085346215780999
62,0.7179280730005367,50.91250670960816,22.65834675254965,11.023886205045626,4.508856682769726,,3.3413848631239937,6.837090713902308
63,0.7179280730005367,49.121041331186255,22.624798711755233,14.398819108964037,3.44873859366613,,2.368491680085883,7.320182501341922
64,0.7179280730005367,49.121041331186255,22.624798711755233,14.398819108964037,3.44873859366613,,2.368491680085883,7.320182501341922
65,0.24154589371980675,50.83870101986044,21.511003757380568,14.2914653784219,3.4286097691894795,,2.368491680085883,7.320182501341922
66,0.24154589371980675,50.597155126140635,22.57783145464305,13.466183574879228,3.4286097691894795,,2.368491680085883,7.320182501341922
67,0.24154589371980675,49.993290391841114,24.44981213097155,13.466183574879228,3.4286097691894795,,2.368491680085883,6.052066559312936
68,0.24154589371980675,49.993290391841114,24.44981213097155,13.466183574879228,3.4286097691894795,,2.368491680085883,6.052066559312936
69,0.24154589371980675,49.2686527106817,25.174449812130973,13.466183574879228,3.4286097691894795,,2.368491680085883,6.052066559312936
70,0.24154589371980675,47.074610842726784,28.864734299516908,13.271604938271604,3.4286097691894795,,2.368491680085883,4.750402576489533
71,0.24154589371980675,44.99463231347289,26.617015566290927,13.271604938271604,3.4286097691894795,,4.528985507246377,6.91760601180891
72,0.12077294685990338,45.99436392914654,25.738056897477186,13.271604938271604,3.4286097691894795,,4.528985507246377,6.91760601180891
73,0.12077294685990338,49.7987117552335,25.738056897477186,10.158346752549651,2.7643585614600106,,4.502147074610843,6.91760601180891
74,0.12077294685990338,64.92216854535695,16.23054213633924,8.648684916800859,1.9592055823939882,,2.100107353730542,6.018518518518518
75,0.12077294685990338,63.66747181964573,17.485238862050455,8.648684916800859,1.9592055823939882,,2.100107353730542,6.018518518518518
76,0.12077294685990338,62.78180354267311,18.370907139023082,8.648684916800859,1.9592055823939882,,2.100107353730542,6.018518518518518
77,0.12077294685990338,62.78180354267311,18.370907139023082,8.648684916800859,1.9592055823939882,,2.100107353730542,6.018518518518518
78,0.12077294685990338,62.52012882447665,19.51154052603328,8.648684916800859,1.9592055823939882,,2.100107353730542,5.139559849704777
79,0.12077294685990338,60.30595813204509,19.142512077294686,8.648684916800859,1.9592055823939882,,4.683306494900698,5.139559849704777
80,0.12077294685990338,60.178475577026305,20.2361782071927,7.682501341921632,1.9592055823939882,,4.683306494900698,5.139559849704777
81,0.12077294685990338,61.3593666129898,19.880568974771872,7.682501341921632,1.9592055823939882,,4.683306494900698,4.314278046162104
82,0.12077294685990338,61.3593666129898,19.880568974771872,7.682501341921632,1.9592055823939882,,4.683306494900698,4.314278046162104
83,0.12077294685990338,61.3593666129898,19.880568974771872,7.682501341921632,1.9592055823939882,,4.683306494900698,4.314278046162104
84,0.10735373054213634,62.17122920021471,19.6256038647343,7.139023081052066,1.9592055823939882,,4.683306494900698,4.314278046162104
85,0.10735373054213634,61.41304347826087,20.38378958668814,7.139023081052066,1.9592055823939882,,4.683306494900698,4.314278046162104
86,0.10735373054213634,61.41304347826087,20.38378958668814,7.139023081052066,1.9592055823939882,,4.683306494900698,4.314278046162104
87,0.10735373054213634,62.13768115942029,19.659151905528716,7.139023081052066,1.9592055823939882,,4.683306494900698,4.314278046162104
88,0.10735373054213634,62.13768115942029,19.659151905528716,7.139023081052066,1.9592055823939882,,4.683306494900698,4.314278046162104
89,0.10735373054213634,62.13768115942029,19.659151905528716,7.139023081052066,1.9592055823939882,,4.683306494900698,4.314278046162104
90,0.0939345142243693,61.07085346215781,20.739398819108963,7.139023081052066,1.9592055823939882,,4.683306494900698,4.314278046162104
91,0.0939345142243693,61.07085346215781,20.739398819108963,7.139023081052066,1.9592055823939882,,4.683306494900698,4.314278046162104
92,0.0939345142243693,57.950885668276975,20.625335480407944,10.695115405260333,1.9256575415995705,,4.40150295222759,4.30756843800322
93,0.0939345142243693,55.85748792270532,19.53166935050993,12.412775093934513,1.3016639828234031,2.0933977455716586,4.40150295222759,4.30756843800322
94,0.0939345142243693,55.22007514761138,20.477724100912507,12.412775093934513,1.3016639828234031,1.7847557702630166,4.40150295222759,4.30756843800322
95,0.0939345142243693,55.152979066022546,21.940418679549115,11.017176596886742,1.3016639828234031,1.7847557702630166,4.40150295222759,4.30756843800322
96,0.0939345142243693,55.522007514761135,20.088566827697264,10.923242082662373,1.3016639828234031,1.7847557702630166,5.978260869565218,4.30756843800322
97,0.0939345142243693,55.522007514761135,20.088566827697264,10.923242082662373,1.3016639828234031,1.7847557702630166,5.978260869565218,4.30756843800322
98,0.0939345142243693,54.5625335480408,21.048040794417606,10.923242082662373,1.3016639828234031,1.7847557702630166,5.978260869565218,4.30756843800322
99,0.0939345142243693,54.5625335480408,21.048040794417606,10.923242082662373,1.3016639828234031,1.7847557702630166,5.978260869565218,4.30756843800322
100,0.0939345142243693,55.662909286097694,21.155394524959743,10.648148148148149,1.3016639828234031,1.7847557702630166,5.045625335480408,4.30756843800322
101,0.0939345142243693,54.01905528717123,20.202630166398283,13.486312399355878,1.3016639828234031,1.7847557702630166,5.038915727321524,4.072732152442297
102,0.0939345142243693,54.01905528717123,20.202630166398283,13.486312399355878,1.3016639828234031,1.7847557702630166,5.038915727321524,4.072732152442297
103,0.0939345142243693,54.01905528717123,20.202630166398283,13.486312399355878,1.3016639828234031,1.7847557702630166,5.038915727321524,4.072732152442297
104,0.0939345142243693,52.12694578636608,19.91411701556629,13.486312399355878,1.3016639828234031,1.7847557702630166,7.219538378958669,4.072732152442297
105,0.0939345142243693,52.12694578636608,19.91411701556629,13.486312399355878,1.3016639828234031,1.7847557702630166,7.219538378958669,4.072732152442297
106,0.0939345142243693,52.12694578636608,19.91411701556629,13.486312399355878,1.3016639828234031,1.7847557702630166,7.219538378958669,4.072732152442297
107,0.0939345142243693,50.0805152979066,19.665861513687602,17.330917874396135,1.3016639828234031,0.23483628556092323,7.219538378958669,4.072732152442297
108,0.0939345142243693,49.91277509393451,20.081857219538378,17.082662372517444,1.3016639828234031,0.23483628556092323,7.219538378958669,4.072732152442297
109,0.0939345142243693,49.91277509393451,20.081857219538378,17.082662372517444,1.3016639828234031,0.23483628556092323,7.219538378958669,4.072732152442297
110,0.0939345142243693,47.356414385399894,18.149490069779926,16.948470209339774,1.3016639828234031,0.23483628556092323,7.085346215780999,8.829844337090714
111,0.0939345142243693,48.98684916800859,18.46484165324745,15.727321524422974,0.8252818035426731,0.23483628556092323,6.837090713902308,8.829844337090714
112,0.0939345142243693,48.98684916800859,18.46484165324745,15.727321524422974,0.8252818035426731,0.23483628556092323,6.837090713902308,8.829844337090714
113,0.0939345142243693,48.98684916800859,18.46484165324745,15.727321524422974,0.8252818035426731,0.23483628556092323,6.837090713902308,8.829844337090714
114,0.0939345142243693,48.98684916800859,18.46484165324745,15.727321524422974,0.8252818035426731,0.23483628556092323,6.837090713902308,8.829844337090714
115,0.0939345142243693,48.98684916800859,18.46484165324745,15.727321524422974,0.8252818035426731,0.23483628556092323,6.837090713902308,8.829844337090714
116,0.0939345142243693,47.97369833601718,18.46484165324745,15.35829307568438,0.8252818035426731,0.23483628556092323,8.219269994632313,8.829844337090714
117,0.0939345142243693,47.97369833601718,18.46484165324745,15.35829307568438,0.8252818035426731,0.23483628556092323,8.219269994632313,8.829844337090714
118,0.0939345142243693,47.97369833601718,18.46484165324745,15.35829307568438,0.8252818035426731,0.23483628556092323,8.219269994632313,8.829844337090714
119,0.0939345142243693,47.97369833601718,18.46484165324745,15.35829307568438,0.8252818035426731,0.23483628556092323,8.219269994632313,8.829844337090714
120,0.0939345142243693,47.97369833601718,18.46484165324745,15.35829307568438,0.8252818035426731,0.23483628556092323,8.219269994632313,8.829844337090714
121,0.0939345142243693,47.97369833601718,18.46484165324745,15.35829307568438,0.8252818035426731,0.23483628556092323,8.219269994632313,8.829844337090714
122,0.0939345142243693,47.97369833601718,18.46484165324745,15.35829307568438,0.8252818035426731,0.23483628556092323,8.219269994632313,8.829844337090714
123,0.0939345142243693,47.97369833601718,18.46484165324745,15.35829307568438,0.8252818035426731,0.23483628556092323,8.219269994632313,8.829844337090714
124,0.0939345142243693,47.97369833601718,18.46484165324745,15.35829307568438,0.8252818035426731,0.23483628556092323,8.219269994632313,8.829844337090714
125,0.0939345142243693,47.97369833601718,18.46484165324745,15.35829307568438,0.8252818035426731,0.23483628556092323,8.219269994632313,8.829844337090714
126,0.0939345142243693,47.97369833601718,18.46484165324745,15.35829307568438,0.8252818035426731,0.23483628556092323,8.219269994632313,8.829844337090714
127,0.0939345142243693,47.97369833601718,18.46484165324745,15.35829307568438,0.8252818035426731,0.23483628556092323,8.219269994632313,8.829844337090714
128,0.0939345142243693,45.128824476650564,17.807300053676865,19.061996779388085,0.8252818035426731,0.03354804079441761,8.219269994632313,8.829844337090714
129,0.0939345142243693,45.128824476650564,17.807300053676865,19.061996779388085,0.8252818035426731,0.03354804079441761,8.219269994632313,8.829844337090714
130,0.0939345142243693,42.47181964573269,17.807300053676865,19.061996779388085,3.4822866344605474,0.03354804079441761,8.219269994632313,8.829844337090714
131,0.0939345142243693,42.270531400966185,18.92109500805153,18.61916264090177,3.4822866344605474,0.03354804079441761,7.749597423510467,8.829844337090714
132,0.0939345142243693,42.270531400966185,18.92109500805153,18.61916264090177,3.4822866344605474,0.03354804079441761,7.749597423510467,8.829844337090714
133,0.0939345142243693,42.270531400966185,18.92109500805153,18.61916264090177,3.4822866344605474,0.03354804079441761,7.749597423510467,8.829844337090714
134,0.0939345142243693,42.270531400966185,18.92109500805153,18.61916264090177,3.4822866344605474,0.03354804079441761,7.749597423510467,8.829844337090714
135,0.0939345142243693,41.7740203972088,20.068438003220614,18.61916264090177,2.831454643048846,0.03354804079441761,7.749597423510467,8.829844337090714
136,0.0939345142243693,40.11003757380569,21.041331186258724,19.310252281266774,2.831454643048846,0.03354804079441761,7.749597423510467,8.829844337090714
137,0.0939345142243693,40.13687600644123,19.920826623725173,19.310252281266774,4.636339237788513,0.03354804079441761,7.192699946323135,8.675523349436393
138,0.0939345142243693,40.13687600644123,19.920826623725173,19.310252281266774,4.636339237788513,0.03354804079441761,7.192699946323135,8.675523349436393
139,0.0939345142243693,38.70101986044015,19.249865807836823,16.894793344068706,9.54777241009125,0.03354804079441761,6.8035426731078905,8.675523349436393
140,0.0939345142243693,38.70101986044015,19.249865807836823,16.894793344068706,9.54777241009125,0.03354804079441761,6.8035426731078905,8.675523349436393
141,0.0939345142243693,38.70101986044015,19.249865807836823,16.894793344068706,9.54777241009125,0.03354804079441761,6.8035426731078905,8.675523349436393
142,0.0939345142243693,38.70101986044015,19.249865807836823,16.894793344068706,9.54777241009125,0.03354804079441761,6.8035426731078905,8.675523349436393
143,0.0939345142243693,38.6003757380569,20.377079978529252,16.183574879227052,9.265968867418144,0.03354804079441761,6.769994632313473,8.675523349436393
144,0.0939345142243693,38.6003757380569,20.377079978529252,16.183574879227052,9.265968867418144,0.03354804079441761,6.769994632313473,8.675523349436393
145,0.0939345142243693,39.21765968867418,20.679012345679013,16.129898013955984,10.681696188942565,0.03354804079441761,6.629092860976919,6.535158346752549
146,0.0939345142243693,39.21765968867418,20.679012345679013,16.129898013955984,10.681696188942565,0.03354804079441761,6.629092860976919,6.535158346752549
147,0.0939345142243693,38.63392377885131,21.74584004294149,16.1231884057971,10.668276972624799,0.03354804079441761,6.246645195920558,6.454643048845948
148,0.0939345142243693,38.519860440150296,22.262479871175522,16.1231884057971,10.265700483091788,0.03354804079441761,6.246645195920558,6.454643048845948
149,0.0939345142243693,38.519860440150296,23.141438539989263,16.1231884057971,9.386741814278047,0.03354804079441761,6.246645195920558,6.454643048845948
150,0.0939345142243693,37.15780998389694,24.724906065485776,15.935319377348362,9.386741814278047,0.03354804079441761,6.219806763285024,6.447933440687064
151,0.0939345142243693,37.15780998389694,24.724906065485776,15.935319377348362,9.386741814278047,0.03354804079441761,6.219806763285024,6.447933440687064
152,0.0939345142243693,36.761943102522814,25.563607085346217,15.49248523886205,9.386741814278047,0.03354804079441761,6.219806763285024,6.447933440687064
153,0.0939345142243693,36.761943102522814,25.563607085346217,15.49248523886205,9.386741814278047,0.03354804079441761,6.219806763285024,6.447933440687064
154,0.0939345142243693,36.761943102522814,25.563607085346217,15.49248523886205,9.386741814278047,0.03354804079441761,6.219806763285024,6.447933440687064
155,0.0939345142243693,36.761943102522814,25.563607085346217,15.49248523886205,9.386741814278047,0.03354804079441761,6.219806763285024,6.447933440687064
156,0.0939345142243693,36.761943102522814,25.563607085346217,15.49248523886205,9.386741814278047,0.03354804079441761,6.219806763285024,6.447933440687064
157,0.0939345142243693,36.761943102522814,25.563607085346217,15.49248523886205,9.386741814278047,0.03354804079441761,6.219806763285024,6.447933440687064
158,0.0939345142243693,36.761943102522814,25.563607085346217,15.49248523886205,9.386741814278047,0.03354804079441761,6.219806763285024,6.447933440687064
159,0.0939345142243693,36.761943102522814,25.563607085346217,15.49248523886205,9.386741814278047,0.03354804079441761,6.219806763285024,6.447933440687064
160,0.0939345142243693,36.761943102522814,25.563607085346217,15.49248523886205,9.386741814278047,0.03354804079441761,6.219806763285024,6.447933440687064
161,0.0939345142243693,36.62775093934514,26.529790660225444,15.26435856146001,8.78287707997853,0.03354804079441761,6.219806763285024,6.447933440687064
162,0.0939345142243693,35.84272678475577,27.482555018786904,15.13016639828234,8.78287707997853,0.03354804079441761,6.1862587224906065,6.447933440687064
163,0.0939345142243693,35.84272678475577,27.482555018786904,15.13016639828234,8.78287707997853,0.03354804079441761,6.1862587224906065,6.447933440687064
164,0.0939345142243693,35.84272678475577,27.482555018786904,15.13016639828234,8.78287707997853,0.03354804079441761,6.1862587224906065,6.447933440687064
165,0.0939345142243693,35.84272678475577,27.482555018786904,15.13016639828234,8.78287707997853,0.03354804079441761,6.1862587224906065,6.447933440687064
166,0.0939345142243693,36.77536231884058,26.576757917337627,15.13016639828234,8.78287707997853,0.03354804079441761,6.1862587224906065,6.421095008051529
167,0.0939345142243693,36.77536231884058,26.576757917337627,15.13016639828234,8.78287707997853,0.03354804079441761,6.1862587224906065,6.421095008051529
168,0.0939345142243693,36.77536231884058,26.576757917337627,15.13016639828234,8.78287707997853,0.03354804079441761,6.1862587224906065,6.421095008051529
169,0.0939345142243693,36.77536231884058,26.576757917337627,15.13016639828234,8.78287707997853,0.03354804079441761,6.1862587224906065,6.421095008051529
170,0.0939345142243693,36.77536231884058,26.576757917337627,15.13016639828234,8.78287707997853,0.03354804079441761,6.1862587224906065,6.421095008051529
171,0.0939345142243693,37.76838432635534,26.160762211486848,15.13016639828234,8.78287707997853,0.03354804079441761,6.1862587224906065,5.844068706387547
172,0.0939345142243693,37.76838432635534,26.160762211486848,15.13016639828234,8.78287707997853,0.03354804079441761,6.1862587224906065,5.844068706387547
173,0.0939345142243693,37.76838432635534,26.160762211486848,15.13016639828234,8.78287707997853,0.03354804079441761,6.1862587224906065,5.844068706387547
174,0.0939345142243693,37.76838432635534,26.160762211486848,15.13016639828234,8.78287707997853,0.03354804079441761,6.1862587224906065,5.844068706387547
175,0.0939345142243693,37.76838432635534,26.160762211486848,15.13016639828234,8.78287707997853,0.03354804079441761,6.1862587224906065,5.844068706387547
176,0.0939345142243693,37.76838432635534,26.160762211486848,15.13016639828234,8.78287707997853,0.03354804079441761,6.1862587224906065,5.844068706387547
177,0.0939345142243693,37.76838432635534,26.160762211486848,15.13016639828234,8.78287707997853,0.03354804079441761,6.1862587224906065,5.844068706387547
178,0.0939345142243693,37.23161567364466,26.69753086419753,15.13016639828234,8.78287707997853,0.03354804079441761,6.1862587224906065,5.844068706387547
179,0.0939345142243693,37.23161567364466,26.69753086419753,15.13016639828234,8.78287707997853,0.03354804079441761,6.1862587224906065,5.844068706387547
180,0.0939345142243693,37.23161567364466,26.69753086419753,15.13016639828234,8.78287707997853,0.03354804079441761,6.1862587224906065,5.844068706387547
181,0.0939345142243693,37.23161567364466,26.69753086419753,15.13016639828234,8.78287707997853,0.03354804079441761,6.1862587224906065,5.844068706387547
182,0.0939345142243693,37.23161567364466,26.69753086419753,15.13016639828234,8.78287707997853,0.03354804079441761,6.1862587224906065,5.844068706387547
183,0.0939345142243693,37.23161567364466,26.69753086419753,15.13016639828234,8.78287707997853,0.03354804079441761,6.1862587224906065,5.844068706387547
184,0.0939345142243693,37.23161567364466,26.69753086419753,15.13016639828234,8.78287707997853,0.03354804079441761,6.1862587224906065,5.844068706387547
185,0.0939345142243693,37.23161567364466,26.69753086419753,15.13016639828234,8.78287707997853,0.03354804079441761,6.1862587224906065,5.844068706387547
186,0.0939345142243693,37.23161567364466,26.69753086419753,15.13016639828234,8.78287707997853,0.03354804079441761,6.1862587224906065,5.844068706387547
187,0.0939345142243693,37.23161567364466,26.69753086419753,15.13016639828234,8.78287707997853,0.03354804079441761,6.1862587224906065,5.844068706387547
188,0.0939345142243693,37.23161567364466,26.69753086419753,15.13016639828234,8.78287707997853,0.03354804079441761,6.1862587224906065,5.844068706387547
189,0.0939345142243693,37.23161567364466,26.69753086419753,15.13016639828234,8.78287707997853,0.03354804079441761,6.1862587224906065,5.844068706387547
190,0.0939345142243693,37.23161567364466,26.69753086419753,15.13016639828234,8.78287707997853,0.03354804079441761,6.1862587224906065,5.844068706387547
191,0.0939345142243693,37.19806763285024,27.616747181964573,14.97584541062802,8.051529790660226,0.03354804079441761,6.1862587224906065,5.844068706387547
192,0.0939345142243693,37.19806763285024,27.616747181964573,14.97584541062802,8.051529790660226,0.03354804079441761,6.1862587224906065,5.844068706387547
193,0.0939345142243693,37.19806763285024,27.616747181964573,14.97584541062802,8.051529790660226,0.03354804079441761,6.1862587224906065,5.844068706387547
194,0.0939345142243693,37.19806763285024,27.616747181964573,14.97584541062802,8.051529790660226,0.03354804079441761,6.1862587224906065,5.844068706387547
195,0.0939345142243693,37.19806763285024,27.616747181964573,14.97584541062802,8.051529790660226,0.03354804079441761,6.1862587224906065,5.844068706387547
196,0.0939345142243693,37.19806763285024,27.616747181964573,14.97584541062802,8.051529790660226,0.03354804079441761,6.1862587224906065,5.844068706387547
197,0.0939345142243693,37.19806763285024,27.616747181964573,14.97584541062802,8.051529790660226,0.03354804079441761,6.1862587224906065,5.844068706387547
198,0.0939345142243693,37.19806763285024,27.616747181964573,14.97584541062802,8.051529790660226,0.03354804079441761,6.1862587224906065,5.844068706387547
199,0.0939345142243693,37.19806763285024,27.616747181964573,14.97584541062802,8.051529790660226,0.03354804079441761,6.1862587224906065,5.844068706387547
200,0.0939345142243693,37.19806763285024,27.616747181964573,14.97584541062802,8.051529790660226,0.03354804079441761,6.1862587224906065,5.844068706387547
201,0.0939345142243693,37.19806763285024,27.616747181964573,14.97584541062802,8.051529790660226,0.03354804079441761,6.1862587224906065,5.844068706387547
202,0.0939345142243693,37.19806763285024,27.616747181964573,14.97584541062802,8.051529790660226,0.03354804079441761,6.1862587224906065,5.844068706387547
203,0.0939345142243693,37.19806763285024,27.616747181964573,14.97584541062802,8.051529790660226,0.03354804079441761,6.1862587224906065,5.844068706387547
204,0.0939345142243693,37.19806763285024,27.616747181964573,14.97584541062802,8.051529790660226,0.03354804079441761,6.1862587224906065,5.844068706387547
205,0.0939345142243693,37.19806763285024,27.616747181964573,14.97584541062802,8.051529790660226,0.03354804079441761,6.1862587224906065,5.844068706387547
206,0.0939345142243693,37.19806763285024,27.616747181964573,14.97584541062802,8.051529790660226,0.03354804079441761,6.1862587224906065,5.844068706387547
207,0.0939345142243693,37.19806763285024,27.616747181964573,14.97584541062802,8.051529790660226,0.03354804079441761,6.1862587224906065,5.844068706387547
208,0.0939345142243693,37.19806763285024,27.616747181964573,14.97584541062802,8.051529790660226,0.03354804079441761,6.1862587224906065,5.844068706387547
209,0.0939345142243693,37.19806763285024,27.616747181964573,14.97584541062802,8.051529790660226,0.03354804079441761,6.1862587224906065,5.844068706387547
210,0.0939345142243693,37.19806763285024,27.616747181964573,14.97584541062802,8.051529790660226,0.03354804079441761,6.1862587224906065,5.844068706387547
211,0.0939345142243693,37.19806763285024,27.616747181964573,14.97584541062802,8.051529790660226,0.03354804079441761,6.1862587224906065,5.844068706387547
212,0.0939345142243693,36.33923778851315,28.556092324208265,14.97584541062802,7.971014492753623,0.03354804079441761,6.1862587224906065,5.844068706387547
213,0.0939345142243693,36.33923778851315,28.556092324208265,14.97584541062802,7.971014492753623,0.03354804079441761,6.1862587224906065,5.844068706387547
214,0.0939345142243693,36.33923778851315,28.556092324208265,14.97584541062802,7.971014492753623,0.03354804079441761,6.1862587224906065,5.844068706387547
215,0.0939345142243693,36.33923778851315,28.556092324208265,14.97584541062802,7.971014492753623,0.03354804079441761,6.1862587224906065,5.844068706387547
216,0.0939345142243693,36.33923778851315,28.556092324208265,14.97584541062802,7.971014492753623,0.03354804079441761,6.1862587224906065,5.844068706387547
217,0.0939345142243693,36.33923778851315,28.556092324208265,14.97584541062802,7.971014492753623,0.03354804079441761,6.1862587224906065,5.844068706387547
218,0.0939345142243693,36.33923778851315,28.556092324208265,14.97584541062802,7.971014492753623,0.03354804079441761,6.1862587224906065,5.844068706387547
219,0.0939345142243693,36.33923778851315,28.556092324208265,14.97584541062802,7.971014492753623,0.03354804079441761,6.1862587224906065,5.844068706387547
220,0.0939345142243693,36.33923778851315,28.556092324208265,14.97584541062802,7.971014492753623,0.03354804079441761,6.1862587224906065,5.844068706387547
221,0.0939345142243693,36.33923778851315,28.556092324208265,14.97584541062802,7.971014492753623,0.03354804079441761,6.1862587224906065,5.844068706387547
222,0.0939345142243693,36.33923778851315,28.556092324208265,14.97584541062802,7.971014492753623,0.03354804079441761,6.1862587224906065,5.844068706387547
223,0.0939345142243693,36.33923778851315,28.556092324208265,14.97584541062802,7.971014492753623,0.03354804079441761,6.1862587224906065,5.844068706387547
224,0.0939345142243693,36.33923778851315,28.556092324208265,14.97584541062802,7.971014492753623,0.03354804079441761,6.1862587224906065,5.844068706387547
225,0.0939345142243693,36.33923778851315,28.556092324208265,14.97584541062802,7.971014492753623,0.03354804079441761,6.1862587224906065,5.844068706387547
226,0.0939345142243693,36.33923778851315,28.556092324208265,14.97584541062802,7.971014492753623,0.03354804079441761,6.1862587224906065,5.844068706387547
227,0.0939345142243693,35.16505636070853,29.78395061728395,14.97584541062802,7.971014492753623,0.03354804079441761,6.1862587224906065,5.790391841116479
228,0.0939345142243693,35.16505636070853,29.78395061728395,14.97584541062802,7.971014492753623,0.03354804079441761,6.1862587224906065,5.790391841116479
229,0.0939345142243693,35.16505636070853,29.78395061728395,14.97584541062802,7.971014492753623,0.03354804079441761,6.1862587224906065,5.790391841116479
230,0.0939345142243693,35.16505636070853,29.78395061728395,14.97584541062802,7.971014492753623,0.03354804079441761,6.1862587224906065,5.790391841116479
231,0.0939345142243693,35.16505636070853,29.78395061728395,14.97584541062802,7.971014492753623,0.03354804079441761,6.1862587224906065,5.790391841116479
232,0.0939345142243693,35.16505636070853,29.78395061728395,14.97584541062802,7.971014492753623,0.03354804079441761,6.1862587224906065,5.790391841116479
233,0.0939345142243693,35.16505636070853,29.78395061728395,14.97584541062802,7.971014492753623,0.03354804079441761,6.1862587224906065,5.790391841116479
234,0.0939345142243693,35.16505636070853,29.78395061728395,14.97584541062802,7.971014492753623,0.03354804079441761,6.1862587224906065,5.790391841116479
235,0.0939345142243693,35.16505636070853,29.78395061728395,14.97584541062802,7.971014492753623,0.03354804079441761,6.1862587224906065,5.790391841116479
236,0.0939345142243693,35.16505636070853,29.78395061728395,14.97584541062802,7.971014492753623,0.03354804079441761,6.1862587224906065,5.790391841116479
237,0.0939345142243693,35.16505636070853,29.78395061728395,14.97584541062802,7.971014492753623,0.03354804079441761,6.1862587224906065,5.790391841116479
238,0.0939345142243693,35.16505636070853,29.78395061728395,14.97584541062802,7.971014492753623,0.03354804079441761,6.1862587224906065,5.790391841116479
239,0.0939345142243693,35.16505636070853,29.78395061728395,14.97584541062802,7.971014492753623,0.03354804079441761,6.1862587224906065,5.790391841116479
240,0.0939345142243693,35.16505636070853,29.78395061728395,14.97584541062802,7.971014492753623,0.03354804079441761,6.1862587224906065,5.790391841116479
241,0.0939345142243693,35.16505636070853,29.78395061728395,14.97584541062802,7.971014492753623,0.03354804079441761,6.1862587224906065,5.790391841116479
242,0.0939345142243693,35.16505636070853,29.78395061728395,14.97584541062802,7.971014492753623,0.03354804079441761,6.1862587224906065,5.790391841116479
243,0.0939345142243693,35.16505636070853,29.78395061728395,14.97584541062802,7.971014492753623,0.03354804079441761,6.1862587224906065,5.790391841116479
244,0.0939345142243693,35.16505636070853,29.78395061728395,14.97584541062802,7.971014492753623,0.03354804079441761,6.1862587224906065,5.790391841116479
245,0.0939345142243693,35.16505636070853,29.78395061728395,14.97584541062802,7.971014492753623,0.03354804079441761,6.1862587224906065,5.790391841116479
246,0.0939345142243693,35.16505636070853,29.78395061728395,14.97584541062802,7.971014492753623,0.03354804079441761,6.1862587224906065,5.790391841116479
247,0.0939345142243693,35.16505636070853,29.78395061728395,14.97584541062802,7.971014492753623,0.03354804079441761,6.1862587224906065,5.790391841116479
248,0.0939345142243693,35.16505636070853,29.78395061728395,14.97584541062802,7.971014492753623,0.03354804079441761,6.1862587224906065,5.790391841116479
249,0.0939345142243693,35.16505636070853,29.78395061728395,14.97584541062802,7.971014492753623,0.03354804079441761,6.1862587224906065,5.790391841116479
250,0.0939345142243693,35.16505636070853,29.78395061728395,14.97584541062802,7.971014492753623,0.03354804079441761,6.1862587224906065,5.790391841116479
251,0.0939345142243693,35.16505636070853,29.78395061728395,14.97584541062802,7.971014492753623,0.03354804079441761,6.1862587224906065,5.790391841116479
252,0.0939345142243693,35.16505636070853,29.78395061728395,14.97584541062802,7.971014492753623,0.03354804079441761,6.1862587224906065,5.790391841116479
253,0.0939345142243693,35.16505636070853,29.78395061728395,14.97584541062802,7.971014492753623,0.03354804079441761,6.1862587224906065,5.790391841116479
254,0.0939345142243693,35.16505636070853,29.78395061728395,14.97584541062802,7.971014492753623,0.03354804079441761,6.1862587224906065,5.790391841116479
255,0.0939345142243693,35.16505636070853,29.78395061728395,14.97584541062802,7.971014492753623,0.03354804079441761,6.1862587224906065,5.790391841116479
256,0.0939345142243693,35.16505636070853,29.78395061728395,14.97584541062802,7.971014492753623,0.03354804079441761,6.1862587224906065,5.790391841116479
257,0.0939345142243693,35.16505636070853,29.78395061728395,14.97584541062802,7.971014492753623,0.03354804079441761,6.1862587224906065,5.790391841116479
258,0.0939345142243693,35.16505636070853,29.78395061728395,14.97584541062802,7.971014492753623,0.03354804079441761,6.1862587224906065,5.790391841116479
259,0.0939345142243693,35.16505636070853,29.78395061728395,14.97584541062802,7.971014492753623,0.03354804079441761,6.1862587224906065,5.790391841116479
260,0.0939345142243693,35.16505636070853,29.78395061728395,14.97584541062802,7.971014492753623,0.03354804079441761,6.1862587224906065,5.790391841116479
261,0.0939345142243693,35.16505636070853,29.78395061728395,14.97584541062802,7.971014492753623,0.03354804079441761,6.1862587224906065,5.790391841116479
262,0.0939345142243693,35.16505636070853,29.78395061728395,14.97584541062802,7.971014492753623,0.03354804079441761,6.1862587224906065,5.790391841116479
263,0.0939345142243693,35.16505636070853,29.78395061728395,14.97584541062802,7.971014492753623,0.03354804079441761,6.1862587224906065,5.790391841116479
264,0.0939345142243693,35.16505636070853,29.78395061728395,14.97584541062802,7.971014492753623,0.03354804079441761,6.1862587224906065,5.790391841116479
265,0.0939345142243693,35.16505636070853,29.78395061728395,14.97584541062802,7.971014492753623,0.03354804079441761,6.1862587224906065,5.790391841116479
266,0.0939345142243693,35.16505636070853,29.78395061728395,14.97584541062802,7.971014492753623,0.03354804079441761,6.1862587224906065,5.790391841116479
267,0.0939345142243693,35.16505636070853,29.78395061728395,14.97584541062802,7.971014492753623,0.03354804079441761,6.1862587224906065,5.790391841116479
268,0.0939345142243693,35.16505636070853,29.78395061728395,14.97584541062802,7.971014492753623,0.03354804079441761,6.1862587224906065,5.790391841116479
269,0.0939345142243693,35.16505636070853,29.78395061728395,14.97584541062802,7.971014492753623,0.03354804079441761,6.1862587224906065,5.790391841116479
270,0.0939345142243693,35.16505636070853,29.78395061728395,14.97584541062802,7.971014492753623,0.03354804079441761,6.1862587224906065,5.790391841116479
271,0.0939345142243693,35.16505636070853,29.78395061728395,14.97584541062802,7.971014492753623,0.03354804079441761,6.1862587224906065,5.790391841116479
272,0.0939345142243693,35.16505636070853,29.78395061728395,14.97584541062802,7.971014492753623,0.03354804079441761,6.1862587224906065,5.790391841116479
273,0.0939345142243693,35.16505636070853,29.78395061728395,14.97584541062802,7.971014492753623,0.03354804079441761,6.1862587224906065,5.790391841116479
274,0.0939345142243693,35.16505636070853,29.78395061728395,14.97584541062802,7.971014492753623,0.03354804079441761,6.1862587224906065,5.790391841116479
275,0.0939345142243693,35.16505636070853,29.78395061728395,14.97584541062802,7.971014492753623,0.03354804079441761,6.1862587224906065,5.790391841116479
276,0.0939345142243693,35.16505636070853,29.78395061728395,14.97584541062802,7.971014492753623,0.03354804079441761,6.1862587224906065,5.790391841116479
277,0.0939345142243693,34.48067632850242,30.636070853462158,14.97584541062802,7.971014492753623,0.03354804079441761,6.1862587224906065,5.622651637144391
278,0.0939345142243693,34.48067632850242,30.636070853462158,14.97584541062802,7.971014492753623,0.03354804079441761,6.1862587224906065,5.622651637144391
