,40,45,50,52,53,54,41,51,49,48
0,5.636070853462158,83.51449275362319,10.849436392914654,,,,,,,
1,8.662104133118627,77.78448738593666,13.553408480944713,,,,,,,
2,16.324476650563607,64.34514224369296,19.330381105743424,,,,,,,
3,16.861245303274288,55.401234567901234,27.737520128824478,,,,,,,
4,11.701556629092861,31.95786366076221,56.34057971014493,,,,,,,
5,12.318840579710145,29.159957058507782,54.8040794417606,3.717122920021471,,,,,,
6,17.09608158883521,25.44283413848631,53.99892646269458,3.4621578099838968,,,,,,
7,20.611916264090176,23.416532474503487,53.22061191626409,2.7509393451422435,,,,,,
8,20.987654320987655,20.35024154589372,51.570048309178745,2.7509393451422435,2.576489533011272,1.7646269457863661,,,,
9,25.315351583467525,19.135802469135804,46.61835748792271,2.690552871712292,2.576489533011272,3.6634460547504024,,,,
10,27.83816425120773,17.793880837359097,39.64036500268384,4.253891572732153,3.797638217928073,5.857487922705314,0.8185721953837896,,,
11,31.333870101986044,17.337627482555018,35.67498658078368,2.7777777777777777,3.797638217928073,4.3478260869565215,0.026838432635534086,4.703435319377348,,
12,33.15217391304348,15.398550724637682,36.38620504562534,2.7777777777777777,3.797638217928073,3.7573805689747717,0.026838432635534086,4.703435319377348,,
13,33.7157809983897,13.446054750402576,37.19806763285024,3.9318303811057436,3.797638217928073,3.4621578099838968,0.026838432635534086,4.42163177670424,,
14,35.36634460547504,12.526838432635534,35.76221148684917,4.636339237788513,3.797638217928073,3.4621578099838968,0.026838432635534086,4.42163177670424,,
15,22.73215244229737,10.560923242082662,62.62748255501879,0.9057971014492754,0.03354804079441761,1.0265700483091786,,2.1135265700483092,,
16,24.610842726784757,10.48040794417606,58.70907139023081,3.066290928609769,0.03354804079441761,0.9863123993558777,,2.1135265700483092,,
17,26.94578636607622,9.708803005904455,57.420826623725176,2.9388083735909825,0.03354804079441761,0.8387010198604401,,2.1135265700483092,,
18,27.053140096618357,9.004294149221685,58.60842726784756,2.3483628556092326,0.03354804079441761,0.8387010198604401,,2.1135265700483092,,
19,27.15378421900161,8.82313472893183,53.65002683843264,4.300858829844337,0.03354804079441761,0.8387010198604401,,5.199946323134729,,
20,31.91760601180891,7.575147611379496,51.17418142780462,3.5829307568438002,0.03354804079441761,0.8387010198604401,,4.87788513150832,,
21,30.01207729468599,6.078904991948471,55.2536231884058,2.9052603327965647,0.03354804079441761,0.8387010198604401,,4.87788513150832,,
22,32.31347289318304,5.958132045088567,49.644390767579175,2.9052603327965647,0.03354804079441761,0.0939345142243693,,9.05126140633387,,
23,31.756575415995705,5.750134192163178,48.007246376811594,2.737520128824477,0.03354804079441761,0.0939345142243693,,11.621041331186259,,
24,28.039452495974235,5.152979066022544,58.02469135802469,2.3886205045625335,0.03354804079441761,0.0939345142243693,,6.266774020397209,,
25,31.709608158883523,5.152979066022544,55.85748792270532,2.3886205045625335,0.03354804079441761,0.0939345142243693,,4.7638217928073,,
26,31.602254428341386,3.33467525496511,57.88378958668814,2.3886205045625335,0.03354804079441761,0.0939345142243693,,4.663177670424047,,
27,33.78958668813741,3.33467525496511,56.5552871712292,1.9592055823939882,0.03354804079441761,0.08051529790660225,,4.247181964573269,,
28,34.084809447128286,3.307836822329576,57.17928073000537,1.7914653784219001,0.03354804079441761,0.08051529790660225,,3.5225442834138487,,
29,36.63446054750403,3.2742887815351582,52.69726247987118,1.7914653784219001,0.03354804079441761,0.08051529790660225,,5.488459473966721,,
30,35.487117552334944,3.2742887815351582,51.64385399892646,1.7914653784219001,0.03354804079441761,0.08051529790660225,,4.924852388620504,2.7643585614600106,
31,35.90311325818572,3.2742887815351582,49.31561996779388,1.7914653784219001,2.690552871712292,0.08051529790660225,,4.180085882984434,2.7643585614600106,
32,38.56682769726248,3.1535158346752548,46.89345142243693,1.6975308641975309,2.6637144390767578,0.08051529790660225,,4.180085882984434,2.7643585614600106,
33,39.029790660225444,3.079710144927536,46.95383789586688,1.6975308641975309,2.6637144390767578,0.08051529790660225,,3.844605475040258,2.6502952227589907,
34,29.106280193236714,2.4020397208803006,52.925389157273216,1.5163714439076759,5.2066559312936125,,,6.1929683306494905,2.6502952227589907,
35,33.72920021470746,2.4020397208803006,46.60493827160494,4.448470209339774,4.7638217928073,,,5.401234567901234,2.6502952227589907,
36,33.72920021470746,2.4020397208803006,46.60493827160494,4.448470209339774,4.7638217928073,,,5.401234567901234,2.6502952227589907,
37,26.221148684916802,1.9256575415995705,62.80193236714976,0.8521202361782072,2.1604938271604937,,,3.5426731078904994,2.49597423510467,
38,24.932903918411164,1.9122383252818036,61.69484702093398,0.8521202361782072,2.1604938271604937,,,5.515297906602254,2.932098765432099,
39,27.24771873322598,1.3888888888888888,56.58883521202362,0.8521202361782072,2.1604938271604937,,,8.829844337090714,2.932098765432099,
40,30.56897477187332,1.3620504562533549,54.87788513150832,0.8521202361782072,2.1604938271604937,,,7.313472893183038,2.8650026838432634,
41,31.608964036500268,1.3620504562533549,49.966451959205585,2.522812667740204,1.7444981213097155,,,9.930220075147611,2.8650026838432634,
42,17.579173376274827,0.8655394524959742,70.11540526033279,0.5904455179817498,3.9318303811057436,,,4.643048845947397,2.2745571658615136,
43,20.417337627482556,0.8655394524959742,65.33816425120773,0.5837359098228664,3.6500268384326353,,,7.340311325818572,1.8048845947396672,
44,20.551529790660226,0.8588298443370908,63.56682769726248,2.227589908749329,3.6500268384326353,,,7.340311325818572,1.8048845947396672,
45,22.396672034353195,0.8454106280193237,59.977187332259795,4.750402576489533,3.6500268384326353,,,7.0383789586688135,1.3419216317767042,
46,25.241545893719806,0.8454106280193237,58.21256038647343,4.690016103059581,3.6500268384326353,,,6.078904991948471,1.2815351583467525,
47,27.254428341384862,0.7380568974771873,53.32796564680623,7.669082125603865,3.6500268384326353,,,6.078904991948471,1.2815351583467525,
48,29.032474503488995,0.6239935587761675,45.62533548040794,5.609232420826624,3.6500268384326353,,,9.339774557165862,2.4154589371980677,3.7037037037037037
49,32.30005367686527,0.6239935587761675,42.572463768115945,5.609232420826624,5.857487922705314,,,8.219269994632313,1.2278582930756843,3.589640365002684
50,33.78958668813741,0.6239935587761675,41.243961352657,5.448201825013419,5.857487922705314,,,8.219269994632313,1.2278582930756843,3.589640365002684
51,34.004294149221685,0.6239935587761675,39.94900697799248,6.622383252818035,5.857487922705314,,,8.125335480407944,1.2278582930756843,3.589640365002684
52,36.61433172302738,0.5703166935050993,37.62748255501879,6.608964036500268,4.5893719806763285,1.8048845947396672,,7.823403113258186,0.7716049382716049,3.589640365002684
53,39.190821256038646,0.5703166935050993,36.11782071926999,6.085614600107354,4.314278046162104,1.8048845947396672,,7.555018786902845,0.7716049382716049,3.589640365002684
54,40.445517981749866,0.5703166935050993,32.427536231884055,4.810789049919484,4.314278046162104,1.8048845947396672,,11.265432098765432,0.7716049382716049,3.589640365002684
55,41.47208803005905,0.5703166935050993,29.542404723564143,4.05931293612453,4.314278046162104,1.8048845947396672,,13.875469672571121,0.7716049382716049,3.589640365002684
56,43.994900697799245,0.5636070853462157,27.36849168008588,4.032474503488996,5.958132045088567,1.8048845947396672,,12.117552334943639,0.5703166935050993,3.589640365002684
57,41.51905528717123,0.5099302200751477,24.838969404186795,4.032474503488996,5.0858829844337095,1.3821792807300053,,18.471551261406333,0.5703166935050993,3.589640365002684
58,42.32420826623725,0.5099302200751477,24.798711755233494,3.589640365002684,5.0858829844337095,1.3821792807300053,,18.149490069779926,0.5703166935050993,3.589640365002684
59,43.20987654320987,0.5099302200751477,29.03918411164788,3.5829307568438002,3.6768652710681695,1.3821792807300053,,14.439076757917338,0.5703166935050993,3.589640365002684
60,42.129629629629626,0.47638217928073,30.629361245303276,2.8113258185721954,3.535963499731616,1.3821792807300053,,13.620504562533547,2.690552871712292,2.7241009125067097
61,42.169887278582934,0.47638217928073,31.89747718733226,1.8786902844873858,2.818035426731079,0.5703166935050993,,12.74825550187869,6.239935587761675,1.2010198604401503
62,40.68035426731079,0.47638217928073,29.643048845947398,1.8786902844873858,2.818035426731079,0.5703166935050993,,16.492216854535695,6.239935587761675,1.2010198604401503
63,43.80032206119163,0.47638217928073,27.958937198067634,1.865271068169619,2.6704240472356413,0.5636070853462157,,15.22410091250671,6.239935587761675,1.2010198604401503
64,46.89345142243693,0.47638217928073,26.979334406870638,1.865271068169619,2.6301663982823404,0.5636070853462157,,14.023081052066559,5.367686527106817,1.2010198604401503
65,45.63875469672571,0.47638217928073,26.27482555018787,3.670155662909286,2.6301663982823404,0.46296296296296297,,13.499731615673644,6.561996779388084,0.785024154589372
66,46.061460010735374,0.47638217928073,26.073537305421365,3.569511540526033,2.6301663982823404,0.4294149221685454,,13.41250670960816,6.561996779388084,0.785024154589372
67,46.806226516371446,0.47638217928073,25.328770799785293,3.569511540526033,2.6301663982823404,0.4294149221685454,,13.41250670960816,6.561996779388084,0.785024154589372
68,47.48389694041868,0.47638217928073,24.65780998389694,3.5628019323671496,2.6301663982823404,0.4294149221685454,,13.41250670960816,6.561996779388084,0.785024154589372
69,45.2361782071927,0.47638217928073,24.3894256575416,3.5628019323671496,2.5429414922168547,0.4294149221685454,,16.015834675254965,6.561996779388084,0.785024154589372
70,47.63150831991412,0.47638217928073,24.3894256575416,3.488996242619431,2.5295222758990876,0.4294149221685454,,13.707729468599034,6.561996779388084,0.785024154589372
71,48.691626409017715,0.47638217928073,23.57085346215781,3.488996242619431,2.5295222758990876,0.4294149221685454,,13.707729468599034,6.320450885668277,0.785024154589372
72,47.43022007514761,0.47638217928073,22.041062801932366,3.3011272141706924,2.5295222758990876,0.4294149221685454,,16.686795491143318,6.320450885668277,0.785024154589372
73,49.241814278046164,0.47638217928073,20.605206655931294,3.2541599570585076,2.5295222758990876,0.4294149221685454,,16.358024691358025,6.320450885668277,0.785024154589372
74,49.69135802469136,0.47638217928073,20.33011272141707,3.240740740740741,2.5295222758990876,0.4294149221685454,,16.19699409554482,6.320450885668277,0.785024154589372
75,50.24825550187869,0.47638217928073,20.128824476650564,3.1870638754696725,2.5295222758990876,0.4294149221685454,,15.895061728395062,6.320450885668277,0.785024154589372
76,53.40848094471283,0.47638217928073,18.270263016639827,3.1065485775630703,1.6975308641975309,0.4294149221685454,,16.928341384863124,4.898013955984971,0.785024154589372
77,56.58883521202362,0.47638217928073,17.08937198067633,3.1065485775630703,1.6975308641975309,0.4294149221685454,,16.532474503488995,3.294417606011809,0.785024154589372
78,58.360171765968865,0.2952227589908749,16.49892646269458,2.844873859366613,1.6572732152442298,0.4294149221685454,,16.532474503488995,2.5966183574879227,0.785024154589372
79,60.57434245840043,0.08051529790660225,16.23054213633924,2.844873859366613,1.6572732152442298,0.4294149221685454,,15.861513687600644,1.9659151905528718,0.35560923242082665
80,62.65432098765432,0.08051529790660225,15.08990874932904,2.804616210413312,1.5297906602254427,0.4294149221685454,,15.103327965646805,1.9524959742351047,0.35560923242082665
81,62.043746645195924,0.08051529790660225,14.861782071927,2.2946859903381642,1.5297906602254427,0.4294149221685454,,15.08990874932904,3.5829307568438002,0.08722490606548577
82,62.043746645195924,0.08051529790660225,14.861782071927,2.2946859903381642,1.5297906602254427,0.4294149221685454,,15.08990874932904,3.5829307568438002,0.08722490606548577
83,62.42619431025228,0.08051529790660225,14.667203435319378,2.1068169618894257,1.5297906602254427,0.4294149221685454,,15.08990874932904,3.5829307568438002,0.08722490606548577
84,61.9296833064949,0.08051529790660225,14.600107353730541,0.95276435856146,1.3687600644122384,0.17444981213097155,,17.223564143854,3.5829307568438002,0.08722490606548577
85,60.265700483091784,0.08051529790660225,14.465915190552872,2.9790660225442833,1.1406333870101986,0.17444981213097155,,17.223564143854,3.5829307568438002,0.08722490606548577
86,59.21229200214707,0.08051529790660225,13.22463768115942,2.9790660225442833,1.1406333870101986,0.17444981213097155,,19.83360171765969,3.2877079978529253,0.06709608158883522
87,59.96376811594203,0.07380568974771873,12.47987117552335,2.9790660225442833,1.1406333870101986,0.17444981213097155,,19.83360171765969,3.2877079978529253,0.06709608158883522
88,60.98362855609233,0.07380568974771873,12.016908212560386,2.9790660225442833,0.9997316156736447,0.17444981213097155,,19.51825013419216,3.1870638754696725,0.06709608158883522
89,60.7085346215781,0.07380568974771873,11.969940955448202,2.9790660225442833,0.8655394524959742,0.17444981213097155,,17.941492216854535,5.22007514761138,0.06709608158883522
90,61.8894256575416,0.07380568974771873,11.52710681696189,2.9790660225442833,0.8655394524959742,0.17444981213097155,,17.324208266237253,5.0993022007514766,0.06709608158883522
91,63.00993022007515,0.07380568974771873,11.07085346215781,2.7844873859366612,0.8655394524959742,0.17444981213097155,,16.854535695115406,5.0993022007514766,0.06709608158883522
92,63.37224906065486,0.07380568974771873,10.7085346215781,2.7844873859366612,0.8655394524959742,0.17444981213097155,,16.854535695115406,5.0993022007514766,0.06709608158883522
93,63.88217928073001,0.07380568974771873,10.198604401502953,2.7844873859366612,0.8655394524959742,0.17444981213097155,,16.854535695115406,5.0993022007514766,0.06709608158883522
94,65.2308105206656,0.07380568974771873,9.903381642512077,2.0933977455716586,0.7716049382716049,0.14761137949543746,,16.854535695115406,4.85775630703167,0.06709608158883522
95,65.66693505099302,0.07380568974771873,9.903381642512077,2.0933977455716586,0.7716049382716049,0.14761137949543746,,16.6129898013956,4.663177670424047,0.06709608158883522
96,67.19001610305958,0.07380568974771873,9.460547504025765,2.0933977455716586,0.7716049382716049,0.14761137949543746,,15.915190552871712,4.280730005367687,0.06709608158883522
97,67.69994632313472,0.07380568974771873,9.044551798174986,0.7313472893183038,0.6910896403650026,0.14761137949543746,,17.67981749865808,3.864734299516908,0.06709608158883522
98,69.08883521202362,0.07380568974771873,8.742619431025227,0.6910896403650026,0.6910896403650026,0.14761137949543746,,16.63311862587225,3.864734299516908,0.06709608158883522
99,70.74610842726784,0.07380568974771873,8.460815888352121,0.6910896403650026,0.6910896403650026,0.14761137949543746,,15.257648953301127,3.864734299516908,0.06709608158883522
100,69.77992485238862,0.07380568974771873,11.097691894793345,0.6709608158883521,0.6910896403650026,0.14761137949543746,,13.607085346215781,3.864734299516908,0.06709608158883522
101,70.37707997852925,0.07380568974771873,10.86285560923242,0.6172839506172839,0.6910896403650026,0.14761137949543746,,13.298443370907139,3.864734299516908,0.06709608158883522
102,70.37707997852925,0.07380568974771873,10.86285560923242,0.6172839506172839,0.6910896403650026,0.14761137949543746,,13.298443370907139,3.864734299516908,0.06709608158883522
103,70.37707997852925,0.07380568974771873,10.86285560923242,0.6172839506172839,0.6910896403650026,0.14761137949543746,,13.298443370907139,3.864734299516908,0.06709608158883522
104,69.07541599570585,0.06709608158883522,13.855340848094471,0.6038647342995169,0.6910896403650026,0.14761137949543746,,11.627750939345143,3.864734299516908,0.06709608158883522
105,70.90042941492217,0.06709608158883522,13.667471819645733,0.6038647342995169,0.6910896403650026,0.14761137949543746,,11.285560923242082,2.6033279656468062,0.03354804079441761
106,71.36339237788513,0.06709608158883522,13.667471819645733,0.6038647342995169,0.6910896403650026,0.14761137949543746,,11.285560923242082,2.1403650026838434,0.03354804079441761
107,71.40365002683843,0.06709608158883522,13.647342995169081,0.6038647342995169,0.6910896403650026,0.14761137949543746,,11.285560923242082,2.120236178207193,0.03354804079441761
108,68.75335480407944,0.06709608158883522,16.317767042404725,0.6038647342995169,0.6910896403650026,0.14761137949543746,,11.285560923242082,2.120236178207193,0.013419216317767043
109,69.68599033816425,0.06709608158883522,15.432098765432098,0.6038647342995169,0.6910896403650026,0.14761137949543746,,11.238593666129898,2.120236178207193,0.013419216317767043
110,69.68599033816425,0.06709608158883522,15.432098765432098,0.6038647342995169,0.6910896403650026,0.14761137949543746,,11.238593666129898,2.120236178207193,0.013419216317767043
111,68.1159420289855,0.06709608158883522,18.02200751476114,0.6038647342995169,0.6910896403650026,0.14761137949543746,,10.218733225979603,2.120236178207193,0.013419216317767043
112,68.30381105743425,0.06038647342995169,18.02200751476114,0.6038647342995169,0.6910896403650026,0.14761137949543746,,10.171765968867419,1.9994632313472893,
113,68.31723027375202,0.06038647342995169,18.02200751476114,0.5971551261406334,0.6910896403650026,0.14761137949543746,,10.165056360708535,1.9994632313472893,
114,68.33064949006977,0.06038647342995169,18.00858829844337,0.5971551261406334,0.6910896403650026,0.14761137949543746,,10.165056360708535,1.9994632313472893,
115,68.35077831454643,0.04696725711218465,18.00858829844337,0.5971551261406334,0.6910896403650026,0.14761137949543746,,10.158346752549651,1.9994632313472893,
116,69.43773483628556,0.04696725711218465,17.47181964573269,0.5971551261406334,0.47638217928073,0.14761137949543746,,10.071121846484166,1.751207729468599,
117,70.35024154589372,0.04696725711218465,17.364465915190554,0.5971551261406334,0.47638217928073,0.14761137949543746,,9.265968867418144,1.751207729468599,
118,71.68545356951154,0.04696725711218465,16.337895866881375,0.5971551261406334,0.47638217928073,0.14761137949543746,,8.957326892109501,1.751207729468599,
119,72.24906065485776,0.040257648953301126,16.015834675254965,0.5971551261406334,0.4428341384863124,0.14761137949543746,,8.957326892109501,1.5499194847020934,
120,72.25577026301664,0.040257648953301126,16.009125067096083,0.5971551261406334,0.4428341384863124,0.14761137949543746,,8.957326892109501,1.5499194847020934,
121,72.77911969940955,0.040257648953301126,15.96886741814278,0.5971551261406334,0.43612453032742887,0.14761137949543746,,8.480944712828771,1.5499194847020934,
122,74.06736446591519,0.040257648953301126,15.780998389694043,0.5971551261406334,0.2616747181964573,0.14761137949543746,,8.05823939881911,1.0466988727858293,
123,72.89318303811058,0.040257648953301126,14.49946323134729,0.5971551261406334,0.2616747181964573,0.14761137949543746,,8.05823939881911,3.502415458937198,
124,72.0276435856146,0.040257648953301126,13.741277509393452,0.5971551261406334,0.2616747181964573,0.14761137949543746,,9.681964573268921,3.502415458937198,
125,72.31615673644659,0.040257648953301126,13.633923778851315,0.5971551261406334,0.20128824476650564,0.14761137949543746,,9.561191626409018,3.502415458937198,
126,72.31615673644659,0.040257648953301126,13.633923778851315,0.5971551261406334,0.20128824476650564,0.14761137949543746,,9.561191626409018,3.502415458937198,
127,72.61137949543746,0.040257648953301126,13.633923778851315,0.5971551261406334,0.20128824476650564,0.14761137949543746,,9.561191626409018,3.207192699946323,
128,72.91331186258722,0.040257648953301126,13.405797101449275,0.5971551261406334,0.20128824476650564,0.14761137949543746,,9.4873859366613,3.207192699946323,
129,72.94685990338164,0.040257648953301126,13.405797101449275,0.5971551261406334,0.20128824476650564,0.14761137949543746,,9.4873859366613,3.1736446591519054,
130,71.28958668813742,0.040257648953301126,13.231347289318304,0.5904455179817498,0.20128824476650564,0.14761137949543746,,9.306226516371444,2.999194847020934,2.1940418679549114
131,70.0281803542673,0.040257648953301126,13.097155126140633,0.5837359098228664,0.20128824476650564,0.14761137949543746,,10.7085346215781,2.999194847020934,2.1940418679549114
132,68.35748792270532,0.040257648953301126,12.828770799785293,0.4227053140096618,0.20128824476650564,0.14761137949543746,,10.7085346215781,2.8247450348899625,4.468599033816425
133,68.35748792270532,0.040257648953301126,12.828770799785293,0.4227053140096618,0.20128824476650564,0.14761137949543746,,10.7085346215781,2.8247450348899625,4.468599033816425
134,68.4447128287708,0.040257648953301126,12.828770799785293,0.4227053140096618,0.20128824476650564,0.14761137949543746,,10.7085346215781,2.737520128824477,4.468599033816425
135,66.9753086419753,0.040257648953301126,12.506709608158884,0.4227053140096618,0.20128824476650564,0.14761137949543746,,8.930488459473967,6.3070316693505095,4.468599033816425
136,64.01637144390767,0.040257648953301126,11.902844873859367,0.4227053140096618,0.20128824476650564,0.14761137949543746,,10.735373054213634,5.173107890499195,7.360440150295223
137,64.37869028448739,0.040257648953301126,11.540526033279656,0.4227053140096618,0.20128824476650564,0.14761137949543746,,10.735373054213634,5.173107890499195,7.360440150295223
138,65.17713365539453,0.040257648953301126,11.178207192699947,0.4227053140096618,0.20128824476650564,0.14761137949543746,,10.513955984970478,4.958400429414922,7.360440150295223
139,65.26435856146001,0.040257648953301126,11.178207192699947,0.4227053140096618,0.20128824476650564,0.14761137949543746,,10.513955984970478,4.958400429414922,7.273215244229737
140,64.84836285560924,0.040257648953301126,12.902576489533011,0.14761137949543746,0.20128824476650564,0.14761137949543746,,9.480676328502415,4.958400429414922,7.273215244229737
141,64.37869028448739,0.040257648953301126,14.63365539452496,0.14761137949543746,0.20128824476650564,0.14761137949543746,,8.219269994632313,4.958400429414922,7.273215244229737
142,65.48577563070317,0.040257648953301126,13.868760064412239,0.14761137949543746,0.20128824476650564,0.14761137949543746,,7.877079978529254,4.958400429414922,7.273215244229737
143,65.48577563070317,0.040257648953301126,13.868760064412239,0.14761137949543746,0.20128824476650564,0.14761137949543746,,7.877079978529254,4.958400429414922,7.273215244229737
144,64.88191089640365,0.040257648953301126,13.734567901234568,0.14761137949543746,0.20128824476650564,0.14761137949543746,,9.004294149221685,4.958400429414922,6.884057971014493
145,66.30434782608695,0.040257648953301126,13.600375738056897,0.14761137949543746,0.20128824476650564,0.14761137949543746,,8.729200214707461,4.461889425657541,6.367418142780462
146,67.6328502415459,0.040257648953301126,13.479602791196994,0.14090177133655393,0.20128824476650564,0.14761137949543746,,7.977724100912507,4.461889425657541,5.917874396135265
147,67.6328502415459,0.040257648953301126,13.479602791196994,0.14090177133655393,0.20128824476650564,0.14761137949543746,,7.977724100912507,4.461889425657541,5.917874396135265
148,68.37761674718196,0.040257648953301126,13.479602791196994,0.14090177133655393,0.20128824476650564,0.14761137949543746,,7.467793880837359,4.2270531400966185,5.917874396135265
149,69.0955448201825,0.040257648953301126,13.009930220075148,0.14090177133655393,0.20128824476650564,0.14761137949543746,,7.219538378958669,4.2270531400966185,5.917874396135265
150,69.0955448201825,0.040257648953301126,13.009930220075148,0.14090177133655393,0.20128824476650564,0.14761137949543746,,7.219538378958669,4.2270531400966185,5.917874396135265
151,69.32367149758454,0.040257648953301126,12.929414922168545,0.14090177133655393,0.20128824476650564,0.14761137949543746,,7.071926999463232,4.2270531400966185,5.917874396135265
152,69.32367149758454,0.040257648953301126,12.929414922168545,0.14090177133655393,0.20128824476650564,0.14761137949543746,,7.071926999463232,4.2270531400966185,5.917874396135265
153,69.32367149758454,0.040257648953301126,12.929414922168545,0.14090177133655393,0.20128824476650564,0.14761137949543746,,7.071926999463232,4.2270531400966185,5.917874396135265
154,69.32367149758454,0.040257648953301126,12.929414922168545,0.14090177133655393,0.20128824476650564,0.14761137949543746,,7.071926999463232,4.2270531400966185,5.917874396135265
155,70.82662372517444,0.040257648953301126,12.68786902844874,0.14090177133655393,0.20128824476650564,0.14761137949543746,,6.850509930220075,3.9318303811057436,5.173107890499195
156,70.82662372517444,0.040257648953301126,12.68786902844874,0.14090177133655393,0.20128824476650564,0.14761137949543746,,6.850509930220075,3.9318303811057436,5.173107890499195
157,70.73268921095008,0.040257648953301126,13.251476113794954,0.14090177133655393,0.20128824476650564,0.14761137949543746,,6.414385399892646,3.898282340311326,5.173107890499195
158,70.73268921095008,0.040257648953301126,13.251476113794954,0.14090177133655393,0.20128824476650564,0.14761137949543746,,6.414385399892646,3.898282340311326,5.173107890499195
159,70.73268921095008,0.040257648953301126,13.251476113794954,0.14090177133655393,0.20128824476650564,0.14761137949543746,,6.414385399892646,3.898282340311326,5.173107890499195
160,70.73268921095008,0.040257648953301126,13.251476113794954,0.14090177133655393,0.20128824476650564,0.14761137949543746,,6.414385399892646,3.898282340311326,5.173107890499195
161,71.69887278582931,0.040257648953301126,12.835480407944177,0.11406333870101985,0.20128824476650564,0.14761137949543746,,5.891035963499732,3.898282340311326,5.173107890499195
162,71.69887278582931,0.040257648953301126,12.835480407944177,0.11406333870101985,0.20128824476650564,0.14761137949543746,,5.891035963499732,3.898282340311326,5.173107890499195
163,72.16854535695116,0.040257648953301126,12.795222758990874,0.10064412238325282,0.20128824476650564,0.11406333870101985,,5.508588298443371,3.898282340311326,5.173107890499195
164,72.81937734836285,0.040257648953301126,12.741545893719806,0.10064412238325282,0.20128824476650564,0.11406333870101985,,5.508588298443371,3.3011272141706924,5.173107890499195
165,72.93344068706388,0.040257648953301126,12.741545893719806,0.10064412238325282,0.20128824476650564,0.11406333870101985,,5.508588298443371,3.3011272141706924,5.059044551798175
166,72.93344068706388,0.040257648953301126,12.741545893719806,0.10064412238325282,0.20128824476650564,0.11406333870101985,,5.508588298443371,3.3011272141706924,5.059044551798175
167,71.0882984433709,0.040257648953301126,14.593397745571659,0.10064412238325282,0.20128824476650564,0.11406333870101985,,5.501878690284487,3.3011272141706924,5.059044551798175
168,71.0882984433709,0.040257648953301126,14.593397745571659,0.10064412238325282,0.20128824476650564,0.11406333870101985,,5.501878690284487,3.3011272141706924,5.059044551798175
169,71.96054750402577,0.040257648953301126,14.593397745571659,0.10064412238325282,0.20128824476650564,0.11406333870101985,,5.374396135265701,2.9119699409554483,4.703435319377348
170,71.99409554482018,0.040257648953301126,14.593397745571659,0.10064412238325282,0.20128824476650564,0.11406333870101985,,5.340848094471283,2.9119699409554483,4.703435319377348
171,72.03435319377348,0.040257648953301126,14.553140096618357,0.10064412238325282,0.20128824476650564,0.11406333870101985,,5.340848094471283,2.9119699409554483,4.703435319377348
172,72.57783145464305,0.040257648953301126,14.123725174449811,0.10064412238325282,0.20128824476650564,0.11406333870101985,,5.226784755770263,2.9119699409554483,4.703435319377348
173,73.12130971551261,0.040257648953301126,13.808373590982287,0.10064412238325282,0.20128824476650564,0.11406333870101985,,5.10601180891036,2.804616210413312,4.703435319377348
174,73.2085346215781,0.040257648953301126,13.7211486849168,0.10064412238325282,0.20128824476650564,0.11406333870101985,,5.10601180891036,2.804616210413312,4.703435319377348
175,73.49033816425121,0.040257648953301126,13.707729468599034,0.10064412238325282,0.20128824476650564,0.11406333870101985,,4.8376274825550185,2.804616210413312,4.703435319377348
176,74.2619431025228,0.040257648953301126,13.009930220075148,0.10064412238325282,0.20128824476650564,0.11406333870101985,,4.7638217928073,2.804616210413312,4.703435319377348
177,74.2619431025228,0.040257648953301126,13.009930220075148,0.10064412238325282,0.20128824476650564,0.11406333870101985,,4.7638217928073,2.804616210413312,4.703435319377348
178,74.2619431025228,0.040257648953301126,13.009930220075148,0.10064412238325282,0.20128824476650564,0.11406333870101985,,4.7638217928073,2.804616210413312,4.703435319377348
179,74.49677938808374,0.040257648953301126,12.788513150831992,0.10064412238325282,0.20128824476650564,0.11406333870101985,,4.750402576489533,2.804616210413312,4.703435319377348
180,74.49677938808374,0.040257648953301126,12.788513150831992,0.10064412238325282,0.20128824476650564,0.11406333870101985,,4.750402576489533,2.804616210413312,4.703435319377348
181,74.72490606548577,0.040257648953301126,12.560386473429952,0.10064412238325282,0.20128824476650564,0.11406333870101985,,4.750402576489533,2.804616210413312,4.703435319377348
182,74.97316156736447,0.040257648953301126,12.030327428878154,0.10064412238325282,0.20128824476650564,0.11406333870101985,,5.723295759527644,2.804616210413312,4.012345679012346
183,75.0805152979066,0.040257648953301126,11.976650563607086,0.10064412238325282,0.20128824476650564,0.11406333870101985,,5.669618894256575,2.804616210413312,4.012345679012346
184,75.3220611916264,0.040257648953301126,11.896135265700483,0.10064412238325282,0.15432098765432098,0.11406333870101985,,5.562265163714439,2.7979066022544283,4.012345679012346
185,75.32877079978529,0.040257648953301126,11.896135265700483,0.10064412238325282,0.15432098765432098,0.11406333870101985,,5.555555555555555,2.7979066022544283,4.012345679012346
186,76.10708534621578,0.040257648953301126,11.43317230273752,0.10064412238325282,0.14090177133655393,0.11406333870101985,,5.481749865807837,2.690552871712292,3.8915727321524423
187,76.10708534621578,0.040257648953301126,11.43317230273752,0.10064412238325282,0.14090177133655393,0.11406333870101985,,5.481749865807837,2.690552871712292,3.8915727321524423
188,76.10708534621578,0.040257648953301126,11.43317230273752,0.10064412238325282,0.14090177133655393,0.11406333870101985,,5.481749865807837,2.690552871712292,3.8915727321524423
189,76.88539989264628,0.040257648953301126,10.661567364465915,0.10064412238325282,0.14090177133655393,0.11406333870101985,,5.481749865807837,2.690552871712292,3.8848631239935587
190,76.88539989264628,0.040257648953301126,10.661567364465915,0.10064412238325282,0.14090177133655393,0.11406333870101985,,5.481749865807837,2.690552871712292,3.8848631239935587
191,77.01959205582394,0.040257648953301126,10.61460010735373,0.10064412238325282,0.14090177133655393,0.11406333870101985,,5.394524959742351,2.690552871712292,3.8848631239935587
192,77.67042404723564,0.040257648953301126,10.61460010735373,0.10064412238325282,0.14090177133655393,0.11406333870101985,,5.213365539452496,2.690552871712292,3.4151905528717124
193,77.67042404723564,0.040257648953301126,10.61460010735373,0.10064412238325282,0.14090177133655393,0.11406333870101985,,5.213365539452496,2.690552871712292,3.4151905528717124
194,77.86500268384326,0.040257648953301126,10.466988727858293,0.10064412238325282,0.14090177133655393,0.11406333870101985,,5.166398282340311,2.690552871712292,3.4151905528717124
195,77.86500268384326,0.040257648953301126,10.466988727858293,0.10064412238325282,0.14090177133655393,0.11406333870101985,,5.166398282340311,2.690552871712292,3.4151905528717124
196,77.95893719806763,0.040257648953301126,10.393183038110575,0.10064412238325282,0.14090177133655393,0.11406333870101985,,5.166398282340311,2.6704240472356413,3.4151905528717124
197,77.95893719806763,0.040257648953301126,10.393183038110575,0.10064412238325282,0.14090177133655393,0.11406333870101985,,5.166398282340311,2.6704240472356413,3.4151905528717124
198,78.71041331186258,0.040257648953301126,9.802737520128824,0.10064412238325282,0.14090177133655393,0.11406333870101985,,5.166398282340311,2.509393451422437,3.4151905528717124
199,78.71041331186258,0.040257648953301126,9.802737520128824,0.10064412238325282,0.14090177133655393,0.11406333870101985,,5.166398282340311,2.509393451422437,3.4151905528717124
200,79.18008588298443,0.040257648953301126,9.614868491680086,0.10064412238325282,0.14090177133655393,,,4.998658078368224,2.509393451422437,3.4151905528717124
201,79.18008588298443,0.040257648953301126,9.614868491680086,0.10064412238325282,0.14090177133655393,,,4.998658078368224,2.509393451422437,3.4151905528717124
202,79.37466451959206,0.040257648953301126,9.614868491680086,0.04696725711218465,0.14090177133655393,,,4.85775630703167,2.509393451422437,3.4151905528717124
203,79.8040794417606,0.040257648953301126,9.185453569511541,0.04696725711218465,0.14090177133655393,,,4.85775630703167,2.509393451422437,3.4151905528717124
204,79.8040794417606,0.040257648953301126,9.185453569511541,0.04696725711218465,0.14090177133655393,,,4.85775630703167,2.509393451422437,3.4151905528717124
205,79.8040794417606,0.040257648953301126,9.185453569511541,0.04696725711218465,0.14090177133655393,,,4.85775630703167,2.509393451422437,3.4151905528717124
206,79.8040794417606,0.040257648953301126,9.185453569511541,0.04696725711218465,0.14090177133655393,,,4.85775630703167,2.509393451422437,3.4151905528717124
207,79.87788513150832,0.040257648953301126,9.151905528717123,0.04696725711218465,0.14090177133655393,,,4.817498658078368,2.509393451422437,3.4151905528717124
208,79.87788513150832,0.040257648953301126,9.151905528717123,0.04696725711218465,0.14090177133655393,,,4.817498658078368,2.509393451422437,3.4151905528717124
209,79.8913043478261,0.040257648953301126,9.151905528717123,0.04696725711218465,0.14090177133655393,,,4.804079441760601,2.509393451422437,3.4151905528717124
210,80.43478260869566,0.040257648953301126,8.655394524959743,0.04696725711218465,0.14090177133655393,,,4.804079441760601,2.509393451422437,3.3682232957595275
211,80.43478260869566,0.040257648953301126,8.655394524959743,0.04696725711218465,0.14090177133655393,,,4.804079441760601,2.509393451422437,3.3682232957595275
212,81.07890499194848,0.040257648953301126,8.031400966183575,0.04696725711218465,0.14090177133655393,,,4.783950617283951,2.509393451422437,3.3682232957595275
213,79.9718196457327,0.040257648953301126,7.977724100912507,0.04696725711218465,0.14090177133655393,,,4.783950617283951,3.670155662909286,3.3682232957595275
214,79.9718196457327,0.040257648953301126,7.977724100912507,0.04696725711218465,0.14090177133655393,,,4.783950617283951,3.670155662909286,3.3682232957595275
215,80.14626945786367,0.040257648953301126,7.96430488459474,0.04696725711218465,0.14090177133655393,,,4.622920021470746,3.670155662909286,3.3682232957595275
216,80.14626945786367,0.040257648953301126,7.96430488459474,0.04696725711218465,0.14090177133655393,,,4.622920021470746,3.670155662909286,3.3682232957595275
217,80.42136339237788,0.040257648953301126,7.695920558239399,0.04696725711218465,0.14090177133655393,,,4.622920021470746,3.6634460547504024,3.3682232957595275
218,80.48845947396671,0.040257648953301126,7.669082125603865,0.04696725711218465,0.14090177133655393,,,4.582662372517445,3.6634460547504024,3.3682232957595275
219,80.87761674718196,0.040257648953301126,7.27992485238862,0.04696725711218465,0.14090177133655393,,,4.582662372517445,3.6634460547504024,3.3682232957595275
220,80.87761674718196,0.040257648953301126,7.27992485238862,0.04696725711218465,0.14090177133655393,,,4.582662372517445,3.6634460547504024,3.3682232957595275
221,80.87761674718196,0.040257648953301126,7.27992485238862,0.04696725711218465,0.14090177133655393,,,4.582662372517445,3.6634460547504024,3.3682232957595275
222,80.87761674718196,0.040257648953301126,7.27992485238862,0.04696725711218465,0.14090177133655393,,,4.582662372517445,3.6634460547504024,3.3682232957595275
223,80.87761674718196,0.040257648953301126,7.27992485238862,0.04696725711218465,0.14090177133655393,,,4.582662372517445,3.6634460547504024,3.3682232957595275
224,80.87761674718196,0.040257648953301126,7.27992485238862,0.04696725711218465,0.14090177133655393,,,4.582662372517445,3.6634460547504024,3.3682232957595275
225,80.87761674718196,0.040257648953301126,7.27992485238862,0.04696725711218465,0.14090177133655393,,,4.582662372517445,3.6634460547504024,3.3682232957595275
226,80.87761674718196,0.040257648953301126,7.27992485238862,0.04696725711218465,0.14090177133655393,,,4.582662372517445,3.6634460547504024,3.3682232957595275
227,80.87761674718196,0.040257648953301126,7.27992485238862,0.04696725711218465,0.14090177133655393,,,4.582662372517445,3.6634460547504024,3.3682232957595275
228,81.07219538378959,0.040257648953301126,7.25979602791197,0.04696725711218465,0.14090177133655393,,,4.408212560386473,3.6634460547504024,3.3682232957595275
229,81.07219538378959,0.040257648953301126,7.25979602791197,0.04696725711218465,0.14090177133655393,,,4.408212560386473,3.6634460547504024,3.3682232957595275
230,81.61567364465915,0.040257648953301126,6.91760601180891,0.04696725711218465,0.14090177133655393,,,4.206924315619967,3.6634460547504024,3.3682232957595275
231,81.61567364465915,0.040257648953301126,6.91760601180891,0.04696725711218465,0.14090177133655393,,,4.206924315619967,3.6634460547504024,3.3682232957595275
232,81.61567364465915,0.040257648953301126,6.91760601180891,0.04696725711218465,0.14090177133655393,,,4.206924315619967,3.6634460547504024,3.3682232957595275
233,81.61567364465915,0.040257648953301126,6.91760601180891,0.04696725711218465,0.14090177133655393,,,4.206924315619967,3.6634460547504024,3.3682232957595275
234,81.61567364465915,0.040257648953301126,6.91760601180891,0.04696725711218465,0.14090177133655393,,,4.206924315619967,3.6634460547504024,3.3682232957595275
235,82.15244229736983,0.040257648953301126,6.910896403650026,0.04696725711218465,0.14090177133655393,,,4.206924315619967,3.1333870101986045,3.3682232957595275
236,82.15244229736983,0.040257648953301126,6.910896403650026,0.04696725711218465,0.14090177133655393,,,4.206924315619967,3.1333870101986045,3.3682232957595275
237,82.21282877079979,0.040257648953301126,6.890767579173376,0.04696725711218465,0.14090177133655393,,,4.206924315619967,3.0931293612453032,3.3682232957595275
238,82.21282877079979,0.040257648953301126,6.890767579173376,0.04696725711218465,0.14090177133655393,,,4.206924315619967,3.0931293612453032,3.3682232957595275
239,82.33360171765969,0.040257648953301126,6.850509930220075,0.04696725711218465,0.14090177133655393,,,4.133118625872249,3.0864197530864197,3.3682232957595275
240,82.33360171765969,0.040257648953301126,6.850509930220075,0.04696725711218465,0.14090177133655393,,,4.133118625872249,3.0864197530864197,3.3682232957595275
241,82.33360171765969,0.040257648953301126,6.850509930220075,0.04696725711218465,0.14090177133655393,,,4.133118625872249,3.0864197530864197,3.3682232957595275
242,82.33360171765969,0.040257648953301126,6.850509930220075,0.04696725711218465,0.14090177133655393,,,4.133118625872249,3.0864197530864197,3.3682232957595275
243,83.1857219538379,0.040257648953301126,6.850509930220075,0.04696725711218465,0.14090177133655393,,,4.133118625872249,3.0864197530864197,2.5161030595813205
244,83.20585077831454,0.040257648953301126,6.830381105743425,0.04696725711218465,0.14090177133655393,,,4.133118625872249,3.0864197530864197,2.5161030595813205
245,83.20585077831454,0.040257648953301126,6.830381105743425,0.04696725711218465,0.14090177133655393,,,4.133118625872249,3.0864197530864197,2.5161030595813205
246,80.52200751476114,0.040257648953301126,6.78341384863124,0.04696725711218465,0.040257648953301126,,,4.0995705850778315,5.9514224369296835,2.5161030595813205
247,80.52200751476114,0.040257648953301126,6.78341384863124,0.04696725711218465,0.040257648953301126,,,4.0995705850778315,5.9514224369296835,2.5161030595813205
