,40,45,50,51,55,54,41,53,52,49
0,0.2616747181964573,88.76811594202898,10.970209339774557,,,,,,,
1,0.9125067096081588,74.85909822866344,24.228395061728396,,,,,,,
2,0.9125067096081588,73.18840579710145,21.00107353730542,4.898013955984971,,,,,,
3,1.1876006441223832,63.85534084809447,30.159688674181428,4.797369833601718,,,,,,
4,1.6572732152442298,24.90606548577563,65.61325818572196,7.387278582930757,0.43612453032742887,,,,,
5,2.589908749329039,18.646001073537306,73.83923778851315,2.576489533011272,0.43612453032742887,1.9122383252818036,,,,
6,0.3757380568974772,3.5628019323671496,94.77992485238862,,0.17444981213097155,1.107085346215781,,,,
7,0.9997316156736447,3.535963499731616,92.65968867418142,,0.9259259259259259,1.8786902844873858,,,,
8,0.9997316156736447,2.8381642512077296,83.86339237788513,7.39398819108964,1.2815351583467525,3.1333870101986045,0.48980139559849706,,,
9,0.9997316156736447,2.49597423510467,90.61996779388083,0.30864197530864196,1.3016639828234031,3.1333870101986045,0.4294149221685454,0.7112184648416533,,
10,1.6908212560386473,2.462426194310252,89.64707461084272,0.30864197530864196,1.865271068169619,3.1333870101986045,0.18115942028985507,0.7112184648416533,,
11,1.9524959742351047,2.462426194310252,89.35856146001073,0.30864197530864196,1.5767579173376274,3.1333870101986045,0.49651100375738055,0.7112184648416533,,
12,2.0397208803005906,1.751207729468599,88.14412238325282,2.3349436392914655,1.3888888888888888,3.1333870101986045,0.49651100375738055,0.7112184648416533,,
13,1.6103059581320451,1.751207729468599,87.67444981213097,2.2074610842726785,2.328234031132582,3.2206119162640903,0.49651100375738055,0.7112184648416533,,
14,2.3886205045625335,1.7444981213097155,85.94337090713903,1.9994632313472893,2.6972624798711755,4.019055287171229,0.49651100375738055,0.7112184648416533,,
15,1.5365002683843263,0.4830917874396135,93.14949006977993,1.3150831991411702,1.3016639828234031,2.0263016639828235,,0.1878690284487386,,
16,2.2611379495437465,0.4830917874396135,92.63955984970478,1.3150831991411702,1.3016639828234031,1.8115942028985508,,0.1878690284487386,,
17,2.2611379495437465,0.4830917874396135,90.38513150831992,1.3150831991411702,2.214170692431562,3.1535158346752548,,0.1878690284487386,,
18,3.408480944712829,0.4830917874396135,87.91599570585078,1.3150831991411702,2.214170692431562,3.5829307568438002,,0.1878690284487386,0.8923778851315083,
19,3.44873859366613,0.12077294685990338,90.09661835748793,0.4092860976918948,2.5295222758990876,2.6637144390767578,,,0.7313472893183038,
20,3.5628019323671496,0.12077294685990338,84.07809983896941,7.360440150295223,2.5295222758990876,2.2410091250670963,,,0.10735373054213634,
21,1.2144390767579174,0.013419216317767043,94.43102522812667,0.013419216317767043,1.7310789049919484,1.6371443907675791,,0.8521202361782072,0.10735373054213634,
22,2.033011272141707,0.013419216317767043,92.98174986580784,0.013419216317767043,2.3617820719269993,1.6371443907675791,,0.8521202361782072,0.10735373054213634,
23,1.7042404723564144,,92.78717122920021,0.013419216317767043,3.2340311325818574,2.15378421900161,,,0.10735373054213634,
24,1.7042404723564144,,92.47852925389158,0.013419216317767043,3.5426731078904994,2.15378421900161,,,0.10735373054213634,
25,1.7042404723564144,,91.78743961352657,0.013419216317767043,3.5426731078904994,2.15378421900161,,0.6910896403650026,0.10735373054213634,
26,1.9927536231884058,,88.88217928073,0.013419216317767043,3.9720880300590444,2.717391304347826,,0.6910896403650026,1.7310789049919484,
27,1.3620504562533549,,92.94820182501341,0.0067096081588835215,4.079441760601181,0.5971551261406334,,,1.0064412238325282,
28,1.3620504562533549,,91.17686527106817,0.0067096081588835215,5.850778314546431,0.5971551261406334,,,1.0064412238325282,
29,2.0128824476650564,,89.99597423510467,0.0067096081588835215,6.380837359098229,0.5971551261406334,,,1.0064412238325282,
30,1.415727321524423,,91.29763821792807,0.0067096081588835215,5.709876543209877,0.5636070853462157,,,1.0064412238325282,
31,1.415727321524423,,82.15915190552872,8.608427267847558,6.535158346752549,0.5636070853462157,,,0.7179280730005367,
32,2.408749329039184,,80.6159420289855,8.608427267847558,7.085346215780999,0.5636070853462157,,,0.7179280730005367,
33,1.2815351583467525,,86.74181427804616,8.152173913043478,3.1065485775630703,,,,0.7179280730005367,
34,2.2342995169082127,,85.68840579710145,8.152173913043478,3.207192699946323,,,,0.7179280730005367,
35,2.5563607085346214,,85.27241009125068,7.219538378958669,3.784219001610306,,,0.6642512077294686,0.5032206119162641,
36,1.6975308641975309,,93.37761674718196,0.19457863660762212,2.6301663982823404,0.48980139559849706,0.026838432635534086,1.2949543746645196,0.2885131508319914,
37,2.576489533011272,,91.91492216854536,0.19457863660762212,1.3620504562533549,2.945517981749866,0.026838432635534086,0.9796027911969941,,
38,2.1940418679549114,,88.97611379495437,2.8113258185721954,1.8518518518518519,3.1602254428341383,0.026838432635534086,0.9796027911969941,,
39,1.778046162104133,,86.38620504562533,2.8113258185721954,4.17337627482555,3.978797638217928,0.026838432635534086,0.8454106280193237,,
40,1.778046162104133,,84.30622651637144,2.589908749329039,4.562533548040794,5.669618894256575,0.24825550187869028,0.8454106280193237,,
41,2.0933977455716586,,83.23268921095008,2.589908749329039,5.320719269994632,5.669618894256575,0.24825550187869028,0.8454106280193237,,
42,1.9927536231884058,,82.97772410091251,2.589908749329039,5.837359098228664,5.508588298443371,0.24825550187869028,0.8454106280193237,,
43,1.6975308641975309,,83.78958668813742,1.9726247987117553,5.938003220611916,5.508588298443371,0.24825550187869028,0.8454106280193237,,
44,1.9457863660762211,,82.36044015029522,1.9726247987117553,6.4345142243692965,6.1929683306494905,0.24825550187869028,0.8454106280193237,,
45,2.6502952227589907,,81.87063875469673,1.9726247987117553,6.4345142243692965,5.978260869565218,0.24825550187869028,0.8454106280193237,,
46,2.6502952227589907,,81.34728931830381,1.9726247987117553,6.957863660762212,5.978260869565218,0.24825550187869028,0.8454106280193237,,
47,3.1333870101986045,,80.40794417606011,1.9726247987117553,7.266505636070853,6.125872249060655,0.24825550187869028,0.8454106280193237,,
48,4.260601180891036,,77.26113794954375,1.9726247987117553,8.715780998389693,6.696188942565755,0.24825550187869028,0.8454106280193237,,
49,4.240472356414386,,76.70424047235642,1.9726247987117553,8.702361782071927,7.286634460547504,0.24825550187869028,0.8454106280193237,,
50,3.8580246913580245,,81.12587224906065,1.9457863660762211,4.783950617283951,7.192699946323135,0.24825550187869028,0.8454106280193237,,
51,2.9052603327965647,,82.9844337090714,4.26731078904992,4.636339237788513,4.213633923778851,0.2214170692431562,0.7716049382716049,,
52,2.9052603327965647,,81.60896403650027,4.26731078904992,4.636339237788513,5.589103596349974,0.2214170692431562,0.7716049382716049,,
53,3.126677402039721,,81.2734836285561,4.388083735909823,4.636339237788513,5.58239398819109,0.2214170692431562,0.7716049382716049,,
54,3.770799785292539,,80.62936124530327,4.388083735909823,4.636339237788513,5.58239398819109,0.2214170692431562,0.7716049382716049,,
55,3.307836822329576,,82.97772410091251,4.388083735909823,4.683306494900698,3.6500268384326353,0.2214170692431562,0.7716049382716049,,
56,3.240740740740741,,83.79629629629629,3.5963499731615673,4.522275899087493,3.6231884057971016,0.4495437466451959,0.7716049382716049,,
57,2.408749329039184,,86.87600644122384,3.5628019323671496,3.026033279656468,2.952227589908749,0.4025764895330113,0.7716049382716049,,
58,2.395330112721417,,86.0373054213634,3.5628019323671496,3.878153515834675,2.952227589908749,0.4025764895330113,0.7716049382716049,,
59,2.6167471819645733,,82.79656468062265,3.5628019323671496,6.072195383789587,3.7775093934514223,0.4025764895330113,0.7716049382716049,,
60,2.999194847020934,,81.28019323671498,3.5628019323671496,7.206119162640902,3.7775093934514223,0.4025764895330113,0.7716049382716049,,
61,2.999194847020934,,81.28019323671498,3.5628019323671496,7.206119162640902,3.7775093934514223,0.4025764895330113,0.7716049382716049,,
62,2.999194847020934,,80.46833064949007,3.374932903918411,7.729468599033816,4.253891572732153,0.4025764895330113,0.7716049382716049,,
63,4.012345679012346,,79.24718196457327,3.374932903918411,7.96430488459474,4.2270531400966185,0.4025764895330113,0.7716049382716049,,
64,4.213633923778851,,78.07971014492753,2.9790660225442833,7.96430488459474,4.2270531400966185,0.4025764895330113,0.6776704240472357,1.4559849704777241,
65,4.213633923778851,,78.07971014492753,2.9790660225442833,7.96430488459474,4.2270531400966185,0.4025764895330113,0.6776704240472357,1.4559849704777241,
66,4.213633923778851,,78.07971014492753,2.9790660225442833,7.96430488459474,4.2270531400966185,0.4025764895330113,0.6776704240472357,1.4559849704777241,
67,4.562533548040794,,77.57648953301127,2.9790660225442833,7.709339774557166,4.636339237788513,0.4025764895330113,0.6776704240472357,1.4559849704777241,
68,5.052334943639291,,75.87224906065485,2.9790660225442833,7.709339774557166,4.5960815888352125,0.4025764895330113,1.3016639828234031,2.086688137412775,
69,4.045893719806763,,76.76462694578636,2.9790660225442833,7.112184648416532,4.072732152442297,0.4025764895330113,2.536231884057971,2.086688137412775,
70,4.045893719806763,,76.50295222758992,2.9790660225442833,6.736446591519055,4.7101449275362315,0.4025764895330113,2.536231884057971,2.086688137412775,
71,4.30756843800322,,74.46323134728932,2.9790660225442833,6.736446591519055,5.508588298443371,0.4025764895330113,2.536231884057971,3.066290928609769,
72,4.30756843800322,,73.91304347826087,2.9790660225442833,6.736446591519055,6.0587761674718195,0.4025764895330113,2.536231884057971,3.066290928609769,
73,4.30756843800322,,73.91304347826087,2.9790660225442833,6.736446591519055,6.0587761674718195,0.4025764895330113,2.536231884057971,3.066290928609769,
74,4.62962962962963,,73.30246913580247,2.9790660225442833,6.736446591519055,6.468062265163715,0.4025764895330113,2.4154589371980677,3.066290928609769,
75,4.864465915190553,,72.69189479334406,2.563070316693505,6.736446591519055,6.468062265163715,0.4025764895330113,3.207192699946323,3.066290928609769,
76,5.12614063338701,,71.56468062265164,3.140096618357488,6.736446591519055,6.353998926462695,0.4025764895330113,3.207192699946323,3.4688674181427803,
77,5.072463768115942,,70.94068706387547,3.140096618357488,6.736446591519055,6.132581857219538,0.4025764895330113,3.207192699946323,4.367954911433173,
78,5.072463768115942,,70.94068706387547,3.140096618357488,6.736446591519055,6.132581857219538,0.4025764895330113,3.207192699946323,4.367954911433173,
79,5.475040257648954,,69.24986580783683,3.140096618357488,7.75630703166935,6.045356951154052,0.7581857219538379,3.207192699946323,4.367954911433173,
80,4.025764895330113,,74.99329039184111,2.0799785292538915,5.280461621041331,5.6964573268921095,0.6508319914117016,2.85829307568438,4.414922168545357,
81,4.42163177670424,,74.597423510467,2.0799785292538915,5.280461621041331,6.018518518518518,0.6508319914117016,2.536231884057971,4.414922168545357,
82,4.64975845410628,,73.6580783682233,2.0799785292538915,5.2066559312936125,6.843800322061192,0.6105743424584005,2.536231884057971,4.414922168545357,
83,6.199677938808374,,71.34326355340848,1.9793344068706387,5.2066559312936125,7.454374664519592,0.6105743424584005,2.965646806226516,4.240472356414386,
84,6.199677938808374,,71.34326355340848,1.9793344068706387,5.2066559312936125,7.454374664519592,0.6105743424584005,2.965646806226516,4.240472356414386,
85,6.5485775630703165,,69.92082662372518,1.9793344068706387,5.736714975845411,7.997852925389157,0.6105743424584005,2.965646806226516,4.240472356414386,
86,6.5485775630703165,,69.92082662372518,1.9793344068706387,5.736714975845411,7.997852925389157,0.6105743424584005,2.965646806226516,4.240472356414386,
87,6.957863660762212,,68.79361245303274,1.9793344068706387,5.736714975845411,7.930756843800322,0.6105743424584005,3.9184111647879765,4.072732152442297,
88,6.622383252818035,,68.49838969404186,1.9793344068706387,5.421363392377885,8.876811594202898,0.6105743424584005,3.9184111647879765,4.072732152442297,
89,7.300053676865271,,67.0558239398819,1.9793344068706387,6.394256575415996,8.668813741277509,0.6105743424584005,3.9184111647879765,4.072732152442297,
90,7.816693505099302,,66.17686527106817,1.9793344068706387,6.394256575415996,9.158615136876007,0.6105743424584005,3.844605475040258,4.019055287171229,
91,8.252818035426731,,65.86822329575953,1.9793344068706387,6.280193236714976,9.158615136876007,0.6105743424584005,3.8311862587224907,4.019055287171229,
92,8.480944712828771,,64.573268921095,1.8518518518518519,6.863929146537842,9.158615136876007,0.5770263016639828,3.7238325281803544,4.770531400966184,
93,8.266237251744498,,60.29253891572732,5.669618894256575,6.843800322061192,9.856414385399892,0.5770263016639828,3.7238325281803544,4.770531400966184,
94,8.581588835212024,,58.50107353730542,5.669618894256575,7.548309178743962,10.628019323671497,0.5770263016639828,3.7238325281803544,4.770531400966184,
95,9.453837895866881,,57.628824476650564,5.669618894256575,7.548309178743962,10.628019323671497,0.5770263016639828,3.7238325281803544,4.770531400966184,
96,9.118357487922705,,56.66935050993022,5.5689747718733225,7.548309178743962,10.607890499194847,0.5770263016639828,3.7238325281803544,6.1862587224906065,
97,10.11808910359635,,56.01851851851852,5.347557702630167,7.514761137949543,10.607890499194847,0.5770263016639828,3.7238325281803544,6.092324208266238,
98,10.104669887278583,,55.73671497584541,5.347557702630167,7.514761137949543,10.540794417606012,0.5770263016639828,4.106280193236715,6.072195383789587,
99,11.084272678475577,,54.93156199677939,4.9651100375738055,7.890499194847021,10.399892646269459,0.5501878690284487,4.106280193236715,6.072195383789587,
100,11.922973698336017,,54.67659688674181,4.871175523349437,7.890499194847021,10.399892646269459,0.5501878690284487,4.106280193236715,5.58239398819109,
101,12.224906065485776,,53.40848094471283,4.871175523349437,7.890499194847021,11.58749329039184,0.5501878690284487,4.106280193236715,5.360976918947934,
102,11.735104669887278,,52.42216854535695,4.871175523349437,8.655394524959743,11.305689747718732,0.5501878690284487,5.0993022007514766,5.360976918947934,
103,11.728395061728396,,52.42216854535695,4.871175523349437,8.380300590445518,11.58749329039184,0.5501878690284487,5.0993022007514766,5.360976918947934,
104,11.98336017176597,,51.952495974235106,4.871175523349437,8.380300590445518,11.694847020933977,0.5501878690284487,5.2066559312936125,5.360976918947934,
105,11.869296833064949,,51.74449812130972,4.871175523349437,7.950885668276973,12.446323134728932,0.5501878690284487,5.2066559312936125,5.360976918947934,
106,11.849168008588299,,51.33521202361782,4.871175523349437,7.950885668276973,12.875738056897477,0.5501878690284487,5.2066559312936125,5.360976918947934,
107,11.829039184111648,,50.516639828234034,4.871175523349437,7.950885668276973,13.714439076757918,0.5501878690284487,5.2066559312936125,5.360976918947934,
108,11.929683306494901,,49.81884057971015,4.871175523349437,8.548040794417606,13.714439076757918,0.5501878690284487,5.2066559312936125,5.360976918947934,
109,11.929683306494901,,49.81884057971015,4.871175523349437,8.548040794417606,13.714439076757918,0.5501878690284487,5.2066559312936125,5.360976918947934,
110,12.104133118625873,,49.55716586151369,4.871175523349437,8.044820182501342,14.304884594739667,0.5501878690284487,5.2066559312936125,5.360976918947934,
111,12.5,,48.812399355877616,4.871175523349437,8.044820182501342,14.304884594739667,0.5501878690284487,5.10601180891036,5.810520665593129,
112,12.5,,48.470209339774556,4.871175523349437,8.017981749865807,14.673913043478262,0.5501878690284487,5.10601180891036,5.810520665593129,
113,12.5,,48.470209339774556,4.871175523349437,8.017981749865807,14.673913043478262,0.5501878690284487,5.10601180891036,5.810520665593129,
114,12.72812667740204,,47.68518518518518,4.871175523349437,7.863660762211487,15.385131508319914,0.5501878690284487,5.10601180891036,5.810520665593129,
115,12.72812667740204,,47.68518518518518,4.871175523349437,7.863660762211487,15.385131508319914,0.5501878690284487,5.10601180891036,5.810520665593129,
116,13.191089640365004,,46.081588835212024,4.871175523349437,6.5552871712292005,15.183843263553408,0.5501878690284487,7.75630703166935,5.810520665593129,
117,13.580246913580247,,45.330112721417066,4.804079441760601,6.5552871712292005,15.183843263553408,0.32877079978529256,7.75630703166935,6.461352657004831,
118,13.580246913580247,,45.330112721417066,4.804079441760601,6.5552871712292005,15.183843263553408,0.32877079978529256,7.75630703166935,6.461352657004831,
119,13.687600644122384,,44.840311325818575,4.804079441760601,6.293612453032743,15.183843263553408,0.32877079978529256,7.75630703166935,7.105475040257649,
120,12.942834138486312,,43.283682232957595,6.743156199677939,6.226516371443908,14.761137949543746,0.32877079978529256,8.608427267847558,7.105475040257649,
121,12.942834138486312,,43.283682232957595,6.743156199677939,6.226516371443908,14.761137949543746,0.32877079978529256,8.608427267847558,7.105475040257649,
122,12.942834138486312,,42.72678475577026,6.743156199677939,6.213097155126141,14.761137949543746,0.6910896403650026,8.608427267847558,7.313472893183038,
123,12.942834138486312,,42.72678475577026,6.743156199677939,6.213097155126141,14.761137949543746,0.6910896403650026,8.608427267847558,7.313472893183038,
124,12.942834138486312,,41.17015566290929,6.743156199677939,5.783682232957595,14.720880300590446,0.6910896403650026,8.608427267847558,9.339774557165862,
125,14.076757917337627,,40.86822329575953,6.743156199677939,5.287171229200215,14.512882447665056,0.6910896403650026,8.480944712828771,9.339774557165862,
126,14.566559312936125,,40.3918411164788,6.743156199677939,5.287171229200215,14.512882447665056,0.6910896403650026,8.480944712828771,9.326355340848094,
127,14.492753623188406,,39.88191089640365,6.743156199677939,5.287171229200215,15.24422973698336,0.6910896403650026,8.333333333333334,9.326355340848094,
128,14.398819108964037,,38.888888888888886,6.743156199677939,5.931293612453032,15.848094471282877,0.6910896403650026,8.172302737520129,9.326355340848094,
129,14.002952227589908,,38.6406333870102,6.743156199677939,5.931293612453032,15.465646806226516,0.6843800322061192,9.39345142243693,9.138486312399356,
130,14.298174986580785,,37.86231884057971,6.743156199677939,5.723295759527644,15.465646806226516,0.6843800322061192,10.138217928073,9.084809447128288,
131,14.110305958132045,,38.00993022007515,6.743156199677939,5.703166935050993,16.076221148684915,0.6843800322061192,9.588030059044552,9.084809447128288,
132,14.479334406870638,,36.37278582930757,6.743156199677939,6.474771873322598,16.820987654320987,0.6843800322061192,9.339774557165862,9.084809447128288,
133,14.821524422973699,,36.37278582930757,6.743156199677939,6.474771873322598,16.478797638217927,0.6843800322061192,9.339774557165862,9.084809447128288,
134,14.492753623188406,,36.01717659688674,6.743156199677939,7.0450885668276975,17.082662372517444,0.6642512077294686,8.930488459473967,9.024422973698336,
135,14.861782071927,,35.70182501341922,6.66935050993022,6.957863660762212,17.612721417069242,0.6642512077294686,8.548040794417606,8.984165324745035,
136,15.116747181964573,,35.68169618894257,6.66935050993022,6.957863660762212,17.64626945786366,0.6642512077294686,8.279656468062266,8.984165324745035,
137,15.780998389694043,,34.77589908749329,6.66935050993022,7.6556629092860975,17.639559849704778,0.4495437466451959,8.044820182501342,8.984165324745035,
138,15.479066022544284,,34.004294149221685,6.662640901771336,8.239398819108963,18.230005367686527,0.4495437466451959,8.044820182501342,8.890230810520666,
139,15.83467525496511,,33.60842726784756,6.629092860976919,8.004562533548041,18.115942028985508,0.4495437466451959,7.991143317230274,9.366612989801396,
140,15.58641975308642,,33.19914117015566,7.232957595276436,7.776435856146001,17.85426731078905,0.4495437466451959,7.971014492753623,9.930220075147611,
141,15.94873859366613,,33.031400966183575,7.232957595276436,7.501341921631776,17.60601180891036,0.4495437466451959,8.299785292538916,9.930220075147611,
142,16.297638217928075,,32.971014492753625,7.232957595276436,7.501341921631776,17.60601180891036,0.4495437466451959,8.011272141706923,9.930220075147611,
143,16.384863123993558,,32.971014492753625,7.232957595276436,7.360440150295223,17.19001610305958,0.4495437466451959,8.480944712828771,9.930220075147611,
144,15.982286634460548,,32.689210950080515,7.232957595276436,7.159151905528717,17.518786902844873,0.4495437466451959,9.07139023081052,9.896672034353195,
145,15.982286634460548,,32.689210950080515,7.232957595276436,7.159151905528717,17.518786902844873,0.4495437466451959,9.07139023081052,9.896672034353195,
146,15.022812667740205,,32.789855072463766,7.004830917874396,7.03166935050993,18.733225979602793,0.4495437466451959,9.07139023081052,9.896672034353195,
147,15.391841116478798,,32.48792270531401,7.004830917874396,7.03166935050993,18.733225979602793,0.4495437466451959,9.004294149221685,9.896672034353195,
148,15.391841116478798,,32.48792270531401,7.004830917874396,7.03166935050993,18.733225979602793,0.4495437466451959,9.004294149221685,9.896672034353195,
149,15.391841116478798,,32.48792270531401,7.004830917874396,7.03166935050993,18.733225979602793,0.4495437466451959,9.004294149221685,9.896672034353195,
150,14.88191089640365,,31.85721953837896,7.407407407407407,7.03166935050993,18.397745571658614,0.4495437466451959,9.708803005904455,10.265700483091788,
151,14.687332259796028,,31.608964036500268,7.407407407407407,6.957863660762212,18.98148148148148,0.4495437466451959,9.64170692431562,10.265700483091788,
152,14.861782071927,,31.4345142243693,7.407407407407407,6.957863660762212,18.98148148148148,0.4495437466451959,9.64170692431562,10.265700483091788,
153,14.861782071927,,30.35426731078905,7.407407407407407,7.823403113258186,19.384057971014492,0.4495437466451959,9.453837895866881,10.265700483091788,
154,14.861782071927,,30.35426731078905,7.407407407407407,7.823403113258186,19.384057971014492,0.4495437466451959,9.453837895866881,10.265700483091788,
155,14.27133655394525,,29.643048845947398,7.407407407407407,7.823403113258186,20.175791733762747,0.4495437466451959,10.0979602791197,10.131508319914117,
156,14.27133655394525,,29.643048845947398,7.407407407407407,7.823403113258186,20.175791733762747,0.4495437466451959,10.0979602791197,10.131508319914117,
157,14.27133655394525,,29.643048845947398,7.407407407407407,7.823403113258186,20.175791733762747,0.4495437466451959,10.0979602791197,10.131508319914117,
158,14.27133655394525,,29.643048845947398,7.407407407407407,7.823403113258186,20.175791733762747,0.4495437466451959,10.0979602791197,10.131508319914117,
159,14.553140096618357,,29.562533548040793,7.407407407407407,7.823403113258186,20.175791733762747,0.4495437466451959,10.0979602791197,9.930220075147611,
160,14.553140096618357,,29.562533548040793,7.407407407407407,7.823403113258186,20.175791733762747,0.4495437466451959,10.0979602791197,9.930220075147611,
161,14.78797638217928,,29.381374127750938,7.4006977992485234,7.776435856146001,20.175791733762747,0.4495437466451959,10.0979602791197,9.930220075147611,
162,14.78797638217928,,29.381374127750938,7.4006977992485234,7.776435856146001,20.175791733762747,0.4495437466451959,10.0979602791197,9.930220075147611,
163,15.029522275899087,,29.294149221685455,7.4006977992485234,7.675791733762749,20.175791733762747,0.4495437466451959,10.044283413848632,9.930220075147611,
164,15.163714439076758,,28.972088030059044,6.957863660762212,7.615405260332796,20.135534084809446,0.4495437466451959,10.044283413848632,9.916800858829845,0.7447665056360708
165,15.45222758990875,,28.972088030059044,6.957863660762212,7.615405260332796,20.135534084809446,0.4495437466451959,9.75577026301664,9.916800858829845,0.7447665056360708
166,15.45222758990875,,28.972088030059044,6.957863660762212,7.615405260332796,20.135534084809446,0.4495437466451959,9.75577026301664,9.916800858829845,0.7447665056360708
167,15.45222758990875,,28.972088030059044,6.957863660762212,7.615405260332796,20.135534084809446,0.4495437466451959,9.75577026301664,9.916800858829845,0.7447665056360708
168,15.378421900161031,,28.589640365002683,6.957863660762212,7.4006977992485234,21.054750402576488,0.4495437466451959,9.50751476113795,9.916800858829845,0.7447665056360708
169,15.573000536768653,,28.529253891572733,6.763285024154589,7.1658615136876005,21.62506709608159,0.4495437466451959,9.494095544820183,9.655126140633387,0.7447665056360708
170,16.297638217928075,,28.421900161030596,6.763285024154589,6.696188942565755,21.477455716586153,0.4495437466451959,9.494095544820183,9.655126140633387,0.7447665056360708
171,15.942028985507246,,28.401771336553946,6.763285024154589,6.696188942565755,21.162104133118625,0.4495437466451959,10.185185185185185,9.655126140633387,0.7447665056360708
172,16.53918411164788,,28.08641975308642,6.763285024154589,6.696188942565755,20.90713902308105,0.4495437466451959,10.185185185185185,9.655126140633387,0.7179280730005367
173,16.53918411164788,,28.08641975308642,6.763285024154589,6.696188942565755,20.90713902308105,0.4495437466451959,10.185185185185185,9.655126140633387,0.7179280730005367
174,16.666666666666668,,27.583199141170155,6.763285024154589,7.514761137949543,20.652173913043477,0.4495437466451959,10.185185185185185,9.46725711218465,0.7179280730005367
175,16.666666666666668,,27.583199141170155,6.763285024154589,7.514761137949543,20.652173913043477,0.4495437466451959,10.185185185185185,9.46725711218465,0.7179280730005367
176,16.666666666666668,,27.583199141170155,6.763285024154589,7.514761137949543,20.652173913043477,0.4495437466451959,10.185185185185185,9.46725711218465,0.7179280730005367
177,16.666666666666668,,27.583199141170155,6.763285024154589,7.514761137949543,20.652173913043477,0.4495437466451959,10.185185185185185,9.46725711218465,0.7179280730005367
178,16.666666666666668,,27.583199141170155,6.763285024154589,7.514761137949543,20.652173913043477,0.4495437466451959,10.185185185185185,9.46725711218465,0.7179280730005367
179,16.59957058507783,,26.939076757917338,6.763285024154589,8.004562533548041,20.283145464304884,0.4495437466451959,10.185185185185185,10.057702630166398,0.7179280730005367
180,16.512345679012345,,26.080246913580247,6.763285024154589,8.004562533548041,20.699141170155663,0.43612453032742887,10.72866344605475,10.057702630166398,0.7179280730005367
181,16.512345679012345,,26.080246913580247,6.763285024154589,8.004562533548041,20.699141170155663,0.43612453032742887,10.72866344605475,10.057702630166398,0.7179280730005367
182,17.317498658078367,,25.697799248523886,6.763285024154589,8.004562533548041,20.38378958668814,0.43612453032742887,10.628019323671497,10.050993022007514,0.7179280730005367
183,17.53220611916264,,25.697799248523886,6.763285024154589,8.004562533548041,20.169082125603865,0.43612453032742887,10.628019323671497,10.050993022007514,0.7179280730005367
184,17.438271604938272,,25.55689747718733,6.763285024154589,7.98443370907139,20.665593129361245,0.43612453032742887,10.050993022007514,10.38647342995169,0.7179280730005367
185,17.411433172302736,,25.234836285560924,6.763285024154589,7.9106280193236715,21.088298443370906,0.43612453032742887,10.050993022007514,10.38647342995169,0.7179280730005367
186,17.411433172302736,,25.234836285560924,6.763285024154589,7.9106280193236715,21.088298443370906,0.43612453032742887,10.050993022007514,10.38647342995169,0.7179280730005367
187,17.411433172302736,,25.234836285560924,6.763285024154589,7.9106280193236715,21.088298443370906,0.43612453032742887,10.050993022007514,10.38647342995169,0.7179280730005367
188,17.411433172302736,,25.234836285560924,6.763285024154589,7.9106280193236715,21.088298443370906,0.43612453032742887,10.050993022007514,10.38647342995169,0.7179280730005367
189,17.270531400966185,,25.02012882447665,6.763285024154589,8.59500805152979,20.759527643585614,0.43612453032742887,10.050993022007514,10.38647342995169,0.7179280730005367
190,17.579173376274827,,24.651100375738057,6.635802469135802,8.561460010735374,20.585077831454644,0.43612453032742887,10.59447128287708,10.238862050456254,0.7179280730005367
191,17.85426731078905,,24.55716586151369,6.635802469135802,8.561460010735374,20.40391841116479,0.43612453032742887,10.59447128287708,10.238862050456254,0.7179280730005367
192,17.85426731078905,,24.55716586151369,6.635802469135802,8.561460010735374,20.40391841116479,0.43612453032742887,10.59447128287708,10.238862050456254,0.7179280730005367
193,18.223295759527645,,24.530327428878152,6.635802469135802,8.561460010735374,20.397208803005906,0.39586688137412773,10.299248523886206,10.238862050456254,0.7179280730005367
194,18.223295759527645,,24.530327428878152,6.635802469135802,8.561460010735374,20.397208803005906,0.39586688137412773,10.299248523886206,10.238862050456254,0.7179280730005367
195,18.223295759527645,,24.530327428878152,6.635802469135802,8.561460010735374,20.397208803005906,0.39586688137412773,10.299248523886206,10.238862050456254,0.7179280730005367
196,18.4447128287708,,24.496779388083738,6.635802469135802,8.433977455716587,20.336822329575952,0.39586688137412773,10.299248523886206,10.238862050456254,0.7179280730005367
197,18.317230273752013,,24.268652710681696,6.635802469135802,9.098228663446054,20.04830917874396,0.39586688137412773,10.279119699409554,10.238862050456254,0.7179280730005367
198,18.303811057434245,,24.033816425120772,7.367149758454106,8.943907675791733,20.42404723564144,0.39586688137412773,10.138217928073,9.675254965110037,0.7179280730005367
199,18.397745571658614,,24.02710681696189,7.367149758454106,8.883521202361782,20.397208803005906,0.39586688137412773,10.138217928073,9.675254965110037,0.7179280730005367
200,18.397745571658614,,23.43666129898014,7.367149758454106,9.473966720343531,20.397208803005906,0.39586688137412773,10.138217928073,9.675254965110037,0.7179280730005367
201,18.344068706387546,,22.208803005904453,7.139023081052066,10.46027911969941,20.37037037037037,0.39586688137412773,10.68840579710145,9.675254965110037,0.7179280730005367
202,18.344068706387546,,22.208803005904453,7.139023081052066,10.46027911969941,20.37037037037037,0.39586688137412773,10.68840579710145,9.675254965110037,0.7179280730005367
203,18.344068706387546,,22.208803005904453,7.139023081052066,10.46027911969941,20.37037037037037,0.39586688137412773,10.68840579710145,9.675254965110037,0.7179280730005367
204,18.344068706387546,,22.208803005904453,7.139023081052066,10.46027911969941,20.37037037037037,0.39586688137412773,10.68840579710145,9.675254965110037,0.7179280730005367
205,18.5654857756307,,22.061191626409016,7.139023081052066,10.46027911969941,20.29656468062265,0.39586688137412773,10.68840579710145,9.675254965110037,0.7179280730005367
206,18.766774020397207,,22.054482018250134,6.837090713902308,10.46027911969941,20.26972624798712,0.39586688137412773,10.46027911969941,10.037573805689748,0.7179280730005367
207,18.766774020397207,,22.054482018250134,6.837090713902308,10.46027911969941,20.26972624798712,0.39586688137412773,10.46027911969941,10.037573805689748,0.7179280730005367
208,18.766774020397207,,22.054482018250134,6.837090713902308,10.46027911969941,20.26972624798712,0.39586688137412773,10.46027911969941,10.037573805689748,0.7179280730005367
209,18.766774020397207,,22.054482018250134,6.837090713902308,10.46027911969941,20.26972624798712,0.39586688137412773,10.46027911969941,10.037573805689748,0.7179280730005367
210,18.4044551798175,,21.75925925925926,6.837090713902308,10.46027911969941,21.034621578099838,0.39586688137412773,10.46027911969941,9.930220075147611,0.7179280730005367
211,18.42458400429415,,21.524422973698336,6.535158346752549,10.46027911969941,20.873590982286636,0.39586688137412773,11.137949543746645,9.930220075147611,0.7179280730005367
212,18.813741277509394,,21.276167471819647,6.535158346752549,10.36634460547504,20.873590982286636,0.39586688137412773,11.137949543746645,9.883252818035427,0.7179280730005367
213,18.813741277509394,,21.276167471819647,6.622383252818035,10.36634460547504,20.873590982286636,0.39586688137412773,11.137949543746645,9.796027911969942,0.7179280730005367
214,19.162640901771336,,21.24932903918411,6.622383252818035,10.36634460547504,20.551529790660226,0.39586688137412773,11.137949543746645,9.796027911969942,0.7179280730005367
215,19.162640901771336,,21.24932903918411,6.622383252818035,10.36634460547504,20.551529790660226,0.39586688137412773,11.137949543746645,9.796027911969942,0.7179280730005367
216,19.652442297369834,,20.759527643585614,6.622383252818035,10.36634460547504,20.551529790660226,0.39586688137412773,11.137949543746645,9.796027911969942,0.7179280730005367
217,19.652442297369834,,20.759527643585614,6.622383252818035,10.36634460547504,20.551529790660226,0.39586688137412773,11.137949543746645,9.796027911969942,0.7179280730005367
218,19.652442297369834,,20.759527643585614,6.622383252818035,10.36634460547504,20.551529790660226,0.39586688137412773,11.137949543746645,9.796027911969942,0.7179280730005367
219,19.652442297369834,,20.759527643585614,6.622383252818035,10.36634460547504,20.967525496511005,0.39586688137412773,10.721953837895867,9.796027911969942,0.7179280730005367
220,19.652442297369834,,20.759527643585614,6.622383252818035,10.36634460547504,20.967525496511005,0.39586688137412773,10.721953837895867,9.796027911969942,0.7179280730005367
221,19.652442297369834,,20.759527643585614,6.622383252818035,10.36634460547504,20.967525496511005,0.39586688137412773,10.721953837895867,9.796027911969942,0.7179280730005367
222,19.64573268921095,,20.679012345679013,7.353730542136339,10.36634460547504,20.967525496511005,0.39586688137412773,10.628019323671497,9.245840042941492,0.7179280730005367
223,19.732957595276435,,20.679012345679013,7.347020933977456,10.36634460547504,20.967525496511005,0.3153515834675255,10.628019323671497,9.245840042941492,0.7179280730005367
224,20.00805152979066,,20.41062801932367,7.347020933977456,10.36634460547504,20.96081588835212,0.3153515834675255,10.628019323671497,9.245840042941492,0.7179280730005367
225,20.00805152979066,,20.41062801932367,7.347020933977456,10.36634460547504,20.96081588835212,0.3153515834675255,10.628019323671497,9.245840042941492,0.7179280730005367
226,19.96779388083736,,20.316693505099302,7.347020933977456,10.36634460547504,20.933977455716587,0.3153515834675255,10.554213633923778,9.480676328502415,0.7179280730005367
227,19.940955448201827,,20.316693505099302,7.347020933977456,10.36634460547504,20.739398819108963,0.3153515834675255,11.030595813204508,9.225711218464841,0.7179280730005367
228,19.940955448201827,,20.316693505099302,7.347020933977456,10.36634460547504,20.739398819108963,0.3153515834675255,11.030595813204508,9.225711218464841,0.7179280730005367
229,20.88030059044552,,20.28985507246377,7.320182501341922,10.02415458937198,20.585077831454644,0.3153515834675255,11.030595813204508,8.849973161567364,0.7045088566827697
230,20.88030059044552,,20.28985507246377,7.320182501341922,10.02415458937198,20.585077831454644,0.3153515834675255,11.030595813204508,8.849973161567364,0.7045088566827697
231,20.88030059044552,,20.28985507246377,7.320182501341922,10.02415458937198,20.585077831454644,0.3153515834675255,11.030595813204508,8.849973161567364,0.7045088566827697
232,20.833333333333332,,20.1959205582394,7.206119162640902,10.02415458937198,21.430488459473967,0.3153515834675255,11.030595813204508,8.259527643585615,0.7045088566827697
233,20.833333333333332,,20.1959205582394,7.206119162640902,10.02415458937198,21.430488459473967,0.3153515834675255,11.030595813204508,8.259527643585615,0.7045088566827697
234,20.833333333333332,,20.1959205582394,7.206119162640902,10.02415458937198,21.430488459473967,0.3153515834675255,11.030595813204508,8.259527643585615,0.7045088566827697
235,21.007783145464305,,20.933977455716587,7.192699946323135,9.98389694041868,21.26274825550188,0.3153515834675255,10.93666129898014,7.6623725174449815,0.7045088566827697
236,21.007783145464305,,20.933977455716587,7.192699946323135,9.98389694041868,21.26274825550188,0.3153515834675255,10.93666129898014,7.6623725174449815,0.7045088566827697
237,21.007783145464305,,20.933977455716587,7.192699946323135,9.98389694041868,21.26274825550188,0.3153515834675255,10.93666129898014,7.6623725174449815,0.7045088566827697
238,21.007783145464305,,20.933977455716587,7.192699946323135,9.98389694041868,21.26274825550188,0.3153515834675255,10.93666129898014,7.6623725174449815,0.7045088566827697
239,21.296296296296298,,20.840042941492218,7.192699946323135,9.876543209876543,21.175523349436393,0.3153515834675255,10.93666129898014,7.6623725174449815,0.7045088566827697
240,21.007783145464305,,20.840042941492218,7.179280730005368,9.876543209876543,21.175523349436393,0.3153515834675255,10.433440687063875,8.467525496511003,0.7045088566827697
241,20.893719806763286,,20.571658615136876,7.830112721417069,9.876543209876543,21.054750402576488,0.3153515834675255,10.433440687063875,8.319914117015566,0.7045088566827697
242,20.893719806763286,,20.571658615136876,7.830112721417069,9.876543209876543,21.054750402576488,0.3153515834675255,10.433440687063875,8.319914117015566,0.7045088566827697
243,20.893719806763286,,20.571658615136876,7.830112721417069,9.876543209876543,21.054750402576488,0.3153515834675255,10.433440687063875,8.319914117015566,0.7045088566827697
244,20.893719806763286,,20.571658615136876,7.830112721417069,9.876543209876543,21.054750402576488,0.3153515834675255,10.433440687063875,8.319914117015566,0.7045088566827697
245,21.027911969940956,,20.471014492753625,7.830112721417069,9.876543209876543,21.021202361782073,0.3153515834675255,10.433440687063875,8.319914117015566,0.7045088566827697
246,21.027911969940956,,20.471014492753625,7.830112721417069,9.876543209876543,21.021202361782073,0.3153515834675255,10.433440687063875,8.319914117015566,0.7045088566827697
247,20.987654320987655,,20.44417606011809,7.830112721417069,9.406870638754697,21.557971014492754,0.3153515834675255,10.433440687063875,8.319914117015566,0.7045088566827697
248,20.75281803542673,,20.43075684380032,7.830112721417069,9.145195920558239,22.282608695652176,0.3153515834675255,10.312667740203972,8.225979602791197,0.7045088566827697
249,20.75281803542673,,20.43075684380032,7.830112721417069,9.145195920558239,22.282608695652176,0.3153515834675255,10.312667740203972,8.225979602791197,0.7045088566827697
250,20.75281803542673,,20.43075684380032,7.830112721417069,9.145195920558239,22.282608695652176,0.3153515834675255,10.312667740203972,8.225979602791197,0.7045088566827697
251,20.531400966183575,,20.303274288781534,7.830112721417069,9.574610842726784,22.282608695652176,0.23483628556092323,10.312667740203972,8.225979602791197,0.7045088566827697
252,20.531400966183575,,20.303274288781534,7.830112721417069,9.574610842726784,22.282608695652176,0.23483628556092323,10.312667740203972,8.225979602791197,0.7045088566827697
253,20.531400966183575,,20.303274288781534,7.830112721417069,9.574610842726784,22.282608695652176,0.23483628556092323,10.312667740203972,8.225979602791197,0.7045088566827697
254,20.94068706387547,,20.303274288781534,7.830112721417069,9.574610842726784,22.282608695652176,0.23483628556092323,9.903381642512077,8.225979602791197,0.7045088566827697
255,20.94068706387547,,20.29656468062265,7.769726247987117,9.574610842726784,22.27589908749329,0.23483628556092323,9.977187332259795,8.225979602791197,0.7045088566827697
256,20.94068706387547,,20.29656468062265,7.769726247987117,9.574610842726784,22.27589908749329,0.23483628556092323,9.977187332259795,8.225979602791197,0.7045088566827697
257,20.94068706387547,,20.29656468062265,7.769726247987117,9.574610842726784,22.27589908749329,0.23483628556092323,9.977187332259795,8.225979602791197,0.7045088566827697
258,21.289586688137412,,20.2361782071927,7.37385936661299,9.561191626409018,22.262479871175522,0.23483628556092323,10.111379495437467,8.225979602791197,0.7045088566827697
