,45,50,40,51,52,55,53,54,41,49
0,92.35775630703166,7.64224369296833,,,,,,,,
1,86.99006977992485,11.3593666129898,1.6505636070853462,,,,,,,
2,84.91009125067096,12.23161567364466,2.3349436392914655,0.5233494363929146,,,,,,
3,72.21551261406334,24.22168545356951,2.536231884057971,0.5233494363929146,0.5032206119162641,,,,,
4,58.380300590445515,39.72758990874933,1.892109500805153,,,,,,,
5,32.26650563607085,65.57300053676865,1.5432098765432098,,,0.6172839506172839,,,,
6,25.785024154589372,71.7458400429415,1.583467525496511,,,0.6172839506172839,0.2683843263553409,,,
7,21.16881374127751,68.74664519592056,1.570048309178744,2.2074610842726785,4.448470209339774,1.5901771336553945,0.2683843263553409,,,
8,8.487654320987655,82.99785292538915,0.8521202361782072,,4.1129898013955986,3.280998389694042,0.2683843263553409,,,
9,8.199141170155663,81.56870638754697,2.1403650026838434,0.5837359098228664,3.2877079978529253,3.9519592055823938,0.2683843263553409,,,
10,8.172302737520129,80.05904455179818,2.3886205045625335,0.5837359098228664,3.0394524959742353,4.864465915190553,0.8923778851315083,,,
11,8.05823939881911,80.38110574342458,3.052871712292002,0.5837359098228664,2.8247450348899625,4.206924315619967,0.8923778851315083,,,
12,7.387278582930757,76.97262479871175,4.414922168545357,0.9460547504025765,2.8247450348899625,5.0858829844337095,0.8923778851315083,1.4761137949543746,,
13,7.320182501341922,79.69672571121846,4.64975845410628,0.5636070853462157,2.1739130434782608,3.9519592055823938,0.8923778851315083,0.7514761137949544,,
14,7.320182501341922,78.43531937734836,4.99194847020934,0.5636070853462157,2.1739130434782608,4.871175523349437,0.8923778851315083,0.7514761137949544,,
15,7.320182501341922,76.54991948470209,5.092592592592593,0.5636070853462157,2.1739130434782608,6.360708534621578,0.8923778851315083,0.7514761137949544,0.2952227589908749,
16,7.320182501341922,73.75201288244766,5.092592592592593,1.4626945786366077,2.13365539452496,6.763285024154589,0.39586688137412773,2.7844873859366612,0.2952227589908749,
17,7.273215244229737,72.5577026301664,5.287171229200215,1.3754696725711217,1.7847557702630166,7.139023081052066,0.9796027911969941,3.307836822329576,0.2952227589908749,
18,4.918142780461621,74.7987117552335,5.267042404723564,1.3754696725711217,2.3349436392914655,7.024959742351046,0.9796027911969941,3.0059044551798175,0.2952227589908749,
19,4.790660225442834,72.2691894793344,6.052066559312936,1.1943102522812667,3.0193236714975846,7.897208803005904,0.9594739667203436,3.5225442834138487,0.2952227589908749,
20,4.723564143853999,72.0276435856146,6.360708534621578,1.1943102522812667,3.0193236714975846,7.897208803005904,0.9594739667203436,3.5225442834138487,0.2952227589908749,
21,3.0059044551798175,79.95169082125604,4.884594739667204,2.314814814814815,1.0064412238325282,5.22007514761138,0.3757380568974772,3.240740740740741,,
22,2.5563607085346214,78.61647879763822,4.783950617283951,2.01959205582394,2.5831991411701556,6.333870101986044,0.3757380568974772,2.7308105206655933,,
23,2.5563607085346214,78.35480407944176,5.065754159957058,2.01959205582394,2.5831991411701556,6.3137412775093935,0.3757380568974772,2.7308105206655933,,
24,2.5563607085346214,76.03327965646807,5.314009661835748,2.01959205582394,3.207192699946323,7.763016639828234,0.3757380568974772,2.7308105206655933,,
25,2.5563607085346214,75.48980139559849,5.656199677938808,2.01959205582394,2.9924852388620504,8.279656468062266,0.3757380568974772,2.6301663982823404,,
26,2.5563607085346214,75.48980139559849,5.656199677938808,2.01959205582394,2.9924852388620504,8.279656468062266,0.3757380568974772,2.6301663982823404,,
27,2.442297369833602,72.70531400966183,7.494632313472893,1.9189479334406871,3.3011272141706924,9.131776704240472,0.3757380568974772,2.6301663982823404,,
28,2.442297369833602,71.21578099838969,8.09849704777241,1.9189479334406871,3.3011272141706924,9.554482018250134,1.2345679012345678,2.2342995169082127,,
29,0.9125067096081588,80.75684380032206,5.864197530864198,1.9189479334406871,1.8048845947396672,7.4006977992485234,0.785024154589372,0.5568974771873323,,
30,0.9125067096081588,76.8719806763285,6.944444444444445,1.402308105206656,2.3483628556092326,7.917337627482555,0.785024154589372,2.818035426731079,,
31,0.9125067096081588,75.55689747718733,6.937734836285561,1.3620504562533549,2.3483628556092326,8.849973161567364,0.785024154589372,3.2474503488996245,,
32,0.9125067096081588,72.65163714439076,7.0450885668276975,1.288244766505636,2.3483628556092326,11.151368760064413,0.7447665056360708,3.8580246913580245,,
33,0.9125067096081588,71.02791196994096,7.843531937734836,1.288244766505636,2.3483628556092326,11.75523349436393,0.7447665056360708,4.079441760601181,,
34,0.8252818035426731,76.77133655394525,6.421095008051529,1.932367149758454,2.2208803005904456,8.93719806763285,0.7447665056360708,2.147074610842727,,
35,0.7179280730005367,72.98040794417606,6.91760601180891,2.395330112721417,2.2208803005904456,9.561191626409018,3.1602254428341383,2.046430488459474,,
36,0.6105743424584005,69.41760601180891,8.105206655931294,2.757648953301127,2.2208803005904456,11.681427804616211,3.1602254428341383,2.046430488459474,,
37,0.5300590445517982,68.98819108964037,8.105206655931294,1.932367149758454,2.1135265700483092,13.123993558776167,3.1602254428341383,2.046430488459474,,
38,0.5300590445517982,68.95464304884595,8.340042941492216,1.932367149758454,2.100107353730542,13.123993558776167,3.099838969404187,1.9189479334406871,,
39,0.2952227589908749,66.98872785829307,8.246108427267847,2.2410091250670963,2.100107353730542,15.217391304347826,3.0931293612453032,1.8183038110574343,,
40,0.2952227589908749,66.84782608695652,8.246108427267847,2.2410091250670963,1.7646269457863661,15.076489533011273,3.7104133118625873,1.8183038110574343,,
41,0.2952227589908749,66.08964036500268,8.319914117015566,2.2410091250670963,1.7646269457863661,14.841653247450349,4.736983360171766,1.710950080515298,,
42,0.2952227589908749,64.79468599033817,8.76274825550188,2.2410091250670963,1.7646269457863661,15.693773483628556,4.736983360171766,1.710950080515298,,
43,0.2952227589908749,63.788244766505635,9.601449275362318,2.2410091250670963,1.7444981213097155,15.881642512077295,4.736983360171766,1.710950080515298,,
44,0.2952227589908749,63.17096081588835,9.567901234567902,2.187332259796028,1.7444981213097155,16.586151368760063,4.736983360171766,1.710950080515298,,
45,0.2952227589908749,59.47396672034353,9.125067096081589,2.187332259796028,5.092592592592593,17.37788513150832,4.736983360171766,1.710950080515298,,
46,0.2952227589908749,58.95061728395062,8.84326355340848,2.187332259796028,5.092592592592593,17.961621041331185,4.958400429414922,1.710950080515298,,
47,0.2885131508319914,58.25952764358561,8.957326892109501,2.046430488459474,5.092592592592593,18.686258722490606,4.958400429414922,1.710950080515298,,
48,0.19457863660762212,70.08185721953838,6.729736983360172,0.43612453032742887,3.616478797638218,13.734567901234568,4.146537842190016,1.0601180891035964,,
49,0.19457863660762212,70.08185721953838,6.729736983360172,0.43612453032742887,3.616478797638218,13.734567901234568,4.146537842190016,1.0601180891035964,,
50,0.19457863660762212,69.585346215781,6.6827697262479875,0.43612453032742887,3.616478797638218,14.278046162104133,4.146537842190016,1.0601180891035964,,
51,0.19457863660762212,67.12292002147075,7.776435856146001,0.43612453032742887,3.616478797638218,15.646806226516372,4.146537842190016,1.0601180891035964,,
52,0.19457863660762212,65.58641975308642,8.3064949006978,0.43612453032742887,3.616478797638218,16.686795491143318,4.1129898013955986,1.0601180891035964,,
53,0.19457863660762212,64.97584541062803,9.024422973698336,0.9326355340848095,3.616478797638218,16.324476650563607,3.8714439076757916,1.0601180891035964,,
54,0.19457863660762212,64.43907675791733,9.004294149221685,0.7648953301127214,4.139828234031133,16.861245303274288,3.535963499731616,1.0601180891035964,,
55,0.19457863660762212,62.3389694041868,8.480944712828771,1.42914653784219,4.139828234031133,19.16935050993022,3.1870638754696725,1.0601180891035964,,
56,0.19457863660762212,62.265163714439076,8.76274825550188,1.42914653784219,4.092860976918948,19.142512077294686,3.126677402039721,0.9863123993558777,,
57,0.19457863660762212,61.67471819645733,8.172302737520129,1.42914653784219,3.603059581320451,19.43102522812668,2.9924852388620504,2.5026838432635534,,
58,0.19457863660762212,60.48040794417606,7.1658615136876005,1.402308105206656,5.5689747718733225,19.692699946323135,2.9924852388620504,2.5026838432635534,,
59,0.19457863660762212,58.56816961889426,7.360440150295223,1.402308105206656,5.5689747718733225,21.450617283950617,2.952227589908749,2.5026838432635534,,
60,0.1878690284487386,57.23966720343532,7.427536231884058,1.1205045625335481,5.260332796564681,21.906870638754697,4.3545356951154055,2.5026838432635534,,
61,0.1878690284487386,56.48148148148148,8.299785292538916,1.1205045625335481,4.85775630703167,21.3768115942029,4.3545356951154055,3.321256038647343,,
62,0.1878690284487386,55.04562533548041,8.460815888352121,1.1205045625335481,5.475040257648954,21.32313472893183,4.052603327965647,4.334406870638754,,
63,0.1878690284487386,54.43505099302201,8.849973161567364,1.0601180891035964,6.025228126677402,21.054750402576488,3.4420289855072466,4.944981213097155,,
64,0.1878690284487386,52.965646806226516,9.172034353193773,1.0601180891035964,6.025228126677402,22.12157809983897,3.294417606011809,5.173107890499195,,
65,0.1878690284487386,52.47584541062802,9.084809447128288,1.0601180891035964,5.984970477724101,22.054482018250134,3.294417606011809,5.857487922705314,,
66,0.1878690284487386,52.44900697799248,9.084809447128288,1.0601180891035964,5.984970477724101,21.55126140633387,3.294417606011809,6.387546967257112,,
67,0.1878690284487386,51.388888888888886,9.339774557165862,0.9863123993558777,6.9243156199677935,21.524422973698336,3.260869565217391,6.387546967257112,,
68,0.1878690284487386,50.577026301663984,9.380032206119163,1.1137949543746646,6.91760601180891,22.17525496511004,3.260869565217391,6.387546967257112,,
69,0.1878690284487386,50.55018786902845,9.695383789586689,0.8252818035426731,6.91760601180891,22.17525496511004,3.260869565217391,6.387546967257112,,
70,0.1878690284487386,49.5101986044015,9.675254965110037,0.8252818035426731,6.91760601180891,23.282340311325818,3.2139023081052067,6.387546967257112,,
71,0.1878690284487386,49.785292538915726,9.567901234567902,0.8252818035426731,6.749865807836822,23.282340311325818,3.2139023081052067,6.387546967257112,,
72,0.1878690284487386,49.75845410628019,9.534353193773484,0.8252818035426731,6.749865807836822,23.242082662372518,3.2139023081052067,6.488191089640365,,
73,0.1878690284487386,49.75845410628019,9.91009125067096,0.8252818035426731,6.749865807836822,22.933440687063875,3.2139023081052067,6.421095008051529,,
74,0.1878690284487386,48.72517444981213,10.48040794417606,0.8252818035426731,6.749865807836822,23.040794417606012,3.012614063338701,6.977992485238862,,
75,0.1878690284487386,47.745571658615134,11.225174449812132,0.8252818035426731,6.749865807836822,23.275630703166936,3.012614063338701,6.977992485238862,,
76,0.1878690284487386,47.517444981213096,11.453301127214171,0.8252818035426731,6.749865807836822,23.275630703166936,3.012614063338701,6.977992485238862,,
77,0.1878690284487386,46.826355340848096,11.466720343531938,0.8252818035426731,6.749865807836822,23.95330112721417,3.012614063338701,6.977992485238862,,
78,0.1878690284487386,46.806226516371446,11.822329575952764,0.8252818035426731,6.749865807836822,23.617820719269993,3.012614063338701,6.977992485238862,,
79,0.1878690284487386,45.772946859903385,12.144390767579173,0.8252818035426731,6.743156199677939,24.335748792270532,3.012614063338701,6.977992485238862,,
80,0.1878690284487386,44.75308641975309,12.412775093934513,0.8252818035426731,6.743156199677939,25.087224906065487,3.012614063338701,6.977992485238862,,
81,0.1878690284487386,44.07541599570585,12.795222758990874,0.8252818035426731,6.743156199677939,25.38244766505636,3.012614063338701,6.977992485238862,,
82,0.1878690284487386,43.39103596349973,13.003220611916264,0.8252818035426731,6.6760601180891035,25.38244766505636,2.898550724637681,7.635534084809447,,
83,0.1878690284487386,42.69994632313473,13.258185721953838,0.8252818035426731,6.421095008051529,26.073537305421365,2.898550724637681,7.635534084809447,,
84,0.1878690284487386,42.21685453569511,13.855340848094471,0.8252818035426731,6.421095008051529,26.093666129898015,2.7777777777777777,7.62211486849168,,
85,0.1878690284487386,41.680085882984436,13.855340848094471,0.8252818035426731,6.421095008051529,26.69753086419753,2.7777777777777777,7.555018786902845,,
86,0.1878690284487386,41.136607622114866,13.600375738056897,0.8252818035426731,6.374127750939345,27.737520128824478,2.7777777777777777,7.360440150295223,,
87,0.1878690284487386,39.82823403113258,13.788244766505636,0.8252818035426731,5.669618894256575,28.428609769189478,3.3279656468062266,7.944176060118089,,
88,0.1878690284487386,39.398819108964034,13.982823403113258,0.8252818035426731,5.622651637144391,28.837895866881375,4.019055287171229,7.125603864734299,,
89,0.1878690284487386,39.06333870101986,14.42565754159957,0.8252818035426731,5.622651637144391,28.20048309178744,4.019055287171229,7.6556629092860975,,
90,0.1878690284487386,38.687600644122384,14.801395598497047,0.8252818035426731,5.622651637144391,28.20048309178744,4.019055287171229,7.6556629092860975,,
91,0.1878690284487386,38.47289318303811,14.700751476113794,1.3754696725711217,5.622651637144391,28.25415995705851,3.797638217928073,7.588566827697263,,
92,0.1878690284487386,38.217928073000536,14.573268921095009,1.2949543746645196,6.266774020397209,28.14680622651637,3.797638217928073,7.514761137949543,,
93,0.1878690284487386,37.35909822866345,14.083467525496511,1.2949543746645196,6.266774020397209,27.85829307568438,3.797638217928073,9.151905528717123,,
94,0.1878690284487386,36.963231347289316,13.499731615673644,1.2949543746645196,6.266774020397209,28.10654857756307,3.797638217928073,9.883252818035427,,
95,0.1878690284487386,36.29898013955985,13.405797101449275,1.2949543746645196,6.266774020397209,28.864734299516908,3.797638217928073,9.883252818035427,,
96,0.1878690284487386,35.339506172839506,13.499731615673644,1.2815351583467525,5.984970477724101,28.73725174449812,4.388083735909823,10.581052066559312,,
97,0.1878690284487386,35.339506172839506,13.499731615673644,1.2815351583467525,5.984970477724101,28.73725174449812,4.388083735909823,10.581052066559312,,
98,0.1878690284487386,34.957058507783145,13.79495437466452,1.2815351583467525,5.984970477724101,28.824476650563607,4.388083735909823,10.581052066559312,,
99,0.1878690284487386,33.97074610842727,14.546430488459475,1.2815351583467525,5.984970477724101,28.683574879227052,4.361245303274289,10.983628556092324,,
100,0.18115942028985507,32.82340311325819,14.908749329039184,1.2546967257112185,6.6760601180891035,29.374664519592056,4.126409017713366,10.654857756307031,,
101,0.18115942028985507,31.85721953837896,15.579710144927537,1.2546967257112185,6.6760601180891035,29.66988727858293,4.126409017713366,10.654857756307031,,
102,0.18115942028985507,31.756575415995705,15.552871712292003,1.2546967257112185,6.6760601180891035,29.280730005367687,4.126409017713366,11.171497584541063,,
103,0.18115942028985507,31.53515834675255,16.6532474503489,1.2546967257112185,6.649221685453569,28.442028985507246,4.126409017713366,11.158078368223295,,
104,0.18115942028985507,31.28690284487386,16.901502952227588,1.2546967257112185,6.649221685453569,28.442028985507246,4.126409017713366,11.158078368223295,,
105,0.18115942028985507,31.031937734836287,17.156468062265162,1.2546967257112185,6.649221685453569,28.442028985507246,4.126409017713366,11.158078368223295,,
106,0.18115942028985507,30.280461621041333,17.042404723564143,1.2546967257112185,6.649221685453569,28.535963499731615,4.025764895330113,12.030327428878154,,
107,0.18115942028985507,30.267042404723565,17.216854535695116,1.2546967257112185,6.488191089640365,28.535963499731615,4.025764895330113,12.030327428878154,,
108,0.18115942028985507,29.622920021470748,17.639559849704778,1.2546967257112185,6.488191089640365,29.07944176060118,4.025764895330113,11.708266237251744,,
109,0.18115942028985507,29.260601180891037,18.364197530864196,1.247987117552335,5.998389694041868,29.07944176060118,4.5960815888352125,11.272141706924316,,
110,0.18115942028985507,28.710413311862588,18.719806763285025,1.2345679012345678,5.770263016639828,29.012345679012345,4.569243156199678,11.211755233494364,,0.5904455179817498
111,0.18115942028985507,28.978797638217927,18.833870101986044,0.9930220075147611,5.770263016639828,28.79092860976919,4.26731078904992,11.594202898550725,,0.5904455179817498
112,0.18115942028985507,28.978797638217927,18.833870101986044,0.9930220075147611,5.770263016639828,28.79092860976919,4.26731078904992,11.594202898550725,,0.5904455179817498
113,0.18115942028985507,28.817767042404725,18.733225979602793,0.9930220075147611,5.763553408480945,28.455448201825014,4.26731078904992,12.198067632850242,,0.5904455179817498
114,0.18115942028985507,28.817767042404725,18.733225979602793,0.9930220075147611,5.763553408480945,28.455448201825014,4.26731078904992,12.198067632850242,,0.5904455179817498
115,0.18115942028985507,28.817767042404725,18.719806763285025,0.9930220075147611,5.763553408480945,28.455448201825014,4.790660225442834,11.688137412775093,,0.5904455179817498
116,0.18115942028985507,28.71712292002147,19.068706387546968,0.9930220075147611,5.763553408480945,28.207192699946322,4.790660225442834,11.688137412775093,,0.5904455179817498
117,0.18115942028985507,27.9723564143854,19.47799248523886,0.9930220075147611,5.763553408480945,28.629898013955984,4.790660225442834,11.600912506709609,,0.5904455179817498
118,0.18115942028985507,27.891841116478798,19.35721953837896,0.9930220075147611,5.763553408480945,28.247450348899623,4.790660225442834,12.184648416532475,,0.5904455179817498
119,0.18115942028985507,27.556360708534623,19.30354267310789,0.9930220075147611,5.763553408480945,27.596618357487923,4.790660225442834,13.22463768115942,,0.5904455179817498
120,0.18115942028985507,27.502683843263554,19.652442297369834,0.9930220075147611,5.763553408480945,27.549651100375737,4.790660225442834,12.97638217928073,,0.5904455179817498
121,0.18115942028985507,27.20746108427268,19.410896403650028,0.9930220075147611,5.763553408480945,28.08641975308642,4.643048845947397,13.123993558776167,,0.5904455179817498
122,0.18115942028985507,27.20746108427268,19.484702093397747,0.9930220075147611,5.763553408480945,28.08641975308642,4.636339237788513,13.056897477187333,,0.5904455179817498
123,0.18115942028985507,26.952495974235106,18.813741277509394,0.9930220075147611,4.9718196457326895,27.596618357487923,4.622920021470746,15.277777777777779,,0.5904455179817498
124,0.18115942028985507,27.03972088030059,17.52549651100376,0.8789586688137413,4.9718196457326895,27.623456790123456,5.193236714975845,15.995705850778315,,0.5904455179817498
125,0.18115942028985507,27.03972088030059,17.52549651100376,0.8789586688137413,4.9718196457326895,27.623456790123456,5.193236714975845,15.995705850778315,,0.5904455179817498
126,0.18115942028985507,26.959205582393988,17.371175523349436,0.8789586688137413,5.71658615136876,28.22061191626409,4.9718196457326895,15.11003757380569,,0.5904455179817498
127,0.18115942028985507,26.84514224369297,17.236983360171767,0.8789586688137413,5.71658615136876,28.187063875469672,4.9718196457326895,15.391841116478798,,0.5904455179817498
128,0.18115942028985507,26.84514224369297,17.236983360171767,0.8789586688137413,5.71658615136876,28.187063875469672,4.9718196457326895,15.391841116478798,,0.5904455179817498
129,0.18115942028985507,26.778046162104133,17.424852388620504,0.8789586688137413,5.709876543209877,27.83816425120773,4.9718196457326895,15.626677402039721,,0.5904455179817498
130,0.18115942028985507,27.01959205582394,17.52549651100376,0.8789586688137413,5.522007514761138,27.81803542673108,4.9718196457326895,15.49248523886205,,0.5904455179817498
131,0.18115942028985507,26.979334406870638,17.767042404723565,0.8789586688137413,5.4549114331723025,27.38191089640365,4.85775630703167,15.908480944712828,,0.5904455179817498
132,0.18115942028985507,26.536500268384327,18.45813204508857,0.8789586688137413,5.4549114331723025,27.38191089640365,4.851046698872786,15.666935050993022,,0.5904455179817498
133,0.18115942028985507,26.455984970477726,18.45813204508857,0.8789586688137413,5.4549114331723025,27.106816961889425,4.851046698872786,16.022544283413847,,0.5904455179817498
134,0.18115942028985507,26.341921631776703,18.927804616210413,0.8789586688137413,5.4549114331723025,26.818303811057433,4.851046698872786,15.955448201825014,,0.5904455179817498
135,0.18115942028985507,26.341921631776703,18.927804616210413,0.8789586688137413,5.4549114331723025,26.818303811057433,4.851046698872786,15.955448201825014,,0.5904455179817498
136,0.18115942028985507,25.771604938271604,18.766774020397207,0.8789586688137413,5.401234567901234,27.68384326355341,5.3341384863123995,15.391841116478798,,0.5904455179817498
137,0.18115942028985507,25.39586688137413,19.068706387546968,0.8789586688137413,5.401234567901234,27.677133655394524,5.3341384863123995,15.4723564143854,,0.5904455179817498
138,0.18115942028985507,25.181159420289855,18.968062265163713,0.8789586688137413,5.401234567901234,27.549651100375737,5.3341384863123995,15.915190552871712,,0.5904455179817498
139,0.18115942028985507,24.932903918411164,19.236446591519055,0.8789586688137413,5.401234567901234,27.657004830917874,5.3341384863123995,15.787707997852925,,0.5904455179817498
140,0.18115942028985507,24.89935587761675,19.91411701556629,0.8789586688137413,5.401234567901234,27.509393451422437,5.139559849704777,15.485775630703166,,0.5904455179817498
141,0.18115942028985507,24.89935587761675,19.91411701556629,0.8789586688137413,5.401234567901234,27.509393451422437,5.139559849704777,15.485775630703166,,0.5904455179817498
142,0.18115942028985507,24.671229200214707,19.726247987117553,0.8789586688137413,5.401234567901234,27.925389157273216,5.139559849704777,15.485775630703166,,0.5904455179817498
143,0.18115942028985507,24.671229200214707,19.94766505636071,0.8789586688137413,5.401234567901234,27.925389157273216,4.918142780461621,15.485775630703166,,0.5904455179817498
144,0.18115942028985507,24.44981213097155,19.860440150295222,0.8789586688137413,5.401234567901234,27.36849168008588,4.918142780461621,16.35131508319914,,0.5904455179817498
145,0.18115942028985507,24.16129898013956,19.753086419753085,0.8789586688137413,5.213365539452496,27.81803542673108,4.918142780461621,16.485507246376812,,0.5904455179817498
146,0.18115942028985507,23.315888352120236,19.746376811594203,0.8789586688137413,5.213365539452496,28.670155662909288,4.918142780461621,16.485507246376812,,0.5904455179817498
147,0.18115942028985507,23.315888352120236,19.746376811594203,0.8789586688137413,5.213365539452496,28.670155662909288,4.918142780461621,16.485507246376812,,0.5904455179817498
148,0.18115942028985507,23.315888352120236,19.746376811594203,0.8789586688137413,5.213365539452496,28.670155662909288,4.918142780461621,16.485507246376812,,0.5904455179817498
149,0.18115942028985507,22.785829307568438,19.424315619967793,0.8789586688137413,5.213365539452496,28.978797638217927,4.918142780461621,17.028985507246375,,0.5904455179817498
150,0.18115942028985507,21.940418679549115,19.33709071390231,1.556629092860977,4.441760601180891,28.529253891572733,4.911433172302737,17.961621041331185,,1.1406333870101986
151,0.18115942028985507,21.81964573268921,19.786634460547504,1.556629092860977,4.441760601180891,28.515834675254965,4.777241009125067,17.780461621041333,,1.1406333870101986
152,0.18115942028985507,21.81964573268921,19.189479334406872,1.556629092860977,4.441760601180891,28.207192699946322,4.777241009125067,18.686258722490606,,1.1406333870101986
153,0.18115942028985507,21.611647879763822,18.95464304884595,1.556629092860977,4.428341384863124,27.905260332796566,4.502147074610843,19.719538378958667,,1.1406333870101986
154,0.18115942028985507,21.611647879763822,18.95464304884595,1.556629092860977,4.428341384863124,27.905260332796566,4.502147074610843,19.719538378958667,,1.1406333870101986
155,0.18115942028985507,21.591519055287172,18.793612453032743,1.556629092860977,4.428341384863124,28.153515834675254,4.448470209339774,19.706119162640903,,1.1406333870101986
156,0.18115942028985507,20.725979602791195,18.646001073537306,1.556629092860977,4.428341384863124,27.274557165861513,4.448470209339774,21.598228663446054,,1.1406333870101986
157,0.18115942028985507,20.725979602791195,18.793612453032743,1.556629092860977,4.428341384863124,27.20746108427268,4.435050993022007,21.531132581857218,,1.1406333870101986
158,0.18115942028985507,20.719269994632313,18.793612453032743,1.5499194847020934,4.428341384863124,27.20746108427268,4.435050993022007,21.531132581857218,,1.1540526033279657
159,0.18115942028985507,20.719269994632313,18.793612453032743,1.5499194847020934,4.428341384863124,27.76435856146001,4.435050993022007,20.974235104669887,,1.1540526033279657
160,0.18115942028985507,20.719269994632313,18.793612453032743,1.5499194847020934,4.428341384863124,27.76435856146001,4.435050993022007,20.974235104669887,,1.1540526033279657
161,0.18115942028985507,20.685721953837895,19.0150295222759,1.5499194847020934,4.408212560386473,27.74422973698336,4.435050993022007,20.82662372517445,,1.1540526033279657
162,0.18115942028985507,20.43075684380032,19.484702093397747,1.5499194847020934,4.408212560386473,27.529522275899087,4.435050993022007,20.82662372517445,,1.1540526033279657
163,0.18115942028985507,20.155662909286097,19.202898550724637,1.5499194847020934,4.408212560386473,27.89855072463768,4.428341384863124,21.021202361782073,,1.1540526033279657
164,0.18115942028985507,20.155662909286097,18.90096618357488,1.5499194847020934,4.408212560386473,27.623456790123456,4.428341384863124,21.598228663446054,,1.1540526033279657
165,0.18115942028985507,20.155662909286097,18.9747718733226,1.5499194847020934,4.408212560386473,27.576489533011273,4.428341384863124,21.571390230810522,,1.1540526033279657
166,0.18115942028985507,19.867149758454108,18.947933440687063,1.5499194847020934,4.408212560386473,27.891841116478798,4.428341384863124,21.571390230810522,,1.1540526033279657
167,0.18115942028985507,19.867149758454108,18.947933440687063,1.5499194847020934,4.408212560386473,27.891841116478798,4.428341384863124,21.571390230810522,,1.1540526033279657
168,0.18115942028985507,19.81347289318304,18.793612453032743,1.5499194847020934,4.408212560386473,27.750939345142243,4.428341384863124,21.920289855072465,,1.1540526033279657
169,0.18115942028985507,19.0552871712292,18.699677938808374,1.5499194847020934,4.408212560386473,28.71712292002147,4.388083735909823,21.846484165324746,,1.1540526033279657
170,0.18115942028985507,18.927804616210413,18.491680085882983,1.5499194847020934,4.408212560386473,29.052603327965645,4.388083735909823,21.846484165324746,,1.1540526033279657
171,0.18115942028985507,18.927804616210413,18.491680085882983,1.5499194847020934,4.408212560386473,29.052603327965645,4.388083735909823,21.846484165324746,,1.1540526033279657
172,0.18115942028985507,18.46484165324745,17.98845947396672,1.5499194847020934,4.247181964573269,27.053140096618357,7.098765432098766,22.262479871175522,,1.1540526033279657
173,0.18115942028985507,18.451422436929683,17.975040257648953,1.5499194847020934,4.247181964573269,27.140365002683843,7.098765432098766,22.20209339774557,,1.1540526033279657
174,0.18115942028985507,18.451422436929683,17.975040257648953,1.5499194847020934,4.247181964573269,27.140365002683843,7.098765432098766,22.20209339774557,,1.1540526033279657
175,0.18115942028985507,18.451422436929683,17.975040257648953,1.5499194847020934,4.247181964573269,27.140365002683843,7.098765432098766,22.20209339774557,,1.1540526033279657
176,0.18115942028985507,17.465110037573805,18.250134192163177,1.415727321524423,4.247181964573269,27.77777777777778,7.098765432098766,22.0276435856146,,1.5365002683843263
177,0.18115942028985507,17.45169082125604,18.115942028985508,1.415727321524423,4.247181964573269,26.717659688674182,6.863929146537842,23.470209339774556,,1.5365002683843263
178,0.18115942028985507,17.45169082125604,18.115942028985508,1.415727321524423,4.247181964573269,26.717659688674182,6.863929146537842,23.470209339774556,,1.5365002683843263
179,0.18115942028985507,17.45169082125604,18.015297906602253,1.415727321524423,4.247181964573269,26.590177133655395,6.863929146537842,23.698336017176597,,1.5365002683843263
180,0.18115942028985507,17.45169082125604,18.015297906602253,1.415727321524423,4.247181964573269,26.590177133655395,6.863929146537842,23.698336017176597,,1.5365002683843263
181,0.18115942028985507,17.45169082125604,18.015297906602253,1.415727321524423,4.247181964573269,26.590177133655395,6.863929146537842,23.698336017176597,,1.5365002683843263
182,0.18115942028985507,17.19001610305958,18.115942028985508,1.4090177133655395,4.146537842190016,26.590177133655395,7.702630166398282,23.309178743961354,,1.3553408480944713
183,0.18115942028985507,16.901502952227588,18.552066559312937,1.4090177133655395,4.146537842190016,26.590177133655395,7.702630166398282,23.161567364465917,,1.3553408480944713
184,0.18115942028985507,16.901502952227588,18.552066559312937,1.4090177133655395,4.146537842190016,26.590177133655395,7.702630166398282,23.161567364465917,,1.3553408480944713
185,0.18115942028985507,16.901502952227588,18.552066559312937,1.4090177133655395,4.146537842190016,26.590177133655395,7.702630166398282,23.161567364465917,,1.3553408480944713
186,0.18115942028985507,16.59286097691895,19.632313472893184,1.3150831991411702,4.012345679012346,26.496242619431026,7.367149758454106,23.141438539989263,,1.261406333870102
187,0.18115942028985507,16.59286097691895,19.632313472893184,1.3150831991411702,4.012345679012346,26.496242619431026,7.367149758454106,23.141438539989263,,1.261406333870102
188,0.18115942028985507,16.378153515834676,20.303274288781534,1.3150831991411702,4.012345679012346,26.241277509393452,7.367149758454106,22.940150295222757,,1.261406333870102
189,0.18115942028985507,16.371443907675793,20.45088566827697,1.3150831991411702,4.012345679012346,26.140633387010197,7.367149758454106,22.899892646269457,,1.261406333870102
190,0.18115942028985507,15.935319377348362,20.37037037037037,1.3150831991411702,4.012345679012346,26.41572732152442,7.353730542136339,23.15485775630703,,1.261406333870102
191,0.18115942028985507,15.935319377348362,20.37037037037037,1.3150831991411702,4.012345679012346,26.41572732152442,7.353730542136339,23.15485775630703,,1.261406333870102
192,0.18115942028985507,15.935319377348362,20.632045088566827,1.3150831991411702,4.012345679012346,26.41572732152442,7.353730542136339,22.893183038110575,,1.261406333870102
193,0.18115942028985507,15.935319377348362,20.632045088566827,1.3150831991411702,4.012345679012346,26.41572732152442,7.353730542136339,22.893183038110575,,1.261406333870102
194,0.18115942028985507,15.861513687600644,20.705850778314545,1.3150831991411702,4.012345679012346,26.41572732152442,7.353730542136339,22.893183038110575,,1.261406333870102
195,0.18115942028985507,15.861513687600644,20.705850778314545,1.3150831991411702,4.012345679012346,26.41572732152442,7.353730542136339,22.893183038110575,,1.261406333870102
196,0.18115942028985507,15.707192699946322,20.860171765968868,1.3150831991411702,3.770799785292539,26.120504562533547,7.192699946323135,23.59098228663446,,1.261406333870102
197,0.18115942028985507,15.707192699946322,20.860171765968868,1.3150831991411702,3.770799785292539,26.120504562533547,7.192699946323135,23.59098228663446,,1.261406333870102
198,0.18115942028985507,15.707192699946322,20.860171765968868,1.3150831991411702,3.770799785292539,25.93263553408481,7.494632313472893,23.47691894793344,,1.261406333870102
199,0.18115942028985507,15.707192699946322,21.121846484165324,1.3150831991411702,3.6902844873859366,25.865539452495973,7.494632313472893,23.362855609232422,,1.261406333870102
200,0.18115942028985507,15.707192699946322,21.121846484165324,1.3150831991411702,3.6902844873859366,25.865539452495973,7.494632313472893,23.362855609232422,,1.261406333870102
201,0.18115942028985507,15.707192699946322,21.121846484165324,1.3150831991411702,3.6902844873859366,25.865539452495973,7.494632313472893,23.362855609232422,,1.261406333870102
202,0.18115942028985507,15.707192699946322,21.4170692431562,1.3150831991411702,3.6902844873859366,25.865539452495973,7.253086419753086,23.309178743961354,,1.261406333870102
203,0.18115942028985507,15.707192699946322,21.4170692431562,1.3150831991411702,3.6902844873859366,25.865539452495973,7.253086419753086,23.309178743961354,,1.261406333870102
204,0.18115942028985507,15.707192699946322,21.786097691894792,1.3150831991411702,3.6902844873859366,25.72463768115942,7.253086419753086,23.081052066559312,,1.261406333870102
205,0.18115942028985507,15.579710144927537,21.712292002147073,1.3150831991411702,3.6902844873859366,25.597155126140635,7.253086419753086,23.409822866344605,,1.261406333870102
206,0.18115942028985507,15.197262479871176,21.71900161030596,1.2546967257112185,3.6902844873859366,25.087224906065487,7.253086419753086,24.355877616747183,,1.261406333870102
207,0.18115942028985507,15.197262479871176,21.531132581857218,1.1540526033279657,3.5762211486849167,25.087224906065487,7.253086419753086,24.355877616747183,,1.6639828234031133
208,0.18115942028985507,14.74771873322598,21.296296296296298,1.6103059581320451,3.5762211486849167,24.966451959205582,7.058507783145465,24.89935587761675,,1.6639828234031133
209,0.18115942028985507,14.74771873322598,21.477455716586153,1.5633387010198605,3.5762211486849167,24.88593666129898,7.018250134192163,24.88593666129898,,1.6639828234031133
210,0.18115942028985507,14.741009125067096,21.370101986044016,1.5633387010198605,3.5628019323671496,24.792002147074612,7.018250134192163,25.107353730542137,,1.6639828234031133
211,0.18115942028985507,14.573268921095009,22.188674181427803,1.5633387010198605,3.3816425120772946,24.785292538915726,6.830381105743425,24.966451959205582,,1.5297906602254427
212,0.18115942028985507,14.506172839506172,22.396672034353195,1.5633387010198605,3.3816425120772946,24.65780998389694,6.830381105743425,24.953032742887814,,1.5297906602254427
213,0.18115942028985507,14.506172839506172,22.396672034353195,1.5633387010198605,3.3816425120772946,24.65780998389694,6.830381105743425,24.953032742887814,,1.5297906602254427
214,0.18115942028985507,14.506172839506172,22.396672034353195,1.5633387010198605,3.3816425120772946,24.65780998389694,6.830381105743425,24.953032742887814,,1.5297906602254427
215,0.18115942028985507,14.506172839506172,22.873054213633925,1.5633387010198605,3.3816425120772946,24.59742351046699,6.830381105743425,24.537037037037038,,1.5297906602254427
216,0.18115942028985507,14.452495974235104,23.10789049919485,1.5633387010198605,3.2675791733762747,24.530327428878152,6.830381105743425,24.537037037037038,,1.5297906602254427
217,0.18115942028985507,14.452495974235104,23.10789049919485,1.5633387010198605,3.2675791733762747,24.530327428878152,6.830381105743425,24.537037037037038,,1.5297906602254427
218,0.18115942028985507,14.452495974235104,23.10789049919485,1.5633387010198605,3.2675791733762747,24.530327428878152,6.830381105743425,24.537037037037038,,1.5297906602254427
219,0.18115942028985507,14.452495974235104,23.10789049919485,1.5633387010198605,3.2675791733762747,24.530327428878152,6.830381105743425,24.537037037037038,,1.5297906602254427
220,0.18115942028985507,14.452495974235104,23.859366612989803,1.5633387010198605,3.2675791733762747,24.18142780461621,6.830381105743425,24.134460547504027,,1.5297906602254427
221,0.18115942028985507,14.452495974235104,23.597691894793343,1.5633387010198605,3.2675791733762747,24.12775093934514,6.830381105743425,24.44981213097155,,1.5297906602254427
222,0.18115942028985507,14.452495974235104,23.597691894793343,1.5633387010198605,3.2675791733762747,24.12775093934514,6.830381105743425,24.44981213097155,,1.5297906602254427
223,0.18115942028985507,14.452495974235104,23.597691894793343,1.5633387010198605,3.2675791733762747,24.12775093934514,6.830381105743425,24.44981213097155,,1.5297906602254427
224,0.18115942028985507,14.15727321524423,24.235104669887278,1.5633387010198605,3.2675791733762747,24.208266237251745,6.528448738593666,24.329039184111647,,1.5297906602254427
225,0.18115942028985507,14.15727321524423,24.235104669887278,1.5633387010198605,3.2675791733762747,24.208266237251745,6.528448738593666,24.329039184111647,,1.5297906602254427
226,0.18115942028985507,14.056629092860977,23.980139559849704,1.5633387010198605,3.784219001610306,23.852657004830917,6.112453032742888,24.93961352657005,,1.5297906602254427
227,0.18115942028985507,13.94927536231884,23.95330112721417,1.5633387010198605,3.7640901771336552,23.34272678475577,6.112453032742888,25.603864734299517,,1.5297906602254427
228,0.18115942028985507,13.94927536231884,23.95330112721417,1.5633387010198605,3.7640901771336552,23.34272678475577,6.112453032742888,25.603864734299517,,1.5297906602254427
229,0.18115942028985507,13.94927536231884,23.95330112721417,1.5633387010198605,3.7640901771336552,23.34272678475577,6.112453032742888,25.603864734299517,,1.5297906602254427
230,0.18115942028985507,13.94927536231884,23.95330112721417,1.5633387010198605,3.7640901771336552,23.34272678475577,6.112453032742888,25.603864734299517,,1.5297906602254427
231,0.18115942028985507,13.94927536231884,23.95330112721417,1.5633387010198605,3.7640901771336552,23.34272678475577,6.112453032742888,25.603864734299517,,1.5297906602254427
232,0.18115942028985507,13.92914653784219,23.852657004830917,1.5633387010198605,3.7640901771336552,23.832528180354267,6.112453032742888,25.234836285560924,,1.5297906602254427
233,0.18115942028985507,13.902308105206655,24.12104133118626,1.5633387010198605,3.7640901771336552,23.738593666129898,6.112453032742888,25.087224906065487,,1.5297906602254427
234,0.18115942028985507,13.479602791196994,23.939881910896403,1.5633387010198605,3.7640901771336552,24.342458400429415,6.112453032742888,25.087224906065487,,1.5297906602254427
235,0.18115942028985507,13.479602791196994,23.939881910896403,1.5633387010198605,3.7640901771336552,24.342458400429415,6.112453032742888,25.087224906065487,,1.5297906602254427
236,0.18115942028985507,13.479602791196994,23.939881910896403,1.5633387010198605,3.7640901771336552,24.342458400429415,6.112453032742888,25.087224906065487,,1.5297906602254427
237,0.18115942028985507,13.479602791196994,23.939881910896403,1.5633387010198605,3.7640901771336552,24.342458400429415,6.112453032742888,25.087224906065487,,1.5297906602254427
238,0.18115942028985507,13.479602791196994,24.174718196457327,1.5633387010198605,3.7640901771336552,24.342458400429415,6.112453032742888,24.852388620504563,,1.5297906602254427
239,0.18115942028985507,13.479602791196994,24.174718196457327,1.5633387010198605,3.7640901771336552,24.342458400429415,6.112453032742888,24.852388620504563,,1.5297906602254427
240,0.18115942028985507,13.43263553408481,23.919753086419753,1.5633387010198605,4.51556629092861,24.315619967793882,6.112453032742888,24.4296833064949,,1.5297906602254427
241,0.18115942028985507,13.110574342458401,24.550456253354803,1.5633387010198605,4.51556629092861,24.18142780461621,6.112453032742888,24.4296833064949,,1.3553408480944713
242,0.18115942028985507,13.110574342458401,24.550456253354803,1.5633387010198605,4.51556629092861,24.18142780461621,6.112453032742888,24.4296833064949,,1.3553408480944713
243,0.18115942028985507,13.050187869028449,24.550456253354803,1.5633387010198605,4.51556629092861,24.14787976382179,5.4549114331723025,25.181159420289855,,1.3553408480944713
244,0.18115942028985507,13.050187869028449,24.550456253354803,1.5633387010198605,4.51556629092861,24.14787976382179,5.4549114331723025,25.181159420289855,,1.3553408480944713
245,0.18115942028985507,13.050187869028449,24.188137412775095,1.5633387010198605,5.46833064949007,24.14787976382179,5.260332796564681,24.785292538915726,,1.3553408480944713
