,40,45,50,51,52,54,55,53,41,49
0,0.27509393451422437,94.94095544820182,4.783950617283951,,,,,,,
1,1.442565754159957,72.58454106280193,25.97289318303811,,,,,,,
2,0.6172839506172839,31.407675791733762,62.151100375738054,5.8239398819108965,,,,,,
3,1.0735373054213635,21.953837895866883,71.67874396135265,2.509393451422437,0.630703166935051,2.15378421900161,,,,
4,1.7310789049919484,21.76596886741814,70.36366076221148,2.509393451422437,0.630703166935051,2.1739130434782608,0.8252818035426731,,,
5,2.1068169618894257,21.20907139023081,66.27750939345142,2.509393451422437,0.630703166935051,3.9452495974235107,3.321256038647343,,,
6,2.1068169618894257,21.20907139023081,64.2914653784219,2.509393451422437,0.630703166935051,3.7640901771336552,4.911433172302737,0.5770263016639828,,
7,2.2208803005904456,17.14975845410628,65.2710681696189,2.509393451422437,1.133923778851315,3.6634460547504024,6.984702093397746,1.06682769726248,,
8,2.4221685453569513,16.888083735909824,61.74852388620504,2.509393451422437,1.133923778851315,4.51556629092861,9.71551261406334,1.06682769726248,,
9,3.0059044551798175,16.59286097691895,59.39345142243693,2.509393451422437,1.133923778851315,5.173107890499195,11.124530327428879,1.06682769726248,,
10,2.9790660225442833,16.317767042404725,56.92431561996779,3.1870638754696725,1.0332796564680622,6.353998926462695,12.13768115942029,1.06682769726248,,
11,2.6301663982823404,15.271068169618895,51.368760064412236,7.957595276435856,4.180085882984434,6.353998926462695,11.171497584541063,1.06682769726248,,
12,2.918679549114332,13.962694578636608,51.16076221148685,7.836822329575953,4.180085882984434,6.353998926462695,12.52012882447665,1.06682769726248,,
13,2.2342995169082127,8.279656468062266,66.49892646269458,1.6975308641975309,1.9860440150295222,5.4549114331723025,12.781803542673108,1.06682769726248,,
14,2.7308105206655933,6.568706387546968,63.191089640365,5.018786902844874,2.844873859366613,5.938003220611916,13.144122383252817,0.5636070853462157,,
15,2.314814814814815,3.4420289855072466,69.39747718733226,2.1135265700483092,1.4492753623188406,4.119699409554482,11.419753086419753,5.743424584004294,,
16,1.7444981213097155,3.435319377348363,76.20101986044016,1.0534084809447128,1.8317230273752012,2.4892646269457863,11.594202898550725,1.6505636070853462,,
17,1.7444981213097155,1.5499194847020934,82.38056897477188,0.9192163177670424,1.2077294685990339,2.1940418679549114,8.427267847557703,1.5767579173376274,,
18,1.2815351583467525,1.5499194847020934,83.76274825550188,0.9192163177670424,0.6910896403650026,2.1806226516371443,8.038110574342458,1.5767579173376274,,
19,1.4694041867954912,1.5499194847020934,78.58964036500268,3.556092324208266,0.6910896403650026,3.878153515834675,8.68894256575416,1.5767579173376274,,
20,1.778046162104133,1.5499194847020934,76.70424047235642,3.556092324208266,0.6910896403650026,3.878153515834675,10.265700483091788,1.5767579173376274,,
21,2.522812667740204,1.5499194847020934,73.48362855609233,3.3413848631239937,0.6910896403650026,3.589640365002684,12.875738056897477,1.5767579173376274,0.36902844873859364,
22,2.522812667740204,1.5163714439076759,69.61889425657542,5.9514224369296835,0.7648953301127214,3.44873859366613,14.070048309178745,1.5767579173376274,0.5300590445517982,
23,2.85829307568438,1.5163714439076759,66.92834138486312,5.9514224369296835,0.6642512077294686,4.146537842190016,15.22410091250671,1.5767579173376274,1.133923778851315,
24,3.408480944712829,1.5029522275899088,64.45920558239399,6.286902844873859,0.6642512077294686,4.146537842190016,16.13660762211487,2.073268921095008,1.3217928073000538,
25,1.6774020397208802,0.3824476650563607,81.32716049382717,2.100107353730542,0.6038647342995169,2.7241009125067097,10.413311862587225,0.4294149221685454,0.3421900161030596,
26,1.7310789049919484,0.3824476650563607,80.73671497584542,2.033011272141707,0.6038647342995169,2.7241009125067097,10.963499731615673,0.4294149221685454,0.39586688137412773,
27,1.865271068169619,0.3153515834675255,69.75979602791197,12.848899624261943,0.14090177133655393,2.7241009125067097,11.560654857756306,0.38915727321524424,0.39586688137412773,
28,1.9726247987117553,0.19457863660762212,79.2337627482555,3.307836822329576,0.0067096081588835215,2.5966183574879227,11.902844873859367,0.38915727321524424,0.39586688137412773,
29,2.3081052066559313,0.16774020397208803,74.31561996779388,3.2877079978529253,0.0067096081588835215,2.952227589908749,13.191089640365004,3.374932903918411,0.39586688137412773,
30,2.818035426731079,0.16774020397208803,71.77267847557702,5.132850241545894,0.0067096081588835215,2.657004830917874,13.674181427804616,3.374932903918411,0.39586688137412773,
31,2.898550724637681,0.13419216317767044,70.4441760601181,5.132850241545894,0.8923778851315083,2.5161030595813205,14.210950080515298,3.374932903918411,0.39586688137412773,
32,2.85829307568438,0.13419216317767044,69.36392914653784,5.132850241545894,1.1137949543746646,3.797638217928073,13.352120236178207,3.851315083199141,0.39586688137412773,
33,2.999194847020934,0.13419216317767044,67.08266237251745,5.0791733762748255,1.1137949543746646,5.059044551798175,14.304884594739667,3.851315083199141,0.3757380568974772,
34,3.3279656468062266,0.08722490606548577,64.58668813741278,5.005367686527107,1.1137949543746646,5.629361245303274,15.94873859366613,3.92512077294686,0.3757380568974772,
35,3.227321524422974,0.08722490606548577,60.970209339774556,4.904723564143854,1.1137949543746646,5.938003220611916,16.358024691358025,7.105475040257649,0.2952227589908749,
36,3.556092324208266,0.08051529790660225,57.118894256575416,5.428073000536768,1.7444981213097155,6.602254428341385,17.498658078368223,6.635802469135802,0.5099302200751477,0.8252818035426731
37,3.2877079978529253,0.08051529790660225,57.99785292538916,3.844605475040258,2.254428341384863,6.488191089640365,17.444981213097154,7.320182501341922,0.4562533548040794,0.8252818035426731
38,3.307836822329576,0.08051529790660225,54.388083735909824,3.844605475040258,2.254428341384863,6.407675791733762,21.121846484165324,7.024959742351046,0.7447665056360708,0.8252818035426731
39,3.643317230273752,0.06038647342995169,52.341653247450346,3.6500268384326353,4.703435319377348,7.206119162640902,20.739398819108963,6.085614600107354,0.7447665056360708,0.8252818035426731
40,2.818035426731079,0.06038647342995169,57.78314546430489,2.8650026838432634,3.81105743424584,7.300053676865271,18.887546967257112,5.307300053676865,0.3421900161030596,0.8252818035426731
41,3.1333870101986045,0.06038647342995169,56.62909286097692,2.8650026838432634,3.81105743424584,7.796564680622652,19.524959742351047,5.01207729468599,0.3421900161030596,0.8252818035426731
42,2.8650026838432634,0.03354804079441761,62.875738056897475,1.8048845947396672,2.945517981749866,7.440955448201825,17.58588298443371,4.106280193236715,0.3421900161030596,
43,3.126677402039721,0.03354804079441761,61.75523349436393,1.8048845947396672,2.945517981749866,7.132313472893183,18.451422436929683,4.408212560386473,0.3421900161030596,
44,2.918679549114332,0.03354804079441761,64.20424047235642,1.8048845947396672,0.6172839506172839,7.132313472893183,18.53864734299517,4.408212560386473,0.3421900161030596,
45,3.2742887815351582,0.03354804079441761,59.37332259796028,1.570048309178744,0.6172839506172839,9.628287707997853,18.250134192163177,6.910896403650026,0.3421900161030596,
46,3.8848631239935587,0.03354804079441761,58.36688137412775,1.570048309178744,0.6172839506172839,10.755501878690284,17.619431025228128,6.810252281266774,0.3421900161030596,
47,3.3548040794417604,0.03354804079441761,53.52254428341385,5.072463768115942,3.421900161030596,10.044283413848632,16.532474503488995,7.675791733762749,0.3421900161030596,
48,3.099838969404187,0.03354804079441761,51.939076757917334,6.447933440687064,2.2342995169082127,11.916264090177133,16.72705314009662,7.25979602791197,0.3421900161030596,
49,3.992216854535695,0.03354804079441761,50.75147611379496,5.9447128287707995,2.5496511003757383,11.225174449812132,17.37788513150832,7.836822329575953,0.2885131508319914,
50,3.8714439076757916,0.03354804079441761,48.91975308641975,6.280193236714976,2.5496511003757383,13.278314546430488,17.12962962962963,7.648953301127214,0.2885131508319914,
51,3.589640365002684,0.03354804079441761,46.15539452495974,8.3064949006978,2.281266774020397,13.774825550187868,17.76033279656468,7.971014492753623,0.1274825550187869,
52,3.7372517444981215,0.03354804079441761,45.01476113794954,8.3064949006978,2.281266774020397,15.197262479871176,17.444981213097154,7.856951154052603,0.1274825550187869,
53,4.49543746645196,0.03354804079441761,43.243424584004295,10.721953837895867,2.1739130434782608,14.15727321524423,17.317498658078367,7.729468599033816,0.1274825550187869,
54,4.508856682769726,0.03354804079441761,40.485775630703166,10.721953837895867,6.025228126677402,15.049651100375739,16.324476650563607,6.78341384863124,0.06709608158883522,
55,4.394793344068707,0.03354804079441761,40.02952227589909,10.68840579710145,5.763553408480945,15.915190552871712,16.324476650563607,6.78341384863124,0.06709608158883522,
56,5.139559849704777,0.03354804079441761,37.03703703703704,10.34621578099839,7.863660762211487,15.774288781535159,15.150295222758992,8.588298443370908,0.06709608158883522,
57,5.186527106816962,0.03354804079441761,36.36607622114869,10.165056360708535,7.367149758454106,16.170155662909288,15.331454643048845,9.145195920558239,0.23483628556092323,
58,5.381105743424584,0.03354804079441761,35.829307568438004,9.5276435856146,7.360440150295223,16.391572732152444,15.331454643048845,9.91009125067096,0.23483628556092323,
59,5.347557702630167,0.03354804079441761,35.28582930756844,9.520933977455716,8.675523349436393,16.19699409554482,14.848362855609233,9.856414385399892,0.23483628556092323,
60,5.790391841116479,0.03354804079441761,34.78931830381106,9.460547504025765,8.675523349436393,16.1231884057971,15.03623188405797,9.856414385399892,0.23483628556092323,
61,6.521739130434782,0.03354804079441761,33.19914117015566,9.460547504025765,8.59500805152979,17.54562533548041,15.029522275899087,9.380032206119163,0.23483628556092323,
62,6.031937734836285,0.0067096081588835215,33.63526570048309,12.795222758990874,7.7898550724637685,17.820719269994633,12.627482555018787,9.23913043478261,0.05367686527106817,
63,6.213097155126141,0.0067096081588835215,32.50805152979066,12.218196457326892,7.7898550724637685,19.03515834675255,12.97638217928073,9.198872785829307,0.05367686527106817,
64,6.152710681696189,0.0067096081588835215,30.24020397208803,12.030327428878154,7.051798174986581,20.02818035426731,14.150563607085346,10.285829307568438,0.05367686527106817,
65,6.152710681696189,0.0067096081588835215,30.16639828234031,12.030327428878154,7.051798174986581,20.02818035426731,14.224369296833064,10.285829307568438,0.05367686527106817,
66,6.327160493827161,0.0067096081588835215,28.341384863123995,12.842190016103059,7.185990338164252,20.041599570585078,15.673644659151906,9.5276435856146,0.05367686527106817,
67,6.8035426731078905,0.0067096081588835215,28.341384863123995,12.318840579710145,7.615405260332796,19.753086419753085,15.673644659151906,9.433709071390231,0.05367686527106817,
68,6.964573268921095,0.0067096081588835215,27.938808373590984,11.98336017176597,7.615405260332796,20.182501341921633,15.673644659151906,9.433709071390231,0.20128824476650564,
69,7.1658615136876005,0.0067096081588835215,26.77133655394525,13.546698872785829,6.998121309715513,19.6256038647343,15.465646806226516,10.044283413848632,0.3757380568974772,
70,7.555018786902845,0.0067096081588835215,26.234567901234566,11.996779388083736,7.078636607622115,21.26945786366076,14.593397745571659,10.889694041867955,0.3757380568974772,
71,7.5281803542673105,0.0067096081588835215,25.791733762748255,11.996779388083736,6.561996779388084,20.96081588835212,14.600107353730541,12.177938808373591,0.3757380568974772,
72,7.62211486849168,0.0067096081588835215,25.214707461084274,11.426462694578637,6.461352657004831,21.39694041867955,14.512882447665056,12.983091787439614,0.3757380568974772,
73,7.7831454643048845,0.0067096081588835215,24.872517444981213,11.426462694578637,6.447933440687064,21.16881374127751,14.512882447665056,13.405797101449275,0.3757380568974772,
74,7.897208803005904,0.0067096081588835215,23.926462694578635,10.413311862587225,7.306763285024155,21.041331186258724,14.06333870101986,14.969135802469136,0.3757380568974772,
75,7.796564680622652,0.0067096081588835215,23.886205045625335,10.238862050456254,7.541599570585078,20.92055823939882,14.06333870101986,15.177133655394526,0.36902844873859364,
76,7.776435856146001,0.0067096081588835215,23.423242082662373,11.929683306494901,7.541599570585078,20.658883521202362,13.130703166935051,15.163714439076758,0.36902844873859364,
77,7.883789586688137,0.0067096081588835215,22.805958132045088,11.83574879227053,7.37385936661299,20.819914117015568,13.123993558776167,15.780998389694043,0.36902844873859364,
78,7.199409554482019,0.0067096081588835215,28.488996242619432,11.54723564143854,7.253086419753086,20.055018786902846,12.93612453032743,12.198067632850242,0.3153515834675255,
79,7.004830917874396,0.0067096081588835215,30.770263016639827,11.131239935587761,6.796833064949007,20.00805152979066,11.768652710681696,12.198067632850242,0.3153515834675255,
80,7.1658615136876005,0.0067096081588835215,30.414653784219002,11.131239935587761,6.796833064949007,20.48443370907139,11.533816425120772,12.151100375738057,0.3153515834675255,
81,7.206119162640902,0.0067096081588835215,30.26033279656468,11.131239935587761,6.300322061191626,20.48443370907139,11.533816425120772,12.761674718196458,0.3153515834675255,
82,7.118894256575416,0.0067096081588835215,29.314278046162105,10.896403650026839,6.951154052603328,21.370101986044016,11.392914653784219,12.634192163177671,0.3153515834675255,
83,7.48792270531401,0.0067096081588835215,29.240472356414386,10.158346752549651,7.4208266237251745,21.69887278582931,11.392914653784219,12.278582930756844,0.3153515834675255,
84,7.695920558239399,0.0067096081588835215,28.415190552871714,9.91009125067096,7.9039184111647875,21.79951690821256,11.265432098765432,12.68786902844874,0.3153515834675255,
85,7.816693505099302,0.0067096081588835215,27.30139559849705,10.124798711755233,9.272678475577026,21.73913043478261,11.258722490606548,12.164519592055823,0.3153515834675255,
86,7.96430488459474,0.0067096081588835215,26.67740203972088,10.111379495437467,10.131508319914117,21.39694041867955,11.258722490606548,12.13768115942029,0.3153515834675255,
87,8.13875469672571,0.0067096081588835215,26.281535158346752,9.601449275362318,9.943639291465379,21.604938271604937,11.258722490606548,12.848899624261943,0.3153515834675255,
88,8.76274825550188,0.0067096081588835215,26.167471819645733,9.286097691894794,9.943639291465379,21.604938271604937,11.252012882447666,12.661030595813205,0.3153515834675255,
89,8.440687063875469,0.0067096081588835215,25.77831454643049,9.286097691894794,10.138217928073,21.91358024691358,10.36634460547504,13.754696725711218,0.3153515834675255,
90,8.695652173913043,0.0067096081588835215,25.026838432635532,9.219001610305957,11.533816425120772,21.812936124530328,10.225442834138486,13.16425120772947,0.3153515834675255,
91,8.695652173913043,0.0067096081588835215,25.026838432635532,9.219001610305957,11.533816425120772,21.812936124530328,10.225442834138486,13.16425120772947,0.3153515834675255,
92,8.675523349436393,0.0067096081588835215,24.342458400429415,9.219001610305957,11.714975845410628,22.20209339774557,9.91009125067096,13.466183574879228,0.46296296296296297,
93,8.896940418679549,0.0067096081588835215,24.342458400429415,9.219001610305957,11.714975845410628,22.52415458937198,9.594739667203436,13.238056897477188,0.46296296296296297,
94,8.950617283950617,0.0067096081588835215,24.094202898550726,8.514492753623188,13.915727321524423,22.14170692431562,8.789586688137414,13.130703166935051,0.4562533548040794,
95,8.82313472893183,,24.08749329039184,8.883521202361782,13.81508319914117,22.061191626409016,8.789586688137414,12.922705314009661,0.6172839506172839,
96,8.957326892109501,,23.443370907139023,8.883521202361782,13.81508319914117,22.571121846484164,8.789586688137414,12.922705314009661,0.6172839506172839,
97,9.346484165324744,,23.235373054213635,8.82313472893183,13.81508319914117,22.571121846484164,8.789586688137414,12.801932367149758,0.6172839506172839,
98,9.5276435856146,,23.235373054213635,8.82313472893183,13.81508319914117,22.470477724100913,8.742619431025227,12.76838432635534,0.6172839506172839,
99,9.675254965110037,,22.128287707997853,8.440687063875469,14.741009125067096,23.013955984970476,8.742619431025227,12.640901771336553,0.6172839506172839,
100,9.044551798174986,,24.698067632850243,8.440687063875469,14.264626945786366,22.765700483091788,8.588298443370908,11.728395061728396,0.46967257112184646,
101,8.836553945249598,,24.315619967793882,7.897208803005904,15.230810520665592,22.933440687063875,8.588298443370908,11.728395061728396,0.46967257112184646,
102,9.03113258185722,,23.2487922705314,11.768652710681696,14.707461084272678,21.672034353193773,8.085077831454644,11.017176596886742,0.46967257112184646,
103,8.930488459473967,,23.11460010735373,11.614331723027375,15.190552871712292,21.947128287707997,8.004562533548041,10.72866344605475,0.46967257112184646,
104,9.131776704240472,,22.25577026301664,11.460010735373054,16.478797638217927,21.73913043478261,7.809983896940419,10.654857756307031,0.46967257112184646,
105,9.292807300053678,,21.960547504025765,11.460010735373054,17.008856682769725,21.64519592055824,7.809983896940419,10.352925389157273,0.46967257112184646,
106,8.608427267847558,,23.60440150295223,10.138217928073,17.599302200751477,21.464036500268385,7.769726247987117,10.34621578099839,0.46967257112184646,
107,8.55475040257649,,23.60440150295223,10.0979602791197,17.834138486312398,21.4573268921095,7.769726247987117,10.21202361782072,0.46967257112184646,
108,8.205850778314547,,22.993827160493826,9.91009125067096,19.464573268921097,21.068169618894256,7.702630166398282,10.185185185185185,0.46967257112184646,
109,8.380300590445518,,22.21551261406334,10.38647342995169,18.833870101986044,20.69243156199678,7.689210950080516,11.332528180354267,0.46967257112184646,
110,8.776167471819646,,22.19538378958669,10.38647342995169,18.760064412238325,20.511272141706925,7.575147611379496,11.325818572195384,0.46967257112184646,
111,8.621846484165324,,21.87332259796028,10.38647342995169,18.686258722490606,20.78636607622115,7.883789586688137,11.292270531400966,0.46967257112184646,
112,8.756038647342995,,21.692163177670423,10.245571658615138,18.370907139023082,20.74610842726785,7.823403113258186,12.037037037037036,0.32877079978529256,
113,9.057971014492754,,21.68545356951154,10.245571658615138,18.370907139023082,20.46430488459474,7.809983896940419,12.037037037037036,0.32877079978529256,
114,10.02415458937198,,21.00107353730542,10.601180891035963,18.310520665593128,20.551529790660226,7.803274288781535,11.379495437466453,0.32877079978529256,
115,10.285829307568438,,20.853462157809982,10.158346752549651,18.71309715512614,20.564949006977994,7.716049382716049,11.379495437466453,0.32877079978529256,
116,10.02415458937198,,19.692699946323135,9.54777241009125,20.336822329575952,20.665593129361245,7.669082125603865,11.735104669887278,0.32877079978529256,
117,9.997316156736447,,19.45786366076221,9.440418679549115,20.92055823939882,21.430488459473967,7.239667203435319,11.18491680085883,0.32877079978529256,
118,10.104669887278583,,19.45786366076221,9.044551798174986,21.430488459473967,21.430488459473967,7.239667203435319,10.983628556092324,0.30864197530864196,
119,10.050993022007514,,18.833870101986044,9.997316156736447,21.021202361782073,22.376543209876544,6.615673644659152,10.795759527643586,0.30864197530864196,
120,10.178475577026301,,18.50509930220075,9.977187332259795,20.994363929146537,22.852925389157274,6.5485775630703165,10.601180891035963,0.3421900161030596,
121,10.319377348362856,,17.599302200751477,10.466988727858293,20.30998389694042,23.1682769726248,6.5485775630703165,10.775630703166936,0.3421900161030596,0.46967257112184646
122,10.285829307568438,,17.59259259259259,10.466988727858293,20.276435856146,22.966988727858293,6.541867954911433,11.057434245840042,0.3421900161030596,0.46967257112184646
123,10.00402576489533,,17.391304347826086,10.104669887278583,22.946859903381643,22.41009125067096,5.032206119162641,11.426462694578637,0.2147074610842727,0.46967257112184646
124,10.00402576489533,,17.391304347826086,10.104669887278583,22.946859903381643,22.41009125067096,5.032206119162641,11.426462694578637,0.2147074610842727,0.46967257112184646
125,10.86285560923242,,16.76731078904992,9.950348899624261,23.362855609232422,22.188674181427803,4.99194847020934,11.191626409017713,0.2147074610842727,0.46967257112184646
126,10.86285560923242,,16.76731078904992,9.950348899624261,23.362855609232422,22.188674181427803,4.99194847020934,11.191626409017713,0.2147074610842727,0.46967257112184646
127,11.3593666129898,,17.10950080515298,9.930220075147611,22.906602254428343,21.517713365539453,4.9718196457326895,11.553945249597424,0.18115942028985507,0.46967257112184646
128,11.674718196457327,,16.97530864197531,9.923510466988727,22.75228126677402,21.517713365539453,4.9718196457326895,11.533816425120772,0.18115942028985507,0.46967257112184646
129,11.386205045625335,,16.935050993022006,9.73564143853999,22.383252818035427,22.168545356951153,4.74369296833065,11.996779388083736,0.18115942028985507,0.46967257112184646
130,11.426462694578637,,16.935050993022006,9.73564143853999,22.36983360171766,22.14170692431562,4.74369296833065,11.996779388083736,0.18115942028985507,0.46967257112184646
131,11.419753086419753,,17.404723564143854,9.73564143853999,21.906870638754697,22.14170692431562,4.74369296833065,11.996779388083736,0.18115942028985507,0.46967257112184646
132,11.117820719269995,,17.062533548040793,10.426731078904991,22.289318303811058,22.054482018250134,4.74369296833065,11.654589371980677,0.18115942028985507,0.46967257112184646
133,11.117820719269995,,17.062533548040793,10.426731078904991,22.289318303811058,22.054482018250134,4.74369296833065,11.654589371980677,0.18115942028985507,0.46967257112184646
134,11.218464841653248,,17.05582393988191,10.393183038110575,22.973698336017176,21.792807300053678,4.7168545356951155,11.198336017176597,0.18115942028985507,0.46967257112184646
135,11.681427804616211,,17.277241009125067,10.393183038110575,22.537573805689746,21.544551798174986,4.7168545356951155,11.198336017176597,0.18115942028985507,0.46967257112184646
136,12.13768115942029,,17.11621041331186,10.359634997316157,22.705314009661837,21.544551798174986,4.575952764358561,11.077563070316694,0.16774020397208803,0.3153515834675255
137,12.077294685990339,,17.03569511540526,9.822866344605474,23.007246376811594,21.3768115942029,4.38137412775094,11.81561996779388,0.16774020397208803,0.3153515834675255
138,12.238325281803542,,16.243961352657006,10.581052066559312,22.48389694041868,21.128556092324207,4.562533548040794,12.278582930756844,0.16774020397208803,0.3153515834675255
139,12.432903918411165,,16.21712292002147,10.534084809447128,22.302737520128826,20.873590982286636,4.562533548040794,12.593934514224369,0.16774020397208803,0.3153515834675255
140,12.47987117552335,,15.821256038647343,10.205314009661835,21.584809447128286,21.591519055287172,4.53569511540526,13.298443370907139,0.16774020397208803,0.3153515834675255
141,12.084004294149223,,16.63311862587225,10.084541062801932,20.98094471282877,21.752549651100377,4.488727858293076,13.747987117552334,0.16774020397208803,0.06038647342995169
142,12.325550187869029,,16.49892646269458,10.426731078904991,20.25630703166935,21.67874396135266,4.300858829844337,14.284755770263017,0.16774020397208803,0.06038647342995169
143,12.325550187869029,,16.492216854535695,10.802469135802468,20.128824476650564,21.67874396135266,4.300858829844337,14.04320987654321,0.16774020397208803,0.06038647342995169
144,12.620772946859903,,16.492216854535695,10.59447128287708,20.128824476650564,21.591519055287172,4.300858829844337,14.04320987654321,0.16774020397208803,0.06038647342995169
145,12.714707461084272,,16.31105743424584,10.50053676865271,20.759527643585614,21.591519055287172,4.300858829844337,13.593666129898015,0.16774020397208803,0.06038647342995169
146,12.828770799785293,,16.150026838432634,10.648148148148149,20.316693505099302,22.128287707997853,4.294149221685454,13.405797101449275,0.16774020397208803,0.06038647342995169
147,12.526838432635534,,16.150026838432634,10.554213633923778,20.705850778314545,21.36339237788513,4.274020397208803,14.197530864197532,0.16774020397208803,0.06038647342995169
148,12.835480407944177,,16.150026838432634,10.319377348362856,20.632045088566827,21.36339237788513,4.274020397208803,14.197530864197532,0.16774020397208803,0.06038647342995169
149,12.694578636607622,,15.747450348899624,10.319377348362856,20.632045088566827,21.34326355340848,4.274020397208803,14.761137949543746,0.16774020397208803,0.06038647342995169
150,12.815351583467525,,16.163446054750402,10.171765968867419,20.719269994632313,21.101717659688674,4.274020397208803,14.526301663982823,0.16774020397208803,0.06038647342995169
151,12.815351583467525,,16.009125067096083,10.171765968867419,20.88030059044552,21.101717659688674,4.274020397208803,14.51959205582394,0.16774020397208803,0.06038647342995169
152,12.815351583467525,,16.009125067096083,10.171765968867419,20.88030059044552,21.101717659688674,4.274020397208803,14.51959205582394,0.16774020397208803,0.06038647342995169
153,13.030059044551798,,15.874932903918411,10.171765968867419,20.88030059044552,21.182232957595275,4.17337627482555,14.459205582393988,0.16774020397208803,0.06038647342995169
154,13.285024154589372,,15.365002683843263,10.990338164251208,20.585077831454644,21.121846484165324,4.17337627482555,14.251207729468598,0.16774020397208803,0.06038647342995169
155,13.298443370907139,,15.318035426731079,10.305958132045088,21.235909822866343,21.00107353730542,4.17337627482555,14.439076757917338,0.16774020397208803,0.06038647342995169
156,13.33870101986044,,15.143585614600108,10.225442834138486,20.96081588835212,21.235909822866343,4.17337627482555,14.694041867954912,0.16774020397208803,0.06038647342995169
157,12.788513150831992,,14.922168545356952,11.701556629092861,20.813204508856682,20.860171765968868,4.17337627482555,14.526301663982823,0.15432098765432098,0.06038647342995169
158,13.043478260869565,,14.915458937198068,11.701556629092861,20.67230273752013,20.860171765968868,4.17337627482555,14.418947933440688,0.15432098765432098,0.06038647342995169
159,13.157541599570585,,15.311325818572195,11.621041331186259,20.30998389694042,20.860171765968868,4.17337627482555,14.351851851851851,0.15432098765432098,0.06038647342995169
160,13.24476650563607,,15.203972088030058,11.621041331186259,20.679012345679013,20.021470746108427,4.146537842190016,14.868491680085883,0.15432098765432098,0.06038647342995169
161,13.533279656468062,,14.942297369833602,11.05072463768116,21.470746108427267,19.712828770799785,4.562533548040794,14.512882447665056,0.15432098765432098,0.06038647342995169
162,13.66076221148685,,14.942297369833602,10.88298443370907,21.85990338164251,19.712828770799785,4.562533548040794,14.163982823403114,0.15432098765432098,0.06038647342995169
163,13.66076221148685,,14.942297369833602,10.88298443370907,21.85990338164251,19.712828770799785,4.562533548040794,14.163982823403114,0.15432098765432098,0.06038647342995169
164,13.647342995169081,,14.942297369833602,10.88298443370907,21.85990338164251,19.712828770799785,4.562533548040794,14.17740203972088,0.15432098765432098,0.06038647342995169
165,13.647342995169081,,14.942297369833602,10.88298443370907,21.85990338164251,19.712828770799785,4.562533548040794,14.17740203972088,0.15432098765432098,0.06038647342995169
166,14.036500268384327,,14.922168545356952,10.82259796027912,21.504294149221685,19.296833064949006,4.542404723564144,14.660493827160494,0.15432098765432098,0.06038647342995169
167,14.304884594739667,,14.848362855609233,10.82259796027912,21.34326355340848,19.296833064949006,4.542404723564144,14.626945786366075,0.15432098765432098,0.06038647342995169
168,14.257917337627482,,14.74771873322598,11.379495437466453,20.79307568438003,19.51825013419216,4.461889425657541,14.626945786366075,0.15432098765432098,0.06038647342995169
169,14.526301663982823,,14.74771873322598,11.379495437466453,20.759527643585614,19.410896403650028,4.334406870638754,14.626945786366075,0.15432098765432098,0.06038647342995169
170,14.526301663982823,,14.74771873322598,11.379495437466453,20.759527643585614,19.410896403650028,4.334406870638754,14.626945786366075,0.15432098765432098,0.06038647342995169
171,14.103596349973161,,14.566559312936125,12.385936661298981,20.585077831454644,19.189479334406872,4.334406870638754,14.620236178207193,0.15432098765432098,0.06038647342995169
172,14.163982823403114,,14.06333870101986,12.385936661298981,21.309715512614062,18.9345142243693,4.30756843800322,14.620236178207193,0.15432098765432098,0.06038647342995169
173,14.2914653784219,,14.06333870101986,12.265163714439076,21.309715512614062,18.9345142243693,4.30756843800322,14.61352657004831,0.15432098765432098,0.06038647342995169
174,14.2914653784219,,14.056629092860977,12.265163714439076,21.638486312399355,18.90096618357488,4.30756843800322,14.445786366076222,0.03354804079441761,0.06038647342995169
175,14.237788513150832,,14.049919484702093,12.674449812130971,21.289586688137412,18.90096618357488,4.30756843800322,14.445786366076222,0.03354804079441761,0.06038647342995169
176,14.204240472356414,,13.58695652173913,12.640901771336553,21.631776704240472,19.585346215780998,4.260601180891036,13.996242619431026,0.03354804079441761,0.06038647342995169
177,14.512882447665056,,13.58695652173913,12.640901771336553,21.36339237788513,19.545088566827697,4.260601180891036,13.996242619431026,0.03354804079441761,0.06038647342995169
178,14.546430488459475,,13.43263553408481,12.640901771336553,21.36339237788513,19.719538378958667,4.260601180891036,13.942565754159958,0.03354804079441761,0.06038647342995169
179,14.546430488459475,,13.43263553408481,12.640901771336553,21.36339237788513,19.719538378958667,4.260601180891036,13.942565754159958,0.03354804079441761,0.06038647342995169
180,14.38539989264627,,13.43263553408481,12.801932367149758,21.36339237788513,19.719538378958667,4.260601180891036,13.942565754159958,0.03354804079441761,0.06038647342995169
181,14.38539989264627,,13.43263553408481,12.801932367149758,21.36339237788513,19.719538378958667,4.260601180891036,13.942565754159958,0.03354804079441761,0.06038647342995169
182,14.298174986580785,,13.157541599570585,13.674181427804616,20.9272678475577,19.64573268921095,4.260601180891036,13.942565754159958,0.03354804079441761,0.06038647342995169
183,14.217659688674182,,12.949543746645196,14.284755770263017,20.101986044015028,20.283145464304884,4.240472356414386,13.828502415458937,0.03354804079441761,0.06038647342995169
184,14.217659688674182,,12.949543746645196,14.284755770263017,20.101986044015028,20.283145464304884,4.240472356414386,13.828502415458937,0.03354804079441761,0.06038647342995169
185,14.472624798711756,,12.949543746645196,14.284755770263017,20.101986044015028,20.02818035426731,4.240472356414386,13.828502415458937,0.03354804079441761,0.06038647342995169
186,14.472624798711756,,12.949543746645196,14.284755770263017,20.101986044015028,20.02818035426731,4.240472356414386,13.828502415458937,0.03354804079441761,0.06038647342995169
187,14.707461084272678,,12.855609232420827,14.184111647879764,20.061728395061728,20.02818035426731,4.240472356414386,13.828502415458937,0.03354804079441761,0.06038647342995169
188,14.814814814814815,,12.47987117552335,14.553140096618357,20.04830917874396,20.001341921631777,4.186795491143317,13.821792807300053,0.03354804079441761,0.06038647342995169
189,14.814814814814815,,12.47987117552335,14.553140096618357,20.04830917874396,20.001341921631777,4.186795491143317,13.821792807300053,0.03354804079441761,0.06038647342995169
190,15.009393451422437,,12.47987117552335,14.486044015029522,19.920826623725173,20.001341921631777,4.186795491143317,13.821792807300053,0.03354804079441761,0.06038647342995169
191,15.009393451422437,,12.47987117552335,14.486044015029522,19.920826623725173,20.001341921631777,4.186795491143317,13.821792807300053,0.03354804079441761,0.06038647342995169
192,15.197262479871176,,12.332259796027913,14.472624798711756,19.538378958668815,20.001341921631777,4.186795491143317,14.17740203972088,0.03354804079441761,0.06038647342995169
193,15.197262479871176,,12.332259796027913,14.472624798711756,19.538378958668815,20.001341921631777,4.186795491143317,14.17740203972088,0.03354804079441761,0.06038647342995169
194,15.009393451422437,,11.956521739130435,15.445517981749866,19.00161030595813,19.961084272678477,4.186795491143317,14.345142243692969,0.03354804079441761,0.06038647342995169
195,15.230810520665592,,11.929683306494901,15.291196994095545,18.800322061191626,19.773215244229736,4.186795491143317,14.694041867954912,0.03354804079441761,0.06038647342995169
196,15.230810520665592,,11.849168008588299,15.291196994095545,18.800322061191626,19.92753623188406,4.186795491143317,14.620236178207193,0.03354804079441761,0.06038647342995169
197,14.989264626945786,,11.822329575952764,15.13016639828234,18.733225979602793,19.524959742351047,4.1532474503489,15.552871712292003,0.03354804079441761,0.06038647342995169
198,14.942297369833602,,11.822329575952764,15.13016639828234,18.733225979602793,19.726247987117553,3.9989264626945786,15.552871712292003,0.03354804079441761,0.06038647342995169
199,15.197262479871176,,11.641170155662909,15.13016639828234,18.719806763285025,19.726247987117553,3.938539989264627,15.552871712292003,0.03354804079441761,0.06038647342995169
200,15.056360708534621,,11.634460547504025,15.13016639828234,19.16935050993022,19.726247987117553,3.938539989264627,15.277777777777779,0.0067096081588835215,0.06038647342995169
201,15.183843263553408,,11.634460547504025,15.13016639828234,19.0955448201825,19.726247987117553,3.938539989264627,15.22410091250671,0.0067096081588835215,0.06038647342995169
202,15.183843263553408,,11.621041331186259,14.53972088030059,19.719538378958667,19.706119162640903,3.938539989264627,15.22410091250671,0.0067096081588835215,0.06038647342995169
203,15.539452495974235,,11.77536231884058,14.432367149758454,19.49812130971551,19.524959742351047,3.938539989264627,15.22410091250671,0.0067096081588835215,0.06038647342995169
204,15.72061191626409,,11.735104669887278,14.432367149758454,19.370638754696724,19.524959742351047,3.938539989264627,15.210681696188942,0.0067096081588835215,0.06038647342995169
205,15.673644659151906,,11.627750939345143,14.103596349973161,20.21604938271605,19.384057971014492,3.938539989264627,14.989264626945786,0.0067096081588835215,0.06038647342995169
206,15.579710144927537,,11.956521739130435,13.922436929683306,20.068438003220614,19.85373054213634,3.5628019323671496,14.989264626945786,0.0067096081588835215,0.06038647342995169
207,15.499194847020934,,11.949812130971551,13.902308105206655,19.746376811594203,19.773215244229736,3.435319377348363,15.626677402039721,0.0067096081588835215,0.06038647342995169
208,15.499194847020934,,11.949812130971551,13.902308105206655,19.746376811594203,19.773215244229736,3.435319377348363,15.626677402039721,0.0067096081588835215,0.06038647342995169
209,15.49248523886205,,11.949812130971551,14.318303811057435,19.47799248523886,19.773215244229736,3.435319377348363,15.485775630703166,0.0067096081588835215,0.06038647342995169
210,15.4723564143854,,11.949812130971551,13.88888888888889,19.47799248523886,19.773215244229736,3.435319377348363,15.485775630703166,0.0067096081588835215,0.5099302200751477
211,15.411969940955448,,11.735104669887278,14.251207729468598,19.47799248523886,19.598765432098766,3.435319377348363,15.573000536768653,0.0067096081588835215,0.5099302200751477
212,15.49248523886205,,12.124261943102523,14.190821256038648,19.37734836285561,19.712828770799785,3.361513687600644,15.22410091250671,0.0067096081588835215,0.5099302200751477
213,15.83467525496511,,12.02361782071927,14.190821256038648,19.37734836285561,19.672571121846484,3.3548040794417604,15.029522275899087,0.0067096081588835215,0.5099302200751477
214,15.98899624261943,,11.647879763821793,14.15727321524423,20.034889962426195,19.45786366076221,3.3548040794417604,14.841653247450349,0.0067096081588835215,0.5099302200751477
215,16.183574879227052,,11.647879763821793,14.143853998926463,20.014761137949545,19.41760601180891,3.2340311325818574,14.841653247450349,0.0067096081588835215,0.5099302200751477
216,16.183574879227052,,11.54723564143854,13.895598497047773,20.591787439613526,19.269994632313473,3.2340311325818574,14.761137949543746,0.0067096081588835215,0.5099302200751477
217,16.13660762211487,,11.54723564143854,13.895598497047773,20.591787439613526,19.316961889425656,3.2340311325818574,14.761137949543746,0.0067096081588835215,0.5099302200751477
218,16.13660762211487,,11.54723564143854,13.895598497047773,20.591787439613526,19.316961889425656,3.2340311325818574,14.761137949543746,0.0067096081588835215,0.5099302200751477
219,16.0426731078905,,11.54723564143854,14.036500268384327,21.162104133118625,18.95464304884595,3.2340311325818574,14.61352657004831,0.0067096081588835215,0.4025764895330113
220,15.780998389694043,,11.258722490606548,14.88191089640365,20.86688137412775,18.95464304884595,3.2340311325818574,14.61352657004831,0.0067096081588835215,0.4025764895330113
221,15.780998389694043,,11.258722490606548,14.88191089640365,20.86688137412775,18.95464304884595,3.2340311325818574,14.61352657004831,0.0067096081588835215,0.4025764895330113
222,15.780998389694043,,11.258722490606548,14.88191089640365,20.86688137412775,18.95464304884595,3.2340311325818574,14.61352657004831,0.0067096081588835215,0.4025764895330113
223,15.727321524422974,,11.191626409017713,14.875201288244767,20.779656468062264,18.820450885668276,3.140096618357488,15.056360708534621,0.0067096081588835215,0.4025764895330113
224,15.425389157273216,,11.191626409017713,15.385131508319914,20.155662909286097,18.773483628556093,3.140096618357488,15.08990874932904,0.0067096081588835215,0.8319914117015567
225,15.425389157273216,,11.191626409017713,15.385131508319914,20.155662909286097,18.773483628556093,3.140096618357488,15.08990874932904,0.0067096081588835215,0.8319914117015567
226,15.425389157273216,,11.191626409017713,15.385131508319914,20.155662909286097,18.773483628556093,3.140096618357488,15.08990874932904,0.0067096081588835215,0.8319914117015567
227,15.351583467525497,,11.191626409017713,15.92860976918948,19.685990338164252,18.773483628556093,3.140096618357488,15.08990874932904,0.0067096081588835215,0.8319914117015567
228,15.519323671497585,,11.191626409017713,15.921900161030596,19.672571121846484,18.773483628556093,3.140096618357488,15.03623188405797,0.0067096081588835215,0.7380568974771873
229,15.4723564143854,,11.178207192699947,16.42512077294686,19.249865807836823,18.773483628556093,3.140096618357488,15.01610305958132,0.0067096081588835215,0.7380568974771873
230,16.129898013955984,,10.963499731615673,16.23054213633924,19.16935050993022,18.605743424584006,3.140096618357488,15.01610305958132,0.0067096081588835215,0.7380568974771873
231,16.129898013955984,,10.963499731615673,16.23054213633924,19.16935050993022,18.605743424584006,3.140096618357488,15.01610305958132,0.0067096081588835215,0.7380568974771873
232,16.129898013955984,,10.963499731615673,16.23054213633924,19.16935050993022,18.605743424584006,3.140096618357488,15.01610305958132,0.0067096081588835215,0.7380568974771873
233,16.129898013955984,,10.963499731615673,16.23054213633924,19.16935050993022,18.605743424584006,3.140096618357488,15.01610305958132,0.0067096081588835215,0.7380568974771873
234,16.129898013955984,,10.963499731615673,16.23054213633924,19.16935050993022,18.605743424584006,3.140096618357488,15.01610305958132,0.0067096081588835215,0.7380568974771873
235,16.344605475040257,,10.950080515297907,16.23054213633924,19.545088566827697,18.605743424584006,3.140096618357488,14.439076757917338,0.0067096081588835215,0.7380568974771873
