,40,45,50,51,41,54,52,55,53,49,48
0,1.737788513150832,84.00429414922168,14.257917337627482,,,,,,,,
1,2.26784755770263,75.83199141170155,21.900161030595815,,,,,,,,
2,5.052334943639291,71.05475040257649,23.89291465378422,,,,,,,,
3,2.898550724637681,33.63526570048309,48.7385936661299,14.727589908749328,,,,,,,
4,3.2206119162640903,32.11218464841653,49.93961352657005,13.258185721953838,0.5434782608695652,0.9259259259259259,,,,,
5,2.623456790123457,24.711486849168008,58.20585077831455,11.386205045625335,0.5434782608695652,0.9259259259259259,1.0802469135802468,0.5233494363929146,,,
6,4.0995705850778315,23.275630703166936,57.23295759527644,11.003757380568974,0.7716049382716049,0.9259259259259259,1.0802469135802468,1.6103059581320451,,,
7,4.609500805152979,16.901502952227588,59.18545356951154,13.499731615673644,0.5904455179817498,0.9259259259259259,1.0802469135802468,3.207192699946323,,,
8,5.736714975845411,14.908749329039184,66.12989801395598,9.4873859366613,0.4562533548040794,0.08051529790660225,0.0067096081588835215,3.193773483628556,,,
9,4.62962962962963,6.327160493827161,74.99329039184111,10.091250670960816,0.4562533548040794,0.9259259259259259,,2.576489533011272,,,
10,5.904455179817498,6.327160493827161,72.79253891572732,10.091250670960816,0.4562533548040794,0.9259259259259259,,3.502415458937198,,,
11,6.769994632313473,6.253354804079442,71.53784219001611,9.856414385399892,0.4562533548040794,0.5971551261406334,0.8789586688137413,3.6500268384326353,,,
12,4.978529253891573,5.314009661835748,75.35560923242083,6.776704240472356,1.0534084809447128,0.5971551261406334,0.8789586688137413,5.045625335480408,,,
13,5.347557702630167,5.314009661835748,76.32179280730006,6.226516371443908,1.0534084809447128,,0.46296296296296297,5.273752012882448,,,
14,5.911164787976382,5.314009661835748,72.39667203435319,6.219806763285024,1.4962426194310252,0.8454106280193237,0.46296296296296297,7.353730542136339,,,
15,8.172302737520129,5.0993022007514766,70.21604938271605,5.01207729468599,1.724369296833065,0.8454106280193237,0.46296296296296297,8.467525496511003,,,
16,5.636070853462158,4.8443370907139025,82.03166935050993,1.8853998926462694,0.5099302200751477,0.8454106280193237,,4.247181964573269,,,
17,6.716317767042405,4.51556629092861,80.0523349436393,1.8853998926462694,0.5099302200751477,0.8454106280193237,,5.475040257648954,,,
18,7.588566827697263,4.49543746645196,70.50456253354804,7.4006977992485234,0.5099302200751477,0.7045088566827697,,8.796296296296296,,,
19,8.494363929146537,4.49543746645196,67.40472356414385,5.213365539452496,0.4428341384863124,0.7045088566827697,2.428878153515835,10.815888352120236,,,
20,8.400429414922169,4.49543746645196,60.92324208266237,9.71551261406334,0.4428341384863124,1.328502415458937,2.428878153515835,12.265163714439076,,,
21,8.454106280193237,4.388083735909823,58.85668276972625,9.708803005904455,0.4428341384863124,1.328502415458937,2.428878153515835,14.392109500805153,,,
22,8.68894256575416,4.388083735909823,56.957863660762214,8.541331186258722,0.4428341384863124,2.073268921095008,3.435319377348363,14.741009125067096,0.7313472893183038,,
23,10.681696188942565,4.247181964573269,55.62936124530327,7.206119162640902,0.4428341384863124,2.0397208803005906,4.683306494900698,14.680622651637144,0.38915727321524424,,
24,10.373054213633925,3.851315083199141,54.71685453569511,7.206119162640902,0.4428341384863124,3.4957058507783145,4.582662372517445,14.942297369833602,0.38915727321524424,,
25,11.010466988727858,3.643317230273752,53.69028448738594,7.729468599033816,1.1205045625335481,3.4957058507783145,3.7775093934514223,15.143585614600108,0.38915727321524424,,
26,11.20504562533548,3.643317230273752,52.97906602254428,7.608695652173913,0.9460547504025765,4.025764895330113,3.1065485775630703,15.291196994095545,1.1943102522812667,,
27,11.023886205045626,3.4621578099838968,55.03891572732152,5.434782608695652,0.9460547504025765,4.555823939881911,3.1065485775630703,15.385131508319914,1.0466988727858293,,
28,10.701825013419215,3.3279656468062266,51.80488459473967,5.139559849704777,0.9460547504025765,5.958132045088567,3.012614063338701,18.06226516371444,1.0466988727858293,,
29,11.580783682232958,3.3279656468062266,51.489533011272144,5.065754159957058,0.9460547504025765,5.750134192163178,3.012614063338701,17.780461621041333,1.0466988727858293,,
30,12.842190016103059,2.885131508319914,49.584004294149224,5.475040257648954,0.9460547504025765,5.931293612453032,2.589908749329039,18.95464304884595,0.7917337627482555,,
31,12.942834138486312,2.885131508319914,48.39640365002684,5.199946323134729,0.9460547504025765,5.891035963499732,2.589908749329039,20.356951154052602,0.7917337627482555,,
32,12.587224906065487,2.885131508319914,47.69189479334407,4.998658078368224,0.6776704240472357,7.340311325818572,2.7979066022544283,20.229468599033815,0.7917337627482555,,
33,9.822866344605474,1.1808910359634996,57.6154052603328,5.441492216854535,0.6776704240472357,6.005099302200751,2.757648953301127,15.780998389694043,0.7179280730005367,,
34,10.674986580783683,1.1808910359634996,56.36741814278046,5.3274288781535155,0.6776704240472357,5.8239398819108965,3.3011272141706924,15.92860976918948,0.7179280730005367,,
35,14.392109500805153,0.9460547504025765,52.07326892109501,5.300590445517981,0.6038647342995169,5.8239398819108965,3.3011272141706924,16.948470209339774,0.6105743424584005,,
36,15.660225442834138,0.9460547504025765,49.4699409554482,5.917874396135265,0.5568974771873323,5.810520665593129,3.3011272141706924,17.726784755770264,0.6105743424584005,,
37,9.883252818035427,0.9460547504025765,60.28582930756844,4.7168545356951155,0.5166398282340311,6.850509930220075,2.3617820719269993,13.828502415458937,0.6105743424584005,,
38,8.145464304884594,0.9460547504025765,72.59125067096082,2.0263016639828235,0.33548040794417605,4.17337627482555,1.5432098765432098,10.017444981213098,0.2214170692431562,,
39,9.453837895866881,0.9460547504025765,69.14922168545357,2.0263016639828235,0.33548040794417605,4.05931293612453,1.5432098765432098,12.265163714439076,0.2214170692431562,,
40,8.038110574342458,0.9460547504025765,68.98819108964037,2.8650026838432634,0.322061191626409,3.435319377348363,1.5432098765432098,12.721417069243156,1.1406333870101986,,
41,8.225979602791197,0.9460547504025765,67.29066022544283,2.8650026838432634,0.6038647342995169,3.4151905528717124,1.5432098765432098,13.969404186795492,1.1406333870101986,,
42,9.185453569511541,0.9460547504025765,66.02925389157274,2.6972624798711755,0.6038647342995169,4.03918411164788,1.3217928073000538,14.036500268384327,1.1406333870101986,,
43,8.635265700483092,0.8923778851315083,71.81964573268921,3.2742887815351582,0.5032206119162641,6.213097155126141,0.7783145464304885,7.6623725174449815,0.2214170692431562,,
44,9.668545356951155,0.8454106280193237,69.33038110574343,3.2742887815351582,0.49651100375738055,6.937734836285561,0.7783145464304885,8.447396672034353,0.2214170692431562,,
45,9.96376811594203,0.8454106280193237,66.60628019323671,3.0864197530864197,0.49651100375738055,6.9310252281266775,0.7783145464304885,9.541062801932368,1.751207729468599,,
46,11.044015029522276,0.8454106280193237,60.23215244229737,3.0864197530864197,0.49651100375738055,8.387010198604402,0.6508319914117016,10.93666129898014,4.320987654320987,,
47,11.265432098765432,0.8454106280193237,58.87010198604401,3.0730005367686526,0.49651100375738055,9.057971014492754,0.6508319914117016,10.661567364465915,5.0791733762748255,,
48,11.037305421363392,0.7045088566827697,56.615673644659154,3.0730005367686526,0.49651100375738055,9.722222222222221,0.5300590445517982,12.473161567364466,5.347557702630167,,
49,11.044015029522276,0.6977992485238862,52.14036500268384,3.066290928609769,0.7380568974771873,11.654589371980677,2.0933977455716586,13.499731615673644,5.065754159957058,,
50,11.3191089640365,0.6977992485238862,50.67096081588835,3.052871712292002,0.7380568974771873,12.204777241009126,2.0933977455716586,14.15727321524423,5.065754159957058,,
51,12.714707461084272,0.6977992485238862,48.45679012345679,3.052871712292002,0.6105743424584005,11.976650563607086,1.7713365539452497,14.949006977992486,5.770263016639828,,
52,11.808910359634996,0.6977992485238862,53.797638217928075,2.8650026838432634,0.46296296296296297,10.641438539989265,1.7713365539452497,12.929414922168545,5.025496511003757,,
53,12.070585077831455,0.6977992485238862,51.06682769726248,2.8650026838432634,0.4227053140096618,10.61460010735373,2.6435856146001075,14.707461084272678,4.911433172302737,,
54,12.06387546967257,0.6977992485238862,48.31588835212023,2.690552871712292,0.4227053140096618,10.547504025764896,3.2877079978529253,17.297369833601717,4.676596886741814,,
55,12.238325281803542,0.6977992485238862,46.97396672034353,2.690552871712292,0.4227053140096618,12.02361782071927,3.2877079978529253,16.988727858293075,4.676596886741814,,
56,12.204777241009126,0.6977992485238862,45.90713902308105,3.2206119162640903,0.4227053140096618,12.04374664519592,3.2742887815351582,17.60601180891036,4.622920021470746,,
57,12.627482555018787,0.5300590445517982,41.95517981749866,4.938271604938271,0.4227053140096618,12.587224906065487,3.2742887815351582,19.04186795491143,4.622920021470746,,
58,12.681159420289855,0.5300590445517982,40.84138486312399,4.938271604938271,0.4227053140096618,13.419216317767042,3.2742887815351582,19.16935050993022,4.723564143853999,,
59,13.533279656468062,0.5300590445517982,39.801395598497045,4.938271604938271,0.4227053140096618,13.419216317767042,3.2742887815351582,19.558507783145465,4.522275899087493,,
60,14.700751476113794,0.5300590445517982,38.74127750939345,4.824208266237251,0.38915727321524424,13.238056897477188,3.2742887815351582,19.07541599570585,5.226784755770263,,
61,14.821524422973699,0.5300590445517982,38.238056897477186,4.64975845410628,0.38915727321524424,13.238056897477188,3.589640365002684,19.316961889425656,5.226784755770263,,
62,14.982555018786902,0.5300590445517982,37.124261943102525,4.64975845410628,0.27509393451422437,13.459473966720344,3.0730005367686526,19.840311325818572,6.0654857756307035,,
63,12.130971551261407,0.0067096081588835215,45.390499194847024,2.7844873859366612,0.27509393451422437,9.514224369296834,3.1602254428341383,20.33011272141707,6.407675791733762,,
64,13.70101986044015,0.0067096081588835215,44.87385936661299,2.7844873859366612,0.2683843263553409,9.359903381642512,3.1602254428341383,19.746376811594203,6.099033816425121,,
65,13.352120236178207,0.0067096081588835215,42.74691358024691,2.7844873859366612,0.2683843263553409,10.292538915727322,4.05931293612453,19.73966720343532,6.749865807836822,,
66,13.298443370907139,0.0067096081588835215,42.330917874396135,2.7844873859366612,0.2683843263553409,10.279119699409554,3.864734299516908,20.00805152979066,7.159151905528717,,
67,13.962694578636608,0.0067096081588835215,42.67981749865808,2.757648953301127,0.2683843263553409,11.392914653784219,3.730542136339238,18.813741277509394,6.387546967257112,,
68,14.345142243692969,0.0067096081588835215,41.82098765432099,2.368491680085883,0.2683843263553409,12.050456253354804,4.3545356951154055,18.813741277509394,5.971551261406334,,
69,14.660493827160494,0.0067096081588835215,39.92887815351583,2.368491680085883,0.2683843263553409,11.506977992485238,4.938271604938271,20.585077831454644,5.736714975845411,,
70,13.620504562533547,0.0067096081588835215,37.151100375738054,1.7981749865807837,0.2683843263553409,12.781803542673108,5.4616210413311865,22.31615673644659,6.595544820182502,,
71,14.506172839506172,0.0067096081588835215,36.06414385399893,1.6170155662909287,0.2683843263553409,12.734836285560924,6.052066559312936,22.249060654857757,6.501610305958132,,
72,14.070048309178745,0.0067096081588835215,37.6610305958132,2.5295222758990876,0.10064412238325282,11.54723564143854,5.609232420826624,22.745571658615138,5.730005367686527,,
73,14.640365002683843,0.0067096081588835215,35.49382716049383,3.7909286097691894,0.10064412238325282,11.822329575952764,5.387815351583468,23.13472893183038,5.622651637144391,,
74,16.203703703703702,0.0067096081588835215,33.662104133118625,3.5963499731615673,0.026838432635534086,11.003757380568974,6.038647342995169,20.860171765968868,8.601717659688674,,
75,16.15673644659152,0.0067096081588835215,32.9777241009125,3.4017713365539453,0.026838432635534086,10.950080515297907,7.112184648416532,20.77294685990338,8.59500805152979,,
76,16.586151368760063,0.0067096081588835215,31.655931293612454,3.3816425120772946,0.026838432635534086,10.36634460547504,7.695920558239399,21.712292002147073,8.568169618894256,,
77,17.632850241545892,0.0067096081588835215,31.21309715512614,3.2206119162640903,0.026838432635534086,10.701825013419215,7.5281803542673105,21.423778851315085,8.246108427267847,,
78,18.183038110574344,0.0067096081588835215,29.938271604938272,3.9989264626945786,0.026838432635534086,10.86285560923242,7.380568974771873,21.35668276972625,8.246108427267847,,
79,18.02871712292002,0.0067096081588835215,29.139828234031132,3.8848631239935587,0.026838432635534086,11.245303274288782,7.7361782071927,21.35668276972625,8.57487922705314,,
80,18.189747718733226,0.0067096081588835215,28.589640365002683,3.8848631239935587,0.2616747181964573,11.486849168008588,7.7361782071927,21.26945786366076,8.57487922705314,,
81,20.457595276435857,0.0067096081588835215,27.106816961889425,3.8378958668813743,0.2616747181964573,11.486849168008588,7.702630166398282,20.571658615136876,8.568169618894256,,
82,20.74610842726785,0.0067096081588835215,26.194310252281266,4.03918411164788,0.2616747181964573,11.600912506709609,6.998121309715513,20.148953301127214,10.00402576489533,,
83,20.90042941492217,0.0067096081588835215,25.691089640365004,3.9318303811057436,0.2616747181964573,12.04374664519592,6.937734836285561,19.91411701556629,10.312667740203972,,
84,21.470746108427267,0.0067096081588835215,25.248255501878692,3.743961352657005,0.2616747181964573,11.98336017176597,7.326892109500805,19.981213097155127,9.977187332259795,,
85,21.390230810520666,0.0067096081588835215,25.268384326355342,3.6231884057971016,0.2616747181964573,11.721685453569512,7.326892109500805,20.598497047772412,9.802737520128824,,
86,21.410359634997317,0.0067096081588835215,25.026838432635532,3.569511540526033,0.2616747181964573,11.580783682232958,7.9039184111647875,20.437466451959207,9.802737520128824,,
87,21.423778851315085,0.0067096081588835215,24.932903918411164,3.569511540526033,0.2616747181964573,11.976650563607086,7.763016639828234,20.12211486849168,9.943639291465379,,
88,21.73913043478261,0.0067096081588835215,24.50348899624262,3.7372517444981215,0.2616747181964573,13.09044551798175,7.689210950080516,19.216317767042405,9.75577026301664,,
89,21.443907675791735,0.0067096081588835215,23.93317230273752,3.730542136339238,0.2616747181964573,14.486044015029522,7.689210950080516,18.69296833064949,9.75577026301664,,
90,21.920289855072465,0.0067096081588835215,23.369565217391305,4.549114331723027,0.2616747181964573,14.479334406870638,7.4006977992485234,18.632581857219538,9.380032206119163,,
91,21.55126140633387,0.0067096081588835215,22.29602791196994,4.549114331723027,0.2616747181964573,14.278046162104133,8.655394524959743,19.424315619967793,8.977455716586151,,
92,22.10144927536232,0.0067096081588835215,21.235909822866343,4.549114331723027,0.13419216317767044,15.203972088030058,8.420558239398819,19.685990338164252,8.662104133118627,,
93,22.41009125067096,0.0067096081588835215,21.108427267847556,4.549114331723027,0.13419216317767044,15.485775630703166,8.152173913043478,19.49141170155663,8.662104133118627,,
94,22.20209339774557,0.0067096081588835215,20.860171765968868,5.441492216854535,0.11406333870101985,15.438808373590982,8.55475040257649,19.082125603864736,8.299785292538916,,
95,22.15512614063339,0.0067096081588835215,20.26972624798712,5.441492216854535,0.11406333870101985,16.27750939345142,8.55475040257649,18.907675791733762,8.272946859903382,,
96,23.060923242082662,0.0067096081588835215,19.98792270531401,5.434782608695652,0.11406333870101985,16.09634997316157,8.55475040257649,18.471551261406333,8.272946859903382,,
97,22.799248523886206,0.0067096081588835215,19.464573268921097,6.380837359098229,0.11406333870101985,16.076221148684915,8.494363929146537,18.45813204508857,8.205850778314547,,
98,22.926731078904993,0.0067096081588835215,18.679549114331724,6.380837359098229,0.11406333870101985,16.438539989264626,8.454106280193237,18.310520665593128,8.68894256575416,,
99,22.75228126677402,0.0067096081588835215,18.471551261406333,6.374127750939345,0.11406333870101985,16.935050993022006,8.433977455716587,18.250134192163177,8.662104133118627,,
100,23.731884057971016,0.0067096081588835215,17.98174986580784,6.374127750939345,0.0067096081588835215,16.337895866881375,8.433977455716587,18.605743424584006,8.521202361782072,,
101,23.141438539989263,0.0067096081588835215,17.961621041331185,6.374127750939345,0.0067096081588835215,17.09608158883521,8.433977455716587,18.55877616747182,8.420558239398819,,
102,23.523886205045624,0.0067096081588835215,17.733494363929147,6.099033816425121,0.0067096081588835215,17.337627482555018,8.28636607622115,18.766774020397207,8.239398819108963,,
103,22.873054213633925,0.0067096081588835215,17.042404723564143,8.668813741277509,0.0067096081588835215,17.10950080515298,8.105206655931294,18.57890499194847,7.608695652173913,,
104,23.58427267847558,0.0067096081588835215,16.834406870638755,8.279656468062266,0.0067096081588835215,17.06924315619968,8.091787439613526,18.451422436929683,7.675791733762749,,
105,23.65136876006441,0.0067096081588835215,16.264090177133657,8.259527643585615,0.0067096081588835215,17.062533548040793,8.635265700483092,18.438003220611915,7.675791733762749,,
106,23.49033816425121,,15.49248523886205,8.259527643585615,0.0067096081588835215,16.867954911433173,8.635265700483092,18.88083735909823,8.36688137412775,,
107,23.517176596886742,,15.479066022544284,7.816693505099302,0.0067096081588835215,16.867954911433173,8.360171765968868,18.80703166935051,9.145195920558239,,
108,23.70504562533548,,15.432098765432098,7.561728395061729,0.0067096081588835215,17.337627482555018,8.870101986044014,18.531937734836287,8.55475040257649,,
109,23.309178743961354,,15.33816425120773,7.118894256575416,0.0067096081588835215,17.98174986580784,8.870101986044014,18.149490069779926,8.259527643585615,0.966183574879227,
110,22.665056360708533,,14.418947933440688,7.118894256575416,0.0067096081588835215,19.276704240472355,10.869565217391305,16.337895866881375,8.340042941492216,0.966183574879227,
111,22.81266774020397,,14.143853998926463,6.629092860976919,0.0067096081588835215,19.155931293612454,11.708266237251744,16.297638217928075,8.279656468062266,0.966183574879227,
112,23.64465915190553,,13.94927536231884,6.501610305958132,0.0067096081588835215,19.370638754696724,11.20504562533548,16.0829307568438,8.279656468062266,0.9594739667203436,
113,23.09447128287708,,13.942565754159958,6.957863660762212,0.0067096081588835215,19.840311325818572,11.198336017176597,15.975577026301664,8.024691358024691,0.9594739667203436,
114,22.309447128287708,,14.371980676328503,5.870907139023081,0.0067096081588835215,19.639023081052066,11.761943102522812,15.74074074074074,9.339774557165862,0.9594739667203436,
115,22.611379495437465,,14.11701556629093,5.83064949006978,0.0067096081588835215,18.417874396135264,11.560654857756306,15.861513687600644,10.63472893183038,0.9594739667203436,
116,22.69189479334407,,13.841921631776705,5.615942028985507,0.0067096081588835215,19.806763285024154,11.560654857756306,14.908749329039184,10.607890499194847,0.9594739667203436,
117,23.409822866344605,,13.264895330112722,5.615942028985507,0.0067096081588835215,19.806763285024154,11.560654857756306,14.76784755770263,10.607890499194847,0.9594739667203436,
118,23.1280193236715,,13.211218464841654,5.615942028985507,0.0067096081588835215,20.162372517444982,11.560654857756306,14.278046162104133,11.077563070316694,0.9594739667203436,
119,23.067632850241544,,12.983091787439614,5.615942028985507,0.0067096081588835215,19.97450348899624,11.09098228663446,14.163982823403114,12.13768115942029,0.9594739667203436,
120,23.067632850241544,,12.983091787439614,5.615942028985507,0.0067096081588835215,19.97450348899624,11.09098228663446,14.163982823403114,12.13768115942029,0.9594739667203436,
121,23.49033816425121,,12.983091787439614,5.615942028985507,0.0067096081588835215,19.867149758454108,11.09098228663446,13.70101986044015,12.285292538915728,0.9594739667203436,
122,23.597691894793343,,12.95625335480408,5.615942028985507,0.0067096081588835215,20.108695652173914,10.527375201288244,13.439345142243694,12.788513150831992,0.9594739667203436,
123,24.94632313472893,,12.439613526570048,6.300322061191626,0.0067096081588835215,19.524959742351047,10.017444981213098,13.01663982823403,12.788513150831992,0.9594739667203436,
124,24.731615673644658,,12.392646269457863,6.011808910359635,0.0067096081588835215,19.189479334406872,11.466720343531938,12.801932367149758,12.439613526570048,0.9594739667203436,
125,24.510198604401502,,12.184648416532475,5.703166935050993,0.0067096081588835215,19.484702093397747,12.634192163177671,12.412775093934513,12.104133118625873,0.9594739667203436,
126,24.785292538915726,,11.674718196457327,5.501878690284487,0.0067096081588835215,19.41760601180891,13.895598497047773,12.412775093934513,11.345947396672035,0.9594739667203436,
127,24.63768115942029,,11.674718196457327,5.501878690284487,0.0067096081588835215,19.981213097155127,13.358829844337091,12.151100375738057,11.735104669887278,0.95276435856146,
128,24.785292538915726,,11.674718196457327,5.501878690284487,0.0067096081588835215,19.840311325818572,13.358829844337091,12.144390767579173,11.735104669887278,0.95276435856146,
129,24.97987117552335,,11.621041331186259,5.4616210413311865,0.0067096081588835215,19.806763285024154,13.761406333870102,11.808910359634996,11.600912506709609,0.95276435856146,
130,25.462962962962962,,11.265432098765432,6.132581857219538,0.0067096081588835215,20.055018786902846,13.654052603327965,11.533816425120772,10.93666129898014,0.95276435856146,
131,24.396135265700483,,11.16478797638218,7.058507783145465,0.0067096081588835215,20.8467525496511,13.103864734299517,11.473429951690822,10.997047772410092,0.95276435856146,
132,23.51046698872786,,11.003757380568974,7.058507783145465,0.0067096081588835215,22.36983360171766,13.378958668813741,10.950080515297907,10.768921095008052,0.95276435856146,
133,23.067632850241544,,10.95679012345679,7.058507783145465,0.0067096081588835215,23.047504025764894,13.378958668813741,10.721953837895867,10.809178743961352,0.95276435856146,
134,23.376274825550187,,10.909822866344605,7.058507783145465,0.0067096081588835215,23.349436392914654,13.378958668813741,10.373054213633925,10.59447128287708,0.95276435856146,
135,23.369565217391305,,10.84272678475577,7.058507783145465,0.0067096081588835215,23.698336017176597,13.378958668813741,10.0979602791197,10.59447128287708,0.95276435856146,
136,24.154589371980677,,10.554213633923778,7.058507783145465,0.0067096081588835215,23.51046698872786,13.378958668813741,9.789318303811058,10.59447128287708,0.95276435856146,
137,23.718464841653248,,10.889694041867955,6.857219538378959,0.0067096081588835215,23.98684916800859,13.627214170692431,9.567901234567902,10.393183038110575,0.95276435856146,
138,24.396135265700483,,10.983628556092324,7.118894256575416,0.0067096081588835215,24.349168008588297,13.123993558776167,8.876811594202898,10.19189479334407,0.95276435856146,
139,24.194847020933977,,10.789049919484702,7.118894256575416,0.0067096081588835215,25.02012882447665,13.123993558776167,8.662104133118627,10.131508319914117,0.95276435856146,
140,25.13419216317767,,10.742082662372518,7.118894256575416,0.0067096081588835215,24.84567901234568,13.144122383252817,8.407139023081053,9.648416532474503,0.95276435856146,
141,25.32206119162641,,10.63472893183038,7.112184648416532,0.0067096081588835215,25.120772946859905,13.130703166935051,8.192431561996779,9.5276435856146,0.95276435856146,
142,25.32206119162641,,10.63472893183038,7.112184648416532,0.0067096081588835215,25.120772946859905,13.130703166935051,8.192431561996779,9.5276435856146,0.95276435856146,
143,25.597155126140635,,10.46027911969941,7.112184648416532,0.0067096081588835215,25.11406333870102,13.22463768115942,8.051529790660226,9.480676328502415,0.95276435856146,
144,25.93263553408481,,10.446859903381643,6.964573268921095,0.0067096081588835215,25.05367686527107,13.22463768115942,8.051529790660226,9.366612989801396,0.95276435856146,
145,26.019860440150296,,10.279119699409554,6.964573268921095,0.0067096081588835215,25.38244766505636,13.077026301663983,7.950885668276973,9.366612989801396,0.95276435856146,
146,26.120504562533547,,10.279119699409554,6.964573268921095,0.0067096081588835215,25.315351583467525,13.077026301663983,7.917337627482555,9.366612989801396,0.95276435856146,
147,25.999731615673646,,10.037573805689748,6.964573268921095,0.0067096081588835215,25.865539452495973,13.043478260869565,7.809983896940419,9.31964573268921,0.95276435856146,
148,25.87895866881374,,10.84272678475577,6.515029522275899,0.0067096081588835215,26.50295222758991,12.278582930756844,7.702630166398282,9.31964573268921,0.95276435856146,
149,25.89237788513151,,11.158078368223295,6.515029522275899,0.0067096081588835215,26.281535158346752,12.27187332259796,7.648953301127214,9.272678475577026,0.95276435856146,
150,25.59044551798175,,11.158078368223295,6.515029522275899,0.0067096081588835215,26.603596349973163,12.27187332259796,7.628824476650563,9.272678475577026,0.95276435856146,
151,25.691089640365004,,11.151368760064413,6.515029522275899,0.0067096081588835215,26.603596349973163,12.177938808373591,7.628824476650563,9.272678475577026,0.95276435856146,
152,24.932903918411164,,10.151637144390767,7.877079978529254,0.0067096081588835215,26.603596349973163,12.580515297906603,7.628824476650563,9.265968867418144,0.95276435856146,
153,25.925925925925927,,9.997316156736447,7.877079978529254,0.0067096081588835215,26.08695652173913,12.754965110037574,7.27992485238862,9.118357487922705,0.95276435856146,
154,25.85212023617821,,9.426999463231347,8.68894256575416,0.0067096081588835215,26.549919484702095,12.754965110037574,6.816961889425658,8.950617283950617,0.95276435856146,
155,25.5703166935051,,8.977455716586151,9.16532474503489,0.0067096081588835215,27.03972088030059,12.285292538915728,6.816961889425658,9.185453569511541,0.95276435856146,
156,25.664251207729468,,8.628556092324208,9.145195920558239,0.0067096081588835215,26.596886741814277,12.285292538915728,6.790123456790123,9.930220075147611,0.95276435856146,
157,25.5300590445518,,8.628556092324208,9.145195920558239,0.0067096081588835215,26.89210950080515,12.224906065485776,6.769994632313473,9.849704777241008,0.95276435856146,
158,25.10064412238325,,8.53462157809984,8.742619431025227,0.0067096081588835215,26.878690284487387,11.674718196457327,6.749865807836822,11.3593666129898,0.95276435856146,
159,24.60413311862587,,8.440687063875469,9.366612989801396,0.0067096081588835215,27.093397745571657,11.761943102522812,6.749865807836822,11.077563070316694,0.8990874932903918,
160,25.127482555018787,,7.87037037037037,9.88996242619431,0.0067096081588835215,27.831454643048847,11.252012882447666,6.394256575415996,10.72866344605475,0.8990874932903918,
161,25.483091787439612,,7.87037037037037,9.722222222222221,0.0067096081588835215,27.616747181964573,11.017176596886742,6.380837359098229,11.003757380568974,0.8990874932903918,
162,24.912775093934513,,7.87037037037037,9.71551261406334,0.0067096081588835215,28.65673644659152,11.017176596886742,6.360708534621578,10.560923242082662,0.8990874932903918,
163,25.181159420289855,,7.87037037037037,9.71551261406334,0.0067096081588835215,28.468867418142782,11.017176596886742,6.360708534621578,10.48040794417606,0.8990874932903918,
164,25.315351583467525,,7.87037037037037,9.71551261406334,,28.44873859366613,11.017176596886742,6.360708534621578,10.373054213633925,0.8990874932903918,
165,25.248255501878692,,9.198872785829307,8.695652173913043,,28.81105743424584,10.916532474503489,6.360708534621578,9.86983360171766,0.8990874932903918,
166,25.37573805689748,,8.970746108427267,8.568169618894256,,28.824476650563607,11.580783682232958,5.9514224369296835,9.829575952764358,0.8990874932903918,
167,25.295222758990874,,8.756038647342995,8.293075684380032,,29.220343531937736,11.580783682232958,5.877616747181965,9.567901234567902,1.4090177133655395,
168,25.02012882447665,,8.68894256575416,8.293075684380032,,29.78395061728395,11.419753086419753,5.877616747181965,9.50751476113795,1.4090177133655395,
169,25.845410628019323,,8.635265700483092,8.293075684380032,,29.30756843800322,11.379495437466453,5.877616747181965,9.252549651100376,1.4090177133655395,
170,26.006441223832528,,8.514492753623188,8.246108427267847,,29.428341384863124,11.292270531400966,5.850778314546431,9.252549651100376,1.4090177133655395,
171,26.41572732152442,,8.514492753623188,8.246108427267847,,29.01905528717123,11.292270531400966,5.850778314546431,9.252549651100376,1.4090177133655395,
172,25.764895330112722,,8.07836822329576,8.246108427267847,,29.51556629092861,11.292270531400966,5.8239398819108965,9.86983360171766,1.4090177133655395,
173,25.738056897477186,,8.07836822329576,8.246108427267847,,29.723564143854,11.11111111111111,5.8239398819108965,9.86983360171766,1.4090177133655395,
174,25.32206119162641,,7.87037037037037,8.246108427267847,,29.64975845410628,11.044015029522276,5.998389694041868,10.46027911969941,1.4090177133655395,
175,25.295222758990874,,7.816693505099302,8.977455716586151,,28.918411164787976,10.762211486849168,5.998389694041868,10.82259796027912,1.4090177133655395,
176,25.42270531400966,,7.816693505099302,8.977455716586151,,28.797638217928075,10.762211486849168,5.991680085882985,10.82259796027912,1.4090177133655395,
177,25.36231884057971,,7.816693505099302,8.977455716586151,,29.05931293612453,10.762211486849168,5.790391841116479,10.82259796027912,1.4090177133655395,
178,25.91250670960816,,7.541599570585078,8.977455716586151,,29.280730005367687,10.762211486849168,5.723295759527644,10.393183038110575,1.4090177133655395,
179,25.91250670960816,,7.541599570585078,8.977455716586151,,29.280730005367687,10.762211486849168,5.723295759527644,10.393183038110575,1.4090177133655395,
180,25.91250670960816,,8.219269994632313,8.836553945249598,,29.280730005367687,10.225442834138486,5.723295759527644,10.393183038110575,1.4090177133655395,
181,25.221417069243156,,8.407139023081053,8.628556092324208,,29.01905528717123,10.225442834138486,5.709876543209877,10.976918947933441,1.8115942028985508,
182,25.194578636607623,,8.393719806763285,8.628556092324208,,29.11969940955448,10.225442834138486,5.709876543209877,10.916532474503489,1.8115942028985508,
183,25.194578636607623,,8.393719806763285,8.628556092324208,,29.11969940955448,10.225442834138486,5.709876543209877,10.916532474503489,1.8115942028985508,
184,24.751744498121308,,8.393719806763285,9.098228663446054,,28.61647879763822,10.171765968867419,5.709876543209877,11.446591519055287,1.8115942028985508,
185,24.62426194310252,,8.36688137412775,9.07139023081052,,28.77079978529254,10.171765968867419,5.676328502415459,11.446591519055287,0.9728931830381106,0.8990874932903918
186,24.537037037037038,,8.36688137412775,8.930488459473967,,29.045893719806763,10.406602254428341,5.589103596349974,11.252012882447666,0.9728931830381106,0.8990874932903918
187,24.570585077831456,,8.36688137412775,8.930488459473967,,29.01905528717123,10.406602254428341,5.589103596349974,11.245303274288782,0.9728931830381106,0.8990874932903918
188,24.416264090177133,,8.272946859903382,8.883521202361782,,29.01905528717123,10.836017176596886,5.589103596349974,11.11111111111111,0.9728931830381106,0.8990874932903918
189,24.805421363392377,,8.259527643585615,8.816425120772946,,29.032474503488995,10.836017176596886,5.5756843800322065,11.11111111111111,0.8252818035426731,0.7380568974771873
190,25.328770799785293,,8.682232957595277,7.937466451959206,,29.086151368760063,10.929951690821255,5.501878690284487,10.970209339774557,0.8252818035426731,0.7380568974771873
191,25.563607085346217,,8.682232957595277,7.937466451959206,,28.92512077294686,10.929951690821255,5.481749865807837,10.916532474503489,0.8252818035426731,0.7380568974771873
192,25.925925925925927,,8.682232957595277,7.937466451959206,,28.797638217928075,10.755501878690284,5.481749865807837,10.856146001073537,0.8252818035426731,0.7380568974771873
193,26.234567901234566,,8.896940418679549,7.944176060118089,,28.556092324208265,10.715244229736983,5.481749865807837,10.695115405260333,0.7380568974771873,0.7380568974771873
194,25.87224906065486,,8.849973161567364,7.930756843800322,,28.69699409554482,10.621309715512615,5.428073000536768,11.124530327428879,0.7380568974771873,0.7380568974771873
195,25.670960815888353,,8.849973161567364,7.930756843800322,,29.139828234031132,10.621309715512615,5.287171229200215,11.023886205045626,0.7380568974771873,0.7380568974771873
196,25.664251207729468,,8.809715512614064,8.279656468062266,,29.126409017713364,10.581052066559312,5.038915727321524,11.023886205045626,0.7380568974771873,0.7380568974771873
197,26.039989264626946,,8.796296296296296,8.125335480407944,,28.918411164787976,10.581052066559312,5.038915727321524,11.023886205045626,0.7380568974771873,0.7380568974771873
198,25.664251207729468,,8.796296296296296,8.125335480407944,,28.482286634460547,10.581052066559312,5.038915727321524,11.83574879227053,0.7380568974771873,0.7380568974771873
199,25.677670424047236,,8.796296296296296,8.044820182501342,,29.159957058507782,10.433440687063875,5.005367686527107,11.406333870101985,0.7380568974771873,0.7380568974771873
200,25.85882984433709,,8.78287707997853,8.017981749865807,,29.240472356414386,10.305958132045088,4.924852388620504,11.392914653784219,0.7380568974771873,0.7380568974771873
201,26.053408480944714,,8.78287707997853,8.017981749865807,,29.13311862587225,10.305958132045088,4.924852388620504,11.305689747718732,0.7380568974771873,0.7380568974771873
202,26.241277509393452,,8.78287707997853,7.917337627482555,,29.146537842190018,10.205314009661835,4.924852388620504,11.305689747718732,0.7380568974771873,0.7380568974771873
203,26.34863123993559,,8.78287707997853,7.836822329575953,,28.71712292002147,10.205314009661835,4.924852388620504,11.708266237251744,0.7380568974771873,0.7380568974771873
204,26.570048309178745,,9.232420826623725,7.803274288781535,,29.11969940955448,9.292807300053678,4.924852388620504,11.580783682232958,0.7380568974771873,0.7380568974771873
205,26.939076757917338,,9.232420826623725,8.407139023081053,,28.945249597423512,9.219001610305957,4.924852388620504,10.856146001073537,0.7380568974771873,0.7380568974771873
206,26.939076757917338,,9.232420826623725,8.407139023081053,,28.945249597423512,9.219001610305957,4.924852388620504,10.856146001073537,0.7380568974771873,0.7380568974771873
207,26.8317230273752,,9.232420826623725,8.407139023081053,,29.052603327965645,9.219001610305957,4.924852388620504,10.856146001073537,0.7380568974771873,0.7380568974771873
208,26.50966183574879,,8.407139023081053,9.151905528717123,,29.045893719806763,8.99087493290392,4.924852388620504,10.789049919484702,1.442565754159957,0.7380568974771873
209,26.422436929683307,,8.407139023081053,9.151905528717123,,29.1532474503489,8.99087493290392,4.924852388620504,10.768921095008052,1.442565754159957,0.7380568974771873
210,26.56333870101986,,8.387010198604402,9.084809447128288,,29.13311862587225,8.99087493290392,4.891304347826087,10.768921095008052,1.442565754159957,0.7380568974771873
211,26.7914653784219,,8.387010198604402,9.084809447128288,,28.911701556629094,8.99087493290392,4.891304347826087,10.762211486849168,1.442565754159957,0.7380568974771873
212,26.583467525496513,,8.36688137412775,9.084809447128288,,29.49543746645196,8.984165324745035,4.891304347826087,10.413311862587225,1.442565754159957,0.7380568974771873
213,26.583467525496513,,8.36688137412775,9.084809447128288,,29.49543746645196,8.984165324745035,4.891304347826087,10.413311862587225,1.442565754159957,0.7380568974771873
214,26.583467525496513,,8.36688137412775,9.084809447128288,,29.49543746645196,8.984165324745035,4.891304347826087,10.413311862587225,1.442565754159957,0.7380568974771873
215,26.65727321524423,,8.360171765968868,8.923778851315083,,29.394793344068706,8.709071390230811,4.8443370907139025,10.929951690821255,1.442565754159957,0.7380568974771873
216,26.536500268384327,,8.360171765968868,8.487654320987655,,29.394793344068706,9.460547504025765,4.8443370907139025,10.735373054213634,1.442565754159957,0.7380568974771873
217,26.536500268384327,,8.360171765968868,8.487654320987655,,29.394793344068706,9.460547504025765,4.8443370907139025,10.735373054213634,1.442565754159957,0.7380568974771873
218,26.818303811057433,,8.360171765968868,8.487654320987655,,29.367954911433173,9.25925925925926,4.790660225442834,10.735373054213634,1.442565754159957,0.7380568974771873
219,27.20746108427268,,8.360171765968868,8.487654320987655,,29.367954911433173,9.25925925925926,4.790660225442834,10.735373054213634,1.3888888888888888,0.4025764895330113
220,27.449006977992486,,8.360171765968868,8.487654320987655,,29.56924315619968,9.25925925925926,4.757112184648417,10.326086956521738,1.3888888888888888,0.4025764895330113
221,27.180622651637144,,8.360171765968868,8.487654320987655,,29.837627482555018,9.25925925925926,4.757112184648417,10.326086956521738,1.3888888888888888,0.4025764895330113
222,27.160493827160494,,8.024691358024691,8.487654320987655,,29.367954911433173,9.185453569511541,4.757112184648417,11.225174449812132,1.3888888888888888,0.4025764895330113
223,26.744498121309714,,7.917337627482555,8.487654320987655,,29.361245303274288,9.77589908749329,4.757112184648417,11.16478797638218,1.3888888888888888,0.4025764895330113
224,26.516371443907676,,8.111916264090176,8.252818035426731,,29.978529253891573,9.634997316156737,4.582662372517445,11.131239935587761,1.3888888888888888,0.4025764895330113
225,26.227858293075684,,8.111916264090176,7.917337627482555,,30.320719269994633,9.634997316156737,4.4820182501341925,11.513687600644122,1.3888888888888888,0.4025764895330113
226,26.227858293075684,,8.111916264090176,7.917337627482555,,30.320719269994633,9.634997316156737,4.4820182501341925,11.513687600644122,1.3888888888888888,0.4025764895330113
227,26.120504562533547,,8.756038647342995,7.803274288781535,,30.347557702630166,9.634997316156737,4.4820182501341925,11.513687600644122,1.1741814278046163,0.16774020397208803
228,26.476113794954376,,8.756038647342995,7.803274288781535,,30.314009661835748,9.46725711218465,4.327697262479871,11.513687600644122,1.1741814278046163,0.16774020397208803
229,26.281535158346752,,8.756038647342995,7.568438003220612,,30.059044551798173,9.46725711218465,4.327697262479871,12.198067632850242,1.1741814278046163,0.16774020397208803
230,26.281535158346752,,8.756038647342995,7.568438003220612,,30.059044551798173,9.46725711218465,4.327697262479871,12.198067632850242,1.1741814278046163,0.16774020397208803
231,26.32850241545894,,8.729200214707461,7.568438003220612,,30.05233494363929,9.46725711218465,4.314278046162104,12.198067632850242,1.1741814278046163,0.16774020397208803
232,26.8317230273752,,8.729200214707461,7.568438003220612,,29.938271604938272,9.46725711218465,3.92512077294686,12.198067632850242,1.1741814278046163,0.16774020397208803
233,26.8317230273752,,8.729200214707461,7.568438003220612,,29.938271604938272,9.46725711218465,3.92512077294686,12.198067632850242,1.1741814278046163,0.16774020397208803
234,27.30139559849705,,8.722490606548577,8.3467525496511,,29.777241009125067,8.870101986044014,3.8848631239935587,11.75523349436393,1.1741814278046163,0.16774020397208803
235,27.30139559849705,,8.722490606548577,8.3467525496511,,29.777241009125067,8.870101986044014,3.8848631239935587,11.75523349436393,1.1741814278046163,0.16774020397208803
236,27.294685990338163,,8.340042941492216,9.23913043478261,,29.777241009125067,8.400429414922169,3.8848631239935587,11.721685453569512,1.1741814278046163,0.16774020397208803
