,40,45,50,51,52,54,55,53,41,49,48
0,0.47638217928073,64.91545893719807,34.6081588835212,,,,,,,,
1,,26.308373590982285,69.00161030595814,4.690016103059581,,,,,,,
2,0.10064412238325282,8.279656468062266,84.6081588835212,3.750670960815888,2.999194847020934,0.2616747181964573,,,,,
3,0.06038647342995169,2.509393451422437,87.23161567364465,6.595544820182502,2.771068169618894,0.2616747181964573,0.5703166935050993,,,,
4,0.05367686527106817,2.227589908749329,76.77804616210413,20.014761137949545,0.2683843263553409,0.2616747181964573,0.39586688137412773,,,,
5,0.1610305958132045,0.322061191626409,76.77133655394525,21.497584541062803,0.0067096081588835215,0.2616747181964573,0.9796027911969941,,,,
6,0.05367686527106817,0.2683843263553409,71.11513687600645,20.021470746108427,2.227589908749329,2.0531400966183573,4.260601180891036,,,,
7,0.05367686527106817,0.2683843263553409,80.51529790660226,12.889157273215245,1.0601180891035964,2.0531400966183573,2.757648953301127,0.4025764895330113,,,
8,0.3153515834675255,0.2683843263553409,76.22785829307568,16.029253891572733,1.0601180891035964,1.8585614600107354,1.4761137949543746,2.49597423510467,0.2683843263553409,,
9,0.23483628556092323,0.2683843263553409,83.16559312936124,9.608158883521202,0.3488996242619431,1.596886741814278,2.147074610842727,2.6301663982823404,,,
10,0.013419216317767043,0.2683843263553409,80.70987654320987,10.735373054213634,0.13419216317767044,2.1403650026838434,3.3682232957595275,2.6301663982823404,,,
11,,0.23483628556092323,88.05018786902845,7.588566827697263,0.06709608158883522,1.3083735909822867,2.0397208803005906,0.7112184648416533,,,
12,,0.23483628556092323,91.98201825013419,4.669887278582931,0.3757380568974772,0.9393451422436929,1.0869565217391304,0.7112184648416533,,,
13,0.43612453032742887,0.23483628556092323,85.95679012345678,4.186795491143317,3.307836822329576,2.314814814814815,2.033011272141707,1.5297906602254427,,,
14,0.46967257112184646,0.23483628556092323,87.26516371443908,4.180085882984434,3.0864197530864197,1.9457863660762211,1.288244766505636,1.5297906602254427,,,
15,0.2952227589908749,0.23483628556092323,84.54106280193237,4.180085882984434,5.984970477724101,1.9457863660762211,1.288244766505636,1.5297906602254427,,,
16,0.7447665056360708,0.23483628556092323,83.467525496511,3.9184111647879765,5.401234567901234,1.9189479334406871,1.288244766505636,3.026033279656468,,,
17,0.8789586688137413,0.23483628556092323,77.81803542673107,3.92512077294686,8.313204508856682,1.6438539989264627,3.388352120236178,3.797638217928073,,,
18,0.24154589371980675,0.23483628556092323,73.7385936661299,13.459473966720344,4.012345679012346,1.8853998926462694,4.320987654320987,2.1068169618894257,,,
19,1.2815351583467525,0.23483628556092323,76.00644122383252,9.923510466988727,3.388352120236178,1.8518518518518519,3.9184111647879765,3.3950617283950617,,,
20,1.3888888888888888,,76.53650026838433,11.647879763821793,3.2206119162640903,0.03354804079441761,3.911701556629093,3.260869565217391,,,
21,1.3888888888888888,,74.00026838432636,11.647879763821793,5.756843800322061,0.03354804079441761,3.911701556629093,3.260869565217391,,,
22,0.9057971014492754,,78.79763821792807,12.889157273215245,3.099838969404187,0.03354804079441761,3.6634460547504024,0.6105743424584005,,,
23,0.9057971014492754,,75.99302200751477,12.721417069243156,2.85829307568438,0.03354804079441761,6.1929683306494905,1.2949543746645196,,,
24,0.6105743424584005,,70.0281803542673,12.721417069243156,6.286902844873859,,7.635534084809447,2.717391304347826,,,
25,0.33548040794417605,,62.17122920021471,20.933977455716587,5.300590445517981,3.8915727321524423,3.656736446591519,3.7104133118625873,,,
26,0.630703166935051,,57.23295759527644,21.443907675791735,5.0993022007514766,3.8915727321524423,3.3950617283950617,8.13875469672571,0.16774020397208803,,
27,0.7648953301127214,,55.28046162104133,20.933977455716587,5.0993022007514766,3.7775093934514223,5.649490069779925,8.111916264090176,0.3824476650563607,,
28,0.7648953301127214,,52.61674718196457,22.550993022007514,5.475040257648954,4.508856682769726,5.589103596349974,8.111916264090176,0.3824476650563607,,
29,0.17444981213097155,,57.75630703166935,15.962157809983896,5.844068706387547,6.568706387546968,5.756843800322061,7.555018786902845,0.3824476650563607,,
30,0.30864197530864196,,67.93478260869566,13.231347289318304,4.924852388620504,3.0595813204508855,5.381105743424584,4.904723564143854,0.2549651100375738,,
31,0.30864197530864196,,42.67981749865808,12.93612453032743,7.4006977992485234,4.676596886741814,5.179817498658078,6.353998926462695,0.2549651100375738,20.209339774557165,
32,0.4294149221685454,,39.34514224369297,19.87385936661299,7.0383789586688135,4.616210413311863,3.207192699946323,5.038915727321524,0.41599570585077833,20.034889962426195,
33,0.7447665056360708,,42.371175523349436,16.67337627482555,9.057971014492754,3.629898013955985,3.207192699946323,3.864734299516908,0.41599570585077833,20.034889962426195,
34,0.630703166935051,,49.89264626945786,11.929683306494901,8.3467525496511,3.629898013955985,3.1065485775630703,2.0128824476650564,0.41599570585077833,20.034889962426195,
35,0.6105743424584005,,52.73081052066559,10.601180891035963,9.31964573268921,3.844605475040258,4.528985507246377,1.9659151905528718,0.06709608158883522,16.33118625872249,
36,0.6105743424584005,,52.67042404723564,10.359634997316157,9.31964573268921,3.844605475040258,5.280461621041331,1.9592055823939882,0.06709608158883522,15.888352120236178,
37,0.6105743424584005,,57.05179817498658,7.803274288781535,8.561460010735374,4.62962962962963,5.132850241545894,3.012614063338701,0.06709608158883522,13.130703166935051,
38,0.4495437466451959,,49.953032742887814,9.16532474503489,9.520933977455716,3.938539989264627,4.998658078368224,2.1269457863660763,0.06709608158883522,19.77992485238862,
39,0.5837359098228664,,44.37734836285561,18.552066559312937,7.843531937734836,2.38191089640365,4.106280193236715,2.7241009125067097,0.06709608158883522,15.794417606011809,3.569511540526033
40,0.5837359098228664,,33.93719806763285,15.693773483628556,8.28636607622115,2.6167471819645733,3.260869565217391,1.751207729468599,,30.300590445517983,3.569511540526033
41,0.5837359098228664,,33.1454643048846,19.592055823939884,7.716049382716049,2.6167471819645733,3.260869565217391,1.482823403113258,,28.032742887815353,3.569511540526033
42,0.630703166935051,,38.47289318303811,18.853998926462694,7.333601717659689,2.509393451422437,2.6502952227589907,1.3352120236178207,,25.308641975308642,2.9052603327965647
43,1.2278582930756843,,37.38593666129898,18.9747718733226,6.8035426731078905,2.8113258185721954,3.4621578099838968,1.6639828234031133,,25.523349436392916,2.147074610842727
44,1.5163714439076759,,34.23913043478261,18.08239398819109,5.998389694041868,2.8113258185721954,2.7777777777777777,1.6572732152442298,,32.06521739130435,0.8521202361782072
45,2.3886205045625335,,33.61513687600644,17.840848094471284,8.447396672034353,2.8113258185721954,2.952227589908749,1.4962426194310252,,29.59608158883521,0.8521202361782072
46,2.885131508319914,,31.4747718733226,17.780461621041333,10.319377348362856,2.8113258185721954,2.871712292002147,1.4962426194310252,,29.508856682769725,0.8521202361782072
47,2.885131508319914,,29.95169082125604,17.780461621041333,11.372785829307569,3.2474503488996245,2.6637144390767578,2.428878153515835,,28.817767042404725,0.8521202361782072
48,3.1602254428341383,,29.220343531937736,17.780461621041333,12.627482555018787,3.2474503488996245,2.6637144390767578,2.791196994095545,,27.657004830917874,0.8521202361782072
49,2.818035426731079,,44.16935050993022,14.123725174449811,11.3593666129898,1.3486312399355878,2.589908749329039,3.180354267310789,,19.558507783145465,0.8521202361782072
50,3.0931293612453032,,41.7740203972088,13.66076221148685,12.345679012345679,1.8786902844873858,2.4825550187869028,4.361245303274289,,19.55179817498658,0.8521202361782072
51,2.033011272141707,,31.810252281266774,10.48040794417606,8.259527643585615,2.2074610842726785,1.8988191089640365,3.321256038647343,,39.98926462694579,
52,2.301395598497048,,48.87278582930757,10.48040794417606,8.259527643585615,3.113258185721954,1.8988191089640365,3.321256038647343,,21.752549651100377,
53,2.4557165861513686,,48.76543209876543,10.46027911969941,8.259527643585615,3.113258185721954,1.8988191089640365,3.717122920021471,,21.329844337090712,
54,2.408749329039184,,49.49677938808374,8.964036500268385,8.601717659688674,3.717122920021471,1.8988191089640365,3.9855072463768115,0.1610305958132045,20.7662372517445,
55,2.5831991411701556,,47.175254965110035,8.749329039184111,8.601717659688674,3.717122920021471,1.8988191089640365,3.502415458937198,0.1610305958132045,23.61111111111111,
56,2.918679549114332,,46.484165324745035,8.655394524959743,8.393719806763285,4.133118625872249,1.8988191089640365,3.7640901771336552,0.1610305958132045,20.162372517444982,3.4286097691894795
57,2.7241009125067097,,43.86070853462158,8.61513687600644,8.836553945249598,4.8376274825550185,1.8451422436929683,5.374396135265701,0.322061191626409,20.155662909286097,3.4286097691894795
58,2.5161030595813205,,46.11513687600644,8.917069243156199,7.333601717659689,4.51556629092861,1.8451422436929683,5.132850241545894,0.322061191626409,19.87385936661299,3.4286097691894795
59,2.4490069779924855,,44.31025228126678,8.440687063875469,8.494363929146537,5.0858829844337095,1.8451422436929683,5.891035963499732,0.322061191626409,19.732957595276435,3.4286097691894795
60,1.5767579173376274,,57.01154052603328,5.4616210413311865,10.560923242082662,2.462426194310252,1.3888888888888888,5.629361245303274,0.322061191626409,12.157809983896941,3.4286097691894795
61,1.8384326355340848,,53.153515834675254,5.978260869565218,13.56682769726248,3.455448201825013,1.3888888888888888,5.562265163714439,0.322061191626409,11.305689747718732,3.4286097691894795
62,1.8451422436929683,,51.610305958132045,5.978260869565218,15.24422973698336,3.7238325281803544,1.1137949543746646,5.428073000536768,0.322061191626409,11.305689747718732,3.4286097691894795
63,2.147074610842727,,51.49624261943102,5.978260869565218,14.942297369833602,3.7238325281803544,1.1137949543746646,5.428073000536768,0.322061191626409,11.969940955448202,2.8784219001610305
64,2.046430488459474,,47.71202361782072,5.636070853462158,15.291196994095545,7.118894256575416,1.1137949543746646,5.991680085882985,0.2885131508319914,11.922973698336017,2.8784219001610305
65,1.9793344068706387,,45.309983896940416,6.481481481481482,16.99543746645196,7.776435856146001,1.1137949543746646,6.729736983360172,0.2885131508319914,11.285560923242082,2.0397208803005906
66,2.301395598497048,,45.02818035426731,6.481481481481482,17.21014492753623,7.776435856146001,1.1137949543746646,6.5552871712292005,0.2885131508319914,11.20504562533548,2.0397208803005906
67,2.5161030595813205,,44.7866344605475,8.467525496511003,17.03569511540526,6.1929683306494905,1.1137949543746646,6.5552871712292005,0.2885131508319914,11.003757380568974,2.0397208803005906
68,2.2745571658615136,,42.53220611916264,10.815888352120236,15.411969940955448,6.031937734836285,1.6237251744498122,5.186527106816962,0.2885131508319914,13.801663982823403,2.033011272141707
69,2.6167471819645733,,42.20343531937735,11.480139559849706,15.411969940955448,6.031937734836285,1.6237251744498122,5.173107890499195,0.2885131508319914,13.801663982823403,1.3687600644122384
70,2.6167471819645733,,42.20343531937735,11.480139559849706,15.411969940955448,6.031937734836285,1.6237251744498122,5.173107890499195,0.2885131508319914,13.801663982823403,1.3687600644122384
71,2.952227589908749,,41.89479334406871,11.480139559849706,15.499194847020934,6.031937734836285,1.6170155662909287,5.072463768115942,0.2885131508319914,13.79495437466452,1.3687600644122384
72,3.126677402039721,,40.43880837359098,10.903113258185721,17.357756307031668,6.031937734836285,1.6170155662909287,5.072463768115942,0.2885131508319914,13.79495437466452,1.3687600644122384
73,3.5829307568438002,,38.63392377885131,10.681696188942565,17.257112184648417,7.863660762211487,1.6170155662909287,5.072463768115942,0.2885131508319914,13.633923778851315,1.3687600644122384
74,3.2742887815351582,,35.44685990338164,10.406602254428341,19.867149758454108,8.340042941492216,1.6170155662909287,4.810789049919484,0.2885131508319914,12.989801395598498,2.9589371980676327
75,3.2742887815351582,,34.35319377348363,11.708266237251744,20.169082125603865,9.078099838969404,1.6170155662909287,4.582662372517445,0.2885131508319914,11.969940955448202,2.9589371980676327
76,3.2474503488996245,,35.80246913580247,10.305958132045088,21.484165324745035,8.427267847557703,1.6170155662909287,5.092592592592593,0.2885131508319914,10.775630703166936,2.9589371980676327
77,3.2474503488996245,,35.567632850241544,10.084541062801932,21.484165324745035,8.427267847557703,1.6170155662909287,5.092592592592593,0.2885131508319914,11.876006441223833,2.314814814814815
78,3.5628019323671496,,34.68867418142781,10.25228126677402,22.094739667203434,8.420558239398819,1.6170155662909287,5.119431025228127,0.2885131508319914,11.748523886205046,2.2074610842726785
79,3.683574879227053,,33.23268921095008,11.419753086419753,23.060923242082662,8.561460010735374,1.6170155662909287,5.58239398819109,0.2885131508319914,10.34621578099839,2.2074610842726785
80,3.898282340311326,,32.19940955448202,11.09098228663446,23.416532474503487,10.044283413848632,1.6170155662909287,5.273752012882448,0.2885131508319914,9.96376811594203,2.2074610842726785
81,3.898282340311326,,32.06521739130435,11.037305421363392,23.416532474503487,10.909822866344605,1.415727321524423,5.273752012882448,0.2885131508319914,9.494095544820183,2.200751476113795
82,3.730542136339238,,31.93102522812668,11.54723564143854,23.416532474503487,10.909822866344605,1.415727321524423,5.267042404723564,0.2885131508319914,9.353193773483628,2.1403650026838434
83,4.126409017713366,,30.56897477187332,13.969404186795492,21.980676328502415,10.889694041867955,2.01959205582394,4.663177670424047,0.2885131508319914,9.353193773483628,2.1403650026838434
84,3.978797638217928,,30.17981749865808,13.962694578636608,23.845947396672035,10.889694041867955,2.01959205582394,4.5893719806763285,0.2885131508319914,8.105206655931294,2.1403650026838434
85,4.274020397208803,,30.04562533548041,15.33816425120773,22.403381642512077,10.889694041867955,2.0128824476650564,4.502147074610843,0.2885131508319914,8.105206655931294,2.1403650026838434
86,3.864734299516908,,27.871712292002147,17.612721417069242,22.82608695652174,10.245571658615138,2.6301663982823404,4.414922168545357,0.2885131508319914,8.105206655931294,2.1403650026838434
87,3.864734299516908,,27.871712292002147,16.921631776704242,22.309447128287708,10.245571658615138,2.6301663982823404,5.622651637144391,0.2885131508319914,8.105206655931294,2.1403650026838434
88,3.7238325281803544,,35.80246913580247,13.734567901234568,19.49141170155663,9.728931830381105,2.576489533011272,4.690016103059581,0.2885131508319914,7.823403113258186,2.1403650026838434
89,4.0995705850778315,,34.957058507783145,13.7211486849168,19.484702093397747,9.594739667203436,3.361513687600644,4.690016103059581,0.1274825550187869,7.823403113258186,2.1403650026838434
90,4.300858829844337,,32.58185721953838,12.694578636607622,22.67176596886742,9.205582393988191,3.717122920021471,5.407944176060118,0.1274825550187869,7.152442297369833,2.1403650026838434
91,4.528985507246377,,31.488191089640367,12.694578636607622,23.537305421363392,9.205582393988191,3.717122920021471,5.407944176060118,0.1274825550187869,7.152442297369833,2.1403650026838434
92,4.240472356414386,,26.596886741814277,10.292538915727322,20.33011272141707,9.064680622651638,3.717122920021471,4.575952764358561,0.1274825550187869,19.223027375201287,1.8317230273752012
93,4.414922168545357,,26.596886741814277,10.11808910359635,20.33011272141707,9.064680622651638,3.717122920021471,4.575952764358561,0.1274825550187869,19.223027375201287,1.8317230273752012
94,4.414922168545357,,26.596886741814277,10.11808910359635,20.33011272141707,9.064680622651638,3.717122920021471,4.575952764358561,0.1274825550187869,19.223027375201287,1.8317230273752012
95,4.414922168545357,,25.650831991411703,10.11808910359635,19.91411701556629,10.037573805689748,3.717122920021471,4.9651100375738055,0.1274825550187869,19.223027375201287,1.8317230273752012
96,4.676596886741814,,24.537037037037038,9.802737520128824,19.64573268921095,11.225174449812132,3.9184111647879765,4.797369833601718,0.020128824476650563,19.545088566827697,1.8317230273752012
97,4.441760601180891,,24.214975845410628,9.802737520128824,19.47799248523886,11.949812130971551,3.9184111647879765,4.797369833601718,0.020128824476650563,19.545088566827697,1.8317230273752012
98,4.750402576489533,,24.14787976382179,9.802737520128824,18.9747718733226,11.735104669887278,3.9184111647879765,5.3274288781535155,0.020128824476650563,19.49141170155663,1.8317230273752012
99,4.884594739667204,,24.053945249597422,9.782608695652174,18.9747718733226,12.177938808373591,3.7775093934514223,5.139559849704777,0.020128824476650563,19.35721953837896,1.8317230273752012
100,5.4616210413311865,,23.765432098765434,9.782608695652174,18.9747718733226,12.177938808373591,3.7775093934514223,5.139559849704777,0.020128824476650563,19.068706387546968,1.8317230273752012
101,6.300322061191626,,23.67149758454106,9.25925925925926,18.760064412238325,12.157809983896941,3.670155662909286,5.0858829844337095,0.020128824476650563,19.316961889425656,1.7579173376274826
102,6.508319914117015,,22.745571658615138,9.25925925925926,19.585346215780998,12.070585077831455,3.670155662909286,5.072463768115942,0.020128824476650563,19.310252281266774,1.7579173376274826
103,6.662640901771336,,23.101180891035963,8.76274825550188,19.444444444444443,11.681427804616211,3.670155662909286,5.589103596349974,0.020128824476650563,19.310252281266774,1.7579173376274826
104,6.662640901771336,,23.101180891035963,8.76274825550188,19.444444444444443,12.117552334943639,3.670155662909286,5.589103596349974,0.020128824476650563,18.874127750939344,1.7579173376274826
105,6.8035426731078905,,22.148416532474503,11.218464841653248,19.41760601180891,11.98336017176597,3.6500268384326353,6.099033816425121,0.020128824476650563,16.901502952227588,1.7579173376274826
106,6.8035426731078905,,22.034353193773484,11.996779388083736,19.41760601180891,11.81561996779388,3.6231884057971016,6.099033816425121,0.020128824476650563,16.901502952227588,1.288244766505636
107,6.8035426731078905,,21.89345142243693,11.996779388083736,19.41760601180891,11.956521739130435,3.6231884057971016,6.099033816425121,0.020128824476650563,16.901502952227588,1.288244766505636
108,6.8035426731078905,,21.89345142243693,11.996779388083736,19.41760601180891,11.956521739130435,3.6231884057971016,6.099033816425121,0.020128824476650563,16.901502952227588,1.288244766505636
109,7.0383789586688135,,21.329844337090712,11.097691894793345,22.014224369296834,11.949812130971551,2.9052603327965647,6.099033816425121,0.020128824476650563,16.25738056897477,1.288244766505636
110,6.9310252281266775,,21.128556092324207,10.970209339774557,22.014224369296834,11.949812130971551,2.9052603327965647,6.092324208266238,0.020128824476650563,16.19699409554482,1.7914653784219001
111,6.877348362855609,,20.947396672034355,11.084272678475577,21.504294149221685,11.574074074074074,3.569511540526033,6.4345142243692965,0.020128824476650563,16.19699409554482,1.7914653784219001
112,7.568438003220612,,20.665593129361245,11.084272678475577,21.390230810520666,11.466720343531938,3.44873859366613,6.367418142780462,0.020128824476650563,16.19699409554482,1.7914653784219001
113,7.219538378958669,,19.558507783145465,13.083735909822867,20.249597423510465,11.788781535158346,3.44873859366613,6.937734836285561,0.020128824476650563,16.19699409554482,1.4962426194310252
114,6.951154052603328,,19.35721953837896,13.083735909822867,20.209339774557165,11.701556629092861,3.44873859366613,6.6760601180891035,0.020128824476650563,17.05582393988191,1.4962426194310252
115,7.112184648416532,,19.269994632313473,13.083735909822867,20.162372517444982,11.748523886205046,3.44873859366613,6.6760601180891035,0.020128824476650563,16.982018250134193,1.4962426194310252
116,7.367149758454106,,19.269994632313473,12.95625335480408,20.860171765968868,12.432903918411165,2.932098765432099,6.508319914117015,0.020128824476650563,16.15673644659152,1.4962426194310252
117,7.367149758454106,,18.612453032742888,12.95625335480408,20.242887815351583,13.077026301663983,2.932098765432099,7.139023081052066,0.020128824476650563,16.15673644659152,1.4962426194310252
118,7.367149758454106,,18.612453032742888,12.95625335480408,20.242887815351583,13.077026301663983,2.932098765432099,7.139023081052066,0.020128824476650563,16.15673644659152,1.4962426194310252
119,7.769726247987117,,18.4849704777241,12.95625335480408,20.155662909286097,13.077026301663983,2.932098765432099,7.139023081052066,0.020128824476650563,15.96886741814278,1.4962426194310252
120,7.702630166398282,,18.337359098228664,12.95625335480408,20.155662909286097,13.345410628019323,2.932098765432099,7.139023081052066,0.020128824476650563,15.915190552871712,1.4962426194310252
121,7.568438003220612,,17.85426731078905,12.95625335480408,19.464573268921097,13.788244766505636,2.932098765432099,8.017981749865807,0.020128824476650563,15.901771336553946,1.4962426194310252
122,7.48792270531401,,20.39049919484702,12.95625335480408,18.16290928609769,13.580246913580247,2.932098765432099,6.91760601180891,0.020128824476650563,13.47289318303811,4.079441760601181
123,7.628824476650563,,20.39049919484702,12.95625335480408,18.129361245303276,13.580246913580247,2.932098765432099,6.810252281266774,0.020128824476650563,13.47289318303811,4.079441760601181
124,7.521470746108427,,20.189210950080515,12.93612453032743,18.773483628556093,13.580246913580247,2.932098765432099,6.743156199677939,0.020128824476650563,13.305152979066023,3.9989264626945786
125,7.521470746108427,,20.189210950080515,12.93612453032743,18.773483628556093,13.580246913580247,2.932098765432099,6.743156199677939,0.020128824476650563,13.305152979066023,3.9989264626945786
126,7.37385936661299,,19.51825013419216,14.130434782608695,18.471551261406333,13.513150831991412,2.932098765432099,6.884057971014493,0.020128824476650563,13.157541599570585,3.9989264626945786
127,7.803274288781535,,19.384057971014492,14.130434782608695,18.45813204508857,13.513150831991412,2.932098765432099,6.602254428341385,0.020128824476650563,13.157541599570585,3.9989264626945786
128,7.803274288781535,,19.384057971014492,14.130434782608695,18.45813204508857,13.513150831991412,2.932098765432099,6.602254428341385,0.020128824476650563,13.157541599570585,3.9989264626945786
129,7.803274288781535,,19.216317767042405,14.049919484702093,18.766774020397207,13.45276435856146,2.932098765432099,6.602254428341385,0.020128824476650563,13.157541599570585,3.9989264626945786
130,7.769726247987117,,18.793612453032743,14.04320987654321,19.605475040257648,13.45276435856146,2.932098765432099,6.535158346752549,0.020128824476650563,12.848899624261943,3.9989264626945786
131,7.991143317230274,,18.793612453032743,14.04320987654321,19.605475040257648,12.681159420289855,3.4822866344605474,6.535158346752549,0.020128824476650563,12.848899624261943,3.9989264626945786
132,8.387010198604402,,18.377616747181964,14.65378421900161,20.377079978529252,12.030327428878154,3.4822866344605474,6.535158346752549,0.020128824476650563,12.238325281803542,3.898282340311326
133,8.621846484165324,,18.867418142780462,14.002952227589908,20.377079978529252,12.030327428878154,3.4822866344605474,6.535158346752549,0.020128824476650563,12.164519592055823,3.898282340311326
134,8.930488459473967,,18.646001073537306,14.002952227589908,20.377079978529252,11.98336017176597,3.4822866344605474,6.535158346752549,0.020128824476650563,12.124261943102523,3.898282340311326
135,8.930488459473967,,18.646001073537306,14.002952227589908,20.377079978529252,11.98336017176597,3.4822866344605474,6.535158346752549,0.020128824476650563,12.124261943102523,3.898282340311326
136,8.930488459473967,,18.337359098228664,13.94927536231884,20.377079978529252,11.98336017176597,3.4822866344605474,6.535158346752549,0.020128824476650563,12.486580783682234,3.898282340311326
137,9.078099838969404,,17.975040257648953,13.94927536231884,21.591519055287172,11.902844873859367,3.4688674181427803,5.629361245303274,0.020128824476650563,12.486580783682234,3.898282340311326
138,9.078099838969404,,17.975040257648953,13.94927536231884,21.591519055287172,11.902844873859367,3.4688674181427803,5.629361245303274,0.020128824476650563,12.486580783682234,3.898282340311326
139,8.695652173913043,,20.873590982286636,12.238325281803542,21.71900161030596,11.3593666129898,3.4688674181427803,5.24020397208803,0.020128824476650563,12.486580783682234,3.898282340311326
140,8.695652173913043,,20.840042941492218,12.238325281803542,21.423778851315085,11.688137412775093,3.4688674181427803,5.24020397208803,0.020128824476650563,12.486580783682234,3.898282340311326
141,8.68894256575416,,20.477724100912507,12.238325281803542,21.40365002683843,11.688137412775093,3.8580246913580245,5.24020397208803,0.020128824476650563,12.486580783682234,3.898282340311326
142,8.641975308641975,,20.477724100912507,13.18438003220612,21.26945786366076,11.688137412775093,3.851315083199141,5.092592592592593,0.020128824476650563,11.889425657541599,3.8848631239935587
143,8.641975308641975,,19.96779388083736,13.18438003220612,20.860171765968868,12.144390767579173,3.851315083199141,5.555555555555555,0.020128824476650563,11.889425657541599,3.8848631239935587
144,8.870101986044014,,19.73966720343532,13.18438003220612,20.860171765968868,12.144390767579173,3.851315083199141,5.555555555555555,0.020128824476650563,11.889425657541599,3.8848631239935587
145,8.3064949006978,,18.50509930220075,11.647879763821793,19.444444444444443,12.117552334943639,3.851315083199141,5.508588298443371,0.020128824476650563,16.740472356414386,3.8580246913580245
146,8.299785292538916,,18.129361245303276,11.708266237251744,19.129092860976918,13.231347289318304,3.851315083199141,5.508588298443371,0.020128824476650563,16.264090177133657,3.8580246913580245
147,8.299785292538916,,18.095813204508858,11.674718196457327,19.129092860976918,13.325281803542673,3.851315083199141,5.481749865807837,0.020128824476650563,16.264090177133657,3.8580246913580245
148,8.641975308641975,,18.095813204508858,11.627750939345143,19.129092860976918,13.325281803542673,3.851315083199141,5.481749865807837,0.020128824476650563,16.99543746645196,2.831454643048846
149,8.588298443370908,,19.296833064949006,11.18491680085883,19.028448738593667,13.325281803542673,3.851315083199141,4.87788513150832,0.020128824476650563,16.99543746645196,2.831454643048846
150,8.84326355340848,,19.249865807836823,11.084272678475577,19.028448738593667,13.325281803542673,3.851315083199141,4.851046698872786,0.020128824476650563,16.914922168545356,2.831454643048846
151,8.467525496511003,,18.894256575415994,11.084272678475577,19.028448738593667,14.298174986580785,3.7104133118625873,4.750402576489533,0.020128824476650563,16.914922168545356,2.831454643048846
152,8.467525496511003,,18.894256575415994,11.084272678475577,19.028448738593667,14.298174986580785,3.7104133118625873,4.750402576489533,0.020128824476650563,16.914922168545356,2.831454643048846
153,8.467525496511003,,18.894256575415994,11.084272678475577,19.028448738593667,14.298174986580785,3.7104133118625873,4.750402576489533,0.020128824476650563,16.914922168545356,2.831454643048846
154,8.467525496511003,,18.894256575415994,11.084272678475577,19.028448738593667,14.298174986580785,3.7104133118625873,4.750402576489533,0.020128824476650563,16.914922168545356,2.831454643048846
155,8.279656468062266,,22.289318303811058,10.050993022007514,18.263553408480945,13.372249060654857,3.7104133118625873,4.750402576489533,0.020128824476650563,16.431830381105744,2.831454643048846
156,8.279656468062266,,22.289318303811058,10.050993022007514,18.263553408480945,13.372249060654857,3.7104133118625873,4.750402576489533,0.020128824476650563,16.431830381105744,2.831454643048846
157,8.279656468062266,,22.25577026301664,10.050993022007514,18.263553408480945,13.352120236178207,3.864734299516908,4.64975845410628,0.020128824476650563,16.431830381105744,2.831454643048846
158,8.279656468062266,,22.25577026301664,10.050993022007514,18.263553408480945,13.352120236178207,3.864734299516908,4.64975845410628,0.020128824476650563,16.431830381105744,2.831454643048846
159,8.454106280193237,,22.08132045088567,10.050993022007514,18.263553408480945,13.352120236178207,3.864734299516908,4.64975845410628,0.020128824476650563,16.431830381105744,2.831454643048846
160,8.454106280193237,,22.08132045088567,10.050993022007514,18.263553408480945,13.352120236178207,3.864734299516908,4.64975845410628,0.020128824476650563,16.431830381105744,2.831454643048846
161,8.454106280193237,,22.08132045088567,10.050993022007514,18.263553408480945,13.352120236178207,3.864734299516908,4.64975845410628,0.020128824476650563,16.431830381105744,2.831454643048846
162,8.407139023081053,,22.08132045088567,10.352925389157273,18.263553408480945,13.291733762748256,3.864734299516908,4.616210413311863,0.020128824476650563,16.27079978529254,2.831454643048846
163,8.205850778314547,,21.598228663446054,10.131508319914117,18.71309715512614,13.291733762748256,3.864734299516908,5.072463768115942,0.020128824476650563,16.27079978529254,2.831454643048846
164,8.172302737520129,,21.598228663446054,9.520933977455716,18.699677938808374,13.238056897477188,3.864734299516908,5.971551261406334,0.020128824476650563,16.0829307568438,2.831454643048846
165,8.172302737520129,,21.598228663446054,9.520933977455716,18.699677938808374,13.238056897477188,3.864734299516908,5.971551261406334,0.020128824476650563,16.0829307568438,2.831454643048846
166,8.487654320987655,,21.591519055287172,9.460547504025765,18.699677938808374,12.989801395598498,3.864734299516908,5.971551261406334,0.020128824476650563,16.0829307568438,2.831454643048846
167,8.487654320987655,,21.591519055287172,9.460547504025765,18.699677938808374,12.989801395598498,3.864734299516908,5.971551261406334,0.020128824476650563,16.0829307568438,2.831454643048846
168,8.487654320987655,,21.591519055287172,9.460547504025765,18.699677938808374,12.989801395598498,3.864734299516908,5.971551261406334,0.020128824476650563,16.0829307568438,2.831454643048846
169,8.487654320987655,,21.591519055287172,9.460547504025765,18.699677938808374,12.989801395598498,3.864734299516908,5.971551261406334,0.020128824476650563,16.0829307568438,2.831454643048846
170,7.96430488459474,,24.932903918411164,9.420289855072463,17.28395061728395,12.929414922168545,3.864734299516908,4.790660225442834,0.020128824476650563,15.962157809983896,2.831454643048846
171,8.239398819108963,,24.724906065485776,9.420289855072463,18.733225979602793,11.943102522812667,3.7573805689747717,4.549114331723027,0.0067096081588835215,15.794417606011809,2.831454643048846
172,8.541331186258722,,24.530327428878152,9.420289855072463,18.625872249060656,11.943102522812667,3.7573805689747717,4.549114331723027,0.0067096081588835215,15.794417606011809,2.831454643048846
173,8.581588835212024,,24.188137412775095,9.23913043478261,18.9345142243693,12.385936661298981,3.589640365002684,4.542404723564144,0.0067096081588835215,15.70048309178744,2.831454643048846
174,8.36688137412775,,24.00697799248524,9.23913043478261,18.9345142243693,12.325550187869029,4.045893719806763,4.542404723564144,0.0067096081588835215,15.70048309178744,2.831454643048846
175,8.36688137412775,,24.00697799248524,9.23913043478261,18.9345142243693,12.325550187869029,4.045893719806763,4.542404723564144,0.0067096081588835215,15.70048309178744,2.831454643048846
176,8.360171765968868,,23.68491680085883,8.870101986044014,19.652442297369834,12.325550187869029,4.045893719806763,4.522275899087493,0.0067096081588835215,15.70048309178744,2.831454643048846
177,8.360171765968868,,23.68491680085883,8.870101986044014,19.652442297369834,12.325550187869029,4.045893719806763,4.522275899087493,0.0067096081588835215,15.70048309178744,2.831454643048846
178,8.360171765968868,,23.68491680085883,8.870101986044014,19.652442297369834,12.325550187869029,4.045893719806763,4.522275899087493,0.0067096081588835215,15.70048309178744,2.831454643048846
179,8.561460010735374,,23.67149758454106,8.870101986044014,19.49812130971551,12.325550187869029,4.045893719806763,4.522275899087493,0.0067096081588835215,15.666935050993022,2.831454643048846
180,8.561460010735374,,23.67149758454106,8.870101986044014,19.49812130971551,12.325550187869029,4.045893719806763,4.522275899087493,0.0067096081588835215,15.666935050993022,2.831454643048846
181,8.561460010735374,,23.67149758454106,8.870101986044014,19.49812130971551,12.325550187869029,4.045893719806763,4.522275899087493,0.0067096081588835215,15.666935050993022,2.831454643048846
182,8.561460010735374,,23.67149758454106,8.870101986044014,19.49812130971551,12.325550187869029,4.045893719806763,4.522275899087493,0.0067096081588835215,15.666935050993022,2.831454643048846
183,8.561460010735374,,24.54374664519592,8.863392377885132,18.988191089640367,12.157809983896941,4.045893719806763,4.488727858293076,0.0067096081588835215,15.666935050993022,2.677133655394525
184,8.561460010735374,,24.22168545356951,8.84326355340848,19.35721953837896,12.157809983896941,4.045893719806763,4.461889425657541,0.0067096081588835215,15.666935050993022,2.677133655394525
185,8.561460010735374,,24.22168545356951,8.84326355340848,19.35721953837896,12.157809983896941,4.045893719806763,4.461889425657541,0.0067096081588835215,15.666935050993022,2.677133655394525
186,8.246108427267847,,25.013419216317768,8.84326355340848,19.35721953837896,12.157809983896941,4.045893719806763,4.461889425657541,0.0067096081588835215,15.526033279656469,2.341653247450349
187,8.246108427267847,,25.013419216317768,8.84326355340848,19.35721953837896,12.157809983896941,4.045893719806763,4.461889425657541,0.0067096081588835215,15.526033279656469,2.341653247450349
188,8.246108427267847,,25.013419216317768,8.84326355340848,19.35721953837896,12.157809983896941,4.045893719806763,4.461889425657541,0.0067096081588835215,15.526033279656469,2.341653247450349
189,8.05823939881911,,23.537305421363392,11.553945249597424,18.659420289855074,12.130971551261407,4.045893719806763,4.139828234031133,0.0067096081588835215,15.526033279656469,2.341653247450349
190,8.373590982286634,,23.537305421363392,11.553945249597424,18.659420289855074,11.81561996779388,4.045893719806763,4.139828234031133,0.0067096081588835215,15.526033279656469,2.341653247450349
191,8.373590982286634,,23.537305421363392,11.553945249597424,18.659420289855074,11.81561996779388,4.045893719806763,4.139828234031133,0.0067096081588835215,15.526033279656469,2.341653247450349
192,8.675523349436393,,23.235373054213635,11.553945249597424,18.659420289855074,11.81561996779388,4.045893719806763,4.139828234031133,0.0067096081588835215,15.526033279656469,2.341653247450349
193,8.715780998389693,,23.21524422973698,11.553945249597424,18.659420289855074,11.81561996779388,4.025764895330113,4.139828234031133,0.0067096081588835215,15.526033279656469,2.341653247450349
194,8.715780998389693,,23.2085346215781,11.238593666129898,19.11567364465915,11.81561996779388,4.025764895330113,4.019055287171229,0.0067096081588835215,15.5126140633387,2.341653247450349
195,8.715780998389693,,23.2085346215781,11.238593666129898,19.11567364465915,11.81561996779388,4.025764895330113,4.019055287171229,0.0067096081588835215,15.5126140633387,2.341653247450349
196,8.715780998389693,,23.2085346215781,11.238593666129898,19.11567364465915,11.81561996779388,4.025764895330113,4.019055287171229,0.0067096081588835215,15.5126140633387,2.341653247450349
197,8.715780998389693,,23.2085346215781,11.238593666129898,19.11567364465915,11.81561996779388,4.025764895330113,4.019055287171229,0.0067096081588835215,15.5126140633387,2.341653247450349
198,8.413848631239935,,22.25577026301664,11.238593666129898,20.088566827697264,11.81561996779388,4.025764895330113,4.361245303274289,0.0067096081588835215,15.45222758990875,2.341653247450349
199,8.152173913043478,,22.25577026301664,11.238593666129898,20.77294685990338,11.81561996779388,4.025764895330113,4.361245303274289,0.0067096081588835215,15.03623188405797,2.3349436392914655
200,8.152173913043478,,22.25577026301664,11.238593666129898,20.77294685990338,11.81561996779388,4.025764895330113,4.361245303274289,0.0067096081588835215,15.03623188405797,2.3349436392914655
201,8.152173913043478,,22.25577026301664,11.238593666129898,20.77294685990338,11.81561996779388,4.025764895330113,4.361245303274289,0.0067096081588835215,15.03623188405797,2.3349436392914655
202,8.152173913043478,,22.25577026301664,11.238593666129898,20.77294685990338,11.81561996779388,4.025764895330113,4.361245303274289,0.0067096081588835215,15.03623188405797,2.3349436392914655
203,8.152173913043478,,22.25577026301664,11.238593666129898,20.77294685990338,11.81561996779388,4.025764895330113,4.361245303274289,0.0067096081588835215,15.03623188405797,2.3349436392914655
204,8.152173913043478,,22.61808910359635,11.20504562533548,20.571658615136876,11.81561996779388,4.025764895330113,4.361245303274289,0.0067096081588835215,14.908749329039184,2.3349436392914655
205,8.393719806763285,,22.61808910359635,11.20504562533548,20.336822329575952,11.81561996779388,4.025764895330113,4.3545356951154055,0.0067096081588835215,14.908749329039184,2.3349436392914655
206,8.393719806763285,,22.61808910359635,11.735104669887278,20.336822329575952,11.81561996779388,4.025764895330113,4.206924315619967,0.0067096081588835215,14.526301663982823,2.3349436392914655
207,8.393719806763285,,22.61808910359635,11.735104669887278,20.336822329575952,11.81561996779388,4.025764895330113,4.206924315619967,0.0067096081588835215,14.526301663982823,2.3349436392914655
208,8.185721953837897,,22.611379495437465,11.735104669887278,20.061728395061728,12.305421363392378,4.025764895330113,4.206924315619967,0.0067096081588835215,14.526301663982823,2.3349436392914655
209,8.185721953837897,,22.611379495437465,11.735104669887278,20.061728395061728,12.305421363392378,4.025764895330113,4.206924315619967,0.0067096081588835215,14.526301663982823,2.3349436392914655
210,8.299785292538916,,22.537573805689746,11.735104669887278,19.840311325818572,12.70799785292539,3.8043478260869565,4.206924315619967,0.0067096081588835215,14.526301663982823,2.3349436392914655
211,8.279656468062266,,22.282608695652176,11.735104669887278,19.57192699946323,12.694578636607622,3.8043478260869565,4.7638217928073,0.0067096081588835215,14.526301663982823,2.3349436392914655
212,8.272946859903382,,22.23564143853999,12.157809983896941,19.310252281266774,12.694578636607622,3.8043478260869565,4.703435319377348,0.0067096081588835215,14.479334406870638,2.3349436392914655
213,8.36688137412775,,22.22222222222222,12.157809983896941,19.310252281266774,12.694578636607622,3.8043478260869565,4.703435319377348,0.0067096081588835215,14.398819108964037,2.3349436392914655
214,8.36688137412775,,22.22222222222222,11.406333870101985,19.51825013419216,12.694578636607622,3.8043478260869565,4.703435319377348,0.0067096081588835215,14.942297369833602,2.3349436392914655
215,8.36688137412775,,22.22222222222222,11.406333870101985,19.51825013419216,12.694578636607622,3.8043478260869565,4.703435319377348,0.0067096081588835215,14.942297369833602,2.3349436392914655
216,8.494363929146537,,22.16183574879227,11.352657004830919,19.51825013419216,12.694578636607622,3.7909286097691894,4.703435319377348,0.0067096081588835215,14.942297369833602,2.3349436392914655
217,8.494363929146537,,21.947128287707997,11.345947396672035,19.51825013419216,12.694578636607622,3.7909286097691894,4.703435319377348,0.0067096081588835215,15.479066022544284,2.01959205582394
218,8.454106280193237,,21.792807300053678,11.345947396672035,18.853998926462694,13.553408480944713,3.7909286097691894,4.703435319377348,0.0067096081588835215,15.479066022544284,2.01959205582394
