,45,50,40,51,53,52,54,49,55,48
0,90.7944176060118,9.205582393988191,,,,,,,,
1,85.48711755233495,14.083467525496511,0.4294149221685454,,,,,,,
2,83.98416532474504,14.922168545356952,1.093666129898014,,,,,,,
3,79.2740203972088,19.95437466451959,0.7716049382716049,,,,,,,
4,78.16022544283413,19.95437466451959,1.8853998926462694,,,,,,,
5,77.56307031669351,20.28985507246377,2.147074610842727,,,,,,,
6,74.47665056360708,22.73215244229737,2.791196994095545,,,,,,,
7,71.67203435319378,25.315351583467525,3.012614063338701,,,,,,,
8,68.94793344068707,27.730810520665592,3.321256038647343,,,,,,,
9,61.41975308641975,34.96376811594203,3.321256038647343,0.2952227589908749,,,,,,
10,53.16022544283414,42.78717122920021,3.7573805689747717,0.2952227589908749,,,,,,
11,51.006441223832525,43.69967793880837,4.1532474503489,0.2952227589908749,0.8454106280193237,,,,,
12,47.987117552334944,44.41089640365003,5.71658615136876,0.2952227589908749,0.8454106280193237,0.7447665056360708,,,,
13,47.43022007514761,44.28341384863124,6.400966183574879,0.2952227589908749,0.8454106280193237,0.7447665056360708,,,,
14,47.00080515297907,44.45115405260333,6.662640901771336,0.2952227589908749,0.8454106280193237,0.7447665056360708,,,,
15,46.06816961889426,45.209339774557165,6.837090713902308,0.2952227589908749,0.8454106280193237,0.7447665056360708,,,,
16,45.75952764358561,45.20263016639828,7.152442297369833,0.2952227589908749,0.8454106280193237,0.7447665056360708,,,,
17,44.28341384863124,46.88674181427805,6.6827697262479875,0.5568974771873323,0.8454106280193237,0.7447665056360708,,,,
18,41.51905528717123,49.033816425120776,7.300053676865271,0.5568974771873323,0.8454106280193237,0.7447665056360708,,,,
19,41.15002683843264,48.711755233494365,7.300053676865271,0.5568974771873323,0.8454106280193237,1.4358561460010735,,,,
20,40.78770799785293,48.05421363392378,7.722758990874933,0.5568974771873323,0.8454106280193237,1.4358561460010735,0.5971551261406334,,,
21,40.653515834675254,47.57783145464305,8.333333333333334,0.5568974771873323,0.8454106280193237,1.4358561460010735,0.5971551261406334,,,
22,39.88862050456253,47.65163714439077,9.024422973698336,0.5568974771873323,0.8454106280193237,1.4358561460010735,0.5971551261406334,,,
23,38.707729468599034,48.329307568438004,9.339774557165862,0.2616747181964573,1.3486312399355878,1.415727321524423,0.5971551261406334,,,
24,38.62050456253355,47.63150831991412,10.245571658615138,0.14090177133655393,1.3486312399355878,1.415727321524423,0.5971551261406334,,,
25,38.539989264626946,47.658346752549654,10.299248523886206,0.14090177133655393,1.3486312399355878,1.415727321524423,0.5971551261406334,,,
26,38.036768652710684,48.409822866344605,9.373322597960279,1.5432098765432098,1.3486312399355878,0.8856682769726248,0.4025764895330113,,,
27,37.23161567364466,49.342458400429415,9.245840042941492,1.5432098765432098,1.3486312399355878,0.8856682769726248,0.4025764895330113,,,
28,35.628019323671495,51.227858293075684,8.964036500268385,1.5432098765432098,1.3486312399355878,0.8856682769726248,0.4025764895330113,,,
29,34.695383789586685,52.200751476113794,8.923778851315083,1.5432098765432098,1.3486312399355878,0.8856682769726248,0.4025764895330113,,,
30,34.21900161030596,51.08024691358025,9.46725711218465,2.5966183574879227,1.3486312399355878,0.8856682769726248,0.4025764895330113,,,
31,34.21900161030596,50.52334943639291,10.091250670960816,2.5966183574879227,1.2815351583467525,0.8856682769726248,0.4025764895330113,,,
32,33.28636607622115,50.006709608158886,11.540526033279656,2.5966183574879227,1.2815351583467525,0.8856682769726248,0.4025764895330113,,,
33,32.15244229736983,51.20101986044015,11.493558776167472,2.5966183574879227,1.2681159420289856,0.8856682769726248,0.4025764895330113,,,
34,31.468062265163713,51.64385399892646,11.735104669887278,2.5966183574879227,1.2681159420289856,0.8856682769726248,0.4025764895330113,,,
35,31.28690284487386,51.38217928073001,11.466720343531938,3.307836822329576,1.2681159420289856,0.8856682769726248,0.4025764895330113,,,
36,31.13929146537842,51.529790660225444,11.466720343531938,3.307836822329576,1.2681159420289856,0.8856682769726248,0.4025764895330113,,,
37,29.361245303274288,52.865002683843265,11.90955448201825,3.307836822329576,1.2681159420289856,0.8856682769726248,0.4025764895330113,,,
38,26.38888888888889,55.01207729468599,12.392646269457863,3.240740740740741,1.1406333870101986,1.8048845947396672,0.020128824476650563,,,
39,26.03327965646806,55.112721417069245,12.647611379495437,3.240740740740741,1.1406333870101986,1.8048845947396672,0.020128824476650563,,,
40,24.973161567364468,55.97155126140633,12.97638217928073,3.113258185721954,1.1406333870101986,1.8048845947396672,0.020128824476650563,,,
41,24.84567901234568,55.44820182501342,12.781803542673108,3.9586688137412773,1.1406333870101986,1.8048845947396672,0.020128824476650563,,,
42,24.84567901234568,55.401234567901234,12.989801395598498,3.9586688137412773,1.1406333870101986,1.6505636070853462,0.013419216317767043,,,
43,24.00697799248524,56.23993558776167,12.989801395598498,3.9586688137412773,1.1406333870101986,1.6505636070853462,0.013419216317767043,,,
44,23.993558776167472,56.54857756307032,12.694578636607622,3.9586688137412773,1.1406333870101986,1.6505636070853462,0.013419216317767043,,,
45,23.993558776167472,56.54857756307032,12.694578636607622,3.9586688137412773,1.1406333870101986,1.6505636070853462,0.013419216317767043,,,
46,23.336017176596886,56.676060118089104,12.634192163177671,3.9586688137412773,1.1406333870101986,1.6505636070853462,0.013419216317767043,0.5904455179817498,,
47,22.67176596886742,56.776704240472355,12.781803542673108,3.9049919484702094,0.8990874932903918,1.6505636070853462,0.7246376811594203,0.5904455179817498,,
48,22.249060654857757,56.50161030595813,13.41250670960816,3.9049919484702094,0.47638217928073,2.1403650026838434,0.7246376811594203,0.5904455179817498,,
49,14.445786366076222,67.90794417606011,8.299785292538916,2.8381642512077296,0.47638217928073,2.1403650026838434,0.7246376811594203,3.166935050993022,,
50,13.627214170692431,66.10976918947934,8.776167471819646,3.7775093934514223,0.47638217928073,2.8784219001610305,1.3352120236178207,3.0193236714975846,,
51,13.318572195383789,64.52630166398282,9.31964573268921,3.7775093934514223,0.47638217928073,2.8784219001610305,1.3352120236178207,3.0193236714975846,1.3486312399355878,
52,13.318572195383789,63.7614063338701,9.4873859366613,3.7775093934514223,1.1540526033279657,2.7979066022544283,1.3352120236178207,3.0193236714975846,1.3486312399355878,
53,12.882447665056361,64.38539989264628,9.29951690821256,3.7775093934514223,1.1540526033279657,2.7979066022544283,1.3352120236178207,3.0193236714975846,1.3486312399355878,
54,12.493290391841116,64.30488459473966,9.366612989801396,3.7573805689747717,1.8988191089640365,2.657004830917874,1.2345679012345678,2.9388083735909825,1.3486312399355878,
55,12.298711755233494,63.26489533011272,10.21202361782072,3.7573805689747717,1.7713365539452497,2.6502952227589907,1.2345679012345678,2.9388083735909825,1.8719806763285025,
56,11.916264090177133,63.58024691358025,10.279119699409554,3.7573805689747717,1.7713365539452497,2.6502952227589907,1.2345679012345678,2.9388083735909825,1.8719806763285025,
57,11.916264090177133,61.75523349436393,10.11808910359635,3.7573805689747717,1.7713365539452497,2.6502952227589907,3.2206119162640903,2.9388083735909825,1.8719806763285025,
58,11.876006441223833,59.77589908749329,11.741814278046162,3.5963499731615673,1.6170155662909287,2.636876006441224,3.0327428878153517,2.9388083735909825,2.7844873859366612,
59,11.876006441223833,57.400697799248526,12.473161567364466,7.320182501341922,1.6170155662909287,2.636876006441224,1.2815351583467525,2.9388083735909825,2.4557165861513686,
60,11.627750939345143,57.70263016639828,12.882447665056361,7.152442297369833,1.6170155662909287,2.636876006441224,1.2815351583467525,2.6435856146001075,2.4557165861513686,
61,11.003757380568974,57.86366076221149,13.479602791196994,7.152442297369833,1.6170155662909287,2.6167471819645733,1.2815351583467525,2.6435856146001075,2.341653247450349,
62,11.003757380568974,58.1454643048846,13.197799248523886,7.152442297369833,1.6170155662909287,2.6167471819645733,1.2815351583467525,2.6435856146001075,2.341653247450349,
63,10.748792270531402,57.56843800322061,13.553408480944713,6.8035426731078905,1.6170155662909287,3.4420289855072466,1.2815351583467525,2.6435856146001075,2.341653247450349,
64,10.748792270531402,56.474771873322595,12.801932367149758,6.769994632313473,1.6170155662909287,4.341116478797638,2.2611379495437465,2.6435856146001075,2.341653247450349,
65,10.654857756307031,56.615673644659154,12.754965110037574,6.769994632313473,1.6170155662909287,4.341116478797638,2.2611379495437465,2.6435856146001075,2.341653247450349,
66,10.527375201288244,55.59581320450886,12.989801395598498,6.213097155126141,1.6170155662909287,4.911433172302737,2.2611379495437465,2.6435856146001075,3.240740740740741,
67,10.527375201288244,54.911433172302736,12.99651100375738,6.213097155126141,1.6170155662909287,4.87788513150832,2.2611379495437465,2.6435856146001075,3.9519592055823938,
68,9.883252818035427,56.21309715512614,12.661030595813205,6.213097155126141,1.6170155662909287,4.555823939881911,2.2611379495437465,2.6435856146001075,3.9519592055823938,
69,9.473966720343531,57.058507783145465,12.245034889962426,6.213097155126141,1.6170155662909287,4.555823939881911,2.2611379495437465,2.623456790123457,3.9519592055823938,
70,9.312936124530328,56.34728931830381,12.661030595813205,6.749865807836822,1.5365002683843263,4.555823939881911,2.2611379495437465,2.623456790123457,3.9519592055823938,
71,9.312936124530328,55.401234567901234,12.909286097691895,6.749865807836822,1.4090177133655395,4.488727858293076,2.2611379495437465,3.515834675254965,3.9519592055823938,
72,9.312936124530328,55.26704240472356,13.291733762748256,6.749865807836822,1.4090177133655395,4.488727858293076,2.2611379495437465,3.2675791733762747,3.9519592055823938,
73,9.29951690821256,54.186795491143315,13.043478260869565,6.749865807836822,1.4090177133655395,4.488727858293076,3.026033279656468,3.2675791733762747,4.528985507246377,
74,9.084809447128288,55.26704240472356,12.23161567364466,6.749865807836822,1.4090177133655395,4.488727858293076,2.9723564143853998,3.2675791733762747,4.528985507246377,
75,8.856682769726248,52.261137949543745,11.788781535158346,11.419753086419753,1.4090177133655395,4.488727858293076,2.9723564143853998,3.2675791733762747,3.535963499731616,
76,8.856682769726248,52.220880300590444,11.788781535158346,10.923242082662373,1.4090177133655395,5.038915727321524,2.9723564143853998,3.2675791733762747,3.5225442834138487,
77,8.80300590445518,51.39559849704777,12.882447665056361,10.856146001073537,1.4090177133655395,5.038915727321524,2.9723564143853998,3.1199677938808374,3.5225442834138487,
78,8.588298443370908,51.85856146001073,12.68786902844874,10.856146001073537,1.4090177133655395,5.038915727321524,2.9723564143853998,3.066290928609769,3.5225442834138487,
79,8.333333333333334,52.07997852925389,13.170960815888352,10.748792270531402,1.4090177133655395,4.891304347826087,2.8784219001610305,2.965646806226516,3.5225442834138487,
80,8.152173913043478,51.84514224369297,13.070316693505099,10.641438539989265,1.2748255501878691,5.401234567901234,3.488996242619431,2.965646806226516,3.1602254428341383,
81,8.152173913043478,51.84514224369297,13.070316693505099,10.641438539989265,1.2748255501878691,5.401234567901234,3.488996242619431,2.965646806226516,3.1602254428341383,
82,8.152173913043478,51.08695652173913,12.828770799785293,11.097691894793345,1.2748255501878691,5.401234567901234,3.44873859366613,2.965646806226516,3.743961352657005,
83,8.152173913043478,50.7313472893183,12.855609232420827,10.755501878690284,1.2748255501878691,5.35426731078905,4.602791196994096,2.965646806226516,3.307836822329576,
84,7.991143317230274,50.26838432635534,12.828770799785293,10.48040794417606,1.2748255501878691,6.280193236714976,4.602791196994096,2.965646806226516,3.307836822329576,
85,7.977724100912507,49.87251744498121,13.238056897477188,10.48040794417606,1.2748255501878691,6.280193236714976,4.602791196994096,2.965646806226516,3.307836822329576,
86,7.64224369296833,50.013419216317764,13.580246913580247,10.00402576489533,1.2748255501878691,6.280193236714976,5.12614063338701,2.965646806226516,3.113258185721954,
87,7.152442297369833,52.11352657004831,13.258185721953838,9.453837895866881,1.8518518518518519,5.032206119162641,5.12614063338701,2.898550724637681,3.113258185721954,
88,7.071926999463232,52.254428341384866,13.539989264626946,9.118357487922705,1.8518518518518519,5.032206119162641,5.119431025228127,2.898550724637681,3.113258185721954,
89,6.910896403650026,52.603327965646805,13.352120236178207,9.118357487922705,1.8518518518518519,5.032206119162641,5.119431025228127,2.898550724637681,3.113258185721954,
90,6.910896403650026,52.01959205582394,14.029790660225443,9.118357487922705,1.8518518518518519,5.032206119162641,5.025496511003757,2.898550724637681,3.113258185721954,
91,6.884057971014493,51.53650026838432,14.647074610842727,8.259527643585615,2.4691358024691357,4.602791196994096,5.589103596349974,2.898550724637681,3.113258185721954,
92,6.884057971014493,51.529790660225444,14.452495974235104,7.9106280193236715,2.4691358024691357,5.152979066022544,5.589103596349974,2.898550724637681,3.113258185721954,
93,6.884057971014493,51.301663982823406,14.53972088030059,7.87037037037037,2.4691358024691357,5.152979066022544,5.441492216854535,3.2742887815351582,3.066290928609769,
94,6.884057971014493,51.1003757380569,14.848362855609233,7.0450885668276975,3.026033279656468,5.71658615136876,5.394524959742351,3.2742887815351582,2.7106816961889426,
95,6.830381105743425,50.919216317767045,14.512882447665056,6.5485775630703165,3.6231884057971016,5.669618894256575,5.374396135265701,3.2742887815351582,3.2474503488996245,
96,6.830381105743425,50.919216317767045,14.512882447665056,6.5485775630703165,3.6231884057971016,5.669618894256575,5.374396135265701,3.2742887815351582,3.2474503488996245,
97,6.810252281266774,50.919216317767045,14.680622651637144,6.5485775630703165,3.475577026301664,5.669618894256575,5.374396135265701,3.2742887815351582,3.2474503488996245,
98,6.810252281266774,50.919216317767045,14.680622651637144,6.5485775630703165,3.475577026301664,5.669618894256575,5.374396135265701,3.2742887815351582,3.2474503488996245,
99,6.421095008051529,50.6105743424584,15.646806226516372,6.280193236714976,3.475577026301664,5.669618894256575,5.374396135265701,3.2742887815351582,3.2474503488996245,
100,6.421095008051529,50.6105743424584,15.646806226516372,6.280193236714976,3.475577026301664,5.669618894256575,5.374396135265701,3.2742887815351582,3.2474503488996245,
101,6.421095008051529,50.6105743424584,16.0829307568438,5.857487922705314,3.475577026301664,5.669618894256575,5.360976918947934,3.2742887815351582,3.2474503488996245,
102,6.353998926462695,50.56360708534621,16.19699409554482,5.857487922705314,3.475577026301664,5.669618894256575,5.360976918947934,3.2742887815351582,3.2474503488996245,
103,6.320450885668277,50.28851315083199,15.915190552871712,6.447933440687064,3.475577026301664,5.669618894256575,5.360976918947934,3.2742887815351582,3.2474503488996245,
104,6.260064412238325,49.563875469672574,16.1231884057971,6.427804616210413,3.4621578099838968,6.991411701556629,4.87788513150832,3.046162104133119,3.2474503488996245,
105,5.844068706387547,48.44337090713902,16.06280193236715,6.427804616210413,3.4621578099838968,6.991411701556629,4.87788513150832,3.046162104133119,4.8443370907139025,
106,5.776972624798712,47.85963499731616,16.666666666666668,6.427804616210413,3.5091250670960816,6.991411701556629,4.87788513150832,3.046162104133119,4.8443370907139025,
107,5.730005367686527,46.403650026838434,16.80756843800322,6.427804616210413,3.5091250670960816,6.991411701556629,4.87788513150832,4.092860976918948,5.159688674181428,
108,5.662909286097692,46.833064949006975,17.01556629092861,5.83064949006978,3.5091250670960816,7.695920558239399,4.569243156199678,3.7238325281803544,5.159688674181428,
109,5.649490069779925,46.806226516371446,16.97530864197531,5.770263016639828,3.5091250670960816,7.695920558239399,4.569243156199678,3.864734299516908,5.159688674181428,
110,5.649490069779925,46.66532474503489,17.357756307031668,5.528717122920021,3.5091250670960816,7.695920558239399,4.569243156199678,3.864734299516908,5.159688674181428,
111,5.649490069779925,46.59822866344606,17.082662372517444,5.4549114331723025,3.5091250670960816,8.447396672034353,4.233762748255502,3.864734299516908,5.159688674181428,
112,5.649490069779925,46.59151905528717,17.10950080515298,5.434782608695652,3.5091250670960816,8.447396672034353,4.233762748255502,3.864734299516908,5.159688674181428,
113,5.173107890499195,47.92002147074611,16.59286097691895,5.434782608695652,3.4151905528717124,8.225979602791197,4.233762748255502,3.844605475040258,5.159688674181428,
114,5.173107890499195,47.92002147074611,16.59286097691895,5.434782608695652,3.4151905528717124,8.225979602791197,4.233762748255502,3.844605475040258,5.159688674181428,
115,5.173107890499195,47.148416532474506,16.23725174449812,5.434782608695652,3.4151905528717124,8.225979602791197,5.005367686527107,4.676596886741814,4.683306494900698,
116,5.173107890499195,47.148416532474506,16.23725174449812,5.434782608695652,3.4151905528717124,8.225979602791197,5.005367686527107,4.676596886741814,4.683306494900698,
117,4.30756843800322,48.38298443370907,16.63311862587225,5.434782608695652,3.4151905528717124,7.461084272678476,5.005367686527107,4.676596886741814,4.683306494900698,
118,4.30756843800322,48.27563070316693,17.136339237788512,5.434782608695652,3.4151905528717124,7.1725711218464845,5.005367686527107,4.676596886741814,4.575952764358561,
119,4.30756843800322,47.34299516908212,18.035426731078903,5.434782608695652,3.1065485775630703,7.112184648416532,5.441492216854535,4.669887278582931,4.549114331723027,
120,4.30756843800322,47.47047772410091,17.907944176060116,5.434782608695652,3.1065485775630703,7.112184648416532,5.441492216854535,4.669887278582931,4.549114331723027,
121,4.300858829844337,46.98067632850242,18.4044551798175,5.434782608695652,3.1065485775630703,7.112184648416532,5.441492216854535,4.669887278582931,4.549114331723027,
122,4.28743961352657,47.457058507783145,18.4044551798175,5.434782608695652,3.1065485775630703,7.058507783145465,5.441492216854535,4.260601180891036,4.549114331723027,
123,4.247181964573269,47.497316156736446,18.4044551798175,5.434782608695652,3.1065485775630703,7.058507783145465,5.441492216854535,4.260601180891036,4.549114331723027,
124,4.233762748255502,47.70531400966183,18.61916264090177,5.434782608695652,3.1065485775630703,7.058507783145465,5.065754159957058,4.260601180891036,4.51556629092861,
125,4.233762748255502,47.70531400966183,18.61916264090177,5.434782608695652,3.1065485775630703,7.058507783145465,5.065754159957058,4.260601180891036,4.51556629092861,
126,4.233762748255502,47.60466988727858,19.00161030595813,5.434782608695652,3.1065485775630703,7.058507783145465,5.065754159957058,3.978797638217928,4.51556629092861,
127,4.213633923778851,46.53113258185722,19.28341384863124,5.179817498658078,3.1065485775630703,7.024959742351046,5.065754159957058,5.0791733762748255,4.51556629092861,
128,4.213633923778851,46.262748255501876,19.867149758454108,5.179817498658078,3.1065485775630703,6.729736983360172,5.045625335480408,5.0791733762748255,4.51556629092861,
129,4.213633923778851,46.262748255501876,19.867149758454108,5.179817498658078,3.1065485775630703,6.729736983360172,5.045625335480408,5.0791733762748255,4.51556629092861,
130,4.213633923778851,46.0077831454643,19.87385936661299,5.038915727321524,4.045893719806763,6.541867954911433,4.730273752012883,5.065754159957058,4.4820182501341925,
131,4.213633923778851,46.06816961889426,19.81347289318304,5.038915727321524,4.045893719806763,6.541867954911433,4.730273752012883,5.065754159957058,4.4820182501341925,
132,4.213633923778851,45.2361782071927,20.182501341921633,5.038915727321524,4.045893719806763,6.521739130434782,4.730273752012883,5.548845947396672,4.4820182501341925,
133,4.206924315619967,45.2361782071927,20.363660762211488,4.864465915190553,4.045893719806763,6.521739130434782,4.730273752012883,5.548845947396672,4.4820182501341925,
134,4.206924315619967,45.06172839506173,20.585077831454644,4.864465915190553,4.045893719806763,6.521739130434782,4.730273752012883,5.501878690284487,4.4820182501341925,
135,4.180085882984434,44.860440150295226,20.813204508856682,4.864465915190553,4.045893719806763,6.521739130434782,4.730273752012883,5.501878690284487,4.4820182501341925,
136,4.180085882984434,44.860440150295226,20.813204508856682,4.864465915190553,4.045893719806763,6.521739130434782,4.730273752012883,5.501878690284487,4.4820182501341925,
137,4.119699409554482,45.02147074610843,20.71256038647343,4.864465915190553,4.045893719806763,6.521739130434782,4.730273752012883,5.501878690284487,4.4820182501341925,
138,4.119699409554482,44.65244229736983,20.551529790660226,5.5756843800322065,4.045893719806763,6.521739130434782,4.602791196994096,5.488459473966721,4.441760601180891,
139,4.119699409554482,44.24315619967794,20.142243692968332,5.5756843800322065,4.502147074610843,6.3070316693505095,5.179817498658078,5.488459473966721,4.441760601180891,
140,4.119699409554482,44.08212560386473,19.79334406870639,5.5756843800322065,4.502147074610843,6.3070316693505095,5.763553408480945,5.488459473966721,4.367954911433173,
141,4.119699409554482,44.015029522275896,19.77992485238862,5.522007514761138,4.502147074610843,6.3070316693505095,5.763553408480945,5.622651637144391,4.367954911433173,
142,4.106280193236715,43.853998926462694,19.95437466451959,5.522007514761138,4.502147074610843,6.3070316693505095,5.763553408480945,5.622651637144391,4.367954911433173,
143,4.0995705850778315,43.03542673107891,20.00805152979066,5.522007514761138,4.428341384863124,6.3070316693505095,6.6827697262479875,5.622651637144391,4.294149221685454,
144,4.0995705850778315,43.03542673107891,20.00805152979066,5.522007514761138,4.428341384863124,6.3070316693505095,6.6827697262479875,5.622651637144391,4.294149221685454,
145,4.092860976918948,42.921363392377884,20.128824476650564,5.522007514761138,4.428341384863124,6.3070316693505095,6.6827697262479875,5.622651637144391,4.294149221685454,
146,4.092860976918948,42.921363392377884,20.128824476650564,5.522007514761138,4.428341384863124,6.3070316693505095,6.6827697262479875,5.622651637144391,4.294149221685454,
147,4.092860976918948,42.13633923778851,20.50456253354804,5.522007514761138,4.428341384863124,6.300322061191626,7.226247987117552,5.622651637144391,4.166666666666667,
148,4.092860976918948,42.13633923778851,20.50456253354804,5.522007514761138,4.428341384863124,6.300322061191626,7.226247987117552,5.622651637144391,4.166666666666667,
149,4.05931293612453,41.680085882984436,20.873590982286636,5.267042404723564,4.428341384863124,6.300322061191626,7.226247987117552,5.998389694041868,4.166666666666667,
150,4.05931293612453,41.680085882984436,20.873590982286636,5.267042404723564,4.428341384863124,6.300322061191626,7.226247987117552,5.998389694041868,4.166666666666667,
151,4.05931293612453,41.86795491143317,20.75281803542673,5.267042404723564,4.106280193236715,6.286902844873859,7.836822329575953,5.656199677938808,4.166666666666667,
152,4.05931293612453,41.45195920558239,21.16881374127751,5.267042404723564,4.106280193236715,6.286902844873859,7.836822329575953,5.656199677938808,4.166666666666667,
153,3.6902844873859366,41.02254428341385,22.000805152979066,5.267042404723564,4.106280193236715,6.253354804079442,7.836822329575953,5.656199677938808,4.166666666666667,
154,3.6902844873859366,40.37842190016103,22.208803005904453,4.99194847020934,3.797638217928073,6.179549114331723,8.3064949006978,6.280193236714976,4.166666666666667,
155,3.6902844873859366,40.083199141170155,22.04777241009125,5.448201825013419,3.797638217928073,6.179549114331723,8.3064949006978,6.280193236714976,4.166666666666667,
156,3.6902844873859366,40.083199141170155,22.04777241009125,5.448201825013419,3.797638217928073,6.179549114331723,8.3064949006978,6.280193236714976,4.166666666666667,
157,3.6902844873859366,40.083199141170155,22.302737520128826,5.448201825013419,3.797638217928073,6.179549114331723,8.3064949006978,6.025228126677402,4.166666666666667,
158,3.6902844873859366,40.083199141170155,22.302737520128826,5.448201825013419,3.797638217928073,6.179549114331723,8.3064949006978,6.025228126677402,4.166666666666667,
159,3.6902844873859366,40.083199141170155,22.302737520128826,5.448201825013419,3.797638217928073,6.179549114331723,8.3064949006978,6.025228126677402,4.166666666666667,
160,3.6902844873859366,40.00939345142244,22.79253891572732,5.186527106816962,3.797638217928073,6.179549114331723,8.152173913043478,6.025228126677402,4.166666666666667,
161,3.6634460547504024,39.18411164787977,22.75228126677402,5.850778314546431,3.797638217928073,6.146001073537305,8.57487922705314,6.025228126677402,4.005636070853462,
162,3.6634460547504024,38.96269457863661,23.309178743961354,5.797101449275362,3.797638217928073,5.931293612453032,8.57487922705314,6.025228126677402,3.938539989264627,
163,3.6634460547504024,38.96269457863661,23.309178743961354,5.797101449275362,3.797638217928073,5.931293612453032,8.57487922705314,6.025228126677402,3.938539989264627,
164,3.6634460547504024,38.96269457863661,23.309178743961354,5.797101449275362,3.797638217928073,5.931293612453032,8.57487922705314,6.025228126677402,3.938539989264627,
165,3.6634460547504024,38.96269457863661,23.309178743961354,5.797101449275362,3.797638217928073,5.931293612453032,8.57487922705314,6.025228126677402,3.938539989264627,
166,3.6634460547504024,39.14385399892646,23.007246376811594,5.703166935050993,3.797638217928073,5.931293612453032,8.507783145464305,5.522007514761138,3.938539989264627,0.785024154589372
167,3.6634460547504024,39.14385399892646,23.007246376811594,5.703166935050993,3.797638217928073,5.931293612453032,8.507783145464305,5.522007514761138,3.938539989264627,0.785024154589372
168,3.629898013955985,38.768115942028984,23.416532474503487,5.703166935050993,3.797638217928073,5.931293612453032,8.507783145464305,5.522007514761138,3.938539989264627,0.785024154589372
169,3.629898013955985,38.217928073000536,23.336017176596886,5.703166935050993,3.797638217928073,5.931293612453032,8.507783145464305,6.152710681696189,3.938539989264627,0.785024154589372
170,3.629898013955985,38.217928073000536,23.336017176596886,5.703166935050993,3.797638217928073,5.931293612453032,8.507783145464305,6.152710681696189,3.938539989264627,0.785024154589372
171,3.435319377348363,38.16425120772947,23.58427267847558,5.703166935050993,3.797638217928073,5.931293612453032,8.507783145464305,6.152710681696189,3.938539989264627,0.785024154589372
172,3.435319377348363,38.16425120772947,23.58427267847558,5.703166935050993,3.797638217928073,5.931293612453032,8.507783145464305,6.152710681696189,3.938539989264627,0.785024154589372
173,3.435319377348363,38.16425120772947,23.58427267847558,5.703166935050993,3.797638217928073,5.931293612453032,8.507783145464305,6.152710681696189,3.938539989264627,0.785024154589372
174,3.435319377348363,38.16425120772947,23.58427267847558,5.703166935050993,3.797638217928073,5.931293612453032,8.507783145464305,6.152710681696189,3.938539989264627,0.785024154589372
175,3.421900161030596,38.54669887278583,23.577563070316693,5.340848094471283,3.797638217928073,5.931293612453032,8.507783145464305,6.152710681696189,3.938539989264627,0.785024154589372
176,3.3480944712828773,38.81508319914117,23.47691894793344,5.340848094471283,3.797638217928073,5.857487922705314,8.487654320987655,6.152710681696189,3.938539989264627,0.785024154589372
177,3.3480944712828773,38.81508319914117,23.752012882447666,5.340848094471283,3.797638217928073,5.857487922705314,8.487654320987655,5.877616747181965,3.938539989264627,0.785024154589372
178,3.3145464304884595,38.6003757380569,24.000268384326354,5.340848094471283,3.797638217928073,5.857487922705314,8.487654320987655,5.877616747181965,3.938539989264627,0.785024154589372
179,3.3145464304884595,36.99677938808374,23.926462694578635,6.66935050993022,3.797638217928073,5.857487922705314,8.454106280193237,6.3137412775093935,3.9318303811057436,0.7380568974771873
180,3.3145464304884595,36.99677938808374,24.14787976382179,6.66935050993022,3.730542136339238,5.837359098228664,8.319914117015566,6.3137412775093935,3.9318303811057436,0.7380568974771873
181,3.3145464304884595,36.983360171765966,24.12775093934514,6.602254428341385,3.730542136339238,5.837359098228664,8.319914117015566,7.152442297369833,3.9318303811057436,
182,3.3145464304884595,37.224906065485776,24.08078368223296,6.595544820182502,3.730542136339238,5.730005367686527,8.259527643585615,7.132313472893183,3.9318303811057436,
183,3.3145464304884595,36.761943102522814,23.960010735373054,6.595544820182502,4.461889425657541,5.60252281266774,8.239398819108963,7.132313472893183,3.9318303811057436,
184,3.3145464304884595,36.761943102522814,23.960010735373054,6.595544820182502,4.461889425657541,5.60252281266774,8.239398819108963,7.132313472893183,3.9318303811057436,
185,3.3145464304884595,36.75523349436393,24.22168545356951,6.595544820182502,4.461889425657541,5.595813204508857,7.991143317230274,7.132313472893183,3.9318303811057436,
186,3.3145464304884595,36.600912506709605,24.22168545356951,6.595544820182502,5.0791733762748255,5.287171229200215,7.897208803005904,7.132313472893183,3.8714439076757916,
187,3.2877079978529253,36.15807836822329,23.879495437466453,6.595544820182502,5.0791733762748255,5.287171229200215,7.897208803005904,7.944176060118089,3.8714439076757916,
188,3.2877079978529253,35.82259796027912,23.839237788513152,7.058507783145465,5.0791733762748255,5.287171229200215,7.897208803005904,7.856951154052603,3.8714439076757916,
189,3.2877079978529253,35.789049919484704,22.926731078904993,6.984702093397746,4.723564143853999,6.662640901771336,7.897208803005904,7.856951154052603,3.8714439076757916,
190,3.2877079978529253,35.39989264626946,23.315888352120236,6.984702093397746,4.723564143853999,6.662640901771336,7.897208803005904,7.856951154052603,3.8714439076757916,
191,3.2742887815351582,35.91653247450349,22.81266774020397,6.984702093397746,4.723564143853999,6.662640901771336,7.897208803005904,7.856951154052603,3.8714439076757916,
192,3.260869565217391,36.151368760064415,23.235373054213635,6.515029522275899,4.723564143853999,6.662640901771336,7.729468599033816,7.85024154589372,3.8714439076757916,
193,3.260869565217391,36.04401502952228,23.09447128287708,6.515029522275899,4.723564143853999,6.662640901771336,7.729468599033816,7.809983896940419,3.8714439076757916,0.2885131508319914
194,3.2474503488996245,36.48684916800859,23.087761674718198,6.515029522275899,4.723564143853999,6.662640901771336,7.306763285024155,7.809983896940419,3.8714439076757916,0.2885131508319914
195,3.2474503488996245,36.48684916800859,23.087761674718198,6.515029522275899,4.723564143853999,6.662640901771336,7.306763285024155,7.809983896940419,3.8714439076757916,0.2885131508319914
196,3.2474503488996245,36.48684916800859,23.087761674718198,6.515029522275899,4.723564143853999,6.662640901771336,7.306763285024155,7.809983896940419,3.8714439076757916,0.2885131508319914
197,3.2474503488996245,36.48684916800859,23.087761674718198,6.515029522275899,4.723564143853999,6.662640901771336,7.306763285024155,7.809983896940419,3.8714439076757916,0.2885131508319914
198,3.2474503488996245,36.48684916800859,23.30246913580247,6.515029522275899,4.508856682769726,6.662640901771336,7.306763285024155,7.809983896940419,3.8714439076757916,0.2885131508319914
199,3.2474503488996245,36.48684916800859,23.30246913580247,6.515029522275899,4.508856682769726,6.662640901771336,7.306763285024155,7.809983896940419,3.8714439076757916,0.2885131508319914
200,3.193773483628556,36.65458937198068,23.59098228663446,6.501610305958132,4.508856682769726,6.662640901771336,6.91760601180891,7.809983896940419,3.8714439076757916,0.2885131508319914
201,3.1870638754696725,36.3593666129898,23.081052066559312,6.501610305958132,4.508856682769726,6.662640901771336,6.91760601180891,8.621846484165324,3.8714439076757916,0.2885131508319914
202,3.1870638754696725,36.3593666129898,23.081052066559312,6.501610305958132,4.508856682769726,6.662640901771336,6.91760601180891,8.621846484165324,3.8714439076757916,0.2885131508319914
203,3.1602254428341383,36.198336017176594,23.26892109500805,6.501610305958132,4.508856682769726,6.662640901771336,6.91760601180891,8.621846484165324,3.8714439076757916,0.2885131508319914
204,3.1602254428341383,36.4398819108964,23.34272678475577,6.488191089640365,4.508856682769726,6.662640901771336,6.91760601180891,8.561460010735374,3.629898013955985,0.2885131508319914
205,3.1602254428341383,36.4398819108964,23.43666129898014,6.488191089640365,4.508856682769726,6.568706387546968,6.91760601180891,8.561460010735374,3.629898013955985,0.2885131508319914
206,3.1602254428341383,36.40633387010199,23.62453032742888,6.488191089640365,4.394793344068707,6.561996779388084,6.884057971014493,8.561460010735374,3.629898013955985,0.2885131508319914
207,3.1602254428341383,36.38620504562534,23.047504025764894,6.488191089640365,4.394793344068707,7.219538378958669,6.823671497584541,8.561460010735374,3.629898013955985,0.2885131508319914
208,3.1602254428341383,35.99704777241009,22.73215244229737,6.488191089640365,4.394793344068707,7.219538378958669,7.548309178743962,8.561460010735374,3.6097691894793345,0.2885131508319914
209,3.1602254428341383,35.99704777241009,22.73215244229737,6.488191089640365,4.394793344068707,7.219538378958669,7.548309178743962,8.561460010735374,3.6097691894793345,0.2885131508319914
210,3.1602254428341383,36.33923778851315,22.926731078904993,6.400966183574879,4.394793344068707,7.219538378958669,7.353730542136339,8.3064949006978,3.6097691894793345,0.2885131508319914
211,3.099838969404187,36.580783682232955,22.745571658615138,6.400966183574879,4.394793344068707,7.219538378958669,7.353730542136339,8.3064949006978,3.6097691894793345,0.2885131508319914
212,3.099838969404187,36.292270531400966,22.65163714439077,6.400966183574879,4.394793344068707,7.219538378958669,7.353730542136339,8.68894256575416,3.6097691894793345,0.2885131508319914
213,3.099838969404187,36.292270531400966,22.65163714439077,6.400966183574879,4.394793344068707,7.219538378958669,7.353730542136339,8.68894256575416,3.6097691894793345,0.2885131508319914
214,3.099838969404187,36.06414385399893,22.879763821792807,6.400966183574879,4.394793344068707,7.219538378958669,7.353730542136339,8.68894256575416,3.6097691894793345,0.2885131508319914
215,3.099838969404187,36.06414385399893,22.416800858829845,6.400966183574879,5.226784755770263,7.219538378958669,6.984702093397746,8.68894256575416,3.6097691894793345,0.2885131508319914
216,3.099838969404187,36.06414385399893,22.416800858829845,6.400966183574879,5.226784755770263,7.219538378958669,6.984702093397746,8.68894256575416,3.6097691894793345,0.2885131508319914
217,3.099838969404187,36.06414385399893,22.416800858829845,6.400966183574879,5.226784755770263,7.219538378958669,6.984702093397746,8.68894256575416,3.6097691894793345,0.2885131508319914
218,3.099838969404187,36.06414385399893,21.886741814278047,6.400966183574879,5.226784755770263,7.219538378958669,6.984702093397746,8.460815888352121,3.6097691894793345,1.0466988727858293
219,3.099838969404187,36.06414385399893,21.886741814278047,6.400966183574879,5.226784755770263,7.219538378958669,6.984702093397746,8.460815888352121,3.6097691894793345,1.0466988727858293
220,3.099838969404187,36.06414385399893,21.886741814278047,6.400966183574879,5.226784755770263,7.219538378958669,6.984702093397746,8.460815888352121,3.6097691894793345,1.0466988727858293
221,3.0595813204508855,35.52066559312936,21.826355340848096,6.239935587761675,5.226784755770263,7.219538378958669,6.984702093397746,9.265968867418144,3.6097691894793345,1.0466988727858293
222,3.0595813204508855,35.52066559312936,21.826355340848096,6.239935587761675,5.226784755770263,7.219538378958669,6.984702093397746,9.265968867418144,3.6097691894793345,1.0466988727858293
223,3.0595813204508855,35.52066559312936,21.960547504025765,6.239935587761675,5.226784755770263,7.219538378958669,6.850509930220075,9.265968867418144,3.6097691894793345,1.0466988727858293
224,3.0595813204508855,35.52066559312936,21.66532474503489,6.239935587761675,5.193236714975845,7.548309178743962,6.850509930220075,9.265968867418144,3.6097691894793345,1.0466988727858293
225,3.0595813204508855,35.52066559312936,21.66532474503489,6.239935587761675,5.193236714975845,7.548309178743962,6.850509930220075,9.265968867418144,3.6097691894793345,1.0466988727858293
226,3.0327428878153517,35.55421363392378,21.658615136876005,6.239935587761675,5.193236714975845,7.548309178743962,6.850509930220075,9.265968867418144,3.6097691894793345,1.0466988727858293
227,2.9119699409554483,36.52710681696189,21.276167471819647,5.971551261406334,5.193236714975845,7.347020933977456,6.850509930220075,9.265968867418144,3.6097691894793345,1.0466988727858293
228,2.9119699409554483,36.13794954374664,21.73913043478261,5.917874396135265,5.193236714975845,7.347020933977456,6.843800322061192,9.265968867418144,3.5963499731615673,1.0466988727858293
229,2.9119699409554483,36.13794954374664,21.73913043478261,5.917874396135265,5.193236714975845,7.347020933977456,6.843800322061192,9.265968867418144,3.5963499731615673,1.0466988727858293
230,2.9119699409554483,36.13794954374664,21.73913043478261,5.917874396135265,5.193236714975845,7.347020933977456,6.843800322061192,9.265968867418144,3.5963499731615673,1.0466988727858293
231,2.9119699409554483,36.13794954374664,21.73913043478261,5.917874396135265,5.193236714975845,7.347020933977456,6.843800322061192,9.265968867418144,3.5963499731615673,1.0466988727858293
232,2.7979066022544283,36.2788513150832,21.712292002147073,5.917874396135265,5.193236714975845,7.347020933977456,6.843800322061192,9.265968867418144,3.5963499731615673,1.0466988727858293
233,2.7979066022544283,36.272141706924316,21.76596886741814,5.917874396135265,5.166398282340311,7.347020933977456,6.823671497584541,9.265968867418144,3.5963499731615673,1.0466988727858293
234,2.7979066022544283,36.272141706924316,21.76596886741814,5.917874396135265,5.166398282340311,7.347020933977456,6.823671497584541,9.265968867418144,3.5963499731615673,1.0466988727858293
235,2.7979066022544283,36.272141706924316,21.76596886741814,5.917874396135265,5.166398282340311,7.347020933977456,6.823671497584541,9.265968867418144,3.5963499731615673,1.0466988727858293
236,2.7979066022544283,36.272141706924316,21.76596886741814,5.917874396135265,5.166398282340311,7.347020933977456,6.823671497584541,9.265968867418144,3.5963499731615673,1.0466988727858293
237,2.7979066022544283,36.218464841653244,21.886741814278047,5.870907139023081,5.166398282340311,7.347020933977456,6.823671497584541,9.265968867418144,3.5762211486849167,1.0466988727858293
238,2.7979066022544283,36.218464841653244,21.886741814278047,5.870907139023081,5.166398282340311,7.347020933977456,6.823671497584541,9.265968867418144,3.5762211486849167,1.0466988727858293
239,2.7979066022544283,36.218464841653244,22.128287707997853,5.870907139023081,5.166398282340311,7.347020933977456,6.823671497584541,9.024422973698336,3.5762211486849167,1.0466988727858293
240,2.7979066022544283,36.12453032742888,22.31615673644659,5.870907139023081,5.166398282340311,7.320182501341922,6.756575415995706,9.024422973698336,3.5762211486849167,1.0466988727858293
241,2.7979066022544283,36.12453032742888,22.31615673644659,5.870907139023081,5.166398282340311,7.320182501341922,6.756575415995706,9.024422973698336,3.5762211486849167,1.0466988727858293
242,2.7979066022544283,36.12453032742888,22.31615673644659,5.448201825013419,5.005367686527107,7.9039184111647875,6.756575415995706,9.024422973698336,3.5762211486849167,1.0466988727858293
243,2.7979066022544283,35.909822866344605,22.571121846484164,5.434782608695652,5.005367686527107,7.9039184111647875,6.756575415995706,8.997584541062801,3.5762211486849167,1.0466988727858293
