,40,45,50,51,53,55,52,54,41,49,48
0,3.9519592055823938,87.60735373054213,8.440687063875469,,,,,,,,
1,8.61513687600644,54.46188942565754,36.922973698336016,,,,,,,,
2,9.420289855072463,34.272678475577024,56.30703166935051,,,,,,,,
3,15.821256038647343,28.951959205582394,50.19457863660762,2.4892646269457863,1.570048309178744,0.9728931830381106,,,,,
4,16.834406870638755,25.13419216317767,53.02603327965647,2.4892646269457863,1.570048309178744,0.9460547504025765,,,,,
5,12.929414922168545,13.311862587224907,67.53891572732152,2.4892646269457863,2.844873859366613,0.8856682769726248,,,,,
6,15.405260332796564,12.204777241009126,62.64761137949544,5.636070853462158,2.5966183574879227,1.5096618357487923,,,,,
7,19.43773483628556,11.701556629092861,56.454643048845945,6.273483628556092,1.9592055823939882,1.3150831991411702,2.85829307568438,,,,
8,15.72061191626409,8.896940418679549,61.72839506172839,6.4412238325281805,1.7579173376274826,1.8250134192163177,2.85829307568438,0.7716049382716049,,,
9,16.545893719806763,7.024959742351046,63.6808910359635,5.132850241545894,1.7310789049919484,2.254428341384863,2.85829307568438,0.7716049382716049,,,
10,20.202630166398283,6.468062265163715,53.75067096081589,12.419484702093397,1.6841116478797638,1.724369296833065,2.2879763821792807,1.4626945786366077,,,
11,21.061460010735374,6.152710681696189,51.02657004830918,14.80810520665593,1.3888888888888888,1.724369296833065,1.7847557702630166,1.4626945786366077,0.5904455179817498,,
12,24.859098228663445,6.125872249060655,46.18894256575416,14.720880300590446,1.0601180891035964,1.5096618357487923,1.7847557702630166,2.3550724637681157,1.3955984970477724,,
13,27.214170692431562,6.105743424584004,46.792807300053674,11.842458400429415,1.9592055823939882,1.3217928073000538,1.7444981213097155,1.6237251744498122,1.3955984970477724,,
14,24.040526033279658,5.3341384863123995,49.75174449812131,11.426462694578637,3.455448201825013,1.3217928073000538,1.6505636070853462,1.6237251744498122,1.3955984970477724,,
15,22.899892646269457,4.723564143853999,48.2085346215781,13.734567901234568,3.3480944712828773,1.9189479334406871,2.26784755770263,1.5029522275899088,1.3955984970477724,,
16,23.470209339774556,4.522275899087493,48.83923778851315,11.386205045625335,4.072732152442297,1.90552871712292,2.536231884057971,1.3553408480944713,1.9122383252818036,,
17,17.934782608695652,3.321256038647343,61.621041331186255,6.501610305958132,3.9184111647879765,1.0332796564680622,1.9793344068706387,1.5297906602254427,2.1604938271604937,,
18,23.711755233494365,2.952227589908749,53.68357487922705,5.394524959742351,4.703435319377348,1.9390767579173376,4.51556629092861,1.2144390767579174,1.8853998926462694,,
19,23.443370907139023,2.844873859366613,47.92002147074611,8.460815888352121,3.851315083199141,3.44873859366613,5.481749865807837,1.2144390767579174,3.33467525496511,,
20,28.878153515834676,2.737520128824477,42.05582393988191,6.568706387546968,6.293612453032743,4.025764895330113,4.924852388620504,1.2144390767579174,3.3011272141706924,,
21,33.93048845947396,2.576489533011272,38.848631239935585,4.99194847020934,5.9514224369296835,4.341116478797638,4.26731078904992,2.046430488459474,3.046162104133119,,
22,39.05662909286098,2.4020397208803006,34.15190552871712,4.508856682769726,4.166666666666667,4.53569511540526,6.776704240472356,1.6975308641975309,2.703972088030059,,
23,31.17283950617284,1.9122383252818036,43.90096618357488,6.870638754696726,4.146537842190016,2.7844873859366612,5.0993022007514766,3.052871712292002,1.0601180891035964,,
24,32.9777241009125,1.8719806763285025,40.915190552871714,8.729200214707461,3.4688674181427803,2.442297369833602,6.112453032742888,2.5697799248523885,0.9125067096081588,,
25,27.100107353730543,0.7917337627482555,51.227858293075684,8.299785292538916,2.3483628556092326,2.945517981749866,5.300590445517981,1.9256575415995705,0.06038647342995169,,
26,29.824208266237253,0.7917337627482555,45.00134192163178,7.501341921631776,4.871175523349437,4.341116478797638,5.032206119162641,2.576489533011272,0.06038647342995169,,
27,33.23268921095008,0.6977992485238862,37.775093934514224,10.527375201288244,4.643048845947397,4.341116478797638,5.656199677938808,3.066290928609769,0.06038647342995169,,
28,37.996511003757384,0.6977992485238862,33.319914117015564,10.265700483091788,5.052334943639291,4.092860976918948,5.528717122920021,2.985775630703167,0.06038647342995169,,
29,38.65405260332797,0.6105743424584005,32.47450348899624,11.855877616747183,4.562533548040794,3.4822866344605474,5.3274288781535155,2.9723564143853998,0.06038647342995169,,
30,39.65378421900161,0.6038647342995169,29.750402576489535,12.184648416532475,4.448470209339774,3.455448201825013,6.870638754696726,2.9723564143853998,0.06038647342995169,,
31,41.46537842190016,0.6038647342995169,26.643853998926463,11.842458400429415,4.320987654320987,3.455448201825013,8.333333333333334,3.2742887815351582,0.06038647342995169,,
32,44.155931293612454,0.6038647342995169,25.369028448738593,9.916800858829845,4.871175523349437,3.4151905528717124,8.333333333333334,3.2742887815351582,0.06038647342995169,,
33,44.29012345679013,0.6038647342995169,24.12104133118626,9.386741814278047,5.8172302737520125,4.508856682769726,7.937466451959206,3.2742887815351582,0.06038647342995169,,
34,46.61164787976382,0.6038647342995169,23.081052066559312,8.608427267847558,5.750134192163178,3.898282340311326,7.139023081052066,4.247181964573269,0.06038647342995169,,
35,47.36983360171766,0.6038647342995169,22.14170692431562,8.3064949006978,5.562265163714439,4.408212560386473,7.50805152979066,4.03918411164788,0.06038647342995169,,
36,49.08749329039184,0.5501878690284487,22.289318303811058,6.964573268921095,6.360708534621578,4.2203435319377345,7.232957595276436,3.2340311325818574,0.06038647342995169,,
37,52.012882447665056,0.5501878690284487,20.336822329575952,6.763285024154589,6.159420289855072,3.7238325281803544,7.159151905528717,3.2340311325818574,0.06038647342995169,,
38,50.54347826086956,0.5099302200751477,22.638217928073,6.508319914117015,5.46833064949007,3.488996242619431,6.910896403650026,3.8714439076757916,0.06038647342995169,,
39,51.07353730542136,0.5099302200751477,21.967257112184647,6.125872249060655,5.46833064949007,3.126677402039721,6.736446591519055,4.931561996779388,0.06038647342995169,,
40,52.46913580246913,0.5099302200751477,20.135534084809446,7.48792270531401,6.025228126677402,2.9253891572732154,5.703166935050993,4.683306494900698,0.06038647342995169,,
41,45.82662372517445,0.20128824476650564,27.87842190016103,5.837359098228664,6.816961889425658,2.7979066022544283,7.595276435856146,2.985775630703167,0.06038647342995169,,
42,46.12855609232421,0.20128824476650564,26.959205582393988,5.8239398819108965,7.763016639828234,2.7241009125067097,7.548309178743962,2.791196994095545,0.06038647342995169,,
43,47.45034889962426,0.10064412238325282,26.744498121309714,5.159688674181428,7.481213097155126,1.6841116478797638,6.769994632313473,4.549114331723027,0.06038647342995169,,
44,48.329307568438004,0.10064412238325282,28.61647879763822,4.49543746645196,6.595544820182502,1.482823403113258,6.756575415995706,3.5628019323671496,0.06038647342995169,,
45,50.033548040794415,0.10064412238325282,26.04669887278583,6.327160493827161,6.568706387546968,1.4224369296833066,6.642512077294686,2.7979066022544283,0.06038647342995169,,
46,52.19404186795491,0.10064412238325282,24.590713902308106,6.112453032742888,6.568706387546968,1.3687600644122384,6.501610305958132,2.5026838432635534,0.06038647342995169,,
47,49.402844873859365,0.10064412238325282,23.295759527643586,9.172034353193773,7.219538378958669,2.281266774020397,6.025228126677402,2.442297369833602,0.06038647342995169,,
48,48.960010735373054,0.10064412238325282,19.89398819108964,11.56736446591519,7.1658615136876005,2.2208803005904456,8.454106280193237,1.5767579173376274,0.06038647342995169,,
49,40.41867954911433,0.10064412238325282,33.373590982286636,7.333601717659689,6.5485775630703165,0.9460547504025765,9.782608695652174,1.4358561460010735,0.06038647342995169,,
50,42.51207729468599,0.10064412238325282,31.353998926462694,7.266505636070853,5.287171229200215,0.9460547504025765,10.59447128287708,1.8786902844873858,0.06038647342995169,,
51,45.02147074610843,0.10064412238325282,30.267042404723565,6.622383252818035,5.998389694041868,0.9326355340848095,9.118357487922705,1.8786902844873858,0.06038647342995169,,
52,47.82608695652174,0.10064412238325282,28.535963499731615,6.280193236714976,6.447933440687064,0.9326355340848095,8.259527643585615,1.556629092860977,0.06038647342995169,,
53,49.463231347289316,0.10064412238325282,26.972624798711756,6.273483628556092,6.239935587761675,0.9326355340848095,8.433977455716587,1.5230810520665594,0.06038647342995169,,
54,45.29656468062265,0.10064412238325282,26.690821256038646,12.130971551261407,7.4141170155662905,0.5568974771873323,6.649221685453569,1.1003757380568975,0.06038647342995169,,
55,46.725711218464845,0.10064412238325282,23.906333870101985,11.81561996779388,7.085346215780999,0.5367686527106817,7.769726247987117,1.9994632313472893,0.06038647342995169,,
56,44.36392914653784,0.10064412238325282,24.322329575952764,13.33870101986044,6.286902844873859,0.41599570585077833,7.675791733762749,1.9927536231884058,0.06038647342995169,1.442565754159957,
57,31.904186795491142,0.10064412238325282,44.545088566827694,10.319377348362856,4.4753086419753085,0.19457863660762212,4.1532474503489,2.804616210413312,0.06038647342995169,1.442565754159957,
58,33.843263553408484,0.10064412238325282,42.572463768115945,9.762479871175524,4.455179817498658,0.8990874932903918,4.1532474503489,2.7106816961889426,0.06038647342995169,1.442565754159957,
59,38.821792807300056,0.04696725711218465,39.439076757917334,8.199141170155663,4.938271604938271,0.8990874932903918,3.4420289855072466,2.7106816961889426,0.06038647342995169,1.442565754159957,
60,41.317767042404725,0.04696725711218465,37.80864197530864,6.172839506172839,5.676328502415459,0.8990874932903918,3.992216854535695,2.7106816961889426,0.0067096081588835215,1.3687600644122384,
61,42.48523886205046,0.04696725711218465,36.47342995169082,6.172839506172839,6.823671497584541,0.8387010198604401,3.488996242619431,2.6435856146001075,0.0067096081588835215,1.0198604401502953,
62,45.67230273752013,0.04696725711218465,32.46108427267848,5.750134192163178,5.374396135265701,3.5963499731615673,3.4286097691894795,2.6435856146001075,0.0067096081588835215,1.0198604401502953,
63,47.44363929146538,0.04696725711218465,31.30703166935051,5.562265163714439,5.132850241545894,3.5628019323671496,3.3950617283950617,2.522812667740204,0.0067096081588835215,1.0198604401502953,
64,50.54347826086956,0.04696725711218465,27.3215244229737,4.944981213097155,7.816693505099302,2.38191089640365,3.3950617283950617,2.522812667740204,0.0067096081588835215,1.0198604401502953,
65,50.40257648953301,0.04696725711218465,25.07380568974772,4.944981213097155,7.75630703166935,1.7176596886741815,3.3950617283950617,2.0933977455716586,0.0067096081588835215,4.562533548040794,
66,53.67015566290929,0.04696725711218465,20.799785292538918,8.454106280193237,6.689479334406871,1.328502415458937,3.260869565217391,1.7713365539452497,0.0067096081588835215,3.9720880300590444,
67,55.475040257648956,0.04696725711218465,19.343800322061192,9.111647879763822,6.246645195920558,1.328502415458937,2.945517981749866,1.5230810520665594,0.0067096081588835215,3.9720880300590444,
68,54.723564143854,0.04696725711218465,17.914653784219002,10.493827160493828,6.615673644659152,1.1876006441223832,3.8714439076757916,1.3687600644122384,0.0067096081588835215,3.770799785292539,
69,54.61621041331186,0.04696725711218465,17.12962962962963,9.306226516371444,9.41358024691358,1.1876006441223832,3.1535158346752548,1.3687600644122384,0.0067096081588835215,3.770799785292539,
70,54.49543746645196,0.04696725711218465,15.74074074074074,10.373054213633925,10.017444981213098,1.1876006441223832,3.9519592055823938,0.9326355340848095,0.0067096081588835215,3.2474503488996245,
71,52.47584541062802,0.04696725711218465,18.290391841116477,9.4873859366613,8.923778851315083,1.1741814278046163,2.999194847020934,0.6172839506172839,0.0067096081588835215,5.978260869565218,
72,50.4092860976919,,20.571658615136876,8.675523349436393,8.05823939881911,1.1741814278046163,3.7037037037037037,2.38191089640365,,5.025496511003757,
73,52.442297369833604,,19.89398819108964,8.091787439613526,7.1725711218464845,0.9728931830381106,4.636339237788513,2.38191089640365,,4.408212560386473,
74,52.57648953301127,,17.290660225442835,10.715244229736983,7.159151905528717,0.9728931830381106,4.636339237788513,2.2410091250670963,,4.408212560386473,
75,54.73698336017176,,15.935319377348362,10.25228126677402,6.5552871712292005,1.4492753623188406,4.294149221685454,2.7979066022544283,,3.978797638217928,
76,52.522812667740205,,17.894524959742352,9.359903381642512,6.219806763285024,1.42914653784219,3.502415458937198,2.7979066022544283,,6.273483628556092,
77,54.468599033816425,,16.7337627482555,9.359903381642512,5.488459473966721,1.42914653784219,3.4621578099838968,2.7844873859366612,,6.273483628556092,
78,56.005099302200755,,15.794417606011809,9.31964573268921,5.360976918947934,1.42914653784219,3.3145464304884595,2.5966183574879227,,6.179549114331723,
79,57.75630703166935,,14.465915190552872,8.165593129361245,6.66935050993022,1.415727321524423,3.0864197530864197,2.314814814814815,,6.125872249060655,
80,59.286097691894796,,13.526570048309178,8.105206655931294,6.4412238325281805,1.1205045625335481,3.079710144927536,2.314814814814815,,6.125872249060655,
81,60.37976382179281,,13.01663982823403,7.561728395061729,5.428073000536768,1.1205045625335481,4.052603327965647,2.314814814814815,,6.125872249060655,
82,60.96349973161568,,12.177938808373591,7.85024154589372,5.394524959742351,1.1205045625335481,4.052603327965647,2.314814814814815,,6.125872249060655,
83,61.78878153515835,,11.721685453569512,7.581857219538379,5.394524959742351,1.1205045625335481,4.052603327965647,2.314814814814815,,6.025228126677402,
84,60.65485775630703,,14.492753623188406,5.9514224369296835,4.320987654320987,1.093666129898014,5.857487922705314,1.6035963499731616,,6.025228126677402,
85,61.18491680085883,,13.070316693505099,5.776972624798712,4.0995705850778315,1.093666129898014,6.387546967257112,2.7844873859366612,,5.60252281266774,
86,62.61406333870102,,12.674449812130971,5.629361245303274,4.0995705850778315,1.093666129898014,6.213097155126141,2.7106816961889426,,4.9651100375738055,
87,62.76838432635534,,12.909286097691895,5.508588298443371,4.0995705850778315,1.093666129898014,6.125872249060655,2.7106816961889426,,4.783950617283951,
88,64.03650026838433,,12.124261943102523,5.669618894256575,4.0995705850778315,1.0735373054213635,6.300322061191626,2.214170692431562,,4.4820182501341925,
89,63.71443907675792,,11.788781535158346,5.434782608695652,4.0995705850778315,1.0735373054213635,7.313472893183038,2.214170692431562,,4.361245303274289,
90,64.18411164787976,,11.446591519055287,4.757112184648417,3.6366076221148687,0.9997316156736447,9.151905528717123,1.7914653784219001,,4.032474503488996,
91,65.25764895330113,,11.312399355877616,4.656468062265164,3.6366076221148687,0.9997316156736447,8.896940418679549,1.7914653784219001,,3.44873859366613,
92,66.57944176060118,,10.896403650026839,4.656468062265164,3.5292538915727323,0.9997316156736447,8.36688137412775,1.5230810520665594,,3.44873859366613,
93,68.53864734299516,,9.896672034353195,4.522275899087493,3.488996242619431,0.9796027911969941,7.689210950080516,1.5230810520665594,,3.361513687600644,
94,69.6256038647343,,9.782608695652174,4.1532474503489,3.3145464304884595,0.9728931830381106,7.4141170155662905,1.3754696725711217,,3.361513687600644,
95,70.28314546430488,,9.668545356951155,3.978797638217928,3.2742887815351582,0.9728931830381106,7.4141170155662905,1.3754696725711217,,3.0327428878153517,
96,69.33038110574343,,9.46725711218465,3.851315083199141,3.8043478260869565,0.9728931830381106,8.232689210950081,1.3754696725711217,,2.965646806226516,
97,69.29012345679013,,9.205582393988191,3.844605475040258,4.180085882984434,0.9728931830381106,8.172302737520129,1.3754696725711217,,2.9589371980676327,
98,70.20263016639828,,9.158615136876007,3.7909286097691894,4.180085882984434,0.9728931830381106,7.434245840042942,1.3754696725711217,,2.885131508319914,
99,69.23644659151906,,8.977455716586151,4.676596886741814,3.6231884057971016,0.9728931830381106,7.199409554482019,2.6033279656468062,,2.7106816961889426,
100,69.35050993022007,,8.487654320987655,4.374664519592056,3.616478797638218,0.7045088566827697,8.152173913043478,2.6033279656468062,,2.7106816961889426,
101,69.73295759527643,,8.480944712828771,4.280730005367687,3.4286097691894795,0.7045088566827697,7.6623725174449815,3.455448201825013,,2.254428341384863,
102,69.28341384863124,,8.205850778314547,4.87788513150832,3.307836822329576,0.7045088566827697,8.923778851315083,3.44873859366613,,1.247987117552335,
103,69.43102522812667,,8.085077831454644,4.871175523349437,3.2877079978529253,0.7045088566827697,8.923778851315083,3.44873859366613,,1.247987117552335,
104,70.24288781535158,,7.152442297369833,4.314278046162104,3.2877079978529253,0.7045088566827697,9.856414385399892,3.44873859366613,,0.9930220075147611,
105,67.35775630703166,,6.843800322061192,2.563070316693505,3.2742887815351582,0.6977992485238862,9.728931830381105,3.44873859366613,,6.085614600107354,
106,70.28314546430488,,6.481481481481482,2.563070316693505,3.1535158346752548,0.6977992485238862,8.55475040257649,2.2074610842726785,,6.0587761674718195,
107,71.47745571658615,,5.810520665593129,2.462426194310252,2.85829307568438,0.5703166935050993,8.55475040257649,2.2074610842726785,,6.0587761674718195,
108,72.00080515297907,,5.756843800322061,2.4557165861513686,2.85829307568438,0.5703166935050993,8.09849704777241,2.2074610842726785,,6.052066559312936,
109,72.33628556092324,,5.756843800322061,2.4020397208803006,2.717391304347826,0.5703166935050993,7.957595276435856,2.2074610842726785,,6.052066559312936,
110,72.65834675254965,,5.448201825013419,3.4621578099838968,2.717391304347826,0.4830917874396135,7.387278582930757,2.1135265700483092,,5.730005367686527,
111,73.15485775630704,,5.24020397208803,3.864734299516908,3.280998389694042,0.4830917874396135,7.367149758454106,2.1135265700483092,,4.49543746645196,
112,73.71846484165324,,5.065754159957058,3.656736446591519,3.280998389694042,0.4830917874396135,7.185990338164252,2.1135265700483092,,4.49543746645196,
113,74.18813741277509,,4.49543746645196,4.341116478797638,3.0193236714975846,0.4294149221685454,6.528448738593666,1.778046162104133,,5.22007514761138,
114,74.30220075147611,,4.300858829844337,4.341116478797638,2.7106816961889426,0.4294149221685454,6.347289318303811,2.576489533011272,,4.99194847020934,
115,74.38271604938272,,4.300858829844337,4.341116478797638,2.7106816961889426,0.4294149221685454,6.266774020397209,2.576489533011272,,4.99194847020934,
116,74.020397208803,,3.878153515834675,4.233762748255502,2.677133655394525,0.4294149221685454,7.192699946323135,2.576489533011272,,4.99194847020934,
117,75.07380568974772,,3.4957058507783145,3.9318303811057436,2.5026838432635534,0.4294149221685454,7.058507783145465,2.5295222758990876,,4.978529253891573,
118,75.06709608158883,,3.260869565217391,3.851315083199141,2.1269457863660763,0.4294149221685454,7.977724100912507,2.5295222758990876,,4.757112184648417,
119,74.6779388083736,,3.052871712292002,3.851315083199141,3.0193236714975846,0.4227053140096618,7.856951154052603,2.3617820719269993,,4.757112184648417,
120,74.38271604938272,,2.9589371980676327,3.535963499731616,3.992216854535695,0.4227053140096618,7.588566827697263,2.3617820719269993,,4.757112184648417,
121,73.58427267847557,,3.683574879227053,4.166666666666667,3.8378958668813743,0.4227053140096618,7.185990338164252,2.3617820719269993,,4.757112184648417,
122,73.83923778851315,,3.4286097691894795,4.166666666666667,3.8378958668813743,0.4227053140096618,7.185990338164252,2.3617820719269993,,4.757112184648417,
123,74.12104133118626,,3.374932903918411,4.139828234031133,3.824476650563607,0.4227053140096618,7.159151905528717,2.3617820719269993,,4.5960815888352125,
124,73.66478797638219,,3.227321524422974,4.998658078368224,4.555823939881911,0.4227053140096618,6.340579710144928,2.1940418679549114,,4.5960815888352125,
125,74.61084272678475,,3.227321524422974,4.7101449275362315,4.240472356414386,0.4227053140096618,6.031937734836285,2.1604938271604937,,4.5960815888352125,
126,75.02683843263553,,3.1736446591519054,4.703435319377348,4.180085882984434,0.4227053140096618,5.736714975845411,2.1604938271604937,,4.5960815888352125,
127,75.16774020397209,,3.1199677938808374,4.367954911433173,4.569243156199678,0.4227053140096618,5.595813204508857,2.1604938271604937,,4.5960815888352125,
128,74.40284487385937,,3.046162104133119,3.9720880300590444,5.173107890499195,0.36902844873859364,6.468062265163715,1.9726247987117553,,4.5960815888352125,
129,75.93263553408481,,2.7844873859366612,3.2742887815351582,4.978529253891573,0.36902844873859364,6.266774020397209,1.90552871712292,,4.488727858293076,
130,76.88539989264628,,2.7241009125067097,3.0730005367686526,4.508856682769726,0.36902844873859364,6.226516371443908,1.90552871712292,,4.30756843800322,
131,77.5228126677402,,2.7241009125067097,3.0730005367686526,4.508856682769726,0.36902844873859364,6.219806763285024,1.90552871712292,,3.6768652710681695,
132,78.48899624261944,,2.7241009125067097,3.066290928609769,4.247181964573269,0.36902844873859364,6.219806763285024,1.5432098765432098,,3.3413848631239937,
133,78.28099838969405,,2.6435856146001075,2.8784219001610305,5.213365539452496,0.36902844873859364,5.736714975845411,1.5432098765432098,,3.33467525496511,
134,78.28099838969405,,2.6435856146001075,2.8784219001610305,5.213365539452496,0.36902844873859364,5.736714975845411,1.5432098765432098,,3.33467525496511,
135,78.56280193236715,,2.6301663982823404,2.6637144390767578,5.213365539452496,0.36902844873859364,5.683038110574342,1.5432098765432098,,3.33467525496511,
136,79.73698336017176,,2.5697799248523885,2.5966183574879227,4.9651100375738055,0.36902844873859364,5.683038110574342,1.724369296833065,,2.3550724637681157,
137,80.11943102522812,,2.428878153515835,2.5026838432635534,4.918142780461621,0.36902844873859364,5.642780461621041,1.724369296833065,,2.2946859903381642,
138,80.24020397208803,,2.428878153515835,2.5026838432635534,4.824208266237251,0.36902844873859364,5.615942028985507,1.724369296833065,,2.2946859903381642,
139,79.60279119699409,,2.4020397208803006,3.193773483628556,4.824208266237251,0.36902844873859364,5.595813204508857,1.7176596886741815,,2.2946859903381642,
140,78.31454643048846,,2.38191089640365,4.636339237788513,4.7638217928073,0.36902844873859364,5.528717122920021,1.710950080515298,,2.2946859903381642,
141,78.94524959742351,,2.38191089640365,4.280730005367687,4.522275899087493,0.36902844873859364,5.515297906602254,1.710950080515298,,2.2745571658615136,
142,78.03274288781535,,2.38191089640365,5.246913580246914,4.468599033816425,0.36902844873859364,5.515297906602254,1.710950080515298,,2.2745571658615136,
143,77.70397208803006,,2.341653247450349,4.817498658078368,4.320987654320987,0.36902844873859364,6.890767579173376,1.4962426194310252,,2.059849704777241,
144,78.03945249597423,,1.865271068169619,4.817498658078368,4.783950617283951,0.2616747181964573,6.709608158883521,1.4626945786366077,,2.059849704777241,
145,77.24771873322598,,1.865271068169619,4.804079441760601,5.589103596349974,0.2616747181964573,6.709608158883521,1.4626945786366077,,2.059849704777241,
146,77.45571658615137,,1.8518518518518519,4.804079441760601,5.414653784219001,0.2616747181964573,6.709608158883521,1.4626945786366077,,2.0397208803005906,
147,76.12050456253355,,1.8518518518518519,4.730273752012883,5.414653784219001,0.2616747181964573,8.145464304884594,1.4626945786366077,,2.0128824476650564,
148,76.55662909286097,,1.8518518518518519,4.5960815888352125,5.3341384863123995,0.2616747181964573,7.924047235641439,1.4626945786366077,,2.0128824476650564,
149,75.50322061191626,,1.7914653784219001,4.5960815888352125,6.662640901771336,0.2616747181964573,7.742887815351583,1.42914653784219,,2.0128824476650564,
150,77.01959205582394,,1.6438539989264627,4.575952764358561,6.387546967257112,0.2616747181964573,6.763285024154589,1.3352120236178207,,2.0128824476650564,
151,72.59125067096082,,1.6237251744498122,4.508856682769726,8.199141170155663,0.19457863660762212,7.461084272678476,1.093666129898014,,1.3016639828234031,3.026033279656468
152,72.12157809983897,,1.6237251744498122,5.287171229200215,8.13875469672571,0.19457863660762212,7.212828770799785,1.093666129898014,,1.3016639828234031,3.026033279656468
153,71.39023081052066,,1.6170155662909287,5.267042404723564,8.13875469672571,0.19457863660762212,7.159151905528717,1.90552871712292,,1.3016639828234031,3.026033279656468
154,70.77294685990339,,1.570048309178744,5.267042404723564,8.883521202361782,0.19457863660762212,7.159151905528717,1.8853998926462694,,1.2412775093934514,3.026033279656468
155,71.39023081052066,,1.5029522275899088,5.260332796564681,8.59500805152979,0.19457863660762212,7.011540526033279,1.8853998926462694,,1.133923778851315,3.026033279656468
156,71.39023081052066,,1.5029522275899088,5.260332796564681,8.59500805152979,0.19457863660762212,7.011540526033279,1.8853998926462694,,1.133923778851315,3.026033279656468
157,72.13499731615674,,1.4895330112721417,5.018786902844874,8.454106280193237,0.18115942028985507,6.971282877079979,1.8853998926462694,,1.133923778851315,2.7308105206655933
158,70.73268921095008,,1.4761137949543746,6.763285024154589,8.454106280193237,0.18115942028985507,6.642512077294686,1.8853998926462694,,1.133923778851315,2.7308105206655933
159,71.19565217391305,,1.42914653784219,6.763285024154589,8.105206655931294,0.12077294685990338,6.642512077294686,1.8786902844873858,,1.133923778851315,2.7308105206655933
160,72.16854535695116,,1.4224369296833066,6.622383252818035,7.601986044015029,0.12077294685990338,6.320450885668277,1.8786902844873858,,1.133923778851315,2.7308105206655933
161,72.59125067096082,,1.402308105206656,6.407675791733762,7.595276435856146,0.12077294685990338,6.139291465378422,1.8786902844873858,,1.133923778851315,2.7308105206655933
162,73.30917874396135,,1.2345679012345678,6.327160493827161,7.125603864734299,0.12077294685990338,6.139291465378422,1.8786902844873858,,1.133923778851315,2.7308105206655933
163,74.19484702093398,,1.2345679012345678,6.327160493827161,6.239935587761675,0.12077294685990338,6.139291465378422,1.8786902844873858,,1.133923778851315,2.7308105206655933
164,74.71148684916801,,1.2077294685990339,6.112453032742888,6.213097155126141,0.12077294685990338,5.904455179817498,1.8786902844873858,,1.1205045625335481,2.7308105206655933
165,74.71148684916801,,1.2077294685990339,6.112453032742888,6.213097155126141,0.12077294685990338,5.904455179817498,1.8786902844873858,,1.1205045625335481,2.7308105206655933
166,72.73215244229738,,1.2077294685990339,6.535158346752549,6.119162640901771,0.12077294685990338,5.709876543209877,1.8786902844873858,,2.965646806226516,2.7308105206655933
167,73.26221148684917,,1.2077294685990339,6.260064412238325,6.092324208266238,0.12077294685990338,5.709876543209877,1.8786902844873858,,2.737520128824477,2.7308105206655933
168,73.82581857219539,,1.2077294685990339,5.6964573268921095,6.092324208266238,0.12077294685990338,5.709876543209877,1.8786902844873858,,2.737520128824477,2.7308105206655933
169,71.18223295759528,,1.2077294685990339,5.555555555555555,5.877616747181965,0.12077294685990338,5.387815351583468,1.8719806763285025,,6.0654857756307035,2.7308105206655933
170,71.30971551261406,,1.2077294685990339,5.555555555555555,5.877616747181965,0.12077294685990338,5.387815351583468,1.8719806763285025,,6.0654857756307035,2.6033279656468062
171,71.85319377348362,,1.2077294685990339,5.535426731078905,5.877616747181965,0.12077294685990338,5.387815351583468,1.8719806763285025,,5.542136339237788,2.6033279656468062
172,71.85319377348362,,1.2077294685990339,5.535426731078905,5.877616747181965,0.12077294685990338,5.387815351583468,1.8719806763285025,,5.542136339237788,2.6033279656468062
173,72.36312399355877,,1.2077294685990339,5.025496511003757,5.877616747181965,0.12077294685990338,5.387815351583468,1.8719806763285025,,5.542136339237788,2.6033279656468062
174,72.41009125067096,,1.1607622114868492,5.025496511003757,5.877616747181965,0.12077294685990338,5.387815351583468,1.8719806763285025,,5.542136339237788,2.6033279656468062
175,72.43692968330649,,1.1607622114868492,5.01207729468599,5.877616747181965,0.12077294685990338,5.374396135265701,1.8719806763285025,,5.542136339237788,2.6033279656468062
176,72.44363929146537,,1.1607622114868492,5.01207729468599,5.870907139023081,0.12077294685990338,5.374396135265701,1.8719806763285025,,5.542136339237788,2.6033279656468062
177,71.22920021470746,,1.1607622114868492,5.01207729468599,5.770263016639828,0.12077294685990338,6.837090713902308,1.8719806763285025,,5.394524959742351,2.6033279656468062
178,71.33655394524959,,1.1607622114868492,5.01207729468599,5.662909286097692,0.12077294685990338,6.837090713902308,1.8719806763285025,,5.394524959742351,2.6033279656468062
179,71.4573268921095,,1.0802469135802468,5.01207729468599,5.662909286097692,0.12077294685990338,6.796833064949007,1.8719806763285025,,5.394524959742351,2.6033279656468062
180,71.27616747181965,,1.0802469135802468,4.797369833601718,5.615942028985507,0.12077294685990338,7.722758990874933,1.8719806763285025,,4.911433172302737,2.6033279656468062
181,71.75254965110038,,1.0802469135802468,4.757112184648417,5.314009661835748,0.12077294685990338,7.648953301127214,1.8115942028985508,,4.911433172302737,2.6033279656468062
182,72.10144927536231,,1.0802469135802468,4.757112184648417,5.314009661835748,0.12077294685990338,7.300053676865271,1.8115942028985508,,4.911433172302737,2.6033279656468062
183,72.54428341384863,,1.0802469135802468,4.757112184648417,4.924852388620504,0.12077294685990338,7.300053676865271,1.7579173376274826,,4.911433172302737,2.6033279656468062
184,73.31588835212024,,0.9728931830381106,4.683306494900698,4.64975845410628,0.12077294685990338,7.105475040257649,1.6371443907675791,,4.911433172302737,2.6033279656468062
185,74.34245840042942,,0.9594739667203436,4.240472356414386,4.528985507246377,0.12077294685990338,7.098765432098766,1.6371443907675791,,4.468599033816425,2.6033279656468062
186,73.43666129898014,,0.9594739667203436,4.240472356414386,5.434782608695652,0.12077294685990338,7.098765432098766,1.6371443907675791,,4.468599033816425,2.6033279656468062
187,72.7992485238862,,1.6706924315619969,4.166666666666667,5.434782608695652,0.12077294685990338,7.098765432098766,1.6371443907675791,,4.468599033816425,2.6033279656468062
188,73.35614600107354,,1.583467525496511,4.166666666666667,5.320719269994632,0.12077294685990338,7.092055823939882,1.288244766505636,,4.468599033816425,2.6033279656468062
189,73.98684916800859,,1.583467525496511,4.166666666666667,5.320719269994632,0.12077294685990338,6.461352657004831,1.288244766505636,,4.468599033816425,2.6033279656468062
190,74.308910359635,,1.583467525496511,4.166666666666667,5.320719269994632,0.12077294685990338,6.461352657004831,1.288244766505636,,4.146537842190016,2.6033279656468062
191,74.07407407407408,,1.583467525496511,5.072463768115942,5.314009661835748,0.12077294685990338,6.286902844873859,1.288244766505636,,3.656736446591519,2.6033279656468062
192,74.34245840042942,,1.583467525496511,5.072463768115942,5.314009661835748,0.12077294685990338,6.018518518518518,1.288244766505636,,3.656736446591519,2.6033279656468062
193,73.74530327428879,,1.482823403113258,5.059044551798175,5.273752012882448,0.12077294685990338,6.769994632313473,1.288244766505636,,3.656736446591519,2.6033279656468062
194,71.46403650026838,,3.488996242619431,5.676328502415459,4.690016103059581,0.12077294685990338,6.749865807836822,2.200751476113795,,3.589640365002684,2.01959205582394
195,71.88674181427804,,3.488996242619431,5.508588298443371,4.690016103059581,0.12077294685990338,6.649221685453569,2.200751476113795,,3.589640365002684,1.865271068169619
196,72.27589908749329,,3.2541599570585076,5.508588298443371,4.690016103059581,0.12077294685990338,6.494900697799249,2.200751476113795,,3.589640365002684,1.865271068169619
197,72.98040794417606,,3.2340311325818574,5.320719269994632,4.690016103059581,0.12077294685990338,6.474771873322598,2.200751476113795,,3.589640365002684,1.3888888888888888
198,74.50348899624262,,3.126677402039721,4.790660225442834,4.669887278582931,0.12077294685990338,6.031937734836285,1.9189479334406871,,3.589640365002684,1.247987117552335
199,74.65780998389694,,3.126677402039721,4.790660225442834,4.562533548040794,0.12077294685990338,6.011808910359635,1.9189479334406871,,3.5628019323671496,1.247987117552335
200,74.65780998389694,,3.126677402039721,4.790660225442834,4.562533548040794,0.12077294685990338,6.011808910359635,1.9189479334406871,,3.5628019323671496,1.247987117552335
201,74.11433172302738,,4.079441760601181,4.7638217928073,4.555823939881911,0.12077294685990338,5.776972624798712,1.9189479334406871,,3.421900161030596,1.247987117552335
202,74.22839506172839,,4.079441760601181,4.7638217928073,4.555823939881911,0.12077294685990338,5.6964573268921095,1.9189479334406871,,3.421900161030596,1.2144390767579174
203,74.84567901234568,,4.079441760601181,4.7638217928073,4.555823939881911,0.12077294685990338,5.441492216854535,1.583467525496511,,3.3950617283950617,1.2144390767579174
204,75.52334943639292,,4.079441760601181,4.736983360171766,4.555823939881911,0.12077294685990338,5.441492216854535,1.583467525496511,,3.2877079978529253,0.6709608158883521
205,76.0198604401503,,2.9388083735909825,4.736983360171766,4.253891572732153,0.12077294685990338,6.474771873322598,1.583467525496511,,3.2004830917874396,0.6709608158883521
206,75.76489533011272,,2.831454643048846,4.736983360171766,4.106280193236715,0.12077294685990338,6.474771873322598,2.0933977455716586,,3.2004830917874396,0.6709608158883521
207,75.76489533011272,,2.831454643048846,4.736983360171766,4.106280193236715,0.12077294685990338,6.474771873322598,2.0933977455716586,,3.2004830917874396,0.6709608158883521
208,75.76489533011272,,2.831454643048846,4.736983360171766,4.106280193236715,0.12077294685990338,6.474771873322598,2.0933977455716586,,3.2004830917874396,0.6709608158883521
209,75.06709608158883,,2.791196994095545,5.709876543209877,4.079441760601181,0.12077294685990338,6.367418142780462,1.9927536231884058,,3.2004830917874396,0.6709608158883521
210,75.54347826086956,,2.7643585614600106,5.656199677938808,4.05931293612453,0.12077294685990338,5.991680085882985,1.9927536231884058,,3.2004830917874396,0.6709608158883521
211,76.71765968867417,,2.2611379495437465,4.985238862050457,4.05931293612453,0.12077294685990338,5.991680085882985,1.9927536231884058,,3.2004830917874396,0.6709608158883521
212,76.71765968867417,,2.2611379495437465,4.985238862050457,4.05931293612453,0.12077294685990338,5.991680085882985,1.9927536231884058,,3.2004830917874396,0.6709608158883521
213,76.7512077294686,,2.2611379495437465,4.985238862050457,4.05931293612453,0.12077294685990338,5.958132045088567,1.9927536231884058,,3.2004830917874396,0.6709608158883521
214,75.82528180354268,,2.2611379495437465,5.911164787976382,4.05931293612453,0.12077294685990338,5.958132045088567,1.9927536231884058,,3.2004830917874396,0.6709608158883521
215,76.21443907675791,,2.2611379495437465,5.911164787976382,4.05931293612453,0.12077294685990338,5.958132045088567,1.9927536231884058,,3.0931293612453032,0.38915727321524424
216,76.4224369296833,,2.2611379495437465,6.1862587224906065,3.9586688137412773,0.12077294685990338,5.958132045088567,1.9927536231884058,,2.7106816961889426,0.38915727321524424
217,77.22088030059045,,1.6438539989264627,6.1862587224906065,3.9586688137412773,0.12077294685990338,5.844068706387547,1.9927536231884058,,2.6435856146001075,0.38915727321524424
218,76.97262479871175,,1.6438539989264627,7.347020933977456,3.5225442834138487,0.12077294685990338,5.844068706387547,1.9927536231884058,,2.167203435319377,0.38915727321524424
219,76.7109500805153,,1.556629092860977,7.823403113258186,3.5225442834138487,0.12077294685990338,5.71658615136876,1.9927536231884058,,2.167203435319377,0.38915727321524424
220,76.76462694578636,,1.556629092860977,7.823403113258186,3.5225442834138487,0.12077294685990338,5.662909286097692,1.9927536231884058,,2.167203435319377,0.38915727321524424
221,77.12694578636608,,1.556629092860977,7.823403113258186,3.361513687600644,0.12077294685990338,5.662909286097692,1.7914653784219001,,2.167203435319377,0.38915727321524424
222,77.12694578636608,,1.556629092860977,7.823403113258186,3.361513687600644,0.12077294685990338,5.662909286097692,1.7914653784219001,,2.167203435319377,0.38915727321524424
223,77.12694578636608,,1.556629092860977,7.823403113258186,3.361513687600644,0.12077294685990338,5.662909286097692,1.7914653784219001,,2.167203435319377,0.38915727321524424
224,77.07997852925389,,1.556629092860977,7.823403113258186,2.831454643048846,0.12077294685990338,5.649490069779925,2.38191089640365,,2.167203435319377,0.38915727321524424
225,77.60332796564681,,1.5096618357487923,7.5348899624261945,2.831454643048846,0.12077294685990338,5.649490069779925,2.38191089640365,,1.9793344068706387,0.38915727321524424
226,78.4151905528717,,1.328502415458937,8.36688137412775,1.9457863660762211,0.12077294685990338,5.307300053676865,2.38191089640365,,1.7444981213097155,0.38915727321524424
227,77.9723564143854,,1.328502415458937,8.36688137412775,2.8381642512077296,0.12077294685990338,5.213365539452496,2.0263016639828235,,1.7444981213097155,0.38915727321524424
228,78.32125603864735,,1.1272141706924315,8.36688137412775,2.8381642512077296,0.12077294685990338,5.065754159957058,2.0263016639828235,,1.7444981213097155,0.38915727321524424
229,78.64331723027375,,1.107085346215781,8.36688137412775,2.8381642512077296,0.12077294685990338,4.7638217928073,2.0263016639828235,,1.7444981213097155,0.38915727321524424
230,78.73725174449812,,1.107085346215781,8.272946859903382,2.8381642512077296,0.12077294685990338,4.7638217928073,2.0263016639828235,,1.7444981213097155,0.38915727321524424
231,78.8311862587225,,1.107085346215781,8.179012345679013,2.8381642512077296,0.12077294685990338,4.7638217928073,2.0263016639828235,,1.7444981213097155,0.38915727321524424
232,78.92512077294685,,1.107085346215781,8.085077831454644,2.8381642512077296,0.12077294685990338,4.7638217928073,2.0263016639828235,,1.7444981213097155,0.38915727321524424
233,78.94524959742351,,1.1003757380568975,8.085077831454644,2.8381642512077296,0.12077294685990338,4.750402576489533,2.0263016639828235,,1.7444981213097155,0.38915727321524424
234,79.75711218464842,,1.1003757380568975,7.830112721417069,2.6838432635534084,0.12077294685990338,4.750402576489533,1.6237251744498122,,1.7444981213097155,0.38915727321524424
235,80.66290928609769,,0.8990874932903918,7.461084272678476,2.6838432635534084,0.12077294685990338,4.750402576489533,1.6237251744498122,,1.4090177133655395,0.38915727321524424
236,80.68303811057434,,0.8990874932903918,7.461084272678476,2.6838432635534084,0.12077294685990338,4.730273752012883,1.6237251744498122,,1.4090177133655395,0.38915727321524424
237,80.68303811057434,,0.8990874932903918,7.461084272678476,2.6838432635534084,0.12077294685990338,4.730273752012883,1.6237251744498122,,1.4090177133655395,0.38915727321524424
238,80.68303811057434,,0.8990874932903918,7.461084272678476,2.6838432635534084,0.12077294685990338,4.730273752012883,1.6237251744498122,,1.4090177133655395,0.38915727321524424
239,80.68303811057434,,0.8990874932903918,7.461084272678476,2.6838432635534084,0.12077294685990338,4.730273752012883,1.6237251744498122,,1.4090177133655395,0.38915727321524424
240,80.10601180891035,,0.8990874932903918,7.447665056360709,2.6637144390767578,0.12077294685990338,5.340848094471283,1.6237251744498122,,1.4090177133655395,0.38915727321524424
241,80.27375201288245,,0.8990874932903918,7.447665056360709,2.6637144390767578,0.12077294685990338,5.340848094471283,1.6237251744498122,,1.2412775093934514,0.38915727321524424
