,40,45,50,51,55,53,54,52,41,48,49,47
0,0.966183574879227,86.6411701556629,12.392646269457863,,,,,,,,,
1,1.3687600644122384,53.28770799785293,44.927536231884055,0.41599570585077833,,,,,,,,
2,1.9390767579173376,33.19914117015566,63.1105743424584,0.4092860976918948,1.3419216317767042,,,,,,,
3,2.6435856146001075,27.958937198067634,60.23215244229737,3.307836822329576,3.4017713365539453,2.4557165861513686,,,,,,
4,3.4151905528717124,24.14117015566291,60.04428341384863,3.307836822329576,4.951690821256038,2.885131508319914,1.2546967257112185,,,,,
5,2.965646806226516,12.97638217928073,72.0679012345679,2.4557165861513686,4.669887278582931,4.294149221685454,0.5703166935050993,,,,,
6,4.28743961352657,11.580783682232958,67.59930220075148,5.60252281266774,6.233225979602791,3.629898013955985,1.06682769726248,,,,,
7,5.971551261406334,10.88298443370907,60.37976382179281,6.239935587761675,7.6556629092860975,2.771068169618894,3.240740740740741,2.85829307568438,,,,
8,5.736714975845411,8.246108427267847,62.13768115942029,6.367418142780462,7.769726247987117,3.227321524422974,3.374932903918411,3.140096618357488,,,,
9,4.750402576489533,6.468062265163715,61.65458937198068,6.092324208266238,11.144659151905529,3.207192699946323,3.8043478260869565,2.8784219001610305,,,,
10,5.609232420826624,5.911164787976382,51.63714439076758,13.331991411701557,11.882716049382717,2.965646806226516,6.327160493827161,2.3349436392914655,,,,
11,6.353998926462695,5.589103596349974,48.2085346215781,15.754159957058508,13.788244766505636,3.2206119162640903,5.253623188405797,1.8317230273752012,,,,
12,7.333601717659689,5.152979066022544,42.80059044551798,15.666935050993022,16.23725174449812,3.589640365002684,6.608964036500268,2.61003757380569,,,,
13,8.55475040257649,4.830917874396135,42.94820182501342,12.822061191626409,17.09608158883521,4.408212560386473,6.957863660762212,2.38191089640365,,,,
14,7.863660762211487,4.066022544283414,46.81964573268921,11.869296833064949,15.378421900161031,5.629361245303274,5.0993022007514766,3.1468062265163717,0.1274825550187869,,,
15,7.917337627482555,3.240740740740741,45.71256038647343,15.619967793880837,12.902576489533011,5.998389694041868,4.750402576489533,3.730542136339238,0.1274825550187869,,,
16,8.53462157809984,2.8918411164787976,46.09500805152979,12.855609232420827,12.855609232420827,7.7831454643048845,4.8443370907139025,3.878153515834675,0.2616747181964573,,,
17,6.374127750939345,2.301395598497048,60.017444981213096,7.4006977992485234,9.950348899624261,5.998389694041868,4.804079441760601,2.85829307568438,0.2952227589908749,,,
18,6.850509930220075,1.9659151905528718,51.44256575415996,6.266774020397209,14.150563607085346,6.340579710144928,6.085614600107354,6.4412238325281805,0.4562533548040794,,,
19,7.454374664519592,1.8585614600107354,45.13553408480945,8.910359634997317,17.10950080515298,5.622651637144391,6.387546967257112,7.065217391304348,0.4562533548040794,,,
20,8.064949006977992,1.751207729468599,39.070048309178745,8.05823939881911,18.511808910359633,9.957058507783145,7.192699946323135,6.937734836285561,0.4562533548040794,,,
21,8.950617283950617,1.6975308641975309,35.909822866344605,6.260064412238325,19.732957595276435,10.560923242082662,9.541062801932368,6.89747718733226,0.4495437466451959,,,
22,9.916800858829845,1.556629092860977,30.656199677938808,6.146001073537305,19.89398819108964,9.265968867418144,12.050456253354804,10.010735373054214,0.5032206119162641,,,
23,8.514492753623188,1.2010198604401503,41.02925389157273,9.172034353193773,11.017176596886742,8.313204508856682,12.211486849168008,8.252818035426731,0.2885131508319914,,,
24,9.125067096081589,1.1808910359634996,37.526838432635536,10.748792270531402,11.07085346215781,9.453837895866881,11.500268384326356,9.151905528717123,0.24154589371980675,,,
25,7.185990338164252,0.5367686527106817,48.89291465378422,10.426731078904991,8.038110574342458,7.246376811594203,9.876543209876543,7.749597423510467,0.04696725711218465,,,
26,7.004830917874396,0.5367686527106817,43.142780461621044,9.420289855072463,9.923510466988727,9.943639291465379,11.453301127214171,8.527911969940956,0.04696725711218465,,,
27,7.501341921631776,0.4562533548040794,35.601180891035966,13.01663982823403,11.788781535158346,9.198872785829307,12.419484702093397,9.970477724100913,0.04696725711218465,,,
28,7.192699946323135,0.4428341384863124,31.159420289855074,12.775093934514224,13.372249060654857,10.681696188942565,13.79495437466452,10.534084809447128,0.04696725711218465,,,
29,7.50805152979066,0.35560923242082665,29.381374127750938,14.593397745571659,12.741545893719806,11.372785829307569,14.04320987654321,9.957058507783145,0.04696725711218465,,,
30,8.78287707997853,0.3488996242619431,26.630434782608695,14.506172839506172,13.747987117552334,11.037305421363392,13.56682769726248,11.332528180354267,0.04696725711218465,,,
31,8.964036500268385,0.3488996242619431,23.067632850241544,14.76784755770263,14.070048309178745,11.285560923242082,14.2914653784219,13.157541599570585,0.04696725711218465,,,
32,8.997584541062801,0.3488996242619431,21.920289855072465,13.18438003220612,14.566559312936125,11.453301127214171,14.741009125067096,14.606816961889425,0.18115942028985507,,,
33,9.829575952764358,0.3488996242619431,21.034621578099838,12.5,14.895330112721417,12.050456253354804,15.203972088030058,13.955984970477724,0.18115942028985507,,,
34,10.86285560923242,0.3488996242619431,19.806763285024154,11.869296833064949,14.754428341384862,12.70799785292539,15.136876006441224,14.331723027375201,0.18115942028985507,,,
35,12.097423510466989,0.3488996242619431,18.706387546967257,11.506977992485238,13.560118089103597,12.741545893719806,16.71363392377885,14.143853998926463,0.18115942028985507,,,
36,12.171229200214707,0.3421900161030596,18.61916264090177,9.017713365539452,13.056897477187333,14.801395598497047,17.082662372517444,14.727589908749328,0.18115942028985507,,,
37,12.822061191626409,0.3421900161030596,16.841116478797638,8.903650026838433,13.573537305421363,14.49946323134729,17.975040257648953,14.861782071927,0.18115942028985507,,,
38,12.325550187869029,0.17444981213097155,19.296833064949006,7.7831454643048845,13.895598497047773,13.546698872785829,18.095813204508858,14.700751476113794,0.18115942028985507,,,
39,12.453032742887816,0.17444981213097155,18.59903381642512,7.729468599033816,13.479602791196994,13.378958668813741,18.853998926462694,15.150295222758992,0.18115942028985507,,,
40,12.238325281803542,0.17444981213097155,16.686795491143318,10.513955984970478,12.4597423510467,14.412238325281804,19.91411701556629,13.063607085346217,0.16774020397208803,0.36902844873859364,,
41,9.25925925925926,0.10735373054213634,25.033548040794418,8.93719806763285,10.178475577026301,14.27133655394525,17.411433172302736,14.459205582393988,0.12077294685990338,0.2214170692431562,,
42,9.588030059044552,0.10735373054213634,24.516908212560388,8.145464304884594,10.25228126677402,14.251207729468598,17.277241009125067,15.519323671497585,0.12077294685990338,0.2214170692431562,,
43,9.574610842726784,0.013419216317767043,24.56387546967257,7.024959742351046,11.265432098765432,13.318572195383789,18.47826086956522,15.042941492216855,0.12077294685990338,0.2214170692431562,0.3757380568974772,
44,10.010735373054214,0.013419216317767043,26.50295222758991,7.313472893183038,11.18491680085883,13.043478260869565,16.75389157273215,14.506172839506172,0.07380568974771873,0.2214170692431562,0.3757380568974772,
45,10.567632850241546,0.0067096081588835215,23.805689747718734,9.64170692431562,9.916800858829845,12.741545893719806,17.887815351583466,14.761137949543746,0.07380568974771873,0.2214170692431562,0.3757380568974772,
46,12.090713902308105,0.0067096081588835215,22.10144927536232,9.728931830381105,9.346484165324744,13.674181427804616,17.64626945786366,14.734299516908212,0.07380568974771873,0.2214170692431562,0.3757380568974772,
47,12.553676865271068,0.0067096081588835215,20.242887815351583,12.788513150831992,9.420289855072463,13.694310252281268,15.794417606011809,14.40552871712292,0.06038647342995169,0.6575415995705851,0.3757380568974772,
48,11.668008588298443,0.0067096081588835215,16.720343531937736,15.203972088030058,9.104938271604938,15.022812667740205,15.096618357487923,15.787707997852925,0.06038647342995169,0.5501878690284487,0.7783145464304885,
49,9.742351046698873,0.0067096081588835215,32.30005367686527,10.889694041867955,4.28743961352657,13.875469672571121,12.392646269457863,15.465646806226516,0.20799785292538917,0.11406333870101985,0.7179280730005367,
50,10.00402576489533,0.0067096081588835215,30.139559849704778,11.60762211486849,4.562533548040794,11.493558776167472,13.976113794954374,17.16988727858293,0.20799785292538917,0.11406333870101985,0.7179280730005367,
51,10.809178743961352,0.0067096081588835215,29.61621041331186,12.245034889962426,4.247181964573269,12.654320987654321,13.7211486849168,15.774288781535159,0.20799785292538917,,0.7179280730005367,
52,10.48040794417606,0.0067096081588835215,28.27428878153516,13.264895330112722,3.589640365002684,12.909286097691895,15.277777777777779,15.465646806226516,0.20799785292538917,,0.5233494363929146,
53,10.587761674718196,0.0067096081588835215,27.147074610842726,13.009930220075148,3.81105743424584,12.607353730542137,16.337895866881375,15.76086956521739,0.20799785292538917,,0.5233494363929146,
54,9.4873859366613,0.0067096081588835215,27.355072463768117,17.867686527106816,3.1468062265163717,12.99651100375738,14.620236178207193,14.110305958132045,0.20799785292538917,,0.20128824476650564,
55,10.165056360708535,0.0067096081588835215,25.241545893719806,16.6935050993022,3.730542136339238,13.238056897477188,15.257648953301127,15.33816425120773,0.20799785292538917,,0.12077294685990338,
56,9.39345142243693,0.0067096081588835215,25.36231884057971,17.96833064949007,3.2340311325818574,12.909286097691895,14.278046162104133,14.955716586151368,0.36231884057971014,,1.5297906602254427,
57,6.622383252818035,0.0067096081588835215,45.62533548040794,13.144122383252817,3.556092324208266,9.225711218464841,12.915995705850777,7.199409554482019,0.18115942028985507,,1.5230810520665594,
58,7.367149758454106,0.0067096081588835215,43.27697262479871,12.929414922168545,4.602791196994096,9.29951690821256,12.5402576489533,8.3467525496511,0.10735373054213634,,1.5230810520665594,
59,7.360440150295223,,40.15700483091788,12.198067632850242,7.0450885668276975,9.98389694041868,12.560386473429952,8.923778851315083,0.24825550187869028,,1.5230810520665594,
60,7.615405260332796,,38.81508319914117,10.23215244229737,7.286634460547504,12.681159420289855,12.714707461084272,9.05126140633387,0.15432098765432098,,1.4492753623188406,
61,8.896940418679549,,36.312399355877616,10.641438539989265,6.877348362855609,14.009661835748792,12.889157273215245,9.118357487922705,0.15432098765432098,,1.1003757380568975,
62,9.722222222222221,,31.78341384863124,10.406602254428341,9.07139023081052,13.942565754159958,14.150563607085346,9.668545356951155,0.15432098765432098,,1.1003757380568975,
63,10.017444981213098,,30.609232420826622,10.527375201288244,8.997584541062801,15.398550724637682,14.150563607085346,9.091519055287172,0.10735373054213634,,1.1003757380568975,
64,10.674986580783683,,26.147342995169083,10.326086956521738,8.293075684380032,18.21658615136876,15.774288781535159,9.359903381642512,0.10735373054213634,,1.1003757380568975,
65,11.191626409017713,,23.872785829307567,10.124798711755233,7.326892109500805,18.646001073537306,14.774557165861514,9.359903381642512,0.06038647342995169,,4.643048845947397,
66,9.997316156736447,,20.33011272141707,15.08990874932904,7.581857219538379,17.458400429414922,15.432098765432098,9.997316156736447,0.06038647342995169,,4.052603327965647,
67,9.722222222222221,,19.89398819108964,15.479066022544284,7.347020933977456,17.52549651100376,15.230810520665592,10.82259796027912,0.06038647342995169,,3.9184111647879765,
68,8.407139023081053,,18.780193236714975,15.955448201825014,7.118894256575416,18.095813204508858,15.11003757380569,12.734836285560924,0.06038647342995169,,3.7372517444981215,
69,9.688674181427805,,18.61916264090177,14.345142243692969,7.011540526033279,19.89398819108964,14.049919484702093,12.607353730542137,0.05367686527106817,,3.730542136339238,
70,8.668813741277509,,17.122920021470748,15.53274288781535,6.984702093397746,20.182501341921633,13.687600644122384,14.197530864197532,0.05367686527106817,0.36231884057971014,3.207192699946323,
71,8.742619431025227,,19.068706387546968,15.713902308105206,7.253086419753086,17.250402576489535,12.473161567364466,12.808641975308642,0.05367686527106817,0.7179280730005367,5.917874396135265,
72,7.447665056360709,,21.014492753623188,14.895330112721417,7.367149758454106,17.08937198067633,12.385936661298981,14.06333870101986,0.05367686527106817,0.7179280730005367,4.9651100375738055,
73,7.7898550724637685,,20.189210950080515,14.432367149758454,6.662640901771336,16.297638217928075,13.493022007514762,15.955448201825014,0.05367686527106817,0.7179280730005367,4.408212560386473,
74,8.460815888352121,,17.68652710681696,16.6532474503489,7.37385936661299,15.351583467525497,13.09044551798175,16.203703703703702,0.05367686527106817,0.7179280730005367,4.408212560386473,
75,8.662104133118627,,16.358024691358025,17.20343531937735,7.25979602791197,15.58641975308642,13.875469672571121,16.304347826086957,0.05367686527106817,0.7179280730005367,3.978797638217928,
76,8.071658615136876,,19.02173913043478,16.27079978529254,6.9243156199677935,13.774825550187868,14.472624798711756,14.418947933440688,0.05367686527106817,0.7179280730005367,6.273483628556092,
77,8.21256038647343,,17.995169082125603,16.659957058507782,6.823671497584541,13.110574342458401,15.163714439076758,14.989264626945786,0.05367686527106817,0.7179280730005367,6.273483628556092,
78,9.03113258185722,,16.97530864197531,17.66639828234031,6.092324208266238,13.768115942028986,15.848094471282877,13.6808910359635,0.05367686527106817,0.7045088566827697,6.179549114331723,
79,9.138486312399356,,16.955179817498657,16.25067096081589,5.897745571658615,15.640096618357488,15.378421900161031,13.855340848094471,0.05367686527106817,0.7045088566827697,6.125872249060655,
80,9.158615136876007,,15.70048309178744,17.24369296833065,5.931293612453032,16.921631776704242,15.136876006441224,13.023349436392914,0.05367686527106817,0.7045088566827697,6.125872249060655,
81,9.668545356951155,,14.761137949543746,17.09608158883521,5.723295759527644,15.056360708534621,15.747450348899624,15.063070316693505,0.05367686527106817,0.7045088566827697,6.125872249060655,
82,10.748792270531402,,13.425925925925926,17.002147074610843,5.515297906602254,16.552603327965645,15.197262479871176,15.01610305958132,0.05367686527106817,0.36231884057971014,6.125872249060655,
83,11.439881910896403,,12.70799785292539,16.99543746645196,5.515297906602254,16.049382716049383,14.76784755770263,16.089640365002683,0.05367686527106817,0.36231884057971014,6.018518518518518,
84,10.285829307568438,,15.901771336553946,15.190552871712292,4.663177670424047,15.157004830917874,13.875469672571121,18.491680085882983,0.05367686527106817,0.36231884057971014,6.018518518518518,
85,10.0979602791197,,14.553140096618357,16.411701556629094,4.294149221685454,16.25067096081589,14.009661835748792,18.370907139023082,0.05367686527106817,0.36231884057971014,5.595813204508857,
86,11.064143853998926,,14.841653247450349,16.378153515834676,3.9184111647879765,16.337895866881375,13.6808910359635,18.42458400429415,0.03354804079441761,0.36231884057971014,4.958400429414922,
87,11.439881910896403,,14.694041867954912,15.68035426731079,3.9184111647879765,15.982286634460548,13.674181427804616,19.061996779388085,0.03354804079441761,0.026838432635534086,5.488459473966721,
88,11.2788513150832,,14.65378421900161,17.11621041331186,3.81105743424584,16.72705314009662,13.94927536231884,17.310789049919485,0.03354804079441761,0.026838432635534086,5.092592592592593,
89,10.648148148148149,,14.36527106816962,17.67981749865808,3.770799785292539,17.814009661835748,12.949543746645196,17.860976918947934,0.03354804079441761,0.026838432635534086,4.851046698872786,
90,10.513955984970478,,14.794685990338165,16.760601180891037,3.2742887815351582,17.599302200751477,13.94927536231884,18.552066559312937,0.0067096081588835215,0.026838432635534086,4.522275899087493,
91,11.057434245840042,,14.465915190552872,16.25738056897477,3.099838969404187,18.02871712292002,14.049919484702093,19.03515834675255,0.0067096081588835215,0.026838432635534086,3.9720880300590444,
92,12.76838432635534,,13.7211486849168,16.022544283413847,2.818035426731079,18.276972624798713,14.184111647879764,18.344068706387546,,0.026838432635534086,3.8378958668813743,
93,12.620772946859903,,13.311862587224907,16.23054213633924,3.0864197530864197,17.96833064949007,13.20450885668277,19.95437466451959,,0.026838432635534086,3.5963499731615673,
94,13.16425120772947,,13.170960815888352,15.827965646806227,2.703972088030059,18.270263016639827,12.385936661298981,20.967525496511005,,0.020128824476650563,3.488996242619431,
95,13.399087493290391,,13.493022007514762,15.371712292002147,2.6838432635534084,17.787171229200215,12.084004294149223,21.967257112184647,,0.020128824476650563,3.193773483628556,
96,13.808373590982287,,13.774825550187868,16.19699409554482,2.281266774020397,17.518786902844873,11.90955448201825,21.370101986044016,,0.020128824476650563,3.1199677938808374,
97,13.808373590982287,,13.365539452495975,16.80756843800322,2.2208803005904456,17.8743961352657,12.27187332259796,20.517981749865807,,0.020128824476650563,3.113258185721954,
98,14.949006977992486,,13.6808910359635,16.51905528717123,2.2208803005904456,18.203166935050994,12.258454106280194,19.129092860976918,,0.020128824476650563,3.0193236714975846,
99,15.230810520665592,,13.251476113794954,18.968062265163713,2.1135265700483092,17.23027375201288,11.701556629092861,18.16290928609769,,0.020128824476650563,3.321256038647343,
100,14.855072463768115,,13.325281803542673,18.42458400429415,1.8719806763285025,16.566022544283413,11.688137412775093,19.92753623188406,,0.020128824476650563,3.321256038647343,
101,14.814814814814815,,13.607085346215781,19.330381105743424,1.8451422436929683,16.337895866881375,11.90955448201825,19.256575415995705,,0.020128824476650563,2.8784219001610305,
102,13.620504562533547,,12.473161567364466,19.699409554482017,1.7444981213097155,16.780730005367687,11.728395061728396,21.93370907139023,,0.020128824476650563,1.9994632313472893,
103,14.284755770263017,,12.278582930756844,19.202898550724637,1.7444981213097155,16.6129898013956,11.668008588298443,22.188674181427803,,0.020128824476650563,1.9994632313472893,
104,14.774557165861514,,12.050456253354804,19.216317767042405,1.7444981213097155,16.646537842190018,11.386205045625335,22.094739667203434,,0.020128824476650563,2.0665593129361244,
105,15.22410091250671,,11.064143853998926,16.988727858293075,1.6639828234031133,15.633387010198604,10.131508319914117,22.12157809983897,,0.020128824476650563,7.152442297369833,
106,14.868491680085883,,12.171229200214707,16.404991948470208,1.6438539989264627,15.157004830917874,10.373054213633925,22.228931830381107,,0.020128824476650563,7.132313472893183,
107,14.278046162104133,,12.828770799785293,16.029253891572733,1.6035963499731616,15.103327965646805,10.272410091250672,22.913311862587225,,0.020128824476650563,6.951154052603328,
108,14.325013419216317,,12.593934514224369,16.21712292002147,1.5096618357487923,14.97584541062802,10.487117552334944,22.926731078904993,,0.020128824476650563,6.944444444444445,
109,14.06333870101986,,13.81508319914117,16.411701556629094,1.4761137949543746,14.492753623188406,10.654857756307031,22.282608695652176,,0.020128824476650563,6.78341384863124,
110,14.04320987654321,,12.97638217928073,17.344337090713903,1.3687600644122384,14.942297369833602,10.534084809447128,21.947128287707997,,0.0067096081588835215,6.837090713902308,
111,13.217928073000536,,13.01663982823403,19.444444444444443,1.3687600644122384,14.794685990338165,10.869565217391305,21.77938808373591,,0.0067096081588835215,5.501878690284487,
112,13.09044551798175,,12.151100375738057,19.732957595276435,1.3687600644122384,15.747450348899624,10.82259796027912,21.256038647342994,,0.46296296296296297,5.367686527106817,
113,13.647342995169081,,11.842458400429415,19.216317767042405,1.247987117552335,15.559581320450885,10.57434245840043,21.792807300053678,,0.10064412238325282,6.018518518518518,
114,13.801663982823403,,11.728395061728396,19.108964036500268,1.1137949543746646,14.955716586151368,10.782340311325818,22.282608695652176,,0.07380568974771873,6.152710681696189,
115,13.92914653784219,,11.728395061728396,19.692699946323135,1.0735373054213635,14.546430488459475,10.950080515297907,21.85319377348363,,0.07380568974771873,6.152710681696189,
116,13.613794954374665,,11.701556629092861,20.276435856146,1.0735373054213635,14.143853998926463,11.003757380568974,21.960547504025765,,0.07380568974771873,6.152710681696189,
117,13.271604938271604,,12.553676865271068,20.840042941492218,1.0735373054213635,14.2914653784219,10.95679012345679,21.027911969940956,,0.07380568974771873,5.911164787976382,
118,13.258185721953838,,13.39237788513151,19.26328502415459,1.0601180891035964,14.023081052066559,10.59447128287708,22.65834675254965,,0.07380568974771873,5.676328502415459,
119,13.801663982823403,,12.969672571121846,20.075147611379496,1.0399892646269457,14.278046162104133,10.38647342995169,21.73913043478261,,0.07380568974771873,5.636070853462158,
120,12.95625335480408,,13.868760064412239,19.330381105743424,1.0399892646269457,15.599838969404187,9.574610842726784,21.604938271604937,,0.07380568974771873,5.9514224369296835,
121,13.620504562533547,,13.707729468599034,20.182501341921633,1.0399892646269457,15.754159957058508,9.104938271604938,20.638754696725712,,0.07380568974771873,5.877616747181965,
122,13.768115942028986,,13.862050456253355,20.128824476650564,1.0399892646269457,15.411969940955448,9.07139023081052,20.7662372517445,,0.07380568974771873,5.877616747181965,
123,13.22463768115942,,14.076757917337627,18.833870101986044,1.0399892646269457,15.479066022544284,9.03113258185722,20.813204508856682,,0.5099302200751477,6.991411701556629,
124,13.063607085346217,,13.20450885668277,20.77294685990338,1.0265700483091786,15.479066022544284,8.621846484165324,20.46430488459474,,0.5099302200751477,6.857219538378959,
125,13.627214170692431,,12.654320987654321,20.739398819108963,1.0198604401502953,15.009393451422437,8.192431561996779,21.108427267847556,,0.5099302200751477,7.139023081052066,
126,13.83521202361782,,12.352388620504563,21.32313472893183,0.9326355340848095,16.14331723027375,8.071658615136876,19.692699946323135,,0.5099302200751477,7.139023081052066,
127,13.506441223832528,,12.426194310252281,21.276167471819647,0.8454106280193237,15.499194847020934,7.96430488459474,20.833333333333332,,0.5099302200751477,7.139023081052066,
128,13.325281803542673,,12.580515297906603,20.45088566827697,0.8051529790660226,16.049382716049383,7.628824476650563,21.141975308641975,,0.5099302200751477,7.50805152979066,
129,13.238056897477188,,11.66129898013956,20.913848631239937,0.5904455179817498,15.707192699946322,8.085077831454644,21.289586688137412,,0.2147074610842727,7.769726247987117,0.5300590445517982
130,13.58695652173913,,11.943102522812667,20.471014492753625,0.5904455179817498,15.734031132581856,7.991143317230274,21.4170692431562,,0.2147074610842727,7.521470746108427,0.5300590445517982
131,14.04320987654321,,11.896135265700483,20.994363929146537,0.5904455179817498,15.445517981749866,7.991143317230274,21.4170692431562,,0.1610305958132045,7.058507783145465,0.4025764895330113
132,14.231078904991948,,11.761943102522812,21.497584541062803,0.5904455179817498,16.163446054750402,7.595276435856146,21.14868491680086,,0.1610305958132045,6.447933440687064,0.4025764895330113
133,14.855072463768115,,11.714975845410628,20.98094471282877,0.5904455179817498,16.492216854535695,7.548309178743962,21.041331186258724,,0.1610305958132045,6.213097155126141,0.4025764895330113
134,14.97584541062802,,11.66129898013956,20.94068706387547,0.5904455179817498,16.492216854535695,7.548309178743962,21.014492753623188,,0.1610305958132045,6.213097155126141,0.4025764895330113
135,15.640096618357488,,11.594202898550725,21.36339237788513,0.5904455179817498,16.492216854535695,7.514761137949543,20.175791733762747,,0.1610305958132045,6.0654857756307035,0.4025764895330113
136,15.116747181964573,,11.56736446591519,20.665593129361245,0.5770263016639828,16.63311862587225,7.877079978529254,21.611647879763822,,0.1610305958132045,5.387815351583468,0.4025764895330113
137,15.344873859366613,,11.869296833064949,20.202630166398283,0.4830917874396135,16.988727858293075,7.568438003220612,21.940418679549115,,0.1610305958132045,5.038915727321524,0.4025764895330113
138,16.59957058507783,,11.782071926999464,19.92753623188406,0.4830917874396135,16.19699409554482,7.239667203435319,22.020933977455716,,0.14090177133655393,5.213365539452496,0.39586688137412773
139,16.25738056897477,,11.842458400429415,21.584809447128286,0.4830917874396135,16.203703703703702,6.951154052603328,21.128556092324207,,0.14090177133655393,5.01207729468599,0.39586688137412773
140,16.861245303274288,,11.419753086419753,22.18196457326892,0.36231884057971014,16.109769189479334,7.326892109500805,20.645464304884594,,0.14090177133655393,4.555823939881911,0.39586688137412773
141,16.6129898013956,,12.130971551261407,21.24932903918411,0.36231884057971014,16.183574879227052,7.326892109500805,21.443907675791735,,0.14090177133655393,4.1532474503489,0.39586688137412773
142,16.552603327965645,,11.90955448201825,21.752549651100377,0.36231884057971014,15.955448201825014,7.326892109500805,21.497584541062803,,0.14090177133655393,4.106280193236715,0.39586688137412773
143,16.566022544283413,,11.889425657541599,21.71900161030596,0.36231884057971014,15.767579173376275,7.427536231884058,21.833064949006978,,0.5770263016639828,3.603059581320451,0.2549651100375738
144,16.445249597423512,,11.017176596886742,22.886473429951693,0.33548040794417605,15.70048309178744,7.246376811594203,21.93370907139023,,0.5770263016639828,3.603059581320451,0.2549651100375738
145,16.57944176060118,,11.83574879227053,21.920289855072465,0.33548040794417605,16.344605475040257,6.776704240472356,21.786097691894792,,0.5770263016639828,3.589640365002684,0.2549651100375738
146,16.512345679012345,,11.379495437466453,22.269189479334408,0.33548040794417605,15.747450348899624,6.729736983360172,22.624798711755233,,0.5770263016639828,3.569511540526033,0.2549651100375738
147,15.76086956521739,,11.741814278046162,21.048040794417606,0.33548040794417605,15.546162104133119,6.716317767042405,24.08749329039184,,0.5770263016639828,3.9318303811057436,0.2549651100375738
148,17.28395061728395,,11.949812130971551,20.893719806763286,0.33548040794417605,15.069779924852389,6.575415995705851,23.309178743961354,,0.5770263016639828,3.750670960815888,0.2549651100375738
149,17.2638217928073,,12.191358024691358,21.155394524959743,0.3153515834675255,16.076221148684915,6.5485775630703165,21.866612989801396,,0.5770263016639828,3.750670960815888,0.2549651100375738
150,17.277241009125067,,12.191358024691358,21.088298443370906,0.3153515834675255,17.693236714975846,6.541867954911433,20.323403113258184,,0.5770263016639828,3.7372517444981215,0.2549651100375738
151,16.800858829844337,,11.735104669887278,19.6256038647343,0.24825550187869028,18.632581857219538,5.24020397208803,19.98792270531401,,3.603059581320451,3.8714439076757916,0.2549651100375738
152,17.364465915190554,,12.754965110037574,19.384057971014492,0.24825550187869028,18.230005367686527,5.24020397208803,19.37734836285561,,3.603059581320451,3.5426731078904994,0.2549651100375738
153,17.37788513150832,,12.245034889962426,19.712828770799785,0.24825550187869028,17.518786902844873,5.837359098228664,19.155931293612454,,3.603059581320451,4.045893719806763,0.2549651100375738
154,16.317767042404725,,12.815351583467525,19.404186795491142,0.24825550187869028,17.98174986580784,5.931293612453032,19.028448738593667,,3.603059581320451,4.414922168545357,0.2549651100375738
155,16.6129898013956,,14.049919484702093,19.048577563070317,0.24825550187869028,17.995169082125603,5.931293612453032,18.50509930220075,,3.603059581320451,3.750670960815888,0.2549651100375738
156,16.888083735909824,,14.103596349973161,18.88083735909823,0.24825550187869028,17.995169082125603,5.931293612453032,18.344068706387546,,3.603059581320451,3.750670960815888,0.2549651100375738
157,17.21014492753623,,13.90901771336554,19.122383252818036,0.24825550187869028,17.56575415995706,5.931293612453032,18.303811057434245,,3.2541599570585076,4.314278046162104,0.14090177133655393
158,16.6532474503489,,14.278046162104133,19.961084272678477,0.24825550187869028,17.424852388620504,5.931293612453032,17.431561996779386,,3.2541599570585076,4.676596886741814,0.14090177133655393
159,16.411701556629094,,13.855340848094471,20.40391841116479,0.24825550187869028,17.619431025228128,5.790391841116479,16.982018250134193,,3.2541599570585076,5.293880837359098,0.14090177133655393
160,16.35131508319914,,14.11701556629093,20.081857219538378,0.24825550187869028,17.45169082125604,6.286902844873859,16.854535695115406,,3.2541599570585076,5.213365539452496,0.14090177133655393
161,15.626677402039721,,14.486044015029522,19.887278582930758,0.24825550187869028,17.424852388620504,6.286902844873859,16.968599033816425,,3.911701556629093,5.12614063338701,0.03354804079441761
162,15.895061728395062,,14.640365002683843,19.464573268921097,0.24825550187869028,16.646537842190018,6.716317767042405,17.330917874396135,,3.9049919484702094,5.119431025228127,0.03354804079441761
163,16.10305958132045,,15.03623188405797,19.209608158883523,0.24825550187869028,16.67337627482555,6.709608158883521,17.122920021470748,,3.9049919484702094,4.958400429414922,0.03354804079441761
164,15.94873859366613,,15.982286634460548,19.43102522812668,0.24825550187869028,16.42512077294686,6.6760601180891035,16.317767042404725,,3.7104133118625873,5.226784755770263,0.03354804079441761
165,15.98899624261943,,15.982286634460548,19.390767579173378,0.24825550187869028,16.42512077294686,6.6760601180891035,16.317767042404725,,3.7104133118625873,5.226784755770263,0.03354804079441761
166,14.237788513150832,,16.109769189479334,19.712828770799785,0.24825550187869028,15.157004830917874,6.595544820182502,16.834406870638755,,3.7104133118625873,7.360440150295223,0.03354804079441761
167,14.04320987654321,,16.78743961352657,19.598765432098766,0.24825550187869028,14.61352657004831,6.4345142243692965,17.398013955984972,,3.616478797638218,7.226247987117552,0.03354804079441761
168,14.009661835748792,,16.646537842190018,19.826892109500804,0.24825550187869028,14.61352657004831,6.4345142243692965,17.398013955984972,,3.616478797638218,7.1725711218464845,0.03354804079441761
169,12.25174449812131,,17.102791196994094,18.45813204508857,0.24825550187869028,14.412238325281804,6.414385399892646,17.498658078368223,,3.616478797638218,9.96376811594203,0.03354804079441761
170,12.372517444981213,,17.49194847020934,18.109232420826622,0.24825550187869028,14.40552871712292,6.414385399892646,17.47181964573269,,3.488996242619431,9.96376811594203,0.03354804079441761
171,12.365807836822329,,16.794149221685455,18.813741277509394,0.24825550187869028,14.40552871712292,6.414385399892646,17.995169082125603,,3.488996242619431,9.440418679549115,0.03354804079441761
172,12.822061191626409,,16.75389157273215,18.80703166935051,0.24825550187869028,14.224369296833064,6.414385399892646,17.881105743424584,,3.488996242619431,9.326355340848094,0.03354804079441761
173,13.063607085346217,,16.75389157273215,18.605743424584006,0.24825550187869028,14.63365539452496,6.414385399892646,17.431561996779386,,3.488996242619431,9.326355340848094,0.03354804079441761
174,13.144122383252817,,16.337895866881375,18.988191089640367,0.24825550187869028,14.63365539452496,6.414385399892646,17.59259259259259,,3.488996242619431,9.118357487922705,0.03354804079441761
175,13.39237788513151,,16.888083735909824,18.55877616747182,0.24825550187869028,14.63365539452496,6.260064412238325,17.37788513150832,,3.488996242619431,9.118357487922705,0.03354804079441761
176,13.513150831991412,,16.29092860976919,19.14922168545357,0.24825550187869028,14.586688137412775,6.260064412238325,17.357756307031668,,3.488996242619431,9.07139023081052,0.03354804079441761
177,13.539989264626946,,16.069511540526033,18.65271068169619,0.24825550187869028,14.163982823403114,6.253354804079442,18.95464304884595,,3.475577026301664,8.608427267847558,0.03354804079441761
178,14.150563607085346,,16.23725174449812,18.47826086956522,0.24825550187869028,14.278046162104133,5.904455179817498,18.766774020397207,,3.3011272141706924,8.601717659688674,0.03354804079441761
179,13.774825550187868,,16.015834675254965,18.451422436929683,0.24825550187869028,14.432367149758454,5.803811057434245,18.337359098228664,,3.1870638754696725,9.749060654857756,
180,13.593666129898015,,16.29092860976919,17.733494363929147,0.24825550187869028,14.36527106816962,5.803811057434245,19.51154052603328,,3.1870638754696725,9.265968867418144,
181,13.345410628019323,,16.700214707461082,17.66639828234031,0.24825550187869028,14.586688137412775,5.488459473966721,19.41760601180891,,3.4822866344605474,9.064680622651638,
182,13.868760064412239,,16.51905528717123,17.632850241545892,0.24825550187869028,14.130434782608695,5.488459473966721,19.565217391304348,,3.4822866344605474,9.064680622651638,
183,14.002952227589908,,16.411701556629094,18.035426731078903,0.24825550187869028,14.55984970477724,5.119431025228127,19.129092860976918,,3.4822866344605474,9.01100375738057,
184,14.533011272141707,,16.67337627482555,18.209876543209877,0.17444981213097155,14.204240472356414,5.4616210413311865,18.397745571658614,,3.3413848631239937,9.004294149221685,
185,14.526301663982823,,17.143048845947398,18.344068706387546,0.17444981213097155,14.459205582393988,5.428073000536768,18.136070853462158,,3.3413848631239937,8.447396672034353,
186,14.533011272141707,,16.99543746645196,17.72007514761138,0.17444981213097155,15.237520128824476,5.347557702630167,17.780461621041333,,3.3413848631239937,8.870101986044014,
187,14.31159420289855,,18.129361245303276,17.2638217928073,0.17444981213097155,15.177133655394526,5.280461621041331,17.639559849704778,,3.3413848631239937,8.682232957595277,
188,14.204240472356414,,18.303811057434245,17.08937198067633,0.14761137949543746,15.022812667740205,5.5756843800322065,17.632850241545892,,3.3413848631239937,8.682232957595277,
189,14.070048309178745,,18.61916264090177,17.008856682769725,0.14761137949543746,14.982555018786902,5.5756843800322065,17.270531400966185,,3.3413848631239937,8.984165324745035,
190,14.801395598497047,,18.5654857756307,16.841116478797638,0.14761137949543746,14.955716586151368,5.5756843800322065,16.78743961352657,,3.3413848631239937,8.984165324745035,
191,15.291196994095545,,18.820450885668276,17.297369833601717,0.10735373054213634,14.673913043478262,5.5756843800322065,16.6129898013956,,3.3413848631239937,8.279656468062266,
192,15.499194847020934,,18.780193236714975,17.297369833601717,0.10735373054213634,14.486044015029522,5.5756843800322065,16.63311862587225,,3.3413848631239937,8.279656468062266,
193,15.593129361245303,,18.947933440687063,16.80756843800322,0.0939345142243693,14.660493827160494,5.5756843800322065,17.008856682769725,,3.1065485775630703,8.205850778314547,
194,15.116747181964573,,20.142243692968332,18.02871712292002,0.0939345142243693,13.47289318303811,5.857487922705314,16.378153515834676,,2.5831991411701556,8.32662372517445,
195,15.331454643048845,,20.551529790660226,17.787171229200215,0.0939345142243693,13.466183574879228,5.857487922705314,16.21712292002147,,2.4355877616747184,8.259527643585615,
196,15.344873859366613,,20.068438003220614,18.364197530864196,0.0939345142243693,13.285024154589372,5.857487922705314,16.29092860976919,,2.4355877616747184,8.259527643585615,
197,15.425389157273216,,20.29656468062265,17.820719269994633,0.0939345142243693,13.264895330112722,5.857487922705314,16.076221148684915,,2.509393451422437,8.655394524959743,
198,15.344873859366613,,19.699409554482017,17.76033279656468,0.08722490606548577,13.466183574879228,5.542136339237788,16.478797638217927,,2.254428341384863,9.366612989801396,
199,15.277777777777779,,19.49812130971551,18.760064412238325,0.08722490606548577,13.157541599570585,5.542136339237788,16.0829307568438,,2.254428341384863,9.339774557165862,
200,15.45222758990875,,19.49812130971551,18.760064412238325,0.08722490606548577,13.144122383252817,5.542136339237788,15.921900161030596,,2.254428341384863,9.339774557165862,
201,15.096618357487923,,20.04830917874396,18.820450885668276,0.08722490606548577,13.137412775093935,5.233494363929147,15.727321524422974,,2.254428341384863,9.594739667203436,
202,15.371712292002147,,20.605206655931294,18.739935587761675,0.08722490606548577,13.056897477187333,5.233494363929147,15.418679549114332,,2.328234031132582,9.158615136876007,
203,15.250939345142244,,20.611916264090176,18.90096618357488,0.08722490606548577,12.70799785292539,5.394524959742351,15.411969940955448,,2.328234031132582,9.306226516371444,
204,15.083199141170155,,20.491143317230275,18.63929146537842,0.08722490606548577,12.70799785292539,5.394524959742351,15.391841116478798,,1.9659151905528718,10.238862050456254,
205,14.955716586151368,,19.350509930220074,18.57890499194847,0.06038647342995169,12.721417069243156,5.260332796564681,16.928341384863124,,1.9659151905528718,10.178475577026301,
206,15.002683843263553,,19.53166935050993,18.57890499194847,0.06038647342995169,12.573805689747719,5.414653784219001,16.80756843800322,,1.9659151905528718,10.064412238325282,
207,15.170424047235642,,18.65271068169619,18.357487922705314,0.06038647342995169,12.573805689747719,5.414653784219001,17.19001610305958,,1.9659151905528718,10.61460010735373,
208,15.619967793880837,,18.65271068169619,18.357487922705314,0.06038647342995169,12.204777241009126,5.3341384863123995,17.19001610305958,,1.9659151905528718,10.61460010735373,
209,15.351583467525497,,18.19645732689211,19.316961889425656,0.03354804079441761,12.084004294149223,5.233494363929147,17.297369833601717,,1.9659151905528718,10.520665593129362,
210,15.311325818572195,,18.23671497584541,20.148953301127214,0.03354804079441761,11.788781535158346,5.146269457863661,16.847826086956523,,1.9659151905528718,10.520665593129362,
211,15.53274288781535,,17.70665593129361,20.92055823939882,0.03354804079441761,11.77536231884058,5.146269457863661,16.398282340311326,,1.9659151905528718,10.520665593129362,
212,15.53274288781535,,17.70665593129361,20.92055823939882,0.03354804079441761,11.77536231884058,5.146269457863661,16.398282340311326,,1.9659151905528718,10.520665593129362,
213,16.223832528180353,,17.612721417069242,20.397208803005906,0.03354804079441761,12.037037037037036,5.146269457863661,15.660225442834138,,1.9659151905528718,10.923242082662373,
214,15.780998389694043,,17.612721417069242,21.309715512614062,0.03354804079441761,11.969940955448202,5.12614063338701,15.277777777777779,,1.9659151905528718,10.923242082662373,
215,15.774288781535159,,17.176596886741816,22.074610842726784,0.03354804079441761,11.969940955448202,5.005367686527107,15.049651100375739,,2.4020397208803006,10.513955984970478,
216,15.405260332796564,,16.928341384863124,22.054482018250134,0.03354804079441761,11.869296833064949,5.005367686527107,15.687063875469672,,2.328234031132582,10.68840579710145,
217,15.405260332796564,,16.31105743424584,22.852925389157274,0.03354804079441761,11.869296833064949,5.005367686527107,15.573000536768653,,2.328234031132582,10.621309715512615,
218,15.660225442834138,,16.015834675254965,23.89291465378422,0.026838432635534086,11.41304347826087,4.8443370907139025,15.291196994095545,,2.328234031132582,10.527375201288244,
219,15.76086956521739,,16.552603327965645,24.06736446591519,0.026838432635534086,11.41304347826087,4.8443370907139025,14.774557165861514,,2.328234031132582,10.23215244229737,
220,15.92860976918948,,16.901502952227588,23.852657004830917,0.026838432635534086,11.09098228663446,4.810789049919484,14.694041867954912,,2.328234031132582,10.36634460547504,
