,40,45,50,51,55,41,52,53,54,49,48
0,0.6776704240472357,38.79495437466452,60.527375201288244,,,,,,,,
1,1.6438539989264627,35.0979602791197,60.299248523886206,1.3352120236178207,1.6237251744498122,,,,,,
2,2.737520128824477,25.543478260869566,63.217928073000536,1.3352120236178207,4.723564143853999,0.2683843263553409,0.7112184648416533,0.966183574879227,0.49651100375738055,,
3,2.9119699409554483,15.318035426731079,72.51073537305422,1.4895330112721417,4.388083735909823,0.8118625872249061,0.7112184648416533,0.9192163177670424,0.9393451422436929,,
4,3.5762211486849167,8.662104133118627,75.71792807300054,1.2278582930756843,7.5281803542673105,0.798443370907139,,1.0265700483091786,1.4626945786366077,,
5,3.9989264626945786,8.373590982286634,69.06199677938808,1.0399892646269457,13.365539452495975,0.6776704240472357,0.9728931830381106,0.8118625872249061,1.6975308641975309,,
6,3.0059044551798175,3.4621578099838968,66.54589371980677,4.280730005367687,16.71363392377885,0.8319914117015567,0.5703166935050993,1.2010198604401503,3.388352120236178,,
7,3.6366076221148687,1.107085346215781,78.455448201825,,13.036768652710682,0.7112184648416533,,0.4294149221685454,2.623456790123457,,
8,3.4420289855072466,1.107085346215781,77.12694578636608,,13.533279656468062,0.8990874932903918,,0.16774020397208803,3.7238325281803544,,
9,3.535963499731616,0.8521202361782072,61.64117015566291,6.488191089640365,18.853998926462694,0.8588298443370908,2.4154589371980677,0.11406333870101985,5.24020397208803,,
10,4.280730005367687,0.7112184648416533,62.506709608158886,6.394256575415996,15.351583467525497,0.9997316156736447,1.9927536231884058,1.7310789049919484,6.031937734836285,,
11,2.1269457863660763,0.4227053140096618,78.97879763821793,4.30756843800322,8.158883521202362,0.9728931830381106,1.9189479334406871,0.5636070853462157,2.5496511003757383,,
12,2.804616210413312,0.4227053140096618,70.51127214170693,6.977992485238862,13.097155126140633,1.2278582930756843,1.9189479334406871,0.5636070853462157,2.475845410628019,,
13,3.1736446591519054,0.4025764895330113,61.808910359635,10.071121846484166,16.70692431561997,1.6237251744498122,1.9189479334406871,1.4358561460010735,2.85829307568438,,
14,3.730542136339238,0.4025764895330113,51.43585614600107,17.66639828234031,17.371175523349436,1.3016639828234031,1.9189479334406871,1.4358561460010735,4.736983360171766,,
15,4.274020397208803,0.4025764895330113,52.57648953301127,11.829039184111648,18.625872249060656,1.2949543746645196,2.8918411164787976,2.2879763821792807,5.8172302737520125,,
16,2.999194847020934,0.1878690284487386,55.52871712292002,13.955984970477724,15.03623188405797,1.3083735909822867,2.5295222758990876,1.7042404723564144,2.7844873859366612,3.965378421900161,
17,3.535963499731616,0.040257648953301126,51.43585614600107,11.621041331186259,16.35131508319914,1.0802469135802468,4.696725711218465,2.4691358024691357,5.367686527106817,3.4017713365539453,
18,2.3617820719269993,0.026838432635534086,61.460010735373054,6.971282877079979,14.318303811057435,1.2748255501878691,4.468599033816425,2.9052603327965647,2.4825550187869028,3.730542136339238,
19,3.6097691894793345,0.026838432635534086,53.254159957058505,11.54723564143854,16.53918411164788,1.2748255501878691,4.656468062265164,2.9052603327965647,2.7106816961889426,3.475577026301664,
20,3.3413848631239937,,50.68438003220612,14.331723027375201,15.177133655394526,1.1943102522812667,3.8043478260869565,1.8988191089640365,5.535426731078905,4.032474503488996,
21,4.26731078904992,,46.92699946323135,13.345410628019323,15.780998389694043,1.1607622114868492,3.569511540526033,3.7640901771336552,7.1725711218464845,4.012345679012346,
22,4.87788513150832,,53.455448201825014,9.688674181427805,11.936392914653783,1.1473429951690821,1.9457863660762211,3.629898013955985,6.199677938808374,7.118894256575416,
23,5.4616210413311865,,58.50107353730542,5.320719269994632,9.943639291465379,1.3217928073000538,2.844873859366613,2.5966183574879227,7.98443370907139,6.025228126677402,
24,8.454106280193237,,54.04589371980676,5.273752012882448,10.607890499194847,0.9594739667203436,2.636876006441224,3.824476650563607,8.709071390230811,5.488459473966721,
25,8.3467525496511,,56.26677402039721,5.152979066022544,9.400161030595813,0.6575415995705851,3.2675791733762747,3.066290928609769,8.548040794417606,5.293880837359098,
26,7.092055823939882,,60.75550187869028,5.092592592592593,6.501610305958132,0.8252818035426731,3.797638217928073,2.9790660225442833,8.185721953837897,4.770531400966184,
27,5.139559849704777,,34.346484165324746,4.092860976918948,6.273483628556092,1.0601180891035964,2.771068169618894,3.166935050993022,8.460815888352121,34.68867418142781,
28,4.394793344068707,,43.001878690284485,5.059044551798175,4.663177670424047,0.9997316156736447,2.8918411164787976,2.5026838432635534,5.293880837359098,31.19296833064949,
29,3.44873859366613,,55.14626945786366,3.7775093934514223,3.5628019323671496,0.6105743424584005,3.066290928609769,3.6768652710681695,7.541599570585078,19.16935050993022,
30,5.052334943639291,,49.39613526570049,4.528985507246377,3.3816425120772946,0.5904455179817498,2.945517981749866,3.1736446591519054,12.157809983896941,18.773483628556093,
31,7.273215244229737,,46.16881374127751,4.2270531400966185,3.113258185721954,0.5568974771873323,2.8515834675254963,2.6502952227589907,15.995705850778315,17.163177670424048,
32,6.743156199677939,,44.900697799248526,4.26731078904992,4.03918411164788,0.5300590445517982,2.1940418679549114,3.099838969404187,20.840042941492218,13.385668276972625,
33,5.904455179817498,,48.25550187869028,4.26731078904992,3.6902844873859366,0.5300590445517982,2.1940418679549114,4.019055287171229,18.5654857756307,12.573805689747719,
34,6.743156199677939,,44.35050993022008,5.4616210413311865,5.622651637144391,0.46967257112184646,2.4020397208803006,3.7909286097691894,20.779656468062264,10.379763821792807,
35,8.53462157809984,,38.98282340311326,4.958400429414922,7.608695652173913,0.3421900161030596,3.743961352657005,5.884326355340848,20.021470746108427,9.923510466988727,
36,8.111916264090176,,36.191626409017715,4.924852388620504,8.57487922705314,0.3421900161030596,3.5963499731615673,6.038647342995169,22.302737520128826,9.916800858829845,
37,8.165593129361245,,34.46054750402576,4.180085882984434,7.9039184111647875,0.3421900161030596,6.5552871712292005,5.0858829844337095,24.570585077831456,8.735909822866345,
38,9.01100375738057,,31.608964036500268,4.643048845947397,7.313472893183038,0.32877079978529256,7.434245840042942,4.9718196457326895,26.234567901234566,8.454106280193237,
39,8.608427267847558,,39.754428341384866,2.7777777777777777,6.535158346752549,0.16774020397208803,4.146537842190016,5.226784755770263,25.5703166935051,7.212828770799785,
40,9.88996242619431,,35.238862050456255,2.7777777777777777,7.326892109500805,0.16774020397208803,3.81105743424584,6.333870101986044,28.12667740203972,6.327160493827161,
41,11.030595813204508,,32.06521739130435,2.7643585614600106,7.159151905528717,0.16774020397208803,3.361513687600644,6.3070316693505095,31.28690284487386,5.857487922705314,
42,10.34621578099839,,29.56924315619968,2.6167471819645733,7.856951154052603,0.1610305958132045,3.0730005367686526,6.689479334406871,34.43370907139023,5.253623188405797,
43,10.607890499194847,,27.375201288244767,2.6167471819645733,7.930756843800322,0.1610305958132045,2.9790660225442833,8.581588835212024,34.75577026301664,4.99194847020934,
44,10.44015029522276,,25.389157273215243,2.885131508319914,7.232957595276436,0.1610305958132045,3.3682232957595275,8.413848631239935,37.473161567364464,4.636339237788513,
45,8.76274825550188,,39.38539989264627,1.2345679012345678,3.2742887815351582,,2.254428341384863,6.6760601180891035,35.16505636070853,3.2474503488996245,
46,9.272678475577026,,35.299248523886206,1.8115942028985508,2.442297369833602,,1.6438539989264627,7.1725711218464845,39.53972088030059,2.818035426731079,
47,10.19189479334407,,32.00483091787439,1.415727321524423,2.368491680085883,,1.2412775093934514,9.125067096081589,41.096349973161566,2.5563607085346214,
48,8.641975308641975,,43.27697262479871,0.644122383252818,2.254428341384863,,0.8051529790660226,8.152173913043478,34.05126140633387,2.1739130434782608,
49,7.615405260332796,,53.14009661835749,1.0399892646269457,3.81105743424584,,0.6709608158883521,4.079441760601181,27.865002683843265,1.778046162104133,
50,8.984165324745035,,47.61808910359635,1.0399892646269457,5.374396135265701,,0.6575415995705851,4.435050993022007,30.193236714975846,1.6975308641975309,
51,10.285829307568438,,43.84057971014493,1.0399892646269457,7.467793880837359,,1.3553408480944713,4.2270531400966185,30.193236714975846,1.5901771336553945,
52,11.493558776167472,,39.78797638217928,0.9796027911969941,7.7898550724637685,,2.120236178207193,4.616210413311863,31.635802469135804,1.5767579173376274,
53,11.668008588298443,,37.76838432635534,0.785024154589372,8.199141170155663,,3.260869565217391,5.629361245303274,31.199677938808374,1.4895330112721417,
54,10.352925389157273,,46.5378421900161,1.0131508319914118,8.239398819108963,,3.0059044551798175,4.7638217928073,24.738325281803544,1.3486312399355878,
55,10.581052066559312,,42.921363392377884,0.8252818035426731,11.218464841653248,,3.0059044551798175,5.656199677938808,24.510198604401502,1.2815351583467525,
56,10.735373054213634,,41.00912506709608,0.8252818035426731,11.862587224906065,,3.2004830917874396,5.394524959742351,25.691089640365004,1.2815351583467525,
57,10.319377348362856,,35.628019323671495,3.3279656468062266,12.922705314009661,,3.0193236714975846,6.407675791733762,27.435587761674718,0.9393451422436929,
58,11.60762211486849,,34.90338164251208,3.69699409554482,12.130971551261407,,2.4557165861513686,6.1929683306494905,28.119967793880836,0.8923778851315083,
59,12.513419216317766,,32.49463231347289,2.952227589908749,12.399355877616747,,3.5762211486849167,6.152710681696189,29.401502952227588,0.5099302200751477,
60,11.949812130971551,,29.7638217928073,2.6167471819645733,13.117283950617283,,3.5426731078904994,7.575147611379496,30.92458400429415,0.5099302200751477,
61,11.735104669887278,,25.462962962962962,3.643317230273752,14.707461084272678,,3.2340311325818574,8.252818035426731,32.45437466451959,0.5099302200751477,
62,11.782071926999464,,22.73215244229737,3.9586688137412773,16.908212560386474,,3.556092324208266,8.930488459473967,31.629092860976918,0.5032206119162641,
63,12.915995705850777,,21.85319377348363,3.9519592055823938,16.867954911433173,,3.502415458937198,9.265968867418144,31.13929146537842,0.5032206119162641,
64,13.868760064412239,,19.51825013419216,3.180354267310789,17.310789049919485,,3.9452495974235107,9.702093397745571,31.97799248523886,0.49651100375738055,
65,14.150563607085346,,18.780193236714975,3.0595813204508855,15.881642512077295,,8.480944712828771,9.816156736446592,29.388083735909824,0.4428341384863124,
66,14.278046162104133,,17.04911433172303,2.576489533011272,15.499194847020934,,8.259527643585615,10.721953837895867,31.17283950617284,0.4428341384863124,
67,14.479334406870638,,15.311325818572195,2.3886205045625335,15.539452495974235,,8.05823939881911,11.453301127214171,32.326892109500804,0.4428341384863124,
68,15.673644659151906,,13.768115942028986,1.9659151905528718,15.002683843263553,,8.192431561996779,12.130971551261407,32.84353193773484,0.4227053140096618,
69,16.51905528717123,,13.238056897477188,1.9659151905528718,14.398819108964037,,8.219269994632313,11.480139559849706,33.76945786366076,0.4092860976918948,
70,16.552603327965645,,12.439613526570048,1.9659151905528718,14.673913043478262,,7.776435856146001,11.668008588298443,34.554482018250134,0.36902844873859364,
71,17.05582393988191,,12.117552334943639,1.8317230273752012,14.647074610842727,,7.326892109500805,13.177670424047236,33.47423510466989,0.36902844873859364,
72,17.324208266237253,,10.95679012345679,1.8183038110574343,13.305152979066023,,7.555018786902845,13.39237788513151,35.279119699409556,0.36902844873859364,
73,19.182769726247987,,10.48040794417606,1.596886741814278,12.52012882447665,,7.474503488996243,13.331991411701557,35.05099302200752,0.36231884057971014,
74,18.438003220611915,,9.71551261406334,3.0059044551798175,11.017176596886742,,6.535158346752549,14.318303811057435,36.61433172302738,0.35560923242082665,
75,18.417874396135264,,9.017713365539452,3.2742887815351582,11.057434245840042,,6.045356951154052,15.982286634460548,35.869565217391305,0.33548040794417605,
76,18.632581857219538,,8.742619431025227,2.791196994095545,10.93666129898014,,6.662640901771336,16.23725174449812,35.66156736446592,0.33548040794417605,
77,18.397745571658614,,8.319914117015566,2.6301663982823404,9.88996242619431,,6.810252281266774,17.438271604938272,36.178207192699944,0.33548040794417605,
78,17.693236714975846,,7.75630703166935,2.5429414922168547,9.480676328502415,,6.622383252818035,18.65271068169619,37.02361782071927,0.2281266774020397,
79,18.129361245303276,,7.105475040257649,2.24771873322598,8.78287707997853,,8.004562533548041,18.015297906602253,37.486580783682236,0.2281266774020397,
80,18.337359098228664,,6.300322061191626,2.167203435319377,8.447396672034353,,8.319914117015566,19.33709071390231,36.9296833064949,0.1610305958132045,
81,18.92109500805153,,5.609232420826624,2.167203435319377,8.293075684380032,,8.252818035426731,20.50456253354804,36.090982286634464,0.1610305958132045,
82,19.223027375201287,,5.381105743424584,2.13365539452496,8.21256038647343,,8.917069243156199,20.055018786902846,35.950080515297905,0.1274825550187869,
83,19.57192699946323,,5.347557702630167,2.13365539452496,7.950885668276973,,8.903650026838433,20.222758990874933,35.74208266237252,0.1274825550187869,
84,19.0955448201825,,5.01207729468599,1.6505636070853462,7.608695652173913,,10.399892646269459,20.571658615136876,35.53408480944713,0.1274825550187869,
85,20.699141170155663,,4.294149221685454,1.6505636070853462,7.581857219538379,,10.48040794417606,19.00161030595813,36.16478797638218,0.1274825550187869,
86,19.578636607622116,,4.280730005367687,2.120236178207193,7.065217391304348,,10.057702630166398,19.712828770799785,37.07058507783145,0.11406333870101985,
87,19.726247987117553,,3.9720880300590444,2.100107353730542,6.340579710144928,,10.849436392914654,20.02818035426731,36.86929683306495,0.11406333870101985,
88,19.961084272678477,,3.6097691894793345,5.3274288781535155,5.709876543209877,,10.836017176596886,19.92753623188406,34.514224369296834,0.11406333870101985,
89,18.57890499194847,,7.118894256575416,5.46833064949007,5.515297906602254,,12.734836285560924,17.351046698872786,33.16559312936125,0.06709608158883522,
90,19.444444444444443,,6.776704240472356,5.307300053676865,4.985238862050457,,12.95625335480408,18.646001073537306,31.816961889425656,0.06709608158883522,
91,19.847020933977454,,5.783682232957595,5.8172302737520125,4.643048845947397,,12.842190016103059,17.975040257648953,33.02469135802469,0.06709608158883522,
92,21.141975308641975,,5.508588298443371,5.783682232957595,5.01207729468599,,12.72812667740204,17.20343531937735,32.55501878690284,0.06709608158883522,
93,20.457595276435857,,5.280461621041331,5.783682232957595,4.783950617283951,,12.93612453032743,18.78690284487386,31.904186795491142,0.06709608158883522,
94,20.1959205582394,,5.381105743424584,6.561996779388084,4.703435319377348,,12.412775093934513,19.209608158883523,31.468062265163713,0.06709608158883522,
95,19.753086419753085,,5.179817498658078,6.561996779388084,4.683306494900698,,13.003220611916264,20.1959205582394,30.555555555555557,0.06709608158883522,
96,20.544820182501343,,5.676328502415459,5.763553408480945,4.388083735909823,,12.372517444981213,20.73268921095008,30.50858829844337,0.013419216317767043,
97,20.571658615136876,,6.159420289855072,5.58239398819109,2.7844873859366612,,13.365539452495975,21.00107353730542,30.52200751476114,0.013419216317767043,
98,21.464036500268385,,5.911164787976382,5.22007514761138,2.771068169618894,,13.707729468599034,19.79334406870639,31.11916264090177,0.013419216317767043,
99,21.07487922705314,,5.723295759527644,5.736714975845411,2.6167471819645733,,13.573537305421363,21.87332259796028,29.388083735909824,0.013419216317767043,
100,21.121846484165324,,5.3341384863123995,5.689747718733226,3.1468062265163717,,13.92914653784219,22.188674181427803,28.576221148684915,0.013419216317767043,
101,21.26945786366076,,5.662909286097692,8.152173913043478,3.140096618357488,,13.882179280730005,21.410359634997317,26.482823403113258,,
102,21.4170692431562,,4.7638217928073,8.53462157809984,3.878153515834675,,13.81508319914117,22.69189479334407,24.89935587761675,,
103,20.585077831454644,,4.42163177670424,8.36688137412775,3.4420289855072466,,13.862050456253355,23.040794417606012,26.281535158346752,,
104,20.538110574342458,,4.106280193236715,9.480676328502415,3.240740740740741,,13.39237788513151,23.772141706924316,25.469672571121848,,
105,19.47799248523886,,4.019055287171229,8.61513687600644,3.2340311325818574,,13.331991411701557,25.409286097691894,25.91250670960816,,
106,19.90740740740741,,3.730542136339238,8.984165324745035,3.2340311325818574,,13.285024154589372,25.355609232420825,25.503220611916262,,
107,19.202898550724637,,3.3480944712828773,10.02415458937198,3.2340311325818574,,13.714439076757918,25.429414922168544,25.046967257112186,,
108,19.75979602791197,,3.012614063338701,9.681964573268921,2.8784219001610305,,13.855340848094471,25.87224906065486,24.93961352657005,,
109,19.598765432098766,,2.985775630703167,8.32662372517445,2.3349436392914655,,15.666935050993022,27.066559312936125,24.020397208803004,,
110,19.45786366076221,,2.9723564143853998,8.776167471819646,2.033011272141707,,15.526033279656469,26.992753623188406,24.241814278046164,,
111,19.04186795491143,,2.831454643048846,8.648684916800859,2.033011272141707,,16.418411164787976,27.83816425120773,23.18840579710145,,
112,19.330381105743424,,3.1199677938808374,8.353462157809984,2.033011272141707,,16.27750939345142,28.35480407944176,22.530864197530864,,
113,20.061728395061728,,3.7640901771336552,7.541599570585078,1.9189479334406871,,15.143585614600108,29.274020397208805,22.29602791196994,,
114,17.975040257648953,,6.837090713902308,7.427536231884058,1.7914653784219001,,17.10950080515298,27.36849168008588,21.490874932903917,,
115,17.92807300053677,,6.454643048845948,7.132313472893183,1.6975308641975309,,17.022275899087493,29.01905528717123,20.74610842726785,,
116,17.793880837359097,,6.8035426731078905,6.320450885668277,1.4761137949543746,,18.377616747181964,28.468867418142782,20.377079978529252,0.3824476650563607,
117,16.928341384863124,,6.763285024154589,6.320450885668277,1.3352120236178207,,17.847557702630166,29.643048845947398,20.779656468062264,0.3824476650563607,
118,16.317767042404725,,6.709608158883521,7.03166935050993,1.1674718196457328,,17.60601180891036,30.58239398819109,20.531400966183575,0.05367686527106817,
119,16.72705314009662,,5.776972624798712,6.810252281266774,1.06682769726248,,18.54535695115405,30.743424584004295,20.276435856146,0.05367686527106817,
120,16.834406870638755,,5.776972624798712,6.998121309715513,0.9460547504025765,,18.63929146537842,30.575684380032207,20.229468599033815,,
121,16.921631776704242,,5.884326355340848,7.836822329575953,0.9460547504025765,,18.417874396135264,30.22007514761138,19.773215244229736,,
122,15.975577026301664,,5.857487922705314,8.467525496511003,0.798443370907139,,17.2638217928073,33.111916264090176,18.5252281266774,,
123,15.693773483628556,,6.260064412238325,7.937466451959206,0.785024154589372,,17.673107890499196,32.689210950080515,18.96135265700483,,
124,14.42565754159957,,5.776972624798712,8.293075684380032,0.785024154589372,,18.531937734836287,33.581588835212024,18.605743424584006,,
125,14.076757917337627,,5.233494363929147,8.82313472893183,0.6776704240472357,,19.14922168545357,32.54159957058508,19.49812130971551,,
126,14.928878153515834,,5.233494363929147,8.68894256575416,0.5703166935050993,,19.028448738593667,31.629092860976918,19.920826623725173,,
127,15.250939345142244,,5.052334943639291,9.232420826623725,0.5703166935050993,,18.47826086956522,31.870638754696724,19.545088566827697,,
128,14.640365002683843,,5.032206119162641,8.789586688137414,0.5434782608695652,,19.008319914117017,31.5552871712292,20.43075684380032,,
129,15.237520128824476,,5.032206119162641,8.789586688137414,0.5434782608695652,,18.894256575415994,31.03864734299517,20.46430488459474,,
130,15.009393451422437,,4.616210413311863,8.910359634997317,0.5367686527106817,,18.169618894256576,32.2463768115942,20.511272141706925,,
131,15.291196994095545,,4.502147074610843,8.709071390230811,0.46967257112184646,,18.531937734836287,31.91760601180891,20.578368223295758,,
132,15.230810520665592,,4.394793344068707,8.440687063875469,0.4562533548040794,,18.887546967257112,31.50161030595813,20.685721953837895,0.4025764895330113,
133,14.304884594739667,,4.676596886741814,9.158615136876007,0.4562533548040794,,18.06226516371444,32.118894256575416,20.819914117015568,0.4025764895330113,
134,14.163982823403114,,4.367954911433173,8.984165324745035,0.4562533548040794,,17.52549651100376,33.17901234567901,20.92055823939882,0.4025764895330113,
135,14.908749329039184,,4.3545356951154055,8.621846484165324,0.4562533548040794,,17.934782608695652,31.97128287707998,21.349973161567366,0.4025764895330113,
136,15.022812667740205,,4.3545356951154055,9.078099838969404,0.4562533548040794,,18.08239398819109,32.09205582393988,20.511272141706925,0.4025764895330113,
137,15.465646806226516,,3.9855072463768115,8.829844337090714,0.3824476650563607,,17.270531400966185,34.17203435319377,18.9345142243693,0.9594739667203436,
138,15.707192699946322,,3.5426731078904994,9.621578099838969,0.3824476650563607,,17.72007514761138,33.393719806763286,18.874127750939344,0.7581857219538379,
139,14.606816961889425,,3.965378421900161,9.41358024691358,0.3421900161030596,,18.06897477187332,32.87707997852925,20.014761137949545,0.7112184648416533,
140,14.11701556629093,,7.018250134192163,10.466988727858293,0.3421900161030596,,16.75389157273215,30.776972624798713,19.826892109500804,0.6977992485238862,
141,14.418947933440688,,7.018250134192163,10.44015029522276,0.3421900161030596,,16.545893719806763,30.60252281266774,19.93424584004294,0.6977992485238862,
142,14.620236178207193,,6.998121309715513,10.151637144390767,0.30864197530864196,,16.834406870638755,29.508856682769725,20.558239398819108,1.0198604401502953,
143,14.083467525496511,,6.944444444444445,10.661567364465915,0.30864197530864196,,16.035963499731615,30.938003220611915,20.00805152979066,1.0198604401502953,
144,13.600375738056897,,6.870638754696726,11.466720343531938,0.30864197530864196,,15.74074074074074,31.46135265700483,19.53166935050993,1.0198604401502953,
145,13.88888888888889,,6.870638754696726,11.325818572195384,0.30864197530864196,,16.76731078904992,30.394524959742352,19.424315619967793,1.0198604401502953,
146,14.55984970477724,,6.642512077294686,11.325818572195384,0.30864197530864196,,17.08937198067633,30.08588298443371,18.968062265163713,1.0198604401502953,
147,15.13016639828234,,6.568706387546968,11.876006441223833,0.30193236714975846,,16.129898013955984,30.92458400429415,18.089103596349972,0.9796027911969941,
148,15.713902308105206,,6.5552871712292005,12.265163714439076,0.30193236714975846,,15.4723564143854,30.54884594739667,18.16290928609769,0.9796027911969941,
149,15.566290928609769,,6.468062265163715,12.795222758990874,0.30193236714975846,,16.492216854535695,29.824208266237253,17.57246376811594,0.9796027911969941,
150,16.049382716049383,,6.468062265163715,12.667740203972087,0.30193236714975846,,17.156468062265162,28.844605475040257,17.53220611916264,0.9796027911969941,
151,16.384863123993558,,6.521739130434782,12.084004294149223,0.27509393451422437,,18.397745571658614,28.6231884057971,16.7337627482555,0.9796027911969941,
152,16.686795491143318,,6.515029522275899,11.98336017176597,0.24154589371980675,,18.00187869028449,28.31454643048846,17.277241009125067,0.9796027911969941,
153,16.666666666666668,,5.488459473966721,12.76838432635534,0.24154589371980675,,18.840579710144926,27.811325818572197,17.20343531937735,0.9796027911969941,
154,16.941760601180892,,5.703166935050993,12.962962962962964,0.24154589371980675,,18.625872249060656,27.462426194310254,17.12962962962963,0.9326355340848095,
155,16.760601180891037,,6.166129898013956,12.869028448738593,0.24154589371980675,,17.827428878153516,27.536231884057973,17.66639828234031,0.9326355340848095,
156,16.492216854535695,,6.166129898013956,12.842190016103059,0.24154589371980675,,17.55233494363929,28.421900161030596,17.351046698872786,0.9326355340848095,
157,16.57944176060118,,6.078904991948471,12.647611379495437,0.24154589371980675,,18.33064949006978,28.08641975308642,17.102791196994094,0.9326355340848095,
158,16.53918411164788,,6.233225979602791,12.31213097155126,0.24154589371980675,,18.95464304884595,27.70397208803006,17.082662372517444,0.9326355340848095,
159,16.505636070853463,,7.541599570585078,11.996779388083736,0.24154589371980675,,18.283682232957595,28.20048309178744,16.297638217928075,0.9326355340848095,
160,16.210413311862588,,7.051798174986581,11.688137412775093,0.24154589371980675,,19.786634460547504,27.509393451422437,16.21712292002147,1.2949543746645196,
161,16.264090177133657,,7.628824476650563,11.124530327428879,0.24154589371980675,,20.229468599033815,27.28797638217928,15.92860976918948,1.2949543746645196,
162,16.384863123993558,,7.326892109500805,11.124530327428879,0.24154589371980675,,20.538110574342458,27.17391304347826,15.915190552871712,1.2949543746645196,
163,15.767579173376275,,7.266505636070853,11.701556629092861,0.24154589371980675,,19.98792270531401,27.623456790123456,15.747450348899624,1.2949543746645196,0.36902844873859364
164,15.901771336553946,,6.488191089640365,11.714975845410628,0.2281266774020397,,21.088298443370906,27.556360708534623,15.35829307568438,1.2949543746645196,0.36902844873859364
165,16.297638217928075,,6.394256575415996,12.04374664519592,0.2281266774020397,,20.645464304884594,27.3215244229737,15.405260332796564,1.2949543746645196,0.36902844873859364
166,16.11647879763822,,5.958132045088567,12.93612453032743,0.2281266774020397,,20.799785292538918,26.898819108964037,15.398550724637682,1.2949543746645196,0.36902844873859364
167,15.901771336553946,,5.864197530864198,13.318572195383789,0.2281266774020397,,21.4573268921095,25.583735909822867,15.982286634460548,1.2949543746645196,0.36902844873859364
168,15.666935050993022,,6.823671497584541,12.667740203972087,0.2281266774020397,,21.70558239398819,25.6105743424584,15.633387010198604,1.2949543746645196,0.36902844873859364
169,15.378421900161031,,6.280193236714976,12.546967257112184,0.2214170692431562,,23.067632850241544,25.301932367149757,15.58641975308642,1.247987117552335,0.36902844873859364
170,15.98899624261943,,6.588835212023618,12.124261943102523,0.2214170692431562,,22.920021470746107,24.993290391841118,15.58641975308642,1.2077294685990339,0.36902844873859364
171,15.774288781535159,,6.629092860976919,12.124261943102523,0.2214170692431562,,22.839506172839506,25.06038647342995,15.774288781535159,1.2077294685990339,0.36902844873859364
172,15.432098765432098,,7.917337627482555,12.130971551261407,0.2214170692431562,,22.23564143853999,24.84567901234568,16.089640365002683,0.7581857219538379,0.36902844873859364
173,15.190552871712292,,8.601717659688674,11.688137412775093,0.2214170692431562,,22.23564143853999,24.84567901234568,16.089640365002683,0.7581857219538379,0.36902844873859364
174,15.747450348899624,,8.279656468062266,11.520397208803006,0.2214170692431562,,21.712292002147073,25.32206119162641,16.089640365002683,0.7380568974771873,0.36902844873859364
175,15.707192699946322,,8.266237251744498,11.453301127214171,0.2214170692431562,,22.134997316156735,25.214707461084274,15.895061728395062,0.7380568974771873,0.36902844873859364
176,16.639828234031132,,8.219269994632313,10.943370907139023,0.2214170692431562,,22.604669887278583,24.818840579710145,15.445517981749866,0.7380568974771873,0.36902844873859364
177,16.029253891572733,,7.924047235641439,12.090713902308105,0.2214170692431562,,21.584809447128286,25.623993558776167,15.418679549114332,0.7380568974771873,0.36902844873859364
178,15.519323671497585,,7.9106280193236715,12.822061191626409,0.2214170692431562,,20.840042941492218,25.577026301663984,16.002415458937197,0.7380568974771873,0.36902844873859364
179,15.552871712292003,,8.205850778314547,12.76838432635534,0.20128824476650564,,20.169082125603865,25.623993558776167,16.371443907675793,0.7380568974771873,0.36902844873859364
180,16.1231884057971,,7.521470746108427,12.614063338701019,0.18115942028985507,,21.135265700483092,25.523349436392916,15.794417606011809,0.7380568974771873,0.36902844873859364
181,15.888352120236178,,8.07836822329576,12.614063338701019,0.18115942028985507,,20.873590982286636,24.9194847020934,16.492216854535695,0.5837359098228664,0.36902844873859364
182,16.10305958132045,,7.883789586688137,12.278582930756844,0.18115942028985507,,21.43719806763285,24.738325281803544,16.42512077294686,0.5837359098228664,0.36902844873859364
183,16.7337627482555,,7.883789586688137,12.27187332259796,0.18115942028985507,,21.007783145464305,24.62426194310252,16.344605475040257,0.5837359098228664,0.36902844873859364
184,17.20343531937735,,7.883789586688137,12.097423510466989,0.18115942028985507,,20.638754696725712,24.55716586151369,16.485507246376812,0.5837359098228664,0.36902844873859364
185,16.854535695115406,,7.27992485238862,13.217928073000536,0.08722490606548577,,20.658883521202362,24.308910359634996,16.740472356414386,0.4830917874396135,0.36902844873859364
186,16.17686527106817,,7.212828770799785,13.24476650563607,0.08722490606548577,,20.933977455716587,23.785560923242084,17.70665593129361,0.4830917874396135,0.36902844873859364
187,15.814546430488459,,6.595544820182502,14.224369296833064,0.08722490606548577,,20.88030059044552,23.93317230273752,17.612721417069242,0.4830917874396135,0.36902844873859364
188,16.53918411164788,,6.085614600107354,13.278314546430488,0.08722490606548577,,21.329844337090712,23.8191089640365,17.58588298443371,0.9057971014492754,0.36902844873859364
189,15.465646806226516,,6.481481481481482,13.036768652710682,0.08722490606548577,,21.611647879763822,24.630971551261407,17.411433172302736,0.9057971014492754,0.36902844873859364
190,15.72061191626409,,6.481481481481482,13.043478260869565,0.08722490606548577,,21.081588835212024,24.718196457326894,17.599302200751477,0.8990874932903918,0.36902844873859364
191,14.412238325281804,,10.339506172839506,12.466451959205582,0.08722490606548577,,21.64519592055824,23.403113258185723,16.378153515834676,0.8990874932903918,0.36902844873859364
192,14.090177133655395,,10.104669887278583,13.150831991411701,0.08722490606548577,,22.6784755770263,22.819377348362856,15.801127214170693,0.8990874932903918,0.36902844873859364
193,14.15727321524423,,10.34621578099839,13.600375738056897,0.08722490606548577,,22.530864197530864,22.342995169082126,15.801127214170693,0.8990874932903918,0.23483628556092323
194,14.284755770263017,,10.218733225979603,13.94927536231884,0.08722490606548577,,22.470477724100913,22.262479871175522,15.593129361245303,0.8990874932903918,0.23483628556092323
195,14.284755770263017,,10.218733225979603,13.94927536231884,0.08722490606548577,,22.470477724100913,22.262479871175522,15.593129361245303,0.8990874932903918,0.23483628556092323
196,14.546430488459475,,10.131508319914117,13.486312399355878,0.04696725711218465,,22.20209339774557,22.544283413848632,15.908480944712828,0.8990874932903918,0.23483628556092323
197,14.942297369833602,,10.057702630166398,13.110574342458401,0.04696725711218465,,22.52415458937198,22.27589908749329,15.908480944712828,0.8990874932903918,0.23483628556092323
198,14.626945786366075,,9.769189479334408,13.285024154589372,0.04696725711218465,,21.43719806763285,23.66478797638218,15.72061191626409,1.2144390767579174,0.23483628556092323
199,14.606816961889425,,9.769189479334408,13.083735909822867,0.04696725711218465,,21.66532474503489,23.658078368223297,15.72061191626409,1.2144390767579174,0.23483628556092323
200,14.553140096618357,,9.346484165324744,13.607085346215781,0.04696725711218465,,21.611647879763822,23.8191089640365,15.566290928609769,1.2144390767579174,0.23483628556092323
201,14.908749329039184,,9.346484165324744,13.539989264626946,0.04696725711218465,,21.564680622651636,23.63123993558776,15.5126140633387,1.2144390767579174,0.23483628556092323
202,14.781266774020397,,9.346484165324744,13.81508319914117,0.040257648953301126,,21.544551798174986,23.51046698872786,15.5126140633387,1.2144390767579174,0.23483628556092323
203,14.834943639291465,,9.50751476113795,13.513150831991412,0.040257648953301126,,21.62506709608159,23.752012882447666,15.277777777777779,1.2144390767579174,0.23483628556092323
204,15.250939345142244,,9.688674181427805,12.674449812130971,0.040257648953301126,,22.282608695652176,23.429951690821255,15.391841116478798,1.0064412238325282,0.23483628556092323
205,15.385131508319914,,9.380032206119163,13.137412775093935,0.040257648953301126,,22.007514761137948,23.416532474503487,15.391841116478798,1.0064412238325282,0.23483628556092323
206,15.297906602254429,,9.245840042941492,13.22463768115942,0.040257648953301126,,21.70558239398819,23.376274825550187,15.479066022544284,1.3955984970477724,0.23483628556092323
207,15.157004830917874,,9.245840042941492,13.238056897477188,0.040257648953301126,,21.692163177670423,23.349436392914654,15.646806226516372,1.3955984970477724,0.23483628556092323
208,15.807836822329575,,8.789586688137414,13.238056897477188,0.040257648953301126,,21.4573268921095,23.13472893183038,15.546162104133119,1.751207729468599,0.23483628556092323
209,15.942028985507246,,8.487654320987655,12.68786902844874,0.040257648953301126,,23.14814814814815,22.638217928073,15.35829307568438,1.4626945786366077,0.23483628556092323
210,15.888352120236178,,9.198872785829307,12.372517444981213,0.040257648953301126,,23.13472893183038,22.5577026301664,15.150295222758992,1.4224369296833066,0.23483628556092323
211,15.49248523886205,,9.64170692431562,12.526838432635534,0.040257648953301126,,23.51046698872786,22.309447128287708,15.150295222758992,1.093666129898014,0.23483628556092323
212,16.029253891572733,,9.64170692431562,12.526838432635534,0.040257648953301126,,23.275630703166936,22.0276435856146,15.150295222758992,1.0735373054213635,0.23483628556092323
213,15.76086956521739,,9.594739667203436,12.526838432635534,0.026838432635534086,,23.463499731615673,22.396672034353195,15.002683843263553,0.9930220075147611,0.23483628556092323
214,16.190284487385938,,10.11808910359635,11.98336017176597,0.026838432635534086,,23.65136876006441,22.067901234567902,14.888620504562533,0.8387010198604401,0.23483628556092323
215,15.5126140633387,,9.856414385399892,12.338969404186795,,,24.06736446591519,21.752549651100377,15.519323671497585,0.7179280730005367,0.23483628556092323
216,15.801127214170693,,9.856414385399892,12.338969404186795,,,24.06736446591519,21.571390230810522,15.411969940955448,0.7179280730005367,0.23483628556092323
217,16.009125067096083,,9.856414385399892,12.265163714439076,,,24.188137412775095,21.43719806763285,15.411969940955448,0.5971551261406334,0.23483628556092323
218,16.25738056897477,,9.822866344605474,12.365807836822329,,,23.98684916800859,21.370101986044016,15.365002683843263,0.5971551261406334,0.23483628556092323
219,16.478797638217927,,9.822866344605474,12.365807836822329,,,23.98684916800859,21.370101986044016,15.143585614600108,0.5971551261406334,0.23483628556092323
220,16.1231884057971,,10.299248523886206,12.97638217928073,,,23.470209339774556,21.195652173913043,15.103327965646805,0.5971551261406334,0.23483628556092323
221,15.96886741814278,,10.265700483091788,12.385936661298981,,,24.50348899624262,20.94068706387547,15.103327965646805,0.5971551261406334,0.23483628556092323
222,15.848094471282877,,9.977187332259795,12.385936661298981,,,24.765163714439076,21.135265700483092,15.056360708534621,0.5971551261406334,0.23483628556092323
223,16.015834675254965,,10.534084809447128,12.097423510466989,,,25.650831991411703,19.98792270531401,14.88191089640365,0.5971551261406334,0.23483628556092323
224,16.358024691358025,,9.970477724100913,12.5402576489533,,,25.503220611916262,20.491143317230275,14.338432635534085,0.5636070853462157,0.23483628556092323
225,16.451959205582394,,10.104669887278583,12.4597423510467,,,25.637412775093935,20.303274288781534,14.244498121309716,0.5636070853462157,0.23483628556092323
226,16.74718196457327,,9.883252818035427,12.895866881374127,,,25.207997852925388,20.558239398819108,13.969404186795492,0.5568974771873323,0.18115942028985507
227,16.6129898013956,,9.883252818035427,12.493290391841116,,,25.751476113794954,20.551529790660226,13.969404186795492,0.5568974771873323,0.18115942028985507
228,16.941760601180892,,9.769189479334408,12.06387546967257,,,25.489801395598498,21.35668276972625,13.6406333870102,0.5568974771873323,0.18115942028985507
229,17.364465915190554,,9.769189479334408,11.882716049382717,,,25.771604938271604,20.42404723564144,14.049919484702093,0.5568974771873323,0.18115942028985507
230,17.310789049919485,,10.238862050456254,11.79549114331723,,,25.44283413848631,20.42404723564144,14.049919484702093,0.5568974771873323,0.18115942028985507
231,16.921631776704242,,10.238862050456254,11.668008588298443,,,26.02657004830918,20.356951154052602,14.049919484702093,0.5568974771873323,0.18115942028985507
232,17.16988727858293,,9.903381642512077,12.00348899624262,,,25.905797101449274,20.229468599033815,14.049919484702093,0.5568974771873323,0.18115942028985507
233,16.955179817498657,,10.413311862587225,11.862587224906065,,,26.247987117552334,19.91411701556629,13.90901771336554,0.5166398282340311,0.18115942028985507
234,16.659957058507782,,10.379763821792807,12.13768115942029,,,26.650563607085346,19.565217391304348,13.90901771336554,0.5166398282340311,0.18115942028985507
235,17.10950080515298,,10.379763821792807,12.104133118625873,,,26.42914653784219,19.55179817498658,13.727858293075684,0.5166398282340311,0.18115942028985507
236,16.78743961352657,,10.654857756307031,11.594202898550725,,,27.32823403113258,19.216317767042405,13.7211486849168,0.5166398282340311,0.18115942028985507
237,16.780730005367687,,10.547504025764896,11.372785829307569,,,26.663982823403114,20.571658615136876,13.479602791196994,0.4025764895330113,0.18115942028985507
238,16.780730005367687,,10.547504025764896,11.372785829307569,,,26.78475577026302,20.571658615136876,13.358829844337091,0.4025764895330113,0.18115942028985507
239,16.874664519592056,,10.493827160493828,11.312399355877616,,,26.737788513150832,21.048040794417606,12.949543746645196,0.4025764895330113,0.18115942028985507
240,16.74718196457327,,10.93666129898014,11.178207192699947,,,26.952495974235106,20.652173913043477,12.949543746645196,0.4025764895330113,0.18115942028985507
241,16.874664519592056,,10.93666129898014,11.178207192699947,,,26.82501341921632,20.652173913043477,12.949543746645196,0.4025764895330113,0.18115942028985507
242,17.787171229200215,,11.09098228663446,10.701825013419215,,,26.341921631776703,20.28985507246377,13.20450885668277,0.4025764895330113,0.18115942028985507
243,17.673107890499196,,11.09098228663446,10.581052066559312,,,26.40901771336554,20.585077831454644,13.077026301663983,0.4025764895330113,0.18115942028985507
244,17.391304347826086,,11.29898013955985,10.507246376811594,,,25.959473966720342,21.658615136876005,12.600644122383253,0.4025764895330113,0.18115942028985507
245,17.733494363929147,,11.29898013955985,10.507246376811594,,,25.281803542673106,21.994095544820183,12.600644122383253,0.4025764895330113,0.18115942028985507
246,18.270263016639827,,11.057434245840042,10.426731078904991,,,25.046967257112186,22.356414385399894,12.258454106280194,0.4025764895330113,0.18115942028985507
247,18.209876543209877,,10.950080515297907,10.88298443370907,,,24.792002147074612,22.490606548577563,12.090713902308105,0.4025764895330113,0.18115942028985507
248,18.08239398819109,,10.507246376811594,11.426462694578637,,,24.792002147074612,22.638217928073,11.969940955448202,0.4025764895330113,0.18115942028985507
