,40,45,50,51,55,54,52,53,49,48,47
0,0.6508319914117016,94.19618894256575,5.152979066022544,,,,,,,,
1,0.6374127750939346,83.88352120236178,15.479066022544284,,,,,,,,
2,1.8317230273752012,82.19940955448202,15.96886741814278,,,,,,,,
3,2.509393451422437,71.75925925925925,25.731347289318304,,,,,,,,
4,2.831454643048846,69.43102522812667,27.737520128824478,,,,,,,,
5,4.428341384863124,67.98174986580784,27.58990874932904,,,,,,,,
6,3.7640901771336552,46.35668276972625,49.8792270531401,,,,,,,,
7,3.965378421900161,43.65271068169619,52.12023617820719,0.2616747181964573,,,,,,,
8,4.676596886741814,43.23671497584541,51.82501341921632,0.2616747181964573,,,,,,,
9,5.059044551798175,41.54589371980676,53.39506172839506,,,,,,,,
10,4.85775630703167,40.063070316693505,54.448470209339774,,0.630703166935051,,,,,,
11,4.528985507246377,36.63446054750403,54.93156199677939,3.2742887815351582,0.630703166935051,,,,,,
12,4.770531400966184,34.225711218464845,55.864197530864196,4.508856682769726,0.630703166935051,,,,,,
13,4.770531400966184,31.239935587761675,57.15244229736983,5.6964573268921095,0.630703166935051,0.5099302200751477,,,,,
14,5.4616210413311865,29.71014492753623,57.99785292538916,5.689747718733226,0.630703166935051,0.5099302200751477,,,,,
15,4.106280193236715,17.847557702630166,68.894256575416,5.495169082125604,0.630703166935051,0.5099302200751477,2.5161030595813205,,,,
16,4.394793344068707,17.847557702630166,65.49248523886205,4.616210413311863,4.005636070853462,0.5099302200751477,2.5161030595813205,0.6172839506172839,,,
17,5.434782608695652,16.841116478797638,66.53918411164788,3.5426731078904994,3.9989264626945786,0.5099302200751477,2.5161030595813205,0.6172839506172839,,,
18,4.9718196457326895,16.14331723027375,58.70907139023081,12.4597423510467,3.851315083199141,0.4562533548040794,2.791196994095545,0.6172839506172839,,,
19,4.549114331723027,14.908749329039184,60.04428341384863,12.258454106280194,4.374664519592056,0.4562533548040794,2.791196994095545,0.6172839506172839,,,
20,6.166129898013956,14.700751476113794,59.75577026301664,11.137949543746645,4.374664519592056,0.4562533548040794,2.791196994095545,0.6172839506172839,,,
21,7.071926999463232,14.096886741814279,58.333333333333336,10.889694041867955,4.374664519592056,0.0939345142243693,2.791196994095545,2.3483628556092326,,,
22,7.816693505099302,13.868760064412239,57.64224369296833,11.064143853998926,4.374664519592056,0.0939345142243693,2.791196994095545,2.3483628556092326,,,
23,7.890499194847021,13.123993558776167,56.56199677938808,10.849436392914654,5.595813204508857,0.8387010198604401,2.791196994095545,2.3483628556092326,,,
24,7.776435856146001,11.104401502952227,58.69565217391305,10.849436392914654,5.595813204508857,0.8387010198604401,2.791196994095545,2.3483628556092326,,,
25,9.037842190016104,11.044015029522276,55.454911433172306,10.849436392914654,7.0450885668276975,2.3349436392914655,1.8853998926462694,2.3483628556092326,,,
26,9.024422973698336,10.104669887278583,55.119431025228124,11.41304347826087,7.0450885668276975,2.3349436392914655,1.8853998926462694,3.0730005367686526,,,
27,9.842995169082126,9.98389694041868,54.79736983360172,11.352657004830919,7.0450885668276975,2.01959205582394,1.8853998926462694,3.0730005367686526,,,
28,9.86983360171766,9.252549651100376,54.851046698872786,11.75523349436393,7.689210950080516,1.2748255501878691,1.8853998926462694,3.421900161030596,,,
29,9.5276435856146,9.151905528717123,53.77079978529254,12.741545893719806,7.689210950080516,1.2748255501878691,2.4221685453569513,3.421900161030596,,,
30,8.99087493290392,8.454106280193237,60.43344068706388,10.795759527643586,6.031937734836285,1.0332796564680622,1.0869565217391304,3.1736446591519054,,,
31,8.769457863660762,7.830112721417069,59.97047772410091,11.117820719269995,6.588835212023618,1.8048845947396672,0.8722490606548577,3.046162104133119,,,
32,10.084541062801932,7.440955448201825,58.81642512077295,10.903113258185721,6.508319914117015,1.7981749865807837,1.402308105206656,3.046162104133119,,,
33,9.057971014492754,6.501610305958132,72.1484165324745,5.609232420826624,2.4490069779924855,1.7042404723564144,0.8655394524959742,1.6639828234031133,,,
34,9.326355340848094,6.179549114331723,71.47074610842726,6.340579710144928,2.4490069779924855,1.7042404723564144,0.8655394524959742,1.6639828234031133,,,
35,9.809447128287708,6.179549114331723,67.85426731078906,6.340579710144928,2.871712292002147,1.7042404723564144,1.4559849704777241,3.784219001610306,,,
36,10.742082662372518,6.0587761674718195,65.56629092860977,6.172839506172839,4.51556629092861,1.7042404723564144,1.4559849704777241,3.784219001610306,,,
37,12.338969404186795,5.428073000536768,64.2914653784219,6.132581857219538,5.260332796564681,1.4492753623188406,1.4358561460010735,3.6634460547504024,,,
38,11.533816425120772,5.072463768115942,62.42619431025228,6.132581857219538,5.844068706387547,1.4492753623188406,1.4358561460010735,6.105743424584004,,,
39,12.211486849168008,4.696725711218465,61.513687600644126,6.394256575415996,5.636070853462158,2.1739130434782608,1.4358561460010735,5.938003220611916,,,
40,12.533548040794418,4.683306494900698,57.870370370370374,8.205850778314547,6.226516371443908,2.1739130434782608,2.0665593129361244,6.239935587761675,,,
41,13.144122383252817,4.683306494900698,56.065485775630705,8.05823939881911,6.226516371443908,2.1739130434782608,4.790660225442834,4.85775630703167,,,
42,13.345410628019323,4.676596886741814,55.99168008588298,8.05823939881911,6.226516371443908,2.1739130434782608,4.669887278582931,4.85775630703167,,,
43,13.311862587224907,4.676596886741814,55.08588298443371,8.380300590445518,6.226516371443908,2.15378421900161,4.549114331723027,5.615942028985507,,,
44,13.519860440150294,4.488727858293076,54.74369296833065,8.702361782071927,6.226516371443908,2.15378421900161,4.549114331723027,5.615942028985507,,,
45,13.573537305421363,4.367954911433173,50.1207729468599,12.580515297906603,6.387546967257112,3.166935050993022,4.549114331723027,5.253623188405797,,,
46,12.218196457326892,4.367954911433173,49.644390767579175,11.52710681696189,5.555555555555555,2.3349436392914655,7.541599570585078,6.300322061191626,0.5099302200751477,,
47,11.996779388083736,3.7573805689747717,50.24825550187869,12.177938808373591,5.555555555555555,2.1135265700483092,7.340311325818572,6.300322061191626,0.5099302200751477,,
48,11.721685453569512,3.6500268384326353,50.20799785292539,11.480139559849706,5.984970477724101,2.885131508319914,6.582125603864735,6.977992485238862,0.5099302200751477,,
49,12.030327428878154,3.6366076221148687,46.59151905528717,11.064143853998926,7.320182501341922,2.442297369833602,9.426999463231347,6.977992485238862,0.5099302200751477,,
50,12.627482555018787,3.6366076221148687,44.96108427267848,13.258185721953838,7.071926999463232,3.6231884057971016,7.4006977992485234,6.910896403650026,0.5099302200751477,,
51,12.815351583467525,3.6366076221148687,43.29710144927536,13.6406333870102,6.347289318303811,3.6231884057971016,6.239935587761675,9.88996242619431,0.5099302200751477,,
52,13.707729468599034,3.6366076221148687,42.90794417606012,13.137412775093935,6.347289318303811,3.6231884057971016,6.239935587761675,9.88996242619431,0.5099302200751477,,
53,14.083467525496511,3.6366076221148687,42.914653784219,13.077026301663983,6.347289318303811,3.3011272141706924,5.676328502415459,10.453569511540525,0.5099302200751477,,
54,14.942297369833602,3.5963499731615673,42.89452495974235,12.983091787439614,6.347289318303811,3.2139023081052067,5.401234567901234,10.111379495437467,0.5099302200751477,,
55,16.089640365002683,3.5963499731615673,41.95517981749866,12.74825550187869,6.347289318303811,4.62962962962963,4.7638217928073,9.359903381642512,0.5099302200751477,,
56,16.089640365002683,3.2004830917874396,41.51905528717123,13.553408480944713,5.2066559312936125,5.797101449275362,4.7638217928073,9.359903381642512,0.5099302200751477,,
57,16.23725174449812,3.180354267310789,41.34460547504026,13.003220611916264,5.2066559312936125,5.797101449275362,5.46833064949007,9.252549651100376,0.5099302200751477,,
58,16.022544283413847,3.1736446591519054,40.465646806226516,12.721417069243156,4.575952764358561,5.6964573268921095,8.809715512614064,8.024691358024691,0.5099302200751477,,
59,15.881642512077295,3.046162104133119,39.03650026838432,12.110842726784755,4.314278046162104,6.776704240472356,7.239667203435319,11.084272678475577,0.5099302200751477,,
60,17.002147074610843,3.0327428878153517,38.43263553408481,11.969940955448202,4.17337627482555,6.266774020397209,7.776435856146001,10.836017176596886,0.5099302200751477,,
61,16.398282340311326,2.945517981749866,38.28502415458937,11.097691894793345,4.871175523349437,7.454374664519592,8.11862587224906,10.319377348362856,0.5099302200751477,,
62,16.069511540526033,2.8515834675254963,40.64009661835749,9.440418679549115,5.01207729468599,6.454643048845948,8.293075684380032,10.72866344605475,0.5099302200751477,,
63,15.257648953301127,2.2074610842726785,40.19726247987118,11.614331723027375,5.01207729468599,6.414385399892646,8.568169618894256,10.084541062801932,0.644122383252818,,
64,15.619967793880837,2.2074610842726785,38.52657004830918,11.506977992485238,4.851046698872786,5.837359098228664,9.816156736446592,10.990338164251208,0.644122383252818,,
65,15.942028985507246,2.167203435319377,38.32528180354267,11.506977992485238,4.8443370907139025,5.763553408480945,9.816156736446592,10.990338164251208,0.644122383252818,,
66,15.297906602254429,2.167203435319377,37.92270531400966,12.734836285560924,4.736983360171766,5.186527106816962,11.634460547504025,10.057702630166398,0.2616747181964573,,
67,15.385131508319914,2.120236178207193,37.25845410628019,13.003220611916264,5.730005367686527,5.186527106816962,11.144659151905529,9.91009125067096,0.2616747181964573,,
68,15.881642512077295,2.120236178207193,36.03730542136339,12.714707461084272,5.730005367686527,6.038647342995169,10.815888352120236,9.50751476113795,1.1540526033279657,,
69,15.673644659151906,2.120236178207193,36.03730542136339,13.399087493290391,5.488459473966721,5.810520665593129,10.815888352120236,9.500805152979066,1.1540526033279657,,
70,15.646806226516372,1.90552871712292,38.66076221148685,10.721953837895867,5.481749865807837,5.797101449275362,11.131239935587761,9.500805152979066,1.1540526033279657,,
71,15.76086956521739,1.8250134192163177,38.62721417069243,10.721953837895867,5.481749865807837,5.797101449275362,11.131239935587761,9.500805152979066,1.1540526033279657,,
72,15.707192699946322,1.8183038110574343,37.795222758990874,13.513150831991412,5.112721417069243,5.730005367686527,10.923242082662373,8.246108427267847,1.1540526033279657,,
73,16.384863123993558,1.7444981213097155,37.94283413848631,13.459473966720344,5.112721417069243,5.730005367686527,10.339506172839506,8.132045088566828,1.1540526033279657,,
74,16.666666666666668,1.7444981213097155,37.224906065485776,13.459473966720344,5.0858829844337095,5.609232420826624,10.332796564680622,8.132045088566828,1.7444981213097155,,
75,16.894793344068706,1.7444981213097155,36.34594739667203,13.271604938271604,5.0858829844337095,6.736446591519055,10.071121846484166,8.105206655931294,1.7444981213097155,,
76,15.881642512077295,1.2345679012345678,37.80193236714976,12.815351583467525,5.01207729468599,6.595544820182502,9.292807300053678,9.621578099838969,1.7444981213097155,,
77,15.271068169618895,1.1943102522812667,40.01610305958132,11.802200751476114,5.01207729468599,6.595544820182502,9.27938808373591,9.621578099838969,1.2077294685990339,,
78,14.895330112721417,1.1943102522812667,38.519860440150296,12.533548040794418,4.690016103059581,6.353998926462695,9.245840042941492,11.3593666129898,1.2077294685990339,,
79,15.150295222758992,1.1943102522812667,38.36553945249597,12.533548040794418,4.690016103059581,6.709608158883521,9.03113258185722,11.117820719269995,1.2077294685990339,,
80,15.183843263553408,1.1943102522812667,37.754965110037574,12.533548040794418,4.575952764358561,6.709608158883521,9.03113258185722,11.808910359634996,1.2077294685990339,,
81,16.59286097691895,1.1741814278046163,36.822329575952764,11.493558776167472,4.549114331723027,6.709608158883521,8.957326892109501,12.493290391841116,1.2077294685990339,,
82,16.59286097691895,1.1741814278046163,36.34594739667203,11.493558776167472,4.549114331723027,6.709608158883521,8.729200214707461,13.197799248523886,1.2077294685990339,,
83,16.210413311862588,1.1741814278046163,36.09769189479334,11.493558776167472,3.878153515834675,7.682501341921632,9.440418679549115,12.815351583467525,1.2077294685990339,,
84,15.995705850778315,1.1741814278046163,36.131239935587764,11.252012882447666,2.9253891572732154,9.23913043478261,9.440418679549115,12.634192163177671,1.2077294685990339,,
85,15.995705850778315,1.1741814278046163,35.61460010735373,11.252012882447666,2.9119699409554483,9.23913043478261,9.970477724100913,12.634192163177671,1.2077294685990339,,
86,16.10305958132045,1.1741814278046163,35.487117552334944,10.540794417606012,2.636876006441224,9.822866344605474,9.681964573268921,13.345410628019323,1.2077294685990339,,
87,16.17686527106817,1.1741814278046163,38.21121846484165,10.507246376811594,2.6301663982823404,9.702093397745571,7.709339774557166,12.385936661298981,1.5029522275899088,,
88,16.243961352657006,1.1741814278046163,37.996511003757384,10.426731078904991,2.6033279656468062,10.02415458937198,6.910896403650026,13.117283950617283,1.5029522275899088,,
89,15.365002683843263,1.1741814278046163,37.92270531400966,10.406602254428341,2.5966183574879227,10.02415458937198,7.803274288781535,12.781803542673108,1.9256575415995705,,
90,15.01610305958132,0.9728931830381106,38.27831454643049,10.272410091250672,2.804616210413312,9.950348899624261,7.447665056360709,13.358829844337091,1.8988191089640365,,
91,15.982286634460548,0.9728931830381106,37.513419216317764,10.272410091250672,2.804616210413312,9.930220075147611,7.39398819108964,13.513150831991412,1.6170155662909287,,
92,15.599838969404187,0.9728931830381106,37.33225979602791,10.272410091250672,2.7643585614600106,9.681964573268921,7.716049382716049,14.04320987654321,1.6170155662909287,,
93,15.291196994095545,0.9728931830381106,37.734836285560924,10.272410091250672,2.6838432635534084,9.681964573268921,7.702630166398282,14.04320987654321,1.6170155662909287,,
94,15.49248523886205,0.9728931830381106,37.2987117552335,10.701825013419215,2.6838432635534084,9.681964573268921,7.682501341921632,13.868760064412239,1.6170155662909287,,
95,15.827965646806227,0.9393451422436929,37.33225979602791,10.701825013419215,2.6838432635534084,9.54777241009125,7.682501341921632,13.862050456253355,1.4224369296833066,,
96,16.29092860976919,0.9393451422436929,37.33225979602791,10.701825013419215,2.6704240472356413,9.480676328502415,7.682501341921632,13.479602791196994,1.4224369296833066,,
97,15.975577026301664,0.9259259259259259,37.68115942028985,10.493827160493828,2.6704240472356413,9.225711218464841,8.474235104669887,13.130703166935051,1.4224369296833066,,
98,15.92860976918948,0.9259259259259259,36.41975308641975,11.117820719269995,2.6502952227589907,10.010735373054214,8.400429414922169,13.130703166935051,1.415727321524423,,
99,15.814546430488459,0.9259259259259259,36.24530327428878,11.117820719269995,2.6502952227589907,10.34621578099839,8.400429414922169,13.083735909822867,1.415727321524423,,
100,15.022812667740205,0.9259259259259259,35.909822866344605,11.097691894793345,2.2611379495437465,10.225442834138486,10.63472893183038,12.506709608158884,1.415727321524423,,
101,14.687332259796028,0.9259259259259259,35.299248523886206,10.929951690821255,2.2611379495437465,10.829307568438002,10.63472893183038,11.936392914653783,2.49597423510467,,
102,13.654052603327965,0.9259259259259259,36.178207192699944,10.010735373054214,2.2611379495437465,10.305958132045088,9.930220075147611,13.030059044551798,3.7037037037037037,,
103,13.982823403113258,0.9259259259259259,35.75550187869028,10.010735373054214,2.2611379495437465,10.104669887278583,9.634997316156737,13.620504562533547,3.7037037037037037,,
104,13.613794954374665,0.9192163177670424,36.090982286634464,10.010735373054214,2.187332259796028,10.849436392914654,9.25925925925926,13.539989264626946,3.5292538915727323,,
105,13.47289318303811,0.9192163177670424,36.090982286634464,9.520933977455716,2.187332259796028,10.849436392914654,9.88996242619431,13.539989264626946,3.5292538915727323,,
106,13.150831991411701,0.8454106280193237,37.915995705850776,9.265968867418144,2.1135265700483092,10.849436392914654,10.091250670960816,12.238325281803542,3.5292538915727323,,
107,13.821792807300053,0.8454106280193237,37.224906065485776,9.460547504025765,2.0799785292538915,10.836017176596886,10.00402576489533,12.204777241009126,3.5225442834138487,,
108,14.720880300590446,0.7917337627482555,36.520397208803004,9.460547504025765,2.0799785292538915,10.836017176596886,10.00402576489533,12.177938808373591,3.408480944712829,,
109,14.97584541062802,0.7917337627482555,36.520397208803004,9.460547504025765,2.0799785292538915,10.836017176596886,10.00402576489533,11.922973698336017,3.408480944712829,,
110,14.928878153515834,0.7917337627482555,36.35265700483092,10.0979602791197,2.0799785292538915,10.648148148148149,10.00402576489533,11.902844873859367,3.193773483628556,,
111,14.928878153515834,0.7917337627482555,36.35265700483092,10.0979602791197,2.0799785292538915,10.050993022007514,9.957058507783145,12.546967257112184,3.193773483628556,,
112,15.163714439076758,0.7917337627482555,36.33923778851315,10.0979602791197,2.0799785292538915,10.050993022007514,9.876543209876543,12.406065485775631,3.193773483628556,,
113,15.754159957058508,0.7917337627482555,36.08427267847558,10.0979602791197,2.0799785292538915,10.050993022007514,9.876543209876543,12.406065485775631,2.85829307568438,,
114,16.170155662909288,0.7917337627482555,35.73537305421363,10.648148148148149,2.0799785292538915,10.050993022007514,9.265968867418144,12.399355877616747,2.85829307568438,,
115,15.566290928609769,0.7917337627482555,35.59447128287708,10.63472893183038,2.0397208803005906,8.541331186258722,11.802200751476114,12.171229200214707,2.85829307568438,,
116,15.666935050993022,0.7917337627482555,35.03086419753087,10.63472893183038,1.8518518518518519,8.494363929146537,12.5,12.171229200214707,2.85829307568438,,
117,15.425389157273216,0.7917337627482555,34.31964573268921,9.64170692431562,1.0265700483091786,8.219269994632313,13.546698872785829,13.654052603327965,3.374932903918411,,
118,15.881642512077295,0.7917337627482555,33.60842726784756,9.534353193773484,0.9930220075147611,9.01100375738057,13.419216317767042,13.385668276972625,3.374932903918411,,
119,15.5126140633387,0.7581857219538379,33.56816961889426,9.440418679549115,0.9930220075147611,8.964036500268385,14.13714439076758,13.251476113794954,3.374932903918411,,
120,15.734031132581856,0.7581857219538379,32.85024154589372,9.252549651100376,0.9930220075147611,8.917069243156199,14.13714439076758,13.191089640365004,4.166666666666667,,
121,15.002683843263553,0.7581857219538379,32.367149758454104,8.977455716586151,0.9728931830381106,8.581588835212024,16.35131508319914,12.822061191626409,4.166666666666667,,
122,15.499194847020934,0.7581857219538379,31.689479334406872,9.339774557165862,0.9728931830381106,8.313204508856682,15.921900161030596,12.822061191626409,4.683306494900698,,
123,15.499194847020934,0.7581857219538379,31.689479334406872,9.339774557165862,0.9728931830381106,8.313204508856682,15.921900161030596,12.822061191626409,4.683306494900698,,
124,15.271068169618895,0.7112184648416533,31.790123456790123,9.111647879763822,0.9728931830381106,8.313204508856682,15.854804079441761,12.822061191626409,5.152979066022544,,
125,15.170424047235642,0.7112184648416533,31.488191089640367,8.608427267847558,0.9728931830381106,7.474503488996243,18.21658615136876,12.204777241009126,5.152979066022544,,
126,15.653515834675256,0.7112184648416533,30.703166935050994,9.359903381642512,0.9728931830381106,7.380568974771873,17.914653784219002,12.151100375738057,5.152979066022544,,
127,16.002415458937197,0.7112184648416533,30.703166935050994,9.31964573268921,0.9460547504025765,7.098765432098766,17.914653784219002,12.151100375738057,5.152979066022544,,
128,16.841116478797638,0.6977992485238862,30.139559849704778,11.855877616747183,0.9460547504025765,7.098765432098766,16.941760601180892,10.326086956521738,5.152979066022544,,
129,16.841116478797638,0.6977992485238862,30.139559849704778,11.855877616747183,0.9460547504025765,7.098765432098766,16.941760601180892,10.326086956521738,5.152979066022544,,
130,16.74718196457327,0.6977992485238862,30.139559849704778,11.426462694578637,0.9460547504025765,7.098765432098766,18.276972624798713,9.514224369296834,5.152979066022544,,
131,16.6129898013956,0.6977992485238862,30.139559849704778,11.426462694578637,0.9460547504025765,6.582125603864735,18.250134192163177,10.19189479334407,5.152979066022544,,
132,17.03569511540526,0.6977992485238862,29.56924315619968,11.406333870101985,0.9460547504025765,6.582125603864735,18.109232420826622,10.158346752549651,5.495169082125604,,
133,17.008856682769725,0.6977992485238862,29.240472356414386,10.997047772410092,0.9460547504025765,6.91760601180891,19.592055823939884,9.104938271604938,5.495169082125604,,
134,15.995705850778315,0.6977992485238862,29.562533548040793,10.607890499194847,0.9460547504025765,6.91760601180891,20.33011272141707,9.104938271604938,5.314009661835748,0.5233494363929146,
135,15.995705850778315,0.6977992485238862,28.972088030059044,10.607890499194847,0.9460547504025765,6.91760601180891,20.316693505099302,9.104938271604938,4.938271604938271,1.5029522275899088,
136,15.888352120236178,0.6977992485238862,28.395061728395063,11.191626409017713,0.9460547504025765,7.434245840042942,20.12211486849168,8.883521202361782,4.938271604938271,1.5029522275899088,
137,15.888352120236178,0.6977992485238862,28.395061728395063,11.191626409017713,0.9460547504025765,7.434245840042942,20.12211486849168,8.883521202361782,4.938271604938271,1.5029522275899088,
138,16.17686527106817,0.6977992485238862,28.247450348899623,11.191626409017713,0.9460547504025765,7.434245840042942,20.12211486849168,8.883521202361782,4.938271604938271,1.3620504562533549,
139,16.512345679012345,0.6977992485238862,27.435587761674718,11.674718196457327,0.9259259259259259,8.199141170155663,19.57192699946323,8.682232957595277,4.938271604938271,1.3620504562533549,
140,16.6532474503489,0.6977992485238862,27.160493827160494,11.292270531400966,0.9259259259259259,8.199141170155663,20.088566827697264,8.682232957595277,4.938271604938271,1.3620504562533549,
141,16.6532474503489,0.6977992485238862,27.160493827160494,11.292270531400966,0.9259259259259259,8.199141170155663,20.088566827697264,8.682232957595277,4.938271604938271,1.3620504562533549,
142,16.6532474503489,0.6977992485238862,27.160493827160494,11.292270531400966,0.9259259259259259,8.199141170155663,20.088566827697264,8.682232957595277,4.938271604938271,1.3620504562533549,
143,16.10305958132045,0.6977992485238862,26.684111647879764,11.064143853998926,0.9259259259259259,8.199141170155663,20.611916264090176,9.601449275362318,4.750402576489533,1.3620504562533549,
144,15.70048309178744,0.6374127750939346,27.03972088030059,10.983628556092324,0.9259259259259259,8.132045088566828,20.665593129361245,9.923510466988727,4.669887278582931,1.3217928073000538,
145,15.53274288781535,0.6374127750939346,30.381105743424584,10.674986580783683,0.9259259259259259,7.9106280193236715,19.068706387546968,8.876811594202898,4.669887278582931,1.3217928073000538,
146,15.53274288781535,0.6374127750939346,30.381105743424584,10.674986580783683,0.9259259259259259,7.9106280193236715,19.068706387546968,8.876811594202898,4.669887278582931,1.3217928073000538,
147,15.190552871712292,0.6374127750939346,30.495169082125603,10.534084809447128,0.9259259259259259,7.722758990874933,19.068706387546968,9.567901234567902,4.53569511540526,1.3217928073000538,
148,15.425389157273216,0.6374127750939346,30.776972624798713,10.138217928073,0.9259259259259259,7.722758990874933,18.968062265163713,9.567901234567902,4.51556629092861,1.3217928073000538,
149,16.09634997316157,0.46967257112184646,30.360976918947934,10.050993022007514,0.9259259259259259,7.722758990874933,18.968062265163713,9.567901234567902,4.51556629092861,1.3217928073000538,
150,16.398282340311326,0.46967257112184646,30.20665593129361,10.050993022007514,0.9259259259259259,7.722758990874933,18.820450885668276,9.567901234567902,4.51556629092861,1.3217928073000538,
151,16.378153515834676,0.46967257112184646,30.193236714975846,10.037573805689748,0.9259259259259259,7.722758990874933,19.39747718733226,9.098228663446054,4.455179817498658,1.3217928073000538,
152,15.92860976918948,0.46967257112184646,29.488727858293075,10.037573805689748,0.9259259259259259,7.5348899624261945,19.464573268921097,10.373054213633925,4.455179817498658,1.3217928073000538,
153,15.888352120236178,0.46967257112184646,29.58937198067633,9.997316156736447,0.9259259259259259,7.5348899624261945,19.444444444444443,10.373054213633925,4.455179817498658,1.3217928073000538,
154,16.445249597423512,0.46967257112184646,29.56924315619968,9.88996242619431,0.9259259259259259,7.521470746108427,19.444444444444443,10.373054213633925,4.1129898013955986,1.247987117552335,
155,16.445249597423512,0.46967257112184646,29.56924315619968,9.88996242619431,0.9259259259259259,7.521470746108427,19.444444444444443,10.373054213633925,4.1129898013955986,1.247987117552335,
156,16.445249597423512,0.46967257112184646,29.522275899087493,9.88996242619431,0.9259259259259259,7.521470746108427,18.780193236714975,11.084272678475577,4.1129898013955986,1.247987117552335,
157,16.31105743424584,0.46967257112184646,29.656468062265162,9.88996242619431,0.9259259259259259,7.521470746108427,18.780193236714975,11.084272678475577,4.1129898013955986,1.247987117552335,
158,16.31105743424584,0.46967257112184646,29.656468062265162,9.88996242619431,0.9259259259259259,7.521470746108427,18.780193236714975,11.084272678475577,4.1129898013955986,1.247987117552335,
159,16.015834675254965,0.46967257112184646,29.414922168545356,9.88996242619431,0.9259259259259259,7.521470746108427,18.780193236714975,11.084272678475577,4.64975845410628,1.247987117552335,
160,15.734031132581856,0.46967257112184646,29.341116478797638,9.88996242619431,0.9259259259259259,8.205850778314547,18.54535695115405,10.990338164251208,4.64975845410628,1.247987117552335,
161,15.734031132581856,0.46967257112184646,29.341116478797638,9.88996242619431,0.9259259259259259,8.205850778314547,18.54535695115405,10.990338164251208,4.64975845410628,1.247987117552335,
162,15.734031132581856,0.46967257112184646,29.341116478797638,10.433440687063875,0.9259259259259259,8.205850778314547,18.00187869028449,10.990338164251208,4.64975845410628,1.247987117552335,
163,15.304616210413311,0.46967257112184646,29.09957058507783,10.433440687063875,0.9259259259259259,8.205850778314547,18.00187869028449,10.990338164251208,5.381105743424584,1.1876006441223832,
164,15.304616210413311,0.46967257112184646,29.09957058507783,10.433440687063875,0.9259259259259259,8.205850778314547,18.00187869028449,10.990338164251208,5.381105743424584,1.1876006441223832,
165,15.304616210413311,0.46967257112184646,29.09957058507783,10.433440687063875,0.9259259259259259,8.205850778314547,18.00187869028449,10.990338164251208,5.381105743424584,1.1876006441223832,
166,15.304616210413311,0.46967257112184646,29.09957058507783,10.433440687063875,0.9259259259259259,8.205850778314547,18.00187869028449,10.990338164251208,5.381105743424584,1.1876006441223832,
167,15.841384863123993,0.46967257112184646,28.710413311862588,11.198336017176597,0.9259259259259259,8.11862587224906,17.753623188405797,10.976918947933441,4.85775630703167,1.1473429951690821,
168,16.190284487385938,0.46967257112184646,27.958937198067634,11.084272678475577,0.9259259259259259,8.105206655931294,17.49194847020934,10.976918947933441,5.649490069779925,1.1473429951690821,
169,16.438539989264626,0.46967257112184646,27.958937198067634,10.889694041867955,0.9259259259259259,8.105206655931294,17.438271604938272,10.976918947933441,5.649490069779925,1.1473429951690821,
170,16.344605475040257,0.46967257112184646,28.052871712292003,10.889694041867955,0.9259259259259259,8.105206655931294,17.438271604938272,10.976918947933441,5.649490069779925,1.1473429951690821,
171,17.06924315619968,0.46967257112184646,27.167203435319376,10.889694041867955,0.9259259259259259,8.105206655931294,17.102791196994094,10.976918947933441,6.146001073537305,1.1473429951690821,
172,17.09608158883521,0.46967257112184646,27.120236178207193,10.59447128287708,0.9259259259259259,8.105206655931294,17.102791196994094,10.976918947933441,6.461352657004831,1.1473429951690821,
173,17.05582393988191,0.46967257112184646,26.67740203972088,10.225442834138486,0.9259259259259259,8.105206655931294,17.954911433172303,10.976918947933441,6.461352657004831,1.1473429951690821,
174,17.498658078368223,0.46967257112184646,26.67740203972088,10.225442834138486,0.9259259259259259,8.105206655931294,17.51207729468599,10.976918947933441,6.461352657004831,1.1473429951690821,
175,17.498658078368223,0.46967257112184646,26.67740203972088,10.225442834138486,0.9259259259259259,8.105206655931294,17.51207729468599,10.976918947933441,6.461352657004831,1.1473429951690821,
176,16.6532474503489,0.46967257112184646,25.523349436392916,10.21202361782072,0.9259259259259259,8.105206655931294,17.51207729468599,10.976918947933441,9.037842190016104,0.5837359098228664,
177,16.6532474503489,0.46967257112184646,25.523349436392916,10.21202361782072,0.9259259259259259,8.105206655931294,17.51207729468599,10.976918947933441,9.037842190016104,0.5837359098228664,
178,16.5727321524423,0.46967257112184646,25.483091787439612,10.165056360708535,0.9259259259259259,8.105206655931294,17.424852388620504,11.231884057971014,9.037842190016104,0.5837359098228664,
179,16.5727321524423,0.46967257112184646,25.483091787439612,10.165056360708535,0.9259259259259259,8.105206655931294,17.424852388620504,11.231884057971014,9.037842190016104,0.5837359098228664,
180,16.472088030059044,0.46967257112184646,25.483091787439612,9.426999463231347,0.9259259259259259,8.105206655931294,18.263553408480945,11.231884057971014,9.037842190016104,0.5837359098228664,
181,17.04911433172303,0.46967257112184646,25.63070316693505,9.158615136876007,0.9259259259259259,8.09849704777241,18.06897477187332,11.030595813204508,8.984165324745035,0.5837359098228664,
182,17.04911433172303,0.46967257112184646,25.63070316693505,9.158615136876007,0.9259259259259259,8.09849704777241,18.06897477187332,11.030595813204508,8.984165324745035,0.5837359098228664,
183,17.04911433172303,0.46967257112184646,25.63070316693505,9.158615136876007,0.9259259259259259,8.09849704777241,18.06897477187332,11.030595813204508,8.984165324745035,0.5837359098228664,
184,17.03569511540526,0.46967257112184646,25.93263553408481,9.057971014492754,0.6508319914117016,8.84326355340848,17.411433172302736,11.030595813204508,8.984165324745035,0.5837359098228664,
185,17.478529253891573,0.4562533548040794,26.060118089103597,8.970746108427267,0.6508319914117016,8.84326355340848,17.364465915190554,10.849436392914654,8.742619431025227,0.5837359098228664,
186,17.820719269994633,0.4562533548040794,25.72463768115942,8.970746108427267,0.6508319914117016,8.84326355340848,17.364465915190554,10.849436392914654,8.735909822866345,0.5837359098228664,
187,17.820719269994633,0.4562533548040794,25.72463768115942,8.970746108427267,0.6508319914117016,8.84326355340848,17.364465915190554,10.849436392914654,8.735909822866345,0.5837359098228664,
188,17.820719269994633,0.4562533548040794,25.72463768115942,8.970746108427267,0.6508319914117016,8.84326355340848,17.364465915190554,10.849436392914654,8.735909822866345,0.5837359098228664,
189,18.075684380032207,0.4562533548040794,25.543478260869566,8.722490606548577,0.6508319914117016,8.84326355340848,17.538915727321523,10.849436392914654,8.735909822866345,0.5837359098228664,
190,18.531937734836287,0.4562533548040794,25.509930220075148,8.440687063875469,0.6508319914117016,8.84326355340848,17.49194847020934,10.849436392914654,8.903650026838433,0.322061191626409,
191,19.256575415995705,0.4562533548040794,25.295222758990874,8.232689210950081,0.6508319914117016,8.84326355340848,17.317498658078367,10.849436392914654,8.776167471819646,0.322061191626409,
192,18.833870101986044,0.4562533548040794,25.295222758990874,8.232689210950081,0.6508319914117016,8.84326355340848,17.767042404723565,10.82259796027912,8.776167471819646,0.322061191626409,
193,18.666129898013956,0.4562533548040794,25.295222758990874,10.802469135802468,0.6508319914117016,8.340042941492216,15.98899624261943,10.701825013419215,8.776167471819646,0.322061191626409,
194,18.666129898013956,0.4562533548040794,25.295222758990874,10.802469135802468,0.6508319914117016,8.340042941492216,15.98899624261943,10.701825013419215,8.776167471819646,0.322061191626409,
195,18.625872249060656,0.4562533548040794,25.295222758990874,11.3593666129898,0.6508319914117016,8.3064949006978,15.734031132581856,10.473698336017177,8.776167471819646,0.322061191626409,
196,18.471551261406333,0.4562533548040794,25.39586688137413,11.3593666129898,0.6508319914117016,8.105206655931294,16.324476650563607,10.238862050456254,8.675523349436393,0.322061191626409,
197,18.874127750939344,0.4428341384863124,25.335480407944175,11.097691894793345,0.6508319914117016,8.105206655931294,16.25738056897477,10.238862050456254,8.675523349436393,0.322061191626409,
198,19.068706387546968,0.4428341384863124,25.107353730542137,10.23215244229737,0.6508319914117016,8.105206655931294,16.25738056897477,11.097691894793345,8.715780998389693,0.322061191626409,
199,19.276704240472355,0.39586688137412773,25.187869028448738,10.23215244229737,0.6508319914117016,7.863660762211487,16.25738056897477,11.097691894793345,8.715780998389693,0.322061191626409,
200,19.766505636070853,0.39586688137412773,25.187869028448738,9.769189479334408,0.6508319914117016,7.843531937734836,16.25067096081589,11.097691894793345,8.715780998389693,0.322061191626409,
201,20.021470746108427,0.39586688137412773,24.698067632850243,9.769189479334408,0.6508319914117016,7.836822329575953,16.23725174449812,11.352657004830919,8.715780998389693,0.322061191626409,
202,20.021470746108427,0.39586688137412773,24.698067632850243,9.769189479334408,0.6508319914117016,7.836822329575953,16.23725174449812,11.352657004830919,8.715780998389693,0.322061191626409,
203,19.981213097155127,0.39586688137412773,24.698067632850243,9.71551261406334,0.6508319914117016,7.836822329575953,16.23725174449812,11.352657004830919,8.809715512614064,0.322061191626409,
204,19.732957595276435,0.39586688137412773,24.698067632850243,9.71551261406334,0.6508319914117016,7.62211486849168,16.720343531937736,11.332528180354267,8.809715512614064,0.322061191626409,
205,19.732957595276435,0.39586688137412773,24.698067632850243,9.71551261406334,0.6508319914117016,7.62211486849168,16.720343531937736,11.332528180354267,8.809715512614064,0.322061191626409,
206,19.732957595276435,0.39586688137412773,24.698067632850243,9.71551261406334,0.6508319914117016,7.62211486849168,16.720343531937736,11.332528180354267,8.809715512614064,0.322061191626409,
207,19.732957595276435,0.39586688137412773,24.698067632850243,9.71551261406334,0.6508319914117016,7.62211486849168,16.720343531937736,11.332528180354267,8.809715512614064,0.322061191626409,
208,19.712828770799785,0.39586688137412773,24.671229200214707,9.71551261406334,0.6508319914117016,7.62211486849168,17.03569511540526,11.064143853998926,8.809715512614064,0.322061191626409,
209,19.920826623725173,0.39586688137412773,24.416264090177133,9.50751476113795,0.6508319914117016,7.4208266237251745,17.518786902844873,11.064143853998926,8.78287707997853,0.322061191626409,
210,19.618894256575416,0.39586688137412773,24.3894256575416,9.50751476113795,0.6508319914117016,7.4208266237251745,17.518786902844873,11.064143853998926,8.165593129361245,1.2681159420289856,
211,19.618894256575416,0.39586688137412773,24.3894256575416,9.50751476113795,0.6508319914117016,7.4208266237251745,17.518786902844873,11.064143853998926,8.165593129361245,1.2681159420289856,
212,19.618894256575416,0.39586688137412773,24.3894256575416,9.50751476113795,0.6508319914117016,7.4208266237251745,17.518786902844873,11.064143853998926,8.165593129361245,1.2681159420289856,
213,19.840311325818572,0.39586688137412773,24.241814278046164,10.057702630166398,0.6508319914117016,7.4208266237251745,17.042404723564143,10.916532474503489,8.165593129361245,1.2681159420289856,
214,19.840311325818572,0.39586688137412773,24.241814278046164,10.057702630166398,0.6508319914117016,7.4208266237251745,17.042404723564143,10.916532474503489,8.165593129361245,1.2681159420289856,
215,19.585346215780998,0.39586688137412773,24.510198604401502,10.057702630166398,0.6508319914117016,7.4208266237251745,17.042404723564143,10.916532474503489,8.152173913043478,1.2681159420289856,
216,20.148953301127214,0.39586688137412773,24.510198604401502,10.057702630166398,0.6172839506172839,7.320182501341922,16.680085882984432,10.849436392914654,8.152173913043478,1.2681159420289856,
217,20.685721953837895,0.39586688137412773,23.752012882447666,10.057702630166398,0.6172839506172839,7.320182501341922,16.680085882984432,10.849436392914654,8.742619431025227,0.8990874932903918,
218,20.685721953837895,0.39586688137412773,23.752012882447666,10.057702630166398,0.6172839506172839,7.320182501341922,16.364734299516908,11.16478797638218,8.742619431025227,0.8990874932903918,
219,21.18894256575416,0.39586688137412773,23.752012882447666,10.057702630166398,0.6172839506172839,7.105475040257649,16.076221148684915,11.16478797638218,8.742619431025227,0.8990874932903918,
220,21.18894256575416,0.39586688137412773,23.752012882447666,10.057702630166398,0.6172839506172839,7.105475040257649,16.076221148684915,11.16478797638218,8.742619431025227,0.8990874932903918,
221,21.048040794417606,0.35560923242082665,23.617820719269993,10.63472893183038,0.6172839506172839,7.105475040257649,15.814546430488459,11.16478797638218,8.742619431025227,0.8990874932903918,
222,21.048040794417606,0.35560923242082665,23.617820719269993,10.63472893183038,0.6172839506172839,7.105475040257649,15.814546430488459,11.16478797638218,8.742619431025227,0.8990874932903918,
223,21.048040794417606,0.35560923242082665,23.617820719269993,10.63472893183038,0.6172839506172839,7.105475040257649,15.814546430488459,11.16478797638218,8.742619431025227,0.8990874932903918,
224,21.464036500268385,0.35560923242082665,23.537305421363392,10.513955984970478,0.6172839506172839,7.105475040257649,15.640096618357488,11.124530327428879,8.742619431025227,0.8990874932903918,
225,21.464036500268385,0.35560923242082665,23.537305421363392,10.513955984970478,0.6172839506172839,7.105475040257649,15.640096618357488,11.124530327428879,8.742619431025227,0.8990874932903918,
226,21.672034353193773,0.35560923242082665,23.18840579710145,10.513955984970478,0.6172839506172839,7.105475040257649,15.546162104133119,11.010466988727858,8.621846484165324,1.3687600644122384,
227,21.672034353193773,0.35560923242082665,23.18840579710145,10.513955984970478,0.6172839506172839,7.105475040257649,15.546162104133119,11.010466988727858,8.621846484165324,1.3687600644122384,
228,21.91358024691358,0.35560923242082665,23.18840579710145,10.36634460547504,0.6172839506172839,7.105475040257649,15.539452495974235,10.923242082662373,8.621846484165324,1.3687600644122384,
229,21.91358024691358,0.35560923242082665,23.18840579710145,10.36634460547504,0.6172839506172839,7.105475040257649,15.539452495974235,10.923242082662373,8.621846484165324,1.3687600644122384,
230,21.91358024691358,0.35560923242082665,23.18840579710145,10.68840579710145,0.6172839506172839,7.0383789586688135,15.28448738593666,10.923242082662373,8.621846484165324,1.3687600644122384,
231,21.91358024691358,0.35560923242082665,23.18840579710145,10.68840579710145,0.6172839506172839,7.0383789586688135,15.28448738593666,10.923242082662373,8.621846484165324,1.3687600644122384,
