,40,45,50,51,54,52,55,41,53,49,47
0,4.951690821256038,91.82769726247987,3.2206119162640903,,,,,,,,
1,10.721953837895867,82.84353193773484,6.4345142243692965,,,,,,,,
2,9.131776704240472,47.356414385399894,43.51180891035963,,,,,,,,
3,14.244498121309716,41.47208803005905,39.99597423510467,1.7042404723564144,2.5831991411701556,,,,,,
4,14.761137949543746,35.94337090713902,41.7740203972088,3.0193236714975846,2.5831991411701556,0.9393451422436929,0.9796027911969941,,,,
5,7.139023081052066,10.218733225979603,74.47665056360708,4.03918411164788,2.2074610842726785,0.9393451422436929,0.9796027911969941,,,,
6,7.85024154589372,5.9447128287707995,70.98094471282877,12.392646269457863,0.7313472893183038,,2.100107353730542,,,,
7,10.25228126677402,5.884326355340848,66.48550724637681,10.560923242082662,0.7313472893183038,,3.2474503488996245,0.23483628556092323,2.6033279656468062,,
8,15.378421900161031,5.038915727321524,60.7085346215781,11.225174449812132,0.6508319914117016,,5.0858829844337095,0.5904455179817498,1.3217928073000538,,
9,19.80005367686527,4.736983360171766,55.58910359634997,12.090713902308105,0.6508319914117016,0.5971551261406334,5.018786902844874,0.5367686527106817,0.9796027911969941,,
10,11.158078368223295,3.3548040794417604,60.02415458937198,18.276972624798713,,2.8381642512077296,1.737788513150832,1.0735373054213635,1.5365002683843263,,
11,13.22463768115942,2.636876006441224,61.66800858829844,15.68035426731079,0.9259259259259259,2.2745571658615136,2.046430488459474,0.0067096081588835215,1.5365002683843263,,
12,18.411164787976382,2.636876006441224,54.21363392377885,16.29092860976919,2.7442297369833604,3.2139023081052067,1.5297906602254427,0.0067096081588835215,0.95276435856146,,
13,20.497852925389157,2.033011272141707,49.10762211486849,20.685721953837895,2.7442297369833604,1.6438539989264627,2.328234031132582,0.0067096081588835215,0.95276435856146,,
14,24.134460547504027,2.033011272141707,45.12211486849168,21.511003757380568,2.61003757380569,1.6371443907675791,1.9927536231884058,0.0067096081588835215,0.95276435856146,,
15,25.89237788513151,2.01959205582394,39.48604401502952,21.430488459473967,3.1870638754696725,4.1129898013955986,2.9253891572732154,0.0067096081588835215,0.9393451422436929,,
16,19.51154052603328,1.2010198604401503,47.82608695652174,18.9747718733226,3.307836822329576,5.441492216854535,1.4358561460010735,0.0067096081588835215,2.2946859903381642,,
17,21.846484165324746,1.1272141706924315,44.357219538378956,20.229468599033815,2.985775630703167,4.85775630703167,2.341653247450349,0.0067096081588835215,2.24771873322598,,
18,24.496779388083738,1.1272141706924315,43.53193773483628,19.310252281266774,2.5831991411701556,4.42163177670424,2.328234031132582,0.0067096081588835215,2.1940418679549114,,
19,24.4699409554482,1.1272141706924315,45.95410628019324,15.445517981749866,2.5831991411701556,5.797101449275362,1.9122383252818036,0.0067096081588835215,2.703972088030059,,
20,25.59044551798175,1.0735373054213635,45.51798174986581,13.955984970477724,2.428878153515835,5.797101449275362,1.9122383252818036,0.0067096081588835215,3.717122920021471,,
21,26.952495974235106,1.0735373054213635,44.96779388083736,10.34621578099839,3.0394524959742353,8.011272141706923,1.9122383252818036,0.0067096081588835215,3.6902844873859366,,
22,26.650563607085346,1.0735373054213635,46.75925925925926,8.903650026838433,3.0394524959742353,8.011272141706923,2.8650026838432634,0.0067096081588835215,2.690552871712292,,
23,33.5077831454643,0.9192163177670424,41.63311862587225,8.105206655931294,2.9589371980676327,7.4141170155662905,2.8650026838432634,0.0067096081588835215,2.589908749329039,,
24,36.8491680085883,0.9192163177670424,38.86205045625336,7.595276435856146,2.9589371980676327,6.561996779388084,2.6838432635534084,0.0067096081588835215,2.589908749329039,0.9728931830381106,
25,39.18411164787977,0.9192163177670424,35.67498658078368,7.2933440687063875,2.9253891572732154,6.998121309715513,2.2745571658615136,,3.7573805689747717,0.9728931830381106,
26,39.210950080515296,0.8252818035426731,35.789049919484704,6.984702093397746,3.603059581320451,7.018250134192163,2.254428341384863,,3.629898013955985,0.6843800322061192,
27,41.116478797638216,0.8252818035426731,30.233494363929147,8.480944712828771,2.952227589908749,10.258990874932904,2.1403650026838434,,3.307836822329576,0.6843800322061192,
28,42.92807300053677,0.8252818035426731,26.516371443907676,7.648953301127214,3.7037037037037037,12.513419216317766,2.328234031132582,,2.8515834675254963,0.6843800322061192,
29,39.14385399892646,0.8118625872249061,32.48792270531401,6.146001073537305,3.4957058507783145,11.460010735373054,2.046430488459474,,3.7238325281803544,0.6843800322061192,
30,39.90874932903918,0.8118625872249061,34.655126140633385,5.9447128287707995,3.4957058507783145,8.80300590445518,1.8048845947396672,,3.8915727321524423,0.6843800322061192,
31,38.405797101449274,0.8118625872249061,37.61406333870102,4.683306494900698,2.5026838432635534,9.77589908749329,2.6838432635534084,,2.8381642512077296,0.6843800322061192,
32,38.707729468599034,0.8118625872249061,37.453032742887814,4.683306494900698,2.5026838432635534,8.903650026838433,2.6838432635534084,,3.569511540526033,0.6843800322061192,
33,37.21819645732689,0.8118625872249061,42.693236714975846,2.6435856146001075,2.4825550187869028,6.367418142780462,2.6704240472356413,,4.428341384863124,0.6843800322061192,
34,40.86822329575953,0.8118625872249061,37.43961352657005,5.528717122920021,2.4490069779924855,4.871175523349437,2.636876006441224,,4.7101449275362315,0.6843800322061192,
35,38.81508319914117,0.8118625872249061,39.64707461084273,8.480944712828771,1.6103059581320451,4.26731078904992,2.4355877616747184,,3.3950617283950617,0.5367686527106817,
36,37.03703703703704,0.8118625872249061,42.03569511540526,8.809715512614064,1.6103059581320451,3.012614063338701,3.408480944712829,,2.737520128824477,0.5367686527106817,
37,38.97611379495437,0.630703166935051,40.55958132045089,8.76274825550188,1.6103059581320451,2.8381642512077296,4.3545356951154055,,1.7310789049919484,0.5367686527106817,
38,41.30434782608695,0.630703166935051,39.130434782608695,8.179012345679013,1.6103059581320451,2.818035426731079,4.133118625872249,,1.6572732152442298,0.5367686527106817,
39,43.46484165324745,0.3488996242619431,37.60735373054214,8.085077831454644,1.4492753623188406,2.818035426731079,4.133118625872249,,1.556629092860977,0.5367686527106817,
40,44.75308641975309,0.3488996242619431,35.507246376811594,8.031400966183575,1.4492753623188406,3.743961352657005,4.072732152442297,,1.556629092860977,0.5367686527106817,
41,46.04804079441761,0.3488996242619431,33.84997316156736,7.9106280193236715,1.4090177133655395,3.6231884057971016,2.462426194310252,,3.81105743424584,0.5367686527106817,
42,47.79253891572732,0.3488996242619431,30.689747718733226,7.722758990874933,1.6237251744498122,5.253623188405797,1.8048845947396672,,3.44873859366613,1.3150831991411702,
43,39.80810520665593,0.3488996242619431,42.29736983360172,6.823671497584541,0.4428341384863124,4.783950617283951,1.8048845947396672,,2.3752012882447664,1.3150831991411702,
44,32.991143317230275,,49.785292538915726,5.139559849704777,0.14761137949543746,4.448470209339774,2.2946859903381642,,0.5233494363929146,4.669887278582931,
45,36.480139559849704,,45.73268921095008,4.790660225442834,1.0601180891035964,4.448470209339774,2.2946859903381642,,0.5233494363929146,4.669887278582931,
46,37.90257648953301,,43.73993558776167,5.46833064949007,0.8252818035426731,4.159957058507783,2.7106816961889426,,0.5233494363929146,4.669887278582931,
47,37.34567901234568,,44.22973698336017,5.233494363929147,2.341653247450349,4.025764895330113,2.589908749329039,,1.4626945786366077,2.771068169618894,
48,37.567096081588836,,41.17015566290929,6.870638754696726,3.1199677938808374,4.99194847020934,2.589908749329039,,1.2412775093934514,2.4490069779924855,
49,39.861782071927,,36.560654857756305,6.743156199677939,3.9519592055823938,4.274020397208803,1.6371443907675791,,4.958400429414922,2.0128824476650564,
50,43.203166935050994,,33.24610842726785,6.4345142243692965,4.730273752012883,4.555823939881911,1.596886741814278,,4.408212560386473,1.8250134192163177,
51,44.73966720343532,,31.052066559312937,5.092592592592593,4.730273752012883,6.5552871712292005,1.596886741814278,,4.408212560386473,1.8250134192163177,
52,45.02147074610843,,30.629361245303276,4.958400429414922,4.730273752012883,6.5552871712292005,2.033011272141707,,4.408212560386473,1.6639828234031133,
53,46.65190552871712,,29.25389157273215,4.904723564143854,5.24020397208803,5.891035963499732,2.0263016639828235,,4.367954911433173,1.6639828234031133,
54,47.987117552334944,,28.37493290391841,4.025764895330113,5.689747718733226,5.401234567901234,1.5499194847020934,,5.307300053676865,1.6639828234031133,
55,51.52308105206656,,25.91921631776704,4.025764895330113,5.340848094471283,5.032206119162641,1.5499194847020934,,4.944981213097155,1.6639828234031133,
56,52.63016639828234,,25.59044551798175,3.7372517444981215,5.340848094471283,5.032206119162641,1.5499194847020934,,4.851046698872786,1.2681159420289856,
57,31.696188942565755,,55.85748792270532,1.9726247987117553,3.3682232957595275,2.5295222758990876,0.9460547504025765,,2.3617820719269993,1.2681159420289856,
58,34.11164787976382,,51.670692431561996,1.9122383252818036,5.287171229200215,2.475845410628019,0.9125067096081588,,2.3617820719269993,1.2681159420289856,
59,36.54723564143854,,47.93344068706388,1.9122383252818036,6.837090713902308,2.059849704777241,1.4962426194310252,,1.9457863660762211,1.2681159420289856,
60,37.78180354267311,,46.67203435319377,2.6167471819645733,6.421095008051529,1.8183038110574343,1.4761137949543746,,1.9457863660762211,1.2681159420289856,
61,31.76328502415459,,52.65700483091788,2.2342995169082127,6.615673644659152,1.4358561460010735,2.395330112721417,,1.9189479334406871,0.9796027911969941,
62,33.73590982286635,,51.08024691358025,2.2342995169082127,6.233225979602791,1.0332796564680622,2.844873859366613,,1.8585614600107354,0.9796027911969941,
63,37.526838432635536,,47.557702630166396,2.2342995169082127,6.233225979602791,0.8252818035426731,2.844873859366613,,1.8048845947396672,0.9728931830381106,
64,38.0300590445518,,47.06119162640902,2.2342995169082127,6.233225979602791,0.8252818035426731,2.8381642512077296,,1.8048845947396672,0.9728931830381106,
65,39.2914653784219,,45.26301663982824,2.2342995169082127,6.052066559312936,0.8252818035426731,3.556092324208266,,1.8048845947396672,0.9728931830381106,
66,40.163714439076756,,43.21658615136876,2.2342995169082127,6.052066559312936,0.7917337627482555,4.7638217928073,,1.8048845947396672,0.9728931830381106,
67,38.59366612989801,,41.74718196457327,1.402308105206656,4.374664519592056,4.180085882984434,4.032474503488996,,3.4286097691894795,2.2410091250670963,
68,41.2037037037037,,40.29790660225443,1.402308105206656,4.30756843800322,3.5628019323671496,3.784219001610306,,3.2004830917874396,2.2410091250670963,
69,41.56602254428341,,33.05823939881911,1.2681159420289856,3.7037037037037037,12.144390767579173,3.616478797638218,,2.4355877616747184,2.2074610842726785,
70,44.545088566827694,,32.340311325818575,1.2681159420289856,3.5963499731615673,11.137949543746645,3.616478797638218,,1.7444981213097155,1.751207729468599,
71,44.91411701556629,,31.97128287707998,1.2681159420289856,3.5963499731615673,11.137949543746645,3.616478797638218,,1.7444981213097155,1.751207729468599,
72,48.329307568438004,,29.663177670424048,1.2681159420289856,3.4822866344605474,10.654857756307031,3.2206119162640903,,1.6304347826086956,1.751207729468599,
73,49.33574879227053,,28.428609769189478,1.2681159420289856,4.502147074610843,10.299248523886206,3.026033279656468,,1.3888888888888888,1.751207729468599,
74,51.08024691358025,,27.012882447665056,1.247987117552335,4.4820182501341925,10.299248523886206,3.026033279656468,,1.3888888888888888,1.4626945786366077,
75,51.77804616210413,,26.41572732152442,1.247987117552335,4.5960815888352125,10.084541062801932,3.026033279656468,,1.3888888888888888,1.4626945786366077,
76,49.29549114331723,,25.37573805689748,5.9447128287707995,4.575952764358561,9.172034353193773,3.026033279656468,,1.1741814278046163,1.4358561460010735,
77,49.644390767579175,,25.207997852925388,5.8239398819108965,4.575952764358561,9.111647879763822,3.026033279656468,,1.1741814278046163,1.4358561460010735,
78,49.932903918411164,,24.228395061728396,5.307300053676865,5.0791733762748255,8.917069243156199,3.026033279656468,,2.073268921095008,1.4358561460010735,
79,50.79173376274826,,23.765432098765434,5.300590445517981,6.515029522275899,8.004562533548041,2.1135265700483092,,2.073268921095008,1.4358561460010735,
80,51.45598497047772,,21.18894256575416,5.300590445517981,5.032206119162641,10.943370907139023,2.576489533011272,,2.073268921095008,1.42914653784219,
81,51.972624798711756,,20.544820182501343,5.300590445517981,6.474771873322598,9.628287707997853,2.576489533011272,,2.073268921095008,1.42914653784219,
82,49.8389694041868,,19.384057971014492,9.822866344605474,6.461352657004831,9.145195920558239,2.4355877616747184,,1.5297906602254427,1.3821792807300053,
83,51.1003757380569,,17.458400429414922,10.050993022007514,6.253354804079442,10.111379495437467,2.4355877616747184,,1.2077294685990339,1.3821792807300053,
84,47.90660225442834,,15.908480944712828,14.667203435319378,7.058507783145465,8.561460010735374,2.3349436392914655,,2.1806226516371443,1.3821792807300053,
85,47.77241009125067,,15.22410091250671,15.08990874932904,6.971282877079979,8.333333333333334,2.328234031132582,,2.898550724637681,1.3821792807300053,
86,48.510466988727856,,13.613794954374665,16.17686527106817,7.890499194847021,7.541599570585078,2.3081052066559313,,2.576489533011272,1.3821792807300053,
87,49.37600644122383,,13.009930220075148,16.076221148684915,7.890499194847021,7.454374664519592,2.3081052066559313,,2.576489533011272,1.3083735909822867,
88,50.22812667740204,,11.949812130971551,15.713902308105206,7.185990338164252,7.098765432098766,3.1535158346752548,,2.576489533011272,2.0933977455716586,
89,49.90606548577563,,11.688137412775093,15.499194847020934,6.91760601180891,6.877348362855609,3.1535158346752548,,2.576489533011272,3.3816425120772946,
90,52.26784755770263,,10.829307568438002,14.928878153515834,6.649221685453569,6.649221685453569,3.1535158346752548,,2.15378421900161,3.3682232957595275,
91,54.26731078904992,,10.332796564680622,14.009661835748792,6.608964036500268,6.494900697799249,3.1535158346752548,,1.7646269457863661,3.3682232957595275,
92,55.30059044551798,,10.0979602791197,13.600375738056897,6.608964036500268,6.132581857219538,3.1535158346752548,,1.737788513150832,3.3682232957595275,
93,56.045356951154055,,9.977187332259795,13.056897477187333,6.608964036500268,6.132581857219538,3.1065485775630703,,1.7042404723564144,3.3682232957595275,
94,57.47450348899624,,9.655126140633387,12.198067632850242,6.608964036500268,5.964841653247451,3.1065485775630703,,1.7042404723564144,3.2877079978529253,
95,58.13875469672571,,9.453837895866881,11.131239935587761,7.300053676865271,5.964841653247451,3.1065485775630703,,1.6170155662909287,3.2877079978529253,
96,58.02469135802469,,9.158615136876007,11.131239935587761,7.716049382716049,5.964841653247451,3.099838969404187,,1.6170155662909287,3.2877079978529253,
97,57.90391841116479,,9.125067096081589,11.131239935587761,8.433977455716587,5.401234567901234,3.099838969404187,,1.6170155662909287,3.2877079978529253,
98,57.608695652173914,,8.876811594202898,10.903113258185721,9.366612989801396,5.24020397208803,3.099838969404187,,1.6170155662909287,3.2877079978529253,
99,60.06441223832528,,8.675523349436393,9.158615136876007,8.977455716586151,5.24020397208803,3.0595813204508855,,1.5901771336553945,3.2340311325818574,
100,60.87627482555019,,8.568169618894256,8.514492753623188,8.977455716586151,5.213365539452496,3.0595813204508855,,1.556629092860977,3.2340311325818574,
101,59.0378421900161,,8.13875469672571,8.460815888352121,8.849973161567364,4.924852388620504,3.046162104133119,,1.4090177133655395,6.132581857219538,
102,60.35963499731616,,7.997852925389157,7.9039184111647875,8.313204508856682,4.924852388620504,3.046162104133119,,1.4090177133655395,6.045356951154052,
103,61.2385936661299,,7.62211486849168,7.769726247987117,8.313204508856682,4.555823939881911,3.046162104133119,,1.4090177133655395,6.045356951154052,
104,62.11084272678475,,7.494632313472893,7.595276435856146,8.313204508856682,4.555823939881911,3.1736446591519054,,1.3419216317767042,5.414653784219001,
105,62.245034889962426,,7.246376811594203,7.474503488996243,9.265968867418144,4.555823939881911,3.1736446591519054,,1.3419216317767042,4.696725711218465,
106,62.30542136339238,,7.239667203435319,7.474503488996243,9.265968867418144,4.555823939881911,3.1199677938808374,,1.3419216317767042,4.696725711218465,
107,62.57380568974772,,7.239667203435319,7.320182501341922,9.151905528717123,4.555823939881911,3.1199677938808374,,1.3419216317767042,4.696725711218465,
108,63.31857219538379,,6.857219538378959,7.320182501341922,8.876811594202898,4.528985507246377,3.0864197530864197,,1.3150831991411702,4.696725711218465,
109,63.52657004830918,,6.763285024154589,7.206119162640902,8.876811594202898,4.528985507246377,3.0864197530864197,,1.3150831991411702,4.696725711218465,
110,63.707729468599034,,6.582125603864735,7.206119162640902,8.876811594202898,4.528985507246377,3.0864197530864197,,1.3150831991411702,4.696725711218465,
111,64.41894793344069,,6.300322061191626,7.179280730005368,8.480944712828771,4.522275899087493,3.0864197530864197,,1.3150831991411702,4.696725711218465,
112,65.1905528717123,,6.078904991948471,6.850509930220075,8.3467525496511,4.522275899087493,2.999194847020934,,1.3150831991411702,4.696725711218465,
113,65.90848094471284,,6.018518518518518,6.830381105743425,8.313204508856682,4.522275899087493,2.999194847020934,,1.2748255501878691,3.6500268384326353,0.4830917874396135
114,66.95517981749866,,5.488459473966721,6.830381105743425,7.930756843800322,4.052603327965647,2.509393451422437,,2.1269457863660763,3.6231884057971016,0.4830917874396135
115,68.16961889425657,,5.173107890499195,6.830381105743425,7.326892109500805,4.052603327965647,2.214170692431562,,2.1269457863660763,3.6231884057971016,0.4830917874396135
116,69.24315619967794,,5.173107890499195,6.0587761674718195,7.051798174986581,4.052603327965647,2.2074610842726785,,2.1068169618894257,3.6231884057971016,0.4830917874396135
117,70.36366076221148,,4.924852388620504,5.9514224369296835,7.051798174986581,4.052603327965647,1.9659151905528718,,1.90552871712292,3.3011272141706924,0.4830917874396135
118,69.92753623188406,,4.891304347826087,5.709876543209877,7.763016639828234,4.052603327965647,1.9659151905528718,,1.90552871712292,3.3011272141706924,0.4830917874396135
119,70.16908212560386,,4.891304347826087,5.5689747718733225,7.763016639828234,4.052603327965647,1.9659151905528718,,1.8048845947396672,3.3011272141706924,0.4830917874396135
120,69.5450885668277,,4.7101449275362315,5.5689747718733225,9.091519055287172,3.9720880300590444,1.9659151905528718,,1.8048845947396672,3.2877079978529253,0.05367686527106817
121,68.94793344068707,,4.609500805152979,5.562265163714439,9.796027911969942,3.9720880300590444,1.9659151905528718,,1.8048845947396672,3.2877079978529253,0.05367686527106817
122,70.67230273752013,,4.4820182501341925,5.347557702630167,9.400161030595813,3.750670960815888,1.9659151905528718,,1.0399892646269457,3.2877079978529253,0.05367686527106817
123,70.6857219538379,,4.139828234031133,5.347557702630167,9.728931830381105,3.750670960815888,1.9659151905528718,,1.0399892646269457,3.2877079978529253,0.05367686527106817
124,71.22249060654858,,3.8714439076757916,5.347557702630167,9.708803005904455,3.750670960815888,1.892109500805153,,1.0399892646269457,3.113258185721954,0.05367686527106817
125,70.22275899087494,,3.8714439076757916,5.347557702630167,9.614868491680086,4.669887278582931,1.892109500805153,,1.751207729468599,2.576489533011272,0.05367686527106817
126,69.85373054213633,,3.8311862587224907,5.347557702630167,10.540794417606012,4.669887278582931,1.3955984970477724,,1.7310789049919484,2.576489533011272,0.05367686527106817
127,71.24932903918412,,3.8311862587224907,5.3341384863123995,9.73564143853999,4.40150295222759,1.3955984970477724,,1.7310789049919484,2.26784755770263,0.05367686527106817
128,70.51127214170693,,3.8311862587224907,5.293880837359098,10.513955984970478,4.40150295222759,1.3955984970477724,,1.7310789049919484,2.26784755770263,0.05367686527106817
129,69.94095544820182,,5.750134192163178,4.898013955984971,10.48040794417606,3.864734299516908,1.3955984970477724,,1.5901771336553945,2.0263016639828235,0.05367686527106817
130,70.86017176596887,,4.864465915190553,4.891304347826087,10.48040794417606,3.8378958668813743,1.3955984970477724,,1.5901771336553945,2.0263016639828235,0.05367686527106817
131,70.86017176596887,,4.864465915190553,4.891304347826087,10.48040794417606,3.8378958668813743,1.3955984970477724,,1.5901771336553945,2.0263016639828235,0.05367686527106817
132,70.35024154589372,,4.8443370907139025,4.8376274825550185,10.178475577026301,3.8378958668813743,1.3955984970477724,,2.509393451422437,1.9994632313472893,0.04696725711218465
133,70.28985507246377,,4.435050993022007,4.5893719806763285,9.541062801932368,5.401234567901234,1.3955984970477724,,2.301395598497048,1.9994632313472893,0.04696725711218465
134,70.81991411701557,,4.435050993022007,4.5893719806763285,9.514224369296834,5.401234567901234,1.3955984970477724,,2.301395598497048,1.4962426194310252,0.04696725711218465
135,71.06816961889426,,4.40150295222759,4.5893719806763285,9.514224369296834,5.233494363929147,1.3486312399355878,,2.301395598497048,1.4962426194310252,0.04696725711218465
136,71.15539452495975,,4.40150295222759,4.555823939881911,9.514224369296834,5.233494363929147,1.3486312399355878,,2.24771873322598,1.4962426194310252,0.04696725711218465
137,71.15539452495975,,4.40150295222759,4.555823939881911,9.514224369296834,5.233494363929147,1.3486312399355878,,2.24771873322598,1.4962426194310252,0.04696725711218465
138,71.15539452495975,,4.40150295222759,4.555823939881911,9.514224369296834,5.233494363929147,1.3486312399355878,,2.24771873322598,1.4962426194310252,0.04696725711218465
139,71.27616747181965,,4.327697262479871,4.555823939881911,9.494095544820183,5.226784755770263,1.328502415458937,,2.24771873322598,1.4962426194310252,0.04696725711218465
140,72.638217928073,,4.327697262479871,4.2203435319377345,9.212292002147075,4.884594739667204,1.328502415458937,,2.24771873322598,1.093666129898014,0.04696725711218465
141,72.638217928073,,4.327697262479871,4.2203435319377345,9.212292002147075,4.884594739667204,1.328502415458937,,2.24771873322598,1.093666129898014,0.04696725711218465
142,72.69860440150295,,4.320987654320987,4.2203435319377345,9.158615136876007,4.884594739667204,1.328502415458937,,2.24771873322598,1.093666129898014,0.04696725711218465
143,72.91331186258722,,4.320987654320987,4.126409017713366,9.158615136876007,4.884594739667204,1.328502415458937,,2.1269457863660763,1.093666129898014,0.04696725711218465
144,72.70531400966183,,4.320987654320987,4.817498658078368,8.84326355340848,4.74369296833065,1.328502415458937,,2.1135265700483092,1.093666129898014,0.03354804079441761
145,73.10789049919485,,4.17337627482555,4.817498658078368,8.61513687600644,4.7168545356951155,1.328502415458937,,2.1135265700483092,1.093666129898014,0.03354804079441761
146,72.43022007514762,,3.9184111647879765,4.51556629092861,8.172302737520129,6.414385399892646,1.328502415458937,,2.0933977455716586,1.093666129898014,0.03354804079441761
147,73.2085346215781,,3.9184111647879765,4.240472356414386,7.702630166398282,6.414385399892646,1.328502415458937,,2.059849704777241,1.093666129898014,0.03354804079441761
148,73.28234031132583,,3.9184111647879765,4.240472356414386,7.628824476650563,6.414385399892646,1.328502415458937,,2.059849704777241,1.093666129898014,0.03354804079441761
149,73.76543209876543,,3.911701556629093,4.146537842190016,7.588566827697263,6.112453032742888,1.328502415458937,,2.01959205582394,1.093666129898014,0.03354804079441761
150,74.64439076757917,,3.8915727321524423,4.146537842190016,7.286634460547504,6.112453032742888,1.3016639828234031,,1.4895330112721417,1.093666129898014,0.03354804079441761
151,74.75174449812131,,3.8915727321524423,4.146537842190016,7.179280730005368,6.112453032742888,1.3016639828234031,,1.4895330112721417,1.093666129898014,0.03354804079441761
152,75.2012882447665,,3.8915727321524423,3.92512077294686,6.951154052603328,6.112453032742888,1.3016639828234031,,1.4895330112721417,1.093666129898014,0.03354804079441761
153,76.0601180891036,,3.784219001610306,3.8177670424047236,6.528448738593666,5.9514224369296835,1.2748255501878691,,1.4559849704777241,1.093666129898014,0.03354804079441761
154,76.48282340311326,,3.784219001610306,3.8177670424047236,6.528448738593666,5.542136339237788,1.2748255501878691,,1.4559849704777241,1.093666129898014,0.020128824476650563
155,74.30220075147611,,3.7775093934514223,3.8177670424047236,6.387546967257112,5.542136339237788,1.2748255501878691,,3.784219001610306,1.093666129898014,0.020128824476650563
156,74.77858293075684,,3.7775093934514223,3.4822866344605474,6.246645195920558,5.542136339237788,1.2748255501878691,,3.784219001610306,1.093666129898014,0.020128824476650563
157,75.09393451422437,,3.4621578099838968,3.4822866344605474,6.246645195920558,5.542136339237788,1.2748255501878691,,3.784219001610306,1.093666129898014,0.020128824476650563
158,75.14761137949544,,3.44873859366613,3.4822866344605474,6.206387546967257,5.542136339237788,1.2748255501878691,,3.784219001610306,1.093666129898014,0.020128824476650563
159,75.62399355877616,,3.4286097691894795,3.4822866344605474,6.199677938808374,5.495169082125604,1.2748255501878691,,3.3816425120772946,1.093666129898014,0.020128824476650563
160,75.62399355877616,,3.4286097691894795,3.4822866344605474,6.199677938808374,5.495169082125604,1.2748255501878691,,3.3816425120772946,1.093666129898014,0.020128824476650563
161,75.44283413848632,,3.4286097691894795,3.4822866344605474,6.689479334406871,5.253623188405797,1.2077294685990339,,3.3816425120772946,1.093666129898014,0.020128824476650563
162,75.97289318303811,,3.9049919484702094,3.4621578099838968,6.5552871712292005,4.622920021470746,1.2077294685990339,,3.1602254428341383,1.093666129898014,0.020128824476650563
163,76.60359634997316,,3.9049919484702094,3.4621578099838968,6.541867954911433,4.622920021470746,1.2077294685990339,,2.5429414922168547,1.093666129898014,0.020128824476650563
164,77.05984970477724,,3.8848631239935587,3.4621578099838968,6.521739130434782,4.622920021470746,0.8319914117015567,,2.5026838432635534,1.093666129898014,0.020128824476650563
165,74.84567901234568,,3.683574879227053,7.112184648416532,6.266774020397209,4.51556629092861,0.7716049382716049,,1.6908212560386473,1.093666129898014,0.020128824476650563
166,74.89935587761674,,3.683574879227053,7.071926999463232,6.266774020397209,4.502147074610843,0.7716049382716049,,1.6908212560386473,1.093666129898014,0.020128824476650563
167,75.83870101986044,,3.683574879227053,6.508319914117015,5.917874396135265,4.4753086419753085,0.7716049382716049,,1.6908212560386473,1.093666129898014,0.020128824476650563
168,75.83870101986044,,3.683574879227053,6.508319914117015,5.917874396135265,4.4753086419753085,0.7716049382716049,,1.6908212560386473,1.093666129898014,0.020128824476650563
169,76.39559849704777,,3.6231884057971016,6.501610305958132,5.837359098228664,4.193505099302201,0.7716049382716049,,1.5633387010198605,1.093666129898014,0.020128824476650563
170,76.47611379495437,,3.616478797638218,6.501610305958132,5.763553408480945,4.193505099302201,0.7716049382716049,,1.5633387010198605,1.093666129898014,0.020128824476650563
171,77.41545893719807,,3.5292538915727323,6.038647342995169,5.4616210413311865,4.193505099302201,0.6843800322061192,,1.5633387010198605,1.093666129898014,0.020128824476650563
172,77.67713365539453,,3.5292538915727323,6.038647342995169,5.4616210413311865,4.193505099302201,0.6843800322061192,,1.5633387010198605,0.8319914117015567,0.020128824476650563
173,74.69135802469135,,6.863929146537842,5.83064949006978,5.448201825013419,4.066022544283414,0.6843800322061192,,1.5633387010198605,0.8319914117015567,0.020128824476650563
174,73.61782071927,,6.78341384863124,5.83064949006978,5.803811057434245,4.066022544283414,0.6843800322061192,,2.3617820719269993,0.8319914117015567,0.020128824476650563
175,73.50375738056897,,6.662640901771336,5.6964573268921095,5.434782608695652,4.066022544283414,0.6843800322061192,,3.099838969404187,0.8319914117015567,0.020128824476650563
176,73.9398819108964,,6.253354804079442,5.6964573268921095,5.434782608695652,4.052603327965647,0.6843800322061192,,3.0864197530864197,0.8319914117015567,0.020128824476650563
177,74.04052603327966,,6.253354804079442,5.226784755770263,5.434782608695652,4.42163177670424,0.6843800322061192,,3.0864197530864197,0.8319914117015567,0.020128824476650563
178,74.0606548577563,,6.253354804079442,5.226784755770263,5.414653784219001,4.42163177670424,0.6843800322061192,,3.0864197530864197,0.8319914117015567,0.020128824476650563
179,74.18813741277509,,6.213097155126141,5.166398282340311,5.414653784219001,4.394793344068707,0.6843800322061192,,3.0864197530864197,0.8319914117015567,0.020128824476650563
180,74.28207192699946,,6.213097155126141,5.072463768115942,5.414653784219001,4.394793344068707,0.6843800322061192,,3.0864197530864197,0.8319914117015567,0.020128824476650563
181,73.84594739667203,,6.213097155126141,5.508588298443371,5.414653784219001,4.394793344068707,0.6843800322061192,,3.0864197530864197,0.8319914117015567,0.020128824476650563
182,74.38271604938272,,5.870907139023081,5.508588298443371,5.414653784219001,4.200214707461084,0.6843800322061192,,3.0864197530864197,0.8319914117015567,0.020128824476650563
183,74.42297369833602,,5.870907139023081,5.508588298443371,5.414653784219001,4.159957058507783,0.6843800322061192,,3.0864197530864197,0.8319914117015567,0.020128824476650563
184,74.8389694041868,,5.669618894256575,5.508588298443371,5.280461621041331,4.086151368760064,0.6843800322061192,,3.079710144927536,0.8319914117015567,0.020128824476650563
185,74.89264626945787,,5.662909286097692,5.501878690284487,5.273752012882448,4.086151368760064,0.6843800322061192,,3.046162104133119,0.8319914117015567,0.020128824476650563
186,74.61084272678475,,5.662909286097692,5.501878690284487,5.642780461621041,4.086151368760064,0.6843800322061192,,2.9589371980676327,0.8319914117015567,0.020128824476650563
187,74.15458937198068,,5.662909286097692,5.24020397208803,5.642780461621041,4.086151368760064,0.6843800322061192,,3.6768652710681695,0.8319914117015567,0.020128824476650563
188,74.44310252281267,,5.5689747718733225,5.24020397208803,5.642780461621041,4.086151368760064,0.6843800322061192,,3.6768652710681695,0.6374127750939346,0.020128824476650563
189,74.49677938808374,,5.542136339237788,5.213365539452496,5.8172302737520125,4.086151368760064,0.5099302200751477,,3.6768652710681695,0.6374127750939346,0.020128824476650563
190,73.79227053140097,,5.542136339237788,5.213365539452496,5.8172302737520125,4.086151368760064,0.5099302200751477,,4.38137412775094,0.6374127750939346,0.020128824476650563
191,73.79227053140097,,5.542136339237788,5.213365539452496,5.8172302737520125,4.086151368760064,0.5099302200751477,,4.38137412775094,0.6374127750939346,0.020128824476650563
192,74.05394524959742,,5.542136339237788,4.951690821256038,5.8172302737520125,4.086151368760064,0.5099302200751477,,4.38137412775094,0.6374127750939346,0.020128824476650563
193,74.12104133118626,,5.542136339237788,4.951690821256038,5.8172302737520125,4.086151368760064,0.5099302200751477,,4.38137412775094,0.5703166935050993,0.020128824476650563
194,74.31561996779388,,5.4616210413311865,4.904723564143854,5.8172302737520125,4.066022544283414,0.5099302200751477,,4.334406870638754,0.5703166935050993,0.020128824476650563
195,74.51690821256038,,5.4616210413311865,4.904723564143854,5.615942028985507,4.066022544283414,0.5099302200751477,,4.334406870638754,0.5703166935050993,0.020128824476650563
196,74.54374664519592,,5.4616210413311865,4.87788513150832,5.615942028985507,4.066022544283414,0.5099302200751477,,4.334406870638754,0.5703166935050993,0.020128824476650563
197,74.92619431025228,,5.213365539452496,4.790660225442834,5.850778314546431,3.9049919484702094,0.5099302200751477,,4.213633923778851,0.5703166935050993,0.020128824476650563
198,75.11406333870102,,5.092592592592593,4.790660225442834,5.783682232957595,3.9049919484702094,0.5099302200751477,,4.213633923778851,0.5703166935050993,0.020128824476650563
199,74.90606548577563,,5.092592592592593,4.790660225442834,5.515297906602254,4.38137412775094,0.5099302200751477,,4.213633923778851,0.5703166935050993,0.020128824476650563
200,75.38244766505636,,4.918142780461621,4.7101449275362315,5.401234567901234,4.38137412775094,0.5099302200751477,,4.106280193236715,0.5703166935050993,0.020128824476650563
201,75.91250670960815,,4.891304347826087,4.7101449275362315,5.186527106816962,4.186795491143317,0.41599570585077833,,4.106280193236715,0.5703166935050993,0.020128824476650563
202,75.91250670960815,,4.891304347826087,4.7101449275362315,5.186527106816962,4.186795491143317,0.41599570585077833,,4.106280193236715,0.5703166935050993,0.020128824476650563
203,76.21443907675791,,4.891304347826087,4.696725711218465,5.186527106816962,4.186795491143317,0.41599570585077833,,3.9586688137412773,0.4294149221685454,0.020128824476650563
204,76.21443907675791,,4.891304347826087,4.696725711218465,5.186527106816962,4.186795491143317,0.41599570585077833,,3.9586688137412773,0.4294149221685454,0.020128824476650563
205,76.37546967257113,,4.871175523349437,4.696725711218465,5.059044551798175,4.17337627482555,0.41599570585077833,,3.9586688137412773,0.4294149221685454,0.020128824476650563
206,73.70504562533549,,4.723564143853999,8.172302737520129,4.40150295222759,4.17337627482555,0.41599570585077833,,3.9586688137412773,0.4294149221685454,0.020128824476650563
207,73.70504562533549,,4.723564143853999,8.172302737520129,4.40150295222759,4.17337627482555,0.41599570585077833,,3.9586688137412773,0.4294149221685454,0.020128824476650563
208,73.81239935587762,,4.723564143853999,8.11862587224906,4.40150295222759,4.17337627482555,0.41599570585077833,,3.92512077294686,0.4294149221685454,
209,74.37600644122384,,4.186795491143317,8.111916264090176,4.40150295222759,4.17337627482555,0.41599570585077833,,3.92512077294686,0.4092860976918948,
210,74.71148684916801,,4.166666666666667,7.890499194847021,4.327697262479871,4.17337627482555,0.41599570585077833,,3.92512077294686,0.38915727321524424,
211,74.71148684916801,,4.166666666666667,7.890499194847021,4.327697262479871,4.17337627482555,0.41599570585077833,,3.92512077294686,0.38915727321524424,
212,74.74503488996243,,4.166666666666667,7.890499194847021,4.294149221685454,4.17337627482555,0.41599570585077833,,3.92512077294686,0.38915727321524424,
213,74.74503488996243,,4.166666666666667,7.890499194847021,4.294149221685454,4.17337627482555,0.41599570585077833,,3.92512077294686,0.38915727321524424,
214,74.76516371443908,,4.166666666666667,7.877079978529254,4.294149221685454,4.166666666666667,0.41599570585077833,,3.92512077294686,0.38915727321524424,
215,74.76516371443908,,4.166666666666667,7.877079978529254,4.294149221685454,4.166666666666667,0.41599570585077833,,3.92512077294686,0.38915727321524424,
216,73.48362855609233,,3.9318303811057436,10.789049919484702,3.260869565217391,3.92512077294686,0.41599570585077833,,3.8043478260869565,0.38915727321524424,
217,73.76543209876543,,3.9318303811057436,10.581052066559312,3.1870638754696725,3.92512077294686,0.41599570585077833,,3.8043478260869565,0.38915727321524424,
218,73.76543209876543,,3.9318303811057436,10.581052066559312,3.1870638754696725,3.92512077294686,0.41599570585077833,,3.8043478260869565,0.38915727321524424,
219,73.79898013955984,,3.9318303811057436,10.581052066559312,3.1736446591519054,3.92512077294686,0.41599570585077833,,3.8043478260869565,0.36902844873859364,
220,73.90633387010199,,3.9318303811057436,10.473698336017177,3.1736446591519054,3.92512077294686,0.41599570585077833,,3.8043478260869565,0.36902844873859364,
221,74.2619431025228,,3.0931293612453032,10.373054213633925,3.1736446591519054,5.045625335480408,0.41599570585077833,,3.2675791733762747,0.36902844873859364,
222,74.28878153515835,,3.0931293612453032,10.36634460547504,3.1535158346752548,5.045625335480408,0.41599570585077833,,3.2675791733762747,0.36902844873859364,
223,74.29549114331724,,3.0931293612453032,10.36634460547504,3.1535158346752548,5.045625335480408,0.41599570585077833,,3.260869565217391,0.36902844873859364,
224,74.58400429414922,,3.0931293612453032,10.352925389157273,2.9924852388620504,4.9718196457326895,0.41599570585077833,,3.227321524422974,0.36231884057971014,
225,73.97342995169082,,2.9253891572732154,11.252012882447666,2.9924852388620504,4.9718196457326895,0.41599570585077833,,3.126677402039721,0.3421900161030596,
226,74.27536231884058,,2.918679549114332,11.171497584541063,2.9924852388620504,4.757112184648417,0.41599570585077833,,3.126677402039721,0.3421900161030596,
227,74.54374664519592,,2.703972088030059,11.171497584541063,2.9924852388620504,4.703435319377348,0.41599570585077833,,3.126677402039721,0.3421900161030596,
228,74.6779388083736,,2.703972088030059,11.037305421363392,2.9924852388620504,4.703435319377348,0.41599570585077833,,3.126677402039721,0.3421900161030596,
229,74.44310252281267,,2.6972624798711755,10.359634997316157,3.911701556629093,4.703435319377348,0.41599570585077833,,3.126677402039721,0.3421900161030596,
230,74.51019860440151,,2.6972624798711755,10.359634997316157,3.844605475040258,4.703435319377348,0.41599570585077833,,3.126677402039721,0.3421900161030596,
231,74.51019860440151,,2.6972624798711755,10.359634997316157,3.844605475040258,4.703435319377348,0.41599570585077833,,3.126677402039721,0.3421900161030596,
232,74.51019860440151,,2.6972624798711755,10.359634997316157,3.844605475040258,4.703435319377348,0.41599570585077833,,3.126677402039721,0.3421900161030596,
233,74.76516371443908,,2.4691358024691357,10.359634997316157,3.844605475040258,4.703435319377348,0.41599570585077833,,3.099838969404187,0.3421900161030596,
234,74.22839506172839,,3.4017713365539453,9.96376811594203,3.844605475040258,4.703435319377348,0.41599570585077833,,3.099838969404187,0.3421900161030596,
235,74.25523349436394,,3.4017713365539453,9.96376811594203,3.844605475040258,4.676596886741814,0.41599570585077833,,3.099838969404187,0.3421900161030596,
236,74.25523349436394,,3.4017713365539453,9.96376811594203,3.844605475040258,4.676596886741814,0.41599570585077833,,3.099838969404187,0.3421900161030596,
237,74.6779388083736,,3.4017713365539453,9.581320450885668,3.81105743424584,4.669887278582931,0.41599570585077833,,3.099838969404187,0.3421900161030596,
238,74.6779388083736,,3.4017713365539453,9.581320450885668,3.81105743424584,4.669887278582931,0.41599570585077833,,3.099838969404187,0.3421900161030596,
239,74.21497584541063,,3.193773483628556,9.534353193773484,3.81105743424584,4.622920021470746,0.41599570585077833,,3.864734299516908,0.3421900161030596,
240,74.36929683306495,,3.193773483628556,9.534353193773484,3.81105743424584,4.622920021470746,0.41599570585077833,,3.7104133118625873,0.3421900161030596,
241,74.40955448201825,,3.193773483628556,9.514224369296834,3.7909286097691894,4.622920021470746,0.41599570585077833,,3.7104133118625873,0.3421900161030596,
242,74.49677938808374,,3.193773483628556,9.514224369296834,3.750670960815888,4.622920021470746,0.41599570585077833,,3.6634460547504024,0.3421900161030596,
243,73.94659151905529,,2.8113258185721954,10.446859903381643,3.750670960815888,4.622920021470746,0.41599570585077833,,3.6634460547504024,0.3421900161030596,
244,73.94659151905529,,2.8113258185721954,10.446859903381643,3.750670960815888,4.622920021470746,0.41599570585077833,,3.6634460547504024,0.3421900161030596,
245,73.94659151905529,,2.8113258185721954,10.446859903381643,3.750670960815888,4.622920021470746,0.41599570585077833,,3.6634460547504024,0.3421900161030596,
