,40,45,50,51,41,53,52,55,54,49
0,3.2340311325818574,39.472624798711756,57.29334406870639,,,,,,,
1,6.488191089640365,36.2385936661299,55.93800322061192,1.3352120236178207,,,,,,
2,10.95679012345679,26.89210950080515,58.56816961889426,1.3352120236178207,1.2815351583467525,0.966183574879227,,,,
3,10.748792270531402,16.485507246376812,69.63231347289319,0.95276435856146,1.6438539989264627,0.5367686527106817,,,,
4,9.373322597960279,9.681964573268921,75.97289318303811,0.95276435856146,3.4822866344605474,0.5367686527106817,,,,
5,14.868491680085883,9.380032206119163,69.79334406870639,0.95276435856146,3.44873859366613,0.2616747181964573,0.9728931830381106,0.322061191626409,,
6,16.760601180891037,3.6634460547504024,68.53193773483629,4.367954911433173,3.44873859366613,0.06709608158883522,,2.1806226516371443,0.9796027911969941,
7,11.044015029522276,1.1205045625335481,81.2265163714439,,3.44873859366613,,,2.1806226516371443,0.9796027911969941,
8,12.453032742887816,1.1205045625335481,79.87788513150832,,3.44873859366613,,,2.120236178207193,0.9796027911969941,
9,15.197262479871176,0.8655394524959742,64.7812667740204,5.750134192163178,5.689747718733226,,2.4154589371980677,4.428341384863124,0.8722490606548577,
10,16.049382716049383,0.7246376811594203,66.37815351583467,5.662909286097692,4.139828234031133,1.0534084809447128,1.9927536231884058,3.126677402039721,0.8722490606548577,
11,6.407675791733762,0.6374127750939346,80.87761674718196,4.012345679012346,3.9452495974235107,,1.9189479334406871,2.200751476113795,,
12,12.27187332259796,0.6374127750939346,73.06763285024155,6.6827697262479875,3.629898013955985,,1.9189479334406871,1.7914653784219001,,
13,16.914922168545356,0.6374127750939346,64.88862050456254,10.077831454643048,3.5628019323671496,0.8722490606548577,1.9189479334406871,1.1272141706924315,,
14,17.52549651100376,0.6374127750939346,54.730273752012884,17.673107890499196,2.576489533011272,0.8722490606548577,1.9189479334406871,3.1535158346752548,0.9125067096081588,
15,20.67230273752013,0.6374127750939346,55.92458400429415,11.83574879227053,2.5697799248523885,0.8722490606548577,2.8918411164787976,3.683574879227053,0.9125067096081588,
16,16.861245303274288,0.2214170692431562,58.400429414922165,13.841921631776705,1.6572732152442298,,2.046430488459474,1.9726247987117553,1.0332796564680622,3.965378421900161
17,22.510735373054214,0.04696725711218465,53.6634460547504,10.95679012345679,1.2010198604401503,,4.555823939881911,2.9253891572732154,0.5099302200751477,3.629898013955985
18,17.196725711218466,0.026838432635534086,63.57353730542136,6.830381105743425,0.6038647342995169,,3.938539989264627,3.6634460547504024,0.43612453032742887,3.730542136339238
19,21.477455716586153,0.026838432635534086,56.25335480407944,10.621309715512615,0.8990874932903918,,3.603059581320451,3.207192699946323,0.43612453032742887,3.475577026301664
20,23.382984433709073,,53.5426731078905,13.385668276972625,0.6038647342995169,,2.187332259796028,2.61003757380569,0.2549651100375738,4.032474503488996
21,26.84514224369297,,50.26167471819646,12.909286097691895,0.35560923242082665,0.9259259259259259,2.187332259796028,2.301395598497048,0.20128824476650564,4.012345679012346
22,19.11567364465915,,57.689210950080515,10.084541062801932,1.288244766505636,1.442565754159957,1.415727321524423,1.5029522275899088,0.18115942028985507,7.27992485238862
23,19.350509930220074,,62.80864197530864,5.810520665593129,0.798443370907139,0.9796027911969941,1.415727321524423,2.254428341384863,0.18115942028985507,6.400966183574879
24,23.812399355877616,,58.9170692431562,4.87788513150832,1.3553408480944713,0.9796027911969941,1.415727321524423,2.059849704777241,0.18115942028985507,6.400966183574879
25,23.66478797638218,,60.87627482555019,4.87788513150832,1.2949543746645196,0.4294149221685454,1.415727321524423,1.0399892646269457,0.17444981213097155,6.226516371443908
26,23.845947396672035,,63.24476650563607,4.824208266237251,0.9393451422436929,0.4294149221685454,1.3955984970477724,0.46967257112184646,0.15432098765432098,4.696725711218465
27,21.26945786366076,,36.66800858829844,4.166666666666667,0.785024154589372,0.4294149221685454,0.8387010198604401,0.28180354267310787,1.107085346215781,34.45383789586688
28,18.746645195920557,,44.67257112184648,3.569511540526033,0.7716049382716049,,0.8387010198604401,0.11406333870101985,0.0939345142243693,31.19296833064949
29,20.12211486849168,,55.99168008588298,3.1535158346752548,0.5636070853462157,,0.5300590445517982,0.11406333870101985,0.9728931830381106,18.552066559312937
30,24.745034889962426,,51.60359634997316,3.0931293612453032,0.5636070853462157,,0.5099302200751477,0.08051529790660225,0.9728931830381106,18.431293612453032
31,26.972624798711756,,50.20799785292539,2.771068169618894,0.5636070853462157,,0.5099302200751477,0.08051529790660225,1.892109500805153,17.002147074610843
32,32.769726247987116,,47.96027911969941,2.6301663982823404,0.5636070853462157,,0.5099302200751477,0.06038647342995169,1.892109500805153,13.613794954374665
33,29.146537842190018,,50.54347826086956,2.6301663982823404,0.5636070853462157,0.966183574879227,0.5099302200751477,0.06038647342995169,2.831454643048846,12.74825550187869
34,33.64868491680086,,47.26247987117552,2.167203435319377,0.4428341384863124,0.966183574879227,0.5099302200751477,0.06038647342995169,4.180085882984434,10.762211486849168
35,38.24476650563607,,42.921363392377884,2.0933977455716586,0.4428341384863124,0.966183574879227,0.3824476650563607,0.06038647342995169,4.180085882984434,10.7085346215781
36,41.38486312399356,,40.06977992485239,2.0263016639828235,0.3757380568974772,0.966183574879227,0.3824476650563607,0.06038647342995169,4.032474503488996,10.701825013419215
37,40.43880837359098,,37.72812667740204,1.42914653784219,0.3757380568974772,0.7045088566827697,3.7775093934514223,0.06038647342995169,5.683038110574342,9.802737520128824
38,44.31025228126678,,34.56119162640902,1.415727321524423,0.36902844873859364,0.5099302200751477,3.6366076221148687,0.06038647342995169,5.3341384863123995,9.802737520128824
39,38.63392377885131,,42.639559849704774,1.0265700483091786,0.0939345142243693,1.3620504562533549,1.8518518518518519,0.026838432635534086,5.179817498658078,9.185453569511541
40,40.94202898550725,,38.16425120772947,1.0265700483091786,0.0939345142243693,1.3620504562533549,1.8518518518518519,0.026838432635534086,8.3064949006978,8.225979602791197
41,45.128824476650564,,35.265700483091784,1.0265700483091786,0.0939345142243693,1.3620504562533549,1.6841116478797638,0.0067096081588835215,7.675791733762749,7.75630703166935
42,47.59125067096082,,32.25979602791197,0.9259259259259259,0.0939345142243693,1.7847557702630166,1.1808910359634996,0.0067096081588835215,9.037842190016104,7.118894256575416
43,49.000268384326354,,29.166666666666668,0.9259259259259259,0.0939345142243693,4.17337627482555,1.1808910359634996,0.0067096081588835215,8.400429414922169,7.051798174986581
44,54.46188942565754,,27.13365539452496,0.8588298443370908,0.0939345142243693,2.9723564143853998,0.630703166935051,,7.555018786902845,6.293612453032743
45,45.50456253354804,,40.59983896940419,0.040257648953301126,0.0939345142243693,1.8988191089640365,0.3824476650563607,,6.816961889425658,4.663177670424047
46,48.993558776167475,,36.8894256575416,0.040257648953301126,0.0939345142243693,1.8988191089640365,0.3824476650563607,,7.427536231884058,4.274020397208803
47,51.77133655394525,,33.722490606548575,0.040257648953301126,0.06709608158883522,2.3752012882447664,0.04696725711218465,,7.96430488459474,4.012345679012346
48,42.92807300053677,,44.907407407407405,0.0067096081588835215,0.06709608158883522,2.1940418679549114,0.04696725711218465,,6.655931293612453,3.193773483628556
49,34.856414385399894,,54.830917874396135,0.0067096081588835215,0.06709608158883522,0.7716049382716049,0.03354804079441761,0.7783145464304885,6.152710681696189,2.5026838432635534
50,39.190821256038646,,50.52334943639291,0.0067096081588835215,0.06709608158883522,0.7716049382716049,0.03354804079441761,0.7783145464304885,6.125872249060655,2.5026838432635534
51,43.71980676328502,,47.06119162640902,0.0067096081588835215,0.06709608158883522,0.7716049382716049,0.03354804079441761,0.36902844873859364,5.46833064949007,2.5026838432635534
52,45.967525496511,,43.76677402039721,0.0067096081588835215,0.06709608158883522,0.7716049382716049,0.03354804079441761,0.35560923242082665,6.541867954911433,2.4892646269457863
53,45.370370370370374,,41.76731078904992,0.0067096081588835215,0.06709608158883522,2.4825550187869028,0.8521202361782072,0.35560923242082665,6.696188942565755,2.4020397208803006
54,38.02334943639291,,50.0805152979066,0.0067096081588835215,0.05367686527106817,2.4825550187869028,0.8454106280193237,0.35560923242082665,5.904455179817498,2.24771873322598
55,41.54589371980676,,46.30971551261406,0.0067096081588835215,0.05367686527106817,2.4825550187869028,0.8454106280193237,1.2748255501878691,5.320719269994632,2.1604938271604937
56,43.39103596349973,,44.57192699946323,0.0067096081588835215,0.05367686527106817,2.462426194310252,0.8454106280193237,1.2748255501878691,5.233494363929147,2.1604938271604937
57,47.22893183038111,,38.90230810520666,2.509393451422437,0.05367686527106817,2.462426194310252,0.8454106280193237,1.2412775093934514,5.226784755770263,1.5297906602254427
58,47.85292538915727,,38.52657004830918,2.509393451422437,0.05367686527106817,2.462426194310252,0.8454106280193237,1.0802469135802468,5.166398282340311,1.5029522275899088
59,50.657541599570585,,36.64787976382179,1.7646269457863661,0.05367686527106817,2.462426194310252,0.8252818035426731,1.5163714439076759,4.985238862050457,1.0869565217391304
60,51.53650026838432,,33.400429414922165,1.5767579173376274,0.05367686527106817,2.462426194310252,0.8252818035426731,2.4020397208803006,6.655931293612453,1.0869565217391304
61,55.28046162104133,,29.428341384863124,1.5767579173376274,0.05367686527106817,2.462426194310252,0.6642512077294686,3.2139023081052067,6.233225979602791,1.0869565217391304
62,55.92458400429415,,26.462694578636608,1.5767579173376274,0.05367686527106817,2.462426194310252,0.6642512077294686,5.6964573268921095,6.078904991948471,1.0802469135802468
63,57.1658615136876,,25.811862587224905,1.5767579173376274,0.05367686527106817,2.462426194310252,0.6642512077294686,5.179817498658078,6.005099302200751,1.0802469135802468
64,58.09849704777241,,23.62453032742888,1.5767579173376274,0.05367686527106817,3.3950617283950617,0.6508319914117016,4.696725711218465,6.837090713902308,1.06682769726248
65,55.60923242082662,,22.785829307568438,1.5767579173376274,0.05367686527106817,3.388352120236178,5.246913580246914,4.448470209339774,5.877616747181965,1.0131508319914118
66,60.35963499731616,,21.00107353730542,1.261406333870102,0.05367686527106817,3.1333870101986045,4.455179817498658,3.878153515834675,4.851046698872786,1.0064412238325282
67,61.513687600644126,,19.410896403650028,1.261406333870102,0.05367686527106817,2.898550724637681,4.931561996779388,3.864734299516908,5.059044551798175,1.0064412238325282
68,61.13794954374664,,17.894524959742352,0.9594739667203436,0.05367686527106817,3.770799785292539,4.669887278582931,3.683574879227053,6.863929146537842,0.966183574879227
69,60.46027911969941,,17.330917874396135,0.9594739667203436,0.05367686527106817,3.670155662909286,4.314278046162104,4.51556629092861,7.749597423510467,0.9460547504025765
70,61.272141706924316,,16.358024691358025,0.9594739667203436,0.05367686527106817,3.0059044551798175,3.9049919484702094,4.51556629092861,9.359903381642512,0.5703166935050993
71,62.29200214707461,,16.25738056897477,0.9594739667203436,0.05367686527106817,2.9924852388620504,3.0595813204508855,4.468599033816425,9.346484165324744,0.5703166935050993
72,63.909017713365536,,15.063070316693505,0.9594739667203436,0.05367686527106817,2.9924852388620504,3.046162104133119,4.186795491143317,9.219001610305957,0.5703166935050993
73,65.2710681696189,,14.486044015029522,0.9594739667203436,0.05367686527106817,2.985775630703167,2.5026838432635534,4.012345679012346,9.16532474503489,0.5636070853462157
74,65.27777777777777,,13.620504562533547,1.8853998926462694,0.05367686527106817,2.7442297369833604,2.167203435319377,3.670155662909286,10.017444981213098,0.5636070853462157
75,66.94847020933977,,12.969672571121846,1.8853998926462694,0.05367686527106817,2.7442297369833604,1.8719806763285025,3.670155662909286,9.346484165324744,0.5099302200751477
76,68.45142243692969,,12.02361782071927,1.2748255501878691,,2.38191089640365,2.636876006441224,3.388352120236178,9.333064949006978,0.5099302200751477
77,69.04186795491144,,11.466720343531938,1.2748255501878691,,2.965646806226516,2.636876006441224,2.7509393451422435,9.353193773483628,0.5099302200751477
78,71.19565217391305,,11.010466988727858,1.2077294685990339,,2.9253891572732154,2.6033279656468062,2.657004830917874,8.071658615136876,0.32877079978529256
79,72.18196457326893,,10.399892646269459,0.9125067096081588,,2.9253891572732154,2.6033279656468062,2.3752012882447664,8.272946859903382,0.32877079978529256
80,74.37600644122384,,9.111647879763822,0.8252818035426731,,2.9253891572732154,2.5697799248523885,2.187332259796028,7.763016639828234,0.24154589371980675
81,75.18786902844874,,8.467525496511003,0.8252818035426731,,3.7573805689747717,2.5563607085346214,2.187332259796028,6.776704240472356,0.24154589371980675
82,75.71792807300054,,8.225979602791197,0.7380568974771873,,3.7573805689747717,2.5563607085346214,2.086688137412775,6.6760601180891035,0.24154589371980675
83,76.04669887278583,,8.185721953837897,0.7380568974771873,,3.7573805689747717,2.5429414922168547,2.086688137412775,6.400966183574879,0.24154589371980675
84,74.12104133118626,,7.64224369296833,0.7246376811594203,,3.656736446591519,3.8177670424047236,1.9927536231884058,7.803274288781535,0.24154589371980675
85,74.02710681696189,,7.253086419753086,0.7246376811594203,,3.475577026301664,3.81105743424584,1.9927536231884058,8.474235104669887,0.24154589371980675
86,76.2614063338701,,6.608964036500268,0.7246376811594203,,3.0595813204508855,3.515834675254965,1.5767579173376274,8.031400966183575,0.2214170692431562
87,76.99946323134729,,6.360708534621578,0.7179280730005367,,3.026033279656468,3.321256038647343,1.3553408480944713,7.997852925389157,0.2214170692431562
88,76.4626945786366,,5.917874396135265,3.9586688137412773,,3.026033279656468,2.898550724637681,1.1607622114868492,6.353998926462695,0.2214170692431562
89,72.86634460547504,,9.111647879763822,3.535963499731616,,2.757648953301127,3.603059581320451,1.1607622114868492,6.816961889425658,0.14761137949543746
90,73.62453032742887,,8.695652173913043,3.475577026301664,,2.757648953301127,3.603059581320451,1.1473429951690821,6.5485775630703165,0.14761137949543746
91,72.81266774020398,,7.541599570585078,3.44873859366613,,2.757648953301127,3.603059581320451,1.4224369296833066,8.266237251744498,0.14761137949543746
92,72.55099302200752,,7.199409554482019,3.44873859366613,,2.757648953301127,3.603059581320451,2.15378421900161,8.13875469672571,0.14761137949543746
93,73.42324208266237,,6.904186795491143,3.4420289855072466,,2.7509393451422435,4.394793344068707,2.01959205582394,6.91760601180891,0.14761137949543746
94,74.14787976382179,,6.743156199677939,3.4420289855072466,,2.7509393451422435,4.394793344068707,2.006172839506173,6.380837359098229,0.13419216317767044
95,74.54374664519592,,6.649221685453569,3.4420289855072466,,2.7509393451422435,4.193505099302201,2.006172839506173,6.280193236714976,0.13419216317767044
96,75.48309178743962,,6.4412238325281805,3.193773483628556,,2.7509393451422435,3.9519592055823938,1.8585614600107354,6.246645195920558,0.07380568974771873
97,76.2211486849168,,6.078904991948471,3.193773483628556,,2.4557165861513686,5.730005367686527,0.5770263016639828,5.669618894256575,0.07380568974771873
98,75.82528180354268,,5.931293612453032,3.193773483628556,,2.4557165861513686,5.730005367686527,0.5770263016639828,6.213097155126141,0.07380568974771873
99,75.89237788513151,,5.783682232957595,3.126677402039721,,3.421900161030596,5.642780461621041,0.5770263016639828,5.481749865807837,0.07380568974771873
100,73.38298443370907,,5.669618894256575,3.126677402039721,,4.1129898013955986,5.642780461621041,1.4492753623188406,6.541867954911433,0.07380568974771873
101,71.947128287708,,5.481749865807837,5.629361245303274,,4.092860976918948,5.320719269994632,1.4492753623188406,6.052066559312936,0.026838432635534086
102,73.47691894793344,,4.51556629092861,5.629361245303274,,4.086151368760064,5.320719269994632,1.442565754159957,5.501878690284487,0.026838432635534086
103,74.34245840042942,,3.9720880300590444,5.025496511003757,,3.3816425120772946,5.213365539452496,1.442565754159957,6.595544820182502,0.026838432635534086
104,75.67096081588835,,3.770799785292539,4.85775630703167,,3.321256038647343,4.542404723564144,1.4090177133655395,6.400966183574879,0.026838432635534086
105,76.19431025228127,,3.6902844873859366,3.851315083199141,,3.3011272141706924,4.508856682769726,1.4090177133655395,7.018250134192163,0.026838432635534086
106,76.72436929683306,,3.4017713365539453,3.851315083199141,,3.3011272141706924,4.508856682769726,1.4090177133655395,6.776704240472356,0.026838432635534086
107,77.83816425120773,,3.0595813204508855,3.851315083199141,,3.1333870101986045,4.092860976918948,1.4090177133655395,6.588835212023618,0.026838432635534086
108,78.35480407944176,,2.6637144390767578,3.1736446591519054,,4.032474503488996,4.092860976918948,1.107085346215781,6.5485775630703165,0.026838432635534086
109,80.5756843800322,,2.61003757380569,2.3215244229736984,,3.911701556629093,4.092860976918948,0.5501878690284487,5.917874396135265,0.020128824476650563
110,81.11916264090178,,2.5966183574879227,2.3215244229736984,,3.7573805689747717,4.045893719806763,0.5501878690284487,5.589103596349974,0.020128824476650563
111,81.36070853462158,,2.428878153515835,2.3215244229736984,,3.7238325281803544,4.045893719806763,0.5434782608695652,5.5756843800322065,
112,81.91760601180891,,2.428878153515835,2.046430488459474,,3.4621578099838968,4.045893719806763,0.5434782608695652,5.555555555555555,
113,82.37385936661299,,2.4221685453569513,2.046430488459474,,4.42163177670424,3.1736446591519054,0.5434782608695652,5.018786902844874,
114,79.58266237251745,,5.481749865807837,1.5297906602254427,,4.817498658078368,3.0730005367686526,0.5300590445517982,4.985238862050457,
115,79.40821256038647,,5.401234567901234,1.4761137949543746,,5.6964573268921095,2.8247450348899625,0.5300590445517982,4.663177670424047,
116,78.03945249597423,,4.8443370907139025,1.2949543746645196,,6.521739130434782,4.300858829844337,0.5300590445517982,4.468599033816425,
117,78.73054213633924,,4.616210413311863,1.2949543746645196,,6.353998926462695,4.213633923778851,0.5032206119162641,4.28743961352657,
118,78.11996779388083,,4.582662372517445,1.2949543746645196,,6.622383252818035,4.086151368760064,0.5032206119162641,4.790660225442834,
119,79.20692431561997,,3.8378958668813743,1.2748255501878691,,7.011540526033279,3.629898013955985,0.2885131508319914,4.750402576489533,
120,78.3749329039184,,3.8378958668813743,2.1068169618894257,,7.011540526033279,3.629898013955985,0.2885131508319914,4.750402576489533,
121,77.8918411164788,,3.629898013955985,1.9994632313472893,,7.930756843800322,3.629898013955985,0.2885131508319914,4.62962962962963,
122,79.73027375201288,,3.502415458937198,1.9994632313472893,,7.575147611379496,3.388352120236178,0.23483628556092323,3.569511540526033,
123,80.05904455179818,,3.44873859366613,1.9122383252818036,,7.467793880837359,3.388352120236178,0.2281266774020397,3.4957058507783145,
124,81.2265163714439,,3.1736446591519054,1.8719806763285025,,6.622383252818035,3.3816425120772946,0.2281266774020397,3.4957058507783145,
125,82.11889425657542,,2.7844873859366612,1.7981749865807837,,6.622383252818035,3.3145464304884595,0.16774020397208803,3.193773483628556,
126,81.46135265700484,,2.7844873859366612,1.7981749865807837,,7.0450885668276975,3.1535158346752548,0.16774020397208803,3.589640365002684,
127,81.65593129361245,,2.7509393451422435,1.7981749865807837,,7.0450885668276975,2.9924852388620504,0.16774020397208803,3.589640365002684,
128,79.97852925389158,,2.623456790123457,1.7981749865807837,,7.883789586688137,2.9924852388620504,0.16774020397208803,4.555823939881911,
129,80.30059044551798,,2.623456790123457,1.7981749865807837,,7.856951154052603,2.932098765432099,0.16774020397208803,4.320987654320987,
130,79.77053140096618,,2.6167471819645733,1.3150831991411702,,7.64224369296833,2.368491680085883,0.16774020397208803,6.119162640901771,
131,80.58910359634997,,2.5026838432635534,1.1205045625335481,,7.246376811594203,2.341653247450349,0.15432098765432098,6.045356951154052,
132,80.95813204508856,,2.281266774020397,1.1205045625335481,,7.159151905528717,2.3349436392914655,0.10064412238325282,6.045356951154052,
133,79.87117552334944,,2.281266774020397,1.1205045625335481,,8.769457863660762,2.3349436392914655,0.10064412238325282,5.522007514761138,
134,79.71014492753623,,1.9793344068706387,1.107085346215781,,8.957326892109501,2.328234031132582,0.10064412238325282,5.8172302737520125,
135,79.032474503489,,1.932367149758454,1.107085346215781,,8.957326892109501,2.3215244229736984,0.10064412238325282,6.5485775630703165,
136,79.26731078904992,,1.932367149758454,1.107085346215781,,8.769457863660762,2.3081052066559313,0.10064412238325282,6.515029522275899,
137,79.15995705850779,,1.8585614600107354,1.107085346215781,,9.111647879763822,2.3081052066559313,0.10064412238325282,6.353998926462695,
138,78.4151905528717,,1.8585614600107354,2.0531400966183573,,8.950617283950617,2.26784755770263,0.10064412238325282,6.353998926462695,
139,77.76435856146001,,1.6438539989264627,1.865271068169619,,9.88996242619431,2.6972624798711755,0.07380568974771873,6.0654857756307035,
140,76.33521202361781,,4.911433172302737,1.8317230273752012,,8.742619431025227,2.5026838432635534,0.07380568974771873,5.60252281266774,
141,75.63741277509394,,4.884594739667204,1.8317230273752012,,8.742619431025227,2.5026838432635534,0.07380568974771873,6.327160493827161,
142,74.97316156736447,,4.864465915190553,2.5161030595813205,,8.742619431025227,2.5026838432635534,0.07380568974771873,6.327160493827161,
143,75.91250670960815,,4.864465915190553,2.408749329039184,,8.501073537305421,2.01959205582394,0.07380568974771873,6.219806763285024,
144,76.80488459473966,,4.864465915190553,2.408749329039184,,8.501073537305421,1.6908212560386473,0.07380568974771873,5.656199677938808,
145,77.08668813741278,,4.864465915190553,2.3617820719269993,,8.266237251744498,1.6908212560386473,0.07380568974771873,5.656199677938808,
146,77.80461621041331,,4.636339237788513,2.3617820719269993,,8.246108427267847,1.6908212560386473,0.07380568974771873,5.186527106816962,
147,78.03274288781535,,4.636339237788513,2.3617820719269993,,8.017981749865807,1.6908212560386473,0.07380568974771873,5.186527106816962,
148,78.3749329039184,,4.622920021470746,2.3617820719269993,,8.017981749865807,1.6908212560386473,0.07380568974771873,4.85775630703167,
149,78.75067096081588,,4.622920021470746,2.1806226516371443,,7.823403113258186,1.6908212560386473,0.07380568974771873,4.85775630703167,
150,78.90499194847021,,4.5960815888352125,2.1806226516371443,,7.803274288781535,1.5901771336553945,0.07380568974771873,4.851046698872786,
151,77.82474503488996,,4.5893719806763285,2.1806226516371443,,7.803274288781535,2.677133655394525,0.07380568974771873,4.851046698872786,
152,77.46913580246914,,4.5893719806763285,2.1068169618894257,,7.273215244229737,2.677133655394525,0.07380568974771873,5.810520665593129,
153,79.38137412775095,,3.166935050993022,2.1068169618894257,,6.78341384863124,2.677133655394525,0.07380568974771873,5.810520665593129,
154,79.57595276435856,,3.1065485775630703,2.1068169618894257,,6.649221685453569,2.677133655394525,0.07380568974771873,5.810520665593129,
155,79.16666666666667,,3.1065485775630703,2.1068169618894257,,7.601986044015029,2.13365539452496,0.07380568974771873,5.810520665593129,
156,79.79066022544283,,3.1065485775630703,2.1068169618894257,,7.347020933977456,1.9726247987117553,0.07380568974771873,5.60252281266774,
157,80.27375201288245,,3.1065485775630703,2.006172839506173,,6.991411701556629,1.9726247987117553,0.07380568974771873,5.5756843800322065,
158,79.52227589908749,,3.1065485775630703,1.583467525496511,,6.991411701556629,3.166935050993022,0.07380568974771873,5.555555555555555,
159,77.72410091250671,,4.7638217928073,1.415727321524423,,7.796564680622652,3.166935050993022,0.07380568974771873,5.059044551798175,
160,76.90552871712292,,4.676596886741814,1.415727321524423,,7.481213097155126,4.40150295222759,0.06038647342995169,5.059044551798175,
161,77.22758990874932,,4.676596886741814,1.2144390767579174,,7.481213097155126,4.280730005367687,0.06038647342995169,5.059044551798175,
162,77.71068169618894,,4.361245303274289,1.2144390767579174,,7.320182501341922,4.280730005367687,0.06038647342995169,5.052334943639291,
163,78.71041331186258,,4.314278046162104,1.2144390767579174,,6.998121309715513,3.6500268384326353,0.06038647342995169,5.052334943639291,
164,79.5558239398819,,3.743961352657005,1.2144390767579174,,6.89747718733226,3.4822866344605474,0.05367686527106817,5.052334943639291,
165,78.84460547504025,,3.683574879227053,1.2144390767579174,,6.810252281266774,3.4822866344605474,0.05367686527106817,5.911164787976382,
166,79.05260332796564,,3.488996242619431,1.2144390767579174,,6.810252281266774,3.4688674181427803,0.05367686527106817,5.911164787976382,
167,79.18008588298443,,3.180354267310789,1.1943102522812667,,6.4412238325281805,4.03918411164788,0.05367686527106817,5.911164787976382,
168,79.3545356951154,,3.180354267310789,1.1943102522812667,,6.407675791733762,3.992216854535695,0.05367686527106817,5.8172302737520125,
169,78.38835212023618,,2.898550724637681,1.1003757380568975,,6.400966183574879,5.810520665593129,0.05367686527106817,5.347557702630167,
170,78.40177133655395,,2.898550724637681,1.0869565217391304,,6.400966183574879,5.810520665593129,0.05367686527106817,5.347557702630167,
171,78.74396135265701,,2.7241009125067097,1.0869565217391304,,6.320450885668277,5.810520665593129,0.05367686527106817,5.260332796564681,
172,79.79066022544283,,2.7106816961889426,1.0869565217391304,,6.320450885668277,5.35426731078905,0.05367686527106817,4.683306494900698,
173,79.79066022544283,,2.7106816961889426,1.0869565217391304,,6.320450885668277,5.35426731078905,0.05367686527106817,4.683306494900698,
174,79.79066022544283,,2.7106816961889426,1.0869565217391304,,6.320450885668277,5.35426731078905,0.05367686527106817,4.683306494900698,
175,79.93827160493827,,2.7106816961889426,1.0869565217391304,,6.172839506172839,5.35426731078905,0.05367686527106817,4.683306494900698,
176,79.93827160493827,,2.7106816961889426,1.0869565217391304,,6.172839506172839,5.35426731078905,0.05367686527106817,4.683306494900698,
177,80.9044551798175,,2.5295222758990876,0.9863123993558777,,6.172839506172839,4.891304347826087,0.05367686527106817,4.461889425657541,
178,80.30730005367687,,2.3752012882447664,0.9863123993558777,,6.045356951154052,4.797369833601718,0.05367686527106817,5.434782608695652,
179,79.60279119699409,,2.368491680085883,0.9796027911969941,,6.045356951154052,4.549114331723027,0.05367686527106817,6.400966183574879,
180,80.8239398819109,,1.6841116478797638,0.9728931830381106,,6.045356951154052,4.468599033816425,0.05367686527106817,5.9514224369296835,
181,81.12587224906065,,1.6841116478797638,0.966183574879227,,5.964841653247451,4.468599033816425,0.05367686527106817,5.736714975845411,
182,80.36768652710681,,1.4895330112721417,0.966183574879227,,5.931293612453032,5.4549114331723025,0.05367686527106817,5.736714975845411,
183,80.6159420289855,,1.4895330112721417,0.966183574879227,,5.931293612453032,5.4549114331723025,0.05367686527106817,5.488459473966721,
184,79.92485238862051,,1.4895330112721417,0.966183574879227,,5.931293612453032,5.441492216854535,0.05367686527106817,6.1929683306494905,
185,80.14626945786367,,1.4559849704777241,0.8252818035426731,,5.931293612453032,5.394524959742351,0.05367686527106817,6.1929683306494905,
186,79.09286097691894,,1.442565754159957,0.8252818035426731,,6.66935050993022,5.381105743424584,0.05367686527106817,6.535158346752549,
187,78.24074074074075,,1.442565754159957,1.7646269457863661,,6.622383252818035,5.340848094471283,0.05367686527106817,6.535158346752549,
188,77.4422973698336,,1.2681159420289856,1.7646269457863661,,6.622383252818035,6.3137412775093935,0.05367686527106817,6.535158346752549,
189,77.46242619431025,,1.2681159420289856,1.7646269457863661,,6.622383252818035,6.3070316693505095,0.05367686527106817,6.521739130434782,
190,76.7512077294686,,1.2681159420289856,1.7646269457863661,,6.394256575415996,6.3070316693505095,0.05367686527106817,7.461084272678476,
191,74.52361782071927,,4.898013955984971,1.6438539989264627,,5.441492216854535,6.3070316693505095,0.05367686527106817,7.132313472893183,
192,75.21470746108427,,4.851046698872786,1.6438539989264627,,5.414653784219001,5.743424584004294,0.05367686527106817,7.078636607622115,
193,75.33548040794417,,4.851046698872786,1.6438539989264627,,5.35426731078905,5.683038110574342,0.05367686527106817,7.078636607622115,
194,74.44310252281267,,4.851046698872786,1.6438539989264627,,5.35426731078905,6.575415995705851,0.05367686527106817,7.078636607622115,
195,74.44310252281267,,4.851046698872786,1.6438539989264627,,5.35426731078905,6.575415995705851,0.05367686527106817,7.078636607622115,
196,74.66451959205583,,4.851046698872786,1.6438539989264627,,5.35426731078905,6.400966183574879,0.0067096081588835215,7.078636607622115,
197,75.0402576489533,,4.851046698872786,1.6438539989264627,,4.978529253891573,6.400966183574879,0.0067096081588835215,7.078636607622115,
198,74.81884057971014,,4.851046698872786,1.6438539989264627,,5.904455179817498,6.1862587224906065,0.0067096081588835215,6.588835212023618,
199,74.83225979602791,,4.851046698872786,1.6438539989264627,,5.891035963499732,6.1862587224906065,0.0067096081588835215,6.588835212023618,
200,75.79173376274825,,4.166666666666667,1.6371443907675791,,5.8239398819108965,5.984970477724101,0.0067096081588835215,6.588835212023618,
201,75.79173376274825,,4.166666666666667,1.6371443907675791,,5.8239398819108965,5.984970477724101,0.0067096081588835215,6.588835212023618,
202,75.94605475040258,,4.166666666666667,1.482823403113258,,5.8239398819108965,5.984970477724101,0.0067096081588835215,6.588835212023618,
203,75.97289318303811,,4.05931293612453,1.0198604401502953,,5.642780461621041,6.796833064949007,0.0067096081588835215,6.501610305958132,
204,75.96618357487922,,4.05931293612453,0.9192163177670424,,5.4549114331723025,6.729736983360172,0.0067096081588835215,6.863929146537842,
205,75.96618357487922,,4.05931293612453,0.9192163177670424,,5.4549114331723025,6.729736983360172,0.0067096081588835215,6.863929146537842,
206,75.03354804079441,,4.045893719806763,0.9192163177670424,,6.407675791733762,6.729736983360172,0.0067096081588835215,6.857219538378959,
207,75.93263553408481,,4.045893719806763,0.9192163177670424,,6.072195383789587,6.280193236714976,0.0067096081588835215,6.743156199677939,
208,75.979602791197,,4.045893719806763,0.9192163177670424,,6.072195383789587,6.233225979602791,0.0067096081588835215,6.743156199677939,
209,75.42941492216855,,3.7573805689747717,0.9192163177670424,,5.998389694041868,7.14573268921095,0.0067096081588835215,6.743156199677939,
210,75.54347826086956,,3.7573805689747717,0.9192163177670424,,5.964841653247451,7.065217391304348,0.0067096081588835215,6.743156199677939,
211,74.9597423510467,,3.7573805689747717,0.9192163177670424,,5.5689747718733225,8.044820182501342,0.0067096081588835215,6.743156199677939,
212,74.9597423510467,,3.7573805689747717,0.9192163177670424,,5.5689747718733225,8.044820182501342,0.0067096081588835215,6.743156199677939,
213,75.15432098765432,,3.7573805689747717,0.9192163177670424,,5.381105743424584,8.044820182501342,,6.743156199677939,
214,75.402576489533,,3.6902844873859366,0.8252818035426731,,4.703435319377348,8.655394524959743,,6.723027375201288,
215,75.0402576489533,,3.6902844873859366,1.7914653784219001,,4.30756843800322,8.521202361782072,,6.649221685453569,
216,75.0402576489533,,3.6902844873859366,1.7914653784219001,,4.30756843800322,8.521202361782072,,6.649221685453569,
217,75.52334943639292,,3.6902844873859366,1.7914653784219001,,4.30756843800322,8.038110574342458,,6.649221685453569,
218,75.57702630166398,,3.6366076221148687,1.7914653784219001,,4.30756843800322,8.038110574342458,,6.649221685453569,
219,75.57702630166398,,3.6366076221148687,1.7914653784219001,,4.30756843800322,8.038110574342458,,6.649221685453569,
220,76.49624261943103,,3.6366076221148687,1.7646269457863661,,4.30756843800322,7.212828770799785,,6.582125603864735,
221,75.67767042404724,,3.589640365002684,1.7176596886741815,,4.233762748255502,8.199141170155663,,6.582125603864735,
222,76.23456790123457,,3.455448201825013,1.7176596886741815,,4.0995705850778315,8.199141170155663,,6.293612453032743,
223,75.34889962426195,,3.455448201825013,1.7176596886741815,,4.05931293612453,9.125067096081589,,6.293612453032743,
224,75.50993022007515,,3.435319377348363,1.7176596886741815,,4.797369833601718,8.702361782071927,,5.837359098228664,
225,75.62399355877616,,3.4151905528717124,1.7176596886741815,,4.750402576489533,8.702361782071927,,5.790391841116479,
226,75.66425120772946,,3.4151905528717124,1.7176596886741815,,4.723564143853999,8.68894256575416,,5.790391841116479,
227,74.87251744498121,,3.4151905528717124,1.7176596886741815,,4.723564143853999,9.480676328502415,,5.790391841116479,
228,75.56360708534622,,3.180354267310789,1.7176596886741815,,4.435050993022007,9.433709071390231,,5.669618894256575,
229,75.8185721953838,,3.180354267310789,1.7176596886741815,,4.435050993022007,9.426999463231347,,5.421363392377885,
230,75.9393451422437,,3.180354267310789,1.596886741814278,,4.435050993022007,9.426999463231347,,5.421363392377885,
231,76.2211486849168,,3.180354267310789,1.596886741814278,,4.2203435319377345,9.359903381642512,,5.421363392377885,
232,75.71792807300054,,3.180354267310789,2.100107353730542,,4.2203435319377345,9.359903381642512,,5.421363392377885,
233,75.95947396672034,,3.126677402039721,2.100107353730542,,4.092860976918948,9.312936124530328,,5.407944176060118,
234,75.95947396672034,,3.126677402039721,2.100107353730542,,4.092860976918948,9.312936124530328,,5.407944176060118,
235,75.95947396672034,,3.126677402039721,2.100107353730542,,4.092860976918948,9.312936124530328,,5.407944176060118,
236,75.7783145464305,,3.126677402039721,1.892109500805153,,3.9989264626945786,9.842995169082126,,5.360976918947934,
237,76.60359634997316,,3.066290928609769,1.892109500805153,,3.9989264626945786,9.292807300053678,,5.146269457863661,
238,76.64385399892646,,3.066290928609769,1.892109500805153,,3.9989264626945786,9.252549651100376,,5.146269457863661,
239,77.073268921095,,3.066290928609769,1.892109500805153,,3.9989264626945786,9.252549651100376,,4.7168545356951155,
240,77.64358561460011,,3.066290928609769,1.8786902844873858,,3.978797638217928,8.715780998389693,,4.7168545356951155,
241,77.64358561460011,,3.066290928609769,1.8786902844873858,,3.978797638217928,8.715780998389693,,4.7168545356951155,
242,78.23403113258186,,3.066290928609769,1.8786902844873858,,3.978797638217928,8.514492753623188,,4.327697262479871,
243,78.24745034889962,,3.066290928609769,1.8786902844873858,,3.978797638217928,8.501073537305421,,4.327697262479871,
244,79.032474503489,,3.026033279656468,1.8786902844873858,,3.978797638217928,8.09849704777241,,3.9855072463768115,
245,79.4753086419753,,3.026033279656468,1.8786902844873858,,3.9519592055823938,7.682501341921632,,3.9855072463768115,
246,79.91143317230274,,3.026033279656468,1.8786902844873858,,3.683574879227053,7.682501341921632,,3.8177670424047236,
247,80.60252281266774,,2.918679549114332,1.8786902844873858,,3.683574879227053,7.152442297369833,,3.7640901771336552,
248,81.05877616747182,,2.462426194310252,1.8786902844873858,,3.683574879227053,7.152442297369833,,3.7640901771336552,
249,81.38083735909822,,2.462426194310252,1.8786902844873858,,3.502415458937198,7.011540526033279,,3.7640901771336552,
250,81.46806226516371,,2.462426194310252,1.8115942028985508,,3.502415458937198,6.991411701556629,,3.7640901771336552,
251,81.4747718733226,,2.4557165861513686,1.8115942028985508,,3.502415458937198,6.991411701556629,,3.7640901771336552,
252,81.89747718733226,,2.4557165861513686,1.8115942028985508,,3.3816425120772946,6.709608158883521,,3.743961352657005,
253,82.46108427267848,,2.4557165861513686,1.2546967257112185,,3.374932903918411,6.709608158883521,,3.743961352657005,
254,82.67579173376275,,2.4557165861513686,1.0802469135802468,,3.374932903918411,6.66935050993022,,3.743961352657005,
255,82.776435856146,,2.4557165861513686,1.06682769726248,,3.2877079978529253,6.66935050993022,,3.743961352657005,
256,82.78985507246377,,2.4557165861513686,1.06682769726248,,3.2877079978529253,6.66935050993022,,3.730542136339238,
257,82.1256038647343,,2.4557165861513686,1.06682769726248,,3.9519592055823938,6.66935050993022,,3.730542136339238,
258,82.1256038647343,,2.4557165861513686,1.06682769726248,,3.9519592055823938,6.66935050993022,,3.730542136339238,
259,81.78341384863124,,2.4557165861513686,1.06682769726248,,4.3545356951154055,6.608964036500268,,3.730542136339238,
260,81.80354267310788,,2.4557165861513686,1.06682769726248,,4.3545356951154055,6.588835212023618,,3.730542136339238,
261,82.38056897477188,,2.4557165861513686,0.9393451422436929,,4.193505099302201,6.300322061191626,,3.730542136339238,
262,82.5281803542673,,2.4557165861513686,0.9393451422436929,,4.193505099302201,6.300322061191626,,3.5829307568438002,
263,82.5281803542673,,2.4557165861513686,0.9393451422436929,,4.193505099302201,6.300322061191626,,3.5829307568438002,
264,82.5281803542673,,2.4557165861513686,0.9393451422436929,,4.193505099302201,6.300322061191626,,3.5829307568438002,
265,83.03140096618357,,2.4557165861513686,0.9393451422436929,,4.186795491143317,5.803811057434245,,3.5829307568438002,
266,82.19940955448202,,2.4557165861513686,0.9393451422436929,,4.106280193236715,5.803811057434245,,4.49543746645196,
267,82.85024154589372,,1.9793344068706387,0.9393451422436929,,4.079441760601181,5.656199677938808,,4.49543746645196,
268,82.97101449275362,,1.9793344068706387,0.9393451422436929,,3.9586688137412773,5.656199677938808,,4.49543746645196,
269,83.05152979066023,,1.9793344068706387,0.9393451422436929,,3.9318303811057436,5.656199677938808,,4.441760601180891,
270,83.13204508856683,,1.9793344068706387,0.9393451422436929,,3.9318303811057436,5.656199677938808,,4.361245303274289,
271,83.3064949006978,,1.9793344068706387,0.9393451422436929,,3.9318303811057436,5.656199677938808,,4.186795491143317,
272,83.69565217391305,,1.9726247987117553,0.9393451422436929,,3.9184111647879765,5.656199677938808,,3.8177670424047236,
273,82.83682232957595,,1.9726247987117553,0.8856682769726248,,3.9184111647879765,6.568706387546968,,3.8177670424047236,
274,82.36044015029522,,1.9726247987117553,0.8856682769726248,,4.555823939881911,6.568706387546968,,3.656736446591519,
275,82.38727858293076,,1.9726247987117553,0.8856682769726248,,4.555823939881911,6.568706387546968,,3.629898013955985,
276,82.38727858293076,,1.9726247987117553,0.8856682769726248,,4.555823939881911,6.568706387546968,,3.629898013955985,
277,82.46779388083736,,1.9726247987117553,0.8856682769726248,,4.549114331723027,6.568706387546968,,3.556092324208266,
278,82.46779388083736,,1.9726247987117553,0.8856682769726248,,4.549114331723027,6.568706387546968,,3.556092324208266,
279,82.46779388083736,,1.9726247987117553,0.8856682769726248,,4.549114331723027,6.568706387546968,,3.556092324208266,
280,82.58185721953838,,1.9726247987117553,0.8856682769726248,,4.549114331723027,6.568706387546968,,3.4420289855072466,
281,82.58185721953838,,1.9726247987117553,0.8856682769726248,,4.549114331723027,6.568706387546968,,3.4420289855072466,
282,81.83038110574343,,1.9726247987117553,0.8856682769726248,,4.38137412775094,7.521470746108427,,3.408480944712829,
283,81.85050993022007,,1.9524959742351047,0.8856682769726248,,4.38137412775094,7.521470746108427,,3.408480944712829,
