,40,45,50,51,53,54,55,41,52,49,42
0,0.19457863660762212,73.46349973161567,14.13714439076758,12.204777241009126,,,,,,,
1,0.2616747181964573,40.673644659151904,44.65244229736983,12.171229200214707,2.1940418679549114,0.04696725711218465,,,,,
2,1.0265700483091786,40.58641975308642,43.552066559312934,12.037037037037036,2.1940418679549114,0.04696725711218465,0.5568974771873323,,,,
3,1.0131508319914118,31.54186795491143,56.36741814278046,9.158615136876007,0.15432098765432098,,1.5297906602254427,0.23483628556092323,,,
4,0.6843800322061192,23.463499731615673,62.5402576489533,9.4873859366613,0.8588298443370908,,2.7308105206655933,0.23483628556092323,,,
5,1.3553408480944713,22.61808910359635,64.2914653784219,7.232957595276436,1.6035963499731616,,2.475845410628019,0.4227053140096618,,,
6,1.4626945786366077,17.357756307031668,68.05555555555556,8.051529790660226,1.6035963499731616,,3.046162104133119,0.4227053140096618,,,
7,2.1403650026838434,16.794149221685455,66.51905528717123,7.440955448201825,1.583467525496511,0.7648953301127214,3.717122920021471,0.4227053140096618,0.6172839506172839,,
8,1.0601180891035964,8.923778851315083,74.49677938808374,6.293612453032743,0.15432098765432098,0.7648953301127214,1.3083735909822867,0.2281266774020397,0.08051529790660225,6.689479334406871,
9,1.442565754159957,7.078636607622115,76.32850241545894,4.696725711218465,0.8655394524959742,1.3821792807300053,1.3083735909822867,0.20799785292538917,,6.689479334406871,
10,1.6237251744498122,7.078636607622115,74.26865271068169,4.696725711218465,0.8655394524959742,1.3821792807300053,2.301395598497048,0.5099302200751477,0.5837359098228664,6.689479334406871,
11,0.5770263016639828,5.441492216854535,83.55475040257649,5.300590445517981,,0.2885131508319914,2.2745571658615136,,0.5837359098228664,1.9793344068706387,
12,0.5166398282340311,5.213365539452496,83.4272678475577,5.300590445517981,,0.20799785292538917,2.771068169618894,,0.5837359098228664,1.9793344068706387,
13,0.2952227589908749,2.9388083735909825,90.74745034889962,2.006172839506173,,1.3955984970477724,1.8048845947396672,0.2281266774020397,0.5837359098228664,,
14,0.6038647342995169,2.9388083735909825,90.31803542673107,1.4895330112721417,,1.3955984970477724,2.442297369833602,0.2281266774020397,0.5837359098228664,,
15,0.9460547504025765,2.831454643048846,88.03676865271068,1.4895330112721417,,1.3955984970477724,4.488727858293076,0.2281266774020397,0.5837359098228664,,
16,0.9460547504025765,2.831454643048846,85.99704777241008,1.4895330112721417,0.7514761137949544,1.7176596886741815,5.4549114331723025,0.2281266774020397,0.5837359098228664,,
17,1.7981749865807837,2.831454643048846,82.5684380032206,2.073268921095008,1.1406333870101986,1.415727321524423,7.27992485238862,0.30864197530864196,0.5837359098228664,,
18,1.6505636070853462,1.415727321524423,83.13875469672571,1.221148684916801,1.8585614600107354,2.4020397208803006,7.199409554482019,0.5300590445517982,0.5837359098228664,,
19,2.1940418679549114,0.6910896403650026,79.5155662909286,1.0198604401502953,1.5633387010198605,2.38191089640365,6.9310252281266775,0.5300590445517982,1.5096618357487923,3.6634460547504024,
20,2.1940418679549114,0.6910896403650026,75.98631239935588,1.0198604401502953,3.1602254428341383,4.260601180891036,6.984702093397746,0.5300590445517982,1.5096618357487923,3.6634460547504024,
21,2.368491680085883,0.6910896403650026,75.22141706924316,1.0198604401502953,3.1602254428341383,4.260601180891036,7.4006977992485234,0.7045088566827697,1.5096618357487923,3.6634460547504024,
22,2.0665593129361244,0.5837359098228664,74.9194847020934,1.0198604401502953,3.1602254428341383,4.253891572732153,8.158883521202362,0.9728931830381106,1.2010198604401503,3.6634460547504024,
23,2.341653247450349,0.5837359098228664,76.53650026838433,1.3687600644122384,3.1602254428341383,5.213365539452496,5.226784755770263,0.5032206119162641,1.8585614600107354,3.207192699946323,
24,2.623456790123457,0.5837359098228664,75.77160493827161,1.3687600644122384,3.1602254428341383,5.978260869565218,5.226784755770263,0.5032206119162641,1.7646269457863661,3.0193236714975846,
25,3.1602254428341383,0.5837359098228664,70.564949006978,5.119431025228127,3.6500268384326353,5.730005367686527,5.3274288781535155,0.5032206119162641,2.341653247450349,3.0193236714975846,
26,2.5831991411701556,0.5837359098228664,80.1328502415459,2.7844873859366612,1.9457863660762211,3.3145464304884595,3.6768652710681695,0.5233494363929146,1.4358561460010735,3.0193236714975846,
27,2.1806226516371443,0.3488996242619431,82.84353193773484,2.120236178207193,1.9457863660762211,3.5426731078904994,3.5762211486849167,0.35560923242082665,1.1607622114868492,1.9256575415995705,
28,2.690552871712292,0.3488996242619431,79.81749865807836,2.3752012882447664,2.6167471819645733,4.931561996779388,4.139828234031133,0.5501878690284487,1.1003757380568975,1.42914653784219,
29,2.6704240472356413,0.3488996242619431,81.34057971014492,2.3752012882447664,2.589908749329039,4.079441760601181,3.6500268384326353,0.5501878690284487,1.1003757380568975,1.2949543746645196,
30,2.932098765432099,0.3488996242619431,79.13982823403113,2.3752012882447664,2.5429414922168547,4.079441760601181,5.636070853462158,0.5501878690284487,1.1003757380568975,1.2949543746645196,
31,3.2541599570585076,0.3488996242619431,77.4020397208803,2.3752012882447664,2.771068169618894,4.066022544283414,6.689479334406871,0.785024154589372,1.0131508319914118,1.2949543746645196,
32,3.5426731078904994,0.3488996242619431,77.39533011272141,2.2208803005904456,2.7308105206655933,4.066022544283414,7.64224369296833,0.785024154589372,0.9796027911969941,0.2885131508319914,
33,2.965646806226516,0.3488996242619431,81.61567364465915,1.6371443907675791,2.3886205045625335,3.502415458937198,6.1929683306494905,0.6776704240472357,0.3824476650563607,0.2885131508319914,
34,2.636876006441224,0.3488996242619431,81.46806226516371,1.6371443907675791,2.3886205045625335,4.019055287171229,6.152710681696189,0.6776704240472357,0.3824476650563607,0.2885131508319914,
35,3.0730005367686526,0.3488996242619431,81.0654857756307,1.6371443907675791,2.38191089640365,4.019055287171229,5.750134192163178,0.6776704240472357,0.785024154589372,0.2616747181964573,
36,3.166935050993022,0.3488996242619431,76.23456790123457,5.407944176060118,1.2748255501878691,4.703435319377348,7.139023081052066,0.6776704240472357,0.785024154589372,0.2616747181964573,
37,2.965646806226516,0.3488996242619431,71.88674181427804,5.112721417069243,1.2748255501878691,5.797101449275362,8.568169618894256,0.7514761137949544,3.079710144927536,0.2147074610842727,
38,1.778046162104133,0.020128824476650563,77.56307031669351,2.5496511003757383,0.8722490606548577,4.49543746645196,9.104938271604938,0.7514761137949544,2.6502952227589907,0.2147074610842727,
39,2.2410091250670963,0.020128824476650563,74.3894256575416,2.5496511003757383,0.8722490606548577,6.5552871712292005,9.789318303811058,0.7179280730005367,2.6502952227589907,0.2147074610842727,
40,2.8515834675254963,0.020128824476650563,73.19511540526034,2.5496511003757383,0.8722490606548577,6.481481481481482,10.473698336017177,0.6910896403650026,2.6502952227589907,0.2147074610842727,
41,2.9924852388620504,0.020128824476650563,70.99436392914654,2.5496511003757383,0.8722490606548577,6.481481481481482,12.533548040794418,0.6910896403650026,2.6502952227589907,0.2147074610842727,
42,2.3752012882447664,0.020128824476650563,78.12667740203972,1.8853998926462694,0.6776704240472357,5.6964573268921095,8.675523349436393,0.24825550187869028,2.2946859903381642,,
43,2.7442297369833604,0.020128824476650563,81.89076757917337,1.8853998926462694,0.46967257112184646,3.9586688137412773,6.488191089640365,0.24825550187869028,2.2946859903381642,,
44,3.488996242619431,0.020128824476650563,81.44122383252818,1.8853998926462694,0.46967257112184646,4.40150295222759,6.723027375201288,0.24825550187869028,1.3217928073000538,,
45,3.643317230273752,0.020128824476650563,81.15942028985508,1.8853998926462694,0.46967257112184646,4.528985507246377,6.723027375201288,0.24825550187869028,1.3217928073000538,,
46,3.824476650563607,0.020128824476650563,78.54938271604938,1.8853998926462694,0.46967257112184646,4.703435319377348,8.977455716586151,0.24825550187869028,1.3217928073000538,,
47,4.052603327965647,0.020128824476650563,75.04696725711219,1.8853998926462694,0.46967257112184646,4.703435319377348,10.138217928073,0.24825550187869028,3.435319377348363,,
48,4.448470209339774,0.020128824476650563,73.40311325818573,1.8853998926462694,0.41599570585077833,4.703435319377348,11.439881910896403,0.24825550187869028,3.435319377348363,,
49,4.904723564143854,0.020128824476650563,71.69887278582931,1.8317230273752012,0.41599570585077833,4.51556629092861,12.93612453032743,0.24154589371980675,3.435319377348363,,
50,5.260332796564681,0.020128824476650563,71.05475040257649,1.8317230273752012,0.41599570585077833,4.51556629092861,13.365539452495975,0.24154589371980675,3.294417606011809,,
51,5.71658615136876,0.020128824476650563,69.79334406870639,1.8317230273752012,0.41599570585077833,4.2270531400966185,14.459205582393988,0.24154589371980675,3.294417606011809,,
52,5.360976918947934,0.020128824476650563,67.37788513150832,1.8183038110574343,0.41599570585077833,4.824208266237251,16.74718196457327,0.24154589371980675,3.193773483628556,,
53,5.555555555555555,0.020128824476650563,66.39828234031133,1.8183038110574343,0.41599570585077833,4.824208266237251,17.53220611916264,0.24154589371980675,3.193773483628556,,
54,5.246913580246914,0.020128824476650563,64.35856146001073,1.8183038110574343,1.0332796564680622,5.018786902844874,18.67283950617284,0.23483628556092323,3.5963499731615673,,
55,5.246913580246914,0.020128824476650563,62.38593666129898,2.0933977455716586,0.9594739667203436,5.018786902844874,20.44417606011809,0.23483628556092323,3.5963499731615673,,
56,5.60252281266774,0.020128824476650563,62.0504562533548,2.0933977455716586,0.9594739667203436,5.018786902844874,20.42404723564144,0.23483628556092323,3.5963499731615673,,
57,6.179549114331723,0.020128824476650563,61.71497584541063,2.0933977455716586,0.9594739667203436,5.018786902844874,20.182501341921633,0.23483628556092323,3.5963499731615673,,
58,6.575415995705851,0.020128824476650563,59.75577026301664,2.073268921095008,0.9594739667203436,6.139291465378422,19.77992485238862,0.23483628556092323,4.461889425657541,,
59,6.662640901771336,0.020128824476650563,58.03811057434246,2.073268921095008,0.9594739667203436,6.736446591519055,20.591787439613526,0.23483628556092323,4.683306494900698,,
60,6.964573268921095,0.020128824476650563,58.03811057434246,2.073268921095008,0.9594739667203436,6.736446591519055,20.28985507246377,0.23483628556092323,4.683306494900698,,
61,7.1725711218464845,0.020128824476650563,56.66935050993022,2.073268921095008,0.9594739667203436,6.736446591519055,21.531132581857218,0.23483628556092323,4.602791196994096,,
62,7.1725711218464845,0.020128824476650563,55.119431025228124,5.132850241545894,0.9594739667203436,6.736446591519055,19.639023081052066,0.6172839506172839,4.602791196994096,,
63,7.159151905528717,0.020128824476650563,53.71041331186259,5.132850241545894,0.9594739667203436,6.6760601180891035,21.390230810520666,0.3488996242619431,4.602791196994096,,
64,7.105475040257649,0.020128824476650563,53.42190016103059,4.8443370907139025,1.3955984970477724,7.206119162640902,21.07487922705314,0.3488996242619431,4.582662372517445,,
65,7.380568974771873,0.020128824476650563,53.173644659151904,4.8443370907139025,1.3955984970477724,7.206119162640902,21.07487922705314,0.3488996242619431,4.555823939881911,,
66,7.266505636070853,0.020128824476650563,51.570048309178745,4.8443370907139025,1.3955984970477724,7.722758990874933,21.83977455716586,0.3488996242619431,4.99194847020934,,
67,7.065217391304348,0.020128824476650563,50.516639828234034,7.434245840042942,1.3955984970477724,7.722758990874933,21.336553945249598,0.28180354267310787,4.2270531400966185,,
68,7.407407407407407,0.020128824476650563,49.13446054750403,7.434245840042942,1.8786902844873858,7.14573268921095,21.994095544820183,0.28180354267310787,4.703435319377348,,
69,7.0383789586688135,0.020128824476650563,47.5979602791197,7.434245840042942,2.8113258185721954,8.373590982286634,21.202361782071925,0.28180354267310787,5.24020397208803,,
70,7.239667203435319,0.020128824476650563,47.134997316156735,7.434245840042942,2.8113258185721954,8.373590982286634,21.464036500268385,0.28180354267310787,5.24020397208803,,
71,7.601986044015029,0.020128824476650563,46.77938808373591,7.434245840042942,2.8113258185721954,8.36688137412775,21.464036500268385,0.28180354267310787,5.24020397208803,,
72,7.85024154589372,0.020128824476650563,45.967525496511,7.4141170155662905,2.8113258185721954,8.648684916800859,21.994095544820183,0.07380568974771873,5.22007514761138,,
73,8.3064949006978,0.020128824476650563,45.42404723564144,7.4141170155662905,2.8113258185721954,8.648684916800859,21.77938808373591,0.4025764895330113,5.193236714975845,,
74,8.68894256575416,0.020128824476650563,45.148953301127214,7.37385936661299,2.8113258185721954,8.648684916800859,22.041062801932366,0.4025764895330113,4.864465915190553,,
75,8.507783145464305,0.020128824476650563,44.6658615136876,7.37385936661299,2.8113258185721954,9.71551261406334,21.81964573268921,0.4025764895330113,4.683306494900698,,
76,8.715780998389693,0.020128824476650563,43.96806226516372,7.286634460547504,2.8113258185721954,9.561191626409018,22.550993022007514,0.4025764895330113,4.683306494900698,,
77,8.903650026838433,0.020128824476650563,43.27026301663983,7.286634460547504,3.69699409554482,9.561191626409018,22.403381642512077,0.4025764895330113,4.455179817498658,,
78,9.131776704240472,0.020128824476650563,43.08910359634997,7.286634460547504,3.69699409554482,9.554482018250134,22.363123993558776,0.4025764895330113,4.455179817498658,,
79,9.131776704240472,0.020128824476650563,43.08910359634997,7.286634460547504,3.69699409554482,9.554482018250134,22.363123993558776,0.4025764895330113,4.455179817498658,,
80,8.856682769726248,0.020128824476650563,40.82796564680623,7.286634460547504,3.69699409554482,12.318840579710145,22.228931830381107,0.4025764895330113,4.361245303274289,,
81,8.856682769726248,0.020128824476650563,40.82796564680623,7.286634460547504,3.69699409554482,12.318840579710145,22.228931830381107,0.4025764895330113,4.361245303274289,,
82,8.68894256575416,0.020128824476650563,40.68035426731079,7.286634460547504,3.69699409554482,12.895866881374127,21.967257112184647,0.4025764895330113,4.361245303274289,,
83,8.501073537305421,0.0067096081588835215,40.06977992485239,7.286634460547504,3.69699409554482,13.553408480944713,22.12157809983897,0.4025764895330113,4.361245303274289,,
84,8.682232957595277,0.0067096081588835215,39.94900697799248,7.065217391304348,4.676596886741814,13.976113794954374,21.464036500268385,0.4025764895330113,3.7775093934514223,,
85,8.964036500268385,0.0067096081588835215,39.01637144390767,7.065217391304348,4.622920021470746,14.40552871712292,21.772678475577028,0.4025764895330113,3.743961352657005,,
86,8.57487922705314,0.0067096081588835215,37.92270531400966,7.065217391304348,4.622920021470746,15.250939345142244,22.41009125067096,0.4025764895330113,3.743961352657005,,
87,8.085077831454644,0.0067096081588835215,37.7012882447665,6.347289318303811,6.347289318303811,14.922168545356952,22.6784755770263,0.4025764895330113,3.5091250670960816,,
88,8.340042941492216,0.0067096081588835215,36.61433172302738,6.347289318303811,6.528448738593666,14.76784755770263,23.483628556092324,0.4025764895330113,3.5091250670960816,,
89,8.641975308641975,0.0067096081588835215,35.91653247450349,6.266774020397209,6.890767579173376,15.136876006441224,23.275630703166936,0.4025764895330113,3.4621578099838968,,
90,8.541331186258722,0.0067096081588835215,34.66183574879227,6.266774020397209,6.890767579173376,15.170424047235642,24.59742351046699,0.4025764895330113,3.4621578099838968,,
91,9.158615136876007,0.0067096081588835215,34.18545356951154,5.783682232957595,6.769994632313473,15.11003757380569,24.4699409554482,0.4025764895330113,4.1129898013955986,,
92,9.594739667203436,,33.823134728931834,5.528717122920021,7.877079978529254,15.029522275899087,23.91304347826087,0.4025764895330113,3.8311862587224907,,
93,9.896672034353195,,33.923778851315085,5.508588298443371,7.87037037037037,15.096618357487923,23.906333870101985,0.4025764895330113,3.3950617283950617,,
94,9.997316156736447,,32.88378958668814,6.642512077294686,7.501341921631776,14.452495974235104,25.11406333870102,0.4025764895330113,3.0059044551798175,,
95,9.044551798174986,,30.52871712292002,6.213097155126141,7.501341921631776,14.284755770263017,25.637412775093935,0.3824476650563607,6.407675791733762,,
96,8.863392377885132,,30.401234567901234,6.213097155126141,7.501341921631776,13.821792807300053,26.40901771336554,0.3824476650563607,6.407675791733762,,
97,8.863392377885132,,29.582662372517444,6.213097155126141,7.39398819108964,13.821792807300053,26.764626945786365,0.3824476650563607,6.977992485238862,,
98,9.044551798174986,,29.28743961352657,6.213097155126141,7.39398819108964,13.365539452495975,27.334943639291467,0.3824476650563607,6.977992485238862,,
99,9.594739667203436,,28.73725174449812,5.991680085882985,7.25979602791197,13.325281803542673,27.730810520665592,0.3824476650563607,6.977992485238862,,
100,9.634997316156737,,28.31454643048846,5.9447128287707995,6.749865807836822,13.251476113794954,28.817767042404725,0.3824476650563607,6.904186795491143,,
101,9.876543209876543,,28.710413311862588,5.60252281266774,6.6827697262479875,13.157541599570585,28.817767042404725,0.3824476650563607,6.769994632313473,,
102,9.957058507783145,,28.28099838969404,5.60252281266774,6.6827697262479875,13.144122383252817,29.180085882984432,0.3824476650563607,6.769994632313473,,
103,9.876543209876543,,28.267579173376276,5.60252281266774,6.6827697262479875,13.070316693505099,29.347826086956523,0.3824476650563607,6.769994632313473,,
104,10.319377348362856,,28.166935050993022,5.60252281266774,7.098765432098766,13.070316693505099,28.951959205582394,0.3824476650563607,6.407675791733762,,
105,10.258990874932904,,27.214170692431562,5.501878690284487,7.071926999463232,13.982823403113258,29.240472356414386,0.3824476650563607,6.347289318303811,,
106,10.23215244229737,,26.972624798711756,5.501878690284487,7.0450885668276975,13.982823403113258,29.53569511540526,0.3824476650563607,6.347289318303811,,
107,10.46027911969941,,26.94578636607622,5.367686527106817,6.078904991948471,14.304884594739667,29.55582393988191,0.3824476650563607,6.904186795491143,,
108,11.044015029522276,,26.623725174449813,5.307300053676865,6.078904991948471,14.533011272141707,29.126409017713364,0.3824476650563607,6.904186795491143,,
109,11.3191089640365,,26.27482555018787,5.307300053676865,5.589103596349974,15.593129361245303,28.629898013955984,0.3824476650563607,6.904186795491143,,
110,11.3191089640365,,25.939345142243692,5.307300053676865,5.589103596349974,15.519323671497585,28.629898013955984,0.3824476650563607,7.313472893183038,,
111,11.20504562533548,,25.72463768115942,5.307300053676865,5.589103596349974,15.519323671497585,28.958668813741276,0.3824476650563607,7.313472893183038,,
112,11.325818572195384,,25.127482555018787,5.307300053676865,5.58239398819109,15.13016639828234,29.240472356414386,0.4294149221685454,7.689210950080516,,0.16774020397208803
113,12.211486849168008,,24.590713902308106,5.213365539452496,5.548845947396672,14.915458937198068,29.2337627482555,0.4294149221685454,7.689210950080516,,0.16774020397208803
114,12.406065485775631,,23.758722490606548,5.213365539452496,5.548845947396672,14.821524422973699,30.05233494363929,0.3421900161030596,7.689210950080516,,0.16774020397208803
115,12.104133118625873,,23.45679012345679,5.213365539452496,6.031937734836285,15.573000536768653,29.435050993022006,0.3421900161030596,7.675791733762749,,0.16774020397208803
116,12.567096081588835,,23.349436392914654,5.179817498658078,6.031937734836285,15.526033279656469,29.435050993022006,0.3421900161030596,7.4006977992485234,,0.16774020397208803
117,12.86231884057971,,22.953569511540525,5.179817498658078,6.031937734836285,15.432098765432098,29.62962962962963,0.3421900161030596,7.4006977992485234,,0.16774020397208803
118,12.86231884057971,,22.953569511540525,5.179817498658078,6.031937734836285,15.432098765432098,29.62962962962963,0.3421900161030596,7.4006977992485234,,0.16774020397208803
119,13.258185721953838,,22.644927536231883,5.139559849704777,5.71658615136876,16.552603327965645,28.804347826086957,0.3153515834675255,7.4006977992485234,,0.16774020397208803
120,13.01663982823403,,21.62506709608159,7.320182501341922,5.649490069779925,16.67337627482555,27.294685990338163,0.32877079978529256,7.924047235641439,,0.16774020397208803
121,13.291733762748256,,21.18894256575416,7.320182501341922,5.5689747718733225,16.6129898013956,27.63016639828234,0.2952227589908749,7.924047235641439,,0.16774020397208803
122,13.902308105206655,,20.96081588835212,7.2933440687063875,5.938003220611916,16.27750939345142,27.254428341384862,0.5300590445517982,7.675791733762749,,0.16774020397208803
123,13.439345142243694,,20.061728395061728,7.2933440687063875,5.924584004294149,17.746913580246915,27.026301663982824,0.6642512077294686,7.675791733762749,,0.16774020397208803
124,13.439345142243694,,20.061728395061728,7.2933440687063875,5.924584004294149,17.746913580246915,27.026301663982824,0.6642512077294686,7.675791733762749,,0.16774020397208803
125,13.754696725711218,,19.847020933977454,7.199409554482019,5.924584004294149,18.136070853462158,26.630434782608695,0.6642512077294686,7.675791733762749,,0.16774020397208803
126,13.754696725711218,,19.64573268921095,6.696188942565755,5.924584004294149,19.135802469135804,26.33521202361782,0.6642512077294686,7.675791733762749,,0.16774020397208803
127,13.828502415458937,,19.07541599570585,6.696188942565755,5.924584004294149,19.061996779388085,27.100107353730543,0.6642512077294686,7.481213097155126,,0.16774020397208803
128,14.358561460010735,,19.07541599570585,6.696188942565755,5.924584004294149,18.95464304884595,26.67740203972088,0.6642512077294686,7.481213097155126,,0.16774020397208803
129,14.51959205582394,,18.927804616210413,6.696188942565755,5.924584004294149,18.947933440687063,26.52308105206656,0.8118625872249061,7.481213097155126,,0.16774020397208803
130,14.204240472356414,,18.38432635534085,9.31964573268921,5.4616210413311865,18.33064949006978,25.865539452495973,0.8118625872249061,7.454374664519592,,0.16774020397208803
131,13.654052603327965,,17.820719269994633,9.286097691894794,6.481481481481482,20.02818035426731,24.295491143317232,0.8118625872249061,7.454374664519592,,0.16774020397208803
132,13.694310252281268,,17.820719269994633,9.037842190016104,7.253086419753086,19.410896403650028,24.22168545356951,0.9393451422436929,7.454374664519592,,0.16774020397208803
133,13.506441223832528,,16.97530864197531,9.037842190016104,6.89747718733226,20.397208803005906,24.4296833064949,0.9393451422436929,7.648953301127214,,0.16774020397208803
134,13.647342995169081,,16.841116478797638,9.01100375738057,6.756575415995706,20.69243156199678,24.295491143317232,0.9393451422436929,7.648953301127214,,0.16774020397208803
135,13.935856146001074,,16.51905528717123,8.903650026838433,7.018250134192163,20.94068706387547,23.926462694578635,0.9393451422436929,7.648953301127214,,0.16774020397208803
136,13.935856146001074,,16.51905528717123,8.903650026838433,7.018250134192163,20.94068706387547,23.926462694578635,0.9393451422436929,7.648953301127214,,0.16774020397208803
137,14.264626945786366,,16.27079978529254,8.158883521202362,7.7831454643048845,21.504294149221685,23.537305421363392,0.8252818035426731,7.48792270531401,,0.16774020397208803
138,14.076757917337627,,16.203703703703702,7.98443370907139,7.7361782071927,22.34970477724101,22.86634460547504,0.7917337627482555,7.823403113258186,,0.16774020397208803
139,14.13714439076758,,16.170155662909288,7.98443370907139,7.648953301127214,22.785829307568438,22.490606548577563,0.7917337627482555,7.823403113258186,,0.16774020397208803
140,14.13714439076758,,16.170155662909288,7.98443370907139,7.648953301127214,22.785829307568438,22.490606548577563,0.7917337627482555,7.823403113258186,,0.16774020397208803
141,13.654052603327965,,15.895061728395062,7.977724100912507,7.340311325818572,23.859366612989803,22.490606548577563,0.7917337627482555,7.823403113258186,,0.16774020397208803
142,13.231347289318304,,15.72061191626409,7.62211486849168,8.32662372517445,23.32259796027912,22.993827160493826,0.7917337627482555,7.823403113258186,,0.16774020397208803
143,13.600375738056897,,15.5126140633387,7.5348899624261945,8.205850778314547,23.53059581320451,22.832796564680624,0.7917337627482555,7.823403113258186,,0.16774020397208803
144,13.600375738056897,,15.28448738593666,6.957863660762212,9.125067096081589,23.53059581320451,22.913311862587225,0.7917337627482555,7.628824476650563,,0.16774020397208803
145,13.600375738056897,,15.28448738593666,6.957863660762212,9.125067096081589,23.53059581320451,22.913311862587225,0.7917337627482555,7.628824476650563,,0.16774020397208803
146,13.352120236178207,,15.063070316693505,7.159151905528717,9.185453569511541,23.866076221148685,22.933440687063875,0.7783145464304885,7.494632313472893,,0.16774020397208803
147,13.372249060654857,,14.97584541062802,7.159151905528717,9.185453569511541,23.58427267847558,23.30246913580247,0.7581857219538379,7.494632313472893,,0.16774020397208803
148,13.560118089103597,,14.821524422973699,7.159151905528717,9.185453569511541,23.235373054213635,23.617820719269993,0.7581857219538379,7.494632313472893,,0.16774020397208803
149,13.493022007514762,,14.821524422973699,6.957863660762212,9.728931830381105,23.10789049919485,23.470209339774556,0.7581857219538379,7.494632313472893,,0.16774020397208803
150,13.493022007514762,,14.821524422973699,6.957863660762212,9.728931830381105,23.10789049919485,23.470209339774556,0.7581857219538379,7.494632313472893,,0.16774020397208803
151,13.734567901234568,,14.687332259796028,6.957863660762212,9.728931830381105,23.101180891035963,23.235373054213635,0.8923778851315083,7.494632313472893,,0.16774020397208803
152,13.519860440150294,,14.036500268384327,6.957863660762212,10.373054213633925,22.61808910359635,24.06736446591519,0.8923778851315083,7.367149758454106,,0.16774020397208803
153,13.258185721953838,,14.036500268384327,6.957863660762212,10.72866344605475,22.591250670960815,24.000268384326354,0.8923778851315083,7.367149758454106,,0.16774020397208803
154,12.855609232420827,,14.036500268384327,6.9310252281266775,10.72866344605475,23.362855609232422,23.67149758454106,0.8923778851315083,7.353730542136339,,0.16774020397208803
155,12.855609232420827,,13.915727321524423,6.763285024154589,10.963499731615673,23.362855609232422,23.72517444981213,0.8923778851315083,7.353730542136339,,0.16774020397208803
156,12.983091787439614,,13.66076221148685,6.649221685453569,10.815888352120236,23.362855609232422,23.718464841653248,0.8923778851315083,7.749597423510467,,0.16774020397208803
157,12.983091787439614,,13.66076221148685,6.649221685453569,10.815888352120236,23.362855609232422,23.718464841653248,0.8923778851315083,7.749597423510467,,0.16774020397208803
158,13.439345142243694,,13.633923778851315,6.649221685453569,10.654857756307031,23.161567364465917,23.678207192699947,0.8923778851315083,7.722758990874933,,0.16774020397208803
159,13.714439076757918,,13.633923778851315,6.642512077294686,10.446859903381643,23.161567364465917,23.678207192699947,0.8923778851315083,7.6623725174449815,,0.16774020397208803
160,13.667471819645733,,13.305152979066023,6.400966183574879,11.513687600644122,23.658078368223297,23.336017176596886,0.8923778851315083,7.058507783145465,,0.16774020397208803
161,13.667471819645733,,13.305152979066023,6.400966183574879,11.896135265700483,23.389694041867955,23.26892109500805,0.8923778851315083,7.011540526033279,,0.16774020397208803
162,13.399087493290391,,13.177670424047236,6.400966183574879,12.546967257112184,23.13472893183038,23.26892109500805,0.8923778851315083,7.011540526033279,,0.16774020397208803
163,13.399087493290391,,13.177670424047236,6.400966183574879,12.546967257112184,23.13472893183038,23.26892109500805,0.8923778851315083,7.011540526033279,,0.16774020397208803
164,13.486312399355878,,12.93612453032743,6.400966183574879,12.546967257112184,23.752012882447666,22.859634997316157,0.8387010198604401,7.011540526033279,,0.16774020397208803
165,13.486312399355878,,12.93612453032743,6.005099302200751,12.983091787439614,23.718464841653248,22.852925389157274,0.8387010198604401,7.011540526033279,,0.16774020397208803
166,13.714439076757918,,12.915995705850777,6.005099302200751,12.983091787439614,23.718464841653248,22.644927536231883,0.8387010198604401,7.011540526033279,,0.16774020397208803
167,13.714439076757918,,12.788513150831992,5.790391841116479,13.39237788513151,23.718464841653248,22.584541062801932,0.8319914117015567,7.011540526033279,,0.16774020397208803
168,13.47289318303811,,12.124261943102523,5.763553408480945,13.962694578636608,23.416532474503487,21.423778851315085,0.8118625872249061,8.856682769726248,,0.16774020397208803
169,13.47289318303811,,12.124261943102523,5.763553408480945,13.962694578636608,23.416532474503487,21.423778851315085,0.8118625872249061,8.856682769726248,,0.16774020397208803
170,13.45276435856146,,12.077294685990339,5.58239398819109,14.345142243692969,23.255501878690286,21.450617283950617,0.8118625872249061,8.856682769726248,,0.16774020397208803
171,13.627214170692431,,11.90955448201825,5.58239398819109,14.190821256038648,23.443370907139023,21.410359634997317,0.8118625872249061,8.856682769726248,,0.16774020397208803
172,13.761406333870102,,11.513687600644122,5.58239398819109,14.761137949543746,23.26892109500805,21.276167471819647,0.8118625872249061,8.856682769726248,,0.16774020397208803
173,13.6406333870102,,11.43317230273752,5.58239398819109,14.74771873322598,21.91358024691358,21.26274825550188,0.6910896403650026,10.560923242082662,,0.16774020397208803
174,13.727858293075684,,11.292270531400966,5.58239398819109,14.74771873322598,21.712292002147073,21.517713365539453,0.6910896403650026,10.560923242082662,,0.16774020397208803
175,13.88888888888889,,11.453301127214171,5.394524959742351,14.640365002683843,21.70558239398819,21.517713365539453,0.6910896403650026,10.540794417606012,,0.16774020397208803
176,13.821792807300053,,11.325818572195384,5.394524959742351,14.640365002683843,22.497316156736446,21.35668276972625,0.6910896403650026,10.104669887278583,,0.16774020397208803
177,13.821792807300053,,11.325818572195384,5.394524959742351,14.640365002683843,22.497316156736446,21.35668276972625,0.6910896403650026,10.104669887278583,,0.16774020397208803
178,13.821792807300053,,11.325818572195384,5.394524959742351,14.640365002683843,22.497316156736446,21.35668276972625,0.6910896403650026,10.104669887278583,,0.16774020397208803
179,13.573537305421363,,11.144659151905529,5.394524959742351,14.640365002683843,23.577563070316693,20.954106280193237,0.6910896403650026,9.856414385399892,,0.16774020397208803
180,13.828502415458937,,11.144659151905529,5.246913580246914,14.640365002683843,24.12775093934514,20.8467525496511,0.6910896403650026,9.306226516371444,,0.16774020397208803
181,13.90901771336554,,11.104401502952227,5.246913580246914,14.31159420289855,24.496779388083738,20.7662372517445,0.6910896403650026,9.306226516371444,,0.16774020397208803
182,14.351851851851851,,11.09098228663446,5.246913580246914,15.150295222758992,23.805689747718734,20.7662372517445,0.6910896403650026,8.729200214707461,,0.16774020397208803
183,14.351851851851851,,11.09098228663446,5.246913580246914,15.150295222758992,23.805689747718734,20.7662372517445,0.6910896403650026,8.729200214707461,,0.16774020397208803
184,14.351851851851851,,11.09098228663446,5.246913580246914,15.150295222758992,23.805689747718734,20.7662372517445,0.6910896403650026,8.729200214707461,,0.16774020397208803
185,14.110305958132045,,11.842458400429415,5.246913580246914,15.083199141170155,23.79898013955985,20.7662372517445,0.6910896403650026,8.293075684380032,,0.16774020397208803
186,14.110305958132045,,11.842458400429415,5.246913580246914,15.083199141170155,23.79898013955985,20.7662372517445,0.6910896403650026,8.293075684380032,,0.16774020397208803
187,14.110305958132045,,11.842458400429415,5.246913580246914,15.083199141170155,23.79898013955985,20.7662372517445,0.6910896403650026,8.293075684380032,,0.16774020397208803
188,14.110305958132045,,11.305689747718732,6.018518518518518,15.083199141170155,23.79898013955985,20.658883521202362,0.6910896403650026,8.165593129361245,,0.16774020397208803
189,14.49946323134729,,11.064143853998926,6.018518518518518,15.03623188405797,23.859366612989803,20.497852925389157,0.6910896403650026,8.165593129361245,,0.16774020397208803
190,14.49946323134729,,10.95679012345679,6.018518518518518,15.03623188405797,24.02710681696189,20.44417606011809,0.6843800322061192,8.165593129361245,,0.16774020397208803
191,14.264626945786366,,10.916532474503489,6.353998926462695,14.579978529253891,24.912775093934513,19.95437466451959,0.6843800322061192,8.165593129361245,,0.16774020397208803
192,13.915727321524423,,10.768921095008052,6.353998926462695,14.546430488459475,25.563607085346217,19.83360171765969,0.6843800322061192,8.165593129361245,,0.16774020397208803
193,14.190821256038648,,10.768921095008052,5.991680085882985,15.009393451422437,25.36231884057971,19.83360171765969,0.6843800322061192,7.991143317230274,,0.16774020397208803
194,14.190821256038648,,10.68840579710145,5.991680085882985,15.009393451422437,25.36231884057971,19.91411701556629,0.6843800322061192,7.991143317230274,,0.16774020397208803
195,14.190821256038648,,10.68840579710145,5.991680085882985,15.009393451422437,25.36231884057971,19.91411701556629,0.6843800322061192,7.991143317230274,,0.16774020397208803
196,14.31159420289855,,10.68840579710145,5.763553408480945,15.707192699946322,24.778582930756844,19.90740740740741,0.6843800322061192,7.991143317230274,,0.16774020397208803
197,14.31159420289855,,10.68840579710145,5.689747718733226,15.868223295759528,24.711486849168008,19.887278582930758,0.6843800322061192,7.991143317230274,,0.16774020397208803
198,14.110305958132045,,10.68840579710145,5.46833064949007,16.67337627482555,24.4296833064949,19.786634460547504,0.6843800322061192,7.991143317230274,,0.16774020397208803
199,14.110305958132045,,10.68840579710145,5.46833064949007,16.67337627482555,24.4296833064949,19.786634460547504,0.6843800322061192,7.991143317230274,,0.16774020397208803
200,14.083467525496511,,10.628019323671497,5.46833064949007,16.67337627482555,24.40955448201825,19.89398819108964,0.6843800322061192,7.991143317230274,,0.16774020397208803
201,14.083467525496511,,10.628019323671497,5.46833064949007,16.67337627482555,24.40955448201825,19.89398819108964,0.6843800322061192,7.991143317230274,,0.16774020397208803
202,13.47289318303811,,10.413311862587225,5.46833064949007,16.67337627482555,24.818840579710145,20.30998389694042,0.6843800322061192,7.991143317230274,,0.16774020397208803
203,13.47289318303811,,10.299248523886206,5.46833064949007,17.183306494900698,24.590713902308106,20.30998389694042,0.6843800322061192,7.96430488459474,,0.026838432635534086
204,13.620504562533547,,10.299248523886206,5.320719269994632,17.183306494900698,24.590713902308106,20.30998389694042,0.6843800322061192,7.96430488459474,,0.026838432635534086
205,13.962694578636608,,10.299248523886206,5.038915727321524,16.820987654320987,24.55716586151369,20.263016639828233,0.6843800322061192,8.3467525496511,,0.026838432635534086
206,13.774825550187868,,10.151637144390767,5.038915727321524,16.7337627482555,25.281803542673106,19.961084272678477,0.6843800322061192,8.3467525496511,,0.026838432635534086
207,13.774825550187868,,9.796027911969942,5.8172302737520125,16.646537842190018,25.140901771336555,19.766505636070853,0.6843800322061192,8.3467525496511,,0.026838432635534086
208,14.224369296833064,,9.742351046698873,5.8172302737520125,16.646537842190018,24.570585077831456,19.940955448201827,0.6843800322061192,8.3467525496511,,0.026838432635534086
209,14.224369296833064,,9.742351046698873,5.8172302737520125,16.646537842190018,24.570585077831456,19.940955448201827,0.6843800322061192,8.3467525496511,,0.026838432635534086
210,14.224369296833064,,9.742351046698873,5.8172302737520125,16.646537842190018,24.570585077831456,19.940955448201827,0.6843800322061192,8.3467525496511,,0.026838432635534086
211,14.224369296833064,,9.742351046698873,5.8172302737520125,16.646537842190018,24.56387546967257,19.94766505636071,0.6843800322061192,8.3467525496511,,0.026838432635534086
212,13.935856146001074,,9.655126140633387,5.8172302737520125,16.57944176060118,24.9194847020934,20.088566827697264,0.6843800322061192,8.293075684380032,,0.026838432635534086
213,14.150563607085346,,9.64170692431562,5.8172302737520125,16.841116478797638,24.852388620504563,19.692699946323135,0.6843800322061192,8.293075684380032,,0.026838432635534086
214,14.2914653784219,,9.554482018250134,6.206387546967257,16.71363392377885,25.43612453032743,18.988191089640367,0.6843800322061192,8.09849704777241,,0.026838432635534086
215,14.056629092860977,,8.957326892109501,6.206387546967257,17.53220611916264,25.248255501878692,19.53166935050993,0.6843800322061192,7.763016639828234,,0.020128824476650563
216,14.056629092860977,,8.957326892109501,6.206387546967257,17.53220611916264,25.248255501878692,19.53166935050993,0.6843800322061192,7.763016639828234,,0.020128824476650563
217,14.170692431561998,,8.957326892109501,6.152710681696189,17.53220611916264,25.221417069243156,19.51154052603328,0.6843800322061192,7.749597423510467,,0.020128824476650563
218,14.170692431561998,,8.957326892109501,6.152710681696189,17.53220611916264,25.221417069243156,19.51154052603328,0.6843800322061192,7.749597423510467,,0.020128824476650563
219,14.170692431561998,,8.957326892109501,6.152710681696189,17.53220611916264,25.221417069243156,19.51154052603328,0.6843800322061192,7.749597423510467,,0.020128824476650563
220,14.123725174449811,,8.876811594202898,6.152710681696189,17.807300053676865,25.684380032206118,19.008319914117017,0.6843800322061192,7.64224369296833,,0.020128824476650563
221,14.076757917337627,,8.876811594202898,6.152710681696189,17.807300053676865,25.731347289318304,19.008319914117017,0.6843800322061192,7.64224369296833,,0.020128824476650563
222,13.935856146001074,,8.82313472893183,6.152710681696189,18.276972624798713,25.63070316693505,18.96135265700483,0.6843800322061192,7.514761137949543,,0.020128824476650563
223,13.935856146001074,,8.82313472893183,6.152710681696189,18.276972624798713,25.63070316693505,18.96135265700483,0.6843800322061192,7.514761137949543,,0.020128824476650563
224,13.88888888888889,,8.628556092324208,6.763285024154589,18.156199677938808,25.738056897477186,18.874127750939344,0.6843800322061192,7.246376811594203,,0.020128824476650563
225,13.88888888888889,,8.628556092324208,6.763285024154589,18.156199677938808,25.738056897477186,18.874127750939344,0.6843800322061192,7.246376811594203,,0.020128824476650563
226,13.88888888888889,,8.628556092324208,6.763285024154589,18.156199677938808,25.738056897477186,18.874127750939344,0.6843800322061192,7.246376811594203,,0.020128824476650563
227,14.170692431561998,,8.628556092324208,6.763285024154589,18.156199677938808,25.45625335480408,18.874127750939344,0.6843800322061192,7.246376811594203,,0.020128824476650563
228,14.345142243692969,,8.628556092324208,6.461352657004831,18.49838969404187,25.44283413848631,18.67283950617284,0.6843800322061192,7.246376811594203,,0.020128824476650563
229,14.533011272141707,,8.628556092324208,6.461352657004831,18.45813204508857,25.295222758990874,18.67283950617284,0.6843800322061192,7.246376811594203,,0.020128824476650563
230,14.533011272141707,,8.628556092324208,6.461352657004831,18.45813204508857,25.295222758990874,18.67283950617284,0.6843800322061192,7.246376811594203,,0.020128824476650563
231,14.40552871712292,,8.61513687600644,6.461352657004831,18.35077831454643,25.63070316693505,18.585614600107355,0.6843800322061192,7.246376811594203,,0.020128824476650563
