,40,45,50,55,54,51,52,53,41,56,49
0,0.15432098765432098,67.90794417606011,31.93773483628556,,,,,,,,
1,0.32877079978529256,65.64680622651638,34.024422973698336,,,,,,,,
2,1.0735373054213635,65.43880837359099,33.48765432098765,,,,,,,,
3,0.8387010198604401,64.14385399892646,34.39345142243693,0.6239935587761675,,,,,,,
4,0.6843800322061192,35.648148148148145,62.9495437466452,0.6239935587761675,0.0939345142243693,,,,,,
5,0.6843800322061192,35.08454106280193,62.848899624261946,1.288244766505636,0.0939345142243693,,,,,,
6,0.5837359098228664,28.213902308105208,69.82018250134192,1.288244766505636,0.0939345142243693,,,,,,
7,0.5837359098228664,28.213902308105208,67.47852925389158,3.629898013955985,0.0939345142243693,,,,,,
8,0.6843800322061192,28.173644659151904,64.88862050456254,6.159420289855072,0.0939345142243693,,,,,,
9,0.4830917874396135,27.965646806226516,60.70182501341922,6.763285024154589,0.0939345142243693,0.18115942028985507,3.4621578099838968,0.3488996242619431,,,
10,0.4830917874396135,26.986044015029524,54.08615136876006,5.609232420826624,,9.024422973698336,3.4621578099838968,0.3488996242619431,,,
11,0.8118625872249061,26.82501341921632,53.918411164787976,5.609232420826624,,8.816425120772946,3.4621578099838968,0.3488996242619431,0.20799785292538917,,
12,1.2077294685990339,25.5300590445518,54.770531400966185,5.609232420826624,1.133923778851315,7.595276435856146,3.4621578099838968,0.3488996242619431,0.3421900161030596,,
13,1.2077294685990339,24.812130971551262,54.43505099302201,6.662640901771336,1.133923778851315,7.595276435856146,3.4621578099838968,0.3488996242619431,0.3421900161030596,,
14,1.6572732152442298,22.84621578099839,56.09903381642512,6.515029522275899,1.133923778851315,7.595276435856146,3.4621578099838968,0.3488996242619431,0.3421900161030596,,
15,1.6572732152442298,22.84621578099839,56.09903381642512,6.515029522275899,1.133923778851315,7.595276435856146,3.4621578099838968,0.3488996242619431,0.3421900161030596,,
16,1.6572732152442298,22.84621578099839,55.77026301663983,6.253354804079442,1.724369296833065,7.595276435856146,3.4621578099838968,0.3488996242619431,0.3421900161030596,,
17,1.6572732152442298,22.544283413848632,55.85748792270532,6.253354804079442,1.724369296833065,6.9243156199677935,3.4621578099838968,1.2345679012345678,0.3421900161030596,,
18,1.6572732152442298,22.544283413848632,54.106280193236714,8.004562533548041,1.724369296833065,6.9243156199677935,3.4621578099838968,1.2345679012345678,0.3421900161030596,,
19,1.6774020397208802,22.544283413848632,51.81830381105743,8.722490606548577,4.253891572732153,6.333870101986044,3.4621578099838968,0.8454106280193237,0.3421900161030596,,
20,1.6774020397208802,22.544283413848632,51.81830381105743,8.722490606548577,4.253891572732153,6.333870101986044,3.4621578099838968,0.8454106280193237,0.3421900161030596,,
21,1.8250134192163177,22.416800858829845,50.878958668813745,9.25925925925926,4.253891572732153,6.333870101986044,3.4621578099838968,1.2278582930756843,0.3421900161030596,,
22,2.1806226516371443,21.162104133118625,51.77804616210413,9.25925925925926,4.253891572732153,6.333870101986044,3.4621578099838968,1.2278582930756843,0.3421900161030596,,
23,1.3553408480944713,13.580246913580247,63.33199141170156,7.011540526033279,3.603059581320451,6.468062265163715,3.4621578099838968,0.8454106280193237,0.3421900161030596,,
24,1.6371443907675791,13.378958668813741,60.581052066559316,9.212292002147075,3.603059581320451,6.468062265163715,3.9318303811057436,0.8454106280193237,0.3421900161030596,,
25,1.583467525496511,13.331991411701557,51.10708534621578,7.185990338164252,2.9119699409554483,18.853998926462694,4.17337627482555,0.5099302200751477,0.3421900161030596,,
26,1.9726247987117553,13.331991411701557,50.63070316693505,7.39398819108964,2.9119699409554483,18.853998926462694,4.052603327965647,0.5099302200751477,0.3421900161030596,,
27,1.9726247987117553,13.030059044551798,50.26838432635534,8.05823939881911,2.9119699409554483,18.853998926462694,4.052603327965647,0.5099302200751477,0.3421900161030596,,
28,2.522812667740204,12.76838432635534,52.29468599033817,7.803274288781535,2.341653247450349,15.479066022544284,5.911164787976382,0.38915727321524424,0.48980139559849706,,
29,2.7442297369833604,12.76838432635534,52.160493827160494,7.716049382716049,2.341653247450349,15.479066022544284,5.911164787976382,0.38915727321524424,0.48980139559849706,,
30,3.4822866344605474,12.634192163177671,50.999731615673646,8.514492753623188,2.341653247450349,15.324745034889963,5.8239398819108965,0.38915727321524424,0.48980139559849706,,
31,3.7037037037037037,12.486580783682234,50.40257648953301,9.131776704240472,2.341653247450349,15.324745034889963,5.8239398819108965,0.2952227589908749,0.48980139559849706,,
32,3.7104133118625873,12.486580783682234,49.993290391841114,8.715780998389693,2.0531400966183573,15.157004830917874,5.8239398819108965,1.570048309178744,0.48980139559849706,,
33,3.5091250670960816,11.849168008588299,51.13392377885131,8.715780998389693,2.01959205582394,14.895330112721417,5.629361245303274,1.570048309178744,0.6776704240472357,,
34,3.851315083199141,11.58749329039184,51.05340848094471,8.715780998389693,2.01959205582394,14.720880300590446,5.253623188405797,1.9457863660762211,0.8521202361782072,,
35,3.851315083199141,11.29898013955985,49.83225979602791,8.943907675791733,2.589908749329039,14.707461084272678,5.253623188405797,2.6704240472356413,0.8521202361782072,,
36,3.851315083199141,11.29898013955985,49.83225979602791,9.29951690821256,2.589908749329039,14.479334406870638,5.253623188405797,2.6704240472356413,0.7246376811594203,,
37,3.616478797638218,10.923242082662373,50.36231884057971,9.702093397745571,2.589908749329039,13.345410628019323,5.253623188405797,3.4822866344605474,0.7246376811594203,,
38,3.616478797638218,10.923242082662373,49.57729468599034,10.38647342995169,3.0864197530864197,13.211218464841654,5.0858829844337095,3.388352120236178,0.7246376811594203,,
39,3.361513687600644,10.829307568438002,48.8996242619431,9.681964573268921,4.03918411164788,14.36527106816962,5.0858829844337095,3.052871712292002,0.6843800322061192,,
40,3.629898013955985,9.581320450885668,49.53703703703704,10.178475577026301,4.03918411164788,14.36527106816962,4.931561996779388,3.052871712292002,0.6843800322061192,,
41,3.8378958668813743,9.520933977455716,48.57756307031669,10.990338164251208,3.911701556629093,13.539989264626946,5.884326355340848,3.052871712292002,0.6843800322061192,,
42,3.9049919484702094,9.520933977455716,48.510466988727856,10.990338164251208,3.911701556629093,13.539989264626946,5.709876543209877,3.052871712292002,0.8588298443370908,,
43,4.180085882984434,9.520933977455716,47.89989264626946,11.66129898013956,3.7573805689747717,13.533279656468062,5.595813204508857,3.052871712292002,0.798443370907139,,
44,4.072732152442297,9.380032206119163,47.839506172839506,11.969940955448202,3.7573805689747717,13.533279656468062,5.595813204508857,3.052871712292002,0.798443370907139,,
45,4.072732152442297,9.380032206119163,47.839506172839506,11.969940955448202,3.7573805689747717,13.533279656468062,5.595813204508857,3.052871712292002,0.798443370907139,,
46,4.562533548040794,9.380032206119163,47.65163714439077,11.668008588298443,3.7573805689747717,13.533279656468062,5.595813204508857,3.052871712292002,0.798443370907139,,
47,4.562533548040794,9.380032206119163,47.58454106280193,11.66129898013956,3.7573805689747717,13.533279656468062,5.595813204508857,3.052871712292002,0.8722490606548577,,
48,4.864465915190553,9.380032206119163,47.28260869565217,11.66129898013956,3.7573805689747717,13.533279656468062,5.595813204508857,3.052871712292002,0.8722490606548577,,
49,4.810789049919484,9.380032206119163,46.47074610842727,11.56736446591519,4.663177670424047,14.345142243692969,5.01207729468599,3.052871712292002,0.6977992485238862,,
50,5.045625335480408,9.232420826623725,46.03462157809984,11.513687600644122,6.112453032742888,13.761406333870102,4.549114331723027,3.052871712292002,0.6977992485238862,,
51,4.9718196457326895,9.232420826623725,44.87385936661299,12.661030595813205,6.112453032742888,13.593666129898015,4.549114331723027,3.052871712292002,0.95276435856146,,
52,4.931561996779388,9.104938271604938,46.81964573268921,12.661030595813205,5.58239398819109,12.4597423510467,4.549114331723027,3.052871712292002,0.8387010198604401,,
53,5.300590445517981,8.950617283950617,46.60493827160494,12.661030595813205,5.5689747718733225,12.439613526570048,4.549114331723027,2.932098765432099,0.9930220075147611,,
54,5.4549114331723025,8.21256038647343,45.6857219538379,12.117552334943639,7.065217391304348,12.432903918411165,5.10601180891036,2.932098765432099,0.9930220075147611,,
55,5.689747718733226,8.185721953837897,45.4777241009125,12.117552334943639,7.065217391304348,12.432903918411165,5.10601180891036,2.932098765432099,0.9930220075147611,,
56,4.85775630703167,5.488459473966721,52.30810520665593,11.258722490606548,5.179817498658078,12.432903918411165,4.783950617283951,2.6972624798711755,0.9930220075147611,,
57,4.85775630703167,5.488459473966721,52.30810520665593,11.258722490606548,5.179817498658078,12.432903918411165,4.783950617283951,2.6972624798711755,0.9930220075147611,,
58,4.206924315619967,4.884594739667204,57.991143317230275,7.675791733762749,4.367954911433173,12.426194310252281,4.783950617283951,2.6972624798711755,0.966183574879227,,
59,4.206924315619967,4.884594739667204,57.991143317230275,7.675791733762749,4.367954911433173,12.426194310252281,4.783950617283951,2.6972624798711755,0.966183574879227,,
60,4.643048845947397,4.730273752012883,57.709339774557165,7.675791733762749,4.367954911433173,12.426194310252281,4.783950617283951,2.6972624798711755,0.966183574879227,,
61,4.777241009125067,4.730273752012883,56.87063875469673,8.252818035426731,4.233762748255502,11.83574879227053,5.35426731078905,2.6972624798711755,1.247987117552335,,
62,4.944981213097155,4.730273752012883,55.642780461621044,9.312936124530328,4.233762748255502,11.83574879227053,5.35426731078905,2.6972624798711755,1.247987117552335,,
63,4.944981213097155,4.092860976918948,55.44820182501342,9.312936124530328,4.233762748255502,12.667740203972087,5.35426731078905,2.6972624798711755,1.247987117552335,,
64,4.944981213097155,4.092860976918948,55.44820182501342,9.312936124530328,4.233762748255502,12.667740203972087,5.35426731078905,2.6972624798711755,1.247987117552335,,
65,4.770531400966184,3.9318303811057436,55.20665593129361,9.88996242619431,4.783950617283951,12.117552334943639,4.99194847020934,3.1602254428341383,1.1473429951690821,,
66,4.555823939881911,3.7909286097691894,55.984970477724104,9.88996242619431,4.783950617283951,11.694847020933977,4.99194847020934,3.1602254428341383,1.1473429951690821,,
67,4.555823939881911,3.7909286097691894,55.984970477724104,9.88996242619431,4.783950617283951,11.694847020933977,4.99194847020934,3.1602254428341383,1.1473429951690821,,
68,4.891304347826087,3.770799785292539,55.57568438003221,9.809447128287708,4.783950617283951,11.694847020933977,4.99194847020934,3.1602254428341383,1.3217928073000538,,
69,4.9718196457326895,3.750670960815888,55.099302200751474,10.225442834138486,4.783950617283951,11.694847020933977,4.99194847020934,3.1602254428341383,1.3217928073000538,,
70,4.730273752012883,3.750670960815888,54.629629629629626,10.93666129898014,4.783950617283951,11.694847020933977,4.99194847020934,3.1602254428341383,1.3217928073000538,,
71,4.730273752012883,3.750670960815888,54.629629629629626,10.93666129898014,4.783950617283951,11.694847020933977,4.99194847020934,3.1602254428341383,1.3217928073000538,,
72,4.730273752012883,3.750670960815888,54.629629629629626,10.93666129898014,4.783950617283951,10.829307568438002,5.958132045088567,3.079710144927536,1.3016639828234031,,
73,4.730273752012883,3.750670960815888,54.25389157273215,11.312399355877616,4.783950617283951,10.829307568438002,5.958132045088567,3.079710144927536,1.3016639828234031,,
74,5.152979066022544,3.750670960815888,53.898282340311326,11.285560923242082,4.783950617283951,10.829307568438002,5.917874396135265,3.079710144927536,1.3016639828234031,,
75,5.314009661835748,3.750670960815888,53.898282340311326,11.285560923242082,4.783950617283951,10.789049919484702,5.917874396135265,2.9589371980676327,1.3016639828234031,,
76,5.555555555555555,3.750670960815888,53.56280193236715,10.178475577026301,5.984970477724101,10.789049919484702,5.917874396135265,2.9589371980676327,1.3016639828234031,,
77,5.636070853462158,3.750670960815888,53.515834675254965,10.701825013419215,5.984970477724101,10.601180891035963,5.917874396135265,2.737520128824477,1.1540526033279657,,
78,5.589103596349974,3.750670960815888,53.187063875469676,11.077563070316694,5.984970477724101,10.601180891035963,5.917874396135265,2.737520128824477,1.1540526033279657,,
79,5.589103596349974,3.6902844873859366,49.000268384326354,11.808910359634996,5.984970477724101,14.11701556629093,5.917874396135265,2.737520128824477,1.1540526033279657,,
80,5.864197530864198,3.569511540526033,48.28234031132582,12.258454106280194,5.984970477724101,13.539989264626946,6.615673644659152,2.737520128824477,1.1473429951690821,,
81,6.320450885668277,3.569511540526033,47.987117552334944,12.124261943102523,5.904455179817498,13.47289318303811,6.239935587761675,3.2340311325818574,1.1473429951690821,,
82,6.320450885668277,3.569511540526033,47.987117552334944,12.124261943102523,5.904455179817498,13.47289318303811,6.239935587761675,3.2340311325818574,1.1473429951690821,,
83,6.320450885668277,3.569511540526033,47.63150831991412,12.47987117552335,5.904455179817498,13.47289318303811,6.239935587761675,3.2340311325818574,1.1473429951690821,,
84,6.139291465378422,3.569511540526033,47.24906065485776,13.238056897477188,5.797101449275362,13.150831991411701,6.239935587761675,3.2340311325818574,1.3821792807300053,,
85,6.092324208266238,3.569511540526033,46.63177670424047,13.647342995169081,5.5689747718733225,13.063607085346217,6.729736983360172,3.2340311325818574,1.4626945786366077,,
86,6.092324208266238,3.569511540526033,46.63177670424047,13.647342995169081,5.5689747718733225,13.063607085346217,6.729736983360172,3.2340311325818574,1.4626945786366077,,
87,6.092324208266238,3.569511540526033,46.63177670424047,13.647342995169081,5.5689747718733225,13.063607085346217,6.729736983360172,3.2340311325818574,1.4626945786366077,,
88,6.3070316693505095,3.569511540526033,46.32984433709071,13.94927536231884,5.5689747718733225,12.848899624261943,6.729736983360172,3.2340311325818574,1.4626945786366077,,
89,6.3070316693505095,3.569511540526033,45.91384863123994,14.36527106816962,5.5689747718733225,12.305421363392378,6.729736983360172,3.2206119162640903,1.4626945786366077,0.5568974771873323,
90,6.575415995705851,3.569511540526033,45.91384863123994,14.083467525496511,5.46833064949007,12.305421363392378,6.528448738593666,3.535963499731616,1.4626945786366077,0.5568974771873323,
91,6.823671497584541,3.569511540526033,45.75952764358561,14.083467525496511,5.46833064949007,12.305421363392378,6.4345142243692965,3.535963499731616,1.4626945786366077,0.5568974771873323,
92,6.823671497584541,3.569511540526033,45.249597423510465,14.593397745571659,5.46833064949007,12.305421363392378,6.4345142243692965,3.535963499731616,1.4626945786366077,0.5568974771873323,
93,6.501610305958132,3.569511540526033,47.14170692431562,14.593397745571659,5.387815351583468,11.976650563607086,5.8172302737520125,2.9924852388620504,1.4626945786366077,0.5568974771873323,
94,6.66935050993022,3.569511540526033,46.752549651100374,14.224369296833064,6.468062265163715,11.533816425120772,5.8172302737520125,2.8247450348899625,1.583467525496511,0.5568974771873323,
95,6.66935050993022,3.569511540526033,46.55126140633387,14.42565754159957,6.468062265163715,11.533816425120772,5.8172302737520125,2.8247450348899625,1.583467525496511,0.5568974771873323,
96,6.66935050993022,3.569511540526033,45.75281803542673,15.311325818572195,6.468062265163715,11.533816425120772,5.8172302737520125,2.8247450348899625,1.4962426194310252,0.5568974771873323,
97,6.454643048845948,3.569511540526033,45.05501878690284,16.223832528180353,6.468062265163715,10.701825013419215,5.8172302737520125,3.656736446591519,1.4962426194310252,0.5568974771873323,
98,6.454643048845948,3.569511540526033,45.05501878690284,16.223832528180353,6.468062265163715,10.701825013419215,5.8172302737520125,3.656736446591519,1.4962426194310252,0.5568974771873323,
99,6.588835212023618,3.569511540526033,43.39774557165862,17.733494363929147,6.488191089640365,10.695115405260333,5.8172302737520125,3.656736446591519,1.4962426194310252,0.5568974771873323,
100,6.400966183574879,3.0730005367686526,42.860976918947934,19.028448738593667,6.461352657004831,10.695115405260333,5.8172302737520125,3.6097691894793345,1.4962426194310252,0.5568974771873323,
101,6.535158346752549,3.0730005367686526,42.72678475577026,19.028448738593667,6.461352657004831,10.695115405260333,5.8172302737520125,3.6097691894793345,1.4962426194310252,0.5568974771873323,
102,6.763285024154589,3.0730005367686526,42.2638217928073,19.26328502415459,6.461352657004831,10.695115405260333,5.8172302737520125,3.6097691894793345,1.4962426194310252,0.5568974771873323,
103,6.763285024154589,3.0730005367686526,41.79414922168545,19.26328502415459,6.461352657004831,10.695115405260333,6.286902844873859,3.6097691894793345,1.4962426194310252,0.5568974771873323,
104,6.763285024154589,3.0730005367686526,41.398282340311326,19.26328502415459,6.461352657004831,10.695115405260333,6.5485775630703165,3.6097691894793345,1.6304347826086956,0.5568974771873323,
105,7.27992485238862,2.871712292002147,41.257380568974774,19.142512077294686,6.4412238325281805,10.661567364465915,6.5485775630703165,3.6097691894793345,1.6304347826086956,0.5568974771873323,
106,7.300053676865271,2.871712292002147,41.1231884057971,18.531937734836287,7.253086419753086,10.57434245840043,6.5485775630703165,3.6097691894793345,1.6304347826086956,0.5568974771873323,
107,7.300053676865271,2.871712292002147,41.1231884057971,18.531937734836287,7.253086419753086,10.57434245840043,6.5485775630703165,3.6097691894793345,1.6304347826086956,0.5568974771873323,
108,7.501341921631776,2.871712292002147,40.58641975308642,19.0552871712292,7.152442297369833,10.487117552334944,6.5485775630703165,3.6097691894793345,1.6304347826086956,0.5568974771873323,
109,7.501341921631776,2.871712292002147,40.58641975308642,19.0552871712292,7.152442297369833,10.487117552334944,6.5485775630703165,3.6097691894793345,1.6304347826086956,0.5568974771873323,
110,7.7831454643048845,2.831454643048846,40.4320987654321,18.719806763285025,7.548309178743962,10.487117552334944,6.400966183574879,3.6097691894793345,1.6304347826086956,0.5568974771873323,
111,7.7831454643048845,2.831454643048846,40.4320987654321,18.719806763285025,7.548309178743962,10.487117552334944,6.400966183574879,3.6097691894793345,1.6304347826086956,0.5568974771873323,
112,7.454374664519592,2.831454643048846,39.96913580246913,18.417874396135264,7.991143317230274,10.091250670960816,6.78341384863124,4.30756843800322,1.596886741814278,0.5568974771873323,
113,7.454374664519592,2.831454643048846,39.700751476113794,18.71309715512614,8.071658615136876,9.98389694041868,6.78341384863124,4.30756843800322,1.596886741814278,0.5568974771873323,
114,7.4141170155662905,2.831454643048846,39.439076757917334,19.0150295222759,8.071658615136876,9.98389694041868,6.78341384863124,4.30756843800322,1.596886741814278,0.5568974771873323,
115,7.4141170155662905,2.831454643048846,39.439076757917334,19.0150295222759,8.071658615136876,9.98389694041868,6.78341384863124,4.30756843800322,1.596886741814278,0.5568974771873323,
116,7.4141170155662905,2.6838432635534084,39.432367149758456,19.0150295222759,7.890499194847021,9.98389694041868,7.326892109500805,4.0995705850778315,1.596886741814278,0.5568974771873323,
117,7.300053676865271,2.6838432635534084,39.62023617820719,19.0150295222759,7.890499194847021,9.98389694041868,7.253086419753086,4.0995705850778315,1.596886741814278,0.5568974771873323,
118,7.300053676865271,2.5496511003757383,39.81481481481482,18.874127750939344,7.447665056360709,9.957058507783145,7.219538378958669,4.683306494900698,1.596886741814278,0.5568974771873323,
119,7.1658615136876005,2.5496511003757383,39.53301127214171,19.290123456790123,7.447665056360709,9.957058507783145,7.219538378958669,4.683306494900698,1.596886741814278,0.5568974771873323,
120,7.1658615136876005,2.5496511003757383,39.23778851315083,19.746376811594203,7.447665056360709,9.836285560923242,7.139023081052066,4.602791196994096,1.7176596886741815,0.5568974771873323,
121,7.2933440687063875,2.5496511003757383,39.110305958132045,19.746376811594203,7.152442297369833,9.836285560923242,6.749865807836822,5.287171229200215,1.7176596886741815,0.5568974771873323,
122,7.474503488996243,2.5496511003757383,39.110305958132045,19.732957595276435,7.152442297369833,9.668545356951155,6.749865807836822,5.287171229200215,1.7176596886741815,0.5568974771873323,
123,7.474503488996243,2.5496511003757383,39.110305958132045,19.732957595276435,7.152442297369833,9.668545356951155,6.749865807836822,5.287171229200215,1.7176596886741815,0.5568974771873323,
124,7.4006977992485234,2.5496511003757383,39.110305958132045,20.034889962426195,6.427804616210413,9.668545356951155,6.743156199677939,5.790391841116479,1.7176596886741815,0.5568974771873323,
125,7.675791733762749,2.5496511003757383,38.93585614600107,20.034889962426195,6.427804616210413,9.567901234567902,6.743156199677939,5.790391841116479,1.7176596886741815,0.5568974771873323,
126,7.997852925389157,2.5496511003757383,38.61379495437466,20.034889962426195,6.427804616210413,9.567901234567902,6.743156199677939,5.790391841116479,1.7176596886741815,0.5568974771873323,
127,7.977724100912507,2.5496511003757383,38.499731615673646,20.491143317230275,6.327160493827161,9.380032206119163,6.702898550724638,5.790391841116479,1.724369296833065,0.5568974771873323,
128,8.266237251744498,2.5496511003757383,37.68115942028985,20.86688137412775,6.327160493827161,9.339774557165862,6.488191089640365,6.011808910359635,1.9122383252818036,0.5568974771873323,
129,8.266237251744498,2.5496511003757383,36.272141706924316,20.7662372517445,6.327160493827161,9.339774557165862,8.340042941492216,6.011808910359635,1.570048309178744,0.5568974771873323,
130,8.071658615136876,2.5496511003757383,35.64143853998927,21.26274825550188,7.051798174986581,9.098228663446054,8.340042941492216,6.011808910359635,1.415727321524423,0.5568974771873323,
131,8.071658615136876,2.5496511003757383,35.35292538915727,20.8467525496511,7.004830917874396,8.829844337090714,9.306226516371444,5.844068706387547,1.6706924315619969,0.5233494363929146,
132,8.071658615136876,2.522812667740204,35.32608695652174,20.8467525496511,7.004830917874396,8.225979602791197,10.178475577026301,5.629361245303274,1.6706924315619969,0.5233494363929146,
133,7.856951154052603,2.522812667740204,35.30595813204509,20.74610842726785,7.427536231884058,8.091787439613526,10.178475577026301,5.5756843800322065,1.8250134192163177,0.46967257112184646,
134,7.856951154052603,2.522812667740204,35.30595813204509,20.74610842726785,7.427536231884058,8.091787439613526,10.178475577026301,5.5756843800322065,1.8250134192163177,0.46967257112184646,
135,7.648953301127214,2.4490069779924855,35.59447128287708,20.74610842726785,7.427536231884058,8.091787439613526,10.178475577026301,5.5689747718733225,1.8250134192163177,0.46967257112184646,
136,7.4141170155662905,2.4490069779924855,35.45356951154053,20.699141170155663,7.326892109500805,8.031400966183575,10.124798711755233,6.206387546967257,1.8250134192163177,0.46967257112184646,
137,7.6623725174449815,2.4490069779924855,34.796027911969944,20.699141170155663,7.326892109500805,8.440687063875469,10.124798711755233,6.206387546967257,1.8250134192163177,0.46967257112184646,
138,7.64224369296833,2.4490069779924855,33.9975845410628,20.994363929146537,7.971014492753623,8.319914117015566,10.124798711755233,6.206387546967257,1.8250134192163177,0.46967257112184646,
139,8.071658615136876,2.4490069779924855,33.742619431025226,20.974235104669887,7.971014492753623,8.225979602791197,10.124798711755233,6.146001073537305,1.8250134192163177,0.46967257112184646,
140,8.313204508856682,2.4490069779924855,33.66881374127751,20.78636607622115,7.555018786902845,7.816693505099302,10.124798711755233,6.991411701556629,1.8250134192163177,0.46967257112184646,
141,8.433977455716587,2.4490069779924855,33.313204508856685,20.611916264090176,7.709339774557166,7.125603864734299,11.406333870101985,6.655931293612453,1.8250134192163177,0.46967257112184646,
142,8.641975308641975,2.4490069779924855,33.313204508856685,20.585077831454644,7.709339774557166,7.118894256575416,11.231884057971014,6.655931293612453,1.8250134192163177,0.46967257112184646,
143,8.82313472893183,2.4490069779924855,33.313204508856685,20.417337627482556,7.695920558239399,7.118894256575416,11.231884057971014,6.655931293612453,1.8250134192163177,0.46967257112184646,
144,8.82313472893183,2.4490069779924855,33.17901234567901,20.551529790660226,7.695920558239399,7.118894256575416,11.231884057971014,6.655931293612453,1.8250134192163177,0.46967257112184646,
145,8.816425120772946,2.4490069779924855,32.380568974771876,20.578368223295758,7.27992485238862,9.339774557165862,9.943639291465379,6.655931293612453,2.086688137412775,0.46967257112184646,
146,8.816425120772946,2.4490069779924855,31.749865807836823,21.135265700483092,6.91760601180891,9.339774557165862,9.836285560923242,7.199409554482019,2.086688137412775,0.46967257112184646,
147,8.816425120772946,2.4490069779924855,31.588835212023618,20.638754696725712,7.763016639828234,9.339774557165862,9.742351046698873,7.105475040257649,2.086688137412775,0.46967257112184646,
148,8.816425120772946,2.4490069779924855,31.588835212023618,20.638754696725712,7.763016639828234,9.339774557165862,9.742351046698873,7.105475040257649,2.086688137412775,0.46967257112184646,
149,8.816425120772946,2.4490069779924855,31.414385399892645,20.92055823939882,7.6623725174449815,9.339774557165862,9.742351046698873,7.098765432098766,2.086688137412775,0.46967257112184646,
150,8.816425120772946,2.4490069779924855,31.260064412238325,21.07487922705314,7.6623725174449815,9.339774557165862,9.742351046698873,7.098765432098766,2.086688137412775,0.46967257112184646,
151,8.816425120772946,2.4490069779924855,31.260064412238325,21.07487922705314,7.6623725174449815,9.339774557165862,9.742351046698873,7.098765432098766,2.086688137412775,0.46967257112184646,
152,8.816425120772946,2.4490069779924855,31.260064412238325,21.07487922705314,7.6623725174449815,9.339774557165862,9.742351046698873,7.098765432098766,2.086688137412775,0.46967257112184646,
153,8.93719806763285,2.4490069779924855,31.260064412238325,21.07487922705314,7.6623725174449815,9.339774557165862,9.621578099838969,7.098765432098766,2.086688137412775,0.46967257112184646,
154,8.93719806763285,2.4490069779924855,31.260064412238325,21.07487922705314,7.6623725174449815,9.339774557165862,9.621578099838969,7.098765432098766,2.086688137412775,0.46967257112184646,
155,8.849973161567364,2.4490069779924855,30.56226516371444,22.342995169082126,7.628824476650563,9.057971014492754,9.621578099838969,7.098765432098766,1.9189479334406871,0.46967257112184646,
156,8.849973161567364,2.4490069779924855,30.56226516371444,22.342995169082126,7.628824476650563,9.057971014492754,9.621578099838969,7.098765432098766,1.9189479334406871,0.46967257112184646,
157,8.400429414922169,2.2946859903381642,30.67632850241546,22.564412238325282,7.628824476650563,9.057971014492754,9.621578099838969,7.098765432098766,2.187332259796028,0.46967257112184646,
158,8.380300590445518,2.2946859903381642,30.54884594739667,22.061191626409016,8.413848631239935,8.950617283950617,9.594739667203436,7.098765432098766,2.187332259796028,0.46967257112184646,
159,8.82313472893183,2.2946859903381642,30.24020397208803,22.020933977455716,8.413848631239935,8.856682769726248,9.594739667203436,7.098765432098766,2.187332259796028,0.46967257112184646,
160,8.82313472893183,2.2946859903381642,30.24020397208803,22.020933977455716,8.413848631239935,8.856682769726248,9.594739667203436,7.098765432098766,2.187332259796028,0.46967257112184646,
161,9.145195920558239,2.2946859903381642,30.099302200751477,22.148416532474503,8.413848631239935,8.856682769726248,9.594739667203436,6.790123456790123,2.187332259796028,0.46967257112184646,
162,9.232420826623725,2.2946859903381642,29.797369833601717,22.470477724100913,8.199141170155663,8.856682769726248,9.594739667203436,6.89747718733226,2.187332259796028,0.46967257112184646,
163,9.292807300053678,2.2946859903381642,29.736983360171767,22.470477724100913,8.199141170155663,8.856682769726248,9.594739667203436,6.89747718733226,2.187332259796028,0.46967257112184646,
164,9.292807300053678,2.2946859903381642,29.736983360171767,22.470477724100913,8.199141170155663,8.856682769726248,9.594739667203436,6.89747718733226,2.187332259796028,0.46967257112184646,
165,9.091519055287172,2.15378421900161,30.12614063338701,22.470477724100913,8.199141170155663,8.856682769726248,9.54777241009125,6.89747718733226,2.187332259796028,0.46967257112184646,
166,8.970746108427267,2.15378421900161,30.079173376274827,22.470477724100913,8.36688137412775,8.856682769726248,9.54777241009125,6.89747718733226,2.187332259796028,0.46967257112184646,
167,8.970746108427267,2.0933977455716586,29.95169082125604,22.470477724100913,8.36688137412775,9.574610842726784,9.212292002147075,6.702898550724638,2.187332259796028,0.46967257112184646,
168,8.628556092324208,2.0933977455716586,29.388083735909824,22.470477724100913,8.36688137412775,10.48040794417606,9.212292002147075,6.702898550724638,2.187332259796028,0.46967257112184646,
169,8.527911969940956,2.059849704777241,29.522275899087493,22.470477724100913,8.36688137412775,10.48040794417606,9.212292002147075,6.702898550724638,2.187332259796028,0.46967257112184646,
170,8.527911969940956,2.059849704777241,29.522275899087493,22.470477724100913,8.36688137412775,10.48040794417606,9.212292002147075,6.702898550724638,2.187332259796028,0.46967257112184646,
171,8.527911969940956,2.059849704777241,29.522275899087493,22.470477724100913,8.36688137412775,10.48040794417606,9.212292002147075,6.702898550724638,2.187332259796028,0.46967257112184646,
172,8.668813741277509,2.059849704777241,29.522275899087493,22.32957595276436,8.36688137412775,10.48040794417606,9.212292002147075,6.702898550724638,2.187332259796028,0.46967257112184646,
173,8.628556092324208,2.059849704777241,29.388083735909824,22.50402576489533,8.36688137412775,10.48040794417606,9.212292002147075,6.702898550724638,2.187332259796028,0.46967257112184646,
174,8.541331186258722,2.059849704777241,28.958668813741276,23.17498658078368,8.360171765968868,10.399892646269459,9.198872785829307,6.702898550724638,2.13365539452496,0.46967257112184646,
175,8.541331186258722,2.059849704777241,28.958668813741276,23.17498658078368,8.360171765968868,10.399892646269459,9.198872785829307,6.702898550724638,2.13365539452496,0.46967257112184646,
176,8.541331186258722,2.059849704777241,28.958668813741276,23.17498658078368,8.360171765968868,10.399892646269459,9.198872785829307,6.702898550724638,2.13365539452496,0.46967257112184646,
177,8.809715512614064,2.059849704777241,28.891572732152444,22.973698336017176,8.360171765968868,10.399892646269459,9.198872785829307,6.702898550724638,2.13365539452496,0.46967257112184646,
178,8.923778851315083,2.059849704777241,28.884863123993558,22.966988727858293,8.259527643585615,10.399892646269459,9.198872785829307,6.702898550724638,2.13365539452496,0.46967257112184646,
179,9.078099838969404,2.059849704777241,28.884863123993558,22.966988727858293,8.259527643585615,10.399892646269459,9.044551798174986,6.702898550724638,2.13365539452496,0.46967257112184646,
180,9.078099838969404,2.059849704777241,28.884863123993558,22.966988727858293,8.259527643585615,10.399892646269459,9.044551798174986,6.702898550724638,2.13365539452496,0.46967257112184646,
181,8.93719806763285,2.059849704777241,28.77079978529254,22.953569511540525,8.930488459473967,10.151637144390767,8.890230810520666,6.702898550724638,2.13365539452496,0.46967257112184646,
182,8.93719806763285,2.059849704777241,28.77079978529254,22.953569511540525,8.930488459473967,10.151637144390767,8.890230810520666,6.702898550724638,2.13365539452496,0.46967257112184646,
183,8.93719806763285,2.059849704777241,28.77079978529254,22.953569511540525,8.930488459473967,10.151637144390767,8.890230810520666,6.702898550724638,2.13365539452496,0.46967257112184646,
184,8.93719806763285,2.059849704777241,28.77079978529254,22.953569511540525,8.930488459473967,10.151637144390767,8.890230810520666,6.702898550724638,2.13365539452496,0.46967257112184646,
185,8.93719806763285,2.059849704777241,28.723832528180353,23.087761674718198,8.84326355340848,10.151637144390767,8.890230810520666,6.702898550724638,2.13365539452496,0.46967257112184646,
186,8.910359634997317,2.059849704777241,28.435319377348364,23.087761674718198,8.68894256575416,9.648416532474503,8.890230810520666,7.675791733762749,2.13365539452496,0.46967257112184646,
187,8.910359634997317,2.059849704777241,28.435319377348364,23.087761674718198,8.68894256575416,9.648416532474503,8.890230810520666,7.675791733762749,2.13365539452496,0.46967257112184646,
188,8.910359634997317,2.059849704777241,28.381642512077295,23.067632850241544,8.910359634997317,9.648416532474503,8.890230810520666,7.5281803542673105,2.13365539452496,0.46967257112184646,
189,8.910359634997317,2.059849704777241,28.381642512077295,23.067632850241544,8.910359634997317,9.648416532474503,8.890230810520666,7.5281803542673105,2.13365539452496,0.46967257112184646,
190,8.910359634997317,2.059849704777241,28.381642512077295,23.067632850241544,8.910359634997317,9.648416532474503,8.890230810520666,7.5281803542673105,2.13365539452496,0.46967257112184646,
191,9.333064949006978,2.059849704777241,27.965646806226516,22.73886205045625,8.910359634997317,9.621578099838969,8.890230810520666,7.5281803542673105,2.4825550187869028,0.46967257112184646,
192,9.333064949006978,2.059849704777241,27.91867954911433,22.73886205045625,8.910359634997317,9.567901234567902,8.99087493290392,7.5281803542673105,2.4825550187869028,0.46967257112184646,
193,9.333064949006978,2.059849704777241,27.91867954911433,22.73886205045625,8.910359634997317,9.567901234567902,8.99087493290392,7.5281803542673105,2.4825550187869028,0.46967257112184646,
194,9.333064949006978,2.059849704777241,27.91867954911433,22.73886205045625,8.910359634997317,9.567901234567902,8.99087493290392,7.5281803542673105,2.4825550187869028,0.46967257112184646,
195,9.809447128287708,2.059849704777241,27.811325818572197,22.604669887278583,8.910359634997317,9.567901234567902,8.84326355340848,7.440955448201825,2.4825550187869028,0.46967257112184646,
196,9.809447128287708,2.059849704777241,27.811325818572197,22.604669887278583,8.910359634997317,9.567901234567902,8.84326355340848,7.440955448201825,2.4825550187869028,0.46967257112184646,
197,9.809447128287708,2.059849704777241,27.811325818572197,22.604669887278583,8.910359634997317,9.567901234567902,8.84326355340848,7.440955448201825,2.4825550187869028,0.46967257112184646,
198,9.695383789586689,2.006172839506173,27.76435856146001,22.604669887278583,8.910359634997317,9.353193773483628,8.84326355340848,7.347020933977456,2.4825550187869028,0.46967257112184646,0.5233494363929146
199,9.849704777241008,2.006172839506173,27.636876006441224,22.604669887278583,8.910359634997317,9.353193773483628,8.84326355340848,7.347020933977456,2.4825550187869028,0.46967257112184646,0.49651100375738055
200,10.258990874932904,2.006172839506173,27.58990874932904,22.269189479334408,8.910359634997317,9.353193773483628,8.84326355340848,7.320182501341922,2.4825550187869028,0.46967257112184646,0.49651100375738055
201,10.258990874932904,2.006172839506173,27.58990874932904,22.269189479334408,8.910359634997317,9.353193773483628,8.84326355340848,7.320182501341922,2.4825550187869028,0.46967257112184646,0.49651100375738055
202,10.258990874932904,2.006172839506173,27.58990874932904,22.269189479334408,8.910359634997317,9.353193773483628,8.84326355340848,7.320182501341922,2.4825550187869028,0.46967257112184646,0.49651100375738055
203,10.144927536231885,2.006172839506173,27.24771873322598,22.269189479334408,8.910359634997317,9.353193773483628,8.742619431025227,7.2933440687063875,2.4825550187869028,0.46967257112184646,1.0802469135802468
204,10.144927536231885,2.006172839506173,27.24771873322598,22.269189479334408,8.910359634997317,9.353193773483628,8.742619431025227,7.2933440687063875,2.4825550187869028,0.46967257112184646,1.0802469135802468
205,10.144927536231885,2.006172839506173,27.24771873322598,22.269189479334408,8.910359634997317,9.353193773483628,8.742619431025227,7.2933440687063875,2.4825550187869028,0.46967257112184646,1.0802469135802468
206,10.292538915727322,1.8585614600107354,26.858561460010737,22.228931830381107,9.64170692431562,9.353193773483628,8.440687063875469,7.2933440687063875,2.4825550187869028,0.46967257112184646,1.0802469135802468
207,10.399892646269459,1.8585614600107354,26.858561460010737,22.430220075147613,9.440418679549115,9.353193773483628,8.333333333333334,7.2933440687063875,2.4825550187869028,0.46967257112184646,1.0802469135802468
208,10.399892646269459,1.8585614600107354,26.858561460010737,22.430220075147613,9.440418679549115,9.353193773483628,8.333333333333334,7.2933440687063875,2.4825550187869028,0.46967257112184646,1.0802469135802468
209,10.399892646269459,1.8585614600107354,26.858561460010737,22.430220075147613,9.440418679549115,9.353193773483628,8.333333333333334,7.2933440687063875,2.4825550187869028,0.46967257112184646,1.0802469135802468
210,10.399892646269459,1.8585614600107354,26.858561460010737,22.430220075147613,9.440418679549115,9.353193773483628,8.333333333333334,7.2933440687063875,2.4825550187869028,0.46967257112184646,1.0802469135802468
211,10.399892646269459,1.8585614600107354,26.858561460010737,22.430220075147613,9.440418679549115,9.353193773483628,8.333333333333334,7.2933440687063875,2.4825550187869028,0.46967257112184646,1.0802469135802468
212,10.292538915727322,1.8585614600107354,26.37546967257112,22.564412238325282,9.426999463231347,8.917069243156199,8.199141170155663,8.145464304884594,2.6704240472356413,0.46967257112184646,1.0802469135802468
213,10.292538915727322,1.8585614600107354,26.37546967257112,22.564412238325282,9.426999463231347,8.917069243156199,8.199141170155663,8.145464304884594,2.6704240472356413,0.46967257112184646,1.0802469135802468
214,10.292538915727322,1.8585614600107354,26.37546967257112,22.564412238325282,9.426999463231347,8.917069243156199,8.199141170155663,8.145464304884594,2.6704240472356413,0.46967257112184646,1.0802469135802468
215,10.292538915727322,1.8585614600107354,26.37546967257112,22.564412238325282,9.426999463231347,8.917069243156199,8.199141170155663,8.145464304884594,2.6704240472356413,0.46967257112184646,1.0802469135802468
216,10.292538915727322,1.8585614600107354,26.37546967257112,22.564412238325282,9.426999463231347,8.917069243156199,8.199141170155663,8.145464304884594,2.6704240472356413,0.46967257112184646,1.0802469135802468
217,10.292538915727322,1.8585614600107354,26.37546967257112,22.564412238325282,9.426999463231347,8.917069243156199,8.199141170155663,8.145464304884594,2.6704240472356413,0.46967257112184646,1.0802469135802468
218,10.292538915727322,1.8585614600107354,26.37546967257112,22.564412238325282,9.426999463231347,8.917069243156199,8.199141170155663,8.145464304884594,2.6704240472356413,0.46967257112184646,1.0802469135802468
219,10.292538915727322,1.8585614600107354,26.194310252281266,22.564412238325282,9.426999463231347,8.910359634997317,8.199141170155663,8.145464304884594,2.85829307568438,0.46967257112184646,1.0802469135802468
220,10.292538915727322,1.8585614600107354,25.684380032206118,23.51046698872786,9.426999463231347,8.910359634997317,8.125335480407944,7.7831454643048845,2.85829307568438,0.46967257112184646,1.0802469135802468
