,40,45,50,51,53,52,49,41
0,0.5770263016639828,39.81481481481482,59.6081588835212,,,,,
1,1.0466988727858293,39.34514224369297,59.6081588835212,,,,,
2,1.2949543746645196,23.242082662372518,75.46296296296296,,,,,
3,0.7581857219538379,9.96376811594203,82.52147074610842,6.756575415995706,,,,
4,0.7581857219538379,9.96376811594203,82.52147074610842,6.756575415995706,,,,
5,0.7581857219538379,9.96376811594203,82.52147074610842,6.756575415995706,,,,
6,1.8183038110574343,9.96376811594203,67.59930220075148,20.618625872249062,,,,
7,2.576489533011272,9.769189479334408,68.55877616747182,19.0955448201825,,,,
8,0.6843800322061192,8.299785292538916,75.66425120772946,15.351583467525497,,,,
9,0.9393451422436929,6.642512077294686,84.33306494900698,8.085077831454644,,,,
10,0.9393451422436929,3.2004830917874396,88.08373590982286,7.776435856146001,,,,
11,0.6776704240472357,1.4761137949543746,91.09634997316157,6.749865807836822,,,,
12,2.314814814814815,1.4761137949543746,89.45920558239399,6.749865807836822,,,,
13,2.033011272141707,0.2281266774020397,87.91599570585078,9.822866344605474,,,,
14,2.952227589908749,0.2281266774020397,85.25228126677402,9.473966720343531,2.0933977455716586,,,
15,2.4490069779924855,0.04696725711218465,89.26462694578636,6.146001073537305,2.0933977455716586,,,
16,2.844873859366613,0.04696725711218465,88.86876006441224,6.146001073537305,2.0933977455716586,,,
17,2.844873859366613,0.04696725711218465,88.86876006441224,6.146001073537305,2.0933977455716586,,,
18,2.844873859366613,0.04696725711218465,88.86876006441224,6.146001073537305,2.0933977455716586,,,
19,2.3752012882447664,0.04696725711218465,89.33843263553409,6.146001073537305,2.0933977455716586,,,
20,3.7573805689747717,0.04696725711218465,88.39237788513151,5.709876543209877,2.0933977455716586,,,
21,3.535963499731616,0.04696725711218465,94.22302737520128,2.1940418679549114,,,,
22,3.9184111647879765,0.04696725711218465,90.7139023081052,2.1940418679549114,,3.126677402039721,,
23,3.4017713365539453,0.04696725711218465,91.59286097691894,1.8317230273752012,,3.126677402039721,,
24,3.4621578099838968,0.04696725711218465,92.9951690821256,0.36902844873859364,,3.126677402039721,,
25,0.8856682769726248,0.04696725711218465,92.25711218464842,3.683574879227053,,3.126677402039721,,
26,1.5901771336553945,0.04696725711218465,93.95464304884595,3.3145464304884595,,1.093666129898014,,
27,2.8113258185721954,0.04696725711218465,92.73349436392914,3.3145464304884595,,1.093666129898014,,
28,3.7037037037037037,0.04696725711218465,89.84165324745035,5.709876543209877,,0.6977992485238862,,
29,7.608695652173913,0.04696725711218465,89.3317230273752,2.38191089640365,,0.630703166935051,,
30,6.729736983360172,0.04696725711218465,85.65485775630704,2.38191089640365,2.120236178207193,0.5837359098228664,2.4825550187869028,
31,6.629092860976919,0.04696725711218465,85.97020933977456,2.38191089640365,1.90552871712292,0.5837359098228664,2.4825550187869028,
32,8.735909822866345,0.04696725711218465,83.88352120236178,2.38191089640365,1.90552871712292,0.5636070853462157,2.4825550187869028,
33,8.440687063875469,0.04696725711218465,84.17874396135265,2.38191089640365,1.90552871712292,0.5636070853462157,2.4825550187869028,
34,7.427536231884058,0.04696725711218465,87.097423510467,2.38191089640365,,0.5636070853462157,2.4825550187869028,
35,3.797638217928073,0.04696725711218465,90.72732152442298,2.38191089640365,,0.5636070853462157,2.4825550187869028,
36,3.7909286097691894,0.04696725711218465,90.73403113258186,2.38191089640365,,0.5636070853462157,2.4825550187869028,
37,4.5960815888352125,0.04696725711218465,90.73403113258186,2.38191089640365,,0.5636070853462157,1.6774020397208802,
38,4.5960815888352125,0.04696725711218465,90.73403113258186,2.38191089640365,,0.5636070853462157,1.6774020397208802,
39,5.0993022007514766,0.04696725711218465,90.2308105206656,2.38191089640365,,0.5636070853462157,1.6774020397208802,
40,5.709876543209877,0.04696725711218465,89.6202361782072,2.38191089640365,,0.5636070853462157,1.6774020397208802,
41,6.273483628556092,0.04696725711218465,89.05662909286097,2.38191089640365,,0.5636070853462157,1.6774020397208802,
42,7.25979602791197,0.04696725711218465,89.04991948470209,2.38191089640365,,0.5636070853462157,0.6977992485238862,
43,6.749865807836822,0.04696725711218465,63.828502415458935,2.38191089640365,,0.5636070853462157,26.42914653784219,
44,9.634997316156737,0.04696725711218465,72.98711755233495,2.38191089640365,,0.5636070853462157,14.38539989264627,
45,9.634997316156737,0.04696725711218465,72.98711755233495,2.38191089640365,,0.5636070853462157,14.38539989264627,
46,11.178207192699947,0.04696725711218465,68.10252281266774,2.38191089640365,,3.9049919484702094,14.38539989264627,
47,10.896403650026839,0.04696725711218465,68.45142243692969,2.38191089640365,,3.9049919484702094,14.318303811057435,
48,9.373322597960279,0.04696725711218465,78.58964036500268,2.38191089640365,,3.9049919484702094,5.703166935050993,
49,7.226247987117552,0.04696725711218465,70.30327428878154,2.38191089640365,,3.9049919484702094,16.13660762211487,
50,6.427804616210413,0.04696725711218465,71.27616747181965,2.38191089640365,,3.730542136339238,16.13660762211487,
51,6.427804616210413,0.04696725711218465,71.27616747181965,2.38191089640365,,3.730542136339238,16.13660762211487,
52,6.427804616210413,0.04696725711218465,71.27616747181965,2.38191089640365,,3.730542136339238,16.13660762211487,
53,6.508319914117015,0.04696725711218465,71.19565217391305,2.38191089640365,,3.730542136339238,16.13660762211487,
54,7.232957595276436,0.04696725711218465,72.75228126677402,2.38191089640365,,3.730542136339238,13.855340848094471,
55,8.125335480407944,0.04696725711218465,71.85990338164251,2.38191089640365,,3.730542136339238,13.855340848094471,
56,8.125335480407944,0.04696725711218465,71.85990338164251,2.38191089640365,,3.730542136339238,13.855340848094471,
57,8.125335480407944,0.04696725711218465,71.85990338164251,2.38191089640365,,3.730542136339238,13.855340848094471,
58,9.03113258185722,0.04696725711218465,84.84299516908213,2.38191089640365,,1.9726247987117553,1.724369296833065,
59,9.03113258185722,0.04696725711218465,84.84299516908213,2.38191089640365,,1.9726247987117553,1.724369296833065,
60,9.03113258185722,0.04696725711218465,84.84299516908213,2.38191089640365,,1.9726247987117553,1.724369296833065,
61,9.608158883521202,0.04696725711218465,86.64787976382179,,,1.9726247987117553,1.724369296833065,
62,10.57434245840043,0.04696725711218465,85.68169618894257,,,1.9726247987117553,1.724369296833065,
63,10.57434245840043,0.04696725711218465,85.68169618894257,,,1.9726247987117553,1.724369296833065,
64,9.634997316156737,0.04696725711218465,86.62104133118626,,,1.9726247987117553,1.724369296833065,
65,6.863929146537842,0.04696725711218465,74.81884057971014,,,1.9726247987117553,16.297638217928075,
66,6.045356951154052,0.03354804079441761,83.46081588835212,,,1.9390767579173376,8.521202361782072,
67,6.045356951154052,0.03354804079441761,83.46081588835212,,,1.9390767579173376,8.521202361782072,
68,6.937734836285561,0.03354804079441761,82.5684380032206,,,1.9390767579173376,8.521202361782072,
69,8.111916264090176,0.03354804079441761,81.40767579173377,,,1.9256575415995705,8.521202361782072,
70,9.802737520128824,0.03354804079441761,79.71685453569512,,,1.9256575415995705,8.521202361782072,
71,10.420021470746109,0.013419216317767043,79.11969940955449,,,1.9256575415995705,8.521202361782072,
72,10.420021470746109,0.013419216317767043,79.11969940955449,,,1.9256575415995705,8.521202361782072,
73,9.863123993558776,0.013419216317767043,80.48845947396671,,,1.6371443907675791,7.997852925389157,
74,10.715244229736983,0.013419216317767043,79.63633923778852,,,1.6371443907675791,7.997852925389157,
75,11.466720343531938,0.013419216317767043,78.88486312399355,,,1.6371443907675791,7.997852925389157,
76,12.667740203972087,0.013419216317767043,77.82474503488996,,,1.6371443907675791,7.856951154052603,
77,12.667740203972087,0.013419216317767043,77.82474503488996,,,1.6371443907675791,7.856951154052603,
78,13.372249060654857,0.013419216317767043,77.82474503488996,,,1.6371443907675791,7.152442297369833,
79,15.022812667740205,0.013419216317767043,76.17418142780461,,,1.6371443907675791,7.152442297369833,
80,15.022812667740205,0.013419216317767043,76.17418142780461,,,1.6371443907675791,7.152442297369833,
81,15.58641975308642,0.013419216317767043,75.74476650563606,,,1.5029522275899088,7.152442297369833,
82,15.58641975308642,0.013419216317767043,75.74476650563606,,,1.5029522275899088,7.152442297369833,
83,16.59286097691895,0.013419216317767043,72.21551261406334,,,4.193505099302201,6.984702093397746,
84,17.438271604938272,0.013419216317767043,71.37010198604402,,,4.193505099302201,6.984702093397746,
85,18.19645732689211,0.013419216317767043,68.57219538378959,,2.0397208803005906,4.193505099302201,6.984702093397746,
86,18.84728931830381,0.013419216317767043,68.57219538378959,,2.0397208803005906,4.193505099302201,6.333870101986044,
87,19.75979602791197,0.013419216317767043,67.82742887815351,,1.8719806763285025,4.193505099302201,6.333870101986044,
88,20.477724100912507,0.013419216317767043,67.74020397208803,,1.8719806763285025,4.193505099302201,5.703166935050993,
89,22.088030059044552,0.013419216317767043,66.17686527106817,,1.8719806763285025,4.193505099302201,5.656199677938808,
90,22.088030059044552,0.013419216317767043,66.17686527106817,,1.8719806763285025,4.193505099302201,5.656199677938808,
91,23.51046698872786,0.013419216317767043,65.21068169618894,,1.415727321524423,4.193505099302201,5.656199677938808,
92,24.04723564143854,0.013419216317767043,64.67391304347827,,1.415727321524423,4.193505099302201,5.656199677938808,
93,27.167203435319376,0.013419216317767043,62.63419216317767,,1.415727321524423,3.824476650563607,4.944981213097155,
94,27.167203435319376,0.013419216317767043,62.63419216317767,,1.415727321524423,3.824476650563607,4.944981213097155,
95,27.167203435319376,0.013419216317767043,62.63419216317767,,1.415727321524423,3.824476650563607,4.944981213097155,
96,27.891841116478798,0.013419216317767043,61.05743424584004,,1.415727321524423,3.824476650563607,4.944981213097155,0.8521202361782072
97,27.891841116478798,0.013419216317767043,61.05743424584004,,1.415727321524423,3.824476650563607,4.944981213097155,0.8521202361782072
98,25.717928073000536,0.013419216317767043,53.58964036500269,,1.2345679012345678,3.44873859366613,15.143585614600108,0.8521202361782072
99,25.717928073000536,0.013419216317767043,53.58964036500269,,1.2345679012345678,3.44873859366613,15.143585614600108,0.8521202361782072
100,25.717928073000536,0.013419216317767043,53.58964036500269,,1.2345679012345678,3.44873859366613,15.143585614600108,0.8521202361782072
101,26.02657004830918,0.013419216317767043,53.28099838969404,,1.2345679012345678,3.44873859366613,15.143585614600108,0.8521202361782072
102,27.771068169618893,0.013419216317767043,51.53650026838432,,1.2345679012345678,3.44873859366613,15.143585614600108,0.8521202361782072
103,27.771068169618893,0.013419216317767043,51.53650026838432,,1.2345679012345678,3.44873859366613,15.143585614600108,0.8521202361782072
104,27.771068169618893,0.013419216317767043,51.53650026838432,,1.2345679012345678,3.44873859366613,15.143585614600108,0.8521202361782072
105,27.771068169618893,0.013419216317767043,51.53650026838432,,1.2345679012345678,3.44873859366613,15.143585614600108,0.8521202361782072
106,27.771068169618893,0.013419216317767043,51.53650026838432,,1.2345679012345678,3.44873859366613,15.143585614600108,0.8521202361782072
107,27.771068169618893,0.013419216317767043,51.53650026838432,,1.2345679012345678,3.44873859366613,15.143585614600108,0.8521202361782072
108,27.771068169618893,0.013419216317767043,51.53650026838432,,1.2345679012345678,3.44873859366613,15.143585614600108,0.8521202361782072
109,27.771068169618893,0.013419216317767043,51.53650026838432,,1.2345679012345678,3.44873859366613,15.143585614600108,0.8521202361782072
110,27.771068169618893,0.013419216317767043,50.76489533011272,,1.2345679012345678,3.44873859366613,15.143585614600108,1.6237251744498122
111,27.771068169618893,0.013419216317767043,50.76489533011272,,1.2345679012345678,3.44873859366613,15.143585614600108,1.6237251744498122
112,27.932098765432098,0.013419216317767043,50.60386473429951,,1.2345679012345678,3.44873859366613,15.143585614600108,1.6237251744498122
113,27.932098765432098,0.013419216317767043,50.60386473429951,,1.2345679012345678,3.44873859366613,15.143585614600108,1.6237251744498122
114,27.932098765432098,0.013419216317767043,50.60386473429951,,1.2345679012345678,3.44873859366613,15.143585614600108,1.6237251744498122
115,27.932098765432098,0.013419216317767043,50.60386473429951,,1.2345679012345678,3.44873859366613,15.143585614600108,1.6237251744498122
116,27.932098765432098,0.013419216317767043,50.60386473429951,,1.2345679012345678,3.44873859366613,15.143585614600108,1.6237251744498122
117,28.442028985507246,0.013419216317767043,50.597155126140635,,1.2345679012345678,3.44873859366613,14.640365002683843,1.6237251744498122
118,28.79092860976919,0.013419216317767043,50.24825550187869,,1.2345679012345678,3.44873859366613,14.640365002683843,1.6237251744498122
119,28.79092860976919,0.013419216317767043,50.24825550187869,,1.2345679012345678,3.44873859366613,14.640365002683843,1.6237251744498122
120,28.79092860976919,0.013419216317767043,50.24825550187869,,1.2345679012345678,3.44873859366613,14.640365002683843,1.6237251744498122
121,28.79092860976919,0.013419216317767043,49.53703703703704,,1.2345679012345678,3.44873859366613,14.640365002683843,2.3349436392914655
122,29.341116478797638,0.013419216317767043,49.53703703703704,,1.2345679012345678,3.079710144927536,14.459205582393988,2.3349436392914655
123,29.87788513150832,0.013419216317767043,49.000268384326354,,1.2345679012345678,3.079710144927536,14.459205582393988,2.3349436392914655
124,29.87788513150832,0.013419216317767043,49.000268384326354,,1.2345679012345678,3.079710144927536,14.459205582393988,2.3349436392914655
125,30.293880837359097,0.013419216317767043,48.58427267847558,,1.2345679012345678,3.079710144927536,14.459205582393988,2.3349436392914655
126,30.293880837359097,0.013419216317767043,48.58427267847558,,1.2345679012345678,3.079710144927536,14.459205582393988,2.3349436392914655
127,30.293880837359097,0.013419216317767043,48.58427267847558,,1.2345679012345678,3.079710144927536,14.459205582393988,2.3349436392914655
128,30.293880837359097,0.013419216317767043,48.58427267847558,,1.2345679012345678,3.079710144927536,14.459205582393988,2.3349436392914655
129,31.11916264090177,0.013419216317767043,47.84621578099839,,1.2345679012345678,2.9924852388620504,14.459205582393988,2.3349436392914655
130,31.11916264090177,0.013419216317767043,47.84621578099839,,1.2345679012345678,2.9924852388620504,14.459205582393988,2.3349436392914655
131,31.11916264090177,0.013419216317767043,47.84621578099839,,1.2345679012345678,2.9924852388620504,14.459205582393988,2.3349436392914655
132,31.11916264090177,0.013419216317767043,47.84621578099839,,1.2345679012345678,2.9924852388620504,14.459205582393988,2.3349436392914655
133,31.11916264090177,0.013419216317767043,47.84621578099839,,1.2345679012345678,2.9924852388620504,14.459205582393988,2.3349436392914655
134,32.018250134192165,0.013419216317767043,47.134997316156735,,1.0466988727858293,2.9924852388620504,14.459205582393988,2.3349436392914655
135,32.018250134192165,0.013419216317767043,47.134997316156735,,1.0466988727858293,2.9924852388620504,14.459205582393988,2.3349436392914655
136,32.018250134192165,0.013419216317767043,47.134997316156735,,1.0466988727858293,2.9924852388620504,14.459205582393988,2.3349436392914655
137,32.52147074610843,0.013419216317767043,46.63177670424047,,1.0466988727858293,2.9924852388620504,14.459205582393988,2.3349436392914655
138,32.52147074610843,0.013419216317767043,46.63177670424047,,1.0466988727858293,2.9924852388620504,14.459205582393988,2.3349436392914655
139,32.52147074610843,0.013419216317767043,46.63177670424047,,1.0466988727858293,2.9924852388620504,14.459205582393988,2.3349436392914655
140,32.52147074610843,0.013419216317767043,46.63177670424047,,1.0466988727858293,2.9924852388620504,14.459205582393988,2.3349436392914655
141,33.47423510466989,0.013419216317767043,46.35668276972625,,1.0466988727858293,2.9924852388620504,13.781535158346752,2.3349436392914655
142,33.47423510466989,0.013419216317767043,46.35668276972625,,1.0466988727858293,2.9924852388620504,13.781535158346752,2.3349436392914655
143,33.47423510466989,0.013419216317767043,46.35668276972625,,1.0466988727858293,2.9924852388620504,13.781535158346752,2.3349436392914655
144,33.47423510466989,0.013419216317767043,46.35668276972625,,1.0466988727858293,2.9924852388620504,13.781535158346752,2.3349436392914655
145,33.47423510466989,0.013419216317767043,46.35668276972625,,1.0466988727858293,2.9924852388620504,13.781535158346752,2.3349436392914655
146,33.47423510466989,0.013419216317767043,46.35668276972625,,1.0466988727858293,2.9924852388620504,13.781535158346752,2.3349436392914655
147,33.47423510466989,0.013419216317767043,46.35668276972625,,1.0466988727858293,2.9924852388620504,13.781535158346752,2.3349436392914655
148,34.225711218464845,0.013419216317767043,45.60520665593129,,1.0466988727858293,2.9924852388620504,13.781535158346752,2.3349436392914655
149,34.225711218464845,0.013419216317767043,45.60520665593129,,1.0466988727858293,2.9924852388620504,13.781535158346752,2.3349436392914655
150,34.225711218464845,0.013419216317767043,45.60520665593129,,1.0466988727858293,2.9924852388620504,13.781535158346752,2.3349436392914655
151,34.225711218464845,0.013419216317767043,45.60520665593129,,1.0466988727858293,2.9924852388620504,13.781535158346752,2.3349436392914655
152,34.225711218464845,0.013419216317767043,45.60520665593129,,1.0466988727858293,2.9924852388620504,13.781535158346752,2.3349436392914655
153,34.225711218464845,0.013419216317767043,45.60520665593129,,1.0466988727858293,2.9924852388620504,13.781535158346752,2.3349436392914655
154,34.225711218464845,0.013419216317767043,45.60520665593129,,1.0466988727858293,2.9924852388620504,13.781535158346752,2.3349436392914655
155,34.225711218464845,0.013419216317767043,45.60520665593129,,1.0466988727858293,2.9924852388620504,13.781535158346752,2.3349436392914655
156,34.225711218464845,0.013419216317767043,45.60520665593129,,1.0466988727858293,2.9924852388620504,13.781535158346752,2.3349436392914655
157,34.856414385399894,0.013419216317767043,44.97450348899624,,1.0466988727858293,2.9924852388620504,13.781535158346752,2.3349436392914655
158,34.856414385399894,0.013419216317767043,44.97450348899624,,1.0466988727858293,2.9924852388620504,13.781535158346752,2.3349436392914655
159,35.59447128287708,0.013419216317767043,44.900697799248526,,1.0466988727858293,2.328234031132582,13.781535158346752,2.3349436392914655
160,36.28556092324208,0.013419216317767043,44.860440150295226,,1.0466988727858293,2.01959205582394,13.439345142243694,2.3349436392914655
161,36.28556092324208,0.013419216317767043,44.860440150295226,,1.0466988727858293,2.01959205582394,13.439345142243694,2.3349436392914655
162,36.520397208803004,0.013419216317767043,44.6256038647343,,1.0466988727858293,2.01959205582394,13.439345142243694,2.3349436392914655
163,36.520397208803004,0.013419216317767043,44.6256038647343,,1.0466988727858293,2.01959205582394,13.439345142243694,2.3349436392914655
164,36.520397208803004,0.013419216317767043,44.6256038647343,,1.0466988727858293,2.01959205582394,13.439345142243694,2.3349436392914655
165,36.520397208803004,0.013419216317767043,44.6256038647343,,1.0466988727858293,2.01959205582394,13.439345142243694,2.3349436392914655
166,36.520397208803004,0.013419216317767043,44.6256038647343,,1.0466988727858293,2.01959205582394,13.439345142243694,2.3349436392914655
167,36.520397208803004,0.013419216317767043,44.6256038647343,,1.0466988727858293,2.01959205582394,13.439345142243694,2.3349436392914655
168,37.76167471819646,0.013419216317767043,43.384326355340846,,1.0466988727858293,2.01959205582394,13.439345142243694,2.3349436392914655
169,37.76167471819646,0.013419216317767043,43.384326355340846,,1.0466988727858293,2.01959205582394,13.439345142243694,2.3349436392914655
170,37.76167471819646,0.013419216317767043,43.384326355340846,,1.0466988727858293,2.01959205582394,13.439345142243694,2.3349436392914655
171,37.76167471819646,0.013419216317767043,43.384326355340846,,1.0466988727858293,2.01959205582394,13.439345142243694,2.3349436392914655
172,38.10386473429951,0.013419216317767043,43.042136339237786,,1.0466988727858293,2.01959205582394,13.439345142243694,2.3349436392914655
173,38.12399355877617,0.013419216317767043,43.022007514761135,,1.0466988727858293,2.01959205582394,13.439345142243694,2.3349436392914655
174,38.12399355877617,0.013419216317767043,43.022007514761135,,1.0466988727858293,2.01959205582394,13.439345142243694,2.3349436392914655
175,39.09688674181428,0.013419216317767043,43.022007514761135,,1.0466988727858293,2.01959205582394,12.466451959205582,2.3349436392914655
176,39.09688674181428,0.013419216317767043,43.022007514761135,,1.0466988727858293,2.01959205582394,12.466451959205582,2.3349436392914655
177,39.09688674181428,0.013419216317767043,43.022007514761135,,1.0466988727858293,2.01959205582394,12.466451959205582,2.3349436392914655
178,39.09688674181428,0.013419216317767043,43.022007514761135,,1.0466988727858293,2.01959205582394,12.466451959205582,2.3349436392914655
179,39.09688674181428,0.013419216317767043,43.022007514761135,,1.0466988727858293,2.01959205582394,12.466451959205582,2.3349436392914655
180,39.09688674181428,0.013419216317767043,43.022007514761135,,1.0466988727858293,2.01959205582394,12.466451959205582,2.3349436392914655
181,39.09688674181428,0.013419216317767043,43.022007514761135,,1.0466988727858293,2.01959205582394,12.466451959205582,2.3349436392914655
182,39.09688674181428,0.013419216317767043,43.022007514761135,,1.0466988727858293,2.01959205582394,12.466451959205582,2.3349436392914655
183,40.04965110037574,0.013419216317767043,42.069243156199676,,1.0466988727858293,2.01959205582394,12.466451959205582,2.3349436392914655
184,40.04965110037574,0.013419216317767043,42.069243156199676,,1.0466988727858293,2.01959205582394,12.466451959205582,2.3349436392914655
185,40.23081052066559,0.013419216317767043,41.888083735909824,,1.0466988727858293,2.01959205582394,12.466451959205582,2.3349436392914655
186,40.23081052066559,0.013419216317767043,41.888083735909824,,1.0466988727858293,2.01959205582394,12.466451959205582,2.3349436392914655
187,40.23081052066559,0.013419216317767043,41.888083735909824,,1.0466988727858293,2.01959205582394,12.466451959205582,2.3349436392914655
188,40.23081052066559,0.013419216317767043,41.888083735909824,,1.0466988727858293,2.01959205582394,12.466451959205582,2.3349436392914655
189,40.23081052066559,0.013419216317767043,41.888083735909824,,1.0466988727858293,2.01959205582394,12.466451959205582,2.3349436392914655
190,40.23081052066559,0.013419216317767043,41.888083735909824,,1.0466988727858293,2.01959205582394,12.466451959205582,2.3349436392914655
191,40.23081052066559,0.013419216317767043,41.888083735909824,,1.0466988727858293,2.01959205582394,12.466451959205582,2.3349436392914655
192,40.23081052066559,0.013419216317767043,41.888083735909824,,1.0466988727858293,2.01959205582394,12.466451959205582,2.3349436392914655
193,40.31132581857219,0.013419216317767043,41.80756843800322,,1.0466988727858293,2.01959205582394,12.466451959205582,2.3349436392914655
194,40.31132581857219,0.013419216317767043,41.80756843800322,,1.0466988727858293,2.01959205582394,12.466451959205582,2.3349436392914655
195,40.31132581857219,0.013419216317767043,41.80756843800322,,1.0466988727858293,2.01959205582394,12.466451959205582,2.3349436392914655
196,40.31132581857219,0.013419216317767043,41.80756843800322,,1.0466988727858293,2.01959205582394,12.466451959205582,2.3349436392914655
197,40.31132581857219,0.013419216317767043,41.80756843800322,,1.0466988727858293,2.01959205582394,12.466451959205582,2.3349436392914655
198,40.31132581857219,0.013419216317767043,41.80756843800322,,1.0466988727858293,2.01959205582394,12.466451959205582,2.3349436392914655
199,41.0829307568438,0.013419216317767043,41.035963499731615,,1.0466988727858293,2.01959205582394,12.466451959205582,2.3349436392914655
200,41.0829307568438,0.013419216317767043,41.035963499731615,,1.0466988727858293,2.01959205582394,12.466451959205582,2.3349436392914655
201,41.0829307568438,0.013419216317767043,41.035963499731615,,1.0466988727858293,2.01959205582394,12.466451959205582,2.3349436392914655
202,41.0829307568438,0.013419216317767043,41.035963499731615,,1.0466988727858293,2.01959205582394,12.466451959205582,2.3349436392914655
203,41.0829307568438,0.013419216317767043,41.035963499731615,,1.0466988727858293,2.01959205582394,12.466451959205582,2.3349436392914655
204,41.0829307568438,0.013419216317767043,41.035963499731615,,1.0466988727858293,2.01959205582394,12.466451959205582,2.3349436392914655
205,41.0829307568438,0.013419216317767043,41.035963499731615,,1.0466988727858293,2.01959205582394,12.466451959205582,2.3349436392914655
206,41.0829307568438,0.013419216317767043,41.035963499731615,,1.0466988727858293,2.01959205582394,12.466451959205582,2.3349436392914655
207,41.0829307568438,0.013419216317767043,41.035963499731615,,1.0466988727858293,2.01959205582394,12.466451959205582,2.3349436392914655
208,41.43183038110574,0.013419216317767043,40.687063875469676,,1.0466988727858293,2.01959205582394,12.466451959205582,2.3349436392914655
209,41.43183038110574,0.013419216317767043,40.687063875469676,,1.0466988727858293,2.01959205582394,12.466451959205582,2.3349436392914655
210,41.43183038110574,0.013419216317767043,40.687063875469676,,1.0466988727858293,2.01959205582394,12.466451959205582,2.3349436392914655
211,41.43183038110574,0.013419216317767043,40.687063875469676,,1.0466988727858293,2.01959205582394,12.466451959205582,2.3349436392914655
212,41.43183038110574,0.013419216317767043,40.687063875469676,,1.0466988727858293,2.01959205582394,12.466451959205582,2.3349436392914655
213,41.43183038110574,0.013419216317767043,40.687063875469676,,1.0466988727858293,2.01959205582394,12.466451959205582,2.3349436392914655
214,41.43183038110574,0.013419216317767043,40.687063875469676,,1.0466988727858293,2.01959205582394,12.466451959205582,2.3349436392914655
215,41.43183038110574,0.013419216317767043,40.687063875469676,,1.0466988727858293,2.01959205582394,12.466451959205582,2.3349436392914655
216,41.43183038110574,0.013419216317767043,40.687063875469676,,1.0466988727858293,2.01959205582394,12.466451959205582,2.3349436392914655
217,41.43183038110574,0.013419216317767043,40.687063875469676,,1.0466988727858293,2.01959205582394,12.466451959205582,2.3349436392914655
218,41.43183038110574,0.013419216317767043,40.687063875469676,,1.0466988727858293,2.01959205582394,12.466451959205582,2.3349436392914655
219,42.31749865807837,0.013419216317767043,39.801395598497045,,1.0466988727858293,2.01959205582394,12.466451959205582,2.3349436392914655
220,42.31749865807837,0.013419216317767043,39.801395598497045,,1.0466988727858293,2.01959205582394,12.466451959205582,2.3349436392914655
221,42.31749865807837,0.013419216317767043,39.801395598497045,,1.0466988727858293,2.01959205582394,12.466451959205582,2.3349436392914655
222,42.31749865807837,0.013419216317767043,39.801395598497045,,1.0466988727858293,2.01959205582394,12.466451959205582,2.3349436392914655
223,42.31749865807837,0.013419216317767043,39.801395598497045,,1.0466988727858293,2.01959205582394,12.466451959205582,2.3349436392914655
224,42.31749865807837,0.013419216317767043,39.801395598497045,,1.0466988727858293,2.01959205582394,12.466451959205582,2.3349436392914655
225,42.31749865807837,0.013419216317767043,39.801395598497045,,1.0466988727858293,2.01959205582394,12.466451959205582,2.3349436392914655
226,43.45813204508857,0.013419216317767043,39.801395598497045,,1.0466988727858293,2.01959205582394,11.325818572195384,2.3349436392914655
227,43.45813204508857,0.013419216317767043,39.801395598497045,,1.0466988727858293,2.01959205582394,11.325818572195384,2.3349436392914655
228,43.45813204508857,0.013419216317767043,39.801395598497045,,1.0466988727858293,2.01959205582394,11.325818572195384,2.3349436392914655
229,43.45813204508857,0.013419216317767043,39.801395598497045,,1.0466988727858293,2.01959205582394,11.325818572195384,2.3349436392914655
230,43.45813204508857,0.013419216317767043,39.801395598497045,,1.0466988727858293,2.01959205582394,11.325818572195384,2.3349436392914655
231,43.45813204508857,0.013419216317767043,39.801395598497045,,1.0466988727858293,2.01959205582394,11.325818572195384,2.3349436392914655
232,43.45813204508857,0.013419216317767043,39.801395598497045,,1.0466988727858293,2.01959205582394,11.325818572195384,2.3349436392914655
233,44.196188942565755,0.013419216317767043,39.06333870101986,,1.0466988727858293,2.01959205582394,11.325818572195384,2.3349436392914655
234,44.196188942565755,0.013419216317767043,39.06333870101986,,1.0466988727858293,2.01959205582394,11.325818572195384,2.3349436392914655
235,44.196188942565755,0.013419216317767043,39.06333870101986,,1.0466988727858293,2.01959205582394,11.325818572195384,2.3349436392914655
236,44.196188942565755,0.013419216317767043,39.06333870101986,,1.0466988727858293,2.01959205582394,11.325818572195384,2.3349436392914655
237,44.196188942565755,0.013419216317767043,39.06333870101986,,1.0466988727858293,2.01959205582394,11.325818572195384,2.3349436392914655
238,44.20960815888352,0.013419216317767043,39.049919484702095,,1.0466988727858293,2.01959205582394,11.325818572195384,2.3349436392914655
239,44.20960815888352,0.013419216317767043,39.049919484702095,,1.0466988727858293,2.01959205582394,11.325818572195384,2.3349436392914655
240,44.20960815888352,0.013419216317767043,39.049919484702095,,1.0466988727858293,2.01959205582394,11.325818572195384,2.3349436392914655
241,44.20960815888352,0.013419216317767043,39.049919484702095,,1.0466988727858293,2.01959205582394,11.325818572195384,2.3349436392914655
242,44.20960815888352,0.013419216317767043,39.049919484702095,,1.0466988727858293,2.01959205582394,11.325818572195384,2.3349436392914655
243,44.20960815888352,0.013419216317767043,39.049919484702095,,1.0466988727858293,2.01959205582394,11.325818572195384,2.3349436392914655
244,44.20960815888352,0.013419216317767043,39.049919484702095,,1.0466988727858293,2.01959205582394,11.325818572195384,2.3349436392914655
245,44.20960815888352,0.013419216317767043,39.049919484702095,,1.0466988727858293,2.01959205582394,11.325818572195384,2.3349436392914655
246,44.20960815888352,0.013419216317767043,39.049919484702095,,1.0466988727858293,2.01959205582394,11.325818572195384,2.3349436392914655
247,44.20960815888352,0.013419216317767043,39.049919484702095,,1.0466988727858293,2.01959205582394,11.325818572195384,2.3349436392914655
248,44.20960815888352,0.013419216317767043,39.049919484702095,,1.0466988727858293,2.01959205582394,11.325818572195384,2.3349436392914655
249,44.20960815888352,0.013419216317767043,39.049919484702095,,1.0466988727858293,2.01959205582394,11.325818572195384,2.3349436392914655
250,45.46430488459474,0.013419216317767043,39.049919484702095,,1.0466988727858293,2.01959205582394,10.071121846484166,2.3349436392914655
251,45.46430488459474,0.013419216317767043,39.049919484702095,,1.0466988727858293,2.01959205582394,10.071121846484166,2.3349436392914655
252,45.46430488459474,0.013419216317767043,39.049919484702095,,1.0466988727858293,2.01959205582394,10.071121846484166,2.3349436392914655
253,45.46430488459474,0.013419216317767043,39.049919484702095,,1.0466988727858293,2.01959205582394,10.071121846484166,2.3349436392914655
254,45.46430488459474,0.013419216317767043,39.049919484702095,,1.0466988727858293,2.01959205582394,10.071121846484166,2.3349436392914655
255,45.46430488459474,0.013419216317767043,39.049919484702095,,1.0466988727858293,2.01959205582394,10.071121846484166,2.3349436392914655
256,45.46430488459474,0.013419216317767043,39.049919484702095,,1.0466988727858293,2.01959205582394,10.071121846484166,2.3349436392914655
257,45.46430488459474,0.013419216317767043,39.049919484702095,,1.0466988727858293,2.01959205582394,10.071121846484166,2.3349436392914655
258,45.46430488459474,0.013419216317767043,39.049919484702095,,1.0466988727858293,2.01959205582394,10.071121846484166,2.3349436392914655
259,45.46430488459474,0.013419216317767043,39.049919484702095,,1.0466988727858293,2.01959205582394,10.071121846484166,2.3349436392914655
260,45.46430488459474,0.013419216317767043,39.049919484702095,,1.0466988727858293,2.01959205582394,10.071121846484166,2.3349436392914655
261,45.46430488459474,0.013419216317767043,39.049919484702095,,1.0466988727858293,2.01959205582394,10.071121846484166,2.3349436392914655
262,45.46430488459474,0.013419216317767043,39.049919484702095,,1.0466988727858293,2.01959205582394,10.071121846484166,2.3349436392914655
263,45.46430488459474,0.013419216317767043,39.049919484702095,,1.0466988727858293,2.01959205582394,10.071121846484166,2.3349436392914655
264,45.46430488459474,0.013419216317767043,39.049919484702095,,1.0466988727858293,2.01959205582394,10.071121846484166,2.3349436392914655
265,45.46430488459474,0.013419216317767043,39.049919484702095,,1.0466988727858293,2.01959205582394,10.071121846484166,2.3349436392914655
266,45.46430488459474,0.013419216317767043,39.049919484702095,,1.0466988727858293,2.01959205582394,10.071121846484166,2.3349436392914655
267,45.46430488459474,0.013419216317767043,39.049919484702095,,1.0466988727858293,2.01959205582394,10.071121846484166,2.3349436392914655
268,45.46430488459474,0.013419216317767043,39.049919484702095,,1.0466988727858293,2.01959205582394,10.071121846484166,2.3349436392914655
269,45.46430488459474,0.013419216317767043,39.049919484702095,,1.0466988727858293,2.01959205582394,10.071121846484166,2.3349436392914655
270,45.46430488459474,0.013419216317767043,39.049919484702095,,1.0466988727858293,2.01959205582394,10.071121846484166,2.3349436392914655
271,45.46430488459474,0.013419216317767043,39.049919484702095,,1.0466988727858293,2.01959205582394,10.071121846484166,2.3349436392914655
272,45.46430488459474,0.013419216317767043,39.049919484702095,,1.0466988727858293,2.01959205582394,10.071121846484166,2.3349436392914655
273,45.46430488459474,0.013419216317767043,39.049919484702095,,1.0466988727858293,2.01959205582394,10.071121846484166,2.3349436392914655
274,45.46430488459474,0.013419216317767043,39.049919484702095,,1.0466988727858293,2.01959205582394,10.071121846484166,2.3349436392914655
275,45.46430488459474,0.013419216317767043,39.049919484702095,,1.0466988727858293,2.01959205582394,10.071121846484166,2.3349436392914655
276,45.46430488459474,0.013419216317767043,39.049919484702095,,1.0466988727858293,2.01959205582394,10.071121846484166,2.3349436392914655
277,45.46430488459474,0.013419216317767043,39.049919484702095,,1.0466988727858293,2.01959205582394,10.071121846484166,2.3349436392914655
278,46.19565217391305,0.013419216317767043,38.31857219538379,,1.0466988727858293,2.01959205582394,10.071121846484166,2.3349436392914655
279,46.19565217391305,0.013419216317767043,38.31857219538379,,1.0466988727858293,2.01959205582394,10.071121846484166,2.3349436392914655
280,46.19565217391305,0.013419216317767043,38.31857219538379,,1.0466988727858293,2.01959205582394,10.071121846484166,2.3349436392914655
281,46.77938808373591,0.013419216317767043,37.734836285560924,,1.0466988727858293,2.01959205582394,10.071121846484166,2.3349436392914655
282,46.77938808373591,0.013419216317767043,37.734836285560924,,1.0466988727858293,2.01959205582394,10.071121846484166,2.3349436392914655
283,46.77938808373591,0.013419216317767043,37.734836285560924,,1.0466988727858293,2.01959205582394,10.071121846484166,2.3349436392914655
284,46.77938808373591,0.013419216317767043,37.734836285560924,,1.0466988727858293,2.01959205582394,10.071121846484166,2.3349436392914655
285,46.77938808373591,0.013419216317767043,37.734836285560924,,1.0466988727858293,2.01959205582394,10.071121846484166,2.3349436392914655
286,46.77938808373591,0.013419216317767043,37.734836285560924,,1.0466988727858293,2.01959205582394,10.071121846484166,2.3349436392914655
287,46.77938808373591,0.013419216317767043,37.734836285560924,,1.0466988727858293,2.01959205582394,10.071121846484166,2.3349436392914655
288,46.77938808373591,0.013419216317767043,37.734836285560924,,1.0466988727858293,2.01959205582394,10.071121846484166,2.3349436392914655
289,46.88003220611916,,37.64761137949544,,1.0466988727858293,2.01959205582394,10.071121846484166,2.3349436392914655
290,46.88003220611916,,37.64761137949544,,1.0466988727858293,2.01959205582394,10.071121846484166,2.3349436392914655
291,46.88003220611916,,37.64761137949544,,1.0466988727858293,2.01959205582394,10.071121846484166,2.3349436392914655
292,46.88003220611916,,37.64761137949544,,1.0466988727858293,2.01959205582394,10.071121846484166,2.3349436392914655
293,46.88003220611916,,37.64761137949544,,1.0466988727858293,2.01959205582394,10.071121846484166,2.3349436392914655
294,46.88003220611916,,37.64761137949544,,1.0466988727858293,2.01959205582394,10.071121846484166,2.3349436392914655
295,46.88003220611916,,37.64761137949544,,1.0466988727858293,2.01959205582394,10.071121846484166,2.3349436392914655
296,46.88003220611916,,37.64761137949544,,1.0466988727858293,2.01959205582394,10.071121846484166,2.3349436392914655
297,46.88003220611916,,37.64761137949544,,1.0466988727858293,2.01959205582394,10.071121846484166,2.3349436392914655
298,46.88003220611916,,37.64761137949544,,1.0466988727858293,2.01959205582394,10.071121846484166,2.3349436392914655
299,46.88003220611916,,37.64761137949544,,1.0466988727858293,2.01959205582394,10.071121846484166,2.3349436392914655
300,46.88003220611916,,37.64761137949544,,1.0466988727858293,2.01959205582394,10.071121846484166,2.3349436392914655
301,46.88003220611916,,37.64761137949544,,1.0466988727858293,2.01959205582394,10.071121846484166,2.3349436392914655
302,46.88003220611916,,37.64761137949544,,1.0466988727858293,2.01959205582394,10.071121846484166,2.3349436392914655
303,46.88003220611916,,37.64761137949544,,1.0466988727858293,2.01959205582394,10.071121846484166,2.3349436392914655
304,46.88003220611916,,37.64761137949544,,1.0466988727858293,2.01959205582394,10.071121846484166,2.3349436392914655
305,46.88003220611916,,37.64761137949544,,1.0466988727858293,2.01959205582394,10.071121846484166,2.3349436392914655
306,46.88003220611916,,37.64761137949544,,1.0466988727858293,2.01959205582394,10.071121846484166,2.3349436392914655
307,46.88003220611916,,37.64761137949544,,1.0466988727858293,2.01959205582394,10.071121846484166,2.3349436392914655
308,46.88003220611916,,37.64761137949544,,1.0466988727858293,2.01959205582394,10.071121846484166,2.3349436392914655
309,46.88674181427805,,37.64090177133655,,1.0466988727858293,2.01959205582394,10.071121846484166,2.3349436392914655
310,46.88674181427805,,37.64090177133655,,1.0466988727858293,2.01959205582394,10.071121846484166,2.3349436392914655
311,46.88674181427805,,37.64090177133655,,1.0466988727858293,2.01959205582394,10.071121846484166,2.3349436392914655
312,46.88674181427805,,37.64090177133655,,1.0466988727858293,2.01959205582394,10.071121846484166,2.3349436392914655
313,46.88674181427805,,37.64090177133655,,1.0466988727858293,2.01959205582394,10.071121846484166,2.3349436392914655
314,46.88674181427805,,37.64090177133655,,1.0466988727858293,2.01959205582394,10.071121846484166,2.3349436392914655
315,46.88674181427805,,37.64090177133655,,1.0466988727858293,2.01959205582394,10.071121846484166,2.3349436392914655
316,46.88674181427805,,37.64090177133655,,1.0466988727858293,2.01959205582394,10.071121846484166,2.3349436392914655
317,46.88674181427805,,37.64090177133655,,1.0466988727858293,2.01959205582394,10.071121846484166,2.3349436392914655
318,46.88674181427805,,37.64090177133655,,1.0466988727858293,2.01959205582394,10.071121846484166,2.3349436392914655
