,40,45,50,51,52,54,53,55,49
0,0.6977992485238862,97.8797638217928,1.4224369296833066,,,,,,
1,0.6977992485238862,96.11513687600645,3.1870638754696725,,,,,,
2,1.482823403113258,95.33011272141707,3.1870638754696725,,,,,,
3,1.133923778851315,72.47047772410092,26.39559849704777,,,,,,
4,1.5499194847020934,72.47047772410092,25.979602791196996,,,,,,
5,2.1604938271604937,68.73322597960279,25.623993558776167,3.4822866344605474,,,,,
6,2.7509393451422435,67.61272141706924,26.154052603327965,3.4822866344605474,,,,,
7,2.4691358024691357,65.72061191626409,25.77831454643049,6.031937734836285,,,,,
8,2.8650026838432634,61.66129898013956,29.441760601180892,6.031937734836285,,,,,
9,3.878153515834675,60.581052066559316,26.596886741814277,5.978260869565218,1.8115942028985508,1.1540526033279657,,,
10,3.878153515834675,60.581052066559316,26.596886741814277,5.978260869565218,1.8115942028985508,1.1540526033279657,,,
11,4.247181964573269,60.21202361782072,26.596886741814277,5.978260869565218,1.8115942028985508,1.1540526033279657,,,
12,3.9586688137412773,57.347020933977454,29.07944176060118,5.978260869565218,1.8115942028985508,1.1540526033279657,0.6709608158883521,,
13,3.878153515834675,56.34057971014493,30.16639828234031,5.978260869565218,1.8115942028985508,1.1540526033279657,0.6709608158883521,,
14,4.320987654320987,55.34755770263017,29.320987654320987,5.978260869565218,2.5026838432635534,1.1540526033279657,0.6709608158883521,0.7045088566827697,
15,4.851046698872786,44.73966720343532,38.58024691358025,5.8239398819108965,2.5026838432635534,1.1540526033279657,0.6709608158883521,1.6774020397208802,
16,4.864465915190553,44.41089640365003,36.9296833064949,5.8239398819108965,4.636339237788513,1.1540526033279657,0.6709608158883521,1.5096618357487923,
17,5.770263016639828,43.43129361245303,36.560654857756305,4.7101449275362315,6.1929683306494905,1.1540526033279657,0.6709608158883521,1.5096618357487923,
18,5.770263016639828,43.43129361245303,36.560654857756305,4.7101449275362315,6.1929683306494905,1.1540526033279657,0.6709608158883521,1.5096618357487923,
19,5.763553408480945,43.43129361245303,35.849436392914654,5.152979066022544,5.736714975845411,1.1540526033279657,0.6709608158883521,2.2410091250670963,
20,5.179817498658078,38.94256575415996,39.95571658615137,6.702898550724638,5.736714975845411,1.1540526033279657,0.08722490606548577,2.2410091250670963,
21,5.025496511003757,35.67498658078368,42.1027911969941,6.280193236714976,7.541599570585078,1.1540526033279657,0.08722490606548577,2.13365539452496,
22,3.965378421900161,29.931561996779386,54.39479334406871,5.179817498658078,4.38137412775094,0.8051529790660226,0.08722490606548577,1.2546967257112185,
23,4.696725711218465,29.17337627482555,54.42163177670424,5.179817498658078,4.38137412775094,0.8051529790660226,0.08722490606548577,1.2546967257112185,
24,5.394524959742351,28.931830381105744,53.52925389157273,5.179817498658078,3.92512077294686,1.6975308641975309,0.08722490606548577,1.2546967257112185,
25,5.683038110574342,27.583199141170155,53.50912506709608,6.340579710144928,3.878153515834675,1.6639828234031133,0.08722490606548577,1.2546967257112185,
26,6.0587761674718195,27.314814814814813,53.48899624261943,6.340579710144928,3.878153515834675,1.5767579173376274,0.08722490606548577,1.2546967257112185,
27,6.595544820182502,27.314814814814813,52.69726247987118,5.783682232957595,3.878153515834675,2.3886205045625335,0.08722490606548577,1.2546967257112185,
28,8.11862587224906,26.99946323134729,51.489533011272144,5.783682232957595,3.878153515834675,3.046162104133119,0.08722490606548577,0.5971551261406334,
29,8.507783145464305,26.617015566290927,50.946054750402574,5.783682232957595,3.878153515834675,2.8918411164787976,0.08722490606548577,1.288244766505636,
30,8.507783145464305,26.617015566290927,50.946054750402574,5.783682232957595,3.878153515834675,2.8918411164787976,0.08722490606548577,1.288244766505636,
31,8.507783145464305,26.617015566290927,49.97987117552335,5.783682232957595,3.878153515834675,2.8918411164787976,0.08722490606548577,2.254428341384863,
32,8.769457863660762,26.35534084809447,49.97987117552335,5.783682232957595,3.878153515834675,2.8918411164787976,0.08722490606548577,2.254428341384863,
33,9.272678475577026,26.093666129898015,47.16183574879227,9.118357487922705,3.730542136339238,2.8918411164787976,0.08722490606548577,1.6438539989264627,
34,9.192163177670425,25.523349436392916,46.07487922705314,9.118357487922705,3.730542136339238,2.8918411164787976,1.288244766505636,2.1806226516371443,
35,9.400161030595813,25.127482555018787,45.591787439613526,8.950617283950617,3.730542136339238,3.3682232957595275,1.288244766505636,2.5429414922168547,
36,9.75577026301664,25.127482555018787,44.867149758454104,8.950617283950617,3.730542136339238,3.3682232957595275,1.288244766505636,2.9119699409554483,
37,9.990606548577563,24.892646269457863,44.22302737520129,8.950617283950617,3.730542136339238,4.019055287171229,1.288244766505636,2.9052603327965647,
38,7.561728395061729,17.12962962962963,58.2662372517445,7.340311325818572,2.804616210413312,4.012345679012346,0.08722490606548577,2.7979066022544283,
39,7.561728395061729,17.12962962962963,58.2662372517445,7.340311325818572,2.804616210413312,4.012345679012346,0.08722490606548577,2.7979066022544283,
40,6.991411701556629,16.17686527106817,56.50161030595813,7.340311325818572,5.434782608695652,4.683306494900698,0.08722490606548577,2.7844873859366612,
41,7.192699946323135,15.881642512077295,56.857219538378956,7.340311325818572,5.173107890499195,4.683306494900698,0.08722490606548577,2.7844873859366612,
42,7.206119162640902,14.640365002683843,57.360440150295226,7.340311325818572,5.173107890499195,4.683306494900698,0.08722490606548577,3.5091250670960816,
43,8.051529790660226,14.640365002683843,57.2463768115942,7.340311325818572,5.173107890499195,4.414922168545357,0.08722490606548577,3.046162104133119,
44,8.507783145464305,14.096886741814279,57.52818035426731,7.340311325818572,5.018786902844874,4.38137412775094,0.08722490606548577,3.0394524959742353,
45,8.76274825550188,13.841921631776705,55.414653784219,7.340311325818572,4.804079441760601,4.38137412775094,2.4154589371980677,3.0394524959742353,
46,9.151905528717123,13.841921631776705,55.27375201288245,7.340311325818572,4.804079441760601,4.38137412775094,2.167203435319377,3.0394524959742353,
47,9.151905528717123,13.841921631776705,53.475577026301664,7.273215244229737,5.609232420826624,4.106280193236715,2.086688137412775,4.455179817498658,
48,7.769726247987117,11.654589371980677,62.60064412238325,6.146001073537305,4.542404723564144,1.724369296833065,2.086688137412775,3.475577026301664,
49,7.991143317230274,11.654589371980677,61.66800858829844,6.146001073537305,4.542404723564144,1.724369296833065,2.086688137412775,4.186795491143317,
50,8.433977455716587,11.654589371980677,61.22517444981213,6.146001073537305,4.542404723564144,1.724369296833065,2.086688137412775,4.186795491143317,
51,9.03113258185722,11.654589371980677,60.628019323671495,6.146001073537305,4.542404723564144,1.724369296833065,2.086688137412775,4.186795491143317,
52,9.03113258185722,11.654589371980677,60.628019323671495,6.146001073537305,4.542404723564144,1.724369296833065,2.086688137412775,4.186795491143317,
53,9.03113258185722,11.654589371980677,60.628019323671495,6.146001073537305,4.542404723564144,1.724369296833065,2.086688137412775,4.186795491143317,
54,9.03113258185722,11.654589371980677,60.628019323671495,6.146001073537305,4.542404723564144,1.724369296833065,2.086688137412775,4.186795491143317,
55,8.964036500268385,11.426462694578637,60.09125067096082,6.146001073537305,4.542404723564144,1.724369296833065,2.086688137412775,5.018786902844874,
56,9.46725711218465,10.721953837895867,60.76221148684917,6.146001073537305,4.079441760601181,1.724369296833065,2.0799785292538915,5.018786902844874,
57,9.426999463231347,10.171765968867419,61.35265700483092,6.146001073537305,4.079441760601181,1.724369296833065,2.0799785292538915,5.018786902844874,
58,9.554482018250134,10.044283413848632,61.07085346215781,5.897745571658615,4.079441760601181,2.254428341384863,2.0799785292538915,5.018786902844874,
59,9.836285560923242,8.125335480407944,62.70799785292539,5.897745571658615,4.079441760601181,2.254428341384863,2.0799785292538915,5.018786902844874,
60,9.836285560923242,8.125335480407944,62.70799785292539,5.897745571658615,4.079441760601181,2.254428341384863,2.0799785292538915,5.018786902844874,
61,9.722222222222221,8.125335480407944,59.45383789586688,9.567901234567902,4.079441760601181,1.3955984970477724,2.0799785292538915,5.5756843800322065,
62,9.883252818035427,8.085077831454644,58.55475040257649,9.460547504025765,4.079441760601181,1.3955984970477724,2.0799785292538915,6.461352657004831,
63,9.373322597960279,8.011272141706923,58.279656468062264,9.306226516371444,3.898282340311326,1.0802469135802468,2.871712292002147,7.179280730005368,
64,9.205582393988191,6.743156199677939,57.2866344605475,11.869296833064949,2.3886205045625335,1.9659151905528718,3.670155662909286,6.870638754696726,
65,10.44015029522276,6.662640901771336,56.21309715512614,11.869296833064949,2.3886205045625335,1.9659151905528718,3.589640365002684,6.870638754696726,
66,10.44015029522276,6.662640901771336,56.21309715512614,11.869296833064949,2.3886205045625335,1.9659151905528718,3.589640365002684,6.870638754696726,
67,11.345947396672035,6.662640901771336,55.67632850241546,11.500268384326356,2.3886205045625335,1.9659151905528718,3.589640365002684,6.870638754696726,
68,11.064143853998926,6.662640901771336,55.112721417069245,10.379763821792807,3.1199677938808374,2.7979066022544283,3.589640365002684,7.273215244229737,
69,11.064143853998926,6.662640901771336,52.75764895330113,12.453032742887816,3.1199677938808374,2.7844873859366612,3.8848631239935587,7.273215244229737,
70,11.473429951690822,6.199677938808374,52.93880837359098,12.325550187869029,3.1199677938808374,2.7844873859366612,3.8848631239935587,7.273215244229737,
71,11.285560923242082,6.199677938808374,52.281266774020395,12.325550187869029,3.1199677938808374,2.7844873859366612,3.8848631239935587,8.11862587224906,
72,10.742082662372518,5.924584004294149,50.80515297906602,12.325550187869029,3.1199677938808374,4.7101449275362315,3.730542136339238,8.641975308641975,
73,10.742082662372518,5.924584004294149,50.80515297906602,12.325550187869029,3.1199677938808374,4.7101449275362315,3.730542136339238,8.641975308641975,
74,10.742082662372518,5.924584004294149,50.80515297906602,12.325550187869029,3.1199677938808374,4.7101449275362315,3.730542136339238,8.641975308641975,
75,10.473698336017177,5.850778314546431,50.691089640365,12.325550187869029,3.1199677938808374,4.7101449275362315,3.730542136339238,9.098228663446054,
76,10.473698336017177,5.850778314546431,50.691089640365,12.325550187869029,3.1199677938808374,4.7101449275362315,3.730542136339238,9.098228663446054,
77,10.909822866344605,5.850778314546431,49.61084272678475,12.325550187869029,3.1199677938808374,4.7101449275362315,3.730542136339238,9.742351046698873,
78,10.909822866344605,5.837359098228664,49.61084272678475,12.184648416532475,3.2742887815351582,4.7101449275362315,3.730542136339238,9.742351046698873,
79,11.701556629092861,5.837359098228664,48.960010735373054,12.184648416532475,3.2742887815351582,4.7101449275362315,3.730542136339238,9.601449275362318,
80,11.701556629092861,5.837359098228664,48.349436392914654,12.184648416532475,3.2742887815351582,4.7101449275362315,4.341116478797638,9.601449275362318,
81,11.701556629092861,5.837359098228664,48.34272678475577,12.184648416532475,3.2206119162640903,5.287171229200215,3.824476650563607,9.601449275362318,
82,11.701556629092861,5.837359098228664,48.34272678475577,11.506977992485238,3.2206119162640903,5.287171229200215,4.502147074610843,9.601449275362318,
83,11.198336017176597,5.837359098228664,47.497316156736446,11.191626409017713,4.884594739667204,5.287171229200215,4.502147074610843,9.601449275362318,
84,11.493558776167472,5.810520665593129,47.30273752012882,11.117820719269995,4.884594739667204,5.287171229200215,4.502147074610843,9.601449275362318,
85,11.681427804616211,5.810520665593129,46.88674181427805,11.117820719269995,4.884594739667204,5.287171229200215,4.159957058507783,10.171765968867419,
86,11.976650563607086,5.810520665593129,46.792807300053674,11.117820719269995,4.7638217928073,5.2066559312936125,4.159957058507783,10.171765968867419,
87,11.976650563607086,5.810520665593129,46.792807300053674,11.117820719269995,4.7638217928073,5.2066559312936125,4.159957058507783,10.171765968867419,
88,11.882716049382717,5.428073000536768,47.26918947933441,11.117820719269995,4.7638217928073,5.2066559312936125,4.159957058507783,10.171765968867419,
89,12.325550187869029,5.428073000536768,46.826355340848096,11.117820719269995,4.7638217928073,5.2066559312936125,4.159957058507783,10.171765968867419,
90,12.513419216317766,5.428073000536768,46.725711218464845,10.601180891035963,5.421363392377885,5.2066559312936125,4.159957058507783,9.943639291465379,
91,12.070585077831455,5.428073000536768,46.31642512077295,10.379763821792807,5.159688674181428,6.078904991948471,4.74369296833065,9.822866344605474,
92,12.070585077831455,5.428073000536768,46.31642512077295,10.379763821792807,5.159688674181428,6.078904991948471,4.74369296833065,9.822866344605474,
93,12.365807836822329,5.428073000536768,46.30971551261406,10.171765968867419,5.159688674181428,6.078904991948471,4.663177670424047,9.822866344605474,
94,12.352388620504563,5.428073000536768,45.78636607622115,10.171765968867419,5.837359098228664,6.078904991948471,3.938539989264627,10.406602254428341,
95,12.352388620504563,5.428073000536768,45.78636607622115,10.171765968867419,5.837359098228664,6.078904991948471,3.938539989264627,10.406602254428341,
96,12.352388620504563,5.428073000536768,45.78636607622115,10.171765968867419,5.837359098228664,6.078904991948471,3.938539989264627,10.406602254428341,
97,12.258454106280194,5.428073000536768,45.06172839506173,10.171765968867419,5.837359098228664,6.078904991948471,3.938539989264627,11.225174449812132,
98,12.258454106280194,5.428073000536768,45.06172839506173,10.171765968867419,5.837359098228664,6.078904991948471,3.938539989264627,11.225174449812132,
99,12.640901771336553,5.320719269994632,44.18947933440687,10.171765968867419,5.837359098228664,6.078904991948471,3.938539989264627,11.822329575952764,
100,13.036768652710682,5.320719269994632,43.31052066559313,10.171765968867419,5.837359098228664,6.078904991948471,3.938539989264627,12.305421363392378,
101,12.781803542673108,5.320719269994632,42.41814278046162,10.0979602791197,5.6964573268921095,6.890767579173376,3.938539989264627,12.305421363392378,0.5501878690284487
102,12.781803542673108,5.320719269994632,42.41814278046162,10.0979602791197,5.6964573268921095,6.890767579173376,3.938539989264627,12.305421363392378,0.5501878690284487
103,12.587224906065487,5.320719269994632,41.98201825013419,10.446859903381643,5.6964573268921095,7.581857219538379,3.938539989264627,11.896135265700483,0.5501878690284487
104,12.587224906065487,5.018786902844874,41.358024691358025,10.446859903381643,5.6964573268921095,7.581857219538379,3.938539989264627,12.822061191626409,0.5501878690284487
105,12.587224906065487,5.018786902844874,40.284487385936664,10.446859903381643,5.6964573268921095,7.581857219538379,3.938539989264627,13.895598497047773,0.5501878690284487
106,13.050187869028449,5.018786902844874,39.801395598497045,10.446859903381643,5.676328502415459,7.5348899624261945,3.938539989264627,13.982823403113258,0.5501878690284487
107,13.298443370907139,5.018786902844874,39.55314009661836,10.312667740203972,5.810520665593129,7.5348899624261945,3.938539989264627,13.982823403113258,0.5501878690284487
108,13.855340848094471,5.018786902844874,39.38539989264627,10.104669887278583,5.810520665593129,7.4208266237251745,3.8714439076757916,13.982823403113258,0.5501878690284487
109,13.768115942028986,4.569243156199678,39.61352657004831,10.104669887278583,5.810520665593129,7.75630703166935,3.8714439076757916,13.955984970477724,0.5501878690284487
110,13.768115942028986,4.569243156199678,39.61352657004831,10.104669887278583,5.810520665593129,7.75630703166935,3.8714439076757916,13.955984970477724,0.5501878690284487
111,13.352120236178207,4.569243156199678,39.47933440687064,10.104669887278583,5.542136339237788,8.239398819108963,4.367954911433173,13.79495437466452,0.5501878690284487
112,13.352120236178207,4.569243156199678,39.47933440687064,10.104669887278583,5.542136339237788,8.239398819108963,4.367954911433173,13.79495437466452,0.5501878690284487
113,13.352120236178207,4.569243156199678,39.47933440687064,10.319377348362856,5.3274288781535155,8.239398819108963,4.367954911433173,13.79495437466452,0.5501878690284487
114,13.808373590982287,4.569243156199678,39.371980676328505,10.319377348362856,5.3274288781535155,8.205850778314547,4.367954911433173,13.479602791196994,0.5501878690284487
115,13.942565754159958,4.488727858293076,39.36527106816962,10.319377348362856,5.3274288781535155,8.474235104669887,4.052603327965647,13.479602791196994,0.5501878690284487
116,14.15727321524423,4.468599033816425,39.42565754159957,10.064412238325282,5.3274288781535155,8.474235104669887,4.052603327965647,13.479602791196994,0.5501878690284487
117,14.579978529253891,4.300858829844337,39.190821256038646,10.044283413848632,5.3274288781535155,8.474235104669887,4.052603327965647,13.479602791196994,0.5501878690284487
118,14.875201288244767,3.824476650563607,39.16398282340311,10.25228126677402,5.3274288781535155,8.474235104669887,4.052603327965647,13.479602791196994,0.5501878690284487
119,14.875201288244767,3.824476650563607,39.16398282340311,10.25228126677402,5.3274288781535155,8.474235104669887,4.052603327965647,13.479602791196994,0.5501878690284487
120,15.177133655394526,3.824476650563607,38.84192163177671,10.071121846484166,5.3274288781535155,8.319914117015566,4.052603327965647,13.83521202361782,0.5501878690284487
121,15.083199141170155,3.824476650563607,38.35212023617821,10.071121846484166,5.24020397208803,8.319914117015566,4.723564143853999,13.83521202361782,0.5501878690284487
122,15.083199141170155,3.824476650563607,38.33870101986044,10.064412238325282,5.24020397208803,8.621846484165324,4.723564143853999,13.553408480944713,0.5501878690284487
123,15.083199141170155,3.824476650563607,38.33870101986044,10.064412238325282,5.24020397208803,8.621846484165324,4.723564143853999,13.553408480944713,0.5501878690284487
124,15.774288781535159,3.824476650563607,38.05018786902845,9.769189479334408,5.233494363929147,8.53462157809984,4.723564143853999,13.539989264626946,0.5501878690284487
125,15.774288781535159,3.824476650563607,37.96296296296296,9.769189479334408,5.233494363929147,8.621846484165324,4.723564143853999,13.539989264626946,0.5501878690284487
126,15.774288781535159,3.824476650563607,37.96296296296296,9.769189479334408,5.233494363929147,8.621846484165324,4.723564143853999,13.539989264626946,0.5501878690284487
127,15.774288781535159,3.824476650563607,37.96296296296296,9.769189479334408,5.233494363929147,8.621846484165324,4.723564143853999,13.539989264626946,0.5501878690284487
128,15.774288781535159,3.824476650563607,37.90257648953301,9.769189479334408,5.233494363929147,9.198872785829307,4.723564143853999,13.023349436392914,0.5501878690284487
129,15.774288781535159,3.824476650563607,37.72812667740204,9.769189479334408,4.85775630703167,9.749060654857756,4.723564143853999,13.023349436392914,0.5501878690284487
130,15.774288781535159,3.824476650563607,37.72812667740204,9.769189479334408,4.85775630703167,9.749060654857756,4.723564143853999,13.023349436392914,0.5501878690284487
131,15.774288781535159,3.824476650563607,37.72812667740204,9.769189479334408,4.85775630703167,9.749060654857756,4.723564143853999,13.023349436392914,0.5501878690284487
132,15.774288781535159,3.824476650563607,37.72812667740204,9.769189479334408,4.85775630703167,9.749060654857756,4.723564143853999,13.023349436392914,0.5501878690284487
133,16.015834675254965,3.824476650563607,37.36580783682233,9.769189479334408,4.830917874396135,10.218733225979603,4.723564143853999,12.701288244766506,0.5501878690284487
134,16.23725174449812,3.824476650563607,37.285292538915726,9.769189479334408,4.830917874396135,10.218733225979603,4.723564143853999,12.560386473429952,0.5501878690284487
135,16.23725174449812,3.824476650563607,37.063875469672574,9.567901234567902,5.407944176060118,10.567632850241546,4.3478260869565215,12.432903918411165,0.5501878690284487
136,16.23725174449812,3.824476650563607,37.063875469672574,9.567901234567902,5.407944176060118,10.567632850241546,4.3478260869565215,12.432903918411165,0.5501878690284487
137,15.747450348899624,3.5829307568438002,36.922973698336016,9.567901234567902,5.407944176060118,10.950080515297907,4.3478260869565215,12.922705314009661,0.5501878690284487
138,16.163446054750402,3.5829307568438002,36.87600644122383,9.567901234567902,5.407944176060118,10.748792270531402,4.3478260869565215,12.754965110037574,0.5501878690284487
139,16.398282340311326,3.5829307568438002,36.87600644122383,9.386741814278047,5.407944176060118,10.748792270531402,4.3478260869565215,12.754965110037574,0.49651100375738055
140,16.398282340311326,3.5829307568438002,36.68813741277509,9.386741814278047,5.407944176060118,11.714975845410628,4.3478260869565215,11.976650563607086,0.49651100375738055
141,16.398282340311326,3.5829307568438002,36.68813741277509,9.386741814278047,5.407944176060118,11.714975845410628,4.3478260869565215,11.976650563607086,0.49651100375738055
142,16.59957058507783,3.5829307568438002,36.56736446591519,9.386741814278047,5.407944176060118,11.768652710681696,4.3478260869565215,11.842458400429415,0.49651100375738055
143,16.59957058507783,3.5829307568438002,36.56736446591519,9.386741814278047,5.407944176060118,11.768652710681696,4.3478260869565215,11.842458400429415,0.49651100375738055
144,16.59957058507783,3.5829307568438002,36.56736446591519,9.386741814278047,5.407944176060118,11.768652710681696,4.3478260869565215,11.842458400429415,0.49651100375738055
145,16.59957058507783,3.5829307568438002,36.56736446591519,9.386741814278047,4.8376274825550185,11.708266237251744,4.978529253891573,11.842458400429415,0.49651100375738055
146,16.57944176060118,3.5829307568438002,36.56736446591519,9.386741814278047,4.8376274825550185,11.728395061728396,4.978529253891573,11.842458400429415,0.49651100375738055
147,16.57944176060118,3.5829307568438002,36.56736446591519,9.386741814278047,4.8376274825550185,11.728395061728396,4.978529253891573,11.842458400429415,0.49651100375738055
148,16.57944176060118,3.5829307568438002,36.56736446591519,9.386741814278047,4.8376274825550185,11.728395061728396,4.978529253891573,11.842458400429415,0.49651100375738055
149,17.028985507246375,3.5829307568438002,36.4398819108964,9.386741814278047,4.643048845947397,11.728395061728396,4.851046698872786,11.842458400429415,0.49651100375738055
150,17.028985507246375,3.5829307568438002,36.4398819108964,9.386741814278047,4.643048845947397,11.728395061728396,4.851046698872786,11.842458400429415,0.49651100375738055
151,17.028985507246375,3.5829307568438002,35.73537305421363,9.172034353193773,4.643048845947397,12.949543746645196,4.851046698872786,11.540526033279656,0.49651100375738055
152,17.028985507246375,3.5829307568438002,35.73537305421363,9.172034353193773,4.643048845947397,12.949543746645196,4.851046698872786,11.540526033279656,0.49651100375738055
153,17.505367686527105,3.5829307568438002,35.67498658078368,9.172034353193773,4.643048845947397,12.640901771336553,4.74369296833065,11.540526033279656,0.49651100375738055
154,17.74020397208803,3.5829307568438002,35.67498658078368,9.172034353193773,4.643048845947397,12.406065485775631,4.74369296833065,11.540526033279656,0.49651100375738055
155,17.66639828234031,3.5829307568438002,34.52093397745572,9.084809447128288,5.179817498658078,12.218196457326892,4.74369296833065,12.506709608158884,0.49651100375738055
156,17.941492216854535,3.5762211486849167,34.252549651100374,9.084809447128288,5.179817498658078,12.218196457326892,4.74369296833065,12.506709608158884,0.49651100375738055
157,18.12265163714439,3.5426731078904994,33.54804079441761,8.789586688137414,5.179817498658078,12.325550187869029,5.374396135265701,11.876006441223833,1.2412775093934514
158,18.12265163714439,3.5426731078904994,33.54804079441761,8.789586688137414,5.179817498658078,12.325550187869029,5.374396135265701,11.876006441223833,1.2412775093934514
159,17.579173376274827,3.5426731078904994,33.54804079441761,9.541062801932368,5.179817498658078,12.325550187869029,5.374396135265701,11.876006441223833,1.0332796564680622
160,17.330917874396135,3.5426731078904994,33.47423510466989,9.541062801932368,5.179817498658078,12.325550187869029,5.374396135265701,12.198067632850242,1.0332796564680622
161,17.028985507246375,3.4017713365539453,34.23242082662372,9.541062801932368,5.179817498658078,12.325550187869029,5.374396135265701,12.198067632850242,0.7179280730005367
162,17.498658078368223,3.4017713365539453,34.13177670424047,9.541062801932368,5.179817498658078,12.077294685990339,5.374396135265701,12.077294685990339,0.7179280730005367
163,17.498658078368223,3.4017713365539453,34.13177670424047,9.541062801932368,5.179817498658078,12.077294685990339,5.374396135265701,12.077294685990339,0.7179280730005367
164,17.726784755770264,3.4017713365539453,34.03113258185722,9.541062801932368,5.179817498658078,12.077294685990339,5.374396135265701,11.949812130971551,0.7179280730005367
165,17.726784755770264,3.4017713365539453,34.03113258185722,9.541062801932368,5.179817498658078,12.077294685990339,5.374396135265701,11.949812130971551,0.7179280730005367
166,17.579173376274827,2.9723564143853998,34.77589908749329,9.373322597960279,5.179817498658078,12.077294685990339,5.374396135265701,11.949812130971551,0.7179280730005367
167,17.579173376274827,2.9723564143853998,34.77589908749329,9.373322597960279,5.179817498658078,12.077294685990339,5.374396135265701,11.949812130971551,0.7179280730005367
168,17.579173376274827,2.9723564143853998,34.77589908749329,9.373322597960279,5.179817498658078,12.077294685990339,5.374396135265701,11.949812130971551,0.7179280730005367
169,17.47181964573269,2.9723564143853998,34.40016103059581,9.373322597960279,5.119431025228127,12.640901771336553,5.35426731078905,11.949812130971551,0.7179280730005367
170,17.47181964573269,2.9723564143853998,34.40016103059581,9.373322597960279,5.119431025228127,12.640901771336553,5.35426731078905,11.949812130971551,0.7179280730005367
171,17.47181964573269,2.9723564143853998,34.40016103059581,9.373322597960279,5.119431025228127,12.640901771336553,5.35426731078905,11.949812130971551,0.7179280730005367
172,17.47181964573269,2.9723564143853998,34.40016103059581,9.373322597960279,5.119431025228127,12.640901771336553,5.35426731078905,11.949812130971551,0.7179280730005367
173,17.800590445517983,2.9723564143853998,34.39345142243693,9.31964573268921,5.119431025228127,12.640901771336553,5.0858829844337095,11.949812130971551,0.7179280730005367
174,17.66639828234031,2.9723564143853998,34.896672034353195,8.950617283950617,5.119431025228127,12.640901771336553,5.0858829844337095,11.949812130971551,0.7179280730005367
175,17.66639828234031,2.9723564143853998,34.896672034353195,8.950617283950617,5.119431025228127,12.640901771336553,5.0858829844337095,11.949812130971551,0.7179280730005367
176,17.66639828234031,2.9723564143853998,34.896672034353195,8.950617283950617,5.119431025228127,12.640901771336553,5.0858829844337095,11.949812130971551,0.7179280730005367
177,17.66639828234031,2.9723564143853998,34.896672034353195,8.950617283950617,5.119431025228127,12.640901771336553,5.0858829844337095,11.949812130971551,0.7179280730005367
178,18.04213633923779,2.9723564143853998,34.896672034353195,8.950617283950617,5.10601180891036,12.432903918411165,5.0858829844337095,11.79549114331723,0.7179280730005367
179,18.04213633923779,2.9723564143853998,34.896672034353195,8.950617283950617,5.10601180891036,12.432903918411165,5.0858829844337095,11.79549114331723,0.7179280730005367
180,17.941492216854535,2.9723564143853998,34.74906065485776,8.950617283950617,5.10601180891036,12.218196457326892,5.0858829844337095,12.258454106280194,0.7179280730005367
181,17.941492216854535,2.9723564143853998,34.74906065485776,8.950617283950617,5.10601180891036,12.218196457326892,5.0858829844337095,12.258454106280194,0.7179280730005367
182,17.746913580246915,2.9723564143853998,34.634997316156735,8.80300590445518,5.10601180891036,12.184648416532475,5.5756843800322065,12.258454106280194,0.7179280730005367
183,17.746913580246915,2.9723564143853998,34.634997316156735,8.80300590445518,5.10601180891036,12.184648416532475,5.5756843800322065,12.258454106280194,0.7179280730005367
184,17.746913580246915,2.9723564143853998,34.634997316156735,8.80300590445518,5.10601180891036,12.184648416532475,5.5756843800322065,12.258454106280194,0.7179280730005367
185,18.02200751476114,2.9723564143853998,34.634997316156735,8.80300590445518,5.10601180891036,12.184648416532475,5.5756843800322065,11.98336017176597,0.7179280730005367
186,18.02200751476114,2.9723564143853998,34.634997316156735,8.80300590445518,5.10601180891036,12.184648416532475,5.5756843800322065,11.98336017176597,0.7179280730005367
187,18.290391841116477,2.9723564143853998,34.634997316156735,8.648684916800859,5.10601180891036,12.070585077831455,5.5756843800322065,11.98336017176597,0.7179280730005367
188,18.411164787976382,2.9589371980676327,34.024422973698336,8.648684916800859,5.10601180891036,12.057165861513688,6.092324208266238,11.98336017176597,0.7179280730005367
189,18.411164787976382,2.9589371980676327,34.024422973698336,8.648684916800859,5.10601180891036,12.057165861513688,6.092324208266238,11.98336017176597,0.7179280730005367
190,18.243424584004295,2.9589371980676327,34.19216317767042,8.648684916800859,5.10601180891036,12.057165861513688,6.092324208266238,11.98336017176597,0.7179280730005367
191,18.243424584004295,2.9589371980676327,34.19216317767042,8.648684916800859,5.10601180891036,12.057165861513688,6.092324208266238,11.98336017176597,0.7179280730005367
192,17.881105743424584,2.9589371980676327,34.09151905528717,8.648684916800859,5.10601180891036,12.72812667740204,6.092324208266238,11.77536231884058,0.7179280730005367
193,17.881105743424584,2.9589371980676327,34.09151905528717,8.648684916800859,5.10601180891036,12.72812667740204,6.092324208266238,11.77536231884058,0.7179280730005367
194,17.733494363929147,2.9589371980676327,34.09151905528717,8.259527643585615,5.763553408480945,12.72812667740204,5.971551261406334,11.77536231884058,0.7179280730005367
195,18.02200751476114,2.932098765432099,33.82984433709071,8.259527643585615,5.763553408480945,12.72812667740204,5.971551261406334,11.77536231884058,0.7179280730005367
196,18.02200751476114,2.932098765432099,33.78958668813741,8.259527643585615,5.6964573268921095,12.72812667740204,6.078904991948471,11.77536231884058,0.7179280730005367
197,18.02200751476114,2.932098765432099,33.78958668813741,8.259527643585615,5.6964573268921095,12.72812667740204,6.078904991948471,11.77536231884058,0.7179280730005367
198,17.847557702630166,2.932098765432099,33.77616747181965,8.259527643585615,5.6964573268921095,13.056897477187333,6.078904991948471,11.634460547504025,0.7179280730005367
199,17.847557702630166,2.932098765432099,33.77616747181965,8.259527643585615,5.6964573268921095,13.056897477187333,6.078904991948471,11.634460547504025,0.7179280730005367
200,18.23671497584541,2.932098765432099,33.63526570048309,8.259527643585615,5.6964573268921095,12.969672571121846,6.078904991948471,11.473429951690822,0.7179280730005367
201,18.23671497584541,2.932098765432099,33.63526570048309,8.259527643585615,5.6964573268921095,12.969672571121846,6.078904991948471,11.473429951690822,0.7179280730005367
202,18.089103596349972,2.932098765432099,33.782877079978526,8.259527643585615,5.6964573268921095,12.969672571121846,6.078904991948471,11.473429951690822,0.7179280730005367
203,18.089103596349972,2.932098765432099,33.782877079978526,8.259527643585615,5.6964573268921095,12.969672571121846,6.078904991948471,11.473429951690822,0.7179280730005367
204,18.089103596349972,2.932098765432099,33.782877079978526,8.259527643585615,5.6964573268921095,12.969672571121846,6.078904991948471,11.473429951690822,0.7179280730005367
205,17.894524959742352,2.932098765432099,33.373590982286636,8.259527643585615,5.6964573268921095,12.969672571121846,6.038647342995169,12.117552334943639,0.7179280730005367
206,17.995169082125603,2.932098765432099,33.373590982286636,8.259527643585615,5.6964573268921095,12.95625335480408,6.038647342995169,12.030327428878154,0.7179280730005367
207,17.995169082125603,2.932098765432099,33.373590982286636,8.259527643585615,5.6964573268921095,12.95625335480408,6.038647342995169,12.030327428878154,0.7179280730005367
208,17.995169082125603,2.932098765432099,33.373590982286636,8.259527643585615,5.6964573268921095,12.95625335480408,6.038647342995169,12.030327428878154,0.7179280730005367
209,17.995169082125603,2.932098765432099,33.373590982286636,8.259527643585615,5.6964573268921095,12.95625335480408,6.038647342995169,12.030327428878154,0.7179280730005367
210,17.995169082125603,2.932098765432099,33.373590982286636,8.259527643585615,5.6964573268921095,12.95625335480408,6.038647342995169,12.030327428878154,0.7179280730005367
211,17.995169082125603,2.932098765432099,33.373590982286636,8.259527643585615,5.6964573268921095,12.95625335480408,6.038647342995169,12.030327428878154,0.7179280730005367
212,18.431293612453032,2.932098765432099,33.13875469672571,8.259527643585615,5.6964573268921095,12.795222758990874,5.998389694041868,12.030327428878154,0.7179280730005367
213,18.733225979602793,2.932098765432099,32.83682232957595,8.259527643585615,5.6964573268921095,12.795222758990874,5.998389694041868,12.030327428878154,0.7179280730005367
214,18.572195383789587,2.932098765432099,32.83682232957595,8.239398819108963,5.6964573268921095,12.788513150831992,6.1862587224906065,12.030327428878154,0.7179280730005367
215,18.820450885668276,2.932098765432099,32.776435856146,7.823403113258186,5.562265163714439,13.405797101449275,5.931293612453032,12.030327428878154,0.7179280730005367
216,18.820450885668276,2.932098765432099,32.776435856146,7.823403113258186,5.562265163714439,13.405797101449275,5.931293612453032,12.030327428878154,0.7179280730005367
217,18.820450885668276,2.932098765432099,32.776435856146,7.823403113258186,5.562265163714439,13.405797101449275,5.931293612453032,12.030327428878154,0.7179280730005367
218,19.249865807836823,2.932098765432099,32.48792270531401,7.823403113258186,5.562265163714439,13.264895330112722,5.931293612453032,12.030327428878154,0.7179280730005367
219,19.249865807836823,2.932098765432099,32.09205582393988,8.675523349436393,5.213365539452496,13.157541599570585,5.931293612453032,12.030327428878154,0.7179280730005367
220,19.249865807836823,2.932098765432099,32.09205582393988,8.675523349436393,5.213365539452496,13.157541599570585,5.931293612453032,12.030327428878154,0.7179280730005367
221,19.249865807836823,2.932098765432099,32.09205582393988,8.675523349436393,5.213365539452496,13.157541599570585,5.931293612453032,12.030327428878154,0.7179280730005367
222,19.249865807836823,2.932098765432099,32.09205582393988,8.675523349436393,5.213365539452496,13.157541599570585,5.931293612453032,12.030327428878154,0.7179280730005367
223,19.249865807836823,2.932098765432099,32.09205582393988,8.675523349436393,5.213365539452496,13.157541599570585,5.931293612453032,12.030327428878154,0.7179280730005367
224,19.129092860976918,2.932098765432099,32.085346215781,8.675523349436393,5.213365539452496,13.157541599570585,5.931293612453032,12.157809983896941,0.7179280730005367
225,19.129092860976918,2.932098765432099,32.085346215781,8.675523349436393,5.213365539452496,13.157541599570585,5.931293612453032,12.157809983896941,0.7179280730005367
226,19.129092860976918,2.932098765432099,32.085346215781,8.675523349436393,5.213365539452496,13.157541599570585,5.931293612453032,12.157809983896941,0.7179280730005367
227,19.243156199677937,2.844873859366613,31.642512077294686,8.527911969940956,5.213365539452496,13.788244766505636,5.931293612453032,12.157809983896941,0.6508319914117016
228,19.243156199677937,2.844873859366613,31.642512077294686,8.527911969940956,5.213365539452496,13.788244766505636,5.931293612453032,12.157809983896941,0.6508319914117016
229,19.243156199677937,2.844873859366613,31.642512077294686,8.527911969940956,5.213365539452496,13.788244766505636,5.931293612453032,12.157809983896941,0.6508319914117016
230,19.243156199677937,2.844873859366613,31.642512077294686,8.527911969940956,5.213365539452496,13.788244766505636,5.931293612453032,12.157809983896941,0.6508319914117016
231,19.243156199677937,2.844873859366613,31.642512077294686,8.527911969940956,5.213365539452496,13.788244766505636,5.931293612453032,12.157809983896941,0.6508319914117016
232,19.102254428341386,2.844873859366613,31.052066559312937,8.527911969940956,5.213365539452496,13.788244766505636,5.931293612453032,12.889157273215245,0.6508319914117016
233,19.102254428341386,2.844873859366613,31.052066559312937,8.527911969940956,5.213365539452496,13.788244766505636,5.931293612453032,12.889157273215245,0.6508319914117016
234,19.102254428341386,2.844873859366613,31.052066559312937,8.527911969940956,5.213365539452496,13.788244766505636,5.931293612453032,12.889157273215245,0.6508319914117016
235,19.102254428341386,2.844873859366613,31.052066559312937,8.527911969940956,5.213365539452496,13.788244766505636,5.931293612453032,12.889157273215245,0.6508319914117016
236,19.102254428341386,2.844873859366613,31.052066559312937,8.527911969940956,5.213365539452496,13.788244766505636,5.931293612453032,12.889157273215245,0.6508319914117016
237,19.102254428341386,2.844873859366613,31.052066559312937,8.527911969940956,5.213365539452496,13.788244766505636,5.931293612453032,12.889157273215245,0.6508319914117016
238,18.80703166935051,2.844873859366613,30.864197530864196,8.527911969940956,5.213365539452496,13.58695652173913,6.857219538378959,12.647611379495437,0.6508319914117016
239,18.80703166935051,2.844873859366613,30.864197530864196,8.527911969940956,5.213365539452496,13.58695652173913,6.857219538378959,12.647611379495437,0.6508319914117016
240,19.142512077294686,2.844873859366613,30.52871712292002,8.527911969940956,5.213365539452496,13.58695652173913,6.857219538378959,12.647611379495437,0.6508319914117016
241,19.142512077294686,2.844873859366613,30.52871712292002,8.527911969940956,5.213365539452496,13.58695652173913,6.857219538378959,12.647611379495437,0.6508319914117016
242,18.95464304884595,2.8381642512077296,30.9447128287708,8.3064949006978,5.213365539452496,13.58695652173913,6.857219538378959,12.647611379495437,0.6508319914117016
243,18.95464304884595,2.8381642512077296,30.9447128287708,8.3064949006978,5.213365539452496,13.58695652173913,6.857219538378959,12.647611379495437,0.6508319914117016
244,18.95464304884595,2.8381642512077296,30.9447128287708,8.3064949006978,5.213365539452496,13.58695652173913,6.857219538378959,12.647611379495437,0.6508319914117016
245,18.95464304884595,2.8381642512077296,30.9447128287708,8.3064949006978,5.213365539452496,13.58695652173913,6.857219538378959,12.647611379495437,0.6508319914117016
246,18.95464304884595,2.8381642512077296,30.9447128287708,8.3064949006978,5.213365539452496,13.58695652173913,6.857219538378959,12.647611379495437,0.6508319914117016
247,18.95464304884595,2.8381642512077296,30.9447128287708,8.3064949006978,5.213365539452496,13.58695652173913,6.857219538378959,12.647611379495437,0.6508319914117016
248,18.95464304884595,2.8381642512077296,30.9447128287708,8.3064949006978,5.213365539452496,13.58695652173913,6.857219538378959,12.647611379495437,0.6508319914117016
249,18.95464304884595,2.8381642512077296,30.9447128287708,8.3064949006978,5.213365539452496,13.58695652173913,6.857219538378959,12.647611379495437,0.6508319914117016
250,19.330381105743424,2.8381642512077296,30.897745571658614,8.192431561996779,5.01207729468599,13.58695652173913,6.843800322061192,12.647611379495437,0.6508319914117016
