,40,45,50,51,49,52,54,55,53,41,48
0,1.2546967257112185,92.84755770263017,5.897745571658615,,,,,,,,
1,2.4825550187869028,90.08319914117016,7.266505636070853,0.16774020397208803,,,,,,,
2,3.2541599570585076,73.91304347826087,22.088030059044552,0.15432098765432098,0.5904455179817498,,,,,,
3,4.086151368760064,60.587761674718195,34.916800858829845,0.03354804079441761,0.3757380568974772,,,,,,
4,5.01207729468599,56.937734836285564,35.909822866344605,0.8118625872249061,0.3757380568974772,0.95276435856146,,,,,
5,6.320450885668277,52.274557165861516,39.452495974235106,0.8118625872249061,0.1878690284487386,0.95276435856146,,,,,
6,6.736446591519055,47.95356951154053,41.31105743424584,1.4895330112721417,0.14090177133655393,0.95276435856146,0.6709608158883521,0.7447665056360708,,,
7,8.702361782071927,45.900429414922165,41.04938271604938,1.1607622114868492,0.14090177133655393,0.95276435856146,0.6709608158883521,1.4224369296833066,,,
8,10.379763821792807,44.316961889425656,40.70048309178744,1.1607622114868492,0.14090177133655393,0.7581857219538379,0.6709608158883521,0.9259259259259259,0.9460547504025765,,
9,11.929683306494901,40.11674718196457,41.90150295222759,1.90552871712292,1.0735373054213635,0.7581857219538379,0.6575415995705851,0.785024154589372,0.8722490606548577,,
10,11.439881910896403,39.070048309178745,40.351583467525494,2.4355877616747184,1.0735373054213635,1.6841116478797638,1.5096618357487923,0.785024154589372,1.6505636070853462,,
11,12.31213097155126,37.104133118625874,41.26409017713365,2.0397208803005906,0.9460547504025765,1.6841116478797638,1.5096618357487923,0.6843800322061192,2.4557165861513686,,
12,12.714707461084272,33.9975845410628,44.0955448201825,2.0397208803005906,0.9460547504025765,2.0665593129361244,2.046430488459474,0.6843800322061192,1.4090177133655395,,
13,11.688137412775093,27.254428341384862,51.187600644122384,2.7777777777777777,0.5837359098228664,1.1876006441223832,1.9659151905528718,0.6843800322061192,2.6704240472356413,,
14,12.010198604401502,24.335748792270532,53.11996779388084,3.556092324208266,0.5837359098228664,1.1876006441223832,1.892109500805153,0.6843800322061192,2.6301663982823404,,
15,11.07085346215781,18.887546967257112,59.54106280193237,3.1602254428341383,,2.0665593129361244,1.7713365539452497,0.6843800322061192,2.818035426731079,,
16,12.124261943102523,17.98845947396672,58.467525496511,3.1602254428341383,,2.0665593129361244,1.7713365539452497,1.6035963499731616,2.818035426731079,,
17,8.091787439613526,12.553676865271068,70.18921095008052,3.8311862587224907,,0.8923778851315083,1.7713365539452497,1.6035963499731616,1.06682769726248,,
18,5.307300053676865,6.863929146537842,83.89694041867955,,,1.1741814278046163,0.06038647342995169,2.6972624798711755,,,
19,5.736714975845411,5.10601180891036,83.76945786366076,0.5233494363929146,,0.7447665056360708,,4.119699409554482,,,
20,7.212828770799785,4.87788513150832,79.26060118089103,0.8655394524959742,,0.7447665056360708,,7.0383789586688135,,,
21,7.85024154589372,4.690016103059581,76.69753086419753,0.7783145464304885,,0.7447665056360708,,9.23913043478261,,,
22,9.400161030595813,3.978797638217928,73.66478797638219,1.6706924315619969,,0.7447665056360708,1.2546967257112185,9.286097691894794,,,
23,10.272410091250672,3.9452495974235107,70.00805152979066,1.6706924315619969,,0.7447665056360708,1.2546967257112185,12.104133118625873,,,
24,10.775630703166936,3.4621578099838968,66.40499194847021,1.6035963499731616,,0.7447665056360708,1.2546967257112185,15.754159957058508,,,
25,11.916264090177133,3.0730005367686526,62.92270531400966,1.6035963499731616,,1.1205045625335481,1.932367149758454,17.431561996779386,,,
26,10.775630703166936,2.737520128824477,64.27133655394525,1.6035963499731616,,1.1205045625335481,3.0394524959742353,16.451959205582394,,,
27,12.446323134728932,2.717391304347826,62.47987117552335,1.6035963499731616,,1.1205045625335481,3.0394524959742353,16.59286097691895,,,
28,12.815351583467525,2.576489533011272,57.98443370907139,1.6035963499731616,,0.8923778851315083,3.6634460547504024,18.86070853462158,1.6035963499731616,,
29,14.002952227589908,2.281266774020397,56.70289855072464,1.5029522275899088,,0.8923778851315083,4.1532474503489,18.86070853462158,1.6035963499731616,,
30,13.573537305421363,2.26784755770263,49.25523349436393,13.533279656468062,,0.8454106280193237,4.448470209339774,14.472624798711756,1.6035963499731616,,
31,14.439076757917338,2.1739130434782608,46.27616747181965,12.754965110037574,,0.7783145464304885,5.146269457863661,15.660225442834138,2.475845410628019,0.2952227589908749,
32,15.4723564143854,2.0531400966183573,44.73295759527644,12.634192163177671,,0.7783145464304885,5.964841653247451,15.593129361245303,2.475845410628019,0.2952227589908749,
33,14.861782071927,2.0531400966183573,43.86070853462158,12.298711755233494,,0.7783145464304885,7.326892109500805,16.049382716049383,2.475845410628019,0.2952227589908749,
34,14.727589908749328,2.0531400966183573,40.45893719806763,15.371712292002147,,0.7648953301127214,8.507783145464305,14.868491680085883,2.6704240472356413,0.5770263016639828,
35,16.13660762211487,2.006172839506173,37.64761137949544,15.029522275899087,,0.7648953301127214,9.41358024691358,14.828234031132581,3.2541599570585076,0.9192163177670424,
36,15.626677402039721,2.006172839506173,37.063875469672574,13.754696725711218,,1.4559849704777241,10.165056360708535,15.754159957058508,3.2541599570585076,0.9192163177670424,
37,15.190552871712292,1.9390767579173376,37.567096081588836,13.754696725711218,,1.4559849704777241,11.18491680085883,14.734299516908212,3.2541599570585076,0.9192163177670424,
38,16.06280193236715,1.90552871712292,36.06414385399893,13.674181427804616,,1.415727321524423,10.715244229736983,16.109769189479334,3.2541599570585076,0.798443370907139,
39,17.250402576489535,1.7646269457863661,33.08507783145464,13.895598497047773,,2.6301663982823404,11.735104669887278,15.673644659151906,2.918679549114332,1.0466988727858293,
40,16.914922168545356,1.7646269457863661,30.434782608695652,12.265163714439076,3.992216854535695,3.066290928609769,12.084004294149223,13.982823403113258,4.4753086419753085,1.0198604401502953,
41,15.767579173376275,1.6639828234031133,28.864734299516908,11.3191089640365,7.199409554482019,4.455179817498658,10.735373054213634,15.08990874932904,4.166666666666667,0.7380568974771873,
42,11.621041331186259,0.2281266774020397,40.03623188405797,12.325550187869029,4.5960815888352125,2.9790660225442833,11.500268384326356,12.869028448738593,3.140096618357488,0.7045088566827697,
43,12.506709608158884,0.2281266774020397,37.84219001610306,12.177938808373591,4.5960815888352125,2.5429414922168547,12.406065485775631,13.868760064412239,3.126677402039721,0.7045088566827697,
44,13.479602791196994,0.20799785292538917,36.60762211486849,11.171497584541063,4.502147074610843,3.475577026301664,13.325281803542673,14.123725174449811,2.4825550187869028,0.6239935587761675,
45,14.023081052066559,0.20799785292538917,36.46672034353194,10.829307568438002,4.502147074610843,3.475577026301664,13.399087493290391,13.989533011272142,2.4825550187869028,0.6239935587761675,
46,13.707729468599034,0.20799785292538917,35.621309715512616,10.198604401502953,4.502147074610843,3.435319377348363,14.915458937198068,14.190821256038648,2.5966183574879227,0.6239935587761675,
47,13.325281803542673,0.15432098765432098,33.823134728931834,10.654857756307031,3.7640901771336552,3.4151905528717124,15.22410091250671,14.358561460010735,4.253891572732153,1.0265700483091786,
48,14.727589908749328,0.15432098765432098,30.951422436929683,10.997047772410092,3.7640901771336552,3.1199677938808374,14.969135802469136,16.069511540526033,4.2203435319377345,1.0265700483091786,
49,15.203972088030058,0.14761137949543746,29.56924315619968,10.245571658615138,3.6634460547504024,3.683574879227053,16.894793344068706,15.546162104133119,4.019055287171229,1.0265700483091786,
50,16.31105743424584,0.14761137949543746,28.804347826086957,9.990606548577563,3.2340311325818574,3.3816425120772946,17.934782608695652,15.5126140633387,3.656736446591519,1.0265700483091786,
51,15.854804079441761,0.10735373054213634,29.11969940955448,10.359634997316157,3.2340311325818574,3.0595813204508855,18.12265163714439,15.458937198067632,3.656736446591519,1.0265700483091786,
52,16.11647879763822,0.10735373054213634,28.381642512077295,9.836285560923242,2.952227589908749,3.7037037037037037,18.491680085882983,15.70048309178744,3.797638217928073,0.9125067096081588,
53,16.378153515834676,0.10735373054213634,27.408749329039185,9.73564143853999,2.952227589908749,3.7037037037037037,19.51154052603328,15.499194847020934,3.7909286097691894,0.9125067096081588,
54,17.60601180891036,0.10735373054213634,26.757917337627482,9.346484165324744,2.6704240472356413,3.44873859366613,19.618894256575416,15.136876006441224,4.394793344068707,0.9125067096081588,
55,18.089103596349972,0.06709608158883522,24.879227053140095,9.31964573268921,2.5563607085346214,3.7775093934514223,20.343531937734838,15.069779924852389,5.059044551798175,0.8387010198604401,
56,18.015297906602253,0.06038647342995169,23.289049919484704,8.997584541062801,3.321256038647343,3.7775093934514223,21.598228663446054,14.606816961889425,5.8239398819108965,0.5099302200751477,
57,20.343531937734838,0.06038647342995169,21.920289855072465,8.038110574342458,3.0193236714975846,4.978529253891573,21.22249060654858,14.318303811057435,5.689747718733226,0.4092860976918948,
58,20.645464304884594,0.06038647342995169,20.92055823939882,7.648953301127214,2.9924852388620504,5.501878690284487,21.4573268921095,14.9020397208803,5.662909286097692,0.20799785292538917,
59,20.90042941492217,0.06038647342995169,21.007783145464305,7.628824476650563,2.9924852388620504,5.374396135265701,20.652173913043477,15.666935050993022,5.508588298443371,0.20799785292538917,
60,20.25630703166935,0.06038647342995169,20.75281803542673,8.53462157809984,2.589908749329039,5.897745571658615,20.081857219538378,15.579710144927537,6.038647342995169,0.20799785292538917,
61,20.967525496511005,0.06038647342995169,20.625335480407944,8.53462157809984,2.589908749329039,5.394524959742351,21.014492753623188,15.11003757380569,5.495169082125604,0.20799785292538917,
62,21.182232957595275,0.06038647342995169,17.64626945786366,7.39398819108964,1.5297906602254427,4.9651100375738055,21.618357487922705,15.908480944712828,5.8239398819108965,0.20128824476650564,3.670155662909286
63,21.101717659688674,0.040257648953301126,16.431830381105744,7.628824476650563,1.5297906602254427,4.9651100375738055,23.141438539989263,15.465646806226516,5.8239398819108965,0.20128824476650564,3.670155662909286
64,21.980676328502415,0.040257648953301126,16.203703703703702,7.581857219538379,1.5297906602254427,4.931561996779388,24.4699409554482,13.667471819645733,5.723295759527644,0.20128824476650564,3.670155662909286
65,22.22222222222222,0.040257648953301126,15.579710144927537,7.313472893183038,3.079710144927536,6.179549114331723,23.738593666129898,13.311862587224907,5.642780461621041,0.20128824476650564,2.690552871712292
66,21.67874396135266,0.040257648953301126,15.210681696188942,6.655931293612453,3.079710144927536,6.179549114331723,25.617283950617285,13.003220611916264,5.642780461621041,0.20128824476650564,2.690552871712292
67,21.524422973698336,0.03354804079441761,14.452495974235104,6.501610305958132,3.079710144927536,6.179549114331723,26.8719806763285,12.822061191626409,5.642780461621041,0.20128824476650564,2.690552871712292
68,21.611647879763822,0.03354804079441761,14.640365002683843,6.347289318303811,2.4154589371980677,7.071926999463232,27.74422973698336,11.996779388083736,5.293880837359098,0.20128824476650564,2.6435856146001075
69,21.833064949006978,0.03354804079441761,13.425925925925926,6.233225979602791,2.3483628556092326,10.25228126677402,26.36876006441224,11.708266237251744,4.951690821256038,0.20128824476650564,2.6435856146001075
70,23.00053676865271,0.03354804079441761,12.74825550187869,6.072195383789587,2.3483628556092326,9.822866344605474,26.02657004830918,10.420021470746109,7.132313472893183,0.20128824476650564,2.1940418679549114
71,23.423242082662373,0.03354804079441761,12.016908212560386,5.844068706387547,2.046430488459474,9.54777241009125,26.724369296833064,10.352925389157273,7.125603864734299,0.20128824476650564,2.6838432635534084
72,23.282340311325818,,11.748523886205046,5.756843800322061,2.0397208803005906,10.748792270531402,27.012882447665056,10.299248523886206,6.253354804079442,0.17444981213097155,2.6838432635534084
73,21.76596886741814,,11.674718196457327,6.823671497584541,1.5767579173376274,10.701825013419215,28.12667740203972,9.708803005904455,6.763285024154589,0.17444981213097155,2.6838432635534084
74,20.417337627482556,,12.070585077831455,6.293612453032743,4.985238862050457,9.25925925925926,26.41572732152442,9.77589908749329,7.971014492753623,0.17444981213097155,2.636876006441224
75,20.12211486849168,,11.802200751476114,6.253354804079442,4.985238862050457,8.789586688137414,27.76435856146001,9.541062801932368,7.971014492753623,0.13419216317767044,2.636876006441224
76,20.2361782071927,,11.54723564143854,6.253354804079442,4.985238862050457,8.789586688137414,27.905260332796566,9.541062801932368,7.971014492753623,0.13419216317767044,2.636876006441224
77,19.223027375201287,,12.198067632850242,6.233225979602791,4.5960815888352125,7.7361782071927,28.71712292002147,9.225711218464841,9.29951690821256,0.13419216317767044,2.636876006441224
78,19.504830917874397,,11.600912506709609,6.790123456790123,4.5960815888352125,7.608695652173913,28.193773483628558,9.185453569511541,9.749060654857756,0.13419216317767044,2.636876006441224
79,19.061996779388085,,12.513419216317766,6.0587761674718195,4.562533548040794,7.7831454643048845,28.44873859366613,8.621846484165324,10.420021470746109,0.13419216317767044,2.395330112721417
80,20.182501341921633,,11.641170155662909,6.0587761674718195,4.488727858293076,7.7361782071927,28.690284487385938,8.246108427267847,10.453569511540525,0.13419216317767044,2.368491680085883
81,20.202630166398283,,11.600912506709609,5.46833064949007,4.388083735909823,9.514224369296834,28.099838969404185,8.038110574342458,10.185185185185185,0.13419216317767044,2.368491680085883
82,20.095276435856146,,11.54723564143854,5.092592592592593,4.388083735909823,9.460547504025765,27.106816961889425,7.843531937734836,11.486849168008588,0.6105743424584005,2.368491680085883
83,20.558239398819108,,11.453301127214171,4.978529253891573,4.367954911433173,9.198872785829307,26.52308105206656,7.843531937734836,12.097423510466989,0.6105743424584005,2.368491680085883
84,21.28287707997853,,11.05072463768116,4.8376274825550185,4.367954911433173,9.802737520128824,26.154052603327965,7.722758990874933,11.929683306494901,0.6105743424584005,2.2410091250670963
85,21.604938271604937,,10.466988727858293,4.8376274825550185,3.7238325281803544,9.769189479334408,26.818303811057433,8.172302737520129,11.75523349436393,0.6105743424584005,2.2410091250670963
86,22.993827160493826,,10.292538915727322,4.502147074610843,3.3816425120772946,9.594739667203436,26.7914653784219,7.897208803005904,11.694847020933977,0.6105743424584005,2.2410091250670963
87,22.69189479334407,,10.50053676865271,5.052334943639291,3.5963499731615673,8.957326892109501,26.36876006441224,8.474235104669887,11.647879763821793,0.5099302200751477,2.200751476113795
88,22.63150831991412,,13.372249060654857,4.770531400966184,3.475577026301664,7.877079978529254,25.429414922168544,8.407139023081053,11.352657004830919,0.4830917874396135,2.200751476113795
89,22.839506172839506,,13.077026301663983,4.562533548040794,4.3545356951154055,7.595276435856146,25.15432098765432,8.709071390230811,11.33923778851315,0.4830917874396135,1.8853998926462694
90,24.060654857756308,,12.734836285560924,5.46833064949007,4.233762748255502,7.273215244229737,25.06038647342995,8.205850778314547,10.59447128287708,0.4830917874396135,1.8853998926462694
91,24.12775093934514,,12.714707461084272,5.46833064949007,4.233762748255502,7.266505636070853,25.06038647342995,8.205850778314547,10.554213633923778,0.4830917874396135,1.8853998926462694
92,24.10091250670961,,12.338969404186795,5.441492216854535,4.233762748255502,8.031400966183575,25.140901771336555,7.877079978529254,10.466988727858293,0.4830917874396135,1.8853998926462694
93,24.4699409554482,,12.989801395598498,5.3274288781535155,4.012345679012346,7.944176060118089,24.63768115942029,7.877079978529254,10.373054213633925,0.4830917874396135,1.8853998926462694
94,24.89935587761675,,12.788513150831992,5.22007514761138,4.012345679012346,7.930756843800322,25.577026301663984,7.561728395061729,9.970477724100913,0.4830917874396135,1.556629092860977
95,24.97987117552335,,12.392646269457863,5.072463768115942,3.965378421900161,8.259527643585615,26.610305958132045,6.984702093397746,9.695383789586689,0.4830917874396135,1.556629092860977
96,25.79844337090714,,11.560654857756306,5.072463768115942,3.965378421900161,8.259527643585615,26.92565754159957,6.904186795491143,9.473966720343531,0.4830917874396135,1.556629092860977
97,26.127214170692433,,12.265163714439076,5.072463768115942,3.750670960815888,8.225979602791197,26.56333870101986,6.816961889425658,9.353193773483628,0.4830917874396135,1.3419216317767042
98,25.221417069243156,,12.097423510466989,5.622651637144391,3.515834675254965,8.09849704777241,27.428878153515836,6.461352657004831,9.789318303811058,0.4227053140096618,1.3419216317767042
99,24.758454106280194,,11.252012882447666,5.844068706387547,3.515834675254965,8.635265700483092,28.187063875469672,6.421095008051529,9.621578099838969,0.4227053140096618,1.3419216317767042
100,23.946591519055286,,10.721953837895867,4.99194847020934,2.85829307568438,9.728931830381105,28.475577026301664,6.360708534621578,10.748792270531402,0.19457863660762212,1.9726247987117553
101,24.54374664519592,,10.641438539989265,4.74369296833065,2.7844873859366612,10.299248523886206,28.18035426731079,6.360708534621578,10.493827160493828,0.19457863660762212,1.7579173376274826
102,26.435856146001072,,10.420021470746109,4.7168545356951155,2.6301663982823404,10.044283413848632,27.84487385936661,5.984970477724101,10.165056360708535,0.19457863660762212,1.5633387010198605
103,27.4422973698336,,10.205314009661835,4.166666666666667,2.3483628556092326,11.493558776167472,27.449006977992486,5.924584004294149,9.292807300053678,0.19457863660762212,1.482823403113258
104,27.603327965646805,,9.936929683306495,4.139828234031133,2.6838432635534084,11.708266237251744,27.388620504562535,5.656199677938808,9.232420826623725,0.18115942028985507,1.4694041867954912
105,27.2812667740204,,11.171497584541063,3.92512077294686,2.6033279656468062,11.929683306494901,26.94578636607622,5.542136339237788,9.138486312399356,0.18115942028985507,1.2815351583467525
106,27.26784755770263,,11.010466988727858,4.2270531400966185,2.5831991411701556,11.574074074074074,26.019860440150296,5.542136339237788,10.312667740203972,0.18115942028985507,1.2815351583467525
107,27.006172839506174,,10.661567364465915,4.851046698872786,2.442297369833602,11.16478797638218,25.79844337090714,5.233494363929147,11.406333870101985,0.18115942028985507,1.2546967257112185
108,26.194310252281266,,10.554213633923778,5.35426731078905,2.8650026838432634,10.889694041867955,25.925925925925927,5.22007514761138,12.050456253354804,0.18115942028985507,0.7648953301127214
109,26.516371443907676,,11.292270531400966,5.347557702630167,2.737520128824477,11.084272678475577,25.831991411701555,5.059044551798175,11.218464841653248,0.18115942028985507,0.7313472893183038
110,26.80488459473967,,11.29898013955985,5.314009661835748,3.361513687600644,10.701825013419215,25.87895866881374,5.01207729468599,11.057434245840042,0.18115942028985507,0.38915727321524424
111,27.42216854535695,,10.983628556092324,5.226784755770263,3.361513687600644,10.138217928073,25.449543746645197,4.938271604938271,11.90955448201825,0.18115942028985507,0.38915727321524424
112,27.63016639828234,,10.748792270531402,5.226784755770263,2.9924852388620504,9.581320450885668,24.9194847020934,4.938271604938271,12.567096081588835,0.18115942028985507,1.2144390767579174
113,27.63016639828234,,10.742082662372518,5.226784755770263,2.9924852388620504,9.581320450885668,25.013419216317768,4.871175523349437,12.567096081588835,0.18115942028985507,1.1943102522812667
114,27.76435856146001,,10.715244229736983,5.2066559312936125,2.8650026838432634,9.473966720343531,25.45625335480408,4.428341384863124,12.822061191626409,0.18115942028985507,1.0869565217391304
115,27.730810520665592,,10.406602254428341,5.132850241545894,2.8650026838432634,10.560923242082662,25.637412775093935,4.139828234031133,12.258454106280194,0.18115942028985507,1.0869565217391304
116,27.033011272141707,,10.131508319914117,5.71658615136876,2.8650026838432634,10.540794417606012,25.006709608158882,4.03918411164788,13.399087493290391,0.18115942028985507,1.0869565217391304
117,27.885131508319915,,9.809447128287708,5.662909286097692,2.8113258185721954,10.50053676865271,24.973161567364468,3.8378958668813743,13.251476113794954,0.18115942028985507,1.0869565217391304
118,28.307836822329577,,9.534353193773484,5.662909286097692,2.8113258185721954,10.607890499194847,25.301932367149757,3.7775093934514223,12.72812667740204,0.18115942028985507,1.0869565217391304
119,29.260601180891037,,9.118357487922705,5.562265163714439,2.7241009125067097,10.238862050456254,25.34219001610306,3.7104133118625873,12.775093934514224,0.18115942028985507,1.0869565217391304
120,28.227321524422972,,9.03113258185722,5.488459473966721,3.3682232957595275,10.373054213633925,25.731347289318304,3.643317230273752,12.983091787439614,0.18115942028985507,0.9728931830381106
121,27.30139559849705,,9.23913043478261,6.146001073537305,3.6768652710681695,9.923510466988727,26.56333870101986,3.3279656468062266,12.68786902844874,0.18115942028985507,0.95276435856146
122,26.85185185185185,,9.145195920558239,6.146001073537305,3.6500268384326353,9.769189479334408,27.502683843263554,3.1870638754696725,12.614063338701019,0.18115942028985507,0.95276435856146
123,27.697262479871174,,9.453837895866881,5.6964573268921095,3.6500268384326353,9.494095544820183,27.220880300590444,3.1870638754696725,12.466451959205582,0.18115942028985507,0.95276435856146
124,28.052871712292003,,9.88996242619431,5.501878690284487,2.985775630703167,9.453837895866881,26.858561460010737,2.871712292002147,13.251476113794954,0.18115942028985507,0.95276435856146
125,27.95222758990875,,9.809447128287708,5.501878690284487,2.985775630703167,9.447128287707997,27.78448738593666,2.8650026838432634,12.52012882447665,0.18115942028985507,0.95276435856146
126,28.032742887815353,,9.782608695652174,5.273752012882448,2.985775630703167,9.762479871175524,28.166935050993022,2.5563607085346214,12.305421363392378,0.18115942028985507,0.95276435856146
127,27.522812667740205,,9.594739667203436,5.260332796564681,2.7777777777777777,10.929951690821255,27.58990874932904,2.5563607085346214,12.634192163177671,0.18115942028985507,0.95276435856146
128,28.92512077294686,,9.339774557165862,5.065754159957058,2.771068169618894,10.909822866344605,26.898819108964037,2.5563607085346214,12.399355877616747,0.18115942028985507,0.95276435856146
129,29.274020397208805,,9.333064949006978,5.495169082125604,2.771068169618894,10.856146001073537,26.402308105206657,2.5563607085346214,12.177938808373591,0.18115942028985507,0.95276435856146
130,29.045893719806763,,8.749329039184111,5.441492216854535,3.6500268384326353,11.097691894793345,26.46940418679549,2.5295222758990876,11.882716049382717,0.18115942028985507,0.95276435856146
131,29.314278046162105,,9.286097691894794,5.381105743424584,3.3145464304884595,11.097691894793345,26.073537305421365,2.5161030595813205,11.882716049382717,0.18115942028985507,0.95276435856146
132,29.314278046162105,,9.286097691894794,5.381105743424584,3.3145464304884595,11.097691894793345,26.073537305421365,2.5161030595813205,11.882716049382717,0.18115942028985507,0.95276435856146
133,29.294149221685455,,9.286097691894794,5.381105743424584,3.3145464304884595,11.07085346215781,25.738056897477186,2.3550724637681157,12.426194310252281,0.18115942028985507,0.95276435856146
134,29.274020397208805,,8.964036500268385,5.347557702630167,3.8177670424047236,11.07085346215781,25.738056897477186,2.3550724637681157,12.426194310252281,0.18115942028985507,0.8252818035426731
135,29.294149221685455,,8.964036500268385,5.340848094471283,3.797638217928073,10.943370907139023,26.20101986044015,2.3550724637681157,12.097423510466989,0.18115942028985507,0.8252818035426731
136,29.32769726247987,,8.957326892109501,5.3274288781535155,3.6634460547504024,11.332528180354267,26.402308105206657,2.341653247450349,11.688137412775093,0.13419216317767044,0.8252818035426731
137,27.710681696188942,,10.446859903381643,5.22007514761138,3.898282340311326,11.332528180354267,26.52308105206656,2.3349436392914655,11.574074074074074,0.13419216317767044,0.8252818035426731
138,27.42216854535695,,10.131508319914117,5.877616747181965,3.898282340311326,11.238593666129898,26.8719806763285,2.0263016639828235,11.574074074074074,0.13419216317767044,0.8252818035426731
139,26.301663982823403,,10.00402576489533,5.756843800322061,4.327697262479871,11.198336017176597,27.120236178207193,1.8384326355340848,12.654320987654321,0.13419216317767044,0.6642512077294686
140,25.295222758990874,,9.990606548577563,5.421363392377885,4.30756843800322,11.553945249597424,28.026033279656467,1.8317230273752012,12.775093934514224,0.13419216317767044,0.6642512077294686
141,24.798711755233494,,9.856414385399892,6.474771873322598,4.30756843800322,11.218464841653248,27.355072463768117,1.8048845947396672,13.519860440150294,,0.6642512077294686
142,24.792002147074612,,9.856414385399892,7.27992485238862,4.30756843800322,10.88298443370907,26.99946323134729,1.7914653784219001,13.425925925925926,,0.6642512077294686
143,25.05367686527107,,9.675254965110037,7.548309178743962,4.2270531400966185,11.003757380568974,27.180622651637144,1.7444981213097155,12.902576489533011,,0.6642512077294686
144,25.32206119162641,,9.473966720343531,7.5281803542673105,4.2270531400966185,11.406333870101985,27.147074610842726,1.6304347826086956,12.600644122383253,,0.6642512077294686
145,24.62426194310252,,8.82313472893183,7.37385936661299,4.951690821256038,11.312399355877616,26.972624798711756,1.6237251744498122,13.654052603327965,,0.6642512077294686
146,24.18142780461621,,9.366612989801396,7.37385936661299,4.951690821256038,12.647611379495437,26.717659688674182,1.5163714439076759,12.580515297906603,,0.6642512077294686
147,24.58400429414922,,9.158615136876007,7.749597423510467,4.7638217928073,12.47987117552335,26.590177133655395,1.5163714439076759,12.5,,0.6575415995705851
148,23.792270531400966,,8.789586688137414,7.749597423510467,5.5756843800322065,12.47987117552335,27.106816961889425,1.4761137949543746,12.372517444981213,,0.6575415995705851
149,23.765432098765434,,8.621846484165324,7.742887815351583,5.515297906602254,13.144122383252817,27.30139559849705,1.288244766505636,11.963231347289318,,0.6575415995705851
150,23.382984433709073,,8.896940418679549,8.205850778314547,5.186527106816962,12.949543746645196,27.489264626945786,1.288244766505636,11.943102522812667,,0.6575415995705851
151,22.82608695652174,,8.796296296296296,8.742619431025227,5.186527106816962,13.144122383252817,27.58990874932904,1.2748255501878691,11.782071926999464,,0.6575415995705851
152,22.65163714439077,,8.266237251744498,8.722490606548577,5.293880837359098,13.66076221148685,26.838432635534083,1.1876006441223832,12.721417069243156,,0.6575415995705851
153,22.81266774020397,,8.695652173913043,8.964036500268385,5.072463768115942,13.607085346215781,26.979334406870638,0.9326355340848095,12.278582930756844,,0.6575415995705851
154,22.376543209876544,,7.930756843800322,8.964036500268385,5.917874396135265,13.607085346215781,26.643853998926463,0.9259259259259259,12.97638217928073,,0.6575415995705851
155,22.041062801932366,,7.85024154589372,8.964036500268385,6.333870101986044,13.607085346215781,26.643853998926463,0.9259259259259259,12.97638217928073,,0.6575415995705851
156,23.040794417606012,,7.843531937734836,8.407139023081053,6.333870101986044,14.090177133655395,26.147342995169083,0.9259259259259259,12.553676865271068,,0.6575415995705851
157,24.322329575952764,,7.353730542136339,8.085077831454644,6.696188942565755,13.6808910359635,25.95276435856146,0.8990874932903918,12.352388620504563,,0.6575415995705851
158,24.651100375738057,,7.326892109500805,8.085077831454644,6.696188942565755,13.6808910359635,25.664251207729468,0.8856682769726248,12.352388620504563,,0.6575415995705851
159,24.932903918411164,,6.91760601180891,8.038110574342458,6.823671497584541,13.821792807300053,25.5703166935051,0.8856682769726248,12.352388620504563,,0.6575415995705851
160,24.90606548577563,,6.91760601180891,8.038110574342458,6.823671497584541,13.6406333870102,25.355609232420825,0.8722490606548577,12.788513150831992,,0.6575415995705851
161,25.02012882447665,,6.870638754696726,8.038110574342458,6.823671497584541,13.050187869028449,25.509930220075148,0.8588298443370908,13.177670424047236,,0.6508319914117016
162,26.06682769726248,,6.870638754696726,8.038110574342458,6.823671497584541,13.043478260869565,24.516908212560388,0.8454106280193237,13.144122383252817,,0.6508319914117016
163,26.147342995169083,,6.870638754696726,7.883789586688137,6.823671497584541,13.318572195383789,24.396135265700483,0.8454106280193237,13.063607085346217,,0.6508319914117016
164,26.40901771336554,,6.816961889425658,7.883789586688137,6.696188942565755,13.238056897477188,24.396135265700483,0.8454106280193237,13.063607085346217,,0.6508319914117016
165,27.214170692431562,,6.816961889425658,7.669082125603865,6.696188942565755,13.211218464841654,23.95330112721417,0.8454106280193237,12.942834138486312,,0.6508319914117016
166,27.74422973698336,,6.816961889425658,7.608695652173913,6.1929683306494905,13.211218464841654,23.93317230273752,0.8454106280193237,12.99651100375738,,0.6508319914117016
167,27.737520128824478,,6.816961889425658,7.608695652173913,6.1929683306494905,13.211218464841654,23.718464841653248,0.8454106280193237,13.217928073000536,,0.6508319914117016
168,27.938808373590984,,6.66935050993022,7.555018786902845,6.91760601180891,12.721417069243156,23.678207192699947,0.8454106280193237,13.09044551798175,,0.5837359098228664
169,28.019323671497585,,6.662640901771336,8.024691358024691,6.91760601180891,12.473161567364466,23.389694041867955,0.8454106280193237,13.083735909822867,,0.5837359098228664
170,28.039452495974235,,6.387546967257112,8.32662372517445,6.91760601180891,12.446323134728932,23.376274825550187,0.8387010198604401,13.083735909822867,,0.5837359098228664
171,28.502415458937197,,6.387546967257112,8.729200214707461,6.91760601180891,12.218196457326892,22.758990874932906,0.8387010198604401,13.063607085346217,,0.5837359098228664
172,28.75738056897477,,6.447933440687064,8.930488459473967,6.937734836285561,12.016908212560386,22.73886205045625,0.8387010198604401,12.775093934514224,,0.5568974771873323
173,27.74422973698336,,6.0654857756307035,8.125335480407944,6.937734836285561,13.318572195383789,22.450348899624263,0.8185721953837896,13.982823403113258,,0.5568974771873323
174,28.27428878153516,,6.0654857756307035,8.091787439613526,6.937734836285561,13.841921631776705,22.134997316156735,0.8185721953837896,13.278314546430488,,0.5568974771873323
175,28.133387010198604,,5.964841653247451,8.091787439613526,6.937734836285561,13.7211486849168,22.15512614063339,0.8185721953837896,13.620504562533547,,0.5568974771873323
176,28.133387010198604,,5.964841653247451,8.091787439613526,6.937734836285561,13.7211486849168,22.15512614063339,0.8185721953837896,13.620504562533547,,0.5568974771873323
177,28.052871712292003,,5.964841653247451,8.091787439613526,6.937734836285561,13.7211486849168,22.27589908749329,0.8185721953837896,13.580246913580247,,0.5568974771873323
178,27.78448738593666,,5.756843800322061,7.7361782071927,6.837090713902308,14.237788513150832,22.443639291465377,0.7917337627482555,13.855340848094471,,0.5568974771873323
179,26.8317230273752,,5.756843800322061,7.7361782071927,6.837090713902308,13.862050456253355,22.188674181427803,0.7179280730005367,15.5126140633387,,0.5568974771873323
180,27.100107353730543,,5.756843800322061,7.387278582930757,6.837090713902308,13.754696725711218,22.65163714439077,0.7179280730005367,15.237520128824476,,0.5568974771873323
181,27.100107353730543,,5.756843800322061,7.387278582930757,6.837090713902308,13.754696725711218,22.65163714439077,0.7179280730005367,15.237520128824476,,0.5568974771873323
182,26.8719806763285,,5.756843800322061,8.091787439613526,6.790123456790123,13.318572195383789,22.665056360708533,0.7179280730005367,15.230810520665592,,0.5568974771873323
183,27.750939345142243,,5.756843800322061,8.038110574342458,6.790123456790123,13.050187869028449,22.17525496511004,0.7112184648416533,15.170424047235642,,0.5568974771873323
184,27.314814814814813,,5.750134192163178,8.038110574342458,6.790123456790123,13.493022007514762,22.000805152979066,0.7045088566827697,15.351583467525497,,0.5568974771873323
185,27.643585614600106,,5.750134192163178,7.742887815351583,6.790123456790123,13.459473966720344,22.000805152979066,0.7045088566827697,15.351583467525497,,0.5568974771873323
186,27.985775630703166,,5.71658615136876,7.467793880837359,6.790123456790123,13.459473966720344,22.000805152979066,0.7045088566827697,15.318035426731079,,0.5568974771873323
187,28.468867418142782,,5.71658615136876,7.467793880837359,6.4345142243692965,13.45276435856146,21.947128287707997,0.7045088566827697,15.250939345142244,,0.5568974771873323
188,28.6231884057971,,5.709876543209877,7.467793880837359,6.4345142243692965,13.399087493290391,21.752549651100377,0.7045088566827697,15.351583467525497,,0.5568974771873323
189,28.75067096081589,,5.709876543209877,7.380568974771873,6.4345142243692965,13.365539452495975,21.752549651100377,0.7045088566827697,15.344873859366613,,0.5568974771873323
190,29.025764895330113,,5.709876543209877,7.380568974771873,6.4345142243692965,13.365539452495975,21.490874932903917,0.7045088566827697,15.331454643048845,,0.5568974771873323
191,28.113258185721953,,5.683038110574342,7.380568974771873,6.374127750939345,13.331991411701557,20.90713902308105,0.7045088566827697,16.15673644659152,,1.3486312399355878
192,27.38191089640365,,5.676328502415459,7.977724100912507,5.750134192163178,13.24476650563607,20.90042941492217,0.7045088566827697,16.1231884057971,,2.2410091250670963
193,27.85829307568438,,5.35426731078905,8.561460010735374,5.421363392377885,13.18438003220612,21.18894256575416,0.7045088566827697,15.485775630703166,,2.2410091250670963
194,27.78448738593666,,6.320450885668277,8.333333333333334,4.884594739667204,13.33870101986044,20.96081588835212,0.7045088566827697,15.432098765432098,,2.2410091250670963
195,28.455448201825014,,6.320450885668277,7.9106280193236715,4.730273752012883,13.56682769726248,21.73913043478261,0.6977992485238862,14.338432635534085,,2.2410091250670963
196,28.29441760601181,,6.320450885668277,8.621846484165324,4.7168545356951155,12.781803542673108,21.83977455716586,0.644122383252818,14.714170692431562,,2.0665593129361244
197,29.17337627482555,,6.280193236714976,9.131776704240472,4.609500805152979,11.929683306494901,21.638486312399355,0.644122383252818,14.53972088030059,,2.0531400966183573
198,29.01905528717123,,6.857219538378959,7.897208803005904,4.609500805152979,12.815351583467525,22.014224369296834,0.5904455179817498,14.143853998926463,,2.0531400966183573
199,29.482018250134193,,6.830381105743425,7.669082125603865,4.609500805152979,12.815351583467525,21.953837895866883,0.5904455179817498,13.996242619431026,,2.0531400966183573
200,29.394793344068706,,6.830381105743425,7.434245840042942,4.575952764358561,12.285292538915728,21.866612989801396,0.5904455179817498,14.969135802469136,,2.0531400966183573
201,29.421631776704242,,6.736446591519055,7.360440150295223,4.575952764358561,12.037037037037036,21.64519592055824,0.5904455179817498,15.579710144927537,,2.0531400966183573
202,28.75067096081589,,6.723027375201288,8.205850778314547,4.394793344068707,11.473429951690822,21.73913043478261,0.5770263016639828,15.499194847020934,,2.636876006441224
203,28.515834675254965,,6.723027375201288,8.205850778314547,4.394793344068707,12.144390767579173,21.517713365539453,0.5703166935050993,15.291196994095545,,2.636876006441224
204,28.388352120236178,,7.058507783145465,8.105206655931294,4.394793344068707,12.144390767579173,21.410359634997317,0.5703166935050993,15.291196994095545,,2.636876006441224
205,28.549382716049383,,7.058507783145465,8.105206655931294,4.394793344068707,12.144390767579173,21.24932903918411,0.5703166935050993,15.291196994095545,,2.636876006441224
206,28.60305958132045,,7.058507783145465,7.950885668276973,4.394793344068707,12.030327428878154,20.685721953837895,0.5703166935050993,16.069511540526033,,2.636876006441224
207,28.77079978529254,,7.058507783145465,7.950885668276973,4.394793344068707,12.00348899624262,20.625335480407944,0.5703166935050993,15.98899624261943,,2.636876006441224
208,29.146537842190018,,7.058507783145465,7.950885668276973,4.394793344068707,11.902844873859367,21.443907675791735,0.5501878690284487,14.915458937198068,,2.636876006441224
209,28.327965646806227,,7.924047235641439,8.527911969940956,4.461889425657541,11.305689747718732,21.34326355340848,0.5501878690284487,15.311325818572195,,2.24771873322598
210,28.817767042404725,,7.924047235641439,8.527911969940956,4.461889425657541,10.997047772410092,21.316425120772948,0.5501878690284487,15.157004830917874,,2.24771873322598
211,29.320987654320987,,7.695920558239399,8.501073537305421,4.696725711218465,10.997047772410092,21.021202361782073,0.5501878690284487,14.969135802469136,,2.24771873322598
212,28.75067096081589,,8.360171765968868,8.440687063875469,4.663177670424047,10.997047772410092,21.021202361782073,0.5501878690284487,14.969135802469136,,2.24771873322598
213,28.44873859366613,,8.340042941492216,8.440687063875469,4.663177670424047,11.265432098765432,20.551529790660226,0.5501878690284487,15.49248523886205,,2.24771873322598
214,28.965378421900162,,8.340042941492216,8.440687063875469,4.663177670424047,11.030595813204508,20.283145464304884,0.5501878690284487,15.479066022544284,,2.24771873322598
215,29.408212560386474,,8.340042941492216,8.440687063875469,4.253891572732153,11.030595813204508,20.283145464304884,0.5501878690284487,15.479066022544284,,2.214170692431562
216,29.294149221685455,,8.340042941492216,8.608427267847558,4.253891572732153,10.815888352120236,19.87385936661299,0.5501878690284487,16.049382716049383,,2.214170692431562
217,29.126409017713364,,8.896940418679549,8.568169618894256,4.180085882984434,10.815888352120236,20.2361782071927,0.5367686527106817,15.425389157273216,,2.214170692431562
218,29.045893719806763,,8.896940418679549,8.568169618894256,4.180085882984434,11.52710681696189,20.209339774557165,0.5367686527106817,14.821524422973699,,2.214170692431562
219,29.045893719806763,,8.896940418679549,8.568169618894256,4.180085882984434,11.52710681696189,20.209339774557165,0.5367686527106817,14.821524422973699,,2.214170692431562
220,28.61647879763822,,8.870101986044014,8.548040794417606,4.180085882984434,11.520397208803006,20.209339774557165,0.5367686527106817,15.304616210413311,,2.214170692431562
221,28.79092860976919,,8.776167471819646,8.548040794417606,4.0995705850778315,11.520397208803006,20.209339774557165,0.5367686527106817,15.304616210413311,,2.214170692431562
222,28.864734299516908,,8.460815888352121,8.514492753623188,4.0995705850778315,12.030327428878154,20.189210950080515,0.5233494363929146,15.13016639828234,,2.187332259796028
223,29.012345679012345,,8.648684916800859,8.293075684380032,3.992216854535695,12.030327428878154,20.189210950080515,0.5233494363929146,15.13016639828234,,2.1806226516371443
224,29.086151368760063,,9.23913043478261,7.823403113258186,3.992216854535695,12.030327428878154,20.014761137949545,0.5233494363929146,15.11003757380569,,2.1806226516371443
225,29.146537842190018,,9.23913043478261,7.635534084809447,3.992216854535695,12.721417069243156,20.00805152979066,0.5233494363929146,14.660493827160494,,2.073268921095008
