,37,45,50,36,40,39,52,51,49,38,47,48,35,34,53,46,54,33,43,32,31,30,29
0,4.777241009125067,89.7410091250671,5.481749865807837,,,,,,,,,,,,,,,,,,,,
1,8.53462157809984,56.64251207729468,34.82286634460547,,,,,,,,,,,,,,,,,,,,
2,6.394256575415996,37.21148684916801,54.55582393988191,1.0735373054213635,0.7648953301127214,,,,,,,,,,,,,,,,,,
3,6.501610305958132,34.0378421900161,52.77777777777778,2.4892646269457863,1.737788513150832,0.8856682769726248,1.570048309178744,,,,,,,,,,,,,,,,
4,7.051798174986581,29.361245303274288,55.95813204508857,2.7106816961889426,2.462426194310252,0.8856682769726248,1.570048309178744,,,,,,,,,,,,,,,,
5,4.918142780461621,16.472088030059044,70.33011272141707,1.4694041867954912,3.079710144927536,2.24771873322598,1.482823403113258,,,,,,,,,,,,,,,,
6,4.998658078368224,15.593129361245303,69.94095544820182,2.2946859903381642,3.5628019323671496,2.24771873322598,1.3620504562533549,,,,,,,,,,,,,,,,
7,5.709876543209877,15.425389157273216,65.17042404723564,2.2946859903381642,5.132850241545894,2.046430488459474,1.3620504562533549,2.85829307568438,,,,,,,,,,,,,,,
8,4.555823939881911,10.768921095008052,69.32367149758454,1.4694041867954912,6.951154052603328,2.9119699409554483,1.1607622114868492,2.85829307568438,,,,,,,,,,,,,,,
9,2.200751476113795,7.991143317230274,75.07380568974772,0.4227053140096618,7.380568974771873,2.9119699409554483,1.1607622114868492,2.85829307568438,,,,,,,,,,,,,,,
10,2.200751476113795,7.991143317230274,72.77911969940955,0.4227053140096618,8.776167471819646,4.38137412775094,1.1607622114868492,2.2879763821792807,,,,,,,,,,,,,,,
11,3.8580246913580245,7.675791733762749,64.45920558239399,0.4227053140096618,10.38647342995169,3.280998389694042,1.1607622114868492,0.8252818035426731,7.930756843800322,,,,,,,,,,,,,,
12,4.636339237788513,7.648953301127214,60.909822866344605,0.4227053140096618,10.916532474503489,3.6768652710681695,1.1607622114868492,0.8252818035426731,9.104938271604938,0.6977992485238862,,,,,,,,,,,,,
13,4.5960815888352125,7.434245840042942,57.25979602791197,0.4227053140096618,10.768921095008052,3.4621578099838968,1.1607622114868492,0.8252818035426731,10.815888352120236,1.6103059581320451,1.6438539989264627,,,,,,,,,,,,
14,4.408212560386473,6.830381105743425,58.742619431025226,0.4227053140096618,9.359903381642512,2.8650026838432634,1.0399892646269457,0.7246376811594203,10.815888352120236,3.1468062265163717,1.6438539989264627,,,,,,,,,,,,
15,4.092860976918948,6.4345142243692965,54.89801395598497,1.2681159420289856,9.219001610305957,2.8650026838432634,1.0399892646269457,0.7246376811594203,15.365002683843263,2.4490069779924855,1.6438539989264627,,,,,,,,,,,,
16,3.9989264626945786,6.085614600107354,48.70504562533548,1.2681159420289856,9.628287707997853,3.1602254428341383,1.0399892646269457,0.7246376811594203,9.460547504025765,4.3545356951154055,1.6438539989264627,9.930220075147611,,,,,,,,,,,
17,3.4688674181427803,5.253623188405797,38.7614063338701,0.798443370907139,7.937466451959206,2.5026838432635534,1.0399892646269457,0.6642512077294686,31.42109500805153,4.200214707461084,0.16774020397208803,3.784219001610306,,,,,,,,,,,
18,3.1736446591519054,4.810789049919484,34.91009125067096,0.6776704240472357,11.533816425120772,3.0730005367686526,1.0399892646269457,3.2004830917874396,27.925389157273216,5.703166935050993,0.16774020397208803,3.784219001610306,,,,,,,,,,,
19,2.791196994095545,4.703435319377348,30.589103596349972,0.6776704240472357,11.688137412775093,5.173107890499195,0.36902844873859364,4.4753086419753085,30.24020397208803,5.340848094471283,0.16774020397208803,3.784219001610306,,,,,,,,,,,
20,3.6902844873859366,4.703435319377348,29.294149221685455,0.6776704240472357,13.352120236178207,5.978260869565218,0.36902844873859364,6.91760601180891,25.72463768115942,5.340848094471283,0.16774020397208803,3.784219001610306,,,,,,,,,,,
21,3.569511540526033,4.40150295222759,25.999731615673646,0.6776704240472357,14.922168545356952,8.80300590445518,0.36902844873859364,5.984970477724101,24.778582930756844,6.5485775630703165,0.16774020397208803,3.7775093934514223,,,,,,,,,,,
22,4.240472356414386,4.394793344068707,26.019860440150296,2.0933977455716586,14.754428341384862,11.064143853998926,0.30864197530864196,5.401234567901234,23.376274825550187,5.401234567901234,0.1610305958132045,2.7844873859366612,,,,,,,,,,,
23,5.0791733762748255,4.200214707461084,21.564680622651636,2.0263016639828235,8.930488459473967,10.21202361782072,0.1878690284487386,3.227321524422974,35.73537305421363,5.891035963499732,0.1610305958132045,2.7844873859366612,,,,,,,,,,,
24,4.435050993022007,4.1129898013955986,20.135534084809446,2.0263016639828235,8.454106280193237,9.433709071390231,0.1878690284487386,4.274020397208803,32.95759527643585,7.340311325818572,0.1610305958132045,6.481481481481482,,,,,,,,,,,
25,3.7037037037037037,2.395330112721417,13.298443370907139,1.4761137949543746,6.830381105743425,6.964573268921095,0.1878690284487386,3.9989264626945786,49.80542136339238,5.347557702630167,0.1610305958132045,5.119431025228127,0.7112184648416533,,,,,,,,,,
26,3.7037037037037037,2.3215244229736984,12.587224906065487,1.4761137949543746,8.668813741277509,8.004562533548041,0.1878690284487386,6.508319914117015,44.28341384863124,6.320450885668277,0.1610305958132045,5.065754159957058,0.7112184648416533,,,,,,,,,,
27,6.816961889425658,1.8384326355340848,12.164519592055823,2.1604938271604937,8.548040794417606,9.970477724100913,0.1878690284487386,5.374396135265701,41.659957058507786,5.897745571658615,0.0067096081588835215,4.696725711218465,0.6776704240472357,,,,,,,,,,
28,6.387546967257112,1.778046162104133,11.131239935587761,2.9388083735909825,10.0979602791197,10.59447128287708,0.1878690284487386,4.884594739667204,39.452495974235106,8.172302737520129,0.0067096081588835215,3.6902844873859366,0.6776704240472357,,,,,,,,,,
29,6.870638754696726,1.4761137949543746,10.836017176596886,2.9388083735909825,9.037842190016104,10.399892646269459,0.1878690284487386,4.884594739667204,40.04965110037574,8.943907675791733,0.0067096081588835215,3.6902844873859366,0.6776704240472357,,,,,,,,,,
30,6.233225979602791,1.4694041867954912,10.641438539989265,3.361513687600644,8.709071390230811,10.943370907139023,0.1878690284487386,6.716317767042405,38.969404186795494,8.61513687600644,0.0067096081588835215,3.4688674181427803,0.6776704240472357,,,,,,,,,,
31,6.233225979602791,1.4694041867954912,10.144927536231885,2.818035426731079,9.205582393988191,12.258454106280194,0.1878690284487386,6.709608158883521,38.459473966720346,9.359903381642512,0.0067096081588835215,2.4691358024691357,0.6776704240472357,,,,,,,,,,
32,6.622383252818035,1.4694041867954912,8.910359634997317,3.556092324208266,9.004294149221685,12.915995705850777,0.1878690284487386,6.709608158883521,36.60762211486849,10.86285560923242,0.0067096081588835215,2.4691358024691357,0.6776704240472357,,,,,,,,,,
33,7.447665056360709,1.4694041867954912,8.380300590445518,3.556092324208266,9.98389694041868,12.915995705850777,0.1878690284487386,6.6827697262479875,35.198604401502955,11.191626409017713,0.0067096081588835215,2.462426194310252,0.5166398282340311,,,,,,,,,,
34,8.870101986044014,1.4694041867954912,8.172302737520129,3.2877079978529253,9.896672034353195,14.224369296833064,0.1878690284487386,5.991680085882985,34.23242082662372,10.413311862587225,,2.4020397208803006,0.8521202361782072,,,,,,,,,,
35,9.25925925925926,1.4694041867954912,8.091787439613526,3.2877079978529253,10.379763821792807,14.660493827160494,0.1878690284487386,5.884326355340848,33.28636607622115,10.238862050456254,,2.4020397208803006,0.8521202361782072,,,,,,,,,,
36,9.782608695652174,1.2748255501878691,7.648953301127214,2.5496511003757383,9.876543209876543,15.83467525496511,0.1878690284487386,4.918142780461621,31.662640901771336,12.13768115942029,,1.751207729468599,0.7380568974771873,1.6371443907675791,,,,,,,,,
37,9.782608695652174,1.2748255501878691,7.253086419753086,2.5496511003757383,9.681964573268921,16.861245303274288,0.1878690284487386,4.871175523349437,30.56226516371444,12.848899624261943,,1.751207729468599,0.7380568974771873,1.6371443907675791,,,,,,,,,
38,9.017713365539452,1.1943102522812667,7.03166935050993,2.5496511003757383,8.883521202361782,16.955179817498657,0.1878690284487386,4.871175523349437,29.461889425657542,12.29200214707461,,5.179817498658078,0.7380568974771873,1.6371443907675791,,,,,,,,,
39,9.017713365539452,1.1943102522812667,6.568706387546968,2.5496511003757383,8.836553945249598,17.236983360171767,0.1878690284487386,4.871175523349437,29.461889425657542,13.009930220075148,,4.690016103059581,0.7380568974771873,1.6371443907675791,,,,,,,,,
40,9.420289855072463,1.1943102522812667,8.266237251744498,2.9589371980676327,8.621846484165324,18.109232420826622,0.1878690284487386,4.334406870638754,27.026301663982824,12.385936661298981,,4.5893719806763285,1.3352120236178207,1.570048309178744,,,,,,,,,
41,9.265968867418144,0.7112184648416533,9.158615136876007,2.623456790123457,7.7361782071927,14.626945786366075,0.1878690284487386,3.616478797638218,34.86312399355877,10.359634997316157,,3.5225442834138487,1.3352120236178207,1.221148684916801,0.7716049382716049,,,,,,,,
42,9.541062801932368,0.7112184648416533,8.07836822329576,3.3413848631239937,7.6556629092860975,15.391841116478798,0.1878690284487386,3.569511540526033,34.18545356951154,10.487117552334944,,3.5225442834138487,1.3352120236178207,1.221148684916801,0.7716049382716049,,,,,,,,
43,8.977455716586151,0.322061191626409,7.87037037037037,3.3413848631239937,7.695920558239399,16.63311862587225,0.1878690284487386,2.7643585614600106,35.50053676865271,9.883252818035427,,3.4957058507783145,1.3352120236178207,1.221148684916801,0.7716049382716049,,,,,,,,
44,9.594739667203436,0.322061191626409,7.4141170155662905,3.3413848631239937,7.266505636070853,15.633387010198604,0.13419216317767044,2.7643585614600106,34.997316156736446,8.997584541062801,,6.206387546967257,1.3352120236178207,1.221148684916801,0.7716049382716049,,,,,,,,
45,9.594739667203436,0.322061191626409,7.4141170155662905,4.086151368760064,6.937734836285561,16.404991948470208,0.13419216317767044,2.7643585614600106,32.6154052603328,9.453837895866881,,7.2933440687063875,1.0869565217391304,1.1205045625335481,0.7716049382716049,,,,,,,,
46,10.426731078904991,0.322061191626409,7.37385936661299,4.086151368760064,6.790123456790123,16.358024691358025,0.13419216317767044,2.7643585614600106,32.6154052603328,10.091250670960816,,6.0587761674718195,1.0869565217391304,1.1205045625335481,0.7716049382716049,,,,,,,,
47,10.426731078904991,0.322061191626409,7.675791733762749,3.8580246913580245,6.561996779388084,16.0426731078905,0.13419216317767044,2.7509393451422435,33.73590982286635,9.453837895866881,,6.0587761674718195,1.0869565217391304,1.1205045625335481,0.7716049382716049,,,,,,,,
48,11.627750939345143,0.322061191626409,6.602254428341385,5.367686527106817,6.427804616210413,14.78797638217928,0.13419216317767044,2.6435856146001075,32.64224369296833,10.93666129898014,,5.683038110574342,1.0869565217391304,0.966183574879227,0.7716049382716049,,,,,,,,
49,10.970209339774557,0.322061191626409,8.407139023081053,4.019055287171229,4.998658078368224,11.312399355877616,0.13419216317767044,2.636876006441224,21.906870638754697,10.648148148148149,,20.94068706387547,1.570048309178744,1.3620504562533549,0.7716049382716049,,,,,,,,
50,13.405797101449275,0.322061191626409,8.293075684380032,4.019055287171229,4.958400429414922,11.802200751476114,0.13419216317767044,2.3349436392914655,20.90042941492217,9.5276435856146,,20.598497047772412,1.570048309178744,1.3620504562533549,0.7716049382716049,,,,,,,,
51,12.754965110037574,0.322061191626409,8.051529790660226,4.777241009125067,5.407944176060118,11.520397208803006,0.13419216317767044,2.3349436392914655,20.799785292538918,10.11808910359635,,20.075147611379496,1.570048309178744,1.3620504562533549,0.7716049382716049,,,,,,,,
52,12.754965110037574,0.322061191626409,8.044820182501342,3.9452495974235107,5.407944176060118,12.882447665056361,0.13419216317767044,2.13365539452496,19.665861513687602,10.48040794417606,2.462426194310252,16.800858829844337,2.831454643048846,1.3620504562533549,0.7716049382716049,,,,,,,,
53,12.795222758990874,0.322061191626409,8.038110574342458,3.9452495974235107,5.394524959742351,12.882447665056361,0.11406333870101985,2.13365539452496,19.64573268921095,11.2788513150832,2.462426194310252,16.022544283413847,2.831454643048846,1.3620504562533549,0.7716049382716049,,,,,,,,
54,11.117820719269995,0.322061191626409,6.387546967257112,4.643048845947397,4.119699409554482,11.876006441223833,0.11406333870101985,2.0397208803005906,23.72517444981213,12.614063338701019,2.428878153515835,15.72061191626409,3.1870638754696725,1.3486312399355878,0.35560923242082665,,,,,,,,
55,10.775630703166936,0.322061191626409,7.809983896940419,4.643048845947397,3.9586688137412773,12.104133118625873,0.11406333870101985,2.0397208803005906,23.53059581320451,14.298174986580785,2.428878153515835,13.083735909822867,3.1870638754696725,1.3486312399355878,0.35560923242082665,,,,,,,,
56,11.493558776167472,0.322061191626409,7.809983896940419,4.488727858293076,3.2206119162640903,11.674718196457327,0.11406333870101985,2.0397208803005906,24.00697799248524,12.788513150831992,4.750402576489533,12.399355877616747,1.8988191089640365,1.1943102522812667,0.35560923242082665,1.442565754159957,,,,,,,
57,4.341116478797638,0.322061191626409,5.441492216854535,3.4957058507783145,1.2010198604401503,8.353462157809984,,1.4895330112721417,40.56629092860977,12.050456253354804,4.750402576489533,13.311862587224907,1.6975308641975309,1.1808910359634996,0.35560923242082665,1.442565754159957,,,,,,,
58,4.341116478797638,0.322061191626409,5.441492216854535,3.4957058507783145,1.90552871712292,8.353462157809984,,1.4895330112721417,39.861782071927,12.050456253354804,4.750402576489533,13.311862587224907,1.6975308641975309,1.1808910359634996,0.35560923242082665,1.442565754159957,,,,,,,
59,5.072463768115942,0.23483628556092323,5.3341384863123995,3.3279656468062266,3.770799785292539,8.031400966183575,,1.4895330112721417,37.224906065485776,12.835480407944177,4.750402576489533,13.311862587224907,1.6975308641975309,1.1205045625335481,0.35560923242082665,1.442565754159957,,,,,,,
60,6.501610305958132,0.23483628556092323,5.3341384863123995,4.240472356414386,4.320987654320987,8.756038647342995,,1.3687600644122384,34.70209339774557,12.835480407944177,3.9318303811057436,13.217928073000536,1.6975308641975309,1.1205045625335481,0.2952227589908749,1.442565754159957,,,,,,,
61,6.501610305958132,0.23483628556092323,5.3341384863123995,4.240472356414386,4.193505099302201,8.722490606548577,,1.3687600644122384,34.4068706387547,14.244498121309716,3.9318303811057436,12.204777241009126,2.1806226516371443,1.1205045625335481,0.2952227589908749,1.0198604401502953,,,,,,,
62,7.803274288781535,0.23483628556092323,5.3341384863123995,4.49543746645196,6.951154052603328,9.453837895866881,,1.288244766505636,31.528448738593667,12.942834138486312,3.4822866344605474,11.889425657541599,2.1806226516371443,1.1003757380568975,0.2952227589908749,1.0198604401502953,,,,,,,
63,8.420558239398819,0.23483628556092323,5.052334943639291,4.49543746645196,6.951154052603328,8.883521202361782,,1.288244766505636,31.199677938808374,13.976113794954374,3.4822866344605474,11.493558776167472,2.1806226516371443,1.1003757380568975,0.2214170692431562,1.0198604401502953,,,,,,,
64,8.601717659688674,0.23483628556092323,4.864465915190553,4.49543746645196,5.542136339237788,9.936929683306495,2.703972088030059,1.288244766505636,29.394793344068706,13.976113794954374,3.4822866344605474,10.768921095008052,2.368491680085883,1.1003757380568975,0.2214170692431562,1.0198604401502953,,,,,,,
65,8.601717659688674,0.23483628556092323,4.864465915190553,4.49543746645196,5.984970477724101,8.890230810520666,2.703972088030059,1.288244766505636,27.979066022544284,14.378690284487385,3.180354267310789,9.145195920558239,2.368491680085883,1.1003757380568975,0.2214170692431562,4.562533548040794,,,,,,,
66,9.695383789586689,0.17444981213097155,4.864465915190553,4.918142780461621,5.22007514761138,9.594739667203436,1.8317230273752012,1.221148684916801,27.576489533011273,14.794685990338165,3.180354267310789,8.709071390230811,2.368491680085883,1.06682769726248,0.2214170692431562,4.562533548040794,,,,,,,
67,11.211755233494364,0.17444981213097155,3.81105743424584,5.958132045088567,4.918142780461621,10.420021470746109,1.8317230273752012,0.9393451422436929,25.711218464841654,14.244498121309716,2.4557165861513686,8.031400966183575,4.441760601180891,1.06682769726248,0.2214170692431562,4.562533548040794,,,,,,,
68,11.345947396672035,0.17444981213097155,3.81105743424584,5.884326355340848,4.783950617283951,10.359634997316157,1.6237251744498122,0.6977992485238862,26.41572732152442,14.472624798711756,2.4020397208803006,7.561728395061729,3.938539989264627,1.7444981213097155,0.2214170692431562,4.562533548040794,,,,,,,
69,13.231347289318304,0.17444981213097155,3.0193236714975846,6.8035426731078905,4.582662372517445,10.34621578099839,1.6237251744498122,0.6910896403650026,25.0402576489533,15.371712292002147,2.4020397208803006,6.749865807836822,3.730542136339238,1.4492753623188406,0.2214170692431562,4.562533548040794,,,,,,,
70,13.848631239935587,0.17444981213097155,2.965646806226516,9.044551798174986,4.582662372517445,10.010735373054214,1.6237251744498122,0.6910896403650026,24.644390767579175,14.55984970477724,2.059849704777241,6.260064412238325,3.730542136339238,1.4492753623188406,0.2214170692431562,4.133118625872249,,,,,,,
71,11.137949543746645,3.455448201825013,2.965646806226516,9.950348899624261,4.408212560386473,10.104669887278583,1.6237251744498122,0.6910896403650026,23.376274825550187,12.157809983896941,5.193236714975845,5.958132045088567,3.7238325281803544,1.4492753623188406,0.2214170692431562,3.5829307568438002,,,,,,,
72,10.245571658615138,2.8113258185721954,2.7241009125067097,11.124530327428879,4.253891572732153,10.010735373054214,0.8789586688137413,0.6910896403650026,21.85319377348363,12.942834138486312,4.53569511540526,9.373322597960279,3.7238325281803544,1.4492753623188406,0.2214170692431562,3.1602254428341383,,,,,,,
73,10.111379495437467,2.475845410628019,2.7241009125067097,11.896135265700483,3.6902844873859366,11.3191089640365,0.8789586688137413,0.6910896403650026,21.054750402576488,12.546967257112184,4.528985507246377,9.057971014492754,4.656468062265164,1.4492753623188406,0.2214170692431562,2.6972624798711755,,,,,,,
74,10.0979602791197,2.475845410628019,2.7241009125067097,11.896135265700483,3.6366076221148687,10.815888352120236,0.8789586688137413,0.6910896403650026,20.987654320987655,11.90955448201825,3.0931293612453032,11.768652710681696,4.656468062265164,1.4492753623188406,0.2214170692431562,2.6972624798711755,,,,,,,
75,11.735104669887278,2.1135265700483092,2.7241009125067097,10.970209339774557,4.616210413311863,11.674718196457327,0.6776704240472357,0.6910896403650026,18.47826086956522,11.902844873859367,2.8381642512077296,11.144659151905529,6.132581857219538,1.4492753623188406,0.2214170692431562,2.6301663982823404,,,,,,,
76,10.903113258185721,4.408212560386473,2.7241009125067097,9.420289855072463,4.455179817498658,11.949812130971551,0.6776704240472357,0.36902844873859364,17.10950080515298,11.252012882447666,2.475845410628019,14.398819108964037,5.555555555555555,1.4492753623188406,0.2214170692431562,2.6301663982823404,,,,,,,
77,10.903113258185721,4.408212560386473,2.7241009125067097,9.420289855072463,4.455179817498658,12.681159420289855,0.6776704240472357,0.36902844873859364,17.10950080515298,10.520665593129362,2.475845410628019,14.398819108964037,5.555555555555555,1.4492753623188406,0.2214170692431562,2.6301663982823404,,,,,,,
78,10.903113258185721,4.408212560386473,2.6637144390767578,9.420289855072463,4.159957058507783,13.808373590982287,0.6776704240472357,0.36902844873859364,16.485507246376812,10.373054213633925,2.475845410628019,14.398819108964037,5.555555555555555,1.4492753623188406,0.2214170692431562,2.6301663982823404,,,,,,,
79,12.681159420289855,4.408212560386473,2.522812667740204,8.648684916800859,4.159957058507783,13.023349436392914,0.6776704240472357,0.36902844873859364,16.210413311862588,10.88298443370907,2.4355877616747184,13.271604938271604,5.71658615136876,2.1940418679549114,0.2214170692431562,2.576489533011272,,,,,,,
80,12.164519592055823,4.408212560386473,2.2074610842726785,9.185453569511541,4.159957058507783,13.023349436392914,0.6776704240472357,0.36902844873859364,16.029253891572733,10.88298443370907,2.4355877616747184,13.110574342458401,6.353998926462695,2.1940418679549114,0.2214170692431562,2.576489533011272,,,,,,,
81,12.47987117552335,4.408212560386473,2.2074610842726785,9.896672034353195,4.1532474503489,13.01663982823403,0.6776704240472357,0.36902844873859364,15.68035426731079,10.95679012345679,1.932367149758454,12.875738056897477,6.353998926462695,2.1940418679549114,0.2214170692431562,2.576489533011272,,,,,,,
82,11.862587224906065,4.408212560386473,2.2074610842726785,10.681696188942565,4.1532474503489,13.01663982823403,0.6776704240472357,0.36902844873859364,15.237520128824476,11.721685453569512,1.932367149758454,12.432903918411165,6.353998926462695,2.147074610842727,0.2214170692431562,2.576489533011272,,,,,,,
83,11.862587224906065,4.30756843800322,2.2074610842726785,11.580783682232958,4.1532474503489,13.01663982823403,0.6776704240472357,0.36902844873859364,15.237520128824476,11.634460547504025,1.8786902844873858,12.04374664519592,6.085614600107354,2.147074610842727,0.2214170692431562,2.576489533011272,,,,,,,
84,10.715244229736983,4.30756843800322,2.187332259796028,12.627482555018787,3.435319377348363,12.104133118625873,0.4830917874396135,2.818035426731079,13.077026301663983,11.272141706924316,5.589103596349974,11.144659151905529,5.293880837359098,2.147074610842727,0.2214170692431562,2.576489533011272,,,,,,,
85,10.795759527643586,3.8848631239935587,2.187332259796028,13.358829844337091,2.623456790123457,12.057165861513688,0.46967257112184646,2.61003757380569,12.620772946859903,11.453301127214171,4.958400429414922,11.010466988727858,5.756843800322061,2.147074610842727,0.2214170692431562,2.576489533011272,1.2681159420289856,,,,,,
86,10.534084809447128,3.8848631239935587,2.187332259796028,13.654052603327965,2.623456790123457,12.057165861513688,0.46967257112184646,2.61003757380569,12.620772946859903,11.419753086419753,4.958400429414922,11.010466988727858,5.756843800322061,2.147074610842727,0.2214170692431562,2.576489533011272,1.2681159420289856,,,,,,
87,10.171765968867419,3.8848631239935587,2.1068169618894257,14.224369296833064,2.623456790123457,12.057165861513688,0.46967257112184646,2.61003757380569,12.553676865271068,11.41304347826087,4.958400429414922,10.238862050456254,5.9514224369296835,2.985775630703167,0.2214170692431562,2.2611379495437465,1.2681159420289856,,,,,,
88,9.23913043478261,3.670155662909286,2.1068169618894257,14.13714439076758,3.0059044551798175,11.963231347289318,0.46967257112184646,1.9659151905528718,11.922973698336017,12.097423510466989,4.87788513150832,10.238862050456254,6.769994632313473,3.878153515834675,0.2214170692431562,2.167203435319377,1.2681159420289856,,,,,,
89,11.010466988727858,3.6634460547504024,2.1068169618894257,14.04320987654321,3.0059044551798175,11.18491680085883,0.46967257112184646,1.9659151905528718,11.922973698336017,12.285292538915728,4.8443370907139025,9.192163177670425,6.769994632313473,3.878153515834675,0.2214170692431562,2.167203435319377,1.2681159420289856,,,,,,
90,11.533816425120772,3.33467525496511,4.072732152442297,12.721417069243156,3.0059044551798175,10.648148148148149,0.46967257112184646,1.9659151905528718,10.802469135802468,12.332259796027913,4.8443370907139025,9.178743961352657,7.555018786902845,3.878153515834675,0.2214170692431562,2.167203435319377,1.2681159420289856,,,,,,
91,11.533816425120772,3.33467525496511,4.072732152442297,12.580515297906603,3.0059044551798175,10.648148148148149,0.46967257112184646,1.9659151905528718,10.802469135802468,12.332259796027913,4.8443370907139025,9.178743961352657,8.903650026838433,3.784219001610306,0.2214170692431562,1.0534084809447128,1.2681159420289856,,,,,,
92,11.325818572195384,3.33467525496511,4.072732152442297,13.405797101449275,3.0059044551798175,10.876274825550189,0.46967257112184646,1.4358561460010735,10.748792270531402,12.667740203972087,4.8443370907139025,8.581588835212024,8.903650026838433,3.784219001610306,0.2214170692431562,1.0534084809447128,1.2681159420289856,,,,,,
93,12.775093934514224,3.33467525496511,4.072732152442297,13.962694578636608,2.9790660225442833,10.61460010735373,0.46967257112184646,1.288244766505636,10.674986580783683,12.104133118625873,4.133118625872249,8.460815888352121,8.507783145464305,4.280730005367687,0.2214170692431562,0.8521202361782072,1.2681159420289856,,,,,,
94,15.210681696188942,3.33467525496511,3.8915727321524423,13.727858293075684,2.9790660225442833,10.487117552334944,0.46967257112184646,1.288244766505636,10.258990874932904,11.20504562533548,4.066022544283414,8.239398819108963,8.219269994632313,4.280730005367687,0.2214170692431562,0.8521202361782072,1.2681159420289856,,,,,,
95,15.210681696188942,3.33467525496511,3.8915727321524423,13.727858293075684,2.9790660225442833,10.487117552334944,0.46967257112184646,1.288244766505636,10.258990874932904,11.20504562533548,4.066022544283414,8.239398819108963,7.856951154052603,4.643048845947397,0.2214170692431562,0.8521202361782072,1.2681159420289856,,,,,,
96,15.60654857756307,3.33467525496511,3.878153515834675,13.727858293075684,2.9790660225442833,10.742082662372518,0.46967257112184646,1.288244766505636,9.73564143853999,11.144659151905529,4.05931293612453,8.239398819108963,7.809983896940419,4.643048845947397,0.2214170692431562,0.8521202361782072,1.2681159420289856,,,,,,
97,15.60654857756307,3.33467525496511,3.878153515834675,13.667471819645733,2.9790660225442833,10.48040794417606,0.46967257112184646,1.288244766505636,9.581320450885668,11.553945249597424,4.05931293612453,8.239398819108963,7.192699946323135,5.394524959742351,0.2214170692431562,0.785024154589372,1.2681159420289856,,,,,,
98,15.848094471282877,3.260869565217391,3.878153515834675,13.546698872785829,2.9790660225442833,10.48040794417606,0.46967257112184646,1.288244766505636,9.581320450885668,11.553945249597424,4.05931293612453,8.192431561996779,7.192699946323135,5.394524959742351,0.2214170692431562,0.785024154589372,1.2681159420289856,,,,,,
99,15.378421900161031,3.0864197530864197,3.656736446591519,14.331723027375201,2.757648953301127,10.963499731615673,0.46967257112184646,1.288244766505636,8.943907675791733,10.520665593129362,4.05931293612453,7.669082125603865,9.138486312399356,5.4616210413311865,0.2214170692431562,0.785024154589372,1.2681159420289856,,,,,,
100,14.841653247450349,3.0864197530864197,3.656736446591519,14.942297369833602,2.757648953301127,10.963499731615673,0.46967257112184646,1.288244766505636,8.809715512614064,10.466988727858293,4.05931293612453,7.494632313472893,9.426999463231347,5.4616210413311865,0.2214170692431562,0.785024154589372,1.2681159420289856,,,,,,
101,15.599838969404187,2.49597423510467,3.656736446591519,13.79495437466452,2.6637144390767578,11.198336017176597,0.46967257112184646,1.288244766505636,8.668813741277509,10.46027911969941,4.052603327965647,7.467793880837359,9.896672034353195,6.166129898013956,0.2214170692431562,0.630703166935051,1.2681159420289856,,,,,,
102,16.09634997316157,1.8719806763285025,3.3548040794417604,14.31159420289855,2.2611379495437465,12.02361782071927,0.4428341384863124,0.9796027911969941,7.897208803005904,10.446859903381643,3.7372517444981215,7.467793880837359,9.916800858829845,7.105475040257649,0.2214170692431562,0.5971551261406334,1.2681159420289856,,,,,,
103,16.09634997316157,1.8719806763285025,3.3548040794417604,14.31159420289855,2.2611379495437465,12.02361782071927,0.4428341384863124,0.9796027911969941,7.897208803005904,10.446859903381643,3.7372517444981215,7.467793880837359,9.916800858829845,7.105475040257649,0.2214170692431562,0.5971551261406334,1.2681159420289856,,,,,,
104,15.780998389694043,1.6774020397208802,3.3548040794417604,15.08990874932904,2.2611379495437465,12.02361782071927,0.4428341384863124,0.9796027911969941,7.897208803005904,10.446859903381643,3.3480944712828773,7.333601717659689,9.863123993558776,7.5348899624261945,0.2214170692431562,0.47638217928073,1.2681159420289856,,,,,,
105,15.579710144927537,1.2278582930756843,3.227321524422974,15.465646806226516,2.254428341384863,11.3191089640365,0.4428341384863124,0.9796027911969941,7.803274288781535,9.86983360171766,3.3480944712828773,7.253086419753086,8.024691358024691,5.803811057434245,0.2147074610842727,5.917874396135265,1.2681159420289856,,,,,,
106,16.485507246376812,1.2278582930756843,2.3215244229736984,15.465646806226516,2.254428341384863,12.177938808373591,0.4428341384863124,0.9796027911969941,7.615405260332796,9.708803005904455,3.3480944712828773,7.253086419753086,7.561728395061729,6.266774020397209,0.2147074610842727,5.917874396135265,0.7581857219538379,,,,,,
107,16.11647879763822,1.2278582930756843,2.2946859903381642,15.519323671497585,2.254428341384863,12.06387546967257,0.4428341384863124,0.9796027911969941,7.467793880837359,10.312667740203972,3.3480944712828773,7.253086419753086,7.561728395061729,6.266774020397209,0.2147074610842727,5.917874396135265,0.7581857219538379,,,,,,
108,16.11647879763822,1.2278582930756843,2.2946859903381642,15.519323671497585,2.227589908749329,12.090713902308105,0.4428341384863124,0.9796027911969941,7.467793880837359,10.312667740203972,3.3480944712828773,7.253086419753086,7.561728395061729,6.266774020397209,0.2147074610842727,5.917874396135265,0.7581857219538379,,,,,,
109,16.11647879763822,1.2278582930756843,2.2946859903381642,15.056360708534621,2.227589908749329,12.090713902308105,0.4428341384863124,0.9796027911969941,7.467793880837359,10.312667740203972,3.3480944712828773,7.253086419753086,8.024691358024691,6.266774020397209,0.2147074610842727,5.917874396135265,0.7581857219538379,,,,,,
110,15.72061191626409,1.2278582930756843,2.2946859903381642,14.868491680085883,2.227589908749329,11.77536231884058,0.4428341384863124,0.9796027911969941,7.232957595276436,11.077563070316694,3.2474503488996245,6.769994632313473,8.977455716586151,6.266774020397209,0.2147074610842727,5.917874396135265,0.7581857219538379,,,,,,
111,15.713902308105206,1.2278582930756843,2.2946859903381642,15.351583467525497,2.1940418679549114,11.60762211486849,0.4428341384863124,0.9796027911969941,6.702898550724638,11.419753086419753,3.066290928609769,6.0654857756307035,10.762211486849168,6.072195383789587,0.2147074610842727,5.12614063338701,0.7581857219538379,,,,,,
112,15.713902308105206,1.2278582930756843,2.167203435319377,15.157004830917874,2.167203435319377,11.439881910896403,0.4428341384863124,0.9796027911969941,6.347289318303811,12.5,3.066290928609769,6.0654857756307035,10.554213633923778,6.072195383789587,0.2147074610842727,5.12614063338701,0.7581857219538379,,,,,,
113,15.35829307568438,1.2278582930756843,2.167203435319377,15.962157809983896,2.1135265700483092,11.634460547504025,0.4428341384863124,0.9728931830381106,5.958132045088567,12.419484702093397,2.6301663982823404,5.877616747181965,11.05072463768116,5.360976918947934,0.2147074610842727,5.12614063338701,0.7581857219538379,0.7246376811594203,,,,,
114,15.33816425120773,1.2278582930756843,2.167203435319377,16.6935050993022,1.8115942028985508,11.963231347289318,0.4428341384863124,0.8118625872249061,5.83064949006978,12.359098228663447,2.5429414922168547,5.877616747181965,10.748792270531402,5.360976918947934,0.2147074610842727,5.12614063338701,0.7581857219538379,0.7246376811594203,,,,,
115,15.33816425120773,1.2278582930756843,2.167203435319377,16.6935050993022,1.8115942028985508,11.963231347289318,0.4428341384863124,0.8118625872249061,5.83064949006978,12.359098228663447,2.5429414922168547,5.877616747181965,10.748792270531402,5.360976918947934,0.2147074610842727,5.12614063338701,0.7581857219538379,0.7246376811594203,,,,,
116,15.33816425120773,1.2278582930756843,2.167203435319377,17.196725711218466,1.8115942028985508,11.949812130971551,0.4428341384863124,0.8118625872249061,5.495169082125604,12.29200214707461,2.5429414922168547,4.958400429414922,11.580783682232958,5.360976918947934,0.2147074610842727,5.12614063338701,0.7581857219538379,0.7246376811594203,,,,,
117,15.848094471282877,1.1741814278046163,2.167203435319377,17.042404723564143,1.8115942028985508,11.90955448201825,0.4428341384863124,0.8118625872249061,5.434782608695652,11.66129898013956,2.536231884057971,4.951690821256038,11.654589371980677,5.730005367686527,0.2147074610842727,5.12614063338701,0.7581857219538379,0.7246376811594203,,,,,
118,16.304347826086957,1.1741814278046163,2.167203435319377,17.424852388620504,1.8115942028985508,11.90955448201825,0.4428341384863124,0.8118625872249061,5.193236714975845,10.950080515297907,2.536231884057971,4.696725711218465,11.996779388083736,5.770263016639828,0.2147074610842727,5.112721417069243,0.7581857219538379,0.7246376811594203,,,,,
119,16.10305958132045,1.1741814278046163,2.167203435319377,17.424852388620504,1.710950080515298,11.75523349436393,0.4428341384863124,0.5501878690284487,5.092592592592593,11.768652710681696,2.536231884057971,4.696725711218465,11.996779388083736,5.770263016639828,0.2147074610842727,5.112721417069243,0.7581857219538379,0.7246376811594203,,,,,
120,16.10305958132045,1.1741814278046163,2.167203435319377,17.3040794417606,1.6975308641975309,11.721685453569512,0.4428341384863124,0.5501878690284487,4.944981213097155,12.218196457326892,2.536231884057971,4.066022544283414,11.29898013955985,6.964573268921095,0.2147074610842727,5.112721417069243,0.7581857219538379,0.7246376811594203,,,,,
121,16.908212560386474,1.1741814278046163,2.167203435319377,17.03569511540526,1.6975308641975309,11.721685453569512,0.4428341384863124,0.5501878690284487,4.944981213097155,11.466720343531938,2.536231884057971,3.8177670424047236,11.768652710681696,6.957863660762212,0.2147074610842727,5.112721417069243,0.7581857219538379,0.7246376811594203,,,,,
122,16.908212560386474,1.1741814278046163,2.167203435319377,17.03569511540526,1.6975308641975309,11.721685453569512,0.4428341384863124,0.5501878690284487,4.944981213097155,11.466720343531938,2.536231884057971,3.8177670424047236,11.768652710681696,6.957863660762212,0.2147074610842727,5.112721417069243,0.7581857219538379,0.7246376811594203,,,,,
123,16.465378421900162,1.1741814278046163,1.9524959742351047,17.652979066022546,1.6975308641975309,11.721685453569512,0.4428341384863124,0.5501878690284487,4.8443370907139025,11.43317230273752,2.536231884057971,3.8177670424047236,11.419753086419753,6.615673644659152,0.2147074610842727,5.112721417069243,0.7581857219538379,1.5901771336553945,,,,,
124,16.27079978529254,1.1741814278046163,1.9524959742351047,18.706387546967257,1.6975308641975309,11.480139559849706,0.4428341384863124,0.5501878690284487,4.797369833601718,11.3593666129898,2.4221685453569513,3.435319377348363,11.419753086419753,6.615673644659152,0.2147074610842727,5.112721417069243,0.7581857219538379,1.5901771336553945,,,,,
125,16.015834675254965,1.1741814278046163,1.6975308641975309,19.33709071390231,1.6505636070853462,12.097423510466989,0.4428341384863124,0.5501878690284487,4.488727858293076,10.628019323671497,2.4221685453569513,3.435319377348363,11.41304347826087,6.615673644659152,0.2147074610842727,5.112721417069243,0.7581857219538379,1.9457863660762211,,,,,
126,16.55931293612453,1.1741814278046163,1.6975308641975309,18.95464304884595,1.6505636070853462,11.936392914653783,0.4428341384863124,0.5501878690284487,4.488727858293076,10.453569511540525,2.4221685453569513,3.099838969404187,12.258454106280194,6.280193236714976,0.2147074610842727,5.112721417069243,0.7581857219538379,1.9457863660762211,,,,,
127,16.700214707461082,1.1741814278046163,1.6975308641975309,18.99490069779925,1.6438539989264627,11.75523349436393,0.4428341384863124,0.5501878690284487,4.4753086419753085,10.0979602791197,2.4221685453569513,2.7643585614600106,12.969672571121846,6.280193236714976,0.2147074610842727,5.112721417069243,0.7581857219538379,1.9457863660762211,,,,,
128,17.12962962962963,1.1741814278046163,1.6774020397208802,18.726516371443907,1.6438539989264627,11.057434245840042,0.4227053140096618,0.43612453032742887,4.2203435319377345,10.567632850241546,2.4221685453569513,2.7643585614600106,13.707729468599034,6.280193236714976,0.2147074610842727,5.112721417069243,0.49651100375738055,1.9457863660762211,,,,,
129,16.680085882984432,1.1741814278046163,1.6774020397208802,19.49812130971551,1.6438539989264627,10.742082662372518,0.2683843263553409,0.43612453032742887,4.045893719806763,10.815888352120236,2.4221685453569513,2.7643585614600106,12.72812667740204,6.743156199677939,0.2147074610842727,5.005367686527107,0.49651100375738055,2.6435856146001075,,,,,
130,16.680085882984432,1.1741814278046163,1.6774020397208802,19.49812130971551,1.6438539989264627,10.742082662372518,0.2683843263553409,0.43612453032742887,4.045893719806763,10.815888352120236,2.4221685453569513,2.7643585614600106,12.72812667740204,6.743156199677939,0.2147074610842727,5.005367686527107,0.49651100375738055,2.6435856146001075,,,,,
131,16.646537842190018,1.1473429951690821,1.6774020397208802,20.055018786902846,1.6438539989264627,10.742082662372518,0.2683843263553409,0.43612453032742887,4.045893719806763,10.815888352120236,2.4221685453569513,2.757648953301127,12.406065485775631,7.112184648416532,0.2147074610842727,4.468599033816425,0.49651100375738055,2.6435856146001075,,,,,
132,16.646537842190018,1.1473429951690821,1.42914653784219,20.055018786902846,1.6438539989264627,10.628019323671497,0.2683843263553409,0.43612453032742887,3.9452495974235107,10.815888352120236,2.4221685453569513,2.757648953301127,13.144122383252817,7.112184648416532,0.2147074610842727,4.468599033816425,0.49651100375738055,2.368491680085883,,,,,
133,17.773752012882447,1.1406333870101986,1.133923778851315,19.692699946323135,1.6438539989264627,10.587761674718196,0.2683843263553409,0.43612453032742887,3.784219001610306,10.628019323671497,2.3483628556092326,2.757648953301127,13.144122383252817,7.112184648416532,0.2147074610842727,4.468599033816425,0.49651100375738055,2.368491680085883,,,,,
134,17.773752012882447,1.1406333870101986,1.133923778851315,19.692699946323135,1.6438539989264627,10.587761674718196,0.2683843263553409,0.43612453032742887,3.784219001610306,10.628019323671497,2.3483628556092326,2.757648953301127,13.144122383252817,7.112184648416532,0.2147074610842727,4.468599033816425,0.49651100375738055,2.368491680085883,,,,,
135,17.726784755770264,1.1406333870101986,1.133923778851315,19.243156199677937,1.6438539989264627,10.587761674718196,0.2683843263553409,0.43612453032742887,3.7037037037037037,10.628019323671497,2.1739130434782608,2.757648953301127,13.895598497047773,7.112184648416532,0.2147074610842727,4.468599033816425,0.49651100375738055,2.368491680085883,,,,,
136,17.49194847020934,1.1406333870101986,1.133923778851315,20.249597423510465,1.6438539989264627,10.681696188942565,0.2683843263553409,0.43612453032742887,3.69699409554482,10.050993022007514,2.01959205582394,2.717391304347826,13.801663982823403,7.521470746108427,0.2147074610842727,4.066022544283414,0.49651100375738055,2.368491680085883,,,,,
137,17.49194847020934,1.1406333870101986,1.133923778851315,20.638754696725712,1.2949543746645196,11.272141706924316,0.2683843263553409,0.43612453032742887,3.549382716049383,9.957058507783145,2.01959205582394,2.717391304347826,13.801663982823403,7.474503488996243,0.2147074610842727,3.7238325281803544,0.49651100375738055,2.368491680085883,,,,,
138,17.49194847020934,1.1406333870101986,1.133923778851315,20.638754696725712,1.2949543746645196,11.272141706924316,0.2683843263553409,0.43612453032742887,3.549382716049383,9.957058507783145,2.01959205582394,2.717391304347826,13.801663982823403,7.474503488996243,0.2147074610842727,3.7238325281803544,0.49651100375738055,2.368491680085883,,,,,
