,37,45,50,36,38,40,48,39,49,35,33,51,54,52,34,55,53,46,47,32,43,44,31,30,29,41,28,27
0,2.1068169618894257,93.04213633923779,4.851046698872786,,,,,,,,,,,,,,,,,,,,,,,,,
1,5.938003220611916,84.54106280193237,9.520933977455716,,,,,,,,,,,,,,,,,,,,,,,,,
2,3.1199677938808374,64.2512077294686,32.380568974771876,0.24825550187869028,,,,,,,,,,,,,,,,,,,,,,,,
3,3.5091250670960816,39.734299516908216,55.73671497584541,0.026838432635534086,0.6239935587761675,0.36902844873859364,,,,,,,,,,,,,,,,,,,,,,
4,5.528717122920021,36.94981213097155,55.79039184111648,0.18115942028985507,0.6239935587761675,0.9259259259259259,,,,,,,,,,,,,,,,,,,,,,
5,6.025228126677402,35.198604401502955,53.9922168545357,0.15432098765432098,1.133923778851315,0.9259259259259259,2.5697799248523885,,,,,,,,,,,,,,,,,,,,,
6,7.333601717659689,28.529253891572733,56.756575415995705,0.8588298443370908,1.133923778851315,2.818035426731079,2.5697799248523885,,,,,,,,,,,,,,,,,,,,,
7,7.924047235641439,24.302200751476114,55.152979066022546,1.5432098765432098,1.133923778851315,3.6366076221148687,2.5697799248523885,0.5770263016639828,3.1602254428341383,,,,,,,,,,,,,,,,,,,
8,7.883789586688137,24.08078368223296,53.717122920021474,2.6637144390767578,1.133923778851315,3.629898013955985,2.5697799248523885,1.1607622114868492,3.1602254428341383,,,,,,,,,,,,,,,,,,,
9,9.138486312399356,22.50402576489533,51.16076221148685,3.0931293612453032,1.1205045625335481,3.9855072463768115,2.1940418679549114,0.7447665056360708,6.0587761674718195,,,,,,,,,,,,,,,,,,,
10,10.144927536231885,18.699677938808374,53.12667740203972,4.7101449275362315,1.1205045625335481,3.911701556629093,2.1940418679549114,0.7447665056360708,5.347557702630167,,,,,,,,,,,,,,,,,,,
11,10.768921095008052,17.753623188405797,50.50322061191626,5.179817498658078,1.8988191089640365,4.367954911433173,2.1940418679549114,0.6977992485238862,5.984970477724101,0.6508319914117016,,,,,,,,,,,,,,,,,,
12,9.017713365539452,11.882716049382717,60.245571658615134,4.51556629092861,2.167203435319377,3.475577026301664,2.1940418679549114,0.6105743424584005,5.12614063338701,0.30193236714975846,0.46296296296296297,,,,,,,,,,,,,,,,,
13,8.78287707997853,10.997047772410092,53.95195920558239,4.294149221685454,1.7713365539452497,5.46833064949007,3.670155662909286,0.5837359098228664,5.656199677938808,0.30193236714975846,0.46296296296296297,1.737788513150832,2.3215244229736984,,,,,,,,,,,,,,,
14,9.41358024691358,9.681964573268921,53.878153515834676,4.28743961352657,1.42914653784219,5.8239398819108965,3.1333870101986045,0.5837359098228664,7.7831454643048845,0.30193236714975846,0.46296296296296297,1.6706924315619969,1.5499194847020934,,,,,,,,,,,,,,,
15,8.59500805152979,8.568169618894256,51.019860440150296,4.180085882984434,1.2278582930756843,4.663177670424047,3.099838969404187,2.147074610842727,10.742082662372518,0.30193236714975846,0.46296296296296297,3.4420289855072466,1.5499194847020934,,,,,,,,,,,,,,,
16,7.917337627482555,7.675791733762749,47.04106280193237,3.797638217928073,1.8317230273752012,4.092860976918948,4.864465915190553,2.5563607085346214,13.18438003220612,0.1274825550187869,0.06038647342995169,3.670155662909286,1.5499194847020934,1.6304347826086956,,,,,,,,,,,,,,
17,8.085077831454644,7.132313472893183,44.36392914653784,3.7640901771336552,1.8317230273752012,4.294149221685454,8.420558239398819,3.9318303811057436,11.922973698336017,0.1274825550187869,0.06038647342995169,3.5628019323671496,0.8722490606548577,1.6304347826086956,,,,,,,,,,,,,,
18,7.246376811594203,6.280193236714976,41.00912506709608,4.126409017713366,3.2340311325818574,5.71658615136876,6.139291465378422,3.4017713365539453,15.814546430488459,0.9125067096081588,0.020128824476650563,3.5628019323671496,0.5501878690284487,1.6304347826086956,0.35560923242082665,,,,,,,,,,,,,
19,6.0587761674718195,6.011808910359635,41.31105743424584,4.327697262479871,2.6301663982823404,4.51556629092861,5.615942028985507,3.7909286097691894,16.15673644659152,0.5837359098228664,0.020128824476650563,3.7775093934514223,2.462426194310252,0.5770263016639828,1.2010198604401503,0.9594739667203436,,,,,,,,,,,,
20,5.971551261406334,5.978260869565218,35.990338164251206,5.360976918947934,2.771068169618894,4.555823939881911,5.615942028985507,4.03918411164788,19.598765432098766,1.3083735909822867,0.020128824476650563,2.5966183574879227,2.462426194310252,0.5770263016639828,1.2010198604401503,0.8454106280193237,1.107085346215781,,,,,,,,,,,
21,5.770263016639828,5.508588298443371,35.0979602791197,5.71658615136876,2.771068169618894,4.3478260869565215,4.9718196457326895,3.5762211486849167,19.83360171765969,1.778046162104133,0.020128824476650563,2.5966183574879227,2.462426194310252,2.4892646269457863,1.107085346215781,0.8454106280193237,1.107085346215781,,,,,,,,,,,
22,7.575147611379496,5.46833064949007,33.071658615136876,6.474771873322598,3.9586688137412773,4.824208266237251,4.435050993022007,3.294417606011809,17.787171229200215,2.6972624798711755,,2.5966183574879227,2.2745571658615136,2.4892646269457863,1.1003757380568975,0.8454106280193237,1.107085346215781,,,,,,,,,,,
23,8.53462157809984,5.46833064949007,31.44122383252818,7.25979602791197,3.7037037037037037,4.4820182501341925,4.280730005367687,2.85829307568438,17.76033279656468,2.6502952227589907,,2.5966183574879227,2.059849704777241,2.4892646269457863,1.1003757380568975,0.8454106280193237,2.4691358024691357,,,,,,,,,,,
24,9.192163177670425,5.448201825013419,27.616747181964573,7.769726247987117,3.126677402039721,4.468599033816425,8.668813741277509,3.079710144927536,15.566290928609769,2.3886205045625335,,1.6975308641975309,1.9927536231884058,3.361513687600644,0.5770263016639828,0.8454106280193237,3.026033279656468,1.1741814278046163,,,,,,,,,,
25,8.548040794417606,5.35426731078905,25.95276435856146,5.689747718733226,3.3816425120772946,4.864465915190553,9.695383789586689,3.307836822329576,15.505904455179817,2.757648953301127,,1.6975308641975309,1.9927536231884058,3.2474503488996245,0.5703166935050993,0.8454106280193237,2.8784219001610305,0.6642512077294686,3.046162104133119,,,,,,,,,
26,7.098765432098766,3.6768652710681695,23.450080515297905,6.293612453032743,2.85829307568438,3.294417606011809,8.279656468062266,3.0059044551798175,25.228126677402038,2.214170692431562,,1.6975308641975309,1.9927536231884058,3.2474503488996245,0.5703166935050993,0.8454106280193237,2.536231884057971,0.6642512077294686,3.046162104133119,,,,,,,,,
27,7.98443370907139,3.643317230273752,22.29602791196994,5.911164787976382,2.623456790123457,3.294417606011809,7.253086419753086,4.374664519592056,22.745571658615138,2.623456790123457,,1.6975308641975309,1.9793344068706387,3.0864197530864197,0.5703166935050993,0.798443370907139,2.5161030595813205,0.6642512077294686,5.938003220611916,,,,,,,,,
28,6.763285024154589,2.6838432635534084,32.54830917874396,5.884326355340848,2.563070316693505,2.737520128824477,5.9447128287707995,4.918142780461621,17.05582393988191,2.100107353730542,,1.6371443907675791,1.9659151905528718,2.9924852388620504,0.35560923242082665,0.798443370907139,2.509393451422437,0.6642512077294686,5.877616747181965,,,,,,,,,
29,5.642780461621041,1.4090177133655395,44.32367149758454,5.844068706387547,2.1135265700483092,1.3955984970477724,5.401234567901234,3.280998389694042,16.31105743424584,1.7713365539452497,,0.5032206119162641,,2.509393451422437,0.35560923242082665,,1.2815351583467525,0.6642512077294686,7.192699946323135,,,,,,,,,
30,5.589103596349974,1.4090177133655395,39.71417069243156,6.226516371443908,2.281266774020397,1.7579173376274826,5.401234567901234,3.280998389694042,20.209339774557165,1.7713365539452497,,0.5032206119162641,,2.3617820719269993,0.35560923242082665,,1.2815351583467525,0.6642512077294686,7.192699946323135,,,,,,,,,
31,5.589103596349974,1.1137949543746646,38.29173376274826,6.139291465378422,2.187332259796028,1.4559849704777241,5.394524959742351,3.9989264626945786,19.994632313472895,1.7713365539452497,,2.2074610842726785,,2.3617820719269993,0.35560923242082665,,1.2815351583467525,0.6642512077294686,7.192699946323135,,,,,,,,,
32,4.562533548040794,0.07380568974771873,48.698336017176594,4.656468062265164,2.0263016639828235,1.2278582930756843,10.674986580783683,2.0397208803005906,16.25738056897477,0.9057971014492754,,1.1741814278046163,,0.8319914117015567,0.24154589371980675,,1.2815351583467525,0.46967257112184646,4.87788513150832,,,,,,,,,
33,5.756843800322061,0.07380568974771873,45.799785292538914,4.53569511540526,3.307836822329576,1.1406333870101986,9.07139023081052,2.0397208803005906,18.370907139023082,0.9057971014492754,,1.1741814278046163,,0.95276435856146,0.24154589371980675,,0.8588298443370908,0.46967257112184646,5.300590445517981,,,,,,,,,
34,5.280461621041331,0.07380568974771873,42.11621041331186,4.03918411164788,2.8918411164787976,1.90552871712292,13.94927536231884,2.7509393451422435,16.794149221685455,1.2278582930756843,0.7045088566827697,0.8387010198604401,,0.95276435856146,0.8990874932903918,,0.8588298443370908,0.46967257112184646,4.247181964573269,,,,,,,,,
35,5.052334943639291,0.07380568974771873,40.61325818572195,5.10601180891036,1.9659151905528718,3.2541599570585076,13.875469672571121,2.7643585614600106,14.150563607085346,0.8118625872249061,0.43612453032742887,0.8387010198604401,,0.6105743424584005,0.785024154589372,,0.6709608158883521,0.46967257112184646,7.6623725174449815,0.8588298443370908,,,,,,,,
36,5.488459473966721,0.07380568974771873,37.815351583467525,5.730005367686527,2.059849704777241,2.657004830917874,11.621041331186259,2.7643585614600106,14.298174986580785,1.2010198604401503,0.43612453032742887,3.9452495974235107,0.7045088566827697,0.5233494363929146,0.9594739667203436,,0.4562533548040794,1.2546967257112185,6.850509930220075,0.2214170692431562,0.9393451422436929,,,,,,,
37,5.488459473966721,0.07380568974771873,36.85587761674718,6.159420289855072,2.522812667740204,2.623456790123457,10.976918947933441,2.7643585614600106,14.814814814814815,2.1403650026838434,0.43612453032742887,3.9452495974235107,0.013419216317767043,0.5233494363929146,0.9594739667203436,,0.4562533548040794,1.2546967257112185,6.830381105743425,0.2214170692431562,0.9393451422436929,,,,,,,
38,6.253354804079442,0.07380568974771873,34.19887278582931,6.159420289855072,2.341653247450349,3.797638217928073,12.68786902844874,3.408480944712829,14.492753623188406,1.9592055823939882,0.43612453032742887,3.9049919484702094,0.013419216317767043,0.5233494363929146,1.1540526033279657,,0.4562533548040794,1.2546967257112185,5.803811057434245,0.2214170692431562,0.8588298443370908,,,,,,,
39,6.052066559312936,0.07380568974771873,30.636070853462158,6.427804616210413,2.26784755770263,4.911433172302737,13.43263553408481,2.3081052066559313,16.465378421900162,1.8988191089640365,0.43612453032742887,2.7979066022544283,0.013419216317767043,0.5233494363929146,1.0198604401502953,,2.5966183574879227,1.2546967257112185,5.803811057434245,0.2214170692431562,0.8588298443370908,,,,,,,
40,5.891035963499732,0.07380568974771873,30.844068706387546,6.3070316693505095,2.26784755770263,5.186527106816962,13.070316693505099,2.3081052066559313,16.170155662909288,2.8381642512077296,0.43612453032742887,2.314814814814815,0.013419216317767043,0.5233494363929146,1.0198604401502953,,2.5966183574879227,1.2546967257112185,5.803811057434245,0.2214170692431562,0.8588298443370908,,,,,,,
41,5.837359098228664,0.07380568974771873,29.220343531937736,7.27992485238862,2.0397208803005906,5.515297906602254,12.942834138486312,2.952227589908749,15.666935050993022,2.8381642512077296,0.43612453032742887,2.26784755770263,1.06682769726248,0.5233494363929146,1.0198604401502953,,2.5563607085346214,1.2546967257112185,5.428073000536768,0.2214170692431562,0.8588298443370908,,,,,,,
42,4.025764895330113,0.0067096081588835215,11.855877616747183,6.910896403650026,0.9125067096081588,1.2412775093934514,10.587761674718196,0.8789586688137413,45.12211486849168,2.9388083735909825,0.43612453032742887,1.9793344068706387,1.06682769726248,0.5233494363929146,2.1739130434782608,,0.5501878690284487,1.247987117552335,6.468062265163715,0.2214170692431562,0.8521202361782072,,,,,,,
43,3.5426731078904994,0.0067096081588835215,11.20504562533548,6.857219538378959,0.9125067096081588,1.9524959742351047,10.889694041867955,1.7042404723564144,43.53864734299517,2.9052603327965647,0.5703166935050993,1.7847557702630166,1.06682769726248,0.5233494363929146,1.1607622114868492,,0.4830917874396135,0.8722490606548577,7.836822329575953,1.3352120236178207,0.8521202361782072,,,,,,,
44,4.206924315619967,0.0067096081588835215,10.849436392914654,6.857219538378959,1.6237251744498122,3.0059044551798175,10.661567364465915,3.1535158346752548,40.52603327965647,2.9052603327965647,0.5703166935050993,1.5029522275899088,1.06682769726248,0.5233494363929146,1.1607622114868492,,0.4830917874396135,0.8722490606548577,7.836822329575953,1.3352120236178207,0.8521202361782072,,,,,,,
45,4.206924315619967,0.0067096081588835215,8.641975308641975,6.561996779388084,1.5432098765432098,4.1532474503489,10.238862050456254,3.0730005367686526,37.63419216317767,3.374932903918411,0.12077294685990338,1.5029522275899088,3.8714439076757916,1.6639828234031133,1.442565754159957,,0.4830917874396135,0.2214170692431562,6.991411701556629,1.06682769726248,,3.2004830917874396,,,,,,
46,5.401234567901234,0.0067096081588835215,8.299785292538916,7.018250134192163,1.3888888888888888,4.555823939881911,9.86983360171766,3.878153515834675,33.16559312936125,3.6768652710681695,0.12077294685990338,1.5029522275899088,4.079441760601181,3.4822866344605474,1.8719806763285025,,0.46967257112184646,0.2214170692431562,6.723027375201288,1.06682769726248,,3.2004830917874396,,,,,,
47,4.951690821256038,0.0067096081588835215,7.897208803005904,6.427804616210413,0.798443370907139,4.200214707461084,9.07139023081052,4.38137412775094,32.31347289318304,4.0995705850778315,0.12077294685990338,1.5029522275899088,4.079441760601181,4.522275899087493,1.0332796564680622,,0.46967257112184646,3.589640365002684,6.568706387546968,1.06682769726248,,2.898550724637681,,,,,,
48,4.951690821256038,0.0067096081588835215,7.548309178743962,6.1862587224906065,0.798443370907139,4.200214707461084,8.541331186258722,5.166398282340311,31.910896403650028,4.643048845947397,0.12077294685990338,1.107085346215781,4.03918411164788,4.522275899087493,2.4557165861513686,,0.46967257112184646,3.0059044551798175,6.360708534621578,1.06682769726248,,2.898550724637681,,,,,,
49,4.871175523349437,0.0067096081588835215,7.407407407407407,5.984970477724101,1.1674718196457328,6.025228126677402,9.997316156736447,5.917874396135265,28.69699409554482,4.703435319377348,0.12077294685990338,1.107085346215781,3.616478797638218,4.119699409554482,2.4557165861513686,,0.46967257112184646,3.0059044551798175,6.360708534621578,1.06682769726248,,2.898550724637681,,,,,,
50,4.663177670424047,0.0067096081588835215,7.407407407407407,5.3274288781535155,1.1607622114868492,6.025228126677402,9.078099838969404,5.917874396135265,30.636070853462158,4.7101449275362315,0.12077294685990338,1.107085346215781,3.616478797638218,4.119699409554482,2.4557165861513686,,0.46967257112184646,3.0059044551798175,6.206387546967257,1.06682769726248,,2.898550724637681,,,,,,
51,4.555823939881911,0.0067096081588835215,7.011540526033279,5.911164787976382,2.636876006441224,6.011808910359635,8.662104133118627,5.998389694041868,30.273752012882447,4.5960815888352125,0.12077294685990338,0.7716049382716049,3.488996242619431,4.079441760601181,2.4557165861513686,,0.36231884057971014,2.9723564143853998,6.119162640901771,1.06682769726248,,2.898550724637681,,,,,,
52,4.53569511540526,0.0067096081588835215,6.709608158883521,6.139291465378422,2.636876006441224,5.750134192163178,8.561460010735374,6.884057971014493,29.777241009125067,4.663177670424047,0.12077294685990338,0.7716049382716049,3.488996242619431,4.079441760601181,2.4557165861513686,,0.36231884057971014,2.9723564143853998,5.750134192163178,1.4358561460010735,,2.898550724637681,,,,,,
53,4.428341384863124,0.0067096081588835215,6.179549114331723,5.743424584004294,2.985775630703167,7.347020933977456,7.561728395061729,5.770263016639828,29.817498658078367,5.025496511003757,0.12077294685990338,0.46967257112184646,3.488996242619431,4.045893719806763,1.415727321524423,,0.36231884057971014,5.709876543209877,5.186527106816962,1.4358561460010735,,2.898550724637681,,,,,,
54,4.918142780461621,0.0067096081588835215,5.810520665593129,5.018786902844874,2.932098765432099,7.159151905528717,7.367149758454106,6.353998926462695,29.20692431561997,5.548845947396672,0.12077294685990338,0.39586688137412773,3.488996242619431,4.045893719806763,2.314814814814815,,0.3421900161030596,5.293880837359098,4.985238862050457,1.6035963499731616,,2.227589908749329,0.8588298443370908,,,,,
55,4.918142780461621,0.0067096081588835215,5.763553408480945,4.468599033816425,2.918679549114332,6.863929146537842,7.333601717659689,6.072195383789587,29.012345679012345,6.085614600107354,0.12077294685990338,0.36231884057971014,5.394524959742351,4.045893719806763,1.865271068169619,,0.3421900161030596,4.750402576489533,4.985238862050457,1.6035963499731616,,2.227589908749329,0.8588298443370908,,,,,
56,4.918142780461621,0.0067096081588835215,5.750134192163178,4.441760601180891,2.918679549114332,6.863929146537842,7.185990338164252,6.072195383789587,28.247450348899623,5.689747718733226,0.05367686527106817,0.36231884057971014,5.394524959742351,4.045893719806763,1.7579173376274826,,0.3421900161030596,4.690016103059581,6.206387546967257,1.1808910359634996,,2.227589908749329,1.6438539989264627,,,,,
57,3.9519592055823938,0.0067096081588835215,5.58239398819109,3.965378421900161,2.771068169618894,6.011808910359635,9.366612989801396,6.823671497584541,25.523349436392916,6.219806763285024,0.05367686527106817,0.3153515834675255,6.561996779388084,4.045893719806763,1.7981749865807837,,0.15432098765432098,4.690016103059581,7.387278582930757,1.0265700483091786,,2.1135265700483092,1.6304347826086956,,,,,
58,3.9519592055823938,0.0067096081588835215,5.58239398819109,3.965378421900161,3.3279656468062266,6.011808910359635,9.366612989801396,6.266774020397209,25.523349436392916,6.219806763285024,0.05367686527106817,0.3153515834675255,6.561996779388084,4.045893719806763,2.254428341384863,,0.15432098765432098,4.233762748255502,7.387278582930757,1.0265700483091786,,2.1135265700483092,1.6304347826086956,,,,,
59,3.8714439076757916,0.0067096081588835215,5.58239398819109,5.515297906602254,4.26731078904992,5.689747718733226,8.588298443370908,7.5281803542673105,23.960010735373054,6.219806763285024,0.026838432635534086,0.3153515834675255,6.8035426731078905,3.2742887815351582,2.254428341384863,,0.15432098765432098,4.200214707461084,6.971282877079979,1.0265700483091786,,2.1135265700483092,1.6304347826086956,,,,,
60,4.643048845947397,0.0067096081588835215,5.139559849704777,4.884594739667204,4.126409017713366,5.488459473966721,8.588298443370908,7.192699946323135,23.26892109500805,6.736446591519055,0.026838432635534086,1.2815351583467525,7.890499194847021,3.099838969404187,2.13365539452496,,0.15432098765432098,3.5963499731615673,6.971282877079979,1.0265700483091786,,2.1135265700483092,1.6304347826086956,,,,,
61,4.643048845947397,0.0067096081588835215,7.776435856146001,5.253623188405797,4.669887278582931,5.032206119162641,8.57487922705314,6.816961889425658,21.195652173913043,6.736446591519055,0.026838432635534086,1.1205045625335481,7.7898550724637685,3.099838969404187,2.13365539452496,,0.15432098765432098,3.5963499731615673,6.602254428341385,1.0265700483091786,,2.1135265700483092,1.6304347826086956,,,,,
62,4.643048845947397,0.0067096081588835215,10.446859903381643,4.978529253891573,5.253623188405797,4.656468062265164,8.32662372517445,5.904455179817498,18.82716049382716,6.756575415995706,0.4428341384863124,1.1205045625335481,7.7898550724637685,3.099838969404187,1.9457863660762211,,0.15432098765432098,3.556092324208266,6.347289318303811,1.4626945786366077,1.2345679012345678,1.415727321524423,1.6304347826086956,,,,,
63,3.7573805689747717,0.0067096081588835215,12.25174449812131,5.615942028985507,5.005367686527107,4.388083735909823,8.038110574342458,5.864197530864198,18.089103596349972,6.756575415995706,0.4428341384863124,2.0263016639828235,8.185721953837897,1.9457863660762211,1.9457863660762211,,0.15432098765432098,3.556092324208266,6.226516371443908,1.4626945786366077,1.2345679012345678,1.415727321524423,1.6304347826086956,,,,,
64,3.7372517444981215,0.0067096081588835215,12.177938808373591,5.10601180891036,5.005367686527107,4.817498658078368,7.803274288781535,5.864197530864198,18.4044551798175,6.716317767042405,0.4428341384863124,2.0263016639828235,8.038110574342458,1.9457863660762211,1.583467525496511,,0.15432098765432098,3.556092324208266,6.226516371443908,2.1068169618894257,1.2345679012345678,1.415727321524423,1.6304347826086956,,,,,
65,3.515834675254965,0.0067096081588835215,12.27187332259796,4.958400429414922,5.723295759527644,4.602791196994096,7.803274288781535,6.535158346752549,18.04213633923779,6.260064412238325,0.4428341384863124,1.9793344068706387,8.152173913043478,1.7981749865807837,1.4559849704777241,,0.15432098765432098,3.3682232957595275,6.226516371443908,2.0263016639828235,1.2345679012345678,1.415727321524423,2.0263016639828235,,,,,
66,3.4621578099838968,0.0067096081588835215,11.466720343531938,5.998389694041868,6.427804616210413,4.958400429414922,7.555018786902845,7.387278582930757,16.75389157273215,6.260064412238325,0.9125067096081588,1.9793344068706387,7.48792270531401,1.7981749865807837,1.4358561460010735,,0.15432098765432098,3.3682232957595275,6.052066559312936,1.5096618357487923,1.2345679012345678,1.415727321524423,2.3752012882447664,,,,,
67,4.1532474503489,0.0067096081588835215,11.044015029522276,5.9514224369296835,5.978260869565218,5.428073000536768,7.555018786902845,8.011272141706923,16.150026838432634,6.260064412238325,0.9125067096081588,1.9726247987117553,7.232957595276436,1.7981749865807837,1.4358561460010735,,0.15432098765432098,3.3682232957595275,6.052066559312936,1.4694041867954912,1.0399892646269457,1.328502415458937,2.6972624798711755,,,,,
68,4.133118625872249,0.0067096081588835215,10.829307568438002,5.844068706387547,5.891035963499732,5.360976918947934,7.380568974771873,8.53462157809984,16.13660762211487,6.1862587224906065,0.28180354267310787,1.4559849704777241,6.790123456790123,1.6908212560386473,3.69699409554482,,0.15432098765432098,3.3145464304884595,5.629361245303274,2.1739130434782608,1.0399892646269457,0.7716049382716049,2.6972624798711755,,,,,
69,4.092860976918948,0.0067096081588835215,10.63472893183038,5.790391841116479,6.374127750939345,5.360976918947934,7.37385936661299,8.910359634997317,14.472624798711756,6.233225979602791,0.966183574879227,1.4559849704777241,7.266505636070853,1.6908212560386473,4.1532474503489,,0.10735373054213634,3.207192699946323,5.421363392377885,1.9726247987117553,1.0399892646269457,0.7716049382716049,2.6972624798711755,,,,,
70,4.092860976918948,0.0067096081588835215,10.547504025764896,5.790391841116479,6.843800322061192,4.575952764358561,7.37385936661299,8.313204508856682,13.177670424047236,6.233225979602791,0.966183574879227,3.5426731078904994,7.474503488996243,1.6908212560386473,4.1532474503489,,0.10735373054213634,3.207192699946323,5.421363392377885,1.9726247987117553,1.0399892646269457,0.7716049382716049,2.6972624798711755,,,,,
71,4.783950617283951,0.0067096081588835215,10.225442834138486,6.400966183574879,6.843800322061192,4.575952764358561,7.152442297369833,8.179012345679013,13.117283950617283,6.031937734836285,0.966183574879227,3.5426731078904994,7.474503488996243,1.6908212560386473,4.1532474503489,,0.10735373054213634,2.6704240472356413,4.985238862050457,2.01959205582394,1.0399892646269457,0.7716049382716049,3.260869565217391,,,,,
72,5.139559849704777,0.0067096081588835215,11.386205045625335,5.2066559312936125,6.756575415995706,4.38137412775094,6.521739130434782,8.702361782071927,13.39237788513151,5.803811057434245,0.7112184648416533,3.488996242619431,7.454374664519592,1.6706924315619969,4.622920021470746,,0.10735373054213634,2.576489533011272,4.978529253891573,2.01959205582394,1.0399892646269457,0.7716049382716049,3.260869565217391,,,,,
73,5.132850241545894,0.0067096081588835215,11.386205045625335,4.871175523349437,6.870638754696726,5.139559849704777,6.501610305958132,8.648684916800859,12.895866881374127,6.5485775630703165,0.6910896403650026,3.488996242619431,7.132313472893183,1.6706924315619969,4.260601180891036,,0.10735373054213634,2.576489533011272,4.978529253891573,2.01959205582394,1.0399892646269457,0.7716049382716049,3.260869565217391,,,,,
74,4.314278046162104,,10.755501878690284,5.676328502415459,6.749865807836822,5.10601180891036,8.333333333333334,8.494363929146537,12.070585077831455,7.018250134192163,0.6843800322061192,4.555823939881911,7.132313472893183,1.5901771336553945,3.321256038647343,,0.08051529790660225,2.5295222758990876,4.49543746645196,2.01959205582394,1.0399892646269457,0.7716049382716049,3.260869565217391,,,,,
75,4.2270531400966185,,11.721685453569512,5.669618894256575,6.132581857219538,5.10601180891036,8.333333333333334,8.380300590445518,11.976650563607086,6.723027375201288,0.9930220075147611,4.488727858293076,7.132313472893183,1.5901771336553945,3.321256038647343,,0.08051529790660225,2.462426194310252,4.133118625872249,2.4557165861513686,1.0399892646269457,0.7716049382716049,3.260869565217391,,,,,
76,4.072732152442297,,10.849436392914654,5.5689747718733225,5.891035963499732,5.10601180891036,7.9106280193236715,7.87037037037037,10.93666129898014,7.575147611379496,0.9930220075147611,6.132581857219538,7.98443370907139,1.5901771336553945,3.3145464304884595,,0.08051529790660225,2.462426194310252,4.133118625872249,2.4557165861513686,1.0399892646269457,0.7716049382716049,3.260869565217391,,,,,
77,4.066022544283414,,10.782340311325818,5.803811057434245,6.286902844873859,4.931561996779388,7.467793880837359,7.763016639828234,10.795759527643586,7.64224369296833,0.9930220075147611,7.024959742351046,7.675791733762749,1.247987117552335,3.3145464304884595,,0.08051529790660225,2.462426194310252,4.012345679012346,2.38191089640365,1.0399892646269457,0.7716049382716049,3.455448201825013,,,,,
78,3.750670960815888,,10.171765968867419,5.803811057434245,6.286902844873859,4.931561996779388,7.467793880837359,7.763016639828234,10.393183038110575,7.64224369296833,0.9930220075147611,7.950885668276973,7.675791733762749,1.247987117552335,3.717122920021471,,0.08051529790660225,2.462426194310252,4.012345679012346,2.38191089640365,1.0399892646269457,0.7716049382716049,3.455448201825013,,,,,
79,4.019055287171229,,9.809447128287708,5.045625335480408,6.233225979602791,4.414922168545357,7.266505636070853,7.253086419753086,12.077294685990339,8.635265700483092,0.8856682769726248,7.541599570585078,7.467793880837359,1.932367149758454,3.717122920021471,,0.08051529790660225,2.462426194310252,4.005636070853462,1.892109500805153,1.0399892646269457,0.7716049382716049,3.44873859366613,,,,,
80,4.656468062265164,,9.07139023081052,4.74369296833065,6.5552871712292005,3.9318303811057436,7.266505636070853,8.192431561996779,12.822061191626409,8.199141170155663,0.8856682769726248,7.2933440687063875,7.467793880837359,1.932367149758454,3.629898013955985,,0.08051529790660225,2.0128824476650564,4.005636070853462,1.892109500805153,1.0399892646269457,0.7716049382716049,3.549382716049383,,,,,
81,4.300858829844337,,9.024422973698336,5.381105743424584,6.608964036500268,3.9318303811057436,6.796833064949007,7.702630166398282,10.909822866344605,8.76274825550188,0.6575415995705851,7.286634460547504,6.736446591519055,1.932367149758454,4.03918411164788,,1.751207729468599,2.636876006441224,4.005636070853462,2.4154589371980677,1.0399892646269457,0.7716049382716049,3.307836822329576,,,,,
82,4.300858829844337,,8.695652173913043,5.381105743424584,6.964573268921095,3.9318303811057436,6.776704240472356,8.28636607622115,10.57434245840043,8.581588835212024,1.1137949543746646,6.944444444444445,6.729736983360172,1.932367149758454,4.636339237788513,,1.5163714439076759,2.49597423510467,4.005636070853462,2.0128824476650564,1.0399892646269457,0.7716049382716049,3.307836822329576,,,,,
83,4.723564143853999,,8.152173913043478,5.374396135265701,6.89747718733226,3.8378958668813743,6.723027375201288,9.420289855072463,10.158346752549651,8.454106280193237,1.90552871712292,6.716317767042405,6.521739130434782,1.932367149758454,4.542404723564144,,1.5163714439076759,1.9860440150295222,4.005636070853462,2.0128824476650564,1.0399892646269457,0.7716049382716049,3.307836822329576,,,,,
84,4.99194847020934,,8.13875469672571,5.803811057434245,6.4345142243692965,3.797638217928073,6.568706387546968,9.386741814278047,9.896672034353195,8.044820182501342,1.90552871712292,6.394256575415996,6.521739130434782,1.932367149758454,4.824208266237251,,1.5163714439076759,3.2742887815351582,3.824476650563607,1.6237251744498122,0.7246376811594203,0.7716049382716049,3.307836822329576,0.3153515834675255,,,,
85,4.87788513150832,,9.091519055287172,6.327160493827161,5.844068706387547,3.7909286097691894,6.568706387546968,10.010735373054214,9.353193773483628,7.950885668276973,1.90552871712292,6.394256575415996,6.031937734836285,1.932367149758454,4.824208266237251,,1.2278582930756843,3.2742887815351582,3.824476650563607,1.6237251744498122,0.5636070853462157,0.7716049382716049,3.5628019323671496,0.24825550187869028,,,,
86,4.260601180891036,,8.561460010735374,5.495169082125604,5.743424584004294,3.549382716049383,6.468062265163715,9.31964573268921,8.816425120772946,7.0383789586688135,2.4221685453569513,5.059044551798175,5.844068706387547,2.8784219001610305,5.186527106816962,,1.1540526033279657,3.2340311325818574,7.85024154589372,2.408749329039184,0.5636070853462157,0.6374127750939346,3.260869565217391,0.24825550187869028,,,,
87,3.797638217928073,,8.205850778314547,5.837359098228664,5.958132045088567,3.549382716049383,6.461352657004831,9.252549651100376,8.21256038647343,7.521470746108427,2.7844873859366612,4.904723564143854,5.8172302737520125,2.8784219001610305,5.750134192163178,,1.107085346215781,3.0931293612453032,7.749597423510467,2.408749329039184,0.5636070853462157,0.6374127750939346,3.260869565217391,0.24825550187869028,,,,
88,4.133118625872249,,7.273215244229737,5.770263016639828,5.515297906602254,3.549382716049383,6.421095008051529,9.198872785829307,7.890499194847021,9.138486312399356,2.7844873859366612,5.421363392377885,5.776972624798712,2.8784219001610305,5.320719269994632,,1.093666129898014,3.079710144927536,7.635534084809447,2.408749329039184,0.5636070853462157,0.6374127750939346,3.260869565217391,0.24825550187869028,,,,
89,5.314009661835748,,6.6827697262479875,5.669618894256575,5.884326355340848,2.844873859366613,6.723027375201288,9.057971014492754,7.4006977992485234,8.400429414922169,2.462426194310252,5.032206119162641,5.2066559312936125,2.737520128824477,6.340579710144928,,2.214170692431562,3.079710144927536,7.454374664519592,2.898550724637681,0.5636070853462157,0.6374127750939346,3.1468062265163717,0.24825550187869028,,,,
90,5.260332796564681,,6.66935050993022,5.542136339237788,6.099033816425121,2.831454643048846,5.730005367686527,9.708803005904455,7.118894256575416,8.796296296296296,2.254428341384863,5.032206119162641,4.830917874396135,2.737520128824477,6.769994632313473,,2.0128824476650564,4.005636070853462,7.092055823939882,2.85829307568438,0.4025764895330113,0.5434782608695652,3.455448201825013,0.24825550187869028,,,,
91,5.226784755770263,,7.333601717659689,5.132850241545894,5.783682232957595,2.831454643048846,5.3341384863123995,9.695383789586689,6.736446591519055,8.548040794417606,3.1065485775630703,5.032206119162641,4.830917874396135,2.737520128824477,7.729468599033816,,2.0128824476650564,3.92512077294686,6.729736983360172,2.8381642512077296,0.4025764895330113,0.5434782608695652,3.240740740740741,0.24825550187869028,,,,
92,4.9718196457326895,,6.367418142780462,5.723295759527644,5.595813204508857,2.6167471819645733,6.501610305958132,9.004294149221685,6.655931293612453,9.104938271604938,3.1065485775630703,4.066022544283414,4.770531400966184,2.737520128824477,7.5348899624261945,,2.0128824476650564,3.5628019323671496,8.393719806763285,2.8381642512077296,0.4025764895330113,0.5434782608695652,3.240740740740741,0.24825550187869028,,,,
93,4.9718196457326895,,6.367418142780462,5.689747718733226,5.595813204508857,2.6167471819645733,6.320450885668277,9.004294149221685,6.5485775630703165,9.386741814278047,3.5762211486849167,4.066022544283414,4.770531400966184,2.737520128824477,7.25979602791197,,2.0128824476650564,3.5225442834138487,8.246108427267847,2.536231884057971,0.4025764895330113,0.5434782608695652,2.9924852388620504,0.8319914117015567,,,,
94,5.595813204508857,,6.1929683306494905,6.494900697799249,5.528717122920021,2.6167471819645733,5.6964573268921095,9.004294149221685,6.447933440687064,9.728931830381105,3.421900161030596,3.8848631239935587,4.770531400966184,2.737520128824477,6.984702093397746,,2.0128824476650564,3.1535158346752548,7.742887815351583,2.8247450348899625,0.4025764895330113,0.5434782608695652,2.9119699409554483,1.3016639828234031,,,,
95,5.790391841116479,,5.656199677938808,6.481481481481482,5.9447128287707995,2.6167471819645733,5.6964573268921095,9.004294149221685,6.447933440687064,9.728931830381105,3.421900161030596,3.8580246913580245,4.770531400966184,2.703972088030059,6.984702093397746,,2.0128824476650564,3.1535158346752548,7.742887815351583,2.8247450348899625,0.4025764895330113,0.5434782608695652,2.9119699409554483,1.3016639828234031,,,,
96,5.360976918947934,,5.649490069779925,6.904186795491143,5.931293612453032,2.3349436392914655,5.401234567901234,10.21202361782072,6.166129898013956,9.728931830381105,3.294417606011809,3.717122920021471,4.703435319377348,2.5831991411701556,7.199409554482019,,2.0128824476650564,3.1535158346752548,7.6623725174449815,2.8247450348899625,0.4025764895330113,0.5434782608695652,2.9119699409554483,1.3016639828234031,,,,
97,6.333870101986044,,5.293880837359098,6.877348362855609,5.508588298443371,2.147074610842727,5.401234567901234,10.279119699409554,6.085614600107354,9.628287707997853,3.455448201825013,3.6634460547504024,4.676596886741814,3.099838969404187,6.910896403650026,,2.0128824476650564,2.9790660225442833,7.6623725174449815,2.8247450348899625,0.4025764895330113,0.5434782608695652,2.9119699409554483,1.3016639828234031,,,,
98,6.1862587224906065,,5.267042404723564,6.642512077294686,5.481749865807837,1.9793344068706387,5.401234567901234,10.017444981213098,5.83064949006978,10.406602254428341,4.133118625872249,3.6634460547504024,3.9049919484702094,3.4957058507783145,6.696188942565755,,3.207192699946323,1.8115942028985508,7.628824476650563,3.0864197530864197,0.4025764895330113,0.5434782608695652,2.9119699409554483,1.3016639828234031,,,,
99,6.1862587224906065,,5.032206119162641,6.642512077294686,5.481749865807837,1.9793344068706387,5.401234567901234,10.017444981213098,5.810520665593129,10.68840579710145,4.133118625872249,3.6634460547504024,3.9049919484702094,3.4957058507783145,6.66935050993022,,3.207192699946323,1.8115942028985508,7.628824476650563,3.0864197530864197,0.4025764895330113,0.5434782608695652,2.9119699409554483,1.3016639828234031,,,,
100,6.535158346752549,,4.4753086419753085,6.0654857756307035,5.179817498658078,1.892109500805153,6.286902844873859,10.976918947933441,5.394524959742351,11.023886205045626,4.133118625872249,3.5628019323671496,3.7775093934514223,2.9790660225442833,6.360708534621578,,2.7777777777777777,1.778046162104133,8.662104133118627,3.0059044551798175,0.4025764895330113,0.5434782608695652,2.885131508319914,1.3016639828234031,,,,
101,5.374396135265701,,5.320719269994632,5.958132045088567,6.468062265163715,2.214170692431562,5.904455179817498,9.581320450885668,7.266505636070853,11.151368760064413,3.938539989264627,3.0931293612453032,3.2675791733762747,3.603059581320451,5.783682232957595,,2.7643585614600106,1.778046162104133,8.400429414922169,2.9924852388620504,0.39586688137412773,0.5434782608695652,2.7308105206655933,1.3016639828234031,0.16774020397208803,,,
102,5.072463768115942,,5.320719269994632,6.347289318303811,7.112184648416532,2.214170692431562,5.367686527106817,9.500805152979066,7.071926999463232,11.594202898550725,3.938539989264627,2.831454643048846,3.2675791733762747,3.502415458937198,5.783682232957595,,2.7643585614600106,1.778046162104133,8.400429414922169,2.9924852388620504,0.39586688137412773,0.5434782608695652,2.7308105206655933,1.3016639828234031,0.16774020397208803,,,
103,4.99194847020934,,6.246645195920558,5.683038110574342,7.098765432098766,2.214170692431562,5.683038110574342,9.500805152979066,7.065217391304348,10.943370907139023,4.40150295222759,2.791196994095545,3.260869565217391,3.388352120236178,5.911164787976382,,2.7643585614600106,1.778046162104133,8.219269994632313,2.9723564143853998,0.39586688137412773,0.5434782608695652,2.677133655394525,1.3016639828234031,0.16774020397208803,,,
104,4.871175523349437,0.9728931830381106,5.9447128287707995,5.636070853462158,6.830381105743425,2.214170692431562,5.401234567901234,9.500805152979066,7.890499194847021,10.869565217391305,4.1129898013955986,2.737520128824477,3.260869565217391,3.388352120236178,5.911164787976382,,2.7643585614600106,1.778046162104133,8.132045088566828,2.9589371980676327,0.39586688137412773,0.5434782608695652,2.462426194310252,1.2546967257112185,0.16774020397208803,,,
105,4.817498658078368,0.9728931830381106,5.032206119162641,6.414385399892646,7.4006977992485234,2.214170692431562,5.401234567901234,8.876811594202898,7.877079978529254,11.16478797638218,3.9989264626945786,2.254428341384863,3.166935050993022,4.0995705850778315,5.911164787976382,,2.5429414922168547,1.778046162104133,7.977724100912507,3.6366076221148687,0.27509393451422437,0.5434782608695652,2.227589908749329,1.247987117552335,0.16774020397208803,,,
106,5.193236714975845,0.9728931830381106,5.032206119162641,6.092324208266238,7.877079978529254,2.100107353730542,5.401234567901234,8.192431561996779,7.695920558239399,11.07085346215781,3.911701556629093,2.2208803005904456,3.0059044551798175,3.9049919484702094,6.266774020397209,,2.965646806226516,1.778046162104133,7.977724100912507,3.388352120236178,0.24825550187869028,0.43612453032742887,2.086688137412775,2.0263016639828235,0.15432098765432098,,,
107,5.159688674181428,0.9728931830381106,5.018786902844874,6.561996779388084,7.877079978529254,2.100107353730542,5.401234567901234,8.192431561996779,7.4006977992485234,10.929951690821255,4.522275899087493,2.13365539452496,3.0059044551798175,3.9049919484702094,5.844068706387547,,2.965646806226516,1.778046162104133,7.890499194847021,3.388352120236178,0.24825550187869028,0.43612453032742887,2.086688137412775,2.0263016639828235,0.15432098765432098,,,
108,4.542404723564144,0.9728931830381106,5.018786902844874,7.434245840042942,7.85024154589372,2.100107353730542,5.401234567901234,8.192431561996779,7.4006977992485234,10.929951690821255,4.522275899087493,2.13365539452496,3.0059044551798175,3.9049919484702094,5.844068706387547,,2.965646806226516,1.778046162104133,7.6623725174449815,3.388352120236178,0.24825550187869028,0.43612453032742887,2.086688137412775,2.0263016639828235,0.15432098765432098,,,
109,4.542404723564144,0.9728931830381106,4.931561996779388,7.722758990874933,7.85024154589372,2.100107353730542,5.978260869565218,8.179012345679013,7.360440150295223,10.929951690821255,4.522275899087493,2.13365539452496,3.0059044551798175,3.9049919484702094,5.844068706387547,,2.965646806226516,1.778046162104133,6.937734836285561,3.388352120236178,0.24825550187869028,0.43612453032742887,2.086688137412775,2.0263016639828235,0.15432098765432098,,,
110,4.542404723564144,0.9728931830381106,4.931561996779388,7.722758990874933,7.575147611379496,2.100107353730542,5.978260869565218,8.662104133118627,7.360440150295223,10.929951690821255,4.522275899087493,2.13365539452496,2.9924852388620504,3.9049919484702094,5.844068706387547,,2.771068169618894,1.778046162104133,6.937734836285561,3.388352120236178,0.24825550187869028,0.43612453032742887,2.086688137412775,2.0263016639828235,0.15432098765432098,,,
