,37,45,50,36,40,51,53,38,39,52,55,48,49,34,35,33,47,54,32,46,30,31
0,4.978529253891573,92.74020397208803,2.281266774020397,,,,,,,,,,,,,,,,,,,
1,9.708803005904455,84.79602791196994,5.495169082125604,,,,,,,,,,,,,,,,,,,
2,7.5281803542673105,49.89264626945786,42.579173376274824,,,,,,,,,,,,,,,,,,,
3,8.521202361782072,44.12909286097692,40.002683843263554,1.261406333870102,1.7981749865807837,1.7042404723564144,2.5831991411701556,,,,,,,,,,,,,,,
4,7.62211486849168,38.58695652173913,41.63311862587225,1.90552871712292,3.4957058507783145,3.0193236714975846,2.5831991411701556,0.9393451422436929,0.2147074610842727,,,,,,,,,,,,,
5,0.6709608158883521,11.466720343531938,77.26113794954375,0.6038647342995169,4.17337627482555,2.301395598497048,2.5831991411701556,0.9393451422436929,,,,,,,,,,,,,,
6,0.2281266774020397,7.058507783145465,84.51422436929683,0.6038647342995169,6.266774020397209,0.013419216317767043,0.7581857219538379,,0.5568974771873323,,,,,,,,,,,,,
7,0.2281266774020397,6.991411701556629,78.86473429951691,0.6038647342995169,6.286902844873859,0.013419216317767043,1.7713365539452497,1.596886741814278,0.5568974771873323,1.5901771336553945,1.4962426194310252,,,,,,,,,,,
8,0.8454106280193237,5.877616747181965,74.54374664519592,0.6038647342995169,10.7085346215781,0.013419216317767043,0.7581857219538379,1.2546967257112185,2.3081052066559313,1.5901771336553945,1.4962426194310252,,,,,,,,,,,
9,1.442565754159957,5.736714975845411,66.98872785829307,0.33548040794417605,12.567096081588835,0.013419216317767043,0.7581857219538379,1.2546967257112185,3.488996242619431,1.2278582930756843,1.4962426194310252,4.690016103059581,,,,,,,,,,
10,1.724369296833065,4.38137412775094,43.887546967257116,0.2281266774020397,5.501878690284487,2.2410091250670963,,1.4694041867954912,3.140096618357488,0.6508319914117016,0.5837359098228664,0.7380568974771873,35.45356951154053,,,,,,,,,
11,1.6237251744498122,3.6634460547504024,33.581588835212024,0.2281266774020397,8.729200214707461,2.2410091250670963,,0.3488996242619431,3.4688674181427803,0.6508319914117016,0.5837359098228664,0.7380568974771873,44.14251207729468,,,,,,,,,
12,2.563070316693505,3.6634460547504024,30.381105743424584,0.2281266774020397,12.721417069243156,2.2410091250670963,,1.133923778851315,4.690016103059581,0.06709608158883522,0.5837359098228664,0.7380568974771873,40.98899624261943,,,,,,,,,
13,3.260869565217391,2.885131508319914,28.052871712292003,0.15432098765432098,13.761406333870102,0.6709608158883521,,2.5026838432635534,5.394524959742351,0.06709608158883522,0.5837359098228664,0.6172839506172839,42.049114331723025,,,,,,,,,
14,3.1870638754696725,2.885131508319914,25.234836285560924,0.7917337627482555,13.211218464841654,0.6642512077294686,,2.3349436392914655,8.111916264090176,0.06709608158883522,0.5837359098228664,3.6634460547504024,39.26462694578637,,,,,,,,,
15,3.6231884057971016,2.8113258185721954,27.086688137412775,1.3553408480944713,15.593129361245303,0.6642512077294686,,2.314814814814815,8.333333333333334,0.06709608158883522,0.5501878690284487,3.6634460547504024,33.93719806763285,,,,,,,,,
16,3.012614063338701,1.42914653784219,23.95330112721417,0.7581857219538379,9.802737520128824,1.9457863660762211,,3.280998389694042,7.340311325818572,0.06709608158883522,0.49651100375738055,2.636876006441224,45.276435856146,,,,,,,,,
17,2.9723564143853998,1.4090177133655395,22.63150831991412,0.7581857219538379,11.674718196457327,1.9457863660762211,,3.656736446591519,6.964573268921095,0.06709608158883522,0.49651100375738055,2.636876006441224,44.7866344605475,,,,,,,,,
18,2.9723564143853998,1.4090177133655395,22.15512614063339,0.644122383252818,11.460010735373054,1.9457863660762211,,6.018518518518518,6.561996779388084,0.013419216317767043,0.49651100375738055,2.26784755770263,44.0552871712292,,,,,,,,,
19,3.294417606011809,1.4090177133655395,20.12211486849168,1.2010198604401503,9.936929683306495,3.8311862587224907,,5.421363392377885,7.1725711218464845,0.013419216317767043,0.35560923242082665,2.1135265700483092,45.128824476650564,,,,,,,,,
20,4.30756843800322,1.3553408480944713,19.51825013419216,1.8451422436929683,10.36634460547504,3.8311862587224907,,5.092592592592593,7.125603864734299,0.013419216317767043,0.35560923242082665,2.1135265700483092,44.07541599570585,,,,,,,,,
21,4.804079441760601,1.3553408480944713,18.907675791733762,2.7979066022544283,10.487117552334944,3.8043478260869565,,5.072463768115942,6.246645195920558,1.288244766505636,0.35560923242082665,4.522275899087493,40.35829307568438,,,,,,,,,
22,5.35426731078905,1.3553408480944713,16.0829307568438,2.7979066022544283,10.319377348362856,3.1870638754696725,,4.951690821256038,6.293612453032743,1.288244766505636,0.35560923242082665,4.522275899087493,43.49168008588298,,,,,,,,,
23,6.723027375201288,1.0131508319914118,14.794685990338165,3.569511540526033,13.654052603327965,3.1535158346752548,,5.562265163714439,7.078636607622115,1.288244766505636,0.35560923242082665,4.49543746645196,38.31186258722491,,,,,,,,,
24,6.723027375201288,1.0131508319914118,14.707461084272678,3.569511540526033,14.526301663982823,2.509393451422437,,6.159420289855072,7.85024154589372,1.288244766505636,0.35560923242082665,3.5225442834138487,36.802200751476114,0.9728931830381106,,,,,,,,
25,6.870638754696726,1.0131508319914118,14.016371443907676,3.1535158346752548,15.640096618357488,3.6768652710681695,,6.146001073537305,7.924047235641439,1.288244766505636,0.35560923242082665,3.1736446591519054,34.957058507783145,0.9728931830381106,0.8118625872249061,,,,,,,
26,6.521739130434782,0.9192163177670424,12.855609232420827,3.1333870101986045,15.277777777777779,3.549382716049383,,5.414653784219001,7.695920558239399,1.288244766505636,0.3421900161030596,2.8247450348899625,37.875738056897475,0.6843800322061192,0.798443370907139,0.8185721953837896,,,,,,
27,6.521739130434782,0.9192163177670424,11.386205045625335,2.9052603327965647,13.365539452495975,6.246645195920558,,5.58239398819109,10.25228126677402,1.2681159420289856,0.04696725711218465,2.8247450348899625,35.245571658615134,0.6843800322061192,1.932367149758454,0.8185721953837896,,,,,,
28,6.884057971014493,0.9192163177670424,12.822061191626409,3.6366076221148687,13.486312399355878,5.528717122920021,,6.099033816425121,11.023886205045626,1.261406333870102,0.04696725711218465,2.8247450348899625,32.03166935050993,0.6843800322061192,1.932367149758454,0.8185721953837896,,,,,,
29,5.938003220611916,0.8923778851315083,9.16532474503489,2.8247450348899625,13.083735909822867,5.159688674181428,,5.0993022007514766,10.755501878690284,2.3349436392914655,0.04696725711218465,2.8247450348899625,37.96967257112185,0.6843800322061192,2.4020397208803006,0.8185721953837896,,,,,,
30,5.750134192163178,0.8923778851315083,8.427267847557703,2.8247450348899625,13.459473966720344,2.3617820719269993,,5.662909286097692,10.258990874932904,1.7646269457863661,,8.205850778314547,35.42002147074611,0.6843800322061192,3.4688674181427803,0.8185721953837896,,,,,,
31,5.4616210413311865,0.8923778851315083,10.084541062801932,3.4420289855072466,13.533279656468062,2.0128824476650564,,4.428341384863124,8.132045088566828,1.2345679012345678,,15.767579173376275,29.408212560386474,0.6843800322061192,4.0995705850778315,0.8185721953837896,,,,,,
32,6.239935587761675,0.8923778851315083,8.970746108427267,3.4420289855072466,13.526570048309178,1.9726247987117553,,3.8915727321524423,8.380300590445518,1.2345679012345678,,14.204240472356414,29.09957058507783,0.6843800322061192,4.85775630703167,0.8185721953837896,1.7847557702630166,,,,,
33,6.239935587761675,0.8923778851315083,6.823671497584541,4.005636070853462,13.231347289318304,1.9390767579173376,,3.9720880300590444,8.548040794417606,1.2345679012345678,,23.49033816425121,22.665056360708533,0.6843800322061192,3.670155662909286,0.8185721953837896,1.7847557702630166,,,,,
34,7.695920558239399,0.8923778851315083,5.273752012882448,4.233762748255502,13.573537305421363,1.9390767579173376,,6.072195383789587,8.675523349436393,1.2010198604401503,,23.040794417606012,20.544820182501343,0.9930220075147611,3.6231884057971016,0.7581857219538379,1.482823403113258,,,,,
35,6.816961889425658,0.8923778851315083,4.086151368760064,5.374396135265701,13.083735909822867,0.9997316156736447,,4.461889425657541,8.702361782071927,0.49651100375738055,,29.837627482555018,19.122383252818036,0.8454106280193237,4.193505099302201,0.14761137949543746,0.9393451422436929,,,,,
36,7.03166935050993,0.8923778851315083,2.8381642512077296,6.213097155126141,12.714707461084272,0.4562533548040794,,4.166666666666667,9.41358024691358,0.49651100375738055,,28.10654857756307,18.377616747181964,0.8454106280193237,3.797638217928073,0.14761137949543746,4.502147074610843,,,,,
37,6.991411701556629,0.6910896403650026,2.7979066022544283,6.146001073537305,12.714707461084272,0.4562533548040794,,3.683574879227053,10.661567364465915,0.49651100375738055,,27.717391304347824,17.404723564143854,0.8454106280193237,5.186527106816962,0.14761137949543746,4.05931293612453,,,,,
38,7.440955448201825,0.6910896403650026,2.771068169618894,6.374127750939345,12.714707461084272,0.4562533548040794,,4.126409017713366,11.372785829307569,0.49651100375738055,,26.670692431561996,16.42512077294686,0.8454106280193237,5.407944176060118,0.14761137949543746,4.05931293612453,,,,,
39,7.152442297369833,0.4092860976918948,2.442297369833602,6.937734836285561,13.103864734299517,0.4562533548040794,,4.602791196994096,11.916264090177133,0.49651100375738055,,26.42914653784219,15.593129361245303,0.8454106280193237,5.407944176060118,0.14761137949543746,4.05931293612453,,,,,
40,6.877348362855609,0.4092860976918948,2.428878153515835,7.877079978529254,13.103864734299517,0.4562533548040794,,4.005636070853462,12.439613526570048,0.49651100375738055,,25.328770799785293,15.566290928609769,0.8454106280193237,6.293612453032743,0.14761137949543746,3.7238325281803544,,,,,
41,6.8035426731078905,0.4092860976918948,2.3886205045625335,8.152173913043478,11.023886205045626,3.046162104133119,,3.455448201825013,13.848631239935587,0.49651100375738055,,22.510735373054214,13.56682769726248,0.8454106280193237,6.293612453032743,0.14761137949543746,7.011540526033279,,,,,
42,6.723027375201288,0.4092860976918948,4.166666666666667,7.48792270531401,10.654857756307031,2.328234031132582,1.1808910359634996,4.0995705850778315,13.399087493290391,0.07380568974771873,,22.000805152979066,12.848899624261943,1.6237251744498122,6.1862587224906065,0.46296296296296297,6.353998926462695,,,,,
43,4.736983360171766,0.4092860976918948,3.9318303811057436,7.266505636070853,9.822866344605474,1.5365002683843263,,3.1535158346752548,10.547504025764896,0.07380568974771873,,8.99087493290392,37.72141706924316,1.6237251744498122,6.5552871712292005,0.46296296296296297,3.166935050993022,,,,,
44,3.0394524959742353,,3.3682232957595275,3.81105743424584,9.004294149221685,0.3757380568974772,,2.3483628556092326,8.964036500268385,0.07380568974771873,,8.896940418679549,45.430756843800324,1.6438539989264627,5.864197530864198,0.46296296296296297,6.716317767042405,,,,,
45,3.6097691894793345,,3.3682232957595275,4.99194847020934,9.4873859366613,0.3757380568974772,,2.1403650026838434,10.943370907139023,0.07380568974771873,,8.07836822329576,42.69994632313473,2.3215244229736984,5.709876543209877,0.46296296296296297,5.736714975845411,,,,,
46,4.374664519592056,,3.2340311325818574,4.2270531400966185,9.769189479334408,0.3757380568974772,,2.1403650026838434,11.399624261943103,0.07380568974771873,,7.944176060118089,41.4922168545357,2.3215244229736984,6.5552871712292005,0.4227053140096618,5.253623188405797,0.41599570585077833,,,,
47,5.736714975845411,,2.9924852388620504,3.488996242619431,9.588030059044552,0.3757380568974772,1.5230810520665594,1.6035963499731616,11.258722490606548,0.06709608158883522,,10.38647342995169,39.64036500268384,2.945517981749866,6.099033816425121,0.4227053140096618,3.455448201825013,0.41599570585077833,,,,
48,6.018518518518518,,4.166666666666667,2.8918411164787976,9.769189479334408,0.3757380568974772,2.8918411164787976,1.6035963499731616,11.218464841653248,0.020128824476650563,,12.446323134728932,34.6081588835212,2.7442297369833604,5.038915727321524,0.4227053140096618,5.367686527106817,0.41599570585077833,,,,
49,6.011808910359635,,3.44873859366613,3.515834675254965,10.896403650026839,0.3757380568974772,2.8381642512077296,2.033011272141707,12.016908212560386,2.3617820719269993,,12.31213097155126,30.132850241545892,2.5496511003757383,5.535426731078905,0.4227053140096618,4.931561996779388,0.41599570585077833,0.20128824476650564,,,
50,6.884057971014493,,3.1065485775630703,4.314278046162104,11.460010735373054,0.3757380568974772,2.8381642512077296,2.0531400966183573,13.231347289318304,2.1269457863660763,,11.748523886205046,27.811325818572197,3.0730005367686526,5.958132045088567,0.4227053140096618,3.978797638217928,0.41599570585077833,0.20128824476650564,,,
51,6.749865807836822,,5.132850241545894,4.904723564143854,11.379495437466453,0.36231884057971014,2.8381642512077296,2.0531400966183573,13.848631239935587,2.1269457863660763,,10.279119699409554,26.100375738056897,3.8848631239935587,5.320719269994632,0.4227053140096618,3.978797638217928,0.41599570585077833,0.20128824476650564,,,
52,6.749865807836822,,5.132850241545894,4.904723564143854,11.379495437466453,0.36231884057971014,2.8381642512077296,2.0531400966183573,14.197530864197532,2.1269457863660763,,10.279119699409554,25.657541599570585,4.656468062265164,4.643048845947397,0.4227053140096618,3.978797638217928,0.41599570585077833,0.20128824476650564,,,
53,6.031937734836285,,4.736983360171766,5.2066559312936125,11.16478797638218,0.36231884057971014,2.8381642512077296,2.8247450348899625,15.277777777777779,2.1269457863660763,,9.594739667203436,25.281803542673106,5.065754159957058,4.468599033816425,0.4227053140096618,3.978797638217928,0.41599570585077833,0.20128824476650564,,,
54,7.695920558239399,,4.448470209339774,4.851046698872786,10.768921095008052,0.36231884057971014,2.8381642512077296,2.8247450348899625,16.002415458937197,2.1269457863660763,,8.756038647342995,24.718196457326894,4.978529253891573,4.609500805152979,0.4227053140096618,3.978797638217928,0.41599570585077833,0.20128824476650564,,,
55,7.380568974771873,,4.448470209339774,5.964841653247451,11.3191089640365,0.2952227589908749,2.690552871712292,2.623456790123457,17.082662372517444,1.7646269457863661,,8.246108427267847,23.597691894793343,4.978529253891573,5.414653784219001,0.4227053140096618,3.1535158346752548,0.41599570585077833,0.20128824476650564,,,
56,7.300053676865271,,4.448470209339774,5.964841653247451,11.829039184111648,0.2952227589908749,2.690552871712292,2.623456790123457,17.082662372517444,1.7646269457863661,,8.246108427267847,23.040794417606012,5.367686527106817,5.152979066022544,0.4227053140096618,3.1535158346752548,0.41599570585077833,0.20128824476650564,,,
57,5.226784755770263,,1.9994632313472893,4.723564143853999,7.118894256575416,0.013419216317767043,0.13419216317767044,2.1403650026838434,8.32662372517445,1.328502415458937,,5.293880837359098,53.42860976918948,5.132850241545894,2.6301663982823404,0.39586688137412773,1.4895330112721417,0.41599570585077833,0.20128824476650564,,,
58,5.226784755770263,,1.8853998926462694,4.723564143853999,7.118894256575416,0.0067096081588835215,0.13419216317767044,2.442297369833602,10.433440687063875,3.7238325281803544,,5.293880837359098,48.74530327428878,5.132850241545894,2.6301663982823404,0.39586688137412773,1.4895330112721417,0.41599570585077833,0.20128824476650564,,,
59,5.407944176060118,,1.3217928073000538,4.186795491143317,6.937734836285561,0.0067096081588835215,1.9927536231884058,3.4286097691894795,12.29200214707461,3.2541599570585076,,5.280461621041331,45.03488996242619,5.065754159957058,3.408480944712829,0.39586688137412773,1.3687600644122384,0.41599570585077833,0.20128824476650564,,,
60,4.736983360171766,,1.3083735909822867,5.8172302737520125,6.890767579173376,0.0067096081588835215,1.9927536231884058,3.3413848631239937,13.922436929683306,3.2474503488996245,,5.005367686527107,43.162909286097694,4.461889425657541,3.743961352657005,0.39586688137412773,1.3687600644122384,0.39586688137412773,0.20128824476650564,,,
61,4.3478260869565215,,1.2815351583467525,4.49543746645196,6.877348362855609,,2.254428341384863,1.9793344068706387,13.902308105206655,3.2474503488996245,,4.066022544283414,50.577026301663984,3.2541599570585076,2.086688137412775,0.14761137949543746,0.8856682769726248,0.39586688137412773,0.20128824476650564,,,
62,4.3478260869565215,,0.8789586688137413,4.455179817498658,6.340579710144928,,2.254428341384863,3.166935050993022,14.928878153515834,3.1870638754696725,,4.066022544283414,49.402844873859365,3.2541599570585076,2.086688137412775,0.14761137949543746,0.8856682769726248,0.39586688137412773,0.20128824476650564,,,
63,4.468599033816425,,0.8789586688137413,4.703435319377348,7.058507783145465,,2.254428341384863,3.113258185721954,16.472088030059044,3.1870638754696725,,4.05931293612453,47.00080515297907,3.2139023081052067,1.9793344068706387,0.14761137949543746,0.8655394524959742,0.39586688137412773,0.20128824476650564,,,
64,4.468599033816425,,0.8789586688137413,4.703435319377348,7.058507783145465,,2.254428341384863,3.113258185721954,16.472088030059044,3.1870638754696725,,4.05931293612453,47.00080515297907,3.2139023081052067,1.9793344068706387,0.14761137949543746,0.8655394524959742,0.39586688137412773,0.20128824476650564,,,
65,4.468599033816425,,0.8789586688137413,4.703435319377348,7.051798174986581,,2.254428341384863,3.113258185721954,18.471551261406333,3.1870638754696725,,4.05931293612453,45.20263016639828,3.2139023081052067,1.9793344068706387,0.14761137949543746,0.8655394524959742,0.20128824476650564,0.20128824476650564,,,
66,4.468599033816425,,0.8789586688137413,4.703435319377348,7.454374664519592,,2.254428341384863,3.113258185721954,18.914385399892645,3.1870638754696725,,4.05931293612453,43.14949006977992,3.2139023081052067,1.9793344068706387,0.14761137949543746,0.8655394524959742,1.4090177133655395,0.20128824476650564,,,
67,5.166398282340311,,0.6642512077294686,3.69699409554482,7.0450885668276975,2.4154589371980677,1.1943102522812667,2.0531400966183573,18.109232420826622,2.395330112721417,,3.603059581320451,44.75979602791197,2.214170692431562,2.5429414922168547,0.07380568974771873,0.6843800322061192,1.4090177133655395,0.20128824476650564,1.7713365539452497,,
68,5.166398282340311,,0.6642512077294686,3.69699409554482,6.226516371443908,2.4154589371980677,1.1943102522812667,2.0531400966183573,20.73268921095008,2.395330112721417,,3.603059581320451,42.954911433172306,2.214170692431562,2.5429414922168547,0.07380568974771873,0.6843800322061192,1.4090177133655395,0.20128824476650564,1.7713365539452497,,
69,4.663177670424047,,9.675254965110037,4.247181964573269,6.025228126677402,1.724369296833065,0.6575415995705851,2.0531400966183573,20.148953301127214,2.254428341384863,,3.4688674181427803,36.16478797638218,1.9122383252818036,2.5429414922168547,0.4294149221685454,0.6508319914117016,1.4090177133655395,0.20128824476650564,1.7713365539452497,,
70,4.663177670424047,,8.668813741277509,4.247181964573269,5.8239398819108965,1.0601180891035964,0.6575415995705851,3.5292538915727323,21.021202361782073,2.254428341384863,,3.4688674181427803,35.68840579710145,1.9122383252818036,2.5429414922168547,0.4294149221685454,0.6508319914117016,1.4090177133655395,0.20128824476650564,1.7713365539452497,,
71,4.663177670424047,,8.668813741277509,4.247181964573269,5.8239398819108965,1.0601180891035964,0.6575415995705851,3.5292538915727323,21.021202361782073,2.254428341384863,,3.4688674181427803,35.68840579710145,1.9122383252818036,2.5429414922168547,0.4294149221685454,0.6508319914117016,1.4090177133655395,0.20128824476650564,1.7713365539452497,,
72,5.22007514761138,,8.185721953837897,4.247181964573269,5.8239398819108965,0.9326355340848095,0.5367686527106817,4.200214707461084,22.852925389157274,2.254428341384863,,3.4688674181427803,33.756038647343,1.9122383252818036,2.5429414922168547,0.4294149221685454,0.6508319914117016,1.0131508319914118,0.20128824476650564,1.7713365539452497,,
73,4.690016103059581,,7.9039184111647875,4.186795491143317,5.629361245303274,0.9326355340848095,0.5367686527106817,4.025764895330113,24.812130971551262,2.254428341384863,,3.4688674181427803,32.52147074610843,1.9122383252818036,3.0595813204508855,0.4294149221685454,0.6508319914117016,1.0131508319914118,0.20128824476650564,1.7713365539452497,,
74,4.005636070853462,,7.9039184111647875,5.01207729468599,5.629361245303274,0.9326355340848095,0.5367686527106817,4.602791196994096,25.91921631776704,2.254428341384863,,3.408480944712829,31.0252281266774,1.90552871712292,2.771068169618894,0.9057971014492754,0.630703166935051,1.0131508319914118,0.05367686527106817,1.4895330112721417,,
75,4.005636070853462,,7.7831454643048845,5.01207729468599,5.629361245303274,0.9326355340848095,0.5367686527106817,5.515297906602254,26.52308105206656,1.4559849704777241,,3.408480944712829,30.42807300053677,1.90552871712292,2.771068169618894,0.9057971014492754,0.630703166935051,1.0131508319914118,0.05367686527106817,1.4895330112721417,,
76,4.549114331723027,,7.273215244229737,4.106280193236715,3.9184111647879765,0.7179280730005367,0.5367686527106817,5.0993022007514766,26.462694578636608,1.4358561460010735,,5.260332796564681,32.058507783145465,1.90552871712292,2.6167471819645733,0.9057971014492754,0.5971551261406334,1.0131508319914118,0.05367686527106817,1.4895330112721417,,
77,4.4820182501341925,,7.273215244229737,3.9855072463768115,3.9184111647879765,0.7179280730005367,0.5367686527106817,5.032206119162641,26.462694578636608,1.4358561460010735,,5.260332796564681,31.95786366076221,1.5163714439076759,3.361513687600644,0.9057971014492754,0.5971551261406334,1.0131508319914118,0.05367686527106817,1.4895330112721417,,
78,5.320719269994632,,7.273215244229737,3.978797638217928,3.5762211486849167,0.7179280730005367,0.5367686527106817,4.7638217928073,26.744498121309714,1.4358561460010735,,4.542404723564144,31.54186795491143,1.482823403113258,4.025764895330113,0.9057971014492754,0.5971551261406334,1.0131508319914118,0.05367686527106817,1.4895330112721417,,
79,5.166398282340311,,6.561996779388084,3.8580246913580245,3.4286097691894795,0.7179280730005367,0.5367686527106817,6.125872249060655,27.536231884057973,1.4358561460010735,,4.542404723564144,30.615942028985508,1.482823403113258,4.300858829844337,0.9057971014492754,0.5971551261406334,0.644122383252818,0.05367686527106817,1.4895330112721417,,
80,5.166398282340311,,9.614868491680086,3.8580246913580245,3.4286097691894795,0.7179280730005367,0.5367686527106817,5.870907139023081,28.965378421900162,0.5032206119162641,,4.542404723564144,27.75764895330113,1.482823403113258,4.300858829844337,0.9057971014492754,0.5971551261406334,0.20799785292538917,0.05367686527106817,1.4895330112721417,,
81,6.0654857756307035,,8.299785292538916,3.4151905528717124,2.952227589908749,0.7179280730005367,0.5367686527106817,6.374127750939345,28.797638217928075,2.0933977455716586,,4.435050993022007,27.214170692431562,2.147074610842727,3.69699409554482,0.9057971014492754,0.5971551261406334,0.20799785292538917,0.05367686527106817,1.4895330112721417,,
82,5.924584004294149,,7.816693505099302,2.9119699409554483,2.6033279656468062,0.3153515834675255,0.5233494363929146,7.232957595276436,26.96591519055287,2.0933977455716586,,7.9106280193236715,26.92565754159957,2.0933977455716586,3.5963499731615673,0.9057971014492754,0.5837359098228664,0.20799785292538917,0.05367686527106817,1.3352120236178207,,
83,6.078904991948471,,9.73564143853999,3.099838969404187,2.341653247450349,0.20799785292538917,0.4294149221685454,6.964573268921095,28.784219001610307,2.0933977455716586,,7.232957595276436,24.610842726784757,1.7646269457863661,3.569511540526033,0.9057971014492754,0.5837359098228664,0.20799785292538917,0.05367686527106817,1.3352120236178207,,
84,5.797101449275362,,9.359903381642512,2.703972088030059,0.7045088566827697,0.20799785292538917,0.4294149221685454,8.192431561996779,27.945517981749866,2.0933977455716586,,8.61513687600644,25.5300590445518,1.7646269457863661,3.569511540526033,0.9057971014492754,0.5837359098228664,0.20799785292538917,0.05367686527106817,1.3352120236178207,,
85,6.327160493827161,,11.09098228663446,3.280998389694042,0.6642512077294686,0.20799785292538917,0.4294149221685454,8.246108427267847,27.66371443907676,2.0933977455716586,,7.809983896940419,24.812130971551262,1.7646269457863661,2.522812667740204,0.9057971014492754,0.5837359098228664,0.20799785292538917,0.05367686527106817,1.3352120236178207,,
86,6.944444444444445,,10.299248523886206,3.280998389694042,0.6172839506172839,0.20128824476650564,0.4294149221685454,7.521470746108427,29.260601180891037,2.0933977455716586,,10.265700483091788,21.772678475577028,1.7646269457863661,2.462426194310252,0.9057971014492754,0.5837359098228664,0.20799785292538917,0.05367686527106817,1.3352120236178207,,
87,6.944444444444445,,10.299248523886206,3.280998389694042,0.6172839506172839,0.20128824476650564,0.4294149221685454,7.521470746108427,29.448470209339774,2.0933977455716586,,9.903381642512077,21.537842190016104,1.6908212560386473,2.945517981749866,0.9057971014492754,0.5837359098228664,0.20799785292538917,0.05367686527106817,1.3352120236178207,,
88,7.763016639828234,,10.077831454643048,3.0730005367686526,0.6172839506172839,0.20128824476650564,0.4294149221685454,8.09849704777241,30.367686527106816,1.3888888888888888,,9.588030059044552,20.303274288781534,1.556629092860977,2.918679549114332,1.751207729468599,0.2683843263553409,0.20799785292538917,0.05367686527106817,1.3352120236178207,,
89,7.809983896940419,,10.077831454643048,3.0394524959742353,0.6105743424584005,0.20128824476650564,0.4294149221685454,7.856951154052603,30.112721417069242,1.1205045625335481,,9.581320450885668,20.175791733762747,1.442565754159957,2.918679549114332,0.5971551261406334,0.24825550187869028,0.20799785292538917,0.05367686527106817,3.515834675254965,,
90,7.132313472893183,,9.675254965110037,4.119699409554482,0.5904455179817498,0.20128824476650564,0.4294149221685454,8.480944712828771,30.9849704777241,1.06682769726248,,9.145195920558239,18.914385399892645,1.7914653784219001,2.844873859366613,0.5971551261406334,0.24825550187869028,0.20799785292538917,0.05367686527106817,3.515834675254965,,
91,7.25979602791197,,9.433709071390231,4.7101449275362315,0.5837359098228664,0.20128824476650564,0.39586688137412773,8.943907675791733,31.179549114331724,1.06682769726248,,8.373590982286634,17.8743961352657,1.7914653784219001,3.5628019323671496,0.5971551261406334,0.24825550187869028,0.20799785292538917,0.05367686527106817,3.515834675254965,,
92,7.192699946323135,,9.104938271604938,4.7101449275362315,0.5837359098228664,0.20128824476650564,0.39586688137412773,9.829575952764358,30.9044551798175,1.06682769726248,,8.373590982286634,17.659688674181428,1.7914653784219001,3.5628019323671496,0.5971551261406334,0.24825550187869028,0.20799785292538917,0.05367686527106817,3.515834675254965,,
93,7.139023081052066,,9.104938271604938,4.206924315619967,0.5837359098228664,0.20128824476650564,0.39586688137412773,10.61460010735373,31.072195383789587,1.06682769726248,,8.165593129361245,16.76731078904992,1.7914653784219001,4.26731078904992,0.5971551261406334,0.24825550187869028,0.20799785292538917,0.05367686527106817,3.515834675254965,,
94,7.118894256575416,,8.903650026838433,5.615942028985507,0.5837359098228664,0.20128824476650564,0.39586688137412773,10.534084809447128,30.951422436929683,1.06682769726248,,7.360440150295223,16.67337627482555,1.7914653784219001,4.260601180891036,0.5971551261406334,0.24825550187869028,0.20799785292538917,0.05367686527106817,3.435319377348363,,
95,7.118894256575416,,8.903650026838433,6.286902844873859,0.6508319914117016,0.20128824476650564,0.39586688137412773,10.36634460547504,31.34728931830381,1.06682769726248,,6.689479334406871,16.378153515834676,1.7914653784219001,4.260601180891036,0.5971551261406334,0.24825550187869028,0.20799785292538917,0.05367686527106817,3.435319377348363,,
96,7.118894256575416,,8.903650026838433,6.286902844873859,0.6508319914117016,0.20128824476650564,0.39586688137412773,10.339506172839506,31.97128287707998,1.06682769726248,,6.689479334406871,15.787707997852925,1.7914653784219001,4.260601180891036,0.5971551261406334,0.24825550187869028,0.20128824476650564,0.05367686527106817,3.435319377348363,,
97,7.018250134192163,,8.427267847557703,6.219806763285024,0.6508319914117016,0.20128824476650564,0.38915727321524424,10.406602254428341,32.59527643585615,1.06682769726248,,6.689479334406871,15.747450348899624,1.7914653784219001,4.260601180891036,0.5971551261406334,0.24825550187869028,0.20128824476650564,0.05367686527106817,3.435319377348363,,
98,7.018250134192163,,8.427267847557703,6.219806763285024,0.4562533548040794,0.20128824476650564,0.38915727321524424,10.406602254428341,33.2662372517445,1.06682769726248,,6.461352657004831,15.499194847020934,1.7914653784219001,4.260601180891036,0.5971551261406334,0.24825550187869028,0.20128824476650564,0.05367686527106817,3.435319377348363,,
99,8.199141170155663,,8.427267847557703,6.9243156199677935,0.4227053140096618,0.17444981213097155,0.38915727321524424,10.406602254428341,33.1454643048846,1.06682769726248,,5.5689747718733225,14.486044015029522,1.737788513150832,4.51556629092861,0.5971551261406334,0.24825550187869028,0.20128824476650564,0.05367686527106817,3.435319377348363,,
100,8.950617283950617,,8.427267847557703,6.877348362855609,0.4227053140096618,0.17444981213097155,0.38915727321524424,10.299248523886206,33.1454643048846,1.06682769726248,,4.9718196457326895,14.486044015029522,1.737788513150832,4.51556629092861,0.5971551261406334,0.24825550187869028,0.20128824476650564,0.05367686527106817,3.435319377348363,,
101,8.776167471819646,,8.427267847557703,5.803811057434245,0.4227053140096618,0.17444981213097155,0.38915727321524424,11.05072463768116,32.118894256575416,1.0332796564680622,,4.408212560386473,14.190821256038648,1.7176596886741815,4.2203435319377345,0.5501878690284487,0.013419216317767043,0.20128824476650564,0.05367686527106817,6.447933440687064,,
102,9.232420826623725,,8.427267847557703,6.662640901771336,0.41599570585077833,0.17444981213097155,0.38915727321524424,10.654857756307031,31.99812130971551,1.0332796564680622,,4.408212560386473,13.526570048309178,1.6908212560386473,3.9720880300590444,0.5233494363929146,0.013419216317767043,0.20128824476650564,0.4294149221685454,6.246645195920558,,
103,9.232420826623725,,8.125335480407944,6.347289318303811,0.41599570585077833,0.17444981213097155,0.38915727321524424,11.500268384326356,31.52173913043478,1.0332796564680622,,4.408212560386473,13.298443370907139,2.328234031132582,3.5829307568438002,0.7514761137949544,0.013419216317767043,0.20128824476650564,0.4294149221685454,6.246645195920558,,
104,9.145195920558239,,8.125335480407944,7.071926999463232,0.4025764895330113,0.10735373054213634,0.38915727321524424,11.486849168008588,31.635802469135804,1.0332796564680622,,4.200214707461084,13.077026301663983,2.328234031132582,3.5829307568438002,0.7514761137949544,0.013419216317767043,0.20128824476650564,0.4294149221685454,6.018518518518518,,
105,9.145195920558239,,8.125335480407944,7.071926999463232,0.4025764895330113,0.10735373054213634,0.38915727321524424,11.305689747718732,32.139023081052066,1.0332796564680622,,4.03918411164788,12.614063338701019,2.7643585614600106,3.569511540526033,1.0802469135802468,0.013419216317767043,0.20128824476650564,0.9326355340848095,5.065754159957058,,
106,9.145195920558239,,8.125335480407944,7.071926999463232,0.4025764895330113,0.10735373054213634,0.38915727321524424,11.305689747718732,32.139023081052066,1.0332796564680622,,4.03918411164788,12.614063338701019,2.7643585614600106,3.569511540526033,1.0802469135802468,0.013419216317767043,0.20128824476650564,0.9326355340848095,5.065754159957058,,
107,8.474235104669887,,8.125335480407944,7.0383789586688135,0.4025764895330113,0.10735373054213634,0.38915727321524424,11.305689747718732,32.024959742351044,1.0332796564680622,,3.81105743424584,12.614063338701019,2.7643585614600106,4.616210413311863,1.0802469135802468,0.013419216317767043,0.20128824476650564,0.9326355340848095,5.065754159957058,,
108,8.111916264090176,,8.091787439613526,7.568438003220612,0.4025764895330113,0.08051529790660225,0.38915727321524424,11.20504562533548,32.71604938271605,0.9728931830381106,,3.81105743424584,11.976650563607086,2.7643585614600106,4.616210413311863,1.0802469135802468,0.013419216317767043,0.20128824476650564,0.9326355340848095,5.065754159957058,,
109,8.111916264090176,,8.091787439613526,7.568438003220612,0.4025764895330113,0.08051529790660225,0.38915727321524424,11.876006441223833,32.44095544820183,0.9728931830381106,,3.81105743424584,11.580783682232958,2.7643585614600106,4.616210413311863,1.0802469135802468,0.013419216317767043,0.20128824476650564,0.9326355340848095,5.065754159957058,,
110,8.085077831454644,,8.091787439613526,7.568438003220612,0.4025764895330113,0.08051529790660225,0.38915727321524424,11.876006441223833,32.44095544820183,0.9728931830381106,,3.7372517444981215,11.580783682232958,3.2675791733762747,4.213633923778851,1.0802469135802468,0.013419216317767043,0.20128824476650564,0.9326355340848095,5.065754159957058,,
111,8.085077831454644,,8.085077831454644,7.568438003220612,0.4025764895330113,0.08051529790660225,0.38915727321524424,11.876006441223833,32.729468599033815,0.9728931830381106,,3.7372517444981215,11.29898013955985,3.2675791733762747,4.213633923778851,1.0802469135802468,0.013419216317767043,0.20128824476650564,0.9326355340848095,5.065754159957058,,
112,7.991143317230274,,8.085077831454644,7.568438003220612,0.4025764895330113,0.08051529790660225,0.38915727321524424,12.130971551261407,32.48121309715513,0.9728931830381106,,3.730542136339238,11.137949543746645,2.6435856146001075,4.74369296833065,1.42914653784219,0.013419216317767043,0.20128824476650564,0.9326355340848095,5.065754159957058,,
113,8.742619431025227,,8.085077831454644,7.568438003220612,0.4025764895330113,0.08051529790660225,0.38915727321524424,12.130971551261407,32.139023081052066,0.9728931830381106,,3.670155662909286,11.137949543746645,3.3816425120772946,4.74369296833065,1.3016639828234031,0.013419216317767043,0.20128824476650564,0.5770263016639828,3.978797638217928,0.4830917874396135,
114,8.561460010735374,,7.977724100912507,7.555018786902845,0.4025764895330113,0.04696725711218465,0.38915727321524424,13.714439076757918,31.729736983360173,0.8722490606548577,,3.670155662909286,10.399892646269459,3.3816425120772946,4.74369296833065,1.3016639828234031,0.013419216317767043,0.20128824476650564,0.5770263016639828,3.978797638217928,0.4830917874396135,
115,8.561460010735374,,7.977724100912507,7.555018786902845,0.322061191626409,0.04696725711218465,0.38915727321524424,14.083467525496511,31.910896403650028,0.8722490606548577,,3.670155662909286,10.010735373054214,3.3816425120772946,4.74369296833065,1.3016639828234031,0.013419216317767043,0.12077294685990338,0.5770263016639828,3.978797638217928,0.4830917874396135,
116,8.93719806763285,,7.977724100912507,8.856682769726248,0.322061191626409,0.04696725711218465,0.38915727321524424,13.707729468599034,31.320450885668276,0.8252818035426731,,3.670155662909286,9.232420826623725,3.683574879227053,4.555823939881911,1.3016639828234031,0.013419216317767043,0.12077294685990338,0.5770263016639828,3.978797638217928,0.4830917874396135,
117,8.521202361782072,,7.977724100912507,9.581320450885668,0.322061191626409,0.04696725711218465,0.38915727321524424,13.707729468599034,31.38083735909823,0.8252818035426731,,3.670155662909286,8.957326892109501,3.374932903918411,5.092592592592593,1.3016639828234031,0.013419216317767043,0.12077294685990338,0.5770263016639828,3.656736446591519,0.4830917874396135,
118,8.514492753623188,,7.977724100912507,10.104669887278583,0.322061191626409,0.04696725711218465,0.38915727321524424,13.372249060654857,31.528448738593667,0.8252818035426731,,3.4151905528717124,8.883521202361782,3.374932903918411,5.092592592592593,1.3016639828234031,0.013419216317767043,0.12077294685990338,0.5770263016639828,3.656736446591519,0.4830917874396135,
119,8.514492753623188,,7.977724100912507,10.104669887278583,0.322061191626409,0.04696725711218465,0.38915727321524424,13.372249060654857,31.528448738593667,0.8252818035426731,,3.4151905528717124,8.883521202361782,3.374932903918411,5.092592592592593,1.3016639828234031,0.013419216317767043,0.12077294685990338,0.5770263016639828,3.656736446591519,0.4830917874396135,
120,9.621578099838969,,7.742887815351583,9.655126140633387,0.322061191626409,0.04696725711218465,2.073268921095008,13.372249060654857,29.837627482555018,0.8252818035426731,,3.4151905528717124,8.467525496511003,3.374932903918411,5.092592592592593,1.2748255501878691,0.013419216317767043,0.12077294685990338,0.46296296296296297,3.656736446591519,0.6239935587761675,
121,9.621578099838969,,7.742887815351583,9.655126140633387,0.322061191626409,0.04696725711218465,2.073268921095008,13.325281803542673,29.99194847020934,0.8252818035426731,,3.408480944712829,8.36688137412775,3.374932903918411,5.092592592592593,1.2748255501878691,0.013419216317767043,0.12077294685990338,0.46296296296296297,3.656736446591519,0.6239935587761675,
122,8.870101986044014,,7.50805152979066,9.923510466988727,0.322061191626409,0.04696725711218465,2.073268921095008,14.600107353730541,29.03918411164788,0.8252818035426731,,3.2004830917874396,8.299785292538916,3.374932903918411,5.763553408480945,1.2748255501878691,0.013419216317767043,0.12077294685990338,0.46296296296296297,3.656736446591519,0.6239935587761675,
123,8.709071390230811,,7.50805152979066,9.923510466988727,0.322061191626409,0.04696725711218465,1.8451422436929683,14.600107353730541,29.777241009125067,0.8252818035426731,,3.2004830917874396,7.950885668276973,3.374932903918411,5.763553408480945,1.2748255501878691,0.013419216317767043,0.12077294685990338,0.46296296296296297,3.656736446591519,0.6239935587761675,
124,9.5276435856146,,7.50805152979066,9.923510466988727,0.322061191626409,0.04696725711218465,1.8451422436929683,14.150563607085346,29.944981213097154,0.8252818035426731,,2.9924852388620504,7.796564680622652,3.374932903918411,5.763553408480945,1.2748255501878691,0.013419216317767043,0.12077294685990338,0.46296296296296297,3.4822866344605474,0.6239935587761675,
125,9.400161030595813,,7.50805152979066,10.654857756307031,0.3153515834675255,0.04696725711218465,1.8451422436929683,14.834943639291465,29.25389157273215,0.8252818035426731,,2.9924852388620504,7.7831454643048845,3.374932903918411,5.763553408480945,1.2748255501878691,0.013419216317767043,0.12077294685990338,0.46296296296296297,2.9052603327965647,0.6239935587761675,
126,9.400161030595813,,7.50805152979066,10.654857756307031,0.20799785292538917,0.04696725711218465,1.8451422436929683,14.814814814814815,29.421631776704242,0.8252818035426731,,2.9924852388620504,7.742887815351583,3.374932903918411,5.763553408480945,1.2748255501878691,0.013419216317767043,0.12077294685990338,0.46296296296296297,2.9052603327965647,0.6239935587761675,
127,9.353193773483628,,7.27992485238862,10.654857756307031,0.20799785292538917,0.04696725711218465,1.8451422436929683,15.230810520665592,29.005636070853463,0.8252818035426731,,2.9924852388620504,7.729468599033816,3.0595813204508855,6.367418142780462,0.8655394524959742,0.013419216317767043,0.12077294685990338,1.2010198604401503,2.576489533011272,0.6239935587761675,
128,9.225711218464841,,7.27992485238862,10.581052066559312,0.20799785292538917,0.04696725711218465,1.8451422436929683,15.35829307568438,28.878153515834676,0.8252818035426731,,2.952227589908749,7.729468599033816,3.3011272141706924,6.367418142780462,0.8655394524959742,0.013419216317767043,0.12077294685990338,1.2010198604401503,2.576489533011272,0.6239935587761675,
129,8.964036500268385,,7.266505636070853,9.675254965110037,0.20799785292538917,0.04696725711218465,1.8451422436929683,15.519323671497585,28.878153515834676,0.8252818035426731,,2.690552871712292,7.729468599033816,3.0931293612453032,6.454643048845948,0.8655394524959742,1.932367149758454,0.12077294685990338,1.2010198604401503,2.059849704777241,0.6239935587761675,
