,37,45,50,36,40,38,39,49,51,52,48,35,47,46,34,33
0,4.569243156199678,40.042941492216855,55.38781535158347,,,,,,,,,,,,,
1,6.5485775630703165,37.567096081588836,54.17337627482555,0.8588298443370908,0.8521202361782072,,,,,,,,,,,
2,7.467793880837359,28.663446054750402,57.669082125603865,0.8588298443370908,3.6634460547504024,0.7112184648416533,0.966183574879227,,,,,,,,,
3,3.1602254428341383,19.410896403650028,72.08803005904456,0.8588298443370908,2.8515834675254963,1.093666129898014,0.5367686527106817,,,,,,,,,
4,1.0131508319914118,11.453301127214171,81.4345142243693,0.8588298443370908,4.320987654320987,0.3824476650563607,0.5367686527106817,,,,,,,,,
5,0.9728931830381106,10.889694041867955,67.63955984970478,0.8588298443370908,7.5281803542673105,1.3553408480944713,0.5367686527106817,10.218733225979603,,,,,,,,
6,1.093666129898014,4.139828234031133,63.92243692968331,0.10735373054213634,10.198604401502953,0.3824476650563607,1.9189479334406871,18.23671497584541,,,,,,,,
7,0.24825550187869028,1.8317230273752012,70.70585077831454,0.04696725711218465,8.28636607622115,,1.1808910359634996,17.69994632313473,,,,,,,,
8,0.24825550187869028,1.8317230273752012,71.6250670960816,0.04696725711218465,9.353193773483628,0.8521202361782072,1.1003757380568975,14.942297369833602,,,,,,,,
9,0.9125067096081588,1.1540526033279657,59.01771336553945,,14.224369296833064,1.6572732152442298,1.0466988727858293,19.57192699946323,2.4154589371980677,,,,,,,
10,0.8789586688137413,1.1540526033279657,49.651100375738054,,11.929683306494901,2.3215244229736984,1.0466988727858293,30.52200751476114,2.4154589371980677,0.08051529790660225,,,,,,
11,0.5770263016639828,1.0198604401502953,53.75067096081589,,5.870907139023081,0.3488996242619431,0.0067096081588835215,36.010466988727856,2.4154589371980677,,,,,,,
12,0.5770263016639828,1.0198604401502953,52.851583467525494,,8.185721953837897,0.3488996242619431,0.0067096081588835215,34.594739667203434,2.4154589371980677,,,,,,,
13,0.5770263016639828,1.0198604401502953,50.758185721953836,,9.433709071390231,1.221148684916801,0.785024154589372,33.78958668813741,2.4154589371980677,,,,,,,
14,0.5770263016639828,1.0198604401502953,42.33762748255502,,12.761674718196458,1.221148684916801,0.785024154589372,38.88217928073001,2.4154589371980677,,,,,,,
15,0.5770263016639828,1.0198604401502953,38.378958668813745,0.9728931830381106,12.654320987654321,1.9994632313472893,0.7112184648416533,33.2259796027912,2.4154589371980677,,8.044820182501342,,,,,
16,0.5703166935050993,0.7246376811594203,29.58937198067633,0.1274825550187869,9.567901234567902,,1.583467525496511,41.45195920558239,2.4154589371980677,,8.816425120772946,1.1876006441223832,3.965378421900161,,,
17,0.5703166935050993,0.7246376811594203,30.790391841116477,0.1274825550187869,9.621578099838969,0.8655394524959742,4.03918411164788,37.25845410628019,2.4154589371980677,,8.61513687600644,1.1876006441223832,3.784219001610306,,,
18,,2.9924852388620504,19.699409554482017,0.1274825550187869,6.501610305958132,0.644122383252818,4.522275899087493,54.830917874396135,2.4154589371980677,,6.796833064949007,0.7045088566827697,0.7648953301127214,,,
19,,2.9924852388620504,19.699409554482017,0.1274825550187869,6.964573268921095,0.644122383252818,4.200214707461084,50.80515297906602,2.4154589371980677,,10.681696188942565,0.7045088566827697,0.7648953301127214,,,
20,,3.549382716049383,15.546162104133119,0.1274825550187869,7.427536231884058,0.644122383252818,4.884594739667204,50.4495437466452,1.932367149758454,,13.996242619431026,0.7045088566827697,0.7380568974771873,,,
21,0.9259259259259259,3.549382716049383,15.150295222758992,0.1274825550187869,8.232689210950081,0.644122383252818,4.884594739667204,49.644390767579175,1.932367149758454,,13.466183574879228,0.7045088566827697,0.7380568974771873,,,
22,1.442565754159957,3.549382716049383,10.735373054213634,0.1274825550187869,4.53569511540526,0.644122383252818,3.5292538915727323,58.340042941492214,1.932367149758454,,11.05072463768116,0.10735373054213634,0.7380568974771873,3.2675791733762747,,
23,0.9796027911969941,2.4221685453569513,10.339506172839506,0.8319914117015567,5.260332796564681,0.2616747181964573,5.01207729468599,60.04428341384863,1.932367149758454,,7.179280730005368,0.026838432635534086,2.442297369833602,3.2675791733762747,,
24,1.8719806763285025,2.4221685453569513,10.339506172839506,0.8319914117015567,6.280193236714976,0.2616747181964573,5.736714975845411,57.400697799248526,1.932367149758454,,6.1929683306494905,1.0198604401502953,2.442297369833602,3.2675791733762747,,
25,1.3821792807300053,2.4221685453569513,8.07836822329576,1.5633387010198605,5.173107890499195,0.2549651100375738,5.045625335480408,51.871980676328505,1.932367149758454,,15.942028985507246,0.798443370907139,2.442297369833602,3.0931293612453032,,
26,1.3821792807300053,2.0531400966183573,7.937466451959206,2.254428341384863,3.2474503488996245,1.06682769726248,5.025496511003757,34.03113258185722,1.932367149758454,,28.918411164787976,0.798443370907139,6.9310252281266775,2.6838432635534084,1.737788513150832,
27,1.6438539989264627,0.04696725711218465,6.286902844873859,1.5230810520665594,2.7308105206655933,1.5230810520665594,5.213365539452496,25.37573805689748,1.6841116478797638,,41.55931293612453,0.020128824476650563,10.359634997316157,0.8856682769726248,0.8521202361782072,0.2952227589908749
28,0.8990874932903918,0.04696725711218465,6.132581857219538,0.9930220075147611,1.6505636070853462,0.5099302200751477,4.092860976918948,14.734299516908212,1.6841116478797638,,55.96484165324745,1.9927536231884058,9.272678475577026,0.8789586688137413,0.8521202361782072,0.2952227589908749
29,1.1473429951690821,0.013419216317767043,4.166666666666667,1.583467525496511,1.6505636070853462,0.4562533548040794,5.864197530864198,43.65271068169619,1.3217928073000538,,35.607890499194845,1.0869565217391304,1.1205045625335481,0.6508319914117016,0.4830917874396135,1.1943102522812667
30,0.8319914117015567,0.013419216317767043,4.166666666666667,1.8988191089640365,1.6505636070853462,0.4562533548040794,7.501341921631776,42.07595276435856,1.3217928073000538,,35.547504025764894,1.0869565217391304,1.1205045625335481,0.6508319914117016,0.4830917874396135,1.1943102522812667
31,0.32877079978529256,0.013419216317767043,4.166666666666667,1.8988191089640365,1.6505636070853462,0.4562533548040794,10.889694041867955,38.821792807300056,1.3217928073000538,,35.72866344605475,1.0869565217391304,1.1205045625335481,0.32877079978529256,1.1943102522812667,0.9930220075147611
32,0.9930220075147611,,2.771068169618894,1.1808910359634996,2.8247450348899625,1.3419216317767042,13.24476650563607,34.648416532474506,1.3217928073000538,,31.447933440687063,0.8655394524959742,7.139023081052066,0.32877079978529256,1.1943102522812667,0.6977992485238862
33,1.9592055823939882,,2.771068169618894,1.1808910359634996,2.8247450348899625,1.3419216317767042,12.533548040794418,25.664251207729468,1.3217928073000538,,40.17713365539453,0.8655394524959742,7.139023081052066,0.32877079978529256,1.1943102522812667,0.6977992485238862
34,1.8384326355340848,,2.771068169618894,1.5767579173376274,2.8247450348899625,2.1135265700483092,14.969135802469136,24.89935587761675,1.3217928073000538,,36.862587224906065,2.2946859903381642,6.320450885668277,0.32877079978529256,1.1808910359634996,0.6977992485238862
35,2.428878153515835,,2.368491680085883,2.3617820719269993,2.8247450348899625,2.9589371980676327,16.11647879763822,24.496779388083738,1.0534084809447128,,35.178475577026305,2.2946859903381642,5.763553408480945,0.27509393451422437,1.1808910359634996,0.6977992485238862
36,2.1806226516371443,,2.167203435319377,2.3617820719269993,2.8247450348899625,2.9589371980676327,17.780461621041333,23.577563070316693,1.0534084809447128,,34.88325281803543,2.2946859903381642,5.763553408480945,0.27509393451422437,1.1808910359634996,0.6977992485238862
37,2.1806226516371443,,1.9927536231884058,2.2946859903381642,2.4020397208803006,2.885131508319914,19.290123456790123,24.329039184111647,1.0534084809447128,,30.743424584004295,1.9122383252818036,5.763553408480945,3.515834675254965,0.9393451422436929,0.6977992485238862
38,1.778046162104133,,1.9793344068706387,2.9052603327965647,2.4020397208803006,3.9519592055823938,20.00805152979066,22.946859903381643,1.0534084809447128,,30.555555555555557,2.3617820719269993,5.018786902844874,2.657004830917874,1.6841116478797638,0.6977992485238862
39,1.6371443907675791,,1.2412775093934514,1.6841116478797638,2.3752012882447664,3.8848631239935587,20.209339774557165,19.16935050993022,,,42.24369296833065,1.6170155662909287,3.7372517444981215,2.0933977455716586,0.10735373054213634,
40,2.38191089640365,,1.2412775093934514,1.6841116478797638,2.3752012882447664,6.146001073537305,21.89345142243693,18.230005367686527,,,38.79495437466452,1.6170155662909287,3.435319377348363,2.0933977455716586,0.10735373054213634,
41,2.38191089640365,,1.2412775093934514,1.6841116478797638,2.3752012882447664,6.146001073537305,23.463499731615673,17.257112184648417,,,38.197799248523886,1.6170155662909287,3.435319377348363,2.0933977455716586,0.10735373054213634,
42,3.0595813204508855,,1.2412775093934514,1.6841116478797638,2.3752012882447664,7.481213097155126,23.96672034353194,16.09634997316157,,,36.842458400429415,1.6170155662909287,3.435319377348363,2.0933977455716586,0.10735373054213634,
43,3.3682232957595275,,0.8923778851315083,1.6304347826086956,2.314814814814815,9.420289855072463,25.577026301663984,15.713902308105206,,,33.541331186258724,1.6170155662909287,2.932098765432099,2.046430488459474,0.9460547504025765,
44,3.8311862587224907,,0.8588298443370908,2.408749329039184,2.100107353730542,9.64170692431562,26.838432635534083,13.79495437466452,,,32.30005367686527,2.3081052066559313,2.9253891572732154,2.046430488459474,0.9460547504025765,
45,2.7643585614600106,,0.7716049382716049,1.751207729468599,2.0531400966183573,9.353193773483628,25.167740203972087,10.326086956521738,,,40.41867954911433,1.6170155662909287,2.9253891572732154,1.90552871712292,0.9460547504025765,
46,2.7643585614600106,,0.4830917874396135,1.5767579173376274,1.7444981213097155,9.796027911969942,27.542941492216855,9.943639291465379,,,38.75469672571122,1.6170155662909287,2.9253891572732154,1.90552871712292,0.9460547504025765,
47,2.3483628556092326,,0.4830917874396135,1.42914653784219,1.7444981213097155,12.432903918411165,27.885131508319915,9.54777241009125,,,36.7686527106817,1.5901771336553945,2.9253891572732154,1.90552871712292,0.9393451422436929,
48,2.408749329039184,,0.4830917874396135,1.0869565217391304,1.7444981213097155,13.063607085346217,21.28287707997853,22.530864197530864,,,34.4873859366613,0.798443370907139,0.10735373054213634,1.90552871712292,0.10064412238325282,
49,1.3217928073000538,,0.013419216317767043,0.966183574879227,0.33548040794417605,8.420558239398819,19.685990338164252,30.83064949006978,,,31.11916264090177,0.798443370907139,4.502147074610843,1.90552871712292,0.10064412238325282,
50,1.3217928073000538,,0.013419216317767043,0.966183574879227,0.33548040794417605,8.420558239398819,21.108427267847556,30.83064949006978,,,29.696725711218466,0.798443370907139,4.502147074610843,1.90552871712292,0.10064412238325282,
51,1.3217928073000538,,0.013419216317767043,0.966183574879227,0.33548040794417605,8.420558239398819,22.953569511540525,29.884594739667204,,,28.817767042404725,0.798443370907139,4.502147074610843,1.8853998926462694,0.10064412238325282,
52,1.3217928073000538,,0.013419216317767043,1.7444981213097155,0.33548040794417605,9.05126140633387,24.14787976382179,28.723832528180353,,,28.31454643048846,0.798443370907139,3.7372517444981215,1.710950080515298,0.10064412238325282,
53,2.006172839506173,,0.013419216317767043,2.563070316693505,0.33548040794417605,8.628556092324208,22.77241009125067,27.771068169618893,2.1135265700483092,,27.68384326355341,0.5636070853462157,3.7372517444981215,1.710950080515298,0.10064412238325282,
54,1.7444981213097155,,0.013419216317767043,2.563070316693505,0.33548040794417605,7.883789586688137,19.847020933977454,41.196994095544824,2.1135265700483092,,18.733225979602793,0.5568974771873323,3.2877079978529253,1.710950080515298,0.013419216317767043,
55,1.7444981213097155,,0.013419216317767043,2.563070316693505,0.33548040794417605,8.467525496511003,21.054750402576488,39.46591519055287,2.1135265700483092,,18.67283950617284,0.5568974771873323,3.2877079978529253,1.710950080515298,0.013419216317767043,
56,1.7444981213097155,,0.013419216317767043,2.563070316693505,0.33548040794417605,9.185453569511541,21.692163177670423,38.88217928073001,2.1135265700483092,,17.901234567901234,0.5568974771873323,3.2877079978529253,1.710950080515298,0.013419216317767043,
57,1.6975308641975309,,0.013419216317767043,2.563070316693505,0.33548040794417605,10.258990874932904,23.262211486849168,36.93639291465379,2.1135265700483092,,17.458400429414922,0.5568974771873323,3.079710144927536,1.710950080515298,0.013419216317767043,
58,1.6975308641975309,,0.013419216317767043,2.563070316693505,0.33548040794417605,10.258990874932904,23.262211486849168,36.93639291465379,2.1135265700483092,,17.458400429414922,0.5568974771873323,3.079710144927536,1.710950080515298,0.013419216317767043,
59,1.6975308641975309,,0.013419216317767043,2.563070316693505,0.33548040794417605,10.997047772410092,24.18142780461621,35.52066559312936,2.1135265700483092,,17.216854535695116,0.5568974771873323,3.079710144927536,1.710950080515298,0.013419216317767043,
60,2.2745571658615136,,0.013419216317767043,2.563070316693505,0.33548040794417605,12.681159420289855,26.67740203972088,32.749597423510465,2.1135265700483092,,15.713902308105206,0.33548040794417605,2.9924852388620504,1.5499194847020934,,
61,2.120236178207193,,0.013419216317767043,2.26784755770263,0.33548040794417605,12.439613526570048,30.059044551798173,30.589103596349972,2.1135265700483092,,14.734299516908212,0.33548040794417605,2.9924852388620504,0.9728931830381106,1.0265700483091786,
62,2.120236178207193,,0.013419216317767043,2.636876006441224,0.33548040794417605,12.439613526570048,32.87707997852925,28.24074074074074,2.1135265700483092,,14.016371443907676,0.33548040794417605,2.871712292002147,0.9728931830381106,1.0265700483091786,
63,2.120236178207193,,0.013419216317767043,2.636876006441224,0.33548040794417605,12.439613526570048,33.3467525496511,27.771068169618893,2.1135265700483092,,14.016371443907676,0.33548040794417605,2.871712292002147,0.9728931830381106,1.0265700483091786,
64,3.052871712292002,,0.013419216317767043,2.6167471819645733,0.33548040794417605,12.52012882447665,33.051529790660226,27.180622651637144,2.1135265700483092,,13.935856146001074,1.0534084809447128,2.871712292002147,0.6642512077294686,0.5904455179817498,
65,3.052871712292002,,2.2745571658615136,2.6167471819645733,0.33548040794417605,12.104133118625873,30.730005367686527,28.864734299516908,2.1068169618894257,,12.734836285560924,1.0534084809447128,2.871712292002147,0.6642512077294686,0.5904455179817498,
66,3.052871712292002,,2.2745571658615136,3.012614063338701,0.33548040794417605,13.238056897477188,30.307300053676865,28.60305958132045,1.9457863660762211,,12.372517444981213,1.0534084809447128,2.5496511003757383,0.6642512077294686,0.5904455179817498,
67,2.717391304347826,,2.2745571658615136,2.4020397208803006,0.30193236714975846,14.304884594739667,31.01851851851852,28.187063875469672,1.710950080515298,,11.43317230273752,1.9793344068706387,2.5496511003757383,0.644122383252818,0.47638217928073,
68,3.549382716049383,,1.778046162104133,2.4020397208803006,0.30193236714975846,16.458668813741276,30.810520665593128,26.992753623188406,1.710950080515298,,10.507246376811594,1.9793344068706387,2.3886205045625335,0.644122383252818,0.47638217928073,
69,3.549382716049383,,1.778046162104133,2.4020397208803006,0.30193236714975846,18.54535695115405,30.636070853462158,25.717928073000536,1.6103059581320451,,9.970477724100913,1.9793344068706387,2.3886205045625335,0.644122383252818,0.47638217928073,
70,3.549382716049383,,1.778046162104133,2.4020397208803006,0.30193236714975846,20.182501341921633,31.179549114331724,25.691089640365004,0.9460547504025765,,8.480944712828771,1.9793344068706387,2.3886205045625335,0.644122383252818,0.47638217928073,
71,5.22007514761138,,1.107085346215781,2.2879763821792807,0.30193236714975846,20.74610842726785,30.58239398819109,24.953032742887814,0.9460547504025765,,8.36688137412775,1.9793344068706387,2.3886205045625335,0.644122383252818,0.47638217928073,
72,5.22007514761138,,1.107085346215781,2.2879763821792807,0.30193236714975846,21.464036500268385,31.850509930220074,23.57085346215781,0.9460547504025765,,7.763016639828234,1.9793344068706387,2.3886205045625335,0.644122383252818,0.47638217928073,
73,5.22007514761138,,1.107085346215781,2.2879763821792807,0.30193236714975846,21.40365002683843,31.91760601180891,23.57085346215781,0.9460547504025765,,7.75630703166935,1.9793344068706387,2.3886205045625335,0.644122383252818,0.47638217928073,
74,5.2066559312936125,,1.107085346215781,2.2342995169082127,0.30193236714975846,21.517713365539453,33.53462157809984,21.967257112184647,0.8252818035426731,,7.749597423510467,2.13365539452496,2.3886205045625335,0.6374127750939346,0.39586688137412773,
75,5.2066559312936125,,1.107085346215781,2.1604938271604937,0.30193236714975846,22.77241009125067,32.35373054213634,21.960547504025765,0.8252818035426731,,7.682501341921632,2.13365539452496,2.1068169618894257,0.6374127750939346,0.7514761137949544,
76,5.535426731078905,,1.107085346215781,2.952227589908749,0.30193236714975846,22.77241009125067,33.09849704777241,20.377079978529252,0.8252818035426731,,7.682501341921632,1.8518518518518519,2.1068169618894257,0.6374127750939346,0.7514761137949544,
77,5.428073000536768,,1.1003757380568975,2.952227589908749,0.30193236714975846,24.18142780461621,32.58185721953838,20.001341921631777,0.8252818035426731,,7.454374664519592,2.1739130434782608,1.737788513150832,0.6374127750939346,0.6239935587761675,
78,5.260332796564681,,1.1003757380568975,2.952227589908749,0.30193236714975846,26.496242619431026,32.018250134192165,19.236446591519055,0.8252818035426731,,6.78341384863124,2.0397208803005906,1.737788513150832,0.6239935587761675,0.6239935587761675,
79,5.615942028985507,,1.1003757380568975,2.952227589908749,0.30193236714975846,27.15378421900161,31.93102522812668,18.800322061191626,0.8252818035426731,,6.293612453032743,2.0397208803005906,1.737788513150832,0.6239935587761675,0.6239935587761675,
80,7.521470746108427,,0.8990874932903918,2.952227589908749,0.30193236714975846,26.80488459473967,33.1454643048846,16.820987654320987,0.8252818035426731,,5.971551261406334,1.9592055823939882,1.737788513150832,0.43612453032742887,0.6239935587761675,
81,7.360440150295223,,0.8051529790660226,3.69699409554482,0.30193236714975846,27.885131508319915,32.09205582393988,16.639828234031132,0.6977992485238862,,5.763553408480945,1.9592055823939882,1.737788513150832,0.43612453032742887,0.6239935587761675,
82,6.508319914117015,,0.8051529790660226,4.549114331723027,0.30193236714975846,28.535963499731615,31.709608158883523,16.398282340311326,0.6977992485238862,,5.736714975845411,1.9592055823939882,1.737788513150832,0.43612453032742887,0.6239935587761675,
83,6.508319914117015,,0.8051529790660226,4.549114331723027,0.30193236714975846,29.448470209339774,30.857487922705314,16.391572732152444,0.6977992485238862,,5.683038110574342,1.9592055823939882,1.737788513150832,0.43612453032742887,0.6239935587761675,
84,8.319914117015566,,0.8051529790660226,4.8443370907139025,0.30193236714975846,29.09286097691895,30.327428878153516,15.438808373590982,0.6977992485238862,,5.669618894256575,1.724369296833065,1.7176596886741815,0.43612453032742887,0.6239935587761675,
85,8.13875469672571,,0.8051529790660226,4.8443370907139025,0.30193236714975846,29.69001610305958,30.139559849704778,15.230810520665592,0.6977992485238862,,5.656199677938808,1.7176596886741815,1.7176596886741815,0.43612453032742887,0.6239935587761675,
86,8.13875469672571,,0.8051529790660226,4.8443370907139025,0.27509393451422437,31.260064412238325,29.777241009125067,14.781266774020397,0.6977992485238862,,4.924852388620504,1.7176596886741815,1.7176596886741815,0.43612453032742887,0.6239935587761675,
87,8.132045088566828,,0.8051529790660226,5.059044551798175,0.27509393451422437,31.91760601180891,29.78395061728395,13.90901771336554,0.6977992485238862,,4.924852388620504,1.7176596886741815,1.7176596886741815,0.43612453032742887,0.6239935587761675,
88,8.870101986044014,,0.8051529790660226,5.059044551798175,0.27509393451422437,31.179549114331724,27.32823403113258,16.57944176060118,0.6977992485238862,,4.7101449275362315,1.7176596886741815,1.7176596886741815,0.43612453032742887,0.6239935587761675,
89,8.172302737520129,,0.798443370907139,5.790391841116479,0.2549651100375738,29.622920021470748,25.697799248523886,16.31105743424584,0.6977992485238862,,3.784219001610306,2.536231884057971,5.46833064949007,0.3824476650563607,0.4830917874396135,
90,8.172302737520129,,0.798443370907139,5.790391841116479,0.2549651100375738,30.01207729468599,25.811862587224905,15.807836822329575,0.6977992485238862,,3.784219001610306,2.536231884057971,5.46833064949007,0.3824476650563607,0.4830917874396135,
91,8.172302737520129,,0.798443370907139,5.790391841116479,0.2549651100375738,31.394256575415994,25.32206119162641,14.969135802469136,0.6977992485238862,,3.730542136339238,2.536231884057971,5.46833064949007,0.3824476650563607,0.4830917874396135,
92,8.172302737520129,,0.798443370907139,5.790391841116479,0.2549651100375738,31.394256575415994,26.053408480944714,14.237788513150832,0.6977992485238862,,3.730542136339238,2.536231884057971,5.46833064949007,0.3824476650563607,0.4830917874396135,
93,7.306763285024155,,0.798443370907139,6.092324208266238,0.2281266774020397,32.91733762748255,25.55689747718733,13.821792807300053,0.6977992485238862,,3.730542136339238,2.5161030595813205,5.46833064949007,0.3824476650563607,0.4830917874396135,
94,7.306763285024155,,0.798443370907139,5.790391841116479,0.2281266774020397,32.91733762748255,25.55689747718733,13.821792807300053,0.6977992485238862,,3.730542136339238,2.428878153515835,5.367686527106817,0.3824476650563607,0.9728931830381106,
95,7.9106280193236715,,0.798443370907139,5.790391841116479,0.2281266774020397,32.39398819108964,25.55689747718733,13.801663982823403,0.6977992485238862,,3.730542136339238,2.428878153515835,5.307300053676865,0.3824476650563607,0.9728931830381106,
96,7.9106280193236715,,0.798443370907139,5.790391841116479,0.2281266774020397,32.39398819108964,25.55689747718733,13.801663982823403,0.6977992485238862,,3.730542136339238,2.428878153515835,5.307300053676865,0.3824476650563607,0.9728931830381106,
97,7.601986044015029,,0.798443370907139,5.340848094471283,0.2281266774020397,33.09849704777241,23.557434245840042,15.230810520665592,0.6977992485238862,,3.629898013955985,2.428878153515835,5.307300053676865,0.3824476650563607,1.6975308641975309,
98,7.601986044015029,,0.798443370907139,5.340848094471283,0.2281266774020397,33.89023081052066,22.852925389157274,15.230810520665592,0.6977992485238862,,3.3480944712828773,2.6435856146001075,5.307300053676865,0.36231884057971014,1.6975308641975309,
99,7.273215244229737,,0.798443370907139,5.340848094471283,0.2281266774020397,35.017444981213096,22.31615673644659,15.042941492216855,0.6977992485238862,,3.2742887815351582,2.6435856146001075,5.307300053676865,0.36231884057971014,1.6975308641975309,
100,7.273215244229737,,0.798443370907139,5.340848094471283,0.2281266774020397,36.3593666129898,21.85319377348363,14.251207729468598,0.6977992485238862,,3.2206119162640903,2.6435856146001075,5.273752012882448,0.36231884057971014,1.6975308641975309,
101,8.017981749865807,,0.798443370907139,5.340848094471283,0.2281266774020397,34.47396672034353,21.195652173913043,16.75389157273215,0.6977992485238862,,2.677133655394525,2.6435856146001075,5.112721417069243,0.36231884057971014,1.6975308641975309,
102,8.017981749865807,,0.798443370907139,5.340848094471283,0.2281266774020397,34.66183574879227,21.76596886741814,15.995705850778315,0.6977992485238862,,2.677133655394525,2.6435856146001075,5.112721417069243,0.36231884057971014,1.6975308641975309,
103,9.232420826623725,,0.798443370907139,5.340848094471283,0.2281266774020397,34.27938808373591,21.886741814278047,15.344873859366613,0.5770263016639828,,2.5697799248523885,3.3950617283950617,4.28743961352657,0.36231884057971014,1.6975308641975309,
104,9.172034353193773,,0.798443370907139,4.951690821256038,0.2281266774020397,34.03113258185722,22.128287707997853,15.103327965646805,0.5770263016639828,,2.5697799248523885,4.166666666666667,4.28743961352657,0.36231884057971014,1.6237251744498122,
105,10.567632850241546,,0.798443370907139,4.918142780461621,0.2281266774020397,34.38003220611916,22.309447128287708,13.902308105206655,0.5770263016639828,,1.8786902844873858,4.166666666666667,4.28743961352657,0.36231884057971014,1.6237251744498122,
106,10.567632850241546,,0.798443370907139,4.918142780461621,0.2281266774020397,34.38003220611916,22.309447128287708,13.902308105206655,0.5770263016639828,,1.8786902844873858,4.166666666666667,4.28743961352657,0.36231884057971014,1.6237251744498122,
107,10.567632850241546,,0.798443370907139,4.918142780461621,0.2281266774020397,35.11808910359635,21.658615136876005,13.81508319914117,0.5770263016639828,,1.8786902844873858,4.166666666666667,4.28743961352657,0.36231884057971014,1.6237251744498122,
108,11.16478797638218,,0.798443370907139,4.918142780461621,0.2281266774020397,35.02415458937198,21.618357487922705,13.352120236178207,0.5770263016639828,,1.8786902844873858,4.958400429414922,3.4957058507783145,0.36231884057971014,1.6237251744498122,
109,11.16478797638218,,0.798443370907139,5.636070853462158,0.2281266774020397,35.89640365002684,20.9272678475577,12.815351583467525,0.5770263016639828,,1.6572732152442298,4.864465915190553,3.44873859366613,0.36231884057971014,1.6237251744498122,
110,10.748792270531402,,0.2683843263553409,6.615673644659152,0.2281266774020397,36.882716049382715,19.90740740740741,12.815351583467525,0.5770263016639828,,1.6572732152442298,4.864465915190553,3.44873859366613,0.36231884057971014,1.6237251744498122,
111,10.68840579710145,,0.2683843263553409,7.333601717659689,0.2281266774020397,36.493558776167475,19.746376811594203,12.815351583467525,0.48980139559849706,,1.6371443907675791,4.864465915190553,3.44873859366613,0.36231884057971014,1.6237251744498122,
112,11.366076221148685,,0.2683843263553409,7.333601717659689,0.2281266774020397,36.37278582930757,19.652442297369834,12.352388620504563,0.48980139559849706,,1.6371443907675791,4.864465915190553,3.44873859366613,0.36231884057971014,1.6237251744498122,
113,11.674718196457327,,0.2683843263553409,7.27992485238862,0.2281266774020397,37.8690284487386,19.07541599570585,11.399624261943103,0.48980139559849706,,1.3419216317767042,4.341116478797638,3.44873859366613,0.36231884057971014,2.2208803005904456,
114,12.446323134728932,,0.2683843263553409,7.877079978529254,0.2281266774020397,34.68867418142781,18.699677938808374,10.61460010735373,0.48980139559849706,,1.2412775093934514,4.341116478797638,6.521739130434782,0.36231884057971014,2.2208803005904456,
115,12.385936661298981,,0.24154589371980675,7.729468599033816,0.2281266774020397,35.59447128287708,18.075684380032207,10.581052066559312,0.48980139559849706,,1.2278582930756843,4.341116478797638,6.521739130434782,0.36231884057971014,2.2208803005904456,
116,12.949543746645196,,1.7176596886741815,7.729468599033816,0.2214170692431562,35.66156736446592,16.6129898013956,10.326086956521738,0.48980139559849706,,1.2010198604401503,4.341116478797638,6.166129898013956,0.36231884057971014,2.2208803005904456,
117,13.768115942028986,,1.7176596886741815,7.347020933977456,0.2214170692431562,35.99704777241009,16.51905528717123,9.655126140633387,0.48980139559849706,,1.2010198604401503,4.341116478797638,6.159420289855072,0.36231884057971014,2.2208803005904456,
118,14.15727321524423,,1.7176596886741815,7.347020933977456,0.2214170692431562,35.39318303811057,16.888083735909824,9.453837895866881,0.48980139559849706,,1.1540526033279657,3.6768652710681695,6.159420289855072,0.36231884057971014,2.9790660225442833,
119,15.324745034889963,,1.7176596886741815,8.004562533548041,0.2214170692431562,35.66156736446592,15.70048309178744,9.366612989801396,0.48980139559849706,,1.1540526033279657,3.6768652710681695,5.394524959742351,0.36231884057971014,2.9253891572732154,
120,15.076489533011273,,1.7176596886741815,8.789586688137414,0.2214170692431562,35.54079441760601,15.673644659151906,9.25925925925926,0.48980139559849706,,1.1473429951690821,4.012345679012346,5.381105743424584,0.24154589371980675,2.4490069779924855,
121,14.969135802469136,,1.7176596886741815,8.836553945249598,0.2214170692431562,35.59447128287708,15.613258185721953,9.25925925925926,0.48980139559849706,,1.0802469135802468,4.542404723564144,5.166398282340311,0.24154589371980675,2.26784755770263,
122,16.78743961352657,,1.7042404723564144,8.420558239398819,0.2214170692431562,35.560923242082666,14.720880300590446,8.514492753623188,0.48980139559849706,,1.0735373054213635,4.092860976918948,5.166398282340311,0.13419216317767044,3.113258185721954,
123,17.008856682769725,,1.7042404723564144,8.179012345679013,0.2214170692431562,36.50697799248524,14.264626945786366,8.400429414922169,0.1610305958132045,,1.0466988727858293,4.092860976918948,5.166398282340311,0.13419216317767044,3.113258185721954,
124,16.854535695115406,,1.7042404723564144,9.782608695652174,0.2214170692431562,35.648148148148145,14.217659688674182,7.877079978529254,0.1610305958132045,,1.0466988727858293,4.951690821256038,4.696725711218465,0.11406333870101985,2.7241009125067097,
125,17.74020397208803,,1.7042404723564144,10.48040794417606,0.2214170692431562,34.88325281803543,14.42565754159957,7.877079978529254,0.1610305958132045,,0.9728931830381106,4.643048845947397,4.052603327965647,0.11406333870101985,2.7241009125067097,
126,17.753623188405797,,1.5432098765432098,10.48040794417606,0.2214170692431562,35.40660225442834,14.056629092860977,7.87037037037037,0.1610305958132045,,0.9728931830381106,4.643048845947397,4.052603327965647,0.11406333870101985,2.7241009125067097,
127,17.753623188405797,,1.5432098765432098,9.936929683306495,0.2214170692431562,35.40660225442834,14.056629092860977,7.87037037037037,0.1610305958132045,,0.9728931830381106,5.3341384863123995,4.005636070853462,0.11406333870101985,2.623456790123457,
128,18.183038110574344,,1.4895330112721417,10.61460010735373,0.2214170692431562,35.34621578099839,13.425925925925926,7.809983896940419,0.1610305958132045,,0.7514761137949544,5.253623188405797,4.005636070853462,0.11406333870101985,2.623456790123457,
129,17.632850241545892,,1.4895330112721417,10.61460010735373,0.2214170692431562,36.06414385399893,13.399087493290391,7.809983896940419,0.1610305958132045,,0.6642512077294686,5.199946323134729,4.005636070853462,0.11406333870101985,2.623456790123457,
130,18.203166935050994,,0.8856682769726248,10.61460010735373,0.2214170692431562,37.164519592055825,12.587224906065487,7.541599570585078,0.15432098765432098,,0.6642512077294686,4.602791196994096,4.005636070853462,0.10064412238325282,3.2541599570585076,
131,18.203166935050994,,0.8856682769726248,10.61460010735373,0.2214170692431562,37.9495437466452,11.869296833064949,7.474503488996243,0.15432098765432098,,0.6642512077294686,4.602791196994096,4.005636070853462,0.10064412238325282,3.2541599570585076,
132,18.203166935050994,,0.8856682769726248,10.581052066559312,0.2214170692431562,39.22436929683307,10.836017176596886,7.266505636070853,0.15432098765432098,,0.6642512077294686,4.602791196994096,4.005636070853462,0.10064412238325282,3.2541599570585076,
133,18.50509930220075,,0.7112184648416533,10.815888352120236,0.2214170692431562,39.32501341921632,10.379763821792807,7.266505636070853,0.15432098765432098,,0.6575415995705851,4.602791196994096,4.005636070853462,0.10064412238325282,3.2541599570585076,
134,18.874127750939344,,0.7112184648416533,10.721953837895867,0.20128824476650564,38.90230810520666,10.802469135802468,7.159151905528717,0.15432098765432098,,0.5904455179817498,4.5893719806763285,4.005636070853462,0.10064412238325282,3.1870638754696725,
135,18.156199677938808,,0.7112184648416533,11.43317230273752,0.20128824476650564,39.35856146001073,10.581052066559312,6.9310252281266775,0.15432098765432098,,0.5904455179817498,4.5893719806763285,4.005636070853462,0.10064412238325282,3.1870638754696725,
136,18.156199677938808,,0.7112184648416533,11.43317230273752,0.20128824476650564,39.35856146001073,10.581052066559312,6.9310252281266775,0.15432098765432098,,0.5904455179817498,4.5893719806763285,4.005636070853462,0.10064412238325282,3.1870638754696725,
137,18.21658615136876,,0.7112184648416533,11.43317230273752,0.20128824476650564,39.472624798711756,10.59447128287708,6.769994632313473,0.15432098765432098,,0.5904455179817498,4.5893719806763285,3.978797638217928,0.10064412238325282,3.1870638754696725,
138,17.793880837359097,,0.7112184648416533,11.869296833064949,0.20128824476650564,39.27133655394525,10.59447128287708,6.6760601180891035,0.15432098765432098,,0.5904455179817498,4.549114331723027,3.8848631239935587,0.10064412238325282,3.603059581320451,
139,17.840848094471284,,0.7112184648416533,11.869296833064949,0.20128824476650564,38.92914653784219,11.171497584541063,6.414385399892646,0.15432098765432098,,0.5904455179817498,4.528985507246377,3.8848631239935587,0.10064412238325282,3.603059581320451,
140,17.20343531937735,,0.7112184648416533,11.600912506709609,0.20128824476650564,36.842458400429415,10.560923242082662,6.414385399892646,0.15432098765432098,,0.5904455179817498,4.528985507246377,6.796833064949007,0.10064412238325282,4.294149221685454,
141,17.20343531937735,,0.7112184648416533,11.600912506709609,0.20128824476650564,36.44659151905529,11.218464841653248,6.152710681696189,0.15432098765432098,,0.5904455179817498,4.528985507246377,6.796833064949007,0.10064412238325282,4.294149221685454,
142,16.888083735909824,,0.7112184648416533,11.52710681696189,0.20128824476650564,36.3593666129898,11.218464841653248,6.152710681696189,0.15432098765432098,,0.5904455179817498,5.367686527106817,6.743156199677939,0.10064412238325282,3.9855072463768115,
143,16.780730005367687,,0.7112184648416533,11.486849168008588,0.20128824476650564,37.34567901234568,11.117820719269995,5.152979066022544,0.15432098765432098,,0.5904455179817498,5.642780461621041,6.743156199677939,0.10064412238325282,3.9720880300590444,
144,16.666666666666668,,0.3824476650563607,11.83574879227053,0.1274825550187869,38.157541599570585,10.7085346215781,4.918142780461621,0.15432098765432098,,0.5904455179817498,5.642780461621041,6.743156199677939,0.10064412238325282,3.9720880300590444,
145,16.666666666666668,,0.3824476650563607,11.83574879227053,0.1274825550187869,38.157541599570585,10.7085346215781,4.918142780461621,0.15432098765432098,,0.5904455179817498,5.642780461621041,6.743156199677939,0.10064412238325282,3.9720880300590444,
146,16.666666666666668,,0.3824476650563607,11.83574879227053,0.1274825550187869,38.157541599570585,10.7085346215781,4.918142780461621,0.15432098765432098,,0.5904455179817498,5.642780461621041,6.743156199677939,0.10064412238325282,3.9720880300590444,
147,16.63311862587225,,0.3824476650563607,12.5402576489533,0.1274825550187869,37.86231884057971,10.7085346215781,4.918142780461621,0.15432098765432098,,0.5770263016639828,5.280461621041331,6.743156199677939,0.10064412238325282,3.9720880300590444,
148,16.63311862587225,,0.3824476650563607,12.5402576489533,0.1274825550187869,37.526838432635536,11.057434245840042,4.904723564143854,0.15432098765432098,,0.5770263016639828,5.280461621041331,6.743156199677939,0.10064412238325282,3.9720880300590444,
149,16.61969940955448,,0.3824476650563607,13.264895330112722,0.1274825550187869,37.33225979602791,11.057434245840042,4.884594739667204,0.15432098765432098,,0.5770263016639828,4.783950617283951,6.743156199677939,0.10064412238325282,3.9720880300590444,
150,17.216854535695116,,0.3824476650563607,13.157541599570585,0.1274825550187869,36.99677938808374,10.903113258185721,4.884594739667204,0.15432098765432098,,0.5770263016639828,4.783950617283951,6.743156199677939,0.10064412238325282,3.9720880300590444,
151,16.71363392377885,,0.3824476650563607,13.788244766505636,0.1274825550187869,36.600912506709605,10.34621578099839,4.74369296833065,1.2412775093934514,,0.5770263016639828,4.783950617283951,6.743156199677939,0.10064412238325282,3.851315083199141,
152,16.71363392377885,,0.3824476650563607,13.707729468599034,0.1274825550187869,36.75523349436393,10.34621578099839,4.669887278582931,1.2412775093934514,,0.5770263016639828,4.783950617283951,6.743156199677939,0.10064412238325282,3.851315083199141,
153,16.71363392377885,,0.3824476650563607,14.231078904991948,0.1274825550187869,36.75523349436393,10.34621578099839,4.669887278582931,1.2412775093934514,,0.5770263016639828,5.508588298443371,5.495169082125604,0.10064412238325282,3.851315083199141,
154,16.71363392377885,,0.3824476650563607,14.36527106816962,0.1274825550187869,36.621041331186255,10.34621578099839,4.669887278582931,1.2412775093934514,,0.5770263016639828,5.508588298443371,5.495169082125604,0.10064412238325282,3.851315083199141,
155,16.55931293612453,,0.3824476650563607,14.2914653784219,0.1274825550187869,36.943102522812666,10.326086956521738,4.5960815888352125,1.2412775093934514,,0.5770263016639828,5.508588298443371,5.495169082125604,0.10064412238325282,3.851315083199141,
156,16.23725174449812,,0.3824476650563607,14.626945786366075,0.1274825550187869,36.9296833064949,10.326086956521738,4.5960815888352125,1.2412775093934514,,0.5770263016639828,5.508588298443371,5.495169082125604,0.10064412238325282,3.851315083199141,
157,16.982018250134193,,0.3824476650563607,14.217659688674182,0.1274825550187869,36.54723564143854,10.279119699409554,4.5893719806763285,1.2412775093934514,,0.5770263016639828,5.193236714975845,5.495169082125604,0.10064412238325282,4.26731078904992,
158,16.74718196457327,,0.3824476650563607,13.902308105206655,0.1274825550187869,36.3996242619431,10.279119699409554,4.468599033816425,1.2412775093934514,,0.5770263016639828,6.011808910359635,5.495169082125604,0.10064412238325282,4.26731078904992,
159,17.69994632313473,,0.3824476650563607,13.372249060654857,0.1274825550187869,35.265700483091784,10.071121846484166,3.92512077294686,1.2412775093934514,,0.5099302200751477,5.9447128287707995,5.495169082125604,1.7579173376274826,4.206924315619967,
160,18.572195383789587,,0.3824476650563607,13.848631239935587,0.1274825550187869,34.23242082662372,10.064412238325282,3.9049919484702094,1.2412775093934514,,0.5099302200751477,5.931293612453032,5.246913580246914,1.7579173376274826,4.180085882984434,
161,18.47826086956522,,0.3824476650563607,14.184111647879764,0.1274825550187869,34.225711218464845,10.064412238325282,3.9049919484702094,1.2412775093934514,,0.5099302200751477,5.6964573268921095,5.246913580246914,1.7579173376274826,4.180085882984434,
162,18.47826086956522,,0.3824476650563607,14.123725174449811,0.1274825550187869,34.225711218464845,10.064412238325282,3.9049919484702094,1.2412775093934514,,0.5099302200751477,6.031937734836285,4.9718196457326895,1.7579173376274826,4.180085882984434,
163,19.155931293612454,,0.3824476650563607,13.754696725711218,0.1274825550187869,33.78958668813741,9.943639291465379,3.9049919484702094,1.2412775093934514,,0.46967257112184646,6.387546967257112,4.924852388620504,1.7579173376274826,4.159957058507783,
164,18.753354804079443,,0.3824476650563607,14.412238325281804,0.1274825550187869,33.89023081052066,9.943639291465379,3.9049919484702094,1.2412775093934514,,0.46296296296296297,6.870638754696726,4.394793344068707,1.751207729468599,3.864734299516908,
165,18.753354804079443,,0.3824476650563607,14.412238325281804,0.1274825550187869,34.60144927536232,9.380032206119163,3.7573805689747717,1.2412775093934514,,0.46296296296296297,6.870638754696726,4.394793344068707,1.751207729468599,3.864734299516908,
