,37,45,50,36,53,38,40,51,39,48,49,34,35,52,47,33,46,30,32
0,0.9393451422436929,96.77938808373591,2.281266774020397,,,,,,,,,,,,,,,,
1,2.804616210413312,93.47826086956522,3.717122920021471,,,,,,,,,,,,,,,,
2,0.9393451422436929,56.48148148148148,42.579173376274824,,,,,,,,,,,,,,,,
3,4.891304347826087,52.21417069243156,39.34514224369297,0.966183574879227,2.5831991411701556,,,,,,,,,,,,,,
4,4.180085882984434,46.4170692431562,41.91492216854536,0.966183574879227,2.5831991411701556,0.9393451422436929,0.9796027911969941,2.01959205582394,,,,,,,,,,,
5,0.07380568974771873,12.13768115942029,80.36768652710681,0.6172839506172839,2.5831991411701556,2.2879763821792807,0.9796027911969941,0.95276435856146,,,,,,,,,,,
6,,7.340311325818572,89.40552871712292,0.3824476650563607,0.7581857219538379,,2.100107353730542,0.013419216317767043,,,,,,,,,,,
7,,7.273215244229737,85.37305421363392,0.3824476650563607,0.7581857219538379,1.5901771336553945,3.5963499731615673,0.013419216317767043,1.0131508319914118,,,,,,,,,,
8,,6.890767579173376,84.78931830381106,0.3824476650563607,0.7581857219538379,1.5901771336553945,5.5756843800322065,0.013419216317767043,,,,,,,,,,,
9,2.61003757380569,6.890767579173376,78.02603327965647,0.20799785292538917,0.7581857219538379,1.2278582930756843,5.5756843800322065,0.013419216317767043,,4.690016103059581,,,,,,,,,
10,1.1876006441223832,5.10601180891036,51.20101986044015,0.14761137949543746,,0.6508319914117016,2.2879763821792807,2.2410091250670963,0.9863123993558777,0.7380568974771873,35.45356951154053,,,,,,,,
11,0.6239935587761675,4.817498658078368,39.190821256038646,0.14761137949543746,,0.6508319914117016,3.0327428878153517,2.2410091250670963,1.9122383252818036,0.7380568974771873,46.64519592055824,,,,,,,,
12,1.5432098765432098,4.817498658078368,37.96296296296296,0.14761137949543746,,0.06709608158883522,3.5628019323671496,2.2410091250670963,2.7844873859366612,0.7380568974771873,46.13526570048309,,,,,,,,
13,1.5432098765432098,4.139828234031133,35.809178743961354,0.9930220075147611,,0.06709608158883522,4.4753086419753085,0.6709608158883521,2.7844873859366612,0.6172839506172839,48.8996242619431,,,,,,,,
14,1.5432098765432098,4.066022544283414,34.634997316156735,1.06682769726248,,0.06709608158883522,4.4753086419753085,0.6642512077294686,2.7844873859366612,3.6634460547504024,47.034353193773484,,,,,,,,
15,1.5432098765432098,4.066022544283414,36.90955448201825,1.06682769726248,,0.06709608158883522,5.441492216854535,0.6642512077294686,3.7573805689747717,3.6634460547504024,42.82071926999463,,,,,,,,
16,2.5429414922168547,2.0933977455716586,30.407944176060116,1.06682769726248,,1.0064412238325282,2.227589908749329,0.5904455179817498,3.7037037037037037,2.6502952227589907,53.71041331186259,,,,,,,,
17,1.9592055823939882,2.0933977455716586,30.35426731078905,1.06682769726248,,1.0064412238325282,3.1333870101986045,0.5904455179817498,3.2541599570585076,2.6502952227589907,53.89157273215244,,,,,,,,
18,1.9592055823939882,2.0933977455716586,30.35426731078905,1.06682769726248,,1.0064412238325282,3.1333870101986045,0.5904455179817498,3.2541599570585076,2.6502952227589907,53.89157273215244,,,,,,,,
19,2.4691358024691357,2.0933977455716586,28.99892646269458,1.06682769726248,,1.0064412238325282,2.7308105206655933,1.9659151905528718,3.2541599570585076,2.2410091250670963,54.17337627482555,,,,,,,,
20,3.4822866344605474,2.006172839506173,28.408480944712828,1.7444981213097155,,1.0064412238325282,2.7308105206655933,1.9659151905528718,3.0931293612453032,2.2410091250670963,53.32125603864734,,,,,,,,
21,4.804079441760601,2.006172839506173,26.744498121309714,1.7444981213097155,,2.281266774020397,2.7308105206655933,1.9659151905528718,2.428878153515835,4.851046698872786,50.44283413848631,,,,,,,,
22,4.804079441760601,2.006172839506173,22.69189479334407,1.7444981213097155,,2.281266774020397,3.180354267310789,1.9659151905528718,2.8650026838432634,4.851046698872786,53.60976918947934,,,,,,,,
23,4.804079441760601,1.6438539989264627,22.282608695652176,2.5161030595813205,,2.281266774020397,3.180354267310789,1.9659151905528718,2.8650026838432634,4.851046698872786,53.60976918947934,,,,,,,,
24,4.804079441760601,1.6438539989264627,22.282608695652176,2.5161030595813205,,2.281266774020397,3.180354267310789,1.9659151905528718,2.8650026838432634,3.878153515834675,53.60976918947934,0.9728931830381106,,,,,,,
25,5.260332796564681,1.6438539989264627,21.336553945249598,2.49597423510467,,3.44873859366613,3.180354267310789,1.9659151905528718,2.831454643048846,3.5292538915727323,53.33467525496511,0.9728931830381106,,,,,,,
26,7.024959742351046,1.2681159420289856,16.55931293612453,0.9259259259259259,,3.44873859366613,3.824476650563607,1.9659151905528718,2.831454643048846,3.5292538915727323,57.648953301127214,0.9728931830381106,,,,,,,
27,7.024959742351046,1.2681159420289856,15.68035426731079,2.1068169618894257,,3.44873859366613,3.0059044551798175,4.951690821256038,2.6637144390767578,3.5292538915727323,55.34755770263017,0.9728931830381106,,,,,,,
28,7.709339774557166,1.2681159420289856,17.371175523349436,2.1068169618894257,,3.435319377348363,3.33467525496511,4.468599033816425,3.4151905528717124,3.5292538915727323,52.38862050456253,0.9728931830381106,,,,,,,
29,7.62211486849168,1.2412775093934514,11.560654857756306,2.073268921095008,,3.3682232957595275,3.1535158346752548,4.0995705850778315,2.341653247450349,3.5292538915727323,58.1454643048846,0.9728931830381106,0.7783145464304885,1.1137949543746646,,,,,
30,7.5348899624261945,1.2412775093934514,10.560923242082662,2.073268921095008,,4.314278046162104,2.804616210413312,1.2412775093934514,2.341653247450349,8.910359634997317,56.68276972624799,0.9728931830381106,0.7783145464304885,0.5434782608695652,,,,,
31,7.058507783145465,1.2412775093934514,12.47987117552335,1.6371443907675791,,3.0595813204508855,3.7372517444981215,1.1272141706924315,2.281266774020397,16.42512077294686,48.65807836822329,0.9728931830381106,0.7783145464304885,0.5434782608695652,,,,,
32,7.7361782071927,1.2412775093934514,11.580783682232958,1.6371443907675791,,3.0595813204508855,3.7372517444981215,0.6910896403650026,2.281266774020397,15.458937198067632,48.49704777241009,0.9728931830381106,0.7783145464304885,0.5434782608695652,1.7847557702630166,,,,
33,7.286634460547504,1.2412775093934514,10.352925389157273,0.8923778851315083,,2.945517981749866,3.7372517444981215,0.6910896403650026,2.26784755770263,24.510198604401502,41.99543746645196,0.9728931830381106,0.7783145464304885,0.5434782608695652,1.7847557702630166,,,,
34,7.286634460547504,1.2412775093934514,9.581320450885668,0.8923778851315083,,3.6634460547504024,3.7372517444981215,0.6910896403650026,2.26784755770263,26.462694578636608,40.09661835748792,0.9728931830381106,0.7783145464304885,0.5434782608695652,1.7847557702630166,,,,
35,7.286634460547504,1.2412775093934514,7.568438003220612,1.402308105206656,,1.7444981213097155,3.730542136339238,0.6910896403650026,2.0933977455716586,32.19940955448202,38.81508319914117,0.630703166935051,0.7783145464304885,0.5434782608695652,1.2748255501878691,,,,
36,6.226516371443908,1.2412775093934514,6.213097155126141,2.38191089640365,,1.7444981213097155,3.730542136339238,0.5770263016639828,3.066290928609769,30.730005367686527,37.2987117552335,0.630703166935051,0.7783145464304885,0.5434782608695652,4.8376274825550185,,,,
37,6.226516371443908,1.2412775093934514,6.213097155126141,2.38191089640365,,1.7444981213097155,3.730542136339238,0.5770263016639828,4.012345679012346,30.683038110574344,36.3996242619431,0.630703166935051,0.7783145464304885,0.5434782608695652,4.8376274825550185,,,,
38,6.226516371443908,1.2412775093934514,6.213097155126141,2.38191089640365,,1.7444981213097155,3.730542136339238,0.5770263016639828,4.012345679012346,30.683038110574344,36.3996242619431,0.630703166935051,0.7783145464304885,0.5434782608695652,4.8376274825550185,,,,
39,6.226516371443908,1.2412775093934514,6.213097155126141,2.38191089640365,,1.7444981213097155,3.730542136339238,0.5770263016639828,4.012345679012346,30.683038110574344,36.3996242619431,0.630703166935051,0.7783145464304885,0.5434782608695652,4.8376274825550185,,,,
40,6.226516371443908,1.2412775093934514,5.743424584004294,3.321256038647343,,1.7444981213097155,3.730542136339238,0.5770263016639828,4.005636070853462,30.656199677938808,35.96349973161568,0.630703166935051,0.7783145464304885,0.5434782608695652,4.8376274825550185,,,,
41,6.226516371443908,1.2412775093934514,5.743424584004294,3.321256038647343,,1.0332796564680622,3.2541599570585076,3.166935050993022,3.6097691894793345,28.23403113258186,34.09151905528717,0.630703166935051,0.7783145464304885,0.5434782608695652,8.125335480407944,,,,
42,8.13875469672571,1.2278582930756843,5.0858829844337095,2.985775630703167,,1.6035963499731616,3.2541599570585076,2.4490069779924855,4.38137412775094,28.059581320450885,32.32018250134192,1.4090177133655395,0.41599570585077833,0.5434782608695652,8.125335480407944,,,,
43,7.823403113258186,1.2278582930756843,4.898013955984971,2.7844873859366612,,1.415727321524423,3.2541599570585076,1.6841116478797638,2.918679549114332,12.493290391841116,54.29414922168545,1.4090177133655395,0.41599570585077833,0.5434782608695652,4.8376274825550185,,,,
44,6.541867954911433,,2.7106816961889426,1.4559849704777241,,0.4294149221685454,3.2474503488996245,0.5837359098228664,2.24771873322598,12.493290391841116,59.876543209876544,0.9125067096081588,0.2214170692431562,0.5434782608695652,8.735909822866345,,,,
45,6.541867954911433,,2.7106816961889426,1.4559849704777241,,0.4294149221685454,3.2474503488996245,0.5837359098228664,3.1602254428341383,12.493290391841116,58.964036500268385,0.9125067096081588,0.2214170692431562,0.5434782608695652,8.735909822866345,,,,
46,6.541867954911433,,2.7106816961889426,1.4559849704777241,,0.4294149221685454,3.6634460547504024,0.5837359098228664,2.9253891572732154,12.493290391841116,58.782877079978526,0.9125067096081588,1.1473429951690821,0.5434782608695652,7.809983896940419,,,,
47,7.481213097155126,,2.4825550187869028,1.4559849704777241,,0.4294149221685454,3.5762211486849167,0.5837359098228664,3.965378421900161,14.593397745571659,57.06521739130435,0.8051529790660226,0.9259259259259259,0.5434782608695652,6.092324208266238,,,,
48,7.1658615136876005,,3.7640901771336552,1.4559849704777241,,0.4294149221685454,3.5762211486849167,0.5837359098228664,5.3341384863123995,16.861245303274288,52.261137949543745,0.8051529790660226,0.15432098765432098,0.5434782608695652,7.065217391304348,,,,
49,7.306763285024155,,3.388352120236178,1.4559849704777241,,0.9393451422436929,3.2004830917874396,0.5837359098228664,5.555555555555555,16.854535695115406,49.785292538915726,0.8051529790660226,0.15432098765432098,2.9052603327965647,7.065217391304348,,,,
50,7.722758990874933,,3.1468062265163717,1.4559849704777241,,0.9393451422436929,3.2004830917874396,0.5837359098228664,6.474771873322598,16.854535695115406,49.24852388620504,0.8051529790660226,0.15432098765432098,2.6704240472356413,6.743156199677939,,,,
51,9.749060654857756,,3.1468062265163717,1.4559849704777241,,0.9393451422436929,3.2004830917874396,0.5837359098228664,6.474771873322598,16.19699409554482,47.87976382179281,0.8051529790660226,0.15432098765432098,2.6704240472356413,6.743156199677939,,,,
52,9.681964573268921,,3.1468062265163717,1.4559849704777241,,0.9393451422436929,3.2004830917874396,0.5837359098228664,6.910896403650026,16.19699409554482,47.074610842726784,1.2412775093934514,0.15432098765432098,2.6704240472356413,6.743156199677939,,,,
53,9.420289855072463,,3.1468062265163717,1.4559849704777241,,1.4492753623188406,3.2004830917874396,0.5837359098228664,6.910896403650026,16.19699409554482,46.826355340848096,1.2412775093934514,0.15432098765432098,2.6704240472356413,6.743156199677939,,,,
54,10.071121846484166,,2.8381642512077296,1.4559849704777241,,1.4492753623188406,2.771068169618894,0.5837359098228664,7.85024154589372,15.593129361245303,46.57809983896941,1.2412775093934514,0.15432098765432098,2.6704240472356413,6.743156199677939,,,,
55,10.071121846484166,,2.8381642512077296,1.4559849704777241,,1.4492753623188406,2.771068169618894,0.5837359098228664,7.85024154589372,15.593129361245303,46.57809983896941,1.2412775093934514,0.15432098765432098,2.6704240472356413,6.743156199677939,,,,
56,10.071121846484166,,2.8381642512077296,1.4559849704777241,,1.4492753623188406,2.771068169618894,0.5837359098228664,7.85024154589372,15.593129361245303,46.57809983896941,1.2412775093934514,0.15432098765432098,2.6704240472356413,6.743156199677939,,,,
57,5.340848094471283,,2.0531400966183573,1.8853998926462694,,0.6843800322061192,0.9863123993558777,0.2281266774020397,4.334406870638754,11.191626409017713,66.74718196457327,0.8789586688137413,0.7179280730005367,1.8719806763285025,3.079710144927536,,,,
58,5.340848094471283,,2.0531400966183573,1.8853998926462694,,0.6843800322061192,0.9863123993558777,0.2281266774020397,4.334406870638754,11.191626409017713,64.35185185185185,0.8789586688137413,0.7179280730005367,4.26731078904992,3.079710144927536,,,,
59,5.340848094471283,,2.0531400966183573,1.8853998926462694,,0.6843800322061192,0.9863123993558777,0.2281266774020397,6.823671497584541,11.191626409017713,62.285292538915726,0.8789586688137413,0.7179280730005367,3.844605475040258,3.079710144927536,,,,
60,5.22007514761138,,1.8988191089640365,2.8650026838432634,,0.6843800322061192,0.9863123993558777,0.2281266774020397,6.823671497584541,11.191626409017713,61.03730542136339,0.8789586688137413,1.261406333870102,3.844605475040258,3.079710144927536,,,,
61,2.8784219001610305,,1.8183038110574343,2.2745571658615136,,0.17444981213097155,0.9863123993558777,0.013419216317767043,8.57487922705314,8.487654320987655,66.67337627482556,0.8789586688137413,1.2546967257112185,3.388352120236178,2.5966183574879227,,,,
62,2.8784219001610305,,1.8183038110574343,2.2745571658615136,,0.17444981213097155,1.4962426194310252,0.013419216317767043,8.57487922705314,8.487654320987655,66.16344605475041,0.8789586688137413,1.2546967257112185,3.388352120236178,2.5966183574879227,,,,
63,2.8784219001610305,,1.8183038110574343,2.2745571658615136,,0.17444981213097155,1.4962426194310252,0.013419216317767043,8.57487922705314,8.487654320987655,66.16344605475041,0.8789586688137413,1.2546967257112185,3.388352120236178,2.5966183574879227,,,,
64,2.8784219001610305,,1.8183038110574343,2.2745571658615136,,0.17444981213097155,1.4962426194310252,0.013419216317767043,8.57487922705314,8.487654320987655,66.16344605475041,0.8789586688137413,1.2546967257112185,3.388352120236178,2.5966183574879227,,,,
65,2.8784219001610305,,1.8183038110574343,2.2745571658615136,,0.17444981213097155,1.4962426194310252,0.013419216317767043,9.4873859366613,8.487654320987655,65.25093934514224,0.8789586688137413,1.2546967257112185,3.388352120236178,2.5966183574879227,,,,
66,2.8784219001610305,,1.8183038110574343,2.2745571658615136,,0.17444981213097155,1.4962426194310252,0.013419216317767043,10.695115405260333,8.487654320987655,64.04320987654322,0.8789586688137413,1.2546967257112185,3.388352120236178,2.5966183574879227,,,,
67,3.7909286097691894,,1.261406333870102,1.5633387010198605,,0.17444981213097155,1.3955984970477724,2.428878153515835,7.843531937734836,7.7898550724637685,65.78770799785292,2.0397208803005906,1.2412775093934514,2.536231884057971,2.147074610842727,,,,
68,3.7909286097691894,,1.261406333870102,1.5633387010198605,,0.17444981213097155,1.3955984970477724,2.428878153515835,7.843531937734836,7.7898550724637685,65.78770799785292,2.0397208803005906,1.2412775093934514,2.536231884057971,2.147074610842727,,,,
69,3.7909286097691894,,10.292538915727322,1.5633387010198605,,0.17444981213097155,1.1876006441223832,1.7310789049919484,7.105475040257649,7.7898550724637685,58.59500805152979,2.0397208803005906,1.2412775093934514,2.341653247450349,2.147074610842727,,,,
70,3.7909286097691894,,10.292538915727322,1.5633387010198605,,0.17444981213097155,1.1876006441223832,1.7310789049919484,7.105475040257649,7.7898550724637685,58.59500805152979,2.0397208803005906,1.2412775093934514,2.341653247450349,2.147074610842727,,,,
71,3.7909286097691894,,10.292538915727322,1.5633387010198605,,0.17444981213097155,1.1876006441223832,1.7310789049919484,7.105475040257649,7.7898550724637685,58.59500805152979,2.0397208803005906,1.2412775093934514,2.341653247450349,2.147074610842727,,,,
72,3.7909286097691894,,10.292538915727322,1.5633387010198605,,0.17444981213097155,1.1876006441223832,1.7310789049919484,7.105475040257649,7.7898550724637685,58.59500805152979,2.0397208803005906,1.2412775093934514,2.341653247450349,2.147074610842727,,,,
73,3.7909286097691894,,10.138217928073,1.5633387010198605,,0.17444981213097155,1.1876006441223832,1.7310789049919484,8.165593129361245,7.7898550724637685,57.689210950080515,2.0397208803005906,1.2412775093934514,2.341653247450349,2.147074610842727,,,,
74,3.7909286097691894,,10.138217928073,1.5633387010198605,,0.17444981213097155,1.1876006441223832,1.7310789049919484,8.165593129361245,7.7898550724637685,57.689210950080515,2.0397208803005906,1.2412775093934514,2.341653247450349,2.147074610842727,,,,
75,3.7909286097691894,,10.030864197530864,1.5633387010198605,,1.0869565217391304,1.1876006441223832,1.7310789049919484,8.165593129361245,7.7898550724637685,57.68250134192163,2.0397208803005906,1.2412775093934514,1.5432098765432098,2.147074610842727,,,,
76,3.7909286097691894,,9.883252818035427,0.6239935587761675,,1.0869565217391304,1.1876006441223832,1.7310789049919484,8.165593129361245,7.367149758454106,57.15244229736983,2.0397208803005906,3.280998389694042,1.5432098765432098,2.147074610842727,,,,
77,3.7909286097691894,,9.883252818035427,0.6239935587761675,,1.0869565217391304,1.1876006441223832,1.7310789049919484,8.165593129361245,7.367149758454106,57.15244229736983,2.0397208803005906,3.280998389694042,1.5432098765432098,2.147074610842727,,,,
78,4.770531400966184,,9.883252818035427,0.6239935587761675,,1.0869565217391304,1.1876006441223832,1.7310789049919484,8.722490606548577,6.870638754696726,56.112453032742884,2.0397208803005906,3.280998389694042,1.5432098765432098,2.147074610842727,,,,
79,4.770531400966184,,9.883252818035427,0.6239935587761675,,1.0869565217391304,1.1876006441223832,1.7310789049919484,9.41358024691358,6.870638754696726,55.421363392377884,2.0397208803005906,3.280998389694042,1.5432098765432098,2.147074610842727,,,,
80,4.770531400966184,,13.20450885668277,0.6239935587761675,,0.20799785292538917,1.1876006441223832,1.7310789049919484,11.057434245840042,6.870638754696726,52.274557165861516,2.0397208803005906,3.280998389694042,0.6038647342995169,2.147074610842727,,,,
81,4.770531400966184,,12.218196457326892,0.6239935587761675,,2.086688137412775,1.1876006441223832,1.7310789049919484,11.057434245840042,6.870638754696726,51.509661835748794,2.0397208803005906,3.280998389694042,0.47638217928073,2.147074610842727,,,,
82,4.770531400966184,,12.218196457326892,1.3352120236178207,,2.086688137412775,1.1876006441223832,1.0802469135802468,10.601180891035963,10.34621578099839,48.772141706924316,1.8853998926462694,3.280998389694042,0.47638217928073,1.9592055823939882,,,,
83,4.770531400966184,,14.130434782608695,2.3215244229736984,,2.086688137412775,1.1876006441223832,0.8118625872249061,10.473698336017177,10.34621578099839,46.544551798174986,1.8853998926462694,3.0931293612453032,0.38915727321524424,1.9592055823939882,,,,
84,4.542404723564144,,13.177670424047236,2.3215244229736984,,3.0595813204508855,0.9192163177670424,0.8118625872249061,11.41304347826087,11.728395061728396,44.69940955448202,1.8853998926462694,3.0931293612453032,0.38915727321524424,1.9592055823939882,,,,
85,4.186795491143317,,14.955716586151368,2.0933977455716586,,3.0595813204508855,0.8252818035426731,0.8118625872249061,11.41304347826087,11.010466988727858,44.518250134192165,1.8853998926462694,2.8918411164787976,0.38915727321524424,1.9592055823939882,,,,
86,4.186795491143317,,14.620236178207193,2.0933977455716586,,2.7442297369833604,0.8252818035426731,0.8118625872249061,12.345679012345679,13.466183574879228,41.78073000536769,1.8853998926462694,2.8918411164787976,0.38915727321524424,1.9592055823939882,,,,
87,4.186795491143317,,14.620236178207193,2.0933977455716586,,2.7442297369833604,0.8252818035426731,0.8118625872249061,12.345679012345679,13.466183574879228,41.78073000536769,1.8853998926462694,2.8918411164787976,0.38915727321524424,1.9592055823939882,,,,
88,4.186795491143317,,14.620236178207193,2.0933977455716586,,2.7442297369833604,0.8252818035426731,0.8118625872249061,13.285024154589372,13.318572195383789,40.84138486312399,1.8853998926462694,2.8918411164787976,0.38915727321524424,1.1876006441223832,0.9192163177670424,,,
89,4.159957058507783,,14.600107353730541,2.0933977455716586,,2.7442297369833604,0.8252818035426731,0.8118625872249061,13.285024154589372,13.056897477187333,40.06977992485239,1.8853998926462694,2.8918411164787976,0.38915727321524424,0.9594739667203436,0.04696725711218465,2.1806226516371443,,
90,4.159957058507783,,14.472624798711756,2.0933977455716586,,2.7442297369833604,0.8252818035426731,0.8118625872249061,13.285024154589372,13.056897477187333,40.022812667740205,2.24771873322598,2.703972088030059,0.38915727321524424,0.9594739667203436,0.04696725711218465,2.1806226516371443,,
91,4.159957058507783,,14.472624798711756,2.0933977455716586,,2.7442297369833604,0.8252818035426731,0.8118625872249061,13.285024154589372,13.056897477187333,40.022812667740205,2.24771873322598,2.703972088030059,0.38915727321524424,0.9594739667203436,0.04696725711218465,2.1806226516371443,,
92,4.159957058507783,,14.472624798711756,2.0933977455716586,,2.7442297369833604,0.8252818035426731,0.8118625872249061,13.285024154589372,13.056897477187333,40.022812667740205,2.24771873322598,2.703972088030059,0.38915727321524424,0.9594739667203436,0.04696725711218465,2.1806226516371443,,
93,4.159957058507783,,14.472624798711756,2.0933977455716586,,2.7442297369833604,0.8252818035426731,0.8118625872249061,13.285024154589372,13.056897477187333,40.022812667740205,2.24771873322598,2.703972088030059,0.38915727321524424,0.9594739667203436,0.04696725711218465,2.1806226516371443,,
94,4.159957058507783,,14.472624798711756,2.0933977455716586,,2.7442297369833604,0.8252818035426731,0.8118625872249061,13.285024154589372,13.056897477187333,40.022812667740205,2.24771873322598,2.703972088030059,0.38915727321524424,0.9594739667203436,0.04696725711218465,2.1806226516371443,,
95,4.159957058507783,,14.472624798711756,2.0933977455716586,,2.7442297369833604,0.8990874932903918,0.8118625872249061,13.935856146001074,13.056897477187333,39.29817498658078,2.24771873322598,2.703972088030059,0.38915727321524424,0.9594739667203436,0.04696725711218465,2.1806226516371443,,
96,4.159957058507783,,14.472624798711756,2.0933977455716586,,2.7442297369833604,0.8990874932903918,0.8118625872249061,14.80810520665593,13.056897477187333,38.425925925925924,2.24771873322598,2.703972088030059,0.38915727321524424,0.9594739667203436,0.04696725711218465,2.1806226516371443,,
97,4.1532474503489,,14.472624798711756,2.0933977455716586,,2.7442297369833604,0.8856682769726248,0.8118625872249061,14.9020397208803,13.056897477187333,38.35212023617821,2.24771873322598,2.703972088030059,0.38915727321524424,0.9594739667203436,0.04696725711218465,2.1806226516371443,,
98,4.1532474503489,,14.472624798711756,2.0933977455716586,,2.7442297369833604,0.8856682769726248,0.8118625872249061,15.83467525496511,12.828770799785293,37.64761137949544,2.24771873322598,2.703972088030059,0.38915727321524424,0.9594739667203436,0.04696725711218465,2.1806226516371443,,
99,4.1532474503489,,14.472624798711756,2.0933977455716586,,2.7442297369833604,0.8856682769726248,0.8118625872249061,15.83467525496511,12.828770799785293,37.64761137949544,2.24771873322598,2.703972088030059,0.38915727321524424,0.9594739667203436,0.04696725711218465,2.1806226516371443,,
100,4.1532474503489,,14.472624798711756,2.0933977455716586,,2.7442297369833604,0.8856682769726248,0.8118625872249061,15.83467525496511,12.828770799785293,37.64761137949544,2.24771873322598,2.703972088030059,0.38915727321524424,0.9594739667203436,0.04696725711218465,2.1806226516371443,,
101,4.05931293612453,,14.31159420289855,2.0933977455716586,,2.623456790123457,0.8856682769726248,0.8118625872249061,15.83467525496511,12.110842726784755,36.621041331186255,2.24771873322598,2.703972088030059,0.38915727321524424,0.11406333870101985,,5.193236714975845,,
102,4.05931293612453,,14.31159420289855,2.0933977455716586,,2.623456790123457,0.8856682769726248,0.8118625872249061,15.83467525496511,12.110842726784755,36.621041331186255,2.24771873322598,2.703972088030059,0.38915727321524424,0.11406333870101985,,5.193236714975845,,
103,4.05931293612453,,14.31159420289855,2.0933977455716586,,2.623456790123457,0.8856682769726248,0.8118625872249061,15.83467525496511,12.110842726784755,36.621041331186255,2.24771873322598,2.703972088030059,0.38915727321524424,0.11406333870101985,,5.193236714975845,,
104,4.05931293612453,,14.31159420289855,2.0933977455716586,,2.623456790123457,0.8856682769726248,0.8118625872249061,15.995705850778315,12.110842726784755,36.460010735373054,2.24771873322598,2.703972088030059,0.38915727321524424,0.11406333870101985,,5.193236714975845,,
105,4.05931293612453,,14.31159420289855,2.0933977455716586,,2.6167471819645733,0.8856682769726248,0.8118625872249061,16.948470209339774,12.110842726784755,35.51395598497048,2.24771873322598,2.703972088030059,0.38915727321524424,0.11406333870101985,,5.193236714975845,,
106,4.05931293612453,,14.31159420289855,2.0933977455716586,,2.6167471819645733,0.8856682769726248,0.8118625872249061,16.948470209339774,12.110842726784755,35.51395598497048,2.24771873322598,2.703972088030059,0.38915727321524424,0.11406333870101985,,5.193236714975845,,
107,4.05931293612453,,14.31159420289855,2.0933977455716586,,2.6167471819645733,0.8856682769726248,0.8118625872249061,16.948470209339774,12.110842726784755,35.51395598497048,2.24771873322598,2.703972088030059,0.38915727321524424,0.11406333870101985,,5.193236714975845,,
108,4.05931293612453,,14.31159420289855,2.0933977455716586,,2.6167471819645733,0.8856682769726248,0.8118625872249061,16.948470209339774,12.110842726784755,35.51395598497048,2.24771873322598,2.703972088030059,0.38915727321524424,0.11406333870101985,,5.193236714975845,,
109,4.05931293612453,,14.31159420289855,2.0933977455716586,,2.6167471819645733,0.8856682769726248,0.8118625872249061,16.948470209339774,12.110842726784755,35.51395598497048,2.24771873322598,2.703972088030059,0.38915727321524424,0.11406333870101985,,5.193236714975845,,
110,4.05931293612453,,14.31159420289855,2.0933977455716586,,2.6167471819645733,0.8856682769726248,0.8118625872249061,16.948470209339774,12.110842726784755,35.51395598497048,2.24771873322598,2.703972088030059,0.38915727321524424,0.11406333870101985,,5.193236714975845,,
111,4.05931293612453,,14.31159420289855,2.0933977455716586,,2.6167471819645733,0.8856682769726248,0.8118625872249061,16.948470209339774,12.110842726784755,35.51395598497048,2.24771873322598,2.703972088030059,0.38915727321524424,0.11406333870101985,,5.193236714975845,,
112,4.05931293612453,,14.31159420289855,2.0933977455716586,,2.6167471819645733,0.8856682769726248,0.8118625872249061,16.948470209339774,12.110842726784755,35.51395598497048,2.24771873322598,2.703972088030059,0.38915727321524424,0.11406333870101985,,5.193236714975845,,
113,4.05931293612453,,14.31159420289855,2.046430488459474,,2.6167471819645733,0.8856682769726248,0.8118625872249061,16.948470209339774,12.070585077831455,35.51395598497048,1.865271068169619,2.703972088030059,0.38915727321524424,0.10064412238325282,,5.193236714975845,0.4830917874396135,
114,4.05931293612453,,14.090177133655395,2.046430488459474,,3.6097691894793345,0.8655394524959742,0.8118625872249061,16.948470209339774,12.070585077831455,34.76247987117552,1.865271068169619,2.703972088030059,0.38915727321524424,0.10064412238325282,,5.193236714975845,0.4830917874396135,
115,4.05931293612453,,14.090177133655395,2.046430488459474,,3.6097691894793345,0.8655394524959742,0.8118625872249061,16.948470209339774,12.070585077831455,34.76247987117552,1.865271068169619,2.703972088030059,0.38915727321524424,0.10064412238325282,,5.193236714975845,0.4830917874396135,
116,4.05931293612453,,14.090177133655395,2.046430488459474,,3.6097691894793345,0.8655394524959742,0.8118625872249061,16.948470209339774,12.070585077831455,34.76247987117552,1.865271068169619,2.703972088030059,0.38915727321524424,0.10064412238325282,,5.193236714975845,0.4830917874396135,
117,4.05931293612453,,14.090177133655395,2.046430488459474,,3.6097691894793345,0.8655394524959742,0.8118625872249061,16.948470209339774,12.070585077831455,34.76247987117552,1.865271068169619,2.703972088030059,0.38915727321524424,0.10064412238325282,,5.193236714975845,0.4830917874396135,
118,4.05931293612453,,14.090177133655395,2.046430488459474,,3.6097691894793345,0.8655394524959742,0.8118625872249061,17.787171229200215,12.070585077831455,33.923778851315085,1.865271068169619,2.703972088030059,0.38915727321524424,0.10064412238325282,,5.193236714975845,0.4830917874396135,
119,4.05931293612453,,14.090177133655395,2.046430488459474,,3.6097691894793345,0.8655394524959742,0.8118625872249061,17.787171229200215,12.070585077831455,33.923778851315085,1.865271068169619,2.703972088030059,0.38915727321524424,0.10064412238325282,,5.193236714975845,0.4830917874396135,
120,4.05931293612453,,14.090177133655395,2.046430488459474,,3.6097691894793345,0.8655394524959742,0.8118625872249061,19.33709071390231,12.070585077831455,32.37385936661299,1.865271068169619,2.703972088030059,0.38915727321524424,0.10064412238325282,,5.193236714975845,0.4830917874396135,
121,4.05931293612453,,14.090177133655395,2.046430488459474,,3.6097691894793345,0.8655394524959742,0.8118625872249061,20.034889962426195,12.070585077831455,31.676060118089104,1.865271068169619,2.703972088030059,0.38915727321524424,0.10064412238325282,,5.193236714975845,0.4830917874396135,
122,4.05931293612453,,14.090177133655395,2.046430488459474,,3.6097691894793345,0.8655394524959742,0.8118625872249061,20.034889962426195,12.070585077831455,31.676060118089104,1.865271068169619,2.703972088030059,0.38915727321524424,0.10064412238325282,,5.193236714975845,0.4830917874396135,
123,4.052603327965647,,14.06333870101986,2.046430488459474,,3.6097691894793345,0.8655394524959742,0.8118625872249061,20.74610842726785,12.070585077831455,30.99838969404187,1.865271068169619,2.703972088030059,0.38915727321524424,0.10064412238325282,,5.193236714975845,0.4830917874396135,
124,4.052603327965647,,14.06333870101986,2.046430488459474,,3.6097691894793345,0.8655394524959742,0.8118625872249061,20.74610842726785,12.070585077831455,30.99838969404187,1.865271068169619,2.703972088030059,0.38915727321524424,0.10064412238325282,,5.193236714975845,0.4830917874396135,
125,4.03918411164788,,14.06333870101986,2.965646806226516,,4.274020397208803,0.8655394524959742,0.8118625872249061,20.108695652173914,11.829039184111648,30.92458400429415,1.865271068169619,2.703972088030059,0.38915727321524424,0.10064412238325282,,4.575952764358561,0.4830917874396135,
126,4.03918411164788,,14.06333870101986,2.965646806226516,,4.274020397208803,0.8655394524959742,0.8118625872249061,20.35024154589372,11.829039184111648,30.683038110574344,1.865271068169619,2.703972088030059,0.38915727321524424,0.10064412238325282,,4.575952764358561,0.4830917874396135,
127,4.03918411164788,,14.06333870101986,2.965646806226516,,4.274020397208803,0.8655394524959742,0.8118625872249061,20.35024154589372,11.829039184111648,30.683038110574344,1.865271068169619,2.703972088030059,0.38915727321524424,0.10064412238325282,,4.575952764358561,0.4830917874396135,
128,4.03918411164788,,14.06333870101986,2.965646806226516,,4.274020397208803,0.8655394524959742,0.8118625872249061,20.638754696725712,11.829039184111648,30.394524959742352,1.865271068169619,2.703972088030059,0.38915727321524424,0.10064412238325282,,4.575952764358561,0.4830917874396135,
129,4.03918411164788,,14.06333870101986,2.341653247450349,,4.274020397208803,0.8655394524959742,0.8118625872249061,20.638754696725712,11.822329575952764,30.394524959742352,3.784219001610306,2.703972088030059,0.38915727321524424,0.10064412238325282,,3.2877079978529253,0.4830917874396135,
130,4.03918411164788,,14.06333870101986,2.341653247450349,,4.274020397208803,0.8655394524959742,0.8118625872249061,20.638754696725712,11.822329575952764,30.394524959742352,3.784219001610306,2.703972088030059,0.38915727321524424,0.10064412238325282,,3.2877079978529253,0.4830917874396135,
131,4.03918411164788,,14.06333870101986,2.341653247450349,,4.274020397208803,0.8655394524959742,0.8118625872249061,20.638754696725712,11.822329575952764,30.394524959742352,3.784219001610306,2.703972088030059,0.38915727321524424,0.10064412238325282,,3.2877079978529253,0.4830917874396135,
132,4.03918411164788,,14.06333870101986,2.341653247450349,,5.193236714975845,0.8655394524959742,0.8118625872249061,19.719538378958667,11.822329575952764,30.394524959742352,3.784219001610306,2.703972088030059,0.38915727321524424,0.10064412238325282,,3.2877079978529253,0.4830917874396135,
133,4.03918411164788,,15.217391304347826,2.341653247450349,,5.193236714975845,0.8655394524959742,0.4830917874396135,19.565217391304348,11.312399355877616,30.233494363929147,3.784219001610306,2.703972088030059,0.38915727321524424,0.10064412238325282,,3.2877079978529253,0.4830917874396135,
134,4.03918411164788,,15.217391304347826,2.341653247450349,,5.193236714975845,0.8655394524959742,0.4830917874396135,19.565217391304348,11.312399355877616,30.233494363929147,3.784219001610306,2.703972088030059,0.38915727321524424,0.10064412238325282,,3.2877079978529253,0.4830917874396135,
135,4.03918411164788,,15.217391304347826,2.341653247450349,,5.193236714975845,0.8655394524959742,0.4830917874396135,19.565217391304348,11.312399355877616,30.233494363929147,3.784219001610306,2.703972088030059,0.38915727321524424,0.10064412238325282,,3.2877079978529253,0.4830917874396135,
136,4.03918411164788,,15.217391304347826,2.341653247450349,,5.193236714975845,0.8655394524959742,0.4830917874396135,19.565217391304348,11.312399355877616,30.233494363929147,3.784219001610306,2.703972088030059,0.38915727321524424,0.10064412238325282,,3.2877079978529253,0.4830917874396135,
137,4.03918411164788,,15.217391304347826,2.341653247450349,,5.193236714975845,0.8655394524959742,0.4830917874396135,19.565217391304348,11.312399355877616,30.233494363929147,3.784219001610306,2.703972088030059,0.38915727321524424,0.10064412238325282,,3.2877079978529253,0.4830917874396135,
138,4.03918411164788,,15.217391304347826,2.341653247450349,,5.193236714975845,0.8655394524959742,0.4830917874396135,19.565217391304348,11.312399355877616,30.233494363929147,3.784219001610306,2.703972088030059,0.38915727321524424,0.10064412238325282,,3.2877079978529253,0.4830917874396135,
139,4.03918411164788,,15.217391304347826,2.341653247450349,,5.193236714975845,0.8655394524959742,0.4830917874396135,19.565217391304348,11.312399355877616,30.233494363929147,3.784219001610306,2.703972088030059,0.38915727321524424,0.10064412238325282,,3.2877079978529253,0.4830917874396135,
140,4.03918411164788,,15.217391304347826,2.341653247450349,,5.193236714975845,0.8655394524959742,0.4830917874396135,19.565217391304348,11.312399355877616,30.233494363929147,3.784219001610306,2.703972088030059,0.38915727321524424,0.10064412238325282,,3.2877079978529253,0.4830917874396135,
141,4.03918411164788,,15.217391304347826,2.341653247450349,,5.193236714975845,0.8655394524959742,0.4830917874396135,19.565217391304348,11.312399355877616,30.233494363929147,3.784219001610306,2.703972088030059,0.38915727321524424,0.10064412238325282,,3.2877079978529253,0.4830917874396135,
142,4.03918411164788,,15.217391304347826,2.341653247450349,,5.193236714975845,0.8655394524959742,0.4830917874396135,19.565217391304348,11.312399355877616,30.233494363929147,3.784219001610306,2.703972088030059,0.38915727321524424,0.10064412238325282,,3.2877079978529253,0.4830917874396135,
143,4.03918411164788,,15.217391304347826,2.341653247450349,,5.193236714975845,0.8655394524959742,0.4830917874396135,19.565217391304348,11.312399355877616,30.233494363929147,3.784219001610306,2.703972088030059,0.38915727321524424,0.10064412238325282,,3.2877079978529253,0.4830917874396135,
144,4.03918411164788,,15.143585614600108,3.2675791733762747,,4.341116478797638,0.8655394524959742,0.4830917874396135,19.565217391304348,11.312399355877616,30.233494363929147,3.784219001610306,2.703972088030059,0.38915727321524424,0.10064412238325282,,3.2877079978529253,0.4830917874396135,
145,4.03918411164788,,15.143585614600108,3.2675791733762747,,4.341116478797638,0.8655394524959742,0.4830917874396135,19.87385936661299,11.312399355877616,29.924852388620504,3.784219001610306,2.703972088030059,0.38915727321524424,0.10064412238325282,,3.2877079978529253,0.4830917874396135,
146,4.03918411164788,,15.08990874932904,5.018786902844874,,4.341116478797638,0.8655394524959742,0.4830917874396135,19.43102522812668,10.11808910359635,29.864465915190554,3.784219001610306,2.703972088030059,0.38915727321524424,0.10064412238325282,,3.2877079978529253,0.4830917874396135,
147,4.03918411164788,,15.08990874932904,5.018786902844874,,4.341116478797638,0.8655394524959742,0.4830917874396135,19.43102522812668,10.11808910359635,29.864465915190554,3.784219001610306,2.703972088030059,0.38915727321524424,0.10064412238325282,,3.2877079978529253,0.4830917874396135,
148,4.03918411164788,,15.08990874932904,5.018786902844874,,4.341116478797638,0.8655394524959742,0.4830917874396135,19.43102522812668,10.11808910359635,29.864465915190554,3.784219001610306,2.703972088030059,0.38915727321524424,0.10064412238325282,,3.2877079978529253,0.4830917874396135,
149,4.03918411164788,,15.08990874932904,5.018786902844874,,4.341116478797638,0.8655394524959742,0.4830917874396135,19.43102522812668,10.11808910359635,29.864465915190554,3.784219001610306,2.703972088030059,0.38915727321524424,0.10064412238325282,,3.2877079978529253,0.4830917874396135,
150,4.03918411164788,,15.08990874932904,5.018786902844874,,4.341116478797638,0.8655394524959742,0.4830917874396135,19.43102522812668,10.11808910359635,29.864465915190554,3.784219001610306,2.703972088030059,0.38915727321524424,0.10064412238325282,,3.2877079978529253,0.4830917874396135,
151,4.03918411164788,,15.08990874932904,5.018786902844874,,4.341116478797638,0.8655394524959742,0.4830917874396135,19.43102522812668,10.11808910359635,29.864465915190554,3.784219001610306,2.703972088030059,0.38915727321524424,0.10064412238325282,,3.2877079978529253,0.4830917874396135,
152,4.03918411164788,,15.08990874932904,5.018786902844874,,4.341116478797638,0.8655394524959742,0.4830917874396135,19.43102522812668,10.11808910359635,29.864465915190554,3.784219001610306,2.703972088030059,0.38915727321524424,0.10064412238325282,,3.2877079978529253,0.4830917874396135,
153,4.03918411164788,,15.08990874932904,5.018786902844874,,4.341116478797638,0.8655394524959742,0.4830917874396135,19.43102522812668,10.11808910359635,29.864465915190554,3.784219001610306,2.703972088030059,0.38915727321524424,0.10064412238325282,,3.2877079978529253,0.4830917874396135,
154,4.03918411164788,,15.08990874932904,5.018786902844874,,4.341116478797638,0.8655394524959742,0.4830917874396135,19.43102522812668,10.11808910359635,29.864465915190554,3.784219001610306,2.703972088030059,0.38915727321524424,0.10064412238325282,,3.2877079978529253,0.4830917874396135,
155,4.03918411164788,,14.734299516908212,5.018786902844874,,4.072732152442297,0.8655394524959742,2.8113258185721954,19.209608158883523,10.11808910359635,28.381642512077295,3.784219001610306,2.703972088030059,0.38915727321524424,0.10064412238325282,,3.2877079978529253,0.4830917874396135,
156,4.03918411164788,,14.734299516908212,5.018786902844874,,4.072732152442297,0.8655394524959742,2.8113258185721954,19.209608158883523,10.11808910359635,28.381642512077295,3.784219001610306,2.703972088030059,0.38915727321524424,0.10064412238325282,,3.2877079978529253,0.4830917874396135,
