,45,50,52,55,51,53,54,56,60,58,59,57,61,46
0,99.64439076757917,0.35560923242082665,,,,,,,,,,,,
1,97.32957595276436,2.657004830917874,0.013419216317767043,,,,,,,,,,,
2,96.85319377348362,3.099838969404187,0.03354804079441761,0.013419216317767043,,,,,,,,,,
3,94.1760601180891,5.776972624798712,0.03354804079441761,0.013419216317767043,,,,,,,,,,
4,93.45813204508856,6.468062265163715,0.03354804079441761,0.013419216317767043,0.026838432635534086,,,,,,,,,
5,92.38459473966721,7.467793880837359,0.03354804079441761,0.08722490606548577,0.026838432635534086,,,,,,,,,
6,92.02227589908749,7.6556629092860975,0.03354804079441761,0.08722490606548577,0.026838432635534086,0.17444981213097155,,,,,,,,
7,91.94847020933977,7.729468599033816,0.03354804079441761,0.08722490606548577,0.026838432635534086,0.17444981213097155,,,,,,,,
8,91.88137412775095,7.763016639828234,0.05367686527106817,0.08722490606548577,0.026838432635534086,0.17444981213097155,0.013419216317767043,,,,,,,
9,91.82098765432099,7.769726247987117,0.05367686527106817,0.08722490606548577,0.026838432635534086,0.17444981213097155,0.06709608158883522,,,,,,,
10,91.7337627482555,7.856951154052603,0.05367686527106817,0.08722490606548577,0.026838432635534086,0.17444981213097155,0.06709608158883522,,,,,,,
11,90.45222758990874,9.138486312399356,0.05367686527106817,0.08722490606548577,0.026838432635534086,0.17444981213097155,0.06709608158883522,,,,,,,
12,89.7007514761138,9.822866344605474,0.05367686527106817,0.08722490606548577,0.026838432635534086,0.17444981213097155,0.13419216317767044,,,,,,,
13,89.56655931293612,9.809447128287708,0.05367686527106817,0.14090177133655393,0.026838432635534086,0.17444981213097155,0.2281266774020397,,,,,,,
14,86.86929683306495,12.439613526570048,0.11406333870101985,0.14761137949543746,0.026838432635534086,0.17444981213097155,0.2281266774020397,,,,,,,
15,84.30622651637144,14.955716586151368,0.11406333870101985,0.14761137949543746,0.07380568974771873,0.17444981213097155,0.2281266774020397,,,,,,,
16,84.19216317767042,14.814814814814815,0.11406333870101985,0.1610305958132045,0.07380568974771873,0.41599570585077833,0.2281266774020397,,,,,,,
17,82.46108427267848,16.51905528717123,0.11406333870101985,0.1610305958132045,0.07380568974771873,0.41599570585077833,0.2549651100375738,,,,,,,
18,82.22624798711755,16.75389157273215,0.11406333870101985,0.1610305958132045,0.07380568974771873,0.41599570585077833,0.2549651100375738,,,,,,,
19,75.63741277509394,21.423778851315085,0.11406333870101985,0.1610305958132045,2.01959205582394,0.4830917874396135,0.1610305958132045,,,,,,,
20,75.13419216317767,21.926999463231347,0.11406333870101985,0.1610305958132045,2.006172839506173,0.4830917874396135,0.1610305958132045,0.013419216317767043,,,,,,
21,74.93961352657004,22.088030059044552,0.13419216317767044,0.17444981213097155,2.006172839506173,0.4830917874396135,0.1610305958132045,0.013419216317767043,,,,,,
22,74.78529253891573,21.994095544820183,0.13419216317767044,0.20799785292538917,2.187332259796028,0.4830917874396135,0.19457863660762212,0.013419216317767043,,,,,,
23,74.36258722490606,22.416800858829845,0.13419216317767044,0.20799785292538917,2.187332259796028,0.4830917874396135,0.19457863660762212,0.013419216317767043,,,,,,
24,68.23000536768653,28.509125067096083,0.13419216317767044,0.24825550187869028,2.187332259796028,0.4830917874396135,0.19457863660762212,0.013419216317767043,,,,,,
25,67.92136339237788,28.817767042404725,0.13419216317767044,0.24825550187869028,2.1604938271604937,0.4830917874396135,0.19457863660762212,0.040257648953301126,,,,,,
26,67.82071926999463,28.837895866881375,0.13419216317767044,0.27509393451422437,2.1806226516371443,0.4830917874396135,0.19457863660762212,0.07380568974771873,,,,,,
27,65.96886741814278,30.280461621041333,0.17444981213097155,0.23483628556092323,2.1739130434782608,0.8923778851315083,0.19457863660762212,0.08051529790660225,,,,,,
28,62.553676865271065,33.52120236178207,0.17444981213097155,0.3757380568974772,2.1739130434782608,0.8051529790660226,0.3153515834675255,0.08051529790660225,,,,,,
29,62.446323134728935,32.8569511540526,0.5971551261406334,0.6038647342995169,2.1739130434782608,0.8051529790660226,0.43612453032742887,0.08051529790660225,,,,,,
30,62.39264626945786,32.689210950080515,0.7783145464304885,0.6172839506172839,2.1739130434782608,0.8319914117015567,0.43612453032742887,0.08051529790660225,,,,,,
31,61.67471819645733,32.68250134192163,1.1137949543746646,0.6172839506172839,2.2879763821792807,0.8319914117015567,0.7112184648416533,0.08051529790660225,,,,,,
32,61.05743424584004,33.091787439613526,1.1607622114868492,0.6575415995705851,2.38191089640365,0.8319914117015567,0.7380568974771873,0.08051529790660225,,,,,,
33,60.789049919484704,32.87707997852925,1.8317230273752012,0.6575415995705851,2.167203435319377,0.8319914117015567,0.7648953301127214,0.08051529790660225,,,,,,
34,60.621309715512616,32.991143317230275,1.8317230273752012,0.630703166935051,2.2208803005904456,0.8319914117015567,0.7648953301127214,0.08051529790660225,0.026838432635534086,,,,,
35,60.29253891572732,32.90391841116479,1.8317230273752012,0.8387010198604401,2.2611379495437465,0.8319914117015567,0.9326355340848095,0.08051529790660225,0.026838432635534086,,,,,
36,60.057702630166396,31.44122383252818,3.5426731078904994,0.798443370907139,2.2611379495437465,0.8588298443370908,0.9326355340848095,0.08051529790660225,0.026838432635534086,,,,,
37,58.702361782071925,31.635802469135804,3.5426731078904994,0.8185721953837896,3.2877079978529253,0.8588298443370908,1.0534084809447128,0.07380568974771873,0.026838432635534086,,,,,
38,58.353462157809986,31.561996779388085,3.535963499731616,0.8387010198604401,3.3682232957595275,0.9796027911969941,1.261406333870102,0.07380568974771873,0.026838432635534086,,,,,
39,58.15888352120236,31.655931293612454,3.5426731078904994,0.8521202361782072,3.44873859366613,0.9796027911969941,1.261406333870102,0.07380568974771873,0.026838432635534086,,,,,
40,57.84353193773484,31.89747718733226,3.535963499731616,0.8252818035426731,3.4688674181427803,1.06682769726248,1.261406333870102,0.07380568974771873,0.026838432635534086,,,,,
41,57.420826623725176,32.038378958668815,3.535963499731616,1.107085346215781,3.4688674181427803,1.06682769726248,1.261406333870102,0.07380568974771873,0.026838432635534086,,,,,
42,54.63633923778851,33.05823939881911,3.502415458937198,1.0601180891035964,5.347557702630167,1.0399892646269457,1.261406333870102,0.06709608158883522,0.026838432635534086,,,,,
43,54.49543746645196,33.10520665593129,3.502415458937198,1.1003757380568975,5.3274288781535155,1.0265700483091786,1.3352120236178207,0.06709608158883522,0.026838432635534086,0.013419216317767043,,,,
44,53.38164251207729,34.45383789586688,3.388352120236178,1.107085346215781,5.2066559312936125,0.9930220075147611,1.3620504562533549,0.06709608158883522,0.026838432635534086,0.013419216317767043,,,,
45,52.40874932903918,35.37305421363392,3.388352120236178,1.133923778851315,5.22007514761138,0.9930220075147611,1.3754696725711217,0.06709608158883522,0.026838432635534086,0.013419216317767043,,,,
46,51.019860440150296,35.487117552334944,3.0595813204508855,1.2010198604401503,6.857219538378959,0.9930220075147611,1.2748255501878691,0.06709608158883522,0.026838432635534086,0.013419216317767043,,,,
47,50.577026301663984,35.69511540526033,3.012614063338701,1.2949543746645196,6.561996779388084,1.1406333870101986,1.6103059581320451,0.06709608158883522,0.026838432635534086,0.013419216317767043,,,,
48,50.14761137949544,35.89640365002684,3.207192699946323,1.415727321524423,6.461352657004831,1.1540526033279657,1.6103059581320451,0.06709608158883522,0.026838432635534086,0.013419216317767043,,,,
49,48.980139559849704,36.943102522812666,3.166935050993022,1.4090177133655395,6.602254428341385,1.1540526033279657,1.6170155662909287,0.08722490606548577,0.026838432635534086,0.013419216317767043,,,,
50,47.81266774020397,37.956253354804076,3.502415458937198,1.5432098765432098,6.1929683306494905,1.1607622114868492,1.6170155662909287,0.17444981213097155,0.026838432635534086,0.013419216317767043,,,,
51,41.14331723027375,44.59205582393988,3.488996242619431,1.5432098765432098,6.213097155126141,1.1607622114868492,1.6237251744498122,0.17444981213097155,0.026838432635534086,0.03354804079441761,,,,
52,40.45893719806763,45.01476113794954,3.515834675254965,1.6371443907675791,6.347289318303811,1.1876006441223832,1.6035963499731616,0.17444981213097155,0.026838432635534086,0.03354804079441761,,,,
53,40.304616210413315,45.13553408480945,3.535963499731616,1.6505636070853462,6.340579710144928,1.1876006441223832,1.6103059581320451,0.17444981213097155,0.026838432635534086,0.03354804079441761,,,,
54,39.89533011272142,45.55823939881911,3.535963499731616,1.6505636070853462,6.327160493827161,1.1876006441223832,1.6103059581320451,0.17444981213097155,0.026838432635534086,0.03354804079441761,,,,
55,39.83494363929147,45.51798174986581,3.535963499731616,1.724369296833065,6.320450885668277,1.221148684916801,1.6103059581320451,0.17444981213097155,0.026838432635534086,0.03354804079441761,,,,
56,39.45920558239399,45.57836822329576,3.535963499731616,2.073268921095008,6.286902844873859,1.2546967257112185,1.6103059581320451,0.14090177133655393,0.026838432635534086,0.03354804079441761,,,,
57,37.21819645732689,46.19565217391305,3.33467525496511,2.059849704777241,8.05823939881911,1.2949543746645196,1.6103059581320451,0.16774020397208803,0.026838432635534086,0.03354804079441761,,,,
58,37.17122920021471,45.99436392914654,3.6097691894793345,2.086688137412775,8.05823939881911,1.2412775093934514,1.6103059581320451,0.16774020397208803,0.026838432635534086,0.03354804079441761,,,,
59,37.11755233494364,45.3972088030059,3.770799785292539,2.395330112721417,8.071658615136876,1.3888888888888888,1.6103059581320451,0.1878690284487386,0.026838432635534086,0.03354804079441761,,,,
60,36.93639291465379,45.54482018250134,3.7909286097691894,2.428878153515835,8.051529790660226,1.3888888888888888,1.6103059581320451,0.1878690284487386,0.026838432635534086,0.03354804079441761,,,,
61,36.62775093934514,45.29656468062265,4.320987654320987,2.4557165861513686,8.051529790660226,1.3888888888888888,1.6103059581320451,0.1878690284487386,0.026838432635534086,0.03354804079441761,,,,
62,36.22517444981213,44.947665056360705,4.817498658078368,2.4825550187869028,8.05823939881911,1.6170155662909287,1.6035963499731616,0.1878690284487386,0.026838432635534086,0.03354804079441761,,,,
63,36.111111111111114,44.82018250134192,4.817498658078368,2.462426194310252,8.024691358024691,1.6841116478797638,1.8317230273752012,0.1878690284487386,0.026838432635534086,0.03354804079441761,,,,
64,35.12479871175523,47.128287707997856,4.522275899087493,2.4825550187869028,7.581857219538379,1.5767579173376274,1.3352120236178207,0.1878690284487386,0.026838432635534086,0.03354804079441761,,,,
65,33.641975308641975,48.107890499194845,4.64975845410628,2.428878153515835,8.132045088566828,1.5096618357487923,1.2815351583467525,0.1878690284487386,0.026838432635534086,0.03354804079441761,,,,
66,33.17230273752013,48.7788513150832,4.64975845410628,2.4825550187869028,7.971014492753623,1.3955984970477724,1.3016639828234031,0.1878690284487386,0.026838432635534086,0.03354804079441761,,,,
67,33.111916264090176,48.79898013955985,4.64975845410628,2.509393451422437,7.98443370907139,1.3955984970477724,1.3016639828234031,0.1878690284487386,0.026838432635534086,0.03354804079441761,,,,
68,31.99812130971551,50.56360708534621,4.643048845947397,1.8250134192163177,7.971014492753623,1.2412775093934514,1.5096618357487923,0.1878690284487386,0.026838432635534086,0.03354804079441761,,,,
69,30.790391841116477,51.84514224369297,5.045625335480408,1.710950080515298,7.514761137949543,1.2412775093934514,1.6035963499731616,0.1878690284487386,0.026838432635534086,0.03354804079441761,,,,
70,29.911433172302736,49.15458937198068,4.944981213097155,2.2946859903381642,8.99087493290392,2.5161030595813205,1.9390767579173376,0.1878690284487386,0.026838432635534086,0.03354804079441761,,,,
71,29.508856682769725,49.16129898013956,4.891304347826087,2.24771873322598,7.682501341921632,3.4420289855072466,2.8247450348899625,0.1878690284487386,0.026838432635534086,0.020128824476650563,0.0067096081588835215,,,
72,29.428341384863124,49.02710681696189,4.891304347826087,2.4825550187869028,7.648953301127214,3.408480944712829,2.8515834675254963,0.20128824476650564,0.026838432635534086,0.026838432635534086,0.0067096081588835215,,,
73,29.11969940955448,48.7385936661299,5.0858829844337095,2.8784219001610305,7.809983896940419,3.2340311325818574,2.831454643048846,0.20128824476650564,0.026838432635534086,0.05367686527106817,0.0067096081588835215,0.013419216317767043,,
74,29.045893719806763,48.067632850241544,5.166398282340311,2.8784219001610305,8.038110574342458,3.670155662909286,2.831454643048846,0.20128824476650564,0.026838432635534086,0.05367686527106817,0.0067096081588835215,0.013419216317767043,,
75,28.931830381105744,47.27589908749329,5.3274288781535155,3.743961352657005,7.9039184111647875,3.656736446591519,2.818035426731079,0.20128824476650564,0.040257648953301126,0.08051529790660225,0.0067096081588835215,0.013419216317767043,,
76,28.69699409554482,47.155126140633385,5.3274288781535155,3.992216854535695,8.11862587224906,3.515834675254965,2.818035426731079,0.23483628556092323,0.040257648953301126,0.08051529790660225,0.0067096081588835215,0.013419216317767043,,
77,28.6231884057971,46.94041867954911,5.307300053676865,4.066022544283414,8.32662372517445,3.515834675254965,2.844873859366613,0.23483628556092323,0.040257648953301126,0.08051529790660225,0.0067096081588835215,0.013419216317767043,,
78,28.522544283413847,46.73913043478261,5.260332796564681,4.066022544283414,8.353462157809984,3.81105743424584,2.898550724637681,0.20799785292538917,0.040257648953301126,0.08051529790660225,0.0067096081588835215,0.013419216317767043,,
79,28.28099838969404,46.282877079978526,4.918142780461621,4.052603327965647,9.380032206119163,3.81105743424584,2.898550724637681,0.20799785292538917,0.040257648953301126,0.08051529790660225,0.0067096081588835215,0.040257648953301126,,
80,28.119967793880836,46.47745571658615,4.830917874396135,4.05931293612453,9.366612989801396,3.784219001610306,2.945517981749866,0.24825550187869028,0.040257648953301126,0.08051529790660225,0.0067096081588835215,0.040257648953301126,,
81,27.885131508319915,46.3365539452496,5.0791733762748255,4.1532474503489,9.366612989801396,3.750670960815888,3.012614063338701,0.24825550187869028,0.040257648953301126,0.08051529790660225,0.0067096081588835215,0.040257648953301126,,
82,26.838432635534083,43.994900697799245,5.065754159957058,4.260601180891036,13.063607085346217,3.3279656468062266,3.012614063338701,0.2683843263553409,0.040257648953301126,0.08051529790660225,0.0067096081588835215,0.040257648953301126,,
83,25.91921631776704,44.73966720343532,4.428341384863124,4.146537842190016,13.935856146001074,3.435319377348363,3.012614063338701,0.2147074610842727,0.040257648953301126,0.08051529790660225,0.0067096081588835215,0.040257648953301126,,
84,25.751476113794954,44.840311325818575,4.428341384863124,4.2203435319377345,13.92914653784219,3.435319377348363,3.012614063338701,0.2147074610842727,0.040257648953301126,0.08051529790660225,0.0067096081588835215,0.040257648953301126,,
85,25.738056897477186,44.80005367686527,4.435050993022007,4.2203435319377345,13.935856146001074,3.455448201825013,3.0327428878153517,0.2147074610842727,0.040257648953301126,0.08051529790660225,0.0067096081588835215,0.040257648953301126,,
86,25.355609232420825,44.806763285024154,4.435050993022007,4.180085882984434,14.056629092860977,3.488996242619431,3.307836822329576,0.2281266774020397,0.040257648953301126,0.05367686527106817,0.0067096081588835215,0.040257648953301126,,
87,25.389157273215243,44.77992485238862,4.435050993022007,4.17337627482555,14.056629092860977,3.488996242619431,3.2877079978529253,0.2281266774020397,0.06038647342995169,0.05367686527106817,0.0067096081588835215,0.040257648953301126,,
88,25.32206119162641,44.35050993022008,4.690016103059581,4.213633923778851,14.103596349973161,3.475577026301664,3.421900161030596,0.24825550187869028,0.06038647342995169,0.04696725711218465,0.0067096081588835215,0.06038647342995169,,
89,25.268384326355342,43.90096618357488,4.958400429414922,4.294149221685454,14.103596349973161,3.435319377348363,3.603059581320451,0.2616747181964573,0.06038647342995169,0.04696725711218465,0.0067096081588835215,0.06038647342995169,,
90,25.046967257112186,43.72651637144391,4.985238862050457,4.555823939881911,13.935856146001074,3.7104133118625873,3.603059581320451,0.2616747181964573,0.06038647342995169,0.04696725711218465,0.0067096081588835215,0.06038647342995169,,
91,24.268652710681696,44.50483091787439,4.736983360171766,4.5893719806763285,14.31159420289855,3.5426731078904994,3.616478797638218,0.2549651100375738,0.06038647342995169,0.04696725711218465,0.0067096081588835215,0.06038647342995169,,
92,24.12104133118626,44.538378958668815,4.736983360171766,4.643048845947397,14.325013419216317,3.535963499731616,3.670155662909286,0.2549651100375738,0.06038647342995169,0.04696725711218465,0.0067096081588835215,0.06038647342995169,,
93,23.403113258185723,45.09527643585615,4.770531400966184,4.656468062265164,14.318303811057435,3.5292538915727323,3.784219001610306,0.2549651100375738,0.06038647342995169,0.04696725711218465,0.0067096081588835215,0.07380568974771873,,
94,23.396403650026837,44.96779388083736,4.74369296833065,4.783950617283951,14.325013419216317,3.5292538915727323,3.81105743424584,0.28180354267310787,0.06038647342995169,0.04696725711218465,0.0067096081588835215,0.04696725711218465,,
95,23.141438539989263,45.04830917874396,4.736983360171766,4.944981213097155,14.338432635534085,3.5292538915727323,3.81105743424584,0.28180354267310787,0.06038647342995169,0.04696725711218465,0.0067096081588835215,0.05367686527106817,,
96,22.758990874932906,44.18947933440687,4.99194847020934,4.8376274825550185,15.391841116478798,3.5292538915727323,3.81105743424584,0.322061191626409,0.06038647342995169,0.04696725711218465,0.0067096081588835215,0.05367686527106817,,
97,22.48389694041868,44.22973698336017,4.99194847020934,4.898013955984971,15.566290928609769,3.5292538915727323,3.81105743424584,0.322061191626409,0.06038647342995169,0.04696725711218465,0.0067096081588835215,0.05367686527106817,,
98,22.463768115942027,43.33735909822866,5.770263016639828,4.938271604938271,16.364734299516908,2.9589371980676327,3.6634460547504024,0.33548040794417605,0.06038647342995169,0.04696725711218465,0.0067096081588835215,0.05367686527106817,,
99,22.114868491680085,43.67283950617284,5.555555555555555,5.300590445517981,16.25067096081589,2.965646806226516,3.6366076221148687,0.33548040794417605,0.06038647342995169,0.04696725711218465,0.0067096081588835215,0.05367686527106817,,
100,22.034353193773484,43.666129898013956,5.555555555555555,5.3341384863123995,16.304347826086957,2.965646806226516,3.6366076221148687,0.33548040794417605,0.06038647342995169,0.04696725711218465,0.0067096081588835215,0.05367686527106817,,
101,21.967257112184647,43.223295759527645,5.642780461621041,5.689747718733226,16.297638217928075,3.0394524959742353,3.6231884057971016,0.33548040794417605,0.06038647342995169,0.04696725711218465,0.0067096081588835215,0.06709608158883522,,
102,21.987385936661298,43.03542673107891,5.642780461621041,5.837359098228664,16.27079978529254,3.0730005367686526,3.569511540526033,0.33548040794417605,0.0939345142243693,0.04696725711218465,0.0067096081588835215,0.10064412238325282,,
103,21.77938808373591,43.12936124530327,5.8172302737520125,5.850778314546431,16.076221148684915,3.180354267310789,3.5829307568438002,0.33548040794417605,0.0939345142243693,0.04696725711218465,0.0067096081588835215,0.10064412238325282,,
104,21.77938808373591,43.00858829844337,5.8172302737520125,5.971551261406334,16.022544283413847,3.166935050993022,3.603059581320451,0.3824476650563607,0.0939345142243693,0.04696725711218465,0.0067096081588835215,0.10064412238325282,,
105,21.71900161030596,42.51207729468599,5.803811057434245,6.219806763285024,16.06280193236715,3.5091250670960816,3.5292538915727323,0.39586688137412773,0.0939345142243693,0.04696725711218465,0.0067096081588835215,0.10064412238325282,,
106,21.71900161030596,42.39801395598497,5.938003220611916,6.199677938808374,16.06280193236715,3.475577026301664,3.5292538915727323,0.39586688137412773,0.0939345142243693,0.08051529790660225,0.0067096081588835215,0.10064412238325282,,
107,21.35668276972625,41.44524959742351,7.454374664519592,5.83064949006978,16.0426731078905,3.603059581320451,3.5091250670960816,0.47638217928073,0.0939345142243693,0.08051529790660225,0.0067096081588835215,0.10064412238325282,,
108,21.34326355340848,41.22383252818035,7.494632313472893,5.897745571658615,15.821256038647343,3.589640365002684,3.7573805689747717,0.5703166935050993,0.0939345142243693,0.08051529790660225,0.0067096081588835215,0.10064412238325282,0.020128824476650563,
109,21.26274825550188,41.2037037037037,7.494632313472893,5.998389694041868,15.821256038647343,3.589640365002684,3.7573805689747717,0.5703166935050993,0.0939345142243693,0.08051529790660225,0.0067096081588835215,0.10064412238325282,0.020128824476650563,
110,21.215780998389693,40.915190552871714,7.427536231884058,6.038647342995169,15.787707997852925,3.603059581320451,4.025764895330113,0.6172839506172839,0.0939345142243693,0.08051529790660225,0.0067096081588835215,0.16774020397208803,0.020128824476650563,
111,21.088298443370906,40.88835212023618,7.427536231884058,6.038647342995169,15.935319377348362,3.5963499731615673,4.025764895330113,0.6172839506172839,0.0939345142243693,0.08051529790660225,0.0067096081588835215,0.18115942028985507,0.020128824476650563,
112,20.759527643585614,41.1634460547504,7.39398819108964,6.139291465378422,15.72061191626409,3.784219001610306,4.05931293612453,0.5971551261406334,0.0939345142243693,0.08051529790660225,0.0067096081588835215,0.18115942028985507,0.020128824476650563,
113,20.652173913043477,41.14331723027375,7.387278582930757,6.1862587224906065,15.311325818572195,3.7775093934514223,4.508856682769726,0.6105743424584005,0.0939345142243693,0.08051529790660225,0.0067096081588835215,0.2214170692431562,0.020128824476650563,
114,20.658883521202362,41.0426731078905,7.39398819108964,6.1862587224906065,15.304616210413311,3.7775093934514223,4.602791196994096,0.6105743424584005,0.0939345142243693,0.08051529790660225,0.0067096081588835215,0.2214170692431562,0.020128824476650563,
115,19.692699946323135,42.109500805152976,7.347020933977456,6.260064412238325,15.157004830917874,3.7573805689747717,4.602791196994096,0.6508319914117016,0.0939345142243693,0.08051529790660225,0.0067096081588835215,0.2214170692431562,0.020128824476650563,
116,19.484702093397747,42.05582393988191,7.514761137949543,6.1929683306494905,14.949006977992486,3.7573805689747717,4.951690821256038,0.6709608158883521,0.0939345142243693,0.08051529790660225,0.0067096081588835215,0.2214170692431562,0.020128824476650563,
117,19.290123456790123,40.92860976918948,8.225979602791197,5.938003220611916,16.029253891572733,3.7573805689747717,4.817498658078368,0.6239935587761675,0.0939345142243693,0.08051529790660225,0.0067096081588835215,0.1878690284487386,0.020128824476650563,
118,18.833870101986044,40.23752012882448,8.232689210950081,5.938003220611916,17.28395061728395,3.717122920021471,4.783950617283951,0.5837359098228664,0.0939345142243693,0.08051529790660225,0.0067096081588835215,0.1878690284487386,0.020128824476650563,
119,18.310520665593128,39.67391304347826,8.225979602791197,6.072195383789587,18.189747718733226,3.69699409554482,4.85775630703167,0.5837359098228664,0.0939345142243693,0.08051529790660225,0.0067096081588835215,0.1878690284487386,0.020128824476650563,
120,17.518786902844873,39.64707461084273,9.863123993558776,6.226516371443908,17.834138486312398,3.502415458937198,4.435050993022007,0.5904455179817498,0.10735373054213634,0.08051529790660225,,0.17444981213097155,0.020128824476650563,
121,17.37788513150832,39.24449812130972,9.836285560923242,6.280193236714976,17.954911433172303,3.4957058507783145,4.824208266237251,0.5904455179817498,0.10735373054213634,0.06709608158883522,,0.20128824476650564,0.020128824476650563,
122,17.465110037573805,39.18411164787977,9.708803005904455,6.286902844873859,17.8743961352657,3.603059581320451,4.891304347826087,0.5904455179817498,0.10735373054213634,0.06709608158883522,,0.20128824476650564,0.020128824476650563,
123,17.102791196994094,38.5601180891036,9.138486312399356,6.588835212023618,18.4044551798175,3.6231884057971016,5.60252281266774,0.5837359098228664,0.10735373054213634,0.06709608158883522,,0.20128824476650564,0.020128824476650563,
124,17.102791196994094,38.419216317767045,9.131776704240472,6.568706387546968,18.391035963499732,3.616478797638218,5.750134192163178,0.5971551261406334,0.10735373054213634,0.08051529790660225,0.013419216317767043,0.20128824476650564,0.020128824476650563,
125,17.062533548040793,37.875738056897475,10.534084809447128,6.575415995705851,18.129361245303276,3.5292538915727323,5.35426731078905,0.5233494363929146,0.10735373054213634,0.07380568974771873,0.013419216317767043,0.20128824476650564,0.020128824476650563,
126,15.995705850778315,44.6256038647343,8.68894256575416,5.783682232957595,16.847826086956523,2.536231884057971,4.730273752012883,0.5233494363929146,0.10735373054213634,0.07380568974771873,0.013419216317767043,0.07380568974771873,,
127,15.861513687600644,43.223295759527645,10.218733225979603,5.743424584004294,16.740472356414386,2.5496511003757383,4.911433172302737,0.47638217928073,0.10735373054213634,0.07380568974771873,0.03354804079441761,0.06038647342995169,,
128,15.841384863123993,42.96833064949007,10.305958132045088,5.689747718733226,16.72705314009662,2.8113258185721954,4.904723564143854,0.47638217928073,0.10735373054213634,0.07380568974771873,0.03354804079441761,0.06038647342995169,,
129,15.821256038647343,42.21685453569511,10.23215244229737,5.709876543209877,17.827428878153516,2.509393451422437,4.931561996779388,0.47638217928073,0.10735373054213634,0.07380568974771873,0.03354804079441761,0.06038647342995169,,
130,15.633387010198604,41.89479334406871,12.097423510466989,5.636070853462158,16.881374127750938,2.536231884057971,4.616210413311863,0.4294149221685454,0.10735373054213634,0.06038647342995169,0.03354804079441761,0.07380568974771873,,
131,12.332259796027913,49.69806763285024,11.473429951690822,5.595813204508857,12.99651100375738,2.49597423510467,4.51556629092861,0.6172839506172839,0.10735373054213634,0.06038647342995169,0.03354804079441761,0.07380568974771873,,
132,11.52710681696189,50.295222758990874,11.11111111111111,5.958132045088567,12.869028448738593,2.7777777777777777,4.51556629092861,0.6038647342995169,0.10735373054213634,0.06038647342995169,0.03354804079441761,0.14090177133655393,,
133,11.52710681696189,50.22812667740204,11.104401502952227,5.984970477724101,12.86231884057971,2.7777777777777777,4.502147074610843,0.6642512077294686,0.10735373054213634,0.06038647342995169,0.03354804079441761,0.14761137949543746,,
134,9.816156736446592,52.22758990874933,10.57434245840043,5.723295759527644,13.22463768115942,2.952227589908749,4.461889425657541,0.6642512077294686,0.08722490606548577,0.06038647342995169,0.03354804079441761,0.17444981213097155,,
135,9.668545356951155,47.517444981213096,7.447665056360709,5.226784755770263,22.114868491680085,2.9388083735909825,4.045893719806763,0.7313472893183038,0.08722490606548577,0.06038647342995169,0.020128824476650563,0.14090177133655393,,
136,9.628287707997853,47.148416532474506,7.494632313472893,5.394524959742351,22.067901234567902,3.207192699946323,3.9318303811057436,0.8051529790660226,0.08722490606548577,0.06038647342995169,0.020128824476650563,0.15432098765432098,,
137,9.574610842726784,47.00751476113795,7.494632313472893,5.5756843800322065,22.067901234567902,3.207192699946323,3.9184111647879765,0.8319914117015567,0.08722490606548577,0.06038647342995169,0.020128824476650563,0.15432098765432098,,
138,9.54777241009125,46.30971551261406,7.7361782071927,6.166129898013956,22.034353193773484,3.1333870101986045,3.898282340311326,0.8521202361782072,0.08722490606548577,0.06038647342995169,0.020128824476650563,0.15432098765432098,,
139,9.178743961352657,45.18250134192163,9.205582393988191,6.1929683306494905,21.826355340848096,3.3682232957595275,3.8714439076757916,0.8521202361782072,0.08722490606548577,0.06038647342995169,0.020128824476650563,0.15432098765432098,,
140,9.01100375738057,45.00805152979066,9.172034353193773,6.394256575415996,21.638486312399355,3.3682232957595275,4.200214707461084,0.8722490606548577,0.08722490606548577,0.06038647342995169,0.020128824476650563,0.16774020397208803,,
141,9.05126140633387,44.82018250134192,9.138486312399356,6.541867954911433,21.638486312399355,3.3682232957595275,4.200214707461084,0.8923778851315083,0.10064412238325282,0.040257648953301126,0.020128824476650563,0.1878690284487386,,
142,9.05126140633387,44.6658615136876,9.23913043478261,6.5485775630703165,21.537842190016104,3.3682232957595275,4.294149221685454,0.9460547504025765,0.10064412238325282,0.040257648953301126,0.020128824476650563,0.1878690284487386,,
143,9.044551798174986,44.6256038647343,9.145195920558239,6.635802469135802,21.430488459473967,3.4621578099838968,4.294149221685454,1.0131508319914118,0.10064412238325282,0.040257648953301126,0.020128824476650563,0.1878690284487386,,
144,9.024422973698336,44.04186795491143,9.131776704240472,7.883789586688137,20.618625872249062,3.4621578099838968,4.374664519592056,1.0064412238325282,0.10064412238325282,0.06709608158883522,0.020128824476650563,0.2683843263553409,,
145,9.01100375738057,43.90096618357488,9.145195920558239,7.98443370907139,20.38378958668814,3.4621578099838968,4.4820182501341925,1.1741814278046163,0.10064412238325282,0.06709608158883522,0.020128824476650563,0.2683843263553409,,
146,8.514492753623188,43.203166935050994,8.957326892109501,8.07836822329576,21.70558239398819,3.4621578099838968,4.448470209339774,1.1741814278046163,0.10064412238325282,0.06709608158883522,0.020128824476650563,0.2683843263553409,,
147,8.494363929146537,43.223295759527645,8.943907675791733,8.064949006977992,21.651905528717123,3.488996242619431,4.4753086419753085,1.2010198604401503,0.10064412238325282,0.06709608158883522,0.020128824476650563,0.2683843263553409,,
148,8.521202361782072,43.08910359634997,8.917069243156199,8.132045088566828,21.651905528717123,3.488996242619431,4.508856682769726,1.2010198604401503,0.10064412238325282,0.06709608158883522,0.020128824476650563,0.30193236714975846,,
149,8.527911969940956,42.58588298443371,8.896940418679549,8.09849704777241,21.651905528717123,3.717122920021471,4.770531400966184,1.2010198604401503,0.10064412238325282,0.0939345142243693,0.020128824476650563,0.33548040794417605,,
150,8.507783145464305,42.552334943639295,8.883521202361782,8.064949006977992,21.64519592055824,3.81105743424584,4.770531400966184,1.2010198604401503,0.10064412238325282,0.0939345142243693,0.020128824476650563,0.3488996242619431,,
151,8.3467525496511,42.3443370907139,8.641975308641975,8.145464304884594,21.71900161030596,4.126409017713366,4.851046698872786,1.2345679012345678,0.10064412238325282,0.13419216317767044,0.020128824476650563,0.33548040794417605,,
152,8.28636607622115,42.371175523349436,8.641975308641975,8.152173913043478,21.71900161030596,4.126409017713366,4.851046698872786,1.2546967257112185,0.10735373054213634,0.13419216317767044,0.020128824476650563,0.33548040794417605,,
153,8.299785292538916,42.330917874396135,8.668813741277509,8.179012345679013,21.276167471819647,4.0995705850778315,5.166398282340311,1.3821792807300053,0.10735373054213634,0.13419216317767044,0.020128824476650563,0.33548040794417605,,
154,8.205850778314547,42.37788513150832,8.601717659688674,8.21256038647343,21.235909822866343,4.119699409554482,5.159688674181428,1.4492753623188406,0.10735373054213634,0.13419216317767044,0.020128824476650563,0.3757380568974772,,
155,8.205850778314547,42.21685453569511,8.581588835212024,8.454106280193237,21.121846484165324,4.119699409554482,5.159688674181428,1.5029522275899088,0.10735373054213634,0.13419216317767044,0.020128824476650563,0.3757380568974772,,
156,7.890499194847021,41.680085882984436,9.23913043478261,8.709071390230811,21.108427267847556,4.05931293612453,5.159688674181428,1.5029522275899088,0.10735373054213634,0.13419216317767044,0.020128824476650563,0.38915727321524424,,
157,7.9106280193236715,41.4922168545357,9.708803005904455,8.675523349436393,21.048040794417606,3.911701556629093,5.0791733762748255,1.5499194847020934,0.10735373054213634,0.13419216317767044,0.020128824476650563,0.36231884057971014,,
158,7.212828770799785,40.29119699409554,9.722222222222221,8.943907675791733,22.638217928073,3.92512077294686,5.0993022007514766,1.5432098765432098,0.10735373054213634,0.13419216317767044,0.020128824476650563,0.36231884057971014,,
159,7.212828770799785,40.05636070853462,9.628287707997853,9.118357487922705,22.5577026301664,3.911701556629093,5.253623188405797,1.6170155662909287,0.08722490606548577,0.13419216317767044,0.020128824476650563,0.4025764895330113,,
160,7.085346215780999,39.61352657004831,9.836285560923242,9.534353193773484,22.014224369296834,4.166666666666667,5.367686527106817,1.737788513150832,0.08722490606548577,0.13419216317767044,0.020128824476650563,0.4025764895330113,,
161,7.092055823939882,39.439076757917334,9.809447128287708,9.608158883521202,21.987385936661298,4.1532474503489,5.528717122920021,1.737788513150832,0.08722490606548577,0.10735373054213634,0.020128824476650563,0.4294149221685454,,
162,7.092055823939882,39.432367149758456,9.809447128287708,9.588030059044552,21.329844337090712,4.804079441760601,5.60252281266774,1.6975308641975309,0.08722490606548577,0.10735373054213634,0.020128824476650563,0.4294149221685454,,
163,7.058507783145465,39.16398282340311,9.930220075147611,9.849704777241008,21.329844337090712,4.8443370907139025,5.4549114331723025,1.737788513150832,0.08051529790660225,0.10735373054213634,0.020128824476650563,0.4227053140096618,,
164,7.065217391304348,39.090177133655395,9.883252818035427,9.96376811594203,21.289586688137412,4.85775630703167,5.434782608695652,1.737788513150832,0.10064412238325282,0.10735373054213634,0.020128824476650563,0.4495437466451959,,
165,6.092324208266238,45.793075684380035,8.890230810520666,8.829844337090714,18.51851851851852,4.4820182501341925,5.065754159957058,1.6706924315619969,0.0939345142243693,0.10735373054213634,0.020128824476650563,0.43612453032742887,,
166,6.011808910359635,45.330112721417066,8.82313472893183,9.084809447128288,18.726516371443907,4.468599033816425,5.22007514761138,1.6774020397208802,0.0939345142243693,0.10735373054213634,0.020128824476650563,0.43612453032742887,,
167,5.958132045088567,45.108695652173914,8.82313472893183,9.16532474503489,18.625872249060656,4.777241009125067,5.166398282340311,1.7176596886741815,0.0939345142243693,0.10735373054213634,0.020128824476650563,0.43612453032742887,,
168,5.9514224369296835,43.263553408480945,8.809715512614064,8.910359634997317,18.59903381642512,4.770531400966184,7.320182501341922,1.6774020397208802,0.0939345142243693,0.14761137949543746,0.020128824476650563,0.43612453032742887,,
169,5.246913580246914,43.914385399892645,8.80300590445518,9.23913043478261,18.17632850241546,4.7168545356951155,7.555018786902845,1.6706924315619969,0.0939345142243693,0.14761137949543746,,0.43612453032742887,,
170,5.213365539452496,43.84057971014493,8.863392377885132,9.346484165324744,18.129361245303276,4.7168545356951155,7.48792270531401,1.6975308641975309,0.0939345142243693,0.14761137949543746,0.026838432635534086,0.43612453032742887,,
171,5.253623188405797,43.77348362855609,8.903650026838433,9.326355340848094,18.06226516371444,4.7168545356951155,7.50805152979066,1.7176596886741815,0.0939345142243693,0.14761137949543746,0.026838432635534086,0.46967257112184646,,
172,5.246913580246914,43.71980676328502,8.876811594202898,9.373322597960279,17.94820182501342,4.703435319377348,7.474503488996243,1.8518518518518519,0.13419216317767044,0.14761137949543746,0.026838432635534086,0.49651100375738055,,
173,5.260332796564681,43.592324208266234,8.876811594202898,9.46725711218465,17.92807300053677,4.703435319377348,7.494632313472893,1.8719806763285025,0.13419216317767044,0.14761137949543746,0.026838432635534086,0.49651100375738055,,
174,5.280461621041331,43.565485775630705,8.876811594202898,9.460547504025765,17.847557702630166,4.703435319377348,7.494632313472893,1.932367149758454,0.13419216317767044,0.14761137949543746,0.06038647342995169,0.49651100375738055,,
175,5.280461621041331,43.18974771873322,8.722490606548577,9.440418679549115,17.659688674181428,4.924852388620504,7.897208803005904,2.073268921095008,0.13419216317767044,0.14761137949543746,0.06038647342995169,0.46967257112184646,,
176,5.246913580246914,42.17659688674181,9.96376811594203,9.708803005904455,17.559044551798173,4.924852388620504,7.541599570585078,2.0665593129361244,0.13419216317767044,0.14761137949543746,0.06038647342995169,0.46967257112184646,,
177,5.253623188405797,41.98201825013419,9.96376811594203,9.621578099838969,17.52549651100376,5.146269457863661,7.555018786902845,2.0665593129361244,0.13419216317767044,0.18115942028985507,0.06038647342995169,0.5099302200751477,,
178,5.267042404723564,41.908212560386474,9.916800858829845,9.628287707997853,17.424852388620504,5.475040257648954,7.37385936661299,2.0665593129361244,0.14090177133655393,0.2281266774020397,0.06038647342995169,0.5099302200751477,,
179,5.300590445517981,41.659957058507786,9.896672034353195,9.64170692431562,17.418142780461622,5.46833064949007,7.64224369296833,2.059849704777241,0.14090177133655393,0.20128824476650564,0.06038647342995169,0.5099302200751477,,
180,5.293880837359098,41.40499194847021,9.896672034353195,10.071121846484166,17.297369833601717,5.71658615136876,7.360440150295223,2.0665593129361244,0.14090177133655393,0.20128824476650564,0.06038647342995169,0.48980139559849706,,
181,4.9651100375738055,41.55931293612453,9.916800858829845,10.453569511540525,17.082662372517444,5.589103596349974,7.427536231884058,2.1269457863660763,0.1274825550187869,0.20128824476650564,0.06038647342995169,0.48980139559849706,,
182,4.958400429414922,40.92190016103059,9.876543209876543,10.399892646269459,16.861245303274288,5.60252281266774,8.427267847557703,2.073268921095008,0.1274825550187869,0.20128824476650564,0.06038647342995169,0.48980139559849706,,
183,4.978529253891573,40.76757917337628,9.876543209876543,10.50053676865271,16.800858829844337,5.589103596349974,8.407139023081053,2.1135265700483092,0.17444981213097155,0.20128824476650564,0.06038647342995169,0.5300590445517982,,
184,4.9718196457326895,40.72061191626409,9.876543209876543,10.628019323671497,16.700214707461082,5.542136339237788,8.407139023081053,2.167203435319377,0.17444981213097155,0.2214170692431562,0.06038647342995169,0.5300590445517982,,
185,4.998658078368224,40.57971014492754,10.010735373054214,10.681696188942565,16.606280193236714,5.5756843800322065,8.433977455716587,2.1269457863660763,0.17444981213097155,0.2214170692431562,0.06038647342995169,0.5300590445517982,,
186,4.998658078368224,40.04965110037574,9.856414385399892,10.782340311325818,16.505636070853463,6.474771873322598,8.239398819108963,2.120236178207193,0.17444981213097155,0.23483628556092323,0.06038647342995169,0.5032206119162641,,
187,4.924852388620504,39.91545893719807,9.916800858829845,10.849436392914654,16.61969940955448,6.4345142243692965,8.232689210950081,2.120236178207193,0.17444981213097155,0.23483628556092323,0.06038647342995169,0.5166398282340311,,
188,4.9718196457326895,39.741009125067094,9.91009125067096,10.976918947933441,16.606280193236714,6.4345142243692965,8.219269994632313,2.15378421900161,0.17444981213097155,0.23483628556092323,0.06038647342995169,0.5166398282340311,,
189,5.018786902844874,39.492753623188406,9.91009125067096,11.20504562533548,16.29092860976919,6.743156199677939,8.219269994632313,2.1068169618894257,0.17444981213097155,0.2616747181964573,0.06038647342995169,0.5166398282340311,,
