,45,50,53,52,51,54,55,56
0,99.72490606548577,0.27509393451422437,,,,,,
1,95.62533548040794,4.374664519592056,,,,,,
2,95.63875469672571,4.361245303274289,,,,,,
3,93.37761674718196,6.622383252818035,,,,,,
4,88.35212023617821,11.647879763821793,,,,,,
5,88.1105743424584,11.889425657541599,,,,,,
6,81.76999463231347,18.109232420826622,0.12077294685990338,,,,,
7,81.6358024691358,18.243424584004295,0.12077294685990338,,,,,
8,81.45464304884595,18.42458400429415,0.12077294685990338,,,,,
9,81.38754696725711,18.491680085882983,0.12077294685990338,,,,,
10,81.6358024691358,18.243424584004295,0.12077294685990338,,,,,
11,81.70289855072464,18.17632850241546,0.12077294685990338,,,,,
12,81.48819108964037,18.391035963499732,0.12077294685990338,,,,,
13,79.88459473966721,19.585346215780998,0.5300590445517982,,,,,
14,80.12614063338701,19.343800322061192,0.5300590445517982,,,,,
15,80.20665593129361,19.26328502415459,0.5300590445517982,,,,,
16,78.50912506709608,21.081588835212024,0.4092860976918948,,,,,
17,78.30112721417069,21.289586688137412,0.4092860976918948,,,,,
18,78.14009661835749,21.450617283950617,0.4092860976918948,,,,,
19,77.73752012882447,21.85319377348363,0.4092860976918948,,,,,
20,77.7710681696189,21.712292002147073,0.33548040794417605,0.18115942028985507,,,,
21,76.69753086419753,22.785829307568438,0.33548040794417605,0.18115942028985507,,,,
22,76.78475577026302,22.71202361782072,0.33548040794417605,0.16774020397208803,,,,
23,74.48336017176597,25.013419216317768,0.33548040794417605,0.16774020397208803,,,,
24,70.13553408480945,26.435856146001072,0.33548040794417605,0.16774020397208803,2.9253891572732154,,,
25,68.50509930220075,27.938808373590984,0.46296296296296297,0.16774020397208803,2.9253891572732154,,,
26,68.29039184111647,28.153515834675254,0.46296296296296297,0.16774020397208803,2.9253891572732154,,,
27,67.5925925925926,28.85131508319914,0.46296296296296297,0.16774020397208803,2.9253891572732154,,,
28,64.57997852925389,32.018250134192165,0.46296296296296297,0.16774020397208803,2.771068169618894,,,
29,64.73429951690821,31.924315619967793,0.46296296296296297,0.16774020397208803,2.7106816961889426,,,
30,64.09688674181427,32.729468599033815,0.46296296296296297,0.16774020397208803,2.5429414922168547,,,
31,64.06333870101986,32.367149758454104,0.46296296296296297,0.5636070853462157,2.5429414922168547,,,
32,63.92914653784219,32.54159957058508,0.4562533548040794,0.5636070853462157,2.509393451422437,,,
33,64.07675791733763,32.27321524422974,0.38915727321524424,0.5501878690284487,2.7106816961889426,,,
34,62.453032742887814,33.9170692431562,0.38915727321524424,0.5501878690284487,2.690552871712292,,,
35,62.56038647342995,33.62855609232421,0.3824476650563607,0.7447665056360708,2.6838432635534084,,,
36,62.38593666129898,33.44739667203435,0.48980139559849706,0.7380568974771873,2.9388083735909825,,,
37,60.909822866344605,34.99060654857756,0.3488996242619431,0.5837359098228664,2.9253891572732154,0.24154589371980675,,
38,61.10440150295223,34.80944712828771,0.3488996242619431,0.5703166935050993,2.9253891572732154,0.24154589371980675,,
39,61.4398819108964,34.58132045088567,0.3488996242619431,0.5703166935050993,2.9253891572732154,0.13419216317767044,,
40,60.889694041867955,35.14492753623188,0.3488996242619431,0.5703166935050993,2.9119699409554483,0.13419216317767044,,
41,60.648148148148145,33.601717659688674,0.3488996242619431,0.5703166935050993,4.696725711218465,0.13419216317767044,,
42,58.883521202361784,35.38647342995169,0.5837359098228664,0.5703166935050993,4.441760601180891,0.13419216317767044,,
43,58.70907139023081,35.31266774020397,0.5837359098228664,0.5703166935050993,4.690016103059581,0.13419216317767044,,
44,58.883521202361784,35.158346752549654,0.5837359098228664,0.5703166935050993,4.669887278582931,0.13419216317767044,,
45,57.52147074610843,36.520397208803004,0.5837359098228664,0.5703166935050993,4.669887278582931,0.13419216317767044,,
46,54.5625335480408,39.33843263553408,0.5837359098228664,0.46296296296296297,4.918142780461621,0.13419216317767044,,
47,54.891304347826086,39.029790660225444,0.5837359098228664,0.4428341384863124,4.918142780461621,0.13419216317767044,,
48,52.05984970477724,41.12989801395599,0.5837359098228664,0.7581857219538379,5.092592592592593,0.13419216317767044,0.24154589371980675,
49,51.898819108964034,41.324476650563604,0.5837359098228664,0.7313472893183038,5.0858829844337095,0.13419216317767044,0.24154589371980675,
50,52.51610305958132,40.49919484702093,0.5837359098228664,0.7179280730005367,5.307300053676865,0.13419216317767044,0.24154589371980675,
51,52.44900697799248,40.29790660225443,0.5837359098228664,0.7179280730005367,5.58239398819109,0.13419216317767044,0.23483628556092323,
52,52.542941492216855,39.94900697799248,0.5770263016639828,0.7179280730005367,5.844068706387547,0.13419216317767044,0.23483628556092323,
53,45.73268921095008,46.4975845410628,0.8387010198604401,0.7179280730005367,5.844068706387547,0.13419216317767044,0.23483628556092323,
54,46.061460010735374,45.61862587224906,0.8387010198604401,1.288244766505636,5.8239398819108965,0.13419216317767044,0.23483628556092323,
55,46.37010198604401,45.309983896940416,0.8387010198604401,1.288244766505636,5.8239398819108965,0.13419216317767044,0.23483628556092323,
56,46.725711218464845,44.95437466451959,0.8387010198604401,1.288244766505636,5.8239398819108965,0.13419216317767044,0.23483628556092323,
57,46.90016103059581,44.99463231347289,0.8387010198604401,1.093666129898014,5.803811057434245,0.13419216317767044,0.23483628556092323,
58,47.25577026301664,44.77321524422974,0.8387010198604401,1.093666129898014,5.669618894256575,0.13419216317767044,0.23483628556092323,
59,43.71309715512614,48.51717659688674,0.8387010198604401,1.0466988727858293,5.535426731078905,0.13419216317767044,0.2147074610842727,
60,38.90230810520666,52.01959205582394,0.8387010198604401,2.187332259796028,5.71658615136876,0.12077294685990338,0.2147074610842727,
61,37.86231884057971,52.73752012882448,0.8387010198604401,2.187332259796028,5.35426731078905,0.8118625872249061,0.20799785292538917,
62,37.526838432635536,53.08641975308642,0.8387010198604401,2.187332259796028,5.340848094471283,0.8118625872249061,0.20799785292538917,
63,37.5805152979066,53.05958132045089,0.8387010198604401,2.1604938271604937,5.340848094471283,0.8118625872249061,0.20799785292538917,
64,37.9495437466452,52.75764895330113,0.8387010198604401,2.1269457863660763,5.307300053676865,0.8118625872249061,0.20799785292538917,
65,38.28502415458937,52.18733225979603,0.8118625872249061,2.1068169618894257,5.307300053676865,0.8118625872249061,0.48980139559849706,
66,38.6003757380569,51.79817498658078,0.7917337627482555,2.1068169618894257,5.307300053676865,1.0466988727858293,0.3488996242619431,
67,39.130434782608695,51.31508319914117,0.7917337627482555,2.1068169618894257,5.260332796564681,1.0466988727858293,0.3488996242619431,
68,39.190821256038646,50.74476650563607,1.1272141706924315,2.0665593129361244,5.253623188405797,1.2681159420289856,0.3488996242619431,
69,39.46591519055287,50.48309178743961,1.1272141706924315,2.0665593129361244,5.24020397208803,1.2681159420289856,0.3488996242619431,
70,39.64036500268384,50.348899624261946,1.1272141706924315,2.0263016639828235,5.24020397208803,1.2681159420289856,0.3488996242619431,
71,39.150563607085346,49.020397208803004,1.1272141706924315,2.0263016639828235,7.058507783145465,1.2681159420289856,0.3488996242619431,
72,39.472624798711756,48.530595813204506,1.1272141706924315,2.0263016639828235,7.226247987117552,1.2681159420289856,0.3488996242619431,
73,38.39237788513151,46.51771336553945,1.1272141706924315,2.0128824476650564,10.332796564680622,1.2681159420289856,0.3488996242619431,
74,38.58695652173913,46.363392377885134,1.1272141706924315,1.9994632313472893,10.305958132045088,1.2681159420289856,0.3488996242619431,
75,38.808373590982285,46.15539452495974,1.1272141706924315,1.9994632313472893,10.292538915727322,1.2681159420289856,0.3488996242619431,
76,39.009661835748794,45.69243156199678,1.1272141706924315,2.3752012882447664,10.178475577026301,1.2681159420289856,0.3488996242619431,
77,39.49946323134729,45.25630703166935,1.1205045625335481,2.3752012882447664,10.131508319914117,1.2681159420289856,0.3488996242619431,
78,39.64707461084273,44.927536231884055,1.3083735909822867,2.3752012882447664,10.091250670960816,1.3016639828234031,0.3488996242619431,
79,40.083199141170155,44.75308641975309,1.221148684916801,2.328234031132582,9.98389694041868,1.2815351583467525,0.3488996242619431,
80,38.91572732152442,46.14868491680086,1.2010198604401503,2.49597423510467,9.608158883521202,1.2815351583467525,0.3488996242619431,
81,39.11701556629093,46.03462157809984,1.2010198604401503,2.49597423510467,9.520933977455716,1.2815351583467525,0.3488996242619431,
82,39.48604401502952,45.67901234567901,1.2010198604401503,2.4892646269457863,9.514224369296834,1.2815351583467525,0.3488996242619431,
83,39.34514224369297,45.54482018250134,1.1943102522812667,2.7844873859366612,9.500805152979066,1.2815351583467525,0.3488996242619431,
84,39.60010735373054,45.410628019323674,1.1943102522812667,2.771068169618894,9.39345142243693,1.2815351583467525,0.3488996242619431,
85,39.88191089640365,44.32367149758454,1.1943102522812667,2.717391304347826,9.359903381642512,2.1739130434782608,0.3488996242619431,
86,39.22436929683307,43.33064949006978,1.1876006441223832,2.717391304347826,11.29898013955985,1.892109500805153,0.3488996242619431,
87,39.65378421900161,42.94820182501342,1.1876006441223832,2.6972624798711755,11.18491680085883,1.8384326355340848,0.48980139559849706,
88,39.80810520665593,42.579173376274824,1.1741814278046163,2.757648953301127,11.3593666129898,1.8317230273752012,0.48980139559849706,
89,39.734299516908216,40.915190552871714,1.3888888888888888,2.757648953301127,12.305421363392378,2.0933977455716586,0.8051529790660226,
90,40.05636070853462,40.734031132581855,1.3620504562533549,2.7308105206655933,12.218196457326892,2.0933977455716586,0.8051529790660226,
91,39.60010735373054,39.512882447665056,1.3620504562533549,2.717391304347826,13.90901771336554,2.0933977455716586,0.8051529790660226,
92,39.93558776167472,39.25791733762748,1.3620504562533549,2.717391304347826,13.841921631776705,2.0799785292538915,0.8051529790660226,
93,40.25093934514224,39.02308105206656,1.3620504562533549,2.6838432635534084,13.821792807300053,2.0531400966183573,0.8051529790660226,
94,40.371712292002144,38.7614063338701,1.3620504562533549,2.898550724637681,13.747987117552334,2.0531400966183573,0.8051529790660226,
95,38.077026301663984,44.83360171765969,1.4224369296833066,3.656736446591519,9.802737520128824,1.4224369296833066,0.785024154589372,
96,38.157541599570585,44.7061191626409,1.4224369296833066,3.6231884057971016,9.883252818035427,1.4224369296833066,0.785024154589372,
97,37.4194847020934,45.772946859903385,1.596886741814278,3.6231884057971016,9.380032206119163,1.4224369296833066,0.785024154589372,
98,38.1508319914117,45.22275899087493,1.5767579173376274,3.616478797638218,9.29951690821256,1.4090177133655395,0.7246376811594203,
99,37.88915727321525,44.97450348899624,1.5767579173376274,3.92512077294686,9.292807300053678,1.6170155662909287,0.7246376811594203,
100,37.855609232420825,45.08185721953838,1.5633387010198605,3.92512077294686,9.23913043478261,1.6103059581320451,0.7246376811594203,
101,38.016639828234034,44.69269994632314,1.5633387010198605,3.92512077294686,9.205582393988191,1.6103059581320451,0.9863123993558777,
102,38.26489533011272,44.50483091787439,1.5633387010198605,3.92512077294686,9.185453569511541,1.6103059581320451,0.9460547504025765,
103,38.38566827697262,43.96135265700483,1.5633387010198605,3.8915727321524423,9.306226516371444,1.9457863660762211,0.9460547504025765,
104,37.90257648953301,42.579173376274824,1.442565754159957,3.8915727321524423,11.33923778851315,1.8988191089640365,0.9460547504025765,
105,38.08373590982286,42.46511003757381,1.442565754159957,3.8915727321524423,11.272141706924316,1.8988191089640365,0.9460547504025765,
106,38.56682769726248,41.93505099302201,1.42914653784219,4.180085882984434,11.09098228663446,1.8518518518518519,0.9460547504025765,
107,37.432903918411164,40.88164251207729,1.42914653784219,4.045893719806763,13.613794954374665,1.6505636070853462,0.9460547504025765,
108,37.39264626945786,40.5126140633387,1.4090177133655395,4.025764895330113,13.573537305421363,2.227589908749329,0.8588298443370908,
109,37.35909822866345,40.19055287171229,1.5633387010198605,4.274020397208803,13.399087493290391,2.4355877616747184,0.7783145464304885,
110,37.473161567364464,40.17042404723564,1.5633387010198605,4.247181964573269,13.331991411701557,2.4355877616747184,0.7783145464304885,
111,37.446323134728935,40.29790660225443,1.5633387010198605,4.240472356414386,13.264895330112722,2.408749329039184,0.7783145464304885,
112,37.67444981213097,39.95571658615137,1.5633387010198605,4.2203435319377345,13.18438003220612,2.408749329039184,0.9930220075147611,
113,36.87600644122383,37.815351583467525,1.5633387010198605,5.5689747718733225,14.626945786366075,2.408749329039184,1.1406333870101986,
114,37.1309715512614,37.66774020397209,1.5633387010198605,5.535426731078905,14.566559312936125,2.395330112721417,1.1406333870101986,
115,35.601180891035966,37.67444981213097,1.8048845947396672,4.9651100375738055,16.35131508319914,2.3483628556092326,1.2546967257112185,
116,35.93666129898014,37.5,1.8048845947396672,4.944981213097155,16.23054213633924,2.3349436392914655,1.247987117552335,
117,35.238862050456255,38.93585614600107,1.7847557702630166,4.944981213097155,15.693773483628556,2.301395598497048,1.1003757380568975,
118,35.628019323671495,38.55340848094471,1.6908212560386473,5.179817498658078,15.552871712292003,2.2946859903381642,1.1003757380568975,
119,36.18491680085883,38.04347826086956,1.6908212560386473,5.12614063338701,15.35829307568438,2.49597423510467,1.1003757380568975,
120,36.560654857756305,37.775093934514224,1.6908212560386473,5.12614063338701,15.042941492216855,2.4892646269457863,1.3150831991411702,
121,36.66129898013956,37.734836285560924,1.6908212560386473,5.10601180891036,15.002683843263553,2.4892646269457863,1.3150831991411702,
122,36.580783682232955,37.815351583467525,1.6908212560386473,5.287171229200215,14.848362855609233,2.4691358024691357,1.3083735909822867,
123,36.553945249597426,37.915995705850776,1.6908212560386473,5.273752012882448,14.78797638217928,2.4691358024691357,1.3083735909822867,
124,36.862587224906065,36.90955448201825,1.6505636070853462,5.179817498658078,15.619967793880837,2.4691358024691357,1.3083735909822867,
125,37.25174449812131,36.69484702093398,1.6505636070853462,5.032206119162641,15.593129361245303,2.4691358024691357,1.3083735909822867,
126,37.60735373054214,36.40633387010199,1.8518518518518519,4.998658078368224,15.505904455179817,2.4490069779924855,1.1808910359634996,
127,36.66800858829844,35.03086419753087,1.8250134192163177,4.394793344068707,17.599302200751477,3.3413848631239937,1.1406333870101986,
128,36.95652173913044,34.916800858829845,1.8250134192163177,4.30756843800322,17.51207729468599,3.3413848631239937,1.1406333870101986,
129,35.547504025764894,37.486580783682236,1.6841116478797638,3.683574879227053,17.143048845947398,3.321256038647343,1.133923778851315,
130,35.621309715512616,36.85587761674718,1.9122383252818036,3.683574879227053,17.559044551798173,3.260869565217391,1.107085346215781,
131,35.71524422973698,36.312399355877616,1.892109500805153,3.911701556629093,17.485238862050455,3.2206119162640903,1.4626945786366077,
132,36.05072463768116,36.07085346215781,1.8585614600107354,3.898282340311326,17.438271604938272,3.2206119162640903,1.4626945786366077,
133,36.48684916800859,35.83601717659689,1.8384326355340848,3.8848631239935587,17.324208266237253,3.180354267310789,1.4492753623188406,
134,36.60762211486849,35.63472893183038,1.8384326355340848,3.8580246913580245,17.21014492753623,3.1602254428341383,1.6908212560386473,
135,36.70155662909286,35.46698872785829,1.8384326355340848,4.03918411164788,17.122920021470748,3.140096618357488,1.6908212560386473,
136,36.963231347289316,35.319377348362856,1.8250134192163177,4.03918411164788,17.03569511540526,3.1333870101986045,1.6841116478797638,
137,37.19135802469136,34.86312399355877,1.8250134192163177,4.03918411164788,16.948470209339774,3.1333870101986045,1.9994632313472893,
138,37.01690821256039,34.58803005904455,1.8048845947396672,4.87788513150832,16.57944176060118,3.1333870101986045,1.9994632313472893,
139,37.513419216317764,34.312936124530324,1.8048845947396672,4.87788513150832,16.371443907675793,3.1333870101986045,1.9860440150295222,
140,37.72141706924316,34.245840042941495,1.8451422436929683,4.8443370907139025,16.23054213633924,3.1333870101986045,1.9793344068706387,
141,37.848899624261946,34.23913043478261,1.8451422436929683,4.830917874396135,16.14331723027375,3.113258185721954,1.9793344068706387,
142,37.82877079978529,33.9975845410628,2.0531400966183573,4.830917874396135,16.19699409554482,3.113258185721954,1.9793344068706387,
143,37.41277509393451,36.52710681696189,1.9927536231884058,4.247181964573269,14.955716586151368,2.885131508319914,1.9793344068706387,
144,35.68840579710145,35.75550187869028,1.9927536231884058,4.032474503488996,17.921363392377884,2.871712292002147,1.737788513150832,
145,35.487117552334944,35.258990874932906,1.7981749865807837,5.676328502415459,17.37788513150832,2.690552871712292,1.710950080515298,
146,35.950080515297905,34.916800858829845,1.7914653784219001,5.676328502415459,17.290660225442835,2.6637144390767578,1.710950080515298,
147,36.26543209876543,34.80944712828771,1.7914653784219001,5.676328502415459,17.10950080515298,2.6637144390767578,1.6841116478797638,
148,36.2788513150832,34.58803005904455,1.7914653784219001,5.998389694041868,17.008856682769725,2.6502952227589907,1.6841116478797638,
149,36.67471819645733,34.346484165324746,1.7914653784219001,5.891035963499732,16.968599033816425,2.6435856146001075,1.6841116478797638,
150,36.7686527106817,34.01771336553945,1.7914653784219001,5.891035963499732,16.901502952227588,2.6435856146001075,1.9860440150295222,
151,37.21819645732689,33.883521202361784,1.5767579173376274,5.884326355340848,16.841116478797638,2.6301663982823404,1.9659151905528718,
152,37.63419216317767,33.74932903918411,1.5767579173376274,5.864197530864198,16.586151368760063,2.623456790123457,1.9659151905528718,
153,37.69457863660762,33.57487922705314,1.5633387010198605,5.864197530864198,16.525764895330113,2.8247450348899625,1.9524959742351047,
154,38.056897477187334,33.19243156199678,1.5633387010198605,5.864197530864198,16.344605475040257,3.0864197530864197,1.892109500805153,
155,38.58024691358025,33.03811057434246,1.5029522275899088,5.790391841116479,16.129898013955984,3.0730005367686526,1.8853998926462694,
156,38.788244766505635,32.910628019323674,1.4962426194310252,5.904455179817498,15.955448201825014,3.0595813204508855,1.8853998926462694,
157,38.98282340311326,32.789855072463766,1.482823403113258,5.870907139023081,15.92860976918948,3.0595813204508855,1.8853998926462694,
158,39.14385399892646,32.326892109500804,1.751207729468599,6.125872249060655,15.807836822329575,2.9589371980676327,1.8853998926462694,
159,39.30488459473967,32.306763285024154,1.751207729468599,6.0587761674718195,15.74074074074074,2.952227589908749,1.8853998926462694,
160,39.754428341384866,31.749865807836823,1.9994632313472893,6.005099302200751,15.687063875469672,2.932098765432099,1.8719806763285025,
161,40.41196994095545,31.48148148148148,1.9994632313472893,5.870907139023081,15.458937198067632,2.9052603327965647,1.8719806763285025,
162,40.90177133655394,31.206387546967257,1.9994632313472893,5.864197530864198,15.311325818572195,2.9052603327965647,1.8115942028985508,
163,40.61996779388084,30.783682232957595,1.9994632313472893,5.850778314546431,15.83467525496511,3.099838969404187,1.8115942028985508,
164,40.80783682232958,30.67632850241546,1.9927536231884058,5.810520665593129,15.821256038647343,3.079710144927536,1.8115942028985508,
165,40.975577026301664,30.56897477187332,1.9860440150295222,5.790391841116479,15.787707997852925,3.079710144927536,1.8115942028985508,
166,41.136607622114866,30.213365539452496,1.9457863660762211,5.689747718733226,15.747450348899624,3.280998389694042,1.9860440150295222,
167,41.31105743424584,30.08588298443371,1.9457863660762211,5.656199677938808,15.599838969404187,3.280998389694042,2.120236178207193,
168,40.707192699946326,29.09957058507783,4.7168545356951155,5.622651637144391,14.700751476113794,3.2541599570585076,1.8988191089640365,
169,40.15700483091788,28.710413311862588,4.7168545356951155,5.622651637144391,15.660225442834138,3.2340311325818574,1.8988191089640365,
170,40.3918411164788,28.60305958132045,4.690016103059581,5.595813204508857,15.53274288781535,3.2340311325818574,1.9524959742351047,
171,40.707192699946326,27.932098765432098,5.434782608695652,5.3274288781535155,15.432098765432098,3.2139023081052067,1.9524959742351047,
172,40.96886741814278,27.85829307568438,5.394524959742351,5.260332796564681,15.378421900161031,3.193773483628556,1.9457863660762211,
173,41.2842190016103,27.78448738593666,5.360976918947934,5.246913580246914,15.190552871712292,3.1870638754696725,1.9457863660762211,
174,41.398282340311326,27.241009125067094,5.374396135265701,5.8239398819108965,15.150295222758992,3.0931293612453032,1.9189479334406871,
175,41.75389157273215,27.20746108427268,5.340848094471283,5.8239398819108965,14.861782071927,3.0931293612453032,1.9189479334406871,
176,42.0625335480408,27.026301663982824,5.340848094471283,5.783682232957595,14.821524422973699,3.0864197530864197,1.8786902844873858,
177,42.20343531937735,26.918947933440688,5.340848094471283,5.783682232957595,14.801395598497047,3.0730005367686526,1.8786902844873858,
178,42.290660225442835,26.78475577026302,5.340848094471283,5.911164787976382,14.754428341384862,3.0730005367686526,1.8451422436929683,
179,42.35775630703167,26.7512077294686,5.320719269994632,5.911164787976382,14.741009125067096,3.0730005367686526,1.8451422436929683,
180,42.69994632313473,26.536500268384327,5.186527106816962,5.978260869565218,14.680622651637144,3.0730005367686526,1.8451422436929683,
181,42.7938808373591,26.36876006441224,5.186527106816962,5.964841653247451,14.76784755770263,3.0730005367686526,1.8451422436929683,
182,43.01529790660226,26.29495437466452,5.186527106816962,5.917874396135265,14.673913043478262,3.066290928609769,1.8451422436929683,
183,43.10252281266774,26.261406333870102,5.173107890499195,5.884326355340848,14.673913043478262,3.0595813204508855,1.8451422436929683,
184,43.43800322061192,25.939345142243692,5.152979066022544,5.756843800322061,14.620236178207193,3.2474503488996245,1.8451422436929683,
185,43.552066559312934,25.925925925925927,5.139559849704777,5.743424584004294,14.586688137412775,3.207192699946323,1.8451422436929683,
186,43.84728931830381,25.77831454643049,5.112721417069243,5.71658615136876,14.526301663982823,3.207192699946323,1.8115942028985508,
187,44.12909286097692,25.704508856682768,5.038915727321524,5.656199677938808,14.452495974235104,3.207192699946323,1.8115942028985508,
188,43.31723027375201,27.85829307568438,3.9318303811057436,5.609232420826624,14.264626945786366,3.207192699946323,1.8115942028985508,
189,43.18974771873322,27.4020397208803,3.9318303811057436,6.494900697799249,14.090177133655395,3.0931293612453032,1.7981749865807837,
190,43.13607085346216,27.17391304347826,3.9318303811057436,6.776704240472356,14.090177133655395,3.0931293612453032,1.7981749865807837,
191,43.49168008588298,26.939076757917338,3.8848631239935587,6.763285024154589,14.029790660225443,3.0931293612453032,1.7981749865807837,
192,43.592324208266234,26.89210950080515,3.8848631239935587,6.756575415995706,13.982823403113258,3.0931293612453032,1.7981749865807837,
193,43.833870101986044,26.81159420289855,3.8848631239935587,6.702898550724638,13.969404186795492,3.046162104133119,1.751207729468599,
194,44.02844873859367,26.617015566290927,3.878153515834675,6.622383252818035,13.761406333870102,3.3413848631239937,1.751207729468599,
195,44.08883521202362,26.234567901234566,3.878153515834675,6.796833064949007,13.607085346215781,3.3413848631239937,2.0531400966183573,
196,42.96833064949007,28.824476650563607,3.3816425120772946,6.407675791733762,13.285024154589372,3.079710144927536,2.0531400966183573,
197,43.10252281266774,28.784219001610307,3.3816425120772946,6.347289318303811,13.258185721953838,3.0730005367686526,2.0531400966183573,
198,43.19645732689211,28.61647879763822,3.33467525496511,6.347289318303811,13.378958668813741,3.0730005367686526,2.0531400966183573,
199,42.55904455179817,27.85829307568438,3.33467525496511,8.011272141706923,13.191089640365004,3.026033279656468,2.01959205582394,
200,42.693236714975846,27.79790660225443,3.33467525496511,7.991143317230274,13.137412775093935,3.026033279656468,2.01959205582394,
201,42.82071926999463,27.72410091250671,3.33467525496511,7.991143317230274,13.110574342458401,3.0059044551798175,2.0128824476650564,
202,42.975040257648956,27.72410091250671,3.33467525496511,7.944176060118089,13.056897477187333,2.952227589908749,2.0128824476650564,
203,43.344068706387546,27.509393451422437,3.3279656468062266,7.9106280193236715,12.99651100375738,2.9119699409554483,1.9994632313472893,
204,43.43129361245303,27.334943639291467,3.280998389694042,8.07836822329576,12.962962962962964,2.9119699409554483,1.9994632313472893,
205,43.73322597960279,27.15378421900161,3.374932903918411,8.071658615136876,12.875738056897477,2.791196994095545,1.9994632313472893,
206,43.907675791733766,27.026301663982824,3.374932903918411,8.071658615136876,12.848899624261943,2.771068169618894,1.9994632313472893,
207,43.80032206119163,26.516371443907676,3.361513687600644,8.28636607622115,12.808641975308642,2.9723564143853998,2.254428341384863,
208,41.51234567901235,23.832528180354267,3.1065485775630703,7.675791733762749,19.900697799248523,2.2611379495437465,1.710950080515298,
209,41.928341384863124,23.698336017176597,2.945517981749866,7.39398819108964,20.081857219538378,2.2410091250670963,1.710950080515298,
210,42.190016103059584,23.60440150295223,2.945517981749866,7.360440150295223,19.94766505636071,2.2410091250670963,1.710950080515298,
211,41.74718196457327,22.899892646269457,2.945517981749866,8.943907675791733,19.887278582930758,2.2074610842726785,1.3687600644122384,
212,41.84782608695652,22.69189479334407,2.918679549114332,9.078099838969404,19.229736983360173,2.200751476113795,1.3687600644122384,0.6642512077294686
213,41.99543746645196,22.79253891572732,2.9119699409554483,9.044551798174986,19.02173913043478,2.200751476113795,1.3687600644122384,0.6642512077294686
214,42.46511003757381,22.52415458937198,2.885131508319914,8.917069243156199,18.867418142780462,2.187332259796028,1.4895330112721417,0.6642512077294686
215,42.73349436392915,22.383252818035427,3.1602254428341383,8.776167471819646,18.659420289855074,2.1604938271604937,1.4626945786366077,0.6642512077294686
216,43.08239398819109,22.33628556092324,3.1333870101986045,8.776167471819646,18.391035963499732,2.15378421900161,1.4626945786366077,0.6642512077294686
217,43.29039184111648,22.24235104669887,3.1199677938808374,8.715780998389693,18.35077831454643,2.15378421900161,1.4626945786366077,0.6642512077294686
218,43.45142243692968,22.19538378958669,3.0931293612453032,8.662104133118627,18.323939881910896,2.15378421900161,1.4559849704777241,0.6642512077294686
219,43.605743424584006,22.088030059044552,3.0931293612453032,8.61513687600644,18.323939881910896,2.15378421900161,1.4559849704777241,0.6642512077294686
220,43.86070853462158,22.0276435856146,3.0394524959742353,8.407139023081053,18.438003220611915,2.1068169618894257,1.4559849704777241,0.6642512077294686
221,44.155931293612454,21.87332259796028,3.012614063338701,8.387010198604402,18.357487922705314,2.1068169618894257,1.442565754159957,0.6642512077294686
222,44.457863660762214,21.74584004294149,2.999194847020934,8.32662372517445,18.270263016639827,2.1068169618894257,1.442565754159957,0.6508319914117016
223,44.67928073000537,21.658615136876005,2.9790660225442833,8.313204508856682,18.183038110574344,2.0933977455716586,1.442565754159957,0.6508319914117016
224,44.87385936661299,21.557971014492754,2.9790660225442833,8.279656468062266,18.12265163714439,2.0933977455716586,1.442565754159957,0.6508319914117016
225,45.25630703166935,21.423778851315085,2.9790660225442833,8.185721953837897,17.995169082125603,2.0933977455716586,1.442565754159957,0.6239935587761675
226,44.65915190552872,21.121846484165324,2.9790660225442833,9.219001610305957,17.66639828234031,2.0933977455716586,1.6371443907675791,0.6239935587761675
227,44.840311325818575,21.088298443370906,2.952227589908749,9.178743961352657,17.619431025228128,2.0665593129361244,1.6304347826086956,0.6239935587761675
228,44.927536231884055,21.054750402576488,2.952227589908749,9.172034353193773,17.579173376274827,2.059849704777241,1.6304347826086956,0.6239935587761675
229,44.97450348899624,21.007783145464305,3.1535158346752548,9.145195920558239,17.431561996779386,2.059849704777241,1.6035963499731616,0.6239935587761675
230,44.94095544820183,20.8870101986044,3.1535158346752548,9.138486312399356,17.384594739667204,2.2745571658615136,1.596886741814278,0.6239935587761675
231,44.900697799248526,20.739398819108963,3.140096618357488,9.41358024691358,17.310789049919485,2.2745571658615136,1.596886741814278,0.6239935587761675
232,45.249597423510465,20.725979602791195,3.140096618357488,9.353193773483628,17.06924315619968,2.2611379495437465,1.5767579173376274,0.6239935587761675
233,45.330112721417066,20.719269994632313,3.140096618357488,9.353193773483628,17.022275899087493,2.2410091250670963,1.570048309178744,0.6239935587761675
234,45.3972088030059,20.658883521202362,3.140096618357488,9.541062801932368,16.97530864197531,2.2410091250670963,1.4224369296833066,0.6239935587761675
235,45.22275899087493,20.511272141706925,3.0864197530864197,9.782608695652174,17.04911433172303,2.4490069779924855,1.4224369296833066,0.47638217928073
236,45.390499194847024,20.29656468062265,3.0864197530864197,10.017444981213098,16.914922168545356,2.395330112721417,1.4224369296833066,0.47638217928073
237,45.44417606011809,20.356951154052602,3.0864197530864197,10.010735373054214,16.841116478797638,2.368491680085883,1.415727321524423,0.47638217928073
238,45.430756843800324,20.1959205582394,3.0730005367686526,9.614868491680086,17.444981213097154,2.368491680085883,1.415727321524423,0.4562533548040794
239,45.3972088030059,20.068438003220614,3.066290928609769,9.816156736446592,17.411433172302736,2.368491680085883,1.415727321524423,0.4562533548040794
240,45.54482018250134,20.04830917874396,3.066290928609769,9.702093397745571,17.404723564143854,2.368491680085883,1.4090177133655395,0.4562533548040794
241,45.82662372517445,19.92753623188406,3.066290928609769,9.634997316156737,17.310789049919485,2.368491680085883,1.4090177133655395,0.4562533548040794
242,46.081588835212024,19.83360171765969,3.066290928609769,9.520933977455716,17.270531400966185,2.368491680085883,1.402308105206656,0.4562533548040794
243,46.242619431025226,19.786634460547504,3.052871712292002,9.480676328502415,17.216854535695116,2.3617820719269993,1.402308105206656,0.4562533548040794
244,46.51771336553945,19.612184648416534,3.046162104133119,9.447128287707997,17.156468062265162,2.3617820719269993,1.402308105206656,0.4562533548040794
245,46.63177670424047,19.578636607622116,3.0394524959742353,9.406870638754697,17.122920021470748,2.3617820719269993,1.402308105206656,0.4562533548040794
246,46.812936124530324,19.538378958668815,3.0193236714975846,9.339774557165862,17.08937198067633,2.341653247450349,1.402308105206656,0.4562533548040794
247,47.20880300590446,19.43102522812668,3.0059044551798175,9.27938808373591,16.881374127750938,2.341653247450349,1.3955984970477724,0.4562533548040794
248,47.148416532474506,19.343800322061192,2.999194847020934,9.232420826623725,16.800858829844337,2.623456790123457,1.3955984970477724,0.4562533548040794
249,47.25577026301664,19.155931293612454,3.180354267310789,9.232420826623725,16.700214707461082,2.623456790123457,1.3955984970477724,0.4562533548040794
250,47.34970477724101,19.142512077294686,3.180354267310789,9.192163177670425,16.666666666666668,2.623456790123457,1.3888888888888888,0.4562533548040794
251,47.42351046698873,19.122383252818036,3.180354267310789,9.192163177670425,16.6129898013956,2.623456790123457,1.3888888888888888,0.4562533548040794
252,47.57112184648417,19.048577563070317,3.166935050993022,9.131776704240472,16.6129898013956,2.623456790123457,1.3888888888888888,0.4562533548040794
253,47.745571658615134,19.048577563070317,3.166935050993022,9.084809447128288,16.485507246376812,2.623456790123457,1.3888888888888888,0.4562533548040794
254,47.839506172839506,19.028448738593667,3.166935050993022,9.078099838969404,16.451959205582394,2.6033279656468062,1.3888888888888888,0.4428341384863124
255,47.97369833601718,19.00161030595813,3.1535158346752548,9.044551798174986,16.391572732152444,2.6033279656468062,1.3888888888888888,0.4428341384863124
256,48.081052066559316,18.88083735909823,3.126677402039721,8.876811594202898,16.59957058507783,2.6033279656468062,1.3888888888888888,0.4428341384863124
257,47.12157809983897,20.02818035426731,3.126677402039721,8.715780998389693,16.586151368760063,2.589908749329039,1.3888888888888888,0.4428341384863124
258,47.22893183038111,19.98792270531401,3.1199677938808374,8.702361782071927,16.545893719806763,2.5831991411701556,1.3888888888888888,0.4428341384863124
259,47.148416532474506,20.068438003220614,3.1199677938808374,8.702361782071927,16.545893719806763,2.5831991411701556,1.3888888888888888,0.4428341384863124
260,47.32286634460547,19.98792270531401,3.113258185721954,8.695652173913043,16.465378421900162,2.5831991411701556,1.3888888888888888,0.4428341384863124
261,47.57112184648417,19.920826623725173,3.079710144927536,8.68894256575416,16.324476650563607,2.5831991411701556,1.3888888888888888,0.4428341384863124
262,47.557702630166396,19.91411701556629,3.079710144927536,8.668813741277509,16.069511540526033,2.5697799248523885,1.6975308641975309,0.4428341384863124
263,47.718733225979605,19.826892109500804,3.079710144927536,8.662104133118627,15.995705850778315,2.4892646269457863,1.7847557702630166,0.4428341384863124
264,47.698604401502955,19.77992485238862,3.0730005367686526,8.80300590445518,15.92860976918948,2.4892646269457863,1.7847557702630166,0.4428341384863124
265,47.745571658615134,19.766505636070853,3.066290928609769,8.776167471819646,15.92860976918948,2.4892646269457863,1.7847557702630166,0.4428341384863124
266,47.92002147074611,19.712828770799785,3.3548040794417604,8.729200214707461,15.888352120236178,2.3752012882447664,1.5767579173376274,0.4428341384863124
267,47.90660225442834,19.612184648416534,3.6231884057971016,8.709071390230811,15.881642512077295,2.3752012882447664,1.4492753623188406,0.4428341384863124
268,48.007246376811594,19.585346215780998,3.6231884057971016,8.702361782071927,15.841384863123993,2.3483628556092326,1.4492753623188406,0.4428341384863124
269,48.18169618894257,19.578636607622116,3.6231884057971016,8.668813741277509,15.747450348899624,2.3483628556092326,1.4090177133655395,0.4428341384863124
270,48.309178743961354,19.558507783145465,3.616478797638218,8.662104133118627,15.68035426731079,2.3483628556092326,1.3821792807300053,0.4428341384863124
271,48.40311325818572,19.55179817498658,3.603059581320451,8.61513687600644,15.365002683843263,2.3483628556092326,1.3821792807300053,0.7313472893183038
272,48.429951690821255,19.538378958668815,3.7104133118625873,8.581588835212024,15.331454643048845,2.301395598497048,1.3754696725711217,0.7313472893183038
273,48.56414385399893,19.51825013419216,3.8043478260869565,8.548040794417606,15.190552871712292,2.2745571658615136,1.3754696725711217,0.7246376811594203
274,48.56414385399893,19.28341384863124,3.8043478260869565,8.514492753623188,15.190552871712292,2.4490069779924855,1.4694041867954912,0.7246376811594203
275,48.711755233494365,19.048577563070317,3.7640901771336552,8.480944712828771,15.365002683843263,2.4490069779924855,1.4559849704777241,0.7246376811594203
276,48.83923778851315,18.98148148148148,3.730542136339238,8.480944712828771,15.33816425120773,2.4490069779924855,1.4559849704777241,0.7246376811594203
277,49.080783682232955,18.874127750939344,3.7238325281803544,8.433977455716587,15.257648953301127,2.4490069779924855,1.4559849704777241,0.7246376811594203
278,48.17498658078368,19.07541599570585,3.7238325281803544,8.373590982286634,15.230810520665592,3.2742887815351582,1.4224369296833066,0.7246376811594203
279,48.40311325818572,19.0552871712292,3.7238325281803544,8.232689210950081,15.183843263553408,3.2541599570585076,1.4224369296833066,0.7246376811594203
280,48.369565217391305,18.988191089640367,3.7238325281803544,8.521202361782072,15.056360708534621,3.193773483628556,1.4224369296833066,0.7246376811594203
281,48.62453032742888,18.947933440687063,3.7238325281803544,8.501073537305421,14.97584541062802,3.180354267310789,1.3217928073000538,0.7246376811594203
282,48.83923778851315,18.92109500805153,3.7037037037037037,8.433977455716587,14.888620504562533,3.166935050993022,1.3217928073000538,0.7246376811594203
283,48.94659151905529,18.867418142780462,3.7037037037037037,8.393719806763285,14.922168545356952,3.1199677938808374,1.3217928073000538,0.7246376811594203
284,49.13446054750403,18.833870101986044,3.589640365002684,8.380300590445518,14.908749329039184,3.1199677938808374,1.3083735909822867,0.7246376811594203
285,49.20826623725174,18.813741277509394,3.589640365002684,8.36688137412775,14.774557165861514,3.0595813204508855,1.4761137949543746,0.7112184648416533
286,49.402844873859365,18.80703166935051,3.5628019323671496,8.333333333333334,14.647074610842727,3.0595813204508855,1.4761137949543746,0.7112184648416533
287,49.785292538915726,18.666129898013956,3.5628019323671496,8.313204508856682,14.506172839506172,2.9790660225442833,1.4761137949543746,0.7112184648416533
288,50.053676865271065,18.63929146537842,3.515834675254965,8.3064949006978,14.325013419216317,2.9790660225442833,1.4694041867954912,0.7112184648416533
289,50.24154589371981,18.69296833064949,3.5091250670960816,8.266237251744498,14.15727321524423,2.9723564143853998,1.4492753623188406,0.7112184648416533
290,50.30864197530864,18.625872249060656,3.5091250670960816,8.266237251744498,14.15727321524423,2.9723564143853998,1.4492753623188406,0.7112184648416533
291,50.32206119162641,18.35077831454643,3.8043478260869565,8.252818035426731,14.210950080515298,2.898550724637681,1.4492753623188406,0.7112184648416533
292,50.64412238325282,18.21658615136876,3.7573805689747717,8.561460010735374,13.761406333870102,2.898550724637681,1.4492753623188406,0.7112184648416533
293,50.738056897477186,18.21658615136876,3.750670960815888,8.521202361782072,13.741277509393452,2.885131508319914,1.4358561460010735,0.7112184648416533
294,50.84541062801932,18.169618894256576,3.750670960815888,8.467525496511003,13.734567901234568,2.885131508319914,1.4358561460010735,0.7112184648416533
295,51.05340848094471,18.109232420826622,3.743961352657005,8.467525496511003,13.593666129898015,2.885131508319914,1.4358561460010735,0.7112184648416533
296,50.88566827697262,18.10252281266774,3.7372517444981215,8.36688137412775,13.875469672571121,2.885131508319914,1.4358561460010735,0.7112184648416533
297,51.05340848094471,18.089103596349972,3.7238325281803544,8.293075684380032,13.821792807300053,2.8784219001610305,1.4358561460010735,0.7045088566827697
298,51.24127750939345,18.035426731078903,3.7104133118625873,8.246108427267847,13.788244766505636,2.8650026838432634,1.4224369296833066,0.6910896403650026
299,51.34192163177671,17.921363392377884,3.9855072463768115,8.239398819108963,13.734567901234568,2.737520128824477,1.3486312399355878,0.6910896403650026
300,51.469404186795494,17.92807300053677,3.938539989264627,8.340042941492216,13.580246913580247,2.7241009125067097,1.328502415458937,0.6910896403650026
301,51.60359634997316,17.85426731078905,3.938539989264627,8.299785292538916,13.56682769726248,2.7241009125067097,1.3217928073000538,0.6910896403650026
