,45,50,52,51,55,53,54,60,56,58,61,57,59,62,46,63
0,96.98067632850241,3.0193236714975846,,,,,,,,,,,,,,
1,91.0829307568438,8.890230810520666,0.026838432635534086,,,,,,,,,,,,,
2,88.50644122383252,7.232957595276436,0.026838432635534086,4.186795491143317,0.04696725711218465,,,,,,,,,,,
3,88.44605475040258,7.253086419753086,0.026838432635534086,4.186795491143317,0.08722490606548577,,,,,,,,,,,
4,88.27160493827161,7.427536231884058,0.026838432635534086,4.03918411164788,0.23483628556092323,,,,,,,,,,,
5,85.5877616747182,10.084541062801932,0.026838432635534086,4.03918411164788,0.2616747181964573,,,,,,,,,,,
6,85.35292538915728,10.299248523886206,0.026838432635534086,4.05931293612453,0.2616747181964573,,,,,,,,,,,
7,83.2259796027912,12.258454106280194,0.026838432635534086,4.05931293612453,0.2616747181964573,0.16774020397208803,,,,,,,,,,
8,83.13204508856683,12.345679012345679,0.026838432635534086,3.9989264626945786,0.32877079978529256,0.16774020397208803,,,,,,,,,,
9,80.70316693505099,14.794685990338165,0.026838432635534086,3.978797638217928,0.32877079978529256,0.16774020397208803,,,,,,,,,,
10,73.71175523349436,21.4573268921095,0.026838432635534086,3.978797638217928,0.32877079978529256,0.49651100375738055,,,,,,,,,,
11,73.69162640901772,21.477455716586153,0.026838432635534086,3.9519592055823938,0.35560923242082665,0.49651100375738055,,,,,,,,,,
12,72.76570048309179,22.38996242619431,0.026838432635534086,3.9452495974235107,0.3757380568974772,0.49651100375738055,,,,,,,,,,
13,66.37815351583467,28.670155662909288,0.026838432635534086,3.7372517444981215,0.4025764895330113,0.49651100375738055,0.2885131508319914,,,,,,,,,
14,62.446323134728935,28.85131508319914,0.026838432635534086,7.588566827697263,0.30193236714975846,0.49651100375738055,0.2885131508319914,,,,,,,,,
15,62.33225979602791,28.965378421900162,0.026838432635534086,7.561728395061729,0.32877079978529256,0.49651100375738055,0.2885131508319914,,,,,,,,,
16,46.363392377885134,49.2686527106817,0.026838432635534086,4.025764895330113,0.14761137949543746,0.16774020397208803,,,,,,,,,,
17,46.19565217391305,49.21497584541063,0.12077294685990338,4.025764895330113,0.27509393451422437,0.16774020397208803,,,,,,,,,,
18,46.141975308641975,49.094202898550726,0.12077294685990338,4.025764895330113,0.3153515834675255,0.16774020397208803,0.13419216317767044,,,,,,,,,
19,46.041331186258724,49.100912506709605,0.12077294685990338,4.025764895330113,0.4092860976918948,0.16774020397208803,0.13419216317767044,,,,,,,,,
20,44.73295759527644,50.0805152979066,0.35560923242082665,4.052603327965647,0.47638217928073,0.16774020397208803,0.13419216317767044,,,,,,,,,
21,33.69565217391305,52.361782071927,0.32877079978529256,12.99651100375738,0.3153515834675255,0.16774020397208803,0.13419216317767044,,,,,,,,,
22,33.55475040257649,50.83870101986044,0.32877079978529256,12.620772946859903,2.328234031132582,0.16774020397208803,0.13419216317767044,0.026838432635534086,,,,,,,,
23,23.61111111111111,66.53918411164788,0.32877079978529256,6.870638754696726,2.314814814814815,0.16774020397208803,0.13419216317767044,0.026838432635534086,0.0067096081588835215,,,,,,,
24,23.329307568438004,56.64251207729468,0.32877079978529256,9.125067096081589,2.3483628556092326,8.024691358024691,0.13419216317767044,0.026838432635534086,0.040257648953301126,,,,,,,
25,21.712292002147073,51.02657004830918,5.522007514761138,10.849436392914654,2.3349436392914655,7.548309178743962,0.4428341384863124,0.026838432635534086,0.040257648953301126,0.47638217928073,0.020128824476650563,,,,,
26,18.203166935050994,44.83360171765969,5.522007514761138,23.329307568438004,2.4892646269457863,4.616210413311863,0.4428341384863124,0.026838432635534086,0.040257648953301126,0.47638217928073,0.020128824476650563,,,,,
27,13.546698872785829,35.31266774020397,5.314009661835748,37.56038647342995,2.9119699409554483,4.616210413311863,0.13419216317767044,0.06709608158883522,0.040257648953301126,0.47638217928073,0.020128824476650563,,,,,
28,13.546698872785829,35.31266774020397,5.233494363929147,37.52012882447665,2.952227589908749,4.616210413311863,0.13419216317767044,0.06709608158883522,0.040257648953301126,0.47638217928073,0.020128824476650563,0.08051529790660225,,,,
29,13.01663982823403,35.017444981213096,6.0587761674718195,37.52012882447665,2.952227589908749,4.575952764358561,0.13419216317767044,0.06709608158883522,0.040257648953301126,0.47638217928073,0.020128824476650563,0.08051529790660225,0.040257648953301126,,,
30,13.083735909822867,33.333333333333336,5.971551261406334,31.85721953837896,2.918679549114332,10.084541062801932,1.8451422436929683,0.06709608158883522,0.2214170692431562,0.47638217928073,0.020128824476650563,0.08051529790660225,0.040257648953301126,,,
31,12.795222758990874,31.93773483628556,5.488459473966721,33.17901234567901,3.0730005367686526,10.084541062801932,2.120236178207193,0.06709608158883522,0.5703166935050993,0.5233494363929146,0.020128824476650563,0.10064412238325282,0.040257648953301126,,,
32,8.796296296296296,30.267042404723565,4.4820182501341925,41.79414922168545,1.2748255501878691,10.00402576489533,2.1135265700483092,,0.5837359098228664,0.5233494363929146,0.020128824476650563,0.10064412238325282,0.040257648953301126,,,
33,8.82313472893183,30.246913580246915,7.071926999463232,39.03650026838432,1.2949543746645196,9.990606548577563,2.1135265700483092,,0.6977992485238862,0.5367686527106817,0.020128824476650563,0.1274825550187869,0.040257648953301126,,,
34,8.82313472893183,28.408480944712828,8.964036500268385,38.868760064412236,1.4090177133655395,9.990606548577563,2.1135265700483092,,0.6977992485238862,0.5367686527106817,0.020128824476650563,0.1274825550187869,0.040257648953301126,,,
35,8.82313472893183,28.381642512077295,8.964036500268385,38.868760064412236,1.4358561460010735,9.990606548577563,2.1135265700483092,,0.6977992485238862,0.5367686527106817,0.020128824476650563,0.1274825550187869,0.040257648953301126,,,
36,8.82313472893183,28.35480407944176,8.964036500268385,38.64734299516908,1.4626945786366077,9.990606548577563,2.3349436392914655,,0.6977992485238862,0.5367686527106817,0.020128824476650563,0.1274825550187869,0.040257648953301126,,,
37,5.931293612453032,73.66478797638219,6.219806763285024,7.883789586688137,3.8043478260869565,0.020128824476650563,1.9524959742351047,,0.3757380568974772,0.04696725711218465,,0.10064412238325282,,,,
38,5.9447128287707995,73.63123993558776,6.219806763285024,7.883789586688137,3.6768652710681695,0.020128824476650563,1.9524959742351047,,0.5233494363929146,0.04696725711218465,,0.10064412238325282,,,,
39,5.22007514761138,73.8191089640365,6.219806763285024,7.856951154052603,4.240472356414386,0.020128824476650563,1.9524959742351047,,0.5233494363929146,0.04696725711218465,,0.10064412238325282,,,,
40,4.086151368760064,64.17740203972087,3.4017713365539453,24.50348899624262,3.4822866344605474,0.020128824476650563,0.14090177133655393,,0.1878690284487386,,,,,,,
41,4.1129898013955986,64.15056360708535,3.4017713365539453,24.490069779924852,3.4822866344605474,0.020128824476650563,0.14090177133655393,,0.20128824476650564,,,,,,,
42,4.126409017713366,64.07004830917874,3.4017713365539453,24.436392914653783,3.535963499731616,0.03354804079441761,0.14090177133655393,,0.2549651100375738,,,,,,,
43,4.1532474503489,64.00295222758992,3.388352120236178,24.329039184111647,3.535963499731616,0.03354804079441761,0.13419216317767044,,0.33548040794417605,0.020128824476650563,0.06709608158883522,,,,,
44,3.549382716049383,62.03703703703704,10.775630703166936,19.578636607622116,3.4822866344605474,0.013419216317767043,0.13419216317767044,,0.3421900161030596,0.020128824476650563,0.06709608158883522,,,,,
45,3.569511540526033,61.9699409554482,10.775630703166936,19.578636607622116,3.5292538915727323,0.013419216317767043,0.13419216317767044,,0.3421900161030596,0.020128824476650563,0.06709608158883522,,,,,
46,2.7442297369833604,59.252549651100374,16.59286097691895,16.53918411164788,3.7573805689747717,0.013419216317767043,0.13419216317767044,,0.8789586688137413,0.020128824476650563,0.06709608158883522,,,,,
47,2.717391304347826,57.23295759527644,16.59286097691895,16.53918411164788,5.803811057434245,0.013419216317767043,0.13419216317767044,,0.8789586688137413,0.020128824476650563,0.06709608158883522,,,,,
48,2.7106816961889426,57.21953837895867,16.59286097691895,16.53918411164788,5.8172302737520125,0.013419216317767043,0.14090177133655393,,0.8789586688137413,0.020128824476650563,0.06709608158883522,,,,,
49,2.6972624798711755,55.23349436392915,16.59286097691895,16.09634997316157,7.816693505099302,0.013419216317767043,0.14090177133655393,,1.3217928073000538,0.020128824476650563,0.06709608158883522,,,,,
50,2.690552871712292,54.6027911969941,16.59286097691895,16.09634997316157,8.400429414922169,0.013419216317767043,0.14090177133655393,,1.3217928073000538,0.020128824476650563,0.12077294685990338,,,,,
51,2.717391304347826,54.33440687063875,16.418411164787976,14.741009125067096,8.749329039184111,0.013419216317767043,1.482823403113258,,1.3083735909822867,0.020128824476650563,0.15432098765432098,0.06038647342995169,,,,
52,2.717391304347826,51.268115942028984,16.411701556629094,14.720880300590446,8.628556092324208,3.2004830917874396,1.482823403113258,,1.3352120236178207,0.020128824476650563,0.15432098765432098,0.06038647342995169,,,,
53,2.737520128824477,50.88566827697262,16.19699409554482,12.198067632850242,8.84326355340848,3.1199677938808374,4.38137412775094,,1.3352120236178207,0.08722490606548577,0.15432098765432098,0.06038647342995169,,,,
54,2.7979066022544283,50.81857219538379,16.19699409554482,12.184648416532475,8.863392377885132,3.1199677938808374,4.408212560386473,,1.3083735909822867,0.08722490606548577,0.15432098765432098,0.06038647342995169,,,,
55,2.844873859366613,50.536768652710684,16.19699409554482,12.184648416532475,9.057971014492754,3.1199677938808374,4.408212560386473,,1.3083735909822867,0.08722490606548577,0.19457863660762212,0.06038647342995169,,,,
56,2.871712292002147,50.496511003757384,16.17686527106817,12.184648416532475,9.084809447128288,3.1199677938808374,4.408212560386473,,1.3083735909822867,0.08722490606548577,0.19457863660762212,0.06709608158883522,,,,
57,2.8918411164787976,48.74530327428878,16.17686527106817,12.164519592055823,10.748792270531402,3.1199677938808374,4.408212560386473,,1.402308105206656,0.08722490606548577,0.1878690284487386,0.06709608158883522,,,,
58,2.945517981749866,48.718464841653244,16.15673644659152,12.13768115942029,10.742082662372518,3.1199677938808374,4.408212560386473,,1.402308105206656,0.11406333870101985,0.1878690284487386,0.06709608158883522,,,,
59,2.918679549114332,46.4975845410628,16.15673644659152,12.13768115942029,12.989801395598498,3.1199677938808374,4.408212560386473,,1.402308105206656,0.11406333870101985,0.1878690284487386,0.06709608158883522,,,,
60,2.999194847020934,46.162104133118625,16.14331723027375,12.13768115942029,13.211218464841654,3.1199677938808374,4.408212560386473,,1.4358561460010735,0.1274825550187869,0.1878690284487386,0.06709608158883522,,,,
61,3.0193236714975846,45.99436392914654,16.27750939345142,12.104133118625873,13.24476650563607,3.1199677938808374,4.408212560386473,,1.4358561460010735,0.11406333870101985,0.1878690284487386,0.0939345142243693,,,,
62,3.0327428878153517,46.02791196994095,16.264090177133657,12.090713902308105,13.24476650563607,3.1199677938808374,4.38137412775094,0.020128824476650563,1.4224369296833066,0.11406333870101985,0.1878690284487386,0.0939345142243693,,,,
63,3.052871712292002,46.0077831454643,16.243961352657006,12.070585077831455,13.130703166935051,3.2340311325818574,4.367954911433173,0.020128824476650563,1.42914653784219,0.14090177133655393,0.1878690284487386,0.11406333870101985,,,,
64,2.999194847020934,43.76677402039721,14.888620504562533,12.037037037037036,14.63365539452496,3.260869565217391,6.481481481481482,0.020128824476650563,1.4090177133655395,0.1274825550187869,0.17444981213097155,0.20128824476650564,,,,
65,2.871712292002147,39.24449812130972,10.829307568438002,22.644927536231883,13.231347289318304,3.0193236714975846,6.327160493827161,0.020128824476650563,1.1607622114868492,0.1274825550187869,0.17444981213097155,0.2281266774020397,0.12077294685990338,,,
66,2.945517981749866,39.04320987654321,10.782340311325818,22.61808910359635,13.345410628019323,2.985775630703167,6.3137412775093935,0.020128824476650563,1.2077294685990339,0.1274825550187869,0.2147074610842727,0.27509393451422437,0.12077294685990338,,,
67,3.012614063338701,39.029790660225444,9.762479871175524,22.530864197530864,13.345410628019323,4.0995705850778315,6.273483628556092,0.020128824476650563,1.2278582930756843,0.1274825550187869,0.2147074610842727,0.23483628556092323,0.12077294685990338,,,
68,3.052871712292002,38.73456790123457,9.749060654857756,22.463768115942027,13.613794954374665,4.0995705850778315,6.273483628556092,0.020128824476650563,1.2949543746645196,0.1274825550187869,0.2147074610842727,0.23483628556092323,0.12077294685990338,,,
69,3.052871712292002,38.73456790123457,9.708803005904455,22.054482018250134,14.465915190552872,4.066022544283414,5.83064949006978,0.020128824476650563,1.2949543746645196,0.1610305958132045,0.2147074610842727,0.27509393451422437,0.12077294685990338,,,
70,3.052871712292002,38.378958668813745,6.078904991948471,26.194310252281266,14.40552871712292,4.066022544283414,5.837359098228664,0.020128824476650563,1.261406333870102,0.1610305958132045,0.24825550187869028,0.17444981213097155,0.12077294685990338,,,
71,3.052871712292002,38.258185721953836,6.078904991948471,26.08695652173913,14.526301663982823,4.066022544283414,5.803811057434245,0.05367686527106817,1.3687600644122384,0.1610305958132045,0.24825550187869028,0.17444981213097155,0.12077294685990338,,,
72,2.7777777777777777,29.200214707461082,17.01556629092861,26.006441223832528,13.278314546430488,4.85775630703167,4.7101449275362315,0.05367686527106817,1.3687600644122384,0.1610305958132045,0.24825550187869028,0.20128824476650564,0.12077294685990338,,,
73,2.7777777777777777,29.09286097691895,17.002147074610843,25.95276435856146,13.405797101449275,4.85775630703167,4.7101449275362315,0.05367686527106817,1.402308105206656,0.1610305958132045,0.24825550187869028,0.2147074610842727,0.12077294685990338,,,
74,2.7777777777777777,29.052603327965645,17.002147074610843,25.95276435856146,13.258185721953838,4.8443370907139025,4.7101449275362315,0.08051529790660225,1.4358561460010735,0.2683843263553409,0.24825550187869028,0.2147074610842727,0.15432098765432098,,,
75,2.771068169618894,26.10708534621578,26.268115942028984,23.1280193236715,12.030327428878154,2.5429414922168547,4.958400429414922,0.08051529790660225,1.42914653784219,0.06709608158883522,0.27509393451422437,0.1878690284487386,0.15432098765432098,,,
76,2.6838432635534084,24.698067632850243,38.93585614600107,18.04884594739667,9.541062801932368,2.5429414922168547,2.187332259796028,0.026838432635534086,0.41599570585077833,0.06709608158883522,0.2147074610842727,0.6038647342995169,0.03354804079441761,,,
77,2.6838432635534084,24.698067632850243,38.85534084809447,15.955448201825014,9.500805152979066,4.736983360171766,2.187332259796028,0.026838432635534086,0.4092860976918948,0.06709608158883522,0.2147074610842727,0.630703166935051,0.03354804079441761,,,
78,2.6435856146001075,24.664519592055825,44.357219538378956,13.063607085346217,8.735909822866345,2.818035426731079,2.1269457863660763,0.026838432635534086,0.47638217928073,0.03354804079441761,0.2147074610842727,0.8051529790660226,0.03354804079441761,,,
79,2.6838432635534084,24.65780998389694,44.31025228126678,13.036768652710682,8.735909822866345,2.7844873859366612,2.1269457863660763,0.026838432635534086,0.5032206119162641,0.06709608158883522,0.2147074610842727,0.8185721953837896,0.03354804079441761,,,
80,2.6838432635534084,24.65780998389694,44.357219538378956,12.99651100375738,8.735909822866345,2.7844873859366612,2.086688137412775,0.026838432635534086,0.5434782608695652,0.06709608158883522,0.2147074610842727,0.8118625872249061,0.03354804079441761,,,
81,2.6838432635534084,24.416264090177133,44.33038110574343,12.969672571121846,8.964036500268385,2.7844873859366612,2.086688137412775,0.026838432635534086,0.5703166935050993,0.06709608158883522,0.2281266774020397,0.8387010198604401,0.03354804079441761,,,
82,2.737520128824477,24.402844873859365,44.26328502415459,12.969672571121846,8.910359634997317,2.7844873859366612,2.086688137412775,0.05367686527106817,0.5703166935050993,0.06709608158883522,0.2281266774020397,0.8923778851315083,0.03354804079441761,,,
83,2.771068169618894,24.396135265700483,44.12909286097692,12.969672571121846,8.903650026838433,2.7777777777777777,2.086688137412775,0.05367686527106817,0.6239935587761675,0.06709608158883522,0.2281266774020397,0.9594739667203436,0.03354804079441761,,,
84,2.8113258185721954,23.396403650026837,44.08212560386473,12.674449812130971,8.970746108427267,4.1129898013955986,2.0128824476650564,0.05367686527106817,0.6038647342995169,0.06709608158883522,0.2281266774020397,0.95276435856146,0.03354804079441761,,,
85,2.831454643048846,23.336017176596886,44.08212560386473,12.674449812130971,8.977455716586151,4.1129898013955986,2.0263016639828235,0.05367686527106817,0.6038647342995169,0.06709608158883522,0.2616747181964573,0.9393451422436929,0.03354804079441761,,,
86,2.844873859366613,23.30246913580247,43.947933440687066,12.674449812130971,9.01100375738057,4.1129898013955986,2.0263016639828235,0.05367686527106817,0.6038647342995169,0.06709608158883522,0.2616747181964573,1.0601180891035964,0.03354804079441761,,,
87,2.871712292002147,23.289049919484704,43.86741814278046,12.674449812130971,8.997584541062801,4.1129898013955986,2.0263016639828235,0.05367686527106817,0.6709608158883521,0.06709608158883522,0.27509393451422437,1.0601180891035964,0.03354804079441761,,,
88,2.871712292002147,23.1682769726248,43.74664519592056,12.634192163177671,9.158615136876007,4.086151368760064,2.0128824476650564,0.05367686527106817,0.6910896403650026,0.06709608158883522,0.27509393451422437,1.1741814278046163,0.06038647342995169,,,
89,2.8515834675254963,22.799248523886206,43.70638754696726,12.493290391841116,9.621578099838969,4.086151368760064,2.0128824476650564,0.05367686527106817,0.7716049382716049,0.06709608158883522,0.27509393451422437,1.2010198604401503,0.06038647342995169,,,
90,2.885131508319914,22.779119699409556,43.55877616747182,12.47987117552335,9.621578099838969,4.079441760601181,2.0128824476650564,0.05367686527106817,0.8051529790660226,0.08051529790660225,0.27509393451422437,1.3352120236178207,0.03354804079441761,,,
91,2.918679549114332,22.69860440150295,43.384326355340846,12.47987117552335,9.64170692431562,4.079441760601181,2.0128824476650564,0.05367686527106817,0.9460547504025765,0.08722490606548577,0.2683843263553409,1.3955984970477724,0.03354804079441761,,,
92,2.368491680085883,22.33628556092324,41.79414922168545,13.197799248523886,9.64170692431562,4.012345679012346,3.730542136339238,0.05367686527106817,1.093666129898014,0.08722490606548577,0.2683843263553409,1.3821792807300053,0.03354804079441761,,,
93,2.3550724637681157,22.27589908749329,41.76060118089104,13.191089640365004,9.634997316156737,3.9318303811057436,4.03918411164788,0.05367686527106817,0.9460547504025765,0.08722490606548577,0.2549651100375738,1.4358561460010735,0.03354804079441761,,,
94,2.395330112721417,22.188674181427803,41.4922168545357,13.191089640365004,9.594739667203436,3.92512077294686,4.045893719806763,0.05367686527106817,0.9460547504025765,0.08722490606548577,0.2549651100375738,1.7914653784219001,0.03354804079441761,,,
95,2.4825550187869028,22.16183574879227,41.136607622114866,13.191089640365004,9.567901234567902,3.92512077294686,4.045893719806763,0.05367686527106817,1.093666129898014,0.08722490606548577,0.2549651100375738,1.9256575415995705,0.07380568974771873,,,
96,2.4825550187869028,22.134997316156735,41.015834675254965,13.144122383252817,9.594739667203436,3.92512077294686,4.045893719806763,0.05367686527106817,1.261406333870102,0.08722490606548577,0.2549651100375738,1.9256575415995705,0.07380568974771873,,,
97,2.4892646269457863,22.000805152979066,40.53945249597424,13.144122383252817,10.0979602791197,3.92512077294686,4.052603327965647,0.05367686527106817,1.3553408480944713,0.08722490606548577,0.2549651100375738,1.9256575415995705,0.07380568974771873,,,
98,2.5563607085346214,21.973966720343533,40.31803542673108,13.144122383252817,10.037573805689748,3.92512077294686,4.079441760601181,0.05367686527106817,1.3553408480944713,0.08722490606548577,0.2549651100375738,2.1403650026838434,0.07380568974771873,,,
99,2.6637144390767578,21.66532474503489,39.55314009661836,13.144122383252817,11.137949543746645,3.938539989264627,4.079441760601181,0.05367686527106817,1.3419216317767042,0.08722490606548577,0.2549651100375738,2.006172839506173,0.07380568974771873,,,
100,2.6838432635534084,21.64519592055824,39.55314009661836,13.130703166935051,11.137949543746645,3.938539989264627,4.079441760601181,0.05367686527106817,1.3419216317767042,0.08722490606548577,0.2683843263553409,2.006172839506173,0.07380568974771873,,,
101,2.703972088030059,21.64519592055824,39.47933440687064,13.123993558776167,11.18491680085883,3.938539989264627,4.079441760601181,0.05367686527106817,1.3419216317767042,0.08722490606548577,0.28180354267310787,2.006172839506173,0.07380568974771873,,,
102,2.7241009125067097,21.316425120772948,37.506709608158886,12.855609232420827,11.18491680085883,3.938539989264627,4.05931293612453,0.05367686527106817,4.2270531400966185,0.08722490606548577,0.28180354267310787,1.6706924315619969,0.0939345142243693,,,
103,2.7308105206655933,21.128556092324207,37.5,12.815351583467525,11.037305421363392,3.938539989264627,4.3545356951154055,0.05367686527106817,4.26731078904992,0.08722490606548577,0.28180354267310787,1.6706924315619969,0.13419216317767044,,,
104,2.7308105206655933,21.034621578099838,37.453032742887814,12.781803542673108,11.104401502952227,4.066022544283414,4.334406870638754,0.05367686527106817,4.240472356414386,0.08722490606548577,0.3153515834675255,1.6438539989264627,0.15432098765432098,,,
105,2.6704240472356413,19.578636607622116,41.25067096081589,12.781803542673108,10.02415458937198,4.066022544283414,4.327697262479871,0.05367686527106817,3.5292538915727323,0.08051529790660225,0.14761137949543746,1.3754696725711217,0.11406333870101985,,,
106,2.6704240472356413,19.578636607622116,41.2037037037037,12.781803542673108,10.02415458937198,4.066022544283414,4.327697262479871,0.05367686527106817,3.5292538915727323,0.08051529790660225,0.14761137949543746,1.4224369296833066,0.11406333870101985,,,
107,2.3349436392914655,8.984165324745035,30.213365539452496,43.78019323671498,3.670155662909286,3.7104133118625873,3.046162104133119,0.040257648953301126,3.3950617283950617,0.06709608158883522,0.026838432635534086,0.6575415995705851,0.07380568974771873,,,
108,2.3215244229736984,8.984165324745035,29.824208266237253,43.49838969404187,3.670155662909286,4.260601180891036,3.0394524959742353,0.040257648953301126,3.4017713365539453,0.06709608158883522,0.026838432635534086,0.7917337627482555,0.07380568974771873,,,
109,2.3483628556092326,8.890230810520666,29.797369833601717,43.484970477724104,3.750670960815888,4.260601180891036,3.0394524959742353,0.040257648953301126,3.4017713365539453,0.06709608158883522,0.026838432635534086,0.8185721953837896,0.07380568974771873,,,
110,2.3617820719269993,8.890230810520666,29.750402576489535,43.4447128287708,3.7909286097691894,4.260601180891036,3.0394524959742353,0.040257648953301126,3.4017713365539453,0.06709608158883522,0.026838432635534086,0.8521202361782072,0.07380568974771873,,,
111,2.328234031132582,8.883521202361782,28.37493290391841,41.10305958132045,3.797638217928073,4.260601180891036,6.756575415995706,0.040257648953301126,3.4017713365539453,0.06709608158883522,0.026838432635534086,0.8856682769726248,0.07380568974771873,,,
112,2.3617820719269993,8.863392377885132,27.91867954911433,38.34541062801932,3.8177670424047236,7.467793880837359,6.756575415995706,0.040257648953301126,3.321256038647343,0.06709608158883522,0.026838432635534086,0.9393451422436929,0.07380568974771873,,,
113,2.3617820719269993,8.863392377885132,27.710681696188942,38.31857219538379,3.844605475040258,7.467793880837359,6.756575415995706,0.040257648953301126,3.321256038647343,0.06709608158883522,0.026838432635534086,1.1473429951690821,0.07380568974771873,,,
114,2.3081052066559313,8.55475040257649,19.75979602791197,41.56602254428341,9.312936124530328,7.253086419753086,6.756575415995706,0.040257648953301126,3.33467525496511,0.08722490606548577,0.026838432635534086,0.9259259259259259,0.07380568974771873,,,
115,2.3081052066559313,8.527911969940956,19.75979602791197,41.277509393451425,9.628287707997853,7.253086419753086,6.66935050993022,0.040257648953301126,3.33467525496511,0.08722490606548577,0.026838432635534086,0.9259259259259259,0.1610305958132045,,,
116,2.341653247450349,8.527911969940956,19.49141170155663,41.217122920021474,9.601449275362318,7.253086419753086,6.655931293612453,0.06038647342995169,3.6097691894793345,0.08722490606548577,0.026838432635534086,0.95276435856146,0.17444981213097155,,,
117,2.368491680085883,8.521202361782072,19.49141170155663,41.096349973161566,9.64170692431562,7.253086419753086,6.655931293612453,0.06038647342995169,3.6500268384326353,0.08722490606548577,0.026838432635534086,0.95276435856146,0.19457863660762212,,,
118,2.4355877616747184,8.521202361782072,19.47128287707998,41.015834675254965,9.64170692431562,7.253086419753086,6.655931293612453,0.06038647342995169,3.6500268384326353,0.08722490606548577,0.08722490606548577,0.95276435856146,0.16774020397208803,,,
119,2.4557165861513686,8.373590982286634,19.424315619967793,41.02254428341385,9.520933977455716,7.253086419753086,7.0383789586688135,0.06038647342995169,3.549382716049383,0.08722490606548577,0.05367686527106817,0.95276435856146,0.20799785292538917,,,
120,1.3083735909822867,6.769994632313473,18.94122383252818,45.75952764358561,9.541062801932368,5.8239398819108965,6.904186795491143,0.06038647342995169,3.4621578099838968,0.08722490606548577,0.05367686527106817,1.0601180891035964,0.2281266774020397,,,
121,1.3217928073000538,6.595544820182502,18.47826086956522,43.71980676328502,9.614868491680086,5.669618894256575,9.722222222222221,0.03354804079441761,3.4822866344605474,0.08722490606548577,0.05367686527106817,1.0265700483091786,0.19457863660762212,,,
122,1.3486312399355878,6.595544820182502,18.47826086956522,43.69296833064949,9.614868491680086,5.642780461621041,9.702093397745571,0.03354804079441761,3.475577026301664,0.08722490606548577,0.08722490606548577,1.0265700483091786,0.2147074610842727,,,
123,1.3486312399355878,6.588835212023618,18.47826086956522,43.69296833064949,9.594739667203436,5.615942028985507,9.702093397745571,0.03354804079441761,3.475577026301664,0.14761137949543746,0.08722490606548577,1.0198604401502953,0.2147074610842727,,,
124,1.3687600644122384,6.588835212023618,18.451422436929683,43.57890499194847,9.339774557165862,5.615942028985507,9.688674181427805,0.03354804079441761,3.515834675254965,0.46967257112184646,0.08722490606548577,1.0466988727858293,0.2147074610842727,,,
125,1.2546967257112185,4.696725711218465,18.344068706387546,41.257380568974774,8.970746108427267,10.567632850241546,9.648416532474503,0.020128824476650563,3.4822866344605474,0.4025764895330113,0.08722490606548577,1.0534084809447128,0.2147074610842727,,,
126,1.2546967257112185,4.696725711218465,18.344068706387546,41.257380568974774,8.970746108427267,10.57434245840043,9.621578099838969,0.020128824476650563,3.475577026301664,0.4025764895330113,0.08722490606548577,1.0534084809447128,0.24154589371980675,,,
127,1.2546967257112185,4.690016103059581,18.303811057434245,41.243961352657,8.99087493290392,10.57434245840043,9.588030059044552,0.020128824476650563,3.475577026301664,0.4025764895330113,0.08722490606548577,1.093666129898014,0.27509393451422437,,,
128,1.2681159420289856,4.690016103059581,18.250134192163177,41.06280193236715,8.99087493290392,10.57434245840043,9.561191626409018,0.020128824476650563,3.643317230273752,0.4025764895330113,0.08722490606548577,1.1473429951690821,0.30193236714975846,,,
129,1.2748255501878691,4.690016103059581,18.149490069779926,40.88835212023618,8.903650026838433,10.534084809447128,9.728931830381105,0.020128824476650563,3.8177670424047236,0.43612453032742887,0.08722490606548577,1.133923778851315,0.33548040794417605,,,
130,1.3016639828234031,4.690016103059581,18.149490069779926,40.51932367149758,9.245840042941492,10.487117552334944,9.728931830381105,0.020128824476650563,3.8177670424047236,0.4495437466451959,0.08722490606548577,1.133923778851315,0.36902844873859364,,,
131,1.3486312399355878,4.690016103059581,18.08239398819109,39.60010735373054,8.205850778314547,10.446859903381643,10.661567364465915,,4.891304347826087,0.4495437466451959,0.0939345142243693,1.1607622114868492,0.36902844873859364,,,
132,1.3620504562533549,4.690016103059581,17.98845947396672,39.55314009661836,8.152173913043478,10.446859903381643,10.661567364465915,0.08051529790660225,4.898013955984971,0.4495437466451959,0.0939345142243693,1.2546967257112185,0.36902844873859364,,,
133,1.3955984970477724,4.676596886741814,17.92807300053677,39.52630166398282,8.132045088566828,10.446859903381643,10.661567364465915,0.08051529790660225,4.924852388620504,0.4495437466451959,0.0939345142243693,1.3150831991411702,0.36902844873859364,,,
134,1.4224369296833066,4.676596886741814,17.881105743424584,39.47933440687064,8.125335480407944,10.446859903381643,10.63472893183038,0.12077294685990338,4.924852388620504,0.4495437466451959,0.0939345142243693,1.3486312399355878,0.39586688137412773,,,
135,1.4559849704777241,4.676596886741814,17.68652710681696,39.439076757917334,8.158883521202362,10.426731078904991,10.601180891035963,0.12077294685990338,5.018786902844874,0.4495437466451959,0.10735373054213634,1.4626945786366077,0.39586688137412773,,,
136,1.442565754159957,4.676596886741814,17.652979066022546,38.788244766505635,8.225979602791197,11.16478797638218,10.601180891035963,0.12077294685990338,4.8443370907139025,0.4495437466451959,0.10735373054213634,1.4626945786366077,0.46296296296296297,,,
137,1.482823403113258,4.676596886741814,17.619431025228128,38.75469672571122,8.199141170155663,11.144659151905529,10.527375201288244,0.12077294685990338,4.85775630703167,0.4495437466451959,0.13419216317767044,1.4962426194310252,0.5367686527106817,,,
138,1.5365002683843263,4.676596886741814,17.54562533548041,38.7211486849168,8.21256038647343,11.137949543746645,10.493827160493828,0.12077294685990338,4.891304347826087,0.4495437466451959,0.13419216317767044,1.5432098765432098,0.5367686527106817,,,
139,1.5633387010198605,4.663177670424047,17.431561996779386,38.7211486849168,8.192431561996779,11.137949543746645,10.446859903381643,0.12077294685990338,4.891304347826087,0.5099302200751477,0.13419216317767044,1.6639828234031133,0.5233494363929146,,,
140,1.6505636070853462,4.663177670424047,17.398013955984972,38.69431025228127,8.192431561996779,11.077563070316694,10.420021470746109,0.14761137949543746,4.891304347826087,0.5099302200751477,0.13419216317767044,1.6975308641975309,0.5233494363929146,,,
141,1.4895330112721417,4.663177670424047,28.059581320450885,33.41384863123994,7.997852925389157,10.319377348362856,6.1929683306494905,0.14761137949543746,4.904723564143854,0.4495437466451959,0.13419216317767044,1.8451422436929683,0.3824476650563607,,,
142,1.5633387010198605,4.663177670424047,27.77777777777778,33.36688137412775,7.971014492753623,10.305958132045088,6.159420289855072,0.14761137949543746,5.159688674181428,0.5032206119162641,0.13419216317767044,1.8585614600107354,0.38915727321524424,,,
143,1.596886741814278,4.663177670424047,27.583199141170155,33.2259796027912,7.997852925389157,10.272410091250672,6.146001073537305,0.12077294685990338,5.4549114331723025,0.5367686527106817,0.13419216317767044,1.8786902844873858,0.38915727321524424,,,
144,1.5633387010198605,4.448470209339774,27.985775630703166,32.48792270531401,8.910359634997317,10.23215244229737,5.857487922705314,0.12077294685990338,5.381105743424584,0.5367686527106817,0.13419216317767044,1.9524959742351047,0.38915727321524424,,,
145,1.5767579173376274,4.448470209339774,29.99194847020934,31.387546967257112,8.836553945249598,10.218733225979603,4.5960815888352125,0.12077294685990338,5.850778314546431,0.5367686527106817,0.13419216317767044,1.9122383252818036,0.38915727321524424,,,
146,1.6035963499731616,4.448470209339774,29.99194847020934,30.95813204508857,8.99087493290392,10.11808910359635,4.5960815888352125,0.12077294685990338,6.025228126677402,0.5501878690284487,0.14761137949543746,2.059849704777241,0.38915727321524424,,,
147,1.6639828234031133,4.448470209339774,29.965110037573805,30.92458400429415,8.99087493290392,10.104669887278583,4.5960815888352125,0.12077294685990338,6.011808910359635,0.5501878690284487,0.14761137949543746,2.086688137412775,0.38915727321524424,,,
148,1.6774020397208802,4.448470209339774,29.95169082125604,30.434782608695652,9.359903381642512,9.977187332259795,4.5960815888352125,0.12077294685990338,6.125872249060655,0.6642512077294686,0.14761137949543746,2.1068169618894257,0.38915727321524424,,,
149,1.6774020397208802,4.448470209339774,29.95169082125604,30.434782608695652,9.359903381642512,9.977187332259795,4.549114331723027,0.12077294685990338,6.125872249060655,0.6642512077294686,0.14761137949543746,2.1068169618894257,0.43612453032742887,,,
150,1.7042404723564144,4.133118625872249,29.817498658078367,30.293880837359097,9.608158883521202,9.930220075147611,4.582662372517445,0.12077294685990338,6.125872249060655,0.6977992485238862,0.14761137949543746,2.4020397208803006,0.43612453032742887,,,
151,1.6774020397208802,3.4688674181427803,28.6231884057971,30.280461621041333,9.245840042941492,11.621041331186259,4.555823939881911,0.12077294685990338,6.146001073537305,0.7246376811594203,0.1274825550187869,2.9723564143853998,0.43612453032742887,,,
152,1.6639828234031133,3.435319377348363,28.6231884057971,30.273752012882447,9.272678475577026,11.600912506709609,4.575952764358561,0.12077294685990338,6.1862587224906065,0.7380568974771873,0.1274825550187869,2.945517981749866,0.43612453032742887,,,
153,1.6572732152442298,3.435319377348363,28.482286634460547,30.12614063338701,9.272678475577026,11.614331723027375,4.575952764358561,0.12077294685990338,6.3070316693505095,0.7581857219538379,0.1274825550187869,3.0864197530864197,0.43612453032742887,,,
154,1.7847557702630166,3.435319377348363,27.28797638217928,30.03220611916264,9.473966720343531,12.949543746645196,4.38137412775094,0.12077294685990338,6.3070316693505095,0.7581857219538379,0.15432098765432098,2.8784219001610305,0.43612453032742887,,,
155,1.8115942028985508,3.421900161030596,27.254428341384862,30.018786902844873,9.473966720343531,12.29200214707461,4.3478260869565215,0.12077294685990338,6.374127750939345,1.415727321524423,0.15432098765432098,2.8784219001610305,0.43612453032742887,,,
156,1.8250134192163177,3.421900161030596,27.254428341384862,29.97181964573269,9.50751476113795,12.278582930756844,4.3478260869565215,0.12077294685990338,6.374127750939345,1.415727321524423,0.15432098765432098,2.8784219001610305,0.4495437466451959,,,
157,1.8317230273752012,3.421900161030596,27.234299516908212,29.810789049919485,9.50751476113795,12.278582930756844,4.3478260869565215,0.12077294685990338,6.508319914117015,1.415727321524423,0.15432098765432098,2.898550724637681,0.46967257112184646,,,
158,1.9189479334406871,3.421900161030596,27.167203435319376,29.750402576489535,9.50751476113795,12.278582930756844,4.334406870638754,0.12077294685990338,6.515029522275899,1.415727321524423,0.15432098765432098,2.9253891572732154,0.48980139559849706,,,
159,1.8988191089640365,3.4151905528717124,27.120236178207193,29.388083735909824,9.883252818035427,12.265163714439076,4.327697262479871,0.12077294685990338,6.515029522275899,1.415727321524423,0.16774020397208803,2.9924852388620504,0.48980139559849706,,,
160,1.9390767579173376,3.4151905528717124,26.878690284487387,29.367954911433173,10.178475577026301,12.245034889962426,4.327697262479871,0.12077294685990338,6.4345142243692965,1.415727321524423,0.16774020397208803,3.0193236714975846,0.48980139559849706,,,
161,1.9592055823939882,3.4151905528717124,26.8719806763285,29.367954911433173,10.178475577026301,12.245034889962426,4.327697262479871,0.12077294685990338,6.4345142243692965,1.415727321524423,0.16774020397208803,3.0059044551798175,0.48980139559849706,,,
162,1.9927536231884058,3.4151905528717124,26.838432635534083,29.320987654320987,10.151637144390767,12.245034889962426,4.3545356951154055,0.12077294685990338,6.447933440687064,1.415727321524423,0.16774020397208803,3.0394524959742353,0.48980139559849706,,,
163,1.9927536231884058,3.4151905528717124,26.570048309178745,29.1532474503489,10.540794417606012,12.245034889962426,4.3545356951154055,0.12077294685990338,6.535158346752549,1.415727321524423,0.16774020397208803,2.999194847020934,0.48980139559849706,,,
164,1.9994632313472893,3.4151905528717124,26.442565754159958,29.146537842190018,10.540794417606012,12.245034889962426,4.3545356951154055,0.12077294685990338,6.528448738593666,1.415727321524423,0.17444981213097155,3.126677402039721,0.48980139559849706,,,
165,1.9927536231884058,3.4151905528717124,26.442565754159958,29.11969940955448,10.554213633923778,12.124261943102523,4.3545356951154055,0.12077294685990338,6.5485775630703165,1.415727321524423,0.17444981213097155,3.126677402039721,0.6105743424584005,,,
166,2.0128824476650564,3.4151905528717124,26.362050456253353,29.03918411164788,10.554213633923778,12.117552334943639,4.3545356951154055,0.12077294685990338,6.642512077294686,1.415727321524423,0.17444981213097155,3.166935050993022,0.6105743424584005,0.013419216317767043,,
167,2.0397208803005906,3.4151905528717124,26.362050456253353,29.012345679012345,10.554213633923778,12.117552334943639,4.3545356951154055,0.12077294685990338,6.642512077294686,1.3888888888888888,0.20128824476650564,3.166935050993022,0.6105743424584005,0.013419216317767043,,
168,2.0665593129361244,3.4151905528717124,26.362050456253353,29.012345679012345,10.554213633923778,12.090713902308105,4.3545356951154055,0.12077294685990338,6.642512077294686,1.3888888888888888,0.20128824476650564,3.166935050993022,0.6105743424584005,0.013419216317767043,,
169,2.0263016639828235,3.4151905528717124,28.63660762211487,27.905260332796566,10.554213633923778,11.05072463768116,4.3545356951154055,0.12077294685990338,6.615673644659152,1.3352120236178207,0.20128824476650564,3.1602254428341383,0.6105743424584005,0.013419216317767043,,
170,2.0263016639828235,3.2742887815351582,28.488996242619432,27.831454643048847,10.748792270531402,11.05072463768116,4.3478260869565215,0.12077294685990338,6.629092860976919,1.3955984970477724,0.20128824476650564,3.2340311325818574,0.6374127750939346,0.013419216317767043,,
171,1.9994632313472893,3.180354267310789,27.95222758990875,27.717391304347824,10.88298443370907,11.05072463768116,3.670155662909286,0.12077294685990338,8.011272141706923,1.3955984970477724,0.20128824476650564,3.207192699946323,0.5971551261406334,0.013419216317767043,,
172,1.9659151905528718,3.180354267310789,27.18733225979603,26.898819108964037,11.158078368223295,11.003757380568974,5.938003220611916,0.12077294685990338,7.199409554482019,1.415727321524423,0.20128824476650564,3.1535158346752548,0.5636070853462157,0.013419216317767043,,
173,1.9994632313472893,3.180354267310789,27.006172839506174,26.120504562533547,11.137949543746645,11.037305421363392,6.884057971014493,0.12077294685990338,7.092055823939882,1.4358561460010735,0.20128824476650564,3.166935050993022,0.6038647342995169,0.013419216317767043,,
174,1.9860440150295222,3.180354267310789,26.96591519055287,26.120504562533547,11.117820719269995,11.037305421363392,6.884057971014493,0.12077294685990338,7.078636607622115,1.4626945786366077,0.23483628556092323,3.193773483628556,0.6038647342995169,0.013419216317767043,,
