,45,50,52,51,55,57,53,54,56,59,58,60
0,95.33682232957595,4.663177670424047,,,,,,,,,,
1,66.84782608695652,31.5150295222759,1.6371443907675791,,,,,,,,,
2,66.91492216854536,31.42109500805153,1.6371443907675791,0.026838432635534086,,,,,,,,
3,60.970209339774556,37.25845410628019,1.6035963499731616,0.026838432635534086,0.10735373054213634,0.03354804079441761,,,,,,
4,56.387546967257116,33.44068706387547,7.5348899624261945,0.026838432635534086,0.14090177133655393,0.03354804079441761,2.4355877616747184,,,,,
5,53.938539989264626,33.7157809983897,7.481213097155126,0.013419216317767043,0.18115942028985507,0.06709608158883522,2.4355877616747184,2.167203435319377,,,,
6,49.785292538915726,27.3215244229737,7.25979602791197,11.688137412775093,0.14761137949543746,0.06709608158883522,1.5297906602254427,2.167203435319377,0.03354804079441761,,,
7,45.26301663982824,33.61513687600644,7.206119162640902,9.648416532474503,0.49651100375738055,0.06709608158883522,1.5297906602254427,2.1135265700483092,0.03354804079441761,0.026838432635534086,,
8,45.430756843800324,33.32662372517445,7.253086419753086,9.366612989801396,0.49651100375738055,0.1274825550187869,1.5297906602254427,2.368491680085883,0.07380568974771873,0.026838432635534086,,
9,45.571658615136876,33.1857219538379,7.185990338164252,9.380032206119163,0.5434782608695652,0.1274825550187869,1.5297906602254427,2.2342995169082127,0.07380568974771873,0.16774020397208803,,
10,39.50617283950617,34.15861513687601,7.14573268921095,9.01100375738057,0.7514761137949544,0.1274825550187869,0.4227053140096618,8.601717659688674,0.06709608158883522,0.20799785292538917,,
11,35.621309715512616,36.560654857756305,7.071926999463232,8.588298443370908,0.8387010198604401,0.1274825550187869,2.5161030595813205,8.393719806763285,0.08051529790660225,0.20128824476650564,,
12,26.798174986580783,36.07756307031669,6.582125603864735,17.887815351583466,0.8789586688137413,0.1610305958132045,2.4825550187869028,8.849973161567364,0.08051529790660225,0.20128824476650564,,
13,27.120236178207193,35.72866344605475,5.971551261406334,17.860976918947934,1.0064412238325282,0.1610305958132045,3.140096618357488,8.729200214707461,0.08051529790660225,0.20128824476650564,,
14,24.812130971551262,28.307836822329577,4.636339237788513,27.334943639291467,0.8722490606548577,0.1610305958132045,5.5689747718733225,7.950885668276973,0.12077294685990338,0.23483628556092323,,
15,23.564143853998928,29.78395061728395,4.62962962962963,27.20746108427268,0.9125067096081588,0.1610305958132045,5.441492216854535,7.957595276435856,0.12077294685990338,0.2214170692431562,,
16,23.845947396672035,27.77777777777778,4.562533548040794,29.01905528717123,0.9460547504025765,0.1610305958132045,5.407944176060118,7.944176060118089,0.11406333870101985,0.2214170692431562,,
17,22.376543209876544,25.026838432635532,15.432098765432098,23.443370907139023,0.7581857219538379,0.1610305958132045,3.4957058507783145,9.057971014492754,0.14761137949543746,0.10064412238325282,,
18,18.511808910359633,31.0252281266774,13.714439076757918,23.18840579710145,0.9393451422436929,0.1274825550187869,3.488996242619431,8.68894256575416,0.2147074610842727,0.10064412238325282,,
19,17.780461621041333,29.924852388620504,13.633923778851315,25.241545893719806,0.9393451422436929,0.1274825550187869,3.44873859366613,8.588298443370908,0.2147074610842727,0.10064412238325282,,
20,18.015297906602253,26.556629092860977,14.103596349973161,24.89935587761675,1.0131508319914118,0.28180354267310787,3.421900161030596,11.044015029522276,0.5636070853462157,0.10064412238325282,,
21,15.94873859366613,28.35480407944176,13.868760064412239,25.805152979066023,0.9997316156736447,0.3421900161030596,3.6768652710681695,10.319377348362856,0.5837359098228664,0.10064412238325282,,
22,14.418947933440688,29.64975845410628,15.029522275899087,25.731347289318304,0.966183574879227,0.30864197530864196,3.629898013955985,9.561191626409018,0.6038647342995169,0.07380568974771873,0.026838432635534086,
23,14.512882447665056,29.13311862587225,19.0955448201825,22.188674181427803,0.8856682769726248,0.33548040794417605,3.69699409554482,9.447128287707997,0.6038647342995169,0.07380568974771873,0.026838432635534086,
24,14.908749329039184,28.972088030059044,18.9747718733226,22.054482018250134,0.9057971014492754,0.35560923242082665,3.6902844873859366,9.433709071390231,0.6038647342995169,0.07380568974771873,0.026838432635534086,
25,15.458937198067632,28.79092860976919,18.867418142780462,21.826355340848096,0.8789586688137413,0.35560923242082665,3.6768652710681695,9.400161030595813,0.644122383252818,0.07380568974771873,0.026838432635534086,
26,15.626677402039721,27.234299516908212,18.71309715512614,21.692163177670423,0.8722490606548577,0.3421900161030596,5.428073000536768,9.359903381642512,0.630703166935051,0.07380568974771873,0.026838432635534086,
27,15.827965646806227,26.529790660225444,15.861513687600644,24.590713902308106,1.2748255501878691,0.3421900161030596,5.307300053676865,9.440418679549115,0.7246376811594203,0.07380568974771873,0.026838432635534086,
28,16.223832528180353,26.34863123993559,15.60654857756307,24.476650563607084,1.2748255501878691,0.3757380568974772,5.300590445517981,9.366612989801396,0.9259259259259259,0.07380568974771873,0.026838432635534086,
29,16.53918411164788,26.221148684916802,15.526033279656469,24.302200751476114,1.3419216317767042,0.4092860976918948,5.253623188405797,9.380032206119163,0.9259259259259259,0.07380568974771873,0.026838432635534086,
30,16.700214707461082,25.0805152979066,17.894524959742352,23.658078368223297,1.724369296833065,0.3824476650563607,5.260332796564681,7.9106280193236715,1.288244766505636,0.07380568974771873,0.026838432635534086,
31,16.404991948470208,23.17498658078368,16.344605475040257,29.864465915190554,1.6572732152442298,0.2147074610842727,5.280461621041331,5.609232420826624,1.3888888888888888,0.05367686527106817,0.0067096081588835215,
32,16.780730005367687,22.973698336017176,16.284219001610307,29.320987654320987,1.7176596886741815,0.23483628556092323,5.528717122920021,5.555555555555555,1.482823403113258,0.05367686527106817,0.06709608158883522,
33,14.304884594739667,29.488727858293075,16.170155662909288,20.511272141706925,1.2144390767579174,0.27509393451422437,11.218464841653248,5.481749865807837,1.1808910359634996,0.05367686527106817,0.10064412238325282,
34,14.841653247450349,29.186795491143318,16.076221148684915,20.45088566827697,1.247987117552335,0.27509393451422437,11.137949543746645,5.428073000536768,1.2010198604401503,0.05367686527106817,0.10064412238325282,
35,15.418679549114332,28.972088030059044,15.92860976918948,18.585614600107355,1.247987117552335,0.27509393451422437,10.272410091250672,8.05823939881911,1.1205045625335481,0.05367686527106817,0.06709608158883522,
36,15.982286634460548,28.6231884057971,15.58641975308642,18.45813204508857,1.3486312399355878,0.3421900161030596,10.138217928073,8.031400966183575,1.3419216317767042,0.05367686527106817,0.0939345142243693,
37,15.13016639828234,26.643853998926463,14.74771873322598,27.059849704777243,1.5499194847020934,0.3421900161030596,8.715780998389693,4.582662372517445,1.093666129898014,0.040257648953301126,0.0939345142243693,
38,14.660493827160494,23.872785829307567,19.068706387546968,30.656199677938808,1.5432098765432098,0.3824476650563607,6.0654857756307035,2.61003757380569,1.0802469135802468,,0.06038647342995169,
39,13.573537305421363,19.142512077294686,7.823403113258186,49.79200214707461,1.442565754159957,0.1610305958132045,4.669887278582931,2.4892646269457863,0.8454106280193237,,0.06038647342995169,
40,14.351851851851851,19.02173913043478,7.7361782071927,49.20826623725174,1.42914653784219,0.1610305958132045,4.62962962962963,2.4691358024691357,0.9393451422436929,,0.05367686527106817,
41,10.661567364465915,14.2914653784219,18.297101449275363,52.72410091250671,1.1137949543746646,0.1610305958132045,1.4895330112721417,0.5233494363929146,0.7112184648416533,,0.026838432635534086,
42,8.004562533548041,22.088030059044552,15.942028985507246,50.6508319914117,0.7246376811594203,0.18115942028985507,1.2748255501878691,0.41599570585077833,0.6910896403650026,,0.026838432635534086,
43,7.4141170155662905,21.557971014492754,15.854804079441761,51.99946323134729,0.5568974771873323,0.18115942028985507,1.2748255501878691,0.41599570585077833,0.7179280730005367,,0.026838432635534086,
44,7.601986044015029,21.39694041867955,36.178207192699944,31.702898550724637,0.38915727321524424,0.2885131508319914,1.0399892646269457,0.41599570585077833,0.9594739667203436,,0.026838432635534086,
45,5.4616210413311865,15.68035426731079,35.51395598497048,40.15700483091788,0.36902844873859364,0.36902844873859364,1.0399892646269457,0.36902844873859364,1.0131508319914118,,0.026838432635534086,
46,5.911164787976382,15.465646806226516,34.80944712828771,39.801395598497045,0.8252818035426731,0.6642512077294686,1.0399892646269457,0.36231884057971014,1.093666129898014,,0.026838432635534086,
47,5.931293612453032,15.378421900161031,33.95061728395062,40.86822329575953,0.8454106280193237,0.6843800322061192,1.0399892646269457,0.33548040794417605,0.9393451422436929,,0.026838432635534086,
48,6.474771873322598,15.183843263553408,33.64868491680086,40.25764895330113,0.9057971014492754,0.7716049382716049,1.0399892646269457,0.33548040794417605,1.3553408480944713,,0.026838432635534086,
49,6.991411701556629,15.103327965646805,33.44068706387547,39.85507246376812,0.9057971014492754,0.7447665056360708,1.0265700483091786,0.33548040794417605,1.556629092860977,,0.040257648953301126,
50,7.179280730005368,14.841653247450349,33.60842726784756,39.62694578636608,0.8521202361782072,0.95276435856146,1.0064412238325282,0.33548040794417605,1.556629092860977,,0.040257648953301126,
51,6.843800322061192,13.358829844337091,35.74208266237252,36.75523349436393,0.8185721953837896,0.9259259259259259,0.9863123993558777,2.717391304347826,1.8115942028985508,,0.040257648953301126,
52,7.105475040257649,11.842458400429415,37.0907139023081,36.48684916800859,0.8185721953837896,0.9393451422436929,0.966183574879227,2.6704240472356413,1.8115942028985508,,0.2683843263553409,
53,7.541599570585078,11.822329575952764,36.8491680085883,36.05072463768116,0.8387010198604401,0.9393451422436929,0.9594739667203436,2.563070316693505,2.073268921095008,0.0939345142243693,0.2683843263553409,
54,6.877348362855609,11.137949543746645,33.762748255501876,36.99006977992485,0.8923778851315083,0.9594739667203436,4.817498658078368,2.5496511003757383,1.6505636070853462,0.0939345142243693,0.2683843263553409,
55,6.635802469135802,11.084272678475577,26.41572732152442,44.47128287707998,0.8387010198604401,0.8118625872249061,4.804079441760601,2.5496511003757383,2.0263016639828235,0.0939345142243693,0.2683843263553409,
56,5.844068706387547,9.621578099838969,20.377079978529252,53.227321524422976,0.5568974771873323,0.7648953301127214,4.703435319377348,2.576489533011272,1.9659151905528718,0.0939345142243693,0.2683843263553409,
57,6.535158346752549,9.5276435856146,20.21604938271605,52.81132581857219,0.5568974771873323,0.7447665056360708,4.696725711218465,2.509393451422437,2.033011272141707,0.0939345142243693,0.27509393451422437,
58,6.957863660762212,9.4873859366613,20.081857219538378,52.11352657004831,0.5568974771873323,0.8655394524959742,4.696725711218465,2.4691358024691357,2.4020397208803006,0.0939345142243693,0.27509393451422437,
59,6.649221685453569,9.447128287707997,18.451422436929683,46.31642512077295,0.5568974771873323,0.8923778851315083,12.801932367149758,2.408749329039184,2.1068169618894257,0.12077294685990338,0.24825550187869028,
60,6.857219538378959,9.138486312399356,18.35077831454643,46.90016103059581,0.49651100375738055,0.8923778851315083,12.593934514224369,2.3752012882447664,2.033011272141707,0.11406333870101985,0.24825550187869028,
61,7.266505636070853,9.091519055287172,18.189747718733226,46.41035963499731,0.49651100375738055,0.95276435856146,12.553676865271068,2.314814814814815,2.3617820719269993,0.11406333870101985,0.24825550187869028,
62,7.769726247987117,9.03113258185722,17.995169082125603,45.8064949006978,0.5568974771873323,1.093666129898014,12.47987117552335,2.368491680085883,2.536231884057971,0.11406333870101985,0.24825550187869028,
63,7.568438003220612,8.561460010735374,15.901771336553946,49.45652173913044,0.5434782608695652,0.9259259259259259,12.332259796027913,2.167203435319377,2.227589908749329,0.11406333870101985,0.20128824476650564,
64,6.78341384863124,5.387815351583468,18.02871712292002,53.18035426731079,0.3153515834675255,0.8521202361782072,10.889694041867955,2.2074610842726785,2.0531400966183573,0.11406333870101985,0.1878690284487386,
65,7.340311325818572,5.367686527106817,17.773752012882447,52.42887815351583,0.322061191626409,1.0265700483091786,10.889694041867955,2.167203435319377,2.3550724637681157,0.14090177133655393,0.1878690284487386,
66,7.716049382716049,5.307300053676865,17.69994632313473,51.83843263553408,0.7179280730005367,1.0265700483091786,10.802469135802468,2.1604938271604937,2.3550724637681157,0.14090177133655393,0.23483628556092323,
67,7.353730542136339,5.307300053676865,21.38352120236178,47.658346752549654,0.6172839506172839,0.6776704240472357,10.775630703166936,3.878153515834675,2.167203435319377,0.11406333870101985,0.06709608158883522,
68,7.64224369296833,5.273752012882448,21.26945786366076,47.477187332259795,0.6172839506172839,0.7112184648416533,10.674986580783683,3.851315083199141,2.2745571658615136,0.11406333870101985,0.06709608158883522,0.026838432635534086
69,8.132045088566828,5.179817498658078,21.088298443370906,45.6454643048846,0.644122383252818,0.6910896403650026,10.104669887278583,3.824476650563607,4.4820182501341925,0.11406333870101985,0.06709608158883522,0.026838432635534086
70,8.662104133118627,5.132850241545894,20.96081588835212,45.189210950080515,0.630703166935051,0.7246376811594203,9.96376811594203,3.81105743424584,4.690016103059581,0.11406333870101985,0.0939345142243693,0.026838432635534086
71,9.037842190016104,5.045625335480408,20.88030059044552,44.31025228126678,0.7179280730005367,0.7112184648416533,9.96376811594203,3.7372517444981215,5.360976918947934,0.11406333870101985,0.0939345142243693,0.026838432635534086
72,9.353193773483628,5.038915727321524,20.77294685990338,42.652979066022546,3.1870638754696725,0.7112184648416533,9.91009125067096,2.8247450348899625,5.314009661835748,0.11406333870101985,0.0939345142243693,0.026838432635534086
73,9.608158883521202,5.038915727321524,22.913311862587225,42.44498121309716,3.046162104133119,0.7112184648416533,9.863123993558776,1.2077294685990339,5.025496511003757,0.0939345142243693,0.04696725711218465,
74,10.050993022007514,5.038915727321524,22.805958132045088,42.169887278582934,3.1065485775630703,0.6709608158883521,9.77589908749329,1.1741814278046163,5.032206119162641,0.0939345142243693,0.04696725711218465,0.03354804079441761
75,10.225442834138486,4.998658078368224,22.52415458937198,40.05636070853462,5.293880837359098,0.6575415995705851,9.655126140633387,1.261406333870102,5.0858829844337095,0.0939345142243693,0.11406333870101985,0.03354804079441761
76,10.802469135802468,4.944981213097155,22.450348899624263,39.76784755770263,5.267042404723564,0.6172839506172839,9.453837895866881,1.3955984970477724,4.998658078368224,0.1274825550187869,0.11406333870101985,0.06038647342995169
77,9.400161030595813,0.3421900161030596,20.2361782071927,47.51073537305421,4.797369833601718,0.5099302200751477,10.762211486849168,1.2949543746645196,4.810789049919484,0.1610305958132045,0.11406333870101985,0.06038647342995169
78,9.4873859366613,0.3421900161030596,23.101180891035963,46.39694041867955,4.086151368760064,0.6239935587761675,10.44015029522276,1.2681159420289856,4.03918411164788,0.0939345142243693,0.06709608158883522,0.05367686527106817
79,9.923510466988727,0.32877079978529256,22.933440687063875,46.03462157809984,4.079441760601181,0.6239935587761675,10.225442834138486,1.42914653784219,4.206924315619967,0.0939345142243693,0.06709608158883522,0.05367686527106817
80,10.25228126677402,0.32877079978529256,28.63660762211487,39.30488459473967,4.616210413311863,0.8185721953837896,10.158346752549651,1.5499194847020934,4.086151368760064,0.0939345142243693,0.10064412238325282,0.05367686527106817
81,10.064412238325282,0.30864197530864196,28.026033279656467,38.405797101449274,6.763285024154589,0.6977992485238862,9.39345142243693,1.5029522275899088,4.5893719806763285,0.0939345142243693,0.10064412238325282,0.05367686527106817
82,9.943639291465379,0.30864197530864196,25.650831991411703,47.28260869565217,5.434782608695652,0.6038647342995169,5.22007514761138,1.482823403113258,3.851315083199141,0.0939345142243693,0.10735373054213634,0.020128824476650563
83,10.446859903381643,0.30864197530864196,25.577026301663984,46.92028985507246,5.340848094471283,0.6038647342995169,5.173107890499195,1.482823403113258,3.92512077294686,0.0939345142243693,0.10735373054213634,0.020128824476650563
84,10.836017176596886,0.30864197530864196,25.49651100375738,46.64519592055824,5.293880837359098,0.5636070853462157,5.226784755770263,1.4962426194310252,3.898282340311326,0.0939345142243693,0.10735373054213634,0.03354804079441761
85,10.071121846484166,0.30864197530864196,19.008319914117017,56.91089640365003,3.670155662909286,0.5904455179817498,4.85775630703167,0.6038647342995169,3.844605475040258,0.026838432635534086,0.10735373054213634,
86,10.534084809447128,0.2952227589908749,18.874127750939344,56.29361245303274,3.7037037037037037,0.5904455179817498,4.830917874396135,0.6038647342995169,4.1129898013955986,0.026838432635534086,0.13419216317767044,
87,9.39345142243693,0.16774020397208803,16.002415458937197,63.17096081588835,3.280998389694042,0.5300590445517982,2.844873859366613,0.4294149221685454,4.086151368760064,0.026838432635534086,0.06709608158883522,
88,9.809447128287708,0.16774020397208803,15.821256038647343,62.848899624261946,3.079710144927536,0.5166398282340311,2.871712292002147,0.7246376811594203,4.066022544283414,0.026838432635534086,0.06709608158883522,
89,7.722758990874933,12.050456253354804,10.869565217391305,59.88996242619431,4.180085882984434,0.3421900161030596,1.3620504562533549,0.4495437466451959,3.1065485775630703,0.026838432635534086,,
90,8.259527643585615,11.949812130971551,10.795759527643586,59.41358024691358,4.1532474503489,0.3421900161030596,1.3620504562533549,0.47638217928073,3.2206119162640903,0.026838432635534086,,
91,8.695652173913043,11.802200751476114,10.46027911969941,58.943907675791735,4.74369296833065,0.33548040794417605,1.3150831991411702,0.47638217928073,3.2004830917874396,0.026838432635534086,,
92,8.695652173913043,11.77536231884058,10.084541062801932,60.017444981213096,4.126409017713366,0.30193236714975846,1.3419216317767042,0.47638217928073,3.1535158346752548,0.026838432635534086,,
93,9.118357487922705,11.621041331186259,10.037573805689748,58.722490606548575,4.126409017713366,0.27509393451422437,1.3419216317767042,0.47638217928073,4.253891572732153,0.026838432635534086,,
94,9.125067096081589,11.594202898550725,17.69994632313473,51.7512077294686,3.8915727321524423,0.27509393451422437,1.3150831991411702,0.2214170692431562,4.0995705850778315,0.026838432635534086,,
95,8.950617283950617,11.158078368223295,16.51905528717123,52.79119699409554,3.5225442834138487,0.19457863660762212,1.2949543746645196,1.7914653784219001,3.7775093934514223,,,
96,9.473966720343531,11.151368760064413,16.42512077294686,50.14761137949544,5.730005367686527,0.19457863660762212,1.2949543746645196,1.8115942028985508,3.770799785292539,,,
97,10.017444981213098,11.084272678475577,16.203703703703702,49.69806763285024,5.723295759527644,0.28180354267310787,1.2949543746645196,1.8115942028985508,3.8848631239935587,,,
98,8.903650026838433,10.963499731615673,15.754159957058508,51.63714439076758,5.360976918947934,0.28180354267310787,1.2546967257112185,2.589908749329039,3.2541599570585076,,,
99,9.4873859366613,10.889694041867955,15.653515834675256,51.15405260332797,5.360976918947934,0.3153515834675255,1.2546967257112185,2.576489533011272,3.307836822329576,,,
100,9.930220075147611,10.72866344605475,15.579710144927537,49.5504562533548,5.300590445517981,0.3153515834675255,2.690552871712292,2.576489533011272,3.3279656468062266,,,
101,10.379763821792807,10.420021470746109,15.539452495974235,48.93317230273752,5.475040257648954,0.3153515834675255,2.690552871712292,2.5161030595813205,3.69699409554482,0.03354804079441761,,
102,10.68840579710145,10.393183038110575,15.385131508319914,48.49704777241009,5.495169082125604,0.3824476650563607,2.690552871712292,2.475845410628019,3.9184111647879765,0.07380568974771873,,
103,11.030595813204508,10.292538915727322,15.318035426731079,48.047504025764894,5.528717122920021,0.4092860976918948,2.657004830917874,2.4221685453569513,4.200214707461084,0.06038647342995169,0.03354804079441761,
104,11.580783682232958,10.165056360708535,15.13016639828234,47.70531400966183,5.555555555555555,0.5166398282340311,2.6301663982823404,2.4221685453569513,4.17337627482555,0.06038647342995169,0.06038647342995169,
105,12.184648416532475,10.138217928073,14.969135802469136,47.235641438539986,5.555555555555555,0.5501878690284487,2.589908749329039,2.4221685453569513,4.206924315619967,0.08722490606548577,0.06038647342995169,
106,12.245034889962426,8.380300590445518,14.888620504562533,47.0276435856146,7.601986044015029,0.5367686527106817,2.5429414922168547,2.4221685453569513,4.180085882984434,0.11406333870101985,0.06038647342995169,
107,11.56736446591519,8.272946859903382,20.69243156199678,42.31749865807837,7.702630166398282,0.5300590445517982,2.4892646269457863,2.3617820719269993,3.8580246913580245,0.14761137949543746,0.06038647342995169,
108,11.98336017176597,8.239398819108963,20.202630166398283,41.71363392377885,7.877079978529254,0.8722490606548577,2.4892646269457863,2.395330112721417,3.9855072463768115,0.18115942028985507,0.06038647342995169,
109,12.486580783682234,8.179012345679013,20.061728395061728,41.37144390767579,7.85024154589372,0.8655394524959742,2.4892646269457863,2.395330112721417,4.025764895330113,0.18115942028985507,0.06038647342995169,0.03354804079441761
110,12.526838432635534,8.031400966183575,20.068438003220614,41.056092324208265,7.25979602791197,0.8319914117015567,2.4221685453569513,3.066290928609769,4.408212560386473,0.20799785292538917,0.08722490606548577,0.03354804079441761
111,11.252012882447666,3.8915727321524423,16.25738056897477,53.50912506709608,5.656199677938808,0.5770263016639828,1.8585614600107354,2.26784755770263,4.40150295222759,0.20799785292538917,0.08722490606548577,0.03354804079441761
112,11.869296833064949,3.851315083199141,16.190284487385938,52.925389157273216,5.656199677938808,0.5770263016639828,1.8853998926462694,2.24771873322598,4.441760601180891,0.23483628556092323,0.08722490606548577,0.03354804079441761
113,10.138217928073,3.515834675254965,10.21202361782072,59.252549651100374,7.7361782071927,0.5434782608695652,1.7713365539452497,2.5697799248523885,3.9049919484702094,0.23483628556092323,0.08722490606548577,0.03354804079441761
114,10.520665593129362,3.515834675254965,10.104669887278583,58.76945786366076,7.729468599033816,0.6105743424584005,1.751207729468599,2.5697799248523885,4.005636070853462,0.27509393451422437,0.11406333870101985,0.03354804079441761
115,11.064143853998926,3.515834675254965,10.02415458937198,58.4272678475577,7.481213097155126,0.6105743424584005,1.751207729468599,2.5429414922168547,4.133118625872249,0.30193236714975846,0.11406333870101985,0.03354804079441761
116,11.419753086419753,3.502415458937198,9.950348899624261,58.011272141706925,7.427536231884058,0.6374127750939346,1.7444981213097155,2.5429414922168547,4.314278046162104,0.30193236714975846,0.11406333870101985,0.03354804079441761
117,11.768652710681696,3.502415458937198,9.822866344605474,57.6556629092861,7.4006977992485234,0.7313472893183038,1.778046162104133,2.5161030595813205,4.374664519592056,0.30193236714975846,0.11406333870101985,0.03354804079441761
118,12.124261943102523,3.455448201825013,9.769189479334408,57.19940955448202,7.467793880837359,0.7313472893183038,1.778046162104133,2.5026838432635534,4.522275899087493,0.30193236714975846,0.11406333870101985,0.03354804079441761
119,12.627482555018787,3.44873859366613,9.64170692431562,56.92431561996779,7.4006977992485234,0.7246376811594203,1.8048845947396672,2.428878153515835,4.562533548040794,0.30193236714975846,0.10064412238325282,0.03354804079441761
120,12.734836285560924,3.44873859366613,11.198336017176597,55.35426731078905,7.266505636070853,0.7045088566827697,1.8048845947396672,2.428878153515835,4.5960815888352125,0.30193236714975846,0.1274825550187869,0.03354804079441761
121,13.050187869028449,3.435319377348363,10.299248523886206,54.871175523349436,7.232957595276436,0.6038647342995169,3.0864197530864197,2.38191089640365,4.53569511540526,0.30193236714975846,0.16774020397208803,0.03354804079441761
122,13.546698872785829,3.4151905528717124,10.205314009661835,54.30085882984434,7.407407407407407,0.5837359098228664,3.066290928609769,2.368491680085883,4.602791196994096,0.30193236714975846,0.16774020397208803,0.03354804079441761
123,12.4597423510467,3.3950617283950617,17.270531400966185,49.11433172302738,7.440955448201825,0.5971551261406334,2.6167471819645733,2.3483628556092326,4.2203435319377345,0.30193236714975846,0.20128824476650564,0.03354804079441761
124,12.701288244766506,3.3950617283950617,17.156468062265162,48.80568974771873,7.501341921631776,0.5703166935050993,2.6167471819645733,2.442297369833602,4.274020397208803,0.30193236714975846,0.20128824476650564,0.03354804079441761
125,13.157541599570585,3.3548040794417604,17.09608158883521,48.429951690821255,7.514761137949543,0.5703166935050993,2.6167471819645733,2.442297369833602,4.30756843800322,0.27509393451422437,0.20128824476650564,0.03354804079441761
126,13.405797101449275,3.33467525496511,16.908212560386474,47.87305421363392,7.548309178743962,0.630703166935051,2.636876006441224,2.4825550187869028,4.669887278582931,0.27509393451422437,0.20128824476650564,0.03354804079441761
127,14.016371443907676,3.280998389694042,15.821256038647343,47.58454106280193,7.407407407407407,0.6239935587761675,3.5762211486849167,2.475845410628019,4.770531400966184,0.20799785292538917,0.20128824476650564,0.03354804079441761
128,14.49946323134729,3.2541599570585076,15.72061191626409,47.28931830381106,7.37385936661299,0.6239935587761675,3.6097691894793345,2.408749329039184,4.777241009125067,0.20799785292538917,0.20128824476650564,0.03354804079441761
129,14.834943639291465,3.2541599570585076,16.035963499731615,47.10144927536232,7.273215244229737,0.7045088566827697,3.166935050993022,2.4355877616747184,4.750402576489533,0.20799785292538917,0.20128824476650564,0.03354804079441761
130,15.277777777777779,3.240740740740741,15.881642512077295,46.67203435319377,7.266505636070853,0.7380568974771873,3.140096618357488,2.462426194310252,4.87788513150832,0.20799785292538917,0.20128824476650564,0.03354804079441761
131,15.465646806226516,3.240740740740741,15.49248523886205,46.222490606548575,7.266505636070853,1.0131508319914118,3.113258185721954,2.4557165861513686,5.287171229200215,0.20799785292538917,0.20128824476650564,0.03354804079441761
132,14.741009125067096,2.0263016639828235,15.237520128824476,42.190016103059584,6.850509930220075,1.0064412238325282,3.0730005367686526,8.950617283950617,5.501878690284487,0.20799785292538917,0.18115942028985507,0.03354804079441761
133,13.989533011272142,2.0263016639828235,9.359903381642512,51.12050456253355,5.401234567901234,0.8923778851315083,2.7106816961889426,8.876811594202898,5.273752012882448,0.14761137949543746,0.16774020397208803,0.03354804079441761
134,14.096886741814279,2.0263016639828235,8.621846484165324,52.502683843263554,4.736983360171766,0.8856682769726248,2.7106816961889426,8.78287707997853,5.287171229200215,0.17444981213097155,0.14090177133655393,0.03354804079441761
135,14.338432635534085,2.0263016639828235,8.55475040257649,52.15378421900161,4.736983360171766,0.966183574879227,3.046162104133119,8.413848631239935,5.374396135265701,0.20128824476650564,0.15432098765432098,0.03354804079441761
136,14.848362855609233,2.0263016639828235,8.55475040257649,51.60359634997316,4.7168545356951155,0.966183574879227,3.0327428878153517,8.360171765968868,5.501878690284487,0.20128824476650564,0.15432098765432098,0.03354804079441761
137,14.304884594739667,2.0263016639828235,11.674718196457327,49.24852388620504,4.669887278582931,0.9997316156736447,3.026033279656468,8.145464304884594,5.515297906602254,0.20128824476650564,0.15432098765432098,0.03354804079441761
138,14.566559312936125,2.01959205582394,11.621041331186259,48.92646269457864,4.669887278582931,0.966183574879227,3.052871712292002,8.145464304884594,5.642780461621041,0.20128824476650564,0.15432098765432098,0.03354804079441761
139,14.9020397208803,2.01959205582394,11.580783682232958,48.718464841653244,4.663177670424047,0.966183574879227,3.026033279656468,8.044820182501342,5.662909286097692,0.2281266774020397,0.15432098765432098,0.03354804079441761
140,15.271068169618895,2.01959205582394,11.520397208803006,48.41653247450349,4.676596886741814,0.9863123993558777,2.9723564143853998,7.917337627482555,5.783682232957595,0.2147074610842727,0.1878690284487386,0.03354804079441761
141,15.049651100375739,2.01959205582394,10.815888352120236,51.12721417069243,4.582662372517445,0.9125067096081588,1.8250134192163177,7.749597423510467,5.522007514761138,0.2147074610842727,0.14761137949543746,0.03354804079441761
142,15.257648953301127,2.01959205582394,10.815888352120236,49.23510466988728,4.28743961352657,0.8856682769726248,3.9049919484702094,7.716049382716049,5.501878690284487,0.17444981213097155,0.16774020397208803,0.03354804079441761
143,15.707192699946322,2.01959205582394,10.815888352120236,48.64465915190553,4.334406870638754,0.8856682769726248,3.878153515834675,7.6623725174449815,5.649490069779925,0.17444981213097155,0.19457863660762212,0.03354804079441761
144,16.015834675254965,2.01959205582394,10.782340311325818,48.43666129898014,4.320987654320987,0.8655394524959742,3.824476650563607,7.64224369296833,5.656199677938808,0.20799785292538917,0.19457863660762212,0.03354804079441761
145,16.14331723027375,2.01959205582394,10.661567364465915,47.61808910359635,4.334406870638754,0.95276435856146,3.8714439076757916,7.615405260332796,6.347289318303811,0.20799785292538917,0.19457863660762212,0.03354804079441761
146,16.59286097691895,2.01959205582394,10.406602254428341,46.69216317767042,4.361245303274289,0.9326355340848095,4.683306494900698,7.50805152979066,6.300322061191626,0.27509393451422437,0.19457863660762212,0.03354804079441761
147,16.928341384863124,2.01959205582394,10.305958132045088,46.3768115942029,4.414922168545357,0.9326355340848095,4.64975845410628,7.494632313472893,6.374127750939345,0.27509393451422437,0.19457863660762212,0.03354804079441761
148,17.01556629092861,2.01959205582394,10.272410091250672,46.02120236178207,4.40150295222759,0.95276435856146,4.636339237788513,7.326892109500805,6.850509930220075,0.27509393451422437,0.19457863660762212,0.03354804079441761
149,17.290660225442835,2.01959205582394,10.158346752549651,45.772946859903385,4.428341384863124,0.95276435856146,4.669887278582931,7.266505636070853,6.863929146537842,0.27509393451422437,0.2683843263553409,0.03354804079441761
150,17.485238862050455,2.01959205582394,10.138217928073,45.370370370370374,4.414922168545357,0.95276435856146,4.669887278582931,7.273215244229737,7.098765432098766,0.27509393451422437,0.2683843263553409,0.03354804079441761
151,17.867686527106816,2.01959205582394,10.071121846484166,44.73295759527644,4.918142780461621,0.9125067096081588,4.683306494900698,7.25979602791197,6.984702093397746,0.24825550187869028,0.2683843263553409,0.03354804079441761
152,18.10252281266774,1.9994632313472893,10.010735373054214,44.35050993022008,4.938271604938271,0.9125067096081588,4.696725711218465,7.253086419753086,7.192699946323135,0.24825550187869028,0.2616747181964573,0.03354804079441761
153,18.297101449275363,1.9390767579173376,9.96376811594203,44.02173913043478,5.0858829844337095,0.9460547504025765,4.64975845410628,7.239667203435319,7.313472893183038,0.24825550187869028,0.2616747181964573,0.03354804079441761
154,18.531937734836287,1.9390767579173376,9.923510466988727,43.887546967257116,5.065754159957058,0.8990874932903918,4.64975845410628,7.226247987117552,7.2933440687063875,0.2885131508319914,0.2616747181964573,0.03354804079441761
155,18.853998926462694,1.9122383252818036,9.916800858829845,43.364197530864196,5.4549114331723025,0.8722490606548577,4.562533548040794,7.226247987117552,7.253086419753086,0.2885131508319914,0.2616747181964573,0.03354804079441761
156,19.135802469135804,1.9122383252818036,9.863123993558776,43.25013419216318,5.428073000536768,0.8722490606548577,4.549114331723027,7.14573268921095,7.2933440687063875,0.2885131508319914,0.2281266774020397,0.03354804079441761
157,19.47128287707998,1.9122383252818036,9.796027911969942,42.84084809447128,5.394524959742351,0.8722490606548577,4.549114331723027,7.132313472893183,7.481213097155126,0.2885131508319914,0.2281266774020397,0.03354804079441761
158,19.847020933977454,1.892109500805153,9.73564143853999,42.673107890499196,5.428073000536768,0.8722490606548577,4.555823939881911,7.03166935050993,7.4141170155662905,0.2885131508319914,0.2281266774020397,0.03354804079441761
159,20.001341921631777,1.892109500805153,9.66183574879227,42.391304347826086,5.609232420826624,0.9057971014492754,4.555823939881911,6.991411701556629,7.440955448201825,0.2885131508319914,0.2281266774020397,0.03354804079441761
160,20.39049919484702,1.8384326355340848,9.554482018250134,42.20343531937735,5.60252281266774,0.9125067096081588,4.555823939881911,6.998121309715513,7.39398819108964,0.2885131508319914,0.2281266774020397,0.03354804079441761
161,20.471014492753625,1.8384326355340848,9.534353193773484,41.88137412775094,5.8172302737520125,0.9192163177670424,4.549114331723027,7.0383789586688135,7.4006977992485234,0.2885131508319914,0.2281266774020397,0.03354804079441761
162,20.88030059044552,1.8384326355340848,9.554482018250134,41.666666666666664,5.756843800322061,0.9192163177670424,4.555823939881911,6.964573268921095,7.306763285024155,0.2683843263553409,0.2549651100375738,0.03354804079441761
163,20.92055823939882,1.8384326355340848,9.41358024691358,42.391304347826086,5.173107890499195,0.9192163177670424,4.555823939881911,6.964573268921095,7.266505636070853,0.2683843263553409,0.2549651100375738,0.03354804079441761
164,21.141975308641975,1.8384326355340848,9.29951690821256,41.82098765432099,5.166398282340311,0.9192163177670424,4.508856682769726,7.27992485238862,7.4006977992485234,0.2683843263553409,0.35560923242082665,
165,21.564680622651636,1.8384326355340848,9.25925925925926,41.626409017713364,5.112721417069243,0.8856682769726248,4.4753086419753085,7.27992485238862,7.353730542136339,0.2549651100375738,0.3488996242619431,
166,21.866612989801396,1.8384326355340848,9.225711218464841,41.358024691358025,5.193236714975845,0.8722490606548577,4.441760601180891,7.27992485238862,7.320182501341922,0.2549651100375738,0.3488996242619431,
167,22.14170692431562,1.8384326355340848,9.151905528717123,41.1231884057971,5.0858829844337095,0.8722490606548577,4.441760601180891,7.407407407407407,7.333601717659689,0.2549651100375738,0.3488996242619431,
168,22.571121846484164,1.8384326355340848,9.064680622651638,40.975577026301664,5.045625335480408,0.8722490606548577,4.461889425657541,7.347020933977456,7.25979602791197,0.24154589371980675,0.322061191626409,
169,22.7187332259796,1.8384326355340848,8.628556092324208,40.78770799785293,5.025496511003757,0.8722490606548577,4.408212560386473,7.353730542136339,7.836822329575953,0.24154589371980675,0.2885131508319914,
170,22.86634460547504,1.8384326355340848,8.628556092324208,40.445517981749866,5.025496511003757,0.8722490606548577,4.072732152442297,7.360440150295223,8.051529790660226,0.24154589371980675,0.5971551261406334,
171,23.201825013419217,1.8048845947396672,8.568169618894256,40.23752012882448,5.038915727321524,0.8856682769726248,4.03918411164788,7.306763285024155,8.064949006977992,0.28180354267310787,0.5703166935050993,
172,23.49704777241009,1.7914653784219001,8.514492753623188,40.05636070853462,5.193236714975845,0.8454106280193237,4.032474503488996,7.300053676865271,7.883789586688137,0.3153515834675255,0.5703166935050993,
173,23.55072463768116,1.7914653784219001,8.514492753623188,39.95571658615137,5.253623188405797,0.8185721953837896,4.05931293612453,7.300053676865271,7.87037037037037,0.3153515834675255,0.5703166935050993,
174,23.423242082662373,1.778046162104133,8.480944712828771,39.090177133655395,6.367418142780462,0.8319914117015567,4.05931293612453,7.4208266237251745,7.6623725174449815,0.3153515834675255,0.5703166935050993,
175,23.101180891035963,1.778046162104133,8.427267847557703,37.848899624261946,7.555018786902845,0.8319914117015567,4.045893719806763,8.11862587224906,7.407407407407407,0.3153515834675255,0.5703166935050993,
176,22.799248523886206,1.7444981213097155,8.380300590445518,36.79549114331723,7.360440150295223,0.8588298443370908,4.072732152442297,9.863123993558776,7.360440150295223,0.2616747181964573,0.5032206119162641,
177,23.013955984970476,1.7176596886741815,8.340042941492216,36.68142780461621,7.37385936661299,0.8387010198604401,4.106280193236715,9.77589908749329,7.300053676865271,0.3488996242619431,0.5032206119162641,
178,23.315888352120236,1.7042404723564144,8.21256038647343,36.480139559849704,7.380568974771873,0.8722490606548577,4.086151368760064,9.728931830381105,7.367149758454106,0.3488996242619431,0.5032206119162641,
179,23.470209339774556,1.6975308641975309,8.185721953837897,36.151368760064415,7.39398819108964,0.8990874932903918,4.066022544283414,9.749060654857756,7.50805152979066,0.3488996242619431,0.5300590445517982,
180,23.564143853998928,1.6975308641975309,8.185721953837897,35.97691894793344,7.474503488996243,0.9192163177670424,4.019055287171229,9.722222222222221,7.548309178743962,0.36231884057971014,0.5300590445517982,
181,23.812399355877616,1.6975308641975309,8.192431561996779,35.909822866344605,7.461084272678476,0.8722490606548577,4.025764895330113,9.655126140633387,7.50805152979066,0.33548040794417605,0.5300590445517982,
182,24.168008588298445,1.6975308641975309,8.165593129361245,35.648148148148145,7.555018786902845,0.8454106280193237,3.9855072463768115,9.675254965110037,7.427536231884058,0.33548040794417605,0.49651100375738055,
183,24.04723564143854,1.6975308641975309,8.165593129361245,34.21900161030596,9.225711218464841,0.8454106280193237,3.878153515834675,9.614868491680086,7.454374664519592,0.322061191626409,0.5300590445517982,
184,24.174718196457327,1.6975308641975309,8.11862587224906,34.16532474503489,9.185453569511541,0.8454106280193237,3.878153515834675,9.668545356951155,7.4141170155662905,0.322061191626409,0.5300590445517982,
185,24.302200751476114,1.6975308641975309,8.038110574342458,33.93048845947396,9.07139023081052,0.9460547504025765,4.253891572732153,9.809447128287708,7.1658615136876005,0.28180354267310787,0.5032206119162641,
186,24.214975845410628,1.4559849704777241,7.809983896940419,33.77616747181965,9.722222222222221,1.0601180891035964,4.274020397208803,9.91009125067096,6.991411701556629,0.28180354267310787,0.5032206119162641,
187,24.59742351046699,1.4492753623188406,7.769726247987117,33.56816961889426,9.655126140633387,1.0601180891035964,4.274020397208803,9.769189479334408,7.098765432098766,0.28180354267310787,0.47638217928073,
188,24.731615673644658,1.4492753623188406,7.7831454643048845,33.50107353730542,9.594739667203436,1.0534084809447128,4.28743961352657,9.75577026301664,7.085346215780999,0.28180354267310787,0.47638217928073,
189,25.026838432635532,1.4492753623188406,7.729468599033816,33.360171765968865,9.514224369296834,1.0534084809447128,4.300858829844337,9.749060654857756,7.071926999463232,0.27509393451422437,0.46967257112184646,
190,24.476650563607084,1.42914653784219,10.151637144390767,32.628824476650564,9.4873859366613,0.8655394524959742,3.6231884057971016,9.681964573268921,6.910896403650026,0.27509393451422437,0.46967257112184646,
