,45,50,51,52,53,55,54,56,57,58,60,59
0,96.65861513687601,3.3413848631239937,,,,,,,,,,
1,96.03462157809984,3.965378421900161,,,,,,,,,,
2,92.56575415995705,7.360440150295223,0.07380568974771873,,,,,,,,,
3,92.31749865807836,7.608695652173913,0.07380568974771873,,,,,,,,,
4,92.24369296833065,7.682501341921632,0.07380568974771873,,,,,,,,,
5,92.10950080515298,7.816693505099302,0.07380568974771873,,,,,,,,,
6,91.57944176060118,8.3467525496511,0.07380568974771873,,,,,,,,,
7,91.44524959742351,8.480944712828771,0.07380568974771873,,,,,,,,,
8,91.47208803005904,8.454106280193237,0.07380568974771873,,,,,,,,,
9,89.7410091250671,10.185185185185185,0.07380568974771873,,,,,,,,,
10,89.49946323134729,10.426731078904991,0.07380568974771873,,,,,,,,,
11,87.6610305958132,12.265163714439076,0.07380568974771873,,,,,,,,,
12,83.64868491680086,16.27750939345142,0.07380568974771873,,,,,,,,,
13,83.36017176596887,16.566022544283413,0.07380568974771873,,,,,,,,,
14,83.36017176596887,16.566022544283413,0.07380568974771873,,,,,,,,,
15,70.66559312936124,24.235104669887278,0.07380568974771873,4.341116478797638,0.5837359098228664,0.10064412238325282,,,,,,
16,67.28395061728395,27.026301663982824,0.6843800322061192,4.320987654320987,0.5837359098228664,0.10064412238325282,,,,,,
17,67.12962962962963,27.079978529253893,0.6843800322061192,4.300858829844337,0.5837359098228664,0.2214170692431562,,,,,,
18,66.92834138486312,26.99946323134729,0.966183574879227,4.300858829844337,0.5837359098228664,0.2214170692431562,,,,,,
19,66.88808373590982,26.7914653784219,0.966183574879227,4.300858829844337,0.5837359098228664,0.46967257112184646,,,,,,
20,66.8947933440687,25.583735909822867,2.187332259796028,4.280730005367687,0.5837359098228664,0.46967257112184646,,,,,,
21,63.41250670960816,29.20692431561997,2.046430488459474,4.280730005367687,0.5837359098228664,0.46967257112184646,,,,,,
22,63.29173376274826,29.32769726247987,2.046430488459474,4.280730005367687,0.5837359098228664,0.46967257112184646,,,,,,
23,62.59393451422437,29.985238862050455,1.9659151905528718,4.26731078904992,0.5837359098228664,0.46967257112184646,0.13419216317767044,,,,,
24,61.312399355877616,29.11969940955448,4.1129898013955986,4.26731078904992,0.5837359098228664,0.46967257112184646,0.13419216317767044,,,,,
25,61.30568974771873,28.27428878153516,3.965378421900161,3.911701556629093,0.5837359098228664,0.5770263016639828,1.1674718196457328,0.14761137949543746,0.06709608158883522,,,
26,61.24530327428878,28.368223295759528,3.965378421900161,3.911701556629093,0.5837359098228664,0.5770263016639828,1.133923778851315,0.14761137949543746,0.06709608158883522,,,
27,61.07085346215781,28.56280193236715,3.9452495974235107,3.911701556629093,0.5837359098228664,0.5770263016639828,1.133923778851315,0.14761137949543746,0.06709608158883522,,,
28,61.25872249060655,28.522544283413847,3.911701556629093,3.784219001610306,0.5099302200751477,0.5770263016639828,1.221148684916801,0.14761137949543746,0.06709608158883522,,,
29,53.64331723027375,36.272141706924316,3.844605475040258,3.6366076221148687,0.5099302200751477,0.5770263016639828,1.1540526033279657,0.2952227589908749,0.06709608158883522,,,
30,53.743961352657,35.93666129898014,3.81105743424584,3.629898013955985,0.644122383252818,0.8387010198604401,1.0332796564680622,0.2952227589908749,0.06709608158883522,,,
31,36.480139559849704,57.79656468062265,1.3016639828234031,1.7914653784219001,0.644122383252818,0.644122383252818,1.0332796564680622,0.2952227589908749,0.013419216317767043,,,
32,33.4272678475577,52.9723564143854,4.300858829844337,1.7914653784219001,5.414653784219001,0.6239935587761675,1.1607622114868492,0.2952227589908749,0.013419216317767043,,,
33,33.70907139023081,52.542941492216855,4.300858829844337,1.7914653784219001,5.414653784219001,0.7716049382716049,1.1607622114868492,0.2952227589908749,0.013419216317767043,,,
34,31.676060118089104,54.6833064949007,4.300858829844337,1.7914653784219001,5.059044551798175,1.0198604401502953,1.1607622114868492,0.2952227589908749,0.013419216317767043,,,
35,31.93773483628556,54.448470209339774,4.300858829844337,1.7914653784219001,4.985238862050457,0.9930220075147611,1.1607622114868492,0.2952227589908749,0.013419216317767043,0.07380568974771873,,
36,32.2463768115942,53.97208803005905,4.166666666666667,1.8451422436929683,4.985238862050457,1.2412775093934514,1.1607622114868492,0.2952227589908749,0.013419216317767043,0.07380568974771873,,
37,31.561996779388085,52.925389157273216,4.166666666666667,3.5762211486849167,4.985238862050457,1.2412775093934514,1.1607622114868492,0.2952227589908749,0.013419216317767043,0.07380568974771873,,
38,30.099302200751477,54.3142780461621,4.166666666666667,3.556092324208266,4.985238862050457,1.3486312399355878,1.1473429951690821,0.2952227589908749,0.013419216317767043,0.07380568974771873,,
39,30.293880837359097,54.099570585077835,4.1532474503489,3.5292538915727323,4.9718196457326895,1.4224369296833066,1.1473429951690821,0.2952227589908749,0.013419216317767043,0.07380568974771873,,
40,30.535426731078903,52.683843263553406,4.106280193236715,3.515834675254965,4.958400429414922,2.6704240472356413,1.1473429951690821,0.2952227589908749,0.013419216317767043,0.07380568974771873,,
41,29.274020397208805,53.62989801395599,4.247181964573269,3.3548040794417604,4.958400429414922,2.9723564143853998,1.1808910359634996,0.2952227589908749,0.013419216317767043,0.07380568974771873,,
42,29.21363392377885,53.06629092860977,4.17337627482555,3.8378958668813743,4.958400429414922,3.2004830917874396,1.1808910359634996,0.28180354267310787,0.013419216317767043,0.07380568974771873,,
43,29.69001610305958,52.56977992485239,4.0995705850778315,3.8378958668813743,4.851046698872786,3.3480944712828773,1.1607622114868492,0.35560923242082665,0.013419216317767043,0.07380568974771873,,
44,30.20665593129361,52.180622651637144,4.03918411164788,3.8378958668813743,4.730273752012883,3.3480944712828773,1.1607622114868492,0.35560923242082665,0.013419216317767043,0.1274825550187869,,
45,30.267042404723565,52.13365539452496,3.7640901771336552,4.17337627482555,4.7168545356951155,3.2877079978529253,1.1607622114868492,0.35560923242082665,0.013419216317767043,0.1274825550187869,,
46,30.300590445517983,51.46269457863661,3.643317230273752,4.394793344068707,4.602791196994096,3.180354267310789,1.7847557702630166,0.35560923242082665,0.14761137949543746,0.1274825550187869,,
47,30.079173376274827,51.11379495437466,3.535963499731616,5.139559849704777,4.602791196994096,3.113258185721954,1.7847557702630166,0.35560923242082665,0.14761137949543746,0.1274825550187869,,
48,30.152979066022546,50.959473966720346,3.502415458937198,4.998658078368224,4.602791196994096,3.3682232957595275,1.7847557702630166,0.35560923242082665,0.14761137949543746,0.1274825550187869,,
49,28.784219001610307,52.18733225979603,3.502415458937198,4.978529253891573,4.562533548040794,3.4286097691894795,1.9256575415995705,0.35560923242082665,0.14761137949543746,0.1274825550187869,,
50,28.978797638217927,52.05984970477724,3.502415458937198,4.931561996779388,4.562533548040794,3.5292538915727323,1.8048845947396672,0.35560923242082665,0.14761137949543746,0.1274825550187869,,
51,29.05931293612453,51.83843263553408,3.4822866344605474,5.059044551798175,4.562533548040794,3.5628019323671496,1.8048845947396672,0.35560923242082665,0.14761137949543746,0.1274825550187869,,
52,28.515834675254965,52.20746108427268,3.4286097691894795,4.804079441760601,4.64975845410628,4.045893719806763,1.8048845947396672,0.2683843263553409,0.14761137949543746,0.1274825550187869,,
53,28.428609769189478,50.12748255501879,4.361245303274289,6.763285024154589,2.7643585614600106,3.2675791733762747,3.864734299516908,0.2683843263553409,0.08051529790660225,0.07380568974771873,,
54,28.495705850778315,49.32903918411165,4.3545356951154055,6.749865807836822,4.045893719806763,3.7573805689747717,2.844873859366613,0.2683843263553409,0.08051529790660225,0.07380568974771873,,
55,28.59634997316157,48.87278582930757,4.978529253891573,6.246645195920558,4.045893719806763,3.992216854535695,2.844873859366613,0.2683843263553409,0.08051529790660225,0.07380568974771873,,
56,29.045893719806763,48.33601717659689,4.951690821256038,6.199677938808374,3.9452495974235107,4.26731078904992,2.844873859366613,0.2683843263553409,0.06709608158883522,0.07380568974771873,,
57,29.274020397208805,47.99382716049383,4.817498658078368,6.380837359098229,3.643317230273752,4.3545356951154055,2.831454643048846,0.2683843263553409,0.36231884057971014,0.07380568974771873,,
58,29.146537842190018,46.484165324745035,4.783950617283951,6.286902844873859,4.186795491143317,5.656199677938808,2.6167471819645733,0.4025764895330113,0.36231884057971014,0.07380568974771873,,
59,28.81105743424584,46.93370907139023,4.683306494900698,6.266774020397209,4.247181964573269,5.629361245303274,2.6167471819645733,0.3757380568974772,0.36231884057971014,0.07380568974771873,,
60,28.77750939345142,45.65888352120236,4.683306494900698,7.286634460547504,4.005636070853462,5.958132045088567,2.871712292002147,0.3757380568974772,0.30864197530864196,0.07380568974771873,,
61,28.475577026301664,43.545356951154055,4.683306494900698,7.447665056360709,3.9855072463768115,8.313204508856682,2.7979066022544283,0.36902844873859364,0.30864197530864196,0.07380568974771873,,
62,28.764090177133657,43.4044551798175,4.636339237788513,7.447665056360709,3.9586688137412773,8.3064949006978,2.7308105206655933,0.36902844873859364,0.30864197530864196,0.07380568974771873,,
63,28.972088030059044,43.223295759527645,4.636339237788513,7.447665056360709,3.9586688137412773,8.225979602791197,2.7844873859366612,0.36902844873859364,0.30864197530864196,0.07380568974771873,,
64,28.12667740203972,42.85426731078905,5.877616747181965,7.03166935050993,4.106280193236715,8.53462157809984,2.717391304347826,0.36902844873859364,0.30864197530864196,0.07380568974771873,,
65,28.247450348899623,42.58588298443371,5.877616747181965,6.454643048845948,4.200214707461084,8.494363929146537,3.4017713365539453,0.23483628556092323,0.4294149221685454,0.07380568974771873,,
66,28.368223295759528,42.310789049919485,5.877616747181965,6.454643048845948,4.200214707461084,8.36688137412775,3.683574879227053,0.23483628556092323,0.4294149221685454,0.07380568974771873,,
67,28.381642512077295,41.99543746645196,5.877616747181965,6.454643048845948,4.200214707461084,8.225979602791197,4.025764895330113,0.23483628556092323,0.5300590445517982,0.07380568974771873,,
68,28.938539989264626,41.76731078904992,5.877616747181965,6.387546967257112,4.159957058507783,8.07836822329576,3.978797638217928,0.23483628556092323,0.5032206119162641,0.07380568974771873,,
69,29.086151368760063,41.686795491143315,5.8172302737520125,6.387546967257112,4.159957058507783,8.07836822329576,3.9720880300590444,0.23483628556092323,0.5032206119162641,0.07380568974771873,,
70,29.280730005367687,41.36473429951691,5.8172302737520125,6.374127750939345,4.146537842190016,8.004562533548041,4.2270531400966185,0.23483628556092323,0.47638217928073,0.07380568974771873,,
71,29.300858829844337,41.18357487922705,5.8172302737520125,6.528448738593666,4.146537842190016,7.950885668276973,4.17337627482555,0.23483628556092323,0.5904455179817498,0.07380568974771873,,
72,29.21363392377885,39.99597423510467,5.857487922705314,6.488191089640365,3.8378958668813743,7.877079978529254,5.958132045088567,0.23483628556092323,0.5367686527106817,,,
73,28.710413311862588,40.37842190016103,5.776972624798712,7.132313472893183,3.824476650563607,7.669082125603865,5.736714975845411,0.23483628556092323,0.5367686527106817,,,
74,28.824476650563607,40.203972088030056,5.770263016639828,7.132313472893183,3.9049919484702094,7.695920558239399,5.6964573268921095,0.23483628556092323,0.5367686527106817,,,
75,29.05931293612453,40.07648953301127,5.595813204508857,7.0450885668276975,3.992216854535695,7.722758990874933,5.736714975845411,0.23483628556092323,0.5367686527106817,,,
76,29.24718196457327,39.57997852925389,5.5756843800322065,7.50805152979066,3.9519592055823938,7.944176060118089,5.421363392377885,0.23483628556092323,0.5367686527106817,,,
77,29.11969940955448,39.02308105206656,5.407944176060118,7.407407407407407,5.0993022007514766,7.809983896940419,5.3274288781535155,0.2147074610842727,0.5904455179817498,,,
78,28.931830381105744,38.888888888888886,5.387815351583468,7.548309178743962,5.2066559312936125,7.749597423510467,5.481749865807837,0.2147074610842727,0.5904455179817498,,,
79,28.683574879227052,37.6207729468599,5.360976918947934,7.615405260332796,5.193236714975845,8.883521202361782,5.837359098228664,0.2147074610842727,0.5904455179817498,,,
80,27.958937198067634,36.198336017176594,7.7361782071927,7.575147611379496,5.173107890499195,8.99087493290392,5.562265163714439,0.2147074610842727,0.5904455179817498,,,
81,28.16022544283414,36.02388620504563,7.669082125603865,7.48792270531401,5.173107890499195,9.024422973698336,5.662909286097692,0.20799785292538917,0.5904455179817498,,,
82,28.348094471282877,35.79575952764358,7.669082125603865,7.185990338164252,5.5689747718733225,9.024422973698336,5.662909286097692,0.20799785292538917,0.5367686527106817,,,
83,27.717391304347824,38.238056897477186,5.71658615136876,7.004830917874396,5.374396135265701,9.286097691894794,5.917874396135265,0.20799785292538917,0.5367686527106817,,,
84,27.811325818572197,37.9495437466452,5.669618894256575,6.870638754696726,5.488459473966721,9.54777241009125,5.917874396135265,0.20799785292538917,0.5367686527106817,,,
85,27.643585614600106,36.64787976382179,7.64224369296833,5.595813204508857,5.46833064949007,8.856682769726248,7.4006977992485234,0.20799785292538917,0.5367686527106817,,,
86,28.187063875469672,36.15807836822329,7.836822329575953,5.5756843800322065,5.428073000536768,8.809715512614064,7.2933440687063875,0.20799785292538917,0.5032206119162641,,,
87,28.35480407944176,36.04401502952228,7.836822329575953,5.6964573268921095,5.428073000536768,8.695652173913043,7.232957595276436,0.20799785292538917,0.5032206119162641,,,
88,28.85131508319914,35.889694041867955,7.434245840042942,5.662909286097692,5.481749865807837,8.829844337090714,7.139023081052066,0.20799785292538917,0.5032206119162641,,,
89,29.025764895330113,35.72866344605475,7.434245840042942,5.629361245303274,5.46833064949007,8.715780998389693,7.286634460547504,0.20799785292538917,0.5032206119162641,,,
90,29.012345679012345,35.39989264626946,7.39398819108964,5.669618894256575,5.522007514761138,8.80300590445518,7.273215244229737,0.4227053140096618,0.5032206119162641,,,
91,28.073000536768653,33.333333333333336,7.39398819108964,7.125603864734299,6.099033816425121,9.863123993558776,7.219538378958669,0.38915727321524424,0.5032206119162641,,,
92,28.32125603864734,33.299785292538914,7.246376811594203,7.024959742351046,6.146001073537305,9.863123993558776,7.206119162640902,0.38915727321524424,0.5032206119162641,,,
93,28.287707997852927,33.17230273752013,8.454106280193237,7.011540526033279,5.280461621041331,9.809447128287708,7.092055823939882,0.38915727321524424,0.5032206119162641,,,
94,28.31454643048846,33.091787439613526,8.454106280193237,6.991411701556629,5.280461621041331,9.849704777241008,7.065217391304348,0.4495437466451959,0.5032206119162641,,,
95,28.589640365002683,32.78314546430489,8.360171765968868,7.112184648416532,5.273752012882448,9.762479871175524,7.1658615136876005,0.4495437466451959,0.5032206119162641,,,
96,28.79092860976919,32.447665056360705,8.55475040257649,7.024959742351046,5.173107890499195,9.809447128287708,7.105475040257649,0.5233494363929146,0.5703166935050993,,,
97,28.408480944712828,32.01154052603328,8.205850778314547,6.756575415995706,8.856682769726248,7.749597423510467,6.91760601180891,0.5233494363929146,0.5703166935050993,,,
98,28.475577026301664,32.03166935050993,8.205850778314547,6.689479334406871,8.856682769726248,7.729468599033816,6.91760601180891,0.5233494363929146,0.5703166935050993,,,
99,28.435319377348364,31.186258722490606,8.179012345679013,6.5552871712292005,11.11111111111111,7.695920558239399,5.857487922705314,0.4092860976918948,0.5703166935050993,,,
100,28.388352120236178,30.95813204508857,8.28636607622115,6.468062265163715,10.970209339774557,7.695920558239399,5.998389694041868,0.4092860976918948,0.5703166935050993,0.2549651100375738,,
101,28.24074074074074,29.274020397208805,8.28636607622115,6.427804616210413,10.88298443370907,9.514224369296834,6.146001073537305,0.4025764895330113,0.5703166935050993,0.2549651100375738,,
102,28.341384863123995,29.200214707461082,8.279656468062266,6.085614600107354,10.84272678475577,9.628287707997853,6.273483628556092,0.5367686527106817,0.5568974771873323,0.2549651100375738,,
103,28.341384863123995,28.978797638217927,8.125335480407944,6.0654857756307035,10.950080515297907,9.930220075147611,6.360708534621578,0.5367686527106817,0.4562533548040794,0.2549651100375738,,
104,28.28099838969404,28.650026838432634,7.877079978529254,5.844068706387547,10.393183038110575,9.769189479334408,7.581857219538379,0.5367686527106817,0.8118625872249061,0.2549651100375738,,
105,28.703703703703702,28.549382716049383,7.816693505099302,5.703166935050993,10.326086956521738,9.769189479334408,7.541599570585078,0.5367686527106817,0.798443370907139,0.2549651100375738,,
106,28.992216854535695,28.193773483628558,7.695920558239399,6.528448738593666,9.71551261406334,9.728931830381105,7.709339774557166,0.5233494363929146,0.798443370907139,0.11406333870101985,,
107,22.24235104669887,51.37546967257112,3.6768652710681695,5.595813204508857,5.609232420826624,6.353998926462695,4.528985507246377,0.3824476650563607,0.23483628556092323,,,
108,22.859634997316157,50.899087493290395,3.6768652710681695,5.595813204508857,5.528717122920021,6.3070316693505095,4.51556629092861,0.3824476650563607,0.23483628556092323,,,
109,22.530864197530864,50.637412775093935,3.784219001610306,6.4412238325281805,5.226784755770263,6.286902844873859,4.51556629092861,0.3421900161030596,0.23483628556092323,,,
110,22.899892646269457,50.033548040794415,3.784219001610306,6.367418142780462,5.199946323134729,6.622383252818035,4.51556629092861,0.3421900161030596,0.23483628556092323,,,
111,23.081052066559312,49.8792270531401,3.784219001610306,6.447933440687064,5.10601180891036,6.608964036500268,4.51556629092861,0.3421900161030596,0.23483628556092323,,,
112,23.295759527643586,49.624261943102525,3.770799785292539,6.421095008051529,5.112721417069243,6.662640901771336,4.609500805152979,0.2683843263553409,0.23483628556092323,,,
113,23.517176596886742,49.17471819645733,3.743961352657005,6.414385399892646,5.199946323134729,6.790123456790123,4.656468062265164,0.2683843263553409,0.23483628556092323,,,
114,23.70504562533548,48.42324208266237,3.743961352657005,6.414385399892646,5.166398282340311,7.4006977992485234,4.643048845947397,0.2683843263553409,0.23483628556092323,,,
115,23.899624261943103,48.18840579710145,3.743961352657005,6.394256575415996,5.166398282340311,7.27992485238862,4.643048845947397,0.3757380568974772,0.23483628556092323,,0.07380568974771873,
116,24.18142780461621,47.70531400966183,3.9855072463768115,6.3137412775093935,5.166398282340311,7.380568974771873,4.582662372517445,0.3757380568974772,0.23483628556092323,,0.07380568974771873,
117,24.758454106280194,47.26918947933441,3.9855072463768115,6.266774020397209,5.119431025228127,7.333601717659689,4.582662372517445,0.3757380568974772,0.23483628556092323,,0.07380568974771873,
118,24.84567901234568,47.175254965110035,3.938539989264627,6.266774020397209,5.0993022007514766,7.407407407407407,4.582662372517445,0.3757380568974772,0.23483628556092323,,0.07380568974771873,
119,25.127482555018787,47.00751476113795,3.8580246913580245,6.266774020397209,5.0993022007514766,7.37385936661299,4.582662372517445,0.3757380568974772,0.23483628556092323,,0.07380568974771873,
120,23.96672034353194,48.75872249060655,3.6231884057971016,6.052066559312936,4.891304347826087,7.37385936661299,4.663177670424047,0.2683843263553409,0.32877079978529256,,0.07380568974771873,
121,23.577563070316693,47.14170692431562,3.616478797638218,5.964841653247451,4.736983360171766,7.4141170155662905,6.877348362855609,0.2683843263553409,0.32877079978529256,,0.07380568974771873,
122,23.805689747718734,46.75925925925926,3.6097691894793345,5.931293612453032,4.736983360171766,7.635534084809447,6.850509930220075,0.2683843263553409,0.32877079978529256,,0.07380568974771873,
123,23.960010735373054,46.34997316156736,3.3950617283950617,5.924584004294149,5.199946323134729,7.675791733762749,6.743156199677939,0.3488996242619431,0.32877079978529256,,0.07380568974771873,
124,24.302200751476114,46.182232957595275,3.3950617283950617,5.891035963499732,5.199946323134729,7.6623725174449815,6.615673644659152,0.3488996242619431,0.32877079978529256,,0.07380568974771873,
125,24.241814278046164,44.49141170155663,3.3950617283950617,5.810520665593129,6.615673644659152,8.272946859903382,6.421095008051529,0.3488996242619431,0.32877079978529256,,0.07380568974771873,
126,24.194847020933977,44.20289855072464,3.9184111647879765,5.703166935050993,6.535158346752549,8.272946859903382,6.421095008051529,0.3488996242619431,0.32877079978529256,,0.07380568974771873,
127,24.282071926999464,43.81374127750939,3.9184111647879765,5.649490069779925,6.602254428341385,8.460815888352121,6.535158346752549,0.3488996242619431,0.322061191626409,,0.06709608158883522,
128,23.993558776167472,43.47826086956522,3.1065485775630703,7.1725711218464845,6.320450885668277,8.809715512614064,6.380837359098229,0.3488996242619431,0.322061191626409,,0.06709608158883522,
129,24.362587224906065,43.12265163714439,3.0730005367686526,6.9243156199677935,6.3137412775093935,8.829844337090714,6.541867954911433,0.4428341384863124,0.322061191626409,,0.06709608158883522,
130,24.295491143317232,42.08266237251745,3.046162104133119,8.105206655931294,6.300322061191626,8.675523349436393,6.662640901771336,0.4428341384863124,0.322061191626409,,0.06709608158883522,
131,24.510198604401502,41.78073000536769,3.046162104133119,8.105206655931294,6.253354804079442,8.796296296296296,6.6760601180891035,0.4428341384863124,0.322061191626409,,0.06709608158883522,
132,24.832259796027913,41.458668813741276,3.046162104133119,8.044820182501342,6.253354804079442,8.796296296296296,6.6760601180891035,0.4428341384863124,0.3824476650563607,,0.06709608158883522,
133,24.852388620504563,41.0829307568438,2.898550724637681,8.071658615136876,7.944176060118089,8.943907675791733,5.314009661835748,0.4428341384863124,0.3824476650563607,,0.06709608158883522,
134,25.15432098765432,40.94873859366613,2.885131508319914,8.071658615136876,7.897208803005904,8.943907675791733,5.2066559312936125,0.4428341384863124,0.3824476650563607,,0.06709608158883522,
135,25.369028448738593,40.727321524422976,2.885131508319914,8.353462157809984,7.722758990874933,8.76274825550188,5.199946323134729,0.4428341384863124,0.3824476650563607,,0.15432098765432098,
136,25.38244766505636,39.30488459473967,3.9519592055823938,8.225979602791197,7.648953301127214,9.084809447128288,5.421363392377885,0.4428341384863124,0.3824476650563607,,0.15432098765432098,
137,25.5703166935051,38.969404186795494,4.106280193236715,8.225979602791197,7.64224369296833,9.158615136876007,5.347557702630167,0.4428341384863124,0.3824476650563607,,0.15432098765432098,
138,25.764895330112722,38.77482555018787,4.092860976918948,8.125335480407944,7.608695652173913,9.205582393988191,5.448201825013419,0.4428341384863124,0.3824476650563607,,0.15432098765432098,
139,25.905797101449274,38.51315083199141,4.092860976918948,8.299785292538916,7.608695652173913,9.158615136876007,5.401234567901234,0.4428341384863124,0.3824476650563607,,0.15432098765432098,0.040257648953301126
140,25.925925925925927,38.31186258722491,4.85775630703167,8.279656468062266,6.991411701556629,9.212292002147075,5.401234567901234,0.4428341384863124,0.3824476650563607,,0.15432098765432098,0.040257648953301126
141,26.02657004830918,38.02334943639291,5.065754159957058,8.21256038647343,6.984702093397746,9.098228663446054,5.401234567901234,0.6105743424584005,0.3824476650563607,,0.15432098765432098,0.040257648953301126
142,25.77831454643049,35.245571658615134,5.065754159957058,8.199141170155663,6.984702093397746,12.13768115942029,5.401234567901234,0.6105743424584005,0.3824476650563607,,0.15432098765432098,0.040257648953301126
143,22.785829307568438,44.860440150295226,1.7579173376274826,5.662909286097692,6.608964036500268,12.117552334943639,5.018786902844874,0.6105743424584005,0.3824476650563607,,0.15432098765432098,0.040257648953301126
144,22.913311862587225,44.639023081052066,1.7579173376274826,5.6964573268921095,6.608964036500268,11.98336017176597,4.730273752012883,0.6105743424584005,0.3824476650563607,,0.15432098765432098,0.5233494363929146
145,23.336017176596886,44.216317767042405,1.7579173376274826,5.703166935050993,6.5552871712292005,12.02361782071927,4.690016103059581,0.6575415995705851,0.3824476650563607,,0.15432098765432098,0.5233494363929146
146,23.309178743961354,43.605743424584006,2.328234031132582,5.703166935050993,6.575415995705851,12.177938808373591,4.690016103059581,0.5770263016639828,0.3824476650563607,,0.15432098765432098,0.49651100375738055
147,23.483628556092324,43.552066559312934,2.328234031132582,5.703166935050993,6.568706387546968,12.130971551261407,4.7101449275362315,0.5770263016639828,0.3824476650563607,,0.15432098765432098,0.4092860976918948
148,23.05421363392378,42.089371980676326,2.6502952227589907,5.689747718733226,6.541867954911433,13.841921631776705,4.609500805152979,0.5770263016639828,0.3824476650563607,,0.15432098765432098,0.4092860976918948
149,23.315888352120236,41.71363392377885,2.636876006441224,5.669618894256575,6.461352657004831,13.828502415458937,4.851046698872786,0.5770263016639828,0.3824476650563607,,0.15432098765432098,0.4092860976918948
150,22.906602254428343,41.21041331186259,4.388083735909823,5.0791733762748255,6.447933440687064,13.694310252281268,4.783950617283951,0.5636070853462157,0.36231884057971014,,0.15432098765432098,0.4092860976918948
151,22.920021470746107,41.37144390767579,4.414922168545357,4.985238862050457,6.380837359098229,13.828502415458937,4.7168545356951155,0.5636070853462157,0.36231884057971014,,0.15432098765432098,0.30193236714975846
152,23.26892109500805,39.17740203972088,4.38137412775094,4.985238862050457,6.380837359098229,15.418679549114332,5.032206119162641,0.5367686527106817,0.36231884057971014,,0.15432098765432098,0.30193236714975846
153,23.295759527643586,38.59366612989801,4.891304347826087,4.931561996779388,6.427804616210413,15.526033279656469,5.025496511003757,0.5367686527106817,0.3153515834675255,,0.15432098765432098,0.30193236714975846
154,23.409822866344605,38.20450885668277,4.884594739667204,4.924852388620504,6.729736983360172,15.519323671497585,5.018786902844874,0.5367686527106817,0.3153515834675255,,0.15432098765432098,0.30193236714975846
155,23.62453032742888,37.82877079978529,4.777241009125067,4.8376274825550185,6.904186795491143,15.633387010198604,5.112721417069243,0.5367686527106817,0.2885131508319914,,0.15432098765432098,0.30193236714975846
156,23.242082662372518,36.802200751476114,4.750402576489533,4.528985507246377,6.89747718733226,14.42565754159957,7.957595276435856,0.6642512077294686,0.2885131508319914,,0.15432098765432098,0.2885131508319914
157,23.57085346215781,36.61433172302738,4.663177670424047,4.528985507246377,6.8035426731078905,14.278046162104133,8.165593129361245,0.6642512077294686,0.2885131508319914,,0.15432098765432098,0.2683843263553409
158,23.765432098765434,36.131239935587764,4.663177670424047,4.502147074610843,6.877348362855609,14.345142243692969,8.340042941492216,0.6642512077294686,0.2885131508319914,,0.15432098765432098,0.2683843263553409
159,23.62453032742888,36.20504562533548,5.515297906602254,4.609500805152979,6.521739130434782,13.868760064412239,8.340042941492216,0.6239935587761675,0.2885131508319914,,0.13419216317767044,0.2683843263553409
160,23.429951690821255,34.86983360171766,5.508588298443371,4.609500805152979,6.461352657004831,12.600644122383253,10.970209339774557,0.6239935587761675,0.5233494363929146,,0.13419216317767044,0.2683843263553409
161,23.60440150295223,33.64868491680086,5.46833064949007,4.5960815888352125,6.414385399892646,13.83521202361782,10.909822866344605,0.6239935587761675,0.49651100375738055,,0.13419216317767044,0.2683843263553409
162,23.523886205045624,32.86366076221149,5.810520665593129,4.9718196457326895,6.5485775630703165,13.882179280730005,10.876274825550189,0.6239935587761675,0.49651100375738055,,0.13419216317767044,0.2683843263553409
163,23.859366612989803,32.23966720343532,5.763553408480945,5.743424584004294,6.374127750939345,13.654052603327965,10.84272678475577,0.6239935587761675,0.49651100375738055,,0.13419216317767044,0.2683843263553409
164,24.040526033279658,31.80354267310789,5.763553408480945,5.71658615136876,6.488191089640365,13.828502415458937,10.836017176596886,0.6239935587761675,0.49651100375738055,,0.13419216317767044,0.2683843263553409
165,24.261943102522814,31.45464304884595,5.730005367686527,5.71658615136876,6.387546967257112,13.81508319914117,11.144659151905529,0.6239935587761675,0.49651100375738055,,0.13419216317767044,0.23483628556092323
166,24.48336017176597,31.42109500805153,5.622651637144391,5.71658615136876,6.380837359098229,13.747987117552334,11.137949543746645,0.6239935587761675,0.49651100375738055,,0.13419216317767044,0.23483628556092323
167,24.872517444981213,31.11916264090177,5.595813204508857,5.703166935050993,6.353998926462695,13.727858293075684,11.137949543746645,0.6239935587761675,0.49651100375738055,,0.13419216317767044,0.23483628556092323
168,25.02012882447665,30.9044551798175,5.407944176060118,5.703166935050993,6.568706387546968,13.79495437466452,11.117820719269995,0.6239935587761675,0.48980139559849706,,0.13419216317767044,0.23483628556092323
169,25.207997852925388,30.71658615136876,5.401234567901234,5.629361245303274,6.541867954911433,13.79495437466452,11.225174449812132,0.6239935587761675,0.48980139559849706,,0.13419216317767044,0.23483628556092323
170,25.06038647342995,30.14626945786366,5.401234567901234,5.609232420826624,6.769994632313473,13.600375738056897,10.93666129898014,1.6572732152442298,0.48980139559849706,,0.13419216317767044,0.19457863660762212
171,24.812130971551262,28.75067096081589,5.401234567901234,5.60252281266774,6.5485775630703165,14.855072463768115,11.3191089640365,1.892109500805153,0.48980139559849706,,0.13419216317767044,0.19457863660762212
172,24.16129898013956,27.49597423510467,5.622651637144391,6.535158346752549,6.293612453032743,16.210413311862588,10.88298443370907,1.892109500805153,0.4562533548040794,,0.13419216317767044,0.3153515834675255
173,24.402844873859365,27.241009125067094,5.730005367686527,6.488191089640365,6.293612453032743,16.21712292002147,10.829307568438002,1.892109500805153,0.4562533548040794,,0.13419216317767044,0.3153515834675255
174,24.59742351046699,27.073268921095007,5.730005367686527,6.488191089640365,6.293612453032743,16.002415458937197,10.896403650026839,1.892109500805153,0.4562533548040794,0.12077294685990338,0.13419216317767044,0.3153515834675255
175,24.852388620504563,26.96591519055287,5.857487922705314,6.374127750939345,6.280193236714976,15.895061728395062,10.856146001073537,1.892109500805153,0.4562533548040794,0.12077294685990338,0.13419216317767044,0.3153515834675255
176,25.087224906065487,26.858561460010737,5.803811057434245,6.374127750939345,6.239935587761675,15.814546430488459,10.903113258185721,1.892109500805153,0.4562533548040794,0.12077294685990338,0.13419216317767044,0.3153515834675255
177,25.228126677402038,26.623725174449813,5.776972624798712,6.347289318303811,6.5485775630703165,15.619967793880837,10.950080515297907,1.892109500805153,0.4562533548040794,0.10735373054213634,0.13419216317767044,0.3153515834675255
178,25.34219001610306,26.583467525496513,5.897745571658615,6.3070316693505095,6.515029522275899,15.566290928609769,10.943370907139023,1.8451422436929683,0.4428341384863124,0.10735373054213634,0.13419216317767044,0.3153515834675255
179,25.583735909822867,26.308373590982285,5.897745571658615,6.286902844873859,8.199141170155663,15.53274288781535,9.588030059044552,1.8384326355340848,0.20799785292538917,0.10735373054213634,0.13419216317767044,0.3153515834675255
180,25.999731615673646,26.221148684916802,5.897745571658615,6.286902844873859,8.051529790660226,15.371712292002147,9.567901234567902,1.8384326355340848,0.20799785292538917,0.10735373054213634,0.13419216317767044,0.3153515834675255
181,26.435856146001072,25.93263553408481,5.810520665593129,6.286902844873859,8.017981749865807,15.277777777777779,9.66183574879227,1.8115942028985508,0.20799785292538917,0.10735373054213634,0.13419216317767044,0.3153515834675255
182,26.92565754159957,25.55018786902845,5.810520665593129,6.199677938808374,7.924047235641439,15.210681696188942,9.71551261406334,1.7981749865807837,0.20799785292538917,0.20799785292538917,0.13419216317767044,0.3153515834675255
183,26.932367149758456,24.718196457326894,5.756843800322061,6.005099302200751,7.957595276435856,16.25067096081589,9.621578099838969,1.7981749865807837,0.3153515834675255,0.10064412238325282,0.2281266774020397,0.3153515834675255
184,22.262479871175522,21.658615136876005,5.421363392377885,22.879763821792807,4.7101449275362315,13.935856146001074,7.192699946323135,1.1808910359634996,0.2616747181964573,0.10064412238325282,0.2281266774020397,0.16774020397208803
185,22.074610842726784,22.000805152979066,5.340848094471283,22.61808910359635,4.683306494900698,14.049919484702093,7.179280730005368,1.1540526033279657,0.2616747181964573,0.24154589371980675,0.2281266774020397,0.16774020397208803
186,22.457058507783145,21.906870638754697,5.226784755770263,22.269189479334408,4.602791196994096,13.989533011272142,7.159151905528717,1.2681159420289856,0.4830917874396135,0.24154589371980675,0.2281266774020397,0.16774020397208803
187,22.423510466988727,20.92055823939882,5.475040257648954,22.98040794417606,4.575952764358561,13.848631239935587,7.125603864734299,1.3687600644122384,0.644122383252818,0.24154589371980675,0.2281266774020397,0.16774020397208803
188,22.745571658615138,20.779656468062264,5.307300053676865,23.03408480944713,4.676596886741814,13.808373590982287,6.998121309715513,1.3687600644122384,0.644122383252818,0.24154589371980675,0.2281266774020397,0.16774020397208803
189,22.926731078904993,20.71256038647343,5.199946323134729,22.906602254428343,4.676596886741814,13.747987117552334,6.9310252281266775,1.4962426194310252,0.798443370907139,0.24154589371980675,0.2281266774020397,0.13419216317767044
190,23.10789049919485,20.652173913043477,5.179817498658078,22.859634997316157,4.656468062265164,13.654052603327965,6.9310252281266775,1.556629092860977,0.798443370907139,0.24154589371980675,0.2281266774020397,0.13419216317767044
191,23.376274825550187,20.397208803005906,5.159688674181428,22.745571658615138,4.636339237788513,13.667471819645733,7.058507783145465,1.556629092860977,0.798443370907139,0.24154589371980675,0.2281266774020397,0.13419216317767044
192,23.637949543746647,20.30998389694042,5.159688674181428,22.376543209876544,4.609500805152979,13.613794954374665,6.89747718733226,1.556629092860977,1.1003757380568975,0.3757380568974772,0.2281266774020397,0.13419216317767044
193,23.68491680085883,20.222758990874933,5.22007514761138,22.376543209876544,4.569243156199678,13.573537305421363,6.890767579173376,1.7444981213097155,1.1003757380568975,0.3757380568974772,0.2281266774020397,0.013419216317767043
194,23.772141706924316,19.43773483628556,5.132850241545894,22.510735373054214,4.51556629092861,13.922436929683306,7.1725711218464845,1.724369296833065,1.1003757380568975,0.3757380568974772,0.2281266774020397,0.10735373054213634
195,23.778851315083198,18.552066559312937,5.0993022007514766,24.114331723027377,4.51556629092861,13.325281803542673,7.085346215780999,1.724369296833065,1.093666129898014,0.3757380568974772,0.2281266774020397,0.10735373054213634
196,23.79898013955985,18.49838969404187,5.072463768115942,24.08749329039184,4.51556629092861,13.331991411701557,7.1658615136876005,1.724369296833065,1.093666129898014,0.3757380568974772,0.2281266774020397,0.10735373054213634
197,24.053945249597422,18.357487922705314,5.072463768115942,24.000268384326354,4.502147074610843,13.217928073000536,7.266505636070853,1.724369296833065,1.093666129898014,0.3757380568974772,0.2281266774020397,0.10735373054213634
198,23.919753086419753,18.12265163714439,4.804079441760601,23.899624261943103,4.616210413311863,13.372249060654857,7.628824476650563,1.7981749865807837,1.0466988727858293,0.47638217928073,0.2281266774020397,0.08722490606548577
199,23.32259796027912,17.223564143854,4.7101449275362315,24.16129898013956,4.5893719806763285,14.452495974235104,8.038110574342458,1.9189479334406871,0.7917337627482555,0.47638217928073,0.2281266774020397,0.08722490606548577
200,23.282340311325818,17.163177670424048,4.804079441760601,24.10762211486849,4.5893719806763285,14.573268921095009,8.024691358024691,1.8719806763285025,0.7917337627482555,0.47638217928073,0.2281266774020397,0.08722490606548577
201,23.43666129898014,16.955179817498657,4.676596886741814,24.168008588298445,6.005099302200751,14.304884594739667,7.159151905528717,1.8719806763285025,0.7917337627482555,0.38915727321524424,0.2281266774020397,0.013419216317767043
202,23.362855609232422,16.780730005367687,4.62962962962963,24.416264090177133,5.8172302737520125,14.338432635534085,7.253086419753086,1.8719806763285025,0.8990874932903918,0.38915727321524424,0.2281266774020397,0.013419216317767043
203,23.617820719269993,16.6129898013956,4.582662372517445,24.342458400429415,5.776972624798712,14.452495974235104,7.219538378958669,1.865271068169619,0.8990874932903918,0.38915727321524424,0.2281266774020397,0.013419216317767043
204,23.503757380568974,16.445249597423512,4.575952764358561,24.20155662909286,6.179549114331723,14.392109500805153,7.219538378958669,1.9524959742351047,0.8990874932903918,0.38915727321524424,0.2281266774020397,0.013419216317767043
205,23.087761674718198,17.297369833601717,4.38137412775094,23.97342995169082,6.078904991948471,14.237788513150832,7.192699946323135,1.9457863660762211,1.093666129898014,0.38915727321524424,0.2281266774020397,0.0939345142243693
206,23.2487922705314,17.23027375201288,4.40150295222759,23.839237788513152,5.978260869565218,14.103596349973161,7.447665056360709,1.9457863660762211,1.093666129898014,0.38915727321524424,0.2281266774020397,0.0939345142243693
207,23.396403650026837,17.183306494900698,4.394793344068707,23.698336017176597,6.0587761674718195,13.955984970477724,7.461084272678476,1.9457863660762211,1.1943102522812667,0.38915727321524424,0.2281266774020397,0.0939345142243693
208,23.557434245840042,17.10950080515298,4.394793344068707,23.65136876006441,6.125872249060655,13.875469672571121,7.434245840042942,1.9457863660762211,1.1943102522812667,0.38915727321524424,0.2281266774020397,0.0939345142243693
209,23.731884057971016,17.022275899087493,4.38137412775094,23.577563070316693,6.038647342995169,13.962694578636608,7.434245840042942,1.9457863660762211,1.1943102522812667,0.38915727321524424,0.2281266774020397,0.0939345142243693
210,24.06736446591519,16.97530864197531,4.38137412775094,23.369565217391305,6.031937734836285,13.902308105206655,7.434245840042942,1.9457863660762211,1.1808910359634996,0.38915727321524424,0.2281266774020397,0.0939345142243693
211,24.194847020933977,16.82769726247987,4.435050993022007,23.141438539989263,6.246645195920558,13.942565754159958,7.427536231884058,1.892109500805153,1.1808910359634996,0.38915727321524424,0.2281266774020397,0.0939345142243693
212,24.57729468599034,16.700214707461082,4.435050993022007,22.86634460547504,6.239935587761675,13.902308105206655,7.380568974771873,1.9592055823939882,1.2278582930756843,0.38915727321524424,0.2281266774020397,0.0939345142243693
213,24.771873322597962,16.646537842190018,4.435050993022007,22.819377348362856,6.1862587224906065,13.808373590982287,7.2933440687063875,1.9524959742351047,1.3821792807300053,0.3824476650563607,0.2281266774020397,0.0939345142243693
