,45,50,51,55,52,53,54,57,56,58
0,96.7458400429415,3.2541599570585076,,,,,,,,
1,94.31025228126677,5.689747718733226,,,,,,,,
2,92.38459473966721,7.615405260332796,,,,,,,,
3,92.10950080515298,7.682501341921632,0.20799785292538917,,,,,,,
4,87.902576489533,12.090713902308105,0.0067096081588835215,,,,,,,
5,85.99033816425121,14.002952227589908,0.0067096081588835215,,,,,,,
6,86.08427267847557,13.875469672571121,0.0067096081588835215,0.03354804079441761,,,,,,
7,77.23429951690821,20.39049919484702,0.12077294685990338,0.03354804079441761,2.2208803005904456,,,,,
8,75.95947396672034,20.095276435856146,0.10735373054213634,0.03354804079441761,2.2208803005904456,1.583467525496511,,,,
9,76.1808910359635,19.90740740740741,0.10735373054213634,0.03354804079441761,2.187332259796028,1.583467525496511,,,,
10,73.69162640901772,22.423510466988727,0.10735373054213634,0.03354804079441761,2.1604938271604937,1.583467525496511,,,,
11,72.81266774020398,22.839506172839506,1.4694041867954912,0.03354804079441761,1.2681159420289856,1.5767579173376274,,,,
12,72.93344068706388,22.7187332259796,1.4694041867954912,0.03354804079441761,1.2681159420289856,1.5767579173376274,,,,
13,71.73913043478261,23.040794417606012,1.3486312399355878,0.03354804079441761,2.2611379495437465,1.5767579173376274,,,,
14,70.8870101986044,23.89291465378422,1.3486312399355878,0.03354804079441761,2.2611379495437465,1.5767579173376274,,,,
15,63.097155126140635,34.15861513687601,0.630703166935051,0.03354804079441761,1.3083735909822867,0.7716049382716049,,,,
16,60.68169618894257,34.76247987117552,0.6038647342995169,0.03354804079441761,3.166935050993022,0.7514761137949544,,,,
17,58.49436392914654,36.922973698336016,0.6038647342995169,0.03354804079441761,3.193773483628556,0.7514761137949544,,,,
18,48.89291465378422,46.55126140633387,0.6038647342995169,0.03354804079441761,3.166935050993022,0.7514761137949544,,,,
19,48.01395598497048,47.24906065485776,0.5971551261406334,0.11406333870101985,3.1602254428341383,0.8655394524959742,,,,
20,48.57085346215781,46.55797101449275,0.5971551261406334,0.33548040794417605,3.0730005367686526,0.8655394524959742,,,,
21,44.67257112184648,48.41653247450349,0.5971551261406334,0.33548040794417605,3.0327428878153517,2.945517981749866,,,,
22,42.51878690284487,48.82581857219538,0.5971551261406334,0.48980139559849706,3.0327428878153517,4.53569511540526,,,,
23,42.632850241545896,45.30327428878154,2.15378421900161,0.4092860976918948,3.965378421900161,5.535426731078905,,,,
24,42.73349436392915,45.26301663982824,2.200751476113795,0.4092860976918948,3.8915727321524423,5.501878690284487,,,,
25,42.975040257648956,44.860440150295226,2.1739130434782608,0.6709608158883521,3.851315083199141,5.46833064949007,,,,
26,42.169887278582934,41.17015566290929,6.602254428341385,0.6709608158883521,3.851315083199141,5.320719269994632,0.13419216317767044,0.08051529790660225,,
27,42.54562533548041,40.55958132045089,6.541867954911433,0.6709608158883521,3.844605475040258,5.622651637144391,0.13419216317767044,0.08051529790660225,,
28,42.99516908212561,40.29119699409554,6.481481481481482,0.6709608158883521,3.8043478260869565,5.542136339237788,0.13419216317767044,0.08051529790660225,,
29,43.29039184111648,40.063070316693505,5.032206119162641,0.6709608158883521,3.770799785292539,5.4549114331723025,0.13419216317767044,0.08051529790660225,1.5029522275899088,
30,40.4320987654321,39.99597423510467,4.951690821256038,0.6843800322061192,6.890767579173376,5.3274288781535155,0.13419216317767044,0.08051529790660225,1.5029522275899088,
31,40.653515834675254,39.67391304347826,4.978529253891573,0.7716049382716049,7.246376811594203,5.314009661835748,0.13419216317767044,0.08051529790660225,1.1473429951690821,
32,40.707192699946326,38.27160493827161,4.951690821256038,0.7716049382716049,7.206119162640902,6.729736983360172,0.13419216317767044,0.08051529790660225,1.1473429951690821,
33,27.18733225979603,55.20665593129361,4.797369833601718,2.38191089640365,1.8988191089640365,5.743424584004294,1.556629092860977,0.08051529790660225,1.1473429951690821,
34,27.522812667740205,54.97181964573269,4.730273752012883,2.368491680085883,1.8988191089640365,5.723295759527644,1.556629092860977,0.08051529790660225,1.1473429951690821,
35,27.234299516908212,54.53569511540526,5.065754159957058,2.4691358024691357,2.2074610842726785,5.709876543209877,1.5499194847020934,0.08051529790660225,1.1473429951690821,
36,24.496779388083738,50.62399355877617,14.855072463768115,2.5161030595813205,2.1940418679549114,2.7643585614600106,1.415727321524423,,1.133923778851315,
37,25.087224906065487,50.1207729468599,14.727589908749328,2.5966183574879227,2.1739130434782608,2.7509393451422435,1.4090177133655395,,1.133923778851315,
38,25.644122383252817,49.89935587761675,14.546430488459475,2.5966183574879227,2.1739130434782608,2.6301663982823404,1.3888888888888888,,1.1205045625335481,
39,25.577026301663984,48.86607622114869,15.640096618357488,2.522812667740204,2.15378421900161,2.737520128824477,1.3888888888888888,,1.1137949543746646,
40,25.087224906065487,57.27321524422974,11.79549114331723,2.059849704777241,0.040257648953301126,1.724369296833065,1.3888888888888888,,0.630703166935051,
41,25.597155126140635,56.89747718733226,11.641170155662909,2.1403650026838434,0.040257648953301126,1.710950080515298,1.3687600644122384,,0.6038647342995169,
42,25.91921631776704,56.09903381642512,9.96376811594203,2.1269457863660763,2.3752012882447664,1.570048309178744,1.3419216317767042,,0.6038647342995169,
43,26.34863123993559,55.642780461621044,8.621846484165324,2.1269457863660763,2.2745571658615136,3.0394524959742353,1.3419216317767042,,0.6038647342995169,
44,23.47691894793344,51.972624798711756,8.849973161567364,1.8988191089640365,8.923778851315083,2.8784219001610305,1.4626945786366077,,0.5367686527106817,
45,24.02710681696189,51.549919484702095,8.809715512614064,1.8988191089640365,8.923778851315083,2.818035426731079,1.4358561460010735,,0.5367686527106817,
46,24.537037037037038,51.10708534621578,8.702361782071927,2.0263016639828235,8.849973161567364,2.818035426731079,1.4358561460010735,,0.5233494363929146,
47,24.966451959205582,48.35614600107354,8.668813741277509,2.1135265700483092,8.84326355340848,5.119431025228127,1.4090177133655395,,0.5233494363929146,
48,25.503220611916262,47.90660225442834,8.59500805152979,2.167203435319377,8.796296296296296,5.0993022007514766,1.4090177133655395,,0.5233494363929146,
49,25.704508856682768,47.80595813204509,8.581588835212024,2.13365539452496,8.769457863660762,5.0993022007514766,1.4090177133655395,,0.49651100375738055,
50,26.03327965646806,47.34299516908212,8.353462157809984,2.2410091250670963,8.601717659688674,5.407944176060118,1.3888888888888888,0.13419216317767044,0.49651100375738055,
51,25.36231884057971,46.30971551261406,10.165056360708535,2.2208803005904456,8.568169618894256,5.280461621041331,1.3888888888888888,0.13419216317767044,0.5703166935050993,
52,25.865539452495973,45.813204508856685,9.997316156736447,2.301395598497048,8.440687063875469,5.267042404723564,1.5029522275899088,0.24825550187869028,0.5636070853462157,
53,25.93263553408481,45.05501878690284,11.2788513150832,2.657004830917874,8.393719806763285,4.488727858293076,1.4626945786366077,0.24825550187869028,0.4830917874396135,
54,26.422436929683307,44.82018250134192,11.225174449812132,2.757648953301127,8.246108427267847,4.334406870638754,1.4626945786366077,0.24825550187869028,0.4830917874396135,
55,26.8317230273752,44.357219538378956,11.198336017176597,2.9924852388620504,8.21256038647343,4.213633923778851,1.4626945786366077,0.24825550187869028,0.4830917874396135,
56,27.36849168008588,43.98819108964037,11.171497584541063,2.9924852388620504,8.051529790660226,4.106280193236715,1.4492753623188406,0.24825550187869028,0.6239935587761675,
57,27.677133655394524,43.605743424584006,11.158078368223295,3.126677402039721,8.125335480407944,4.045893719806763,1.3888888888888888,0.24825550187869028,0.6239935587761675,
58,27.194041867954912,44.0552871712292,11.077563070316694,3.240740740740741,8.125335480407944,4.045893719806763,1.3888888888888888,0.24825550187869028,0.6239935587761675,
59,27.865002683843265,43.75335480407944,10.990338164251208,3.2206119162640903,7.796564680622652,4.045893719806763,1.3217928073000538,0.24825550187869028,0.7581857219538379,
60,28.341384863123995,42.99516908212561,10.923242082662373,3.3011272141706924,7.132313472893183,4.871175523349437,1.42914653784219,0.24825550187869028,0.7581857219538379,
61,28.81105743424584,42.51878690284487,10.896403650026839,3.3011272141706924,7.206119162640902,4.830917874396135,1.42914653784219,0.24825550187869028,0.7581857219538379,
62,29.334406870638755,41.90150295222759,10.748792270531402,3.656736446591519,7.071926999463232,4.797369833601718,1.42914653784219,0.24825550187869028,0.8118625872249061,
63,29.73027375201288,41.626409017713364,10.674986580783683,3.656736446591519,7.058507783145465,4.7638217928073,1.42914653784219,0.24825550187869028,0.8118625872249061,
64,28.650026838432634,49.63768115942029,6.508319914117015,3.9989264626945786,6.333870101986044,2.428878153515835,1.3955984970477724,0.24825550187869028,0.798443370907139,
65,28.804347826086957,47.175254965110035,6.454643048845948,4.072732152442297,6.199677938808374,4.891304347826087,1.4492753623188406,0.24154589371980675,0.7112184648416533,
66,29.1129898013956,46.752549651100374,6.4345142243692965,4.072732152442297,6.300322061191626,4.938271604938271,1.4358561460010735,0.24154589371980675,0.7112184648416533,
67,29.53569511540526,45.779656468062264,6.494900697799249,4.549114331723027,6.166129898013956,5.0858829844337095,1.4358561460010735,0.24154589371980675,0.7112184648416533,
68,30.09259259259259,45.169082125603865,6.4345142243692965,4.690016103059581,6.152710681696189,5.0858829844337095,1.4358561460010735,0.24154589371980675,0.6977992485238862,
69,29.723564143854,43.86741814278046,6.266774020397209,4.488727858293076,6.146001073537305,6.991411701556629,1.4358561460010735,0.24154589371980675,0.8387010198604401,
70,30.14626945786366,43.46484165324745,6.172839506172839,4.7101449275362315,6.105743424584004,6.884057971014493,1.4358561460010735,0.24154589371980675,0.8387010198604401,
71,26.167471819645733,47.054482018250134,5.656199677938808,5.797101449275362,6.085614600107354,6.723027375201288,1.4358561460010735,0.24154589371980675,0.8387010198604401,
72,26.247987117552334,45.74610842726785,5.535426731078905,5.783682232957595,6.052066559312936,7.98443370907139,1.42914653784219,0.24154589371980675,0.9796027911969941,
73,26.29495437466452,45.1556629092861,5.401234567901234,5.595813204508857,5.998389694041868,8.28636607622115,1.9457863660762211,0.3757380568974772,0.9460547504025765,
74,26.37546967257112,44.14251207729468,5.387815351583468,5.173107890499195,5.931293612453032,9.66183574879227,1.9189479334406871,0.3757380568974772,1.0332796564680622,
75,26.7914653784219,43.88083735909823,5.3274288781535155,5.166398282340311,5.891035963499732,9.648416532474503,1.8853998926462694,0.3757380568974772,1.0332796564680622,
76,26.96591519055287,42.40472356414385,5.300590445517981,5.112721417069243,5.857487922705314,11.064143853998926,1.8853998926462694,0.3757380568974772,1.0332796564680622,
77,27.4422973698336,42.089371980676326,5.287171229200215,5.0993022007514766,5.850778314546431,11.044015029522276,1.8853998926462694,0.3757380568974772,0.9259259259259259,
78,23.926462694578635,37.74154589371981,15.579710144927537,3.898282340311326,5.662909286097692,10.695115405260333,1.247987117552335,0.3757380568974772,0.8722490606548577,
79,24.214975845410628,37.64761137949544,15.519323671497585,3.898282340311326,5.595813204508857,10.654857756307031,1.247987117552335,0.3757380568974772,0.8454106280193237,
80,23.53059581320451,37.01690821256039,14.492753623188406,3.670155662909286,5.83064949006978,13.137412775093935,1.247987117552335,0.2885131508319914,0.785024154589372,
81,23.698336017176597,36.4398819108964,14.432367149758454,3.616478797638218,5.8239398819108965,12.614063338701019,2.5429414922168547,0.2885131508319914,0.5434782608695652,
82,23.53059581320451,37.01690821256039,14.412238325281804,3.589640365002684,5.662909286097692,12.439613526570048,2.5161030595813205,0.2885131508319914,0.5434782608695652,
83,24.10762211486849,36.61433172302738,14.27133655394525,3.7372517444981215,5.662909286097692,12.27187332259796,2.5026838432635534,0.2885131508319914,0.5434782608695652,
84,24.55716586151369,36.480139559849704,14.090177133655395,3.6902844873859366,5.60252281266774,12.164519592055823,2.4691358024691357,0.2885131508319914,0.6575415995705851,
85,25.107353730542137,36.16478797638218,13.499731615673644,3.643317230273752,5.522007514761138,12.647611379495437,2.4691358024691357,0.2885131508319914,0.6575415995705851,
86,25.670960815888353,35.79575952764358,13.372249060654857,3.7909286097691894,5.501878690284487,12.486580783682234,2.4355877616747184,0.2885131508319914,0.6575415995705851,
87,25.738056897477186,35.35963499731616,13.278314546430488,3.7909286097691894,5.475040257648954,12.587224906065487,2.8247450348899625,0.2885131508319914,0.6575415995705851,
88,25.89237788513151,33.3467525496511,13.083735909822867,3.683574879227053,5.407944176060118,14.942297369833602,2.6972624798711755,0.2885131508319914,0.6575415995705851,
89,25.885668276972623,32.326892109500804,12.989801395598498,3.5829307568438002,5.293880837359098,14.88191089640365,4.092860976918948,0.2885131508319914,0.6575415995705851,
90,26.38888888888889,32.085346215781,12.922705314009661,3.7104133118625873,5.246913580246914,14.660493827160494,4.03918411164788,0.2885131508319914,0.6575415995705851,
91,26.549919484702095,32.00483091787439,10.701825013419215,3.670155662909286,5.233494363929147,16.894793344068706,4.03918411164788,0.2885131508319914,0.6172839506172839,
92,27.01959205582394,31.944444444444443,10.661567364465915,3.670155662909286,5.146269457863661,16.646537842190018,4.012345679012346,0.2885131508319914,0.6105743424584005,
93,27.47584541062802,31.723027375201287,10.527375201288244,3.670155662909286,5.12614063338701,16.586151368760063,3.8915727321524423,0.28180354267310787,0.7179280730005367,
94,27.462426194310254,31.5150295222759,10.38647342995169,3.938539989264627,5.0791733762748255,16.485507246376812,4.17337627482555,0.28180354267310787,0.6776704240472357,
95,27.871712292002147,31.226516371443907,10.299248523886206,3.938539989264627,5.059044551798175,16.404991948470208,4.240472356414386,0.28180354267310787,0.6776704240472357,
96,28.327965646806227,30.891035963499732,10.044283413848632,4.072732152442297,5.025496511003757,16.33118625872249,4.213633923778851,0.28180354267310787,0.8118625872249061,
97,28.99892646269458,30.454911433172303,9.98389694041868,4.032474503488996,4.938271604938271,16.203703703703702,4.294149221685454,0.28180354267310787,0.8118625872249061,
98,29.180085882984432,30.334138486312398,9.198872785829307,4.032474503488996,6.0587761674718195,15.827965646806227,4.274020397208803,0.28180354267310787,0.8118625872249061,
99,29.58937198067633,30.253623188405797,9.138486312399356,3.9989264626945786,6.038647342995169,15.707192699946322,4.180085882984434,0.28180354267310787,0.8118625872249061,
100,29.683306494900698,30.152979066022546,9.118357487922705,3.9184111647879765,5.998389694041868,15.861513687600644,4.180085882984434,0.27509393451422437,0.8118625872249061,
101,30.20665593129361,29.696725711218466,9.078099838969404,4.159957058507783,5.911164787976382,15.646806226516372,4.139828234031133,0.27509393451422437,0.8856682769726248,
102,30.555555555555557,29.55582393988191,8.903650026838433,4.092860976918948,5.911164787976382,15.626677402039721,4.0995705850778315,0.27509393451422437,0.9796027911969941,
103,31.01851851851852,29.240472356414386,8.870101986044014,4.180085882984434,5.703166935050993,15.539452495974235,4.0995705850778315,0.27509393451422437,1.0735373054213635,
104,31.052066559312937,29.012345679012345,8.541331186258722,4.4820182501341925,4.247181964573269,17.196725711218466,4.03918411164788,0.27509393451422437,1.1540526033279657,
105,31.629092860976918,28.77750939345142,8.480944712828771,4.4820182501341925,4.247181964573269,17.07595276435856,3.9989264626945786,0.27509393451422437,1.0332796564680622,
106,32.00483091787439,28.267579173376276,8.393719806763285,4.951690821256038,4.206924315619967,16.888083735909824,3.9855072463768115,0.27509393451422437,1.0265700483091786,
107,32.05179817498658,28.23403113258186,8.333333333333334,4.99194847020934,4.193505099302201,16.867954911433173,4.052603327965647,0.27509393451422437,0.9997316156736447,
108,32.33360171765969,28.12667740203972,8.219269994632313,4.9718196457326895,4.186795491143317,16.841116478797638,4.045893719806763,0.27509393451422437,0.9997316156736447,
109,32.88378958668814,28.012614063338702,8.031400966183575,4.9651100375738055,4.17337627482555,16.63311862587225,4.025764895330113,0.27509393451422437,0.9997316156736447,
110,33.23939881910896,27.84487385936661,7.977724100912507,4.85775630703167,4.166666666666667,16.492216854535695,4.146537842190016,0.27509393451422437,0.9997316156736447,
111,33.63526570048309,27.717391304347824,7.7831454643048845,4.8376274825550185,4.166666666666667,16.438539989264626,4.146537842190016,0.27509393451422437,0.9997316156736447,
112,33.682232957595275,26.986044015029524,7.7831454643048845,5.421363392377885,4.159957058507783,16.404991948470208,4.294149221685454,0.27509393451422437,0.9930220075147611,
113,34.13848631239936,26.710950080515296,7.601986044015029,5.636070853462158,4.03918411164788,16.324476650563607,4.294149221685454,0.27509393451422437,0.9796027911969941,
114,34.574610842726784,26.54320987654321,7.548309178743962,5.555555555555555,4.03918411164788,16.089640365002683,4.394793344068707,0.27509393451422437,0.9796027911969941,
115,34.76918947933441,26.41572732152442,7.521470746108427,5.555555555555555,4.03918411164788,16.089640365002683,4.361245303274289,0.2683843263553409,0.9796027911969941,
116,35.265700483091784,26.247987117552334,7.50805152979066,5.535426731078905,3.992216854535695,15.774288781535159,4.361245303274289,0.2683843263553409,0.9796027911969941,0.06709608158883522
117,35.67498658078368,25.93263553408481,7.5348899624261945,5.5756843800322065,3.938539989264627,15.197262479871176,4.361245303274289,0.7380568974771873,0.9796027911969941,0.06709608158883522
118,34.514224369296834,23.718464841653248,7.326892109500805,5.146269457863661,5.891035963499732,15.72061191626409,6.031937734836285,0.6038647342995169,0.9796027911969941,0.06709608158883522
119,35.06441223832528,23.564143853998928,7.313472893183038,5.132850241545894,5.891035963499732,15.53274288781535,5.850778314546431,0.6038647342995169,0.9796027911969941,0.06709608158883522
120,35.258990874932906,23.262211486849168,7.232957595276436,5.072463768115942,7.648953301127214,14.130434782608695,5.770263016639828,0.5904455179817498,0.966183574879227,0.06709608158883522
121,35.42002147074611,23.18840579710145,6.769994632313473,5.508588298443371,7.608695652173913,14.15727321524423,5.723295759527644,0.5904455179817498,0.966183574879227,0.06709608158883522
122,35.81588835212023,23.141438539989263,6.736446591519055,5.488459473966721,7.595276435856146,14.036500268384327,5.562265163714439,0.5904455179817498,0.966183574879227,0.06709608158883522
123,36.37278582930757,22.805958132045088,6.702898550724638,5.60252281266774,7.521470746108427,13.841921631776705,5.528717122920021,0.5904455179817498,0.966183574879227,0.06709608158883522
124,36.68813741277509,22.63150831991412,6.649221685453569,5.689747718733226,7.474503488996243,13.774825550187868,5.46833064949007,0.5904455179817498,0.966183574879227,0.06709608158883522
125,36.513687600644126,22.088030059044552,6.367418142780462,5.441492216854535,6.649221685453569,15.908480944712828,5.421363392377885,0.5904455179817498,0.95276435856146,0.06709608158883522
126,36.761943102522814,21.76596886741814,6.367418142780462,5.71658615136876,6.723027375201288,15.660225442834138,5.394524959742351,0.5904455179817498,0.95276435856146,0.06709608158883522
127,37.03032742887815,21.557971014492754,6.3137412775093935,5.703166935050993,6.830381105743425,15.613258185721953,5.340848094471283,0.5904455179817498,0.95276435856146,0.06709608158883522
128,37.533548040794415,21.38352120236178,6.3137412775093935,5.515297906602254,6.810252281266774,15.505904455179817,5.3341384863123995,0.5904455179817498,0.9460547504025765,0.06709608158883522
129,37.80193236714976,21.336553945249598,6.3137412775093935,5.515297906602254,6.756575415995706,15.371712292002147,5.300590445517981,0.5904455179817498,0.9460547504025765,0.06709608158883522
130,34.27938808373591,18.746645195920557,14.184111647879764,4.51556629092861,7.085346215780999,14.80810520665593,5.139559849704777,0.5904455179817498,0.5837359098228664,0.06709608158883522
131,34.54777241009125,18.65271068169619,14.06333870101986,4.488727858293076,7.058507783145465,14.848362855609233,5.0993022007514766,0.5904455179817498,0.5837359098228664,0.06709608158883522
132,34.88325281803543,18.47826086956522,13.94927536231884,4.569243156199678,7.132313472893183,14.734299516908212,5.01207729468599,0.5904455179817498,0.5837359098228664,0.06709608158883522
133,35.33279656468062,18.183038110574344,13.828502415458937,4.864465915190553,7.058507783145465,14.42565754159957,5.065754159957058,0.5904455179817498,0.5837359098228664,0.06709608158883522
134,35.13150831991412,17.68652710681696,14.707461084272678,4.810789049919484,7.03166935050993,14.257917337627482,5.032206119162641,0.5770263016639828,0.6977992485238862,0.06709608158883522
135,35.46027911969941,17.505367686527105,14.573268921095009,4.864465915190553,6.984702093397746,14.110305958132045,5.22007514761138,0.5300590445517982,0.6843800322061192,0.06709608158883522
136,35.70182501341922,17.458400429414922,14.351851851851851,4.864465915190553,6.971282877079979,13.989533011272142,5.22007514761138,0.5501878690284487,0.8252818035426731,0.06709608158883522
137,36.05072463768116,17.371175523349436,14.304884594739667,4.830917874396135,6.964573268921095,13.895598497047773,5.139559849704777,0.5501878690284487,0.8252818035426731,0.06709608158883522
138,35.829307568438004,17.317498658078367,15.042941492216855,4.783950617283951,6.568706387546968,13.875469672571121,5.139559849704777,0.5501878690284487,0.8252818035426731,0.06709608158883522
139,36.231884057971016,17.277241009125067,14.888620504562533,4.750402576489533,6.541867954911433,13.781535158346752,5.0993022007514766,0.5501878690284487,0.8118625872249061,0.06709608158883522
140,36.65458937198068,17.176596886741816,14.80810520665593,4.730273752012883,6.400966183574879,13.855340848094471,5.052334943639291,0.4428341384863124,0.8118625872249061,0.06709608158883522
141,36.882716049382715,17.09608158883521,14.821524422973699,4.730273752012883,6.327160493827161,13.788244766505636,5.032206119162641,0.4428341384863124,0.8118625872249061,0.06709608158883522
142,37.66774020397209,16.760601180891037,14.76784755770263,4.696725711218465,6.226516371443908,13.66076221148685,4.898013955984971,0.4428341384863124,0.8118625872249061,0.06709608158883522
143,36.292270531400966,15.841384863123993,14.600107353730541,4.528985507246377,11.117820719269995,12.117552334943639,4.247181964573269,0.4428341384863124,0.8118625872249061,
144,36.50697799248524,15.841384863123993,14.546430488459475,4.51556629092861,10.950080515297907,12.090713902308105,4.2203435319377345,0.4428341384863124,0.8856682769726248,
145,36.83574879227053,15.774288781535159,14.439076757917338,4.455179817498658,10.909822866344605,11.90955448201825,4.374664519592056,0.4428341384863124,0.8588298443370908,
146,37.285292538915726,15.727321524422974,14.439076757917338,4.367954911433173,10.762211486849168,11.761943102522812,4.3545356951154055,0.4428341384863124,0.8588298443370908,
147,37.64090177133655,15.579710144927537,14.27133655394525,4.367954911433173,10.72866344605475,11.735104669887278,4.260601180891036,0.4428341384863124,0.9728931830381106,
148,37.6207729468599,15.398550724637682,14.204240472356414,4.314278046162104,10.587761674718196,12.084004294149223,4.240472356414386,0.4428341384863124,1.107085346215781,
149,37.8690284487386,15.378421900161031,14.076757917337627,4.28743961352657,10.560923242082662,12.084004294149223,4.200214707461084,0.4428341384863124,1.1003757380568975,
150,38.39237788513151,15.277777777777779,13.935856146001074,4.240472356414386,10.527375201288244,11.936392914653783,4.146537842190016,0.4428341384863124,1.1003757380568975,
151,38.687600644122384,15.203972088030058,13.848631239935587,4.139828234031133,10.466988727858293,11.922973698336017,4.1129898013955986,0.4428341384863124,1.1741814278046163,
152,39.17740203972088,14.97584541062802,13.774825550187868,4.1129898013955986,10.44015029522276,11.714975845410628,4.106280193236715,0.4092860976918948,1.288244766505636,
153,39.439076757917334,14.915458937198068,13.734567901234568,4.0995705850778315,10.379763821792807,11.627750939345143,4.106280193236715,0.4092860976918948,1.288244766505636,
154,39.700751476113794,14.754428341384862,13.667471819645733,4.200214707461084,10.285829307568438,11.473429951690822,4.2203435319377345,0.4092860976918948,1.288244766505636,
155,40.04965110037574,14.74771873322598,13.539989264626946,4.180085882984434,10.225442834138486,11.386205045625335,4.180085882984434,0.4092860976918948,1.2815351583467525,
156,40.4723564143854,14.720880300590446,13.486312399355878,4.30756843800322,10.00402576489533,11.20504562533548,4.133118625872249,0.4092860976918948,1.261406333870102,
157,40.45893719806763,14.418947933440688,13.352120236178207,4.206924315619967,9.406870638754697,11.191626409017713,5.293880837359098,0.4092860976918948,1.261406333870102,
158,40.81454643048846,14.358561460010735,13.197799248523886,4.180085882984434,9.346484165324744,11.231884057971014,5.24020397208803,0.4092860976918948,1.221148684916801,
159,40.687063875469676,14.163982823403114,14.53972088030059,3.9519592055823938,9.078099838969404,10.721953837895867,5.233494363929147,0.4092860976918948,1.2144390767579174,
160,39.92887815351583,13.747987117552334,14.123725174449811,3.911701556629093,9.306226516371444,12.177938808373591,5.072463768115942,0.4025764895330113,1.328502415458937,
161,39.63365539452496,14.190821256038648,14.103596349973161,3.9720880300590444,9.252549651100376,12.050456253354804,5.065754159957058,0.4025764895330113,1.328502415458937,
162,39.781266774020395,14.123725174449811,14.231078904991948,3.9720880300590444,9.172034353193773,11.922973698336017,5.065754159957058,0.4025764895330113,1.328502415458937,
163,40.203972088030056,14.056629092860977,14.04320987654321,3.9519592055823938,9.05126140633387,11.90955448201825,5.065754159957058,0.4025764895330113,1.3150831991411702,
164,40.465646806226516,14.023081052066559,14.123725174449811,3.911701556629093,8.984165324745035,11.782071926999464,5.032206119162641,0.4025764895330113,1.2748255501878691,
165,40.64009661835749,13.882179280730005,14.029790660225443,3.864734299516908,8.849973161567364,12.050456253354804,4.891304347826087,0.4025764895330113,1.3888888888888888,
166,40.94873859366613,13.862050456253355,13.821792807300053,3.8311862587224907,8.836553945249598,12.037037037037036,4.891304347826087,0.4025764895330113,1.3687600644122384,
167,41.12989801395599,13.808373590982287,13.727858293075684,3.8177670424047236,8.776167471819646,12.097423510466989,4.884594739667204,0.4025764895330113,1.3553408480944713,
168,37.956253354804076,12.788513150831992,20.276435856146,3.4688674181427803,8.480944712828771,10.775630703166936,4.394793344068707,0.38915727321524424,1.4694041867954912,
169,38.016639828234034,12.781803542673108,20.356951154052602,3.44873859366613,8.467525496511003,10.748792270531402,4.320987654320987,0.38915727321524424,1.4694041867954912,
170,38.35212023617821,12.754965110037574,20.182501341921633,3.5225442834138487,8.400429414922169,10.63472893183038,4.300858829844337,0.38915727321524424,1.4626945786366077,
171,38.519860440150296,12.674449812130971,20.202630166398283,3.307836822329576,8.628556092324208,10.567632850241546,4.260601180891036,0.38915727321524424,1.4492753623188406,
172,38.73456790123457,12.567096081588835,20.202630166398283,3.307836822329576,8.61513687600644,10.466988727858293,4.341116478797638,0.32877079978529256,1.4358561460010735,
173,38.73456790123457,12.533548040794418,20.068438003220614,3.3011272141706924,8.608427267847558,10.285829307568438,4.7101449275362315,0.32877079978529256,1.42914653784219,
174,39.130434782608695,12.432903918411165,19.961084272678477,3.361513687600644,8.501073537305421,10.144927536231885,4.7101449275362315,0.32877079978529256,1.42914653784219,
175,38.58695652173913,11.641170155662909,19.85373054213634,3.3548040794417604,9.997316156736447,10.124798711755233,4.696725711218465,0.3153515834675255,1.42914653784219,
176,38.821792807300056,11.520397208803006,19.719538378958667,3.5426731078904994,9.98389694041868,9.98389694041868,4.683306494900698,0.3153515834675255,1.42914653784219,
177,39.070048309178745,11.493558776167472,19.652442297369834,3.535963499731616,9.923510466988727,9.91009125067096,4.683306494900698,0.3153515834675255,1.415727321524423,
178,39.51959205582394,11.406333870101985,19.565217391304348,3.502415458937198,9.73564143853999,9.829575952764358,4.64975845410628,0.3757380568974772,1.415727321524423,
179,39.680622651637144,11.345947396672035,19.243156199677937,3.8043478260869565,9.728931830381105,9.762479871175524,4.643048845947397,0.3757380568974772,1.415727321524423,
180,40.063070316693505,11.292270531400966,19.03515834675255,3.8378958668813743,9.54777241009125,9.688674181427805,4.62962962962963,0.3757380568974772,1.5297906602254427,
181,39.378690284487384,11.372785829307569,18.02871712292002,3.7104133118625873,11.117820719269995,9.520933977455716,4.918142780461621,0.3488996242619431,1.6035963499731616,
182,39.9020397208803,11.211755233494364,17.881105743424584,3.6500268384326353,11.057434245840042,9.4873859366613,4.891304347826087,0.3488996242619431,1.570048309178744,
183,40.123456790123456,11.211755233494364,17.867686527106816,3.616478797638218,11.037305421363392,9.333064949006978,4.891304347826087,0.3488996242619431,1.570048309178744,
184,40.31803542673108,11.20504562533548,17.767042404723565,3.5829307568438002,11.017176596886742,9.31964573268921,4.87788513150832,0.3421900161030596,1.570048309178744,
185,40.465646806226516,11.131239935587761,17.827428878153516,3.5426731078904994,11.117820719269995,9.306226516371444,4.777241009125067,0.3421900161030596,1.4895330112721417,
186,40.3918411164788,11.902844873859367,17.384594739667204,3.5292538915727323,10.990338164251208,9.212292002147075,4.770531400966184,0.3421900161030596,1.4761137949543746,
187,40.666935050993025,11.782071926999464,17.317498658078367,3.502415458937198,10.849436392914654,9.245840042941492,4.770531400966184,0.3421900161030596,1.5230810520665594,
188,40.96886741814278,11.728395061728396,17.05582393988191,3.5963499731615673,10.836017176596886,9.098228663446054,4.864465915190553,0.3421900161030596,1.5096618357487923,
189,41.31105743424584,11.714975845410628,16.800858829844337,3.569511540526033,10.748792270531402,8.984165324745035,4.864465915190553,0.3421900161030596,1.6639828234031133,
190,41.599570585077835,11.419753086419753,16.76731078904992,3.784219001610306,10.849436392914654,8.735909822866345,4.8376274825550185,0.3421900161030596,1.6639828234031133,
191,41.87466451959206,11.399624261943103,16.740472356414386,3.743961352657005,10.782340311325818,8.702361782071927,4.750402576489533,0.3421900161030596,1.6639828234031133,
192,41.91492216854536,11.3191089640365,16.59957058507783,3.717122920021471,11.29898013955985,8.548040794417606,4.656468062265164,0.3421900161030596,1.6035963499731616,
193,42.1430488459474,11.292270531400966,16.458668813741276,3.7640901771336552,11.225174449812132,8.541331186258722,4.62962962962963,0.3421900161030596,1.6035963499731616,
194,42.40472356414385,11.178207192699947,16.451959205582394,3.824476650563607,11.09098228663446,8.507783145464305,4.5960815888352125,0.3421900161030596,1.6035963499731616,
195,42.85426731078905,11.158078368223295,16.324476650563607,3.898282340311326,10.82259796027912,8.474235104669887,4.528985507246377,0.3421900161030596,1.596886741814278,
196,43.06897477187332,10.983628556092324,16.150026838432634,3.8848631239935587,10.775630703166936,8.59500805152979,4.64975845410628,0.3421900161030596,1.5499194847020934,
197,43.4044551798175,10.889694041867955,16.09634997316157,3.797638217928073,10.755501878690284,8.59500805152979,4.569243156199678,0.3421900161030596,1.5499194847020934,
198,43.63929146537842,10.869565217391305,15.995705850778315,3.8915727321524423,10.628019323671497,8.527911969940956,4.555823939881911,0.3421900161030596,1.5499194847020934,
199,43.927804616210416,10.72866344605475,15.921900161030596,3.9586688137412773,10.587761674718196,8.467525496511003,4.528985507246377,0.3421900161030596,1.5365002683843263,
200,43.887546967257116,10.621309715512615,15.848094471282877,3.9586688137412773,10.567632850241546,8.433977455716587,4.804079441760601,0.3421900161030596,1.5365002683843263,
201,44.04857756307032,10.587761674718196,15.942028985507246,3.9049919484702094,10.487117552334944,8.393719806763285,4.757112184648417,0.3421900161030596,1.5365002683843263,
202,44.24315619967794,10.560923242082662,15.807836822329575,3.9049919484702094,10.46027911969941,8.393719806763285,4.750402576489533,0.3421900161030596,1.5365002683843263,
203,44.585346215781,10.373054213633925,15.653515834675256,3.878153515834675,10.36634460547504,8.487654320987655,4.777241009125067,0.3421900161030596,1.5365002683843263,
204,44.75308641975309,10.473698336017177,15.653515834675256,3.851315083199141,10.165056360708535,8.467525496511003,4.777241009125067,0.3421900161030596,1.5163714439076759,
205,44.96108427267848,10.406602254428341,15.573000536768653,3.8378958668813743,10.151637144390767,8.433977455716587,4.777241009125067,0.3421900161030596,1.5163714439076759,
206,44.639023081052066,10.158346752549651,15.573000536768653,3.770799785292539,11.386205045625335,8.239398819108963,4.374664519592056,0.3421900161030596,1.5163714439076759,
207,44.77321524422974,10.064412238325282,15.438808373590982,3.730542136339238,11.466720343531938,8.225979602791197,4.488727858293076,0.30864197530864196,1.5029522275899088,
208,44.947665056360705,10.00402576489533,15.371712292002147,3.8378958668813743,11.386205045625335,8.172302737520129,4.488727858293076,0.30864197530864196,1.482823403113258,
209,44.85373054213634,9.936929683306495,15.318035426731079,3.824476650563607,11.312399355877616,8.085077831454644,4.931561996779388,0.2549651100375738,1.482823403113258,
210,45.00805152979066,9.842995169082126,15.136876006441224,3.824476650563607,11.225174449812132,8.07836822329576,5.032206119162641,0.2549651100375738,1.596886741814278,
211,45.04830917874396,9.64170692431562,15.083199141170155,3.7775093934514223,11.211755233494364,8.038110574342458,5.347557702630167,0.2549651100375738,1.596886741814278,
212,45.37707997852925,9.534353193773484,15.049651100375739,3.717122920021471,11.137949543746645,7.9106280193236715,5.421363392377885,0.2549651100375738,1.596886741814278,
213,45.61862587224906,9.50751476113795,15.01610305958132,3.6231884057971016,11.11111111111111,7.890499194847021,5.381105743424584,0.2549651100375738,1.596886741814278,
214,45.9272678475577,9.353193773483628,15.01610305958132,3.6097691894793345,11.07085346215781,7.863660762211487,5.35426731078905,0.2549651100375738,1.5499194847020934,
215,46.00107353730542,9.447128287707997,15.01610305958132,3.589640365002684,10.88298443370907,7.9039184111647875,5.307300053676865,0.2549651100375738,1.596886741814278,
216,46.19565217391305,9.41358024691358,14.888620504562533,3.5762211486849167,10.86285560923242,7.9039184111647875,5.307300053676865,0.2549651100375738,1.596886741814278,
217,46.00107353730542,9.346484165324744,14.861782071927,3.5426731078904994,10.997047772410092,8.11862587224906,5.280461621041331,0.2549651100375738,1.596886741814278,
218,46.222490606548575,9.339774557165862,14.720880300590446,3.69699409554482,10.943370907139023,8.091787439613526,5.146269457863661,0.2549651100375738,1.583467525496511,
219,46.4975845410628,9.333064949006978,14.573268921095009,3.69699409554482,10.84272678475577,8.091787439613526,5.12614063338701,0.2549651100375738,1.583467525496511,
220,46.67874396135266,9.292807300053678,14.533011272141707,3.683574879227053,10.795759527643586,8.085077831454644,5.092592592592593,0.2549651100375738,1.583467525496511,
221,46.89345142243693,9.25925925925926,14.459205582393988,3.683574879227053,10.748792270531402,7.991143317230274,5.213365539452496,0.24154589371980675,1.5096618357487923,
222,46.947128287708,9.158615136876007,14.412238325281804,3.683574879227053,10.695115405260333,8.105206655931294,5.260332796564681,0.24154589371980675,1.4962426194310252,
223,47.22893183038111,9.078099838969404,14.318303811057435,3.683574879227053,10.601180891035963,8.165593129361245,5.193236714975845,0.24154589371980675,1.4895330112721417,
224,47.42351046698873,8.977455716586151,14.170692431561998,3.683574879227053,10.7085346215781,8.152173913043478,5.166398282340311,0.23483628556092323,1.482823403113258,
225,47.30944712828771,8.910359634997317,14.123725174449811,3.683574879227053,10.950080515297907,8.152173913043478,5.152979066022544,0.23483628556092323,1.482823403113258,
226,47.59125067096082,8.84326355340848,13.955984970477724,3.670155662909286,10.916532474503489,8.031400966183575,5.152979066022544,0.35560923242082665,1.482823403113258,
227,47.79253891572732,8.796296296296296,13.855340848094471,3.5762211486849167,10.782340311325818,8.179012345679013,5.213365539452496,0.3488996242619431,1.4559849704777241,
228,47.96698872785829,8.789586688137414,13.734567901234568,3.549382716049383,10.695115405260333,8.152173913043478,5.213365539452496,0.3488996242619431,1.5499194847020934,
229,48.128019323671495,8.756038647342995,13.499731615673644,3.5426731078904994,10.701825013419215,8.21256038647343,5.159688674181428,0.3488996242619431,1.6505636070853462,
230,48.38298443370907,8.756038647342995,13.419216317767042,3.5225442834138487,10.674986580783683,8.145464304884594,5.146269457863661,0.33548040794417605,1.6170155662909287,
231,48.46349973161568,8.668813741277509,13.157541599570585,3.488996242619431,10.520665593129362,7.971014492753623,5.783682232957595,0.33548040794417605,1.6103059581320451,
232,48.72517444981213,8.668813741277509,12.942834138486312,3.488996242619431,10.601180891035963,7.930756843800322,5.709876543209877,0.33548040794417605,1.596886741814278,
233,48.128019323671495,8.628556092324208,12.365807836822329,3.535963499731616,11.83574879227053,7.930756843800322,5.642780461621041,0.33548040794417605,1.596886741814278,
234,47.86634460547504,8.57487922705314,11.211755233494364,3.656736446591519,11.701556629092861,7.830112721417069,7.37385936661299,0.33548040794417605,1.4492753623188406,
235,48.07434245840043,8.521202361782072,11.198336017176597,3.656736446591519,11.60762211486849,7.823403113258186,7.333601717659689,0.33548040794417605,1.4492753623188406,
236,47.26247987117552,8.07836822329576,11.151368760064413,3.4151905528717124,11.245303274288782,9.883252818035427,7.179280730005368,0.33548040794417605,1.4492753623188406,
237,47.25577026301664,8.064949006977992,11.097691894793345,3.408480944712829,11.18491680085883,10.138217928073,7.206119162640902,0.33548040794417605,1.3083735909822867,
238,46.947128287708,7.823403113258186,10.990338164251208,3.3816425120772946,12.406065485775631,9.829575952764358,7.112184648416532,0.2952227589908749,1.2144390767579174,
239,47.128287707997856,7.776435856146001,10.849436392914654,3.6366076221148687,12.265163714439076,9.722222222222221,7.112184648416532,0.2952227589908749,1.2144390767579174,
240,47.215512614063336,7.75630703166935,10.795759527643586,3.6366076221148687,12.198067632850242,9.789318303811058,7.098765432098766,0.2952227589908749,1.2144390767579174,
241,47.52415458937198,7.729468599033816,10.587761674718196,3.603059581320451,12.29200214707461,9.708803005904455,7.051798174986581,0.2952227589908749,1.2077294685990339,
