,45,50,52,55,51,53,56,54,57
0,99.81884057971014,0.18115942028985507,,,,,,,
1,97.83279656468062,2.167203435319377,,,,,,,
2,93.59232420826623,6.407675791733762,,,,,,,
3,85.46027911969941,14.53972088030059,,,,,,,
4,82.02495974235104,17.975040257648953,,,,,,,
5,74.89264626945787,24.67793880837359,0.4294149221685454,,,,,,
6,74.24181427804616,25.328770799785293,0.4294149221685454,,,,,,
7,71.97396672034353,27.455716586151368,0.4294149221685454,0.14090177133655393,,,,,
8,64.22436929683306,35.20531400966183,0.4294149221685454,0.14090177133655393,,,,,
9,64.45920558239399,34.97047772410091,0.4294149221685454,0.14090177133655393,,,,,
10,58.09849704777241,40.445517981749866,0.4294149221685454,1.0265700483091786,,,,,
11,58.44068706387547,40.103327965646805,0.4294149221685454,1.0265700483091786,,,,,
12,58.621846484165324,38.62721417069243,2.1739130434782608,0.5770263016639828,,,,,
13,58.09849704777241,39.150563607085346,2.1739130434782608,0.5770263016639828,,,,,
14,57.078636607622116,40.123456790123456,2.2208803005904456,0.5770263016639828,,,,,
15,51.409017713365536,38.37224906065486,2.2208803005904456,0.5770263016639828,7.4208266237251745,,,,
16,50.315351583467525,39.47933440687064,2.2208803005904456,0.5770263016639828,7.407407407407407,,,,
17,45.07514761137949,46.69216317767042,0.39586688137412773,0.46296296296296297,7.37385936661299,,,,
18,44.947665056360705,46.13526570048309,0.39586688137412773,0.46296296296296297,8.05823939881911,,,,
19,43.82045088566828,41.1231884057971,0.39586688137412773,0.46296296296296297,11.426462694578637,2.771068169618894,,,
20,43.90096618357488,41.136607622114866,0.39586688137412773,0.46296296296296297,11.332528180354267,2.771068169618894,,,
21,40.344873859366615,45.3569511540526,0.39586688137412773,0.46296296296296297,11.325818572195384,2.1135265700483092,,,
22,40.3918411164788,45.309983896940416,0.39586688137412773,0.46296296296296297,11.325818572195384,2.1135265700483092,,,
23,35.92324208266237,48.05421363392378,0.35560923242082665,0.46296296296296297,13.144122383252817,2.059849704777241,,,
24,36.24530327428878,46.79951690821256,0.35560923242082665,0.6508319914117016,12.889157273215245,2.8113258185721954,0.24825550187869028,,
25,34.76918947933441,50.95276435856146,0.35560923242082665,0.6508319914117016,10.23215244229737,2.791196994095545,0.24825550187869028,,
26,35.17176596886742,50.7313472893183,0.35560923242082665,0.6508319914117016,10.050993022007514,2.791196994095545,0.24825550187869028,,
27,35.299248523886206,50.657541599570585,0.35560923242082665,0.6508319914117016,10.050993022007514,2.7777777777777777,0.20799785292538917,,
28,33.313204508856685,46.60493827160494,0.20799785292538917,1.737788513150832,15.982286634460548,1.8115942028985508,0.20799785292538917,0.13419216317767044,
29,33.621846484165324,46.39023081052066,0.20799785292538917,1.737788513150832,15.935319377348362,1.7646269457863661,0.20799785292538917,0.13419216317767044,
30,33.7157809983897,46.3365539452496,0.20799785292538917,1.737788513150832,15.895061728395062,1.7646269457863661,0.20799785292538917,0.13419216317767044,
31,31.206387546967257,47.52415458937198,0.06709608158883522,1.737788513150832,17.418142780461622,1.7646269457863661,0.14761137949543746,0.13419216317767044,
32,30.9044551798175,42.592592592592595,3.5091250670960816,1.6237251744498122,19.32367149758454,1.7646269457863661,0.14761137949543746,0.13419216317767044,
33,28.911701556629094,44.6256038647343,3.5091250670960816,1.6237251744498122,19.28341384863124,1.7646269457863661,0.14761137949543746,0.13419216317767044,
34,25.013419216317768,48.718464841653244,3.5091250670960816,1.6572732152442298,19.0552871712292,1.7646269457863661,0.14761137949543746,0.13419216317767044,
35,25.0,49.14787976382179,3.5091250670960816,1.6505636070853462,18.67283950617284,1.7646269457863661,0.12077294685990338,0.13419216317767044,
36,25.140901771336555,49.033816425120776,3.5091250670960816,1.6505636070853462,18.089103596349972,1.7646269457863661,0.12077294685990338,0.6910896403650026,
37,25.07380568974772,47.42351046698873,3.4822866344605474,1.6505636070853462,18.035426731078903,1.7646269457863661,0.12077294685990338,2.4490069779924855,
38,25.234836285560924,47.14170692431562,3.4822866344605474,1.7847557702630166,18.02200751476114,1.7646269457863661,0.12077294685990338,2.4490069779924855,
39,25.63070316693505,46.92699946323135,3.4688674181427803,1.7713365539452497,18.00187869028449,1.6304347826086956,0.12077294685990338,2.4490069779924855,
40,25.026838432635532,45.86688137412775,5.186527106816962,1.7713365539452497,17.94820182501342,1.6304347826086956,0.12077294685990338,2.4490069779924855,
41,24.812130971551262,44.806763285024154,7.575147611379496,2.771068169618894,15.83467525496511,1.6304347826086956,0.12077294685990338,2.4490069779924855,
42,23.409822866344605,40.552871712292,7.575147611379496,2.717391304347826,21.430488459473967,1.6103059581320451,0.12077294685990338,2.5831991411701556,
43,23.698336017176597,40.304616210413315,7.37385936661299,2.8650026838432634,21.430488459473967,1.570048309178744,0.12077294685990338,2.636876006441224,
44,23.89291465378422,39.841653247450346,7.924047235641439,2.8650026838432634,21.14868491680086,1.570048309178744,0.12077294685990338,2.636876006441224,
45,23.60440150295223,38.61379495437466,5.776972624798712,2.965646806226516,25.32206119162641,1.570048309178744,0.12077294685990338,2.0263016639828235,
46,22.685185185185187,36.73510466988728,5.776972624798712,2.576489533011272,28.784219001610307,1.2949543746645196,0.12077294685990338,2.0263016639828235,
47,22.685185185185187,36.72839506172839,5.776972624798712,2.6972624798711755,28.670155662909288,1.2949543746645196,0.12077294685990338,2.0263016639828235,
48,22.356414385399894,36.07756307031669,5.743424584004294,2.690552871712292,29.69001610305958,1.2949543746645196,0.12077294685990338,2.0263016639828235,
49,22.604669887278583,36.01717659688674,5.662909286097692,2.690552871712292,29.582662372517444,1.2949543746645196,0.12077294685990338,2.0263016639828235,
50,21.041331186258724,31.689479334406872,5.662909286097692,2.690552871712292,35.258990874932906,1.2949543746645196,0.12077294685990338,2.2410091250670963,
51,20.095276435856146,29.488727858293075,5.662909286097692,2.690552871712292,38.43263553408481,1.2748255501878691,0.11406333870101985,2.2410091250670963,
52,19.82018250134192,29.8040794417606,5.662909286097692,2.690552871712292,38.39237788513151,1.2748255501878691,0.11406333870101985,2.2410091250670963,
53,19.95437466451959,29.032474503488995,7.856951154052603,2.589908749329039,36.93639291465379,1.2748255501878691,0.11406333870101985,2.2410091250670963,
54,16.948470209339774,36.493558776167475,7.809983896940419,2.690552871712292,32.48792270531401,1.2748255501878691,0.11406333870101985,2.1806226516371443,
55,17.04911433172303,36.47342995169082,7.7831454643048845,2.6838432635534084,32.44095544820183,1.2748255501878691,0.11406333870101985,2.1806226516371443,
56,15.177133655394526,38.486312399355874,7.7831454643048845,2.5429414922168547,32.17257112184648,1.2748255501878691,0.3824476650563607,2.1806226516371443,
57,13.761406333870102,41.599570585077835,7.273215244229737,2.3617820719269993,31.333870101986044,1.2748255501878691,0.3824476650563607,2.0128824476650564,
58,13.962694578636608,41.53918411164788,7.1725711218464845,2.3617820719269993,31.293612453032743,1.2748255501878691,0.3824476650563607,2.0128824476650564,
59,13.573537305421363,42.0625335480408,7.139023081052066,2.328234031132582,31.011808910359633,1.5096618357487923,0.3824476650563607,1.9927536231884058,
60,13.707729468599034,41.98201825013419,7.139023081052066,2.301395598497048,30.9849704777241,1.5096618357487923,0.3824476650563607,1.9927536231884058,
61,13.875469672571121,41.84782608695652,7.132313472893183,2.301395598497048,30.9849704777241,1.5096618357487923,0.3824476650563607,1.9659151905528718,
62,14.123725174449811,41.646537842190014,7.132313472893183,2.301395598497048,30.938003220611915,1.5096618357487923,0.3824476650563607,1.9659151905528718,
63,13.70101986044015,38.55340848094471,5.152979066022544,2.2410091250670963,34.816156736446594,1.5096618357487923,0.36231884057971014,3.6634460547504024,
64,13.902308105206655,38.378958668813745,5.152979066022544,2.147074610842727,34.74235104669887,1.5096618357487923,0.2885131508319914,3.878153515834675,
65,14.465915190552872,37.895866881374126,5.139559849704777,2.147074610842727,34.675254965110035,1.5096618357487923,0.2885131508319914,3.878153515834675,
66,14.331723027375201,32.27321524422974,8.836553945249598,2.073268921095008,36.83574879227053,1.751207729468599,0.020128824476650563,3.878153515834675,
67,12.922705314009661,28.884863123993558,8.836553945249598,1.2949543746645196,42.43827160493827,1.724369296833065,0.020128824476650563,3.878153515834675,
68,12.76838432635534,28.509125067096083,9.749060654857756,1.2949543746645196,42.05582393988191,1.724369296833065,0.020128824476650563,3.878153515834675,
69,12.962962962962964,28.368223295759528,9.73564143853999,1.288244766505636,41.908212560386474,1.724369296833065,0.13419216317767044,3.878153515834675,
70,13.110574342458401,27.583199141170155,9.708803005904455,1.2748255501878691,41.37144390767579,2.9388083735909825,0.13419216317767044,3.878153515834675,
71,13.009930220075148,26.96591519055287,7.977724100912507,1.2748255501878691,42.86768652710682,3.33467525496511,0.8252818035426731,3.743961352657005,
72,13.318572195383789,26.85185185185185,7.950885668276973,1.8384326355340848,42.07595276435856,3.321256038647343,0.8252818035426731,3.8177670424047236,
73,12.983091787439614,26.637144390767578,7.944176060118089,1.6572732152442298,43.63258185721954,2.3349436392914655,0.8252818035426731,3.9855072463768115,
74,11.896135265700483,24.00697799248524,7.944176060118089,1.1674718196457328,50.006709608158886,2.24771873322598,0.8252818035426731,1.90552871712292,
75,12.25174449812131,23.758722490606548,7.836822329575953,1.3419216317767042,49.83225979602791,2.24771873322598,0.8252818035426731,1.90552871712292,
76,10.768921095008052,21.22920021470746,6.266774020397209,1.3419216317767042,55.414653784219,2.24771873322598,0.8252818035426731,1.90552871712292,
77,10.601180891035963,20.833333333333332,6.239935587761675,1.3419216317767042,55.95142243692968,2.2342995169082127,0.8923778851315083,1.90552871712292,
78,10.88298443370907,20.78636607622115,6.1862587224906065,1.3419216317767042,55.421363392377884,2.227589908749329,1.247987117552335,1.90552871712292,
79,11.158078368223295,20.705850778314545,6.166129898013956,1.3419216317767042,55.152979066022546,2.2074610842726785,1.3620504562533549,1.90552871712292,
80,11.43317230273752,20.69243156199678,6.152710681696189,1.3419216317767042,54.73698336017176,2.2074610842726785,1.5297906602254427,1.90552871712292,
81,11.748523886205046,20.638754696725712,6.152710681696189,1.3419216317767042,54.47530864197531,2.2074610842726785,1.5297906602254427,1.90552871712292,
82,12.057165861513688,20.544820182501343,6.139291465378422,1.3016639828234031,54.34111647879764,2.2074610842726785,1.5297906602254427,1.8786902844873858,
83,12.218196457326892,20.531400966183575,6.139291465378422,1.3016639828234031,54.1935050993022,2.2074610842726785,1.5297906602254427,1.8786902844873858,
84,12.352388620504563,20.531400966183575,6.139291465378422,1.288244766505636,54.106280193236714,2.1806226516371443,1.5230810520665594,1.8786902844873858,
85,12.419484702093397,20.46430488459474,6.394256575415996,1.865271068169619,53.11996779388084,2.1806226516371443,1.6774020397208802,1.8786902844873858,
86,12.285292538915728,20.169082125603865,8.57487922705314,1.583467525496511,51.68411164787977,2.1806226516371443,1.6774020397208802,1.8451422436929683,
87,12.359098228663447,19.994632313472895,8.57487922705314,1.583467525496511,51.68411164787977,2.1806226516371443,1.9189479334406871,1.7042404723564144,
88,12.52012882447665,19.981213097155127,8.507783145464305,1.583467525496511,51.62372517444981,2.1806226516371443,1.8585614600107354,1.7042404723564144,0.040257648953301126
89,13.050187869028449,19.87385936661299,8.501073537305421,1.583467525496511,51.23456790123457,2.1806226516371443,1.8317230273752012,1.7042404723564144,0.040257648953301126
90,13.526570048309178,19.753086419753085,8.447396672034353,1.5633387010198605,50.97289318303811,2.1806226516371443,1.8115942028985508,1.7042404723564144,0.040257648953301126
91,13.7211486849168,19.719538378958667,8.413848631239935,2.4154589371980677,50.013419216317764,2.1806226516371443,1.7914653784219001,1.7042404723564144,0.040257648953301126
92,13.788244766505636,19.706119162640903,8.353462157809984,2.49597423510467,49.93961352657005,2.1806226516371443,1.7914653784219001,1.7042404723564144,0.040257648953301126
93,13.761406333870102,19.048577563070317,10.21202361782072,2.2611379495437465,49.443102522812666,1.7579173376274826,1.7713365539452497,1.7042404723564144,0.040257648953301126
94,13.841921631776705,18.411164787976382,10.809178743961352,2.2611379495437465,49.402844873859365,1.7579173376274826,1.7713365539452497,1.7042404723564144,0.040257648953301126
95,13.56682769726248,18.06226516371444,10.648148148148149,2.2074610842726785,47.71202361782072,2.26784755770263,1.8585614600107354,3.6366076221148687,0.040257648953301126
96,13.942565754159958,18.02871712292002,10.61460010735373,2.2074610842726785,47.416800858829845,2.26784755770263,1.8585614600107354,3.6231884057971016,0.040257648953301126
97,14.150563607085346,18.02871712292002,10.61460010735373,2.1403650026838434,47.27589908749329,2.26784755770263,1.8585614600107354,3.6231884057971016,0.040257648953301126
98,13.647342995169081,17.2638217928073,16.888083735909824,2.1403650026838434,42.27724100912507,2.26784755770263,1.8518518518518519,3.6231884057971016,0.040257648953301126
99,13.855340848094471,17.183306494900698,16.854535695115406,2.24771873322598,42.11621041331186,2.26784755770263,1.8518518518518519,3.5829307568438002,0.040257648953301126
100,13.81508319914117,17.163177670424048,17.787171229200215,1.932367149758454,41.56602254428341,2.26784755770263,1.8451422436929683,3.5829307568438002,0.040257648953301126
101,11.876006441223833,14.600107353730541,17.19001610305958,1.932367149758454,42.72007514761138,5.314009661835748,1.8451422436929683,4.4820182501341925,0.040257648953301126
102,12.077294685990339,14.533011272141707,17.11621041331186,1.932367149758454,42.693236714975846,5.314009661835748,1.8451422436929683,4.448470209339774,0.040257648953301126
103,12.245034889962426,14.506172839506172,17.04911433172303,1.932367149758454,42.619431025228124,5.179817498658078,1.8451422436929683,4.582662372517445,0.040257648953301126
104,12.5,14.49946323134729,17.002147074610843,1.932367149758454,42.58588298443371,5.139559849704777,1.7310789049919484,4.569243156199678,0.040257648953301126
105,11.862587224906065,13.902308105206655,15.861513687600644,1.9189479334406871,45.65888352120236,5.0993022007514766,1.1741814278046163,4.4820182501341925,0.040257648953301126
106,11.990069779924852,13.88888888888889,15.687063875469672,1.9189479334406871,45.57836822329576,5.0993022007514766,1.1741814278046163,4.4820182501341925,0.18115942028985507
107,10.399892646269459,17.66639828234031,15.599838969404187,1.9189479334406871,45.46430488459474,3.126677402039721,1.1741814278046163,4.468599033816425,0.18115942028985507
108,10.299248523886206,17.37788513150832,13.56682769726248,1.3553408480944713,48.26221148684917,3.113258185721954,1.3955984970477724,4.448470209339774,0.18115942028985507
109,9.950348899624261,17.37788513150832,15.203972088030058,1.3553408480944713,47.26247987117552,2.9790660225442833,1.2748255501878691,4.414922168545357,0.18115942028985507
110,8.648684916800859,16.59957058507783,21.79951690821256,1.1540526033279657,45.8064949006978,2.791196994095545,1.261406333870102,1.7981749865807837,0.14090177133655393
111,9.225711218464841,16.445249597423512,21.618357487922705,1.1540526033279657,45.57836822329576,2.7777777777777777,1.261406333870102,1.7981749865807837,0.14090177133655393
112,9.31964573268921,16.445249597423512,21.618357487922705,1.1540526033279657,45.48443370907139,2.7777777777777777,1.261406333870102,1.7981749865807837,0.14090177133655393
113,9.252549651100376,22.873054213633925,15.324745034889963,1.1205045625335481,45.450885668276975,2.7777777777777777,1.261406333870102,1.7981749865807837,0.14090177133655393
114,9.614868491680086,22.819377348362856,15.250939345142244,1.1137949543746646,45.17579173376275,2.7777777777777777,1.247987117552335,1.8585614600107354,0.14090177133655393
115,9.75577026301664,22.75228126677402,15.230810520665592,1.1137949543746646,45.12211486849168,2.7777777777777777,1.247987117552335,1.8585614600107354,0.14090177133655393
116,9.567901234567902,22.644927536231883,15.633387010198604,1.482823403113258,44.41760601180891,2.7308105206655933,1.247987117552335,2.13365539452496,0.14090177133655393
117,10.010735373054214,22.52415458937198,15.60654857756307,1.482823403113258,43.94122383252818,2.717391304347826,1.442565754159957,2.13365539452496,0.14090177133655393
118,10.158346752549651,22.416800858829845,15.60654857756307,1.482823403113258,43.75335480407944,2.717391304347826,1.5901771336553945,2.13365539452496,0.14090177133655393
119,10.292538915727322,22.383252818035427,15.599838969404187,1.482823403113258,43.69296833064949,2.717391304347826,1.583467525496511,2.1068169618894257,0.14090177133655393
120,10.735373054213634,22.342995169082126,15.53274288781535,1.482823403113258,43.39774557165862,2.717391304347826,1.5432098765432098,2.1068169618894257,0.14090177133655393
121,10.929951690821255,22.33628556092324,15.5126140633387,1.482823403113258,43.29710144927536,2.690552871712292,1.5230810520665594,2.086688137412775,0.14090177133655393
122,11.037305421363392,22.29602791196994,15.5126140633387,1.482823403113258,43.23000536768653,2.690552871712292,1.5230810520665594,2.086688137412775,0.14090177133655393
123,11.231884057971014,22.088030059044552,15.49248523886205,1.7579173376274826,43.01529790660226,2.677133655394525,1.5230810520665594,2.073268921095008,0.14090177133655393
124,11.406333870101985,22.061191626409016,15.4723564143854,1.7579173376274826,42.90794417606012,2.677133655394525,1.5230810520665594,2.0531400966183573,0.14090177133655393
125,11.701556629092861,21.980676328502415,15.438808373590982,1.7579173376274826,42.72678475577026,2.677133655394525,1.5230810520665594,2.0531400966183573,0.14090177133655393
126,11.929683306494901,21.953837895866883,15.324745034889963,1.7579173376274826,42.68652710681696,2.657004830917874,1.4962426194310252,2.0531400966183573,0.14090177133655393
127,12.191358024691358,21.920289855072465,15.26435856146001,1.737788513150832,42.54562533548041,2.657004830917874,1.4962426194310252,2.046430488459474,0.14090177133655393
128,12.365807836822329,21.900161030595815,15.26435856146001,1.737788513150832,42.42485238862051,2.657004830917874,1.4761137949543746,2.033011272141707,0.14090177133655393
129,12.010198604401502,15.559581320450885,12.627482555018787,1.710950080515298,52.42887815351583,2.5563607085346214,1.4761137949543746,1.4895330112721417,0.14090177133655393
130,11.486849168008588,15.445517981749866,12.607353730542137,1.6774020397208802,44.26999463231347,11.54723564143854,1.3419216317767042,1.482823403113258,0.14090177133655393
131,11.822329575952764,15.197262479871176,12.587224906065487,1.6774020397208802,44.20289855072464,11.54723564143854,1.3419216317767042,1.482823403113258,0.14090177133655393
132,11.788781535158346,15.170424047235642,12.573805689747719,1.6706924315619969,43.57890499194847,11.486849168008588,1.3419216317767042,2.24771873322598,0.14090177133655393
133,12.084004294149223,15.123456790123457,12.47987117552335,1.6706924315619969,43.42458400429415,11.486849168008588,1.3419216317767042,2.24771873322598,0.14090177133655393
134,12.25174449812131,15.123456790123457,12.4597423510467,1.6706924315619969,43.27697262479871,11.486849168008588,1.3419216317767042,2.24771873322598,0.14090177133655393
135,11.466720343531938,13.546698872785829,10.983628556092324,1.3150831991411702,48.64465915190553,10.889694041867955,0.9930220075147611,2.01959205582394,0.14090177133655393
136,11.694847020933977,13.459473966720344,10.976918947933441,1.4492753623188406,48.54401502952228,10.641438539989265,0.9930220075147611,2.01959205582394,0.2214170692431562
137,11.90955448201825,13.425925925925926,10.963499731615673,1.4492753623188406,48.101180891035966,10.61460010735373,1.2949543746645196,2.01959205582394,0.2214170692431562
138,12.164519592055823,13.41250670960816,10.963499731615673,1.4358561460010735,47.78582930756844,10.61460010735373,1.3821792807300053,2.01959205582394,0.2214170692431562
139,10.963499731615673,9.198872785829307,9.829575952764358,1.6103059581320451,57.7361782071927,6.877348362855609,1.5633387010198605,1.9994632313472893,0.2214170692431562
140,11.325818572195384,9.091519055287172,9.822866344605474,1.6103059581320451,57.48792270531401,6.877348362855609,1.5633387010198605,1.9994632313472893,0.2214170692431562
141,11.124530327428879,8.588298443370908,10.943370907139023,1.596886741814278,56.84380032206119,6.756575415995706,1.5633387010198605,2.3617820719269993,0.2214170692431562
142,11.231884057971014,8.588298443370908,10.929951690821255,1.596886741814278,56.72973698336017,6.729736983360172,1.6103059581320451,2.3617820719269993,0.2214170692431562
143,11.439881910896403,8.581588835212024,10.923242082662373,1.596886741814278,56.54857756307032,6.729736983360172,1.6103059581320451,2.3483628556092326,0.2214170692431562
144,11.681427804616211,8.521202361782072,10.923242082662373,1.596886741814278,56.36741814278046,6.729736983360172,1.6103059581320451,2.3483628556092326,0.2214170692431562
145,11.701556629092861,8.514492753623188,10.762211486849168,1.9390767579173376,55.91787439613527,6.709608158883521,1.8853998926462694,2.3483628556092326,0.2214170692431562
146,12.02361782071927,8.507783145464305,10.674986580783683,1.9390767579173376,55.79710144927536,6.642512077294686,1.8853998926462694,2.314814814814815,0.2147074610842727
147,12.211486849168008,8.480944712828771,10.654857756307031,1.9390767579173376,55.61594202898551,6.588835212023618,1.9793344068706387,2.314814814814815,0.2147074610842727
148,12.365807836822329,8.480944712828771,10.621309715512615,1.9390767579173376,55.49516908212561,6.588835212023618,1.9793344068706387,2.314814814814815,0.2147074610842727
149,12.177938808373591,6.293612453032743,10.50053676865271,1.9390767579173376,58.09849704777241,6.481481481481482,1.9793344068706387,2.314814814814815,0.2147074610842727
150,12.620772946859903,6.293612453032743,10.38647342995169,1.9256575415995705,57.830112721417066,6.481481481481482,1.9793344068706387,2.26784755770263,0.2147074610842727
151,12.788513150831992,6.280193236714976,10.38647342995169,2.100107353730542,57.67579173376275,6.3070316693505095,1.9793344068706387,2.26784755770263,0.2147074610842727
152,12.949543746645196,6.280193236714976,10.38647342995169,2.100107353730542,57.51476113794954,6.3070316693505095,1.9793344068706387,2.26784755770263,0.2147074610842727
153,13.150831991411701,5.971551261406334,10.339506172839506,2.442297369833602,56.60225442834138,6.280193236714976,1.9659151905528718,3.0327428878153517,0.2147074610842727
154,13.352120236178207,5.971551261406334,10.265700483091788,2.576489533011272,56.125872249060656,6.132581857219538,2.328234031132582,3.0327428878153517,0.2147074610842727
155,13.20450885668277,5.924584004294149,10.695115405260333,2.6435856146001075,55.73000536768653,6.132581857219538,2.4691358024691357,2.985775630703167,0.2147074610842727
156,13.385668276972625,5.891035963499732,10.48040794417606,2.6435856146001075,55.22007514761138,6.709608158883521,2.4691358024691357,2.985775630703167,0.2147074610842727
157,13.741277509393452,5.891035963499732,10.44015029522276,2.6435856146001075,54.891304347826086,6.5485775630703165,2.677133655394525,2.952227589908749,0.2147074610842727
158,13.94927536231884,5.844068706387547,10.44015029522276,2.7509393451422435,54.58266237251745,6.333870101986044,2.6704240472356413,3.2139023081052067,0.2147074610842727
159,12.104133118625873,5.71658615136876,9.997316156736447,2.328234031132582,59.98389694041868,4.944981213097155,2.5966183574879227,2.120236178207193,0.20799785292538917
160,12.318840579710145,5.71658615136876,9.970477724100913,2.328234031132582,59.856414385399894,4.911433172302737,2.5966183574879227,2.120236178207193,0.18115942028985507
161,12.5,5.683038110574342,10.238862050456254,2.328234031132582,59.47396672034353,4.911433172302737,2.563070316693505,2.120236178207193,0.18115942028985507
162,12.661030595813205,5.676328502415459,10.23215244229737,2.328234031132582,59.265968867418145,4.904723564143854,2.563070316693505,2.187332259796028,0.18115942028985507
163,12.875738056897477,5.629361245303274,10.171765968867419,2.328234031132582,58.40713902308105,4.904723564143854,2.428878153515835,3.0730005367686526,0.18115942028985507
164,13.130703166935051,5.629361245303274,10.144927536231885,2.328234031132582,58.21926999463231,4.884594739667204,2.428878153515835,3.052871712292002,0.18115942028985507
165,13.24476650563607,5.629361245303274,10.11808910359635,2.3215244229736984,58.16559312936125,4.884594739667204,2.428878153515835,3.026033279656468,0.18115942028985507
166,13.305152979066023,5.5689747718733225,10.104669887278583,2.536231884057971,57.99785292538916,4.884594739667204,2.395330112721417,3.026033279656468,0.18115942028985507
167,13.385668276972625,5.548845947396672,10.104669887278583,2.536231884057971,56.86392914653784,5.8172302737520125,2.536231884057971,3.026033279656468,0.18115942028985507
168,13.620504562533547,5.481749865807837,10.104669887278583,2.536231884057971,56.146001073537306,5.790391841116479,3.140096618357488,2.999194847020934,0.18115942028985507
169,13.841921631776705,5.381105743424584,12.674449812130971,2.536231884057971,53.18035426731079,5.750134192163178,3.8378958668813743,2.509393451422437,0.2885131508319914
170,13.942565754159958,4.904723564143854,12.345679012345679,2.8381642512077296,52.75764895330113,6.333870101986044,3.730542136339238,2.85829307568438,0.2885131508319914
171,14.197530864197532,4.904723564143854,12.31213097155126,2.8381642512077296,52.46913580246913,6.3137412775093935,3.8177670424047236,2.85829307568438,0.2885131508319914
172,14.27133655394525,4.85775630703167,12.29200214707461,2.7308105206655933,52.20746108427268,6.816961889425658,3.6768652710681695,2.85829307568438,0.2885131508319914
173,14.398819108964037,4.85775630703167,12.238325281803542,2.818035426731079,51.98604401502952,6.8035426731078905,3.7909286097691894,2.818035426731079,0.2885131508319914
174,14.868491680085883,4.810789049919484,12.224906065485776,2.898550724637681,51.590177133655395,6.8035426731078905,3.7573805689747717,2.757648953301127,0.2885131508319914
175,15.022812667740205,4.804079441760601,12.191358024691358,3.7037037037037037,50.697799248523886,6.8035426731078905,3.730542136339238,2.757648953301127,0.2885131508319914
176,15.217391304347826,4.804079441760601,12.191358024691358,3.7037037037037037,50.536768652710684,6.8035426731078905,3.730542136339238,2.757648953301127,0.2549651100375738
177,15.438808373590982,4.797369833601718,12.191358024691358,3.7037037037037037,49.85909822866345,7.440955448201825,3.556092324208266,2.757648953301127,0.2549651100375738
178,15.613258185721953,4.797369833601718,12.050456253354804,3.6768652710681695,49.81884057971015,7.333601717659689,3.69699409554482,2.757648953301127,0.2549651100375738
179,15.895061728395062,4.797369833601718,12.050456253354804,3.6768652710681695,49.080783682232955,7.320182501341922,4.025764895330113,2.898550724637681,0.2549651100375738
180,15.58641975308642,4.723564143853999,12.983091787439614,4.817498658078368,47.71202361782072,7.239667203435319,3.938539989264627,2.7844873859366612,0.2147074610842727
181,15.747450348899624,4.723564143853999,12.983091787439614,4.817498658078368,47.61137949543747,7.206119162640902,3.911701556629093,2.7844873859366612,0.2147074610842727
182,16.15673644659152,4.7168545356951155,12.969672571121846,4.817498658078368,47.235641438539986,7.192699946323135,3.911701556629093,2.7844873859366612,0.2147074610842727
183,15.405260332796564,4.03918411164788,12.325550187869029,4.53569511540526,49.724906065485776,7.192699946323135,3.911701556629093,2.771068169618894,0.0939345142243693
184,15.619967793880837,4.03918411164788,12.164519592055823,5.152979066022544,49.08749329039184,7.192699946323135,3.911701556629093,2.737520128824477,0.0939345142243693
185,15.868223295759528,4.03918411164788,12.164519592055823,5.152979066022544,48.86607622114869,7.192699946323135,3.911701556629093,2.7106816961889426,0.0939345142243693
186,16.210413311862588,4.03918411164788,12.151100375738057,5.12614063338701,48.48362855609233,6.910896403650026,3.603059581320451,3.388352120236178,0.08722490606548577
187,16.485507246376812,4.03918411164788,12.097423510466989,5.112721417069243,48.24208266237252,6.877348362855609,3.670155662909286,3.388352120236178,0.08722490606548577
188,14.88191089640365,10.466988727858293,10.869565217391305,5.052334943639291,45.69243156199678,6.132581857219538,3.4957058507783145,3.321256038647343,0.08722490606548577
189,15.01610305958132,10.46027911969941,10.84272678475577,5.052334943639291,45.60520665593129,6.119162640901771,3.4957058507783145,3.321256038647343,0.08722490606548577
190,15.391841116478798,10.433440687063875,10.809178743961352,5.038915727321524,45.24288781535159,6.099033816425121,3.6231884057971016,3.2742887815351582,0.08722490606548577
191,15.579710144927537,10.379763821792807,10.809178743961352,5.038915727321524,45.1556629092861,6.052066559312936,3.6231884057971016,3.2742887815351582,0.08722490606548577
192,16.19699409554482,10.373054213633925,10.782340311325818,5.025496511003757,44.82018250134192,5.998389694041868,3.4420289855072466,3.2742887815351582,0.08722490606548577
193,16.545893719806763,10.36634460547504,10.668276972624799,5.01207729468599,44.65915190552872,5.9514224369296835,3.435319377348363,3.2742887815351582,0.08722490606548577
194,16.841116478797638,10.36634460547504,10.654857756307031,4.891304347826087,44.26999463231347,5.9514224369296835,3.670155662909286,3.2675791733762747,0.08722490606548577
195,16.78743961352657,10.352925389157273,10.560923242082662,5.589103596349974,43.84057971014493,5.938003220611916,3.5762211486849167,3.2675791733762747,0.08722490606548577
196,16.854535695115406,10.352925389157273,10.560923242082662,5.589103596349974,43.77348362855609,5.938003220611916,3.5762211486849167,3.2675791733762747,0.08722490606548577
197,17.257112184648417,10.185185185185185,10.46027911969941,5.589103596349974,43.585614600107355,5.924584004294149,3.656736446591519,3.2541599570585076,0.08722490606548577
198,17.351046698872786,10.185185185185185,10.332796564680622,5.5756843800322065,43.43800322061192,5.924584004294149,3.8714439076757916,3.2541599570585076,0.06709608158883522
199,17.37788513150832,10.151637144390767,10.245571658615138,5.522007514761138,43.10252281266774,5.924584004294149,4.139828234031133,3.4688674181427803,0.06709608158883522
200,17.21014492753623,10.131508319914117,10.23215244229737,5.636070853462158,42.74691358024691,6.5552871712292005,3.9519592055823938,3.4688674181427803,0.06709608158883522
201,17.364465915190554,10.11808910359635,10.23215244229737,5.636070853462158,42.639559849704774,6.541867954911433,3.9519592055823938,3.44873859366613,0.06709608158883522
202,17.579173376274827,9.977187332259795,10.185185185185185,5.589103596349974,42.552334943639295,6.501610305958132,3.9452495974235107,3.603059581320451,0.06709608158883522
203,17.652979066022546,9.977187332259795,10.185185185185185,5.589103596349974,42.47852925389157,6.501610305958132,3.9452495974235107,3.603059581320451,0.06709608158883522
204,17.787171229200215,9.91009125067096,10.178475577026301,5.5756843800322065,42.43827160493827,6.501610305958132,3.9452495974235107,3.5963499731615673,0.06709608158883522
205,17.961621041331185,9.816156736446592,10.138217928073,5.5756843800322065,42.39801395598497,6.501610305958132,3.9452495974235107,3.5963499731615673,0.06709608158883522
206,18.02871712292002,9.480676328502415,10.138217928073,6.025228126677402,42.31749865807837,6.468062265163715,3.9452495974235107,3.5292538915727323,0.06709608158883522
207,18.223295759527645,9.447128287707997,9.822866344605474,5.998389694041868,42.250402576489535,6.4412238325281805,3.9452495974235107,3.5292538915727323,0.3421900161030596
208,18.4044551798175,9.426999463231347,9.769189479334408,5.998389694041868,42.169887278582934,6.427804616210413,3.9318303811057436,3.5292538915727323,0.3421900161030596
209,18.82716049382716,9.41358024691358,9.769189479334408,5.897745571658615,41.96188942565754,6.374127750939345,3.8848631239935587,3.5292538915727323,0.3421900161030596
210,19.088835212023618,9.41358024691358,9.769189479334408,5.850778314546431,41.74718196457327,6.374127750939345,3.9184111647879765,3.4957058507783145,0.3421900161030596
211,19.182769726247987,9.41358024691358,9.749060654857756,5.991680085882985,41.54589371980676,6.374127750939345,3.911701556629093,3.4957058507783145,0.33548040794417605
212,18.21658615136876,9.41358024691358,8.252818035426731,4.569243156199678,47.25577026301664,5.642780461621041,3.307836822329576,3.2474503488996245,0.0939345142243693
213,18.263553408480945,9.41358024691358,8.252818035426731,4.569243156199678,47.20880300590446,5.642780461621041,3.307836822329576,3.2474503488996245,0.0939345142243693
214,18.4447128287708,9.373322597960279,8.232689210950081,4.528985507246377,47.16183574879227,5.642780461621041,3.2742887815351582,3.2474503488996245,0.0939345142243693
215,18.61916264090177,9.057971014492754,8.21256038647343,4.528985507246377,46.93370907139023,5.756843800322061,3.2139023081052067,3.589640365002684,0.08722490606548577
216,18.511808910359633,9.057971014492754,8.05823939881911,4.528985507246377,46.60493827160494,6.407675791733762,3.193773483628556,3.549382716049383,0.08722490606548577
217,18.766774020397207,9.05126140633387,8.011272141706923,4.528985507246377,46.121846484165324,6.300322061191626,3.5829307568438002,3.549382716049383,0.08722490606548577
218,18.99490069779925,9.05126140633387,8.011272141706923,4.528985507246377,45.833333333333336,6.273483628556092,3.670155662909286,3.549382716049383,0.08722490606548577
219,19.14922168545357,9.05126140633387,8.011272141706923,4.528985507246377,45.6857219538379,6.266774020397209,3.670155662909286,3.549382716049383,0.08722490606548577
220,19.363929146537842,8.957326892109501,8.541331186258722,4.274020397208803,45.34353193773484,6.266774020397209,3.6634460547504024,3.502415458937198,0.08722490606548577
221,19.404186795491142,8.957326892109501,8.501073537305421,4.616210413311863,45.06843800322061,6.260064412238325,3.6634460547504024,3.4420289855072466,0.08722490606548577
222,19.504830917874397,8.957326892109501,8.501073537305421,4.616210413311863,44.99463231347289,6.246645195920558,3.6500268384326353,3.4420289855072466,0.08722490606548577
223,19.558507783145465,8.957326892109501,8.487654320987655,4.616210413311863,44.85373054213634,6.246645195920558,3.750670960815888,3.4420289855072466,0.08722490606548577
224,19.565217391304348,8.957326892109501,8.487654320987655,4.669887278582931,44.6256038647343,6.394256575415996,3.878153515834675,3.33467525496511,0.08722490606548577
225,19.706119162640903,8.957326892109501,8.454106280193237,4.669887278582931,44.53166935050993,6.367418142780462,3.864734299516908,3.361513687600644,0.08722490606548577
226,20.061728395061728,8.84326355340848,8.427267847557703,4.643048845947397,44.457863660762214,6.340579710144928,3.864734299516908,3.2742887815351582,0.08722490606548577
227,20.162372517444982,8.829844337090714,8.427267847557703,4.643048845947397,44.38405797101449,6.327160493827161,3.864734299516908,3.2742887815351582,0.08722490606548577
228,20.585077831454644,8.796296296296296,8.427267847557703,4.582662372517445,44.10896403650027,6.280193236714976,3.938539989264627,3.193773483628556,0.08722490606548577
229,20.665593129361245,8.796296296296296,8.413848631239935,4.569243156199678,44.10896403650027,6.239935587761675,3.938539989264627,3.180354267310789,0.08722490606548577
230,20.90042941492217,8.776167471819646,8.950617283950617,4.696725711218465,43.43129361245303,6.629092860976919,3.81105743424584,2.717391304347826,0.08722490606548577
231,21.081588835212024,8.742619431025227,8.950617283950617,4.770531400966184,43.25684380032206,6.615673644659152,3.7775093934514223,2.717391304347826,0.08722490606548577
232,21.38352120236178,8.729200214707461,8.950617283950617,4.7101449275362315,43.02871712292002,6.749865807836822,3.7775093934514223,2.5831991411701556,0.08722490606548577
233,21.4170692431562,8.702361782071927,8.970746108427267,4.985238862050457,42.74691358024691,6.749865807836822,3.7775093934514223,2.563070316693505,0.08722490606548577
234,20.202630166398283,8.588298443370908,8.05823939881911,5.535426731078905,44.06199677938808,7.588566827697263,3.4420289855072466,2.4355877616747184,0.08722490606548577
235,20.363660762211488,8.53462157809984,8.031400966183575,5.535426731078905,43.887546967257116,7.568438003220612,3.4420289855072466,2.5496511003757383,0.08722490606548577
236,20.517981749865807,8.514492753623188,7.957595276435856,5.535426731078905,43.82716049382716,7.568438003220612,3.4420289855072466,2.5496511003757383,0.08722490606548577
237,20.061728395061728,8.474235104669887,9.688674181427805,5.528717122920021,42.84755770263017,7.568438003220612,3.4286097691894795,2.314814814814815,0.08722490606548577
238,20.001341921631777,8.353462157809984,9.514224369296834,5.501878690284487,43.12936124530327,7.548309178743962,3.556092324208266,2.3081052066559313,0.08722490606548577
239,20.12211486849168,8.340042941492216,9.4873859366613,5.501878690284487,42.96833064949007,7.5281803542673105,3.656736446591519,2.3081052066559313,0.08722490606548577
240,20.242887815351583,8.340042941492216,9.4873859366613,5.501878690284487,42.860976918947934,7.514761137949543,3.656736446591519,2.3081052066559313,0.08722490606548577
241,20.43075684380032,8.340042941492216,9.453837895866881,5.501878690284487,42.70665593129361,7.514761137949543,3.656736446591519,2.3081052066559313,0.08722490606548577
242,20.437466451959207,8.340042941492216,9.29951690821256,5.501878690284487,42.250402576489535,7.514761137949543,3.7909286097691894,2.7777777777777777,0.08722490606548577
243,20.77294685990338,8.340042941492216,9.198872785829307,5.475040257648954,42.08266237251745,7.514761137949543,3.784219001610306,2.7442297369833604,0.08722490606548577
244,20.994363929146537,8.28636607622115,9.198872785829307,5.475040257648954,41.86795491143317,7.427536231884058,3.92512077294686,2.737520128824477,0.08722490606548577
245,21.088298443370906,8.28636607622115,9.198872785829307,5.60252281266774,41.706924315619965,7.4208266237251745,3.8714439076757916,2.737520128824477,0.08722490606548577
246,21.155394524959743,8.199141170155663,9.198872785829307,5.6964573268921095,41.63311862587225,7.4208266237251745,3.8714439076757916,2.737520128824477,0.08722490606548577
247,21.3768115942029,8.105206655931294,9.118357487922705,5.6964573268921095,41.54589371980676,7.39398819108964,3.8378958668813743,2.8381642512077296,0.08722490606548577
248,20.336822329575952,7.7898550724637685,8.635265700483092,5.837359098228664,44.24315619967794,7.14573268921095,3.321256038647343,2.6033279656468062,0.08722490606548577
249,20.397208803005906,7.7898550724637685,8.628556092324208,5.837359098228664,44.196188942565755,7.14573268921095,3.3145464304884595,2.6033279656468062,0.08722490606548577
250,20.598497047772412,7.729468599033816,8.61513687600644,5.8172302737520125,44.08883521202362,7.14573268921095,3.3145464304884595,2.6033279656468062,0.08722490606548577
251,20.94068706387547,7.729468599033816,8.57487922705314,5.770263016639828,43.86070853462158,7.14573268921095,3.294417606011809,2.5966183574879227,0.08722490606548577
252,21.202361782071925,7.716049382716049,8.55475040257649,5.770263016639828,43.67283950617284,7.14573268921095,3.2541599570585076,2.5966183574879227,0.08722490606548577
