,45,50,55,51,54,52,53,56,57,59,60,58,61
0,98.02737520128825,1.9726247987117553,,,,,,,,,,,
1,97.65834675254965,2.341653247450349,,,,,,,,,,,
2,97.39667203435319,2.6033279656468062,,,,,,,,,,,
3,94.67928073000537,5.320719269994632,,,,,,,,,,,
4,94.04186795491144,5.931293612453032,0.026838432635534086,,,,,,,,,,
5,92.53220611916264,7.246376811594203,0.026838432635534086,0.19457863660762212,,,,,,,,,
6,92.3040794417606,7.474503488996243,0.026838432635534086,0.19457863660762212,,,,,,,,,
7,92.12962962962963,7.62211486849168,0.026838432635534086,0.2214170692431562,,,,,,,,,
8,91.59286097691894,8.158883521202362,0.026838432635534086,0.2214170692431562,,,,,,,,,
9,89.55314009661836,10.198604401502953,0.026838432635534086,0.2214170692431562,,,,,,,,,
10,88.25818572195384,11.460010735373054,0.026838432635534086,0.2549651100375738,,,,,,,,,
11,86.808910359635,12.869028448738593,0.040257648953301126,0.2683843263553409,0.013419216317767043,,,,,,,,
12,85.95008051529791,13.654052603327965,0.040257648953301126,0.28180354267310787,0.04696725711218465,0.026838432635534086,,,,,,,
13,85.2187332259796,14.318303811057435,0.040257648953301126,0.3488996242619431,0.04696725711218465,0.026838432635534086,,,,,,,
14,84.50751476113795,14.99597423510467,0.040257648953301126,0.3488996242619431,0.04696725711218465,0.026838432635534086,0.03354804079441761,,,,,,
15,82.72275899087494,16.639828234031132,0.040257648953301126,0.3824476650563607,0.04696725711218465,0.026838432635534086,0.14090177133655393,,,,,,
16,81.61567364465915,17.773752012882447,0.040257648953301126,0.36902844873859364,0.03354804079441761,0.026838432635534086,0.14090177133655393,,,,,,
17,81.21309715512614,18.129361245303276,0.026838432635534086,0.39586688137412773,0.06709608158883522,0.026838432635534086,0.14090177133655393,,,,,,
18,81.09903381642512,18.243424584004295,0.026838432635534086,0.39586688137412773,0.06709608158883522,0.026838432635534086,0.14090177133655393,,,,,,
19,81.03864734299516,18.33064949006978,0.026838432635534086,0.39586688137412773,0.06709608158883522,,0.14090177133655393,,,,,,
20,80.42136339237788,18.907675791733762,0.026838432635534086,0.3824476650563607,0.10735373054213634,,0.15432098765432098,,,,,,
21,80.40123456790124,18.894256575415994,0.026838432635534086,0.39586688137412773,0.10735373054213634,0.020128824476650563,0.15432098765432098,,,,,,
22,79.71014492753623,19.558507783145465,0.040257648953301126,0.4294149221685454,0.10735373054213634,0.020128824476650563,0.13419216317767044,,,,,,
23,78.06629092860977,21.175523349436393,0.040257648953301126,0.4562533548040794,0.10735373054213634,0.020128824476650563,0.13419216317767044,,,,,,
24,77.61674718196457,21.598228663446054,0.026838432635534086,0.4830917874396135,0.10735373054213634,0.020128824476650563,0.14761137949543746,,,,,,
25,76.670692431562,22.289318303811058,0.026838432635534086,0.7045088566827697,0.10735373054213634,0.05367686527106817,0.14761137949543746,,,,,,
26,69.67257112184649,28.207192699946322,0.10064412238325282,1.6639828234031133,0.17444981213097155,0.05367686527106817,0.1274825550187869,,,,,,
27,67.57917337627482,26.362050456253353,0.10064412238325282,5.615942028985507,0.17444981213097155,0.03354804079441761,0.10735373054213634,0.026838432635534086,,,,,
28,67.52549651100375,26.308373590982285,0.2281266774020397,5.5689747718733225,0.17444981213097155,0.03354804079441761,0.13419216317767044,0.026838432635534086,,,,,
29,67.20343531937735,26.650563607085346,0.2281266774020397,5.562265163714439,0.17444981213097155,0.03354804079441761,0.12077294685990338,0.026838432635534086,,,,,
30,33.1454643048846,64.86849168008588,0.3824476650563607,1.3486312399355878,0.13419216317767044,,0.12077294685990338,,,,,,
31,33.299785292538914,62.835480407944175,1.221148684916801,1.90552871712292,0.6038647342995169,,0.13419216317767044,,,,,,
32,33.3064949006978,62.25845410628019,1.4626945786366077,1.9659151905528718,0.6038647342995169,0.2683843263553409,0.13419216317767044,,,,,,
33,26.1808910359635,69.65915190552872,1.5432098765432098,1.9457863660762211,0.2683843263553409,0.2683843263553409,0.13419216317767044,,,,,,
34,26.31508319914117,57.340311325818575,1.8317230273752012,1.9524959742351047,0.2683843263553409,12.084004294149223,0.15432098765432098,,0.05367686527106817,,,,
35,26.462694578636608,56.96457326892109,2.059849704777241,1.9659151905528718,0.2683843263553409,12.070585077831455,0.15432098765432098,,0.05367686527106817,,,,
36,26.48953301127214,56.54186795491143,2.4892646269457863,1.9659151905528718,0.2683843263553409,12.010198604401502,0.15432098765432098,,0.08051529790660225,,,,
37,25.91921631776704,50.18786902844874,2.1135265700483092,1.6438539989264627,0.2683843263553409,19.632313472893184,0.11406333870101985,,0.10064412238325282,0.020128824476650563,,,
38,26.019860440150296,49.85238862050456,4.1129898013955986,1.6438539989264627,0.46296296296296297,17.458400429414922,0.10735373054213634,,0.322061191626409,0.020128824476650563,,,
39,25.93263553408481,49.89935587761675,4.146537842190016,1.6706924315619969,0.4830917874396135,17.371175523349436,0.10735373054213634,,0.36902844873859364,0.020128824476650563,,,
40,25.986312399355878,49.20826623725174,4.448470209339774,2.0397208803005906,0.4495437466451959,17.250402576489535,0.10735373054213634,0.026838432635534086,0.46296296296296297,0.020128824476650563,,,
41,26.583467525496513,48.35614600107354,5.059044551798175,2.0531400966183573,0.4428341384863124,16.988727858293075,0.13419216317767044,0.026838432635534086,0.2683843263553409,0.08722490606548577,,,
42,25.41599570585078,44.04857756307032,5.12614063338701,7.709339774557166,0.4294149221685454,16.71363392377885,0.13419216317767044,0.020128824476650563,0.3153515834675255,0.08722490606548577,,,
43,25.744766505636072,43.82716049382716,5.059044551798175,7.682501341921632,0.4294149221685454,16.284219001610307,0.16774020397208803,0.020128824476650563,0.630703166935051,0.15432098765432098,,,
44,25.95276435856146,43.625872249060656,5.065754159957058,7.37385936661299,0.4830917874396135,16.11647879763822,0.4495437466451959,0.040257648953301126,0.7380568974771873,0.15432098765432098,,,
45,26.227858293075684,43.41787439613527,4.9651100375738055,7.326892109500805,0.6239935587761675,15.98899624261943,0.43612453032742887,0.07380568974771873,0.785024154589372,0.15432098765432098,,,
46,25.966183574879228,42.49194847020934,4.951690821256038,8.641975308641975,0.5904455179817498,15.901771336553946,0.322061191626409,0.16774020397208803,0.8118625872249061,0.15432098765432098,,,
47,26.08695652173913,41.8545356951154,5.065754159957058,8.581588835212024,0.644122383252818,15.794417606011809,0.322061191626409,0.16774020397208803,1.3620504562533549,0.10735373054213634,0.013419216317767043,,
48,26.462694578636608,41.626409017713364,5.045625335480408,8.581588835212024,0.644122383252818,15.619967793880837,0.322061191626409,0.16774020397208803,1.4090177133655395,0.10735373054213634,0.013419216317767043,,
49,25.0,43.19645732689211,5.280461621041331,8.3467525496511,0.5971551261406334,15.559581320450885,0.2952227589908749,0.1878690284487386,1.3821792807300053,0.10735373054213634,0.04696725711218465,,
50,25.087224906065487,42.619431025228124,5.0858829844337095,8.199141170155663,0.5233494363929146,15.666935050993022,0.9259259259259259,0.1878690284487386,1.5499194847020934,0.10735373054213634,0.04696725711218465,,
51,24.362587224906065,45.793075684380035,5.166398282340311,6.588835212023618,0.4562533548040794,14.794685990338165,0.9125067096081588,0.1878690284487386,1.583467525496511,0.10735373054213634,0.04696725711218465,,
52,24.644390767579175,45.511272141706925,5.280461621041331,6.515029522275899,0.4562533548040794,14.781266774020397,0.8856682769726248,0.1878690284487386,1.583467525496511,0.10735373054213634,0.04696725711218465,,
53,24.792002147074612,45.450885668276975,5.387815351583468,6.494900697799249,0.4830917874396135,14.63365539452496,0.798443370907139,0.2147074610842727,1.5901771336553945,0.10735373054213634,0.04696725711218465,,
54,24.50348899624262,45.309983896940416,5.689747718733226,6.655931293612453,0.4830917874396135,14.49946323134729,0.798443370907139,0.24154589371980675,1.6639828234031133,0.10735373054213634,0.04696725711218465,,
55,24.315619967793882,43.61916264090177,5.394524959742351,6.635802469135802,0.49651100375738055,13.915727321524423,3.435319377348363,0.630703166935051,1.3419216317767042,0.14090177133655393,0.07380568974771873,,
56,24.422973698336016,43.51851851851852,5.4549114331723025,6.421095008051529,0.5166398282340311,13.83521202361782,3.4017713365539453,0.8387010198604401,1.3754696725711217,0.14090177133655393,0.07380568974771873,,
57,24.590713902308106,43.08239398819109,5.703166935050993,6.400966183574879,0.5568974771873323,13.83521202361782,3.4017713365539453,0.8387010198604401,1.3754696725711217,0.14090177133655393,0.07380568974771873,,
58,24.84567901234568,42.55904455179817,5.609232420826624,6.139291465378422,1.2748255501878691,13.546698872785829,3.361513687600644,1.093666129898014,1.3352120236178207,0.14090177133655393,0.07380568974771873,0.020128824476650563,
59,23.61111111111111,39.231078904991946,5.662909286097692,10.72866344605475,1.3083735909822867,13.358829844337091,3.3480944712828773,1.0869565217391304,1.42914653784219,0.14090177133655393,0.07380568974771873,0.020128824476650563,
60,23.839237788513152,39.08346752549651,5.595813204508857,10.715244229736983,1.2681159420289856,13.298443370907139,3.4017713365539453,1.0802469135802468,1.482823403113258,0.14090177133655393,0.07380568974771873,0.020128824476650563,
61,24.033816425120772,38.90230810520666,5.642780461621041,10.587761674718196,1.2949543746645196,13.331991411701557,3.388352120236178,1.093666129898014,1.4895330112721417,0.14090177133655393,0.07380568974771873,0.020128824476650563,
62,24.295491143317232,38.74127750939345,5.683038110574342,10.379763821792807,1.2949543746645196,13.291733762748256,3.374932903918411,1.247987117552335,1.4559849704777241,0.14090177133655393,0.07380568974771873,0.020128824476650563,
63,22.84621578099839,40.351583467525494,5.636070853462158,10.305958132045088,1.2949543746645196,12.661030595813205,3.3548040794417604,1.9189479334406871,1.3754696725711217,0.1610305958132045,0.07380568974771873,0.020128824476650563,
64,22.624798711755233,40.66022544283414,5.850778314546431,10.171765968867419,1.2815351583467525,12.466451959205582,3.3413848631239937,1.9390767579173376,1.4090177133655395,0.1610305958132045,0.07380568974771873,0.020128824476650563,
65,22.77241009125067,39.942297369833604,6.9310252281266775,10.151637144390767,1.288244766505636,12.00348899624262,3.3279656468062266,1.9390767579173376,1.3888888888888888,0.1610305958132045,0.07380568974771873,0.020128824476650563,
66,21.524422973698336,41.18357487922705,6.971282877079979,10.131508319914117,1.3016639828234031,11.976650563607086,3.3279656468062266,1.9390767579173376,1.3888888888888888,0.1610305958132045,0.07380568974771873,0.020128824476650563,
67,21.692163177670423,40.344873859366615,6.998121309715513,10.138217928073,1.90552871712292,12.016908212560386,3.2675791733762747,1.932367149758454,1.415727321524423,0.19457863660762212,0.07380568974771873,0.020128824476650563,
68,21.658615136876005,39.86849168008588,7.25979602791197,10.091250670960816,1.737788513150832,11.79549114331723,4.0995705850778315,1.8115942028985508,1.3888888888888888,0.19457863660762212,0.07380568974771873,0.020128824476650563,
69,20.913848631239937,40.707192699946326,7.266505636070853,9.98389694041868,1.737788513150832,11.77536231884058,4.0995705850778315,1.8115942028985508,1.3888888888888888,0.19457863660762212,0.07380568974771873,0.020128824476650563,0.026838432635534086
70,21.101717659688674,40.51932367149758,7.347020933977456,10.00402576489533,1.6908212560386473,11.54723564143854,3.938539989264627,1.8451422436929683,1.6774020397208802,0.19457863660762212,0.07380568974771873,,0.06038647342995169
71,21.3768115942029,40.09661835748792,7.326892109500805,10.218733225979603,1.6706924315619969,11.500268384326356,3.898282340311326,1.8853998926462694,1.6841116478797638,0.19457863660762212,0.07380568974771873,0.013419216317767043,0.06038647342995169
72,21.336553945249598,38.1508319914117,9.54777241009125,10.178475577026301,1.8250134192163177,11.245303274288782,3.898282340311326,1.778046162104133,1.6975308641975309,0.19457863660762212,0.07380568974771873,0.013419216317767043,0.06038647342995169
73,21.62506709608159,37.734836285560924,9.440418679549115,9.829575952764358,2.13365539452496,11.16478797638218,3.992216854535695,1.9994632313472893,1.7042404723564144,0.2281266774020397,0.07380568974771873,0.013419216317767043,0.06038647342995169
74,21.095008051529792,36.72168545356951,9.762479871175524,11.486849168008588,1.7981749865807837,11.33923778851315,3.9519592055823938,1.778046162104133,1.6706924315619969,0.24825550187869028,0.07380568974771873,0.013419216317767043,0.06038647342995169
75,21.316425120772948,36.01717659688674,9.990606548577563,11.439881910896403,1.8988191089640365,11.33923778851315,4.180085882984434,1.7042404723564144,1.7176596886741815,0.24825550187869028,0.07380568974771873,0.013419216317767043,0.06038647342995169
76,21.504294149221685,35.7487922705314,9.923510466988727,11.3593666129898,1.8786902844873858,11.20504562533548,4.133118625872249,2.0397208803005906,1.778046162104133,0.24825550187869028,0.10735373054213634,0.013419216317767043,0.06038647342995169
77,21.061460010735374,36.3996242619431,9.86983360171766,11.225174449812132,1.9122383252818036,11.124530327428879,4.159957058507783,2.120236178207193,1.751207729468599,0.24825550187869028,0.08051529790660225,0.013419216317767043,0.03354804079441761
78,21.155394524959743,35.929951690821255,10.46027911969941,10.916532474503489,1.9457863660762211,10.95679012345679,4.0995705850778315,2.428878153515835,1.7310789049919484,0.24825550187869028,0.08051529790660225,0.013419216317767043,0.03354804079441761
79,21.316425120772948,35.64143853998927,10.399892646269459,10.795759527643586,2.1403650026838434,10.869565217391305,4.086151368760064,2.677133655394525,1.7176596886741815,0.2281266774020397,0.08051529790660225,0.013419216317767043,0.03354804079441761
80,21.537842190016104,35.225442834138484,10.205314009661835,10.923242082662373,2.1940418679549114,10.789049919484702,4.139828234031133,2.7442297369833604,1.724369296833065,0.2281266774020397,0.24154589371980675,0.013419216317767043,0.03354804079441761
81,20.759527643585614,32.64224369296833,9.829575952764358,15.653515834675256,1.6103059581320451,10.775630703166936,4.139828234031133,2.3483628556092326,1.724369296833065,0.2281266774020397,0.24154589371980675,0.013419216317767043,0.03354804079441761
82,20.94068706387547,32.400697799248526,9.88996242619431,15.58641975308642,1.6438539989264627,10.768921095008052,4.126409017713366,2.38191089640365,1.724369296833065,0.2147074610842727,0.27509393451422437,0.013419216317767043,0.03354804079441761
83,21.101717659688674,32.33360171765969,9.86983360171766,15.499194847020934,1.710950080515298,10.748792270531402,4.092860976918948,2.408749329039184,1.724369296833065,0.2147074610842727,0.24825550187869028,0.013419216317767043,0.03354804079441761
84,21.38352120236178,32.18599033816425,9.77589908749329,15.123456790123457,1.724369296833065,10.7085346215781,4.086151368760064,2.737520128824477,1.724369296833065,0.2147074610842727,0.24825550187869028,0.05367686527106817,0.03354804079441761
85,20.538110574342458,30.69645732689211,9.762479871175524,17.62614063338701,1.7042404723564144,10.63472893183038,3.9184111647879765,2.8650026838432634,1.7042404723564144,0.2147074610842727,0.24825550187869028,0.05367686527106817,0.03354804079441761
86,20.645464304884594,30.56226516371444,9.769189479334408,17.384594739667204,1.8317230273752012,10.292538915727322,3.9452495974235107,3.3413848631239937,1.6841116478797638,0.20799785292538917,0.24825550187869028,0.05367686527106817,0.03354804079441761
87,20.88030059044552,30.14626945786366,9.588030059044552,17.317498658078367,2.2745571658615136,10.21202361782072,3.9720880300590444,3.408480944712829,1.6438539989264627,0.20799785292538917,0.2616747181964573,0.05367686527106817,0.03354804079441761
88,20.8870101986044,29.911433172302736,9.73564143853999,16.659957058507782,2.2342995169082127,10.540794417606012,3.9452495974235107,3.864734299516908,1.6371443907675791,0.20799785292538917,0.2885131508319914,0.05367686527106817,0.03354804079441761
89,20.967525496511005,29.911433172302736,9.930220075147611,16.478797638217927,2.26784755770263,10.420021470746109,3.9318303811057436,3.851315083199141,1.6639828234031133,0.20799785292538917,0.28180354267310787,0.05367686527106817,0.03354804079441761
90,20.551529790660226,29.736983360171767,9.50751476113795,16.398282340311326,5.978260869565218,8.641975308641975,3.92512077294686,3.307836822329576,1.3352120236178207,0.23483628556092323,0.2952227589908749,0.05367686527106817,0.03354804079441761
91,20.813204508856682,29.56924315619968,9.71551261406334,16.358024691358025,5.837359098228664,8.514492753623188,3.9452495974235107,3.307836822329576,1.3217928073000538,0.23483628556092323,0.2952227589908749,0.05367686527106817,0.03354804079441761
92,21.007783145464305,29.47530864197531,9.668545356951155,16.344605475040257,5.844068706387547,8.487654320987655,3.92512077294686,3.307836822329576,1.3217928073000538,0.23483628556092323,0.2952227589908749,0.05367686527106817,0.03354804079441761
93,21.034621578099838,29.09286097691895,9.634997316156737,16.056092324208265,6.300322061191626,8.487654320987655,3.9049919484702094,3.5426731078904994,1.3419216317767042,0.2214170692431562,0.2952227589908749,0.05367686527106817,0.03354804079441761
94,21.07487922705314,29.066022544283413,9.675254965110037,15.94873859366613,6.300322061191626,8.521202361782072,3.911701556629093,3.535963499731616,1.3620504562533549,0.2214170692431562,0.2952227589908749,0.05367686527106817,0.03354804079441761
95,21.021202361782073,28.871443907675793,9.655126140633387,16.009125067096083,6.206387546967257,8.816425120772946,3.8915727321524423,3.502415458937198,1.3553408480944713,0.2214170692431562,0.36231884057971014,0.05367686527106817,0.03354804079441761
96,20.893719806763286,28.522544283413847,12.68786902844874,15.982286634460548,5.387815351583468,7.7831454643048845,3.898282340311326,2.8918411164787976,1.3217928073000538,0.2214170692431562,0.36231884057971014,0.013419216317767043,0.03354804079441761
97,20.860171765968868,28.33467525496511,12.795222758990874,16.09634997316157,5.394524959742351,7.702630166398282,3.878153515834675,2.932098765432099,1.3821792807300053,0.2214170692431562,0.35560923242082665,0.013419216317767043,0.03354804079441761
98,21.115136876006442,28.187063875469672,12.801932367149758,16.022544283413847,5.381105743424584,7.669082125603865,3.864734299516908,2.9589371980676327,1.3821792807300053,0.2214170692431562,0.3488996242619431,0.013419216317767043,0.03354804079441761
99,21.484165324745035,28.059581320450885,12.674449812130971,15.901771336553946,5.448201825013419,7.62211486849168,3.851315083199141,2.9388083735909825,1.3754696725711217,0.24825550187869028,0.3488996242619431,0.013419216317767043,0.03354804079441761
100,21.564680622651636,27.885131508319915,12.801932367149758,15.767579173376275,5.340848094471283,7.541599570585078,3.7909286097691894,3.2474503488996245,1.3754696725711217,0.30193236714975846,0.33548040794417605,0.013419216317767043,0.03354804079441761
101,21.792807300053678,27.677133655394524,12.801932367149758,15.653515834675256,5.448201825013419,7.481213097155126,3.8177670424047236,3.2675791733762747,1.3687600644122384,0.30193236714975846,0.3421900161030596,0.013419216317767043,0.03354804079441761
102,21.87332259796028,27.20746108427268,12.93612453032743,13.439345142243694,5.407944176060118,10.064412238325282,3.750670960815888,3.227321524422974,1.3687600644122384,0.33548040794417605,0.3421900161030596,0.013419216317767043,0.03354804079441761
103,22.23564143853999,26.979334406870638,12.86231884057971,13.405797101449275,5.401234567901234,10.077831454643048,3.683574879227053,3.260869565217391,1.3687600644122384,0.30864197530864196,0.36902844873859364,0.013419216317767043,0.03354804079441761
104,21.504294149221685,26.093666129898015,13.110574342458401,13.238056897477188,5.441492216854535,11.392914653784219,3.8177670424047236,3.2675791733762747,1.3486312399355878,0.3421900161030596,0.36902844873859364,0.040257648953301126,0.03354804079441761
105,21.71900161030596,26.019860440150296,13.050187869028449,13.271604938271604,5.374396135265701,11.312399355877616,3.851315083199141,3.2340311325818574,1.3687600644122384,0.3421900161030596,0.3824476650563607,0.040257648953301126,0.03354804079441761
106,21.692163177670423,25.462962962962962,12.889157273215245,13.20450885668277,6.407675791733762,11.372785829307569,3.743961352657005,3.0394524959742353,1.328502415458937,0.3757380568974772,0.4092860976918948,0.040257648953301126,0.03354804079441761
107,21.906870638754697,25.281803542673106,12.882447665056361,13.177670424047236,6.360708534621578,11.332528180354267,3.797638217928073,3.0394524959742353,1.3352120236178207,0.4025764895330113,0.4092860976918948,0.040257648953301126,0.03354804079441761
108,22.041062801932366,25.174449812130973,13.103864734299517,13.023349436392914,6.488191089640365,11.137949543746645,3.9452495974235107,2.9119699409554483,1.3016639828234031,0.38915727321524424,0.4092860976918948,0.040257648953301126,0.03354804079441761
109,22.16183574879227,25.140901771336555,13.056897477187333,12.962962962962964,6.488191089640365,11.097691894793345,3.92512077294686,2.9790660225442833,1.3150831991411702,0.38915727321524424,0.4092860976918948,0.040257648953301126,0.03354804079441761
110,22.32957595276436,25.13419216317767,12.949543746645196,12.869028448738593,6.454643048845948,10.903113258185721,3.965378421900161,3.240740740740741,1.3150831991411702,0.3824476650563607,0.3824476650563607,0.040257648953301126,0.03354804079441761
111,22.383252818035427,24.90606548577563,12.76838432635534,13.144122383252817,6.582125603864735,10.789049919484702,3.9452495974235107,3.280998389694042,1.3016639828234031,0.41599570585077833,0.4092860976918948,0.040257648953301126,0.03354804079441761
112,22.564412238325282,24.90606548577563,12.607353730542137,12.922705314009661,6.709608158883521,10.755501878690284,3.965378421900161,3.2742887815351582,1.4358561460010735,0.4025764895330113,0.3824476650563607,0.040257648953301126,0.03354804079441761
113,22.819377348362856,24.812130971551262,12.661030595813205,12.70799785292539,6.709608158883521,10.7085346215781,4.032474503488996,3.2340311325818574,1.4761137949543746,0.3824476650563607,0.3824476650563607,0.040257648953301126,0.03354804079441761
114,22.584541062801932,24.771873322597962,12.627482555018787,12.077294685990339,8.152173913043478,10.171765968867419,4.025764895330113,3.240740740740741,1.442565754159957,0.3824476650563607,0.4495437466451959,0.040257648953301126,0.03354804079441761
115,22.879763821792807,24.490069779924852,12.338969404186795,12.070585077831455,8.501073537305421,10.131508319914117,4.05931293612453,3.2340311325818574,1.42914653784219,0.3824476650563607,0.36231884057971014,0.08722490606548577,0.03354804079441761
116,22.906602254428343,24.228395061728396,11.876006441223833,11.996779388083736,7.944176060118089,11.574074074074074,4.079441760601181,3.1199677938808374,1.4224369296833066,0.36902844873859364,0.36231884057971014,0.08722490606548577,0.03354804079441761
117,23.121309715512613,24.134460547504027,11.81561996779388,11.963231347289318,7.997852925389157,11.513687600644122,4.086151368760064,3.0864197530864197,1.4559849704777241,0.3421900161030596,0.36231884057971014,0.08722490606548577,0.03354804079441761
118,23.14814814814815,23.939881910896403,11.79549114331723,11.882716049382717,8.192431561996779,11.41304347826087,4.106280193236715,3.1535158346752548,1.5432098765432098,0.3421900161030596,0.36231884057971014,0.08722490606548577,0.03354804079441761
119,23.101180891035963,23.49033816425121,11.969940955448202,11.741814278046162,8.420558239398819,11.574074074074074,4.200214707461084,3.1333870101986045,1.5432098765432098,0.3421900161030596,0.36231884057971014,0.08722490606548577,0.03354804079441761
120,23.013955984970476,23.47691894793344,12.533548040794418,11.79549114331723,8.293075684380032,11.198336017176597,4.2270531400966185,3.079710144927536,1.5230810520665594,0.3757380568974772,0.36231884057971014,0.08722490606548577,0.03354804079441761
121,23.087761674718198,23.060923242082662,12.473161567364466,11.741814278046162,8.635265700483092,11.09098228663446,4.247181964573269,3.166935050993022,1.6371443907675791,0.3757380568974772,0.36231884057971014,0.08722490606548577,0.03354804079441761
122,23.396403650026837,22.966988727858293,12.439613526570048,11.701556629092861,8.541331186258722,10.983628556092324,4.294149221685454,3.140096618357488,1.6639828234031133,0.3757380568974772,0.36231884057971014,0.10064412238325282,0.03354804079441761
123,23.564143853998928,22.886473429951693,12.486580783682234,11.647879763821793,8.514492753623188,10.970209339774557,4.274020397208803,3.1333870101986045,1.6304347826086956,0.39586688137412773,0.36231884057971014,0.10064412238325282,0.03354804079441761
124,23.67149758454106,22.584541062801932,12.882447665056361,11.647879763821793,8.521202361782072,10.896403650026839,4.233762748255502,3.099838969404187,1.6035963499731616,0.3824476650563607,0.3488996242619431,0.10064412238325282,0.026838432635534086
125,23.242082662372518,22.041062801932366,12.473161567364466,11.802200751476114,8.319914117015566,10.849436392914654,5.615942028985507,3.099838969404187,1.710950080515298,0.3824476650563607,0.33548040794417605,0.10064412238325282,0.026838432635534086
126,23.32259796027912,21.76596886741814,12.640901771336553,11.75523349436393,8.460815888352121,10.802469135802468,5.60252281266774,3.0931293612453032,1.710950080515298,0.35560923242082665,0.33548040794417605,0.1274825550187869,0.026838432635534086
127,23.396403650026837,21.638486312399355,12.661030595813205,11.66129898013956,8.447396672034353,10.789049919484702,5.763553408480945,3.099838969404187,1.710950080515298,0.35560923242082665,0.322061191626409,0.1274825550187869,0.026838432635534086
128,23.557434245840042,21.578099838969404,12.607353730542137,11.621041331186259,8.420558239398819,10.815888352120236,5.770263016639828,3.0730005367686526,1.724369296833065,0.35560923242082665,0.322061191626409,0.1274825550187869,0.026838432635534086
129,22.926731078904993,22.779119699409556,12.701288244766506,11.3593666129898,8.232689210950081,10.668276972624799,5.669618894256575,3.066290928609769,1.710950080515298,0.35560923242082665,0.322061191626409,0.18115942028985507,0.026838432635534086
130,23.11460010735373,22.77241009125067,12.560386473429952,11.292270531400966,8.239398819108963,10.648148148148149,5.676328502415459,3.066290928609769,1.710950080515298,0.35560923242082665,0.30864197530864196,0.2281266774020397,0.026838432635534086
131,23.32259796027912,22.7187332259796,12.385936661298981,11.258722490606548,8.172302737520129,10.587761674718196,5.71658615136876,3.0730005367686526,1.6841116478797638,0.38915727321524424,0.30864197530864196,0.35560923242082665,0.026838432635534086
132,23.309178743961354,22.477187332259795,12.265163714439076,11.238593666129898,8.132045088566828,11.017176596886742,5.71658615136876,3.0864197530864197,1.6639828234031133,0.4092860976918948,0.30864197530864196,0.3488996242619431,0.026838432635534086
133,23.43666129898014,22.41009125067096,12.285292538915728,11.158078368223295,8.152173913043478,10.970209339774557,5.676328502415459,3.0730005367686526,1.751207729468599,0.38915727321524424,0.30864197530864196,0.36231884057971014,0.026838432635534086
134,23.637949543746647,22.302737520128826,12.204777241009126,11.017176596886742,8.09849704777241,10.768921095008052,6.112453032742888,2.8650026838432634,1.8786902844873858,0.38915727321524424,0.28180354267310787,0.41599570585077833,0.026838432635534086
135,23.275630703166936,20.947396672034355,12.06387546967257,12.090713902308105,8.259527643585615,10.587761674718196,6.816961889425658,2.952227589908749,1.8451422436929683,0.36902844873859364,0.30864197530864196,0.4562533548040794,0.026838432635534086
136,23.295759527643586,20.86688137412775,12.077294685990339,12.084004294149223,8.246108427267847,10.567632850241546,6.78341384863124,3.012614063338701,1.8719806763285025,0.36902844873859364,0.30864197530864196,0.48980139559849706,0.026838432635534086
137,23.282340311325818,20.564949006977994,12.204777241009126,12.298711755233494,8.293075684380032,10.534084809447128,6.749865807836822,2.9790660225442833,1.8988191089640365,0.36902844873859364,0.30864197530864196,0.48980139559849706,0.026838432635534086
138,23.336017176596886,20.531400966183575,12.151100375738057,12.27187332259796,8.259527643585615,10.540794417606012,6.769994632313473,3.012614063338701,1.932367149758454,0.36902844873859364,0.30864197530864196,0.48980139559849706,0.026838432635534086
139,23.463499731615673,20.50456253354804,12.117552334943639,12.211486849168008,8.3064949006978,10.581052066559312,6.729736983360172,2.985775630703167,1.932367149758454,0.38915727321524424,0.30864197530864196,0.46967257112184646,
140,23.62453032742888,20.30998389694042,12.016908212560386,11.996779388083736,8.521202361782072,10.513955984970478,6.716317767042405,3.2474503488996245,1.8988191089640365,0.36231884057971014,0.30864197530864196,0.4830917874396135,
141,23.79898013955985,20.148953301127214,12.010198604401502,11.996779388083736,8.581588835212024,10.46027911969941,6.709608158883521,3.240740740740741,1.8988191089640365,0.36231884057971014,0.30864197530864196,0.4830917874396135,
142,23.792270531400966,20.068438003220614,11.902844873859367,11.90955448201825,8.568169618894256,10.138217928073,7.4141170155662905,3.227321524422974,1.8585614600107354,0.3488996242619431,0.30864197530864196,0.46296296296296297,
143,23.483628556092324,20.90042941492217,11.735104669887278,11.594202898550725,8.480944712828771,9.957058507783145,7.64224369296833,3.227321524422974,1.8317230273752012,0.3488996242619431,0.30864197530864196,0.48980139559849706,
144,23.389694041867955,20.336822329575952,11.466720343531938,11.600912506709609,9.50751476113795,9.829575952764358,7.64224369296833,3.207192699946323,1.8853998926462694,0.3488996242619431,0.30864197530864196,0.47638217928073,
145,23.544015029522274,20.02818035426731,11.399624261943103,11.500268384326356,9.433709071390231,9.849704777241008,7.924047235641439,3.2675791733762747,1.865271068169619,0.3488996242619431,0.30864197530864196,0.5300590445517982,
146,23.74530327428878,19.92753623188406,11.366076221148685,11.460010735373054,9.265968867418144,10.091250670960816,7.924047235641439,3.180354267310789,1.865271068169619,0.3421900161030596,0.28180354267310787,0.5501878690284487,
147,23.805689747718734,19.90740740740741,11.453301127214171,11.292270531400966,9.219001610305957,10.010735373054214,8.09849704777241,3.140096618357488,1.8988191089640365,0.3421900161030596,0.28180354267310787,0.5501878690284487,
148,23.96672034353194,19.81347289318304,11.399624261943103,11.305689747718732,9.346484165324744,9.990606548577563,8.051529790660226,3.126677402039721,1.865271068169619,0.322061191626409,0.2616747181964573,0.5501878690284487,
149,23.98684916800859,19.585346215780998,11.117820719269995,11.131239935587761,9.668545356951155,10.00402576489533,8.319914117015566,3.099838969404187,1.865271068169619,0.36902844873859364,0.30193236714975846,0.5501878690284487,
150,24.02710681696189,19.47128287707998,11.325818572195384,11.077563070316694,9.681964573268921,9.943639291465379,8.28636607622115,3.140096618357488,1.865271068169619,0.35560923242082665,0.30193236714975846,0.5233494363929146,
151,23.960010735373054,19.330381105743424,11.406333870101985,10.903113258185721,9.930220075147611,9.789318303811058,8.427267847557703,3.1736446591519054,1.8786902844873858,0.38915727321524424,0.30193236714975846,0.5099302200751477,
152,23.805689747718734,19.196188942565755,11.399624261943103,10.815888352120236,9.923510466988727,8.943907675791733,9.561191626409018,3.408480944712829,1.724369296833065,0.4227053140096618,0.30193236714975846,0.49651100375738055,
153,23.772141706924316,18.98148148148148,11.325818572195384,10.775630703166936,10.319377348362856,8.923778851315083,9.534353193773484,3.408480944712829,1.7646269457863661,0.4227053140096618,0.27509393451422437,0.49651100375738055,
154,23.919753086419753,18.773483628556093,11.392914653784219,10.775630703166936,10.379763821792807,8.930488459473967,9.494095544820183,3.3950617283950617,1.7579173376274826,0.4227053140096618,0.27509393451422437,0.4830917874396135,
155,24.074074074074073,18.706387546967257,11.453301127214171,10.695115405260333,10.326086956521738,8.930488459473967,9.494095544820183,3.3816425120772946,1.7579173376274826,0.4227053140096618,0.27509393451422437,0.4830917874396135,
156,24.14117015566291,18.431293612453032,11.345947396672035,10.57434245840043,10.46027911969941,8.964036500268385,9.54777241009125,3.5762211486849167,1.7310789049919484,0.4428341384863124,0.27509393451422437,0.5099302200751477,
157,24.033816425120772,17.894524959742352,11.43317230273752,10.446859903381643,11.29898013955985,8.910359634997317,9.453837895866881,3.5829307568438002,1.7444981213097155,0.4428341384863124,0.27509393451422437,0.4830917874396135,
158,24.208266237251745,17.847557702630166,11.386205045625335,10.34621578099839,11.097691894793345,9.50751476113795,9.420289855072463,3.3413848631239937,1.6572732152442298,0.4428341384863124,0.27509393451422437,0.46967257112184646,
159,24.315619967793882,17.659688674181428,11.225174449812132,10.258990874932904,11.352657004830919,9.447128287707997,9.312936124530328,3.4017713365539453,1.8853998926462694,0.41599570585077833,0.2683843263553409,0.4562533548040794,
160,24.12775093934514,17.62614063338701,10.63472893183038,10.171765968867419,11.18491680085883,10.648148148148149,9.23913043478261,3.435319377348363,1.8250134192163177,0.4092860976918948,0.2683843263553409,0.4294149221685454,
161,24.214975845410628,17.58588298443371,10.61460010735373,10.158346752549651,11.124530327428879,10.701825013419215,9.225711218464841,3.4286097691894795,1.8250134192163177,0.4092860976918948,0.2616747181964573,0.4495437466451959,
162,24.315619967793882,17.53220611916264,10.654857756307031,10.077831454643048,11.064143853998926,10.59447128287708,9.23913043478261,3.5829307568438002,1.7914653784219001,0.4092860976918948,0.2616747181964573,0.47638217928073,
163,24.496779388083738,17.37788513150832,10.802469135802468,10.064412238325282,10.95679012345679,10.534084809447128,9.225711218464841,3.603059581320451,1.7914653784219001,0.4092860976918948,0.2616747181964573,0.47638217928073,
164,24.48336017176597,17.297369833601717,10.668276972624799,9.936929683306495,11.11111111111111,10.507246376811594,9.500805152979066,3.5829307568438002,1.7646269457863661,0.4092860976918948,0.2616747181964573,0.47638217928073,
165,24.362587224906065,17.11621041331186,10.836017176596886,9.936929683306495,11.386205045625335,10.768921095008052,9.104938271604938,3.589640365002684,1.778046162104133,0.4092860976918948,0.2616747181964573,0.4495437466451959,
166,24.402844873859365,16.935050993022006,10.929951690821255,9.970477724100913,11.439881910896403,10.916532474503489,8.99087493290392,3.5628019323671496,1.7310789049919484,0.4092860976918948,0.2616747181964573,0.4495437466451959,
167,24.59742351046699,16.82769726247987,10.829307568438002,9.91009125067096,11.574074074074074,10.869565217391305,9.004294149221685,3.5628019323671496,1.7176596886741815,0.4092860976918948,0.2616747181964573,0.43612453032742887,
168,24.698067632850243,16.659957058507782,10.909822866344605,9.71551261406334,11.654589371980677,10.836017176596886,9.245840042941492,3.4621578099838968,1.710950080515298,0.4092860976918948,0.2616747181964573,0.43612453032742887,
169,24.530327428878152,16.049382716049383,10.621309715512615,9.567901234567902,12.95625335480408,10.748792270531402,9.172034353193773,3.455448201825013,1.7176596886741815,0.4495437466451959,0.2616747181964573,0.46967257112184646,
170,24.56387546967257,16.022544283413847,10.628019323671497,9.64170692431562,12.929414922168545,10.701825013419215,9.091519055287172,3.435319377348363,1.6706924315619969,0.4495437466451959,0.2616747181964573,0.6038647342995169,
171,24.61755233494364,15.955448201825014,10.59447128287708,9.702093397745571,13.003220611916264,10.63472893183038,9.125067096081589,3.4420289855072466,1.6304347826086956,0.4294149221685454,0.2616747181964573,0.6038647342995169,
172,24.758454106280194,15.908480944712828,10.581052066559312,9.708803005904455,12.949543746645196,10.581052066559312,9.138486312399356,3.408480944712829,1.6237251744498122,0.4294149221685454,0.2616747181964573,0.6508319914117016,
173,24.872517444981213,15.807836822329575,11.11111111111111,9.50751476113795,12.76838432635534,10.393183038110575,9.158615136876007,3.321256038647343,1.751207729468599,0.4294149221685454,0.2616747181964573,0.6172839506172839,
174,25.107353730542137,15.727321524422974,11.07085346215781,9.473966720343531,12.734836285560924,10.38647342995169,9.172034353193773,3.3011272141706924,1.7444981213097155,0.4294149221685454,0.24825550187869028,0.6038647342995169,
175,25.369028448738593,15.713902308105206,11.064143853998926,9.312936124530328,12.694578636607622,10.34621578099839,9.205582393988191,3.294417606011809,1.7444981213097155,0.4294149221685454,0.24825550187869028,0.5770263016639828,
176,25.489801395598498,15.640096618357488,11.077563070316694,9.265968867418144,12.701288244766506,10.326086956521738,9.131776704240472,3.4286097691894795,1.7444981213097155,0.4092860976918948,0.20799785292538917,0.5770263016639828,
177,23.946591519055286,22.33628556092324,10.205314009661835,7.675791733762749,11.876006441223833,8.970746108427267,8.816425120772946,3.3011272141706924,1.6774020397208802,0.4092860976918948,0.20799785292538917,0.5770263016639828,
178,23.57085346215781,22.074610842726784,10.0979602791197,8.568169618894256,12.184648416532475,8.923778851315083,8.420558239398819,3.3011272141706924,1.6774020397208802,0.4025764895330113,0.20799785292538917,0.5703166935050993,
179,23.637949543746647,21.967257112184647,10.030864197530864,8.55475040257649,12.164519592055823,8.917069243156199,8.641975308641975,3.2541599570585076,1.6706924315619969,0.4025764895330113,0.20799785292538917,0.5501878690284487,
180,23.731884057971016,21.792807300053678,10.205314009661835,8.588298443370908,12.124261943102523,8.816425120772946,8.635265700483092,3.2541599570585076,1.6975308641975309,0.4025764895330113,0.20799785292538917,0.5434782608695652,
181,23.711755233494365,21.4170692431562,10.433440687063875,8.836553945249598,12.02361782071927,8.829844337090714,8.628556092324208,3.2206119162640903,1.7310789049919484,0.4227053140096618,0.20799785292538917,0.5367686527106817,
182,23.825818572195384,21.38352120236178,10.453569511540525,8.769457863660762,11.956521739130435,8.80300590445518,8.601717659688674,3.2474503488996245,1.7310789049919484,0.4227053140096618,0.20799785292538917,0.5971551261406334,
183,23.980139559849704,21.32313472893183,10.493827160493828,8.709071390230811,11.949812130971551,8.749329039184111,8.548040794417606,3.294417606011809,1.710950080515298,0.4227053140096618,0.20799785292538917,0.6105743424584005,
184,24.188137412775095,21.24932903918411,10.513955984970478,8.641975308641975,11.882716049382717,8.76274825550188,8.561460010735374,3.260869565217391,1.724369296833065,0.4227053140096618,0.18115942028985507,0.6105743424584005,
185,24.335748792270532,21.215780998389693,10.50053676865271,8.655394524959743,11.889425657541599,8.809715512614064,8.514492753623188,3.1602254428341383,1.724369296833065,0.4025764895330113,0.18115942028985507,0.6105743424584005,
186,24.422973698336016,21.034621578099838,10.446859903381643,8.635265700483092,11.990069779924852,8.896940418679549,8.527911969940956,3.1602254428341383,1.724369296833065,0.36902844873859364,0.18115942028985507,0.6105743424584005,
