,45,50,51,53,54,52,55,56,57,58
0,100.0,,,,,,,,,
1,68.21658615136876,20.135534084809446,11.29898013955985,0.3488996242619431,,,,,,
2,68.2836822329576,20.088566827697264,11.2788513150832,0.3488996242619431,,,,,,
3,59.50080515297907,26.214439076757916,7.823403113258186,,6.461352657004831,,,,,
4,47.52415458937198,38.24476650563607,7.7831454643048845,,6.447933440687064,,,,,
5,43.41787439613527,33.4272678475577,15.042941492216855,,8.111916264090176,,,,,
6,40.203972088030056,21.786097691894792,21.182232957595275,,4.2203435319377345,12.560386473429952,0.04696725711218465,,,
7,38.25147611379496,22.262479871175522,21.141975308641975,,4.186795491143317,14.110305958132045,0.04696725711218465,,,
8,38.33199141170156,22.228931830381107,21.108427267847556,,4.17337627482555,14.110305958132045,0.04696725711218465,,,
9,31.642512077294686,29.032474503488995,21.034621578099838,,4.17337627482555,14.070048309178745,0.04696725711218465,,,
10,31.78341384863124,29.032474503488995,20.994363929146537,,4.106280193236715,14.036500268384327,0.04696725711218465,,,
11,26.48953301127214,38.14412238325282,16.961889425657542,,4.106280193236715,14.023081052066559,0.27509393451422437,,,
12,23.939881910896403,35.00402576489533,23.403113258185723,,4.086151368760064,13.291733762748256,0.27509393451422437,,,
13,22.000805152979066,30.917874396135264,29.58937198067633,,4.086151368760064,13.077026301663983,0.32877079978529256,,,
14,22.10144927536232,30.891035963499732,29.448470209339774,,4.086151368760064,13.030059044551798,0.32877079978529256,0.11406333870101985,,
15,22.20209339774557,30.864197530864196,28.784219001610307,,4.086151368760064,13.030059044551798,0.9192163177670424,0.11406333870101985,,
16,22.22222222222222,30.92458400429415,28.650026838432634,,4.045893719806763,12.93612453032743,0.9192163177670424,0.20799785292538917,0.0939345142243693,
17,21.947128287707997,30.112721417069242,32.70263016639828,,2.3349436392914655,11.77536231884058,0.9192163177670424,0.11406333870101985,0.0939345142243693,
18,22.10144927536232,30.05233494363929,32.63553408480945,,2.3349436392914655,11.748523886205046,0.9192163177670424,0.11406333870101985,0.0939345142243693,
19,15.4723564143854,36.28556092324208,42.24369296833065,,2.3349436392914655,1.9122383252818036,1.6371443907675791,0.11406333870101985,,
20,13.7211486849168,34.614868491680085,45.69914117015566,,1.9189479334406871,1.90552871712292,1.6371443907675791,0.5032206119162641,,
21,12.23161567364466,25.026838432635532,56.676060118089104,,1.9189479334406871,1.90552871712292,1.6371443907675791,0.6038647342995169,,
22,12.285292538915728,24.86580783682233,56.26677402039721,,2.328234031132582,1.8183038110574343,1.6371443907675791,0.798443370907139,,
23,12.02361782071927,16.344605475040257,55.68974771873322,,2.301395598497048,11.688137412775093,1.3486312399355878,0.6038647342995169,,
24,6.796833064949007,31.716317767042405,51.62372517444981,,0.4227053140096618,8.78287707997853,0.5703166935050993,0.08722490606548577,,
25,6.890767579173376,31.66935050993022,51.59688674181428,,0.4227053140096618,8.76274825550188,0.5703166935050993,0.08722490606548577,,
26,6.951154052603328,28.522544283413847,49.10762211486849,,0.4227053140096618,14.566559312936125,0.3421900161030596,0.08722490606548577,,
27,7.004830917874396,28.421900161030596,48.651368760064415,,0.4227053140096618,15.069779924852389,0.3421900161030596,0.08722490606548577,,
28,7.078636607622115,28.24074074074074,48.63794954374664,,0.4227053140096618,15.042941492216855,0.48980139559849706,0.08722490606548577,,
29,7.340311325818572,28.173644659151904,48.52388620504563,,0.4227053140096618,14.371980676328503,0.48980139559849706,0.6776704240472357,,
30,7.27992485238862,28.173644659151904,51.27482555018787,,0.4227053140096618,11.741814278046162,0.48980139559849706,0.6172839506172839,,
31,7.300053676865271,28.173644659151904,50.275093934514224,,0.4227053140096618,11.714975845410628,0.48980139559849706,1.6237251744498122,,
32,6.360708534621578,23.866076221148685,52.73081052066559,,4.938271604938271,10.131508319914117,0.4830917874396135,1.4895330112721417,,
33,4.918142780461621,21.256038647342994,56.89747718733226,,4.938271604938271,8.205850778314547,2.38191089640365,1.402308105206656,,
34,4.99194847020934,18.739935587761675,51.95920558239399,,,20.39049919484702,2.5161030595813205,1.402308105206656,,
35,3.965378421900161,16.532474503488995,43.98819108964037,,,34.20558239398819,0.1878690284487386,1.1205045625335481,,
36,4.045893719806763,16.532474503488995,43.84057971014493,,,34.14519592055824,0.1878690284487386,1.1406333870101986,0.10735373054213634,
37,4.17337627482555,15.727321524422974,41.43183038110574,3.260869565217391,,33.97074610842727,0.1878690284487386,1.1406333870101986,0.10735373054213634,
38,4.394793344068707,15.646806226516372,45.390499194847024,0.3824476650563607,,32.76301663982824,0.28180354267310787,1.1406333870101986,,
39,2.5831991411701556,12.31213097155126,48.7788513150832,2.2745571658615136,,32.50134192163178,0.28180354267310787,1.1406333870101986,0.1274825550187869,
40,2.690552871712292,12.27187332259796,47.779119699409556,2.2745571658615136,0.9594739667203436,32.447665056360705,0.28180354267310787,1.1674718196457328,0.1274825550187869,
41,2.7643585614600106,12.238325281803542,45.56494900697799,2.2745571658615136,0.9594739667203436,34.21900161030596,1.0534084809447128,0.798443370907139,0.1274825550187869,
42,2.844873859366613,12.238325281803542,44.6256038647343,2.2745571658615136,1.6371443907675791,33.722490606548575,1.3553408480944713,1.1741814278046163,0.1274825550187869,
43,2.918679549114332,12.198067632850242,48.90633387010199,2.2745571658615136,1.570048309178744,29.938271604938272,1.0735373054213635,0.9930220075147611,0.1274825550187869,
44,2.945517981749866,12.198067632850242,48.731884057971016,4.079441760601181,1.570048309178744,27.87842190016103,1.0735373054213635,1.3955984970477724,0.1274825550187869,
45,3.0595813204508855,12.198067632850242,48.678207192699944,4.079441760601181,1.570048309178744,27.81803542673108,1.0735373054213635,1.3955984970477724,0.1274825550187869,
46,2.7509393451422435,9.044551798174986,51.7914653784219,3.280998389694042,3.4017713365539453,27.677133655394524,0.5300590445517982,1.3955984970477724,0.1274825550187869,
47,2.932098765432099,9.03113258185722,51.74449812130972,3.280998389694042,3.4017713365539453,27.583199141170155,0.5300590445517982,1.3687600644122384,0.1274825550187869,
48,3.2206119162640903,8.93719806763285,51.50295222758991,3.280998389694042,3.4017713365539453,27.42216854535695,0.6105743424584005,1.4962426194310252,0.1274825550187869,
49,2.8650026838432634,8.923778851315083,62.875738056897475,2.0128824476650564,3.180354267310789,18.035426731078903,0.6105743424584005,1.4962426194310252,,
50,3.0327428878153517,8.876811594202898,61.983360171765966,2.0128824476650564,3.9519592055823938,18.035426731078903,0.6105743424584005,1.4962426194310252,,
51,2.999194847020934,7.615405260332796,65.3113258185722,0.5367686527106817,3.2474503488996245,17.847557702630166,0.5837359098228664,1.8585614600107354,,
52,3.2206119162640903,7.575147611379496,64.56655931293612,0.5367686527106817,3.2474503488996245,17.69994632313473,1.0399892646269457,2.1135265700483092,,
53,3.1870638754696725,5.119431025228127,57.64224369296833,6.105743424584004,3.2340311325818574,21.443907675791735,0.9863123993558777,2.281266774020397,,
54,3.240740740740741,5.01207729468599,57.07192699946323,6.078904991948471,2.9790660225442833,21.202361782071925,1.3419216317767042,3.0730005367686526,,
55,3.1468062265163717,4.8443370907139025,58.11862587224906,6.031937734836285,2.5966183574879227,21.175523349436393,1.3419216317767042,2.7442297369833604,,
56,3.2139023081052067,4.8376274825550185,53.50912506709608,5.991680085882985,2.5966183574879227,25.764895330112722,1.3419216317767042,2.7442297369833604,,
57,3.3682232957595275,4.8376274825550185,53.166935050993025,5.971551261406334,2.5966183574879227,25.738056897477186,1.3419216317767042,2.9790660225442833,,
58,3.5426731078904994,4.8376274825550185,53.08641975308642,5.971551261406334,2.5966183574879227,25.72463768115942,1.261406333870102,2.9790660225442833,,
59,3.7104133118625873,4.8376274825550185,52.87842190016103,5.971551261406334,2.5966183574879227,25.644122383252817,1.261406333870102,3.099838969404187,,
60,3.7640901771336552,4.8376274825550185,52.865002683843265,5.971551261406334,2.5966183574879227,25.617283950617285,1.261406333870102,3.0864197530864197,,
61,3.824476650563607,4.8376274825550185,53.4621578099839,5.555555555555555,2.5161030595813205,25.603864734299517,1.261406333870102,2.9388083735909825,,
62,3.851315083199141,4.8376274825550185,53.33467525496511,5.300590445517981,2.5161030595813205,25.449543746645197,1.261406333870102,3.066290928609769,0.3824476650563607,
63,3.978797638217928,4.824208266237251,53.28770799785293,5.267042404723564,2.5161030595813205,25.41599570585078,1.261406333870102,3.066290928609769,0.3824476650563607,
64,4.0995705850778315,4.300858829844337,53.09983896940419,5.267042404723564,2.5161030595813205,25.275093934514224,1.8250134192163177,3.2340311325818574,0.3824476650563607,
65,4.2270531400966185,4.300858829844337,53.04616210413312,5.233494363929147,2.5161030595813205,25.254965110037574,1.8048845947396672,3.2340311325818574,0.3824476650563607,
66,3.824476650563607,4.166666666666667,54.180085882984436,5.213365539452496,2.100107353730542,25.201288244766506,1.6975308641975309,3.2340311325818574,0.3824476650563607,
67,3.6902844873859366,3.851315083199141,50.315351583467525,5.3341384863123995,1.9927536231884058,29.851046698872786,1.6035963499731616,2.9790660225442833,0.3824476650563607,
68,3.965378421900161,3.851315083199141,50.20799785292539,5.3341384863123995,1.9726247987117553,29.716854535695116,1.6035963499731616,2.9790660225442833,0.36902844873859364,
69,3.9720880300590444,3.8378958668813743,55.92458400429415,5.287171229200215,1.9726247987117553,23.564143853998928,1.6035963499731616,3.4688674181427803,0.36902844873859364,
70,4.186795491143317,3.8378958668813743,55.79710144927536,6.501610305958132,2.059849704777241,22.289318303811058,1.4895330112721417,3.4688674181427803,0.36902844873859364,
71,4.159957058507783,3.8378958668813743,55.85748792270532,6.501610305958132,2.059849704777241,22.25577026301664,1.4895330112721417,3.4688674181427803,0.36902844873859364,
72,4.320987654320987,3.7573805689747717,55.71658615136876,6.501610305958132,2.059849704777241,22.23564143853999,1.570048309178744,3.4688674181427803,0.36902844873859364,
73,4.441760601180891,3.7573805689747717,55.62936124530327,6.501610305958132,2.059849704777241,22.22222222222222,1.5499194847020934,3.4688674181427803,0.36902844873859364,
74,4.448470209339774,3.7573805689747717,56.54186795491143,5.978260869565218,1.7646269457863661,22.054482018250134,1.5499194847020934,3.388352120236178,0.5166398282340311,
75,4.300858829844337,3.717122920021471,59.07139023081052,5.911164787976382,1.7646269457863661,20.034889962426195,1.5499194847020934,3.1333870101986045,0.5166398282340311,
76,4.294149221685454,3.717122920021471,58.340042941492214,5.911164787976382,3.5762211486849167,18.98148148148148,1.5499194847020934,3.113258185721954,0.5166398282340311,
77,4.2203435319377345,3.5292538915727323,58.70907139023081,5.844068706387547,3.388352120236178,18.947933440687063,2.100107353730542,2.7442297369833604,0.5166398282340311,
78,4.42163177670424,3.5091250670960816,58.561460010735374,5.844068706387547,3.515834675254965,18.874127750939344,2.086688137412775,2.6704240472356413,0.5166398282340311,
79,4.079441760601181,2.254428341384863,54.58266237251745,12.754965110037574,3.4286097691894795,17.270531400966185,2.428878153515835,2.5496511003757383,0.6508319914117016,
80,4.106280193236715,2.254428341384863,51.1003757380569,16.23725174449812,3.4286097691894795,17.24369296833065,2.428878153515835,2.5496511003757383,0.6508319914117016,
81,4.193505099302201,2.1940418679549114,51.02657004830918,15.96886741814278,3.4286097691894795,17.183306494900698,2.804616210413312,2.5496511003757383,0.6508319914117016,
82,4.3545356951154055,2.0128824476650564,50.919216317767045,14.53972088030059,3.408480944712829,18.766774020397207,2.7979066022544283,2.5496511003757383,0.6508319914117016,
83,4.549114331723027,2.0128824476650564,50.76489533011272,14.53972088030059,3.408480944712829,18.746645195920557,2.791196994095545,2.536231884057971,0.6508319914117016,
84,4.643048845947397,2.0128824476650564,50.717928073000536,14.53972088030059,3.408480944712829,18.699677938808374,2.791196994095545,2.536231884057971,0.6508319914117016,
85,4.455179817498658,2.0128824476650564,40.405260332796566,14.512882447665056,3.750670960815888,29.11969940955448,2.771068169618894,2.3215244229736984,0.6508319914117016,
86,4.575952764358561,2.0128824476650564,40.304616210413315,14.512882447665056,3.750670960815888,29.09957058507783,2.771068169618894,2.3215244229736984,0.6508319914117016,
87,4.582662372517445,2.0128824476650564,38.60708534621578,14.432367149758454,3.750670960815888,30.709876543209877,2.771068169618894,2.3215244229736984,0.8118625872249061,
88,4.314278046162104,2.0128824476650564,35.869565217391305,14.398819108964037,3.750670960815888,33.9573268921095,2.771068169618894,2.1135265700483092,0.8118625872249061,
89,4.133118625872249,2.0128824476650564,39.82823403113258,14.150563607085346,3.3950617283950617,31.186258722490606,2.4892646269457863,1.9927536231884058,0.8118625872249061,
90,4.233762748255502,2.0128824476650564,39.79468599033817,14.123725174449811,3.3816425120772946,31.186258722490606,2.4892646269457863,1.9659151905528718,0.8118625872249061,
91,4.327697262479871,2.0128824476650564,39.17740203972088,14.096886741814279,3.3548040794417604,31.17283950617284,3.079710144927536,1.9659151905528718,0.8118625872249061,
92,4.562533548040794,1.9793344068706387,39.06333870101986,14.036500268384327,3.3548040794417604,30.99838969404187,3.079710144927536,1.9524959742351047,0.9728931830381106,
93,3.9452495974235107,1.9793344068706387,50.577026301663984,11.949812130971551,3.0730005367686526,23.47691894793344,2.61003757380569,1.9457863660762211,0.4428341384863124,
94,4.1532474503489,1.9793344068706387,50.50993022007515,11.916264090177133,3.0327428878153517,23.450080515297905,2.589908749329039,1.9256575415995705,0.4428341384863124,
95,4.455179817498658,1.9793344068706387,50.053676865271065,11.889425657541599,3.0327428878153517,23.242082662372518,2.589908749329039,2.328234031132582,0.4294149221685454,
96,4.676596886741814,1.9793344068706387,49.75174449812131,11.889425657541599,3.026033279656468,23.1682769726248,2.7509393451422435,2.328234031132582,0.4294149221685454,
97,4.8443370907139025,1.8988191089640365,47.26918947933441,11.889425657541599,2.8247450348899625,25.905797101449274,2.4825550187869028,2.4557165861513686,0.4294149221685454,
98,4.904723564143854,1.8988191089640365,47.134997316156735,11.889425657541599,2.8247450348899625,25.885668276972623,2.4825550187869028,2.5496511003757383,0.4294149221685454,
99,5.025496511003757,1.8988191089640365,47.08132045088567,11.855877616747183,2.8247450348899625,25.85212023617821,2.4825550187869028,2.5496511003757383,0.4294149221685454,
100,5.132850241545894,1.8988191089640365,47.00080515297907,11.855877616747183,2.8247450348899625,25.785024154589372,2.4691358024691357,2.5496511003757383,0.4830917874396135,
101,5.226784755770263,1.8786902844873858,46.31642512077295,11.842458400429415,3.5426731078904994,25.691089640365004,2.4691358024691357,2.5496511003757383,0.4830917874396135,
102,4.394793344068707,1.8786902844873858,41.15002683843264,7.340311325818572,3.5426731078904994,36.91626409017714,2.3215244229736984,2.0263016639828235,0.4294149221685454,
103,4.676596886741814,1.8786902844873858,41.035963499731615,7.2933440687063875,3.5426731078904994,36.66800858829844,2.3215244229736984,2.0263016639828235,0.5568974771873323,
104,4.9651100375738055,1.8786902844873858,40.9621578099839,7.266505636070853,3.5426731078904994,36.500268384326354,2.187332259796028,2.0263016639828235,0.6709608158883521,
105,4.898013955984971,1.8786902844873858,39.25791733762748,8.890230810520666,3.475577026301664,36.45330112721417,2.187332259796028,2.2879763821792807,0.6709608158883521,
106,4.9718196457326895,1.8786902844873858,38.2313472893183,8.883521202361782,3.475577026301664,35.46027911969941,3.683574879227053,2.703972088030059,0.7112184648416533,
107,5.159688674181428,1.8786902844873858,38.191089640365,8.883521202361782,3.4621578099838968,35.33279656468062,3.6768652710681695,2.703972088030059,0.7112184648416533,
108,5.0858829844337095,1.8786902844873858,37.245034889962426,11.386205045625335,3.938539989264627,33.40713902308105,3.656736446591519,2.690552871712292,0.7112184648416533,
109,5.213365539452496,1.8786902844873858,37.21819645732689,11.3593666129898,3.938539989264627,33.333333333333336,3.656736446591519,2.690552871712292,0.7112184648416533,
110,5.199946323134729,1.8585614600107354,36.943102522812666,11.29898013955985,3.92512077294686,33.17901234567901,3.656736446591519,3.227321524422974,0.7112184648416533,
111,5.045625335480408,1.8585614600107354,38.6003757380569,10.856146001073537,3.643317230273752,32.407407407407405,3.656736446591519,3.2206119162640903,0.7112184648416533,
112,4.884594739667204,1.42914653784219,38.47289318303811,9.017713365539452,3.5762211486849167,35.84272678475577,3.388352120236178,2.9119699409554483,0.47638217928073,
113,5.065754159957058,1.42914653784219,38.405797101449274,8.957326892109501,3.5426731078904994,35.82259796027912,3.388352120236178,2.9119699409554483,0.47638217928073,
114,5.4616210413311865,1.42914653784219,38.137412775093935,8.943907675791733,3.4957058507783145,35.73537305421363,3.388352120236178,2.932098765432099,0.47638217928073,
115,5.5756843800322065,1.42914653784219,38.10386473429951,8.903650026838433,3.488996242619431,35.73537305421363,3.3548040794417604,2.932098765432099,0.47638217928073,
116,4.99194847020934,1.415727321524423,42.069243156199676,8.507783145464305,2.26784755770263,34.957058507783145,2.8247450348899625,2.4892646269457863,0.47638217928073,
117,5.152979066022544,1.415727321524423,43.833870101986044,8.507783145464305,2.26784755770263,33.16559312936125,2.8247450348899625,2.3550724637681157,0.47638217928073,
118,5.267042404723564,1.415727321524423,43.70638754696726,8.507783145464305,2.26784755770263,33.15217391304348,2.804616210413312,2.4020397208803006,0.47638217928073,
119,5.374396135265701,1.415727321524423,43.525228126677405,8.433977455716587,2.214170692431562,33.00456253354804,3.099838969404187,2.4020397208803006,0.5300590445517982,
120,5.622651637144391,1.415727321524423,43.47155126140633,8.313204508856682,2.214170692431562,32.930756843800324,3.099838969404187,2.4020397208803006,0.5300590445517982,
121,5.750134192163178,1.415727321524423,43.41787439613527,8.3064949006978,2.214170692431562,32.86366076221149,3.099838969404187,2.4020397208803006,0.5300590445517982,
122,5.589103596349974,1.415727321524423,43.43800322061192,8.59500805152979,3.7372517444981215,31.676060118089104,3.099838969404187,1.9592055823939882,0.48980139559849706,
123,5.615942028985507,1.415727321524423,43.42458400429415,8.59500805152979,3.7372517444981215,31.662640901771336,3.099838969404187,1.9592055823939882,0.48980139559849706,
124,5.6964573268921095,1.415727321524423,43.37090713902308,8.59500805152979,3.7372517444981215,31.635802469135804,3.099838969404187,1.9592055823939882,0.48980139559849706,
125,5.9514224369296835,1.415727321524423,43.162909286097694,8.59500805152979,3.7372517444981215,31.266774020397207,3.4420289855072466,1.9390767579173376,0.48980139559849706,
126,6.011808910359635,1.415727321524423,43.05555555555556,8.588298443370908,3.7372517444981215,31.709608158883523,3.052871712292002,1.9390767579173376,0.48980139559849706,
127,5.428073000536768,1.415727321524423,44.6256038647343,7.991143317230274,3.2340311325818574,32.340311325818575,3.0327428878153517,1.442565754159957,0.48980139559849706,
128,5.562265163714439,1.415727321524423,44.51154052603328,7.991143317230274,3.2340311325818574,31.850509930220074,3.0327428878153517,1.9122383252818036,0.48980139559849706,
129,5.669618894256575,1.415727321524423,44.457863660762214,7.991143317230274,3.2139023081052067,31.830381105743424,3.0327428878153517,1.9122383252818036,0.47638217928073,
130,5.8239398819108965,1.415727321524423,44.37063875469673,7.991143317230274,3.569511540526033,31.45464304884595,3.0193236714975846,1.8786902844873858,0.47638217928073,
131,5.857487922705314,1.415727321524423,44.06870638754697,7.991143317230274,3.569511540526033,31.44122383252818,3.012614063338701,2.167203435319377,0.47638217928073,
132,5.938003220611916,1.415727321524423,44.00161030595813,7.991143317230274,3.569511540526033,31.427804616210413,3.012614063338701,2.167203435319377,0.47638217928073,
133,5.562265163714439,1.415727321524423,47.779119699409556,7.776435856146001,3.569511540526033,29.441760601180892,2.4892646269457863,1.5901771336553945,0.3757380568974772,
134,5.629361245303274,1.415727321524423,47.70531400966183,7.749597423510467,3.569511540526033,29.441760601180892,2.462426194310252,1.6505636070853462,0.3757380568974772,
135,5.776972624798712,1.415727321524423,47.638217928073,7.709339774557166,3.569511540526033,29.421631776704242,2.462426194310252,1.6304347826086956,0.3757380568974772,
136,5.810520665593129,1.415727321524423,47.63150831991412,7.709339774557166,3.569511540526033,29.394793344068706,2.462426194310252,1.6304347826086956,0.3757380568974772,
137,5.9447128287707995,1.415727321524423,47.50402576489533,7.709339774557166,3.569511540526033,29.388083735909824,2.462426194310252,1.6304347826086956,0.3757380568974772,
138,6.226516371443908,1.415727321524423,47.25577026301664,7.669082125603865,3.569511540526033,29.32769726247987,2.462426194310252,1.6975308641975309,0.3757380568974772,
139,6.374127750939345,0.9997316156736447,47.04777241009125,7.635534084809447,3.569511540526033,29.314278046162105,2.898550724637681,1.7847557702630166,0.3757380568974772,
140,6.602254428341385,0.9997316156736447,46.47074610842727,7.561728395061729,3.556092324208266,29.28743961352657,2.898550724637681,2.24771873322598,0.3757380568974772,
141,5.971551261406334,0.9997316156736447,52.14036500268384,6.045356951154052,3.113258185721954,26.362050456253353,2.898550724637681,2.1068169618894257,0.36231884057971014,
142,6.0654857756307035,0.9997316156736447,51.878690284487384,6.031937734836285,3.113258185721954,26.321792807300053,2.898550724637681,2.328234031132582,0.36231884057971014,
143,6.125872249060655,0.9997316156736447,51.70424047235642,6.031937734836285,3.113258185721954,26.321792807300053,2.898550724637681,2.442297369833602,0.36231884057971014,
144,5.146269457863661,0.8588298443370908,58.01798174986581,6.031937734836285,2.2879763821792807,22.906602254428343,1.865271068169619,2.5966183574879227,0.2885131508319914,
145,5.186527106816962,0.8588298443370908,58.00456253354804,6.031937734836285,2.2611379495437465,22.906602254428343,1.865271068169619,2.5966183574879227,0.2885131508319914,
146,5.3341384863123995,0.8588298443370908,57.91733762748255,6.025228126677402,2.2611379495437465,22.873054213633925,1.8451422436929683,2.5966183574879227,0.2885131508319914,
147,5.522007514761138,0.8588298443370908,57.870370370370374,6.011808910359635,2.2611379495437465,22.611379495437465,1.8451422436929683,2.5966183574879227,0.4227053140096618,
148,5.615942028985507,0.8588298443370908,57.80327428878154,6.011808910359635,2.2611379495437465,22.584541062801932,1.8451422436929683,2.5966183574879227,0.4227053140096618,
149,5.662909286097692,0.8588298443370908,57.76301663982824,6.011808910359635,2.2611379495437465,22.41009125067096,1.8451422436929683,2.589908749329039,0.5971551261406334,
150,5.703166935050993,0.8588298443370908,56.52173913043478,5.978260869565218,2.2611379495437465,22.38996242619431,1.8451422436929683,3.844605475040258,0.5971551261406334,
151,5.797101449275362,0.8588298443370908,54.69672571121846,5.9447128287707995,2.2342995169082127,22.36983360171766,1.8451422436929683,5.656199677938808,0.5971551261406334,
152,5.797101449275362,0.8588298443370908,49.25523349436393,7.253086419753086,2.2342995169082127,27.536231884057973,1.8451422436929683,4.622920021470746,0.5971551261406334,
153,5.877616747181965,0.8588298443370908,49.22839506172839,7.253086419753086,2.2342995169082127,27.49597423510467,1.8317230273752012,4.622920021470746,0.5971551261406334,
154,6.025228126677402,0.8588298443370908,49.12775093934514,7.253086419753086,2.2879763821792807,27.449006977992486,1.7310789049919484,4.622920021470746,0.644122383252818,
155,6.233225979602791,0.8588298443370908,49.033816425120776,7.253086419753086,2.2879763821792807,27.36849168008588,1.7310789049919484,4.5893719806763285,0.644122383252818,
156,6.320450885668277,0.8588298443370908,48.980139559849704,7.253086419753086,2.2611379495437465,27.361782071927,1.7310789049919484,4.5893719806763285,0.644122383252818,
157,5.971551261406334,0.8588298443370908,51.851851851851855,5.495169082125604,2.5026838432635534,26.019860440150296,2.0397208803005906,4.703435319377348,0.5568974771873323,
158,6.0654857756307035,0.8588298443370908,51.78475577026302,5.495169082125604,2.5026838432635534,25.99302200751476,2.0397208803005906,4.703435319377348,0.5568974771873323,
159,6.146001073537305,0.8588298443370908,51.73778851315083,5.495169082125604,2.5026838432635534,25.959473966720342,2.0397208803005906,4.703435319377348,0.5568974771873323,
160,6.239935587761675,0.8588298443370908,51.710950080515296,5.481749865807837,2.4892646269457863,25.91921631776704,2.0397208803005906,4.703435319377348,0.5568974771873323,
161,6.293612453032743,0.8588298443370908,51.65727321524423,5.481749865807837,2.623456790123457,25.91921631776704,1.90552871712292,4.703435319377348,0.5568974771873323,
162,6.407675791733762,0.8319914117015567,51.16747181964573,5.381105743424584,2.623456790123457,25.905797101449274,1.8786902844873858,5.146269457863661,0.5568974771873323,0.10064412238325282
163,6.468062265163715,0.8319914117015567,51.08024691358025,5.381105743424584,2.623456790123457,25.89237788513151,1.9592055823939882,5.10601180891036,0.5568974771873323,0.10064412238325282
164,6.5485775630703165,0.8118625872249061,51.01315083199141,5.260332796564681,2.623456790123457,25.89237788513151,1.932367149758454,5.10601180891036,0.6508319914117016,0.1610305958132045
165,6.582125603864735,0.8118625872249061,51.006441223832525,5.260332796564681,2.623456790123457,25.89237788513151,1.932367149758454,5.0791733762748255,0.6508319914117016,0.1610305958132045
166,6.749865807836822,0.8118625872249061,50.878958668813745,5.24020397208803,2.623456790123457,25.785024154589372,1.932367149758454,5.0993022007514766,0.7179280730005367,0.1610305958132045
167,6.830381105743425,0.8118625872249061,50.81186258722491,5.24020397208803,2.623456790123457,25.771604938271604,1.932367149758454,5.0993022007514766,0.7179280730005367,0.1610305958132045
168,6.951154052603328,0.8118625872249061,50.5300590445518,5.24020397208803,3.1870638754696725,25.281803542673106,1.932367149758454,5.146269457863661,0.7581857219538379,0.1610305958132045
169,7.018250134192163,0.8118625872249061,50.46296296296296,5.24020397208803,3.1870638754696725,25.281803542673106,1.932367149758454,5.146269457863661,0.7581857219538379,0.1610305958132045
170,7.058507783145465,0.8118625872249061,50.4495437466452,5.24020397208803,3.1870638754696725,25.268384326355342,1.932367149758454,5.132850241545894,0.7581857219538379,0.1610305958132045
171,6.635802469135802,0.8118625872249061,47.336285560923244,4.005636070853462,3.0931293612453032,30.441492216854535,1.710950080515298,5.0858829844337095,0.7179280730005367,0.1610305958132045
172,6.662640901771336,0.8118625872249061,47.235641438539986,4.005636070853462,3.0931293612453032,30.407944176060116,1.710950080515298,5.193236714975845,0.7179280730005367,0.1610305958132045
173,6.816961889425658,0.8118625872249061,47.02093397745572,4.005636070853462,3.0931293612453032,30.280461621041333,1.6841116478797638,5.320719269994632,0.8051529790660226,0.1610305958132045
174,6.964573268921095,0.8118625872249061,46.91358024691358,4.005636070853462,3.066290928609769,30.267042404723565,1.6841116478797638,5.320719269994632,0.8051529790660226,0.1610305958132045
175,7.098765432098766,0.8118625872249061,46.866612989801396,3.978797638217928,3.066290928609769,30.20665593129361,1.6841116478797638,5.320719269994632,0.8051529790660226,0.1610305958132045
176,7.199409554482019,0.8118625872249061,46.71900161030596,3.978797638217928,3.066290928609769,29.757112184648417,1.6841116478797638,5.320719269994632,1.3016639828234031,0.1610305958132045
177,7.313472893183038,0.7514761137949544,46.65190552871712,3.978797638217928,3.066290928609769,29.71014492753623,1.7444981213097155,5.320719269994632,1.3016639828234031,0.1610305958132045
178,7.440955448201825,0.7514761137949544,46.041331186258724,3.9318303811057436,3.046162104133119,29.186795491143318,1.7444981213097155,5.891035963499732,1.8048845947396672,0.1610305958132045
179,7.561728395061729,0.7514761137949544,45.95410628019324,3.9184111647879765,3.046162104133119,29.159957058507782,1.7176596886741815,5.9514224369296835,1.778046162104133,0.1610305958132045
180,7.722758990874933,0.7514761137949544,45.73939881910896,3.9184111647879765,3.046162104133119,29.086151368760063,1.7176596886741815,6.078904991948471,1.778046162104133,0.1610305958132045
181,7.796564680622652,0.7514761137949544,45.3166935050993,3.9184111647879765,3.046162104133119,29.03918411164788,1.7176596886741815,6.474771873322598,1.778046162104133,0.1610305958132045
182,7.971014492753623,0.7514761137949544,45.24288781535159,3.9049919484702094,3.046162104133119,29.005636070853463,1.7176596886741815,6.427804616210413,1.7713365539452497,0.1610305958132045
183,8.21256038647343,0.7514761137949544,44.97450348899624,3.8714439076757916,3.046162104133119,28.938539989264626,1.7176596886741815,6.5552871712292005,1.7713365539452497,0.1610305958132045
184,8.32662372517445,0.7514761137949544,44.20960815888352,3.851315083199141,3.0327428878153517,28.878153515834676,1.7042404723564144,7.313472893183038,1.7713365539452497,0.1610305958132045
185,8.353462157809984,0.7514761137949544,43.92109500805153,3.851315083199141,3.0327428878153517,28.878153515834676,2.01959205582394,7.25979602791197,1.7713365539452497,0.1610305958132045
186,8.433977455716587,0.7514761137949544,42.52549651100376,5.387815351583468,3.0327428878153517,28.650026838432634,1.932367149758454,7.353730542136339,1.7713365539452497,0.1610305958132045
187,8.360171765968868,0.7514761137949544,42.29736983360172,5.387815351583468,3.0327428878153517,28.629898013955984,2.3617820719269993,7.246376811594203,1.7713365539452497,0.1610305958132045
188,8.440687063875469,0.7514761137949544,42.23698336017176,5.387815351583468,3.0327428878153517,28.609769189479334,2.3617820719269993,7.246376811594203,1.7713365539452497,0.1610305958132045
189,8.474235104669887,0.7514761137949544,41.54589371980676,5.367686527106817,2.945517981749866,28.515834675254965,2.3617820719269993,7.924047235641439,1.8384326355340848,0.27509393451422437
190,8.61513687600644,0.7514761137949544,41.44524959742351,5.367686527106817,2.945517981749866,28.475577026301664,2.3617820719269993,7.924047235641439,1.8384326355340848,0.27509393451422437
191,8.816425120772946,0.7514761137949544,41.37144390767579,5.367686527106817,2.945517981749866,28.395061728395063,2.3617820719269993,7.877079978529254,1.8384326355340848,0.27509393451422437
192,8.950617283950617,0.7514761137949544,41.31105743424584,5.3274288781535155,2.945517981749866,28.361513687600645,2.3617820719269993,7.877079978529254,1.8384326355340848,0.27509393451422437
193,9.057971014492754,0.7514761137949544,41.1634460547504,5.314009661835748,2.9388083735909825,28.327965646806227,2.5026838432635534,7.830112721417069,1.8384326355340848,0.27509393451422437
194,9.205582393988191,0.7514761137949544,41.06951154052604,5.300590445517981,2.9388083735909825,28.287707997852927,2.5026838432635534,7.830112721417069,1.8384326355340848,0.27509393451422437
195,9.359903381642512,0.7514761137949544,40.673644659151904,5.300590445517981,3.4420289855072466,28.22061191626409,2.5026838432635534,7.635534084809447,1.8384326355340848,0.27509393451422437
196,9.373322597960279,0.7514761137949544,39.96913580246913,5.293880837359098,4.17337627482555,28.187063875469672,2.5026838432635534,7.635534084809447,1.8384326355340848,0.27509393451422437
197,9.346484165324744,0.7514761137949544,39.92216854535695,5.065754159957058,5.173107890499195,27.583199141170155,2.4490069779924855,7.635534084809447,1.7981749865807837,0.27509393451422437
198,9.400161030595813,0.7514761137949544,39.42565754159957,5.059044551798175,5.173107890499195,27.549651100375737,2.4490069779924855,8.11862587224906,1.7981749865807837,0.27509393451422437
199,9.4873859366613,0.7514761137949544,39.42565754159957,5.059044551798175,5.146269457863661,27.502683843263554,2.4490069779924855,8.11862587224906,1.7847557702630166,0.27509393451422437
200,9.561191626409018,0.7514761137949544,39.36527106816962,5.059044551798175,5.394524959742351,27.26784755770263,2.4490069779924855,8.091787439613526,1.7847557702630166,0.27509393451422437
201,9.567901234567902,0.7514761137949544,39.19753086419753,5.059044551798175,5.3274288781535155,27.147074610842726,2.804616210413312,8.085077831454644,1.7847557702630166,0.27509393451422437
202,9.588030059044552,0.7514761137949544,38.6808910359635,5.059044551798175,5.3274288781535155,27.086688137412775,3.388352120236178,8.05823939881911,1.7847557702630166,0.27509393451422437
203,9.614868491680086,0.7514761137949544,38.62721417069243,5.213365539452496,5.622651637144391,27.053140096618357,3.1602254428341383,7.897208803005904,1.7847557702630166,0.27509393451422437
204,9.73564143853999,0.7514761137949544,38.5601180891036,5.199946323134729,5.622651637144391,27.046430488459475,3.1602254428341383,7.863660762211487,1.7847557702630166,0.27509393451422437
205,9.769189479334408,0.7514761137949544,38.52657004830918,5.199946323134729,5.609232420826624,27.012882447665056,3.1602254428341383,7.9106280193236715,1.7847557702630166,0.27509393451422437
206,9.601449275362318,0.7514761137949544,36.64117015566291,5.12614063338701,5.595813204508857,29.240472356414386,3.2340311325818574,7.749597423510467,1.7847557702630166,0.27509393451422437
207,9.71551261406334,0.7514761137949544,36.594202898550726,5.12614063338701,5.5689747718733225,29.21363392377885,3.2206119162640903,7.749597423510467,1.7847557702630166,0.27509393451422437
208,9.782608695652174,0.7447665056360708,36.10440150295223,5.0858829844337095,5.5689747718733225,28.743961352657006,3.656736446591519,7.803274288781535,2.2342995169082127,0.27509393451422437
209,9.997316156736447,0.7447665056360708,35.93666129898014,5.0858829844337095,5.542136339237788,28.549382716049383,3.8311862587224907,7.803274288781535,2.2342995169082127,0.27509393451422437
210,10.124798711755233,0.7447665056360708,35.87627482555019,5.0858829844337095,5.542136339237788,28.482286634460547,3.8311862587224907,7.803274288781535,2.2342995169082127,0.27509393451422437
211,10.124798711755233,0.7179280730005367,35.87627482555019,5.0858829844337095,5.542136339237788,28.63660762211487,3.8580246913580245,7.803274288781535,2.0799785292538915,0.27509393451422437
212,10.258990874932904,0.7179280730005367,35.7487922705314,5.542136339237788,5.414653784219001,28.327965646806227,3.8580246913580245,7.776435856146001,2.0799785292538915,0.27509393451422437
213,10.446859903381643,0.7179280730005367,35.68840579710145,5.535426731078905,5.387815351583468,28.28099838969404,3.851315083199141,7.7898550724637685,2.0263016639828235,0.27509393451422437
214,10.48040794417606,0.7179280730005367,35.68840579710145,5.535426731078905,5.387815351583468,28.267579173376276,3.851315083199141,7.769726247987117,2.0263016639828235,0.27509393451422437
215,10.473698336017177,0.7179280730005367,35.547504025764894,5.535426731078905,5.052334943639291,28.227321524422972,4.374664519592056,7.769726247987117,2.0263016639828235,0.27509393451422437
216,10.654857756307031,0.7179280730005367,35.50053676865271,5.414653784219001,4.998658078368224,28.193773483628558,4.374664519592056,7.843531937734836,2.0263016639828235,0.27509393451422437
217,10.473698336017177,0.026838432635534086,35.44685990338164,5.394524959742351,6.689479334406871,27.865002683843265,4.0995705850778315,7.702630166398282,2.0263016639828235,0.27509393451422437
218,10.654857756307031,0.013419216317767043,35.28582930756844,5.394524959742351,6.689479334406871,27.82474503488996,4.1129898013955986,7.749597423510467,1.9994632313472893,0.27509393451422437
219,10.721953837895867,0.013419216317767043,35.11137949543747,5.374396135265701,6.561996779388084,27.80461621041331,4.388083735909823,7.749597423510467,1.9994632313472893,0.27509393451422437
220,10.7085346215781,0.013419216317767043,35.04428341384863,5.374396135265701,6.743156199677939,27.690552871712292,4.388083735909823,7.763016639828234,1.9994632313472893,0.27509393451422437
221,10.721953837895867,0.013419216317767043,35.03086419753087,5.367686527106817,6.743156199677939,27.462426194310254,4.388083735909823,7.763016639828234,2.2342995169082127,0.27509393451422437
222,10.789049919484702,0.013419216317767043,35.00402576489533,5.367686527106817,6.723027375201288,27.059849704777243,4.38137412775094,8.3064949006978,2.0799785292538915,0.27509393451422437
223,10.903113258185721,0.013419216317767043,34.46054750402576,5.367686527106817,6.6827697262479875,26.99946323134729,4.911433172302737,8.3064949006978,2.0799785292538915,0.27509393451422437
224,10.963499731615673,0.013419216317767043,34.09822866344606,5.3274288781535155,6.642512077294686,26.918947933440688,4.958400429414922,8.722490606548577,2.0799785292538915,0.27509393451422437
225,11.05072463768116,0.013419216317767043,34.07139023081052,5.314009661835748,6.615673644659152,26.90552871712292,4.958400429414922,8.715780998389693,2.0799785292538915,0.27509393451422437
226,11.097691894793345,0.013419216317767043,34.0378421900161,5.307300053676865,6.615673644659152,26.898819108964037,4.958400429414922,8.715780998389693,2.0799785292538915,0.27509393451422437
227,11.16478797638218,0.013419216317767043,33.41384863123994,5.307300053676865,6.615673644659152,26.8719806763285,5.562265163714439,8.695652173913043,2.0799785292538915,0.27509393451422437
228,11.20504562533548,0.013419216317767043,33.40713902308105,5.287171229200215,6.595544820182502,26.8719806763285,5.5689747718733225,8.695652173913043,2.0799785292538915,0.27509393451422437
229,11.29898013955985,0.013419216317767043,33.15217391304348,5.287171229200215,6.723027375201288,26.858561460010737,5.743424584004294,8.568169618894256,2.0799785292538915,0.27509393451422437
230,11.312399355877616,0.013419216317767043,33.13875469672571,5.287171229200215,6.723027375201288,26.858561460010737,5.743424584004294,8.568169618894256,2.0799785292538915,0.27509393451422437
231,11.466720343531938,0.013419216317767043,33.111916264090176,5.287171229200215,6.723027375201288,26.7512077294686,5.723295759527644,8.568169618894256,2.0799785292538915,0.27509393451422437
232,11.654589371980677,0.013419216317767043,33.05823939881911,5.246913580246914,6.716317767042405,26.704240472356414,5.689747718733226,8.561460010735374,2.0799785292538915,0.27509393451422437
233,10.802469135802468,0.013419216317767043,38.14412238325282,4.602791196994096,6.3137412775093935,24.966451959205582,4.898013955984971,8.333333333333334,1.6505636070853462,0.27509393451422437
234,10.889694041867955,0.013419216317767043,38.00993022007515,4.602791196994096,6.3137412775093935,24.90606548577563,4.898013955984971,8.440687063875469,1.6505636070853462,0.27509393451422437
235,10.976918947933441,0.013419216317767043,37.84219001610306,4.602791196994096,6.3137412775093935,24.879227053140095,4.87788513150832,8.568169618894256,1.6505636070853462,0.27509393451422437
236,11.017176596886742,0.013419216317767043,37.84219001610306,4.602791196994096,6.300322061191626,24.879227053140095,4.87788513150832,8.541331186258722,1.6505636070853462,0.27509393451422437
