,45,50,54,51,52,55,53,56,57,58,59
0,99.93290391841117,0.06709608158883522,,,,,,,,,
1,99.77858293075684,0.2214170692431562,,,,,,,,,
2,98.63794954374664,1.3620504562533549,,,,,,,,,
3,97.26247987117553,2.737520128824477,,,,,,,,,
4,91.74718196457327,8.252818035426731,,,,,,,,,
5,84.17874396135265,15.821256038647343,,,,,,,,,
6,83.9975845410628,15.11003757380569,0.8923778851315083,,,,,,,,
7,81.32045088566828,17.06924315619968,1.6103059581320451,,,,,,,,
8,78.16022544283413,20.242887815351583,1.596886741814278,,,,,,,,
9,77.52952227589908,19.753086419753085,1.596886741814278,0.9460547504025765,0.10735373054213634,0.06709608158883522,,,,,
10,76.49624261943103,20.001341921631777,0.8588298443370908,2.4691358024691357,0.10735373054213634,0.06709608158883522,,,,,
11,76.40901771336554,20.088566827697264,0.8588298443370908,2.4691358024691357,0.10735373054213634,0.06709608158883522,,,,,
12,76.1808910359635,20.26972624798712,0.8185721953837896,2.5563607085346214,0.10735373054213634,0.06709608158883522,,,,,
13,76.2211486849168,20.229468599033815,0.8185721953837896,2.5563607085346214,0.10735373054213634,0.06709608158883522,,,,,
14,75.50322061191626,20.947396672034355,0.8185721953837896,2.5563607085346214,0.10735373054213634,0.06709608158883522,,,,,
15,64.54643048845948,31.702898550724637,0.8185721953837896,2.757648953301127,0.10735373054213634,0.06709608158883522,,,,,
16,64.84165324745035,31.468062265163713,0.7581857219538379,2.757648953301127,0.10735373054213634,0.06709608158883522,,,,,
17,64.861782071927,31.15271068169619,0.7581857219538379,2.757648953301127,0.10735373054213634,0.36231884057971014,,,,,
18,64.84165324745035,31.15271068169619,0.8923778851315083,2.6435856146001075,0.10735373054213634,0.36231884057971014,,,,,
19,60.258990874932906,35.37976382179281,0.8923778851315083,2.6435856146001075,0.10735373054213634,0.7179280730005367,,,,,
20,59.10493827160494,36.533816425120776,0.8923778851315083,2.6301663982823404,0.10735373054213634,0.7313472893183038,,,,,
21,59.14519592055824,36.08427267847558,0.8923778851315083,2.703972088030059,0.10735373054213634,1.06682769726248,,,,,
22,50.275093934514224,43.323939881910896,0.8923778851315083,2.703972088030059,1.8853998926462694,0.9192163177670424,,,,,
23,50.15432098765432,42.53891572732152,0.8923778851315083,2.703972088030059,2.7442297369833604,0.966183574879227,,,,,
24,50.19457863660762,42.49865807836822,0.8923778851315083,2.703972088030059,2.7442297369833604,0.966183574879227,,,,,
25,50.254965110037574,42.48523886205046,0.8923778851315083,2.6637144390767578,2.737520128824477,0.966183574879227,,,,,
26,50.254965110037574,42.24369296833065,0.8923778851315083,2.6637144390767578,2.737520128824477,1.2077294685990339,,,,,
27,50.275093934514224,42.230273752012884,0.8923778851315083,2.657004830917874,2.737520128824477,1.2077294685990339,,,,,
28,50.36231884057971,42.089371980676326,0.8923778851315083,2.7308105206655933,2.717391304347826,1.2077294685990339,,,,,
29,50.17444981213097,42.109500805152976,0.8923778851315083,2.898550724637681,2.717391304347826,1.2077294685990339,,,,,
30,48.530595813204506,44.97450348899624,0.9125067096081588,2.9253891572732154,1.6371443907675791,1.0198604401502953,,,,,
31,48.64465915190553,43.43800322061192,0.9125067096081588,2.9723564143853998,1.6371443907675791,2.395330112721417,,,,,
32,48.82581857219538,43.05555555555556,0.9125067096081588,2.9723564143853998,1.6371443907675791,2.5966183574879227,,,,,
33,48.8593666129898,43.03542673107891,0.9125067096081588,2.9723564143853998,1.6371443907675791,2.5831991411701556,,,,,
34,42.7536231884058,39.31830381105743,1.5297906602254427,13.083735909822867,1.6371443907675791,1.3687600644122384,0.30864197530864196,,,,
35,41.99543746645196,39.49946323134729,1.5297906602254427,13.66076221148685,1.6371443907675791,1.3687600644122384,0.30864197530864196,,,,
36,35.42002147074611,43.13607085346216,1.5297906602254427,16.626409017713364,1.6371443907675791,1.3419216317767042,0.30864197530864196,,,,
37,35.607890499194845,43.02871712292002,1.5163714439076759,16.55931293612453,1.6371443907675791,1.3419216317767042,0.30864197530864196,,,,
38,31.749865807836823,48.07434245840043,1.5163714439076759,10.393183038110575,6.400966183574879,1.415727321524423,0.4495437466451959,,,,
39,31.66935050993022,47.65163714439077,1.5163714439076759,10.124798711755233,6.400966183574879,1.415727321524423,1.221148684916801,,,,
40,28.710413311862588,48.289049919484704,1.751207729468599,14.969135802469136,3.730542136339238,1.328502415458937,1.221148684916801,,,,
41,28.75067096081589,46.67874396135266,1.751207729468599,14.821524422973699,3.6768652710681695,1.328502415458937,2.8784219001610305,0.11406333870101985,,,
42,28.945249597423512,46.45061728395062,1.751207729468599,14.714170692431562,3.6768652710681695,1.3754696725711217,2.8784219001610305,0.20799785292538917,,,
43,29.05931293612453,46.3365539452496,1.751207729468599,14.714170692431562,3.6768652710681695,1.3754696725711217,2.8784219001610305,0.20799785292538917,,,
44,29.0727321524423,46.323134728931834,1.751207729468599,14.620236178207193,3.6768652710681695,1.3754696725711217,2.8784219001610305,0.30193236714975846,,,
45,27.4422973698336,47.93344068706388,1.751207729468599,14.506172839506172,3.81105743424584,1.3754696725711217,2.8784219001610305,0.30193236714975846,,,
46,27.636876006441224,47.75228126677402,1.751207729468599,14.345142243692969,3.81105743424584,1.3754696725711217,2.8784219001610305,0.4495437466451959,,,
47,27.549651100375737,47.725442834138484,1.7310789049919484,14.479334406870638,3.81105743424584,1.3754696725711217,2.8784219001610305,0.4495437466451959,,,
48,27.576489533011273,47.738862050456255,1.7310789049919484,14.439076757917338,3.81105743424584,1.3754696725711217,2.8784219001610305,0.4495437466451959,,,
49,27.200751476113794,43.96806226516372,1.7310789049919484,18.391035963499732,4.74369296833065,1.2345679012345678,2.2946859903381642,0.43612453032742887,,,
50,24.537037037037038,46.67203435319377,1.7310789049919484,18.297101449275363,4.797369833601718,1.2345679012345678,2.2946859903381642,0.43612453032742887,,,
51,23.45679012345679,50.76489533011272,0.785024154589372,17.317498658078367,3.864734299516908,0.9594739667203436,2.4154589371980677,0.43612453032742887,,,
52,23.047504025764894,45.410628019323674,0.39586688137412773,21.71900161030596,3.730542136339238,2.898550724637681,2.4154589371980677,0.3824476650563607,,,
53,23.544015029522274,45.05501878690284,0.39586688137412773,21.64519592055824,3.7238325281803544,2.8650026838432634,2.3886205045625335,0.3824476650563607,,,
54,23.356146001073537,44.457863660762214,0.4428341384863124,21.64519592055824,4.522275899087493,2.804616210413312,2.3886205045625335,0.3824476650563607,,,
55,23.49033816425121,44.41089640365003,0.4428341384863124,21.578099838969404,4.522275899087493,2.7844873859366612,2.3886205045625335,0.3824476650563607,,,
56,23.523886205045624,44.41089640365003,0.41599570585077833,21.517713365539453,4.522275899087493,2.8515834675254963,2.3752012882447664,0.3824476650563607,,,
57,19.652442297369834,48.38298443370907,0.3757380568974772,21.410359634997317,4.522275899087493,2.804616210413312,2.3752012882447664,0.47638217928073,,,
58,19.605475040257648,46.24932903918411,0.5166398282340311,23.765432098765434,4.3478260869565215,2.6637144390767578,2.3752012882447664,0.47638217928073,,,
59,17.793880837359097,41.91492216854536,0.5166398282340311,27.965646806226516,6.360708534621578,2.5966183574879227,2.3752012882447664,0.47638217928073,,,
60,17.559044551798173,41.46537842190016,0.5166398282340311,28.35480407944176,6.347289318303811,2.5697799248523885,2.3752012882447664,0.8118625872249061,,,
61,17.780461621041333,41.1634460547504,0.5166398282340311,28.22061191626409,6.3070316693505095,2.7643585614600106,2.368491680085883,0.8789586688137413,,,
62,16.908212560386474,42.09608158883521,0.5166398282340311,28.30112721417069,6.206387546967257,2.7643585614600106,2.328234031132582,0.8789586688137413,,,
63,16.545893719806763,38.821792807300056,0.4294149221685454,34.58803005904455,5.515297906602254,1.4090177133655395,2.254428341384863,0.43612453032742887,,,
64,16.7337627482555,38.65405260332797,0.4294149221685454,34.58132045088567,5.515297906602254,1.4090177133655395,2.2410091250670963,0.43612453032742887,,,
65,16.78743961352657,37.80193236714976,0.4830917874396135,34.52093397745572,5.421363392377885,2.1739130434782608,2.2410091250670963,0.43612453032742887,0.13419216317767044,,
66,16.70692431561997,37.567096081588836,0.4830917874396135,34.836285560923244,5.421363392377885,2.1739130434782608,2.2410091250670963,0.43612453032742887,0.13419216317767044,,
67,16.75389157273215,37.533548040794415,0.4830917874396135,34.82286634460547,5.421363392377885,2.1739130434782608,2.2410091250670963,0.43612453032742887,0.13419216317767044,,
68,16.78743961352657,37.4194847020934,1.4224369296833066,33.762748255501876,5.394524959742351,2.2879763821792807,2.2410091250670963,0.5501878690284487,0.13419216317767044,,
69,17.06924315619968,37.224906065485776,1.5029522275899088,32.7361782071927,5.092592592592593,2.2879763821792807,3.1736446591519054,0.6709608158883521,0.24154589371980675,,
70,17.14975845410628,37.21148684916801,1.5029522275899088,32.68250134192163,5.0858829844337095,2.281266774020397,3.1736446591519054,0.6709608158883521,0.24154589371980675,,
71,17.250402576489535,37.07729468599034,1.5029522275899088,32.6154052603328,5.0858829844337095,2.3081052066559313,3.2474503488996245,0.6709608158883521,0.24154589371980675,,
72,17.002147074610843,35.581052066559316,1.5029522275899088,32.25308641975309,5.045625335480408,2.2611379495437465,5.267042404723564,0.8454106280193237,0.24154589371980675,,
73,16.948470209339774,33.93048845947396,1.6572732152442298,31.830381105743424,7.152442297369833,2.1806226516371443,5.267042404723564,0.7917337627482555,0.24154589371980675,,
74,17.002147074610843,33.903650026838434,1.6572732152442298,31.676060118089104,7.152442297369833,2.1806226516371443,5.267042404723564,0.9192163177670424,0.24154589371980675,,
75,17.09608158883521,33.84997316156736,1.6572732152442298,31.662640901771336,7.125603864734299,2.2611379495437465,5.186527106816962,0.9192163177670424,0.24154589371980675,,
76,16.384863123993558,27.462426194310254,1.3352120236178207,42.881105743424584,4.441760601180891,1.402308105206656,5.146269457863661,0.7514761137949544,0.19457863660762212,,
77,16.384863123993558,26.73107890499195,1.3352120236178207,42.619431025228124,4.441760601180891,1.402308105206656,5.998389694041868,0.8923778851315083,0.19457863660762212,,
78,16.686795491143318,26.663982823403114,1.3352120236178207,42.39801395598497,4.441760601180891,1.402308105206656,5.984970477724101,0.8923778851315083,0.19457863660762212,,
79,15.579710144927537,24.174718196457327,0.9728931830381106,47.22893183038111,4.294149221685454,1.1540526033279657,5.656199677938808,0.7447665056360708,0.19457863660762212,,
80,15.72061191626409,23.731884057971016,1.724369296833065,46.947128287708,4.294149221685454,1.0131508319914118,5.629361245303274,0.7447665056360708,0.19457863660762212,,
81,14.707461084272678,20.98094471282877,1.724369296833065,52.16720343531938,4.260601180891036,0.5501878690284487,4.851046698872786,0.5636070853462157,0.19457863660762212,,
82,14.908749329039184,20.86688137412775,1.724369296833065,52.03972088030059,4.260601180891036,0.5904455179817498,4.851046698872786,0.5636070853462157,0.19457863660762212,,
83,13.419216317767042,19.83360171765969,1.6103059581320451,54.82420826623725,3.9989264626945786,0.5904455179817498,4.8376274825550185,0.6910896403650026,0.19457863660762212,,
84,13.519860440150294,19.77992485238862,1.6103059581320451,54.79736983360172,3.9989264626945786,0.5904455179817498,4.817498658078368,0.6910896403650026,0.19457863660762212,,
85,13.607085346215781,19.732957595276435,1.6103059581320451,54.75711218464841,3.9989264626945786,0.5904455179817498,4.817498658078368,0.6910896403650026,0.19457863660762212,,
86,13.573537305421363,19.256575415995705,1.402308105206656,48.53730542136339,3.8915727321524423,0.5099302200751477,11.936392914653783,0.6977992485238862,0.19457863660762212,,
87,13.499731615673644,18.80703166935051,1.402308105206656,49.08749329039184,3.8915727321524423,0.5099302200751477,11.936392914653783,0.6709608158883521,0.19457863660762212,,
88,13.560118089103597,18.80703166935051,1.3888888888888888,49.040526033279654,3.8915727321524423,0.5099302200751477,11.936392914653783,0.6709608158883521,0.19457863660762212,,
89,13.446054750402576,18.00858829844337,1.5029522275899088,46.12855609232421,7.836822329575953,0.4562533548040794,11.83574879227053,0.5904455179817498,0.19457863660762212,,
90,13.620504562533547,17.827428878153516,1.5029522275899088,44.68599033816425,9.386741814278047,0.4562533548040794,11.83574879227053,0.48980139559849706,0.19457863660762212,,
91,13.66076221148685,17.800590445517983,1.5029522275899088,43.65942028985507,9.265968867418144,1.482823403113258,11.83574879227053,0.48980139559849706,0.30193236714975846,,
92,10.071121846484166,25.791733762748255,1.4761137949543746,39.82823403113258,9.098228663446054,1.482823403113258,11.460010735373054,0.48980139559849706,0.30193236714975846,,
93,10.091250670960816,25.6105743424584,1.4761137949543746,38.14412238325282,10.272410091250672,2.167203435319377,11.446591519055287,0.48980139559849706,0.30193236714975846,,
94,10.131508319914117,25.6105743424584,1.4761137949543746,37.996511003757384,10.272410091250672,2.2208803005904456,11.446591519055287,0.5434782608695652,0.30193236714975846,,
95,10.406602254428341,25.49651100375738,1.4761137949543746,37.80864197530864,10.19189479334407,2.26784755770263,11.446591519055287,0.5434782608695652,0.36231884057971014,,
96,9.064680622651638,24.44310252281267,1.3419216317767042,42.84084809447128,8.99087493290392,2.214170692431562,10.473698336017177,0.2683843263553409,0.36231884057971014,,
97,7.273215244229737,23.362855609232422,1.3419216317767042,48.980139559849704,6.823671497584541,1.2345679012345678,10.352925389157273,0.2683843263553409,0.36231884057971014,,
98,7.588566827697263,22.63150831991412,2.059849704777241,48.731884057971016,6.736446591519055,1.2345679012345678,10.299248523886206,0.2683843263553409,0.4495437466451959,,
99,7.9106280193236715,22.510735373054214,2.059849704777241,48.60440150295223,6.729736983360172,1.2345679012345678,10.178475577026301,0.322061191626409,0.4495437466451959,,
100,8.031400966183575,21.349973161567366,1.9592055823939882,48.22866344605475,6.447933440687064,2.536231884057971,10.165056360708535,0.39586688137412773,0.8856682769726248,,
101,8.051529790660226,21.390230810520666,1.9592055823939882,48.03408480944713,6.4412238325281805,2.536231884057971,10.158346752549651,0.5434782608695652,0.8856682769726248,,
102,8.252818035426731,21.22920021470746,1.7914653784219001,48.081052066559316,6.4412238325281805,2.536231884057971,9.769189479334408,0.5434782608695652,1.3553408480944713,,
103,8.259527643585615,21.182232957595275,1.7310789049919484,47.57783145464305,6.4412238325281805,3.079710144927536,9.769189479334408,0.6038647342995169,1.3553408480944713,,
104,8.105206655931294,20.974235104669887,1.6572732152442298,46.443907675791735,8.917069243156199,3.079710144927536,8.890230810520666,0.5770263016639828,1.3553408480944713,,
105,8.353462157809984,20.8870101986044,1.6572732152442298,45.8870101986044,8.890230810520666,3.5091250670960816,8.890230810520666,0.5703166935050993,1.3553408480944713,,
106,8.514492753623188,20.88030059044552,1.6572732152442298,45.793075684380035,8.836553945249598,3.5091250670960816,8.883521202361782,0.5703166935050993,1.3553408480944713,,
107,8.07836822329576,14.110305958132045,1.1003757380568975,55.59581320450886,8.662104133118627,1.6841116478797638,8.849973161567364,0.6642512077294686,1.2546967257112185,,
108,8.313204508856682,14.110305958132045,1.0869565217391304,54.91814278046162,8.55475040257649,3.0059044551798175,8.064949006977992,0.6910896403650026,1.2546967257112185,,
109,8.373590982286634,14.083467525496511,1.0869565217391304,54.39479334406871,8.541331186258722,3.549382716049383,8.024691358024691,0.6910896403650026,1.2546967257112185,,
110,8.360171765968868,14.083467525496511,1.402308105206656,53.90499194847021,8.158883521202362,3.549382716049383,8.024691358024691,1.261406333870102,1.2546967257112185,,
111,8.420558239398819,14.083467525496511,1.402308105206656,53.696994095544824,8.158883521202362,3.549382716049383,8.024691358024691,1.4090177133655395,1.2546967257112185,,
112,8.561460010735374,14.083467525496511,1.402308105206656,53.60305958132045,8.111916264090176,3.549382716049383,8.024691358024691,1.4090177133655395,1.2546967257112185,,
113,8.501073537305421,13.47289318303811,1.5432098765432098,52.18733225979603,10.446859903381643,3.5426731078904994,7.64224369296833,1.4090177133655395,1.2546967257112185,,
114,8.709071390230811,13.405797101449275,1.5365002683843263,51.96591519055287,10.426731078904991,3.5426731078904994,7.64224369296833,1.5163714439076759,1.2546967257112185,,
115,8.896940418679549,13.311862587224907,1.5365002683843263,51.7512077294686,10.312667740203972,3.6366076221148687,7.64224369296833,1.6572732152442298,1.2546967257112185,,
116,8.997584541062801,13.20450885668277,1.6706924315619969,49.14117015566291,10.292538915727322,3.770799785292539,9.312936124530328,2.3550724637681157,1.2546967257112185,,
117,9.333064949006978,13.036768652710682,1.6706924315619969,48.89291465378422,10.285829307568438,3.9049919484702094,9.265968867418144,2.3550724637681157,1.2546967257112185,,
118,9.46725711218465,12.99651100375738,1.6706924315619969,48.711755233494365,10.285829307568438,3.9049919484702094,9.265968867418144,2.442297369833602,1.2546967257112185,,
119,9.500805152979066,12.99651100375738,1.6706924315619969,48.678207192699944,10.178475577026301,4.012345679012346,9.265968867418144,2.442297369833602,1.2546967257112185,,
120,9.567901234567902,12.99651100375738,1.6706924315619969,48.57085346215781,10.071121846484166,3.9989264626945786,9.185453569511541,2.442297369833602,1.4962426194310252,,
121,9.594739667203436,12.95625335480408,1.7310789049919484,48.510466988727856,10.071121846484166,4.012345679012346,9.185453569511541,2.4020397208803006,1.4962426194310252,0.040257648953301126,
122,9.675254965110037,12.942834138486312,1.7310789049919484,48.32259796027912,10.00402576489533,4.106280193236715,9.091519055287172,2.4490069779924855,1.6371443907675791,0.040257648953301126,
123,9.75577026301664,12.352388620504563,1.7310789049919484,47.296027911969944,10.795759527643586,4.092860976918948,9.742351046698873,2.5563607085346214,1.6371443907675791,0.040257648953301126,
124,9.936929683306495,12.305421363392378,1.7310789049919484,46.745840042941495,11.171497584541063,4.092860976918948,9.688674181427805,2.6502952227589907,1.6371443907675791,0.040257648953301126,
125,10.017444981213098,12.164519592055823,1.7310789049919484,45.967525496511,11.171497584541063,4.911433172302737,9.66183574879227,2.6301663982823404,1.7042404723564144,0.040257648953301126,
126,10.446859903381643,12.151100375738057,1.7847557702630166,45.01476113794954,11.131239935587761,5.615942028985507,9.594739667203436,2.5161030595813205,1.7042404723564144,0.040257648953301126,
127,10.668276972624799,12.130971551261407,1.778046162104133,44.927536231884055,11.057434245840042,5.615942028985507,9.494095544820183,2.4892646269457863,1.7042404723564144,0.13419216317767044,
128,10.701825013419215,12.104133118625873,1.778046162104133,44.927536231884055,11.057434245840042,5.615942028985507,9.494095544820183,2.4892646269457863,1.6975308641975309,0.13419216317767044,
129,10.138217928073,11.480139559849706,1.778046162104133,46.41035963499731,10.681696188942565,5.703166935050993,9.4873859366613,2.4892646269457863,1.6975308641975309,0.13419216317767044,
130,10.171765968867419,11.211755233494364,1.892109500805153,46.57139023081052,10.527375201288244,5.683038110574342,9.541062801932368,2.5697799248523885,1.6975308641975309,0.13419216317767044,
131,9.004294149221685,10.93666129898014,2.4221685453569513,50.19457863660762,8.729200214707461,5.676328502415459,8.870101986044014,2.462426194310252,1.570048309178744,0.13419216317767044,
132,7.722758990874933,10.037573805689748,2.0128824476650564,58.02469135802469,5.857487922705314,5.5689747718733225,7.39398819108964,2.2946859903381642,0.95276435856146,0.13419216317767044,
133,7.830112721417069,10.017444981213098,2.0128824476650564,57.950885668276975,5.857487922705314,5.562265163714439,7.246376811594203,2.2946859903381642,1.093666129898014,0.13419216317767044,
134,7.950885668276973,10.017444981213098,2.0128824476650564,57.79656468062265,5.83064949006978,5.481749865807837,7.232957595276436,2.4490069779924855,1.093666129898014,0.13419216317767044,
135,8.13875469672571,9.957058507783145,2.1403650026838434,57.56843800322061,5.83064949006978,5.481749865807837,7.206119162640902,2.4490069779924855,1.093666129898014,0.13419216317767044,
136,8.259527643585615,9.943639291465379,2.1403650026838434,57.48792270531401,5.803811057434245,5.481749865807837,7.206119162640902,2.4490069779924855,1.093666129898014,0.13419216317767044,
137,8.333333333333334,9.930220075147611,2.1403650026838434,57.427536231884055,5.803811057434245,5.481749865807837,7.206119162640902,2.4490069779924855,1.093666129898014,0.13419216317767044,
138,7.823403113258186,9.73564143853999,2.1403650026838434,56.54186795491143,7.313472893183038,5.589103596349974,7.179280730005368,2.4490069779924855,1.093666129898014,0.13419216317767044,
139,7.96430488459474,9.688674181427805,2.1403650026838434,56.407675791733766,7.266505636070853,5.636070853462158,7.179280730005368,2.4892646269457863,1.093666129898014,0.13419216317767044,
140,8.044820182501342,9.688674181427805,2.1403650026838434,56.28019323671498,7.239667203435319,5.629361245303274,7.14573268921095,2.6301663982823404,1.06682769726248,0.13419216317767044,
141,7.830112721417069,9.07139023081052,3.851315083199141,52.522812667740205,9.386741814278047,6.481481481481482,7.065217391304348,2.589908749329039,1.06682769726248,0.13419216317767044,
142,7.944176060118089,9.07139023081052,3.8378958668813743,52.44900697799248,9.359903381642512,6.481481481481482,7.065217391304348,2.589908749329039,1.06682769726248,0.13419216317767044,
143,7.7831454643048845,9.07139023081052,6.293612453032743,50.93263553408481,9.192163177670425,6.481481481481482,6.454643048845948,2.589908749329039,1.06682769726248,0.13419216317767044,
144,7.924047235641439,9.05126140633387,6.253354804079442,50.81186258722491,9.16532474503489,6.427804616210413,6.454643048845948,2.7106816961889426,1.06682769726248,0.13419216317767044,
145,8.051529790660226,9.05126140633387,6.226516371443908,50.77831454643049,9.16532474503489,6.427804616210413,6.387546967257112,2.7106816961889426,1.06682769726248,0.13419216317767044,
146,8.205850778314547,9.037842190016104,6.226516371443908,50.691089640365,9.131776704240472,6.414385399892646,6.380837359098229,2.7106816961889426,1.06682769726248,0.13419216317767044,
147,8.548040794417606,9.037842190016104,6.166129898013956,50.36231884057971,9.131776704240472,6.380837359098229,6.380837359098229,2.804616210413312,1.0534084809447128,0.13419216317767044,
148,8.61513687600644,9.017713365539452,7.132313472893183,49.27536231884058,9.131776704240472,6.454643048845948,6.380837359098229,2.804616210413312,1.0534084809447128,0.13419216317767044,
149,8.709071390230811,8.930488459473967,7.132313472893183,48.980139559849704,9.131776704240472,6.575415995705851,6.380837359098229,2.9723564143853998,1.0534084809447128,0.13419216317767044,
150,8.84326355340848,8.930488459473967,7.112184648416532,48.530595813204506,9.131776704240472,6.5485775630703165,6.360708534621578,3.3548040794417604,1.0534084809447128,0.13419216317767044,
151,9.004294149221685,8.876811594202898,7.078636607622115,48.470209339774556,9.104938271604938,6.575415995705851,6.360708534621578,3.3413848631239937,1.0534084809447128,0.13419216317767044,
152,9.078099838969404,8.876811594202898,6.132581857219538,49.19484702093398,9.057971014492754,6.776704240472356,6.226516371443908,3.3413848631239937,1.1808910359634996,0.13419216317767044,
153,9.118357487922705,7.957595276435856,7.185990338164252,49.040526033279654,8.943907675791733,6.837090713902308,6.226516371443908,3.374932903918411,1.1808910359634996,0.13419216317767044,
154,9.286097691894794,7.950885668276973,7.1725711218464845,48.96672034353194,8.917069243156199,6.823671497584541,6.226516371443908,3.3413848631239937,1.1808910359634996,0.13419216317767044,
155,9.292807300053678,7.944176060118089,7.0450885668276975,48.80568974771873,8.903650026838433,6.6760601180891035,6.568706387546968,3.44873859366613,1.1808910359634996,0.13419216317767044,
156,9.346484165324744,7.944176060118089,6.904186795491143,48.62453032742888,8.903650026838433,6.6760601180891035,6.568706387546968,3.5762211486849167,1.1808910359634996,0.13419216317767044,0.14090177133655393
157,9.386741814278047,7.944176060118089,6.904186795491143,48.45679012345679,8.903650026838433,6.6760601180891035,6.5552871712292005,3.7372517444981215,1.1607622114868492,0.13419216317767044,0.14090177133655393
158,7.796564680622652,7.863660762211487,6.615673644659152,49.946323134728935,8.011272141706923,5.649490069779925,10.185185185185185,2.885131508319914,0.7716049382716049,0.13419216317767044,0.14090177133655393
159,7.890499194847021,7.85024154589372,7.105475040257649,49.8389694041868,7.608695652173913,5.649490069779925,10.084541062801932,2.885131508319914,0.8118625872249061,0.13419216317767044,0.14090177133655393
160,7.977724100912507,7.9106280193236715,7.078636607622115,49.75845410628019,7.608695652173913,5.750134192163178,9.970477724100913,2.85829307568438,0.8118625872249061,0.13419216317767044,0.14090177133655393
161,8.038110574342458,7.7898550724637685,7.078636607622115,49.49006977992485,7.608695652173913,5.850778314546431,9.970477724100913,3.0864197530864197,0.8118625872249061,0.13419216317767044,0.14090177133655393
162,8.21256038647343,7.7898550724637685,7.078636607622115,49.362587224906065,7.595276435856146,5.850778314546431,9.970477724100913,3.052871712292002,0.8118625872249061,0.13419216317767044,0.14090177133655393
163,8.319914117015566,7.7898550724637685,7.03166935050993,48.84594739667203,7.581857219538379,6.367418142780462,9.970477724100913,3.0059044551798175,0.8118625872249061,0.13419216317767044,0.14090177133655393
164,8.447396672034353,7.7898550724637685,7.03166935050993,48.752012882447666,7.548309178743962,6.367418142780462,9.970477724100913,3.0059044551798175,0.8118625872249061,0.13419216317767044,0.14090177133655393
165,8.527911969940956,7.7898550724637685,6.91760601180891,48.651368760064415,7.62211486849168,6.367418142780462,9.96376811594203,3.0730005367686526,0.8118625872249061,0.13419216317767044,0.14090177133655393
166,8.695652173913043,7.7898550724637685,6.904186795491143,48.21524422973698,7.62211486849168,6.353998926462695,9.96376811594203,3.3682232957595275,0.8118625872249061,0.13419216317767044,0.14090177133655393
167,8.809715512614064,7.729468599033816,7.0383789586688135,48.03408480944713,7.568438003220612,6.353998926462695,9.96376811594203,3.4151905528717124,0.8118625872249061,0.13419216317767044,0.14090177133655393
168,8.709071390230811,6.957863660762212,9.561191626409018,46.60493827160494,7.568438003220612,6.353998926462695,9.943639291465379,3.2139023081052067,0.8118625872249061,0.13419216317767044,0.14090177133655393
169,8.997584541062801,6.944444444444445,9.494095544820183,46.3768115942029,7.555018786902845,6.327160493827161,9.883252818035427,3.33467525496511,0.8118625872249061,0.13419216317767044,0.14090177133655393
170,9.185453569511541,6.830381105743425,9.4873859366613,46.2962962962963,7.555018786902845,6.347289318303811,9.876543209876543,3.33467525496511,0.8118625872249061,0.13419216317767044,0.14090177133655393
171,9.27938808373591,6.716317767042405,9.594739667203436,46.256038647343,7.555018786902845,6.320450885668277,9.876543209876543,3.3145464304884595,0.8118625872249061,0.13419216317767044,0.14090177133655393
172,9.480676328502415,6.702898550724638,9.440418679549115,46.162104133118625,7.5348899624261945,6.3070316693505095,9.876543209876543,3.408480944712829,0.8118625872249061,0.13419216317767044,0.14090177133655393
173,9.621578099838969,6.689479334406871,9.440418679549115,46.041331186258724,7.427536231884058,6.3070316693505095,9.822866344605474,3.455448201825013,0.8118625872249061,0.24154589371980675,0.14090177133655393
174,9.73564143853999,6.689479334406871,9.406870638754697,46.0077831454643,7.4208266237251745,6.273483628556092,9.822866344605474,3.44873859366613,0.8118625872249061,0.24154589371980675,0.14090177133655393
175,9.73564143853999,6.689479334406871,9.406870638754697,45.833333333333336,7.4208266237251745,6.447933440687064,9.822866344605474,3.44873859366613,0.8118625872249061,0.24154589371980675,0.14090177133655393
176,9.675254965110037,6.689479334406871,10.057702630166398,43.344068706387546,6.904186795491143,6.4345142243692965,12.258454106280194,3.44873859366613,0.8118625872249061,0.24154589371980675,0.13419216317767044
177,9.836285560923242,6.689479334406871,10.017444981213098,43.31723027375201,6.890767579173376,6.400966183574879,12.211486849168008,3.44873859366613,0.8118625872249061,0.24154589371980675,0.13419216317767044
178,9.957058507783145,6.615673644659152,9.990606548577563,43.14949006977992,6.843800322061192,6.535158346752549,12.325550187869029,3.3816425120772946,0.8252818035426731,0.24154589371980675,0.13419216317767044
179,10.165056360708535,6.407675791733762,10.352925389157273,42.659688674181425,6.823671497584541,6.568706387546968,12.31213097155126,3.5091250670960816,0.8252818035426731,0.24154589371980675,0.13419216317767044
180,10.111379495437467,6.031937734836285,10.319377348362856,42.599302200751474,7.749597423510467,6.447933440687064,12.27187332259796,3.5091250670960816,0.6910896403650026,0.13419216317767044,0.13419216317767044
181,10.151637144390767,5.971551261406334,10.138217928073,42.310789049919485,7.749597423510467,6.4345142243692965,12.546967257112184,3.7372517444981215,0.6910896403650026,0.13419216317767044,0.13419216317767044
182,10.238862050456254,5.9514224369296835,10.218733225979603,42.01556629092861,7.716049382716049,6.454643048845948,12.372517444981213,3.92512077294686,0.6910896403650026,0.28180354267310787,0.13419216317767044
183,10.38647342995169,5.9447128287707995,10.138217928073,41.93505099302201,7.689210950080516,6.4412238325281805,12.359098228663447,3.9989264626945786,0.6910896403650026,0.28180354267310787,0.13419216317767044
184,10.466988727858293,5.9447128287707995,10.138217928073,41.7740203972088,7.689210950080516,6.4412238325281805,12.345679012345679,4.092860976918948,0.6910896403650026,0.28180354267310787,0.13419216317767044
185,10.607890499194847,5.9447128287707995,10.138217928073,41.5727321524423,7.689210950080516,6.515029522275899,12.332259796027913,4.092860976918948,0.6910896403650026,0.28180354267310787,0.13419216317767044
186,10.889694041867955,5.9447128287707995,10.138217928073,41.34460547504026,7.689210950080516,6.515029522275899,12.305421363392378,4.066022544283414,0.6910896403650026,0.28180354267310787,0.13419216317767044
187,10.990338164251208,5.9447128287707995,9.957058507783145,41.33118625872249,7.689210950080516,6.468062265163715,12.305421363392378,4.206924315619967,0.6910896403650026,0.28180354267310787,0.13419216317767044
188,11.231884057971014,5.9447128287707995,9.930220075147611,41.096349973161566,7.6556629092860975,6.615673644659152,12.265163714439076,4.159957058507783,0.6843800322061192,0.28180354267310787,0.13419216317767044
189,11.305689747718732,5.931293612453032,9.930220075147611,41.0829307568438,7.6556629092860975,6.602254428341385,12.23161567364466,4.159957058507783,0.6843800322061192,0.28180354267310787,0.13419216317767044
190,11.3593666129898,5.904455179817498,10.38647342995169,40.86151368760064,7.6556629092860975,6.535158346752549,12.157809983896941,4.03918411164788,0.6843800322061192,0.28180354267310787,0.13419216317767044
191,11.741814278046162,5.857487922705314,10.34621578099839,40.727321524422976,7.541599570585078,6.6760601180891035,12.130971551261407,4.025764895330113,0.6843800322061192,0.13419216317767044,0.13419216317767044
192,11.788781535158346,5.857487922705314,10.34621578099839,40.693773483628554,7.541599570585078,6.6760601180891035,12.130971551261407,4.012345679012346,0.6843800322061192,0.13419216317767044,0.13419216317767044
193,12.124261943102523,5.857487922705314,10.225442834138486,40.53274288781535,7.541599570585078,6.6760601180891035,12.077294685990339,4.012345679012346,0.6843800322061192,0.13419216317767044,0.13419216317767044
194,12.345679012345679,5.857487922705314,10.151637144390767,40.405260332796566,7.514761137949543,6.662640901771336,12.016908212560386,4.092860976918948,0.6843800322061192,0.13419216317767044,0.13419216317767044
195,12.392646269457863,5.857487922705314,10.151637144390767,39.96913580246913,7.6623725174449815,6.877348362855609,12.00348899624262,4.133118625872249,0.6843800322061192,0.13419216317767044,0.13419216317767044
196,12.546967257112184,5.857487922705314,10.138217928073,39.861782071927,7.628824476650563,6.877348362855609,12.00348899624262,4.133118625872249,0.6843800322061192,0.13419216317767044,0.13419216317767044
197,12.68786902844874,5.8239398819108965,10.104669887278583,39.734299516908216,7.608695652173913,6.877348362855609,11.956521739130435,4.133118625872249,0.8051529790660226,0.13419216317767044,0.13419216317767044
198,12.681159420289855,5.8239398819108965,10.104669887278583,39.64036500268384,7.595276435856146,6.877348362855609,11.956521739130435,4.247181964573269,0.8051529790660226,0.13419216317767044,0.13419216317767044
199,12.848899624261943,5.8172302737520125,10.084541062801932,39.452495974235106,7.568438003220612,6.951154052603328,11.936392914653783,4.213633923778851,0.8588298443370908,0.13419216317767044,0.13419216317767044
200,12.942834138486312,5.8172302737520125,10.138217928073,39.23778851315083,7.434245840042942,7.212828770799785,11.889425657541599,4.233762748255502,0.8252818035426731,0.13419216317767044,0.13419216317767044
201,13.083735909822867,5.8172302737520125,9.836285560923242,39.150563607085346,7.62211486849168,7.206119162640902,11.855877616747183,4.341116478797638,0.8252818035426731,0.13419216317767044,0.1274825550187869
202,13.285024154589372,5.803811057434245,10.057702630166398,38.989533011272144,7.62211486849168,7.03166935050993,11.855877616747183,4.26731078904992,0.8252818035426731,0.13419216317767044,0.1274825550187869
203,13.16425120772947,5.5689747718733225,9.534353193773484,38.05018786902845,9.842995169082126,6.991411701556629,11.366076221148685,4.260601180891036,0.8252818035426731,0.2683843263553409,0.1274825550187869
204,13.45276435856146,5.562265163714439,9.4873859366613,37.90257648953301,9.829575952764358,6.9310252281266775,11.366076221148685,4.247181964573269,0.8252818035426731,0.2683843263553409,0.1274825550187869
205,13.633923778851315,5.562265163714439,9.4873859366613,37.76167471819646,9.829575952764358,6.9310252281266775,11.332528180354267,4.240472356414386,0.8252818035426731,0.2683843263553409,0.1274825550187869
206,13.828502415458937,5.535426731078905,9.480676328502415,37.60064412238325,9.816156736446592,7.011540526033279,11.305689747718732,4.200214707461084,0.8252818035426731,0.2683843263553409,0.1274825550187869
207,13.781535158346752,5.401234567901234,9.863123993558776,37.37251744498121,9.816156736446592,6.877348362855609,11.285560923242082,4.38137412775094,0.8252818035426731,0.2683843263553409,0.1274825550187869
208,13.922436929683306,5.374396135265701,9.849704777241008,37.34567901234568,9.742351046698873,6.877348362855609,11.285560923242082,4.38137412775094,0.8252818035426731,0.2683843263553409,0.1274825550187869
209,14.036500268384327,5.367686527106817,9.836285560923242,37.31213097155126,9.708803005904455,6.850509930220075,11.285560923242082,4.38137412775094,0.8252818035426731,0.2683843263553409,0.1274825550187869
210,14.251207729468598,5.280461621041331,9.903381642512077,37.151100375738054,9.708803005904455,6.816961889425658,11.285560923242082,4.38137412775094,0.8252818035426731,0.2683843263553409,0.1274825550187869
211,14.284755770263017,5.267042404723564,9.903381642512077,37.151100375738054,9.708803005904455,6.816961889425658,11.265432098765432,4.38137412775094,0.8252818035426731,0.2683843263553409,0.1274825550187869
212,14.338432635534085,5.267042404723564,9.903381642512077,37.124261943102525,9.708803005904455,6.810252281266774,11.265432098765432,4.367954911433173,0.8185721953837896,0.2683843263553409,0.1274825550187869
213,14.338432635534085,5.260332796564681,9.722222222222221,37.03032742887815,9.708803005904455,6.810252281266774,11.553945249597424,4.361245303274289,0.8185721953837896,0.2683843263553409,0.1274825550187869
214,14.412238325281804,5.260332796564681,9.722222222222221,36.862587224906065,9.695383789586689,6.810252281266774,11.533816425120772,4.488727858293076,0.8185721953837896,0.2683843263553409,0.1274825550187869
215,14.479334406870638,5.260332796564681,9.73564143853999,36.77536231884058,9.695383789586689,6.837090713902308,11.513687600644122,4.488727858293076,0.8185721953837896,0.2683843263553409,0.1274825550187869
216,14.42565754159957,5.260332796564681,9.473966720343531,36.12453032742888,10.63472893183038,6.910896403650026,11.480139559849706,4.4753086419753085,0.8185721953837896,0.2683843263553409,0.1274825550187869
217,14.506172839506172,5.253623188405797,9.473966720343531,35.96349973161568,10.527375201288244,6.998121309715513,11.480139559849706,4.582662372517445,0.8185721953837896,0.2683843263553409,0.1274825550187869
218,14.673913043478262,5.253623188405797,9.440418679549115,35.88298443370907,10.513955984970478,6.957863660762212,11.480139559849706,4.582662372517445,0.8185721953837896,0.2683843263553409,0.1274825550187869
219,14.781266774020397,5.112721417069243,9.91009125067096,35.80246913580247,10.46027911969941,6.769994632313473,11.292270531400966,4.575952764358561,0.8990874932903918,0.2683843263553409,0.1274825550187869
220,14.761137949543746,5.018786902844874,9.628287707997853,35.527375201288244,10.285829307568438,6.843800322061192,12.097423510466989,4.542404723564144,0.8990874932903918,0.2683843263553409,0.1274825550187869
221,15.069779924852389,4.891304347826087,9.588030059044552,35.39989264626946,10.23215244229737,6.890767579173376,12.097423510466989,4.542404723564144,0.8923778851315083,0.2683843263553409,0.1274825550187869
222,15.170424047235642,4.770531400966184,9.702093397745571,35.35292538915727,10.205314009661835,6.890767579173376,12.077294685990339,4.502147074610843,0.9326355340848095,0.2683843263553409,0.1274825550187869
223,15.13016639828234,4.723564143853999,9.789318303811058,35.319377348362856,10.205314009661835,6.9243156199677935,12.077294685990339,4.502147074610843,0.9326355340848095,0.2683843263553409,0.1274825550187869
224,15.076489533011273,4.683306494900698,9.77589908749329,34.997316156736446,10.178475577026301,6.951154052603328,12.52012882447665,4.555823939881911,0.8655394524959742,0.2683843263553409,0.1274825550187869
225,15.257648953301127,4.656468062265164,9.695383789586689,34.957058507783145,10.158346752549651,6.937734836285561,12.52012882447665,4.555823939881911,0.8655394524959742,0.2683843263553409,0.1274825550187869
226,15.24422973698336,4.643048845947397,9.675254965110037,34.936929683306495,10.144927536231885,6.937734836285561,12.600644122383253,4.555823939881911,0.8655394524959742,0.2683843263553409,0.1274825550187869
227,15.445517981749866,4.62962962962963,9.621578099838969,34.80273752012882,10.017444981213098,6.884057971014493,12.580515297906603,4.7638217928073,0.8655394524959742,0.2683843263553409,0.12077294685990338
228,15.4723564143854,4.616210413311863,9.621578099838969,34.78931830381106,10.017444981213098,6.884057971014493,12.580515297906603,4.7638217928073,0.8655394524959742,0.2683843263553409,0.12077294685990338
229,15.49248523886205,4.602791196994096,9.608158883521202,34.695383789586685,10.017444981213098,6.843800322061192,12.533548040794418,4.9718196457326895,0.8454106280193237,0.2683843263553409,0.12077294685990338
