,45,50,54,51,55,53,52,57,56
0,98.91304347826087,1.0869565217391304,,,,,,,
1,97.94685990338164,2.0531400966183573,,,,,,,
2,90.98228663446055,8.756038647342995,0.2616747181964573,,,,,,
3,90.16371443907676,9.574610842726784,0.2616747181964573,,,,,,
4,89.24449812130972,10.493827160493828,0.2616747181964573,,,,,,
5,71.947128287708,27.791196994095547,0.2616747181964573,,,,,,
6,71.93370907139023,27.34165324745035,0.20799785292538917,0.5166398282340311,,,,,
7,71.7055823939882,27.569779924852387,0.20799785292538917,0.5166398282340311,,,,,
8,71.18894256575416,24.778582930756844,0.20799785292538917,3.824476650563607,,,,,
9,66.15673644659152,28.23403113258186,0.20799785292538917,5.059044551798175,0.3421900161030596,,,,
10,66.32447665056361,27.67042404723564,0.20799785292538917,5.059044551798175,0.3421900161030596,0.39586688137412773,,,
11,64.00295222758992,29.21363392377885,0.20799785292538917,5.649490069779925,0.3421900161030596,0.39586688137412773,0.1878690284487386,,
12,64.25791733762749,29.052603327965645,0.20799785292538917,5.562265163714439,0.3421900161030596,0.38915727321524424,0.1878690284487386,,
13,59.64170692431562,33.803005904455176,0.20799785292538917,5.669618894256575,0.12077294685990338,0.36902844873859364,0.1878690284487386,,
14,58.400429414922165,34.76247987117552,0.48980139559849706,5.589103596349974,0.20128824476650564,0.36902844873859364,0.1878690284487386,,
15,58.06494900697799,34.46725711218465,1.1674718196457328,5.548845947396672,0.20128824476650564,0.36902844873859364,0.18115942028985507,,
16,58.2259796027912,34.17874396135266,1.1674718196457328,5.683038110574342,0.20128824476650564,0.36231884057971014,0.18115942028985507,,
17,44.26999463231347,48.450080515297905,1.1674718196457328,5.367686527106817,0.20128824476650564,0.36231884057971014,0.18115942028985507,,
18,43.37761674718197,48.57085346215781,0.9997316156736447,5.3341384863123995,0.20128824476650564,1.0399892646269457,0.47638217928073,,
19,42.52549651100376,49.21497584541063,1.3419216317767042,5.226784755770263,0.20128824476650564,1.0399892646269457,0.4495437466451959,,
20,42.7938808373591,48.993558776167475,1.3150831991411702,5.226784755770263,0.20128824476650564,1.0198604401502953,0.4495437466451959,,
21,42.76704240472356,48.64465915190553,1.3150831991411702,4.911433172302737,0.20128824476650564,1.3486312399355878,0.8118625872249061,,
22,42.7536231884058,48.698336017176594,1.2748255501878691,4.911433172302737,0.20128824476650564,1.3486312399355878,0.8118625872249061,,
23,43.04884594739667,48.42324208266237,1.261406333870102,4.810789049919484,0.20128824476650564,1.442565754159957,0.8118625872249061,,
24,43.27026301663983,48.20182501341922,1.261406333870102,4.810789049919484,0.20128824476650564,1.442565754159957,0.8118625872249061,,
25,42.46511003757381,47.987117552334944,2.314814814814815,4.797369833601718,0.18115942028985507,1.442565754159957,0.8118625872249061,,
26,42.652979066022546,47.215512614063336,2.301395598497048,4.797369833601718,0.18115942028985507,2.0397208803005906,0.8118625872249061,,
27,41.74047235641439,44.24986580783682,2.301395598497048,8.333333333333334,0.6508319914117016,1.7847557702630166,0.9393451422436929,,
28,39.472624798711756,49.24852388620504,2.2745571658615136,5.528717122920021,0.5233494363929146,2.0128824476650564,0.9393451422436929,,
29,39.110305958132045,48.9398819108964,2.314814814814815,5.475040257648954,0.5233494363929146,1.8585614600107354,1.778046162104133,,
30,39.38539989264627,48.2487922705314,2.314814814814815,5.434782608695652,1.2748255501878691,1.8585614600107354,1.482823403113258,,
31,39.210950080515296,48.16156736446592,2.314814814814815,5.387815351583468,1.2412775093934514,1.8585614600107354,1.8250134192163177,,
32,38.7614063338701,45.91384863123994,4.38137412775094,5.615942028985507,1.6706924315619969,1.8585614600107354,1.7981749865807837,,
33,38.768115942028984,45.18250134192163,4.38137412775094,6.1929683306494905,1.8183038110574343,1.8585614600107354,1.7981749865807837,,
34,38.52657004830918,44.18947933440687,4.314278046162104,7.803274288781535,1.8183038110574343,1.7914653784219001,1.556629092860977,,
35,38.74127750939345,43.78019323671498,4.314278046162104,7.729468599033816,2.086688137412775,1.7914653784219001,1.556629092860977,,
36,36.963231347289316,45.18250134192163,4.28743961352657,8.071658615136876,2.15378421900161,1.7914653784219001,1.5499194847020934,,
37,35.51395598497048,46.81964573268921,4.260601180891036,7.481213097155126,2.657004830917874,1.7914653784219001,1.4761137949543746,,
38,36.198336017176594,46.39023081052066,4.2270531400966185,7.39398819108964,2.5966183574879227,1.751207729468599,1.442565754159957,,
39,34.37332259796028,47.799248523886206,4.280730005367687,6.971282877079979,2.563070316693505,2.576489533011272,1.4358561460010735,,
40,34.93022007514761,47.36983360171766,4.280730005367687,6.904186795491143,2.5496511003757383,2.576489533011272,1.3888888888888888,,
41,35.21202361782072,47.1081588835212,4.186795491143317,6.877348362855609,2.657004830917874,2.576489533011272,1.3821792807300053,,
42,35.279119699409556,46.826355340848096,4.186795491143317,6.877348362855609,2.61003757380569,2.8381642512077296,1.3821792807300053,,
43,30.92458400429415,51.932367149758456,3.8043478260869565,6.535158346752549,2.7308105206655933,2.7308105206655933,1.3419216317767042,,
44,30.394524959742352,48.40311325818572,3.603059581320451,11.084272678475577,2.703972088030059,2.4691358024691357,1.3419216317767042,,
45,25.751476113794954,59.54106280193237,3.670155662909286,7.709339774557166,2.006172839506173,0.4025764895330113,0.9192163177670424,,
46,25.469672571121848,58.11862587224906,3.556092324208266,9.386741814278047,2.1269457863660763,0.4025764895330113,0.9393451422436929,,
47,25.865539452495973,57.76301663982824,3.556092324208266,9.353193773483628,2.1269457863660763,0.4025764895330113,0.9326355340848095,,
48,25.865539452495973,57.648953301127214,3.5292538915727323,9.29951690821256,2.341653247450349,0.4025764895330113,0.9125067096081588,,
49,26.060118089103597,55.52871712292002,3.4420289855072466,8.353462157809984,2.7509393451422435,0.2885131508319914,3.5762211486849167,,
50,26.006441223832528,52.74422973698336,3.4420289855072466,11.258722490606548,2.717391304347826,0.2885131508319914,3.5426731078904994,,
51,26.31508319914117,52.58990874932904,3.4151905528717124,11.238593666129898,2.6502952227589907,0.2885131508319914,3.502415458937198,,
52,26.603596349973163,51.54320987654321,3.4151905528717124,11.178207192699947,3.4957058507783145,0.2885131508319914,3.475577026301664,,
53,26.979334406870638,50.79844337090714,3.4151905528717124,11.104401502952227,3.938539989264627,0.2885131508319914,3.475577026301664,,
54,26.92565754159957,46.27616747181965,6.749865807836822,10.701825013419215,5.58239398819109,0.2885131508319914,3.475577026301664,,
55,27.01959205582394,44.73966720343532,6.749865807836822,10.601180891035963,6.729736983360172,0.6910896403650026,3.4688674181427803,,
56,27.200751476113794,44.618894256575416,6.709608158883521,10.587761674718196,6.729736983360172,0.6910896403650026,3.4621578099838968,,
57,27.529522275899087,44.00161030595813,6.709608158883521,10.473698336017177,6.622383252818035,0.6910896403650026,3.9720880300590444,,
58,27.77777777777778,43.67954911433172,6.6760601180891035,10.648148148148149,6.582125603864735,0.6776704240472357,3.9586688137412773,,
59,27.938808373590984,43.25013419216318,6.635802469135802,10.621309715512615,6.971282877079979,0.6575415995705851,3.92512077294686,,
60,28.093129361245303,40.90177133655394,6.179549114331723,10.560923242082662,6.3070316693505095,1.2546967257112185,6.702898550724638,,
61,28.16022544283414,40.35829307568438,6.575415995705851,10.319377348362856,6.716317767042405,1.1674718196457328,6.702898550724638,,
62,28.495705850778315,40.163714439076756,6.5485775630703165,10.258990874932904,6.6760601180891035,1.1674718196457328,6.689479334406871,,
63,26.7512077294686,42.1027911969941,6.501610305958132,10.144927536231885,6.6760601180891035,1.1674718196457328,6.655931293612453,,
64,26.90552871712292,41.82769726247987,6.709608158883521,10.104669887278583,6.508319914117015,1.1674718196457328,6.776704240472356,,
65,25.127482555018787,41.727053140096615,7.051798174986581,11.77536231884058,6.078904991948471,1.1674718196457328,7.071926999463232,,
66,25.59044551798175,41.27079978529254,7.0383789586688135,11.674718196457327,6.300322061191626,1.1674718196457328,6.957863660762212,,
67,25.91250670960816,41.096349973161566,7.0383789586688135,11.600912506709609,6.300322061191626,1.2412775093934514,6.810252281266774,,
68,26.1808910359635,40.50590445517982,7.004830917874396,11.553945249597424,6.387546967257112,1.583467525496511,6.78341384863124,,
69,26.623725174449813,40.23081052066559,6.9310252281266775,11.493558776167472,6.367418142780462,1.583467525496511,6.769994632313473,,
70,24.664519592055825,41.659957058507786,7.320182501341922,11.325818572195384,6.957863660762212,1.4626945786366077,6.608964036500268,,
71,23.97342995169082,40.11003757380569,6.635802469135802,16.75389157273215,6.716317767042405,1.3821792807300053,4.428341384863124,,
72,24.288781535158346,39.25791733762748,7.380568974771873,16.566022544283413,6.253354804079442,1.6170155662909287,4.636339237788513,,
73,24.644390767579175,39.08346752549651,7.333601717659689,16.478797638217927,6.219806763285024,1.6170155662909287,4.622920021470746,,
74,24.792002147074612,39.009661835748794,7.27992485238862,16.15673644659152,6.219806763285024,1.9189479334406871,4.622920021470746,,
75,24.228395061728396,36.178207192699944,7.206119162640902,16.740472356414386,9.151905528717123,1.8719806763285025,4.622920021470746,,
76,24.570585077831456,35.607890499194845,7.1725711218464845,16.72705314009662,9.4873859366613,1.8317230273752012,4.602791196994096,,
77,24.228395061728396,34.245840042941495,6.535158346752549,22.644927536231883,5.6964573268921095,1.8317230273752012,4.663177670424047,0.15432098765432098,
78,24.416264090177133,32.99785292538916,6.515029522275899,22.19538378958669,5.931293612453032,2.563070316693505,5.226784755770263,0.15432098765432098,
79,24.724906065485776,32.8972088030059,6.494900697799249,22.134997316156735,5.8172302737520125,2.5496511003757383,5.226784755770263,0.15432098765432098,
80,24.63768115942029,32.085346215781,6.213097155126141,21.85990338164251,5.246913580246914,2.5966183574879227,7.206119162640902,0.15432098765432098,
81,25.275093934514224,31.723027375201287,6.5552871712292005,21.450617283950617,5.146269457863661,2.5966183574879227,7.098765432098766,0.15432098765432098,
82,25.72463768115942,31.54186795491143,6.5485775630703165,21.182232957595275,5.0858829844337095,2.5563607085346214,7.206119162640902,0.15432098765432098,
83,26.04669887278583,31.374127750939344,6.474771873322598,20.853462157809982,5.407944176060118,2.5295222758990876,6.937734836285561,0.15432098765432098,0.2214170692431562
84,25.986312399355878,30.52200751476114,6.400966183574879,20.209339774557165,5.3274288781535155,2.5295222758990876,8.521202361782072,0.15432098765432098,0.3488996242619431
85,25.657541599570585,29.522275899087493,6.400966183574879,20.101986044015028,5.287171229200215,4.0995705850778315,8.427267847557703,0.15432098765432098,0.3488996242619431
86,26.02657004830918,29.455179817498657,6.340579710144928,19.96779388083736,5.246913580246914,4.0995705850778315,8.360171765968868,0.15432098765432098,0.3488996242619431
87,25.885668276972623,29.1935050993022,6.333870101986044,19.920826623725173,5.246913580246914,3.9318303811057436,8.984165324745035,0.15432098765432098,0.3488996242619431
88,26.35534084809447,28.77079978529254,6.0654857756307035,19.652442297369834,5.4616210413311865,4.233762748255502,8.957326892109501,0.15432098765432098,0.3488996242619431
89,26.610305958132045,28.442028985507246,6.0654857756307035,19.6256038647343,5.367686527106817,4.622920021470746,8.76274825550188,0.15432098765432098,0.3488996242619431
90,26.04669887278583,30.44820182501342,6.300322061191626,18.08239398819109,5.35426731078905,4.53569511540526,8.729200214707461,0.15432098765432098,0.3488996242619431
91,26.382179280730007,30.387815351583466,6.266774020397209,18.02871712292002,5.35426731078905,4.53569511540526,8.57487922705314,0.15432098765432098,0.3153515834675255
92,26.556629092860977,30.18652710681696,6.159420289855072,18.115942028985508,5.293880837359098,4.804079441760601,8.440687063875469,0.15432098765432098,0.2885131508319914
93,25.83870101986044,28.703703703703702,6.1929683306494905,17.753623188405797,5.360976918947934,4.898013955984971,10.809178743961352,0.15432098765432098,0.2885131508319914
94,25.046967257112186,27.690552871712292,6.172839506172839,20.46430488459474,5.35426731078905,4.656468062265164,10.171765968867419,0.15432098765432098,0.2885131508319914
95,24.10762211486849,27.22758990874933,6.105743424584004,22.034353193773484,5.347557702630167,4.616210413311863,10.11808910359635,0.15432098765432098,0.2885131508319914
96,24.422973698336016,27.026301663982824,6.072195383789587,21.75925925925926,5.347557702630167,5.387815351583468,9.541062801932368,0.15432098765432098,0.2885131508319914
97,24.48336017176597,26.684111647879764,5.870907139023081,20.30998389694042,5.213365539452496,4.871175523349437,12.124261943102523,0.15432098765432098,0.2885131508319914
98,23.161567364465917,31.95115405260333,5.756843800322061,17.002147074610843,5.159688674181428,4.555823939881911,11.969940955448202,0.15432098765432098,0.2885131508319914
99,22.584541062801932,31.83709071390231,5.709876543209877,14.794685990338165,8.3064949006978,4.502147074610843,11.862587224906065,0.15432098765432098,0.24825550187869028
100,22.79253891572732,31.723027375201287,6.159420289855072,14.506172839506172,8.259527643585615,4.488727858293076,11.668008588298443,0.15432098765432098,0.24825550187869028
101,22.933440687063875,31.682769726247987,6.159420289855072,14.27133655394525,8.232689210950081,4.4820182501341925,11.594202898550725,0.15432098765432098,0.48980139559849706
102,23.07434245840043,31.602254428341386,6.159420289855072,14.264626945786366,8.219269994632313,4.4820182501341925,11.553945249597424,0.15432098765432098,0.48980139559849706
103,23.382984433709073,30.589103596349972,6.837090713902308,14.190821256038648,8.111916264090176,4.4820182501341925,11.761943102522812,0.15432098765432098,0.48980139559849706
104,23.637949543746647,30.461621041331185,6.837090713902308,14.123725174449811,8.09849704777241,4.455179817498658,11.741814278046162,0.15432098765432098,0.48980139559849706
105,23.658078368223297,29.938271604938272,6.293612453032743,15.425389157273216,8.219269994632313,4.455179817498658,11.392914653784219,0.15432098765432098,0.46296296296296297
106,24.188137412775095,29.918142780461622,6.266774020397209,15.203972088030058,8.172302737520129,4.455179817498658,11.178207192699947,0.15432098765432098,0.46296296296296297
107,23.262211486849168,27.89855072463768,9.534353193773484,15.237520128824476,7.977724100912507,4.3545356951154055,11.010466988727858,0.2683843263553409,0.4562533548040794
108,23.329307568438004,27.334943639291467,9.970477724100913,15.11003757380569,7.937466451959206,4.3545356951154055,10.983628556092324,0.2683843263553409,0.7112184648416533
109,23.67149758454106,27.254428341384862,9.930220075147611,15.042941492216855,7.716049382716049,4.3545356951154055,10.95679012345679,0.2616747181964573,0.8118625872249061
110,24.094202898550726,27.093397745571657,9.88996242619431,14.922168545356952,7.689210950080516,4.327697262479871,10.909822866344605,0.2616747181964573,0.8118625872249061
111,24.402844873859365,27.03972088030059,9.849704777241008,14.88191089640365,7.648953301127214,4.327697262479871,10.775630703166936,0.2616747181964573,0.8118625872249061
112,24.651100375738057,26.8317230273752,10.332796564680622,14.452495974235104,7.648953301127214,4.300858829844337,10.7085346215781,0.2616747181964573,0.8118625872249061
113,24.59742351046699,26.308373590982285,9.50751476113795,15.599838969404187,8.09849704777241,4.2203435319377345,10.621309715512615,0.2616747181964573,0.785024154589372
114,24.61755233494364,25.91921631776704,9.359903381642512,15.499194847020934,8.199141170155663,4.918142780461621,10.44015029522276,0.2616747181964573,0.785024154589372
115,24.711486849168008,25.785024154589372,9.494095544820183,15.465646806226516,8.353462157809984,4.85775630703167,10.285829307568438,0.2616747181964573,0.785024154589372
116,23.10789049919485,19.900697799248523,9.75577026301664,24.000268384326354,7.675791733762749,4.609500805152979,9.728931830381105,0.2616747181964573,0.9594739667203436
117,23.470209339774556,19.679280730005367,9.702093397745571,24.000268384326354,7.6556629092860975,4.582662372517445,9.71551261406334,0.2616747181964573,0.9326355340848095
118,23.91304347826087,19.612184648416534,9.608158883521202,23.79898013955985,7.62211486849168,4.542404723564144,9.708803005904455,0.2616747181964573,0.9326355340848095
119,24.134460547504027,19.51825013419216,9.601449275362318,23.678207192699947,7.695920558239399,4.53569511540526,9.648416532474503,0.2616747181964573,0.9259259259259259
120,24.396135265700483,19.47128287707998,9.534353193773484,23.63123993558776,7.669082125603865,4.53569511540526,9.574610842726784,0.2616747181964573,0.9259259259259259
121,24.966451959205582,19.26328502415459,9.440418679549115,23.43666129898014,7.62211486849168,4.53569511540526,9.561191626409018,0.2616747181964573,0.9125067096081588
122,25.315351583467525,19.189479334406872,9.339774557165862,22.940150295222757,7.62211486849168,4.448470209339774,9.534353193773484,0.2616747181964573,1.3486312399355878
123,25.785024154589372,19.155931293612454,9.07139023081052,22.852925389157274,7.595276435856146,4.435050993022007,9.520933977455716,0.2616747181964573,1.3217928073000538
124,26.29495437466452,19.122383252818036,9.024422973698336,22.497316156736446,7.561728395061729,4.414922168545357,9.520933977455716,0.2616747181964573,1.3016639828234031
125,26.33521202361782,19.108964036500268,8.621846484165324,22.450348899624263,7.561728395061729,4.448470209339774,9.50751476113795,0.6642512077294686,1.3016639828234031
126,26.570048309178745,19.068706387546968,8.57487922705314,22.376543209876544,7.561728395061729,4.408212560386473,9.473966720343531,0.6642512077294686,1.3016639828234031
127,26.455984970477726,18.760064412238325,8.702361782071927,23.65136876006441,7.474503488996243,4.186795491143317,8.80300590445518,0.6642512077294686,1.3016639828234031
128,26.52308105206656,18.666129898013956,8.702361782071927,24.56387546967257,7.39398819108964,4.186795491143317,7.997852925389157,0.6642512077294686,1.3016639828234031
129,26.69753086419753,18.572195383789587,8.635265700483092,24.738325281803544,7.387278582930757,4.066022544283414,7.937466451959206,0.6642512077294686,1.3016639828234031
130,26.858561460010737,18.47826086956522,8.601717659688674,24.261943102522814,7.347020933977456,4.488727858293076,8.011272141706923,0.6642512077294686,1.288244766505636
131,27.01959205582394,18.46484165324745,8.548040794417606,24.194847020933977,7.320182501341922,4.488727858293076,8.011272141706923,0.6642512077294686,1.288244766505636
132,27.355072463768117,18.431293612453032,8.447396672034353,24.10762211486849,7.2933440687063875,4.4753086419753085,7.937466451959206,0.6642512077294686,1.288244766505636
133,27.549651100375737,18.411164787976382,8.393719806763285,23.946591519055286,7.266505636070853,4.468599033816425,7.877079978529254,0.6642512077294686,1.4224369296833066
134,27.677133655394524,18.21658615136876,8.373590982286634,23.79898013955985,7.239667203435319,4.750402576489533,7.87037037037037,0.6508319914117016,1.4224369296833066
135,27.831454643048847,18.189747718733226,8.36688137412775,23.70504562533548,7.226247987117552,4.74369296833065,7.863660762211487,0.6508319914117016,1.4224369296833066
136,27.388620504562535,18.115942028985508,8.313204508856682,22.41009125067096,6.541867954911433,4.7168545356951155,10.59447128287708,0.6508319914117016,1.2681159420289856
137,27.509393451422437,18.055555555555557,8.299785292538916,22.363123993558776,6.541867954911433,4.7101449275362315,10.00402576489533,0.6508319914117016,1.865271068169619
138,27.4422973698336,17.54562533548041,9.044551798174986,22.31615673644659,6.488191089640365,4.703435319377348,9.970477724100913,0.6239935587761675,1.865271068169619
139,27.26784755770263,17.12962962962963,9.01100375738057,22.128287707997853,6.260064412238325,4.703435319377348,11.258722490606548,0.6239935587761675,1.6170155662909287
140,27.361782071927,17.10950080515298,8.950617283950617,22.061191626409016,5.743424584004294,5.535426731078905,11.07085346215781,0.6239935587761675,1.5432098765432098
141,27.549651100375737,17.01556629092861,8.68894256575416,21.423778851315085,5.743424584004294,6.246645195920558,11.18491680085883,0.6239935587761675,1.5230810520665594
142,27.375201288244767,16.74718196457327,8.608427267847558,22.054482018250134,5.71658615136876,6.172839506172839,11.178207192699947,0.6239935587761675,1.5230810520665594
143,27.4422973698336,16.71363392377885,8.59500805152979,21.4573268921095,5.71658615136876,6.172839506172839,11.158078368223295,0.6239935587761675,2.120236178207193
144,27.79790660225443,16.525764895330113,8.59500805152979,21.309715512614062,5.689747718733226,6.353998926462695,11.030595813204508,0.6239935587761675,2.073268921095008
145,27.938808373590984,15.821256038647343,8.581588835212024,22.094739667203434,5.689747718733226,6.219806763285024,10.970209339774557,0.6105743424584005,2.073268921095008
146,28.25415995705851,15.74074074074074,8.568169618894256,21.973966720343533,5.683038110574342,6.179549114331723,10.950080515297907,0.6105743424584005,2.0397208803005906
147,28.381642512077295,15.70048309178744,8.53462157809984,21.947128287707997,5.683038110574342,5.998389694041868,11.104401502952227,0.6105743424584005,2.0397208803005906
148,28.650026838432634,15.432098765432098,8.769457863660762,21.792807300053678,5.662909286097692,5.964841653247451,11.077563070316694,0.6105743424584005,2.0397208803005906
149,28.77750939345142,15.33816425120773,8.695652173913043,21.74584004294149,5.548845947396672,6.1929683306494905,11.077563070316694,0.6105743424584005,2.0128824476650564
150,29.025764895330113,15.28448738593666,8.722490606548577,21.712292002147073,5.528717122920021,6.179549114331723,11.037305421363392,0.6105743424584005,1.8988191089640365
151,29.012345679012345,15.183843263553408,8.467525496511003,21.66532474503489,5.394524959742351,6.407675791733762,11.372785829307569,0.5971551261406334,1.8988191089640365
152,29.522275899087493,15.022812667740205,8.407139023081053,21.591519055287172,5.374396135265701,6.3070316693505095,11.292270531400966,0.5971551261406334,1.8853998926462694
153,28.804347826086957,13.727858293075684,8.3064949006978,20.933977455716587,5.374396135265701,5.709876543209877,14.781266774020397,0.5971551261406334,1.7646269457863661
154,28.958668813741276,13.694310252281268,8.266237251744498,20.8870101986044,5.374396135265701,5.709876543209877,14.74771873322598,0.5971551261406334,1.7646269457863661
155,29.24718196457327,13.6808910359635,8.299785292538916,20.73268921095008,5.360976918947934,5.609232420826624,14.734299516908212,0.5703166935050993,1.7646269457863661
156,29.435050993022006,13.580246913580247,8.293075684380032,20.725979602791195,5.360976918947934,5.5756843800322065,14.734299516908212,0.5703166935050993,1.724369296833065
157,29.542404723564143,13.553408480944713,8.293075684380032,20.69243156199678,5.347557702630167,5.5756843800322065,14.714170692431562,0.5703166935050993,1.710950080515298
158,29.622920021470748,13.47289318303811,8.266237251744498,20.44417606011809,5.347557702630167,5.911164787976382,14.680622651637144,0.5703166935050993,1.6841116478797638
159,29.830917874396135,13.365539452495975,8.179012345679013,20.343531937734838,5.233494363929147,6.622383252818035,14.170692431561998,0.5703166935050993,1.6841116478797638
160,29.656468062265162,12.761674718196458,9.185453569511541,20.229468599033815,5.213365539452496,6.595544820182502,14.103596349973161,0.5703166935050993,1.6841116478797638
161,29.87788513150832,12.627482555018787,8.84326355340848,20.135534084809446,5.199946323134729,7.018250134192163,14.04320987654321,0.5703166935050993,1.6841116478797638
162,29.716854535695116,12.607353730542137,8.829844337090714,20.397208803005906,5.199946323134729,6.998121309715513,13.996242619431026,0.5703166935050993,1.6841116478797638
163,30.334138486312398,12.473161567364466,8.735909822866345,20.29656468062265,5.199946323134729,6.910896403650026,13.828502415458937,0.5703166935050993,1.6505636070853462
164,30.434782608695652,12.325550187869029,9.084809447128288,20.12211486849168,5.12614063338701,6.910896403650026,13.774825550187868,0.5703166935050993,1.6505636070853462
165,30.60252281266774,12.211486849168008,9.138486312399356,19.994632313472895,5.072463768115942,6.863929146537842,13.895598497047773,0.5703166935050993,1.6505636070853462
166,30.803811057434245,12.090713902308105,9.104938271604938,19.85373054213634,5.22007514761138,6.857219538378959,13.848631239935587,0.5703166935050993,1.6505636070853462
167,31.15271068169619,12.090713902308105,9.104938271604938,19.786634460547504,5.159688674181428,6.662640901771336,13.821792807300053,0.5703166935050993,1.6505636070853462
168,31.05877616747182,11.902844873859367,8.950617283950617,19.712828770799785,5.0993022007514766,6.635802469135802,14.42565754159957,0.5703166935050993,1.6438539989264627
169,31.266774020397207,11.902844873859367,8.923778851315083,19.45115405260333,5.0993022007514766,6.374127750939345,14.76784755770263,0.5703166935050993,1.6438539989264627
170,31.447933440687063,11.869296833064949,9.044551798174986,19.249865807836823,5.072463768115942,6.340579710144928,14.761137949543746,0.5703166935050993,1.6438539989264627
171,31.32716049382716,11.822329575952764,9.024422973698336,18.760064412238325,5.052334943639291,6.132581857219538,15.666935050993022,0.5703166935050993,1.6438539989264627
172,31.48148148148148,11.802200751476114,8.997584541062801,18.71309715512614,5.052334943639291,6.132581857219538,15.613258185721953,0.5703166935050993,1.6371443907675791
173,31.944444444444443,11.768652710681696,8.829844337090714,18.625872249060656,5.032206119162641,5.891035963499732,15.727321524422974,0.5703166935050993,1.6103059581320451
174,32.078636607622116,11.654589371980677,8.715780998389693,18.592324208266238,4.824208266237251,6.226516371443908,15.727321524422974,0.5703166935050993,1.6103059581320451
175,32.19269994632314,11.560654857756306,8.695652173913043,18.337359098228664,4.898013955984971,6.213097155126141,15.921900161030596,0.5703166935050993,1.6103059581320451
176,32.400697799248526,11.506977992485238,8.601717659688674,18.310520665593128,4.810789049919484,6.320450885668277,15.868223295759528,0.5703166935050993,1.6103059581320451
177,32.648953301127214,11.506977992485238,8.59500805152979,18.19645732689211,4.810789049919484,6.286902844873859,15.801127214170693,0.5703166935050993,1.583467525496511
178,32.950885668276975,11.453301127214171,8.628556092324208,18.02200751476114,4.804079441760601,6.280193236714976,15.727321524422974,0.5703166935050993,1.5633387010198605
179,32.9374664519592,11.379495437466453,8.55475040257649,17.74020397208803,4.696725711218465,6.400966183574879,16.15673644659152,0.5703166935050993,1.5633387010198605
180,33.21256038647343,11.372785829307569,8.541331186258722,17.62614063338701,4.643048845947397,6.360708534621578,16.109769189479334,0.5703166935050993,1.5633387010198605
181,33.28636607622115,11.426462694578637,8.541331186258722,17.579173376274827,4.643048845947397,6.320450885668277,16.069511540526033,0.5703166935050993,1.5633387010198605
182,33.52120236178207,11.366076221148685,8.521202361782072,17.478529253891573,4.636339237788513,6.206387546967257,16.170155662909288,0.5703166935050993,1.5297906602254427
183,33.10520665593129,11.191626409017713,8.514492753623188,18.719806763285025,4.62962962962963,6.179549114331723,15.559581320450885,0.5703166935050993,1.5297906602254427
184,33.380300590445515,11.158078368223295,8.279656468062266,18.666129898013956,4.783950617283951,6.172839506172839,15.485775630703166,0.5434782608695652,1.5297906602254427
185,33.50107353730542,11.124530327428879,8.272946859903382,18.61916264090177,4.783950617283951,6.159420289855072,15.4723564143854,0.5434782608695652,1.5230810520665594
186,33.762748255501876,11.117820719269995,8.272946859903382,18.54535695115405,4.750402576489533,6.112453032742888,15.371712292002147,0.5434782608695652,1.5230810520665594
187,33.93719806763285,11.07085346215781,8.252818035426731,18.531937734836287,4.703435319377348,6.112453032742888,15.324745034889963,0.5434782608695652,1.5230810520665594
188,33.72920021470746,10.72866344605475,8.246108427267847,18.45813204508857,4.17337627482555,5.414653784219001,17.223564143854,0.5434782608695652,1.482823403113258
189,33.9170692431562,10.674986580783683,8.393719806763285,18.19645732689211,4.17337627482555,5.401234567901234,17.236983360171767,0.5434782608695652,1.4626945786366077
190,30.756843800322063,10.359634997316157,7.997852925389157,27.63016639828234,2.7643585614600106,4.408212560386473,14.908749329039184,0.28180354267310787,0.8923778851315083
191,30.803811057434245,10.077831454643048,7.937466451959206,27.522812667740205,3.2742887815351582,4.388083735909823,14.821524422973699,0.28180354267310787,0.8923778851315083
192,31.04535695115405,9.896672034353195,7.897208803005904,27.375201288244767,3.2675791733762747,4.367954911433173,14.97584541062802,0.28180354267310787,0.8923778851315083
193,31.125872249060656,9.634997316156737,7.883789586688137,27.66371443907676,3.240740740740741,4.49543746645196,14.794685990338165,0.28180354267310787,0.8789586688137413
194,31.353998926462694,9.601449275362318,7.7831454643048845,27.549651100375737,3.3279656468062266,4.461889425657541,14.761137949543746,0.28180354267310787,0.8789586688137413
195,31.4345142243693,9.41358024691358,8.440687063875469,27.20746108427268,3.3145464304884595,4.461889425657541,14.586688137412775,0.2616747181964573,0.8789586688137413
196,31.528448738593667,9.292807300053678,8.655394524959743,27.066559312936125,3.3145464304884595,4.455179817498658,14.546430488459475,0.2616747181964573,0.8789586688137413
197,31.830381105743424,9.205582393988191,8.09849704777241,26.596886741814277,3.3145464304884595,4.455179817498658,15.35829307568438,0.2616747181964573,0.8789586688137413
198,31.561996779388085,9.802737520128824,8.07836822329576,26.37546967257112,3.2675791733762747,4.435050993022007,15.210681696188942,0.2616747181964573,1.0064412238325282
199,32.2463768115942,9.749060654857756,7.950885668276973,25.81857219538379,3.2675791733762747,4.5893719806763285,15.123456790123457,0.2616747181964573,0.9930220075147611
200,32.427536231884055,9.708803005904455,7.937466451959206,25.744766505636072,3.2675791733762747,4.5893719806763285,15.069779924852389,0.2616747181964573,0.9930220075147611
201,32.58185721953838,9.708803005904455,7.917337627482555,25.650831991411703,3.2675791733762747,4.488727858293076,15.13016639828234,0.2616747181964573,0.9930220075147611
202,32.50805152979066,9.708803005904455,7.890499194847021,25.77831454643049,3.2675791733762747,4.488727858293076,15.103327965646805,0.2616747181964573,0.9930220075147611
203,32.709339774557165,9.681964573268921,7.883789586688137,25.731347289318304,3.2675791733762747,4.468599033816425,15.002683843263553,0.2616747181964573,0.9930220075147611
204,32.830112721417066,9.66183574879227,7.917337627482555,25.691089640365004,3.2139023081052067,4.441760601180891,14.989264626945786,0.2616747181964573,0.9930220075147611
205,32.6556629092861,9.366612989801396,7.823403113258186,25.013419216317768,3.2139023081052067,4.320987654320987,16.35131508319914,0.2616747181964573,0.9930220075147611
206,32.870370370370374,9.31964573268921,7.7898550724637685,24.88593666129898,3.2139023081052067,4.240472356414386,16.42512077294686,0.2616747181964573,0.9930220075147611
207,32.830112721417066,9.225711218464841,7.769726247987117,25.174449812130973,3.2139023081052067,4.180085882984434,16.411701556629094,0.2616747181964573,0.9326355340848095
208,32.9777241009125,9.192163177670425,7.87037037037037,25.07380568974772,3.1870638754696725,4.119699409554482,16.384863123993558,0.2616747181964573,0.9326355340848095
209,33.20585077831455,9.172034353193773,7.87037037037037,24.9597423510467,3.1333870101986045,4.0995705850778315,16.364734299516908,0.2616747181964573,0.9326355340848095
210,33.63526570048309,9.151905528717123,7.809983896940419,24.852388620504563,3.1065485775630703,4.066022544283414,16.210413311862588,0.2616747181964573,0.9057971014492754
211,33.74932903918411,9.138486312399356,7.803274288781535,24.785292538915726,3.1065485775630703,4.066022544283414,16.183574879227052,0.2616747181964573,0.9057971014492754
212,34.18545356951154,9.138486312399356,7.75630703166935,24.44981213097155,3.1065485775630703,4.019055287171229,16.17686527106817,0.2616747181964573,0.9057971014492754
213,34.306226516371446,9.004294149221685,7.722758990874933,24.14117015566291,3.0327428878153517,4.166666666666667,16.14331723027375,0.2616747181964573,1.221148684916801
214,34.72222222222222,8.930488459473967,7.7831454643048845,23.93317230273752,2.952227589908749,4.119699409554482,16.076221148684915,0.2616747181964573,1.221148684916801
215,34.93022007514761,8.903650026838433,7.7361782071927,23.91304347826087,2.945517981749866,4.119699409554482,15.96886741814278,0.2616747181964573,1.221148684916801
216,35.19189479334407,8.836553945249598,7.716049382716049,23.58427267847558,3.280998389694042,4.1129898013955986,15.942028985507246,0.2616747181964573,1.0735373054213635
217,35.138217928073,8.78287707997853,7.62211486849168,23.362855609232422,3.140096618357488,4.730273752012883,15.888352120236178,0.2616747181964573,1.0735373054213635
218,35.0979602791197,8.68894256575416,7.595276435856146,23.289049919484704,3.140096618357488,4.723564143853999,16.129898013955984,0.2616747181964573,1.0735373054213635
219,35.265700483091784,8.68894256575416,7.521470746108427,22.933440687063875,3.140096618357488,4.938271604938271,16.035963499731615,0.2616747181964573,1.2144390767579174
220,35.42673107890499,8.662104133118627,7.501341921631776,22.758990874932906,3.140096618357488,4.931561996779388,15.868223295759528,0.2549651100375738,1.4559849704777241
221,35.39318303811057,8.662104133118627,7.823403113258186,22.48389694041868,3.44873859366613,4.931561996779388,15.546162104133119,0.2549651100375738,1.4559849704777241
222,35.33279656468062,8.641975308641975,7.803274288781535,22.17525496511004,3.408480944712829,4.864465915190553,16.06280193236715,0.2549651100375738,1.4559849704777241
223,35.43344068706388,8.635265700483092,7.803274288781535,22.007514761137948,3.569511540526033,4.636339237788513,16.203703703703702,0.2549651100375738,1.4559849704777241
224,35.48040794417606,8.279656468062266,7.50805152979066,21.886741814278047,3.5225442834138487,5.475040257648954,16.13660762211487,0.2549651100375738,1.4559849704777241
225,35.35292538915727,8.152173913043478,7.823403113258186,22.04777241009125,3.515834675254965,5.260332796564681,16.150026838432634,0.2549651100375738,1.442565754159957
226,35.587761674718195,8.105206655931294,7.742887815351583,21.87332259796028,3.4688674181427803,5.998389694041868,15.539452495974235,0.24154589371980675,1.442565754159957
227,35.75550187869028,8.091787439613526,7.722758990874933,21.786097691894792,3.455448201825013,5.991680085882985,15.5126140633387,0.24154589371980675,1.442565754159957
228,35.990338164251206,8.091787439613526,7.675791733762749,21.71900161030596,3.455448201825013,5.938003220611916,15.45222758990875,0.24154589371980675,1.4358561460010735
229,36.02388620504563,8.038110574342458,7.628824476650563,21.692163177670423,3.4420289855072466,6.072195383789587,15.425389157273216,0.24154589371980675,1.4358561460010735
230,36.26543209876543,8.024691358024691,7.608695652173913,21.604938271604937,3.4420289855072466,6.031937734836285,15.344873859366613,0.24154589371980675,1.4358561460010735
231,36.58749329039184,8.024691358024691,7.595276435856146,21.4170692431562,3.4420289855072466,5.971551261406334,15.28448738593666,0.24154589371980675,1.4358561460010735
232,36.312399355877616,8.017981749865807,7.561728395061729,21.16881374127751,3.408480944712829,5.971551261406334,15.908480944712828,0.2147074610842727,1.4358561460010735
233,36.252012882447666,7.98443370907139,7.548309178743962,21.70558239398819,3.455448201825013,5.924584004294149,15.479066022544284,0.2147074610842727,1.4358561460010735
234,36.43317230273752,7.977724100912507,7.50805152979066,21.611647879763822,3.435319377348363,5.924584004294149,15.458937198067632,0.2147074610842727,1.4358561460010735
235,36.43317230273752,7.9106280193236715,7.494632313472893,21.484165324745035,3.435319377348363,6.072195383789587,15.143585614600108,0.2147074610842727,1.8115942028985508
236,36.64787976382179,7.877079978529254,7.481213097155126,21.4170692431562,3.4286097691894795,6.018518518518518,15.103327965646805,0.2147074610842727,1.8115942028985508
237,36.741814278046164,7.7831454643048845,7.474503488996243,21.235909822866343,3.4286097691894795,6.219806763285024,15.08990874932904,0.2147074610842727,1.8115942028985508
238,36.95652173913044,7.769726247987117,7.474503488996243,21.121846484165324,3.4151905528717124,6.172839506172839,15.063070316693505,0.2147074610842727,1.8115942028985508
239,37.39935587761675,7.669082125603865,7.434245840042942,21.041331186258724,3.2877079978529253,6.172839506172839,15.002683843263553,0.18115942028985507,1.8115942028985508
240,37.533548040794415,7.648953301127214,7.427536231884058,20.96081588835212,3.2877079978529253,6.172839506172839,15.002683843263553,0.18115942028985507,1.7847557702630166
241,37.98309178743961,7.62211486849168,7.39398819108964,20.28985507246377,3.864734299516908,6.112453032742888,14.97584541062802,0.18115942028985507,1.5767579173376274
242,38.137412775093935,7.62211486849168,7.360440150295223,20.209339774557165,3.8378958668813743,6.105743424584004,15.002683843263553,0.18115942028985507,1.5432098765432098
243,38.26489533011272,7.601986044015029,7.353730542136339,20.189210950080515,4.106280193236715,6.038647342995169,14.720880300590446,0.18115942028985507,1.5432098765432098
244,38.519860440150296,7.514761137949543,7.320182501341922,20.12211486849168,4.092860976918948,6.038647342995169,14.694041867954912,0.18115942028985507,1.5163714439076759
245,38.62721417069243,7.454374664519592,7.27992485238862,20.075147611379496,4.079441760601181,6.179549114331723,14.606816961889425,0.18115942028985507,1.5163714439076759
246,38.506441223832525,7.25979602791197,7.702630166398282,19.732957595276435,4.42163177670424,6.179549114331723,14.512882447665056,0.18115942028985507,1.5029522275899088
247,38.66747181964573,7.253086419753086,7.689210950080516,19.692699946323135,4.42163177670424,6.146001073537305,14.445786366076222,0.18115942028985507,1.5029522275899088
248,38.768115942028984,7.239667203435319,7.689210950080516,19.55179817498658,4.40150295222759,6.139291465378422,14.432367149758454,0.18115942028985507,1.596886741814278
249,39.049919484702095,7.219538378958669,7.689210950080516,19.350509930220074,4.40150295222759,5.998389694041868,14.512882447665056,0.18115942028985507,1.596886741814278
250,39.170692431561996,7.219538378958669,7.6623725174449815,19.32367149758454,4.38137412775094,5.964841653247451,14.49946323134729,0.18115942028985507,1.596886741814278
251,38.707729468599034,7.273215244229737,9.64170692431562,17.85426731078905,4.320987654320987,5.917874396135265,14.620236178207193,0.17444981213097155,1.4895330112721417
252,38.868760064412236,7.266505636070853,9.628287707997853,17.787171229200215,4.30756843800322,5.904455179817498,14.573268921095009,0.17444981213097155,1.4895330112721417
253,38.85534084809447,7.232957595276436,9.541062801932368,18.035426731078903,4.30756843800322,6.031937734836285,14.331723027375201,0.17444981213097155,1.4895330112721417
254,38.808373590982285,7.212828770799785,9.494095544820183,18.00858829844337,4.260601180891036,6.273483628556092,14.298174986580785,0.17444981213097155,1.4694041867954912
