,45,50,55,52,53,51,54,56,59,57,60,58,46
0,98.79227053140097,1.2077294685990339,,,,,,,,,,,
1,97.13499731615674,2.8650026838432634,,,,,,,,,,,
2,92.63955984970478,7.360440150295223,,,,,,,,,,,
3,87.61406333870102,12.245034889962426,0.14090177133655393,,,,,,,,,,
4,85.52737520128825,14.331723027375201,0.14090177133655393,,,,,,,,,,
5,82.76301663982824,15.827965646806227,0.10064412238325282,1.3083735909822867,,,,,,,,,
6,80.20665593129361,18.149490069779926,0.2147074610842727,1.3083735909822867,0.12077294685990338,,,,,,,,
7,78.06629092860977,20.182501341921633,0.2616747181964573,1.3083735909822867,0.12077294685990338,0.06038647342995169,,,,,,,
8,74.57058507783145,23.678207192699947,0.2616747181964573,1.3083735909822867,0.12077294685990338,0.06038647342995169,,,,,,,
9,73.87949543746645,24.36929683306495,0.2616747181964573,1.3083735909822867,0.12077294685990338,0.06038647342995169,,,,,,,
10,73.5373054213634,24.65780998389694,0.3153515834675255,1.3083735909822867,0.12077294685990338,0.06038647342995169,,,,,,,
11,66.96188942565755,31.233225979602793,0.3153515834675255,1.3083735909822867,0.12077294685990338,0.06038647342995169,,,,,,,
12,64.40552871712292,33.78958668813741,0.3153515834675255,1.3083735909822867,0.12077294685990338,0.06038647342995169,,,,,,,
13,64.15056360708535,33.803005904455176,0.46967257112184646,1.3955984970477724,0.12077294685990338,0.06038647342995169,,,,,,,
14,63.821792807300056,34.15190552871712,0.46967257112184646,1.3955984970477724,0.12077294685990338,0.040257648953301126,,,,,,,
15,63.848631239935585,34.09822866344606,0.49651100375738055,1.3955984970477724,0.12077294685990338,0.040257648953301126,,,,,,,
16,49.503488996242616,44.65915190552872,0.5166398282340311,1.3955984970477724,0.14090177133655393,3.743961352657005,0.040257648953301126,,,,,,
17,49.543746645195924,44.49141170155663,0.5770263016639828,1.3955984970477724,0.20799785292538917,3.743961352657005,0.040257648953301126,,,,,,
18,49.63768115942029,44.26999463231347,0.7045088566827697,1.3687600644122384,0.20799785292538917,3.743961352657005,0.040257648953301126,0.026838432635534086,,,,,
19,49.55716586151369,44.236446591519055,0.8185721953837896,1.3687600644122384,0.20799785292538917,3.743961352657005,0.040257648953301126,0.026838432635534086,,,,,
20,25.37573805689748,69.44444444444444,0.6642512077294686,1.3687600644122384,0.23483628556092323,2.737520128824477,0.14761137949543746,0.026838432635534086,,,,,
21,25.221417069243156,67.92136339237788,0.8118625872249061,2.6301663982823404,0.36231884057971014,2.100107353730542,0.9259259259259259,0.026838432635534086,,,,,
22,24.953032742887814,65.45222758990874,1.3486312399355878,2.6167471819645733,2.6435856146001075,2.033011272141707,0.9259259259259259,0.026838432635534086,,,,,
23,24.9597423510467,64.7410091250671,1.6639828234031133,2.6167471819645733,2.6435856146001075,2.033011272141707,1.3150831991411702,0.026838432635534086,,,,,
24,25.13419216317767,64.34514224369296,1.8853998926462694,2.636876006441224,2.623456790123457,2.033011272141707,1.3150831991411702,0.026838432635534086,,,,,
25,22.75228126677402,65.96886741814278,1.9793344068706387,2.636876006441224,2.5831991411701556,2.033011272141707,2.01959205582394,0.026838432635534086,,,,,
26,22.571121846484164,63.459473966720346,4.274020397208803,2.623456790123457,2.5831991411701556,2.442297369833602,2.01959205582394,0.026838432635534086,,,,,
27,22.65163714439077,63.197799248523886,4.461889425657541,2.623456790123457,2.576489533011272,2.442297369833602,2.01959205582394,0.026838432635534086,,,,,
28,22.7187332259796,62.553676865271065,5.038915727321524,2.623456790123457,2.576489533011272,2.442297369833602,2.01959205582394,0.026838432635534086,,,,,
29,22.69189479334407,61.72839506172839,5.877616747181965,2.623456790123457,2.576489533011272,2.3483628556092326,2.1135265700483092,0.026838432635534086,0.013419216317767043,,,,
30,22.7187332259796,61.48684916800859,6.105743424584004,2.623456790123457,2.576489533011272,2.3483628556092326,2.100107353730542,0.026838432635534086,0.013419216317767043,,,,
31,17.042404723564143,67.512077294686,5.931293612453032,2.522812667740204,1.4626945786366077,3.2675791733762747,2.1604938271604937,0.06038647342995169,0.013419216317767043,0.026838432635534086,,,
32,17.143048845947398,66.92163177670425,6.4345142243692965,2.522812667740204,1.4626945786366077,3.2541599570585076,2.1604938271604937,0.06038647342995169,0.013419216317767043,0.026838432635534086,,,
33,14.915458937198068,64.60010735373054,6.407675791733762,1.133923778851315,4.341116478797638,6.4412238325281805,2.100107353730542,0.020128824476650563,0.013419216317767043,0.026838432635534086,,,
34,15.03623188405797,63.53327965646806,6.367418142780462,1.133923778851315,3.6500268384326353,8.09849704777241,2.120236178207193,0.020128824476650563,0.013419216317767043,0.026838432635534086,,,
35,14.955716586151368,61.30568974771873,6.501610305958132,1.133923778851315,5.595813204508857,8.09849704777241,2.3483628556092326,0.020128824476650563,0.013419216317767043,0.026838432635534086,,,
36,15.103327965646805,60.990338164251206,6.66935050993022,1.133923778851315,5.5689747718733225,7.96430488459474,2.3483628556092326,0.15432098765432098,0.040257648953301126,0.026838432635534086,,,
37,14.962426194310252,60.31266774020397,6.662640901771336,1.133923778851315,6.280193236714976,8.085077831454644,2.341653247450349,0.15432098765432098,0.040257648953301126,0.026838432635534086,,,
38,15.01610305958132,59.366612989801396,6.474771873322598,1.133923778851315,7.246376811594203,8.071658615136876,2.341653247450349,0.15432098765432098,0.040257648953301126,0.026838432635534086,0.1274825550187869,,
39,15.083199141170155,58.89694041867955,6.977992485238862,1.1607622114868492,7.105475040257649,8.091787439613526,2.3349436392914655,0.15432098765432098,0.040257648953301126,0.026838432635534086,0.1274825550187869,,
40,15.210681696188942,58.74932903918411,7.004830917874396,1.1607622114868492,7.125603864734299,8.044820182501342,2.328234031132582,0.15432098765432098,0.040257648953301126,0.05367686527106817,0.1274825550187869,,
41,12.432903918411165,56.655931293612454,6.9310252281266775,0.11406333870101985,4.119699409554482,17.411433172302736,1.9592055823939882,0.15432098765432098,0.040257648953301126,0.05367686527106817,0.1274825550187869,,
42,12.4597423510467,56.05877616747182,7.320182501341922,0.11406333870101985,4.045893719806763,17.344337090713903,2.086688137412775,0.3488996242619431,0.040257648953301126,0.05367686527106817,0.1274825550187869,,
43,12.493290391841116,55.763553408480945,7.568438003220612,0.11406333870101985,4.025764895330113,17.344337090713903,2.086688137412775,0.3488996242619431,0.040257648953301126,0.05367686527106817,0.1274825550187869,0.03354804079441761,
44,12.47987117552335,55.81723027375201,7.5348899624261945,0.11406333870101985,4.019055287171229,17.344337090713903,2.086688137412775,0.3488996242619431,0.040257648953301126,0.05367686527106817,0.1274825550187869,0.03354804079441761,
45,12.513419216317766,55.401234567901234,7.944176060118089,0.11406333870101985,4.019055287171229,17.2638217928073,2.086688137412775,0.4025764895330113,0.040257648953301126,0.05367686527106817,0.1274825550187869,0.03354804079441761,
46,10.36634460547504,62.52012882447665,7.722758990874933,0.0939345142243693,7.776435856146001,8.76274825550188,1.9592055823939882,0.47638217928073,0.040257648953301126,0.05367686527106817,0.1274825550187869,0.10064412238325282,
47,8.923778851315083,63.63392377885131,7.830112721417069,0.026838432635534086,7.763016639828234,7.575147611379496,3.4151905528717124,0.47638217928073,0.07380568974771873,0.05367686527106817,0.1274825550187869,0.10064412238325282,
48,8.910359634997317,61.922973698336016,7.917337627482555,0.026838432635534086,7.7361782071927,7.541599570585078,5.112721417069243,0.47638217928073,0.07380568974771873,0.05367686527106817,0.1274825550187869,0.10064412238325282,
49,9.05126140633387,60.587761674718195,7.481213097155126,0.10064412238325282,9.31964573268921,7.514761137949543,5.112721417069243,0.47638217928073,0.07380568974771873,0.05367686527106817,0.1274825550187869,0.10064412238325282,
50,9.25925925925926,59.97047772410091,7.742887815351583,0.07380568974771873,9.406870638754697,7.48792270531401,5.166398282340311,0.5032206119162641,0.10735373054213634,0.05367686527106817,0.1274825550187869,0.10064412238325282,
51,9.118357487922705,51.308373590982285,7.950885668276973,0.07380568974771873,18.679549114331724,6.937734836285561,5.092592592592593,0.47638217928073,0.10735373054213634,0.026838432635534086,0.1274825550187869,0.10064412238325282,
52,9.198872785829307,51.1808910359635,8.004562533548041,0.07380568974771873,18.65271068169619,6.528448738593666,5.381105743424584,0.5971551261406334,0.10735373054213634,0.026838432635534086,0.1274825550187869,0.12077294685990338,
53,9.178743961352657,50.95276435856146,8.11862587224906,0.13419216317767044,18.46484165324745,6.394256575415996,5.58239398819109,0.5971551261406334,0.10735373054213634,0.17444981213097155,0.1274825550187869,0.16774020397208803,
54,9.219001610305957,50.68438003220612,8.360171765968868,0.13419216317767044,18.451422436929683,6.394256575415996,5.58239398819109,0.5971551261406334,0.10735373054213634,0.17444981213097155,0.1274825550187869,0.16774020397208803,
55,9.104938271604938,46.85319377348363,8.038110574342458,12.110842726784755,10.768921095008052,6.367418142780462,5.542136339237788,0.5971551261406334,0.0939345142243693,0.2616747181964573,0.1274825550187869,0.13419216317767044,
56,9.151905528717123,46.79951690821256,7.971014492753623,12.00348899624262,10.742082662372518,6.3137412775093935,5.629361245303274,0.6642512077294686,0.0939345142243693,0.3421900161030596,0.1274825550187869,0.1610305958132045,
57,9.05126140633387,45.55823939881911,8.071658615136876,12.00348899624262,11.694847020933977,6.3137412775093935,5.629361245303274,0.6642512077294686,0.0939345142243693,0.4428341384863124,0.1274825550187869,0.3488996242619431,
58,9.07139023081052,45.45759527643585,8.031400966183575,11.862587224906065,11.694847020933977,6.226516371443908,5.689747718733226,0.7716049382716049,0.0939345142243693,0.5837359098228664,0.16774020397208803,0.3488996242619431,
59,8.99087493290392,44.7866344605475,6.3137412775093935,12.010198604401502,14.257917337627482,6.226516371443908,5.676328502415459,0.6172839506172839,0.0939345142243693,0.5703166935050993,0.040257648953301126,0.41599570585077833,
60,9.024422973698336,44.57192699946323,6.340579710144928,12.010198604401502,15.049651100375739,5.589103596349974,5.676328502415459,0.6172839506172839,0.0939345142243693,0.5703166935050993,0.040257648953301126,0.41599570585077833,
61,9.078099838969404,43.70638754696726,6.1929683306494905,11.211755233494364,16.190284487385938,5.501878690284487,5.58239398819109,0.6977992485238862,0.0939345142243693,1.2949543746645196,,0.41599570585077833,0.03354804079441761
62,7.863660762211487,39.68733225979603,6.031937734836285,11.171497584541063,14.298174986580785,13.372249060654857,4.723564143853999,0.6709608158883521,0.08051529790660225,1.724369296833065,,0.3421900161030596,0.03354804079441761
63,7.239667203435319,37.70799785292539,6.038647342995169,11.117820719269995,14.197530864197532,13.311862587224907,7.4006977992485234,0.6709608158883521,0.08051529790660225,1.7646269457863661,,0.43612453032742887,0.03354804079441761
64,7.219538378958669,36.32581857219538,6.112453032742888,14.023081052066559,13.747987117552334,12.882447665056361,6.521739130434782,0.6709608158883521,0.08051529790660225,1.8451422436929683,,0.5367686527106817,0.03354804079441761
65,7.326892109500805,36.14465915190553,6.038647342995169,13.982823403113258,13.801663982823403,12.842190016103059,6.66935050993022,0.6709608158883521,0.08051529790660225,1.8451422436929683,,0.5636070853462157,0.03354804079441761
66,7.347020933977456,35.93666129898014,6.528448738593666,14.673913043478262,13.077026301663983,12.560386473429952,6.649221685453569,0.7514761137949544,0.08051529790660225,1.8317230273752012,,0.5300590445517982,0.03354804079441761
67,7.320182501341922,35.12479871175523,7.541599570585078,14.65378421900161,13.056897477187333,12.412775093934513,6.629092860976919,0.8655394524959742,0.08051529790660225,1.8317230273752012,,0.4495437466451959,0.03354804079441761
68,7.320182501341922,33.8768115942029,7.185990338164252,18.297101449275363,11.29898013955985,12.305421363392378,6.615673644659152,0.8655394524959742,0.08051529790660225,1.724369296833065,,0.39586688137412773,0.03354804079441761
69,7.454374664519592,33.63526570048309,7.333601717659689,18.149490069779926,11.29898013955985,12.298711755233494,6.615673644659152,0.8655394524959742,0.08051529790660225,1.724369296833065,,0.5099302200751477,0.03354804079441761
70,7.48792270531401,33.621846484165324,7.300053676865271,17.96833064949007,11.252012882447666,12.224906065485776,6.655931293612453,0.9326355340848095,0.08051529790660225,1.8853998926462694,,0.5568974771873323,0.03354804079441761
71,7.588566827697263,33.299785292538914,7.548309178743962,17.96833064949007,11.16478797638218,12.070585077831455,6.756575415995706,0.9594739667203436,0.08051529790660225,1.8853998926462694,,0.644122383252818,0.03354804079441761
72,7.628824476650563,33.111916264090176,7.7361782071927,17.94820182501342,11.137949543746645,11.976650563607086,6.870638754696726,0.9594739667203436,0.08051529790660225,1.8719806763285025,,0.644122383252818,0.03354804079441761
73,7.588566827697263,33.1454643048846,7.75630703166935,17.70665593129361,11.131239935587761,11.976650563607086,7.024959742351046,0.966183574879227,0.08051529790660225,1.9457863660762211,,0.644122383252818,0.03354804079441761
74,7.481213097155126,29.97181964573269,7.742887815351583,24.013687600644122,8.420558239398819,11.976650563607086,6.810252281266774,0.9594739667203436,0.08051529790660225,2.01959205582394,,0.48980139559849706,0.03354804079441761
75,7.548309178743962,29.898013955984972,7.9039184111647875,23.812399355877616,8.387010198604402,11.855877616747183,6.89747718733226,0.9594739667203436,0.08051529790660225,2.13365539452496,,0.48980139559849706,0.03354804079441761
76,7.588566827697263,29.931561996779386,7.9039184111647875,23.772141706924316,8.387010198604402,11.808910359634996,6.863929146537842,0.9594739667203436,0.08051529790660225,2.147074610842727,0.03354804079441761,0.48980139559849706,0.03354804079441761
77,7.648953301127214,29.622920021470748,8.05823939881911,23.691626409017715,7.843531937734836,12.432903918411165,6.863929146537842,1.093666129898014,0.08051529790660225,2.100107353730542,0.03354804079441761,0.49651100375738055,0.03354804079441761
78,7.769726247987117,29.57595276435856,8.105206655931294,23.443370907139023,8.950617283950617,11.238593666129898,6.850509930220075,1.093666129898014,0.08051529790660225,2.328234031132582,0.03354804079441761,0.49651100375738055,0.03354804079441761
79,7.803274288781535,28.931830381105744,8.031400966183575,23.483628556092324,9.145195920558239,11.16478797638218,7.159151905528717,1.1876006441223832,0.08051529790660225,2.4490069779924855,0.03354804079441761,0.49651100375738055,0.03354804079441761
80,7.863660762211487,28.884863123993558,8.05823939881911,23.26892109500805,9.078099838969404,11.117820719269995,7.159151905528717,1.2748255501878691,0.08051529790660225,2.5966183574879227,0.03354804079441761,0.5501878690284487,0.03354804079441761
81,7.971014492753623,28.743961352657006,8.353462157809984,23.21524422973698,9.05126140633387,10.93666129898014,7.159151905528717,1.2748255501878691,0.08051529790660225,2.5966183574879227,0.03354804079441761,0.5501878690284487,0.03354804079441761
82,7.50805152979066,32.038378958668815,7.742887815351583,23.00053676865271,8.635265700483092,10.889694041867955,5.58239398819109,1.2412775093934514,0.04696725711218465,2.536231884057971,0.03354804079441761,0.7112184648416533,0.03354804079441761
83,7.461084272678476,31.146001073537306,8.61513687600644,22.63150831991412,8.568169618894256,10.876274825550189,5.736714975845411,1.3150831991411702,0.04696725711218465,2.8650026838432634,0.03354804079441761,0.6709608158883521,0.03354804079441761
84,7.5281803542673105,30.938003220611915,8.635265700483092,21.531132581857218,10.0979602791197,10.836017176596886,5.730005367686527,1.2278582930756843,0.04696725711218465,2.7643585614600106,0.03354804079441761,0.5971551261406334,0.03354804079441761
85,7.14573268921095,29.71014492753623,8.601717659688674,21.390230810520666,9.930220075147611,11.560654857756306,6.850509930220075,1.2278582930756843,0.04696725711218465,2.871712292002147,0.03354804079441761,0.5971551261406334,0.03354804079441761
86,6.629092860976919,25.006709608158882,7.729468599033816,17.52549651100376,8.501073537305421,24.27536231884058,6.535158346752549,0.8521202361782072,0.07380568974771873,2.2410091250670963,0.03354804079441761,0.5636070853462157,0.03354804079441761
87,6.380837359098229,24.46323134728932,7.722758990874933,18.189747718733226,8.340042941492216,24.268652710681696,6.649221685453569,0.8856682769726248,0.07380568974771873,2.395330112721417,0.03354804079441761,0.5636070853462157,0.03354804079441761
88,6.427804616210413,23.805689747718734,7.64224369296833,18.209876543209877,9.078099838969404,24.22168545356951,6.649221685453569,0.8655394524959742,0.07380568974771873,2.395330112721417,0.03354804079441761,0.5636070853462157,0.03354804079441761
89,6.427804616210413,23.62453032742888,6.716317767042405,18.136070853462158,11.245303274288782,23.564143853998928,6.515029522275899,0.8387010198604401,0.07380568974771873,2.301395598497048,0.03354804079441761,0.48980139559849706,0.03354804079441761
90,6.622383252818035,23.49704777241009,6.850509930220075,18.075684380032207,11.218464841653248,23.396403650026837,6.488191089640365,0.8923778851315083,0.07380568974771873,2.301395598497048,0.03354804079441761,0.5166398282340311,0.03354804079441761
91,6.595544820182502,23.49704777241009,6.850509930220075,17.995169082125603,11.218464841653248,23.141438539989263,6.474771873322598,1.1473429951690821,0.07380568974771873,2.4221685453569513,0.03354804079441761,0.5166398282340311,0.03354804079441761
92,6.622383252818035,23.396403650026837,6.951154052603328,17.954911433172303,11.218464841653248,23.09447128287708,6.3137412775093935,1.1808910359634996,0.07380568974771873,2.462426194310252,0.03354804079441761,0.6642512077294686,0.03354804079441761
93,6.796833064949007,23.336017176596886,6.870638754696726,17.881105743424584,11.285560923242082,23.040794417606012,6.3137412775093935,1.2077294685990339,0.07380568974771873,2.462426194310252,0.03354804079441761,0.6642512077294686,0.03354804079441761
94,6.830381105743425,21.578099838969404,6.629092860976919,16.867954911433173,10.762211486849168,26.50295222758991,6.286902844873859,1.2345679012345678,0.07380568974771873,2.5026838432635534,0.03354804079441761,0.6642512077294686,0.03354804079441761
95,6.91760601180891,21.544551798174986,6.649221685453569,16.841116478797638,10.762211486849168,26.362050456253353,6.233225979602791,1.3620504562533549,0.10064412238325282,2.49597423510467,0.03354804079441761,0.6642512077294686,0.03354804079441761
96,6.816961889425658,21.584809447128286,6.823671497584541,16.820987654320987,10.762211486849168,26.113794954374665,6.219806763285024,1.5432098765432098,0.10064412238325282,2.4825550187869028,0.03354804079441761,0.6642512077294686,0.03354804079441761
97,6.890767579173376,21.557971014492754,6.756575415995706,16.794149221685455,10.762211486849168,26.073537305421365,6.219806763285024,1.5432098765432098,0.10064412238325282,2.509393451422437,0.03354804079441761,0.7246376811594203,0.03354804079441761
98,6.991411701556629,21.531132581857218,6.729736983360172,16.70692431561997,10.628019323671497,25.925925925925927,6.206387546967257,1.6841116478797638,0.10064412238325282,2.703972088030059,0.03354804079441761,0.7246376811594203,0.03354804079441761
99,7.018250134192163,21.39694041867955,6.863929146537842,16.552603327965645,10.601180891035963,25.805152979066023,6.206387546967257,1.778046162104133,0.10064412238325282,2.85829307568438,0.03354804079441761,0.7514761137949544,0.03354804079441761
100,7.159151905528717,21.296296296296298,6.863929146537842,16.42512077294686,10.554213633923778,25.764895330112722,6.293612453032743,1.7713365539452497,0.10064412238325282,2.952227589908749,0.03354804079441761,0.7514761137949544,0.03354804079441761
101,7.1658615136876005,21.289586688137412,6.984702093397746,16.223832528180353,10.379763821792807,25.617283950617285,6.320450885668277,2.0128824476650564,0.10064412238325282,2.999194847020934,0.03354804079441761,0.8387010198604401,0.03354804079441761
102,7.192699946323135,21.135265700483092,7.749597423510467,16.223832528180353,10.305958132045088,24.94632313472893,6.340579710144928,2.0128824476650564,0.10064412238325282,3.026033279656468,0.03354804079441761,0.8990874932903918,0.03354804079441761
103,7.118894256575416,20.88030059044552,7.709339774557166,16.74718196457327,10.305958132045088,24.892646269457863,6.273483628556092,1.9793344068706387,0.10064412238325282,3.026033279656468,0.03354804079441761,0.8990874932903918,0.03354804079441761
104,7.011540526033279,19.746376811594203,7.7898550724637685,19.618894256575416,8.970746108427267,24.832259796027913,5.9514224369296835,2.1135265700483092,0.08722490606548577,2.999194847020934,0.03354804079441761,0.8118625872249061,0.03354804079441761
105,7.03166935050993,19.639023081052066,7.823403113258186,19.370638754696724,8.970746108427267,24.704777241009126,5.924584004294149,2.368491680085883,0.11406333870101985,3.1333870101986045,0.03354804079441761,0.8521202361782072,0.03354804079441761
106,7.085346215780999,19.585346215780998,7.702630166398282,19.310252281266774,8.930488459473967,24.67793880837359,6.152710681696189,2.3550724637681157,0.11406333870101985,3.166935050993022,0.03354804079441761,0.8521202361782072,0.03354804079441761
107,7.226247987117552,19.390767579173378,7.830112721417069,19.276704240472355,8.910359634997317,24.62426194310252,6.139291465378422,2.38191089640365,0.11406333870101985,3.166935050993022,0.03354804079441761,0.8722490606548577,0.03354804079441761
108,7.326892109500805,19.384057971014492,7.823403113258186,19.249865807836823,8.910359634997317,24.59742351046699,6.125872249060655,2.38191089640365,0.11406333870101985,3.1535158346752548,0.03354804079441761,0.8655394524959742,0.03354804079441761
109,7.273215244229737,19.370638754696724,7.729468599033816,19.766505636070853,8.896940418679549,24.57729468599034,6.125872249060655,2.4892646269457863,0.1274825550187869,2.7442297369833604,0.03354804079441761,0.8655394524959742,
110,7.273215244229737,19.370638754696724,7.85024154589372,19.766505636070853,8.93719806763285,24.4296833064949,6.159420289855072,2.4892646269457863,0.1274825550187869,2.7308105206655933,,0.8655394524959742,
111,7.105475040257649,17.498658078368223,9.024422973698336,18.632581857219538,11.714975845410628,24.154589371980677,5.891035963499732,2.623456790123457,0.11406333870101985,2.368491680085883,,0.8722490606548577,
112,7.14573268921095,17.398013955984972,9.004294149221685,18.632581857219538,11.594202898550725,24.12775093934514,5.884326355340848,2.623456790123457,0.23483628556092323,2.4825550187869028,,0.8722490606548577,
113,7.199409554482019,17.324208266237253,9.091519055287172,18.625872249060656,11.647879763821793,24.10091250670961,5.877616747181965,2.6033279656468062,0.23483628556092323,2.4221685453569513,,0.8722490606548577,
114,7.347020933977456,17.270531400966185,9.131776704240472,18.605743424584006,11.634460547504025,23.98684916800859,5.850778314546431,2.6637144390767578,0.23483628556092323,2.408749329039184,,0.8655394524959742,
115,7.1725711218464845,16.894793344068706,9.192163177670425,19.202898550724637,11.513687600644122,23.98684916800859,5.850778314546431,2.6637144390767578,0.23483628556092323,2.408749329039184,0.013419216317767043,0.8655394524959742,
116,7.206119162640902,16.894793344068706,9.192163177670425,19.162640901771336,11.513687600644122,23.946591519055286,5.884326355340848,2.636876006441224,0.23483628556092323,2.4490069779924855,0.013419216317767043,0.8655394524959742,
117,6.206387546967257,14.465915190552872,8.507783145464305,17.767042404723565,10.265700483091788,31.414385399892645,5.22007514761138,2.677133655394525,0.23483628556092323,2.4154589371980677,0.013419216317767043,0.8118625872249061,
118,6.380837359098229,14.338432635534085,8.487654320987655,17.693236714975846,10.205314009661835,31.374127750939344,5.233494363929147,2.677133655394525,0.23483628556092323,2.4825550187869028,0.013419216317767043,0.8789586688137413,
119,6.367418142780462,14.150563607085346,8.319914117015566,18.04213633923779,10.178475577026301,31.00509930220075,5.35426731078905,2.952227589908749,0.23483628556092323,2.5026838432635534,0.013419216317767043,0.8789586688137413,
120,6.501610305958132,14.11701556629093,8.205850778314547,17.8743961352657,10.279119699409554,30.730005367686527,5.495169082125604,3.0595813204508855,0.20799785292538917,2.636876006441224,0.013419216317767043,0.8789586688137413,
121,6.515029522275899,13.969404186795492,8.3064949006978,17.807300053676865,10.279119699409554,30.743424584004295,5.488459473966721,3.1065485775630703,0.20799785292538917,2.6838432635534084,0.013419216317767043,0.8789586688137413,
122,6.521739130434782,13.942565754159958,8.896940418679549,17.74020397208803,10.258990874932904,30.03220611916264,5.448201825013419,3.307836822329576,0.20799785292538917,2.7509393451422435,0.013419216317767043,0.8789586688137413,
123,6.776704240472356,13.7211486849168,8.943907675791733,17.733494363929147,10.359634997316157,29.99194847020934,5.320719269994632,3.3011272141706924,0.20799785292538917,2.7509393451422435,0.013419216317767043,0.8789586688137413,
124,6.635802469135802,13.6406333870102,8.977455716586151,16.55931293612453,14.922168545356952,27.334943639291467,5.10601180891036,2.9723564143853998,0.20799785292538917,2.6838432635534084,0.013419216317767043,0.9460547504025765,
125,6.642512077294686,13.6406333870102,9.614868491680086,16.23054213633924,14.801395598497047,27.079978529253893,5.10601180891036,3.166935050993022,0.20799785292538917,2.5496511003757383,0.013419216317767043,0.9460547504025765,
126,6.662640901771336,13.627214170692431,9.66183574879227,16.23054213633924,14.801395598497047,26.818303811057433,5.307300053676865,3.2004830917874396,0.20799785292538917,2.5496511003757383,0.013419216317767043,0.9192163177670424,
127,6.340579710144928,13.747987117552334,8.816425120772946,16.19699409554482,14.331723027375201,28.529253891572733,5.407944176060118,3.0730005367686526,0.20799785292538917,2.4154589371980677,0.013419216317767043,0.9192163177670424,
128,6.380837359098229,13.734567901234568,8.816425120772946,16.170155662909288,14.331723027375201,28.529253891572733,5.407944176060118,3.0730005367686526,0.20799785292538917,2.4154589371980677,0.013419216317767043,0.9192163177670424,
129,6.427804616210413,13.687600644122384,8.849973161567364,16.150026838432634,14.2914653784219,28.495705850778315,5.407944176060118,3.1065485775630703,0.20799785292538917,2.408749329039184,0.013419216317767043,0.95276435856146,
130,6.447933440687064,13.654052603327965,8.943907675791733,16.069511540526033,14.304884594739667,28.25415995705851,5.387815351583468,3.294417606011809,0.20799785292538917,2.4691358024691357,0.013419216317767043,0.95276435856146,
131,6.649221685453569,13.526570048309178,9.064680622651638,15.96886741814278,14.237788513150832,28.046162104133117,5.387815351583468,3.4286097691894795,0.20799785292538917,2.4557165861513686,0.013419216317767043,1.0131508319914118,
132,6.655931293612453,13.493022007514762,8.910359634997317,15.915190552871712,14.465915190552872,27.87842190016103,5.280461621041331,3.556092324208266,0.20799785292538917,2.5161030595813205,0.013419216317767043,1.107085346215781,
133,6.689479334406871,13.419216317767042,8.950617283950617,15.901771336553946,14.593397745571659,27.730810520665592,5.193236714975845,3.6768652710681695,0.20799785292538917,2.5161030595813205,0.013419216317767043,1.107085346215781,
134,6.790123456790123,13.419216317767042,8.984165324745035,15.901771336553946,14.593397745571659,27.542941492216855,5.193236714975845,3.730542136339238,0.20799785292538917,2.5161030595813205,0.013419216317767043,1.107085346215781,
135,6.837090713902308,13.231347289318304,9.272678475577026,15.72061191626409,15.076489533011273,27.4020397208803,4.891304347826087,3.7238325281803544,0.20799785292538917,2.5161030595813205,0.013419216317767043,1.107085346215781,
136,6.89747718733226,13.123993558776167,9.339774557165862,15.573000536768653,15.042941492216855,27.395330112721417,5.005367686527107,3.7573805689747717,0.20799785292538917,2.536231884057971,0.013419216317767043,1.107085346215781,
137,6.89747718733226,13.097155126140633,9.312936124530328,15.573000536768653,14.969135802469136,27.395330112721417,5.032206119162641,3.7573805689747717,0.20799785292538917,2.563070316693505,0.013419216317767043,1.1808910359634996,
138,6.9310252281266775,13.01663982823403,9.460547504025765,15.526033279656469,14.922168545356952,27.17391304347826,5.119431025228127,3.8915727321524423,0.20799785292538917,2.5563607085346214,0.013419216317767043,1.1808910359634996,
139,7.024959742351046,13.003220611916264,9.64170692431562,15.5126140633387,14.875201288244767,26.92565754159957,5.0993022007514766,3.92512077294686,0.20799785292538917,2.5563607085346214,0.013419216317767043,1.2144390767579174,
140,7.011540526033279,12.654320987654321,8.984165324745035,15.324745034889963,14.828234031132581,26.88539989264627,6.360708534621578,3.9989264626945786,0.11406333870101985,2.6301663982823404,0.013419216317767043,1.1943102522812667,
141,7.051798174986581,12.614063338701019,8.964036500268385,15.324745034889963,14.828234031132581,26.8719806763285,6.360708534621578,3.9989264626945786,0.14761137949543746,2.6301663982823404,0.013419216317767043,1.1943102522812667,
142,6.991411701556629,12.560386473429952,9.01100375738057,15.277777777777779,14.895330112721417,26.8719806763285,6.360708534621578,3.9989264626945786,0.14761137949543746,2.677133655394525,0.013419216317767043,1.1943102522812667,
143,7.0383789586688135,12.560386473429952,8.984165324745035,15.277777777777779,14.875201288244767,26.818303811057433,6.360708534621578,4.05931293612453,0.14761137949543746,2.677133655394525,0.013419216317767043,1.1876006441223832,
144,7.092055823939882,12.546967257112184,8.930488459473967,15.250939345142244,14.774557165861514,25.49651100375738,6.347289318303811,5.508588298443371,0.14761137949543746,2.703972088030059,0.013419216317767043,1.1876006441223832,
145,7.118894256575416,12.453032742887816,9.104938271604938,15.210681696188942,14.74771873322598,25.275093934514224,6.347289318303811,5.662909286097692,0.14761137949543746,2.703972088030059,0.013419216317767043,1.2144390767579174,
146,7.092055823939882,12.453032742887816,9.104938271604938,15.197262479871176,14.694041867954912,25.167740203972087,6.374127750939345,5.797101449275362,0.13419216317767044,2.703972088030059,0.013419216317767043,1.2681159420289856,
147,7.098765432098766,12.412775093934513,9.145195920558239,15.190552871712292,14.694041867954912,25.161030595813205,6.394256575415996,5.776972624798712,0.13419216317767044,2.7106816961889426,0.013419216317767043,1.2681159420289856,
148,7.132313472893183,12.399355877616747,9.185453569511541,15.150295222758992,14.65378421900161,24.168008588298445,6.374127750939345,6.743156199677939,0.13419216317767044,2.7106816961889426,0.013419216317767043,1.3352120236178207,
149,7.192699946323135,12.27187332259796,9.219001610305957,15.143585614600108,14.620236178207193,24.040526033279658,6.468062265163715,6.850509930220075,0.13419216317767044,2.7106816961889426,0.013419216317767043,1.3352120236178207,
150,7.380568974771873,12.177938808373591,9.252549651100376,15.143585614600108,14.546430488459475,24.02710681696189,6.414385399892646,6.830381105743425,0.13419216317767044,2.7106816961889426,0.013419216317767043,1.3687600644122384,
151,7.192699946323135,11.889425657541599,9.5276435856146,13.077026301663983,13.747987117552334,28.14009661835749,5.938003220611916,6.635802469135802,0.13419216317767044,2.522812667740204,0.013419216317767043,1.1808910359634996,
152,6.769994632313473,11.211755233494364,9.078099838969404,11.312399355877616,12.822061191626409,33.380300590445515,5.689747718733226,6.515029522275899,0.13419216317767044,2.006172839506173,0.013419216317767043,1.06682769726248,
153,6.810252281266774,11.198336017176597,9.044551798174986,11.312399355877616,12.775093934514224,33.32662372517445,5.689747718733226,6.622383252818035,0.13419216317767044,2.006172839506173,0.013419216317767043,1.06682769726248,
154,6.877348362855609,11.18491680085883,9.044551798174986,11.292270531400966,12.721417069243156,33.3064949006978,5.756843800322061,6.629092860976919,0.13419216317767044,1.9726247987117553,0.013419216317767043,1.06682769726248,
155,6.870638754696726,11.178207192699947,8.997584541062801,11.252012882447666,12.667740203972087,33.3064949006978,5.911164787976382,6.629092860976919,0.13419216317767044,1.9726247987117553,0.013419216317767043,1.06682769726248,
156,6.776704240472356,11.104401502952227,10.326086956521738,10.909822866344605,12.68786902844874,32.9374664519592,5.891035963499732,6.575415995705851,0.13419216317767044,1.556629092860977,0.013419216317767043,1.0869565217391304,
157,6.977992485238862,11.104401502952227,10.339506172839506,10.721953837895867,12.546967257112184,32.82340311325819,5.964841653247451,6.575415995705851,0.13419216317767044,1.751207729468599,0.013419216317767043,1.0466988727858293,
158,6.8035426731078905,10.339506172839506,10.258990874932904,10.681696188942565,12.224906065485776,31.910896403650028,8.132045088566828,6.769994632313473,0.12077294685990338,1.737788513150832,0.013419216317767043,1.0064412238325282,
159,6.910896403650026,10.25228126677402,10.178475577026301,10.352925389157273,12.808641975308642,31.655931293612454,8.07836822329576,6.890767579173376,0.12077294685990338,1.751207729468599,0.013419216317767043,0.9863123993558777,
160,6.9243156199677935,10.151637144390767,10.25228126677402,10.352925389157273,12.895866881374127,31.45464304884595,8.044820182501342,7.018250134192163,0.12077294685990338,1.7847557702630166,0.013419216317767043,0.9863123993558777,
161,7.058507783145465,10.151637144390767,10.25228126677402,10.272410091250672,12.86231884057971,31.246645195920557,7.971014492753623,7.185990338164252,0.19457863660762212,1.778046162104133,0.013419216317767043,1.0131508319914118,
162,7.105475040257649,9.990606548577563,10.245571658615138,10.25228126677402,12.815351583467525,31.21309715512614,7.98443370907139,7.273215244229737,0.18115942028985507,1.8518518518518519,0.013419216317767043,1.0735373054213635,
163,7.14573268921095,9.876543209876543,10.352925389157273,10.21202361782072,12.714707461084272,31.00509930220075,8.017981749865807,7.407407407407407,0.18115942028985507,1.9994632313472893,0.013419216317767043,1.0735373054213635,
164,7.232957595276436,9.863123993558776,10.38647342995169,10.21202361782072,12.70799785292539,30.776972624798713,8.011272141706923,7.447665056360709,0.18115942028985507,2.1068169618894257,0.013419216317767043,1.0601180891035964,
165,7.320182501341922,9.809447128287708,10.426731078904991,10.21202361782072,12.70799785292539,30.589103596349972,8.004562533548041,7.568438003220612,0.18115942028985507,2.1068169618894257,0.013419216317767043,1.0601180891035964,
166,7.266505636070853,9.88996242619431,10.426731078904991,10.151637144390767,12.70799785292539,30.56226516371444,8.004562533548041,7.568438003220612,0.18115942028985507,2.167203435319377,0.013419216317767043,1.0601180891035964,
167,7.212828770799785,9.400161030595813,9.802737520128824,10.138217928073,14.741009125067096,30.3743961352657,7.347020933977456,7.709339774557166,0.18115942028985507,2.059849704777241,0.013419216317767043,1.0198604401502953,
168,7.1658615136876005,9.326355340848094,10.030864197530864,10.071121846484166,14.794685990338165,30.314009661835748,7.326892109500805,7.716049382716049,0.1610305958132045,2.059849704777241,0.013419216317767043,1.0198604401502953,
169,7.185990338164252,9.326355340848094,10.030864197530864,10.735373054213634,14.278046162104133,30.293880837359097,7.326892109500805,7.716049382716049,0.1610305958132045,1.9256575415995705,0.013419216317767043,1.0064412238325282,
170,6.6760601180891035,8.729200214707461,9.836285560923242,10.520665593129362,13.352120236178207,32.608695652173914,7.950885668276973,7.380568974771873,0.11406333870101985,1.8786902844873858,0.013419216317767043,0.9393451422436929,
171,6.769994632313473,8.641975308641975,10.151637144390767,10.520665593129362,13.305152979066023,32.25308641975309,7.98443370907139,7.427536231884058,0.11406333870101985,1.8786902844873858,0.013419216317767043,0.9393451422436929,
172,6.743156199677939,8.628556092324208,10.265700483091788,10.393183038110575,13.982823403113258,31.548577563070317,7.957595276435856,7.5348899624261945,0.11406333870101985,1.8786902844873858,0.013419216317767043,0.9393451422436929,
173,6.776704240472356,8.55475040257649,10.285829307568438,10.379763821792807,13.486312399355878,31.011808910359633,8.950617283950617,7.635534084809447,0.11406333870101985,1.8786902844873858,0.013419216317767043,0.9125067096081588,
174,6.810252281266774,8.36688137412775,10.373054213633925,10.379763821792807,13.47289318303811,30.95813204508857,9.03113258185722,7.689210950080516,0.11406333870101985,1.8786902844873858,0.013419216317767043,0.9125067096081588,
175,6.91760601180891,8.36688137412775,10.373054213633925,10.379763821792807,13.553408480944713,30.891035963499732,8.776167471819646,7.682501341921632,0.11406333870101985,2.01959205582394,0.013419216317767043,0.9125067096081588,
176,7.139023081052066,8.340042941492216,10.339506172839506,10.359634997316157,13.513150831991412,30.837359098228664,8.776167471819646,7.635534084809447,0.11406333870101985,2.01959205582394,0.013419216317767043,0.9125067096081588,
177,7.199409554482019,8.28636607622115,10.420021470746109,10.359634997316157,13.560118089103597,30.83064949006978,8.621846484165324,7.635534084809447,0.11406333870101985,2.01959205582394,0.013419216317767043,0.9393451422436929,
178,7.25979602791197,8.232689210950081,10.473698336017177,10.359634997316157,13.519860440150294,30.656199677938808,8.608427267847558,7.809983896940419,0.11406333870101985,2.01959205582394,0.013419216317767043,0.9326355340848095,
179,7.206119162640902,8.165593129361245,10.59447128287708,9.91009125067096,13.519860440150294,30.347557702630166,8.655394524959743,8.3467525496511,0.14090177133655393,2.086688137412775,0.013419216317767043,1.0131508319914118,
180,7.253086419753086,8.132045088566828,10.581052066559312,9.856414385399892,13.499731615673644,30.300590445517983,8.655394524959743,8.480944712828771,0.14090177133655393,2.086688137412775,0.013419216317767043,0.9997316156736447,
181,7.286634460547504,8.132045088566828,10.426731078904991,9.856414385399892,13.553408480944713,30.253623188405797,8.655394524959743,8.474235104669887,0.14090177133655393,2.2074610842726785,0.013419216317767043,0.9997316156736447,
182,7.273215244229737,8.132045088566828,10.453569511540525,9.749060654857756,14.895330112721417,29.435050993022006,8.601717659688674,8.044820182501342,0.14090177133655393,2.2611379495437465,0.013419216317767043,0.9997316156736447,
183,7.353730542136339,8.038110574342458,10.379763821792807,9.688674181427805,15.029522275899087,29.401502952227588,8.57487922705314,8.038110574342458,0.14090177133655393,2.3550724637681157,0.013419216317767043,0.9863123993558777,
184,7.387278582930757,8.038110574342458,10.507246376811594,9.594739667203436,14.97584541062802,29.24718196457327,8.61513687600644,8.031400966183575,0.14090177133655393,2.462426194310252,0.013419216317767043,0.9863123993558777,
185,7.4208266237251745,8.017981749865807,10.487117552334944,9.594739667203436,15.063070316693505,29.220343531937736,8.373590982286634,8.024691358024691,0.14090177133655393,2.690552871712292,0.013419216317767043,0.95276435856146,
