,45,50,51,52,54,53,55,57,56
0,98.54401502952227,1.4559849704777241,,,,,,,
1,97.73886205045625,2.0263016639828235,0.23483628556092323,,,,,,
2,97.30273752012883,2.462426194310252,0.23483628556092323,,,,,,
3,96.9068706387547,2.85829307568438,0.23483628556092323,,,,,,
4,96.92699946323135,2.8381642512077296,0.23483628556092323,,,,,,
5,94.75308641975309,5.01207729468599,0.23483628556092323,,,,,,
6,94.7866344605475,4.978529253891573,0.23483628556092323,,,,,,
7,93.63258185721953,6.132581857219538,0.23483628556092323,,,,,,
8,93.23000536768653,6.535158346752549,0.23483628556092323,,,,,,
9,93.23000536768653,6.414385399892646,0.23483628556092323,0.12077294685990338,,,,,
10,93.08910359634997,6.5552871712292005,0.23483628556092323,0.12077294685990338,,,,,
11,92.44498121309715,7.199409554482019,0.23483628556092323,0.12077294685990338,,,,,
12,83.80971551261406,15.848094471282877,0.23483628556092323,0.10735373054213634,,,,,
13,82.07192699946323,17.58588298443371,0.23483628556092323,0.10735373054213634,,,,,
14,80.99168008588299,18.51851851851852,0.23483628556092323,0.10735373054213634,0.14761137949543746,,,,
15,81.16612989801395,18.344068706387546,0.23483628556092323,0.10735373054213634,0.14761137949543746,,,,
16,78.92512077294685,20.585077831454644,0.23483628556092323,0.10735373054213634,0.14761137949543746,,,,
17,79.11969940955449,20.39049919484702,0.23483628556092323,0.10735373054213634,0.14761137949543746,,,,
18,77.79790660225443,21.712292002147073,0.23483628556092323,0.10735373054213634,0.14761137949543746,,,,
19,77.83145464304884,21.692163177670423,0.23483628556092323,0.0939345142243693,0.14761137949543746,,,,
20,78.24745034889962,21.276167471819647,0.23483628556092323,0.0939345142243693,0.14761137949543746,,,,
21,73.64465915190553,25.87895866881374,0.23483628556092323,0.0939345142243693,0.14761137949543746,,,,
22,71.49087493290392,28.032742887815353,0.23483628556092323,0.0939345142243693,0.14761137949543746,,,,
23,71.64519592055824,27.885131508319915,0.23483628556092323,0.08722490606548577,0.14761137949543746,,,,
24,68.59232420826623,29.139828234031132,1.90552871712292,0.08722490606548577,0.14761137949543746,0.1274825550187869,,,
25,68.96135265700484,28.784219001610307,1.892109500805153,0.08722490606548577,0.14761137949543746,0.1274825550187869,,,
26,69.08212560386474,28.421900161030596,2.1604938271604937,0.06038647342995169,0.14761137949543746,0.1274825550187869,,,
27,69.18276972624798,28.33467525496511,2.147074610842727,0.06038647342995169,0.14761137949543746,0.1274825550187869,,,
28,64.9825550187869,33.47423510466989,1.2077294685990339,0.06038647342995169,0.14761137949543746,0.1274825550187869,,,
29,60.017444981213096,38.45276435856146,1.1943102522812667,0.06038647342995169,0.14761137949543746,0.1274825550187869,,,
30,60.319377348362856,38.26489533011272,1.0802469135802468,0.06038647342995169,0.14761137949543746,0.1274825550187869,,,
31,60.601180891035966,37.98309178743961,1.0802469135802468,0.06038647342995169,0.14761137949543746,0.1274825550187869,,,
32,60.46698872785829,38.117283950617285,1.0802469135802468,0.06038647342995169,0.14761137949543746,0.1274825550187869,,,
33,60.49382716049383,37.815351583467525,1.0802469135802468,0.33548040794417605,0.14761137949543746,0.1274825550187869,,,
34,60.547504025764894,37.76167471819646,1.0802469135802468,0.33548040794417605,0.14761137949543746,0.1274825550187869,,,
35,60.66156736446592,37.6610305958132,1.06682769726248,0.33548040794417605,0.14761137949543746,0.1274825550187869,,,
36,60.92324208266237,37.41277509393451,1.0601180891035964,0.32877079978529256,0.14761137949543746,0.1274825550187869,,,
37,61.24530327428878,37.0907139023081,1.0601180891035964,0.32877079978529256,0.14761137949543746,0.1274825550187869,,,
38,38.35882984433709,59.628287707997856,0.9057971014492754,0.32877079978529256,0.14761137949543746,0.1274825550187869,0.5032206119162641,,
39,38.969404186795494,59.024422973698336,0.9057971014492754,0.32877079978529256,0.14090177133655393,0.1274825550187869,0.5032206119162641,,
40,39.660493827160494,58.333333333333336,0.9057971014492754,0.32877079978529256,0.14090177133655393,0.1274825550187869,0.5032206119162641,,
41,37.96296296296296,60.03086419753087,0.9057971014492754,0.32877079978529256,0.14090177133655393,0.1274825550187869,0.5032206119162641,,
42,38.27160493827161,59.72222222222222,0.9057971014492754,0.32877079978529256,0.14090177133655393,0.1274825550187869,0.5032206119162641,,
43,37.27187332259796,60.72195383789587,0.9057971014492754,0.32877079978529256,0.14090177133655393,0.1274825550187869,0.5032206119162641,,
44,37.64090177133655,60.36634460547504,0.8923778851315083,0.32877079978529256,0.14090177133655393,0.1274825550187869,0.5032206119162641,,
45,37.9092860976919,60.0979602791197,0.8923778851315083,0.32877079978529256,0.14090177133655393,0.1274825550187869,0.5032206119162641,,
46,38.14412238325282,56.31374127750939,1.133923778851315,0.32877079978529256,0.24154589371980675,0.1274825550187869,3.7104133118625873,,
47,38.69431025228127,55.66961889425657,1.133923778851315,0.46967257112184646,0.24154589371980675,0.1274825550187869,3.6634460547504024,,
48,31.219806763285025,63.405797101449274,0.8923778851315083,0.46967257112184646,0.24154589371980675,0.1274825550187869,3.643317230273752,,
49,31.676060118089104,62.956253354804076,0.8856682769726248,0.46967257112184646,0.24154589371980675,0.1274825550187869,3.643317230273752,,
50,32.1658615136876,62.42619431025228,0.8588298443370908,0.5501878690284487,0.24154589371980675,0.1274825550187869,3.629898013955985,,
51,31.95115405260333,59.80273752012882,0.8521202361782072,3.3950617283950617,0.24154589371980675,0.1274825550187869,3.629898013955985,,
52,32.2866344605475,59.52093397745572,0.8521202361782072,3.3413848631239937,0.24154589371980675,0.1274825550187869,3.629898013955985,,
53,32.53488996242619,59.312936124530324,0.8521202361782072,3.2340311325818574,0.24154589371980675,0.1274825550187869,3.69699409554482,,
54,33.19914117015566,58.722490606548575,0.7917337627482555,3.2206119162640903,0.24154589371980675,0.1274825550187869,3.69699409554482,,
55,33.561460010735374,58.400429414922165,0.7917337627482555,3.2004830917874396,0.24154589371980675,0.1274825550187869,3.6768652710681695,,
56,34.13848631239936,57.86366076221149,0.7917337627482555,3.1736446591519054,0.24154589371980675,0.1274825550187869,3.6634460547504024,,
57,34.655126140633385,57.45437466451959,0.7716049382716049,3.1065485775630703,0.24154589371980675,0.1274825550187869,3.643317230273752,,
58,34.93022007514761,57.23295759527644,0.7716049382716049,3.066290928609769,0.24154589371980675,0.1274825550187869,3.629898013955985,,
59,35.42002147074611,56.635802469135804,0.7716049382716049,3.0595813204508855,0.24154589371980675,0.1274825550187869,3.743961352657005,,
60,35.218733225979605,54.09286097691895,0.7716049382716049,3.0394524959742353,0.24154589371980675,2.8918411164787976,3.743961352657005,,
61,35.547504025764894,53.227321524422976,0.7581857219538379,3.012614063338701,0.24154589371980675,3.0595813204508855,4.1532474503489,,
62,35.99704777241009,52.79119699409554,0.7581857219538379,3.012614063338701,0.24154589371980675,3.0595813204508855,4.139828234031133,,
63,36.30568974771873,52.53623188405797,0.7581857219538379,3.012614063338701,0.24154589371980675,3.026033279656468,4.119699409554482,,
64,37.27187332259796,51.65727321524423,0.7581857219538379,3.0059044551798175,0.24154589371980675,3.012614063338701,4.052603327965647,,
65,35.96349973161568,46.99409554482018,0.7581857219538379,10.876274825550189,0.24154589371980675,2.9790660225442833,2.187332259796028,,
66,26.549919484702095,60.547504025764894,0.7581857219538379,10.72866344605475,0.24154589371980675,0.2952227589908749,0.8789586688137413,,
67,25.147611379495437,60.76221148684917,2.01959205582394,10.681696188942565,0.24154589371980675,0.2683843263553409,0.8789586688137413,,
68,25.523349436392916,60.46698872785829,1.9860440150295222,10.63472893183038,0.24154589371980675,0.2683843263553409,0.8789586688137413,,
69,26.073537305421365,59.977187332259795,1.9860440150295222,10.587761674718196,0.24154589371980675,0.2683843263553409,0.8655394524959742,,
70,26.455984970477726,59.628287707997856,1.9659151905528718,10.587761674718196,0.24154589371980675,0.2683843263553409,0.8521202361782072,,
71,26.89210950080515,59.312936124530324,1.9659151905528718,10.473698336017177,0.23483628556092323,0.2683843263553409,0.8521202361782072,,
72,26.918947933440688,55.77697262479871,1.9659151905528718,13.7211486849168,0.23483628556092323,0.2683843263553409,0.8387010198604401,0.27509393451422437,
73,27.24771873322598,55.542136339237786,1.9659151905528718,13.627214170692431,0.23483628556092323,0.2683843263553409,0.8387010198604401,0.27509393451422437,
74,26.35534084809447,51.46269457863661,5.656199677938808,13.137412775093935,0.10064412238325282,2.2745571658615136,0.7380568974771873,0.27509393451422437,
75,26.85185185185185,50.84541062801932,5.656199677938808,13.056897477187333,0.3153515834675255,2.2745571658615136,0.7380568974771873,0.2616747181964573,
76,27.61003757380569,50.10064412238325,5.60252281266774,12.734836285560924,0.30193236714975846,2.5429414922168547,0.8454106280193237,0.2616747181964573,
77,28.119967793880836,49.724906065485776,5.5689747718733225,12.620772946859903,0.2952227589908749,2.509393451422437,0.8990874932903918,0.2616747181964573,
78,28.710413311862588,49.16129898013956,5.656199677938808,12.526838432635534,0.2885131508319914,2.49597423510467,0.8990874932903918,0.2616747181964573,
79,29.401502952227588,48.57756307031669,5.656199677938808,12.4597423510467,0.2885131508319914,2.49597423510467,0.8588298443370908,0.2616747181964573,
80,30.50858829844337,47.69189479334407,5.622651637144391,12.318840579710145,0.2885131508319914,2.49597423510467,0.8118625872249061,0.2616747181964573,
81,30.92458400429415,47.43022007514761,5.528717122920021,12.265163714439076,0.2885131508319914,2.4892646269457863,0.8118625872249061,0.2616747181964573,
82,31.790123456790123,46.79951690821256,5.428073000536768,12.130971551261407,0.2885131508319914,2.4892646269457863,0.8118625872249061,0.2616747181964573,
83,29.750402576489535,49.67122920021471,4.911433172302737,11.855877616747183,0.2885131508319914,2.462426194310252,0.798443370907139,0.2616747181964573,
84,29.851046698872786,49.59742351046699,4.7638217928073,11.83574879227053,0.2885131508319914,2.462426194310252,0.9393451422436929,0.2616747181964573,
85,30.04562533548041,49.241814278046164,4.99194847020934,11.77536231884058,0.2885131508319914,2.4557165861513686,0.9393451422436929,0.2616747181964573,
86,30.71658615136876,48.79898013955985,4.978529253891573,11.574074074074074,0.2885131508319914,2.442297369833602,0.9393451422436929,0.2616747181964573,
87,31.031937734836287,48.59769189479334,4.958400429414922,11.52710681696189,0.2885131508319914,2.408749329039184,0.9259259259259259,0.2616747181964573,
88,26.89210950080515,43.69296833064949,14.304884594739667,11.225174449812132,0.2885131508319914,2.408749329039184,0.9259259259259259,0.2616747181964573,
89,27.106816961889425,43.31723027375201,14.512882447665056,11.191626409017713,0.2885131508319914,2.4020397208803006,0.9259259259259259,0.2549651100375738,
90,27.70397208803006,42.82071926999463,14.298174986580785,10.970209339774557,0.8789586688137413,2.1604938271604937,0.9125067096081588,0.2549651100375738,
91,28.59634997316157,42.3845947396672,14.284755770263017,10.742082662372518,0.7917337627482555,2.0397208803005906,0.9057971014492754,0.2549651100375738,
92,25.308641975308642,36.9699409554482,22.966988727858293,10.426731078904991,0.7917337627482555,2.006172839506173,1.2748255501878691,0.2549651100375738,
93,25.664251207729468,36.62775093934514,22.765700483091788,10.406602254428341,0.7917337627482555,2.1135265700483092,1.3754696725711217,0.2549651100375738,
94,26.10708534621578,36.37949543746645,22.63150831991412,10.34621578099839,0.7917337627482555,2.1135265700483092,1.3754696725711217,0.2549651100375738,
95,26.684111647879764,35.970209339774556,21.880032206119164,10.245571658615138,0.7917337627482555,2.1135265700483092,1.7310789049919484,0.2549651100375738,0.32877079978529256
96,27.234299516908212,35.507246376811594,21.692163177670423,10.091250670960816,1.1272141706924315,2.1135265700483092,1.6774020397208802,0.2281266774020397,0.32877079978529256
97,27.509393451422437,35.37305421363392,21.524422973698336,10.02415458937198,1.1272141706924315,2.1135265700483092,1.6774020397208802,0.2281266774020397,0.4227053140096618
98,28.052871712292003,34.97047772410091,21.4573268921095,9.990606548577563,1.1272141706924315,2.086688137412775,1.6639828234031133,0.2281266774020397,0.4227053140096618
99,28.428609769189478,34.74235104669887,21.088298443370906,9.977187332259795,1.0802469135802468,2.059849704777241,1.6639828234031133,0.2281266774020397,0.7313472893183038
100,28.992216854535695,34.60144927536232,20.7662372517445,9.916800858829845,1.06682769726248,2.059849704777241,1.6371443907675791,0.2281266774020397,0.7313472893183038
101,27.334943639291467,39.20424047235642,20.068438003220614,7.239667203435319,0.7917337627482555,1.9793344068706387,1.778046162104133,0.2281266774020397,1.3754696725711217
102,27.905260332796566,38.90230810520666,19.887278582930758,7.1658615136876005,0.7917337627482555,1.9726247987117553,1.778046162104133,0.2281266774020397,1.3687600644122384
103,28.23403113258186,38.446054750402574,19.806763285024154,7.078636607622115,1.1473429951690821,1.9726247987117553,1.7713365539452497,0.19457863660762212,1.3486312399355878
104,28.723832528180353,38.32528180354267,19.57192699946323,6.957863660762212,1.1473429951690821,1.9592055823939882,1.7713365539452497,0.19457863660762212,1.3486312399355878
105,29.274020397208805,38.157541599570585,19.310252281266774,6.850509930220075,1.133923778851315,1.9592055823939882,1.7713365539452497,0.19457863660762212,1.3486312399355878
106,29.723564143854,38.00322061191626,19.11567364465915,6.843800322061192,1.1137949543746646,1.8853998926462694,1.7713365539452497,0.19457863660762212,1.3486312399355878
107,29.938271604938272,37.86231884057971,19.061996779388085,6.843800322061192,1.107085346215781,1.8853998926462694,1.7713365539452497,0.19457863660762212,1.3352120236178207
108,29.837627482555018,37.37251744498121,18.853998926462694,6.843800322061192,1.107085346215781,2.563070316693505,1.751207729468599,0.19457863660762212,1.4761137949543746
109,30.193236714975846,37.063875469672574,18.80703166935051,6.843800322061192,1.107085346215781,2.563070316693505,1.751207729468599,0.19457863660762212,1.4761137949543746
110,30.387815351583466,36.480139559849704,18.760064412238325,6.796833064949007,1.1003757380568975,2.563070316693505,2.2410091250670963,0.19457863660762212,1.4761137949543746
111,30.95813204508857,36.030595813204506,18.706387546967257,6.776704240472356,1.093666129898014,2.522812667740204,2.2410091250670963,0.19457863660762212,1.4761137949543746
112,31.239935587761675,35.90311325818572,18.59903381642512,6.749865807836822,1.093666129898014,2.5026838432635534,2.2410091250670963,0.19457863660762212,1.4761137949543746
113,31.82367149758454,35.560923242082666,18.552066559312937,6.615673644659152,1.093666129898014,2.5026838432635534,2.2074610842726785,0.19457863660762212,1.4492753623188406
114,32.118894256575416,35.35963499731616,18.42458400429415,6.568706387546968,1.2077294685990339,2.4691358024691357,2.2074610842726785,0.19457863660762212,1.4492753623188406
115,32.25308641975309,35.10466988727858,18.149490069779926,6.736446591519055,1.2077294685990339,2.442297369833602,2.2074610842726785,0.19457863660762212,1.7042404723564144
116,32.58185721953838,34.876543209876544,17.820719269994633,6.709608158883521,1.2077294685990339,2.428878153515835,2.5831991411701556,0.19457863660762212,1.596886741814278
117,32.971014492753625,34.56119162640902,17.773752012882447,6.709608158883521,1.2077294685990339,2.428878153515835,2.5831991411701556,0.16774020397208803,1.596886741814278
118,33.23939881910896,34.31964573268921,17.632850241545892,6.689479334406871,1.2077294685990339,2.428878153515835,2.5831991411701556,0.16774020397208803,1.7310789049919484
119,32.49463231347289,33.45410628019324,19.484702093397747,6.582125603864735,1.2077294685990339,2.301395598497048,2.5831991411701556,0.16774020397208803,1.724369296833065
120,33.01798174986581,33.1857219538379,19.350509930220074,6.515029522275899,1.2077294685990339,2.2879763821792807,2.5563607085346214,0.16774020397208803,1.710950080515298
121,33.13875469672571,33.01798174986581,19.243156199677937,6.642512077294686,1.2010198604401503,2.328234031132582,2.5496511003757383,0.16774020397208803,1.710950080515298
122,33.52120236178207,32.8972088030059,19.108964036500268,6.568706387546968,1.2010198604401503,2.328234031132582,2.536231884057971,0.15432098765432098,1.6841116478797638
123,33.641975308641975,32.37385936661299,18.659420289855074,6.568706387546968,1.6706924315619969,2.328234031132582,2.918679549114332,0.15432098765432098,1.6841116478797638
124,32.94417606011809,31.4747718733226,17.47181964573269,6.568706387546968,2.5831991411701556,4.280730005367687,2.8918411164787976,0.15432098765432098,1.6304347826086956
125,33.19243156199678,31.42109500805153,17.431561996779386,6.515029522275899,2.5831991411701556,4.180085882984434,2.8918411164787976,0.15432098765432098,1.6304347826086956
126,33.675523349436396,31.085614600107355,17.411433172302736,6.508319914117015,2.5697799248523885,4.086151368760064,2.8784219001610305,0.15432098765432098,1.6304347826086956
127,34.17203435319377,30.803811057434245,17.277241009125067,6.494900697799249,2.5563607085346214,4.086151368760064,2.8247450348899625,0.15432098765432098,1.6304347826086956
128,34.60144927536232,30.669618894256576,17.21014492753623,6.394256575415996,2.522812667740204,4.05931293612453,2.757648953301127,0.15432098765432098,1.6304347826086956
129,35.07112184648417,30.414653784219002,17.008856682769725,6.353998926462695,2.6301663982823404,4.032474503488996,2.7308105206655933,0.14761137949543746,1.6103059581320451
130,35.487117552334944,30.246913580246915,16.847826086956523,6.3137412775093935,2.61003757380569,4.032474503488996,2.703972088030059,0.14761137949543746,1.6103059581320451
131,35.73537305421363,30.14626945786366,16.75389157273215,6.3137412775093935,2.5966183574879227,3.992216854535695,2.703972088030059,0.14761137949543746,1.6103059581320451
132,36.131239935587764,30.038915727321523,16.646537842190018,6.280193236714976,2.5697799248523885,3.8714439076757916,2.703972088030059,0.14761137949543746,1.6103059581320451
133,36.33252818035427,29.985238862050455,16.404991948470208,6.260064412238325,2.563070316693505,3.8714439076757916,2.703972088030059,0.14761137949543746,1.7310789049919484
134,35.86285560923242,29.354535695115406,14.700751476113794,6.66935050993022,2.7979066022544283,5.864197530864198,2.952227589908749,0.14761137949543746,1.6505636070853462
135,36.151368760064415,29.240472356414386,14.620236178207193,6.629092860976919,2.7442297369833604,5.864197530864198,2.952227589908749,0.14761137949543746,1.6505636070853462
136,36.03730542136339,28.864734299516908,14.38539989264627,6.629092860976919,3.388352120236178,5.8172302737520125,2.945517981749866,0.14761137949543746,1.7847557702630166
137,36.090982286634464,28.77750939345142,13.39237788513151,8.333333333333334,3.361513687600644,5.273752012882448,2.945517981749866,0.14761137949543746,1.6774020397208802
138,36.48684916800859,28.71712292002147,13.311862587224907,8.3064949006978,3.3480944712828773,5.24020397208803,2.7643585614600106,0.14761137949543746,1.6774020397208802
139,36.8491680085883,28.22061191626409,13.258185721953838,8.232689210950081,3.6366076221148687,5.213365539452496,2.7643585614600106,0.14761137949543746,1.6774020397208802
140,37.74825550187869,27.871712292002147,12.949543746645196,8.172302737520129,3.6231884057971016,5.193236714975845,2.636876006441224,0.1274825550187869,1.6774020397208802
141,37.76167471819646,26.798174986580783,12.949543746645196,8.07836822329576,3.851315083199141,5.179817498658078,3.603059581320451,0.1274825550187869,1.6505636070853462
142,38.137412775093935,26.637144390767578,12.828770799785293,8.017981749865807,3.8378958668813743,5.159688674181428,3.603059581320451,0.1274825550187869,1.6505636070853462
143,38.405797101449274,26.462694578636608,12.567096081588835,7.991143317230274,3.784219001610306,5.018786902844874,3.992216854535695,0.1274825550187869,1.6505636070853462
144,38.687600644122384,26.36876006441224,12.5402576489533,7.950885668276973,3.6634460547504024,5.018786902844874,3.992216854535695,0.1274825550187869,1.6505636070853462
145,39.009661835748794,26.174181427804616,12.52012882447665,7.897208803005904,3.6366076221148687,5.018786902844874,3.965378421900161,0.1274825550187869,1.6505636070853462
146,39.44578636607622,25.738056897477186,12.365807836822329,7.75630703166935,3.6366076221148687,5.005367686527107,4.274020397208803,0.1274825550187869,1.6505636070853462
147,39.79468599033817,25.328770799785293,12.325550187869029,7.722758990874933,3.549382716049383,5.005367686527107,4.49543746645196,0.1274825550187869,1.6505636070853462
148,40.53274288781535,24.966451959205582,12.124261943102523,7.702630166398282,3.549382716049383,4.951690821256038,4.40150295222759,0.1274825550187869,1.6438539989264627
149,40.734031132581855,24.90606548577563,12.037037037037036,7.6556629092860975,3.5426731078904994,4.951690821256038,4.40150295222759,0.1274825550187869,1.6438539989264627
150,40.975577026301664,24.838969404186795,11.963231347289318,7.635534084809447,3.5292538915727323,4.944981213097155,4.374664519592056,0.1274825550187869,1.6103059581320451
151,41.076221148684915,24.490069779924852,11.802200751476114,8.071658615136876,3.3413848631239937,4.931561996779388,4.5893719806763285,0.10064412238325282,1.596886741814278
152,40.86822329575953,24.55716586151369,11.701556629092861,8.05823939881911,3.7640901771336552,4.931561996779388,4.42163177670424,0.10064412238325282,1.596886741814278
153,41.35131508319914,24.416264090177133,11.574074074074074,8.038110574342458,3.683574879227053,4.830917874396135,4.408212560386473,0.10064412238325282,1.596886741814278
154,41.80756843800322,24.335748792270532,11.473429951690822,7.856951154052603,3.670155662909286,4.7638217928073,4.40150295222759,0.10064412238325282,1.5901771336553945
155,42.12292002147075,24.18142780461621,11.43317230273752,7.85024154589372,3.670155662909286,4.7101449275362315,4.3478260869565215,0.0939345142243693,1.5901771336553945
156,42.3040794417606,24.255233494363928,11.3593666129898,7.85024154589372,3.4957058507783145,4.7101449275362315,4.341116478797638,0.0939345142243693,1.5901771336553945
157,42.69994632313473,23.97342995169082,11.20504562533548,7.803274288781535,3.475577026301664,4.7101449275362315,4.448470209339774,0.0939345142243693,1.5901771336553945
158,42.881105743424584,23.711755233494365,11.124530327428879,7.776435856146001,3.475577026301664,4.911433172302737,4.435050993022007,0.0939345142243693,1.5901771336553945
159,43.16961889425657,23.57085346215781,11.057434245840042,7.7361782071927,3.4621578099838968,4.904723564143854,4.414922168545357,0.0939345142243693,1.5901771336553945
160,43.303811057434245,23.221953837895867,11.057434245840042,7.689210950080516,3.7909286097691894,4.891304347826087,4.361245303274289,0.0939345142243693,1.5901771336553945
161,43.612453032742884,23.081052066559312,10.970209339774557,7.675791733762749,3.7640901771336552,4.87788513150832,4.361245303274289,0.0939345142243693,1.5633387010198605
162,42.330917874396135,22.779119699409556,10.916532474503489,7.219538378958669,3.7640901771336552,6.977992485238862,4.3545356951154055,0.0939345142243693,1.5633387010198605
163,42.693236714975846,22.5577026301664,10.88298443370907,7.1725711218464845,3.750670960815888,6.910896403650026,4.388083735909823,0.0939345142243693,1.5499194847020934
164,43.14949006977992,22.490606548577563,10.601180891035963,7.14573268921095,3.683574879227053,6.910896403650026,4.38137412775094,0.0939345142243693,1.5432098765432098
165,43.51851851851852,22.32957595276436,10.57434245840043,7.14573268921095,3.6768652710681695,6.910896403650026,4.274020397208803,0.0939345142243693,1.4761137949543746
166,43.72651637144391,22.262479871175522,10.36634460547504,7.14573268921095,3.535963499731616,6.890767579173376,4.502147074610843,0.0939345142243693,1.4761137949543746
167,43.994900697799245,22.094739667203434,10.352925389157273,7.125603864734299,3.5292538915727323,6.850509930220075,4.4820182501341925,0.0939345142243693,1.4761137949543746
168,44.20289855072464,21.900161030595815,10.279119699409554,7.112184648416532,3.670155662909286,6.816961889425658,4.461889425657541,0.0939345142243693,1.4626945786366077
169,44.39076757917338,21.846484165324746,10.25228126677402,7.098765432098766,3.643317230273752,6.769994632313473,4.441760601180891,0.0939345142243693,1.4626945786366077
170,44.57192699946323,21.812936124530328,10.218733225979603,7.098765432098766,3.643317230273752,6.66935050993022,4.428341384863124,0.0939345142243693,1.4626945786366077
171,45.148953301127214,21.544551798174986,10.178475577026301,7.011540526033279,3.6097691894793345,6.588835212023618,4.361245303274289,0.0939345142243693,1.4626945786366077
172,45.450885668276975,21.450617283950617,10.0979602791197,6.91760601180891,3.5829307568438002,6.582125603864735,4.361245303274289,0.0939345142243693,1.4626945786366077
173,45.46430488459474,21.256038647342994,10.084541062801932,6.89747718733226,3.515834675254965,6.951154052603328,4.28743961352657,0.0939345142243693,1.4492753623188406
174,45.873590982286636,20.954106280193237,10.144927536231885,6.863929146537842,3.5091250670960816,6.937734836285561,4.240472356414386,0.0939345142243693,1.3821792807300053
175,46.06816961889426,20.86688137412775,10.138217928073,6.816961889425658,3.5091250670960816,6.904186795491143,4.2203435319377345,0.0939345142243693,1.3821792807300053
176,45.04159957058508,19.994632313472895,9.581320450885668,6.816961889425658,3.502415458937198,9.480676328502415,4.133118625872249,0.0939345142243693,1.3553408480944713
177,45.1154052603328,19.920826623725173,9.581320450885668,6.910896403650026,3.435319377348363,9.453837895866881,4.133118625872249,0.0939345142243693,1.3553408480944713
178,45.06843800322061,19.77992485238862,9.574610842726784,6.863929146537842,3.7640901771336552,9.433709071390231,4.066022544283414,0.0939345142243693,1.3553408480944713
179,45.10198604401503,19.712828770799785,9.4873859366613,7.246376811594203,3.6902844873859366,9.29951690821256,4.03918411164788,0.0939345142243693,1.328502415458937
180,45.41733762748255,19.665861513687602,9.406870638754697,7.212828770799785,3.643317230273752,9.205582393988191,4.025764895330113,0.0939345142243693,1.328502415458937
181,45.69914117015566,19.538378958668815,9.400161030595813,7.105475040257649,3.643317230273752,9.16532474503489,4.025764895330113,0.0939345142243693,1.328502415458937
182,46.141975308641975,19.370638754696724,9.353193773483628,7.004830917874396,3.643317230273752,9.07139023081052,4.012345679012346,0.0939345142243693,1.3083735909822867
183,46.423778851315085,19.196188942565755,9.286097691894794,7.266505636070853,3.603059581320451,8.836553945249598,3.9855072463768115,0.0939345142243693,1.3083735909822867
184,46.745840042941495,19.061996779388085,9.219001610305957,7.219538378958669,3.7104133118625873,8.729200214707461,3.911701556629093,0.0939345142243693,1.3083735909822867
185,47.054482018250134,18.90096618357488,9.178743961352657,7.159151905528717,3.670155662909286,8.722490606548577,3.911701556629093,0.0939345142243693,1.3083735909822867
186,47.08803005904455,18.833870101986044,9.145195920558239,7.313472893183038,3.6634460547504024,8.655394524959743,3.898282340311326,0.0939345142243693,1.3083735909822867
187,46.43719806763285,18.666129898013956,9.131776704240472,8.454106280193237,3.5628019323671496,8.494363929146537,3.851315083199141,0.0939345142243693,1.3083735909822867
188,46.564680622651636,18.35077831454643,9.125067096081589,8.427267847557703,3.5292538915727323,8.420558239398819,4.180085882984434,0.0939345142243693,1.3083735909822867
189,47.094739667203434,18.256843800322063,9.07139023081052,8.21256038647343,3.4621578099838968,8.333333333333334,4.166666666666667,0.0939345142243693,1.3083735909822867
190,47.27589908749329,18.223295759527645,9.03113258185722,8.21256038647343,3.421900161030596,8.319914117015566,4.1129898013955986,0.0939345142243693,1.3083735909822867
191,47.436929683306495,18.075684380032207,8.970746108427267,7.98443370907139,3.3950617283950617,8.675523349436393,4.05931293612453,0.0939345142243693,1.3083735909822867
192,47.779119699409556,18.015297906602253,8.950617283950617,7.75630703166935,3.33467525496511,8.709071390230811,4.052603327965647,0.0939345142243693,1.3083735909822867
193,48.107890499194845,17.860976918947934,8.923778851315083,7.742887815351583,3.3145464304884595,8.621846484165324,4.025764895330113,0.0939345142243693,1.3083735909822867
194,48.43666129898014,17.693236714975846,8.836553945249598,7.742887815351583,3.3145464304884595,8.581588835212024,3.992216854535695,0.0939345142243693,1.3083735909822867
195,48.72517444981213,17.53220611916264,8.829844337090714,7.695920558239399,3.3145464304884595,8.548040794417606,3.9720880300590444,0.0939345142243693,1.288244766505636
196,49.053945249597426,17.465110037573805,8.756038647342995,7.695920558239399,3.3145464304884595,8.514492753623188,3.824476650563607,0.0939345142243693,1.2815351583467525
197,48.91975308641975,17.196725711218466,8.695652173913043,7.675791733762749,3.878153515834675,8.480944712828771,3.7775093934514223,0.0939345142243693,1.2815351583467525
198,49.04723564143854,17.122920021470748,8.655394524959743,7.675791733762749,3.878153515834675,8.474235104669887,3.770799785292539,0.0939345142243693,1.2815351583467525
199,49.362587224906065,16.935050993022006,8.628556092324208,7.675791733762749,3.844605475040258,8.420558239398819,3.7573805689747717,0.0939345142243693,1.2815351583467525
200,49.45652173913044,16.888083735909824,8.628556092324208,7.635534084809447,3.770799785292539,8.501073537305421,3.7573805689747717,0.0939345142243693,1.2681159420289856
201,49.5504562533548,16.834406870638755,8.628556092324208,7.62211486849168,3.770799785292539,8.494363929146537,3.750670960815888,0.0939345142243693,1.2546967257112185
202,49.932903918411164,16.760601180891037,8.548040794417606,7.595276435856146,3.717122920021471,8.3467525496511,3.750670960815888,0.0939345142243693,1.2546967257112185
203,50.067096081588836,16.566022544283413,8.521202361782072,7.434245840042942,3.6902844873859366,8.641975308641975,3.730542136339238,0.0939345142243693,1.2546967257112185
204,49.973161567364464,16.404991948470208,8.487654320987655,7.434245840042942,4.1532474503489,8.521202361782072,3.6768652710681695,0.0939345142243693,1.2546967257112185
205,50.12748255501879,16.29092860976919,8.427267847557703,7.729468599033816,4.133118625872249,8.3064949006978,3.643317230273752,0.0939345142243693,1.247987117552335
206,50.456253354804076,16.21712292002147,8.407139023081053,7.689210950080516,3.992216854535695,8.272946859903382,3.6231884057971016,0.0939345142243693,1.247987117552335
207,50.5300590445518,16.10305958132045,8.400429414922169,7.588566827697263,3.9049919484702094,8.507783145464305,3.6231884057971016,0.0939345142243693,1.247987117552335
208,50.80515297906602,15.995705850778315,8.380300590445518,7.5348899624261945,3.9184111647879765,8.501073537305421,3.5426731078904994,0.0939345142243693,1.2278582930756843
209,51.05340848094471,15.901771336553946,8.319914117015566,7.467793880837359,4.05931293612453,8.433977455716587,3.4420289855072466,0.0939345142243693,1.2278582930756843
210,51.15405260332797,15.874932903918411,8.28636607622115,7.447665056360709,4.05931293612453,8.413848631239935,3.4420289855072466,0.0939345142243693,1.2278582930756843
211,51.268115942028984,15.83467525496511,8.28636607622115,7.407407407407407,4.05931293612453,8.380300590445518,3.4420289855072466,0.0939345142243693,1.2278582930756843
212,51.57675791733763,15.727321524422974,8.272946859903382,7.367149758454106,4.05931293612453,8.360171765968868,3.3145464304884595,0.0939345142243693,1.2278582930756843
213,52.10681696188943,15.5126140633387,8.225979602791197,7.206119162640902,4.03918411164788,8.272946859903382,3.3145464304884595,0.0939345142243693,1.2278582930756843
214,52.26784755770263,15.371712292002147,8.225979602791197,7.1658615136876005,4.159957058507783,8.21256038647343,3.3011272141706924,0.0939345142243693,1.2010198604401503
215,52.33494363929147,15.35829307568438,8.179012345679013,7.1658615136876005,4.159957058507783,8.205850778314547,3.3011272141706924,0.0939345142243693,1.2010198604401503
216,52.69726247987118,15.297906602254429,8.179012345679013,7.071926999463232,4.139828234031133,8.064949006977992,3.294417606011809,0.0939345142243693,1.1607622114868492
217,52.804616210413315,15.291196994095545,8.158883521202362,7.065217391304348,4.139828234031133,8.038110574342458,3.2474503488996245,0.0939345142243693,1.1607622114868492
218,53.00590445517982,15.183843263553408,8.145464304884594,7.058507783145465,4.133118625872249,8.004562533548041,3.2139023081052067,0.0939345142243693,1.1607622114868492
219,53.0931293612453,15.063070316693505,8.11862587224906,6.944444444444445,4.30756843800322,8.004562533548041,3.2139023081052067,0.0939345142243693,1.1607622114868492
220,53.32125603864734,14.99597423510467,8.05823939881911,6.9243156199677935,4.280730005367687,7.977724100912507,3.1870638754696725,0.0939345142243693,1.1607622114868492
221,53.495705850778315,14.962426194310252,8.031400966183575,6.884057971014493,4.280730005367687,7.957595276435856,3.1602254428341383,0.0939345142243693,1.133923778851315
222,53.656736446591516,14.801395598497047,8.031400966183575,6.816961889425658,4.408212560386473,7.917337627482555,3.1468062265163717,0.0939345142243693,1.1272141706924315
223,53.676865271068166,14.761137949543746,7.856951154052603,6.810252281266774,4.394793344068707,7.9039184111647875,3.4151905528717124,0.0939345142243693,1.0869565217391304
224,53.91170155662909,14.687332259796028,7.85024154589372,6.716317767042405,4.38137412775094,7.877079978529254,3.3950617283950617,0.0939345142243693,1.0869565217391304
225,53.958668813741276,14.55984970477724,7.7898550724637685,6.716317767042405,4.341116478797638,8.064949006977992,3.388352120236178,0.0939345142243693,1.0869565217391304
226,54.146537842190014,14.492753623188406,7.7898550724637685,6.629092860976919,4.341116478797638,8.044820182501342,3.374932903918411,0.0939345142243693,1.0869565217391304
227,50.12748255501879,13.20450885668277,13.935856146001074,6.266774020397209,4.206924315619967,7.763016639828234,3.321256038647343,0.0939345142243693,1.0802469135802468
228,50.1610305958132,13.103864734299517,13.868760064412239,6.481481481481482,4.193505099302201,7.716049382716049,3.3011272141706924,0.0939345142243693,1.0802469135802468
229,50.32206119162641,13.103864734299517,13.862050456253355,6.4345142243692965,4.186795491143317,7.648953301127214,3.2675791733762747,0.0939345142243693,1.0802469135802468
230,50.6105743424584,13.070316693505099,13.70101986044015,6.414385399892646,4.166666666666667,7.635534084809447,3.227321524422974,0.0939345142243693,1.0802469135802468
231,50.84541062801932,13.056897477187333,13.600375738056897,6.333870101986044,4.1532474503489,7.608695652173913,3.227321524422974,0.0939345142243693,1.0802469135802468
232,51.04669887278583,13.050187869028449,13.533279656468062,6.213097155126141,4.146537842190016,7.608695652173913,3.227321524422974,0.0939345142243693,1.0802469135802468
233,51.23456790123457,13.030059044551798,13.466183574879228,6.159420289855072,4.1129898013955986,7.608695652173913,3.2139023081052067,0.0939345142243693,1.0802469135802468
234,51.46269457863661,12.969672571121846,13.45276435856146,6.045356951154052,4.186795491143317,7.575147611379496,3.1333870101986045,0.0939345142243693,1.0802469135802468
235,49.624261943102525,12.634192163177671,13.45276435856146,8.507783145464305,4.200214707461084,7.333601717659689,3.0730005367686526,0.0939345142243693,1.0802469135802468
236,49.75845410628019,12.634192163177671,13.405797101449275,8.440687063875469,4.180085882984434,7.333601717659689,3.0730005367686526,0.0939345142243693,1.0802469135802468
237,50.24154589371981,12.473161567364466,13.238056897477188,8.407139023081053,4.0995705850778315,7.2933440687063875,3.0730005367686526,0.0939345142243693,1.0802469135802468
238,50.46296296296296,12.4597423510467,13.170960815888352,8.387010198604402,4.025764895330113,7.253086419753086,3.0730005367686526,0.0939345142243693,1.0735373054213635
239,50.75147611379496,12.365807836822329,13.063607085346217,8.360171765968868,4.012345679012346,7.219538378958669,3.0595813204508855,0.0939345142243693,1.0735373054213635
240,51.10708534621578,12.265163714439076,12.70799785292539,8.272946859903382,4.012345679012346,7.199409554482019,3.2675791733762747,0.0939345142243693,1.0735373054213635
241,51.288244766505635,12.245034889962426,12.634192163177671,8.246108427267847,4.012345679012346,7.139023081052066,3.2675791733762747,0.0939345142243693,1.0735373054213635
242,51.53650026838432,12.218196457326892,12.47987117552335,8.232689210950081,3.978797638217928,7.118894256575416,3.2675791733762747,0.0939345142243693,1.0735373054213635
243,51.690821256038646,12.151100375738057,12.466451959205582,8.199141170155663,3.978797638217928,7.085346215780999,3.260869565217391,0.0939345142243693,1.0735373054213635
244,51.92565754159957,12.037037037037036,12.432903918411165,8.125335480407944,3.978797638217928,7.078636607622115,3.2541599570585076,0.0939345142243693,1.0735373054213635
245,49.5907139023081,11.902844873859367,16.552603327965645,6.971282877079979,3.9586688137412773,6.8035426731078905,3.44873859366613,0.0939345142243693,0.6776704240472357
246,49.973161567364464,11.741814278046162,16.451959205582394,6.937734836285561,3.878153515834675,6.796833064949007,3.44873859366613,0.0939345142243693,0.6776704240472357
247,50.0805152979066,11.60762211486849,16.344605475040257,6.904186795491143,4.119699409554482,6.743156199677939,3.4286097691894795,0.0939345142243693,0.6776704240472357
248,50.48309178743961,11.560654857756306,16.29092860976919,6.877348362855609,4.106280193236715,6.481481481481482,3.4286097691894795,0.0939345142243693,0.6776704240472357
249,50.86553945249597,11.513687600644122,16.056092324208265,6.843800322061192,4.072732152442297,6.481481481481482,3.4151905528717124,0.0939345142243693,0.6575415995705851
250,51.0601180891036,11.500268384326356,16.009125067096083,6.763285024154589,4.03918411164788,6.461352657004831,3.4151905528717124,0.0939345142243693,0.6575415995705851
251,50.905797101449274,11.399624261943103,15.861513687600644,7.212828770799785,4.025764895330113,6.4412238325281805,3.4017713365539453,0.0939345142243693,0.6575415995705851
252,51.09366612989801,11.285560923242082,15.76086956521739,7.1658615136876005,4.025764895330113,6.400966183574879,3.3950617283950617,0.0939345142243693,0.7783145464304885
253,51.71765968867418,11.09098228663446,15.619967793880837,7.03166935050993,4.005636070853462,6.300322061191626,3.361513687600644,0.0939345142243693,0.7783145464304885
254,52.29468599033817,10.990338164251208,15.304616210413311,7.004830917874396,3.9519592055823938,6.219806763285024,3.361513687600644,0.0939345142243693,0.7783145464304885
255,52.274557165861516,10.990338164251208,15.250939345142244,6.998121309715513,4.0995705850778315,6.219806763285024,3.294417606011809,0.0939345142243693,0.7783145464304885
256,52.42216854535695,10.943370907139023,15.170424047235642,6.998121309715513,4.0995705850778315,6.199677938808374,3.294417606011809,0.0939345142243693,0.7783145464304885
257,52.50939345142244,10.916532474503489,15.116747181964573,6.984702093397746,4.045893719806763,6.286902844873859,3.2675791733762747,0.0939345142243693,0.7783145464304885
258,52.905260332796566,10.916532474503489,14.774557165861514,6.957863660762212,4.045893719806763,6.266774020397209,3.260869565217391,0.0939345142243693,0.7783145464304885
