,45,50,51,52,55,54,53,56,58,57,59,60,61
0,96.52442297369834,3.475577026301664,,,,,,,,,,,
1,95.6052066559313,4.280730005367687,0.11406333870101985,,,,,,,,,,
2,94.67928073000537,5.112721417069243,0.11406333870101985,0.0939345142243693,,,,,,,,,
3,93.5654857756307,6.199677938808374,0.11406333870101985,0.0939345142243693,0.026838432635534086,,,,,,,,
4,91.3714439076758,8.132045088566828,0.08722490606548577,0.0939345142243693,0.026838432635534086,0.2885131508319914,,,,,,,
5,90.8749329039184,8.628556092324208,0.08722490606548577,0.0939345142243693,0.026838432635534086,0.2885131508319914,,,,,,,
6,89.84836285560924,9.386741814278047,0.2549651100375738,0.0939345142243693,0.06038647342995169,0.2885131508319914,0.06709608158883522,,,,,,
7,88.01663982823403,11.037305421363392,0.43612453032742887,0.0939345142243693,0.06038647342995169,0.2885131508319914,0.06709608158883522,,,,,,
8,87.75496511003757,11.18491680085883,0.46296296296296297,0.0939345142243693,0.14761137949543746,0.2885131508319914,0.06709608158883522,,,,,,
9,87.48658078368223,11.426462694578637,0.48980139559849706,0.0939345142243693,0.14761137949543746,0.2885131508319914,0.06709608158883522,,,,,,
10,82.6959205582394,16.09634997316157,0.6239935587761675,,0.1878690284487386,0.28180354267310787,0.11406333870101985,,,,,,
11,76.31508319914117,22.29602791196994,0.5770263016639828,0.14090177133655393,0.14761137949543746,0.4092860976918948,0.11406333870101985,,,,,,
12,72.89989264626946,25.597155126140635,0.48980139559849706,0.14090177133655393,0.3153515834675255,0.4428341384863124,0.11406333870101985,,,,,,
13,68.69967793880838,29.428341384863124,0.6374127750939346,0.14090177133655393,0.38915727321524424,0.5904455179817498,0.11406333870101985,,,,,,
14,67.94149221685454,30.01207729468599,0.6642512077294686,0.14090177133655393,0.38915727321524424,0.5770263016639828,0.27509393451422437,,,,,,
15,67.64626945786367,29.750402576489535,0.6977992485238862,0.46296296296296297,0.47638217928073,0.6642512077294686,0.30193236714975846,,,,,,
16,63.05018786902845,32.910628019323674,1.9189479334406871,0.4562533548040794,0.6977992485238862,0.6642512077294686,0.30193236714975846,,,,,,
17,61.198336017176594,34.50080515297907,1.9524959742351047,0.4562533548040794,0.7783145464304885,0.8118625872249061,0.30193236714975846,,,,,,
18,61.07085346215781,33.883521202361784,2.059849704777241,0.4495437466451959,1.2748255501878691,0.9594739667203436,0.30193236714975846,,,,,,
19,59.43370907139023,34.004294149221685,3.6634460547504024,0.4495437466451959,1.2949543746645196,0.8118625872249061,0.30193236714975846,0.040257648953301126,,,,,
20,58.682232957595275,34.27938808373591,3.878153515834675,0.48980139559849706,1.328502415458937,0.9057971014492754,0.39586688137412773,0.040257648953301126,,,,,
21,58.675523349436396,34.17874396135266,3.878153515834675,0.5166398282340311,1.3687600644122384,0.9057971014492754,0.4092860976918948,0.06709608158883522,,,,,
22,58.48765432098765,34.064680622651636,3.938539989264627,0.5434782608695652,1.4962426194310252,0.9326355340848095,0.46967257112184646,0.06709608158883522,,,,,
23,52.97906602254428,39.49946323134729,3.844605475040258,0.6910896403650026,1.6572732152442298,0.8789586688137413,0.36231884057971014,0.08722490606548577,,,,,
24,51.328502415458935,38.821792807300056,5.958132045088567,0.6910896403650026,1.8250134192163177,0.8789586688137413,0.3824476650563607,0.11406333870101985,,,,,
25,51.13392377885131,38.727858293075684,6.146001073537305,0.6843800322061192,1.8518518518518519,0.8655394524959742,0.47638217928073,0.11406333870101985,,,,,
26,51.247987117552334,38.41250670960816,6.092324208266238,0.6508319914117016,1.8518518518518519,0.9863123993558777,0.644122383252818,0.11406333870101985,,,,,
27,50.919216317767045,38.177670424047236,6.031937734836285,0.6575415995705851,1.9457863660762211,0.9594739667203436,1.0802469135802468,0.2281266774020397,,,,,
28,50.84541062801932,38.137412775093935,6.038647342995169,0.6910896403650026,2.01959205582394,0.9796027911969941,1.0399892646269457,0.24825550187869028,,,,,
29,50.24825550187869,35.53408480944713,6.172839506172839,2.281266774020397,1.9122383252818036,2.6502952227589907,0.95276435856146,0.24825550187869028,,,,,
30,49.73161567364466,35.78234031132582,6.1929683306494905,2.1940418679549114,2.2410091250670963,2.623456790123457,0.9393451422436929,0.2616747181964573,0.03354804079441761,,,,
31,49.47665056360709,35.50053676865271,6.3070316693505095,2.49597423510467,2.3349436392914655,2.623456790123457,0.9393451422436929,0.2885131508319914,0.03354804079441761,,,,
32,48.101180891035966,35.07783145464305,7.930756843800322,2.5161030595813205,2.5295222758990876,2.5429414922168547,0.9863123993558777,0.2885131508319914,0.026838432635534086,,,,
33,47.46376811594203,35.44015029522276,7.85024154589372,2.6502952227589907,2.5429414922168547,2.5563607085346214,1.1205045625335481,0.3488996242619431,0.026838432635534086,,,,
34,43.55877616747182,38.51315083199141,8.675523349436393,2.522812667740204,2.6301663982823404,2.5161030595813205,1.2077294685990339,0.3488996242619431,0.026838432635534086,,,,
35,43.74664519592056,38.27160493827161,8.581588835212024,2.509393451422437,2.791196994095545,2.5026838432635534,1.2010198604401503,0.33548040794417605,0.026838432635534086,0.03354804079441761,,,
36,38.117283950617285,42.33762748255502,10.654857756307031,2.2611379495437465,2.563070316693505,2.5966183574879227,1.0131508319914118,0.39586688137412773,0.026838432635534086,0.03354804079441761,,,
37,38.30515297906602,41.84111647879764,10.648148148148149,2.38191089640365,2.737520128824477,2.5966183574879227,1.0064412238325282,0.4227053140096618,0.026838432635534086,0.03354804079441761,,,
38,38.34541062801932,41.8142780461621,10.648148148148149,2.3483628556092326,2.7643585614600106,2.5697799248523885,1.0064412238325282,0.4428341384863124,0.026838432635534086,0.03354804079441761,,,
39,38.486312399355874,41.42512077294686,10.59447128287708,2.2611379495437465,2.8515834675254963,2.7241009125067097,1.1540526033279657,0.4428341384863124,0.026838432635534086,0.03354804079441761,,,
40,35.41331186258722,44.22302737520129,10.420021470746109,2.254428341384863,2.871712292002147,2.85829307568438,1.415727321524423,0.4830917874396135,0.026838432635534086,0.03354804079441761,,,
41,35.18518518518518,44.12238325281803,10.513955984970478,2.2879763821792807,3.0193236714975846,2.7979066022544283,1.4626945786366077,0.5501878690284487,0.026838432635534086,0.03354804079441761,,,
42,35.35292538915727,43.39103596349973,10.641438539989265,2.2745571658615136,3.1602254428341383,3.1199677938808374,1.4626945786366077,0.5367686527106817,0.026838432635534086,0.03354804079441761,,,
43,32.35373054213634,46.83977455716586,10.205314009661835,2.2946859903381642,3.4621578099838968,2.8515834675254963,1.4224369296833066,0.5099302200751477,0.026838432635534086,0.03354804079441761,,,
44,32.326892109500804,46.43719806763285,10.352925389157273,2.2745571658615136,3.4017713365539453,3.079710144927536,1.5029522275899088,0.5367686527106817,0.026838432635534086,0.03354804079441761,0.026838432635534086,,
45,30.66290928609769,47.98040794417606,10.279119699409554,2.254428341384863,3.515834675254965,3.1602254428341383,1.4895330112721417,0.5703166935050993,0.026838432635534086,0.03354804079441761,0.026838432635534086,,
46,29.69001610305958,49.543746645195924,10.151637144390767,2.1739130434782608,3.307836822329576,2.9388083735909825,1.5365002683843263,0.5703166935050993,0.026838432635534086,0.03354804079441761,0.026838432635534086,,
47,29.522275899087493,48.067632850241544,12.151100375738057,2.1806226516371443,3.2139023081052067,2.8247450348899625,1.442565754159957,0.5099302200751477,0.026838432635534086,0.03354804079441761,0.026838432635534086,,
48,29.09957058507783,48.52388620504563,11.869296833064949,2.3215244229736984,3.294417606011809,2.6972624798711755,1.583467525496511,0.5233494363929146,0.026838432635534086,0.03354804079441761,0.026838432635534086,,
49,29.448470209339774,48.14143853998927,11.654589371980677,2.341653247450349,3.374932903918411,2.737520128824477,1.5499194847020934,0.6642512077294686,0.026838432635534086,0.03354804079441761,0.026838432635534086,,
50,29.562533548040793,46.75925925925926,11.681427804616211,3.227321524422974,3.569511540526033,2.8784219001610305,1.570048309178744,0.6642512077294686,0.026838432635534086,0.03354804079441761,0.026838432635534086,,
51,27.334943639291467,54.05260332796565,7.5348899624261945,3.0595813204508855,3.180354267310789,2.831454643048846,1.6237251744498122,0.2952227589908749,0.026838432635534086,0.03354804079441761,0.026838432635534086,,
52,27.623456790123456,53.5426731078905,7.601986044015029,3.0327428878153517,3.3413848631239937,2.898550724637681,1.5767579173376274,0.2952227589908749,0.026838432635534086,0.03354804079441761,0.026838432635534086,,
53,27.9723564143854,52.703972088030056,7.474503488996243,3.126677402039721,3.7775093934514223,2.898550724637681,1.5633387010198605,0.39586688137412773,0.026838432635534086,0.03354804079441761,0.026838432635534086,,
54,27.9723564143854,52.10681696188943,7.461084272678476,3.3011272141706924,4.2270531400966185,2.9119699409554483,1.5365002683843263,0.39586688137412773,0.026838432635534086,0.03354804079441761,0.026838432635534086,,
55,26.25469672571122,48.66478797638218,12.446323134728932,3.280998389694042,4.1532474503489,3.0193236714975846,1.6975308641975309,0.39586688137412773,0.026838432635534086,0.03354804079441761,0.026838432635534086,,
56,25.91250670960816,45.967525496511,13.506441223832528,3.260869565217391,4.528985507246377,4.636339237788513,1.7310789049919484,0.39586688137412773,0.026838432635534086,0.03354804079441761,,,
57,25.509930220075148,43.73322597960279,16.586151368760063,3.1468062265163717,4.327697262479871,4.683306494900698,1.5029522275899088,0.4227053140096618,0.026838432635534086,0.06038647342995169,,,
58,24.550456253354803,44.34380032206119,16.908212560386474,3.1602254428341383,4.367954911433173,4.7101449275362315,1.42914653784219,0.4428341384863124,0.026838432635534086,0.06038647342995169,,,
59,24.510198604401502,43.79361245303274,16.626409017713364,3.240740740740741,5.059044551798175,4.5960815888352125,1.5767579173376274,0.46967257112184646,0.026838432635534086,0.10064412238325282,,,
60,24.67793880837359,43.65271068169619,16.384863123993558,3.2474503488996245,5.280461621041331,4.5960815888352125,1.556629092860977,0.47638217928073,0.026838432635534086,0.10064412238325282,,,
61,24.812130971551262,43.23000536768653,16.25067096081589,3.3145464304884595,5.488459473966721,4.730273752012883,1.5365002683843263,0.5099302200751477,0.026838432635534086,0.10064412238325282,,,
62,24.86580783682233,43.001878690284485,16.056092324208265,3.307836822329576,5.6964573268921095,4.8376274825550185,1.5767579173376274,0.49651100375738055,0.026838432635534086,0.10064412238325282,0.03354804079441761,,
63,24.570585077831456,41.92163177670424,17.371175523349436,2.8918411164787976,6.246645195920558,4.87788513150832,1.4626945786366077,0.5233494363929146,0.026838432635534086,0.07380568974771873,0.03354804079441761,,
64,24.771873322597962,41.41170155662909,17.250402576489535,2.898550724637681,6.468062265163715,4.824208266237251,1.6572732152442298,0.5837359098228664,0.026838432635534086,0.07380568974771873,0.03354804079441761,,
65,24.825550187869027,41.1634460547504,17.163177670424048,2.9052603327965647,6.488191089640365,5.045625335480408,1.724369296833065,0.5501878690284487,0.026838432635534086,0.07380568974771873,0.03354804079441761,,
66,24.90606548577563,39.2512077294686,16.847826086956523,2.871712292002147,7.971014492753623,5.636070853462158,1.7176596886741815,0.630703166935051,0.026838432635534086,0.07380568974771873,0.06709608158883522,,
67,24.751744498121308,37.23161567364466,19.216317767042405,2.871712292002147,7.776435856146001,5.615942028985507,1.5633387010198605,0.8185721953837896,0.026838432635534086,0.07380568974771873,0.05367686527106817,,
68,24.436392914653783,36.111111111111114,20.74610842726785,2.703972088030059,7.64224369296833,5.589103596349974,1.556629092860977,1.0198604401502953,0.026838432635534086,0.11406333870101985,0.05367686527106817,,
69,24.610842726784757,34.54777241009125,20.652173913043477,4.42163177670424,7.447665056360709,5.555555555555555,1.556629092860977,1.0131508319914118,0.026838432635534086,0.11406333870101985,0.05367686527106817,,
70,24.724906065485776,34.346484165324746,20.44417606011809,4.388083735909823,7.434245840042942,5.71658615136876,1.737788513150832,1.0131508319914118,0.026838432635534086,0.11406333870101985,0.05367686527106817,,
71,24.718196457326894,32.6556629092861,20.142243692968332,4.367954911433173,7.226247987117552,6.139291465378422,3.4957058507783145,1.0198604401502953,0.06038647342995169,0.11406333870101985,0.06038647342995169,,
72,24.879227053140095,32.30005367686527,20.088566827697264,4.320987654320987,7.347020933977456,6.125872249060655,3.5963499731615673,0.9930220075147611,0.17444981213097155,0.11406333870101985,0.06038647342995169,,
73,24.818840579710145,31.260064412238325,19.578636607622116,5.394524959742351,7.105475040257649,6.662640901771336,3.8043478260869565,1.0198604401502953,0.17444981213097155,0.12077294685990338,0.06038647342995169,,
74,24.993290391841118,30.9044551798175,19.43773483628556,5.387815351583468,7.253086419753086,6.857219538378959,3.743961352657005,0.9930220075147611,0.24825550187869028,0.12077294685990338,0.06038647342995169,,
75,25.234836285560924,30.20665593129361,19.229736983360173,5.421363392377885,7.192699946323135,6.823671497584541,4.441760601180891,1.0198604401502953,0.24825550187869028,0.12077294685990338,0.06038647342995169,,
76,25.45625335480408,29.87788513150832,19.00161030595813,5.360976918947934,7.682501341921632,6.763285024154589,4.42163177670424,1.0064412238325282,0.24825550187869028,0.12077294685990338,0.06038647342995169,,
77,25.40257648953301,28.891572732152444,21.638486312399355,5.193236714975845,6.535158346752549,6.877348362855609,3.9855072463768115,1.0466988727858293,0.24825550187869028,0.12077294685990338,0.06038647342995169,,
78,25.5703166935051,27.905260332796566,20.840042941492218,6.5552871712292005,6.535158346752549,6.971282877079979,4.119699409554482,1.0534084809447128,0.24825550187869028,0.14090177133655393,0.06038647342995169,,
79,25.684380032206118,27.697262479871174,20.075147611379496,7.387278582930757,6.561996779388084,7.024959742351046,3.965378421900161,0.9997316156736447,0.2885131508319914,0.2549651100375738,0.06038647342995169,,
80,25.201288244766506,28.904991948470208,19.692699946323135,7.199409554482019,6.400966183574879,6.998121309715513,4.019055287171229,0.9863123993558777,0.2885131508319914,0.2549651100375738,0.05367686527106817,,
81,25.489801395598498,28.69699409554482,19.236446591519055,7.092055823939882,6.595544820182502,6.971282877079979,4.294149221685454,1.0265700483091786,0.2885131508319914,0.2549651100375738,0.05367686527106817,,
82,21.235909822866343,21.16881374127751,37.88915727321525,4.723564143853999,5.059044551798175,5.0993022007514766,3.3145464304884595,0.9594739667203436,0.2885131508319914,0.24154589371980675,0.020128824476650563,,
83,21.38352120236178,21.195652173913043,37.57380568974772,4.64975845410628,5.005367686527107,5.045625335480408,3.3816425120772946,1.107085346215781,0.36231884057971014,0.27509393451422437,0.020128824476650563,,
84,21.833064949006978,21.027911969940956,37.043746645195924,4.622920021470746,5.199946323134729,5.159688674181428,3.3413848631239937,1.1137949543746646,0.36231884057971014,0.27509393451422437,0.020128824476650563,,
85,21.26945786366076,19.766505636070853,39.17740203972088,4.441760601180891,5.401234567901234,4.8443370907139025,3.2004830917874396,1.2412775093934514,0.38915727321524424,0.24825550187869028,0.020128824476650563,,
86,19.176060118089104,30.347557702630166,32.09205582393988,6.246645195920558,4.891304347826087,3.052871712292002,2.690552871712292,0.8789586688137413,0.38915727321524424,0.23483628556092323,,,
87,19.632313472893184,29.898013955984972,31.548577563070317,6.199677938808374,5.273752012882448,3.166935050993022,2.7777777777777777,0.8856682769726248,0.3824476650563607,0.23483628556092323,,,
88,20.00805152979066,29.663177670424048,31.132581857219538,6.206387546967257,5.35426731078905,3.240740740740741,2.85829307568438,0.8856682769726248,0.3824476650563607,0.2683843263553409,,,
89,20.323403113258184,29.186795491143318,30.88432635534085,6.273483628556092,5.387815351583468,3.421900161030596,2.831454643048846,0.9594739667203436,0.46296296296296297,0.2683843263553409,,,
90,20.632045088566827,28.18035426731079,30.05233494363929,6.092324208266238,5.307300053676865,5.10601180891036,2.85829307568438,0.9930220075147611,0.5099302200751477,0.2683843263553409,,,
91,20.840042941492218,27.87842190016103,29.924852388620504,6.166129898013956,5.448201825013419,5.059044551798175,2.818035426731079,1.0869565217391304,0.5099302200751477,0.2683843263553409,,,
92,21.048040794417606,27.643585614600106,29.736983360171767,6.159420289855072,5.656199677938808,5.112721417069243,2.757648953301127,1.1272141706924315,0.48980139559849706,0.2683843263553409,,,
93,21.22920021470746,27.502683843263554,29.455179817498657,6.099033816425121,5.917874396135265,5.152979066022544,2.7241009125067097,1.1473429951690821,0.48980139559849706,0.28180354267310787,,,
94,19.350509930220074,29.898013955984972,28.898282340311326,5.978260869565218,6.092324208266238,5.233494363929147,2.6301663982823404,1.1473429951690821,0.46296296296296297,0.30864197530864196,,,
95,16.57944176060118,41.888083735909824,20.739398819108963,8.816425120772946,4.374664519592056,3.535963499731616,2.4355877616747184,0.8722490606548577,0.4562533548040794,0.30193236714975846,,,
96,16.74718196457327,41.317767042404725,20.46430488459474,8.715780998389693,4.998658078368224,3.69699409554482,2.408749329039184,0.8722490606548577,0.41599570585077833,0.36231884057971014,,,
97,16.566022544283413,40.27106816961889,19.82018250134192,9.977187332259795,5.434782608695652,3.81105743424584,2.4154589371980677,0.8454106280193237,0.4495437466451959,0.4092860976918948,,,
98,16.834406870638755,39.80810520665593,19.80005367686527,9.849704777241008,5.703166935050993,3.81105743424584,2.4154589371980677,0.8454106280193237,0.4495437466451959,0.4830917874396135,,,
99,17.122920021470748,39.51959205582394,19.652442297369834,9.742351046698873,5.776972624798712,3.9519592055823938,2.3886205045625335,0.8454106280193237,0.4495437466451959,0.5233494363929146,0.026838432635534086,,
100,17.3040794417606,39.27804616210413,19.464573268921097,9.789318303811058,5.938003220611916,4.032474503488996,2.3617820719269993,0.8319914117015567,0.4495437466451959,0.5233494363929146,0.026838432635534086,,
101,17.733494363929147,38.58695652173913,19.316961889425656,9.634997316156737,6.394256575415996,4.032474503488996,2.4691358024691357,0.8319914117015567,0.47638217928073,0.5233494363929146,,,
102,18.095813204508858,38.08373590982286,19.088835212023618,9.359903381642512,6.870638754696726,4.045893719806763,2.4154589371980677,0.8454106280193237,0.5032206119162641,0.6910896403650026,,,
103,17.478529253891573,28.31454643048846,29.64975845410628,9.205582393988191,6.615673644659152,4.106280193236715,2.395330112721417,0.8990874932903918,0.5032206119162641,0.8051529790660226,,0.026838432635534086,
104,17.62614063338701,28.35480407944176,29.374664519592056,9.01100375738057,6.649221685453569,4.166666666666667,2.395330112721417,1.1205045625335481,0.46967257112184646,0.8051529790660226,,0.026838432635534086,
105,17.98174986580784,28.153515834675254,29.106280193236714,8.870101986044014,6.501610305958132,4.3478260869565215,2.475845410628019,1.1876006441223832,0.46967257112184646,0.8789586688137413,,0.026838432635534086,
106,18.438003220611915,27.750939345142243,28.77079978529254,8.84326355340848,6.635802469135802,4.314278046162104,2.5429414922168547,1.3486312399355878,0.47638217928073,0.8521202361782072,,0.026838432635534086,
107,18.659420289855074,27.482555018786904,28.395061728395063,8.76274825550188,6.837090713902308,4.461889425657541,2.6033279656468062,1.3821792807300053,0.47638217928073,0.9125067096081588,,0.026838432635534086,
108,18.59903381642512,27.066559312936125,28.401771336553946,8.896940418679549,6.991411701556629,4.51556629092861,2.657004830917874,1.42914653784219,0.47638217928073,0.9393451422436929,,0.026838432635534086,
109,18.746645195920557,26.663982823403114,28.019323671497585,8.836553945249598,7.447665056360709,4.488727858293076,2.717391304347826,1.6505636070853462,0.5032206119162641,0.8990874932903918,,0.026838432635534086,
110,19.048577563070317,26.40901771336554,27.811325818572197,8.735909822866345,7.595276435856146,4.508856682769726,2.7241009125067097,1.7579173376274826,0.5032206119162641,0.8789586688137413,,0.026838432635534086,
111,17.21014492753623,21.980676328502415,38.92243692968331,7.1658615136876005,6.5552871712292005,3.7238325281803544,1.892109500805153,1.6170155662909287,0.08722490606548577,0.8454106280193237,,,
112,17.68652710681696,21.826355340848096,38.499731615673646,7.118894256575416,6.716317767042405,3.683574879227053,1.9390767579173376,1.6170155662909287,0.06709608158883522,0.8454106280193237,,,
113,18.04213633923779,21.68545356951154,38.016639828234034,7.139023081052066,6.736446591519055,3.683574879227053,2.01959205582394,1.7646269457863661,0.06709608158883522,0.8454106280193237,,,
114,18.156199677938808,21.410359634997317,37.82206119162641,7.125603864734299,6.763285024154589,4.066022544283414,1.9793344068706387,1.7646269457863661,0.06709608158883522,0.8454106280193237,,,
115,18.391035963499732,21.26945786366076,37.466451959205585,6.937734836285561,6.937734836285561,4.213633923778851,2.120236178207193,1.7646269457863661,0.06709608158883522,0.8319914117015567,,,
116,18.800322061191626,21.22249060654858,36.882716049382715,6.910896403650026,7.159151905528717,4.17337627482555,2.1135265700483092,1.865271068169619,0.06709608158883522,0.8051529790660226,,,
117,18.99490069779925,20.967525496511005,36.63446054750403,6.769994632313473,7.682501341921632,4.200214707461084,2.046430488459474,1.9390767579173376,0.06709608158883522,0.6977992485238862,,,
118,19.189479334406872,20.759527643585614,36.16478797638218,6.877348362855609,7.823403113258186,4.133118625872249,2.2879763821792807,2.0128824476650564,0.06709608158883522,0.6843800322061192,,,
119,19.350509930220074,20.645464304884594,34.628287707997856,6.816961889425658,9.151905528717123,4.092860976918948,2.314814814814815,2.187332259796028,0.06709608158883522,0.7179280730005367,,0.026838432635534086,
120,19.786634460547504,20.48443370907139,34.21900161030596,6.796833064949007,9.151905528717123,4.139828234031133,2.15378421900161,2.3483628556092326,0.06709608158883522,0.8252818035426731,,0.026838432635534086,
121,20.249597423510465,20.155662909286097,33.93048845947396,6.756575415995706,9.125067096081589,4.166666666666667,2.2879763821792807,2.408749329039184,0.06709608158883522,0.8252818035426731,,0.026838432635534086,
122,19.90740740740741,19.685990338164252,35.17176596886742,6.286902844873859,9.098228663446054,4.367954911433173,2.200751476113795,2.4490069779924855,0.06709608158883522,0.7380568974771873,,0.026838432635534086,
123,19.826892109500804,19.196188942565755,37.546967257112186,5.112721417069243,8.997584541062801,4.240472356414386,2.1940418679549114,2.2208803005904456,0.06038647342995169,0.5434782608695652,,0.06038647342995169,
124,19.726247987117553,18.874127750939344,35.36634460547504,8.232689210950081,8.11862587224906,4.49543746645196,2.1739130434782608,2.227589908749329,0.06038647342995169,0.6642512077294686,,0.06038647342995169,
125,19.444444444444443,17.726784755770264,37.92941492216855,7.716049382716049,7.823403113258186,4.394793344068707,2.1604938271604937,2.0397208803005906,0.06038647342995169,0.644122383252818,,0.06038647342995169,
126,20.014761137949545,17.59259259259259,37.60735373054214,7.601986044015029,7.7898550724637685,4.341116478797638,2.2074610842726785,2.0531400966183573,0.06038647342995169,0.6709608158883521,,0.06038647342995169,
127,20.169082125603865,17.652979066022546,37.27858293075684,7.615405260332796,7.6556629092860975,4.394793344068707,2.2745571658615136,2.1403650026838434,0.06038647342995169,0.6709608158883521,0.026838432635534086,0.06038647342995169,
128,20.558239398819108,17.538915727321523,36.65458937198068,7.601986044015029,7.836822329575953,4.388083735909823,2.2410091250670963,2.341653247450349,0.08051529790660225,0.6709608158883521,0.026838432635534086,0.06038647342995169,
129,20.26972624798712,16.955179817498657,37.3389694041868,7.581857219538379,7.9039184111647875,4.40150295222759,2.2410091250670963,2.49597423510467,0.08051529790660225,0.6709608158883521,0.026838432635534086,0.03354804079441761,
130,20.242887815351583,16.794149221685455,37.21819645732689,7.447665056360709,8.044820182501342,4.334406870638754,2.475845410628019,2.5496511003757383,0.08051529790660225,0.7514761137949544,0.026838432635534086,0.03354804079441761,
131,20.316693505099302,16.472088030059044,36.862587224906065,7.897208803005904,7.944176060118089,4.414922168545357,2.4557165861513686,2.690552871712292,0.15432098765432098,0.7313472893183038,0.026838432635534086,0.03354804079441761,
132,20.69243156199678,16.14331723027375,36.72839506172839,7.75630703166935,8.111916264090176,4.435050993022007,2.4892646269457863,2.7241009125067097,0.15432098765432098,0.7045088566827697,0.026838432635534086,0.03354804079441761,
133,21.054750402576488,16.009125067096083,36.02388620504563,7.830112721417069,8.380300590445518,4.38137412775094,2.5161030595813205,2.885131508319914,0.15432098765432098,0.7045088566827697,0.026838432635534086,0.03354804079441761,
134,20.82662372517445,16.23054213633924,35.87627482555019,7.803274288781535,8.393719806763285,4.441760601180891,2.690552871712292,2.85829307568438,0.14090177133655393,0.6776704240472357,0.026838432635534086,0.03354804079441761,
135,20.96081588835212,16.049382716049383,35.789049919484704,7.722758990874933,8.514492753623188,4.582662372517445,2.6637144390767578,2.818035426731079,0.14090177133655393,0.6977992485238862,0.026838432635534086,0.03354804079441761,
136,21.3768115942029,15.935319377348362,35.38647342995169,7.648953301127214,8.514492753623188,4.549114331723027,2.703972088030059,3.0394524959742353,0.14090177133655393,0.6709608158883521,,0.03354804079441761,
137,21.450617283950617,15.807836822329575,35.299248523886206,7.62211486849168,8.507783145464305,4.609500805152979,2.7442297369833604,3.113258185721954,0.14090177133655393,0.6709608158883521,,0.03354804079441761,
138,21.450617283950617,15.780998389694043,34.695383789586685,7.628824476650563,8.742619431025227,4.750402576489533,2.737520128824477,3.2877079978529253,0.14090177133655393,0.7514761137949544,,0.03354804079441761,
139,21.531132581857218,15.754159957058508,34.58803005904455,7.568438003220612,8.816425120772946,4.777241009125067,2.7844873859366612,3.2340311325818574,0.14090177133655393,0.7716049382716049,,0.03354804079441761,
140,21.34326355340848,15.640096618357488,31.629092860976918,7.447665056360709,12.037037037037036,4.7168545356951155,2.818035426731079,3.3011272141706924,0.14090177133655393,0.8923778851315083,,0.03354804079441761,
141,21.64519592055824,15.552871712292003,31.34728931830381,7.434245840042942,12.117552334943639,4.783950617283951,2.7844873859366612,3.2675791733762747,0.14090177133655393,0.8923778851315083,,0.03354804079441761,
142,21.866612989801396,15.425389157273216,31.0654857756307,7.501341921631776,12.070585077831455,4.810789049919484,2.932098765432099,3.2340311325818574,0.14090177133655393,0.8856682769726248,,0.06709608158883522,
143,22.25577026301664,15.217391304347826,30.64278046162104,8.876811594202898,10.950080515297907,4.810789049919484,2.932098765432099,3.240740740740741,0.14090177133655393,0.8856682769726248,,0.04696725711218465,
144,22.208803005904453,15.163714439076758,30.48845947396672,8.76274825550188,11.030595813204508,4.931561996779388,3.012614063338701,3.3548040794417604,0.14090177133655393,0.8588298443370908,,0.04696725711218465,
145,22.228931830381107,14.928878153515834,30.005367686527105,8.742619431025227,11.09098228663446,4.9718196457326895,3.321256038647343,3.535963499731616,0.14090177133655393,0.9863123993558777,,0.04696725711218465,
146,22.25577026301664,14.78797638217928,29.911433172302736,8.601717659688674,11.097691894793345,5.246913580246914,3.294417606011809,3.656736446591519,0.14090177133655393,0.9594739667203436,,0.04696725711218465,
147,22.624798711755233,14.694041867954912,29.62962962962963,8.57487922705314,11.11111111111111,5.179817498658078,3.421900161030596,3.616478797638218,0.14090177133655393,0.9594739667203436,,0.04696725711218465,
148,19.94766505636071,27.3215244229737,21.316425120772948,10.990338164251208,9.406870638754697,4.663177670424047,2.9723564143853998,2.737520128824477,0.12077294685990338,0.47638217928073,,0.04696725711218465,
149,20.095276435856146,27.147074610842726,21.26945786366076,10.916532474503489,9.426999463231347,4.636339237788513,3.193773483628556,2.6704240472356413,0.12077294685990338,0.47638217928073,,0.04696725711218465,
150,20.088566827697264,26.96591519055287,21.792807300053678,10.762211486849168,9.172034353193773,4.730273752012883,3.166935050993022,2.6502952227589907,0.14761137949543746,0.47638217928073,,0.04696725711218465,
151,19.920826623725173,25.785024154589372,21.497584541062803,10.621309715512615,11.017176596886742,4.757112184648417,3.099838969404187,2.6033279656468062,0.14761137949543746,0.5032206119162641,,0.04696725711218465,
152,20.169082125603865,25.583735909822867,21.309715512614062,10.601180891035963,11.05072463768116,4.750402576489533,3.207192699946323,2.6301663982823404,0.14761137949543746,0.5032206119162641,,0.04696725711218465,
153,19.940955448201827,25.15432098765432,20.625335480407944,10.674986580783683,10.010735373054214,4.696725711218465,5.958132045088567,2.4020397208803006,0.10064412238325282,0.4227053140096618,,0.013419216317767043,
154,20.088566827697264,24.838969404186795,20.517981749865807,10.560923242082662,10.373054213633925,4.770531400966184,5.911164787976382,2.4020397208803006,0.10064412238325282,0.4227053140096618,,0.013419216317767043,
155,19.766505636070853,24.060654857756308,20.169082125603865,11.688137412775093,10.406602254428341,4.5960815888352125,6.280193236714976,2.368491680085883,0.10064412238325282,0.5501878690284487,,0.013419216317767043,
156,20.021470746108427,23.825818572195384,19.994632313472895,11.56736446591519,10.493827160493828,4.569243156199678,6.380837359098229,2.408749329039184,0.15432098765432098,0.5703166935050993,,0.013419216317767043,
157,20.162372517444982,23.389694041867955,19.685990338164252,11.60762211486849,10.621309715512615,4.703435319377348,6.541867954911433,2.536231884057971,0.15432098765432098,0.5837359098228664,,0.013419216317767043,
158,20.242887815351583,23.1280193236715,19.685990338164252,11.500268384326356,10.802469135802468,4.8376274825550185,6.515029522275899,2.536231884057971,0.15432098765432098,0.5837359098228664,,0.013419216317767043,
159,20.491143317230275,22.899892646269457,19.57192699946323,11.41304347826087,10.93666129898014,4.7638217928073,6.689479334406871,2.4490069779924855,0.1878690284487386,0.5837359098228664,,0.013419216317767043,
160,20.90042941492217,22.638217928073,19.592055823939884,11.379495437466453,10.929951690821255,4.7638217928073,6.649221685453569,2.4154589371980677,0.17444981213097155,0.5434782608695652,,0.013419216317767043,
161,21.041331186258724,22.282608695652176,20.26972624798712,11.252012882447666,10.72866344605475,4.656468062265164,6.3137412775093935,2.589908749329039,0.24825550187869028,0.5367686527106817,0.06709608158883522,0.013419216317767043,
162,21.30300590445518,22.088030059044552,19.96779388083736,11.178207192699947,10.849436392914654,5.052334943639291,6.099033816425121,2.576489533011272,0.27509393451422437,0.5300590445517982,0.06709608158883522,0.013419216317767043,
163,20.98094471282877,21.87332259796028,21.4170692431562,10.493827160493828,10.82259796027912,4.99194847020934,6.105743424584004,2.6502952227589907,0.27509393451422437,0.2885131508319914,0.06709608158883522,0.03354804079441761,
164,20.611916264090176,21.497584541062803,22.73886205045625,10.165056360708535,10.681696188942565,4.817498658078368,6.025228126677402,2.7308105206655933,0.30193236714975846,0.32877079978529256,0.06709608158883522,0.03354804079441761,
165,20.8870101986044,21.370101986044016,22.537573805689746,10.02415458937198,10.742082662372518,4.871175523349437,6.018518518518518,2.844873859366613,0.3153515834675255,0.2885131508319914,0.06709608158883522,0.03354804079441761,
166,21.256038647342994,21.108427267847556,22.061191626409016,10.084541062801932,10.929951690821255,4.824208266237251,6.045356951154052,2.9924852388620504,0.3153515834675255,0.28180354267310787,0.06709608158883522,0.03354804079441761,
167,21.598228663446054,20.954106280193237,21.994095544820183,10.02415458937198,10.63472893183038,4.938271604938271,6.146001073537305,2.9790660225442833,0.3153515834675255,0.3153515834675255,0.06709608158883522,0.03354804079441761,
168,20.638754696725712,19.35721953837896,22.21551261406334,10.815888352120236,10.144927536231885,7.192699946323135,6.125872249060655,2.9723564143853998,0.15432098765432098,0.28180354267310787,0.06709608158883522,0.03354804079441761,
169,20.7662372517445,18.99490069779925,22.16183574879227,10.802469135802468,10.171765968867419,7.434245840042942,6.052066559312936,3.052871712292002,0.15432098765432098,0.28180354267310787,0.0939345142243693,0.03354804079441761,
170,21.07487922705314,18.49838969404187,21.973966720343533,10.86285560923242,10.493827160493828,7.367149758454106,6.099033816425121,3.0394524959742353,0.15432098765432098,0.30864197530864196,0.0939345142243693,0.03354804079441761,
171,21.22249060654858,18.23671497584541,21.557971014492754,10.84272678475577,10.896403650026839,7.447665056360709,6.139291465378422,3.066290928609769,0.15432098765432098,0.30864197530864196,0.0939345142243693,0.03354804079441761,
172,21.20907139023081,17.68652710681696,21.24261943102523,10.849436392914654,10.909822866344605,7.0450885668276975,7.380568974771873,3.0864197530864197,0.15432098765432098,0.30864197530864196,0.0939345142243693,0.03354804079441761,
173,21.26274825550188,17.538915727321523,21.034621578099838,10.674986580783683,10.889694041867955,7.132313472893183,7.4141170155662905,3.455448201825013,0.1610305958132045,0.30864197530864196,0.0939345142243693,0.03354804079441761,
174,21.490874932903917,17.518786902844873,20.819914117015568,10.721953837895867,10.990338164251208,6.937734836285561,7.4006977992485234,3.515834675254965,0.1878690284487386,0.2885131508319914,0.0939345142243693,0.03354804079441761,
175,21.578099838969404,17.45169082125604,20.74610842726785,10.681696188942565,10.963499731615673,7.011540526033279,7.340311325818572,3.5225442834138487,0.20799785292538917,0.30864197530864196,0.15432098765432098,0.03354804079441761,
176,21.85990338164251,17.223564143854,20.705850778314545,10.695115405260333,10.950080515297907,6.998121309715513,7.333601717659689,3.4621578099838968,0.24154589371980675,0.30864197530864196,0.15432098765432098,0.06709608158883522,
177,22.054482018250134,16.908212560386474,20.611916264090176,10.487117552334944,11.272141706924316,6.937734836285561,7.434245840042942,3.3816425120772946,0.2549651100375738,0.41599570585077833,0.15432098765432098,0.08722490606548577,
178,22.269189479334408,16.78743961352657,20.457595276435857,10.352925389157273,11.252012882447666,6.944444444444445,7.467793880837359,3.4957058507783145,0.2549651100375738,0.4830917874396135,0.14761137949543746,0.08722490606548577,
179,22.262479871175522,16.6935050993022,20.283145464304884,10.352925389157273,11.272141706924316,6.9310252281266775,7.635534084809447,3.5426731078904994,0.2683843263553409,0.4830917874396135,0.1878690284487386,0.08722490606548577,
180,22.376543209876544,16.53918411164788,19.89398819108964,10.393183038110575,11.386205045625335,6.857219538378959,7.809983896940419,3.569511540526033,0.4025764895330113,0.4830917874396135,0.20128824476650564,0.08722490606548577,
181,22.604669887278583,16.304347826086957,19.94766505636071,10.38647342995169,11.386205045625335,6.991411701556629,7.575147611379496,3.5762211486849167,0.4562533548040794,0.5032206119162641,0.20128824476650564,0.06709608158883522,
182,22.926731078904993,16.210413311862588,19.786634460547504,10.305958132045088,11.3593666129898,6.957863660762212,7.467793880837359,3.616478797638218,0.5367686527106817,0.5367686527106817,0.2281266774020397,0.06709608158883522,
183,23.13472893183038,16.11647879763822,19.699409554482017,10.373054213633925,11.312399355877616,7.011540526033279,7.360440150295223,3.589640365002684,0.5300590445517982,0.5770263016639828,0.2281266774020397,0.06709608158883522,
184,23.282340311325818,15.942028985507246,19.51154052603328,10.25228126677402,11.406333870101985,7.159151905528717,7.427536231884058,3.589640365002684,0.5300590445517982,0.5971551261406334,0.23483628556092323,0.06709608158883522,
185,23.081052066559312,15.693773483628556,19.07541599570585,10.057702630166398,11.18491680085883,7.246376811594203,8.722490606548577,3.5628019323671496,0.43612453032742887,0.6374127750939346,0.23483628556092323,0.06709608158883522,
186,23.336017176596886,15.673644659151906,18.988191089640367,10.091250670960816,11.198336017176597,7.139023081052066,8.682232957595277,3.556092324208266,0.43612453032742887,0.6374127750939346,0.19457863660762212,0.06709608158883522,
187,23.470209339774556,15.53274288781535,18.98148148148148,10.19189479334407,11.2788513150832,7.125603864734299,8.57487922705314,3.5225442834138487,0.43612453032742887,0.6239935587761675,0.19457863660762212,0.06709608158883522,
188,23.711755233494365,15.365002683843263,18.84728931830381,10.151637144390767,11.252012882447666,7.246376811594203,8.57487922705314,3.5292538915727323,0.43612453032742887,0.6239935587761675,0.19457863660762212,0.06709608158883522,
189,23.960010735373054,15.26435856146001,18.753354804079443,10.131508319914117,11.20504562533548,7.326892109500805,8.501073537305421,3.5426731078904994,0.43612453032742887,0.6239935587761675,0.1878690284487386,0.06709608158883522,
190,24.168008588298445,15.157004830917874,18.719806763285025,10.0979602791197,11.3191089640365,7.27992485238862,8.427267847557703,3.515834675254965,0.43612453032742887,0.6239935587761675,0.1878690284487386,0.06709608158883522,
191,24.282071926999464,15.13016639828234,18.572195383789587,10.198604401502953,11.211755233494364,7.37385936661299,8.3467525496511,3.455448201825013,0.4495437466451959,0.6977992485238862,0.1878690284487386,0.0939345142243693,
192,23.960010735373054,13.922436929683306,18.411164787976382,10.23215244229737,13.023349436392914,7.306763285024155,8.407139023081053,3.307836822329576,0.4495437466451959,0.6977992485238862,0.1878690284487386,0.0939345142243693,
193,23.8191089640365,13.81508319914117,20.108695652173914,10.044283413848632,11.976650563607086,7.313472893183038,8.3467525496511,3.2139023081052067,0.41599570585077833,0.6910896403650026,0.17444981213097155,0.08051529790660225,
194,23.91304347826087,13.667471819645733,20.001341921631777,9.98389694041868,12.191358024691358,7.03166935050993,8.393719806763285,3.2004830917874396,0.39586688137412773,0.7246376811594203,0.41599570585077833,0.08051529790660225,
195,24.02710681696189,13.513150831991412,19.659151905528716,9.856414385399892,12.506709608158884,7.306763285024155,8.407139023081053,3.2139023081052067,0.39586688137412773,0.6374127750939346,0.39586688137412773,0.08051529790660225,
196,23.946591519055286,12.560386473429952,19.55179817498658,9.77589908749329,12.372517444981213,7.14573268921095,10.030864197530864,3.1602254428341383,0.39586688137412773,0.5837359098228664,0.39586688137412773,0.08051529790660225,
197,24.053945249597422,12.332259796027913,19.209608158883523,9.64170692431562,12.453032742887816,6.991411701556629,10.715244229736983,3.166935050993022,0.39586688137412773,0.5636070853462157,0.39586688137412773,0.08051529790660225,
