,45,50,51,52,53,55,54,56,57
0,100.0,,,,,,,,
1,96.21578099838969,3.784219001610306,,,,,,,
2,96.02120236178207,3.978797638217928,,,,,,,
3,95.83333333333333,4.166666666666667,,,,,,,
4,95.83333333333333,4.166666666666667,,,,,,,
5,94.75979602791197,5.24020397208803,,,,,,,
6,90.09661835748793,9.903381642512077,,,,,,,
7,90.09661835748793,9.903381642512077,,,,,,,
8,89.70746108427268,10.292538915727322,,,,,,,
9,85.85614600107354,14.143853998926463,,,,,,,
10,81.73644659151906,17.08937198067633,1.1741814278046163,,,,,,
11,80.2133655394525,18.49838969404187,1.288244766505636,,,,,,
12,80.46162104133118,18.250134192163177,1.288244766505636,,,,,,
13,80.07917337627482,18.632581857219538,1.288244766505636,,,,,,
14,79.91143317230274,18.075684380032207,2.0128824476650564,,,,,,
15,77.30810520665594,20.679012345679013,2.0128824476650564,,,,,,
16,77.40874932903918,20.578368223295758,2.0128824476650564,,,,,,
17,77.61674718196457,19.129092860976918,2.0128824476650564,1.2412775093934514,,,,,
18,75.26167471819646,21.484165324745035,2.0128824476650564,1.2412775093934514,,,,,
19,75.38244766505636,21.36339237788513,2.0128824476650564,1.2412775093934514,,,,,
20,74.4296833064949,22.31615673644659,2.0128824476650564,1.2412775093934514,,,,,
21,74.45652173913044,22.289318303811058,2.0128824476650564,1.2412775093934514,,,,,
22,74.48336017176597,22.262479871175522,2.0128824476650564,1.2412775093934514,,,,,
23,73.7788513150832,20.987654320987655,0.2616747181964573,4.9718196457326895,,,,,
24,73.07434245840042,21.692163177670423,0.2616747181964573,4.696725711218465,0.27509393451422437,,,,
25,72.83279656468062,21.93370907139023,0.2616747181964573,4.696725711218465,0.27509393451422437,,,,
26,72.69189479334406,22.074610842726784,0.2616747181964573,4.696725711218465,0.27509393451422437,,,,
27,54.82420826623725,37.88244766505636,2.0665593129361244,4.461889425657541,0.27509393451422437,0.48980139559849706,,,
28,53.97208803005905,38.74127750939345,2.0665593129361244,4.455179817498658,0.27509393451422437,0.48980139559849706,,,
29,52.07997852925389,40.633387010198604,2.0665593129361244,4.455179817498658,0.27509393451422437,0.48980139559849706,,,
30,52.30810520665593,40.405260332796566,2.0665593129361244,4.455179817498658,0.27509393451422437,0.48980139559849706,,,
31,52.38191089640365,39.82823403113258,2.2745571658615136,4.166666666666667,0.5300590445517982,0.8185721953837896,,,
32,52.05984970477724,39.29817498658078,2.2745571658615136,5.025496511003757,0.5233494363929146,0.8185721953837896,,,
33,52.13365539452496,38.20450885668277,5.803811057434245,2.5429414922168547,0.49651100375738055,0.8185721953837896,,,
34,52.09339774557166,37.07058507783145,5.803811057434245,2.5429414922168547,2.046430488459474,0.4428341384863124,,,
35,51.932367149758456,36.99677938808374,5.783682232957595,2.7979066022544283,2.046430488459474,0.4428341384863124,,,
36,51.650563607085346,37.07729468599034,5.783682232957595,2.7979066022544283,2.046430488459474,0.644122383252818,,,
37,51.16747181964573,37.533548040794415,5.756843800322061,2.7979066022544283,2.100107353730542,0.644122383252818,,,
38,50.999731615673646,36.3191089640365,5.756843800322061,2.7979066022544283,2.100107353730542,0.644122383252818,1.3821792807300053,,
39,51.07353730542136,36.312399355877616,5.730005367686527,2.771068169618894,2.086688137412775,0.644122383252818,1.3821792807300053,,
40,51.64385399892646,35.768921095008054,5.730005367686527,2.7442297369833604,2.086688137412775,0.644122383252818,1.3821792807300053,,
41,51.570048309178745,35.95679012345679,5.6964573268921095,2.6637144390767578,2.086688137412775,0.644122383252818,1.3821792807300053,,
42,51.10708534621578,34.614868491680085,7.320182501341922,2.6637144390767578,1.9592055823939882,0.95276435856146,1.3821792807300053,,
43,47.90660225442834,37.775093934514224,7.185990338164252,2.5697799248523885,1.932367149758454,0.9259259259259259,1.7042404723564144,,
44,47.98040794417606,37.72812667740204,7.185990338164252,2.5697799248523885,1.932367149758454,0.9259259259259259,1.6774020397208802,,
45,40.01610305958132,53.247450348899626,2.999194847020934,1.2412775093934514,0.35560923242082665,0.8722490606548577,1.2681159420289856,,
46,39.99597423510467,42.52549651100376,14.620236178207193,1.2077294685990339,0.2683843263553409,0.6508319914117016,0.7313472893183038,,
47,40.24422973698336,42.27724100912507,14.620236178207193,1.2077294685990339,0.2683843263553409,0.6508319914117016,0.7313472893183038,,
48,39.98926462694579,42.53220611916264,14.620236178207193,1.2077294685990339,0.2683843263553409,0.6508319914117016,0.7313472893183038,,
49,40.063070316693505,42.45840042941492,14.620236178207193,1.2077294685990339,0.2683843263553409,0.6508319914117016,0.7313472893183038,,
50,40.29790660225443,42.089371980676326,14.432367149758454,1.2077294685990339,0.2683843263553409,0.9728931830381106,0.7313472893183038,,
51,40.31803542673108,42.069243156199676,14.432367149758454,1.2077294685990339,0.2683843263553409,0.9728931830381106,0.7313472893183038,,
52,37.9898013955985,40.666935050993025,18.16290928609769,1.2077294685990339,0.2683843263553409,0.9728931830381106,0.7313472893183038,,
53,37.76838432635534,39.761137949543745,16.6532474503489,2.3081052066559313,0.5166398282340311,2.3081052066559313,0.6843800322061192,,
54,38.06360708534621,39.17740203972088,16.626409017713364,2.3081052066559313,0.5166398282340311,2.623456790123457,0.6843800322061192,,
55,38.17096081588835,39.110305958132045,16.586151368760063,2.3081052066559313,0.5166398282340311,2.623456790123457,0.6843800322061192,,
56,38.29844337090714,37.68115942028985,16.344605475040257,2.2946859903381642,0.5166398282340311,3.9720880300590444,0.6843800322061192,0.20799785292538917,
57,38.33870101986044,37.67444981213097,16.337895866881375,2.2745571658615136,0.7112184648416533,3.770799785292539,0.6843800322061192,0.20799785292538917,
58,38.61379495437466,37.42619431025228,16.33118625872249,2.2745571658615136,0.7112184648416533,3.750670960815888,0.6843800322061192,0.20799785292538917,
59,37.224906065485776,36.808910359635,17.07595276435856,3.535963499731616,0.7112184648416533,3.750670960815888,0.6843800322061192,0.20799785292538917,
60,37.01690821256039,35.41331186258722,18.511808910359633,3.535963499731616,0.7112184648416533,3.9184111647879765,0.6843800322061192,0.20799785292538917,
61,37.063875469672574,35.20531400966183,18.451422436929683,3.7573805689747717,0.7112184648416533,3.9184111647879765,0.6843800322061192,0.20799785292538917,
62,37.07729468599034,34.997316156736446,17.961621041331185,3.7573805689747717,1.3352120236178207,3.7372517444981215,0.9259259259259259,0.20799785292538917,
63,37.104133118625874,34.98389694041868,17.444981213097154,3.7573805689747717,1.3352120236178207,4.240472356414386,0.9259259259259259,0.20799785292538917,
64,37.003488996242616,34.447128287708,18.270263016639827,3.569511540526033,1.3352120236178207,4.240472356414386,0.9259259259259259,0.20799785292538917,
65,36.69484702093398,32.48792270531401,17.330917874396135,3.569511540526033,1.3352120236178207,6.293612453032743,0.6843800322061192,1.6035963499731616,
66,36.37949543746645,30.535426731078903,16.894793344068706,4.549114331723027,3.6097691894793345,5.8172302737520125,0.6105743424584005,1.6035963499731616,
67,36.594202898550726,30.3743961352657,16.794149221685455,4.643048845947397,3.5091250670960816,5.756843800322061,0.7246376811594203,1.6035963499731616,
68,36.37278582930757,29.240472356414386,16.914922168545356,4.643048845947397,3.3145464304884595,5.629361245303274,2.059849704777241,1.8250134192163177,
69,36.191626409017715,29.441760601180892,16.894793344068706,4.643048845947397,3.3145464304884595,5.629361245303274,2.059849704777241,1.8250134192163177,
70,35.869565217391305,30.099302200751477,16.53918411164788,4.575952764358561,3.3145464304884595,5.71658615136876,2.059849704777241,1.8250134192163177,
71,35.990338164251206,29.542404723564143,15.975577026301664,5.8172302737520125,3.0730005367686526,5.71658615136876,2.059849704777241,1.8250134192163177,
72,36.07085346215781,29.51556629092861,15.653515834675256,5.8172302737520125,3.408480944712829,5.649490069779925,2.059849704777241,1.8250134192163177,
73,36.40633387010199,29.49543746645196,15.365002683843263,5.8172302737520125,3.408480944712829,5.649490069779925,2.059849704777241,1.7981749865807837,
74,33.682232957595275,32.26650563607085,15.318035426731079,5.8172302737520125,3.408480944712829,5.649490069779925,2.059849704777241,1.7981749865807837,
75,33.97074610842727,32.23966720343532,15.297906602254429,5.642780461621041,3.374932903918411,5.649490069779925,2.0263016639828235,1.7981749865807837,
76,34.11835748792271,32.23295759527644,15.183843263553408,5.615942028985507,3.374932903918411,5.649490069779925,2.0263016639828235,1.7981749865807837,
77,34.13848631239936,32.22624798711755,15.183843263553408,5.615942028985507,3.374932903918411,5.649490069779925,2.0263016639828235,1.7847557702630166,
78,33.400429414922165,33.10520665593129,14.78797638217928,5.595813204508857,3.7037037037037037,5.595813204508857,2.0263016639828235,1.7847557702630166,
79,33.702361782071925,32.830112721417066,14.78797638217928,5.5689747718733225,3.7037037037037037,5.595813204508857,2.0263016639828235,1.7847557702630166,
80,33.49436392914654,32.628824476650564,14.445786366076222,5.522007514761138,3.5225442834138487,5.421363392377885,3.066290928609769,1.8988191089640365,
81,33.60842726784756,32.57514761137949,14.432367149758454,5.522007514761138,3.475577026301664,5.421363392377885,3.066290928609769,1.8988191089640365,
82,33.59500805152979,32.058507783145465,13.761406333870102,6.723027375201288,3.475577026301664,5.421363392377885,3.066290928609769,1.8988191089640365,
83,33.42055823939882,32.05179817498658,13.01663982823403,6.723027375201288,3.475577026301664,5.421363392377885,4.066022544283414,1.8250134192163177,
84,33.19243156199678,30.770263016639827,13.191089640365004,7.883789586688137,3.475577026301664,5.595813204508857,4.066022544283414,1.8250134192163177,
85,33.293075684380035,30.54884594739667,13.09044551798175,7.883789586688137,3.69699409554482,5.595813204508857,4.066022544283414,1.8250134192163177,
86,32.48792270531401,30.42807300053677,14.31159420289855,7.407407407407407,3.69699409554482,5.595813204508857,4.066022544283414,2.006172839506173,
87,31.723027375201287,30.233494363929147,15.237520128824476,7.326892109500805,3.5292538915727323,5.877616747181965,4.066022544283414,2.006172839506173,
88,31.924315619967793,29.924852388620504,15.203972088030058,7.326892109500805,3.5292538915727323,6.018518518518518,4.066022544283414,2.006172839506173,
89,31.99141170155663,29.898013955984972,15.183843263553408,7.326892109500805,3.5292538915727323,6.018518518518518,4.045893719806763,2.006172839506173,
90,31.622383252818036,27.83816425120773,14.794685990338165,10.265700483091788,3.5225442834138487,6.018518518518518,4.025764895330113,1.9122383252818036,
91,31.729736983360173,27.771068169618893,14.754428341384862,10.265700483091788,3.5225442834138487,6.018518518518518,4.025764895330113,1.9122383252818036,
92,31.82367149758454,27.677133655394524,14.49946323134729,10.265700483091788,3.5225442834138487,6.273483628556092,4.025764895330113,1.9122383252818036,
93,31.320450885668276,26.94578636607622,16.06280193236715,10.158346752549651,3.3011272141706924,6.273483628556092,4.025764895330113,1.9122383252818036,
94,31.568706387546968,26.89210950080515,15.868223295759528,10.158346752549651,3.3011272141706924,6.273483628556092,4.025764895330113,1.9122383252818036,
95,31.944444444444443,26.643853998926463,15.868223295759528,10.124798711755233,3.3011272141706924,6.273483628556092,3.9318303811057436,1.9122383252818036,
96,31.97799248523886,26.637144390767578,15.324745034889963,10.641438539989265,3.3011272141706924,6.273483628556092,3.9318303811057436,1.9122383252818036,
97,31.984702093397747,26.590177133655395,15.116747181964573,10.889694041867955,3.3011272141706924,6.273483628556092,3.9318303811057436,1.9122383252818036,
98,32.07192699946323,25.885668276972623,15.915190552871712,10.809178743961352,3.2004830917874396,6.273483628556092,3.9318303811057436,1.9122383252818036,
99,32.17928073000537,25.85212023617821,15.908480944712828,10.809178743961352,3.2004830917874396,6.206387546967257,3.9318303811057436,1.9122383252818036,
100,31.57541599570585,24.255233494363928,20.175791733762747,9.769189479334408,2.6502952227589907,5.730005367686527,3.9318303811057436,1.9122383252818036,
101,30.615942028985508,25.254965110037574,20.169082125603865,9.762479871175524,2.6502952227589907,5.730005367686527,3.9318303811057436,1.8853998926462694,
102,30.703166935050994,25.254965110037574,20.135534084809446,9.762479871175524,2.6502952227589907,5.71658615136876,3.8915727321524423,1.8853998926462694,
103,31.48148148148148,24.530327428878152,20.041599570585078,9.762479871175524,2.6502952227589907,5.8172302737520125,3.8311862587224907,1.8853998926462694,
104,29.716854535695116,27.126945786366075,19.390767579173378,9.31964573268921,2.6502952227589907,6.078904991948471,3.8311862587224907,1.8853998926462694,
105,29.7638217928073,27.079978529253893,19.390767579173378,9.31964573268921,2.6502952227589907,6.078904991948471,3.8311862587224907,1.8853998926462694,
106,28.99892646269458,27.093397745571657,20.37037037037037,9.111647879763822,2.6301663982823404,6.078904991948471,3.8311862587224907,1.8853998926462694,
107,28.153515834675254,26.630434782608695,20.37037037037037,9.111647879763822,2.623456790123457,7.199409554482019,4.025764895330113,1.8853998926462694,
108,27.68384326355341,26.362050456253353,21.578099838969404,8.641975308641975,2.623456790123457,7.199409554482019,4.025764895330113,1.8853998926462694,
109,27.81803542673108,26.207729468599034,21.524422973698336,8.796296296296296,2.623456790123457,7.199409554482019,3.9519592055823938,1.8786902844873858,
110,27.710681696188942,25.637412775093935,21.316425120772948,8.59500805152979,2.5429414922168547,7.179280730005368,5.213365539452496,1.8048845947396672,
111,27.865002683843265,25.597155126140635,21.22249060654858,8.59500805152979,2.5429414922168547,7.159151905528717,5.213365539452496,1.8048845947396672,
112,28.33467525496511,25.389157273215243,21.07487922705314,8.548040794417606,2.7777777777777777,6.910896403650026,5.159688674181428,1.8048845947396672,
113,28.415190552871714,25.36231884057971,21.061460010735374,8.521202361782072,2.7643585614600106,6.910896403650026,5.159688674181428,1.8048845947396672,
114,28.23403113258186,24.174718196457327,20.833333333333332,8.474235104669887,2.7509393451422435,6.810252281266774,6.91760601180891,1.8048845947396672,
115,26.630434782608695,26.221148684916802,20.611916264090176,8.158883521202362,2.7509393451422435,6.91760601180891,6.91760601180891,1.7914653784219001,
116,26.603596349973163,26.147342995169083,20.585077831454644,8.132045088566828,2.8650026838432634,6.877348362855609,6.998121309715513,1.7914653784219001,
117,26.48953301127214,25.281803542673106,20.74610842726785,8.53462157809984,2.8650026838432634,6.474771873322598,7.816693505099302,1.7914653784219001,
118,26.8317230273752,25.281803542673106,20.44417606011809,8.494363929146537,2.8650026838432634,6.474771873322598,7.816693505099302,1.7914653784219001,
119,27.053140096618357,25.248255501878692,20.128824476650564,8.494363929146537,2.8650026838432634,6.421095008051529,7.9106280193236715,1.8786902844873858,
120,27.38191089640365,24.973161567364468,19.97450348899624,8.628556092324208,2.8650026838432634,6.300322061191626,7.997852925389157,1.8786902844873858,
121,27.616747181964573,24.771873322597962,19.95437466451959,8.61513687600644,2.8650026838432634,6.300322061191626,7.997852925389157,1.8786902844873858,
122,27.74422973698336,24.771873322597962,19.85373054213634,8.61513687600644,2.8650026838432634,6.286902844873859,7.98443370907139,1.8786902844873858,
123,27.871712292002147,24.724906065485776,19.85373054213634,8.61513687600644,2.8650026838432634,6.286902844873859,7.9039184111647875,1.8786902844873858,
124,27.932098765432098,24.724906065485776,19.82018250134192,8.61513687600644,2.8650026838432634,6.286902844873859,7.877079978529254,1.8786902844873858,
125,27.911969940955448,24.261943102522814,19.82018250134192,8.61513687600644,2.8650026838432634,6.400966183574879,8.246108427267847,1.8786902844873858,
126,28.173644659151904,24.248523886205046,19.6256038647343,8.266237251744498,3.3816425120772946,6.293612453032743,8.132045088566828,1.8786902844873858,
127,28.428609769189478,23.919753086419753,19.545088566827697,8.266237251744498,3.5628019323671496,6.266774020397209,8.132045088566828,1.8786902844873858,
128,28.482286634460547,23.852657004830917,19.545088566827697,8.044820182501342,3.5628019323671496,6.266774020397209,8.132045088566828,1.8786902844873858,0.23483628556092323
129,28.75738056897477,23.778851315083198,19.39747718733226,7.883789586688137,3.5225442834138487,6.233225979602791,8.313204508856682,1.8786902844873858,0.23483628556092323
130,28.64331723027375,22.913311862587225,20.578368223295758,7.816693505099302,3.5225442834138487,6.179549114331723,8.28636607622115,1.8786902844873858,0.18115942028985507
131,28.395061728395063,22.685185185185187,20.551529790660226,7.816693505099302,4.0995705850778315,6.132581857219538,8.259527643585615,1.8786902844873858,0.18115942028985507
132,28.609769189479334,22.6784755770263,20.39049919484702,7.7898550724637685,4.0995705850778315,6.132581857219538,8.239398819108963,1.8786902844873858,0.18115942028985507
133,28.27428878153516,21.611647879763822,20.115405260332796,9.219001610305957,4.072732152442297,6.038647342995169,8.608427267847558,1.8786902844873858,0.18115942028985507
134,28.522544283413847,21.611647879763822,19.87385936661299,9.158615136876007,3.992216854535695,6.038647342995169,8.742619431025227,1.8786902844873858,0.18115942028985507
135,27.72410091250671,22.604669887278583,19.840311325818572,9.125067096081589,3.992216854535695,5.911164787976382,8.742619431025227,1.8786902844873858,0.18115942028985507
136,27.992485238862052,22.571121846484164,19.80005367686527,9.104938271604938,3.992216854535695,5.911164787976382,8.568169618894256,1.8786902844873858,0.18115942028985507
137,28.08641975308642,22.477187332259795,19.699409554482017,9.104938271604938,4.119699409554482,5.911164787976382,8.541331186258722,1.8786902844873858,0.18115942028985507
138,27.999194847020934,22.23564143853999,19.699409554482017,9.433709071390231,4.119699409554482,5.911164787976382,8.541331186258722,1.8786902844873858,0.18115942028985507
139,28.039452495974235,22.23564143853999,19.659151905528716,9.433709071390231,4.119699409554482,5.911164787976382,8.541331186258722,1.8786902844873858,0.18115942028985507
140,28.12667740203972,22.188674181427803,19.618894256575416,9.836285560923242,3.8311862587224907,5.911164787976382,8.427267847557703,1.8786902844873858,0.18115942028985507
141,27.462426194310254,21.73913043478261,20.38378958668814,10.0979602791197,3.81105743424584,5.790391841116479,8.655394524959743,1.8786902844873858,0.18115942028985507
142,27.36849168008588,21.64519592055824,20.343531937734838,10.654857756307031,3.81105743424584,5.703166935050993,8.413848631239935,1.8786902844873858,0.18115942028985507
143,27.361782071927,21.531132581857218,20.323403113258184,10.654857756307031,3.81105743424584,5.703166935050993,8.55475040257649,1.8786902844873858,0.18115942028985507
144,27.073268921095007,21.450617283950617,20.705850778314545,10.641438539989265,3.81105743424584,5.703166935050993,8.55475040257649,1.8786902844873858,0.18115942028985507
145,27.15378421900161,21.450617283950617,20.652173913043477,10.641438539989265,3.81105743424584,5.6964573268921095,8.53462157809984,1.8786902844873858,0.18115942028985507
146,27.160493827160494,21.3768115942029,20.893719806763286,10.540794417606012,3.7640901771336552,5.669618894256575,8.53462157809984,1.8786902844873858,0.18115942028985507
147,27.220880300590444,21.349973161567366,20.88030059044552,10.540794417606012,3.750670960815888,5.669618894256575,8.53462157809984,1.8719806763285025,0.18115942028985507
148,26.81159420289855,20.531400966183575,22.926731078904993,9.608158883521202,3.864734299516908,5.669618894256575,8.53462157809984,1.8719806763285025,0.18115942028985507
149,27.47584541062802,20.363660762211488,22.510735373054214,9.608158883521202,3.784219001610306,5.669618894256575,8.53462157809984,1.8719806763285025,0.18115942028985507
150,27.885131508319915,20.363660762211488,22.269189479334408,9.453837895866881,3.784219001610306,5.656199677938808,8.53462157809984,1.8719806763285025,0.18115942028985507
151,28.12667740203972,20.12211486849168,22.054482018250134,9.453837895866881,3.9989264626945786,5.837359098228664,8.53462157809984,1.6908212560386473,0.18115942028985507
152,28.29441760601181,20.12211486849168,21.920289855072465,9.426999463231347,3.9989264626945786,5.837359098228664,8.527911969940956,1.6908212560386473,0.18115942028985507
153,28.44873859366613,20.081857219538378,21.920289855072465,9.39345142243693,3.9989264626945786,5.8172302737520125,8.527911969940956,1.6304347826086956,0.18115942028985507
154,28.475577026301664,20.081857219538378,21.920289855072465,9.39345142243693,3.9989264626945786,5.790391841116479,8.527911969940956,1.6304347826086956,0.18115942028985507
155,28.5426731078905,20.075147611379496,21.89345142243693,9.359903381642512,3.9989264626945786,5.790391841116479,8.527911969940956,1.6304347826086956,0.18115942028985507
156,28.06629092860977,19.89398819108964,22.98040794417606,8.943907675791733,3.9855072463768115,5.790391841116479,8.527911969940956,1.6304347826086956,0.18115942028985507
157,28.08641975308642,19.87385936661299,22.98040794417606,8.943907675791733,3.9855072463768115,5.790391841116479,8.527911969940956,1.6304347826086956,0.18115942028985507
158,28.381642512077295,18.813741277509394,22.785829307568438,9.896672034353195,3.844605475040258,5.9447128287707995,8.521202361782072,1.6304347826086956,0.18115942028985507
159,28.29441760601181,18.42458400429415,22.470477724100913,9.896672034353195,3.844605475040258,5.515297906602254,9.742351046698873,1.6304347826086956,0.18115942028985507
160,28.5426731078905,18.4044551798175,22.24235104669887,9.896672034353195,3.844605475040258,5.515297906602254,9.742351046698873,1.6304347826086956,0.18115942028985507
161,28.898282340311326,18.276972624798713,22.148416532474503,9.883252818035427,3.8177670424047236,5.421363392377885,9.742351046698873,1.6304347826086956,0.18115942028985507
162,29.012345679012345,18.250134192163177,22.128287707997853,9.842995169082126,3.8177670424047236,5.414653784219001,9.722222222222221,1.6304347826086956,0.18115942028985507
163,29.025764895330113,18.23671497584541,22.128287707997853,9.842995169082126,3.8177670424047236,5.414653784219001,9.722222222222221,1.6304347826086956,0.18115942028985507
164,29.09286097691895,18.095813204508858,22.067901234567902,9.842995169082126,3.8177670424047236,5.407944176060118,9.863123993558776,1.6304347826086956,0.18115942028985507
165,29.30756843800322,18.06897477187332,21.967257112184647,9.728931830381105,4.005636070853462,5.407944176060118,9.702093397745571,1.6304347826086956,0.18115942028985507
166,29.428341384863124,18.00858829844337,21.920289855072465,9.71551261406334,4.005636070853462,5.407944176060118,9.702093397745571,1.6304347826086956,0.18115942028985507
167,29.300858829844337,18.00187869028449,21.66532474503489,9.970477724100913,4.274020397208803,5.273752012882448,9.702093397745571,1.6304347826086956,0.18115942028985507
168,29.435050993022006,18.00187869028449,21.578099838969404,9.96376811594203,4.274020397208803,5.253623188405797,9.681964573268921,1.6304347826086956,0.18115942028985507
169,29.73027375201288,17.800590445517983,21.564680622651636,9.950348899624261,4.274020397208803,5.22007514761138,9.648416532474503,1.6304347826086956,0.18115942028985507
170,29.777241009125067,17.793880837359097,21.537842190016104,10.104669887278583,4.119699409554482,5.22007514761138,9.634997316156737,1.6304347826086956,0.18115942028985507
171,29.78395061728395,17.64626945786366,21.511003757380568,10.057702630166398,4.086151368760064,5.22007514761138,9.903381642512077,1.6237251744498122,0.16774020397208803
172,29.468599033816425,17.09608158883521,21.329844337090712,9.903381642512077,4.40150295222759,6.219806763285024,9.789318303811058,1.6237251744498122,0.16774020397208803
173,29.49543746645196,17.09608158883521,21.329844337090712,9.876543209876543,4.40150295222759,6.219806763285024,9.789318303811058,1.6237251744498122,0.16774020397208803
174,29.24718196457327,17.01556629092861,20.813204508856682,11.003757380568974,4.159957058507783,6.1862587224906065,9.782608695652174,1.6237251744498122,0.16774020397208803
175,29.320987654320987,16.988727858293075,20.813204508856682,10.983628556092324,4.159957058507783,6.1862587224906065,9.75577026301664,1.6237251744498122,0.16774020397208803
176,29.341116478797638,16.982018250134193,20.8064949006978,10.983628556092324,4.159957058507783,6.179549114331723,9.75577026301664,1.6237251744498122,0.16774020397208803
177,29.381374127750938,16.982018250134193,20.77294685990338,10.983628556092324,4.1532474503489,6.179549114331723,9.75577026301664,1.6237251744498122,0.16774020397208803
178,29.334406870638755,16.928341384863124,20.135534084809446,10.393183038110575,5.481749865807837,6.045356951154052,9.88996242619431,1.6237251744498122,0.16774020397208803
179,29.01905528717123,16.780730005367687,20.632045088566827,10.359634997316157,5.481749865807837,6.045356951154052,9.88996242619431,1.6237251744498122,0.16774020397208803
180,29.320987654320987,16.659957058507782,20.33011272141707,10.272410091250672,5.46833064949007,6.353998926462695,9.802737520128824,1.6237251744498122,0.16774020397208803
181,29.20692431561997,16.63311862587225,20.471014492753625,10.272410091250672,5.46833064949007,6.353998926462695,9.802737520128824,1.6237251744498122,0.16774020397208803
182,29.47530864197531,16.63311862587225,20.336822329575952,10.272410091250672,5.46833064949007,5.9447128287707995,10.077831454643048,1.6237251744498122,0.16774020397208803
183,29.51556629092861,16.42512077294686,20.28985507246377,10.554213633923778,5.434782608695652,5.911164787976382,10.077831454643048,1.6237251744498122,0.16774020397208803
184,29.810789049919485,16.371443907675793,20.276435856146,10.554213633923778,5.434782608695652,5.911164787976382,9.849704777241008,1.6237251744498122,0.16774020397208803
185,30.132850241545892,16.076221148684915,20.263016639828233,10.540794417606012,5.46833064949007,5.877616747181965,9.849704777241008,1.6237251744498122,0.16774020397208803
186,30.770263016639827,16.015834675254965,19.92753623188406,10.433440687063875,5.381105743424584,6.112453032742888,9.567901234567902,1.6237251744498122,0.16774020397208803
187,30.817230273752013,15.995705850778315,19.87385936661299,10.581052066559312,5.287171229200215,6.112453032742888,9.541062801932368,1.6237251744498122,0.16774020397208803
188,30.703166935050994,15.821256038647343,19.867149758454108,11.81561996779388,5.287171229200215,5.394524959742351,9.31964573268921,1.6237251744498122,0.16774020397208803
189,31.21309715512614,15.713902308105206,19.81347289318304,11.748523886205046,5.226784755770263,5.394524959742351,9.098228663446054,1.6237251744498122,0.16774020397208803
190,31.54186795491143,15.693773483628556,19.652442297369834,11.681427804616211,5.186527106816962,5.35426731078905,9.098228663446054,1.6237251744498122,0.16774020397208803
191,31.689479334406872,15.693773483628556,19.558507783145465,11.654589371980677,5.186527106816962,5.3274288781535155,9.098228663446054,1.6237251744498122,0.16774020397208803
192,31.48148148148148,15.613258185721953,19.47128287707998,11.231884057971014,5.032206119162641,5.12614063338701,10.34621578099839,1.5297906602254427,0.16774020397208803
193,31.608964036500268,15.526033279656469,19.43102522812668,11.231884057971014,5.032206119162641,5.12614063338701,10.34621578099839,1.5297906602254427,0.16774020397208803
194,31.19296833064949,15.391841116478798,17.98845947396672,11.976650563607086,6.736446591519055,4.99194847020934,10.02415458937198,1.5297906602254427,0.16774020397208803
195,31.04535695115405,15.391841116478798,17.98845947396672,12.245034889962426,6.736446591519055,4.99194847020934,9.903381642512077,1.5297906602254427,0.16774020397208803
196,31.179549114331724,15.378421900161031,17.98845947396672,12.211486849168008,6.736446591519055,4.99194847020934,9.903381642512077,1.442565754159957,0.16774020397208803
197,31.367418142780462,15.378421900161031,17.98845947396672,12.097423510466989,6.736446591519055,4.99194847020934,9.896672034353195,1.442565754159957,0.10064412238325282
198,30.709876543209877,15.022812667740205,17.834138486312398,12.090713902308105,8.279656468062266,4.736983360171766,9.802737520128824,1.4224369296833066,0.10064412238325282
199,30.897745571658614,14.99597423510467,17.76033279656468,11.681427804616211,9.16532474503489,4.736983360171766,9.23913043478261,1.4224369296833066,0.10064412238325282
200,31.132581857219538,14.99597423510467,17.652979066022546,11.66129898013956,9.16532474503489,4.736983360171766,9.131776704240472,1.4224369296833066,0.10064412238325282
201,31.561996779388085,14.781266774020397,17.599302200751477,11.949812130971551,9.05126140633387,4.7168545356951155,9.037842190016104,1.2010198604401503,0.10064412238325282
202,31.5955448201825,14.781266774020397,17.56575415995706,11.949812130971551,9.05126140633387,4.7168545356951155,9.037842190016104,1.2010198604401503,0.10064412238325282
203,31.608964036500268,14.55984970477724,17.847557702630166,11.889425657541599,9.272678475577026,4.7101449275362315,8.890230810520666,1.1205045625335481,0.10064412238325282
204,31.904186795491142,14.55984970477724,17.807300053676865,11.748523886205046,9.158615136876007,4.7101449275362315,8.890230810520666,1.1205045625335481,0.10064412238325282
205,32.058507783145465,14.55984970477724,17.787171229200215,11.674718196457327,9.145195920558239,4.703435319377348,8.890230810520666,1.1205045625335481,0.06038647342995169
206,32.25979602791197,14.55984970477724,17.66639828234031,11.674718196457327,9.145195920558239,4.64975845410628,8.876811594202898,1.107085346215781,0.06038647342995169
207,31.87734836285561,14.345142243692969,17.143048845947398,13.103864734299517,9.145195920558239,4.64975845410628,8.568169618894256,1.107085346215781,0.06038647342995169
208,31.99812130971551,14.345142243692969,17.04911433172303,13.077026301663983,9.145195920558239,4.64975845410628,8.568169618894256,1.107085346215781,0.06038647342995169
209,32.1658615136876,14.331723027375201,17.022275899087493,12.962962962962964,9.145195920558239,4.64975845410628,8.568169618894256,1.093666129898014,0.06038647342995169
210,32.420826623725176,14.06333870101986,16.774020397208805,12.808641975308642,9.245840042941492,4.9651100375738055,8.568169618894256,1.093666129898014,0.06038647342995169
211,32.27992485238862,14.016371443907676,16.774020397208805,13.311862587224907,8.984165324745035,4.958400429414922,8.521202361782072,1.093666129898014,0.06038647342995169
212,32.46779388083736,13.976113794954374,16.659957058507782,13.191089640365004,9.245840042941492,4.918142780461621,8.467525496511003,1.0131508319914118,0.06038647342995169
213,32.387278582930755,13.915727321524423,16.512345679012345,13.425925925925926,9.386741814278047,4.891304347826087,8.467525496511003,1.0131508319914118,
214,32.43424584004294,13.915727321524423,16.485507246376812,13.405797101449275,9.386741814278047,4.891304347826087,8.467525496511003,1.0131508319914118,
215,32.19940955448202,13.90901771336554,18.23671497584541,13.077026301663983,9.386741814278047,4.891304347826087,7.286634460547504,1.0131508319914118,
216,32.407407407407405,13.734567901234568,18.230005367686527,13.077026301663983,9.386741814278047,4.864465915190553,7.286634460547504,1.0131508319914118,
217,32.85024154589372,13.70101986044015,18.17632850241546,13.056897477187333,9.366612989801396,4.864465915190553,6.971282877079979,1.0131508319914118,
218,32.9374664519592,13.493022007514762,18.391035963499732,13.050187869028449,9.346484165324744,4.85775630703167,6.944444444444445,0.9796027911969941,
219,32.950885668276975,13.493022007514762,18.243424584004295,13.043478260869565,9.4873859366613,4.85775630703167,6.944444444444445,0.9796027911969941,
220,32.96430488459474,13.493022007514762,18.230005367686527,13.043478260869565,9.4873859366613,4.85775630703167,6.944444444444445,0.9796027911969941,
221,32.8972088030059,13.493022007514762,18.129361245303276,12.895866881374127,9.802737520128824,4.85775630703167,6.944444444444445,0.9796027911969941,
222,33.15217391304348,13.39237788513151,18.109232420826622,12.842190016103059,9.796027911969942,4.85775630703167,6.870638754696726,0.9796027911969941,
223,32.326892109500804,14.358561460010735,17.98845947396672,12.822061191626409,9.796027911969942,4.85775630703167,6.870638754696726,0.9796027911969941,
224,32.37385936661299,14.351851851851851,17.98845947396672,13.083735909822867,9.75577026301664,4.575952764358561,6.890767579173376,0.9796027911969941,
225,32.37385936661299,14.351851851851851,17.98845947396672,13.083735909822867,9.75577026301664,4.575952764358561,6.890767579173376,0.9796027911969941,
226,32.58185721953838,14.331723027375201,17.921363392377884,13.023349436392914,9.71551261406334,4.555823939881911,6.890767579173376,0.9796027911969941,
227,32.58185721953838,14.439076757917338,17.921363392377884,13.197799248523886,9.574610842726784,4.555823939881911,6.823671497584541,0.9057971014492754,
228,32.71604938271605,14.358561460010735,17.901234567901234,13.378958668813741,9.359903381642512,4.555823939881911,6.823671497584541,0.9057971014492754,
229,32.76301663982824,14.358561460010735,17.887815351583466,13.352120236178207,9.353193773483628,4.555823939881911,6.823671497584541,0.9057971014492754,
230,32.95759527643585,14.358561460010735,17.693236714975846,13.352120236178207,9.353193773483628,4.555823939881911,6.823671497584541,0.9057971014492754,
231,32.84353193773484,14.318303811057435,17.693236714975846,13.66076221148685,9.326355340848094,4.555823939881911,6.696188942565755,0.9057971014492754,
232,32.8166935050993,14.318303811057435,17.887815351583466,13.613794954374665,9.245840042941492,4.51556629092861,6.696188942565755,0.9057971014492754,
233,33.031400966183575,14.056629092860977,17.887815351583466,13.358829844337091,9.54777241009125,4.51556629092861,6.696188942565755,0.9057971014492754,
234,32.68250134192163,13.88888888888889,17.847557702630166,13.774825550187868,10.513955984970478,4.17337627482555,6.213097155126141,0.9057971014492754,
235,32.66237251744498,13.841921631776705,17.619431025228128,14.204240472356414,10.198604401502953,4.146537842190016,6.139291465378422,1.1876006441223832,
236,32.749597423510465,13.841921631776705,17.54562533548041,14.197530864197532,10.198604401502953,4.139828234031133,6.139291465378422,1.1876006441223832,
237,32.92404723564144,13.761406333870102,17.465110037573805,14.184111647879764,10.198604401502953,4.139828234031133,6.139291465378422,1.1876006441223832,
238,33.15888352120236,13.734567901234568,17.21014492753623,14.056629092860977,10.466988727858293,4.045893719806763,6.139291465378422,1.1876006441223832,
239,33.25281803542673,13.707729468599034,17.176596886741816,14.056629092860977,10.433440687063875,4.045893719806763,6.139291465378422,1.1876006441223832,
240,33.11862587224906,13.600375738056897,17.364465915190554,14.190821256038648,10.171765968867419,4.045893719806763,6.139291465378422,1.3687600644122384,
241,32.890499194847024,13.600375738056897,17.16988727858293,14.318303811057435,10.171765968867419,4.341116478797638,6.139291465378422,1.3687600644122384,
242,32.92404723564144,13.573537305421363,17.062533548040793,14.418947933440688,10.171765968867419,4.341116478797638,6.139291465378422,1.3687600644122384,
243,32.890499194847024,13.33870101986044,17.04911433172303,14.398819108964037,10.171765968867419,4.656468062265164,6.125872249060655,1.3687600644122384,
244,33.16559312936125,13.264895330112722,17.163177670424048,14.398819108964037,10.171765968867419,4.656468062265164,5.810520665593129,1.3687600644122384,
245,33.04482018250134,12.875738056897477,17.746913580246915,14.378690284487385,10.171765968867419,4.656468062265164,5.756843800322061,1.3687600644122384,
246,32.86366076221149,13.157541599570585,17.673107890499196,14.378690284487385,10.144927536231885,4.656468062265164,5.756843800322061,1.3687600644122384,
247,32.8972088030059,13.150831991411701,17.518786902844873,14.593397745571659,10.144927536231885,4.549114331723027,5.776972624798712,1.3687600644122384,
248,33.011272141706925,13.137412775093935,17.444981213097154,14.579978529253891,10.144927536231885,4.53569511540526,5.776972624798712,1.3687600644122384,
249,33.21926999463231,13.137412775093935,17.418142780461622,14.452495974235104,10.11808910359635,4.53569511540526,5.750134192163178,1.3687600644122384,
250,33.23939881910896,13.123993558776167,17.418142780461622,14.452495974235104,10.11808910359635,4.53569511540526,5.743424584004294,1.3687600644122384,
251,33.32662372517445,13.103864734299517,17.404723564143854,14.452495974235104,10.11808910359635,4.4820182501341925,5.743424584004294,1.3687600644122384,
252,33.333333333333336,13.083735909822867,17.357756307031668,13.24476650563607,11.466720343531938,4.4820182501341925,5.662909286097692,1.3687600644122384,
253,33.58829844337091,12.942834138486312,17.344337090713903,13.24476650563607,11.460010735373054,4.4753086419753085,5.5756843800322065,1.3687600644122384,
254,33.63526570048309,12.942834138486312,17.324208266237253,13.24476650563607,11.43317230273752,4.4753086419753085,5.5756843800322065,1.3687600644122384,
255,33.675523349436396,12.942834138486312,17.297369833601717,13.24476650563607,11.419753086419753,4.4753086419753085,5.5756843800322065,1.3687600644122384,
256,33.863392377885134,12.801932367149758,17.223564143854,13.271604938271604,11.419753086419753,4.361245303274289,5.689747718733226,1.3687600644122384,
257,34.084809447128286,12.74825550187869,17.223564143854,13.18438003220612,11.392914653784219,4.341116478797638,5.656199677938808,1.3687600644122384,
258,34.346484165324746,12.721417069243156,17.20343531937735,13.070316693505099,11.33923778851315,4.294149221685454,5.656199677938808,1.3687600644122384,
259,33.93048845947396,12.493290391841116,17.10950080515298,13.848631239935587,11.325818572195384,4.294149221685454,5.629361245303274,1.3687600644122384,
260,33.77616747181965,12.412775093934513,17.08937198067633,14.009661835748792,11.325818572195384,4.294149221685454,5.723295759527644,1.3687600644122384,
261,33.7962962962963,12.392646269457863,17.08937198067633,13.989533011272142,11.473429951690822,4.294149221685454,5.595813204508857,1.3687600644122384,
262,33.97745571658615,12.379227053140097,16.982018250134193,13.942565754159958,11.460010735373054,4.294149221685454,5.595813204508857,1.3687600644122384,
263,34.044551798174986,12.365807836822329,16.941760601180892,13.942565754159958,11.446591519055287,4.294149221685454,5.595813204508857,1.3687600644122384,
264,33.803005904455176,11.963231347289318,16.74718196457327,16.438539989264626,10.205314009661835,4.240472356414386,5.233494363929147,1.3687600644122384,
265,33.93719806763285,11.963231347289318,16.7337627482555,16.411701556629094,10.138217928073,4.2270531400966185,5.233494363929147,1.3553408480944713,
266,33.93719806763285,11.876006441223833,16.6935050993022,16.55931293612453,10.131508319914117,4.2270531400966185,5.233494363929147,1.3419216317767042,
267,33.04482018250134,12.97638217928073,16.6532474503489,16.512345679012345,10.111379495437467,4.17337627482555,5.186527106816962,1.3419216317767042,
268,33.15888352120236,12.95625335480408,16.586151368760063,16.512345679012345,10.111379495437467,4.17337627482555,5.159688674181428,1.3419216317767042,
269,33.20585077831455,12.808641975308642,16.512345679012345,16.492216854535695,10.305958132045088,4.17337627482555,5.159688674181428,1.3419216317767042,
270,33.16559312936125,12.4597423510467,16.27079978529254,16.867954911433173,10.560923242082662,4.17337627482555,5.159688674181428,1.3419216317767042,
