,45,50,51,55,52,54,57,53,56,58,59
0,100.0,,,,,,,,,,
1,100.0,,,,,,,,,,
2,99.45652173913044,0.4025764895330113,0.14090177133655393,,,,,,,,
3,99.45652173913044,0.4025764895330113,0.14090177133655393,,,,,,,,
4,99.32232957595276,0.5367686527106817,0.14090177133655393,,,,,,,,
5,98.74530327428879,1.1137949543746646,0.14090177133655393,,,,,,,,
6,98.38969404186795,1.4694041867954912,0.14090177133655393,,,,,,,,
7,86.6009125067096,12.546967257112184,,0.8521202361782072,,,,,,,
8,86.25201288244766,12.895866881374127,,0.8521202361782072,,,,,,,
9,72.71202361782072,26.435856146001072,,0.8521202361782072,,,,,,,
10,72.62479871175523,26.52308105206656,,0.8521202361782072,,,,,,,
11,71.96725711218465,27.180622651637144,,0.8521202361782072,,,,,,,
12,67.57246376811594,31.57541599570585,,0.8521202361782072,,,,,,,
13,67.62614063338701,31.52173913043478,,0.8521202361782072,,,,,,,
14,44.97450348899624,53.99892646269458,,1.0265700483091786,,,,,,,
15,45.61862587224906,53.35480407944176,,1.0265700483091786,,,,,,,
16,45.41733762748255,52.61674718196457,,1.0265700483091786,0.9393451422436929,,,,,,
17,38.67418142780462,53.5426731078905,0.9192163177670424,1.0265700483091786,0.8990874932903918,4.938271604938271,,,,,
18,37.848899624261946,54.408212560386474,0.9192163177670424,1.0265700483091786,0.8990874932903918,4.898013955984971,,,,,
19,37.76838432635534,53.89157273215244,0.9192163177670424,1.3553408480944713,0.8990874932903918,4.931561996779388,0.23483628556092323,,,,
20,35.17176596886742,48.52388620504563,1.0466988727858293,1.2546967257112185,9.91009125067096,3.8580246913580245,0.23483628556092323,,,,
21,33.99087493290392,47.94685990338164,6.736446591519055,1.2546967257112185,5.978260869565218,3.8580246913580245,0.23483628556092323,,,,
22,34.6081588835212,47.57112184648417,6.736446591519055,1.2010198604401503,5.790391841116479,3.8580246913580245,0.23483628556092323,,,,
23,34.74235104669887,47.175254965110035,6.736446591519055,1.4626945786366077,5.790391841116479,3.8580246913580245,0.23483628556092323,,,,
24,11.52710681696189,83.25952764358561,0.8387010198604401,0.5166398282340311,0.0067096081588835215,,,3.851315083199141,,,
25,11.876006441223833,83.064949006978,0.8387010198604401,0.49651100375738055,0.0067096081588835215,,,3.717122920021471,,,
26,12.667740203972087,82.32018250134192,0.8387010198604401,0.4495437466451959,0.0067096081588835215,,,3.717122920021471,,,
27,13.613794954374665,81.50831991411701,0.7045088566827697,0.4495437466451959,0.0067096081588835215,,,3.717122920021471,,,
28,13.868760064412239,80.27375201288245,0.7045088566827697,1.42914653784219,0.0067096081588835215,,,3.717122920021471,,,
29,12.647611379495437,79.12640901771337,3.1065485775630703,1.42914653784219,0.0067096081588835215,,,3.683574879227053,,,
30,12.640901771336553,69.12238325281804,3.0931293612453032,1.2949543746645196,10.017444981213098,,0.14761137949543746,3.683574879227053,,,
31,12.915995705850777,68.87412775093935,3.0931293612453032,1.2949543746645196,9.990606548577563,,0.14761137949543746,3.683574879227053,,,
32,9.024422973698336,35.89640365002684,53.07300053676865,0.8454106280193237,1.1607622114868492,,,,,,
33,9.306226516371444,35.86285560923242,40.002683843263554,0.8454106280193237,1.1607622114868492,,,12.822061191626409,,,
34,9.722222222222221,34.997316156736446,39.20424047235642,0.8454106280193237,0.8521202361782072,,,13.654052603327965,0.7246376811594203,,
35,10.513955984970478,34.25925925925926,38.747987117552334,1.2345679012345678,0.8521202361782072,,,13.620504562533547,0.7716049382716049,,
36,10.997047772410092,33.25952764358561,36.47342995169082,5.22007514761138,0.8521202361782072,,,12.13768115942029,1.0601180891035964,,
37,11.372785829307569,32.6556629092861,36.2385936661299,5.750134192163178,0.8521202361782072,,,12.117552334943639,1.0131508319914118,,
38,11.54723564143854,32.6154052603328,36.04401502952228,5.662909286097692,0.8521202361782072,,,12.117552334943639,1.1607622114868492,,
39,12.198067632850242,32.29334406870639,35.99704777241009,5.662909286097692,0.8521202361782072,,,11.83574879227053,1.1607622114868492,,
40,13.050187869028449,30.96484165324745,37.52012882447665,5.589103596349974,0.8521202361782072,,,10.86285560923242,1.1607622114868492,,
41,12.882447665056361,29.602791196994094,37.39264626945786,7.139023081052066,0.8521202361782072,,,10.815888352120236,1.3150831991411702,,
42,13.231347289318304,28.931830381105744,29.455179817498657,7.219538378958669,13.620504562533547,0.1274825550187869,,6.152710681696189,1.133923778851315,0.1274825550187869,
43,13.533279656468062,28.784219001610307,29.374664519592056,7.199409554482019,13.620504562533547,0.1274825550187869,,6.099033816425121,1.133923778851315,0.1274825550187869,
44,14.465915190552872,28.421900161030596,28.945249597423512,7.199409554482019,13.479602791196994,0.1274825550187869,,6.099033816425121,1.133923778851315,0.1274825550187869,
45,14.734299516908212,28.073000536768653,27.220880300590444,7.112184648416532,15.371712292002147,0.1274825550187869,,6.099033816425121,1.133923778851315,0.1274825550187869,
46,15.257648953301127,27.851583467525497,27.046430488459475,7.112184648416532,15.304616210413311,0.11406333870101985,,6.099033816425121,1.0869565217391304,0.1274825550187869,
47,15.539452495974235,26.818303811057433,26.972624798711756,8.105206655931294,15.203972088030058,0.11406333870101985,,6.099033816425121,1.0198604401502953,0.1274825550187869,
48,15.908480944712828,25.885668276972623,26.147342995169083,9.54777241009125,15.056360708534621,0.11406333870101985,,6.045356951154052,1.1674718196457328,0.1274825550187869,
49,16.324476650563607,25.85882984433709,26.053408480944714,9.54777241009125,14.855072463768115,0.11406333870101985,,5.971551261406334,1.1674718196457328,0.10735373054213634,
50,15.895061728395062,22.470477724100913,23.362855609232422,10.909822866344605,14.774557165861514,0.11406333870101985,,11.399624261943103,0.966183574879227,0.10735373054213634,
51,16.31105743424584,22.10144927536232,23.26892109500805,10.95679012345679,14.774557165861514,0.11406333870101985,,11.399624261943103,0.966183574879227,0.10735373054213634,
52,16.78743961352657,21.980676328502415,23.21524422973698,10.95679012345679,14.51959205582394,0.11406333870101985,,11.379495437466453,0.9393451422436929,0.10735373054213634,
53,17.062533548040793,21.900161030595815,22.926731078904993,11.09098228663446,15.962157809983896,0.11406333870101985,,9.896672034353195,0.9393451422436929,0.10735373054213634,
54,16.76731078904992,20.26972624798712,22.77241009125067,9.131776704240472,19.981213097155127,0.11406333870101985,0.14761137949543746,9.769189479334408,0.9393451422436929,0.10735373054213634,
55,17.270531400966185,20.068438003220614,22.510735373054214,9.118357487922705,19.880568974771872,0.11406333870101985,0.14761137949543746,9.702093397745571,1.0802469135802468,0.10735373054213634,
56,17.773752012882447,19.83360171765969,22.23564143853999,9.024422973698336,19.363929146537842,0.11406333870101985,1.0802469135802468,9.386741814278047,1.0802469135802468,0.10735373054213634,
57,17.807300053676865,19.538378958668815,20.034889962426195,8.407139023081053,18.270263016639827,0.11406333870101985,1.0735373054213635,13.110574342458401,1.5365002683843263,0.10735373054213634,
58,17.364465915190554,19.129092860976918,18.9345142243693,7.065217391304348,16.391572732152444,3.4420289855072466,0.9326355340848095,13.741277509393452,2.8918411164787976,0.10735373054213634,
59,17.45169082125604,19.11567364465915,18.53864734299517,7.065217391304348,15.365002683843263,3.4420289855072466,0.8990874932903918,13.687600644122384,4.327697262479871,0.10735373054213634,
60,17.96833064949007,18.706387546967257,16.99543746645196,8.82313472893183,15.143585614600108,3.4286097691894795,0.8990874932903918,13.633923778851315,4.294149221685454,0.10735373054213634,
61,18.06897477187332,18.706387546967257,16.914922168545356,8.82313472893183,15.136876006441224,3.4286097691894795,0.8990874932903918,13.627214170692431,4.28743961352657,0.10735373054213634,
62,19.068706387546968,18.47826086956522,16.760601180891037,8.729200214707461,14.673913043478262,3.3279656468062266,1.1540526033279657,13.607085346215781,4.092860976918948,0.10735373054213634,
63,19.424315619967793,18.377616747181964,16.67337627482555,8.729200214707461,14.566559312936125,3.3279656468062266,1.1540526033279657,13.546698872785829,4.092860976918948,0.10735373054213634,
64,19.91411701556629,18.035426731078903,20.001341921631777,7.48792270531401,14.304884594739667,3.3279656468062266,1.1540526033279657,11.627750939345143,4.03918411164788,0.10735373054213634,
65,18.800322061191626,17.753623188405797,17.250402576489535,7.434245840042942,17.56575415995706,5.770263016639828,1.0534084809447128,11.627750939345143,2.636876006441224,0.10735373054213634,
66,19.008319914117017,17.438271604938272,16.914922168545356,7.863660762211487,17.444981213097154,5.770263016639828,1.0534084809447128,11.594202898550725,2.636876006441224,0.27509393451422437,
67,19.135802469135804,17.438271604938272,16.914922168545356,7.863660762211487,17.444981213097154,5.703166935050993,1.0534084809447128,11.533816425120772,2.636876006441224,0.27509393451422437,
68,19.847020933977454,17.12962962962963,16.485507246376812,7.863660762211487,17.163177670424048,5.703166935050993,1.2748255501878691,11.654589371980677,2.6033279656468062,0.27509393451422437,
69,20.28985507246377,17.002147074610843,16.485507246376812,7.809983896940419,16.74718196457327,5.703166935050993,1.5029522275899088,11.594202898550725,2.6033279656468062,0.2616747181964573,
70,20.531400966183575,16.680085882984432,16.97530864197531,7.716049382716049,16.42512077294686,5.703166935050993,1.6103059581320451,11.560654857756306,2.536231884057971,0.2616747181964573,
71,20.517981749865807,15.5126140633387,16.344605475040257,8.997584541062801,14.533011272141707,8.32662372517445,1.4559849704777241,11.560654857756306,2.4892646269457863,0.2616747181964573,
72,20.893719806763286,15.505904455179817,16.304347826086957,8.957326892109501,14.412238325281804,8.293075684380032,1.442565754159957,11.439881910896403,2.4892646269457863,0.2616747181964573,
73,20.86688137412775,14.928878153515834,16.19699409554482,8.923778851315083,15.096618357487923,8.360171765968868,1.442565754159957,11.43317230273752,2.4892646269457863,0.2616747181964573,
74,21.014492753623188,14.895330112721417,16.022544283413847,9.07139023081052,15.08990874932904,8.360171765968868,1.442565754159957,11.352657004830919,2.4892646269457863,0.2616747181964573,
75,21.24932903918411,14.801395598497047,16.002415458937197,9.05126140633387,15.042941492216855,8.353462157809984,1.4358561460010735,11.178207192699947,2.4892646269457863,0.39586688137412773,
76,21.28287707997853,14.801395598497047,16.002415458937197,9.05126140633387,15.029522275899087,8.353462157809984,1.5767579173376274,11.023886205045626,2.4892646269457863,0.38915727321524424,
77,21.74584004294149,14.761137949543746,15.874932903918411,8.433977455716587,14.687332259796028,8.353462157809984,1.6975308641975309,10.695115405260333,3.227321524422974,0.5233494363929146,
78,21.591519055287172,15.076489533011273,15.573000536768653,8.561460010735374,14.070048309178745,8.340042941492216,2.395330112721417,10.654857756307031,3.227321524422974,0.5099302200751477,
79,21.38352120236178,14.61352657004831,14.848362855609233,8.232689210950081,13.674181427804616,7.96430488459474,2.3550724637681157,13.043478260869565,3.374932903918411,0.5099302200751477,
80,21.947128287707997,14.492753623188406,14.734299516908212,8.152173913043478,13.425925925925926,7.96430488459474,2.3550724637681157,13.043478260869565,3.374932903918411,0.5099302200751477,
81,21.34326355340848,11.98336017176597,14.707461084272678,7.7831454643048845,13.425925925925926,7.96430488459474,2.3550724637681157,16.552603327965645,3.374932903918411,0.5099302200751477,
82,21.68545356951154,11.600912506709609,14.673913043478262,7.742887815351583,15.318035426731079,7.96430488459474,2.3550724637681157,14.774557165861514,3.374932903918411,0.5099302200751477,
83,21.973966720343533,11.486849168008588,14.673913043478262,8.447396672034353,14.606816961889425,7.96430488459474,2.3550724637681157,14.774557165861514,3.374932903918411,0.3421900161030596,
84,22.128287707997853,11.258722490606548,14.949006977992486,8.360171765968868,14.600107353730541,7.950885668276973,2.3550724637681157,14.707461084272678,3.374932903918411,0.3153515834675255,
85,22.33628556092324,11.238593666129898,14.80810520665593,8.360171765968868,14.553140096618357,7.950885668276973,2.3550724637681157,14.707461084272678,3.374932903918411,0.3153515834675255,
86,22.510735373054214,11.20504562533548,14.680622651637144,8.501073537305421,14.553140096618357,7.950885668276973,2.3550724637681157,14.445786366076222,3.374932903918411,0.4227053140096618,
87,22.81266774020397,11.131239935587761,14.579978529253891,8.32662372517445,14.459205582393988,8.246108427267847,2.2342995169082127,14.412238325281804,3.374932903918411,0.4227053140096618,
88,23.201825013419217,11.11111111111111,14.486044015029522,8.407139023081053,14.36527106816962,8.11862587224906,2.227589908749329,14.325013419216317,3.33467525496511,0.4227053140096618,
89,23.658078368223297,11.097691894793345,14.459205582393988,8.36688137412775,14.325013419216317,8.031400966183575,2.227589908749329,14.110305958132045,3.33467525496511,0.38915727321524424,
90,24.053945249597422,10.929951690821255,14.345142243692969,8.588298443370908,14.217659688674182,7.950885668276973,2.227589908749329,13.982823403113258,3.3145464304884595,0.38915727321524424,
91,24.168008588298445,10.929951690821255,14.318303811057435,8.561460010735374,14.210950080515298,7.917337627482555,2.227589908749329,13.962694578636608,3.3145464304884595,0.38915727321524424,
92,22.41009125067096,9.541062801932368,26.27482555018787,7.2933440687063875,11.124530327428879,3.81105743424584,2.120236178207193,13.848631239935587,3.1870638754696725,0.38915727321524424,
93,22.745571658615138,9.245840042941492,22.550993022007514,7.246376811594203,14.955716586151368,3.7640901771336552,2.120236178207193,13.848631239935587,3.1333870101986045,0.38915727321524424,
94,23.141438539989263,9.131776704240472,22.550993022007514,7.179280730005368,14.741009125067096,3.7640901771336552,2.120236178207193,13.848631239935587,3.1333870101986045,0.38915727321524424,
95,23.765432098765434,8.896940418679549,22.363123993558776,7.058507783145465,14.700751476113794,3.7640901771336552,2.120236178207193,13.828502415458937,3.113258185721954,0.38915727321524424,
96,24.248523886205046,8.84326355340848,22.228931830381107,7.192699946323135,14.593397745571659,3.69699409554482,2.120236178207193,13.633923778851315,3.052871712292002,0.38915727321524424,
97,24.610842726784757,8.776167471819646,22.14170692431562,7.1658615136876005,14.506172839506172,3.69699409554482,2.120236178207193,13.539989264626946,3.052871712292002,0.38915727321524424,
98,24.852388620504563,8.105206655931294,20.933977455716587,6.8035426731078905,14.398819108964037,6.199677938808374,2.0531400966183573,13.211218464841654,3.052871712292002,0.38915727321524424,
99,25.087224906065487,8.011272141706923,20.46430488459474,7.14573268921095,14.244498121309716,5.850778314546431,2.0263016639828235,13.479602791196994,3.3011272141706924,0.38915727321524424,
100,25.15432098765432,7.971014492753623,20.316693505099302,7.132313472893183,14.244498121309716,5.850778314546431,2.0263016639828235,13.613794954374665,3.3011272141706924,0.38915727321524424,
101,22.074610842726784,7.930756843800322,30.14626945786366,4.9651100375738055,13.110574342458401,5.401234567901234,1.6774020397208802,11.81561996779388,2.576489533011272,0.30193236714975846,
102,21.67874396135266,7.004830917874396,30.132850241545892,4.49543746645196,13.110574342458401,7.206119162640902,1.6774020397208802,11.81561996779388,2.576489533011272,0.30193236714975846,
103,21.651905528717123,7.004830917874396,29.777241009125067,5.8172302737520125,11.922973698336017,7.206119162640902,1.778046162104133,11.81561996779388,2.7241009125067097,0.30193236714975846,
104,22.034353193773484,6.91760601180891,29.528985507246375,5.803811057434245,11.922973698336017,7.192699946323135,1.778046162104133,11.79549114331723,2.7241009125067097,0.30193236714975846,
105,22.490606548577563,6.884057971014493,29.361245303274288,5.669618894256575,11.90955448201825,7.132313472893183,1.778046162104133,11.748523886205046,2.7241009125067097,0.30193236714975846,
106,22.906602254428343,6.662640901771336,29.28743961352657,5.649490069779925,11.862587224906065,7.058507783145465,1.724369296833065,11.822329575952764,2.7241009125067097,0.30193236714975846,
107,23.1280193236715,6.622383252818035,29.166666666666668,5.649490069779925,11.79549114331723,6.964573268921095,1.724369296833065,12.406065485775631,2.2410091250670963,0.30193236714975846,
108,23.637949543746647,6.622383252818035,28.978797638217927,5.649490069779925,11.56736446591519,6.964573268921095,1.6908212560386473,12.385936661298981,2.200751476113795,0.30193236714975846,
109,20.40391841116479,12.473161567364466,27.992485238862052,5.622651637144391,10.25228126677402,6.937734836285561,1.6908212560386473,12.057165861513688,2.26784755770263,0.30193236714975846,
110,20.67230273752013,12.453032742887816,27.80461621041331,6.333870101986044,9.77589908749329,6.937734836285561,1.6774020397208802,11.634460547504025,2.408749329039184,0.30193236714975846,
111,21.30300590445518,12.372517444981213,27.77777777777778,5.998389694041868,9.742351046698873,7.018250134192163,1.6774020397208802,11.399624261943103,2.408749329039184,0.30193236714975846,
112,19.028448738593667,11.513687600644122,30.689747718733226,7.823403113258186,9.66183574879227,7.004830917874396,1.6774020397208802,9.98389694041868,2.408749329039184,0.20799785292538917,
113,19.45786366076221,11.500268384326356,30.609232420826622,7.823403113258186,9.480676328502415,7.004830917874396,1.6774020397208802,9.836285560923242,2.4020397208803006,0.20799785292538917,
114,19.91411701556629,11.466720343531938,30.421363392377884,7.716049382716049,9.447128287707997,7.004830917874396,1.6774020397208802,9.75577026301664,2.3886205045625335,0.20799785292538917,
115,20.39049919484702,11.386205045625335,30.320719269994633,7.669082125603865,9.306226516371444,7.004830917874396,1.5767579173376274,9.749060654857756,2.3886205045625335,0.20799785292538917,
116,20.933977455716587,11.285560923242082,30.17981749865808,7.541599570585078,9.178743961352657,6.890767579173376,1.5230810520665594,9.749060654857756,2.3886205045625335,0.20799785292538917,0.12077294685990338
117,21.021202361782073,11.285560923242082,30.12614063338701,7.50805152979066,9.178743961352657,6.890767579173376,1.5230810520665594,9.749060654857756,2.3886205045625335,0.20799785292538917,0.12077294685990338
118,21.35668276972625,11.09098228663446,29.864465915190554,7.682501341921632,9.084809447128288,6.850509930220075,1.3620504562533549,9.990606548577563,2.3886205045625335,0.20799785292538917,0.12077294685990338
119,21.926999463231347,10.963499731615673,29.59608158883521,7.648953301127214,9.03113258185722,6.790123456790123,1.3620504562533549,9.98389694041868,2.368491680085883,0.20799785292538917,0.12077294685990338
120,21.926999463231347,10.943370907139023,27.925389157273216,7.4006977992485234,10.997047772410092,6.944444444444445,1.3620504562533549,9.802737520128824,2.368491680085883,0.20799785292538917,0.12077294685990338
121,20.987654320987655,10.836017176596886,36.03730542136339,6.233225979602791,7.924047235641439,6.904186795491143,0.8387010198604401,8.051529790660226,1.9793344068706387,0.08722490606548577,0.12077294685990338
122,21.658615136876005,10.836017176596886,35.668276972624795,6.125872249060655,7.87037037037037,6.890767579173376,0.7648953301127214,8.051529790660226,1.9256575415995705,0.08722490606548577,0.12077294685990338
123,21.85990338164251,10.836017176596886,35.527375201288244,6.125872249060655,7.809983896940419,6.890767579173376,0.7648953301127214,8.051529790660226,1.9256575415995705,0.08722490606548577,0.12077294685990338
124,22.32957595276436,10.815888352120236,35.12479871175523,6.125872249060655,7.809983896940419,6.890767579173376,0.7648953301127214,8.004562533548041,1.9256575415995705,0.08722490606548577,0.12077294685990338
125,22.6784755770263,10.768921095008052,34.72222222222222,6.112453032742888,7.809983896940419,6.837090713902308,0.7648953301127214,8.004562533548041,2.0933977455716586,0.08722490606548577,0.12077294685990338
126,23.047504025764894,10.768921095008052,34.46054750402576,6.052066559312936,7.763016639828234,6.837090713902308,0.7648953301127214,8.004562533548041,2.0933977455716586,0.08722490606548577,0.12077294685990338
127,23.14814814814815,10.768921095008052,34.25925925925926,6.052066559312936,7.917337627482555,6.837090713902308,0.7648953301127214,7.950885668276973,2.0933977455716586,0.08722490606548577,0.12077294685990338
128,23.63123993558776,10.661567364465915,34.004294149221685,5.971551261406334,7.917337627482555,6.823671497584541,0.7648953301127214,7.924047235641439,2.0933977455716586,0.08722490606548577,0.12077294685990338
129,23.731884057971016,10.63472893183038,33.8365539452496,5.656199677938808,8.360171765968868,6.763285024154589,0.7648953301127214,7.950885668276973,2.0933977455716586,0.08722490606548577,0.12077294685990338
130,24.436392914653783,10.607890499194847,33.21926999463231,5.622651637144391,8.333333333333334,6.763285024154589,0.7648953301127214,7.950885668276973,2.0933977455716586,0.08722490606548577,0.12077294685990338
131,24.382716049382715,10.540794417606012,30.159688674181428,5.615942028985507,7.64224369296833,6.427804616210413,0.7514761137949544,12.352388620504563,1.9189479334406871,0.08722490606548577,0.12077294685990338
132,24.651100375738057,10.433440687063875,30.099302200751477,5.5756843800322065,7.64224369296833,6.394256575415996,0.7380568974771873,12.352388620504563,1.90552871712292,0.08722490606548577,0.12077294685990338
133,24.537037037037038,10.406602254428341,29.844337090713903,5.548845947396672,7.62211486849168,6.501610305958132,0.7380568974771873,12.493290391841116,2.100107353730542,0.08722490606548577,0.12077294685990338
134,24.590713902308106,10.285829307568438,29.757112184648417,6.515029522275899,7.682501341921632,6.360708534621578,0.7380568974771873,11.902844873859367,2.006172839506173,0.040257648953301126,0.12077294685990338
135,24.765163714439076,10.272410091250672,29.676596886741816,6.515029522275899,7.581857219538379,6.1929683306494905,0.6642512077294686,12.204777241009126,1.9659151905528718,0.040257648953301126,0.12077294685990338
136,24.9597423510467,10.151637144390767,29.49543746645196,6.515029522275899,7.581857219538379,6.300322061191626,0.6642512077294686,12.204777241009126,1.9659151905528718,0.040257648953301126,0.12077294685990338
137,25.268384326355342,10.057702630166398,29.361245303274288,6.4345142243692965,7.581857219538379,6.300322061191626,0.6642512077294686,12.204777241009126,1.9659151905528718,0.040257648953301126,0.12077294685990338
138,25.63070316693505,9.950348899624261,29.260601180891037,6.414385399892646,7.5348899624261945,6.260064412238325,0.6575415995705851,12.164519592055823,1.9659151905528718,0.040257648953301126,0.12077294685990338
139,24.966451959205582,9.265968867418144,29.07944176060118,6.3070316693505095,6.837090713902308,6.112453032742888,0.6575415995705851,14.123725174449811,2.4892646269457863,0.040257648953301126,0.12077294685990338
140,25.268384326355342,9.265968867418144,28.911701556629094,6.3070316693505095,6.796833064949007,6.253354804079442,0.6575415995705851,13.989533011272142,2.3886205045625335,0.040257648953301126,0.12077294685990338
141,25.449543746645197,9.125067096081589,28.75067096081589,6.333870101986044,6.702898550724638,6.253354804079442,0.6575415995705851,14.17740203972088,2.3886205045625335,0.040257648953301126,0.12077294685990338
142,25.758185721953836,9.125067096081589,28.63660762211487,6.253354804079442,6.662640901771336,6.226516371443908,0.6508319914117016,14.13714439076758,2.3886205045625335,0.040257648953301126,0.12077294685990338
143,26.187600644122384,9.017713365539452,28.63660762211487,6.239935587761675,6.595544820182502,5.998389694041868,0.6508319914117016,14.123725174449811,2.3886205045625335,0.040257648953301126,0.12077294685990338
144,26.321792807300053,9.017713365539452,28.549382716049383,6.233225979602791,6.595544820182502,5.958132045088567,0.6508319914117016,14.123725174449811,2.3886205045625335,0.040257648953301126,0.12077294685990338
145,26.140633387010197,8.910359634997317,28.495705850778315,6.286902844873859,6.5485775630703165,6.374127750939345,0.644122383252818,14.06333870101986,2.3752012882447664,0.040257648953301126,0.12077294685990338
146,26.27482555018787,8.910359634997317,28.388352120236178,6.286902844873859,6.5485775630703165,6.374127750939345,0.644122383252818,14.036500268384327,2.3752012882447664,0.040257648953301126,0.12077294685990338
147,26.435856146001072,8.648684916800859,28.166935050993022,5.864197530864198,7.883789586688137,6.360708534621578,0.644122383252818,13.352120236178207,2.4825550187869028,0.040257648953301126,0.12077294685990338
148,26.86527106816962,8.548040794417606,27.84487385936661,6.139291465378422,7.729468599033816,6.266774020397209,0.644122383252818,13.331991411701557,2.4691358024691357,0.040257648953301126,0.12077294685990338
149,27.294685990338163,8.548040794417606,27.375201288244767,6.119162640901771,7.709339774557166,6.260064412238325,0.644122383252818,13.271604938271604,2.6167471819645733,0.040257648953301126,0.12077294685990338
150,26.764626945786365,4.99194847020934,26.88539989264627,5.958132045088567,12.4597423510467,6.246645195920558,0.644122383252818,13.271604938271604,2.6167471819645733,0.040257648953301126,0.12077294685990338
151,27.106816961889425,4.87788513150832,26.46940418679549,6.266774020397209,12.265163714439076,6.219806763285024,0.7581857219538379,13.258185721953838,2.6167471819645733,0.040257648953301126,0.12077294685990338
152,27.388620504562535,4.864465915190553,26.455984970477726,6.092324208266238,12.211486849168008,6.213097155126141,0.7447665056360708,13.251476113794954,2.6167471819645733,0.040257648953301126,0.12077294685990338
153,27.79790660225443,4.864465915190553,26.194310252281266,6.072195383789587,12.184648416532475,6.112453032742888,0.7447665056360708,13.251476113794954,2.6167471819645733,0.040257648953301126,0.12077294685990338
154,28.173644659151904,4.851046698872786,26.03327965646806,6.038647342995169,12.090713902308105,6.112453032742888,0.7313472893183038,13.191089640365004,2.6167471819645733,0.040257648953301126,0.12077294685990338
155,28.442028985507246,4.736983360171766,25.979602791196996,6.005099302200751,12.010198604401502,6.105743424584004,0.8789586688137413,13.063607085346217,2.6167471819645733,0.040257648953301126,0.12077294685990338
156,28.844605475040257,4.683306494900698,25.825281803542673,5.998389694041868,12.010198604401502,6.072195383789587,0.8789586688137413,12.654320987654321,2.871712292002147,0.040257648953301126,0.12077294685990338
157,29.388083735909824,4.62962962962963,25.670960815888353,5.891035963499732,11.862587224906065,6.072195383789587,0.8722490606548577,12.580515297906603,2.871712292002147,0.040257648953301126,0.12077294685990338
158,29.401502952227588,4.62962962962963,25.597155126140635,5.891035963499732,11.862587224906065,6.031937734836285,0.8722490606548577,12.359098228663447,3.193773483628556,0.040257648953301126,0.12077294685990338
159,29.428341384863124,4.569243156199678,25.36231884057971,5.870907139023081,11.842458400429415,6.159420289855072,0.8722490606548577,12.338969404186795,3.3950617283950617,0.040257648953301126,0.12077294685990338
160,29.381374127750938,4.549114331723027,24.174718196457327,5.723295759527644,11.634460547504025,7.0383789586688135,0.8722490606548577,12.258454106280194,4.206924315619967,0.040257648953301126,0.12077294685990338
161,29.770531400966185,4.502147074610843,23.832528180354267,5.669618894256575,11.553945249597424,7.018250134192163,0.8722490606548577,12.238325281803542,4.38137412775094,0.040257648953301126,0.12077294685990338
162,30.267042404723565,4.4820182501341925,23.67149758454106,5.615942028985507,11.513687600644122,6.944444444444445,0.8521202361782072,12.164519592055823,4.327697262479871,0.040257648953301126,0.12077294685990338
163,30.407944176060116,4.4753086419753085,23.62453032742888,5.58239398819109,11.506977992485238,6.89747718733226,0.8521202361782072,12.164519592055823,4.327697262479871,0.040257648953301126,0.12077294685990338
164,30.817230273752013,4.388083735909823,23.450080515297905,5.58239398819109,11.29898013955985,6.870638754696726,0.8387010198604401,12.265163714439076,4.327697262479871,0.040257648953301126,0.12077294685990338
165,30.9849704777241,4.025764895330113,23.34272678475577,6.112453032742888,11.11111111111111,6.830381105743425,0.8387010198604401,12.265163714439076,4.327697262479871,0.040257648953301126,0.12077294685990338
166,31.0252281266774,4.025764895330113,21.497584541062803,6.239935587761675,14.459205582393988,6.213097155126141,0.8252818035426731,12.218196457326892,3.33467525496511,0.040257648953301126,0.12077294685990338
167,31.82367149758454,3.965378421900161,21.108427267847556,6.239935587761675,14.418947933440688,6.172839506172839,0.8252818035426731,12.02361782071927,3.294417606011809,0.040257648953301126,0.08722490606548577
168,32.22624798711755,3.965378421900161,20.974235104669887,6.239935587761675,14.304884594739667,6.172839506172839,0.8252818035426731,11.876006441223833,3.2877079978529253,0.040257648953301126,0.08722490606548577
169,32.00483091787439,3.965378421900161,19.961084272678477,7.776435856146001,14.070048309178745,6.166129898013956,0.8252818035426731,11.614331723027375,3.5225442834138487,0.0067096081588835215,0.08722490606548577
170,31.884057971014492,3.9318303811057436,19.93424584004294,7.601986044015029,13.848631239935587,5.683038110574342,0.9460547504025765,12.573805689747719,3.502415458937198,0.0067096081588835215,0.08722490606548577
171,32.17928073000537,3.8311862587224907,19.867149758454108,7.601986044015029,13.761406333870102,5.656199677938808,0.9326355340848095,12.573805689747719,3.502415458937198,0.0067096081588835215,0.08722490606548577
172,32.18599033816425,3.797638217928073,19.85373054213634,7.501341921631776,13.862050456253355,5.622651637144391,0.9326355340848095,12.721417069243156,3.4286097691894795,0.0067096081588835215,0.08722490606548577
173,32.25308641975309,3.770799785292539,19.773215244229736,7.494632313472893,13.855340848094471,5.609232420826624,0.9326355340848095,12.788513150831992,3.4286097691894795,0.0067096081588835215,0.08722490606548577
174,32.54830917874396,3.7238325281803544,19.685990338164252,7.481213097155126,13.855340848094471,5.58239398819109,0.9326355340848095,12.681159420289855,3.4151905528717124,0.0067096081588835215,0.08722490606548577
175,33.4272678475577,3.69699409554482,19.605475040257648,7.440955448201825,13.405797101449275,5.528717122920021,0.8990874932903918,12.553676865271068,3.3480944712828773,0.0067096081588835215,0.08722490606548577
176,33.883521202361784,3.683574879227053,19.290123456790123,7.440955448201825,13.298443370907139,5.488459473966721,0.8990874932903918,12.486580783682234,3.435319377348363,0.0067096081588835215,0.08722490606548577
177,34.23242082662372,3.6366076221148687,19.061996779388085,7.440955448201825,13.22463768115942,5.488459473966721,0.8990874932903918,12.486580783682234,3.435319377348363,0.0067096081588835215,0.08722490606548577
178,32.79656468062265,3.5829307568438002,22.38996242619431,6.723027375201288,12.822061191626409,5.776972624798712,0.8454106280193237,11.748523886205046,3.2206119162640903,0.0067096081588835215,0.08722490606548577
179,30.46833064949007,2.7241009125067097,29.60950080515298,6.1862587224906065,9.25925925925926,6.468062265163715,0.7246376811594203,11.265432098765432,3.2004830917874396,0.0067096081588835215,0.08722490606548577
180,30.857487922705314,2.7241009125067097,29.381374127750938,6.1862587224906065,9.178743961352657,6.468062265163715,0.6910896403650026,11.218464841653248,3.2004830917874396,0.0067096081588835215,0.08722490606548577
181,31.4345142243693,2.717391304347826,29.066022544283413,6.092324208266238,9.145195920558239,6.468062265163715,0.6910896403650026,11.171497584541063,3.1199677938808374,0.0067096081588835215,0.08722490606548577
182,31.629092860976918,2.717391304347826,28.401771336553946,6.078904991948471,9.125067096081589,7.239667203435319,0.8252818035426731,11.084272678475577,2.804616210413312,0.0067096081588835215,0.08722490606548577
183,31.863929146537842,2.717391304347826,27.63016639828234,6.072195383789587,9.125067096081589,7.843531937734836,0.8252818035426731,11.023886205045626,2.804616210413312,0.0067096081588835215,0.08722490606548577
184,32.139023081052066,2.690552871712292,27.415458937198068,6.0654857756307035,9.923510466988727,7.7898550724637685,0.7917337627482555,10.326086956521738,2.7643585614600106,0.0067096081588835215,0.08722490606548577
185,32.306763285024154,2.636876006441224,27.388620504562535,6.0654857756307035,9.896672034353195,7.7898550724637685,0.7716049382716049,10.326086956521738,2.7241009125067097,0.0067096081588835215,0.08722490606548577
186,32.70263016639828,2.636876006441224,27.160493827160494,6.0654857756307035,9.883252818035427,7.7898550724637685,0.7716049382716049,10.171765968867419,2.7241009125067097,0.0067096081588835215,0.08722490606548577
187,33.03811057434246,2.6301663982823404,26.341921631776703,6.0654857756307035,9.876543209876543,7.716049382716049,0.7716049382716049,10.084541062801932,3.3816425120772946,0.0067096081588835215,0.08722490606548577
188,33.319914117015564,2.6301663982823404,26.160762211486848,6.0654857756307035,9.809447128287708,7.648953301127214,0.7313472893183038,10.010735373054214,3.5292538915727323,0.0067096081588835215,0.08722490606548577
189,33.467525496511,2.61003757380569,26.093666129898015,6.0654857756307035,9.789318303811058,7.608695652173913,0.7313472893183038,10.010735373054214,3.5292538915727323,0.0067096081588835215,0.08722490606548577
190,33.47423510466989,2.5496511003757383,25.999731615673646,6.0587761674718195,9.54777241009125,8.004562533548041,0.9125067096081588,9.86983360171766,3.488996242619431,0.0067096081588835215,0.08722490606548577
191,33.81642512077295,2.5429414922168547,25.644122383252817,6.0587761674718195,9.54777241009125,7.977724100912507,0.9125067096081588,9.782608695652174,3.6231884057971016,0.0067096081588835215,0.08722490606548577
192,33.923778851315085,2.5026838432635534,25.603864734299517,6.011808910359635,9.473966720343531,7.977724100912507,0.8990874932903918,9.88996242619431,3.6231884057971016,0.0067096081588835215,0.08722490606548577
193,34.38674181427805,2.4691358024691357,25.51663982823403,6.005099302200751,9.306226516371444,7.9106280193236715,0.8990874932903918,9.789318303811058,3.6231884057971016,0.0067096081588835215,0.08722490606548577
194,34.41358024691358,2.4691358024691357,25.51663982823403,6.005099302200751,9.292807300053678,7.897208803005904,0.8990874932903918,9.789318303811058,3.6231884057971016,0.0067096081588835215,0.08722490606548577
195,34.23913043478261,2.4490069779924855,25.261674718196456,6.078904991948471,9.151905528717123,8.507783145464305,0.8990874932903918,9.695383789586689,3.6231884057971016,0.0067096081588835215,0.08722490606548577
196,34.42028985507246,2.4355877616747184,24.785292538915726,5.844068706387547,9.07139023081052,8.353462157809984,0.8990874932903918,10.373054213633925,3.7238325281803544,0.0067096081588835215,0.08722490606548577
197,34.66183574879227,2.4355877616747184,24.56387546967257,5.844068706387547,8.964036500268385,8.28636607622115,1.0332796564680622,10.46027911969941,3.656736446591519,0.0067096081588835215,0.08722490606548577
198,34.957058507783145,2.4355877616747184,24.308910359634996,5.837359098228664,8.964036500268385,8.272946859903382,1.0332796564680622,10.44015029522276,3.656736446591519,0.0067096081588835215,0.08722490606548577
199,35.138217928073,2.428878153515835,24.241814278046164,5.783682232957595,8.964036500268385,8.272946859903382,1.0332796564680622,10.420021470746109,3.6231884057971016,0.0067096081588835215,0.08722490606548577
200,35.50053676865271,2.368491680085883,24.06736446591519,5.783682232957595,8.950617283950617,8.232689210950081,1.0332796564680622,10.34621578099839,3.6231884057971016,0.0067096081588835215,0.08722490606548577
201,35.72195383789587,2.368491680085883,24.06736446591519,5.649490069779925,8.910359634997317,8.232689210950081,1.0332796564680622,10.312667740203972,3.6097691894793345,0.0067096081588835215,0.08722490606548577
202,36.178207192699944,2.2946859903381642,23.866076221148685,5.60252281266774,8.910359634997317,8.125335480407944,1.0332796564680622,10.312667740203972,3.5829307568438002,0.0067096081588835215,0.08722490606548577
203,35.72866344605475,2.187332259796028,23.772141706924316,5.60252281266774,8.829844337090714,9.03113258185722,1.0332796564680622,10.185185185185185,3.535963499731616,0.0067096081588835215,0.08722490606548577
204,36.178207192699944,2.187332259796028,23.58427267847558,5.448201825013419,8.816425120772946,9.01100375738057,1.0332796564680622,10.131508319914117,3.515834675254965,0.0067096081588835215,0.08722490606548577
205,36.460010735373054,2.187332259796028,23.564143853998928,5.421363392377885,8.756038647342995,8.970746108427267,1.0332796564680622,9.997316156736447,3.515834675254965,0.0067096081588835215,0.08722490606548577
206,36.70826623725174,2.187332259796028,23.443370907139023,5.421363392377885,8.742619431025227,8.957326892109501,1.0265700483091786,9.997316156736447,3.5091250670960816,0.0067096081588835215,
207,36.85587761674718,2.187332259796028,23.201825013419217,5.387815351583468,8.152173913043478,9.809447128287708,0.9326355340848095,9.96376811594203,3.502415458937198,0.0067096081588835215,
208,37.07729468599034,2.187332259796028,23.03408480944713,5.387815351583468,8.152173913043478,9.809447128287708,0.9326355340848095,9.923510466988727,3.488996242619431,0.0067096081588835215,
209,37.11755233494364,2.1604938271604937,22.859634997316157,5.515297906602254,8.145464304884594,9.950348899624261,0.9326355340848095,9.876543209876543,3.435319377348363,0.0067096081588835215,
210,37.40606548577563,2.13365539452496,22.416800858829845,5.636070853462158,8.145464304884594,9.903381642512077,0.9326355340848095,9.856414385399892,3.5628019323671496,0.0067096081588835215,
211,37.453032742887814,2.13365539452496,22.262479871175522,5.971551261406334,7.991143317230274,9.903381642512077,0.9326355340848095,9.782608695652174,3.5628019323671496,0.0067096081588835215,
212,37.68115942028985,2.13365539452496,22.249060654857757,5.971551261406334,7.9106280193236715,9.802737520128824,0.9326355340848095,9.749060654857756,3.5628019323671496,0.0067096081588835215,
213,37.8690284487386,2.13365539452496,22.128287707997853,6.0587761674718195,7.877079978529254,9.782608695652174,0.9326355340848095,9.66183574879227,3.549382716049383,0.0067096081588835215,
214,38.12399355877617,2.120236178207193,21.973966720343533,6.038647342995169,7.796564680622652,9.742351046698873,0.8923778851315083,9.75577026301664,3.549382716049383,0.0067096081588835215,
215,38.66747181964573,2.1135265700483092,21.71900161030596,6.031937734836285,7.763016639828234,9.655126140633387,0.8923778851315083,9.71551261406334,3.435319377348363,0.0067096081588835215,
216,38.868760064412236,2.1135265700483092,21.517713365539453,6.031937734836285,7.763016639828234,9.655126140633387,0.8923778851315083,9.71551261406334,3.435319377348363,0.0067096081588835215,
217,39.22436929683307,2.100107353730542,21.108427267847556,6.031937734836285,7.7361782071927,9.628287707997853,0.8923778851315083,9.695383789586689,3.5762211486849167,0.0067096081588835215,
218,39.49946323134729,2.073268921095008,21.095008051529792,6.031937734836285,7.702630166398282,9.574610842726784,0.8923778851315083,9.594739667203436,3.5292538915727323,0.0067096081588835215,
219,39.64707461084273,2.073268921095008,21.081588835212024,5.971551261406334,7.6623725174449815,9.567901234567902,0.8856682769726248,9.594739667203436,3.5091250670960816,0.0067096081588835215,
