,45,50,54,51,55,52,53,56,57,58
0,92.223564143854,7.776435856146001,,,,,,,,
1,75.43612453032743,23.792270531400966,0.7716049382716049,,,,,,,
2,65.4320987654321,32.87707997852925,0.7716049382716049,0.6910896403650026,0.2281266774020397,,,,,
3,59.70880300590446,34.58803005904455,1.2949543746645196,4.180085882984434,0.2281266774020397,,,,,
4,52.234299516908216,42.069243156199676,1.2949543746645196,4.17337627482555,0.2281266774020397,,,,,
5,47.436929683306495,35.84272678475577,0.7716049382716049,15.94873859366613,,,,,,
6,43.16961889425657,31.052066559312937,0.7716049382716049,25.006709608158882,,,,,,
7,42.693236714975846,30.703166935050994,0.7716049382716049,18.719806763285025,,7.112184648416532,,,,
8,41.4922168545357,30.475040257648953,0.7716049382716049,20.021470746108427,0.14761137949543746,7.092055823939882,,,,
9,40.552871712292,28.556092324208265,1.2815351583467525,20.001341921631777,0.14761137949543746,9.460547504025765,,,,
10,37.5402576489533,25.194578636607623,1.2077294685990339,20.417337627482556,0.14761137949543746,15.49248523886205,,,,
11,25.301932367149757,41.04938271604938,0.6910896403650026,17.787171229200215,0.14761137949543746,15.022812667740205,,,,
12,19.229736983360173,46.19565217391305,0.6910896403650026,28.401771336553946,0.27509393451422437,5.2066559312936125,,,,
13,19.249865807836823,43.47155126140633,0.5770263016639828,31.38083735909823,0.1274825550187869,5.193236714975845,,,,
14,19.538378958668815,42.88781535158347,0.5770263016639828,31.260064412238325,0.6843800322061192,5.052334943639291,,,,
15,19.80005367686527,42.7133655394525,0.5770263016639828,31.17283950617284,0.6843800322061192,5.052334943639291,,,,
16,13.077026301663983,49.16800858829844,0.5770263016639828,29.394793344068706,3.2541599570585076,4.528985507246377,,,,
17,10.044283413848632,39.48604401502952,2.475845410628019,39.36527106816962,3.126677402039721,4.676596886741814,0.8252818035426731,,,
18,9.594739667203436,33.44068706387547,2.2611379495437465,42.62614063338701,3.307836822329576,7.96430488459474,0.8051529790660226,,,
19,9.688674181427805,33.313204508856685,1.1876006441223832,39.070048309178745,3.307836822329576,7.950885668276973,5.173107890499195,0.30864197530864196,,
20,9.225711218464841,27.737520128824478,4.119699409554482,44.46457326892109,3.307836822329576,5.709876543209877,5.12614063338701,0.30864197530864196,,
21,9.178743961352657,27.737520128824478,4.119699409554482,40.54616210413312,7.340311325818572,5.676328502415459,5.092592592592593,0.30864197530864196,,
22,9.433709071390231,27.58990874932904,4.119699409554482,40.49919484702093,7.185990338164252,5.656199677938808,5.092592592592593,0.4227053140096618,,
23,9.842995169082126,27.49597423510467,4.119699409554482,40.89506172839506,7.105475040257649,5.649490069779925,4.468599033816425,0.4227053140096618,,
24,4.85775630703167,27.522812667740205,3.629898013955985,47.819377348362856,6.615673644659152,5.642780461621041,3.388352120236178,0.5233494363929146,,
25,3.8043478260869565,19.162640901771336,3.629898013955985,57.45437466451959,6.615673644659152,5.609232420826624,3.2340311325818574,0.48980139559849706,,
26,4.38137412775094,18.988191089640367,3.629898013955985,57.00483091787439,6.582125603864735,5.535426731078905,3.2340311325818574,0.644122383252818,,
27,4.602791196994096,18.739935587761675,3.629898013955985,56.81025228126678,6.582125603864735,5.488459473966721,3.374932903918411,0.7716049382716049,,
28,4.864465915190553,18.337359098228664,3.629898013955985,55.87090713902308,6.843800322061192,6.3070316693505095,3.374932903918411,0.7716049382716049,,
29,5.092592592592593,18.17632850241546,3.629898013955985,54.69672571121846,7.03166935050993,6.286902844873859,4.314278046162104,0.7716049382716049,,
30,5.260332796564681,17.559044551798173,3.629898013955985,54.62292002147075,6.971282877079979,5.904455179817498,5.280461621041331,0.7716049382716049,,
31,5.428073000536768,16.418411164787976,3.421900161030596,55.16639828234031,6.655931293612453,5.669618894256575,6.468062265163715,0.7716049382716049,,
32,5.01207729468599,11.023886205045626,3.421900161030596,51.42243692968331,6.655931293612453,9.39345142243693,12.298711755233494,0.7716049382716049,,
33,4.448470209339774,11.023886205045626,2.7979066022544283,55.04562533548041,6.655931293612453,8.896940418679549,10.359634997316157,0.7716049382716049,,
34,3.8580246913580245,6.904186795491143,2.2208803005904456,62.56038647342995,5.676328502415459,8.890230810520666,9.333064949006978,0.5568974771873323,,
35,4.005636070853462,6.877348362855609,2.2208803005904456,62.473161567364464,5.662909286097692,8.890230810520666,9.312936124530328,0.5568974771873323,,
36,4.193505099302201,5.253623188405797,2.2208803005904456,63.6808910359635,5.152979066022544,8.353462157809984,10.48040794417606,0.6642512077294686,,
37,4.4753086419753085,5.152979066022544,2.059849704777241,60.37305421363392,5.260332796564681,8.299785292538916,13.754696725711218,0.6239935587761675,,
38,4.824208266237251,5.152979066022544,2.046430488459474,60.037573805689746,5.246913580246914,8.279656468062266,13.345410628019323,1.06682769726248,,
39,5.280461621041331,5.152979066022544,1.9793344068706387,59.72222222222222,5.173107890499195,8.279656468062266,13.345410628019323,1.06682769726248,,
40,5.246913580246914,5.152979066022544,1.9793344068706387,57.139023081052066,5.173107890499195,10.674986580783683,13.291733762748256,1.3419216317767042,,
41,5.535426731078905,5.132850241545894,1.3955984970477724,54.810789049919485,4.683306494900698,10.63472893183038,16.478797638217927,1.328502415458937,,
42,5.683038110574342,5.132850241545894,1.3821792807300053,55.421363392377884,5.280461621041331,10.607890499194847,15.163714439076758,1.328502415458937,,
43,5.622651637144391,4.159957058507783,1.3821792807300053,59.064680622651636,4.770531400966184,10.607890499194847,12.654320987654321,1.737788513150832,,
44,5.978260869565218,4.159957058507783,1.3821792807300053,58.756038647343,4.770531400966184,10.607890499194847,12.607353730542137,1.737788513150832,,
45,5.763553408480945,3.6500268384326353,1.3821792807300053,56.93102522812668,4.736983360171766,14.452495974235104,11.345947396672035,1.737788513150832,,
46,6.092324208266238,3.6500268384326353,1.2345679012345678,54.73698336017176,4.736983360171766,16.5727321524423,11.29898013955985,1.6774020397208802,,
47,6.045356951154052,2.985775630703167,1.2345679012345678,60.33279656468062,4.582662372517445,12.305421363392378,10.7085346215781,1.8048845947396672,,
48,6.340579710144928,2.9790660225442833,1.2345679012345678,59.98389694041868,4.562533548040794,12.25174449812131,10.654857756307031,1.9927536231884058,,
49,6.380837359098229,2.9790660225442833,2.3752012882447664,58.91035963499731,4.361245303274289,12.177938808373591,10.82259796027912,1.9927536231884058,,
50,6.5485775630703165,2.9790660225442833,2.341653247450349,58.77616747181965,4.361245303274289,12.177938808373591,10.82259796027912,1.9927536231884058,,
51,6.870638754696726,2.9723564143853998,2.341653247450349,58.47423510466989,4.3545356951154055,12.090713902308105,10.809178743961352,2.086688137412775,,
52,7.112184648416532,2.9723564143853998,2.341653247450349,58.293075684380035,4.3545356951154055,12.030327428878154,10.809178743961352,2.086688137412775,,
53,6.823671497584541,2.9589371980676327,2.341653247450349,60.49382716049383,4.206924315619967,13.727858293075684,7.830112721417069,1.6170155662909287,,
54,7.0383789586688135,2.9589371980676327,2.341653247450349,60.35963499731616,4.206924315619967,13.714439076757918,7.796564680622652,1.583467525496511,,
55,7.098765432098766,2.9589371980676327,2.3215244229736984,59.312936124530324,4.072732152442297,14.727589908749328,7.924047235641439,1.583467525496511,,
56,5.233494363929147,7.863660762211487,2.3215244229736984,56.56870638754697,3.1870638754696725,12.567096081588835,10.93666129898014,1.3217928073000538,,
57,5.199946323134729,6.723027375201288,2.3215244229736984,56.48819108964037,3.1333870101986045,13.875469672571121,10.93666129898014,1.3217928073000538,,
58,5.226784755770263,6.702898550724638,3.0595813204508855,57.55501878690284,2.61003757380569,13.694310252281268,9.829575952764358,1.3217928073000538,,
59,5.253623188405797,6.327160493827161,3.0595813204508855,57.950885668276975,2.61003757380569,13.647342995169081,9.829575952764358,1.3217928073000538,,
60,5.562265163714439,6.327160493827161,3.0595813204508855,57.669082125603865,2.5966183574879227,13.647342995169081,9.816156736446592,1.3217928073000538,,
61,5.783682232957595,6.300322061191626,5.528717122920021,53.03274288781535,2.5295222758990876,15.70048309178744,9.802737520128824,1.3217928073000538,,
62,5.267042404723564,6.286902844873859,5.35426731078905,47.27589908749329,1.7579173376274826,24.94632313472893,7.991143317230274,1.1205045625335481,,
63,5.421363392377885,6.286902844873859,5.3274288781535155,49.19484702093398,1.7579173376274826,23.60440150295223,7.4141170155662905,0.9930220075147611,,
64,5.3341384863123995,6.219806763285024,5.213365539452496,46.93370907139023,2.4691358024691357,24.208266237251745,8.628556092324208,0.9930220075147611,,
65,5.2066559312936125,5.938003220611916,4.569243156199678,51.52308105206656,2.4691358024691357,22.23564143853999,7.085346215780999,0.9728931830381106,,
66,5.495169082125604,5.938003220611916,4.542404723564144,51.17418142780462,2.4691358024691357,22.18196457326892,7.071926999463232,1.1272141706924315,,
67,5.22007514761138,4.012345679012346,4.441760601180891,56.072195383789584,3.126677402039721,17.257112184648417,8.82313472893183,0.9192163177670424,0.1274825550187869,
68,5.24020397208803,4.012345679012346,4.186795491143317,54.227053140096615,3.126677402039721,19.404186795491142,8.756038647342995,0.9192163177670424,0.1274825550187869,
69,5.562265163714439,4.005636070853462,4.166666666666667,54.032474503489,3.126677402039721,19.330381105743424,8.729200214707461,0.9192163177670424,0.1274825550187869,
70,5.709876543209877,2.147074610842727,4.166666666666667,59.50080515297907,3.126677402039721,19.14922168545357,5.186527106816962,0.8856682769726248,0.1274825550187869,
71,5.790391841116479,2.1403650026838434,4.1532474503489,59.47396672034353,3.126677402039721,19.11567364465915,5.186527106816962,0.8856682769726248,0.1274825550187869,
72,5.931293612453032,2.1269457863660763,4.139828234031133,57.10547504025765,3.2474503488996245,18.323939881910896,8.111916264090176,0.8856682769726248,0.1274825550187869,
73,5.059044551798175,1.8786902844873858,4.488727858293076,60.81588835212023,3.92512077294686,15.935319377348362,6.796833064949007,0.9728931830381106,0.1274825550187869,
74,5.508588298443371,1.8786902844873858,4.461889425657541,60.64143853998927,3.92512077294686,15.767579173376275,6.743156199677939,0.9460547504025765,0.1274825550187869,
75,5.4549114331723025,1.8786902844873858,9.01100375738057,58.7157809983897,3.8177670424047236,13.264895330112722,6.649221685453569,0.9460547504025765,0.2616747181964573,
76,5.615942028985507,1.8786902844873858,8.984165324745035,57.13231347289318,3.240740740740741,13.231347289318304,8.709071390230811,0.9460547504025765,0.2616747181964573,
77,5.065754159957058,1.6706924315619969,6.655931293612453,65.74074074074075,1.8048845947396672,10.809178743961352,6.870638754696726,1.1205045625335481,0.2616747181964573,
78,5.186527106816962,1.6706924315619969,6.4345142243692965,63.59366612989801,1.8048845947396672,11.728395061728396,8.199141170155663,1.1205045625335481,0.2616747181964573,
79,5.515297906602254,1.6237251744498122,6.414385399892646,62.795222758990874,1.7646269457863661,11.728395061728396,8.172302737520129,1.724369296833065,0.2616747181964573,
80,5.059044551798175,1.6237251744498122,7.347020933977456,61.95652173913044,1.7646269457863661,13.291733762748256,7.226247987117552,1.4694041867954912,0.2616747181964573,
81,5.501878690284487,1.5901771336553945,8.152173913043478,58.23268921095008,1.7646269457863661,13.231347289318304,8.360171765968868,2.9052603327965647,0.2616747181964573,
82,5.60252281266774,1.5432098765432098,8.152173913043478,57.49463231347289,2.475845410628019,13.231347289318304,8.333333333333334,2.9052603327965647,0.2616747181964573,
83,5.629361245303274,1.5432098765432098,8.091787439613526,55.73000536768653,2.6167471819645733,14.962426194310252,8.3064949006978,2.85829307568438,0.2616747181964573,
84,6.011808910359635,1.5432098765432098,8.091787439613526,55.59581320450886,2.4557165861513686,14.962426194310252,8.279656468062266,2.7979066022544283,0.2616747181964573,
85,6.394256575415996,1.5432098765432098,8.36688137412775,55.06575415995706,2.4557165861513686,14.841653247450349,8.279656468062266,2.791196994095545,0.2616747181964573,
86,6.488191089640365,1.5432098765432098,8.313204508856682,54.90472356414385,2.4490069779924855,15.029522275899087,8.232689210950081,2.7777777777777777,0.2616747181964573,
87,6.810252281266774,1.5432098765432098,8.279656468062266,54.770531400966185,2.4221685453569513,14.935587761674718,8.205850778314547,2.771068169618894,0.2616747181964573,
88,7.152442297369833,1.5432098765432098,7.212828770799785,53.44202898550725,2.38191089640365,17.2638217928073,8.179012345679013,2.4557165861513686,0.36902844873859364,
89,7.018250134192163,0.9259259259259259,7.132313472893183,51.86527106816962,2.368491680085883,19.89398819108964,7.628824476650563,2.4557165861513686,0.36902844873859364,0.3421900161030596
90,6.9243156199677935,0.9259259259259259,7.024959742351046,51.08695652173913,2.368491680085883,17.438271604938272,11.104401502952227,2.4154589371980677,0.36902844873859364,0.3421900161030596
91,7.004830917874396,0.9259259259259259,6.984702093397746,49.785292538915726,2.368491680085883,17.11621041331186,11.829039184111648,3.2742887815351582,0.36902844873859364,0.3421900161030596
92,7.219538378958669,0.9259259259259259,6.957863660762212,49.724906065485776,2.3617820719269993,17.062533548040793,11.761943102522812,3.2742887815351582,0.36902844873859364,0.3421900161030596
93,6.91760601180891,0.9259259259259259,4.998658078368224,47.50402576489533,1.4895330112721417,24.644390767579175,10.124798711755233,2.6838432635534084,0.36902844873859364,0.3421900161030596
94,7.320182501341922,0.9259259259259259,4.998658078368224,47.175254965110035,1.4895330112721417,24.644390767579175,10.0979602791197,2.677133655394525,0.36902844873859364,0.30193236714975846
95,7.64224369296833,0.9057971014492754,4.998658078368224,46.59151905528717,1.4895330112721417,24.630971551261407,10.050993022007514,3.0193236714975846,0.36902844873859364,0.30193236714975846
96,7.48792270531401,0.9057971014492754,8.3064949006978,43.84057971014493,1.4761137949543746,24.241814278046164,10.050993022007514,3.0193236714975846,0.36902844873859364,0.30193236714975846
97,7.702630166398282,0.9057971014492754,8.293075684380032,43.76677402039721,1.4694041867954912,24.16129898013956,10.037573805689748,2.9924852388620504,0.36902844873859364,0.30193236714975846
98,7.991143317230274,0.8252818035426731,7.601986044015029,45.793075684380035,1.4492753623188406,23.087761674718198,9.433709071390231,3.1468062265163717,0.36902844873859364,0.30193236714975846
99,8.662104133118627,0.8252818035426731,7.568438003220612,45.24288781535159,1.4492753623188406,22.973698336017176,9.359903381642512,3.2474503488996245,0.36902844873859364,0.30193236714975846
100,8.548040794417606,0.8252818035426731,10.272410091250672,42.85426731078905,1.5767579173376274,22.893183038110575,9.225711218464841,3.1333870101986045,0.36902844873859364,0.30193236714975846
101,8.735909822866345,0.8252818035426731,10.225442834138486,42.76033279656468,1.5767579173376274,22.84621578099839,9.225711218464841,3.1333870101986045,0.36902844873859364,0.30193236714975846
102,8.433977455716587,0.8252818035426731,9.655126140633387,46.63177670424047,0.8923778851315083,22.383252818035427,8.3064949006978,2.200751476113795,0.36902844873859364,0.30193236714975846
103,8.655394524959743,0.8252818035426731,9.655126140633387,46.4573268921095,0.8923778851315083,22.262479871175522,8.3064949006978,2.2745571658615136,0.36902844873859364,0.30193236714975846
104,8.870101986044014,0.8252818035426731,9.621578099838969,46.27616747181965,0.8923778851315083,22.262479871175522,8.3064949006978,2.2745571658615136,0.36902844873859364,0.30193236714975846
105,7.890499194847021,0.8252818035426731,7.830112721417069,51.1003757380569,0.8789586688137413,22.014224369296834,6.890767579173376,1.8988191089640365,0.36902844873859364,0.30193236714975846
106,8.044820182501342,0.8252818035426731,7.830112721417069,51.006441223832525,0.8789586688137413,22.430220075147613,6.414385399892646,1.8988191089640365,0.36902844873859364,0.30193236714975846
107,7.467793880837359,0.8252818035426731,9.829575952764358,49.89935587761675,0.8789586688137413,22.363123993558776,6.273483628556092,1.8988191089640365,0.2616747181964573,0.30193236714975846
108,7.722758990874933,0.8252818035426731,9.816156736446592,49.463231347289316,0.8789586688137413,22.342995169082126,6.219806763285024,2.167203435319377,0.2616747181964573,0.30193236714975846
109,7.991143317230274,0.8252818035426731,9.816156736446592,49.29549114331723,0.8789586688137413,22.262479871175522,6.199677938808374,2.167203435319377,0.2616747181964573,0.30193236714975846
110,8.09849704777241,0.8252818035426731,9.628287707997853,49.094202898550726,0.8789586688137413,21.83977455716586,6.904186795491143,2.167203435319377,0.2616747181964573,0.30193236714975846
111,8.360171765968868,0.8252818035426731,9.554482018250134,49.013687600644126,0.8789586688137413,21.77938808373591,6.857219538378959,2.167203435319377,0.2616747181964573,0.30193236714975846
112,8.641975308641975,0.8252818035426731,9.460547504025765,48.87949543746645,0.8789586688137413,21.72571121846484,6.857219538378959,2.167203435319377,0.2616747181964573,0.30193236714975846
113,8.883521202361782,0.8252818035426731,9.460547504025765,48.731884057971016,0.8789586688137413,21.651905528717123,6.850509930220075,2.167203435319377,0.2616747181964573,0.2885131508319914
114,8.387010198604402,0.8252818035426731,9.380032206119163,51.07353730542136,0.8789586688137413,21.309715512614062,5.615942028985507,1.9793344068706387,0.2616747181964573,0.2885131508319914
115,8.849973161567364,0.8252818035426731,9.380032206119163,50.74476650563607,0.8789586688137413,21.202361782071925,5.615942028985507,1.9524959742351047,0.2616747181964573,0.2885131508319914
116,8.970746108427267,0.8252818035426731,8.635265700483092,48.54401502952228,0.8789586688137413,24.765163714439076,4.87788513150832,1.9524959742351047,0.2616747181964573,0.2885131508319914
117,9.131776704240472,0.8252818035426731,8.816425120772946,48.23537305421363,0.8588298443370908,24.644390767579175,4.87788513150832,2.059849704777241,0.2616747181964573,0.2885131508319914
118,7.924047235641439,0.8118625872249061,6.481481481481482,41.43183038110574,0.8588298443370908,36.06414385399893,4.240472356414386,1.6438539989264627,0.2549651100375738,0.2885131508319914
119,8.038110574342458,0.8118625872249061,4.17337627482555,45.611916264090176,0.8588298443370908,35.11137949543747,3.3413848631239937,1.6438539989264627,0.12077294685990338,0.2885131508319914
120,8.340042941492216,0.8118625872249061,4.17337627482555,45.45759527643585,0.8588298443370908,34.96376811594203,3.3413848631239937,1.6438539989264627,0.12077294685990338,0.2885131508319914
121,8.225979602791197,0.8118625872249061,3.0394524959742353,47.20209339774557,0.7380568974771873,34.292807300053674,3.643317230273752,1.6371443907675791,0.12077294685990338,0.2885131508319914
122,8.61513687600644,0.7783145464304885,3.0394524959742353,46.90016103059581,0.7112184648416533,34.265968867418145,3.643317230273752,1.6371443907675791,0.12077294685990338,0.2885131508319914
123,7.98443370907139,0.35560923242082665,2.952227589908749,51.42914653784219,0.5971551261406334,31.367418142780462,3.556092324208266,1.3486312399355878,0.12077294685990338,0.2885131508319914
124,8.145464304884594,0.35560923242082665,2.952227589908749,51.308373590982285,0.5971551261406334,31.353998926462694,3.5292538915727323,1.3486312399355878,0.12077294685990338,0.2885131508319914
125,7.541599570585078,0.3421900161030596,2.898550724637681,55.38781535158347,0.5971551261406334,28.442028985507246,3.1535158346752548,1.3486312399355878,,0.2885131508319914
126,7.9106280193236715,0.3421900161030596,2.898550724637681,54.723564143854,1.3486312399355878,27.985775630703166,3.1535158346752548,1.3486312399355878,,0.2885131508319914
127,8.427267847557703,0.3421900161030596,2.898550724637681,54.408212560386474,1.3486312399355878,27.690552871712292,3.140096618357488,1.4559849704777241,,0.2885131508319914
128,8.61513687600644,0.3421900161030596,2.898550724637681,54.53569511540526,1.3419216317767042,27.549651100375737,3.140096618357488,1.288244766505636,,0.2885131508319914
129,9.07139023081052,0.3421900161030596,2.898550724637681,54.186795491143315,1.3419216317767042,27.455716586151368,3.140096618357488,1.2748255501878691,,0.2885131508319914
130,9.433709071390231,0.3421900161030596,2.85829307568438,53.95195920558239,1.3419216317767042,27.36849168008588,3.140096618357488,1.2748255501878691,,0.2885131508319914
131,9.5276435856146,0.3421900161030596,2.85829307568438,53.11325818572195,1.3150831991411702,27.200751476113794,4.019055287171229,1.3352120236178207,,0.2885131508319914
132,9.541062801932368,0.3421900161030596,3.864734299516908,51.08024691358025,1.3150831991411702,27.15378421900161,5.10601180891036,1.3083735909822867,,0.2885131508319914
133,9.145195920558239,0.3421900161030596,3.851315083199141,53.52254428341385,1.3150831991411702,25.315351583467525,4.911433172302737,1.3083735909822867,,0.2885131508319914
134,9.567901234567902,0.3421900161030596,3.851315083199141,52.53623188405797,1.221148684916801,25.07380568974772,5.669618894256575,1.3016639828234031,0.14761137949543746,0.2885131508319914
135,9.856414385399892,0.3421900161030596,3.851315083199141,52.274557165861516,1.221148684916801,25.0,5.595813204508857,1.4224369296833066,0.14761137949543746,0.2885131508319914
136,10.11808910359635,0.3421900161030596,3.851315083199141,52.05314009661836,1.221148684916801,24.9597423510467,5.595813204508857,1.4224369296833066,0.14761137949543746,0.2885131508319914
137,9.460547504025765,0.3421900161030596,2.6838432635534084,57.71604938271605,0.5367686527106817,21.886741814278047,5.528717122920021,1.4090177133655395,0.14761137949543746,0.2885131508319914
138,8.179012345679013,0.30864197530864196,2.6502952227589907,59.58132045088567,0.10064412238325282,21.00107353730542,6.508319914117015,1.3821792807300053,,0.2885131508319914
139,8.252818035426731,0.30864197530864196,2.7442297369833604,58.353462157809986,0.10064412238325282,22.71202361782072,5.857487922705314,1.3821792807300053,,0.2885131508319914
140,8.601717659688674,0.30864197530864196,2.7442297369833604,58.28636607622115,0.10064412238325282,22.537573805689746,5.756843800322061,1.3821792807300053,,0.28180354267310787
141,9.245840042941492,0.30864197530864196,2.7308105206655933,57.648953301127214,0.10064412238325282,22.470477724100913,5.736714975845411,1.4761137949543746,,0.28180354267310787
142,9.621578099838969,0.30864197530864196,2.7308105206655933,57.347020933977454,0.10064412238325282,22.396672034353195,5.736714975845411,1.4761137949543746,,0.28180354267310787
143,9.473966720343531,0.30864197530864196,3.643317230273752,55.193236714975846,0.06038647342995169,23.832528180354267,5.736714975845411,1.4694041867954912,,0.28180354267310787
144,9.5276435856146,0.30864197530864196,2.9790660225442833,57.23295759527644,0.06038647342995169,22.477187332259795,5.703166935050993,1.42914653784219,,0.28180354267310787
145,9.802737520128824,0.30864197530864196,2.9790660225442833,56.96457326892109,0.06038647342995169,22.376543209876544,5.676328502415459,1.5499194847020934,,0.28180354267310787
146,10.25228126677402,0.30864197530864196,2.9790660225442833,56.90418679549114,0.06038647342995169,21.987385936661298,5.676328502415459,1.5499194847020934,,0.28180354267310787
147,10.567632850241546,0.30864197530864196,2.9790660225442833,56.655931293612454,0.06038647342995169,21.980676328502415,5.629361245303274,1.5365002683843263,,0.28180354267310787
148,9.614868491680086,0.30193236714975846,2.945517981749866,49.19484702093398,0.06038647342995169,30.64278046162104,5.555555555555555,1.402308105206656,,0.28180354267310787
149,9.789318303811058,0.30193236714975846,2.6301663982823404,48.8593666129898,0.06038647342995169,29.736983360171767,6.038647342995169,2.301395598497048,,0.28180354267310787
150,9.272678475577026,0.30193236714975846,2.6301663982823404,43.96806226516372,0.06038647342995169,29.58937198067633,11.621041331186259,2.2745571658615136,,0.28180354267310787
151,9.54777241009125,0.30193236714975846,2.5161030595813205,43.68625872249061,0.06038647342995169,29.542404723564143,11.788781535158346,2.2745571658615136,,0.28180354267310787
152,9.883252818035427,0.30193236714975846,2.49597423510467,43.46484165324745,0.06038647342995169,29.542404723564143,11.694847020933977,2.2745571658615136,,0.28180354267310787
153,8.246108427267847,,2.2342995169082127,54.46188942565754,,22.604669887278583,11.010466988727858,1.442565754159957,,
154,8.360171765968868,,2.2342995169082127,53.91170155662909,,21.081588835212024,12.822061191626409,1.5901771336553945,,
155,8.662104133118627,,3.730542136339238,53.535963499731615,,19.719538378958667,12.761674718196458,1.5901771336553945,,
156,8.36688137412775,,3.7037037037037037,50.60386473429951,,25.181159420289855,10.554213633923778,1.5901771336553945,,
157,8.57487922705314,,3.6768652710681695,50.4898013955985,,25.147611379495437,10.520665593129362,1.5901771336553945,,
158,8.581588835212024,,3.629898013955985,49.35587761674718,,26.710950080515296,10.279119699409554,1.442565754159957,,
159,8.836553945249598,,3.629898013955985,49.20826623725174,,26.670692431561996,10.21202361782072,1.442565754159957,,
160,7.890499194847021,,3.6097691894793345,50.97289318303811,,25.11406333870102,10.185185185185185,2.227589908749329,,
161,8.09849704777241,,3.6097691894793345,46.92699946323135,,25.09393451422437,10.178475577026301,6.092324208266238,,
162,8.487654320987655,,3.6097691894793345,46.47745571658615,0.1274825550187869,24.993290391841118,10.11808910359635,6.1862587224906065,,
163,8.61513687600644,,3.6097691894793345,46.303005904455176,0.1274825550187869,24.993290391841118,10.104669887278583,6.246645195920558,,
164,8.923778851315083,,3.5762211486849167,46.11513687600644,0.1274825550187869,24.90606548577563,10.104669887278583,6.246645195920558,,
165,8.796296296296296,,3.549382716049383,51.690821256038646,0.1274825550187869,20.081857219538378,10.084541062801932,5.669618894256575,,
166,8.789586688137414,,3.549382716049383,50.84541062801932,0.1274825550187869,19.229736983360173,11.788781535158346,5.669618894256575,,
167,9.131776704240472,,3.549382716049383,50.64412238325282,0.1274825550187869,19.216317767042405,11.735104669887278,5.595813204508857,,
168,9.406870638754697,,3.5292538915727323,50.55018786902845,0.1274825550187869,19.142512077294686,11.674718196457327,5.5689747718733225,,
169,8.796296296296296,,3.046162104133119,44.77321524422974,0.23483628556092323,27.91867954911433,9.634997316156737,5.595813204508857,,
170,8.682232957595277,,3.046162104133119,44.02844873859367,1.0466988727858293,29.810789049919485,7.7898550724637685,5.595813204508857,,
171,8.890230810520666,,3.046162104133119,43.934514224369295,1.0466988727858293,29.757112184648417,7.729468599033816,5.595813204508857,,
172,9.104938271604938,,3.046162104133119,43.914385399892645,1.0466988727858293,29.66988727858293,7.702630166398282,5.515297906602254,,
173,9.306226516371444,,3.046162104133119,43.81374127750939,1.0466988727858293,29.602791196994094,7.702630166398282,5.481749865807837,,
174,9.520933977455716,,3.0059044551798175,46.202361782071925,1.0466988727858293,26.147342995169083,8.59500805152979,5.481749865807837,,
175,9.004294149221685,,3.0059044551798175,43.76677402039721,1.0466988727858293,24.825550187869027,13.023349436392914,5.3274288781535155,,
176,9.131776704240472,,3.0059044551798175,43.71309715512614,1.0466988727858293,24.805421363392377,13.009930220075148,5.287171229200215,,
177,9.23913043478261,,3.0059044551798175,43.223295759527645,1.7579173376274826,24.792002147074612,12.909286097691895,5.072463768115942,,
178,9.534353193773484,,2.999194847020934,42.99516908212561,1.7579173376274826,24.771873322597962,12.882447665056361,5.059044551798175,,
179,9.802737520128824,,2.985775630703167,42.8743961352657,1.7579173376274826,24.771873322597962,12.74825550187869,5.059044551798175,,
180,9.534353193773484,,2.9790660225442833,46.93370907139023,1.6304347826086956,24.664519592055825,12.5402576489533,1.7176596886741815,,
181,9.655126140633387,,2.9790660225442833,44.6256038647343,1.6304347826086956,25.315351583467525,12.077294685990339,3.717122920021471,,
182,10.185185185185185,,2.9790660225442833,44.35050993022008,1.6304347826086956,25.09393451422437,12.04374664519592,3.717122920021471,,
183,10.299248523886206,,2.9790660225442833,44.29012345679013,1.6304347826086956,25.05367686527107,12.030327428878154,3.717122920021471,,
184,10.560923242082662,,2.9790660225442833,44.155931293612454,1.6304347826086956,24.953032742887814,12.030327428878154,3.6902844873859366,,
185,10.46027911969941,,2.918679549114332,42.67981749865808,1.6304347826086956,26.44927536231884,12.02361782071927,3.8378958668813743,,
186,10.601180891035963,,2.918679549114332,42.612721417069245,1.6304347826086956,26.40901771336554,11.990069779924852,3.8378958668813743,,
187,10.7085346215781,,2.918679549114332,42.54562533548041,1.6304347826086956,26.25469672571122,11.963231347289318,3.978797638217928,,
188,10.889694041867955,,2.918679549114332,42.0625335480408,1.6304347826086956,26.25469672571122,11.963231347289318,4.280730005367687,,
189,11.124530327428879,,2.9052603327965647,41.99543746645196,1.6304347826086956,26.160762211486848,11.902844873859367,4.280730005367687,,
190,11.480139559849706,,2.9052603327965647,41.29092860976919,1.6304347826086956,26.06682769726248,11.862587224906065,4.7638217928073,,
191,11.896135265700483,,2.9052603327965647,41.10976918947934,1.8317230273752012,25.617283950617285,11.79549114331723,4.817498658078368,0.026838432635534086,
192,12.104133118625873,,2.898550724637681,40.90177133655394,1.8048845947396672,25.55689747718733,11.788781535158346,4.918142780461621,0.026838432635534086,
193,12.392646269457863,,2.898550724637681,40.76086956521739,1.8048845947396672,25.462962962962962,11.761943102522812,4.891304347826087,0.026838432635534086,
194,12.815351583467525,,2.898550724637681,40.61996779388084,2.059849704777241,25.268384326355342,11.614331723027375,4.696725711218465,0.026838432635534086,
195,13.157541599570585,,2.885131508319914,40.55958132045089,2.059849704777241,25.187869028448738,11.493558776167472,4.62962962962963,0.026838432635534086,
196,13.446054750402576,,3.227321524422974,40.41867954911433,2.01959205582394,24.953032742887814,11.285560923242082,4.622920021470746,0.026838432635534086,
197,13.841921631776705,,3.193773483628556,40.22410091250671,2.1135265700483092,24.771873322597962,11.20504562533548,4.622920021470746,0.026838432635534086,
198,14.04320987654321,,3.113258185721954,39.30488459473967,1.9189479334406871,24.630971551261407,12.379227053140097,4.582662372517445,0.026838432635534086,
199,14.459205582393988,,3.113258185721954,39.130434782608695,2.24771873322598,24.16129898013956,12.298711755233494,4.562533548040794,0.026838432635534086,
200,14.720880300590446,,3.113258185721954,38.87546967257112,2.24771873322598,24.14117015566291,12.265163714439076,4.609500805152979,0.026838432635534086,
201,14.53972088030059,,3.227321524422974,38.2313472893183,2.24771873322598,23.295759527643586,13.83521202361782,4.602791196994096,0.020128824476650563,
202,14.251207729468598,,2.7844873859366612,37.245034889962426,2.24771873322598,22.29602791196994,16.57944176060118,4.575952764358561,0.020128824476650563,
203,14.217659688674182,,3.7573805689747717,36.540526033279654,2.2342995169082127,22.208803005904453,16.445249597423512,4.575952764358561,0.020128824476650563,
204,14.257917337627482,,4.898013955984971,35.970209339774556,2.2342995169082127,22.054482018250134,16.035963499731615,4.528985507246377,0.020128824476650563,
205,14.439076757917338,,4.898013955984971,35.89640365002684,2.2342995169082127,21.987385936661298,16.015834675254965,4.508856682769726,0.020128824476650563,
206,14.754428341384862,,4.891304347826087,35.80246913580247,2.2342995169082127,21.960547504025765,15.868223295759528,4.468599033816425,0.020128824476650563,
207,14.935587761674718,,4.951690821256038,35.72866344605475,2.2074610842726785,21.866612989801396,15.821256038647343,4.468599033816425,0.020128824476650563,
208,15.029522275899087,,4.944981213097155,35.68840579710145,2.2074610842726785,21.866612989801396,15.780998389694043,4.461889425657541,0.020128824476650563,
209,15.183843263553408,,4.911433172302737,35.507246376811594,2.2074610842726785,21.83977455716586,15.780998389694043,4.549114331723027,0.020128824476650563,
210,15.53274288781535,,4.911433172302737,35.35963499731616,2.2074610842726785,21.672034353193773,15.767579173376275,4.528985507246377,0.020128824476650563,
211,15.787707997852925,,4.871175523349437,35.28582930756844,2.1940418679549114,21.544551798174986,15.767579173376275,4.528985507246377,0.020128824476650563,
212,16.069511540526033,,4.864465915190553,35.12479871175523,2.1940418679549114,21.490874932903917,15.707192699946322,4.528985507246377,0.020128824476650563,
213,16.210413311862588,,5.622651637144391,34.84299516908212,2.1940418679549114,21.088298443370906,15.499194847020934,4.522275899087493,0.020128824476650563,
214,16.27750939345142,,5.730005367686527,34.80273752012882,2.1403650026838434,21.027911969940956,15.49248523886205,4.508856682769726,0.020128824476650563,
215,16.384863123993558,,5.723295759527644,34.78931830381106,2.1403650026838434,20.994363929146537,15.445517981749866,4.502147074610843,0.020128824476650563,
216,16.606280193236714,,5.662909286097692,34.74906065485776,2.1403650026838434,20.873590982286636,15.445517981749866,4.502147074610843,0.020128824476650563,
217,16.874664519592056,,5.609232420826624,34.72222222222222,2.1403650026838434,20.73268921095008,15.398550724637682,4.502147074610843,0.020128824476650563,
218,17.14975845410628,,5.609232420826624,34.56119162640902,2.1403650026838434,20.658883521202362,15.385131508319914,4.4753086419753085,0.020128824476650563,
219,17.639559849704778,,5.589103596349974,34.35990338164251,2.1403650026838434,20.363660762211488,15.351583467525497,4.53569511540526,0.020128824476650563,
220,17.632850241545892,,6.206387546967257,33.55475040257649,2.1403650026838434,20.725979602791195,15.297906602254429,4.42163177670424,0.020128824476650563,
221,17.92807300053677,,6.159420289855072,33.51449275362319,2.1403650026838434,20.645464304884594,15.177133655394526,4.414922168545357,0.020128824476650563,
222,17.98174986580784,,6.300322061191626,33.48765432098765,2.1403650026838434,20.491143317230275,15.170424047235642,4.408212560386473,0.020128824476650563,
223,18.16290928609769,,6.286902844873859,33.400429414922165,2.1403650026838434,20.477724100912507,15.103327965646805,4.408212560386473,0.020128824476650563,
224,18.55877616747182,,6.260064412238325,33.25952764358561,2.1403650026838434,20.29656468062265,15.069779924852389,4.394793344068707,0.020128824476650563,
225,18.706387546967257,,6.260064412238325,33.23268921095008,2.13365539452496,19.840311325818572,15.411969940955448,4.394793344068707,0.020128824476650563,
226,18.98148148148148,,6.233225979602791,33.13875469672571,2.13365539452496,19.712828770799785,15.411969940955448,4.367954911433173,0.020128824476650563,
227,19.196188942565755,,6.1862587224906065,32.96430488459474,2.13365539452496,19.612184648416534,15.318035426731079,4.502147074610843,0.08722490606548577,
228,19.343800322061192,,6.132581857219538,32.88378958668814,2.120236178207193,19.612184648416534,15.318035426731079,4.502147074610843,0.08722490606548577,
229,19.142512077294686,,6.105743424584004,32.83682232957595,2.120236178207193,20.679012345679013,14.526301663982823,4.502147074610843,0.08722490606548577,
230,19.216317767042405,,6.072195383789587,32.79656468062265,2.200751476113795,20.48443370907139,14.486044015029522,4.502147074610843,0.24154589371980675,
231,19.196188942565755,,6.072195383789587,31.99812130971551,3.079710144927536,20.42404723564144,14.331723027375201,4.656468062265164,0.24154589371980675,
232,19.410896403650028,,6.038647342995169,31.910896403650028,3.079710144927536,20.35024154589372,14.31159420289855,4.656468062265164,0.24154589371980675,
233,19.699409554482017,,6.038647342995169,31.830381105743424,3.079710144927536,20.175791733762747,14.15727321524423,4.777241009125067,0.24154589371980675,
234,19.95437466451959,,6.125872249060655,31.629092860976918,3.079710144927536,20.148953301127214,14.070048309178745,4.750402576489533,0.24154589371980675,
235,20.148953301127214,,6.112453032742888,31.52173913043478,3.079710144927536,20.108695652173914,14.036500268384327,4.750402576489533,0.24154589371980675,
236,20.263016639828233,,6.575415995705851,31.32716049382716,3.066290928609769,19.81347289318304,13.969404186795492,4.74369296833065,0.24154589371980675,
237,20.544820182501343,,6.575415995705851,31.246645195920557,3.066290928609769,19.773215244229736,13.808373590982287,4.74369296833065,0.24154589371980675,
238,20.69243156199678,,6.575415995705851,31.199677938808374,3.066290928609769,19.685990338164252,13.79495437466452,4.74369296833065,0.24154589371980675,
239,20.860171765968868,,6.575415995705851,31.17283950617284,3.046162104133119,19.592055823939884,13.768115942028986,4.74369296833065,0.24154589371980675,
240,20.987654320987655,,6.575415995705851,31.112453032742888,3.046162104133119,19.524959742351047,13.768115942028986,4.74369296833065,0.24154589371980675,
241,21.121846484165324,,6.568706387546968,31.085614600107355,2.8918411164787976,19.45115405260333,13.915727321524423,4.723564143853999,0.24154589371980675,
242,21.370101986044016,,6.561996779388084,31.03864734299517,2.8918411164787976,19.350509930220074,13.841921631776705,4.703435319377348,0.24154589371980675,
243,21.16881374127751,,6.414385399892646,33.20585077831455,2.8918411164787976,17.840848094471284,13.734567901234568,4.656468062265164,0.08722490606548577,
244,21.39694041867955,,7.192699946323135,32.9374664519592,2.8918411164787976,17.324208266237253,13.526570048309178,4.643048845947397,0.08722490606548577,
245,21.70558239398819,,7.185990338164252,32.76301663982824,2.8650026838432634,17.324208266237253,13.45276435856146,4.616210413311863,0.08722490606548577,
246,21.75925925925926,,7.675791733762749,32.21282877079979,2.945517981749866,17.2638217928073,13.439345142243694,4.616210413311863,0.08722490606548577,
247,21.994095544820183,,7.615405260332796,32.18599033816425,2.945517981749866,17.12962962962963,13.425925925925926,4.616210413311863,0.08722490606548577,
248,22.134997316156735,,7.615405260332796,32.11218464841653,2.945517981749866,17.062533548040793,13.425925925925926,4.616210413311863,0.08722490606548577,
249,22.23564143853999,,7.601986044015029,32.024959742351044,2.945517981749866,16.894793344068706,13.593666129898015,4.616210413311863,0.08722490606548577,
250,22.34970477724101,,7.581857219538379,31.4345142243693,3.488996242619431,17.06924315619968,13.580246913580247,4.408212560386473,0.08722490606548577,
251,22.52415458937198,,7.675791733762749,31.394256575415994,3.488996242619431,16.841116478797638,13.580246913580247,4.408212560386473,0.08722490606548577,
252,22.75228126677402,,7.608695652173913,31.280193236714975,3.488996242619431,16.794149221685455,13.580246913580247,4.408212560386473,0.08722490606548577,
253,22.946859903381643,,7.581857219538379,31.219806763285025,3.4621578099838968,16.78743961352657,13.580246913580247,4.334406870638754,0.08722490606548577,
254,23.081052066559312,,7.548309178743962,31.17283950617284,3.4621578099838968,16.760601180891037,13.560118089103597,4.327697262479871,0.08722490606548577,
255,23.21524422973698,,7.5348899624261945,31.15271068169619,3.4621578099838968,16.74718196457327,13.47289318303811,4.327697262479871,0.08722490606548577,
