,45,50,52,54,51,55,53,56
0,98.69162640901772,1.3083735909822867,,,,,,
1,97.5979602791197,1.8451422436929683,0.5568974771873323,,,,,
2,95.82662372517444,3.616478797638218,0.5568974771873323,,,,,
3,95.82662372517444,3.616478797638218,0.5568974771873323,,,,,
4,93.35077831454643,6.092324208266238,0.5568974771873323,,,,,
5,89.4122383252818,10.030864197530864,0.5568974771873323,,,,,
6,86.75523349436394,12.406065485775631,0.5568974771873323,0.28180354267310787,,,,
7,67.68652710681697,32.23295759527644,,0.08051529790660225,,,,
8,66.92163177670425,32.99785292538916,,0.08051529790660225,,,,
9,63.16425120772947,36.75523349436393,,0.08051529790660225,,,,
10,63.35212023617821,36.56736446591519,,0.08051529790660225,,,,
11,63.506441223832525,36.41304347826087,,0.08051529790660225,,,,
12,63.1105743424584,36.808910359635,,0.08051529790660225,,,,
13,59.024422973698336,32.11218464841653,,0.06709608158883522,8.796296296296296,,,
14,57.608695652173914,32.776435856146,,0.06709608158883522,9.54777241009125,,,
15,57.648953301127214,32.75630703166935,,0.06709608158883522,9.5276435856146,,,
16,57.387278582930755,33.01798174986581,,0.06709608158883522,9.5276435856146,,,
17,55.783682232957595,34.62157809983897,,0.06709608158883522,9.5276435856146,,,
18,53.84460547504026,35.46698872785829,,0.06709608158883522,10.50053676865271,0.12077294685990338,,
19,52.73081052066559,36.58749329039184,,0.06709608158883522,10.493827160493828,0.12077294685990338,,
20,52.824745034889965,36.533816425120776,,0.06709608158883522,10.453569511540525,0.12077294685990338,,
21,53.07300053676865,36.37278582930757,,0.06709608158883522,10.36634460547504,0.12077294685990338,,
22,52.24771873322598,36.4398819108964,,0.06709608158883522,11.124530327428879,0.12077294685990338,,
23,52.47584541062802,35.7085346215781,,0.5703166935050993,11.124530327428879,0.12077294685990338,,
24,51.60359634997316,34.876543209876544,1.7042404723564144,0.5703166935050993,11.124530327428879,0.12077294685990338,,
25,51.70424047235642,34.77589908749329,1.7042404723564144,0.5703166935050993,11.124530327428879,0.12077294685990338,,
26,51.77804616210413,34.554482018250134,1.7042404723564144,0.7581857219538379,11.097691894793345,0.10735373054213634,,
27,51.892109500805155,34.44041867954911,1.7042404723564144,0.7581857219538379,11.097691894793345,0.10735373054213634,,
28,51.932367149758456,34.40016103059581,1.7042404723564144,0.7581857219538379,11.097691894793345,0.10735373054213634,,
29,52.06655931293612,34.40016103059581,1.7042404723564144,0.7581857219538379,10.963499731615673,0.10735373054213634,,
30,52.14707461084273,34.31964573268921,1.7042404723564144,0.7581857219538379,10.963499731615673,0.10735373054213634,,
31,52.30810520665593,33.373590982286636,2.5026838432635534,0.7581857219538379,10.950080515297907,0.10735373054213634,,
32,52.482555018786904,32.6556629092861,2.4691358024691357,0.7581857219538379,10.923242082662373,0.7112184648416533,,
33,52.56977992485239,32.63553408480945,2.4691358024691357,0.7581857219538379,10.856146001073537,0.7112184648416533,,
34,51.95920558239399,33.36688137412775,2.3483628556092326,0.7581857219538379,10.856146001073537,0.7112184648416533,,
35,52.06655931293612,33.333333333333336,2.3483628556092326,0.7581857219538379,10.809178743961352,0.6843800322061192,,
36,51.710950080515296,33.61513687600644,2.3215244229736984,0.7581857219538379,9.64170692431562,0.6843800322061192,1.2681159420289856,
37,50.83870101986044,34.272678475577024,2.3215244229736984,0.6977992485238862,9.916800858829845,0.6843800322061192,1.2681159420289856,
38,50.939345142243695,33.541331186258724,2.3215244229736984,1.2010198604401503,9.41358024691358,0.6843800322061192,1.8988191089640365,
39,49.32903918411165,35.39318303811057,2.0799785292538915,1.2010198604401503,9.41358024691358,0.6843800322061192,1.8988191089640365,
40,49.261943102522814,35.05099302200752,2.0799785292538915,1.2010198604401503,9.406870638754697,0.6843800322061192,2.314814814814815,
41,48.38298443370907,35.40660225442834,3.052871712292002,1.1137949543746646,9.111647879763822,0.6843800322061192,2.24771873322598,
42,47.92673107890499,36.00375738056898,3.012614063338701,1.1137949543746646,9.01100375738057,0.6843800322061192,2.24771873322598,
43,47.58454106280193,36.43317230273752,2.9388083735909825,1.1137949543746646,8.997584541062801,0.6843800322061192,2.24771873322598,
44,45.52469135802469,36.963231347289316,2.6972624798711755,1.1137949543746646,10.903113258185721,0.6843800322061192,2.1135265700483092,
45,45.6857219538379,36.89613526570049,2.677133655394525,1.1137949543746646,10.829307568438002,0.6843800322061192,2.1135265700483092,
46,38.14412238325282,44.6256038647343,2.677133655394525,0.9259259259259259,10.829307568438002,0.6843800322061192,2.1135265700483092,
47,37.23832528180354,45.551529790660226,2.677133655394525,0.8923778851315083,9.849704777241008,0.6843800322061192,3.1065485775630703,
48,37.245034889962426,45.00805152979066,5.522007514761138,0.6977992485238862,8.527911969940956,0.6843800322061192,2.314814814814815,
49,37.33225979602791,43.96806226516372,6.515029522275899,0.6977992485238862,8.501073537305421,0.6843800322061192,2.301395598497048,
50,37.5402576489533,43.65942028985507,6.286902844873859,1.1272141706924315,8.427267847557703,0.6843800322061192,2.2745571658615136,
51,37.66774020397209,43.545356951154055,6.286902844873859,1.1137949543746646,8.427267847557703,0.6843800322061192,2.2745571658615136,
52,37.815351583467525,43.43800322061192,6.246645195920558,1.1137949543746646,8.427267847557703,0.6843800322061192,2.2745571658615136,
53,37.88244766505636,43.384326355340846,6.414385399892646,0.9326355340848095,8.427267847557703,0.6843800322061192,2.2745571658615136,
54,37.97638217928073,43.263553408480945,6.635802469135802,0.9326355340848095,8.232689210950081,0.6843800322061192,2.2745571658615136,
55,38.137412775093935,43.022007514761135,6.407675791733762,0.9259259259259259,8.883521202361782,0.6843800322061192,1.9390767579173376,
56,38.26489533011272,42.914653784219,6.400966183574879,0.9259259259259259,8.883521202361782,0.6843800322061192,1.9256575415995705,
57,36.560654857756305,41.96188942565754,8.527911969940956,0.644122383252818,9.802737520128824,0.6843800322061192,1.8183038110574343,
58,36.594202898550726,41.82769726247987,8.668813741277509,0.644122383252818,9.762479871175524,0.6843800322061192,1.8183038110574343,
59,35.40660225442834,40.27777777777778,8.031400966183575,0.644122383252818,13.459473966720344,0.6843800322061192,1.4962426194310252,
60,36.29898013955985,39.92887815351583,8.13875469672571,0.644122383252818,12.808641975308642,0.6843800322061192,1.4962426194310252,
61,36.09769189479334,37.775093934514224,7.997852925389157,0.644122383252818,15.33816425120773,0.6843800322061192,1.4626945786366077,
62,36.30568974771873,37.6207729468599,7.997852925389157,0.644122383252818,15.28448738593666,0.6843800322061192,1.4626945786366077,
63,36.3191089640365,37.60735373054214,7.997852925389157,0.644122383252818,15.28448738593666,0.6843800322061192,1.4626945786366077,
64,36.560654857756305,37.446323134728935,7.937466451959206,0.644122383252818,15.26435856146001,0.6843800322061192,1.4626945786366077,
65,36.66800858829844,37.37251744498121,7.937466451959206,0.644122383252818,15.230810520665592,0.6843800322061192,1.4626945786366077,
66,36.191626409017715,34.70880300590446,5.9514224369296835,0.5032206119162641,20.598497047772412,0.6843800322061192,1.3620504562533549,
67,36.33252818035427,34.62157809983897,5.9514224369296835,0.5032206119162641,20.544820182501343,0.6843800322061192,1.3620504562533549,
68,36.3191089640365,34.534353193773484,6.427804616210413,0.5032206119162641,20.497852925389157,0.6843800322061192,1.0332796564680622,
69,35.69511540526033,34.74906065485776,6.112453032742888,0.9796027911969941,20.74610842726785,0.6843800322061192,1.0332796564680622,
70,35.970209339774556,34.695383789586685,6.112453032742888,0.9796027911969941,20.578368223295758,0.630703166935051,1.0332796564680622,
71,35.869565217391305,34.47396672034353,6.749865807836822,0.9796027911969941,20.26972624798712,0.6239935587761675,1.0332796564680622,
72,35.7487922705314,34.574610842726784,6.394256575415996,0.9125067096081588,19.07541599570585,0.6239935587761675,2.6704240472356413,
73,35.96349973161568,34.33977455716586,6.3070316693505095,0.9125067096081588,19.04186795491143,0.7648953301127214,2.6704240472356413,
74,33.23268921095008,38.466183574879224,6.146001073537305,0.9125067096081588,17.807300053676865,0.7648953301127214,2.6704240472356413,
75,33.272946859903385,38.425925925925924,6.146001073537305,0.9125067096081588,17.807300053676865,0.7648953301127214,2.6704240472356413,
76,33.5077831454643,38.217928073000536,6.119162640901771,0.9125067096081588,17.807300053676865,0.7648953301127214,2.6704240472356413,
77,32.53488996242619,39.170692431561996,6.119162640901771,0.9125067096081588,17.713365539452496,0.8789586688137413,2.6704240472356413,
78,32.890499194847024,39.02308105206656,6.005099302200751,0.8319914117015567,17.69994632313473,0.8789586688137413,2.6704240472356413,
79,33.02469135802469,38.99624261943102,5.991680085882985,0.8319914117015567,17.60601180891036,0.8789586688137413,2.6704240472356413,
80,32.776435856146,37.96967257112185,7.1725711218464845,0.8319914117015567,17.773752012882447,0.8789586688137413,2.5966183574879227,
81,32.84353193773484,37.915995705850776,7.1725711218464845,0.8319914117015567,17.76033279656468,0.8789586688137413,2.5966183574879227,
82,33.04482018250134,37.1309715512614,7.883789586688137,0.8319914117015567,17.713365539452496,0.8655394524959742,2.5295222758990876,
83,32.950885668276975,37.104133118625874,7.856951154052603,0.8319914117015567,17.860976918947934,0.8655394524959742,2.5295222758990876,
84,29.334406870638755,41.97530864197531,7.856951154052603,0.8319914117015567,16.049382716049383,0.8655394524959742,3.0864197530864197,
85,29.347826086956523,41.96188942565754,7.856951154052603,0.8319914117015567,16.049382716049383,0.8655394524959742,3.0864197530864197,
86,29.62962962962963,41.36473429951691,7.763016639828234,1.2748255501878691,16.049382716049383,0.8655394524959742,3.052871712292002,
87,28.938539989264626,41.91492216854536,7.763016639828234,1.7042404723564144,15.787707997852925,0.8655394524959742,3.026033279656468,
88,29.220343531937736,41.720343531937736,7.763016639828234,1.7042404723564144,15.70048309178744,0.8655394524959742,3.026033279656468,
89,29.1129898013956,41.51905528717123,7.716049382716049,1.6639828234031133,16.13660762211487,0.8252818035426731,3.026033279656468,
90,28.864734299516908,41.378153515834676,7.62211486849168,1.6639828234031133,16.7337627482555,0.8252818035426731,2.9119699409554483,
91,29.30756843800322,40.995705850778315,7.595276435856146,1.6639828234031133,16.700214707461082,0.8252818035426731,2.9119699409554483,
92,29.294149221685455,39.91545893719807,8.943907675791733,1.6639828234031133,16.472088030059044,0.8252818035426731,2.885131508319914,
93,29.844337090713903,39.754428341384866,8.870101986044014,1.6304347826086956,16.190284487385938,0.8252818035426731,2.885131508319914,
94,29.8040794417606,39.57326892109501,8.829844337090714,1.6237251744498122,15.895061728395062,0.8252818035426731,3.44873859366613,
95,29.32769726247987,40.59983896940419,8.829844337090714,1.5096618357487923,14.9020397208803,0.8252818035426731,4.005636070853462,
96,28.85131508319914,41.08964036500269,8.829844337090714,1.5096618357487923,14.9020397208803,0.8252818035426731,3.992216854535695,
97,28.670155662909288,40.774288781535155,8.702361782071927,1.2748255501878691,16.035963499731615,0.5501878690284487,3.992216854535695,
98,28.764090177133657,40.52603327965647,8.635265700483092,1.261406333870102,16.035963499731615,0.785024154589372,3.992216854535695,
99,28.918411164787976,40.47906602254428,8.246108427267847,1.7176596886741815,15.861513687600644,0.785024154589372,3.992216854535695,
100,29.012345679012345,40.33816425120773,8.13875469672571,1.90552871712292,15.83467525496511,0.785024154589372,3.9855072463768115,
101,29.07944176060118,40.29119699409554,8.11862587224906,1.90552871712292,15.83467525496511,0.785024154589372,3.9855072463768115,
102,29.314278046162105,40.08990874932904,8.09849704777241,1.90552871712292,15.821256038647343,0.785024154589372,3.9855072463768115,
103,29.528985507246375,39.87520128824477,7.977724100912507,1.6170155662909287,15.713902308105206,0.785024154589372,4.502147074610843,
104,26.764626945786365,42.914653784219,7.9039184111647875,1.6170155662909287,15.5126140633387,0.785024154589372,4.502147074610843,
105,26.88539989264627,42.89452495974235,7.877079978529254,1.6170155662909287,15.4723564143854,0.7648953301127214,4.488727858293076,
106,26.496242619431026,42.48523886205046,7.877079978529254,1.6170155662909287,16.532474503488995,0.7648953301127214,4.2270531400966185,
107,26.643853998926463,41.86124530327429,7.863660762211487,1.6035963499731616,16.532474503488995,1.2681159420289856,4.2270531400966185,
108,26.764626945786365,41.74047235641439,7.863660762211487,1.6035963499731616,16.532474503488995,1.2681159420289856,4.2270531400966185,
109,27.160493827160494,41.39157273215244,7.863660762211487,1.6035963499731616,16.485507246376812,1.2681159420289856,4.2270531400966185,
110,26.1808910359635,41.06280193236715,7.863660762211487,1.6035963499731616,17.793880837359097,1.2681159420289856,4.2270531400966185,
111,26.241277509393452,41.0024154589372,7.863660762211487,1.6035963499731616,17.793880837359097,1.2681159420289856,4.2270531400966185,
112,26.44927536231884,40.78099838969404,7.85024154589372,1.6035963499731616,17.68652710681696,1.402308105206656,4.2270531400966185,
113,26.744498121309714,40.465646806226516,7.85024154589372,1.6035963499731616,17.619431025228128,1.5432098765432098,4.17337627482555,
114,26.858561460010737,40.304616210413315,7.98443370907139,1.5901771336553945,17.54562533548041,1.5432098765432098,4.17337627482555,
115,24.86580783682233,47.38996242619431,6.622383252818035,1.0534084809447128,15.190552871712292,1.8384326355340848,3.0394524959742353,
116,24.932903918411164,47.34299516908212,6.622383252818035,1.0534084809447128,15.190552871712292,1.8183038110574343,3.0394524959742353,
117,24.859098228663445,42.43827160493827,6.622383252818035,1.0534084809447128,20.605206655931294,1.3821792807300053,3.0394524959742353,
118,25.228126677402038,42.16317767042405,6.622383252818035,1.0534084809447128,20.511272141706925,1.3821792807300053,3.0394524959742353,
119,25.38244766505636,42.008856682769725,6.622383252818035,1.0534084809447128,20.511272141706925,1.3821792807300053,3.0394524959742353,
120,25.449543746645197,41.97530864197531,6.622383252818035,1.0534084809447128,20.477724100912507,1.3821792807300053,3.0394524959742353,
121,25.120772946859905,41.1231884057971,8.55475040257649,0.9594739667203436,19.14922168545357,1.3821792807300053,3.7104133118625873,
122,25.89908749329039,40.60654857756307,8.440687063875469,0.9594739667203436,19.00161030595813,1.3821792807300053,3.7104133118625873,
123,26.093666129898015,40.465646806226516,8.440687063875469,0.9594739667203436,18.9747718733226,1.3821792807300053,3.683574879227053,
124,26.33521202361782,39.231078904991946,8.440687063875469,2.100107353730542,18.867418142780462,1.3486312399355878,3.6768652710681695,
125,26.422436929683307,39.070048309178745,8.514492753623188,2.100107353730542,18.867418142780462,1.3486312399355878,3.6768652710681695,
126,26.422436929683307,39.070048309178745,8.514492753623188,2.100107353730542,18.867418142780462,1.3486312399355878,3.6768652710681695,
127,27.053140096618357,38.60708534621578,8.507783145464305,2.100107353730542,18.780193236714975,1.3486312399355878,3.603059581320451,
128,27.086688137412775,37.84219001610306,8.930488459473967,2.100107353730542,18.99490069779925,1.4626945786366077,3.5829307568438002,
129,27.469135802469136,37.506709608158886,8.930488459473967,2.100107353730542,18.95464304884595,1.4626945786366077,3.5762211486849167,
130,27.717391304347824,37.25845410628019,8.930488459473967,2.100107353730542,18.95464304884595,1.4626945786366077,3.5762211486849167,
131,27.83816425120773,37.063875469672574,8.923778851315083,2.100107353730542,18.4447128287708,1.4626945786366077,3.5762211486849167,0.5904455179817498
132,27.925389157273216,37.063875469672574,8.923778851315083,2.100107353730542,18.357487922705314,1.4626945786366077,3.5762211486849167,0.5904455179817498
133,28.039452495974235,36.40633387010199,8.923778851315083,2.100107353730542,17.94820182501342,1.4626945786366077,4.528985507246377,0.5904455179817498
134,28.193773483628558,36.3191089640365,8.923778851315083,2.100107353730542,17.881105743424584,1.4626945786366077,4.528985507246377,0.5904455179817498
135,28.31454643048846,36.292270531400966,8.923778851315083,2.8247450348899625,17.23027375201288,1.4626945786366077,4.361245303274289,0.5904455179817498
136,28.368223295759528,36.05072463768116,8.870101986044014,2.8113258185721954,17.23027375201288,1.7176596886741815,4.361245303274289,0.5904455179817498
137,28.690284487385938,35.98362855609233,8.870101986044014,2.7241009125067097,17.11621041331186,1.710950080515298,4.314278046162104,0.5904455179817498
138,29.07944176060118,35.52066559312936,8.59500805152979,2.4355877616747184,18.766774020397207,1.710950080515298,3.743961352657005,0.14761137949543746
139,29.126409017713364,35.45356951154053,8.514492753623188,2.5831991411701556,18.733225979602793,1.710950080515298,3.730542136339238,0.14761137949543746
140,29.401502952227588,35.39318303811057,8.3467525496511,2.5831991411701556,18.719806763285025,1.710950080515298,3.69699409554482,0.14761137949543746
141,29.66988727858293,35.21202361782072,8.3467525496511,2.5831991411701556,18.632581857219538,1.710950080515298,3.69699409554482,0.14761137949543746
142,29.857756307031668,35.07112184648417,8.333333333333334,2.5697799248523885,18.612453032742888,1.710950080515298,3.69699409554482,0.14761137949543746
143,30.52871712292002,34.46725711218465,8.333333333333334,2.5295222758990876,18.612453032742888,1.6908212560386473,3.6902844873859366,0.14761137949543746
144,30.515297906602253,34.35990338164251,8.749329039184111,2.5295222758990876,18.35077831454643,1.6572732152442298,3.6902844873859366,0.14761137949543746
145,30.810520665593128,34.21229200214707,8.749329039184111,2.5295222758990876,18.203166935050994,1.6572732152442298,3.6902844873859366,0.14761137949543746
146,30.938003220611915,34.14519592055824,8.702361782071927,2.5295222758990876,18.189747718733226,1.6572732152442298,3.6902844873859366,0.14761137949543746
147,30.293880837359097,32.024959742351044,11.480139559849706,2.5295222758990876,18.189747718733226,1.6438539989264627,3.6902844873859366,0.14761137949543746
148,30.46833064949007,31.83709071390231,12.211486849168008,2.5295222758990876,17.478529253891573,1.6438539989264627,3.683574879227053,0.14761137949543746
149,30.689747718733226,31.749865807836823,12.184648416532475,2.5026838432635534,17.47181964573269,1.570048309178744,3.683574879227053,0.14761137949543746
150,30.85077831454643,31.716317767042405,12.077294685990339,2.5026838432635534,17.45169082125604,1.570048309178744,3.683574879227053,0.14761137949543746
151,31.17283950617284,31.468062265163713,12.070585077831455,2.5026838432635534,17.411433172302736,1.5432098765432098,3.683574879227053,0.14761137949543746
152,31.46135265700483,31.367418142780462,11.98336017176597,2.5026838432635534,17.310789049919485,1.5432098765432098,3.683574879227053,0.14761137949543746
153,31.54186795491143,31.280193236714975,11.976650563607086,2.5496511003757383,17.277241009125067,1.5432098765432098,3.683574879227053,0.14761137949543746
154,30.837359098228664,30.817230273752013,11.66129898013956,2.5295222758990876,18.793612453032743,1.5297906602254427,3.683574879227053,0.14761137949543746
155,30.52871712292002,30.139559849704778,11.66129898013956,2.4825550187869028,18.659420289855074,1.7914653784219001,4.5893719806763285,0.14761137949543746
156,30.005367686527105,30.67632850241546,11.305689747718732,2.4825550187869028,18.659420289855074,1.778046162104133,4.944981213097155,0.14761137949543746
157,30.48845947396672,30.48174986580784,11.158078368223295,2.4020397208803006,18.625872249060656,1.778046162104133,4.918142780461621,0.14761137949543746
158,30.54213633923779,30.42807300053677,11.158078368223295,2.4020397208803006,18.625872249060656,1.778046162104133,4.918142780461621,0.14761137949543746
159,30.703166935050994,30.226784755770264,11.11111111111111,2.657004830917874,18.471551261406333,1.7646269457863661,4.918142780461621,0.14761137949543746
160,30.95813204508857,30.005367686527105,11.097691894793345,2.657004830917874,18.451422436929683,1.7646269457863661,4.918142780461621,0.14761137949543746
161,31.011808910359633,29.95169082125604,11.097691894793345,2.657004830917874,18.451422436929683,1.7646269457863661,4.918142780461621,0.14761137949543746
162,31.50161030595813,29.676596886741816,11.097691894793345,2.657004830917874,18.451422436929683,1.6639828234031133,4.804079441760601,0.14761137949543746
163,31.146001073537306,29.09286097691895,11.097691894793345,2.657004830917874,18.451422436929683,1.42914653784219,5.978260869565218,0.14761137949543746
164,31.4345142243693,28.918411164787976,11.057434245840042,2.657004830917874,18.377616747181964,1.42914653784219,5.978260869565218,0.14761137949543746
165,31.588835212023618,28.858024691358025,11.057434245840042,2.657004830917874,18.283682232957595,1.42914653784219,5.978260869565218,0.14761137949543746
166,31.19296833064949,28.37493290391841,11.057434245840042,2.657004830917874,19.155931293612454,1.570048309178744,5.844068706387547,0.14761137949543746
167,31.427804616210413,28.22061191626409,11.044015029522276,2.657004830917874,19.108964036500268,1.556629092860977,5.837359098228664,0.14761137949543746
168,31.45464304884595,28.22061191626409,11.044015029522276,2.657004830917874,19.108964036500268,1.556629092860977,5.810520665593129,0.14761137949543746
169,31.5552871712292,28.173644659151904,10.695115405260333,2.657004830917874,18.9345142243693,2.0531400966183573,5.783682232957595,0.14761137949543746
170,31.655931293612454,28.12667740203972,10.695115405260333,2.6167471819645733,18.92109500805153,2.0531400966183573,5.783682232957595,0.14761137949543746
171,32.045088566827694,27.885131508319915,10.661567364465915,2.6167471819645733,18.853998926462694,2.046430488459474,5.743424584004294,0.14761137949543746
172,32.09205582393988,27.85829307568438,10.654857756307031,2.6167471819645733,18.840579710144926,2.046430488459474,5.743424584004294,0.14761137949543746
173,32.17928073000537,27.84487385936661,10.654857756307031,2.6167471819645733,18.766774020397207,2.046430488459474,5.743424584004294,0.14761137949543746
174,32.22624798711755,27.84487385936661,10.641438539989265,2.6167471819645733,18.733225979602793,2.046430488459474,5.743424584004294,0.14761137949543746
175,32.340311325818575,27.737520128824478,10.641438539989265,2.6167471819645733,18.726516371443907,2.046430488459474,5.743424584004294,0.14761137949543746
176,32.25308641975309,27.72410091250671,10.628019323671497,2.5697799248523885,18.4447128287708,2.509393451422437,5.723295759527644,0.14761137949543746
177,32.2463768115942,27.241009125067094,10.628019323671497,2.5697799248523885,18.38432635534085,3.099838969404187,5.683038110574342,0.14761137949543746
178,32.50805152979066,27.220880300590444,10.628019323671497,2.5697799248523885,18.156199677938808,3.0864197530864197,5.683038110574342,0.14761137949543746
179,32.6154052603328,27.167203435319376,10.607890499194847,2.5697799248523885,18.12265163714439,3.0864197530864197,5.683038110574342,0.14761137949543746
180,32.769726247987116,27.140365002683843,10.607890499194847,2.5697799248523885,18.02200751476114,3.0864197530864197,5.656199677938808,0.14761137949543746
181,33.06494900697799,27.03972088030059,10.607890499194847,2.5429414922168547,17.887815351583466,3.0864197530864197,5.622651637144391,0.14761137949543746
182,32.58185721953838,26.44927536231884,9.96376811594203,2.5429414922168547,19.94766505636071,2.791196994095545,5.5756843800322065,0.14761137949543746
183,32.49463231347289,26.39559849704777,9.96376811594203,2.5429414922168547,20.52469135802469,2.757648953301127,5.173107890499195,0.14761137949543746
184,32.62211486849168,26.194310252281266,9.91009125067096,2.5429414922168547,20.336822329575952,2.757648953301127,5.488459473966721,0.14761137949543746
185,32.68250134192163,26.1808910359635,9.762479871175524,2.5429414922168547,20.336822329575952,2.757648953301127,5.589103596349974,0.14761137949543746
186,25.979602791196996,44.26999463231347,3.898282340311326,1.8451422436929683,17.384594739667204,2.187332259796028,4.28743961352657,0.14761137949543746
187,26.214439076757916,43.06897477187332,3.851315083199141,1.8451422436929683,17.639559849704778,2.9924852388620504,4.240472356414386,0.14761137949543746
188,26.29495437466452,41.968599033816425,3.851315083199141,1.8451422436929683,17.612721417069242,4.03918411164788,4.240472356414386,0.14761137949543746
189,26.25469672571122,41.86124530327429,3.4822866344605474,1.7981749865807837,18.23671497584541,4.03918411164788,4.180085882984434,0.14761137949543746
190,26.536500268384327,41.74718196457327,3.4822866344605474,1.7981749865807837,18.149490069779926,4.025764895330113,4.1129898013955986,0.14761137949543746
191,26.67740203972088,41.71363392377885,3.4822866344605474,1.7981749865807837,18.06226516371444,4.025764895330113,4.092860976918948,0.14761137949543746
192,26.932367149758456,41.4922168545357,3.475577026301664,1.7914653784219001,18.04213633923779,4.025764895330113,4.092860976918948,0.14761137949543746
193,27.24771873322598,41.196994095544824,3.475577026301664,1.7914653784219001,18.02200751476114,4.025764895330113,4.092860976918948,0.14761137949543746
194,27.34165324745035,41.15002683843264,3.475577026301664,1.7914653784219001,18.015297906602253,4.012345679012346,4.066022544283414,0.14761137949543746
195,27.449006977992486,40.45222758990875,3.4688674181427803,1.7914653784219001,17.793880837359097,4.40150295222759,4.49543746645196,0.14761137949543746
196,27.677133655394524,40.25093934514224,3.4420289855072466,1.7914653784219001,17.793880837359097,4.40150295222759,4.49543746645196,0.14761137949543746
197,27.502683843263554,39.87520128824477,3.4286097691894795,1.7914653784219001,18.4044551798175,4.40150295222759,4.448470209339774,0.14761137949543746
198,27.596618357487923,39.81481481481482,3.4286097691894795,1.7914653784219001,18.397745571658614,4.40150295222759,4.42163177670424,0.14761137949543746
199,26.34863123993559,37.19135802469136,3.4151905528717124,1.7914653784219001,24.10091250670961,3.643317230273752,3.361513687600644,0.14761137949543746
200,26.37546967257112,37.11084272678475,3.4151905528717124,1.9256575415995705,24.020397208803004,3.643317230273752,3.361513687600644,0.14761137949543746
201,26.69753086419753,36.89613526570049,3.4151905528717124,1.9256575415995705,23.980139559849704,3.5762211486849167,3.361513687600644,0.14761137949543746
202,26.92565754159957,36.70826623725174,3.4151905528717124,1.9256575415995705,23.95330112721417,3.5762211486849167,3.3480944712828773,0.14761137949543746
203,27.053140096618357,36.198336017176594,3.408480944712829,1.9256575415995705,23.752012882447666,3.8311862587224907,3.683574879227053,0.14761137949543746
204,27.220880300590444,36.18491680085883,3.408480944712829,1.9256575415995705,23.597691894793343,3.8311862587224907,3.683574879227053,0.14761137949543746
205,27.636876006441224,35.84272678475577,3.3950617283950617,1.9256575415995705,23.55072463768116,3.8177670424047236,3.683574879227053,0.14761137949543746
206,27.9723564143854,35.601180891035966,3.3816425120772946,1.9256575415995705,23.470209339774556,3.8177670424047236,3.683574879227053,0.14761137949543746
207,27.026301663982824,35.48040794417606,3.3816425120772946,1.9256575415995705,24.355877616747183,3.8177670424047236,3.864734299516908,0.14761137949543746
208,27.234299516908212,35.30595813204509,3.3816425120772946,1.9256575415995705,24.342458400429415,3.797638217928073,3.864734299516908,0.14761137949543746
209,27.36849168008588,35.279119699409556,3.3682232957595275,1.9256575415995705,24.261943102522814,3.784219001610306,3.864734299516908,0.14761137949543746
210,27.522812667740205,35.238862050456255,3.361513687600644,1.9256575415995705,24.20155662909286,3.784219001610306,3.8177670424047236,0.14761137949543746
211,27.72410091250671,35.11137949543747,3.3480944712828773,1.9189479334406871,24.174718196457327,3.7573805689747717,3.8177670424047236,0.14761137949543746
212,27.911969940955448,34.74235104669887,3.294417606011809,1.9189479334406871,24.174718196457327,2.804616210413312,5.005367686527107,0.14761137949543746
213,28.06629092860977,34.50080515297907,3.294417606011809,1.90552871712292,24.154589371980677,2.952227589908749,4.978529253891573,0.14761137949543746
214,28.153515834675254,34.45383789586688,3.294417606011809,1.90552871712292,24.12775093934514,2.9388083735909825,4.978529253891573,0.14761137949543746
215,28.73054213633924,34.064680622651636,3.294417606011809,1.90552871712292,24.02710681696189,2.85829307568438,4.9718196457326895,0.14761137949543746
216,28.864734299516908,34.01100375738057,3.2742887815351582,1.90552871712292,24.000268384326354,2.8247450348899625,4.9718196457326895,0.14761137949543746
217,28.79092860976919,33.675523349436396,3.260869565217391,2.4557165861513686,23.89291465378422,2.818035426731079,4.958400429414922,0.14761137949543746
218,28.462157809983896,33.44739667203435,3.2474503488996245,2.4490069779924855,24.4699409554482,2.818035426731079,4.958400429414922,0.14761137949543746
219,28.60305958132045,33.40713902308105,3.2474503488996245,2.4490069779924855,24.396135265700483,2.818035426731079,4.931561996779388,0.14761137949543746
220,28.69699409554482,33.32662372517445,3.2474503488996245,2.4490069779924855,24.382716049382715,2.818035426731079,4.931561996779388,0.14761137949543746
221,29.025764895330113,33.02469135802469,3.2340311325818574,2.4490069779924855,24.36929683306495,2.818035426731079,4.931561996779388,0.14761137949543746
222,29.25389157273215,32.910628019323674,3.2340311325818574,2.4490069779924855,24.27536231884058,2.8113258185721954,4.918142780461621,0.14761137949543746
223,29.25389157273215,32.709339774557165,3.2340311325818574,2.6637144390767578,24.261943102522814,2.8113258185721954,4.918142780461621,0.14761137949543746
224,29.374664519592056,32.68250134192163,3.207192699946323,2.6637144390767578,24.20155662909286,2.8113258185721954,4.911433172302737,0.14761137949543746
225,29.53569511540526,32.6154052603328,3.207192699946323,2.6637144390767578,24.10762211486849,2.8113258185721954,4.911433172302737,0.14761137949543746
226,30.01207729468599,32.37385936661299,3.207192699946323,2.462426194310252,24.074074074074073,2.8113258185721954,4.911433172302737,0.14761137949543746
227,30.08588298443371,32.33360171765969,3.207192699946323,2.462426194310252,24.040526033279658,2.8113258185721954,4.911433172302737,0.14761137949543746
228,30.226784755770264,32.25308641975309,3.1870638754696725,2.4355877616747184,24.040526033279658,2.804616210413312,4.904723564143854,0.14761137949543746
229,30.35426731078905,32.15244229736983,3.1870638754696725,2.4355877616747184,24.040526033279658,2.7844873859366612,4.898013955984971,0.14761137949543746
230,30.454911433172303,32.118894256575416,3.1870638754696725,2.4355877616747184,24.000268384326354,2.757648953301127,4.898013955984971,0.14761137949543746
231,30.50858829844337,31.125872249060656,3.1870638754696725,3.4822866344605474,23.89291465378422,2.757648953301127,4.898013955984971,0.14761137949543746
232,30.595813204508858,31.07890499194847,3.1870638754696725,3.4822866344605474,23.852657004830917,2.757648953301127,4.898013955984971,0.14761137949543746
233,30.750134192163177,30.461621041331185,3.1870638754696725,3.475577026301664,23.678207192699947,3.4017713365539453,4.898013955984971,0.14761137949543746
234,30.891035963499732,30.421363392377884,3.1870638754696725,3.475577026301664,23.577563070316693,3.4017713365539453,4.898013955984971,0.14761137949543746
235,30.951422436929683,30.414653784219002,3.1870638754696725,3.475577026301664,23.523886205045624,3.4017713365539453,4.898013955984971,0.14761137949543746
236,30.99838969404187,30.367686527106816,3.1870638754696725,3.475577026301664,23.523886205045624,3.4017713365539453,4.898013955984971,0.14761137949543746
237,31.125872249060656,30.267042404723565,3.1870638754696725,3.475577026301664,23.523886205045624,3.3816425120772946,4.891304347826087,0.14761137949543746
238,31.13929146537842,30.20665593129361,4.468599033816425,3.475577026301664,22.363123993558776,3.3816425120772946,4.817498658078368,0.14761137949543746
239,31.13929146537842,30.20665593129361,4.468599033816425,3.475577026301664,22.363123993558776,3.3816425120772946,4.817498658078368,0.14761137949543746
240,31.447933440687063,30.173107890499196,4.435050993022007,3.475577026301664,22.12157809983897,3.3816425120772946,4.817498658078368,0.14761137949543746
241,31.5150295222759,30.14626945786366,4.435050993022007,3.475577026301664,22.08132045088567,3.3816425120772946,4.817498658078368,0.14761137949543746
242,31.629092860976918,30.03220611916264,4.435050993022007,3.475577026301664,22.08132045088567,3.3816425120772946,4.817498658078368,0.14761137949543746
243,30.609232420826622,29.159957058507782,5.213365539452496,4.569243156199678,20.457595276435857,3.3682232957595275,6.515029522275899,0.10735373054213634
244,30.656199677938808,29.045893719806763,5.213365539452496,4.569243156199678,20.30998389694042,3.3682232957595275,6.729736983360172,0.10735373054213634
245,30.92458400429415,28.81105743424584,5.213365539452496,4.562533548040794,20.283145464304884,3.3682232957595275,6.729736983360172,0.10735373054213634
246,31.239935587761675,28.609769189479334,5.199946323134729,4.53569511540526,20.2361782071927,3.3682232957595275,6.702898550724638,0.10735373054213634
247,31.293612453032743,28.609769189479334,5.199946323134729,4.53569511540526,20.182501341921633,3.3682232957595275,6.702898550724638,0.10735373054213634
248,31.66935050993022,28.462157809983896,5.193236714975845,4.53569511540526,20.101986044015028,3.2742887815351582,6.662640901771336,0.10064412238325282
249,31.89747718733226,28.29441760601181,5.193236714975845,4.53569511540526,20.095276435856146,3.2206119162640903,6.662640901771336,0.10064412238325282
250,31.93102522812668,28.29441760601181,5.193236714975845,4.53569511540526,20.061728395061728,3.2206119162640903,6.662640901771336,0.10064412238325282
251,32.07192699946323,27.697262479871174,5.193236714975845,4.53569511540526,20.04830917874396,3.6902844873859366,6.662640901771336,0.10064412238325282
252,32.17928073000537,27.61003757380569,5.193236714975845,4.53569511540526,20.041599570585078,3.6902844873859366,6.649221685453569,0.10064412238325282
253,31.870638754696724,27.72410091250671,5.186527106816962,4.508856682769726,20.014761137949545,3.9452495974235107,6.649221685453569,0.10064412238325282
254,32.21953837895867,27.415458937198068,5.186527106816962,4.508856682769726,19.98792270531401,3.9318303811057436,6.649221685453569,0.10064412238325282
255,32.29334406870639,27.38191089640365,5.186527106816962,4.508856682769726,19.98792270531401,3.9318303811057436,6.608964036500268,0.10064412238325282
256,31.830381105743424,26.603596349973163,7.467793880837359,4.508856682769726,19.98792270531401,3.7775093934514223,5.723295759527644,0.10064412238325282
257,31.984702093397747,26.576757917337627,7.467793880837359,4.508856682769726,19.920826623725173,3.717122920021471,5.723295759527644,0.10064412238325282
258,31.4345142243693,26.127214170692433,7.440955448201825,5.656199677938808,19.920826623725173,3.717122920021471,5.60252281266774,0.10064412238325282
259,31.548577563070317,26.100375738056897,7.440955448201825,5.656199677938808,19.920826623725173,3.670155662909286,5.562265163714439,0.10064412238325282
260,31.52173913043478,26.060118089103597,7.4208266237251745,5.656199677938808,19.746376811594203,3.4688674181427803,6.025228126677402,0.10064412238325282
261,31.676060118089104,26.03327965646806,7.333601717659689,5.656199677938808,19.706119162640903,3.4688674181427803,6.025228126677402,0.10064412238325282
262,32.15915190552872,26.03327965646806,7.333601717659689,5.656199677938808,19.223027375201287,3.4688674181427803,6.025228126677402,0.10064412238325282
263,32.21953837895867,25.99302200751476,7.333601717659689,5.656199677938808,18.947933440687063,3.4688674181427803,6.025228126677402,0.35560923242082665
264,32.58185721953838,25.825281803542673,7.300053676865271,5.609232420826624,18.833870101986044,3.4688674181427803,6.025228126677402,0.35560923242082665
265,32.47450348899624,25.825281803542673,7.300053676865271,5.609232420826624,18.94122383252818,3.4688674181427803,6.025228126677402,0.35560923242082665
266,32.47450348899624,25.744766505636072,7.27992485238862,4.810789049919484,20.034889962426195,3.4688674181427803,5.931293612453032,0.2549651100375738
267,32.84353193773484,25.617283950617285,7.4208266237251745,4.804079441760601,19.699409554482017,3.4688674181427803,5.891035963499732,0.2549651100375738
268,32.776435856146,25.489801395598498,7.4208266237251745,4.790660225442834,19.672571121846484,3.7037037037037037,5.891035963499732,0.2549651100375738
269,32.99785292538916,25.43612453032743,7.347020933977456,4.790660225442834,19.652442297369834,3.7037037037037037,5.8239398819108965,0.24825550187869028
270,32.2866344605475,25.187869028448738,8.608427267847558,4.790660225442834,19.350509930220074,3.7037037037037037,5.8239398819108965,0.24825550187869028
271,32.46108427267848,25.174449812130973,8.608427267847558,4.790660225442834,19.216317767042405,3.6768652710681695,5.8239398819108965,0.24825550187869028
272,32.19940955448202,25.107353730542137,8.581588835212024,4.790660225442834,19.598765432098766,3.6768652710681695,5.797101449275362,0.24825550187869028
273,32.52818035426731,24.973161567364468,8.474235104669887,4.790660225442834,19.565217391304348,3.629898013955985,5.790391841116479,0.24825550187869028
274,32.57514761137949,24.973161567364468,8.447396672034353,4.790660225442834,19.545088566827697,3.629898013955985,5.790391841116479,0.24825550187869028
275,32.58185721953838,24.973161567364468,8.447396672034353,4.790660225442834,19.538378958668815,3.629898013955985,5.790391841116479,0.24825550187869028
276,32.6154052603328,24.825550187869027,8.668813741277509,4.790660225442834,19.672571121846484,3.603059581320451,5.5756843800322065,0.24825550187869028
277,32.67579173376275,24.825550187869027,8.668813741277509,4.777241009125067,19.639023081052066,3.589640365002684,5.5756843800322065,0.24825550187869028
278,32.930756843800324,24.664519592055825,8.668813741277509,4.777241009125067,19.57192699946323,3.5628019323671496,5.5756843800322065,0.24825550187869028
279,32.98443370907139,24.664519592055825,8.668813741277509,4.777241009125067,19.57192699946323,3.5628019323671496,5.522007514761138,0.24825550187869028
280,32.99785292538916,24.61755233494364,8.548040794417606,5.193236714975845,19.223027375201287,3.5628019323671496,5.609232420826624,0.24825550187869028
281,33.44068706387547,24.456521739130434,8.454106280193237,5.0993022007514766,19.129092860976918,3.5628019323671496,5.609232420826624,0.24825550187869028
282,33.44068706387547,24.235104669887278,8.387010198604402,5.152979066022544,19.37734836285561,3.556092324208266,5.60252281266774,0.24825550187869028
283,33.53462157809984,24.235104669887278,8.387010198604402,5.152979066022544,19.28341384863124,3.556092324208266,5.60252281266774,0.24825550187869028
284,33.319914117015564,23.866076221148685,8.360171765968868,6.0654857756307035,19.008319914117017,3.556092324208266,5.5756843800322065,0.24825550187869028
285,33.400429414922165,23.852657004830917,8.360171765968868,6.0654857756307035,18.9345142243693,3.5091250670960816,5.629361245303274,0.24825550187869028
286,33.45410628019324,23.825818572195384,8.333333333333334,6.0654857756307035,18.9345142243693,3.5091250670960816,5.629361245303274,0.24825550187869028
287,33.45410628019324,23.825818572195384,8.333333333333334,6.0654857756307035,18.9345142243693,3.5091250670960816,5.629361245303274,0.24825550187869028
