,45,50,55,51,52,54,53,56,57,58
0,96.27616747181965,3.7238325281803544,,,,,,,,
1,93.35077831454643,6.649221685453569,,,,,,,,
2,93.4044551798175,6.595544820182502,,,,,,,,
3,93.43129361245303,6.568706387546968,,,,,,,,
4,93.46484165324745,6.535158346752549,,,,,,,,
5,93.24342458400429,6.756575415995706,,,,,,,,
6,93.24342458400429,6.756575415995706,,,,,,,,
7,36.82903918411165,63.00993022007515,0.1610305958132045,,,,,,,
8,37.05716586151369,62.78180354267311,0.1610305958132045,,,,,,,
9,37.17793880837359,62.473161567364464,0.1610305958132045,0.1878690284487386,,,,,,
10,37.39935587761675,62.25174449812131,0.1610305958132045,0.1878690284487386,,,,,,
11,36.2788513150832,61.14465915190553,0.1610305958132045,0.1878690284487386,2.227589908749329,,,,,
12,36.37949543746645,61.04401502952228,0.1610305958132045,0.1878690284487386,2.227589908749329,,,,,
13,34.554482018250134,60.30595813204509,0.1610305958132045,2.7509393451422435,2.227589908749329,,,,,
14,34.68867418142781,59.735641438539986,0.5971551261406334,2.7509393451422435,2.227589908749329,,,,,
15,34.876543209876544,59.54777241009125,0.5971551261406334,2.7509393451422435,2.227589908749329,,,,,
16,35.68169618894257,58.77616747181965,0.5971551261406334,2.717391304347826,2.227589908749329,,,,,
17,35.77563070316693,55.44820182501342,3.8580246913580245,2.717391304347826,2.200751476113795,,,,,
18,33.01798174986581,55.30730005367686,3.8580246913580245,5.629361245303274,2.187332259796028,,,,,
19,33.11862587224906,49.973161567364464,9.091519055287172,5.629361245303274,2.187332259796028,,,,,
20,33.051529790660226,48.081052066559316,11.05072463768116,5.629361245303274,2.187332259796028,,,,,
21,31.0252281266774,50.38244766505636,11.010466988727858,5.528717122920021,2.0531400966183573,,,,,
22,31.293612453032743,48.470209339774556,10.82259796027912,5.495169082125604,2.0531400966183573,1.865271068169619,,,,
23,25.865539452495973,54.57595276435856,10.815888352120236,4.851046698872786,2.0263016639828235,1.865271068169619,,,,
24,25.509930220075148,51.288244766505635,9.037842190016104,4.508856682769726,3.9184111647879765,5.736714975845411,,,,
25,25.87224906065486,51.039989264626946,8.984165324745035,4.508856682769726,3.9184111647879765,5.676328502415459,,,,
26,26.590177133655395,50.496511003757384,8.984165324745035,4.461889425657541,3.9184111647879765,5.548845947396672,,,,
27,27.17391304347826,50.06038647342995,8.930488459473967,4.461889425657541,3.824476650563607,5.548845947396672,,,,
28,25.509930220075148,45.8870101986044,7.306763285024155,2.5697799248523885,3.475577026301664,5.535426731078905,9.71551261406334,,,
29,25.670960815888353,45.269726247987116,7.803274288781535,2.5697799248523885,3.475577026301664,5.495169082125604,9.71551261406334,,,
30,26.01315083199141,45.108695652173914,7.803274288781535,2.5697799248523885,3.4420289855072466,5.35426731078905,9.708803005904455,,,
31,26.160762211486848,44.98792270531401,7.803274288781535,2.563070316693505,3.435319377348363,5.35426731078905,9.695383789586689,,,
32,26.54320987654321,44.68599033816425,7.749597423510467,2.563070316693505,3.435319377348363,5.35426731078905,9.668545356951155,,,
33,25.234836285560924,42.85426731078905,7.695920558239399,5.917874396135265,3.435319377348363,5.22007514761138,9.64170692431562,,,
34,25.41599570585078,41.324476650563604,7.427536231884058,5.897745571658615,3.4286097691894795,5.22007514761138,11.285560923242082,,,
35,25.577026301663984,41.277509393451425,7.427536231884058,5.891035963499732,3.4151905528717124,5.2066559312936125,11.20504562533548,,,
36,25.865539452495973,41.076221148684915,7.407407407407407,5.891035963499732,3.3816425120772946,5.2066559312936125,10.889694041867955,0.28180354267310787,,
37,25.738056897477186,37.21148684916801,7.407407407407407,5.850778314546431,3.3816425120772946,9.25925925925926,10.869565217391305,0.28180354267310787,,
38,25.91250670960816,37.164519592055825,7.407407407407407,5.850778314546431,3.2675791733762747,9.245840042941492,10.869565217391305,0.28180354267310787,,
39,19.96779388083736,43.243424584004295,7.347020933977456,5.844068706387547,3.2675791733762747,9.23913043478261,10.809178743961352,0.28180354267310787,,
40,20.014761137949545,43.17632850241546,7.347020933977456,5.636070853462158,4.139828234031133,9.23913043478261,10.205314009661835,0.24154589371980675,,
41,13.030059044551798,29.361245303274288,9.078099838969404,24.194847020933977,7.333601717659689,9.151905528717123,7.608695652173913,0.24154589371980675,,
42,13.358829844337091,29.2337627482555,9.07139023081052,24.094202898550726,7.333601717659689,9.145195920558239,7.521470746108427,0.24154589371980675,,
43,13.607085346215781,29.159957058507782,9.07139023081052,23.98684916800859,7.333601717659689,9.104938271604938,7.494632313472893,0.24154589371980675,,
44,13.734567901234568,29.086151368760063,9.07139023081052,23.960010735373054,7.306763285024155,9.104938271604938,7.494632313472893,0.24154589371980675,,
45,13.613794954374665,27.85829307568438,6.884057971014493,23.93317230273752,7.226247987117552,9.098228663446054,11.144659151905529,0.24154589371980675,,
46,14.04320987654321,27.657004830917874,6.884057971014493,23.91304347826087,7.192699946323135,8.923778851315083,11.144659151905529,0.24154589371980675,,
47,13.170960815888352,26.247987117552334,6.884057971014493,23.79898013955985,10.856146001073537,8.923778851315083,9.876543209876543,0.24154589371980675,,
48,13.45276435856146,26.187600644122384,6.884057971014493,23.450080515297905,9.883252818035427,8.890230810520666,10.621309715512615,0.630703166935051,,
49,13.734567901234568,25.87895866881374,6.884057971014493,23.49033816425121,9.86983360171766,8.890230810520666,10.621309715512615,0.630703166935051,,
50,14.04320987654321,25.738056897477186,6.884057971014493,23.295759527643586,9.822866344605474,8.816425120772946,10.621309715512615,0.7783145464304885,,
51,14.197530864197532,24.704777241009126,6.884057971014493,24.295491143317232,9.728931830381105,8.816425120772946,10.59447128287708,0.7783145464304885,,
52,14.915458937198068,24.50348899624262,6.8035426731078905,24.18142780461621,9.520933977455716,8.816425120772946,10.487117552334944,0.7716049382716049,,
53,14.573268921095009,21.054750402576488,6.320450885668277,24.06736446591519,9.514224369296834,13.238056897477188,10.46027911969941,0.7716049382716049,,
54,15.01610305958132,20.98094471282877,6.226516371443908,23.839237788513152,9.4873859366613,13.217928073000536,10.46027911969941,0.7716049382716049,,
55,15.271068169618895,20.075147611379496,6.038647342995169,23.72517444981213,9.31964573268921,14.338432635534085,10.46027911969941,0.7716049382716049,,
56,15.673644659151906,19.920826623725173,6.038647342995169,23.68491680085883,9.232420826623725,14.244498121309716,10.46027911969941,0.7447665056360708,,
57,16.06280193236715,19.880568974771872,6.038647342995169,23.450080515297905,9.232420826623725,14.217659688674182,10.373054213633925,0.7447665056360708,,
58,16.404991948470208,19.773215244229736,6.038647342995169,23.382984433709073,9.098228663446054,14.217659688674182,10.339506172839506,0.7447665056360708,,
59,16.639828234031132,19.73966720343532,5.850778314546431,23.382984433709073,9.098228663446054,14.217659688674182,10.326086956521738,0.7447665056360708,,
60,16.847826086956523,19.712828770799785,5.850778314546431,23.295759527643586,9.07139023081052,14.17740203972088,10.299248523886206,0.7447665056360708,,
61,16.941760601180892,19.712828770799785,5.8239398819108965,23.295759527643586,9.05126140633387,14.143853998926463,10.285829307568438,0.7447665056360708,,
62,17.14975845410628,19.692699946323135,5.8239398819108965,23.087761674718198,9.024422973698336,14.11701556629093,10.258990874932904,0.8454106280193237,,
63,17.364465915190554,19.679280730005367,5.776972624798712,23.05421363392378,9.024422973698336,14.11701556629093,10.138217928073,0.8454106280193237,,
64,15.76086956521739,19.068706387546968,5.770263016639828,24.490069779924852,8.588298443370908,15.405260332796564,10.071121846484166,0.8454106280193237,,
65,16.183574879227052,18.968062265163713,5.770263016639828,24.40955448201825,8.548040794417606,15.24422973698336,10.030864197530864,0.8454106280193237,,
66,16.297638217928075,18.9345142243693,5.770263016639828,24.362587224906065,8.548040794417606,15.210681696188942,10.030864197530864,0.8454106280193237,,
67,15.942028985507246,18.840579710144926,5.770263016639828,22.148416532474503,8.501073537305421,15.197262479871176,12.754965110037574,0.8454106280193237,,
68,16.035963499731615,18.10252281266774,6.984702093397746,21.74584004294149,8.501073537305421,14.781266774020397,13.003220611916264,0.8454106280193237,,
69,16.27750939345142,18.089103596349972,6.957863660762212,21.557971014492754,8.501073537305421,14.781266774020397,12.989801395598498,0.8454106280193237,,
70,16.089640365002683,17.52549651100376,6.937734836285561,21.524422973698336,8.447396672034353,14.781266774020397,13.848631239935587,0.8454106280193237,,
71,16.337895866881375,17.49194847020934,6.937734836285561,21.497584541062803,8.360171765968868,14.687332259796028,13.841921631776705,0.8454106280193237,,
72,16.5727321524423,17.444981213097154,6.937734836285561,21.430488459473967,8.360171765968868,14.673913043478262,13.734567901234568,0.8454106280193237,,
73,15.881642512077295,19.0150295222759,6.790123456790123,20.77294685990338,8.299785292538916,14.660493827160494,13.734567901234568,0.8454106280193237,,
74,16.324476650563607,18.813741277509394,6.756575415995706,20.77294685990338,8.28636607622115,14.63365539452496,13.56682769726248,0.8454106280193237,,
75,16.53918411164788,18.760064412238325,6.756575415995706,20.658883521202362,8.28636607622115,14.573268921095009,13.45276435856146,0.9728931830381106,,
76,16.867954911433173,18.760064412238325,6.756575415995706,20.397208803005906,8.279656468062266,14.512882447665056,13.45276435856146,0.9728931830381106,,
77,17.183306494900698,18.632581857219538,6.736446591519055,20.242887815351583,8.279656468062266,14.358561460010735,13.45276435856146,1.1137949543746646,,
78,16.888083735909824,18.276972624798713,6.689479334406871,18.552066559312937,10.829307568438002,14.338432635534085,13.425925925925926,0.9997316156736447,,
79,17.143048845947398,18.203166935050994,6.622383252818035,18.552066559312937,10.829307568438002,14.338432635534085,13.311862587224907,0.9997316156736447,,
80,17.538915727321523,17.94820182501342,6.582125603864735,18.4849704777241,10.829307568438002,14.338432635534085,13.278314546430488,0.9997316156736447,,
81,17.834138486312398,17.907944176060116,6.501610305958132,18.417874396135264,10.809178743961352,14.27133655394525,13.258185721953838,0.9997316156736447,,
82,18.183038110574344,17.767042404723565,6.4345142243692965,18.357487922705314,10.782340311325818,14.244498121309716,13.231347289318304,0.9997316156736447,,
83,18.136070853462158,17.713365539452496,6.400966183574879,17.20343531937735,12.661030595813205,14.197530864197532,12.694578636607622,0.9930220075147611,,
84,18.55877616747182,17.60601180891036,6.300322061191626,17.136339237788512,12.546967257112184,14.190821256038648,12.667740203972087,0.9930220075147611,,
85,18.820450885668276,17.45169082125604,6.280193236714976,17.136339237788512,12.493290391841116,14.184111647879764,12.667740203972087,0.966183574879227,,
86,19.068706387546968,17.37788513150832,6.280193236714976,17.10950080515298,12.473161567364466,14.036500268384327,12.68786902844874,0.966183574879227,,
87,19.33709071390231,17.330917874396135,6.233225979602791,17.05582393988191,12.439613526570048,13.976113794954374,12.661030595813205,0.966183574879227,,
88,18.853998926462694,15.593129361245303,6.494900697799249,17.04911433172303,12.419484702093397,16.035963499731615,12.587224906065487,0.966183574879227,,
89,18.209876543209877,14.687332259796028,7.474503488996243,18.089103596349972,12.352388620504563,15.673644659151906,12.546967257112184,0.966183574879227,,
90,17.404723564143854,13.882179280730005,6.461352657004831,17.357756307031668,12.983091787439614,18.42458400429415,12.52012882447665,0.966183574879227,,
91,17.52549651100376,13.848631239935587,6.655931293612453,17.357756307031668,12.962962962962964,18.230005367686527,12.453032742887816,0.966183574879227,,
92,17.028985507246375,12.037037037037036,6.655931293612453,19.806763285024154,12.647611379495437,18.317230273752013,12.406065485775631,1.1003757380568975,,
93,17.60601180891036,11.976650563607086,6.608964036500268,19.726247987117553,12.573805689747719,18.129361245303276,12.278582930756844,1.1003757380568975,,
94,17.8743961352657,11.943102522812667,6.602254428341385,19.665861513687602,12.439613526570048,18.109232420826622,12.265163714439076,1.1003757380568975,,
95,18.156199677938808,11.943102522812667,6.602254428341385,19.558507783145465,12.419484702093397,17.96833064949007,12.25174449812131,1.1003757380568975,,
96,18.38432635534085,11.943102522812667,6.602254428341385,19.45115405260333,12.385936661298981,17.92807300053677,12.211486849168008,1.093666129898014,,
97,19.02173913043478,11.929683306494901,6.582125603864735,19.296833064949006,12.352388620504563,17.767042404723565,12.030327428878154,1.0198604401502953,,
98,19.249865807836823,11.862587224906065,6.582125603864735,19.189479334406872,12.345679012345679,17.72007514761138,12.030327428878154,1.0198604401502953,,
99,19.81347289318304,11.855877616747183,6.568706387546968,18.988191089640367,12.345679012345679,17.478529253891573,11.929683306494901,1.0198604401502953,,
100,19.98792270531401,11.808910359634996,6.568706387546968,18.907675791733762,12.338969404186795,17.438271604938272,11.929683306494901,1.0198604401502953,,
101,19.276704240472355,11.480139559849706,4.9651100375738055,23.30246913580247,10.272410091250672,17.780461621041333,11.902844873859367,1.0198604401502953,,
102,16.13660762211487,6.092324208266238,4.864465915190553,35.03086419753087,10.265700483091788,17.2638217928073,9.594739667203436,0.7514761137949544,,
103,16.391572732152444,6.072195383789587,4.824208266237251,34.936929683306495,10.25228126677402,17.176596886741816,9.594739667203436,0.7514761137949544,,
104,16.06280193236715,5.931293612453032,4.804079441760601,34.50751476113795,9.930220075147611,20.169082125603865,7.937466451959206,0.6575415995705851,,
105,16.391572732152444,5.931293612453032,4.770531400966184,34.38674181427805,9.916800858829845,20.00805152979066,7.937466451959206,0.6575415995705851,,
106,16.371443907675793,5.723295759527644,3.5426731078904994,34.11164787976382,13.385668276972625,18.800322061191626,7.4141170155662905,0.6508319914117016,,
107,16.586151368760063,5.649490069779925,3.5091250670960816,34.024422973698336,13.365539452495975,18.800322061191626,7.4141170155662905,0.6508319914117016,,
108,17.06924315619968,5.649490069779925,3.4822866344605474,33.742619431025226,13.345410628019323,18.646001073537306,7.4141170155662905,0.6508319914117016,,
109,17.371175523349436,5.649490069779925,3.4822866344605474,33.581588835212024,13.345410628019323,18.51851851851852,7.4006977992485234,0.6508319914117016,,
110,17.465110037573805,5.649490069779925,3.4822866344605474,33.48765432098765,13.345410628019323,18.51851851851852,7.4006977992485234,0.6508319914117016,,
111,18.089103596349972,5.649490069779925,3.4822866344605474,33.353462157809986,12.915995705850777,18.46484165324745,7.4006977992485234,0.644122383252818,,
112,18.451422436929683,5.649490069779925,3.4822866344605474,33.25281803542673,12.775093934514224,18.397745571658614,7.347020933977456,0.644122383252818,,
113,18.800322061191626,5.636070853462158,3.455448201825013,33.1454643048846,12.661030595813205,18.357487922705314,7.326892109500805,0.6172839506172839,,
114,18.813741277509394,5.636070853462158,3.455448201825013,33.13204508856683,12.661030595813205,18.357487922705314,7.326892109500805,0.6172839506172839,,
115,19.129092860976918,5.636070853462158,3.455448201825013,33.01798174986581,12.661030595813205,18.189747718733226,7.2933440687063875,0.6172839506172839,,
116,19.80005367686527,5.615942028985507,3.421900161030596,31.367418142780462,12.640901771336553,18.06226516371444,7.2933440687063875,1.7981749865807837,,
117,20.471014492753625,5.589103596349974,3.361513687600644,31.340579710144926,12.52012882447665,17.800590445517983,7.14573268921095,1.7713365539452497,,
118,20.558239398819108,5.589103596349974,3.361513687600644,31.28690284487386,12.506709608158884,17.780461621041333,7.14573268921095,1.7713365539452497,,
119,17.787171229200215,4.817498658078368,3.361513687600644,39.331723027375205,9.232420826623725,16.888083735909824,6.810252281266774,1.7713365539452497,,
120,18.230005367686527,4.723564143853999,3.294417606011809,39.150563607085346,9.192163177670425,16.874664519592056,6.790123456790123,1.7444981213097155,,
121,18.867418142780462,4.7168545356951155,3.294417606011809,38.7614063338701,9.024422973698336,16.820987654320987,6.769994632313473,1.7444981213097155,,
122,19.290123456790123,4.7101449275362315,3.294417606011809,38.58024691358025,8.984165324745035,16.700214707461082,6.736446591519055,1.7042404723564144,,
123,19.49812130971551,4.643048845947397,3.294417606011809,35.668276972624795,8.917069243156199,19.30354267310789,6.971282877079979,1.7042404723564144,,
124,20.034889962426195,4.62962962962963,3.280998389694042,35.34621578099839,8.82313472893183,19.269994632313473,6.937734836285561,1.6774020397208802,,
125,20.283145464304884,4.62962962962963,3.280998389694042,35.279119699409556,8.709071390230811,19.223027375201287,6.91760601180891,1.6774020397208802,,
126,20.40391841116479,4.62962962962963,3.280998389694042,35.23215244229737,8.662104133118627,19.223027375201287,6.91760601180891,1.6505636070853462,,
127,20.43075684380032,4.62962962962963,3.2742887815351582,35.19189479334407,8.568169618894256,19.33709071390231,6.91760601180891,1.6505636070853462,,
128,19.598765432098766,3.589640365002684,3.2742887815351582,37.82206119162641,8.568169618894256,19.33709071390231,6.884057971014493,0.9259259259259259,,
129,19.786634460547504,3.589640365002684,3.2742887815351582,37.6610305958132,8.568169618894256,19.310252281266774,6.884057971014493,0.9259259259259259,,
130,20.061728395061728,3.589640365002684,3.2742887815351582,37.446323134728935,8.55475040257649,19.26328502415459,6.884057971014493,0.9259259259259259,,
131,19.766505636070853,3.5829307568438002,3.2474503488996245,37.37251744498121,8.192431561996779,19.26328502415459,7.648953301127214,0.9259259259259259,,
132,20.242887815351583,3.556092324208266,3.2139023081052067,37.19135802469136,8.132045088566828,19.14922168545357,7.588566827697263,0.9259259259259259,,
133,20.42404723564144,3.556092324208266,3.2139023081052067,37.15780998389694,8.085077831454644,19.061996779388085,7.575147611379496,0.9259259259259259,,
134,20.719269994632313,3.556092324208266,3.2139023081052067,37.003488996242616,8.031400966183575,19.00161030595813,7.548309178743962,0.9259259259259259,,
135,21.4170692431562,3.556092324208266,3.2139023081052067,36.68142780461621,8.031400966183575,18.625872249060656,7.548309178743962,0.9259259259259259,,
136,22.168545356951153,3.4822866344605474,3.2004830917874396,36.553945249597426,7.877079978529254,18.511808910359633,7.27992485238862,0.9259259259259259,,
137,22.416800858829845,3.455448201825013,3.126677402039721,36.4398819108964,7.863660762211487,18.50509930220075,7.273215244229737,0.9192163177670424,,
138,22.65163714439077,3.4420289855072466,3.126677402039721,36.41975308641975,7.816693505099302,18.431293612453032,7.192699946323135,0.9192163177670424,,
139,22.65834675254965,3.4420289855072466,3.0864197530864197,35.81588835212023,7.7898550724637685,18.65271068169619,7.024959742351046,1.3821792807300053,0.14761137949543746,
140,22.873054213633925,3.3548040794417604,3.0864197530864197,35.72866344605475,7.7898550724637685,18.625872249060656,7.011540526033279,1.3821792807300053,0.14761137949543746,
141,22.973698336017176,3.3548040794417604,3.0864197530864197,35.68840579710145,7.7898550724637685,18.5654857756307,7.011540526033279,1.3821792807300053,0.14761137949543746,
142,23.376274825550187,3.3548040794417604,3.079710144927536,35.50053676865271,7.749597423510467,18.364197530864196,7.004830917874396,1.4224369296833066,0.14761137949543746,
143,23.718464841653248,3.3548040794417604,3.046162104133119,35.35292538915727,7.7361782071927,18.270263016639827,6.951154052603328,1.4224369296833066,0.14761137949543746,
144,24.10762211486849,3.3145464304884595,2.9790660225442833,35.21202361782072,7.7361782071927,18.230005367686527,6.850509930220075,1.4224369296833066,0.14761137949543746,
145,24.329039184111647,3.260869565217391,2.9790660225442833,35.15163714439077,7.716049382716049,18.16290928609769,6.850509930220075,1.402308105206656,0.14761137949543746,
146,24.58400429414922,3.260869565217391,2.945517981749866,35.057702630166396,7.682501341921632,18.06897477187332,6.850509930220075,1.402308105206656,0.14761137949543746,
147,24.892646269457863,3.2541599570585076,2.932098765432099,34.977187332259795,7.682501341921632,17.887815351583466,6.823671497584541,1.402308105206656,0.14761137949543746,
148,25.234836285560924,3.2541599570585076,2.918679549114332,34.86983360171766,7.635534084809447,17.834138486312398,6.702898550724638,1.402308105206656,0.14761137949543746,
149,25.503220611916262,3.1736446591519054,2.918679549114332,34.74235104669887,7.635534084809447,17.807300053676865,6.689479334406871,1.3821792807300053,0.14761137949543746,
150,26.053408480944714,3.1736446591519054,2.885131508319914,34.42028985507246,7.514761137949543,17.780461621041333,6.642512077294686,1.3821792807300053,0.14761137949543746,
151,26.462694578636608,3.1736446591519054,3.0193236714975846,34.07139023081052,7.494632313472893,17.726784755770264,6.521739130434782,1.3821792807300053,0.14761137949543746,
152,26.86527106816962,3.1602254428341383,3.0193236714975846,33.984165324745035,7.447665056360709,17.51207729468599,6.481481481481482,1.3821792807300053,0.14761137949543746,
153,26.992753623188406,3.1602254428341383,3.0193236714975846,33.87010198604401,7.440955448201825,17.505367686527105,6.481481481481482,1.3821792807300053,0.14761137949543746,
154,27.17391304347826,3.1602254428341383,3.0193236714975846,33.68894256575416,7.440955448201825,17.505367686527105,6.481481481481482,1.3821792807300053,0.14761137949543746,
155,27.2812667740204,3.1602254428341383,3.0193236714975846,33.64868491680086,7.440955448201825,17.45169082125604,6.468062265163715,1.3821792807300053,0.14761137949543746,
156,27.556360708534623,3.140096618357488,3.0193236714975846,33.46081588835212,7.427536231884058,17.418142780461622,6.447933440687064,1.3821792807300053,0.14761137949543746,
157,27.83816425120773,3.140096618357488,3.012614063338701,33.25952764358561,7.353730542136339,17.418142780461622,6.447933440687064,1.3821792807300053,0.14761137949543746,
158,27.865002683843265,3.140096618357488,3.012614063338701,33.20585077831455,7.340311325818572,17.357756307031668,6.5485775630703165,1.3821792807300053,0.14761137949543746,
159,28.14009661835749,3.140096618357488,3.012614063338701,32.930756843800324,7.340311325818572,17.357756307031668,6.5485775630703165,1.3821792807300053,0.14761137949543746,
160,28.5829307568438,3.140096618357488,2.9589371980676327,32.776435856146,7.326892109500805,17.196725711218466,6.515029522275899,1.3553408480944713,0.14761137949543746,
161,28.958668813741276,3.126677402039721,2.9589371980676327,32.55501878690284,7.253086419753086,17.156468062265162,6.515029522275899,1.328502415458937,0.14761137949543746,
162,29.045893719806763,3.126677402039721,2.952227589908749,32.54830917874396,7.246376811594203,17.09608158883521,6.508319914117015,1.328502415458937,0.14761137949543746,
163,28.99892646269458,3.026033279656468,2.952227589908749,32.19269994632314,7.246376811594203,17.09608158883521,6.508319914117015,1.8317230273752012,0.14761137949543746,
164,29.300858829844337,3.026033279656468,2.952227589908749,31.99812130971551,7.219538378958669,17.042404723564143,6.481481481481482,1.8317230273752012,0.14761137949543746,
165,29.918142780461622,3.026033279656468,2.952227589908749,31.843800322061192,7.0450885668276975,16.948470209339774,6.286902844873859,1.8317230273752012,0.14761137949543746,
166,30.16639828234031,3.0193236714975846,2.9388083735909825,31.655931293612454,7.03166935050993,16.921631776704242,6.286902844873859,1.8317230273752012,0.14761137949543746,
167,30.441492216854535,3.0193236714975846,2.9388083735909825,31.44122383252818,7.018250134192163,16.921631776704242,6.239935587761675,1.8317230273752012,0.14761137949543746,
168,30.495169082125603,3.0193236714975846,2.9253891572732154,31.42109500805153,6.998121309715513,16.921631776704242,6.239935587761675,1.8317230273752012,0.14761137949543746,
169,30.85077831454643,3.0193236714975846,2.9253891572732154,31.226516371443907,6.964573268921095,16.867954911433173,6.239935587761675,1.7579173376274826,0.14761137949543746,
170,30.931293612453032,3.0193236714975846,3.2206119162640903,30.931293612453032,6.904186795491143,16.854535695115406,6.233225979602791,1.7579173376274826,0.14761137949543746,
171,30.97826086956522,3.0059044551798175,3.374932903918411,30.770263016639827,6.89747718733226,16.854535695115406,6.226516371443908,1.7444981213097155,0.14761137949543746,
172,31.03864734299517,3.0059044551798175,3.3413848631239937,30.636070853462158,6.89747718733226,16.80756843800322,6.468062265163715,1.6572732152442298,0.14761137949543746,
173,31.132581857219538,3.0059044551798175,3.3145464304884595,30.441492216854535,7.011540526033279,16.820987654320987,6.320450885668277,1.8048845947396672,0.14761137949543746,
174,31.414385399892645,3.0059044551798175,3.240740740740741,30.327428878153516,6.984702093397746,16.820987654320987,6.266774020397209,1.7914653784219001,0.14761137949543746,
175,31.57541599570585,3.0059044551798175,3.240740740740741,30.300590445517983,6.957863660762212,16.71363392377885,6.266774020397209,1.7914653784219001,0.14761137949543746,
176,31.723027375201287,3.0059044551798175,3.207192699946323,30.233494363929147,7.474503488996243,16.210413311862588,6.206387546967257,1.7914653784219001,0.14761137949543746,
177,30.112721417069242,2.8918411164787976,2.6033279656468062,30.01207729468599,12.110842726784755,14.123725174449811,6.206387546967257,1.7914653784219001,0.14761137949543746,
178,30.69645732689211,2.8515834675254963,2.6033279656468062,29.73027375201288,12.00348899624262,14.04320987654321,6.152710681696189,1.7713365539452497,0.14761137949543746,
179,31.052066559312937,2.8515834675254963,2.5831991411701556,29.622920021470748,11.916264090177133,14.009661835748792,6.045356951154052,1.7713365539452497,0.14761137949543746,
180,31.508319914117017,2.791196994095545,2.5831991411701556,29.461889425657542,11.889425657541599,13.828502415458937,6.018518518518518,1.7713365539452497,0.14761137949543746,
181,31.723027375201287,2.791196994095545,2.5831991411701556,29.314278046162105,11.882716049382717,13.781535158346752,6.005099302200751,1.7713365539452497,0.14761137949543746,
182,31.850509930220074,2.791196994095545,2.5831991411701556,29.220343531937736,11.862587224906065,13.768115942028986,6.005099302200751,1.7713365539452497,0.14761137949543746,
183,32.22624798711755,2.791196994095545,2.5831991411701556,29.0727321524423,11.862587224906065,13.667471819645733,5.877616747181965,1.7713365539452497,0.14761137949543746,
184,32.37385936661299,2.7844873859366612,2.5831991411701556,29.052603327965645,11.768652710681696,13.667471819645733,5.877616747181965,1.7444981213097155,0.14761137949543746,
185,32.380568974771876,2.7844873859366612,3.2877079978529253,28.401771336553946,11.708266237251744,13.667471819645733,5.877616747181965,1.7444981213097155,0.14761137949543746,
186,32.51476113794954,2.7844873859366612,3.2877079978529253,28.29441760601181,11.694847020933977,13.667471819645733,5.864197530864198,1.7444981213097155,0.14761137949543746,
187,32.66237251744498,2.7844873859366612,3.2877079978529253,28.227321524422972,11.668008588298443,13.613794954374665,5.864197530864198,1.7444981213097155,0.14761137949543746,
188,32.25979602791197,2.7844873859366612,3.2877079978529253,29.354535695115406,11.137949543746645,13.499731615673644,5.864197530864198,1.6639828234031133,0.14761137949543746,
189,32.588566827697264,2.7844873859366612,3.2877079978529253,29.146537842190018,11.084272678475577,13.47289318303811,5.850778314546431,1.6371443907675791,0.14761137949543746,
190,32.950885668276975,2.7844873859366612,3.280998389694042,29.025764895330113,11.037305421363392,13.285024154589372,5.850778314546431,1.6371443907675791,0.14761137949543746,
191,33.21926999463231,2.771068169618894,3.280998389694042,28.972088030059044,11.023886205045626,13.103864734299517,5.850778314546431,1.6304347826086956,0.14761137949543746,
192,33.299785292538914,2.7509393451422435,3.2742887815351582,28.92512077294686,11.023886205045626,13.097155126140633,5.850778314546431,1.6304347826086956,0.14761137949543746,
193,33.47423510466989,2.7509393451422435,3.2742887815351582,28.858024691358025,11.023886205045626,13.09044551798175,5.850778314546431,1.5297906602254427,0.14761137949543746,
194,33.57487922705314,2.7509393451422435,3.2742887815351582,28.79092860976919,11.023886205045626,13.056897477187333,5.850778314546431,1.5297906602254427,0.14761137949543746,
195,33.95061728395062,2.7509393451422435,3.2675791733762747,28.529253891572733,11.023886205045626,13.030059044551798,5.770263016639828,1.5297906602254427,0.14761137949543746,
196,32.94417606011809,2.3617820719269993,3.240740740740741,27.294685990338163,11.023886205045626,15.70048309178744,5.770263016639828,1.5163714439076759,0.14761137949543746,
197,33.06494900697799,2.3617820719269993,3.240740740740741,27.2812667740204,10.976918947933441,15.666935050993022,5.743424584004294,1.5163714439076759,0.14761137949543746,
198,33.3064949006978,2.3483628556092326,3.240740740740741,27.180622651637144,10.943370907139023,15.640096618357488,5.6964573268921095,1.4962426194310252,0.14761137949543746,
199,33.48094471282877,2.3483628556092326,3.240740740740741,27.100107353730543,10.88298443370907,15.60654857756307,5.6964573268921095,1.4962426194310252,0.14761137949543746,
200,33.55475040257649,2.3483628556092326,3.240740740740741,27.066559312936125,10.849436392914654,15.599838969404187,5.6964573268921095,1.4962426194310252,0.14761137949543746,
201,33.883521202361784,2.3483628556092326,3.2340311325818574,26.99946323134729,10.836017176596886,15.35829307568438,5.6964573268921095,1.4962426194310252,0.14761137949543746,
202,34.13848631239936,2.3483628556092326,3.2340311325818574,26.92565754159957,10.782340311325818,15.331454643048845,5.662909286097692,1.42914653784219,0.14761137949543746,
203,34.48067632850242,2.2879763821792807,3.207192699946323,26.838432635534083,10.768921095008052,15.210681696188942,5.629361245303274,1.42914653784219,0.14761137949543746,
204,34.66183574879227,2.2879763821792807,3.207192699946323,26.78475577026302,10.768921095008052,15.13016639828234,5.589103596349974,1.42914653784219,0.14090177133655393,
205,34.70209339774557,2.2879763821792807,3.166935050993022,26.78475577026302,10.768921095008052,15.13016639828234,5.589103596349974,1.42914653784219,0.14090177133655393,
206,34.68196457326892,2.2879763821792807,3.3682232957595275,26.65727321524423,10.742082662372518,15.103327965646805,5.589103596349974,1.42914653784219,0.14090177133655393,
207,34.91009125067096,2.2879763821792807,3.3682232957595275,26.50295222758991,10.742082662372518,15.042941492216855,5.589103596349974,1.415727321524423,0.14090177133655393,
208,35.08454106280193,2.2879763821792807,3.502415458937198,26.341921631776703,10.715244229736983,15.042941492216855,5.46833064949007,1.415727321524423,0.14090177133655393,
209,35.11808910359635,2.2879763821792807,3.4822866344605474,26.341921631776703,10.701825013419215,15.042941492216855,5.46833064949007,1.415727321524423,0.14090177133655393,
210,35.178475577026305,2.2879763821792807,3.4822866344605474,26.308373590982285,10.68840579710145,15.029522275899087,5.46833064949007,1.415727321524423,0.14090177133655393,
211,35.339506172839506,2.2879763821792807,3.4688674181427803,26.261406333870102,10.654857756307031,15.002683843263553,5.428073000536768,1.415727321524423,0.14090177133655393,
212,35.621309715512616,2.26784755770263,3.4688674181427803,26.120504562533547,10.648148148148149,14.888620504562533,5.428073000536768,1.415727321524423,0.14090177133655393,
213,35.77563070316693,2.2342995169082127,3.4688674181427803,26.093666129898015,10.63472893183038,14.868491680085883,5.367686527106817,1.415727321524423,0.14090177133655393,
214,35.970209339774556,2.2342995169082127,3.4688674181427803,26.039989264626946,10.61460010735373,14.78797638217928,5.3274288781535155,1.415727321524423,0.14090177133655393,
215,34.88996242619431,2.2342995169082127,3.4688674181427803,24.033816425120772,13.754696725711218,14.761137949543746,5.300590445517981,1.415727321524423,0.14090177133655393,
216,35.238862050456255,2.2342995169082127,3.4151905528717124,23.89291465378422,13.741277509393452,14.707461084272678,5.260332796564681,1.415727321524423,0.0939345142243693,
217,35.567632850241544,2.214170692431562,3.4151905528717124,23.74530327428878,13.627214170692431,14.660493827160494,5.260332796564681,1.415727321524423,0.0939345142243693,
218,35.77563070316693,2.1806226516371443,3.4151905528717124,23.678207192699947,13.58695652173913,14.593397745571659,5.260332796564681,1.415727321524423,0.0939345142243693,
219,35.909822866344605,2.1806226516371443,3.4151905528717124,23.62453032742888,13.58695652173913,14.533011272141707,5.260332796564681,1.3955984970477724,0.0939345142243693,
220,35.950080515297905,2.1806226516371443,3.4151905528717124,23.58427267847558,13.58695652173913,14.533011272141707,5.260332796564681,1.3955984970477724,0.0939345142243693,
221,36.09769189479334,2.1806226516371443,3.3816425120772946,23.53059581320451,13.58695652173913,14.472624798711756,5.260332796564681,1.3955984970477724,0.0939345142243693,
222,36.05743424584004,2.1806226516371443,3.2474503488996245,24.154589371980677,13.258185721953838,14.465915190552872,5.146269457863661,1.3955984970477724,0.0939345142243693,
223,36.292270531400966,2.1806226516371443,3.2474503488996245,24.154589371980677,13.197799248523886,14.345142243692969,5.119431025228127,1.3687600644122384,0.0939345142243693,
224,36.513687600644126,2.120236178207193,3.1602254428341383,24.114331723027377,13.197799248523886,14.184111647879764,5.10601180891036,1.5096618357487923,0.0939345142243693,
225,36.61433172302738,2.120236178207193,3.1602254428341383,24.060654857756308,13.177670424047236,14.15727321524423,5.10601180891036,1.5096618357487923,0.0939345142243693,
226,37.02361782071927,2.120236178207193,3.1535158346752548,23.939881910896403,12.942834138486312,14.110305958132045,5.10601180891036,1.5096618357487923,0.0939345142243693,
227,37.30542136339238,2.120236178207193,3.0730005367686526,23.778851315083198,12.942834138486312,14.090177133655395,5.0858829844337095,1.5096618357487923,0.0939345142243693,
228,37.4597423510467,2.120236178207193,3.0730005367686526,23.74530327428878,12.942834138486312,14.036500268384327,5.018786902844874,1.5096618357487923,0.0939345142243693,
229,37.74825550187869,2.120236178207193,3.0730005367686526,23.60440150295223,12.889157273215245,13.962694578636608,4.998658078368224,1.5096618357487923,0.0939345142243693,
230,38.13070316693505,2.1068169618894257,3.066290928609769,23.564143853998928,12.627482555018787,13.90901771336554,4.99194847020934,1.5096618357487923,0.0939345142243693,
231,38.446054750402574,2.1068169618894257,3.052871712292002,23.403113258185723,12.607353730542137,13.855340848094471,4.924852388620504,1.5096618357487923,0.0939345142243693,
232,38.419216317767045,2.1068169618894257,3.052871712292002,23.2487922705314,12.513419216317766,14.237788513150832,4.817498658078368,1.5096618357487923,0.0939345142243693,
233,38.43263553408481,2.1068169618894257,3.052871712292002,23.2487922705314,12.513419216317766,14.224369296833064,4.817498658078368,1.5096618357487923,0.0939345142243693,
234,38.71443907675792,2.1068169618894257,3.052871712292002,23.1682769726248,12.419484702093397,14.130434782608695,4.804079441760601,1.5096618357487923,0.0939345142243693,
235,38.59366612989801,2.1068169618894257,3.052871712292002,23.007246376811594,12.419484702093397,14.123725174449811,5.092592592592593,1.5096618357487923,0.0939345142243693,
236,38.7614063338701,2.046430488459474,3.0327428878153517,22.98040794417606,12.419484702093397,14.096886741814279,5.092592592592593,1.4761137949543746,0.0939345142243693,
237,39.049919484702095,1.9726247987117553,2.985775630703167,22.913311862587225,12.419484702093397,14.002952227589908,5.0858829844337095,1.4761137949543746,0.0939345142243693,
238,39.13714439076758,1.9726247987117553,2.985775630703167,22.886473429951693,12.399355877616747,13.976113794954374,5.0858829844337095,1.4626945786366077,0.0939345142243693,
239,39.22436929683307,1.9726247987117553,2.985775630703167,22.86634460547504,12.392646269457863,13.94927536231884,5.072463768115942,1.442565754159957,0.0939345142243693,
240,39.33843263553408,1.9726247987117553,2.985775630703167,22.779119699409556,12.365807836822329,13.94927536231884,5.072463768115942,1.442565754159957,0.0939345142243693,
241,39.741009125067094,1.9726247987117553,2.9723564143853998,22.63150831991412,12.265163714439076,13.855340848094471,5.025496511003757,1.442565754159957,0.0939345142243693,
242,39.17740203972088,1.7981749865807837,2.898550724637681,22.61808910359635,12.238325281803542,14.78797638217928,4.810789049919484,1.442565754159957,0.0939345142243693,0.13419216317767044
243,39.44578636607622,1.7981749865807837,2.898550724637681,22.5979602791197,12.198067632850242,14.579978529253891,4.810789049919484,1.442565754159957,0.0939345142243693,0.13419216317767044
244,39.67391304347826,1.7981749865807837,2.898550724637681,22.544283413848632,12.057165861513688,14.546430488459475,4.810789049919484,1.442565754159957,0.0939345142243693,0.13419216317767044
245,38.425925925925924,1.2681159420289856,2.791196994095545,22.36983360171766,11.533816425120772,13.821792807300053,8.11862587224906,1.442565754159957,0.0939345142243693,0.13419216317767044
246,38.58695652173913,1.2681159420289856,2.7844873859366612,22.322866344605476,11.533816425120772,13.79495437466452,8.038110574342458,1.442565754159957,0.0939345142243693,0.13419216317767044
247,38.58024691358025,1.2681159420289856,2.7844873859366612,22.29602791196994,11.533816425120772,13.79495437466452,7.950885668276973,1.5633387010198605,0.0939345142243693,0.13419216317767044
248,38.79495437466452,1.261406333870102,2.7844873859366612,22.188674181427803,11.513687600644122,13.761406333870102,7.9106280193236715,1.556629092860977,0.0939345142243693,0.13419216317767044
249,38.801663982823406,1.261406333870102,2.757648953301127,22.168545356951153,11.460010735373054,13.902308105206655,7.87037037037037,1.5499194847020934,0.0939345142243693,0.13419216317767044
250,38.94927536231884,1.2345679012345678,2.898550724637681,22.067901234567902,11.345947396672035,13.855340848094471,7.87037037037037,1.5499194847020934,0.0939345142243693,0.13419216317767044
251,39.371980676328505,1.2144390767579174,2.8381642512077296,22.014224369296834,11.312399355877616,13.781535158346752,7.689210950080516,1.5499194847020934,0.0939345142243693,0.13419216317767044
252,39.55984970477724,1.2144390767579174,2.791196994095545,21.926999463231347,11.285560923242082,13.754696725711218,7.689210950080516,1.5499194847020934,0.0939345142243693,0.13419216317767044
253,39.71417069243156,1.2144390767579174,2.791196994095545,21.906870638754697,11.151368760064413,13.754696725711218,7.689210950080516,1.5499194847020934,0.0939345142243693,0.13419216317767044
254,38.94256575415996,1.2077294685990339,2.791196994095545,21.886741814278047,8.729200214707461,17.21014492753623,7.313472893183038,1.5499194847020934,0.23483628556092323,0.13419216317767044
255,39.24449812130972,1.2077294685990339,2.791196994095545,21.786097691894792,8.695652173913043,17.062533548040793,7.2933440687063875,1.5499194847020934,0.23483628556092323,0.13419216317767044
