,45,50,51,52,55,54,56,57,53
0,99.44981213097155,0.5501878690284487,,,,,,,
1,94.84702093397746,5.152979066022544,,,,,,,
2,94.85373054213633,5.146269457863661,,,,,,,
3,94.88727858293076,5.112721417069243,,,,,,,
4,83.35346215780999,16.646537842190018,,,,,,,
5,81.46806226516371,18.531937734836287,,,,,,,
6,78.9117015566291,21.088298443370906,,,,,,,
7,72.926731078905,23.577563070316693,3.4957058507783145,,,,,,
8,72.98040794417606,23.483628556092324,3.388352120236178,0.14761137949543746,,,,,
9,73.0072463768116,23.45679012345679,3.388352120236178,0.14761137949543746,,,,,
10,72.54428341384863,20.833333333333332,6.474771873322598,0.14761137949543746,,,,,
11,44.14251207729468,55.85748792270532,,,,,,,
12,44.07541599570585,53.00590445517982,,,2.918679549114332,,,,
13,44.30354267310789,52.77777777777778,,,2.918679549114332,,,,
14,44.498121309715515,47.75228126677402,,,7.749597423510467,,,,
15,42.961621041331185,49.28878153515835,,,7.749597423510467,,,,
16,43.263553408480945,49.02710681696189,,,7.709339774557166,,,,
17,38.57353730542136,38.821792807300056,14.895330112721417,,7.709339774557166,,,,
18,38.75469672571122,38.73456790123457,14.868491680085883,,7.64224369296833,,,,
19,38.909017713365536,38.60708534621578,14.855072463768115,,7.628824476650563,,,,
20,28.247450348899623,35.89640365002684,9.628287707997853,10.782340311325818,2.945517981749866,12.5,,,
21,25.06038647342995,39.32501341921632,9.433709071390231,10.225442834138486,2.945517981749866,12.419484702093397,0.5904455179817498,,
22,25.34219001610306,39.22436929683307,9.339774557165862,10.185185185185185,2.932098765432099,11.379495437466453,0.5904455179817498,1.0064412238325282,
23,25.120772946859905,39.44578636607622,9.339774557165862,10.185185185185185,2.932098765432099,11.379495437466453,0.5904455179817498,1.0064412238325282,
24,25.617283950617285,39.16398282340311,9.219001610305957,10.185185185185185,2.9052603327965647,11.312399355877616,0.5904455179817498,1.0064412238325282,
25,25.751476113794954,39.04320987654321,9.219001610305957,10.185185185185185,2.9052603327965647,11.29898013955985,0.5904455179817498,1.0064412238325282,
26,25.959473966720342,38.94927536231884,9.172034353193773,10.144927536231885,2.9052603327965647,11.768652710681696,0.5904455179817498,0.5099302200751477,
27,26.684111647879764,38.768115942028984,9.151905528717123,9.621578099838969,2.9052603327965647,11.768652710681696,0.5904455179817498,0.5099302200751477,
28,27.24771873322598,38.45276435856146,9.138486312399356,9.594739667203436,2.8650026838432634,11.614331723027375,0.5770263016639828,0.5099302200751477,
29,27.657004830917874,38.197799248523886,9.111647879763822,9.594739667203436,2.8515834675254963,11.500268384326356,0.5770263016639828,0.5099302200751477,
30,27.871712292002147,38.077026301663984,9.084809447128288,9.581320450885668,2.8515834675254963,11.446591519055287,0.5770263016639828,0.5099302200751477,
31,28.193773483628558,38.00322061191626,9.044551798174986,9.480676328502415,2.8515834675254963,11.33923778851315,0.5770263016639828,0.5099302200751477,
32,28.14680622651637,37.98309178743961,6.991411701556629,8.80300590445518,2.8515834675254963,11.198336017176597,0.5770263016639828,0.5099302200751477,2.9388083735909825
33,28.569511540526033,37.795222758990874,6.964573268921095,8.668813741277509,2.831454643048846,11.158078368223295,0.5636070853462157,0.5099302200751477,2.9388083735909825
34,28.361513687600645,38.06360708534621,6.964573268921095,8.635265700483092,2.804616210413312,11.158078368223295,0.5636070853462157,0.5099302200751477,2.9388083735909825
35,28.166935050993022,35.70182501341922,6.964573268921095,8.608427267847558,5.387815351583468,11.158078368223295,0.5636070853462157,0.5099302200751477,2.9388083735909825
36,28.415190552871714,35.49382716049383,6.964573268921095,8.608427267847558,5.387815351583468,11.117820719269995,0.5636070853462157,0.5099302200751477,2.9388083735909825
37,28.5829307568438,35.29253891572732,5.407944176060118,8.608427267847558,5.387815351583468,11.117820719269995,2.6167471819645733,0.5099302200751477,2.475845410628019
38,28.690284487385938,35.258990874932906,5.407944176060118,8.57487922705314,5.387815351583468,11.077563070316694,2.6167471819645733,0.5099302200751477,2.475845410628019
39,26.690821256038646,26.56333870101986,11.104401502952227,14.55984970477724,4.40150295222759,11.077563070316694,2.6167471819645733,0.5099302200751477,2.475845410628019
40,26.986044015029524,26.50295222758991,11.057434245840042,14.40552871712292,4.40150295222759,11.057434245840042,2.6167471819645733,0.5099302200751477,2.462426194310252
41,26.536500268384327,25.120772946859905,11.16478797638218,16.78743961352657,4.146537842190016,9.64170692431562,2.589908749329039,0.5099302200751477,3.502415458937198
42,24.859098228663445,25.946054750402578,11.151368760064413,18.54535695115405,4.133118625872249,9.621578099838969,2.5831991411701556,0.5099302200751477,2.6502952227589907
43,24.879227053140095,24.261943102522814,11.151368760064413,17.042404723564143,4.133118625872249,12.419484702093397,2.5563607085346214,0.5099302200751477,3.046162104133119
44,23.899624261943103,23.060923242082662,10.82259796027912,12.04374664519592,4.133118625872249,19.92753623188406,2.5563607085346214,0.5099302200751477,3.046162104133119
45,24.194847020933977,22.36983360171766,10.82259796027912,12.010198604401502,4.602791196994096,19.887278582930758,2.5563607085346214,0.5099302200751477,3.046162104133119
46,24.355877616747183,21.906870638754697,10.782340311325818,11.990069779924852,4.99194847020934,19.860440150295222,2.5563607085346214,0.5099302200751477,3.046162104133119
47,24.698067632850243,21.75925925925926,10.775630703166936,11.956521739130435,4.911433172302737,19.826892109500804,2.5295222758990876,0.5099302200751477,3.0327428878153517
48,24.711486849168008,21.74584004294149,10.768921095008052,11.808910359634996,4.911433172302737,19.994632313472895,2.5161030595813205,0.5099302200751477,3.0327428878153517
49,24.932903918411164,21.631776704240472,10.748792270531402,11.782071926999464,4.911433172302737,19.94766505636071,2.5161030595813205,0.49651100375738055,3.0327428878153517
50,25.234836285560924,21.571390230810522,10.748792270531402,11.748523886205046,4.830917874396135,19.847020933977454,2.5026838432635534,0.49651100375738055,3.0193236714975846
51,25.543478260869566,21.423778851315085,10.715244229736983,11.688137412775093,4.830917874396135,19.80005367686527,2.4825550187869028,0.49651100375738055,3.0193236714975846
52,25.845410628019323,21.423778851315085,10.68840579710145,11.513687600644122,4.797369833601718,19.732957595276435,2.4825550187869028,0.49651100375738055,3.0193236714975846
53,25.946054750402578,20.591787439613526,10.587761674718196,11.486849168008588,5.092592592592593,19.732957595276435,2.4825550187869028,0.49651100375738055,3.5829307568438002
54,26.10708534621578,20.538110574342458,10.587761674718196,11.486849168008588,5.0858829844337095,19.665861513687602,2.462426194310252,0.49651100375738055,3.569511540526033
55,26.31508319914117,20.538110574342458,10.567632850241546,11.352657004830919,5.059044551798175,19.652442297369834,2.4490069779924855,0.49651100375738055,3.569511540526033
56,25.87224906065486,19.665861513687602,11.761943102522812,11.3191089640365,5.045625335480408,19.578636607622116,2.4490069779924855,0.49651100375738055,3.81105743424584
57,25.214707461084274,17.860976918947934,11.674718196457327,18.149490069779926,4.562533548040794,15.921900161030596,2.4221685453569513,0.49651100375738055,3.69699409554482
58,25.462962962962962,17.840848094471284,11.641170155662909,18.015297906602253,4.562533548040794,15.861513687600644,2.4221685453569513,0.49651100375738055,3.69699409554482
59,25.85212023617821,17.70665593129361,11.627750939345143,17.867686527106816,4.522275899087493,15.827965646806227,2.4221685453569513,0.49651100375738055,3.6768652710681695
60,26.556629092860977,17.505367686527105,11.372785829307569,17.418142780461622,4.461889425657541,15.787707997852925,2.7241009125067097,0.49651100375738055,3.6768652710681695
61,24.9597423510467,16.74718196457327,11.345947396672035,29.32769726247987,4.461889425657541,6.937734836285561,2.7241009125067097,,3.4957058507783145
62,25.221417069243156,16.606280193236714,10.809178743961352,29.274020397208805,5.280461621041331,6.890767579173376,2.4691358024691357,,3.44873859366613
63,24.993290391841118,14.99597423510467,10.755501878690284,31.749865807836823,5.139559849704777,6.830381105743425,2.4490069779924855,,3.0864197530864197
64,25.221417069243156,14.982555018786902,10.661567364465915,31.689479334406872,5.139559849704777,6.8035426731078905,2.4490069779924855,,3.052871712292002
65,24.879227053140095,15.485775630703166,10.63472893183038,31.608964036500268,5.139559849704777,6.8035426731078905,2.428878153515835,,3.0193236714975846
66,25.49651100375738,15.143585614600108,10.50053676865271,31.468062265163713,5.139559849704777,6.8035426731078905,2.428878153515835,,3.0193236714975846
67,25.831991411701555,15.11003757380569,10.48040794417606,31.105743424584006,5.139559849704777,6.749865807836822,2.563070316693505,,3.0193236714975846
68,25.462962962962962,13.841921631776705,22.530864197530864,26.590177133655395,5.0858829844337095,1.3821792807300053,2.0933977455716586,,3.012614063338701
69,25.738056897477186,13.821792807300053,22.36983360171766,26.496242619431026,5.0858829844337095,1.3821792807300053,2.0933977455716586,,3.012614063338701
70,26.214439076757916,13.788244766505636,23.49704777241009,24.93961352657005,5.0858829844337095,1.3821792807300053,2.0799785292538915,,3.012614063338701
71,26.341921631776703,13.774825550187868,23.463499731615673,24.88593666129898,5.0858829844337095,1.3821792807300053,2.0799785292538915,,2.985775630703167
72,26.590177133655395,13.714439076757918,23.376274825550187,24.812130971551262,5.0858829844337095,1.3821792807300053,2.0531400966183573,,2.985775630703167
73,26.737788513150832,13.70101986044015,23.376274825550187,24.724906065485776,5.052334943639291,1.3821792807300053,2.0397208803005906,,2.985775630703167
74,26.67740203972088,13.486312399355878,22.926731078904993,24.718196457326894,4.8443370907139025,1.3821792807300053,2.0397208803005906,,3.92512077294686
75,26.89210950080515,13.45276435856146,22.832796564680624,24.644390767579175,4.8376274825550185,1.3821792807300053,2.0397208803005906,,3.9184111647879765
76,27.24771873322598,13.352120236178207,22.73886205045625,24.50348899624262,4.8376274825550185,1.3821792807300053,2.01959205582394,,3.9184111647879765
77,27.68384326355341,12.922705314009661,22.604669887278583,24.382716049382715,4.804079441760601,1.3754696725711217,1.9927536231884058,,4.233762748255502
78,27.435587761674718,12.815351583467525,22.04777241009125,24.684648416532475,5.428073000536768,1.3754696725711217,1.9927536231884058,,4.2203435319377345
79,27.61003757380569,12.72812667740204,22.04777241009125,24.63768115942029,5.414653784219001,1.3754696725711217,1.9927536231884058,,4.193505099302201
80,27.89855072463768,12.68786902844874,21.886741814278047,23.96672034353194,6.0654857756307035,1.3352120236178207,1.9927536231884058,,4.166666666666667
81,27.750939345142243,12.453032742887816,21.85990338164251,24.376006441223833,6.0654857756307035,1.3352120236178207,1.9927536231884058,,4.166666666666667
82,28.482286634460547,12.399355877616747,21.443907675791735,24.235104669887278,6.052066559312936,1.3352120236178207,1.9927536231884058,,4.05931293612453
83,28.73054213633924,12.352388620504563,21.4170692431562,24.094202898550726,6.052066559312936,1.3352120236178207,1.9726247987117553,,4.045893719806763
84,28.784219001610307,12.345679012345679,21.39694041867955,24.06736446591519,6.052066559312936,1.3352120236178207,1.9726247987117553,,4.045893719806763
85,28.918411164787976,12.345679012345679,21.32313472893183,24.033816425120772,6.052066559312936,1.3352120236178207,1.9726247987117553,,4.019055287171229
86,29.21363392377885,12.305421363392378,21.128556092324207,24.18142780461621,6.038647342995169,1.3352120236178207,1.9726247987117553,,3.824476650563607
87,29.220343531937736,12.171229200214707,21.048040794417606,24.04723564143854,6.018518518518518,1.7042404723564144,1.9726247987117553,,3.8177670424047236
88,28.73725174449812,10.560923242082662,20.987654320987655,26.637144390767578,6.011808910359635,1.3553408480944713,1.9592055823939882,,3.750670960815888
89,29.20692431561997,10.547504025764896,20.819914117015568,26.402308105206657,6.011808910359635,1.3553408480944713,1.9592055823939882,,3.69699409554482
90,29.508856682769725,10.507246376811594,20.652173913043477,26.38888888888889,5.958132045088567,1.3486312399355878,1.9592055823939882,,3.6768652710681695
91,29.622920021470748,10.48040794417606,20.397208803005906,26.36876006441224,5.938003220611916,1.3486312399355878,2.167203435319377,,3.6768652710681695
92,29.777241009125067,10.433440687063875,20.343531937734838,26.33521202361782,5.924584004294149,1.3486312399355878,2.167203435319377,,3.670155662909286
93,30.03220611916264,10.433440687063875,20.1959205582394,26.241277509393452,5.911164787976382,1.3486312399355878,2.167203435319377,,3.670155662909286
94,30.3743961352657,10.413311862587225,20.142243692968332,26.10708534621578,5.803811057434245,1.3486312399355878,2.167203435319377,,3.643317230273752
95,30.669618894256576,10.339506172839506,20.095276435856146,25.966183574879228,5.770263016639828,1.3486312399355878,2.167203435319377,,3.643317230273752
96,28.723832528180353,12.392646269457863,20.041599570585078,25.91250670960816,5.770263016639828,1.3486312399355878,2.167203435319377,,3.643317230273752
97,29.052603327965645,12.338969404186795,20.00805152979066,25.785024154589372,5.770263016639828,1.2345679012345678,2.167203435319377,,3.643317230273752
98,29.381374127750938,12.332259796027913,19.920826623725173,25.6105743424584,5.770263016639828,1.2345679012345678,2.167203435319377,,3.5829307568438002
99,13.41250670960816,52.73081052066559,6.166129898013956,21.93370907139023,2.85829307568438,0.6910896403650026,0.785024154589372,,1.4224369296833066
100,13.620504562533547,51.58346752549651,6.166129898013956,21.880032206119164,3.851315083199141,0.6910896403650026,0.785024154589372,,1.4224369296833066
101,14.002952227589908,51.07353730542136,6.146001073537305,21.812936124530328,4.066022544283414,0.6910896403650026,0.785024154589372,,1.4224369296833066
102,14.331723027375201,50.97289318303811,6.119162640901771,21.631776704240472,4.066022544283414,0.6910896403650026,0.7648953301127214,,1.4224369296833066
103,14.439076757917338,50.919216317767045,6.119162640901771,21.618357487922705,4.025764895330113,0.6910896403650026,0.7648953301127214,,1.4224369296833066
104,14.741009125067096,50.76489533011272,6.119162640901771,21.470746108427267,4.025764895330113,0.6910896403650026,0.7648953301127214,,1.4224369296833066
105,14.895330112721417,50.55018786902845,6.119162640901771,21.20907139023081,3.992216854535695,0.8856682769726248,0.7648953301127214,,1.583467525496511
106,15.123456790123457,50.348899624261946,6.119162640901771,21.182232957595275,3.992216854535695,0.8856682769726248,0.7648953301127214,,1.583467525496511
107,15.210681696188942,46.745840042941495,6.119162640901771,21.115136876006442,7.595276435856146,0.8856682769726248,0.7648953301127214,,1.5633387010198605
108,15.438808373590982,46.61164787976382,6.119162640901771,21.054750402576488,7.575147611379496,0.8856682769726248,0.7648953301127214,,1.5499194847020934
109,15.693773483628556,46.484165324745035,6.119162640901771,21.007783145464305,7.521470746108427,0.8856682769726248,0.7380568974771873,,1.5499194847020934
110,15.787707997852925,46.23590982286635,6.0587761674718195,18.739935587761675,7.226247987117552,0.8856682769726248,0.7380568974771873,,4.327697262479871
111,16.09634997316157,45.571658615136876,6.0587761674718195,18.686258722490606,7.6623725174449815,0.8856682769726248,0.7112184648416533,,4.327697262479871
112,16.337895866881375,45.3972088030059,6.0587761674718195,18.632581857219538,7.6623725174449815,0.8722490606548577,0.7112184648416533,,4.327697262479871
113,16.478797638217927,45.088566827697264,6.045356951154052,18.511808910359633,7.635534084809447,1.2815351583467525,0.630703166935051,,4.327697262479871
114,16.841116478797638,44.81347289318304,6.045356951154052,18.511808910359633,7.548309178743962,1.2815351583467525,0.630703166935051,,4.327697262479871
115,16.982018250134193,44.75308641975309,6.025228126677402,18.47826086956522,7.521470746108427,1.2815351583467525,0.630703166935051,,4.327697262479871
116,17.418142780461622,44.585346215781,6.005099302200751,18.283682232957595,7.501341921631776,1.2815351583467525,0.630703166935051,,4.294149221685454
117,17.56575415995706,44.49141170155663,6.005099302200751,18.263553408480945,7.481213097155126,1.2681159420289856,0.630703166935051,,4.294149221685454
118,18.02200751476114,44.29012345679013,5.978260869565218,18.263553408480945,7.434245840042942,1.2681159420289856,0.630703166935051,,4.1129898013955986
119,18.438003220611915,44.08212560386473,5.911164787976382,18.203166935050994,7.380568974771873,1.2681159420289856,0.630703166935051,,4.086151368760064
120,18.54535695115405,44.02844873859367,5.897745571658615,18.203166935050994,7.380568974771873,1.2546967257112185,0.630703166935051,,4.05931293612453
121,18.867418142780462,43.81374127750939,5.897745571658615,18.14278046162104,7.333601717659689,1.2546967257112185,0.630703166935051,,4.05931293612453
122,19.142512077294686,43.592324208266234,5.897745571658615,18.089103596349972,7.407407407407407,1.247987117552335,0.5636070853462157,,4.05931293612453
123,19.088835212023618,40.23081052066559,5.897745571658615,18.00858829844337,10.903113258185721,1.247987117552335,0.5636070853462157,,4.05931293612453
124,19.464573268921097,39.96913580246913,5.891035963499732,17.995169082125603,10.849436392914654,1.2077294685990339,0.5636070853462157,,4.05931293612453
125,19.57192699946323,39.88191089640365,5.891035963499732,17.907944176060116,10.795759527643586,1.3553408480944713,0.5636070853462157,,4.032474503488996
126,19.712828770799785,39.79468599033817,5.891035963499732,17.881105743424584,10.782340311325818,1.3553408480944713,0.5636070853462157,,4.019055287171229
127,20.001341921631777,39.68733225979603,5.884326355340848,17.74020397208803,10.762211486849168,1.3419216317767042,0.5636070853462157,,4.019055287171229
128,20.29656468062265,39.59339774557166,5.884326355340848,17.693236714975846,10.668276972624799,1.3150831991411702,0.5636070853462157,,3.9855072463768115
129,20.29656468062265,39.54643048845947,5.884326355340848,17.867686527106816,10.581052066559312,1.2748255501878691,0.5636070853462157,,3.9855072463768115
130,20.41062801932367,39.512882447665056,5.884326355340848,17.814009661835748,10.57434245840043,1.2546967257112185,0.5636070853462157,,3.9855072463768115
131,20.705850778314545,39.378690284487384,5.850778314546431,17.814009661835748,10.446859903381643,1.2546967257112185,0.5636070853462157,,3.9855072463768115
132,21.651905528717123,39.31830381105743,5.810520665593129,17.74020397208803,9.782608695652174,1.2546967257112185,0.5636070853462157,,3.878153515834675
133,21.68545356951154,39.110305958132045,5.810520665593129,17.49194847020934,9.769189479334408,1.247987117552335,0.5636070853462157,,4.320987654320987
134,20.46430488459474,35.265700483091784,5.810520665593129,17.465110037573805,8.179012345679013,1.247987117552335,0.5636070853462157,,11.003757380568974
135,20.8064949006978,35.19189479334407,5.790391841116479,17.431561996779386,8.105206655931294,1.247987117552335,0.5636070853462157,,10.86285560923242
136,20.994363929146537,35.12479871175523,5.790391841116479,17.404723564143854,8.064949006977992,1.2345679012345678,0.5636070853462157,,10.82259796027912
137,20.35024154589372,33.02469135802469,5.790391841116479,20.2361782071927,7.997852925389157,1.2345679012345678,0.5636070853462157,,10.802469135802468
138,20.48443370907139,33.01798174986581,5.776972624798712,20.162372517444982,7.997852925389157,1.2345679012345678,0.5636070853462157,,10.762211486849168
139,20.679012345679013,32.8972088030059,5.776972624798712,20.108695652173914,7.997852925389157,1.221148684916801,0.5636070853462157,,10.755501878690284
140,20.98094471282877,32.789855072463766,5.763553408480945,20.021470746108427,7.98443370907139,1.1876006441223832,0.5636070853462157,,10.7085346215781
141,20.78636607622115,32.25308641975309,3.9855072463768115,19.994632313472895,10.57434245840043,1.1876006441223832,0.5636070853462157,,10.654857756307031
142,20.739398819108963,32.018250134192165,3.784219001610306,19.732957595276435,10.540794417606012,2.341653247450349,0.19457863660762212,,10.648148148148149
143,20.705850778314545,31.655931293612454,3.784219001610306,19.672571121846484,11.037305421363392,2.341653247450349,0.19457863660762212,,10.607890499194847
144,17.06924315619968,30.367686527106816,13.325281803542673,17.847557702630166,11.3593666129898,0.7447665056360708,0.14761137949543746,,9.138486312399356
145,17.337627482555018,30.307300053676865,13.258185721953838,17.767042404723565,11.312399355877616,0.7447665056360708,0.14761137949543746,,9.125067096081589
146,17.559044551798173,30.22007514761138,13.24476650563607,17.72007514761138,11.238593666129898,0.7447665056360708,0.14761137949543746,,9.125067096081589
147,18.243424584004295,30.152979066022546,12.781803542673108,17.64626945786366,11.198336017176597,0.7447665056360708,0.14761137949543746,,9.084809447128288
148,18.5654857756307,30.099302200751477,12.754965110037574,17.599302200751477,11.044015029522276,0.7447665056360708,0.14761137949543746,,9.044551798174986
149,18.853998926462694,29.985238862050455,12.600644122383253,17.58588298443371,11.037305421363392,0.7447665056360708,0.14761137949543746,,9.044551798174986
150,19.00161030595813,29.918142780461622,12.600644122383253,17.55233494363929,11.003757380568974,0.7447665056360708,0.14761137949543746,,9.03113258185722
151,19.236446591519055,29.830917874396135,12.5,17.538915727321523,10.970209339774557,0.7447665056360708,0.14761137949543746,,9.03113258185722
152,19.545088566827697,29.71014492753623,12.466451959205582,17.47181964573269,10.903113258185721,0.7447665056360708,0.14761137949543746,,9.01100375738057
153,19.665861513687602,29.683306494900698,12.412775093934513,17.47181964573269,10.876274825550189,0.7447665056360708,0.14761137949543746,,8.997584541062801
154,19.940955448201827,29.643048845947398,12.392646269457863,17.324208266237253,10.876274825550189,0.7447665056360708,0.14761137949543746,,8.930488459473967
155,20.068438003220614,29.602791196994094,12.392646269457863,17.2638217928073,10.86285560923242,0.7447665056360708,0.14761137949543746,,8.917069243156199
156,19.404186795491142,28.663446054750402,19.786634460547504,15.28448738593666,11.05072463768116,0.7447665056360708,0.14761137949543746,,4.918142780461621
157,19.753086419753085,28.502415458937197,19.672571121846484,15.22410091250671,11.037305421363392,0.7447665056360708,0.14761137949543746,,4.918142780461621
158,20.081857219538378,28.455448201825014,19.585346215780998,15.203972088030058,10.876274825550189,0.7447665056360708,0.14761137949543746,,4.904723564143854
159,20.21604938271605,28.455448201825014,19.55179817498658,15.163714439076758,10.876274825550189,0.7447665056360708,0.14761137949543746,,4.8443370907139025
160,20.50456253354804,28.428609769189478,19.404186795491142,15.069779924852389,10.856146001073537,0.7447665056360708,0.14761137949543746,,4.8443370907139025
161,21.081588835212024,28.341384863123995,19.02173913043478,15.01610305958132,10.829307568438002,0.7447665056360708,0.14761137949543746,,4.817498658078368
162,21.38352120236178,28.133387010198604,18.99490069779925,14.741009125067096,10.782340311325818,0.7313472893183038,0.14761137949543746,0.2683843263553409,4.817498658078368
163,21.604938271604937,28.099838969404185,18.927804616210413,14.694041867954912,10.7085346215781,0.7313472893183038,0.14761137949543746,0.2683843263553409,4.817498658078368
164,21.67874396135266,28.079710144927535,18.927804616210413,14.667203435319378,10.7085346215781,0.7313472893183038,0.14761137949543746,0.2683843263553409,4.790660225442834
165,21.81964573268921,28.039452495974235,18.887546967257112,14.640365002683843,10.674986580783683,0.7313472893183038,0.14761137949543746,0.2683843263553409,4.790660225442834
166,22.114868491680085,27.95222758990875,18.719806763285025,14.626945786366075,10.648148148148149,0.7313472893183038,0.14761137949543746,0.2683843263553409,4.790660225442834
167,22.32957595276436,27.84487385936661,18.625872249060656,14.626945786366075,10.63472893183038,0.7313472893183038,0.14761137949543746,0.2683843263553409,4.790660225442834
168,22.805958132045088,27.771068169618893,18.4447128287708,14.479334406870638,10.57434245840043,0.7179280730005367,0.14761137949543746,0.2683843263553409,4.790660225442834
169,22.805958132045088,27.76435856146001,18.10252281266774,14.479334406870638,10.923242082662373,0.7179280730005367,0.14761137949543746,0.2683843263553409,4.790660225442834
170,23.15485775630703,27.49597423510467,18.04884594739667,14.452495974235104,10.923242082662373,0.7179280730005367,0.14761137949543746,0.2683843263553409,4.790660225442834
171,23.34272678475577,27.34836285560923,17.98845947396672,14.110305958132045,10.909822866344605,0.7179280730005367,0.5233494363929146,0.2683843263553409,4.790660225442834
172,23.55072463768116,27.200751476113794,17.934782608695652,14.110305958132045,10.903113258185721,0.7179280730005367,0.5233494363929146,0.2683843263553409,4.790660225442834
173,23.778851315083198,27.093397745571657,17.907944176060116,14.076757917337627,10.84272678475577,0.7179280730005367,0.5233494363929146,0.2683843263553409,4.790660225442834
174,23.95330112721417,27.053140096618357,17.827428878153516,14.049919484702093,10.84272678475577,0.7179280730005367,0.5233494363929146,0.2683843263553409,4.7638217928073
175,24.10091250670961,26.979334406870638,17.787171229200215,14.036500268384327,10.82259796027912,0.7179280730005367,0.5233494363929146,0.2683843263553409,4.7638217928073
176,24.27536231884058,26.979334406870638,17.753623188405797,13.915727321524423,10.809178743961352,0.7179280730005367,0.5233494363929146,0.2683843263553409,4.757112184648417
177,24.44981213097155,26.912238325281802,17.713365539452496,13.868760064412239,10.789049919484702,0.7179280730005367,0.5233494363929146,0.2683843263553409,4.757112184648417
178,24.630971551261407,26.85185185185185,17.66639828234031,13.855340848094471,10.789049919484702,0.7179280730005367,0.5233494363929146,0.2683843263553409,4.696725711218465
179,24.785292538915726,26.838432635534083,17.559044551798173,13.855340848094471,10.789049919484702,0.7179280730005367,0.5233494363929146,0.2683843263553409,4.663177670424047
180,25.046967257112186,26.7512077294686,17.465110037573805,13.821792807300053,10.762211486849168,0.7179280730005367,0.5233494363929146,0.2683843263553409,4.643048845947397
181,25.234836285560924,26.643853998926463,17.418142780461622,13.801663982823403,10.748792270531402,0.7179280730005367,0.5233494363929146,0.2683843263553409,4.643048845947397
182,24.86580783682233,26.44927536231884,18.4044551798175,13.573537305421363,10.748792270531402,0.5233494363929146,0.5233494363929146,0.2683843263553409,4.643048845947397
183,25.315351583467525,26.1808910359635,18.377616747181964,13.560118089103597,10.648148148148149,0.5233494363929146,0.5233494363929146,0.2683843263553409,4.602791196994096
184,25.509930220075148,26.08695652173913,18.323939881910896,13.560118089103597,10.607890499194847,0.5166398282340311,0.5233494363929146,0.2683843263553409,4.602791196994096
185,25.42270531400966,25.751476113794954,18.317230273752013,13.533279656468062,11.064143853998926,0.5166398282340311,0.5233494363929146,0.2683843263553409,4.602791196994096
186,25.59044551798175,25.731347289318304,18.276972624798713,13.506441223832528,10.983628556092324,0.5166398282340311,0.5233494363929146,0.2683843263553409,4.602791196994096
187,25.85882984433709,25.644122383252817,17.74020397208803,13.466183574879228,10.95679012345679,0.5166398282340311,0.9594739667203436,0.2683843263553409,4.5893719806763285
188,26.127214170692433,25.51663982823403,17.67981749865808,13.459473966720344,10.909822866344605,0.5166398282340311,0.9594739667203436,0.2683843263553409,4.562533548040794
189,26.402308105206657,25.489801395598498,17.619431025228128,13.425925925925926,10.896403650026839,0.5166398282340311,0.9594739667203436,0.2549651100375738,4.435050993022007
190,26.637144390767578,25.348899624261943,17.57246376811594,13.419216317767042,10.88298443370907,0.5166398282340311,0.9460547504025765,0.2549651100375738,4.42163177670424
191,26.88539989264627,25.301932367149757,17.465110037573805,13.358829844337091,10.849436392914654,0.5166398282340311,0.9460547504025765,0.2549651100375738,4.42163177670424
192,27.180622651637144,25.140901771336555,17.384594739667204,13.345410628019323,10.82259796027912,0.5166398282340311,0.9326355340848095,0.2549651100375738,4.42163177670424
193,27.36849168008588,25.033548040794418,17.357756307031668,13.345410628019323,10.768921095008052,0.5166398282340311,0.9326355340848095,0.2549651100375738,4.42163177670424
194,27.657004830917874,24.966451959205582,17.290660225442835,13.217928073000536,10.748792270531402,0.5166398282340311,0.9326355340848095,0.2549651100375738,4.414922168545357
195,28.073000536768653,24.838969404186795,17.08937198067633,13.197799248523886,10.681696188942565,0.5166398282340311,0.9326355340848095,0.2549651100375738,4.414922168545357
196,28.267579173376276,24.751744498121308,17.042404723564143,13.197799248523886,10.628019323671497,0.5166398282340311,0.9326355340848095,0.2549651100375738,4.408212560386473
197,28.395061728395063,24.704777241009126,16.988727858293075,13.197799248523886,10.61460010735373,0.5166398282340311,0.9326355340848095,0.2549651100375738,4.394793344068707
198,28.415190552871714,24.48336017176597,16.97530864197531,13.177670424047236,10.849436392914654,0.5166398282340311,0.9326355340848095,0.2549651100375738,4.394793344068707
199,28.556092324208265,24.322329575952764,16.908212560386474,13.177670424047236,10.829307568438002,0.5166398282340311,1.0466988727858293,0.2549651100375738,4.388083735909823
200,28.764090177133657,24.235104669887278,16.841116478797638,13.177670424047236,10.775630703166936,0.5166398282340311,1.0466988727858293,0.2549651100375738,4.388083735909823
201,28.864734299516908,24.20155662909286,16.834406870638755,13.170960815888352,10.775630703166936,0.5166398282340311,1.0198604401502953,0.2549651100375738,4.361245303274289
202,29.186795491143318,24.08078368223296,16.80756843800322,13.130703166935051,10.755501878690284,0.5166398282340311,0.9057971014492754,0.2549651100375738,4.361245303274289
203,29.260601180891037,24.060654857756308,16.774020397208805,13.117283950617283,10.748792270531402,0.5166398282340311,0.9057971014492754,0.2549651100375738,4.361245303274289
204,26.46940418679549,20.303274288781534,15.385131508319914,24.738325281803544,7.9039184111647875,0.08722490606548577,0.7514761137949544,,4.361245303274289
205,26.603596349973163,20.303274288781534,15.365002683843263,24.65780998389694,7.883789586688137,0.08722490606548577,0.7514761137949544,,4.3478260869565215
206,26.67740203972088,20.242887815351583,15.297906602254429,24.65780998389694,7.87037037037037,0.08722490606548577,0.8185721953837896,,4.3478260869565215
207,26.85185185185185,20.182501341921633,15.26435856146001,24.630971551261407,7.830112721417069,0.08722490606548577,0.8185721953837896,,4.334406870638754
208,27.01959205582394,20.142243692968332,15.217391304347826,24.56387546967257,7.816693505099302,0.08722490606548577,0.8185721953837896,,4.334406870638754
209,27.033011272141707,20.12211486849168,14.65378421900161,24.44981213097155,8.715780998389693,0.08722490606548577,0.8185721953837896,,4.119699409554482
210,27.214170692431562,20.108695652173914,14.533011272141707,24.402844873859365,8.715780998389693,0.08722490606548577,0.8185721953837896,,4.119699409554482
211,27.274557165861513,20.081857219538378,14.452495974235104,24.174718196457327,8.561460010735374,0.8252818035426731,0.8185721953837896,,3.81105743424584
212,27.70397208803006,19.93424584004294,14.378690284487385,24.040526033279658,8.494363929146537,0.8185721953837896,0.8185721953837896,,3.81105743424584
213,27.992485238862052,19.82018250134192,14.338432635534085,23.939881910896403,8.480944712828771,0.8185721953837896,0.8185721953837896,,3.7909286097691894
214,28.16022544283414,19.786634460547504,14.284755770263017,23.886205045625335,8.454106280193237,0.8185721953837896,0.8185721953837896,,3.7909286097691894
215,28.442028985507246,19.753086419753085,14.204240472356414,23.718464841653248,8.454106280193237,0.8185721953837896,0.8185721953837896,,3.7909286097691894
216,28.73725174449812,19.64573268921095,14.163982823403114,23.61111111111111,8.420558239398819,0.8185721953837896,0.8185721953837896,,3.784219001610306
217,28.891572732152444,19.632313472893184,14.096886741814279,23.577563070316693,8.393719806763285,0.8185721953837896,0.8185721953837896,,3.770799785292539
218,29.07944176060118,19.538378958668815,14.023081052066559,23.275630703166936,8.340042941492216,0.8185721953837896,1.1540526033279657,,3.770799785292539
219,29.220343531937736,19.49812130971551,13.996242619431026,23.2487922705314,8.340042941492216,0.8185721953837896,1.107085346215781,,3.770799785292539
220,29.797369833601717,19.202898550724637,13.90901771336554,23.18840579710145,8.61513687600644,0.8185721953837896,1.0198604401502953,,3.44873859366613
221,30.287171229200215,19.129092860976918,13.841921631776705,23.10789049919485,8.387010198604402,0.8185721953837896,1.0198604401502953,,3.408480944712829
222,30.44820182501342,19.082125603864736,13.841921631776705,23.03408480944713,8.36688137412775,0.8185721953837896,1.0198604401502953,,3.388352120236178
223,30.56226516371444,19.068706387546968,13.81508319914117,22.457058507783145,8.883521202361782,0.8051529790660226,1.0198604401502953,,3.388352120236178
224,30.689747718733226,19.0552871712292,13.81508319914117,22.36983360171766,8.883521202361782,0.8051529790660226,1.0198604401502953,,3.361513687600644
225,30.971551261406333,18.874127750939344,13.801663982823403,22.363123993558776,8.849973161567364,0.7783145464304885,1.0198604401502953,,3.3413848631239937
226,30.844068706387546,18.853998926462694,13.801663982823403,22.873054213633925,8.514492753623188,0.7716049382716049,1.0198604401502953,,3.321256038647343
227,31.05877616747182,18.746645195920557,13.801663982823403,22.81266774020397,8.487654320987655,0.7716049382716049,1.0198604401502953,,3.3011272141706924
228,31.199677938808374,18.659420289855074,13.6406333870102,22.73886205045625,8.695652173913043,0.7716049382716049,1.0198604401502953,,3.2742887815351582
229,31.45464304884595,18.471551261406333,13.613794954374665,22.69860440150295,8.695652173913043,0.7716049382716049,1.0198604401502953,,3.2742887815351582
230,31.11916264090177,18.19645732689211,13.580246913580247,22.644927536231883,8.105206655931294,2.059849704777241,1.0198604401502953,,3.2742887815351582
231,31.320450885668276,18.169618894256576,13.513150831991412,22.564412238325282,8.07836822329576,2.059849704777241,1.0198604401502953,,3.2742887815351582
232,31.45464304884595,18.169618894256576,13.499731615673644,22.510735373054214,8.051529790660226,2.059849704777241,0.9796027911969941,,3.2742887815351582
233,31.239935587761675,18.06226516371444,13.47289318303811,22.457058507783145,8.031400966183575,2.4825550187869028,0.9796027911969941,0.2281266774020397,3.046162104133119
234,31.49490069779925,18.06226516371444,13.419216317767042,22.396672034353195,7.971014492753623,2.4154589371980677,0.9796027911969941,0.2147074610842727,3.046162104133119
235,31.863929146537842,18.00187869028449,13.298443370907139,22.29602791196994,7.9106280193236715,2.4154589371980677,0.9796027911969941,0.2147074610842727,3.0193236714975846
236,32.10547504025765,17.92807300053677,13.291733762748256,22.23564143853999,7.823403113258186,2.4154589371980677,0.9796027911969941,0.2147074610842727,3.0059044551798175
237,32.29334406870639,17.887815351583466,13.231347289318304,22.20209339774557,7.823403113258186,2.3886205045625335,0.9796027911969941,0.2147074610842727,2.9790660225442833
238,32.306763285024154,17.887815351583466,13.22463768115942,22.20209339774557,7.816693505099302,2.3886205045625335,0.9796027911969941,0.2147074610842727,2.9790660225442833
239,32.50134192163178,17.867686527106816,13.18438003220612,22.16183574879227,7.75630703166935,2.3886205045625335,0.9796027911969941,0.2147074610842727,2.945517981749866
240,32.56172839506173,17.847557702630166,13.18438003220612,22.134997316156735,7.742887815351583,2.3886205045625335,0.9796027911969941,0.2147074610842727,2.945517981749866
241,32.63553408480945,17.840848094471284,13.170960815888352,22.128287707997853,7.709339774557166,2.3886205045625335,0.9796027911969941,0.2147074610842727,2.932098765432099
242,32.70263016639828,17.840848094471284,13.170960815888352,22.08132045088567,7.689210950080516,2.3886205045625335,0.9796027911969941,0.2147074610842727,2.932098765432099
243,32.8569511540526,17.827428878153516,13.16425120772947,22.014224369296834,7.64224369296833,2.368491680085883,0.9796027911969941,0.2147074610842727,2.932098765432099
244,33.011272141706925,17.820719269994633,13.137412775093935,21.967257112184647,7.595276435856146,2.368491680085883,0.9796027911969941,0.19457863660762212,2.9253891572732154
245,33.373590982286636,17.693236714975846,12.95625335480408,21.953837895866883,7.575147611379496,2.368491680085883,0.9796027911969941,0.17444981213097155,2.9253891572732154
246,33.65539452495974,17.62614063338701,12.86231884057971,21.886741814278047,7.561728395061729,2.368491680085883,0.9796027911969941,0.17444981213097155,2.885131508319914
247,33.77616747181965,17.599302200751477,12.828770799785293,21.85319377348363,7.561728395061729,2.368491680085883,0.9796027911969941,0.17444981213097155,2.85829307568438
248,33.93719806763285,17.579173376274827,12.828770799785293,21.72571121846484,7.548309178743962,2.368491680085883,0.9796027911969941,0.17444981213097155,2.85829307568438
249,33.803005904455176,17.250402576489535,12.828770799785293,21.69887278582931,8.044820182501342,2.368491680085883,0.9796027911969941,0.17444981213097155,2.8515834675254963
250,33.923778851315085,17.156468062265162,12.815351583467525,21.69887278582931,8.031400966183575,2.368491680085883,0.9796027911969941,0.17444981213097155,2.8515834675254963
251,34.004294149221685,17.156468062265162,12.795222758990874,21.66532474503489,8.004562533548041,2.368491680085883,0.9796027911969941,0.17444981213097155,2.8515834675254963
252,34.11835748792271,17.10950080515298,12.795222758990874,21.598228663446054,8.004562533548041,2.368491680085883,0.9796027911969941,0.17444981213097155,2.8515834675254963
253,34.33977455716586,17.03569511540526,12.76838432635534,21.497584541062803,7.98443370907139,2.368491680085883,0.9796027911969941,0.17444981213097155,2.8515834675254963
254,34.47396672034353,17.002147074610843,12.714707461084272,21.484165324745035,7.950885668276973,2.368491680085883,0.9796027911969941,0.17444981213097155,2.8515834675254963
255,34.68196457326892,16.921631776704242,12.68786902844874,21.423778851315085,7.950885668276973,2.368491680085883,0.9796027911969941,0.13419216317767044,2.8515834675254963
256,34.916800858829845,16.908212560386474,12.553676865271068,21.410359634997317,7.924047235641439,2.341653247450349,0.9796027911969941,0.13419216317767044,2.831454643048846
257,35.39318303811057,16.75389157273215,12.526838432635534,21.18894256575416,7.924047235641439,2.26784755770263,0.9796027911969941,0.13419216317767044,2.831454643048846
258,35.507246376811594,16.740472356414386,12.513419216317766,21.14868491680086,7.890499194847021,2.26784755770263,0.9796027911969941,0.13419216317767044,2.818035426731079
259,35.607890499194845,16.686795491143318,12.513419216317766,21.115136876006442,7.890499194847021,2.26784755770263,0.966183574879227,0.13419216317767044,2.818035426731079
260,35.829307568438004,16.626409017713364,12.513419216317766,20.994363929146537,7.877079978529254,2.26784755770263,0.9393451422436929,0.13419216317767044,2.818035426731079
