,45,50,53,52,55,54,51,56
0,100.0,,,,,,,
1,100.0,,,,,,,
2,90.5126140633387,9.353193773483628,0.13419216317767044,,,,,
3,88.54669887278583,11.3191089640365,0.13419216317767044,,,,,
4,88.75469672571121,11.11111111111111,0.13419216317767044,,,,,
5,88.84863123993559,11.044015029522276,0.10735373054213634,,,,,
6,87.76838432635535,11.366076221148685,0.013419216317767043,0.8521202361782072,,,,
7,83.91035963499732,15.22410091250671,0.013419216317767043,0.8521202361782072,,,,
8,83.9975845410628,15.136876006441224,0.013419216317767043,0.8521202361782072,,,,
9,84.11835748792271,15.01610305958132,0.013419216317767043,0.8521202361782072,,,,
10,84.1653247450349,14.969135802469136,0.013419216317767043,0.8521202361782072,,,,
11,84.23913043478261,14.895330112721417,0.013419216317767043,0.8521202361782072,,,,
12,77.76435856146001,21.3768115942029,0.013419216317767043,0.8454106280193237,,,,
13,77.40874932903918,21.732420826623724,0.013419216317767043,0.8454106280193237,,,,
14,77.51610305958133,21.3768115942029,0.013419216317767043,0.8454106280193237,0.24825550187869028,,,
15,77.64358561460011,21.296296296296298,0.013419216317767043,0.798443370907139,0.24825550187869028,,,
16,53.32796564680623,44.72624798711755,,,0.24825550187869028,1.6975308641975309,,
17,53.62989801395599,44.43102522812668,,,0.24825550187869028,1.6908212560386473,,
18,53.01932367149758,45.06172839506173,,,0.24825550187869028,1.6706924315619969,,
19,53.26757917337628,44.83360171765969,,,0.24825550187869028,1.6505636070853462,,
20,51.98604401502952,46.11513687600644,,,0.24825550187869028,1.6505636070853462,,
21,32.971014492753625,65.07648953301127,,,1.6438539989264627,0.30864197530864196,,
22,33.373590982286636,64.67391304347827,,,1.6438539989264627,0.30864197530864196,,
23,33.722490606548575,64.00966183574879,0.8118625872249061,,1.1473429951690821,0.30864197530864196,,
24,33.9975845410628,63.7614063338701,0.798443370907139,,1.133923778851315,0.30864197530864196,,
25,33.55475040257649,59.42028985507246,6.072195383789587,,0.644122383252818,0.30864197530864196,,
26,31.99812130971551,60.03086419753087,6.005099302200751,1.0131508319914118,0.644122383252818,0.30864197530864196,,
27,32.420826623725176,59.655126140633385,5.964841653247451,1.0064412238325282,0.644122383252818,0.30864197530864196,,
28,32.84353193773484,59.31964573268921,5.891035963499732,0.9930220075147611,0.644122383252818,0.30864197530864196,,
29,33.299785292538914,58.9170692431562,5.850778314546431,0.9796027911969941,0.644122383252818,0.30864197530864196,,
30,33.66881374127751,56.72302737520129,5.850778314546431,0.9796027911969941,2.4691358024691357,0.30864197530864196,,
31,33.742619431025226,55.51529790660226,4.810789049919484,3.1535158346752548,2.4691358024691357,0.30864197530864196,,
32,34.42699946323135,54.93827160493827,4.74369296833065,3.113258185721954,2.4691358024691357,0.30864197530864196,,
33,34.91009125067096,54.46188942565754,4.74369296833065,3.113258185721954,2.462426194310252,0.30864197530864196,,
34,35.04428341384863,54.3545356951154,4.730273752012883,3.099838969404187,2.462426194310252,0.30864197530864196,,
35,35.258990874932906,54.21363392377885,4.703435319377348,3.099838969404187,2.4154589371980677,0.30864197530864196,,
36,35.75550187869028,53.54938271604938,4.656468062265164,3.099838969404187,2.6435856146001075,0.2952227589908749,,
37,36.090982286634464,52.07326892109501,4.656468062265164,3.099838969404187,3.8043478260869565,0.27509393451422437,,
38,36.42646269457864,51.871980676328505,4.643048845947397,3.079710144927536,3.7037037037037037,0.27509393451422437,,
39,36.553945249597426,50.75147611379496,4.643048845947397,3.079710144927536,4.7168545356951155,0.2549651100375738,,
40,34.29951690821256,46.242619431025226,4.609500805152979,3.052871712292002,4.542404723564144,0.39586688137412773,6.857219538378959,
41,34.66183574879227,46.02791196994095,4.5960815888352125,3.046162104133119,4.502147074610843,0.39586688137412773,6.769994632313473,
42,35.06441223832528,45.70585077831455,4.5960815888352125,3.0327428878153517,4.4753086419753085,0.39586688137412773,6.729736983360172,
43,35.49382716049383,45.3569511540526,4.5960815888352125,3.0327428878153517,4.448470209339774,0.36902844873859364,6.702898550724638,
44,34.856414385399894,46.06816961889426,4.569243156199678,3.0193236714975846,4.414922168545357,0.36902844873859364,6.702898550724638,
45,34.88996242619431,45.24288781535159,4.394793344068707,2.999194847020934,4.414922168545357,1.3754696725711217,6.6827697262479875,
46,35.258990874932906,45.04830917874396,4.367954911433173,2.9723564143853998,4.394793344068707,1.3620504562533549,6.595544820182502,
47,35.63472893183038,44.77321524422974,4.3545356951154055,2.8918411164787976,4.394793344068707,1.3620504562533549,6.588835212023618,
48,36.22517444981213,44.33038110574343,4.30756843800322,2.8918411164787976,4.341116478797638,1.3620504562533549,6.541867954911433,
49,36.480139559849704,43.82045088566828,5.038915727321524,2.8515834675254963,4.072732152442297,1.1943102522812667,6.541867954911433,
50,36.66129898013956,43.65942028985507,5.038915727321524,2.8515834675254963,4.072732152442297,1.1943102522812667,6.521739130434782,
51,36.93639291465379,43.47826086956522,5.005367686527107,2.804616210413312,4.072732152442297,1.1943102522812667,6.508319914117015,
52,37.23161567364466,43.31723027375201,5.005367686527107,2.771068169618894,3.9989264626945786,1.1943102522812667,6.481481481481482,
53,37.66774020397209,43.04884594739667,4.9651100375738055,2.7442297369833604,3.9586688137412773,1.1674718196457328,6.447933440687064,
54,37.72141706924316,41.727053140096615,4.944981213097155,2.7308105206655933,3.770799785292539,2.717391304347826,6.387546967257112,
55,38.1105743424584,41.47879763821793,4.884594739667204,2.7106816961889426,3.743961352657005,2.717391304347826,6.353998926462695,
56,38.29173376274826,41.37144390767579,4.87788513150832,2.6972624798711755,3.7037037037037037,2.717391304347826,6.340579710144928,
57,38.12399355877617,41.015834675254965,4.797369833601718,3.3816425120772946,3.683574879227053,2.717391304347826,6.280193236714976,
58,38.446054750402574,40.76757917337628,4.797369833601718,3.3816425120772946,3.6500268384326353,2.6838432635534084,6.273483628556092,
59,38.70101986044015,40.55958132045089,4.797369833601718,3.3548040794417604,3.6500268384326353,2.6838432635534084,6.253354804079442,
60,37.513419216317764,41.96188942565754,4.7638217928073,3.2139023081052067,3.6366076221148687,2.657004830917874,6.253354804079442,
61,37.72812667740204,41.82769726247987,4.74369296833065,3.180354267310789,3.6366076221148687,2.6301663982823404,6.253354804079442,
62,38.1508319914117,41.532474503489,4.74369296833065,3.166935050993022,3.616478797638218,2.5966183574879227,6.1929683306494905,
63,38.56682769726248,41.41170155662909,4.736983360171766,3.0931293612453032,3.5628019323671496,2.49597423510467,6.132581857219538,
64,38.81508319914117,41.237251744498124,4.730273752012883,3.0931293612453032,3.535963499731616,2.4825550187869028,6.105743424584004,
65,39.02308105206656,40.80783682232958,4.730273752012883,3.0931293612453032,3.81105743424584,2.4490069779924855,6.085614600107354,
66,37.96296296296296,40.633387010198604,4.7168545356951155,3.0595813204508855,5.12614063338701,2.4490069779924855,6.052066559312936,
67,38.31186258722491,40.39855072463768,4.669887278582931,2.9924852388620504,5.12614063338701,2.4490069779924855,6.052066559312936,
68,38.62721417069243,40.23081052066559,4.602791196994096,2.9723564143853998,5.12614063338701,2.428878153515835,6.011808910359635,
69,39.07675791733763,39.94900697799248,4.575952764358561,2.9723564143853998,5.01207729468599,2.4221685453569513,5.991680085882985,
70,39.09688674181428,39.962426194310254,4.575952764358561,2.9723564143853998,4.978529253891573,2.4221685453569513,5.991680085882985,
71,39.331723027375205,39.80810520665593,4.549114331723027,2.9388083735909825,4.978529253891573,2.4221685453569513,5.971551261406334,
72,39.49946323134729,39.700751476113794,4.522275899087493,2.932098765432099,4.978529253891573,2.4221685453569513,5.9447128287707995,
73,39.84836285560923,39.432367149758456,4.502147074610843,2.932098765432099,4.978529253891573,2.395330112721417,5.911164787976382,
74,40.21068169618894,39.21765968867418,4.4753086419753085,2.898550724637681,4.911433172302737,2.395330112721417,5.891035963499732,
75,40.59983896940419,39.10359634997316,4.455179817498658,2.7442297369833604,4.87788513150832,2.395330112721417,5.8239398819108965,
76,40.81454643048846,38.94927536231884,4.455179817498658,2.7442297369833604,4.8443370907139025,2.368491680085883,5.8239398819108965,
77,40.995705850778315,38.788244766505635,4.448470209339774,2.7308105206655933,4.8443370907139025,2.368491680085883,5.8239398819108965,
78,41.324476650563604,38.707729468599034,4.388083735909823,2.703972088030059,4.770531400966184,2.328234031132582,5.776972624798712,
79,41.438539989264626,38.61379495437466,4.374664519592056,2.703972088030059,4.770531400966184,2.3215244229736984,5.776972624798712,
80,41.626409017713364,38.51315083199141,4.367954911433173,2.703972088030059,4.730273752012883,2.3215244229736984,5.736714975845411,
81,41.10976918947934,37.92941492216855,4.361245303274289,3.8043478260869565,4.7168545356951155,2.281266774020397,5.797101449275362,
82,41.46537842190016,37.72812667740204,4.3545356951154055,3.7775093934514223,4.696725711218465,2.24771873322598,5.730005367686527,
83,41.720343531937736,37.546967257112186,4.334406870638754,3.7775093934514223,4.696725711218465,2.1940418679549114,5.730005367686527,
84,41.99543746645196,37.42619431025228,4.280730005367687,3.750670960815888,4.696725711218465,2.167203435319377,5.683038110574342,
85,42.210144927536234,37.31213097155126,4.280730005367687,3.7372517444981215,4.663177670424047,2.15378421900161,5.642780461621041,
86,42.49194847020934,37.17122920021471,4.106280193236715,3.7238325281803544,4.777241009125067,2.1269457863660763,5.60252281266774,
87,42.70665593129361,37.0504562533548,4.086151368760064,3.7104133118625873,4.723564143853999,2.1269457863660763,5.595813204508857,
88,42.941492216854535,36.81561996779388,4.086151368760064,3.1870638754696725,4.723564143853999,2.6502952227589907,5.595813204508857,
89,41.80756843800322,38.0300590445518,4.086151368760064,3.1736446591519054,4.696725711218465,2.6435856146001075,5.562265163714439,
90,42.0222758990875,37.956253354804076,4.086151368760064,3.1736446591519054,4.643048845947397,2.6435856146001075,5.475040257648954,
91,42.223564143854,37.78180354267311,4.086151368760064,3.1736446591519054,4.636339237788513,2.6435856146001075,5.4549114331723025,
92,42.639559849704774,37.432903918411164,4.086151368760064,3.1736446591519054,4.5960815888352125,2.6435856146001075,5.428073000536768,
93,42.961621041331185,37.17793880837359,4.086151368760064,3.1736446591519054,4.549114331723027,2.6435856146001075,5.407944176060118,
94,42.3845947396672,36.52710681696189,4.086151368760064,4.3545356951154055,4.817498658078368,2.61003757380569,5.22007514761138,
95,42.84084809447128,36.18491680085883,4.086151368760064,4.341116478797638,4.7168545356951155,2.61003757380569,5.22007514761138,
96,42.975040257648956,36.11782071926999,4.072732152442297,4.341116478797638,4.663177670424047,2.61003757380569,5.22007514761138,
97,42.27724100912507,33.964036500268385,4.066022544283414,4.294149221685454,4.622920021470746,5.5756843800322065,5.199946323134729,
98,42.53220611916264,33.8768115942029,4.019055287171229,4.26731078904992,4.609500805152979,5.495169082125604,5.199946323134729,
99,42.84084809447128,33.66881374127751,3.965378421900161,4.240472356414386,4.5893719806763285,5.495169082125604,5.199946323134729,
100,43.31052066559313,33.52791196994095,3.683574879227053,4.240472356414386,4.582662372517445,5.488459473966721,5.166398282340311,
101,43.605743424584006,33.380300590445515,3.683574879227053,4.2270531400966185,4.569243156199678,5.434782608695652,5.0993022007514766,
102,43.94122383252818,33.19243156199678,3.6634460547504024,4.186795491143317,4.569243156199678,5.347557702630167,5.0993022007514766,
103,44.26999463231347,32.971014492753625,3.616478797638218,4.186795491143317,4.522275899087493,5.3341384863123995,5.0993022007514766,
104,44.45115405260333,32.80327428878154,3.616478797638218,4.186795491143317,4.522275899087493,5.320719269994632,5.0993022007514766,
105,38.58695652173913,36.85587761674718,3.5762211486849167,4.159957058507783,4.247181964573269,7.615405260332796,4.958400429414922,
106,39.33843263553408,36.533816425120776,3.5762211486849167,4.133118625872249,4.213633923778851,7.514761137949543,4.690016103059581,
107,39.27133655394525,36.3191089640365,3.5762211486849167,4.106280193236715,3.435319377348363,8.628556092324208,4.663177670424047,
108,38.86205045625336,35.93666129898014,3.5762211486849167,6.085614600107354,3.1535158346752548,7.742887815351583,4.643048845947397,
109,39.15727321524423,35.78234031132582,3.549382716049383,6.045356951154052,3.1333870101986045,7.716049382716049,4.616210413311863,
110,39.54643048845947,35.567632850241544,3.549382716049383,6.018518518518518,3.1199677938808374,7.6556629092860975,4.542404723564144,
111,39.774557165861516,35.279119699409556,3.5426731078904994,5.998389694041868,3.2541599570585076,7.608695652173913,4.542404723564144,
112,39.55984970477724,35.00402576489533,3.5426731078904994,5.998389694041868,3.2474503488996245,7.575147611379496,4.180085882984434,0.8923778851315083
113,39.89533011272142,34.84970477724101,3.5426731078904994,5.991680085882985,3.207192699946323,7.467793880837359,4.166666666666667,0.8789586688137413
114,40.11003757380569,34.715512614063336,3.5426731078904994,5.971551261406334,3.207192699946323,7.440955448201825,4.1532474503489,0.8588298443370908
115,40.41196994095545,34.574610842726784,3.535963499731616,7.286634460547504,3.2004830917874396,6.018518518518518,4.1532474503489,0.8185721953837896
116,40.15029522275899,34.19887278582931,3.69699409554482,7.159151905528717,3.1870638754696725,5.850778314546431,4.938271604938271,0.8185721953837896
117,40.33816425120773,34.01771336553945,3.69699409554482,7.152442297369833,3.1870638754696725,5.850778314546431,4.938271604938271,0.8185721953837896
118,40.61325818572195,33.8768115942029,3.6768652710681695,7.092055823939882,3.1736446591519054,5.8239398819108965,4.924852388620504,0.8185721953837896
119,40.87493290391841,33.742619431025226,3.6768652710681695,7.071926999463232,3.1468062265163717,5.770263016639828,4.898013955984971,0.8185721953837896
120,41.237251744498124,33.400429414922165,3.898282340311326,7.0450885668276975,3.1333870101986045,5.5689747718733225,4.931561996779388,0.785024154589372
121,41.599570585077835,33.21256038647343,3.864734299516908,7.011540526033279,3.1199677938808374,5.542136339237788,4.87788513150832,0.7716049382716049
122,41.78743961352657,32.9374664519592,3.8378958668813743,6.998121309715513,3.099838969404187,5.542136339237788,5.025496511003757,0.7716049382716049
123,42.069243156199676,32.82340311325819,3.8378958668813743,6.9310252281266775,3.099838969404187,5.515297906602254,4.958400429414922,0.7648953301127214
124,42.23698336017176,32.7361782071927,3.8311862587224907,6.870638754696726,3.099838969404187,5.508588298443371,4.951690821256038,0.7648953301127214
125,42.411433172302736,32.70263016639828,3.8311862587224907,6.78341384863124,3.099838969404187,5.4616210413311865,4.944981213097155,0.7648953301127214
126,42.391304347826086,32.56172839506173,3.7909286097691894,6.763285024154589,3.099838969404187,5.434782608695652,5.193236714975845,0.7648953301127214
127,40.37842190016103,29.898013955984972,3.7909286097691894,6.6827697262479875,3.099838969404187,5.434782608695652,9.950348899624261,0.7648953301127214
128,40.70048309178744,29.750402576489535,3.7909286097691894,6.6827697262479875,3.052871712292002,5.367686527106817,9.88996242619431,0.7648953301127214
129,41.1634460547504,29.542404723564143,3.7775093934514223,6.642512077294686,3.046162104133119,5.287171229200215,9.816156736446592,0.7246376811594203
130,41.30434782608695,29.374664519592056,3.7775093934514223,6.642512077294686,3.012614063338701,5.448201825013419,9.71551261406334,0.7246376811594203
131,41.41170155662909,29.314278046162105,3.7775093934514223,6.629092860976919,3.012614063338701,5.441492216854535,9.688674181427805,0.7246376811594203
132,41.599570585077835,29.25389157273215,3.7775093934514223,6.602254428341385,3.012614063338701,5.414653784219001,9.614868491680086,0.7246376811594203
133,41.94176060118089,29.045893719806763,3.7775093934514223,6.575415995705851,2.9723564143853998,5.401234567901234,9.561191626409018,0.7246376811594203
134,42.1833064949007,28.972088030059044,3.7775093934514223,6.575415995705851,2.9253891572732154,5.314009661835748,9.5276435856146,0.7246376811594203
135,42.45169082125604,28.844605475040257,3.7640901771336552,6.481481481481482,2.9253891572732154,5.314009661835748,9.494095544820183,0.7246376811594203
136,42.68652710681696,28.75067096081589,3.7104133118625873,6.4345142243692965,2.9253891572732154,5.314009661835748,9.453837895866881,0.7246376811594203
137,42.89452495974235,28.723832528180353,3.7104133118625873,6.427804616210413,2.9119699409554483,5.314009661835748,9.292807300053678,0.7246376811594203
138,43.12936124530327,28.64331723027375,3.7037037037037037,6.380837359098229,2.9119699409554483,5.300590445517981,9.205582393988191,0.7246376811594203
139,43.384326355340846,28.556092324208265,3.7037037037037037,6.320450885668277,2.9119699409554483,5.233494363929147,9.16532474503489,0.7246376811594203
140,43.183038110574344,28.12667740203972,4.542404723564144,6.320450885668277,2.818035426731079,5.22007514761138,9.064680622651638,0.7246376811594203
141,43.35748792270532,28.039452495974235,4.522275899087493,6.300322061191626,2.8113258185721954,5.22007514761138,9.05126140633387,0.6977992485238862
142,43.572195383789584,27.965646806226516,4.522275899087493,6.266774020397209,2.804616210413312,5.166398282340311,9.004294149221685,0.6977992485238862
143,43.69967793880837,27.91867954911433,4.522275899087493,6.199677938808374,2.7979066022544283,5.159688674181428,9.004294149221685,0.6977992485238862
144,43.833870101986044,27.83816425120773,4.522275899087493,6.166129898013956,2.791196994095545,5.159688674181428,8.99087493290392,0.6977992485238862
145,43.994900697799245,27.79790660225443,4.508856682769726,6.125872249060655,2.7777777777777777,5.112721417069243,8.984165324745035,0.6977992485238862
146,44.28341384863124,27.690552871712292,4.508856682769726,6.099033816425121,2.757648953301127,5.038915727321524,8.923778851315083,0.6977992485238862
147,44.39747718733226,27.623456790123456,4.502147074610843,6.085614600107354,2.757648953301127,5.025496511003757,8.910359634997317,0.6977992485238862
148,43.37761674718197,26.603596349973163,4.468599033816425,4.985238862050457,2.2611379495437465,4.804079441760601,12.801932367149758,0.6977992485238862
149,43.59903381642512,26.48953301127214,4.441760601180891,4.985238862050457,2.2611379495437465,4.783950617283951,12.74825550187869,0.6910896403650026
150,43.76677402039721,26.442565754159958,4.441760601180891,4.958400429414922,2.2611379495437465,4.777241009125067,12.661030595813205,0.6910896403650026
151,43.94122383252818,26.34863123993559,4.441760601180891,4.931561996779388,2.2611379495437465,4.750402576489533,12.634192163177671,0.6910896403650026
152,44.236446591519055,26.247987117552334,4.435050993022007,4.924852388620504,2.2611379495437465,4.750402576489533,12.486580783682234,0.6575415995705851
153,44.59205582393988,26.08695652173913,4.435050993022007,4.911433172302737,2.227589908749329,4.676596886741814,12.412775093934513,0.6575415995705851
154,44.7866344605475,26.006441223832528,4.435050993022007,4.904723564143854,2.2208803005904456,4.64975845410628,12.338969404186795,0.6575415995705851
155,44.99463231347289,25.959473966720342,4.435050993022007,4.904723564143854,2.2208803005904456,4.622920021470746,12.204777241009126,0.6575415995705851
156,45.169082125603865,25.845410628019323,4.394793344068707,4.898013955984971,2.2208803005904456,4.616210413311863,12.198067632850242,0.6575415995705851
157,45.28314546430489,25.785024154589372,4.394793344068707,4.891304347826087,2.2208803005904456,4.616210413311863,12.151100375738057,0.6575415995705851
158,45.41733762748255,25.731347289318304,4.394793344068707,4.884594739667204,2.2208803005904456,4.616210413311863,12.077294685990339,0.6575415995705851
159,44.06199677938808,24.06736446591519,4.2203435319377345,8.964036500268385,1.6572732152442298,4.367954911433173,12.00348899624262,0.6575415995705851
160,44.24986580783682,24.02710681696189,4.200214707461084,8.93719806763285,1.6371443907675791,4.341116478797638,11.949812130971551,0.6575415995705851
161,44.558507783145465,23.960010735373054,4.159957058507783,8.883521202361782,1.6371443907675791,4.274020397208803,11.882716049382717,0.644122383252818
162,44.75308641975309,23.859366612989803,4.139828234031133,8.883521202361782,1.6371443907675791,4.240472356414386,11.842458400429415,0.644122383252818
163,45.00805152979066,23.62453032742888,4.139828234031133,8.950617283950617,1.6371443907675791,4.233762748255502,11.768652710681696,0.6374127750939346
164,45.148953301127214,23.577563070316693,4.139828234031133,8.93719806763285,1.6304347826086956,4.233762748255502,11.694847020933977,0.6374127750939346
165,45.36366076221149,23.443370907139023,4.139828234031133,8.930488459473967,1.6304347826086956,4.193505099302201,11.668008588298443,0.630703166935051
166,45.42404723564144,23.423242082662373,4.139828234031133,8.930488459473967,1.6304347826086956,4.193505099302201,11.627750939345143,0.630703166935051
167,45.60520665593129,23.34272678475577,4.106280193236715,8.930488459473967,1.6304347826086956,4.193505099302201,11.560654857756306,0.630703166935051
168,45.14224369296833,22.859634997316157,5.629361245303274,8.796296296296296,1.6304347826086956,3.750670960815888,11.560654857756306,0.630703166935051
169,45.25630703166935,22.84621578099839,5.589103596349974,8.789586688137414,1.6170155662909287,3.7372517444981215,11.533816425120772,0.630703166935051
170,45.390499194847024,22.79253891572732,5.5689747718733225,8.729200214707461,1.6170155662909287,3.7372517444981215,11.533816425120772,0.630703166935051
171,45.54482018250134,22.73886205045625,5.542136339237788,8.702361782071927,1.6170155662909287,3.7372517444981215,11.486849168008588,0.630703166935051
172,45.289855072463766,21.960547504025765,5.4616210413311865,9.903381642512077,1.6170155662909287,3.7372517444981215,11.399624261943103,0.630703166935051
173,45.44417606011809,21.91358024691358,5.4616210413311865,9.896672034353195,1.6170155662909287,3.717122920021471,11.3191089640365,0.630703166935051
174,45.67901234567901,21.826355340848096,5.448201825013419,9.809447128287708,1.6170155662909287,3.7104133118625873,11.2788513150832,0.630703166935051
175,45.95410628019324,21.638486312399355,5.448201825013419,9.769189479334408,1.6170155662909287,3.7104133118625873,11.231884057971014,0.630703166935051
176,44.585346215781,23.26892109500805,5.448201825013419,9.621578099838969,1.6170155662909287,3.670155662909286,11.158078368223295,0.630703166935051
177,44.920826623725176,23.1682769726248,5.448201825013419,9.41358024691358,1.6170155662909287,3.670155662909286,11.131239935587761,0.630703166935051
178,45.10198604401503,23.07434245840043,5.441492216854535,9.41358024691358,1.6170155662909287,3.656736446591519,11.064143853998926,0.630703166935051
179,45.1154052603328,23.027375201288244,5.441492216854535,9.346484165324744,1.6170155662909287,3.784219001610306,11.064143853998926,0.6038647342995169
180,45.32340311325819,22.926731078904993,5.421363392377885,9.346484165324744,1.6170155662909287,3.784219001610306,10.976918947933441,0.6038647342995169
181,45.531400966183575,22.879763821792807,5.421363392377885,9.25925925925926,1.6170155662909287,3.770799785292539,10.916532474503489,0.6038647342995169
182,45.309983896940416,22.745571658615138,6.608964036500268,8.722490606548577,1.6170155662909287,3.7640901771336552,10.641438539989265,0.5904455179817498
183,45.63875469672571,22.69860440150295,6.588835212023618,8.61513687600644,1.596886741814278,3.743961352657005,10.527375201288244,0.5904455179817498
184,43.4447128287708,21.886741814278047,6.588835212023618,8.333333333333334,1.596886741814278,4.253891572732153,13.305152979066023,0.5904455179817498
185,43.625872249060656,21.792807300053678,6.541867954911433,8.299785292538916,1.596886741814278,4.253891572732153,13.298443370907139,0.5904455179817498
186,43.01529790660226,23.181696188942567,6.541867954911433,8.259527643585615,1.583467525496511,4.253891572732153,12.573805689747719,0.5904455179817498
187,43.21658615136876,23.11460010735373,6.4412238325281805,8.225979602791197,1.583467525496511,4.2203435319377345,11.90955448201825,1.288244766505636
188,43.263553408480945,22.946859903381643,6.421095008051529,8.185721953837897,1.583467525496511,4.461889425657541,11.855877616747183,1.2815351583467525
189,43.41116478797638,22.933440687063875,6.407675791733762,8.145464304884594,1.5633387010198605,4.455179817498658,11.802200751476114,1.2815351583467525
190,43.605743424584006,22.899892646269457,6.374127750939345,8.105206655931294,1.5633387010198605,4.42163177670424,11.768652710681696,1.261406333870102
191,43.73322597960279,22.81266774020397,6.374127750939345,8.105206655931294,1.5633387010198605,4.414922168545357,11.768652710681696,1.2278582930756843
192,44.015029522275896,22.705314009661837,6.360708534621578,8.038110574342458,1.5633387010198605,4.414922168545357,11.674718196457327,1.2278582930756843
193,44.20960815888352,22.644927536231883,6.360708534621578,7.98443370907139,1.5633387010198605,4.394793344068707,11.614331723027375,1.2278582930756843
194,44.51154052603328,22.57783145464305,6.327160493827161,7.944176060118089,1.5432098765432098,4.394793344068707,11.500268384326356,1.2010198604401503
195,44.68599033816425,22.52415458937198,6.327160493827161,7.890499194847021,1.5432098765432098,4.394793344068707,11.446591519055287,1.1876006441223832
196,44.46457326892109,22.510735373054214,6.3137412775093935,8.836553945249598,1.5230810520665594,4.025764895330113,11.265432098765432,1.0601180891035964
197,44.22973698336017,22.32957595276436,7.763016639828234,7.971014492753623,1.5230810520665594,3.8714439076757916,11.252012882447666,1.0601180891035964
198,44.24986580783682,22.114868491680085,7.75630703166935,7.930756843800322,1.5230810520665594,4.260601180891036,11.218464841653248,0.9460547504025765
199,43.853998926462694,21.531132581857218,7.75630703166935,7.796564680622652,1.3620504562533549,5.662909286097692,11.117820719269995,0.9192163177670424
200,44.02173913043478,21.4170692431562,7.75630703166935,7.7831454643048845,1.3620504562533549,5.649490069779925,11.09098228663446,0.9192163177670424
201,44.24315619967794,21.3768115942029,7.6556629092860975,7.769726247987117,1.3620504562533549,5.609232420826624,11.064143853998926,0.9192163177670424
202,44.41089640365003,21.36339237788513,7.601986044015029,7.722758990874933,1.3620504562533549,5.5689747718733225,11.057434245840042,0.9125067096081588
203,44.65915190552872,21.26945786366076,7.595276435856146,7.709339774557166,1.3620504562533549,5.508588298443371,10.983628556092324,0.9125067096081588
204,44.75979602791197,21.155394524959743,7.4141170155662905,7.6556629092860975,1.6706924315619969,5.448201825013419,10.983628556092324,0.9125067096081588
205,44.93424584004294,21.101717659688674,7.380568974771873,7.6556629092860975,1.6706924315619969,5.448201825013419,10.896403650026839,0.9125067096081588
206,45.17579173376275,20.974235104669887,7.333601717659689,7.64224369296833,1.6706924315619969,5.434782608695652,10.856146001073537,0.9125067096081588
207,45.269726247987116,20.947396672034355,7.333601717659689,7.615405260332796,1.6706924315619969,5.434782608695652,10.815888352120236,0.9125067096081588
208,45.25630703166935,20.77294685990338,7.769726247987117,7.5281803542673105,1.6706924315619969,5.347557702630167,10.755501878690284,0.8990874932903918
209,45.511272141706925,20.699141170155663,7.716049382716049,7.4141170155662905,1.6706924315619969,5.3341384863123995,10.755501878690284,0.8990874932903918
210,45.67901234567901,20.598497047772412,7.682501341921632,7.407407407407407,1.6706924315619969,5.3341384863123995,10.72866344605475,0.8990874932903918
211,45.772946859903385,20.544820182501343,7.6556629092860975,7.407407407407407,1.6572732152442298,5.3341384863123995,10.72866344605475,0.8990874932903918
212,46.14868491680086,20.48443370907139,7.588566827697263,7.333601717659689,1.6304347826086956,5.24020397208803,10.674986580783683,0.8990874932903918
213,46.35668276972625,20.44417606011809,7.561728395061729,7.246376811594203,1.6304347826086956,5.233494363929147,10.628019323671497,0.8990874932903918
214,46.24932903918411,20.679012345679013,7.494632313472893,7.232957595276436,1.6304347826086956,5.233494363929147,10.587761674718196,0.8923778851315083
215,45.853462157809986,20.202630166398283,7.380568974771873,7.226247987117552,1.6304347826086956,6.239935587761675,10.57434245840043,0.8923778851315083
216,45.98094471282877,20.142243692968332,7.37385936661299,7.219538378958669,1.6304347826086956,6.213097155126141,10.547504025764896,0.8923778851315083
217,46.19565217391305,20.12211486849168,7.326892109500805,7.212828770799785,1.6304347826086956,6.132581857219538,10.487117552334944,0.8923778851315083
218,46.256038647343,20.108695652173914,7.306763285024155,7.192699946323135,1.6304347826086956,6.132581857219538,10.48040794417606,0.8923778851315083
219,46.43719806763285,20.055018786902846,7.2933440687063875,7.326892109500805,1.6170155662909287,6.0654857756307035,10.312667740203972,0.8923778851315083
220,46.524422973698336,20.055018786902846,7.286634460547504,7.306763285024155,1.6035963499731616,6.018518518518518,10.312667740203972,0.8923778851315083
221,46.772678475577024,19.94766505636071,7.246376811594203,7.273215244229737,1.583467525496511,6.011808910359635,10.272410091250672,0.8923778851315083
222,47.22222222222222,19.867149758454108,6.951154052603328,7.253086419753086,1.583467525496511,6.011808910359635,10.238862050456254,0.8722490606548577
223,47.457058507783145,19.706119162640903,6.944444444444445,7.226247987117552,1.583467525496511,5.971551261406334,10.238862050456254,0.8722490606548577
224,47.66505636070853,19.672571121846484,6.944444444444445,7.159151905528717,1.583467525496511,5.917874396135265,10.185185185185185,0.8722490606548577
225,47.84621578099839,19.632313472893184,6.857219538378959,7.14573268921095,1.583467525496511,5.917874396135265,10.178475577026301,0.8387010198604401
226,47.96698872785829,19.612184648416534,6.816961889425658,7.132313472893183,1.583467525496511,5.884326355340848,10.165056360708535,0.8387010198604401
227,48.29575952764358,19.57192699946323,6.776704240472356,6.937734836285561,1.583467525496511,5.870907139023081,10.124798711755233,0.8387010198604401
228,48.429951690821255,19.55179817498658,6.769994632313473,6.910896403650026,1.583467525496511,5.803811057434245,10.111379495437467,0.8387010198604401
229,48.55743424584004,19.49141170155663,6.736446591519055,6.910896403650026,1.583467525496511,5.770263016639828,10.111379495437467,0.8387010198604401
230,47.73215244229737,19.45786366076221,6.233225979602791,6.421095008051529,1.5767579173376274,5.730005367686527,11.876006441223833,0.9728931830381106
231,47.839506172839506,19.43102522812668,6.233225979602791,6.367418142780462,1.5767579173376274,5.730005367686527,11.849168008588299,0.9728931830381106
232,47.98040794417606,19.363929146537842,6.206387546967257,6.367418142780462,1.5767579173376274,5.730005367686527,11.802200751476114,0.9728931830381106
233,48.148148148148145,19.290123456790123,6.179549114331723,6.333870101986044,1.5767579173376274,5.71658615136876,11.782071926999464,0.9728931830381106
234,48.32259796027912,19.209608158883523,6.273483628556092,6.333870101986044,1.5297906602254427,5.703166935050993,11.654589371980677,0.9728931830381106
235,47.98040794417606,19.068706387546968,6.226516371443908,6.333870101986044,1.5163714439076759,5.703166935050993,12.211486849168008,0.9594739667203436
236,48.047504025764894,19.061996779388085,6.213097155126141,6.333870101986044,1.5163714439076759,5.703166935050993,12.164519592055823,0.9594739667203436
237,48.17498658078368,19.02173913043478,6.166129898013956,6.333870101986044,1.5163714439076759,5.703166935050993,12.130971551261407,0.95276435856146
238,48.268921095008054,19.008319914117017,6.132581857219538,6.333870101986044,1.5163714439076759,5.703166935050993,12.084004294149223,0.95276435856146
239,48.43666129898014,18.98148148148148,6.038647342995169,6.286902844873859,1.5163714439076759,5.703166935050993,12.084004294149223,0.95276435856146
240,48.64465915190553,18.887546967257112,6.038647342995169,6.273483628556092,1.5029522275899088,5.683038110574342,12.016908212560386,0.95276435856146
241,48.7385936661299,18.887546967257112,5.998389694041868,6.273483628556092,1.5029522275899088,5.662909286097692,11.98336017176597,0.95276435856146
242,48.84594739667203,18.874127750939344,5.998389694041868,6.273483628556092,1.5029522275899088,5.629361245303274,11.936392914653783,0.9393451422436929
243,49.08749329039184,18.84728931830381,5.9447128287707995,6.246645195920558,1.5029522275899088,5.5689747718733225,11.862587224906065,0.9393451422436929
244,49.121041331186255,18.840579710144926,5.938003220611916,6.226516371443908,1.5029522275899088,5.5689747718733225,11.862587224906065,0.9393451422436929
245,49.19484702093398,18.659420289855074,5.911164787976382,6.199677938808374,1.5029522275899088,5.750134192163178,11.842458400429415,0.9393451422436929
246,49.302200751476114,18.625872249060656,5.911164787976382,6.1862587224906065,1.4895330112721417,5.703166935050993,11.842458400429415,0.9393451422436929
247,49.543746645195924,18.46484165324745,5.911164787976382,6.159420289855072,1.4895330112721417,5.703166935050993,11.788781535158346,0.9393451422436929
248,49.624261943102525,18.451422436929683,5.911164787976382,6.159420289855072,1.4895330112721417,5.703166935050993,11.728395061728396,0.9326355340848095
249,49.82555018786903,18.344068706387546,5.870907139023081,6.159420289855072,1.4895330112721417,5.703166935050993,11.674718196457327,0.9326355340848095
250,49.92619431025228,18.283682232957595,5.756843800322061,6.139291465378422,1.4895330112721417,5.83064949006978,11.641170155662909,0.9326355340848095
251,49.97987117552335,18.283682232957595,5.736714975845411,6.139291465378422,1.4895330112721417,5.83064949006978,11.60762211486849,0.9326355340848095
252,50.2012882447665,18.250134192163177,5.6964573268921095,6.119162640901771,1.4895330112721417,5.783682232957595,11.52710681696189,0.9326355340848095
253,50.34219001610306,18.169618894256576,5.676328502415459,6.119162640901771,1.482823403113258,5.750134192163178,11.52710681696189,0.9326355340848095
254,50.597155126140635,18.02871712292002,5.676328502415459,6.099033816425121,1.482823403113258,5.743424584004294,11.473429951690822,0.8990874932903918
255,50.83870101986044,17.98845947396672,5.636070853462158,6.072195383789587,1.482823403113258,5.676328502415459,11.406333870101985,0.8990874932903918
256,50.95276435856146,17.98845947396672,5.636070853462158,6.038647342995169,1.4694041867954912,5.656199677938808,11.3593666129898,0.8990874932903918
257,51.05340848094471,17.98845947396672,5.595813204508857,6.038647342995169,1.4694041867954912,5.629361245303274,11.332528180354267,0.8923778851315083
258,51.25469672571122,17.98845947396672,5.5756843800322065,5.984970477724101,1.4626945786366077,5.629361245303274,11.211755233494364,0.8923778851315083
259,51.368760064412236,17.96833064949007,5.5756843800322065,5.931293612453032,1.4626945786366077,5.615942028985507,11.18491680085883,0.8923778851315083
260,51.51637144390767,17.941492216854535,5.5756843800322065,5.904455179817498,1.4626945786366077,5.555555555555555,11.151368760064413,0.8923778851315083
261,51.57675791733763,17.914653784219002,5.555555555555555,5.897745571658615,1.4626945786366077,5.542136339237788,11.023886205045626,1.0265700483091786
262,51.39559849704777,17.887815351583466,5.877616747181965,5.897745571658615,1.4626945786366077,5.4616210413311865,10.990338164251208,1.0265700483091786
263,51.731078904991946,17.85426731078905,5.837359098228664,5.850778314546431,1.4626945786366077,5.441492216854535,10.795759527643586,1.0265700483091786
264,51.86527106816962,17.834138486312398,5.763553408480945,5.850778314546431,1.4626945786366077,5.401234567901234,10.795759527643586,1.0265700483091786
265,51.98604401502952,17.834138486312398,5.763553408480945,5.83064949006978,1.4626945786366077,5.340848094471283,10.755501878690284,1.0265700483091786
266,50.93263553408481,17.76033279656468,5.233494363929147,5.783682232957595,1.4559849704777241,5.3274288781535155,12.493290391841116,1.0131508319914118
267,51.06682769726248,17.68652710681696,5.233494363929147,5.783682232957595,1.4224369296833066,5.307300053676865,12.486580783682234,1.0131508319914118
268,50.959473966720346,17.67981749865808,5.193236714975845,5.783682232957595,1.8384326355340848,5.065754159957058,12.466451959205582,1.0131508319914118
269,50.959473966720346,17.659688674181428,5.193236714975845,5.783682232957595,1.8384326355340848,5.3274288781535155,12.31213097155126,0.9259259259259259
270,51.12050456253355,17.632850241545892,5.12614063338701,5.776972624798712,1.8183038110574343,5.3274288781535155,12.27187332259796,0.9259259259259259
271,51.33521202361782,17.632850241545892,5.119431025228127,5.763553408480945,1.7847557702630166,5.2066559312936125,12.23161567364466,0.9259259259259259
272,51.368760064412236,17.62614063338701,5.119431025228127,5.736714975845411,1.7847557702630166,5.2066559312936125,12.23161567364466,0.9259259259259259
273,51.348631239935585,17.51207729468599,5.0791733762748255,5.736714975845411,1.778046162104133,5.414653784219001,12.204777241009126,0.9259259259259259
274,51.44927536231884,17.51207729468599,5.052334943639291,5.689747718733226,1.778046162104133,5.401234567901234,12.191358024691358,0.9259259259259259
275,51.45598497047772,17.51207729468599,5.052334943639291,5.689747718733226,1.778046162104133,5.401234567901234,12.184648416532475,0.9259259259259259
276,51.549919484702095,17.478529253891573,5.045625335480408,5.689747718733226,1.778046162104133,5.387815351583468,12.144390767579173,0.9259259259259259
277,51.75791733762748,17.478529253891573,4.9651100375738055,5.669618894256575,1.778046162104133,5.3274288781535155,12.097423510466989,0.9259259259259259
278,51.898819108964034,17.47181964573269,4.9651100375738055,5.642780461621041,1.778046162104133,5.3274288781535155,12.016908212560386,0.8990874932903918
279,52.16720343531938,17.438271604938272,4.904723564143854,5.642780461621041,1.778046162104133,5.320719269994632,11.849168008588299,0.8990874932903918
280,52.22758990874933,17.418142780461622,4.891304347826087,5.642780461621041,1.778046162104133,5.293880837359098,11.849168008588299,0.8990874932903918
281,52.42887815351583,17.398013955984972,4.851046698872786,5.642780461621041,1.724369296833065,5.253623188405797,11.802200751476114,0.8990874932903918
282,52.442297369833604,17.398013955984972,4.8376274825550185,5.60252281266774,1.724369296833065,5.307300053676865,11.788781535158346,0.8990874932903918
283,52.73081052066559,17.277241009125067,4.830917874396135,5.562265163714439,1.724369296833065,5.233494363929147,11.741814278046162,0.8990874932903918
284,52.71739130434783,17.176596886741816,4.810789049919484,5.535426731078905,1.724369296833065,5.199946323134729,11.936392914653783,0.8990874932903918
285,52.79119699409554,17.16988727858293,4.797369833601718,5.535426731078905,1.724369296833065,5.186527106816962,11.916264090177133,0.8789586688137413
286,52.99248523886205,17.08937198067633,4.797369833601718,5.515297906602254,1.724369296833065,5.173107890499195,11.829039184111648,0.8789586688137413
287,52.99919484702093,17.042404723564143,4.770531400966184,5.488459473966721,1.724369296833065,5.273752012882448,11.822329575952764,0.8789586688137413
288,53.06629092860977,17.028985507246375,4.770531400966184,5.488459473966721,1.724369296833065,5.260332796564681,11.668008588298443,0.9930220075147611
