,45,50,51,56,52,55,53,54,57,58,59,60,61,46
0,87.3792270531401,12.620772946859903,,,,,,,,,,,,
1,85.81588835212024,9.151905528717123,5.01207729468599,0.020128824476650563,,,,,,,,,,
2,83.20585077831454,11.064143853998926,3.1468062265163717,0.020128824476650563,2.3617820719269993,0.20128824476650564,,,,,,,,
3,70.78636607622114,23.409822866344605,3.1468062265163717,0.020128824476650563,2.3483628556092326,0.2885131508319914,,,,,,,,
4,70.55823939881911,23.423242082662373,3.2206119162640903,0.020128824476650563,2.3483628556092326,0.4294149221685454,,,,,,,,
5,60.96349973161568,32.91733762748255,3.2206119162640903,0.020128824476650563,2.3483628556092326,0.5300590445517982,,,,,,,,
6,56.22651637144391,28.24074074074074,12.567096081588835,0.020128824476650563,2.3483628556092326,0.5971551261406334,,,,,,,,
7,56.20638754696726,28.153515834675254,12.567096081588835,0.020128824476650563,2.3483628556092326,0.7045088566827697,,,,,,,,
8,56.03864734299517,28.18035426731079,12.567096081588835,0.020128824476650563,2.3483628556092326,0.8454106280193237,,,,,,,,
9,40.53945249597424,32.15915190552872,23.74530327428878,0.11406333870101985,2.3483628556092326,1.0131508319914118,0.08051529790660225,,,,,,,
10,40.41196994095545,32.33360171765969,23.67149758454106,0.14090177133655393,2.3483628556092326,1.0131508319914118,0.08051529790660225,,,,,,,
11,40.25093934514224,32.31347289318304,23.429951690821255,0.4227053140096618,2.3483628556092326,1.1540526033279657,0.08051529790660225,,,,,,,
12,40.29119699409554,32.09205582393988,23.315888352120236,0.4495437466451959,2.4020397208803006,1.3419216317767042,0.10735373054213634,,,,,,,
13,40.09661835748792,32.23295759527644,23.275630703166936,0.47638217928073,2.4020397208803006,1.3821792807300053,0.13419216317767044,,,,,,,
14,37.35909822866345,28.093129361245303,30.293880837359097,0.5568974771873323,2.4020397208803006,1.1607622114868492,0.13419216317767044,,,,,,,
15,33.272946859903385,34.0378421900161,30.20665593129361,0.5568974771873323,0.35560923242082665,1.2815351583467525,0.2885131508319914,,,,,,,
16,26.610305958132045,40.78770799785293,29.71014492753623,0.7648953301127214,0.35560923242082665,1.482823403113258,0.2885131508319914,,,,,,,
17,26.623725174449813,40.371712292002144,29.60950080515298,0.7648953301127214,0.35560923242082665,1.7646269457863661,0.2885131508319914,0.2214170692431562,,,,,,
18,26.100375738056897,34.12506709608159,36.64117015566291,0.8588298443370908,0.03354804079441761,1.751207729468599,0.36231884057971014,0.1274825550187869,,,,,,
19,25.95276435856146,34.07809983896941,36.600912506709605,1.0131508319914118,0.03354804079441761,1.7914653784219001,0.36231884057971014,0.16774020397208803,,,,,,
20,25.664251207729468,33.46081588835212,36.8491680085883,1.3083735909822867,0.03354804079441761,2.15378421900161,0.36231884057971014,0.16774020397208803,,,,,,
21,25.15432098765432,33.702361782071925,36.81561996779388,1.3083735909822867,0.03354804079441761,2.301395598497048,0.5166398282340311,0.16774020397208803,,,,,,
22,25.107353730542137,33.541331186258724,36.37278582930757,1.6103059581320451,0.03354804079441761,2.6502952227589907,0.5166398282340311,0.16774020397208803,,,,,,
23,24.993290391841118,33.65539452495974,36.11782071926999,1.8518518518518519,0.03354804079441761,2.6637144390767578,0.5166398282340311,0.16774020397208803,,,,,,
24,24.89935587761675,33.61513687600644,36.16478797638218,1.8719806763285025,0.03354804079441761,2.7308105206655933,0.5166398282340311,0.16774020397208803,,,,,,
25,20.719269994632313,36.91626409017714,36.03730542136339,1.9457863660762211,0.11406333870101985,3.656736446591519,0.4428341384863124,0.16774020397208803,,,,,,
26,20.74610842726785,36.75523349436393,36.05072463768116,1.9457863660762211,0.11406333870101985,3.69699409554482,0.4428341384863124,0.24825550187869028,,,,,,
27,20.893719806763286,36.33252818035427,36.04401502952228,1.9457863660762211,0.11406333870101985,3.8311862587224907,0.4428341384863124,0.36902844873859364,0.026838432635534086,,,,,
28,20.779656468062264,34.74235104669887,32.729468599033815,2.100107353730542,5.636070853462158,3.1199677938808374,0.4428341384863124,0.36902844873859364,0.08051529790660225,,,,,
29,20.853462157809982,34.58803005904455,32.689210950080515,1.9860440150295222,5.636070853462158,3.260869565217391,0.4428341384863124,0.46296296296296297,0.08051529790660225,,,,,
30,20.96081588835212,34.366612989801396,32.6154052603328,2.046430488459474,5.535426731078905,3.3548040794417604,0.4428341384863124,0.46296296296296297,0.2147074610842727,,,,,
31,21.061460010735374,33.59500805152979,35.31266774020397,1.7042404723564144,3.965378421900161,3.3548040794417604,0.30193236714975846,0.46296296296296297,0.24154589371980675,,,,,
32,21.007783145464305,31.796833064949006,34.70880300590446,1.7042404723564144,5.407944176060118,3.6768652710681695,1.1137949543746646,0.3421900161030596,0.24154589371980675,,,,,
33,19.524959742351047,30.01207729468599,38.21121846484165,1.570048309178744,4.488727858293076,3.670155662909286,1.9524959742351047,0.3421900161030596,0.2281266774020397,,,,,
34,19.35721953837896,29.898013955984972,38.378958668813745,1.4358561460010735,4.441760601180891,3.7372517444981215,1.9524959742351047,0.5166398282340311,0.28180354267310787,,,,,
35,18.773483628556093,30.401234567901234,38.21121846484165,1.4761137949543746,4.441760601180891,3.9452495974235107,1.9524959742351047,0.5166398282340311,0.28180354267310787,,,,,
36,18.94122383252818,30.307300053676865,38.077026301663984,1.4761137949543746,4.441760601180891,3.911701556629093,1.9524959742351047,0.6105743424584005,0.28180354267310787,,,,,
37,18.625872249060656,30.12614063338701,39.51959205582394,1.1003757380568975,4.42163177670424,4.05931293612453,1.2546967257112185,0.6105743424584005,0.28180354267310787,,,,,
38,18.65271068169619,29.938271604938272,39.452495974235106,1.1406333870101986,4.414922168545357,4.253891572732153,1.2546967257112185,0.6105743424584005,0.28180354267310787,,,,,
39,17.518786902844873,26.50295222758991,45.13553408480945,1.133923778851315,3.0193236714975846,4.106280193236715,1.5633387010198605,0.6105743424584005,0.28180354267310787,0.1274825550187869,,,,
40,15.539452495974235,23.32259796027912,51.69753086419753,1.1674718196457328,1.9592055823939882,3.911701556629093,1.5633387010198605,0.5837359098228664,0.1274825550187869,0.1274825550187869,,,,
41,14.687332259796028,20.611916264090176,55.55555555555556,1.107085346215781,1.9122383252818036,3.670155662909286,1.596886741814278,0.5837359098228664,0.1274825550187869,0.14761137949543746,,,,
42,14.841653247450349,20.46430488459474,55.14626945786366,1.221148684916801,1.9122383252818036,3.864734299516908,1.596886741814278,0.6776704240472357,0.1274825550187869,0.14761137949543746,,,,
43,14.942297369833602,19.93424584004294,50.60386473429951,1.1808910359634996,6.910896403650026,3.784219001610306,1.596886741814278,0.7716049382716049,0.1274825550187869,0.14761137949543746,,,,
44,14.97584541062802,19.920826623725173,50.4898013955985,1.288244766505636,6.816961889425658,3.784219001610306,1.596886741814278,0.7716049382716049,0.20799785292538917,0.14761137949543746,,,,
45,14.626945786366075,16.35131508319914,57.85024154589372,1.0466988727858293,5.166398282340311,3.3480944712828773,0.6575415995705851,0.644122383252818,0.2885131508319914,0.020128824476650563,,,,
46,14.325013419216317,16.364734299516908,57.06521739130435,1.1674718196457328,5.320719269994632,4.072732152442297,0.6575415995705851,0.7179280730005367,0.2885131508319914,0.020128824476650563,,,,
47,14.204240472356414,16.364734299516908,56.89076757917338,1.1943102522812667,5.320719269994632,4.341116478797638,0.6575415995705851,0.7179280730005367,0.2885131508319914,0.020128824476650563,,,,
48,14.17740203972088,16.19699409554482,56.15271068169619,1.8115942028985508,5.139559849704777,4.602791196994096,0.7313472893183038,0.8185721953837896,0.3488996242619431,0.020128824476650563,,,,
49,14.217659688674182,16.170155662909288,55.81723027375201,1.9994632313472893,5.12614063338701,4.669887278582931,0.7313472893183038,0.8185721953837896,0.3488996242619431,0.10064412238325282,,,,
50,13.687600644122384,38.34541062801932,39.472624798711756,1.778046162104133,0.8588298443370908,4.461889425657541,0.7112184648416533,0.6642512077294686,,0.020128824476650563,,,,
51,13.16425120772947,37.47987117552335,40.485775630703166,1.9122383252818036,0.8588298443370908,4.656468062265164,0.7112184648416533,0.7112184648416533,,0.020128824476650563,,,,
52,13.070316693505099,36.922973698336016,39.91545893719807,2.187332259796028,0.8588298443370908,5.60252281266774,0.7112184648416533,0.7112184648416533,,0.020128824476650563,,,,
53,13.251476113794954,36.79549114331723,39.62694578636608,2.24771873322598,0.8588298443370908,5.776972624798712,0.7112184648416533,0.7112184648416533,,0.020128824476650563,,,,
54,13.285024154589372,34.77589908749329,38.55340848094471,2.314814814814815,3.1870638754696725,5.421363392377885,0.7112184648416533,1.7310789049919484,,0.020128824476650563,,,,
55,13.372249060654857,34.54106280193237,38.37224906065486,2.4490069779924855,3.0931293612453032,5.58239398819109,0.7179280730005367,1.8518518518518519,,0.020128824476650563,,,,
56,13.003220611916264,29.381374127750938,34.594739667203434,1.9457863660762211,14.465915190552872,5.267042404723564,0.2952227589908749,0.9393451422436929,0.10735373054213634,,,,,
57,9.789318303811058,35.40660225442834,33.36688137412775,1.9726247987117553,13.754696725711218,4.4753086419753085,0.2952227589908749,0.6977992485238862,0.24154589371980675,,,,,
58,9.796027911969942,35.14492753623188,33.299785292538914,2.254428341384863,13.560118089103597,4.7101449275362315,0.2952227589908749,0.6977992485238862,0.24154589371980675,,,,,
59,9.017713365539452,33.10520665593129,34.88325281803543,1.8115942028985508,16.056092324208265,4.079441760601181,0.2952227589908749,0.6977992485238862,0.05367686527106817,,,,,
60,8.279656468062266,29.770531400966185,37.86231884057971,1.596886741814278,17.780461621041333,3.6097691894793345,0.2952227589908749,0.5568974771873323,0.24825550187869028,,,,,
61,8.145464304884594,28.629898013955984,35.72195383789587,1.570048309178744,21.101717659688674,3.6231884057971016,0.4025764895330113,0.5568974771873323,0.24825550187869028,,,,,
62,8.232689210950081,28.535963499731615,35.61460010735373,1.6706924315619969,17.559044551798173,3.683574879227053,3.9452495974235107,0.5568974771873323,0.20128824476650564,,,,,
63,8.3064949006978,28.482286634460547,35.43344068706388,1.932367149758454,17.458400429414922,3.589640365002684,4.03918411164788,0.5568974771873323,0.20128824476650564,,,,,
64,8.36688137412775,27.891841116478798,35.138217928073,2.100107353730542,17.351046698872786,4.260601180891036,4.025764895330113,0.5568974771873323,0.30864197530864196,,,,,
65,8.3064949006978,27.77777777777778,29.47530864197531,2.0933977455716586,22.98040794417606,4.334406870638754,4.025764895330113,0.5568974771873323,0.4495437466451959,,,,,
66,8.266237251744498,27.012882447665056,31.42109500805153,1.9726247987117553,21.866612989801396,4.461889425657541,4.025764895330113,0.5233494363929146,0.4495437466451959,,,,,
67,7.6623725174449815,27.274557165861513,31.280193236714975,1.9524959742351047,20.33011272141707,4.542404723564144,4.025764895330113,2.2946859903381642,0.6374127750939346,,,,,
68,7.709339774557166,26.972624798711756,31.132581857219538,2.871712292002147,20.209339774557165,4.7168545356951155,3.33467525496511,2.3886205045625335,0.6642512077294686,,,,,
69,7.212828770799785,26.84514224369297,25.89237788513151,2.6301663982823404,20.987654320987655,4.334406870638754,9.057971014492754,2.3886205045625335,0.6508319914117016,,,,,
70,6.749865807836822,22.041062801932366,24.792002147074612,2.4355877616747184,17.57246376811594,3.9855072463768115,21.26945786366076,0.6843800322061192,0.46296296296296297,0.0067096081588835215,,,,
71,6.776704240472356,21.87332259796028,24.530327428878152,2.6972624798711755,17.223564143854,3.8915727321524423,21.32313472893183,0.8856682769726248,0.7917337627482555,0.0067096081588835215,,,,
72,5.8172302737520125,21.511003757380568,24.00697799248524,2.999194847020934,18.67283950617284,3.9989264626945786,20.853462157809982,0.8856682769726248,0.7917337627482555,0.46296296296296297,,,,
73,5.891035963499732,21.470746108427267,23.872785829307567,3.1736446591519054,18.605743424584006,3.9989264626945786,20.853462157809982,0.8856682769726248,0.785024154589372,0.46296296296296297,,,,
74,5.8239398819108965,21.450617283950617,22.946859903381643,2.9723564143853998,18.451422436929683,3.9989264626945786,21.947128287707997,0.8856682769726248,0.9057971014492754,0.6172839506172839,,,,
75,5.897745571658615,21.202361782071925,22.893183038110575,2.932098765432099,18.377616747181964,4.394793344068707,21.812936124530328,0.8856682769726248,0.9594739667203436,0.644122383252818,,,,
76,5.897745571658615,21.101717659688674,22.81266774020397,2.999194847020934,18.364197530864196,4.49543746645196,21.71900161030596,0.8856682769726248,1.0802469135802468,0.644122383252818,,,,
77,5.991680085882985,20.994363929146537,22.108158883521202,3.502415458937198,18.968062265163713,4.575952764358561,21.584809447128286,0.8856682769726248,0.630703166935051,0.7581857219538379,,,,
78,5.964841653247451,20.759527643585614,21.651905528717123,3.9452495974235107,18.98148148148148,4.790660225442834,21.524422973698336,0.8789586688137413,0.6776704240472357,0.8252818035426731,,,,
79,5.991680085882985,20.759527643585614,21.66532474503489,3.9452495974235107,18.773483628556093,4.790660225442834,21.490874932903917,0.8789586688137413,0.8789586688137413,0.8252818035426731,,,,
80,6.018518518518518,20.598497047772412,21.450617283950617,4.146537842190016,18.679549114331724,4.904723564143854,21.36339237788513,1.0064412238325282,0.8789586688137413,0.95276435856146,,,,
81,6.152710681696189,20.44417606011809,21.410359634997317,4.200214707461084,18.53864734299517,4.99194847020934,21.24932903918411,1.0064412238325282,0.9393451422436929,1.06682769726248,,,,
82,5.904455179817498,20.081857219538378,21.77938808373591,4.327697262479871,18.00858829844337,5.0791733762748255,21.79951690821256,0.8789586688137413,0.9930220075147611,1.1473429951690821,,,,
83,5.964841653247451,19.94766505636071,21.74584004294149,4.394793344068707,16.961889425657542,5.347557702630167,22.477187332259795,0.8789586688137413,1.1205045625335481,1.1607622114868492,,,,
84,5.709876543209877,19.008319914117017,24.89935587761675,4.086151368760064,16.09634997316157,5.387815351583468,21.67874396135266,0.798443370907139,1.1741814278046163,1.1607622114868492,,,,
85,5.837359098228664,18.867418142780462,24.724906065485776,4.2270531400966185,16.015834675254965,5.475040257648954,21.296296296296298,0.798443370907139,1.3150831991411702,1.442565754159957,,,,
86,5.850778314546431,15.613258185721953,24.436392914653783,4.193505099302201,15.009393451422437,4.636339237788513,20.73268921095008,6.843800322061192,1.2681159420289856,1.415727321524423,,,,
87,5.964841653247451,15.526033279656469,24.382716049382715,4.3478260869565215,14.908749329039184,4.669887278582931,20.564949006977994,6.857219538378959,1.3620504562533549,1.415727321524423,,,,
88,6.125872249060655,15.432098765432098,23.872785829307567,4.233762748255502,14.741009125067096,5.2066559312936125,20.73268921095008,6.863929146537842,1.3419216317767042,1.402308105206656,0.04696725711218465,,,
89,5.743424584004294,19.41760601180891,23.577563070316693,4.193505099302201,13.063607085346217,4.139828234031133,20.26972624798712,5.998389694041868,1.2681159420289856,1.4090177133655395,0.9192163177670424,,,
90,5.018786902844874,11.191626409017713,41.02254428341385,4.146537842190016,12.47987117552335,3.421900161030596,19.008319914117017,0.9259259259259259,1.3083735909822867,1.4761137949543746,,,,
91,5.139559849704777,11.191626409017713,40.264358561460014,4.30756843800322,13.009930220075148,3.421900161030596,18.800322061191626,0.9259259259259259,1.3083735909822867,1.6304347826086956,,,,
92,5.193236714975845,11.097691894793345,39.86849168008588,4.622920021470746,12.915995705850777,3.44873859366613,18.793612453032743,1.0131508319914118,1.415727321524423,1.6304347826086956,,,,
93,5.146269457863661,11.097691894793345,39.351851851851855,5.293880837359098,12.889157273215245,3.44873859366613,18.719806763285025,1.0131508319914118,1.415727321524423,1.6237251744498122,,,,
94,5.226784755770263,11.09098228663446,39.18411164787977,5.273752012882448,12.842190016103059,3.44873859366613,18.719806763285025,1.133923778851315,1.4559849704777241,1.6237251744498122,,,,
95,4.770531400966184,11.084272678475577,50.66425120772947,4.528985507246377,9.145195920558239,3.3145464304884595,13.197799248523886,0.9393451422436929,0.9796027911969941,1.3754696725711217,,,,
96,4.8443370907139025,9.232420826623725,50.47638217928073,4.62962962962963,8.635265700483092,5.844068706387547,13.103864734299517,0.9393451422436929,0.9192163177670424,1.3754696725711217,,,,
97,4.898013955984971,9.212292002147075,50.34219001610306,4.690016103059581,8.621846484165324,5.897745571658615,13.103864734299517,0.9393451422436929,0.8856682769726248,1.3754696725711217,,0.03354804079441761,,
98,4.871175523349437,9.265968867418144,49.44981213097155,4.804079441760601,8.59500805152979,5.9447128287707995,13.741277509393452,0.8990874932903918,0.9796027911969941,1.402308105206656,,0.03354804079441761,0.013419216317767043,
99,4.830917874396135,9.265968867418144,49.16129898013956,4.528985507246377,11.33923778851315,6.038647342995169,11.802200751476114,0.8990874932903918,0.9728931830381106,1.1137949543746646,,0.03354804079441761,0.013419216317767043,
100,4.918142780461621,9.245840042941492,48.78556092324208,4.5893719806763285,11.225174449812132,6.246645195920558,11.842458400429415,0.8990874932903918,1.0869565217391304,1.1137949543746646,,0.03354804079441761,0.013419216317767043,
101,4.944981213097155,8.32662372517445,48.490338164251206,4.441760601180891,16.27079978529254,2.7509393451422435,11.77536231884058,0.8990874932903918,1.0064412238325282,1.093666129898014,,,,
102,5.025496511003757,8.3064949006978,47.94015029522276,4.931561996779388,16.13660762211487,2.7509393451422435,11.668008588298443,1.0131508319914118,1.133923778851315,1.093666129898014,,,,
103,5.152979066022544,8.293075684380032,47.477187332259795,5.159688674181428,16.06280193236715,2.8784219001610305,11.533816425120772,1.0064412238325282,1.2077294685990339,1.2278582930756843,,,,
104,5.260332796564681,8.225979602791197,47.38996242619431,5.159688674181428,15.908480944712828,2.9723564143853998,11.533816425120772,0.9997316156736447,1.3217928073000538,1.2278582930756843,,,,
105,5.287171229200215,8.219269994632313,47.02093397745572,5.3341384863123995,15.908480944712828,3.1468062265163717,11.533816425120772,0.9997316156736447,1.3217928073000538,1.2278582930756843,,,,
106,5.495169082125604,8.179012345679013,46.524422973698336,5.428073000536768,15.881642512077295,3.421900161030596,11.466720343531938,0.9997316156736447,1.3754696725711217,1.2278582930756843,,,,
107,5.562265163714439,8.179012345679013,46.49087493290392,5.340848094471283,15.868223295759528,3.408480944712829,11.345947396672035,1.093666129898014,1.5230810520665594,1.1876006441223832,,,,
108,5.528717122920021,8.152173913043478,45.900429414922165,5.642780461621041,15.827965646806227,3.824476650563607,11.285560923242082,1.093666129898014,1.5230810520665594,1.221148684916801,,,,
109,5.522007514761138,8.031400966183575,45.41733762748255,5.776972624798712,15.962157809983896,4.300858829844337,11.017176596886742,1.093666129898014,1.5230810520665594,1.3553408480944713,,,,
110,5.676328502415459,7.997852925389157,45.209339774557165,5.730005367686527,15.962157809983896,4.300858829844337,11.084272678475577,1.1876006441223832,1.5163714439076759,1.3352120236178207,,,,
111,4.851046698872786,7.071926999463232,52.20746108427268,5.790391841116479,14.103596349973161,4.51556629092861,8.085077831454644,1.1876006441223832,1.3754696725711217,0.8118625872249061,,,,
112,5.025496511003757,7.0383789586688135,51.81830381105743,5.9514224369296835,13.935856146001074,4.616210413311863,8.017981749865807,1.2748255501878691,1.5163714439076759,0.8051529790660226,,,,
113,5.0858829844337095,7.024959742351046,51.20101986044015,6.427804616210413,13.707729468599034,4.85775630703167,7.997852925389157,1.2748255501878691,1.6170155662909287,0.8051529790660226,,,,
114,5.132850241545894,7.018250134192163,50.946054750402574,6.521739130434782,13.674181427804616,5.032206119162641,7.930756843800322,1.2748255501878691,1.6103059581320451,0.8588298443370908,,,,
115,5.307300053676865,7.011540526033279,50.2012882447665,6.508319914117015,13.633923778851315,5.783682232957595,7.7361782071927,1.2748255501878691,1.6975308641975309,0.8454106280193237,,,,
116,4.99194847020934,6.957863660762212,53.38835212023618,6.099033816425121,13.358829844337091,4.602791196994096,7.0450885668276975,1.1003757380568975,1.6237251744498122,0.8319914117015567,,,,
117,4.562533548040794,4.62962962962963,54.95169082125604,5.736714975845411,13.358829844337091,4.186795491143317,9.017713365539452,1.1003757380568975,1.6237251744498122,0.8319914117015567,,,,
118,4.488727858293076,4.468599033816425,48.15485775630703,6.588835212023618,19.612184648416534,4.206924315619967,8.950617283950617,1.0601180891035964,1.6371443907675791,0.8319914117015567,,,,
119,4.582662372517445,4.38137412775094,47.68518518518518,6.575415995705851,19.612184648416534,4.3478260869565215,8.950617283950617,1.2681159420289856,1.6371443907675791,0.9594739667203436,,,,
120,4.696725711218465,4.367954911433173,47.46376811594203,6.568706387546968,19.43102522812668,4.51556629092861,8.84326355340848,1.2681159420289856,1.778046162104133,1.06682769726248,,,,
121,4.730273752012883,4.367954911433173,46.5378421900161,6.66935050993022,19.33709071390231,5.508588298443371,8.709071390230811,1.2681159420289856,1.8786902844873858,0.9930220075147611,,,,
122,4.797369833601718,4.314278046162104,46.504294149221685,6.662640901771336,19.122383252818036,5.535426731078905,8.709071390230811,1.2681159420289856,2.0933977455716586,0.9930220075147611,,,,
123,4.810789049919484,4.320987654320987,44.96779388083736,6.474771873322598,19.04186795491143,7.253086419753086,8.776167471819646,1.2681159420289856,2.0933977455716586,0.9930220075147611,,,,
124,4.871175523349437,4.294149221685454,44.89398819108964,6.971282877079979,18.679549114331724,7.085346215780999,8.675523349436393,1.2681159420289856,2.13365539452496,0.9930220075147611,,0.13419216317767044,,
125,4.944981213097155,4.294149221685454,44.39747718733226,6.9243156199677935,18.63929146537842,6.729736983360172,8.57487922705314,2.2074610842726785,2.13365539452496,1.0198604401502953,,0.13419216317767044,,
126,5.065754159957058,4.253891572732153,44.08212560386473,7.179280730005368,18.47826086956522,6.877348362855609,8.514492753623188,2.301395598497048,2.0933977455716586,1.0198604401502953,,0.13419216317767044,,
127,5.186527106816962,4.159957058507783,43.84728931830381,7.212828770799785,18.51851851851852,6.837090713902308,8.3467525496511,2.301395598497048,2.3483628556092326,1.107085346215781,,0.13419216317767044,,
128,5.233494363929147,4.159957058507783,43.71309715512614,7.333601717659689,18.357487922705314,6.830381105743425,8.28636607622115,2.301395598497048,2.5161030595813205,1.133923778851315,,0.13419216317767044,,
129,4.8443370907139025,4.019055287171229,47.96027911969941,6.528448738593666,16.646537842190018,6.072195383789587,8.172302737520129,2.2208803005904456,2.24771873322598,1.1540526033279657,,0.13419216317767044,,
130,5.038915727321524,4.019055287171229,47.44363929146538,6.857219538378959,16.63311862587225,6.139291465378422,8.152173913043478,2.2208803005904456,2.2074610842726785,1.1540526033279657,,0.13419216317767044,,
131,5.24020397208803,4.019055287171229,46.99409554482018,6.971282877079979,16.6129898013956,6.253354804079442,8.11862587224906,2.1940418679549114,2.3081052066559313,1.1540526033279657,,0.13419216317767044,,
132,5.414653784219001,4.019055287171229,46.806226516371446,6.884057971014493,16.6129898013956,6.253354804079442,8.004562533548041,2.254428341384863,2.462426194310252,1.1540526033279657,,0.13419216317767044,,
133,5.428073000536768,4.019055287171229,46.62506709608159,6.984702093397746,16.552603327965645,6.421095008051529,7.98443370907139,2.254428341384863,2.442297369833602,1.1540526033279657,,0.13419216317767044,,
134,5.193236714975845,3.938539989264627,50.26167471819646,6.837090713902308,14.231078904991948,6.213097155126141,7.4006977992485234,2.4557165861513686,2.13365539452496,1.133923778851315,,0.20128824476650564,,
135,5.12614063338701,3.5762211486849167,48.29575952764358,6.561996779388084,17.14975845410628,5.931293612453032,7.387278582930757,2.408749329039184,2.2410091250670963,1.1205045625335481,,0.20128824476650564,,
136,5.320719269994632,3.5426731078904994,48.03408480944713,6.709608158883521,17.10950080515298,5.917874396135265,7.206119162640902,2.408749329039184,2.341653247450349,1.2077294685990339,,0.20128824476650564,,
137,5.407944176060118,3.5426731078904994,47.75228126677402,6.723027375201288,16.861245303274288,5.978260869565218,7.051798174986581,2.5295222758990876,2.589908749329039,1.3620504562533549,,0.20128824476650564,,
138,5.508588298443371,3.475577026301664,47.40338164251208,6.870638754696726,16.659957058507782,6.152710681696189,7.37385936661299,2.341653247450349,2.6637144390767578,1.3486312399355878,,0.20128824476650564,,
139,5.770263016639828,3.455448201825013,46.90016103059581,6.843800322061192,16.5727321524423,6.508319914117015,7.367149758454106,2.341653247450349,2.690552871712292,1.3486312399355878,,0.20128824476650564,,
140,5.884326355340848,3.455448201825013,46.544551798174986,7.232957595276436,16.418411164787976,6.689479334406871,7.313472893183038,2.341653247450349,2.563070316693505,1.3553408480944713,,0.20128824476650564,,
141,5.897745571658615,3.3548040794417604,45.99436392914654,7.1658615136876005,16.1231884057971,7.595276435856146,7.313472893183038,2.341653247450349,2.657004830917874,1.3553408480944713,,0.20128824476650564,,
142,5.978260869565218,3.3413848631239937,45.63204508856683,7.474503488996243,16.109769189479334,7.561728395061729,7.286634460547504,2.328234031132582,2.636876006441224,1.4761137949543746,,0.15432098765432098,,0.020128824476650563
143,5.360976918947934,2.428878153515835,41.680085882984436,7.199409554482019,21.423778851315085,7.185990338164252,8.863392377885132,1.9122383252818036,2.328234031132582,1.442565754159957,,0.15432098765432098,,0.020128824476650563
144,5.488459473966721,2.38191089640365,41.358024691358025,7.474503488996243,21.410359634997317,7.179280730005368,8.836553945249598,1.9122383252818036,2.341653247450349,1.442565754159957,,0.15432098765432098,,0.020128824476650563
145,5.092592592592593,2.368491680085883,46.67203435319377,5.803811057434245,21.202361782071925,6.0587761674718195,8.09849704777241,0.8387010198604401,2.24771873322598,1.442565754159957,,0.15432098765432098,,0.020128824476650563
146,5.12614063338701,2.3483628556092326,46.57809983896941,5.884326355340848,21.175523349436393,6.0587761674718195,8.152173913043478,0.8387010198604401,2.24771873322598,1.415727321524423,,0.15432098765432098,,0.020128824476650563
147,5.2066559312936125,2.328234031132582,45.92055823939882,6.300322061191626,21.155394524959743,6.266774020397209,8.09849704777241,0.8923778851315083,2.24771873322598,1.4090177133655395,,0.15432098765432098,,0.020128824476650563
148,5.287171229200215,2.328234031132582,45.30327428878154,6.857219538378959,20.994363929146537,6.327160493827161,8.105206655931294,0.8923778851315083,2.3215244229736984,1.4626945786366077,,0.10064412238325282,,0.020128824476650563
149,5.401234567901234,2.328234031132582,44.920826623725176,7.058507783145465,20.840042941492218,6.327160493827161,8.07836822329576,0.8923778851315083,2.5697799248523885,1.4626945786366077,,0.10064412238325282,,0.020128824476650563
150,5.60252281266774,2.254428341384863,44.276704240472355,7.25979602791197,20.29656468062265,6.139291465378422,8.99087493290392,1.0064412238325282,2.509393451422437,1.5432098765432098,,0.10064412238325282,,0.020128824476650563
151,5.636070853462158,2.254428341384863,43.98819108964037,7.37385936661299,20.283145464304884,6.3070316693505095,8.950617283950617,1.0064412238325282,2.509393451422437,1.570048309178744,,0.10064412238325282,,0.020128824476650563
152,5.763553408480945,2.254428341384863,43.78690284487386,7.461084272678476,20.263016639828233,6.353998926462695,8.816425120772946,0.9930220075147611,2.6435856146001075,1.5432098765432098,,0.10064412238325282,,0.020128824476650563
153,5.803811057434245,2.2074610842726785,42.860976918947934,8.36688137412775,20.169082125603865,6.421095008051529,8.80300590445518,0.9930220075147611,2.7106816961889426,1.5432098765432098,,0.10064412238325282,,0.020128824476650563
154,5.924584004294149,2.2074610842726785,42.652979066022546,8.682232957595277,19.961084272678477,6.414385399892646,8.80300590445518,0.9930220075147611,2.6972624798711755,1.5432098765432098,,0.10064412238325282,,0.020128824476650563
155,6.031937734836285,2.2074610842726785,42.27724100912507,9.017713365539452,19.860440150295222,6.588835212023618,8.695652173913043,0.9930220075147611,2.7106816961889426,1.4962426194310252,,0.10064412238325282,,0.020128824476650563
156,6.159420289855072,2.2074610842726785,41.78073000536769,9.024422973698336,19.672571121846484,6.588835212023618,8.581588835212024,1.3352120236178207,2.8515834675254963,1.6774020397208802,,0.10064412238325282,,0.020128824476650563
157,6.387546967257112,2.187332259796028,41.532474503489,9.131776704240472,19.189479334406872,6.723027375201288,8.400429414922169,1.3352120236178207,3.321256038647343,1.6706924315619969,,0.10064412238325282,,0.020128824476650563
158,6.421095008051529,2.187332259796028,41.176865271068166,9.400161030595813,19.162640901771336,6.776704240472356,8.293075684380032,1.3352120236178207,3.408480944712829,1.6438539989264627,,0.17444981213097155,,0.020128824476650563
159,6.6827697262479875,2.187332259796028,40.747450348899626,9.574610842726784,19.048577563070317,6.816961889425658,8.272946859903382,1.3352120236178207,3.502415458937198,1.6371443907675791,,0.17444981213097155,,0.020128824476650563
160,6.857219538378959,2.187332259796028,40.324745034889965,9.943639291465379,18.9747718733226,6.736446591519055,8.272946859903382,1.3352120236178207,3.535963499731616,1.6371443907675791,,0.17444981213097155,,0.020128824476650563
161,6.870638754696726,2.1739130434782608,39.86849168008588,10.326086956521738,18.90096618357488,6.696188942565755,8.360171765968868,1.4492753623188406,3.5225442834138487,1.6371443907675791,,0.17444981213097155,,0.020128824476650563
162,6.877348362855609,2.1739130434782608,39.398819108964034,10.721953837895867,18.666129898013956,6.957863660762212,8.340042941492216,1.4492753623188406,3.5829307568438002,1.6371443907675791,,0.17444981213097155,,0.020128824476650563
163,6.964573268921095,2.1739130434782608,39.371980676328505,10.601180891035963,18.511808910359633,7.092055823939882,8.299785292538916,1.4492753623188406,3.717122920021471,1.6237251744498122,,0.17444981213097155,,0.020128824476650563
164,6.998121309715513,2.167203435319377,39.22436929683307,10.547504025764896,18.303811057434245,7.185990338164252,8.205850778314547,1.5633387010198605,3.8915727321524423,1.7176596886741815,,0.17444981213097155,,0.020128824476650563
165,6.977992485238862,2.1604938271604937,39.070048309178745,10.735373054213634,18.129361245303276,7.152442297369833,8.145464304884594,1.5633387010198605,4.092860976918948,1.778046162104133,,0.17444981213097155,,0.020128824476650563
166,7.071926999463232,2.147074610842727,38.808373590982285,10.782340311325818,18.10252281266774,7.239667203435319,8.145464304884594,1.7646269457863661,3.9989264626945786,1.7444981213097155,,0.17444981213097155,,0.020128824476650563
167,7.353730542136339,2.1135265700483092,38.30515297906602,10.903113258185721,17.98174986580784,7.447665056360709,8.07836822329576,1.892109500805153,3.9855072463768115,1.7444981213097155,,0.17444981213097155,,0.020128824476650563
168,7.065217391304348,2.100107353730542,41.51234567901235,10.527375201288244,17.277241009125067,7.427536231884058,7.333601717659689,1.7444981213097155,3.388352120236178,1.4492753623188406,,0.17444981213097155,,
169,7.320182501341922,2.100107353730542,41.23054213633924,10.63472893183038,17.16988727858293,7.407407407407407,7.313472893183038,1.7444981213097155,3.455448201825013,1.4492753623188406,,0.17444981213097155,,
170,7.628824476650563,2.046430488459474,40.042941492216855,10.869565217391305,17.07595276435856,7.595276435856146,7.930756843800322,1.7444981213097155,3.388352120236178,1.5029522275899088,,0.17444981213097155,,
171,7.615405260332796,2.046430488459474,39.781266774020395,11.084272678475577,16.955179817498657,7.6556629092860975,7.85024154589372,1.8853998926462694,3.44873859366613,1.5029522275899088,,0.17444981213097155,,
172,7.742887815351583,2.046430488459474,39.60010735373054,10.983628556092324,16.794149221685455,7.709339774557166,7.883789586688137,1.8988191089640365,3.6634460547504024,1.5029522275899088,,0.17444981213097155,,
173,7.5281803542673105,2.046430488459474,37.39935587761675,10.272410091250672,21.101717659688674,7.816693505099302,6.964573268921095,1.8988191089640365,3.4621578099838968,1.3352120236178207,,0.17444981213097155,,
174,7.702630166398282,2.046430488459474,37.15780998389694,10.198604401502953,20.853462157809982,8.064949006977992,6.877348362855609,1.932367149758454,3.656736446591519,1.3352120236178207,,0.17444981213097155,,
175,7.803274288781535,2.01959205582394,36.963231347289316,10.19189479334407,20.79307568438003,8.205850778314547,6.877348362855609,2.01959205582394,3.616478797638218,1.3352120236178207,,0.17444981213097155,,
176,7.830112721417069,2.01959205582394,36.72168545356951,10.225442834138486,20.73268921095008,8.293075684380032,6.843800322061192,2.167203435319377,3.656736446591519,1.3352120236178207,,0.17444981213097155,,
177,7.917337627482555,2.01959205582394,36.07085346215781,10.547504025764896,20.591787439613526,8.61513687600644,6.830381105743425,2.147074610842727,3.7775093934514223,1.3083735909822867,,0.17444981213097155,,
178,8.044820182501342,2.01959205582394,35.77563070316693,10.715244229736983,20.544820182501343,8.662104133118627,6.830381105743425,2.147074610842727,3.7775093934514223,1.3083735909822867,,0.17444981213097155,,
179,8.185721953837897,2.01959205582394,35.68840579710145,10.668276972624799,20.417337627482556,8.662104133118627,6.78341384863124,2.147074610842727,3.9519592055823938,1.3016639828234031,,0.17444981213097155,,
180,8.259527643585615,1.9793344068706387,35.67498658078368,10.742082662372518,20.377079978529252,8.722490606548577,6.696188942565755,2.147074610842727,3.92512077294686,1.3016639828234031,,0.17444981213097155,,
181,8.3064949006978,1.865271068169619,35.44015029522276,10.82259796027912,20.29656468062265,8.930488459473967,6.736446591519055,2.147074610842727,3.978797638217928,1.3016639828234031,,0.17444981213097155,,
182,8.252818035426731,1.8518518518518519,34.43370907139023,10.929951690821255,20.1959205582394,8.57487922705314,8.152173913043478,2.0531400966183573,4.079441760601181,1.3016639828234031,,0.17444981213097155,,
183,8.225979602791197,1.8518518518518519,34.024422973698336,10.815888352120236,19.920826623725173,8.668813741277509,8.152173913043478,2.5295222758990876,4.334406870638754,1.3016639828234031,,0.17444981213097155,,
184,8.272946859903382,1.8384326355340848,33.66881374127751,10.95679012345679,19.90740740740741,8.863392377885132,8.152173913043478,2.4691358024691357,4.3478260869565215,1.3486312399355878,,0.17444981213097155,,
185,8.299785292538916,1.8384326355340848,33.44739667203435,10.976918947933441,19.867149758454108,8.923778851315083,8.152173913043478,2.536231884057971,4.4820182501341925,1.3419216317767042,,0.13419216317767044,,
186,8.32662372517445,1.8384326355340848,33.373590982286636,11.003757380568974,19.786634460547504,9.044551798174986,8.152173913043478,2.536231884057971,4.461889425657541,1.3419216317767042,,0.13419216317767044,,
187,8.541331186258722,1.8384326355340848,33.12533548040794,10.889694041867955,19.51154052603328,9.588030059044552,8.024691358024691,2.623456790123457,4.394793344068707,1.328502415458937,,0.13419216317767044,,
188,8.380300590445518,1.7176596886741815,32.776435856146,11.211755233494364,19.41760601180891,9.896672034353195,8.111916264090176,2.623456790123457,4.3478260869565215,1.328502415458937,0.05367686527106817,0.13419216317767044,,
189,8.460815888352121,1.7176596886741815,32.63553408480945,11.486849168008588,18.840579710144926,10.030864197530864,8.601717659688674,2.563070316693505,4.193505099302201,1.2815351583467525,0.05367686527106817,0.13419216317767044,,
190,8.454106280193237,1.7042404723564144,32.56843800322061,11.419753086419753,18.813741277509394,9.98389694041868,8.601717659688674,2.7308105206655933,4.193505099302201,1.3419216317767042,0.05367686527106817,0.13419216317767044,,
191,8.507783145464305,1.7042404723564144,32.306763285024154,11.473429951690822,18.67283950617284,10.165056360708535,8.682232957595277,2.804616210413312,4.1129898013955986,1.3419216317767042,0.0939345142243693,0.13419216317767044,,
192,8.682232957595277,1.6908212560386473,32.024959742351044,11.41304347826087,18.55877616747182,9.829575952764358,8.722490606548577,3.33467525496511,4.17337627482555,1.3419216317767042,0.0939345142243693,0.13419216317767044,,
193,8.695652173913043,1.6908212560386473,31.749865807836823,11.366076221148685,18.471551261406333,10.38647342995169,8.735909822866345,3.421900161030596,3.911701556629093,1.3419216317767042,0.0939345142243693,0.13419216317767044,,
194,8.729200214707461,1.6908212560386473,31.696188942565755,11.641170155662909,18.23671497584541,10.359634997316157,8.709071390230811,3.421900161030596,3.92512077294686,1.3620504562533549,0.0939345142243693,0.13419216317767044,,
195,8.809715512614064,1.6438539989264627,31.5552871712292,11.83574879227053,18.02871712292002,10.218733225979603,8.702361782071927,3.556092324208266,4.05931293612453,1.3620504562533549,0.0939345142243693,0.13419216317767044,,
196,8.541331186258722,1.6371443907675791,29.139828234031132,10.95679012345679,22.04777241009125,9.728931830381105,8.702361782071927,3.475577026301664,4.180085882984434,1.3620504562533549,0.0939345142243693,0.13419216317767044,,
197,8.702361782071927,1.6371443907675791,28.844605475040257,11.05072463768116,21.994095544820183,9.829575952764358,8.655394524959743,3.4621578099838968,4.233762748255502,1.3620504562533549,0.0939345142243693,0.13419216317767044,,
198,8.849973161567364,1.6371443907675791,28.73054213633924,11.044015029522276,21.826355340848096,9.91009125067096,8.628556092324208,3.4286097691894795,4.3545356951154055,1.3620504562533549,0.0939345142243693,0.13419216317767044,,
199,8.930488459473967,1.6035963499731616,28.65673644659152,11.044015029522276,21.74584004294149,9.96376811594203,8.55475040257649,3.4286097691894795,4.4820182501341925,1.3620504562533549,0.0939345142243693,0.13419216317767044,,
200,8.715780998389693,1.583467525496511,31.092324208266238,10.950080515297907,21.39694041867955,9.245840042941492,8.038110574342458,3.2474503488996245,4.502147074610843,1.0601180891035964,0.0939345142243693,0.07380568974771873,,
201,8.890230810520666,1.583467525496511,30.810520665593128,10.93666129898014,21.32313472893183,9.333064949006978,8.038110574342458,3.2474503488996245,4.49543746645196,1.0601180891035964,0.20799785292538917,0.07380568974771873,,
202,8.943907675791733,1.583467525496511,30.629361245303276,10.95679012345679,21.28287707997853,9.31964573268921,8.219269994632313,3.227321524422974,4.49543746645196,1.0601180891035964,0.20799785292538917,0.07380568974771873,,
203,9.064680622651638,1.570048309178744,30.461621041331185,10.903113258185721,21.162104133118625,9.480676328502415,8.373590982286634,3.2139023081052067,4.428341384863124,1.0601180891035964,0.20799785292538917,0.07380568974771873,,
204,9.098228663446054,1.556629092860977,30.246913580246915,10.775630703166936,21.108427267847556,9.574610842726784,8.608427267847558,3.2877079978529253,4.428341384863124,1.0601180891035964,0.18115942028985507,0.07380568974771873,,
