,45,50,54,52,53,55,51,56,57
0,85.37305421363392,14.626945786366075,,,,,,,
1,74.26865271068169,25.731347289318304,,,,,,,
2,72.99382716049382,27.006172839506174,,,,,,,
3,67.88110574342458,31.622383252818036,0.49651100375738055,,,,,,
4,59.21229200214707,40.29119699409554,0.49651100375738055,,,,,,
5,57.8569511540526,41.646537842190014,0.49651100375738055,,,,,,
6,51.85856146001073,47.64492753623188,0.49651100375738055,,,,,,
7,50.456253354804076,45.3972088030059,0.49651100375738055,3.569511540526033,0.08051529790660225,,,,
8,50.657541599570585,44.12909286097692,0.49651100375738055,3.569511540526033,1.1473429951690821,,,,
9,50.657541599570585,44.12909286097692,0.49651100375738055,3.569511540526033,1.1473429951690821,,,,
10,44.176060118089104,50.6105743424584,0.49651100375738055,3.569511540526033,1.1473429951690821,,,,
11,44.29012345679013,50.36231884057971,0.49651100375738055,3.569511540526033,1.1473429951690821,0.13419216317767044,,,
12,44.24986580783682,49.61084272678475,0.49651100375738055,3.569511540526033,1.9390767579173376,0.13419216317767044,,,
13,42.80730005367686,51.05340848094471,0.49651100375738055,3.569511540526033,1.9390767579173376,0.13419216317767044,,,
14,42.84755770263017,51.03327965646806,0.49651100375738055,3.569511540526033,1.9189479334406871,0.13419216317767044,,,
15,42.86768652710682,51.01315083199141,0.49651100375738055,3.569511540526033,1.9189479334406871,0.13419216317767044,,,
16,43.05555555555556,50.71121846484165,0.49651100375738055,3.569511540526033,1.9189479334406871,0.24825550187869028,,,
17,43.16961889425657,49.563875469672574,1.5297906602254427,3.569511540526033,1.9189479334406871,0.24825550187869028,,,
18,43.27026301663983,49.463231347289316,1.5297906602254427,3.569511540526033,1.9189479334406871,0.24825550187869028,,,
19,43.283682232957595,49.44981213097155,1.5297906602254427,3.569511540526033,1.9189479334406871,0.24825550187869028,,,
20,43.31052066559313,49.422973698336016,1.5297906602254427,3.569511540526033,1.9189479334406871,0.24825550187869028,,,
21,43.49838969404187,49.23510466988728,1.5297906602254427,3.569511540526033,1.9189479334406871,0.24825550187869028,,,
22,43.49838969404187,49.23510466988728,1.5297906602254427,3.569511540526033,1.9189479334406871,0.24825550187869028,,,
23,43.545356951154055,49.14787976382179,1.4492753623188406,3.569511540526033,1.9189479334406871,0.36902844873859364,,,
24,42.96833064949007,47.73215244229737,1.1808910359634996,3.569511540526033,4.180085882984434,0.36902844873859364,,,
25,37.43961352657005,52.985775630703166,1.1808910359634996,3.92512077294686,4.0995705850778315,0.36902844873859364,,,
26,31.072195383789587,60.02415458937198,0.8990874932903918,3.92512077294686,3.8311862587224907,0.24825550187869028,,,
27,26.33521202361782,52.341653247450346,0.8252818035426731,3.92512077294686,3.8311862587224907,0.24825550187869028,12.493290391841116,,
28,26.65727321524423,52.02630166398282,0.8252818035426731,3.92512077294686,3.8311862587224907,0.24825550187869028,12.486580783682234,,
29,22.363123993558776,56.615673644659154,0.8252818035426731,4.582662372517445,2.9924852388620504,0.13419216317767044,12.486580783682234,,
30,21.672034353193773,57.31347289318304,0.8252818035426731,4.582662372517445,2.9924852388620504,0.13419216317767044,12.47987117552335,,
31,19.43102522812668,60.46698872785829,0.8118625872249061,3.69699409554482,2.9790660225442833,0.13419216317767044,12.47987117552335,,
32,18.988191089640367,54.770531400966185,0.5971551261406334,3.69699409554482,2.9790660225442833,0.2616747181964573,18.706387546967257,,
33,18.968062265163713,52.49597423510467,2.9388083735909825,3.69699409554482,2.9723564143853998,0.2616747181964573,18.666129898013956,,
34,19.088835212023618,52.38191089640365,2.9388083735909825,3.69699409554482,2.9723564143853998,0.2616747181964573,18.659420289855074,,
35,15.458937198067632,45.8064949006978,2.9388083735909825,3.099838969404187,2.9723564143853998,0.2616747181964573,29.461889425657542,,
36,14.184111647879764,43.84057971014493,2.9388083735909825,6.206387546967257,3.1065485775630703,0.2616747181964573,29.461889425657542,,
37,11.480139559849706,38.90230810520666,1.8250134192163177,6.206387546967257,0.9930220075147611,0.2616747181964573,40.33145464304884,,
38,11.506977992485238,38.888888888888886,1.8250134192163177,6.206387546967257,0.9930220075147611,0.2616747181964573,40.31803542673108,,
39,11.574074074074074,38.781535158346756,1.8250134192163177,6.206387546967257,0.9930220075147611,0.2616747181964573,40.35829307568438,,
40,11.560654857756306,37.38593666129898,1.8250134192163177,5.9514224369296835,0.9930220075147611,1.9189479334406871,40.365002683843265,,
41,11.540526033279656,29.851046698872786,0.2147074610842727,15.814546430488459,1.1808910359634996,1.8317230273752012,39.56655931293612,,
42,10.701825013419215,25.5300590445518,1.06682769726248,13.862050456253355,1.1808910359634996,1.7646269457863661,45.893719806763286,,
43,10.72866344605475,25.51663982823403,1.06682769726248,13.862050456253355,1.1808910359634996,1.7646269457863661,45.880300590445515,,
44,10.674986580783683,23.731884057971016,1.06682769726248,11.990069779924852,5.146269457863661,1.6304347826086956,45.75952764358561,,
45,10.836017176596886,23.70504562533548,1.06682769726248,11.936392914653783,5.146269457863661,1.6304347826086956,45.67901234567901,,
46,10.420021470746109,21.041331186258724,1.06682769726248,11.916264090177133,5.146269457863661,1.6304347826086956,48.7788513150832,,
47,10.601180891035963,21.014492753623188,1.06682769726248,11.916264090177133,5.146269457863661,1.6304347826086956,48.62453032742888,,
48,10.681696188942565,21.014492753623188,1.06682769726248,11.855877616747183,5.146269457863661,1.6304347826086956,48.60440150295223,,
49,10.896403650026839,20.75281803542673,1.06682769726248,13.399087493290391,5.10601180891036,1.6304347826086956,47.148416532474506,,
50,11.017176596886742,20.69243156199678,1.06682769726248,13.39237788513151,5.10601180891036,1.6304347826086956,47.094739667203434,,
51,11.11111111111111,20.685721953837895,1.0534084809447128,13.378958668813741,5.10601180891036,1.6304347826086956,47.034353193773484,,
52,10.59447128287708,20.02818035426731,1.1272141706924315,10.7085346215781,5.10601180891036,1.6304347826086956,50.54347826086956,0.2616747181964573,
53,10.68840579710145,19.981213097155127,1.1272141706924315,10.661567364465915,5.10601180891036,1.6304347826086956,50.54347826086956,0.2616747181964573,
54,9.863123993558776,17.639559849704778,1.1272141706924315,10.61460010735373,2.6838432635534084,1.3687600644122384,56.25335480407944,0.4495437466451959,
55,9.91009125067096,17.639559849704778,1.1272141706924315,10.61460010735373,2.6838432635534084,1.328502415458937,56.24664519592056,0.4495437466451959,
56,10.050993022007514,17.55233494363929,1.1272141706924315,10.59447128287708,2.6838432635534084,1.328502415458937,56.21309715512614,0.4495437466451959,
57,7.03166935050993,26.69753086419753,1.1272141706924315,10.433440687063875,2.6838432635534084,1.328502415458937,50.0805152979066,0.6172839506172839,
58,7.139023081052066,23.805689747718734,4.03918411164788,10.433440687063875,2.6838432635534084,1.328502415458937,49.953032742887814,0.6172839506172839,
59,7.286634460547504,23.74530327428878,4.03918411164788,10.433440687063875,2.657004830917874,1.328502415458937,49.89264626945786,0.6172839506172839,
60,7.440955448201825,23.731884057971016,4.03918411164788,10.433440687063875,2.657004830917874,1.328502415458937,49.75174449812131,0.6172839506172839,
61,7.548309178743962,23.731884057971016,4.032474503488996,10.426731078904991,2.6502952227589907,1.328502415458937,49.664519592055825,0.6172839506172839,
62,7.051798174986581,17.96833064949007,3.797638217928073,8.93719806763285,1.5767579173376274,1.0869565217391304,58.8365539452496,0.7447665056360708,
63,7.206119162640902,17.92807300053677,3.797638217928073,8.930488459473967,1.5767579173376274,1.0869565217391304,58.72920021470746,0.7447665056360708,
64,7.380568974771873,17.901234567901234,3.797638217928073,8.896940418679549,1.5767579173376274,1.0869565217391304,58.61513687600644,0.7447665056360708,
65,7.675791733762749,17.787171229200215,3.797638217928073,7.675791733762749,1.5767579173376274,1.0869565217391304,58.49436392914654,1.90552871712292,
66,7.863660762211487,17.76033279656468,3.797638217928073,7.675791733762749,1.5767579173376274,1.0869565217391304,58.333333333333336,1.90552871712292,
67,8.111916264090176,11.285560923242082,1.6774020397208802,7.6556629092860975,1.5767579173376274,1.0869565217391304,66.47208803005904,2.13365539452496,
68,8.32662372517445,11.225174449812132,1.6774020397208802,7.6556629092860975,1.5432098765432098,1.328502415458937,66.10976918947934,2.13365539452496,
69,8.447396672034353,11.16478797638218,1.6438539989264627,7.6556629092860975,1.5432098765432098,1.328502415458937,65.97557702630166,2.2410091250670963,
70,8.051529790660226,10.755501878690284,1.2546967257112185,3.7372517444981215,5.152979066022544,1.328502415458937,68.63929146537842,1.0802469135802468,
71,8.064949006977992,10.755501878690284,1.2546967257112185,3.7372517444981215,5.152979066022544,2.2946859903381642,67.65968867418142,1.0802469135802468,
72,7.85024154589372,9.668545356951155,5.139559849704777,3.7104133118625873,5.152979066022544,1.778046162104133,65.58641975308642,1.1137949543746646,
73,7.863660762211487,9.668545356951155,5.139559849704777,3.69699409554482,5.152979066022544,1.778046162104133,65.58641975308642,1.1137949543746646,
74,7.809983896940419,9.386741814278047,5.139559849704777,3.69699409554482,4.891304347826087,1.778046162104133,66.18357487922705,1.1137949543746646,
75,7.856951154052603,9.386741814278047,5.139559849704777,3.69699409554482,4.891304347826087,1.778046162104133,66.13660762211487,1.1137949543746646,
76,8.031400966183575,9.386741814278047,5.139559849704777,3.683574879227053,4.891304347826087,1.7646269457863661,65.98899624261944,1.1137949543746646,
77,8.071658615136876,9.386741814278047,5.139559849704777,3.683574879227053,4.891304347826087,1.7646269457863661,65.94873859366614,1.1137949543746646,
78,5.884326355340848,9.27938808373591,5.139559849704777,2.0933977455716586,4.891304347826087,1.7646269457863661,70.14895330112721,0.798443370907139,
79,5.984970477724101,9.272678475577026,5.12614063338701,2.0933977455716586,4.891304347826087,1.7042404723564144,70.12882447665056,0.798443370907139,
80,6.152710681696189,9.272678475577026,5.12614063338701,2.0933977455716586,4.891304347826087,1.7042404723564144,69.96108427267848,0.798443370907139,
81,6.400966183574879,9.245840042941492,5.12614063338701,2.0933977455716586,4.891304347826087,1.7042404723564144,69.73966720343532,0.798443370907139,
82,6.421095008051529,9.245840042941492,5.12614063338701,2.0933977455716586,4.891304347826087,1.7042404723564144,68.35077831454643,2.167203435319377,
83,6.635802469135802,9.23913043478261,4.99194847020934,2.0933977455716586,4.891304347826087,1.7042404723564144,67.97504025764896,2.4691358024691357,
84,6.340579710144928,7.7898550724637685,1.8585614600107354,2.0933977455716586,4.891304347826087,1.4962426194310252,73.23537305421364,2.2946859903381642,
85,6.488191089640365,7.776435856146001,1.8585614600107354,2.0933977455716586,4.8443370907139025,1.4962426194310252,73.14814814814815,2.2946859903381642,
86,6.78341384863124,7.581857219538379,1.8585614600107354,2.0933977455716586,4.804079441760601,1.6908212560386473,72.89318303811058,2.2946859903381642,
87,6.910896403650026,7.581857219538379,1.8585614600107354,2.0933977455716586,4.777241009125067,1.6908212560386473,72.79253891572732,2.2946859903381642,
88,6.877348362855609,7.5281803542673105,1.7579173376274826,2.0933977455716586,4.777241009125067,3.7775093934514223,70.89371980676329,2.2946859903381642,
89,7.212828770799785,7.494632313472893,2.6704240472356413,2.0933977455716586,4.777241009125067,3.7775093934514223,69.7061191626409,2.26784755770263,
90,7.340311325818572,7.494632313472893,2.6704240472356413,2.0933977455716586,4.609500805152979,3.7775093934514223,69.56521739130434,2.26784755770263,0.18115942028985507
91,7.37385936661299,7.494632313472893,2.6704240472356413,2.0933977455716586,4.609500805152979,3.7775093934514223,69.53166935050993,2.26784755770263,0.18115942028985507
92,7.380568974771873,7.48792270531401,2.6704240472356413,2.0933977455716586,4.609500805152979,3.7775093934514223,69.53166935050993,2.26784755770263,0.18115942028985507
93,7.353730542136339,7.48792270531401,2.6704240472356413,2.0933977455716586,5.924584004294149,3.616478797638218,68.45142243692969,2.26784755770263,0.13419216317767044
94,7.239667203435319,7.48792270531401,2.13365539452496,2.059849704777241,2.033011272141707,2.3081052066559313,74.73161567364465,2.006172839506173,
95,7.427536231884058,7.461084272678476,2.13365539452496,2.059849704777241,2.033011272141707,2.818035426731079,74.0606548577563,2.006172839506173,
96,7.548309178743962,7.461084272678476,3.1065485775630703,2.059849704777241,1.6237251744498122,2.818035426731079,73.37627482555018,2.006172839506173,
97,7.62211486849168,7.461084272678476,3.099838969404187,2.059849704777241,1.6237251744498122,2.791196994095545,73.33601717659688,2.006172839506173,
98,7.816693505099302,7.461084272678476,3.099838969404187,2.033011272141707,1.6237251744498122,2.791196994095545,73.1682769726248,2.006172839506173,
99,8.091787439613526,7.434245840042942,3.099838969404187,2.033011272141707,1.6237251744498122,2.7643585614600106,72.94685990338164,2.006172839506173,
100,8.225979602791197,7.407407407407407,3.099838969404187,2.033011272141707,1.6237251744498122,2.7643585614600106,72.8395061728395,2.006172839506173,
101,8.266237251744498,5.964841653247451,2.9388083735909825,5.112721417069243,1.6237251744498122,2.7643585614600106,71.32313472893183,2.006172839506173,
102,8.064949006977992,5.964841653247451,5.407944176060118,5.112721417069243,3.7640901771336552,2.3483628556092326,67.3913043478261,1.9457863660762211,
103,8.145464304884594,5.964841653247451,5.374396135265701,4.643048845947397,4.233762748255502,2.3483628556092326,67.3443370907139,1.9457863660762211,
104,8.219269994632313,5.964841653247451,5.374396135265701,4.643048845947397,4.233762748255502,2.3483628556092326,67.27053140096618,1.9457863660762211,
105,8.313204508856682,5.964841653247451,5.374396135265701,4.602791196994096,4.233762748255502,2.3483628556092326,67.21685453569512,1.9457863660762211,
106,8.340042941492216,5.964841653247451,5.374396135265701,4.602791196994096,4.233762748255502,2.3483628556092326,67.19001610305958,1.9457863660762211,
107,7.9039184111647875,5.629361245303274,6.052066559312936,8.293075684380032,4.233762748255502,2.1604938271604937,63.781535158346756,1.9457863660762211,
108,7.950885668276973,5.367686527106817,5.4616210413311865,13.935856146001074,3.180354267310789,2.9052603327965647,59.252549651100374,1.9457863660762211,
109,8.031400966183575,5.367686527106817,5.4616210413311865,13.90901771336554,3.180354267310789,2.9052603327965647,59.19887278582931,1.9457863660762211,
110,8.064949006977992,5.367686527106817,5.4616210413311865,13.90901771336554,3.180354267310789,2.9052603327965647,59.16532474503489,1.9457863660762211,
111,7.675791733762749,5.360976918947934,5.253623188405797,21.101717659688674,2.6637144390767578,2.9052603327965647,53.227321524422976,1.8115942028985508,
112,7.776435856146001,5.360976918947934,5.253623188405797,21.07487922705314,2.6637144390767578,2.9052603327965647,53.166935050993025,1.7981749865807837,
113,7.380568974771873,5.360976918947934,2.818035426731079,20.759527643585614,2.6637144390767578,3.844605475040258,55.79710144927536,1.3754696725711217,
114,7.494632313472893,5.360976918947934,2.818035426731079,20.840042941492218,2.6502952227589907,3.7573805689747717,55.703166935050994,1.3754696725711217,
115,8.017981749865807,5.360976918947934,2.818035426731079,20.840042941492218,2.5831991411701556,3.7104133118625873,55.2938808373591,1.3754696725711217,
116,7.863660762211487,4.9718196457326895,3.307836822329576,20.67230273752013,3.4420289855072466,3.643317230273752,54.723564143854,1.3754696725711217,
117,8.132045088566828,4.9718196457326895,3.5292538915727323,20.45088566827697,3.4420289855072466,3.643317230273752,54.32098765432099,1.5096618357487923,
118,8.266237251744498,4.9718196457326895,3.5292538915727323,20.397208803005906,3.4420289855072466,3.643317230273752,54.24047235641439,1.5096618357487923,
119,8.333333333333334,4.9718196457326895,4.643048845947397,20.323403113258184,3.4420289855072466,3.643317230273752,53.20048309178744,1.442565754159957,
120,8.447396672034353,4.904723564143854,4.643048845947397,20.323403113258184,3.4286097691894795,3.643317230273752,53.166935050993025,1.442565754159957,
121,8.628556092324208,4.904723564143854,4.636339237788513,20.276435856146,3.374932903918411,3.6231884057971016,53.11325818572195,1.442565754159957,
122,8.675523349436393,4.904723564143854,3.9049919484702094,20.276435856146,4.294149221685454,3.6231884057971016,52.87842190016103,1.442565754159957,
123,8.910359634997317,4.777241009125067,3.8714439076757916,20.263016639828233,4.294149221685454,3.7372517444981215,52.703972088030056,1.442565754159957,
124,8.910359634997317,4.777241009125067,5.622651637144391,18.54535695115405,4.28743961352657,3.7104133118625873,52.703972088030056,1.442565754159957,
125,9.232420826623725,4.777241009125067,5.58239398819109,18.511808910359633,4.28743961352657,3.7104133118625873,52.47584541062802,1.4224369296833066,
126,9.440418679549115,4.750402576489533,5.58239398819109,18.511808910359633,4.28743961352657,3.7104133118625873,52.29468599033817,1.4224369296833066,
127,9.903381642512077,4.64975845410628,5.58239398819109,18.511808910359633,4.28743961352657,3.6231884057971016,52.01959205582394,1.4224369296833066,
128,9.96376811594203,4.455179817498658,5.783682232957595,18.511808910359633,4.28743961352657,3.6231884057971016,51.952495974235106,1.4224369296833066,
129,10.165056360708535,4.455179817498658,5.783682232957595,18.45813204508857,4.28743961352657,3.9184111647879765,51.509661835748794,1.4224369296833066,
130,10.21202361782072,4.455179817498658,5.763553408480945,18.45813204508857,4.28743961352657,3.9184111647879765,51.48282340311326,1.4224369296833066,
131,10.57434245840043,4.455179817498658,5.763553408480945,18.310520665593128,4.28743961352657,3.9184111647879765,51.33521202361782,1.3553408480944713,
132,10.487117552334944,4.441760601180891,5.763553408480945,17.98845947396672,6.360708534621578,3.9184111647879765,49.69806763285024,1.3419216317767042,
133,10.755501878690284,4.441760601180891,5.5756843800322065,17.887815351583466,6.568706387546968,3.9184111647879765,49.5101986044015,1.3419216317767042,
134,10.950080515297907,4.408212560386473,5.5756843800322065,17.85426731078905,6.568706387546968,3.9184111647879765,49.382716049382715,1.3419216317767042,
135,11.064143853998926,4.38137412775094,5.5756843800322065,17.840848094471284,6.568706387546968,3.9184111647879765,49.308910359635,1.3419216317767042,
136,11.520397208803006,4.327697262479871,5.414653784219001,17.814009661835748,6.515029522275899,3.9184111647879765,49.14787976382179,1.3419216317767042,
137,11.540526033279656,4.327697262479871,5.5756843800322065,17.814009661835748,6.515029522275899,3.9184111647879765,48.96672034353194,1.3419216317767042,
138,11.674718196457327,4.30756843800322,5.5756843800322065,17.773752012882447,6.515029522275899,3.9184111647879765,48.89291465378422,1.3419216317767042,
139,11.802200751476114,4.280730005367687,5.5756843800322065,17.713365539452496,6.515029522275899,3.9184111647879765,48.85265700483092,1.3419216317767042,
140,11.855877616747183,4.280730005367687,5.723295759527644,17.713365539452496,6.515029522275899,3.9184111647879765,48.70504562533548,1.288244766505636,
141,12.030327428878154,4.260601180891036,5.723295759527644,17.713365539452496,6.488191089640365,3.911701556629093,48.611111111111114,1.261406333870102,
142,12.177938808373591,4.260601180891036,5.683038110574342,17.68652710681696,6.474771873322598,3.911701556629093,48.54401502952228,1.261406333870102,
143,12.245034889962426,4.247181964573269,5.683038110574342,17.632850241545892,6.474771873322598,3.911701556629093,48.54401502952228,1.261406333870102,
144,11.788781535158346,3.280998389694042,5.676328502415459,19.243156199677937,6.474771873322598,3.8915727321524423,48.38298443370907,1.261406333870102,
145,11.75523349436393,3.280998389694042,5.475040257648954,18.02200751476114,5.548845947396672,3.717122920021471,50.939345142243695,1.261406333870102,
146,11.842458400429415,3.280998389694042,5.475040257648954,18.02200751476114,5.548845947396672,3.643317230273752,50.925925925925924,1.261406333870102,
147,11.862587224906065,3.2742887815351582,5.475040257648954,18.02200751476114,5.535426731078905,3.643317230273752,50.925925925925924,1.261406333870102,
148,11.98336017176597,3.2742887815351582,5.475040257648954,17.98845947396672,5.46833064949007,3.643317230273752,50.905797101449274,1.261406333870102,
149,12.211486849168008,3.2742887815351582,5.475040257648954,17.98845947396672,5.46833064949007,3.629898013955985,50.691089640365,1.261406333870102,
150,12.318840579710145,3.2742887815351582,5.46833064949007,17.94820182501342,5.46833064949007,3.629898013955985,50.63070316693505,1.261406333870102,
151,12.379227053140097,3.2675791733762747,5.46833064949007,18.00858829844337,5.4549114331723025,3.629898013955985,50.5300590445518,1.261406333870102,
152,12.419484702093397,3.2675791733762747,5.4616210413311865,18.00858829844337,5.441492216854535,3.629898013955985,50.50993022007515,1.261406333870102,
153,12.4597423510467,3.2675791733762747,5.4616210413311865,18.00858829844337,5.441492216854535,3.616478797638218,50.48309178743961,1.261406333870102,
154,12.587224906065487,3.2675791733762747,5.428073000536768,18.00858829844337,5.441492216854535,3.616478797638218,50.38915727321525,1.261406333870102,
155,12.721417069243156,3.2541599570585076,5.428073000536768,18.00858829844337,5.441492216854535,3.616478797638218,50.26838432635534,1.261406333870102,
156,12.808641975308642,3.2541599570585076,5.428073000536768,18.00858829844337,5.441492216854535,3.5963499731615673,50.2012882447665,1.261406333870102,
157,12.929414922168545,3.2541599570585076,5.428073000536768,17.975040257648953,5.441492216854535,3.589640365002684,50.1207729468599,1.261406333870102,
158,12.983091787439614,3.2541599570585076,5.428073000536768,17.934782608695652,5.441492216854535,3.589640365002684,50.10735373054214,1.261406333870102,
159,13.372249060654857,3.2340311325818574,5.35426731078905,17.934782608695652,5.441492216854535,3.5426731078904994,49.85909822866345,1.261406333870102,
160,13.513150831991412,3.2340311325818574,5.35426731078905,17.934782608695652,5.441492216854535,3.5426731078904994,49.71819645732689,1.261406333870102,
161,13.707729468599034,3.2340311325818574,5.35426731078905,17.351046698872786,6.045356951154052,3.5426731078904994,49.503488996242616,1.261406333870102,
162,13.821792807300053,3.2340311325818574,5.35426731078905,17.28395061728395,6.038647342995169,3.5426731078904994,49.463231347289316,1.261406333870102,
163,13.922436929683306,3.2340311325818574,5.347557702630167,17.28395061728395,6.031937734836285,3.5426731078904994,49.37600644122383,1.261406333870102,
164,13.902308105206655,3.2340311325818574,5.4616210413311865,16.5727321524423,5.850778314546431,4.448470209339774,49.2686527106817,1.261406333870102,
165,13.754696725711218,3.227321524422974,5.005367686527107,16.5727321524423,7.092055823939882,4.448470209339774,48.651368760064415,1.247987117552335,
166,13.600375738056897,3.2139023081052067,4.64975845410628,17.60601180891036,7.092055823939882,4.200214707461084,48.22195383789587,1.415727321524423,
167,13.654052603327965,3.2139023081052067,4.64975845410628,17.60601180891036,7.065217391304348,4.200214707461084,48.19511540526033,1.415727321524423,
168,13.862050456253355,3.2139023081052067,4.64975845410628,19.585346215780998,7.051798174986581,4.193505099302201,46.02791196994095,1.415727321524423,
169,14.15727321524423,3.193773483628556,4.64975845410628,19.538378958668815,7.051798174986581,4.193505099302201,45.799785292538914,1.415727321524423,
170,14.204240472356414,3.193773483628556,4.636339237788513,21.30300590445518,6.991411701556629,4.17337627482555,44.24986580783682,1.247987117552335,
171,14.278046162104133,3.193773483628556,4.602791196994096,21.276167471819647,6.991411701556629,4.17337627482555,44.236446591519055,1.247987117552335,
172,14.257917337627482,3.140096618357488,5.132850241545894,21.276167471819647,6.991411701556629,4.428341384863124,43.525228126677405,1.247987117552335,
173,14.412238325281804,3.126677402039721,5.132850241545894,21.235909822866343,6.991411701556629,4.428341384863124,43.42458400429415,1.247987117552335,
174,14.626945786366075,3.126677402039721,5.132850241545894,21.20907139023081,6.984702093397746,4.388083735909823,43.283682232957595,1.247987117552335,
175,14.163982823403114,2.9790660225442833,4.206924315619967,21.054750402576488,5.891035963499732,4.388083735909823,46.06816961889426,1.247987117552335,
176,14.190821256038648,2.9790660225442833,4.206924315619967,21.054750402576488,5.891035963499732,4.388083735909823,46.041331186258724,1.247987117552335,
177,14.318303811057435,2.9589371980676327,4.206924315619967,21.054750402576488,5.891035963499732,4.388083735909823,45.93397745571659,1.247987117552335,
178,14.445786366076222,2.9589371980676327,4.206924315619967,21.054750402576488,5.891035963499732,4.388083735909823,45.8064949006978,1.247987117552335,
179,14.526301663982823,2.9589371980676327,4.206924315619967,21.054750402576488,5.891035963499732,4.388083735909823,45.7259796027912,1.247987117552335,
180,14.667203435319378,2.9589371980676327,4.206924315619967,20.873590982286636,5.8239398819108965,4.388083735909823,45.50456253354804,1.4761137949543746,0.10064412238325282
181,14.720880300590446,2.952227589908749,4.206924315619967,20.840042941492218,5.8239398819108965,4.374664519592056,45.50456253354804,1.4761137949543746,0.10064412238325282
182,14.9020397208803,2.952227589908749,4.206924315619967,20.79307568438003,5.8239398819108965,4.374664519592056,45.370370370370374,1.4761137949543746,0.10064412238325282
183,14.962426194310252,2.952227589908749,4.206924315619967,20.78636607622115,5.8239398819108965,4.374664519592056,45.3166935050993,1.4761137949543746,0.10064412238325282
184,14.908749329039184,2.9253891572732154,4.206924315619967,21.007783145464305,5.683038110574342,4.374664519592056,45.3166935050993,1.4761137949543746,0.10064412238325282
185,15.009393451422437,2.9119699409554483,4.180085882984434,20.90713902308105,5.683038110574342,4.5893719806763285,45.14224369296833,1.4761137949543746,0.10064412238325282
186,14.97584541062802,2.9790660225442833,4.180085882984434,20.75281803542673,5.683038110574342,4.74369296833065,45.108695652173914,1.4761137949543746,0.10064412238325282
187,15.022812667740205,2.9790660225442833,4.180085882984434,20.685721953837895,5.669618894256575,5.10601180891036,44.7866344605475,1.4694041867954912,0.10064412238325282
188,15.163714439076758,2.9790660225442833,4.159957058507783,20.544820182501343,5.669618894256575,5.253623188405797,44.65915190552872,1.4694041867954912,0.10064412238325282
189,15.217391304347826,2.9790660225442833,4.159957058507783,20.531400966183575,5.656199677938808,5.233494363929147,44.65244229736983,1.4694041867954912,0.10064412238325282
190,15.26435856146001,2.9790660225442833,4.159957058507783,20.52469135802469,5.656199677938808,5.233494363929147,44.61218464841653,1.4694041867954912,0.10064412238325282
191,15.33816425120773,2.945517981749866,4.159957058507783,20.48443370907139,5.656199677938808,5.233494363929147,44.37734836285561,1.7042404723564144,0.10064412238325282
192,15.499194847020934,2.918679549114332,4.1532474503489,20.377079978529252,6.072195383789587,5.052334943639291,43.914385399892645,1.9122383252818036,0.10064412238325282
193,15.613258185721953,2.898550724637681,4.1532474503489,20.323403113258184,6.0587761674718195,5.052334943639291,43.887546967257116,1.9122383252818036,0.10064412238325282
194,15.713902308105206,2.898550724637681,4.139828234031133,20.28985507246377,6.0587761674718195,5.052334943639291,43.833870101986044,1.9122383252818036,0.10064412238325282
195,15.754159957058508,2.898550724637681,4.139828234031133,20.276435856146,6.0587761674718195,5.025496511003757,43.833870101986044,1.9122383252818036,0.10064412238325282
196,15.807836822329575,2.898550724637681,4.139828234031133,20.249597423510465,6.0587761674718195,5.01207729468599,43.82045088566828,1.9122383252818036,0.10064412238325282
197,15.975577026301664,2.898550724637681,4.139828234031133,20.242887815351583,6.0587761674718195,4.924852388620504,43.4447128287708,2.214170692431562,0.10064412238325282
198,16.150026838432634,2.898550724637681,4.139828234031133,20.041599570585078,6.011808910359635,4.924852388620504,43.364197530864196,2.368491680085883,0.10064412238325282
199,16.35131508319914,2.898550724637681,4.119699409554482,19.961084272678477,5.9447128287707995,4.924852388620504,43.33064949006978,2.368491680085883,0.10064412238325282
200,16.371443907675793,2.898550724637681,4.0995705850778315,19.961084272678477,5.9447128287707995,4.924852388620504,43.33064949006978,2.368491680085883,0.10064412238325282
201,16.418411164787976,2.898550724637681,4.0995705850778315,19.692699946323135,5.9447128287707995,5.609232420826624,42.86768652710682,2.368491680085883,0.10064412238325282
202,16.472088030059044,2.898550724637681,4.0995705850778315,19.692699946323135,5.917874396135265,5.609232420826624,42.84084809447128,2.368491680085883,0.10064412238325282
203,16.63311862587225,2.898550724637681,4.0995705850778315,19.592055823939884,5.917874396135265,5.5756843800322065,42.81400966183575,2.368491680085883,0.10064412238325282
204,16.82769726247987,2.898550724637681,3.9989264626945786,19.565217391304348,5.917874396135265,5.5756843800322065,42.76033279656468,2.3550724637681157,0.10064412238325282
205,17.03569511540526,2.898550724637681,3.9519592055823938,19.464573268921097,5.917874396135265,5.5756843800322065,42.69994632313473,2.3550724637681157,0.10064412238325282
206,17.183306494900698,2.898550724637681,3.864734299516908,19.444444444444443,5.904455179817498,5.5756843800322065,42.673107890499196,2.3550724637681157,0.10064412238325282
207,17.24369296833065,2.898550724637681,3.864734299516908,19.444444444444443,5.904455179817498,5.5756843800322065,42.64626945786366,2.3215244229736984,0.10064412238325282
208,17.330917874396135,2.898550724637681,3.8378958668813743,19.404186795491142,5.904455179817498,5.5756843800322065,42.62614063338701,2.3215244229736984,0.10064412238325282
209,17.51207729468599,2.898550724637681,3.8378958668813743,19.384057971014492,5.891035963499732,5.555555555555555,42.49865807836822,2.3215244229736984,0.10064412238325282
210,17.465110037573805,2.898550724637681,3.4957058507783145,20.759527643585614,5.092592592592593,5.555555555555555,42.310789049919485,2.3215244229736984,0.10064412238325282
211,17.498658078368223,2.898550724637681,3.4957058507783145,20.75281803542673,5.065754159957058,5.555555555555555,42.310789049919485,2.3215244229736984,0.10064412238325282
212,17.58588298443371,2.898550724637681,3.4957058507783145,20.75281803542673,5.065754159957058,5.555555555555555,42.223564143854,2.3215244229736984,0.10064412238325282
213,17.639559849704778,2.8918411164787976,3.4957058507783145,20.75281803542673,5.065754159957058,5.555555555555555,42.17659688674181,2.3215244229736984,0.10064412238325282
214,17.780461621041333,2.8784219001610305,3.488996242619431,20.739398819108963,5.065754159957058,5.555555555555555,42.069243156199676,2.3215244229736984,0.10064412238325282
215,17.807300053676865,2.8784219001610305,3.488996242619431,20.739398819108963,5.038915727321524,5.555555555555555,42.069243156199676,2.3215244229736984,0.10064412238325282
216,17.96833064949007,2.871712292002147,3.488996242619431,20.73268921095008,4.918142780461621,5.555555555555555,42.04240472356415,2.3215244229736984,0.10064412238325282
217,18.08239398819109,2.871712292002147,3.4621578099838968,20.73268921095008,4.918142780461621,5.481749865807837,42.028985507246375,2.3215244229736984,0.10064412238325282
218,18.095813204508858,2.871712292002147,3.589640365002684,20.699141170155663,4.918142780461621,5.441492216854535,41.96188942565754,2.3215244229736984,0.10064412238325282
219,18.23671497584541,2.8381642512077296,3.5628019323671496,20.645464304884594,4.918142780461621,5.441492216854535,41.93505099302201,2.3215244229736984,0.10064412238325282
220,18.283682232957595,2.8381642512077296,3.5628019323671496,20.611916264090176,4.918142780461621,5.441492216854535,41.92163177670424,2.3215244229736984,0.10064412238325282
221,18.317230273752013,2.8113258185721954,3.5628019323671496,20.605206655931294,4.918142780461621,5.441492216854535,41.92163177670424,2.3215244229736984,0.10064412238325282
222,18.377616747181964,2.8113258185721954,3.5628019323671496,20.605206655931294,4.891304347826087,5.428073000536768,41.90150295222759,2.3215244229736984,0.10064412238325282
223,18.99490069779925,2.8113258185721954,3.5628019323671496,20.591787439613526,4.8376274825550185,5.414653784219001,41.36473429951691,2.3215244229736984,0.10064412238325282
224,19.0955448201825,2.8113258185721954,3.5628019323671496,20.538110574342458,4.8376274825550185,5.414653784219001,41.317767042404725,2.3215244229736984,0.10064412238325282
225,19.0955448201825,2.8113258185721954,3.5628019323671496,20.538110574342458,4.8376274825550185,5.414653784219001,41.317767042404725,2.3215244229736984,0.10064412238325282
226,19.37734836285561,2.8113258185721954,3.5628019323671496,20.115405260332796,5.092592592592593,5.394524959742351,41.22383252818035,2.3215244229736984,0.10064412238325282
227,19.43773483628556,2.8113258185721954,3.5628019323671496,20.108695652173914,5.092592592592593,5.381105743424584,41.18357487922705,2.3215244229736984,0.10064412238325282
228,19.53166935050993,2.8113258185721954,3.5628019323671496,20.108695652173914,5.092592592592593,5.381105743424584,41.08964036500269,2.3215244229736984,0.10064412238325282
229,19.578636607622116,2.8113258185721954,3.5628019323671496,20.088566827697264,5.092592592592593,5.381105743424584,41.06280193236715,2.3215244229736984,0.10064412238325282
230,19.73966720343532,2.8113258185721954,3.5628019323671496,20.061728395061728,5.0791733762748255,5.381105743424584,40.94202898550725,2.3215244229736984,0.10064412238325282
231,19.840311325818572,2.7777777777777777,3.556092324208266,20.02818035426731,5.045625335480408,5.381105743424584,40.78770799785293,2.4825550187869028,0.10064412238325282
232,19.981213097155127,2.7777777777777777,3.5426731078904994,19.95437466451959,5.045625335480408,5.381105743424584,40.754159957058505,2.462426194310252,0.10064412238325282
233,19.90740740740741,2.7777777777777777,3.5426731078904994,19.94766505636071,5.045625335480408,6.152710681696189,39.85507246376812,2.6704240472356413,0.10064412238325282
234,19.981213097155127,2.7777777777777777,3.5426731078904994,19.920826623725173,5.032206119162641,6.139291465378422,39.83494363929147,2.6704240472356413,0.10064412238325282
235,20.075147611379496,2.7777777777777777,3.5426731078904994,19.887278582930758,5.032206119162641,6.139291465378422,39.774557165861516,2.6704240472356413,0.10064412238325282
236,20.095276435856146,2.7777777777777777,3.5426731078904994,19.887278582930758,5.032206119162641,6.119162640901771,39.774557165861516,2.6704240472356413,0.10064412238325282
237,18.699677938808374,2.589908749329039,3.5426731078904994,13.499731615673644,4.636339237788513,5.629361245303274,48.812399355877616,2.5563607085346214,0.03354804079441761
238,18.780193236714975,2.589908749329039,3.670155662909286,13.499731615673644,4.636339237788513,5.629361245303274,48.57085346215781,2.589908749329039,0.03354804079441761
239,18.95464304884595,2.589908749329039,3.670155662909286,13.486312399355878,4.636339237788513,5.629361245303274,48.409822866344605,2.589908749329039,0.03354804079441761
240,19.048577563070317,2.589908749329039,3.670155662909286,13.459473966720344,4.602791196994096,5.629361245303274,48.37627482555019,2.589908749329039,0.03354804079441761
241,19.202898550724637,2.589908749329039,3.670155662909286,13.43263553408481,4.602791196994096,5.60252281266774,48.27563070316693,2.589908749329039,0.03354804079441761
242,19.269994632313473,2.589908749329039,3.844605475040258,13.425925925925926,4.602791196994096,5.60252281266774,48.04079441760601,2.589908749329039,0.03354804079441761
243,19.330381105743424,2.589908749329039,3.844605475040258,13.352120236178207,4.602791196994096,5.756843800322061,47.92673107890499,2.563070316693505,0.03354804079441761
244,18.988191089640367,2.589908749329039,5.803811057434245,13.352120236178207,4.5960815888352125,5.60252281266774,46.792807300053674,2.2410091250670963,0.03354804079441761
245,19.11567364465915,2.589908749329039,5.790391841116479,13.325281803542673,4.555823939881911,5.589103596349974,46.75925925925926,2.2410091250670963,0.03354804079441761
246,19.30354267310789,2.589908749329039,5.736714975845411,13.325281803542673,4.555823939881911,5.562265163714439,46.65190552871712,2.2410091250670963,0.03354804079441761
247,19.296833064949006,2.589908749329039,6.025228126677402,13.325281803542673,4.555823939881911,5.562265163714439,46.423778851315085,2.187332259796028,0.03354804079441761
248,19.256575415995705,2.589908749329039,6.025228126677402,13.264895330112722,4.555823939881911,5.562265163714439,46.524422973698336,2.187332259796028,0.03354804079441761
249,19.14922168545357,2.589908749329039,6.025228126677402,13.16425120772947,4.549114331723027,5.562265163714439,46.363392377885134,2.563070316693505,0.03354804079441761
250,19.176060118089104,2.589908749329039,6.025228126677402,13.16425120772947,4.549114331723027,5.562265163714439,46.3365539452496,2.563070316693505,0.03354804079441761
251,19.216317767042405,2.589908749329039,6.025228126677402,13.16425120772947,4.53569511540526,6.018518518518518,45.853462157809986,2.563070316693505,0.03354804079441761
252,19.249865807836823,2.589908749329039,6.025228126677402,13.16425120772947,4.53569511540526,6.018518518518518,45.819914117015564,2.563070316693505,0.03354804079441761
253,19.43102522812668,2.589908749329039,5.998389694041868,13.16425120772947,4.53569511540526,6.018518518518518,45.67230273752013,2.5563607085346214,0.03354804079441761
254,19.632313472893184,2.589908749329039,5.998389694041868,13.077026301663983,4.53569511540526,5.991680085882985,45.58507783145464,2.5563607085346214,0.03354804079441761
255,19.786634460547504,2.589908749329039,5.998389694041868,13.063607085346217,4.53569511540526,5.964841653247451,45.330112721417066,2.6972624798711755,0.03354804079441761
256,19.80005367686527,2.589908749329039,5.998389694041868,13.063607085346217,4.53569511540526,5.964841653247451,45.3166935050993,2.6972624798711755,0.03354804079441761
257,19.94766505636071,2.589908749329039,5.998389694041868,13.063607085346217,4.522275899087493,5.964841653247451,45.18250134192163,2.6972624798711755,0.03354804079441761
258,19.96779388083736,2.522812667740204,5.998389694041868,12.99651100375738,4.508856682769726,6.139291465378422,45.13553408480945,2.6972624798711755,0.03354804079441761
259,20.108695652173914,2.522812667740204,5.984970477724101,12.962962962962964,4.508856682769726,6.139291465378422,45.04159957058508,2.6972624798711755,0.03354804079441761
260,20.128824476650564,2.522812667740204,5.984970477724101,12.962962962962964,4.508856682769726,6.139291465378422,45.02147074610843,2.6972624798711755,0.03354804079441761
261,20.229468599033815,2.522812667740204,5.958132045088567,12.95625335480408,4.508856682769726,6.139291465378422,44.95437466451959,2.6972624798711755,0.03354804079441761
262,20.437466451959207,2.522812667740204,5.958132045088567,12.929414922168545,4.488727858293076,6.139291465378422,44.79334406870639,2.6972624798711755,0.03354804079441761
263,20.511272141706925,2.522812667740204,5.958132045088567,12.915995705850777,4.4820182501341925,6.132581857219538,44.7463768115942,2.6972624798711755,0.03354804079441761
