,45,50,55,51,53,54,52,56,57,59,60,58,61
0,90.2710681696189,9.594739667203436,0.13419216317767044,,,,,,,,,,
1,67.04240472356415,19.03515834675255,0.30193236714975846,13.47289318303811,0.11406333870101985,0.03354804079441761,,,,,,,
2,58.52120236178207,25.959473966720342,0.4294149221685454,13.446054750402576,0.06038647342995169,1.583467525496511,,,,,,,
3,55.83735909822866,27.449006977992486,0.5166398282340311,13.425925925925926,0.06038647342995169,1.7981749865807837,0.9125067096081588,,,,,,
4,55.46833064949007,27.65029522275899,0.5837359098228664,13.425925925925926,0.06038647342995169,1.8988191089640365,0.9125067096081588,,,,,,
5,45.91384863123994,37.0101986044015,0.8722490606548577,13.358829844337091,0.06038647342995169,1.8719806763285025,0.9125067096081588,,,,,,
6,42.24369296833065,29.05931293612453,0.8521202361782072,23.409822866344605,0.020128824476650563,2.6167471819645733,1.7981749865807837,,,,,,
7,42.16317767042405,29.200214707461082,0.8789586688137413,23.336017176596886,0.020128824476650563,2.6033279656468062,1.7981749865807837,,,,,,
8,40.64680622651637,29.274020397208805,0.9192163177670424,17.67981749865808,2.214170692431562,2.677133655394525,6.588835212023618,,,,,,
9,4.2203435319377345,66.51234567901234,0.6642512077294686,17.518786902844873,3.5292538915727323,1.8384326355340848,4.260601180891036,1.261406333870102,0.10064412238325282,0.0939345142243693,,,
10,4.367954911433173,65.54616210413312,1.5365002683843263,17.478529253891573,3.5292538915727323,1.8384326355340848,4.072732152442297,1.2345679012345678,0.2885131508319914,0.0939345142243693,0.013419216317767043,,
11,4.502147074610843,65.3515834675255,2.737520128824477,16.076221148684915,3.4420289855072466,1.8384326355340848,3.388352120236178,2.4557165861513686,,0.0939345142243693,0.026838432635534086,0.08722490606548577,
12,4.569243156199678,62.56038647342995,5.4549114331723025,15.895061728395062,2.757648953301127,1.8518518518518519,4.186795491143317,2.5161030595813205,,0.0939345142243693,0.026838432635534086,0.08722490606548577,
13,4.824208266237251,62.07729468599034,5.730005367686527,15.848094471282877,2.7442297369833604,1.7042404723564144,4.186795491143317,2.5563607085346214,,0.0939345142243693,0.05367686527106817,0.18115942028985507,
14,4.87788513150832,61.01717659688674,6.944444444444445,15.539452495974235,2.6972624798711755,1.8048845947396672,4.17337627482555,2.5563607085346214,,0.0939345142243693,0.11406333870101985,0.18115942028985507,
15,4.441760601180891,54.01234567901235,6.595544820182502,15.432098765432098,10.547504025764896,1.8048845947396672,4.17337627482555,2.6637144390767578,,0.0939345142243693,0.05367686527106817,0.18115942028985507,
16,4.690016103059581,53.40848094471283,6.944444444444445,15.26435856146001,10.547504025764896,1.8048845947396672,4.1532474503489,2.7777777777777777,,0.0939345142243693,0.05367686527106817,0.2616747181964573,
17,4.62962962962963,43.646001073537306,5.723295759527644,14.680622651637144,21.504294149221685,1.9524959742351047,4.1532474503489,3.260869565217391,,0.0939345142243693,0.026838432635534086,0.32877079978529256,
18,4.804079441760601,43.51851851851852,5.756843800322061,14.680622651637144,21.423778851315085,2.073268921095008,4.1532474503489,3.140096618357488,,0.0939345142243693,0.026838432635534086,0.32877079978529256,
19,4.414922168545357,37.38593666129898,6.6760601180891035,14.720880300590446,15.344873859366613,2.1135265700483092,15.693773483628556,3.140096618357488,0.11406333870101985,0.0939345142243693,0.026838432635534086,0.27509393451422437,
20,4.522275899087493,29.13311862587225,5.542136339237788,14.36527106816962,12.372517444981213,2.791196994095545,27.241009125067094,3.4151905528717124,0.2885131508319914,0.0939345142243693,0.026838432635534086,0.20799785292538917,
21,4.609500805152979,27.361782071927,5.22007514761138,12.27187332259796,12.13768115942029,3.1736446591519054,31.850509930220074,2.428878153515835,0.36902844873859364,0.0939345142243693,0.026838432635534086,0.4562533548040794,
22,3.878153515834675,24.04723564143854,3.3279656468062266,22.289318303811058,11.117820719269995,7.5348899624261945,25.0805152979066,1.6304347826086956,0.5434782608695652,0.12077294685990338,0.013419216317767043,0.41599570585077833,
23,3.911701556629093,21.631776704240472,2.5966183574879227,21.973966720343533,11.077563070316694,7.098765432098766,28.663446054750402,1.8518518518518519,0.644122383252818,0.12077294685990338,0.013419216317767043,0.41599570585077833,
24,3.81105743424584,19.746376811594203,3.965378421900161,15.096618357487923,11.064143853998926,8.091787439613526,36.30568974771873,0.5501878690284487,0.9460547504025765,0.12077294685990338,0.013419216317767043,0.2885131508319914,
25,3.7104133118625873,18.90096618357488,2.408749329039184,24.590713902308106,9.782608695652174,5.5689747718733225,31.28690284487386,2.167203435319377,1.1272141706924315,0.12077294685990338,0.013419216317767043,0.322061191626409,
26,3.9184111647879765,18.90096618357488,3.8848631239935587,24.315619967793882,9.762479871175524,5.662909286097692,29.56924315619968,2.1068169618894257,1.4224369296833066,0.12077294685990338,0.013419216317767043,0.322061191626409,
27,3.978797638217928,18.9747718733226,3.9855072463768115,23.778851315083198,9.608158883521202,5.642780461621041,29.320987654320987,2.5697799248523885,1.5432098765432098,0.12077294685990338,0.013419216317767043,0.46296296296296297,
28,3.864734299516908,15.942028985507246,3.6097691894793345,23.295759527643586,18.256843800322063,3.4621578099838968,26.54320987654321,2.703972088030059,1.570048309178744,0.07380568974771873,0.013419216317767043,0.630703166935051,0.03354804079441761
29,3.280998389694042,12.74825550187869,3.1870638754696725,28.073000536768653,18.06897477187332,2.9388083735909825,26.08695652173913,2.9790660225442833,1.8518518518518519,0.07380568974771873,0.013419216317767043,0.6642512077294686,0.03354804079441761
30,3.113258185721954,11.151368760064413,3.294417606011809,32.7361782071927,16.847826086956523,2.9388083735909825,24.322329575952764,2.771068169618894,2.1403650026838434,0.07380568974771873,0.013419216317767043,0.5636070853462157,0.03354804079441761
31,3.1736446591519054,11.05072463768116,9.46725711218465,29.21363392377885,16.72705314009662,3.0327428878153517,21.672034353193773,2.9253891572732154,2.033011272141707,0.07380568974771873,0.013419216317767043,0.5837359098228664,0.03354804079441761
32,3.280998389694042,10.990338164251208,9.353193773483628,29.09957058507783,16.63311862587225,3.1065485775630703,21.484165324745035,3.1065485775630703,2.15378421900161,0.10735373054213634,0.013419216317767043,0.6374127750939346,0.03354804079441761
33,3.2004830917874396,10.628019323671497,9.541062801932368,24.02710681696189,14.023081052066559,4.998658078368224,28.549382716049383,2.589908749329039,1.8518518518518519,0.10735373054213634,0.013419216317767043,0.43612453032742887,0.03354804079441761
34,3.2742887815351582,10.326086956521738,9.614868491680086,22.322866344605476,12.808641975308642,5.770263016639828,30.132850241545892,3.166935050993022,2.033011272141707,0.10735373054213634,0.013419216317767043,0.39586688137412773,0.03354804079441761
35,3.307836822329576,10.272410091250672,8.735909822866345,22.16183574879227,12.754965110037574,5.770263016639828,31.011808910359633,3.2340311325818574,2.1403650026838434,0.10735373054213634,0.013419216317767043,0.4562533548040794,0.03354804079441761
36,3.388352120236178,9.849704777241008,9.440418679549115,22.08132045088567,11.741814278046162,5.770263016639828,30.54213633923779,3.7640901771336552,2.214170692431562,0.10735373054213634,0.013419216317767043,1.0534084809447128,0.03354804079441761
37,3.44873859366613,9.75577026301664,9.567901234567902,22.0276435856146,11.708266237251744,5.770263016639828,30.50187869028449,3.7573805689747717,2.214170692431562,0.10735373054213634,0.013419216317767043,1.093666129898014,0.03354804079441761
38,3.5829307568438002,9.312936124530328,9.460547504025765,21.329844337090712,12.204777241009126,4.824208266237251,31.53515834675255,4.428341384863124,2.0933977455716586,0.10735373054213634,0.013419216317767043,1.0735373054213635,0.03354804079441761
39,3.844605475040258,9.286097691894794,9.339774557165862,21.215780998389693,12.124261943102523,4.804079441760601,31.0252281266774,4.4753086419753085,2.589908749329039,0.10735373054213634,0.013419216317767043,1.1406333870101986,0.03354804079441761
40,4.066022544283414,9.198872785829307,9.31964573268921,21.108427267847556,11.963231347289318,4.804079441760601,30.60252281266774,4.663177670424047,2.844873859366613,0.10735373054213634,0.013419216317767043,1.2748255501878691,0.03354804079441761
41,4.253891572732153,9.118357487922705,9.400161030595813,21.095008051529792,11.963231347289318,4.804079441760601,30.132850241545892,4.663177670424047,3.140096618357488,0.10735373054213634,0.013419216317767043,1.2748255501878691,0.03354804079441761
42,4.206924315619967,9.017713365539452,8.836553945249598,16.854535695115406,13.238056897477188,4.455179817498658,34.54106280193237,4.320987654320987,3.0730005367686526,0.12077294685990338,0.040257648953301126,1.261406333870102,0.03354804079441761
43,4.528985507246377,8.82313472893183,8.856682769726248,16.458668813741276,12.5,5.347557702630167,34.42699946323135,4.441760601180891,3.066290928609769,0.12077294685990338,0.08051529790660225,1.3150831991411702,0.03354804079441761
44,4.0995705850778315,7.387278582930757,7.62211486849168,25.677670424047236,11.714975845410628,7.50805152979066,27.30810520665593,4.247181964573269,2.9052603327965647,0.04696725711218465,0.08051529790660225,1.3687600644122384,0.03354804079441761
45,4.2203435319377345,7.333601717659689,7.575147611379496,25.5703166935051,11.641170155662909,7.628824476650563,26.939076757917338,4.28743961352657,3.1870638754696725,0.04696725711218465,0.05367686527106817,1.482823403113258,0.03354804079441761
46,4.206924315619967,5.83064949006978,9.31964573268921,25.483091787439612,12.157809983896941,7.6556629092860975,26.27482555018787,4.17337627482555,3.2675791733762747,0.04696725711218465,0.05367686527106817,1.4559849704777241,0.07380568974771873
47,4.247181964573269,5.83064949006978,9.312936124530328,25.369028448738593,12.157809983896941,7.6556629092860975,26.20101986044015,4.253891572732153,3.3413848631239937,0.04696725711218465,0.05367686527106817,1.4559849704777241,0.07380568974771873
48,4.327697262479871,5.622651637144391,9.75577026301664,24.966451959205582,12.104133118625873,7.521470746108427,25.449543746645197,5.038915727321524,3.589640365002684,0.040257648953301126,0.05367686527106817,1.4559849704777241,0.07380568974771873
49,4.314278046162104,3.898282340311326,6.816961889425658,20.45088566827697,23.993558776167472,7.266505636070853,23.013955984970476,4.978529253891573,3.1870638754696725,0.14090177133655393,0.05367686527106817,1.8115942028985508,0.07380568974771873
50,4.30756843800322,3.8177670424047236,6.944444444444445,20.12211486849168,25.295222758990874,7.232957595276436,21.66532474503489,5.629361245303274,2.9723564143853998,0.14090177133655393,0.05367686527106817,1.7444981213097155,0.07380568974771873
51,4.5893719806763285,3.7640901771336552,7.226247987117552,19.685990338164252,24.993290391841118,7.232957595276436,21.30300590445518,5.629361245303274,3.455448201825013,0.14090177133655393,0.05367686527106817,1.8518518518518519,0.07380568974771873
52,4.74369296833065,3.7573805689747717,7.434245840042942,19.209608158883523,24.932903918411164,7.494632313472893,21.095008051529792,5.6964573268921095,3.535963499731616,0.14090177133655393,0.05367686527106817,1.8317230273752012,0.07380568974771873
53,3.824476650563607,2.737520128824477,6.152710681696189,31.53515834675255,18.149490069779926,7.997852925389157,20.86688137412775,4.4753086419753085,2.4825550187869028,0.14090177133655393,0.026838432635534086,1.6103059581320451,
54,3.8714439076757916,2.771068169618894,5.595813204508857,30.9044551798175,18.035426731078903,7.930756843800322,21.591519055287172,4.5893719806763285,2.85829307568438,0.14090177133655393,0.026838432635534086,1.6841116478797638,
55,4.1532474503489,2.771068169618894,5.595813204508857,30.669618894256576,18.035426731078903,7.890499194847021,21.370101986044016,4.810789049919484,2.8515834675254963,0.14090177133655393,0.026838432635534086,1.6841116478797638,
56,3.2541599570585076,2.576489533011272,5.018786902844874,38.425925925925924,16.914922168545356,6.602254428341385,18.4849704777241,4.072732152442297,2.885131508319914,0.05367686527106817,0.026838432635534086,1.6841116478797638,
57,3.3950617283950617,2.576489533011272,5.025496511003757,38.31186258722491,16.867954911433173,6.602254428341385,18.02871712292002,4.092860976918948,3.294417606011809,0.05367686527106817,0.026838432635534086,1.724369296833065,
58,3.629898013955985,2.576489533011272,5.038915727321524,38.02334943639291,16.53918411164788,6.602254428341385,17.753623188405797,4.42163177670424,3.388352120236178,0.05367686527106817,0.026838432635534086,1.9457863660762211,
59,3.656736446591519,2.576489533011272,4.85775630703167,36.26543209876543,18.303811057434245,6.568706387546968,17.505367686527105,4.7168545356951155,3.3279656468062266,0.23483628556092323,0.026838432635534086,1.9592055823939882,
60,3.770799785292539,2.576489533011272,4.85775630703167,36.07085346215781,18.21658615136876,7.058507783145465,16.874664519592056,4.8443370907139025,3.4420289855072466,0.30193236714975846,0.026838432635534086,1.9592055823939882,
61,4.019055287171229,2.5496511003757383,4.871175523349437,34.5679012345679,18.015297906602253,7.125603864734299,18.370907139023082,4.696725711218465,3.4957058507783145,0.27509393451422437,0.06038647342995169,1.9524959742351047,
62,4.146537842190016,2.5496511003757383,4.830917874396135,34.40016103059581,17.921363392377884,7.125603864734299,18.243424584004295,4.7638217928073,3.616478797638218,0.27509393451422437,0.06038647342995169,2.0665593129361244,
63,3.9519592055823938,2.4020397208803006,4.461889425657541,40.11003757380569,17.465110037573805,6.528448738593666,15.143585614600108,3.9855072463768115,3.569511540526033,0.27509393451422437,0.06038647342995169,2.046430488459474,
64,4.079441760601181,2.3349436392914655,4.488727858293076,40.042941492216855,17.961621041331185,5.394524959742351,15.385131508319914,4.280730005367687,3.5091250670960816,0.2616747181964573,0.06038647342995169,2.200751476113795,
65,3.9184111647879765,2.3081052066559313,5.374396135265701,36.312399355877616,19.03515834675255,4.864465915190553,18.203166935050994,4.193505099302201,3.4420289855072466,0.2616747181964573,0.026838432635534086,2.059849704777241,
66,4.032474503488996,2.26784755770263,5.374396135265701,35.96349973161568,18.625872249060656,4.87788513150832,18.095813204508858,4.414922168545357,3.965378421900161,0.2616747181964573,0.026838432635534086,2.0933977455716586,
67,4.2203435319377345,2.26784755770263,5.374396135265701,35.929951690821255,18.417874396135264,4.87788513150832,17.8743961352657,4.3545356951154055,4.17337627482555,0.24825550187869028,0.026838432635534086,2.2342995169082127,
68,4.213633923778851,2.2342995169082127,5.763553408480945,35.33279656468062,17.867686527106816,4.609500805152979,18.99490069779925,4.468599033816425,4.05931293612453,0.24825550187869028,0.026838432635534086,2.1806226516371443,
69,4.206924315619967,2.2342995169082127,5.528717122920021,34.88325281803543,18.5654857756307,4.609500805152979,18.90096618357488,4.690016103059581,4.032474503488996,0.24825550187869028,0.026838432635534086,2.073268921095008,
70,4.42163177670424,2.214170692431562,5.736714975845411,34.43370907139023,18.5654857756307,4.575952764358561,18.719806763285025,4.951690821256038,4.005636070853462,0.24825550187869028,0.026838432635534086,2.100107353730542,
71,4.4753086419753085,2.15378421900161,5.743424584004294,34.13177670424047,18.491680085882983,4.656468062265164,18.612453032742888,5.320719269994632,3.9855072463768115,0.24825550187869028,0.026838432635534086,2.15378421900161,
72,4.696725711218465,2.120236178207193,5.8239398819108965,33.77616747181965,18.357487922705314,4.643048845947397,18.33064949006978,5.676328502415459,4.119699409554482,0.24825550187869028,0.026838432635534086,2.1806226516371443,
73,4.663177670424047,2.059849704777241,6.246645195920558,32.8569511540526,18.14278046162104,4.582662372517445,17.934782608695652,6.776704240472356,4.079441760601181,0.24825550187869028,0.026838432635534086,2.38191089640365,
74,4.8376274825550185,2.059849704777241,6.9310252281266775,32.26650563607085,18.08239398819109,5.394524959742351,17.196725711218466,6.608964036500268,3.9720880300590444,0.24825550187869028,0.026838432635534086,2.3752012882447664,
75,4.871175523349437,1.9994632313472893,7.253086419753086,32.00483091787439,17.941492216854535,5.314009661835748,17.19001610305958,6.823671497584541,3.9586688137412773,0.24825550187869028,0.026838432635534086,2.368491680085883,
76,5.166398282340311,1.9994632313472893,7.286634460547504,31.582125603864736,17.907944176060116,5.233494363929147,16.982018250134193,7.098765432098766,4.0995705850778315,0.24825550187869028,0.026838432635534086,2.368491680085883,
77,5.179817498658078,1.9994632313472893,8.413848631239935,31.219806763285025,17.733494363929147,5.2066559312936125,16.371443907675793,7.14573268921095,4.072732152442297,0.2616747181964573,0.026838432635534086,2.368491680085883,
78,4.62962962962963,1.9994632313472893,6.508319914117015,22.75228126677402,18.773483628556093,4.079441760601181,29.347826086956523,5.287171229200215,3.9720880300590444,0.2616747181964573,0.026838432635534086,2.3617820719269993,
79,4.824208266237251,1.9927536231884058,6.508319914117015,22.463768115942027,19.746376811594203,4.0995705850778315,28.30112721417069,5.4616210413311865,3.911701556629093,0.2616747181964573,0.026838432635534086,2.4020397208803006,
80,4.918142780461621,1.8853998926462694,6.508319914117015,22.383252818035427,19.39747718733226,4.106280193236715,28.32125603864734,5.595813204508857,4.005636070853462,0.28180354267310787,0.026838432635534086,2.5697799248523885,
81,5.0858829844337095,1.8853998926462694,7.092055823939882,21.571390230810522,19.276704240472355,4.106280193236715,28.06629092860977,5.723295759527644,4.186795491143317,0.28180354267310787,0.026838432635534086,2.6972624798711755,
82,5.139559849704777,1.778046162104133,7.14573268921095,21.497584541062803,19.108964036500268,4.200214707461084,27.033011272141707,6.9310252281266775,4.012345679012346,0.28180354267310787,0.026838432635534086,2.844873859366613,
83,5.226784755770263,1.737788513150832,7.273215244229737,21.182232957595275,18.988191089640367,4.126409017713366,26.84514224369297,7.132313472893183,4.455179817498658,0.28180354267310787,0.026838432635534086,2.7241009125067097,
84,5.173107890499195,1.737788513150832,7.380568974771873,20.913848631239937,18.907675791733762,4.186795491143317,26.918947933440688,7.065217391304348,4.683306494900698,0.28180354267310787,0.026838432635534086,2.7241009125067097,
85,5.2066559312936125,1.737788513150832,7.474503488996243,25.771604938271604,18.793612453032743,4.186795491143317,21.752549651100377,7.286634460547504,4.609500805152979,0.28180354267310787,0.026838432635534086,2.871712292002147,
86,5.059044551798175,1.710950080515298,7.501341921631776,23.839237788513152,21.62506709608159,4.274020397208803,21.162104133118625,6.877348362855609,4.750402576489533,0.28180354267310787,0.026838432635534086,2.8918411164787976,
87,5.018786902844874,1.710950080515298,7.628824476650563,23.389694041867955,22.302737520128826,4.294149221685454,21.155394524959743,6.863929146537842,4.455179817498658,0.30864197530864196,0.05367686527106817,2.818035426731079,
88,5.01207729468599,1.6572732152442298,7.185990338164252,23.886205045625335,21.30300590445518,4.274020397208803,22.25577026301664,6.528448738593666,4.528985507246377,0.30864197530864196,0.05367686527106817,3.0059044551798175,
89,5.0993022007514766,1.6572732152442298,7.071926999463232,31.40096618357488,21.195652173913043,4.247181964573269,16.243961352657006,5.488459473966721,4.280730005367687,0.2885131508319914,0.05367686527106817,2.9723564143853998,
90,5.273752012882448,1.6304347826086956,6.468062265163715,30.152979066022546,21.135265700483092,4.2203435319377345,17.96833064949007,5.642780461621041,4.206924315619967,0.2885131508319914,0.05367686527106817,2.9589371980676327,
91,5.233494363929147,1.6237251744498122,6.092324208266238,29.20692431561997,20.101986044015028,4.85775630703167,19.96779388083736,5.595813204508857,4.280730005367687,0.20799785292538917,0.026838432635534086,2.804616210413312,
92,5.4616210413311865,1.6237251744498122,6.092324208266238,28.878153515834676,19.82018250134192,4.810789049919484,19.940955448201827,5.803811057434245,4.3545356951154055,0.322061191626409,0.026838432635534086,2.8650026838432634,
93,5.35426731078905,1.6572732152442298,6.092324208266238,28.61647879763822,19.223027375201287,4.851046698872786,21.296296296296298,5.280461621041331,4.3478260869565215,0.30193236714975846,0.026838432635534086,2.952227589908749,
94,5.360976918947934,1.6572732152442298,6.052066559312936,27.415458937198068,17.98845947396672,7.159151905528717,21.041331186258724,5.267042404723564,4.582662372517445,0.5233494363929146,0.026838432635534086,2.9253891572732154,
95,5.421363392377885,1.6572732152442298,6.0654857756307035,26.549919484702095,20.101986044015028,6.092324208266238,20.947396672034355,5.045625335480408,4.555823939881911,0.6105743424584005,0.026838432635534086,2.9253891572732154,
96,5.589103596349974,1.6572732152442298,5.924584004294149,26.27482555018787,19.89398819108964,6.119162640901771,20.605206655931294,5.414653784219001,4.958400429414922,0.6105743424584005,0.026838432635534086,2.9253891572732154,
97,5.71658615136876,1.6572732152442298,5.9514224369296835,26.10708534621578,19.632313472893184,6.172839506172839,20.551529790660226,5.528717122920021,5.005367686527107,0.6105743424584005,0.026838432635534086,3.0394524959742353,
98,6.018518518518518,1.6572732152442298,5.924584004294149,25.966183574879228,19.51825013419216,6.226516371443908,20.491143317230275,5.5689747718733225,4.978529253891573,0.6105743424584005,0.026838432635534086,3.012614063338701,
99,5.689747718733226,1.4090177133655395,7.098765432098766,21.24932903918411,20.222758990874933,6.159420289855072,24.4296833064949,5.267042404723564,4.736983360171766,0.6374127750939346,0.026838432635534086,3.0730005367686526,
100,5.186527106816962,1.4090177133655395,6.830381105743425,26.442565754159958,20.725979602791195,6.454643048845948,20.155662909286097,4.998658078368224,4.106280193236715,0.630703166935051,0.05367686527106817,3.0059044551798175,
101,5.280461621041331,1.4090177133655395,6.749865807836822,25.15432098765432,22.148416532474503,6.374127750939345,20.021470746108427,5.065754159957058,4.146537842190016,0.630703166935051,0.05367686527106817,2.965646806226516,
102,5.488459473966721,1.4090177133655395,6.723027375201288,25.02012882447665,21.880032206119164,6.407675791733762,19.867149758454108,5.199946323134729,4.086151368760064,0.6575415995705851,0.05367686527106817,3.207192699946323,
103,5.394524959742351,1.402308105206656,6.447933440687064,30.589103596349972,20.813204508856682,6.380837359098229,16.11647879763822,4.944981213097155,3.9720880300590444,0.6575415995705851,0.08051529790660225,3.2004830917874396,
104,5.421363392377885,1.3553408480944713,6.394256575415996,30.52871712292002,20.75281803542673,6.367418142780462,15.995705850778315,5.139559849704777,4.025764895330113,0.7380568974771873,0.08051529790660225,3.2004830917874396,
105,5.4616210413311865,1.3016639828234031,6.367418142780462,25.771604938271604,20.544820182501343,6.320450885668277,21.021202361782073,5.307300053676865,3.9184111647879765,0.7380568974771873,0.08051529790660225,3.166935050993022,
106,5.448201825013419,1.2077294685990339,6.293612453032743,25.489801395598498,22.38996242619431,5.958132045088567,20.35024154589372,5.414653784219001,3.6634460547504024,0.7246376811594203,0.08051529790660225,2.9790660225442833,
107,5.649490069779925,1.2077294685990339,6.421095008051529,24.08078368223296,22.168545356951153,7.340311325818572,20.276435856146,5.367686527106817,3.616478797638218,0.7246376811594203,0.05367686527106817,3.0931293612453032,
108,5.837359098228664,1.2077294685990339,6.3137412775093935,23.832528180354267,22.36983360171766,7.454374664519592,19.766505636070853,5.4616210413311865,3.8848631239935587,0.7246376811594203,0.05367686527106817,3.0931293612453032,
109,5.622651637144391,1.1943102522812667,6.3070316693505095,27.871712292002147,20.316693505099302,5.770263016639828,19.706119162640903,5.589103596349974,3.7775093934514223,0.7246376811594203,0.026838432635534086,3.0931293612453032,
110,5.649490069779925,1.1943102522812667,6.4345142243692965,27.78448738593666,20.202630166398283,5.770263016639828,19.585346215780998,5.542136339237788,3.8848631239935587,0.7246376811594203,0.026838432635534086,3.2004830917874396,
111,5.60252281266774,1.1540526033279657,6.387546967257112,27.18733225979603,20.081857219538378,6.139291465378422,19.80005367686527,5.750134192163178,3.9184111647879765,0.7917337627482555,0.026838432635534086,3.1602254428341383,
112,5.589103596349974,1.1540526033279657,6.320450885668277,27.059849704777243,20.316693505099302,6.266774020397209,19.64573268921095,5.857487922705314,3.9184111647879765,0.7917337627482555,0.026838432635534086,3.052871712292002,
113,5.656199677938808,1.1540526033279657,6.320450885668277,26.81159420289855,20.2361782071927,6.139291465378422,19.618894256575416,6.226516371443908,3.911701556629093,0.7783145464304885,0.026838432635534086,3.1199677938808374,
114,5.535426731078905,1.0869565217391304,6.407675791733762,26.50966183574879,20.25630703166935,6.139291465378422,19.504830917874397,6.608964036500268,4.025764895330113,0.7783145464304885,0.026838432635534086,3.1199677938808374,
115,4.85775630703167,10.876274825550189,5.609232420826624,29.408212560386474,18.055555555555557,4.7168545356951155,14.640365002683843,5.797101449275362,2.985775630703167,0.6038647342995169,0.026838432635534086,2.4221685453569513,
116,5.173107890499195,10.755501878690284,5.703166935050993,29.166666666666668,18.156199677938808,4.7101449275362315,14.432367149758454,5.783682232957595,3.079710144927536,0.5904455179817498,0.026838432635534086,2.4221685453569513,
117,4.656468062265164,9.292807300053678,4.830917874396135,39.45920558239399,16.384863123993558,5.481749865807837,9.702093397745571,5.032206119162641,2.536231884057971,0.4495437466451959,0.026838432635534086,2.147074610842727,
118,4.824208266237251,9.232420826623725,4.958400429414922,39.15727321524423,16.27750939345142,5.481749865807837,9.614868491680086,5.159688674181428,2.677133655394525,0.4428341384863124,0.026838432635534086,2.147074610842727,
119,5.059044551798175,9.145195920558239,4.931561996779388,39.08346752549651,16.14331723027375,5.595813204508857,9.614868491680086,5.139559849704777,2.6704240472356413,0.4428341384863124,0.026838432635534086,2.147074610842727,
120,5.112721417069243,9.131776704240472,4.783950617283951,38.808373590982285,15.888352120236178,6.280193236714976,9.5276435856146,5.273752012882448,2.462426194310252,0.4428341384863124,0.026838432635534086,2.2611379495437465,
121,5.233494363929147,8.923778851315083,5.179817498658078,38.51315083199141,15.774288781535159,6.219806763285024,9.520933977455716,5.421363392377885,2.5161030595813205,0.4428341384863124,0.026838432635534086,2.227589908749329,
122,5.3341384863123995,8.903650026838433,5.414653784219001,38.27160493827161,15.660225442834138,6.219806763285024,9.426999463231347,5.743424584004294,2.4892646269457863,0.38915727321524424,0.026838432635534086,2.120236178207193,
123,5.307300053676865,8.849973161567364,6.367418142780462,37.36580783682233,14.801395598497047,6.172839506172839,10.138217928073,5.837359098228664,2.5295222758990876,0.38915727321524424,0.026838432635534086,2.214170692431562,
124,5.609232420826624,8.849973161567364,6.293612453032743,37.164519592055825,14.694041867954912,6.172839506172839,10.138217928073,5.884326355340848,2.563070316693505,0.38915727321524424,0.026838432635534086,2.214170692431562,
125,5.4616210413311865,8.729200214707461,6.011808910359635,38.00993022007515,14.553140096618357,7.159151905528717,9.145195920558239,5.790391841116479,2.522812667740204,0.38915727321524424,0.026838432635534086,2.200751476113795,
126,4.696725711218465,4.696725711218465,5.166398282340311,46.55126140633387,12.567096081588835,7.011540526033279,8.883521202361782,5.501878690284487,2.5026838432635534,0.28180354267310787,0.026838432635534086,2.1135265700483092,
127,4.7101449275362315,4.7168545356951155,5.253623188405797,45.42404723564144,12.567096081588835,7.689210950080516,9.198872785829307,5.589103596349974,2.428878153515835,0.28180354267310787,0.026838432635534086,2.1135265700483092,
128,4.851046698872786,4.5960815888352125,5.495169082125604,44.87385936661299,12.52012882447665,7.749597423510467,9.064680622651638,5.911164787976382,2.428878153515835,0.28180354267310787,0.026838432635534086,2.200751476113795,
129,4.790660225442834,4.562533548040794,5.850778314546431,43.565485775630705,12.486580783682234,7.588566827697263,9.46725711218465,6.769994632313473,2.408749329039184,0.28180354267310787,0.026838432635534086,2.200751476113795,
130,4.871175523349437,4.562533548040794,5.964841653247451,42.84084809447128,12.426194310252281,7.5281803542673105,10.46027911969941,6.414385399892646,2.428878153515835,0.28180354267310787,0.026838432635534086,2.1940418679549114,
131,4.240472356414386,10.292538915727322,5.971551261406334,41.95517981749866,11.09098228663446,6.474771873322598,9.621578099838969,5.938003220611916,2.0799785292538915,0.24154589371980675,0.026838432635534086,2.0665593129361244,
132,4.40150295222759,10.178475577026301,5.776972624798712,41.19028448738594,10.93666129898014,6.541867954911433,10.406602254428341,6.119162640901771,2.1135265700483092,0.24154589371980675,0.026838432635534086,2.0665593129361244,
133,4.461889425657541,10.178475577026301,5.776972624798712,41.15002683843264,10.775630703166936,6.6827697262479875,10.393183038110575,6.045356951154052,2.147074610842727,0.24154589371980675,0.026838432635534086,2.120236178207193,
134,4.508856682769726,10.151637144390767,5.971551261406334,40.45893719806763,10.7085346215781,7.286634460547504,10.23215244229737,6.052066559312936,2.1269457863660763,0.24154589371980675,0.026838432635534086,2.2342995169082127,
135,4.522275899087493,10.151637144390767,5.24020397208803,38.74127750939345,12.365807836822329,7.206119162640902,11.231884057971014,6.253354804079442,2.01959205582394,0.24154589371980675,0.026838432635534086,1.9994632313472893,
136,4.5960815888352125,10.11808910359635,5.4616210413311865,38.30515297906602,12.426194310252281,7.14573268921095,11.104401502952227,6.468062265163715,2.1135265700483092,0.24154589371980675,0.026838432635534086,1.9927536231884058,
137,4.62962962962963,10.00402576489533,5.548845947396672,37.815351583467525,12.546967257112184,7.132313472893183,11.010466988727858,6.850509930220075,2.200751476113795,0.24154589371980675,0.026838432635534086,1.9927536231884058,
138,4.690016103059581,9.990606548577563,5.4549114331723025,37.567096081588836,12.533548040794418,7.132313472893183,10.950080515297907,7.051798174986581,2.2611379495437465,0.24154589371980675,0.026838432635534086,2.100107353730542,
139,4.736983360171766,9.990606548577563,6.400966183574879,35.86285560923242,12.419484702093397,6.179549114331723,12.875738056897477,7.024959742351046,2.227589908749329,0.24154589371980675,0.026838432635534086,2.0128824476650564,
140,4.804079441760601,9.990606548577563,6.400966183574879,35.71524422973698,12.412775093934513,6.152710681696189,12.875738056897477,7.139023081052066,2.227589908749329,0.24154589371980675,0.026838432635534086,2.0128824476650564,
141,4.985238862050457,9.990606548577563,6.400966183574879,35.51395598497048,12.392646269457863,6.092324208266238,12.781803542673108,7.313472893183038,2.26784755770263,0.24154589371980675,0.026838432635534086,1.9927536231884058,
142,5.152979066022544,9.96376811594203,7.98443370907139,33.89694041867955,12.285292538915728,6.146001073537305,12.627482555018787,7.340311325818572,2.281266774020397,0.24154589371980675,0.026838432635534086,2.0531400966183573,
143,5.186527106816962,9.842995169082126,8.179012345679013,33.59500805152979,12.285292538915728,6.239935587761675,12.533548040794418,7.548309178743962,2.26784755770263,0.24154589371980675,0.026838432635534086,2.0531400966183573,
144,5.307300053676865,9.842995169082126,8.259527643585615,32.98443370907139,12.191358024691358,7.62211486849168,11.929683306494901,7.434245840042942,2.2074610842726785,0.2281266774020397,0.026838432635534086,1.9659151905528718,
145,5.4616210413311865,9.749060654857756,8.480944712828771,32.75630703166935,12.171229200214707,7.763016639828234,11.627750939345143,7.380568974771873,2.2342995169082127,0.2281266774020397,0.026838432635534086,2.120236178207193,
146,5.508588298443371,9.614868491680086,8.507783145464305,32.118894256575416,12.25174449812131,8.024691358024691,11.58749329039184,7.561728395061729,2.4490069779924855,0.2281266774020397,0.026838432635534086,2.120236178207193,
147,5.595813204508857,9.614868491680086,8.675523349436393,31.756575415995705,12.218196457326892,8.179012345679013,11.41304347826087,7.581857219538379,2.4691358024691357,0.2281266774020397,0.026838432635534086,2.2410091250670963,
148,5.676328502415459,9.614868491680086,8.675523349436393,31.662640901771336,12.27187332259796,8.179012345679013,11.332528180354267,7.675791733762749,2.4154589371980677,0.2281266774020397,0.026838432635534086,2.2410091250670963,
149,5.3341384863123995,9.473966720343531,8.628556092324208,31.0654857756307,11.641170155662909,6.810252281266774,14.949006977992486,7.434245840042942,2.26784755770263,0.15432098765432098,0.026838432635534086,2.214170692431562,
150,5.367686527106817,9.473966720343531,8.695652173913043,30.9849704777241,11.594202898550725,6.816961889425658,14.908749329039184,7.4006977992485234,2.26784755770263,0.15432098765432098,0.026838432635534086,2.3081052066559313,
151,5.287171229200215,7.669082125603865,8.192431561996779,29.750402576489535,15.881642512077295,6.89747718733226,14.687332259796028,6.595544820182502,2.49597423510467,0.15432098765432098,0.026838432635534086,2.3617820719269993,
152,5.340848094471283,7.648953301127214,8.400429414922169,29.542404723564143,15.814546430488459,6.977992485238862,14.512882447665056,6.736446591519055,2.522812667740204,0.15432098765432098,0.026838432635534086,2.3215244229736984,
153,5.340848094471283,7.4208266237251745,8.588298443370908,29.455179817498657,15.814546430488459,6.018518518518518,15.660225442834138,6.702898550724638,2.462426194310252,0.1878690284487386,0.026838432635534086,2.3215244229736984,
154,5.481749865807837,7.360440150295223,8.541331186258722,29.012345679012345,15.432098765432098,6.166129898013956,15.579710144927537,7.132313472893183,2.6167471819645733,0.1878690284487386,0.026838432635534086,2.462426194310252,
155,5.609232420826624,7.300053676865271,8.521202361782072,28.878153515834676,15.566290928609769,6.152710681696189,15.405260332796564,7.219538378958669,2.636876006441224,0.1878690284487386,0.026838432635534086,2.49597423510467,
156,5.629361245303274,7.27992485238862,8.387010198604402,28.455448201825014,15.291196994095545,5.548845947396672,16.53918411164788,7.320182501341922,2.6838432635534084,0.1878690284487386,0.026838432635534086,2.6502952227589907,
157,5.736714975845411,7.27992485238862,8.064949006977992,28.25415995705851,16.015834675254965,5.246913580246914,16.465378421900162,7.27992485238862,2.804616210413312,0.17444981213097155,0.026838432635534086,2.6502952227589907,
158,5.797101449275362,7.199409554482019,8.28636607622115,28.166935050993022,15.955448201825014,5.273752012882448,16.364734299516908,7.266505636070853,2.804616210413312,0.17444981213097155,0.026838432635534086,2.6838432635534084,
159,5.971551261406334,7.185990338164252,8.333333333333334,28.059581320450885,15.780998389694043,5.374396135265701,16.21712292002147,7.333601717659689,2.8650026838432634,0.17444981213097155,0.026838432635534086,2.677133655394525,
160,6.025228126677402,7.159151905528717,8.460815888352121,27.697262479871174,16.431830381105744,5.22007514761138,15.921900161030596,7.340311325818572,2.8650026838432634,0.17444981213097155,0.026838432635534086,2.677133655394525,
161,6.105743424584004,7.132313472893183,9.104938271604938,27.100107353730543,16.391572732152444,5.10601180891036,15.83467525496511,7.555018786902845,2.8650026838432634,0.17444981213097155,0.026838432635534086,2.6033279656468062,
162,5.917874396135265,7.024959742351046,8.433977455716587,25.45625335480408,16.223832528180353,4.898013955984971,19.545088566827697,7.132313472893183,2.61003757380569,0.17444981213097155,0.05367686527106817,2.5295222758990876,
163,6.092324208266238,6.964573268921095,8.675523349436393,25.167740203972087,16.223832528180353,4.804079441760601,19.51825013419216,7.266505636070853,2.589908749329039,0.16774020397208803,0.05367686527106817,2.475845410628019,
164,6.119162640901771,6.91760601180891,8.809715512614064,24.89935587761675,16.09634997316157,4.944981213097155,19.202898550724637,7.39398819108964,2.9388083735909825,0.16774020397208803,0.05367686527106817,2.4557165861513686,
165,6.347289318303811,6.91760601180891,8.943907675791733,24.812130971551262,16.0426731078905,4.924852388620504,19.16935050993022,7.25979602791197,2.9388083735909825,0.16774020397208803,0.05367686527106817,2.4221685453569513,
166,6.4412238325281805,6.816961889425658,9.024422973698336,24.771873322597962,15.895061728395062,4.958400429414922,18.90096618357488,7.253086419753086,3.1736446591519054,0.16774020397208803,0.05367686527106817,2.5429414922168547,
167,6.615673644659152,6.709608158883521,9.219001610305957,24.711486849168008,15.83467525496511,5.01207729468599,18.833870101986044,7.199409554482019,3.1736446591519054,0.10064412238325282,0.05367686527106817,2.536231884057971,
168,6.776704240472356,6.649221685453569,9.16532474503489,24.50348899624262,15.398550724637682,4.790660225442834,19.87385936661299,7.118894256575416,3.126677402039721,0.10064412238325282,0.05367686527106817,2.442297369833602,
169,6.823671497584541,6.649221685453569,9.252549651100376,24.268652710681696,15.344873859366613,4.938271604938271,19.699409554482017,7.219538378958669,3.180354267310789,0.10064412238325282,0.05367686527106817,2.4691358024691357,
170,6.904186795491143,6.649221685453569,9.406870638754697,24.10762211486849,15.304616210413311,4.904723564143854,19.49141170155663,7.273215244229737,3.2541599570585076,0.14090177133655393,0.05367686527106817,2.509393451422437,
171,7.0383789586688135,6.347289318303811,9.708803005904455,23.89291465378422,15.237520128824476,4.87788513150832,19.363929146537842,7.4006977992485234,3.4151905528717124,0.14090177133655393,0.05367686527106817,2.522812667740204,
172,7.078636607622115,6.347289318303811,10.976918947933441,23.081052066559312,15.123456790123457,4.8443370907139025,19.236446591519055,7.1725711218464845,3.475577026301664,0.14090177133655393,0.05367686527106817,2.4691358024691357,
173,7.253086419753086,6.320450885668277,10.889694041867955,22.604669887278583,15.177133655394526,5.0993022007514766,18.968062265163713,7.568438003220612,3.455448201825013,0.14090177133655393,0.05367686527106817,2.4691358024691357,
174,7.387278582930757,6.3070316693505095,11.030595813204508,22.50402576489533,15.049651100375739,5.0993022007514766,18.874127750939344,7.568438003220612,3.455448201825013,0.14090177133655393,0.05367686527106817,2.5295222758990876,
175,7.03166935050993,6.206387546967257,10.178475577026301,27.462426194310254,14.392109500805153,5.186527106816962,17.022275899087493,6.689479334406871,3.1199677938808374,0.14090177133655393,0.05367686527106817,2.5161030595813205,
176,6.998121309715513,5.984970477724101,10.560923242082662,27.26784755770263,14.452495974235104,5.10601180891036,16.935050993022006,6.863929146537842,3.1199677938808374,0.14090177133655393,0.05367686527106817,2.5161030595813205,
