,45,50,51,54,53,55,52,56,59,58,57
0,79.10628019323671,19.209608158883523,1.6841116478797638,,,,,,,,
1,70.51798174986581,27.79790660225443,1.6841116478797638,,,,,,,,
2,70.67230273752013,27.643585614600106,1.6841116478797638,,,,,,,,
3,70.69914117015567,26.898819108964037,1.6505636070853462,0.7514761137949544,,,,,,,
4,69.69269994632313,27.905260332796566,1.6505636070853462,0.7514761137949544,,,,,,,
5,67.67981749865808,29.918142780461622,1.6505636070853462,0.7514761137949544,,,,,,,
6,67.70665593129361,29.770531400966185,1.6505636070853462,0.7514761137949544,0.12077294685990338,,,,,,
7,67.97504025764896,29.636339237788512,1.5163714439076759,0.7514761137949544,0.12077294685990338,,,,,,
8,60.581052066559316,37.151100375738054,1.5163714439076759,0.7514761137949544,,,,,,,
9,60.0979602791197,37.29200214707461,1.4224369296833066,0.8856682769726248,,0.30193236714975846,,,,,
10,58.99087493290392,37.164519592055825,1.4224369296833066,0.8856682769726248,,1.5365002683843263,,,,,
11,58.44068706387547,37.775093934514224,1.402308105206656,0.8454106280193237,,1.5365002683843263,,,,,
12,57.9374664519592,34.25925925925926,2.932098765432099,0.798443370907139,2.536231884057971,1.5365002683843263,,,,,
13,55.31400966183575,36.90955448201825,2.932098765432099,0.798443370907139,2.536231884057971,1.5096618357487923,,,,,
14,55.40794417606012,36.69484702093398,2.509393451422437,0.7716049382716049,2.536231884057971,1.5096618357487923,0.5703166935050993,,,,
15,53.92512077294686,38.177670424047236,2.509393451422437,0.7716049382716049,2.536231884057971,1.5096618357487923,0.5703166935050993,,,,
16,54.01905528717123,37.78851315083199,2.509393451422437,0.7716049382716049,2.536231884057971,1.5096618357487923,0.8655394524959742,,,,
17,52.58990874932904,32.62211486849168,10.25228126677402,0.7716049382716049,2.536231884057971,0.36231884057971014,0.8655394524959742,,,,
18,52.61674718196457,32.62211486849168,10.25228126677402,0.7716049382716049,2.536231884057971,0.36231884057971014,0.8387010198604401,,,,
19,50.20799785292539,33.360171765968865,10.245571658615138,0.7514761137949544,1.7847557702630166,0.35560923242082665,3.294417606011809,,,,
20,48.8191089640365,34.695383789586685,10.017444981213098,0.7514761137949544,1.932367149758454,0.2616747181964573,3.294417606011809,0.2281266774020397,,,
21,48.59769189479334,33.44068706387547,12.795222758990874,0.7514761137949544,1.932367149758454,0.2616747181964573,1.9927536231884058,0.2281266774020397,,,
22,48.01395598497048,33.55475040257649,12.915995705850777,0.7514761137949544,1.8988191089640365,0.644122383252818,1.9927536231884058,0.2281266774020397,,,
23,48.18840579710145,32.991143317230275,12.915995705850777,0.7514761137949544,2.2879763821792807,0.644122383252818,1.9927536231884058,0.2281266774020397,,,
24,35.98362855609233,52.05314009661836,5.226784755770263,0.6910896403650026,1.9256575415995705,0.5837359098228664,3.535963499731616,,,,
25,33.762748255501876,50.99302200751476,5.179817498658078,3.455448201825013,1.9256575415995705,0.5837359098228664,4.0995705850778315,,,,
26,33.91035963499731,47.175254965110035,5.179817498658078,3.455448201825013,1.9256575415995705,4.253891572732153,4.0995705850778315,,,,
27,32.84353193773484,48.329307568438004,5.179817498658078,3.455448201825013,1.7914653784219001,4.300858829844337,4.0995705850778315,,,,
28,32.23295759527644,48.027375201288244,6.260064412238325,3.3816425120772946,1.7646269457863661,4.26731078904992,4.066022544283414,,,,
29,32.27992485238862,48.00053676865271,6.260064412238325,3.3816425120772946,1.7646269457863661,4.26731078904992,4.045893719806763,,,,
30,32.809983896940416,47.47047772410091,6.206387546967257,3.5225442834138487,1.7646269457863661,4.26731078904992,3.9586688137412773,,,,
31,33.21256038647343,46.947128287708,6.139291465378422,4.146537842190016,1.7646269457863661,3.8311862587224907,3.9586688137412773,,,,
32,33.9573268921095,46.26945786366076,6.139291465378422,4.119699409554482,1.737788513150832,3.8311862587224907,3.9452495974235107,,,,
33,32.14573268921095,43.35077831454643,9.567901234567902,3.851315083199141,0.7179280730005367,3.7775093934514223,6.588835212023618,,,,
34,30.56897477187332,45.32340311325819,9.29951690821256,3.3480944712828773,0.6843800322061192,3.717122920021471,6.5485775630703165,0.5099302200751477,,,
35,30.897745571658614,44.97450348899624,9.212292002147075,3.3480944712828773,0.6843800322061192,3.824476650563607,6.5485775630703165,0.5099302200751477,,,
36,30.62265163714439,45.289855072463766,9.172034353193773,3.2340311325818574,0.798443370907139,3.824476650563607,6.5485775630703165,0.5099302200751477,,,
37,31.13929146537842,44.7866344605475,9.172034353193773,3.2206119162640903,0.7313472893183038,3.898282340311326,6.541867954911433,0.5099302200751477,,,
38,30.763553408480945,39.472624798711756,9.104938271604938,8.984165324745035,0.6910896403650026,3.9318303811057436,6.541867954911433,0.5099302200751477,,,
39,31.04535695115405,38.969404186795494,9.997316156736447,8.849973161567364,0.6709608158883521,4.045893719806763,5.911164787976382,0.5099302200751477,,,
40,31.11916264090177,37.60064412238325,9.923510466988727,8.756038647342995,0.9728931830381106,4.804079441760601,6.3137412775093935,0.5099302200751477,,,
41,25.39586688137413,33.15217391304348,18.773483628556093,8.440687063875469,0.9326355340848095,4.7638217928073,8.031400966183575,0.5099302200751477,,,
42,25.738056897477186,33.00456253354804,18.625872249060656,8.393719806763285,0.9326355340848095,4.7638217928073,8.031400966183575,0.5099302200751477,,,
43,25.87224906065486,32.8166935050993,18.766774020397207,8.387010198604402,0.8923778851315083,4.7638217928073,7.991143317230274,0.5099302200751477,,,
44,24.812130971551262,33.675523349436396,18.94122383252818,8.548040794417606,0.8923778851315083,4.62962962962963,7.991143317230274,0.5099302200751477,,,
45,25.194578636607623,33.02469135802469,19.85373054213634,8.440687063875469,0.7581857219538379,4.320987654320987,7.897208803005904,0.5099302200751477,,,
46,25.644122383252817,32.830112721417066,19.773215244229736,8.407139023081053,0.7581857219538379,4.320987654320987,7.75630703166935,0.5099302200751477,,,
47,25.925925925925927,32.50805152979066,19.64573268921095,8.722490606548577,0.7581857219538379,4.300858829844337,7.628824476650563,0.5099302200751477,,,
48,26.321792807300053,32.2463768115942,19.598765432098766,8.742619431025227,0.6843800322061192,4.26731078904992,7.628824476650563,0.5099302200751477,,,
49,26.67740203972088,32.1256038647343,19.598765432098766,8.709071390230811,0.6843800322061192,4.247181964573269,7.494632313472893,0.46296296296296297,,,
50,25.603864734299517,34.05797101449275,19.310252281266774,8.568169618894256,0.630703166935051,4.247181964573269,7.118894256575416,0.46296296296296297,,,
51,26.476113794954376,33.561460010735374,19.176060118089104,8.36688137412775,0.630703166935051,4.280730005367687,6.9310252281266775,0.46296296296296297,0.11406333870101985,,
52,26.133923778851315,32.46108427267848,21.034621578099838,8.252818035426731,0.6239935587761675,4.213633923778851,6.709608158883521,0.4562533548040794,0.11406333870101985,,
53,26.80488459473967,32.2061191626409,20.618625872249062,8.252818035426731,0.6239935587761675,4.213633923778851,6.709608158883521,0.4562533548040794,0.11406333870101985,,
54,26.898819108964037,31.61567364465915,20.585077831454644,8.185721953837897,0.6239935587761675,4.3545356951154055,7.1658615136876005,0.4562533548040794,0.11406333870101985,,
55,27.79790660225443,30.938003220611915,20.417337627482556,8.172302737520129,0.6239935587761675,4.314278046162104,7.1658615136876005,0.4562533548040794,0.11406333870101985,,
56,27.489264626945786,30.44820182501342,21.598228663446054,8.011272141706923,0.5099302200751477,4.1129898013955986,7.14573268921095,0.5703166935050993,0.11406333870101985,,
57,27.51610305958132,28.663446054750402,22.665056360708533,7.877079978529254,0.5099302200751477,5.12614063338701,6.957863660762212,0.5703166935050993,0.11406333870101985,,
58,27.677133655394524,27.61003757380569,22.5979602791197,8.487654320987655,0.48980139559849706,5.253623188405797,7.058507783145465,0.5703166935050993,0.11406333870101985,0.14090177133655393,
59,28.650026838432634,27.079978529253893,22.289318303811058,8.487654320987655,0.4495437466451959,5.24020397208803,6.977992485238862,0.5703166935050993,0.11406333870101985,0.14090177133655393,
60,27.91867954911433,26.952495974235106,23.201825013419217,8.487654320987655,0.4294149221685454,5.24020397208803,6.957863660762212,0.5568974771873323,0.11406333870101985,0.14090177133655393,
61,27.066559312936125,24.27536231884058,23.05421363392378,12.627482555018787,0.798443370907139,4.622920021470746,6.763285024154589,0.5568974771873323,0.11406333870101985,0.12077294685990338,
62,22.5577026301664,18.35077831454643,33.91035963499731,11.641170155662909,0.7783145464304885,5.387815351583468,6.582125603864735,0.5568974771873323,0.11406333870101985,0.12077294685990338,
63,22.611379495437465,17.961621041331185,33.373590982286636,12.104133118625873,0.7648953301127214,5.850778314546431,6.541867954911433,0.5568974771873323,0.11406333870101985,0.12077294685990338,
64,23.007246376811594,17.76033279656468,30.01207729468599,12.077294685990339,0.7648953301127214,5.8239398819108965,9.762479871175524,0.5568974771873323,0.11406333870101985,0.12077294685990338,
65,23.812399355877616,17.673107890499196,29.74369296833065,11.943102522812667,0.7648953301127214,5.508588298443371,9.762479871175524,0.5568974771873323,0.11406333870101985,0.12077294685990338,
66,24.282071926999464,17.619431025228128,29.542404723564143,11.90955448201825,0.7648953301127214,5.481749865807837,9.608158883521202,0.5568974771873323,0.11406333870101985,0.12077294685990338,
67,24.48336017176597,17.51207729468599,26.570048309178745,12.191358024691358,3.3950617283950617,5.481749865807837,9.574610842726784,0.5568974771873323,0.11406333870101985,0.12077294685990338,
68,25.046967257112186,17.330917874396135,26.41572732152442,12.097423510466989,3.374932903918411,5.401234567901234,9.541062801932368,0.5568974771873323,0.11406333870101985,0.12077294685990338,
69,25.503220611916262,17.324208266237253,26.006441223832528,11.882716049382717,3.374932903918411,5.293880837359098,9.822866344605474,0.5568974771873323,0.11406333870101985,0.12077294685990338,
70,26.04669887278583,17.042404723564143,24.14787976382179,12.130971551261407,3.2541599570585076,4.804079441760601,11.782071926999464,0.5568974771873323,0.11406333870101985,0.12077294685990338,
71,26.516371443907676,16.988727858293075,23.980139559849704,12.00348899624262,3.2541599570585076,4.783950617283951,11.714975845410628,0.5233494363929146,0.11406333870101985,0.12077294685990338,
72,26.221148684916802,17.619431025228128,23.731884057971016,11.768652710681696,3.2541599570585076,4.777241009125067,11.647879763821793,0.6575415995705851,0.11406333870101985,0.20799785292538917,
73,26.402308105206657,17.438271604938272,23.517176596886742,11.3191089640365,3.2541599570585076,4.233762748255502,13.117283950617283,0.39586688137412773,0.11406333870101985,0.20799785292538917,
74,27.059849704777243,17.337627482555018,23.349436392914654,11.178207192699947,3.2541599570585076,4.166666666666667,12.942834138486312,0.39586688137412773,0.10735373054213634,0.20799785292538917,
75,26.764626945786365,17.223564143854,24.16129898013956,11.11111111111111,3.2139023081052067,4.0995705850778315,12.714707461084272,0.39586688137412773,0.10735373054213634,0.20799785292538917,
76,27.18733225979603,17.082662372517444,23.960010735373054,11.044015029522276,3.2139023081052067,4.186795491143317,12.614063338701019,0.39586688137412773,0.10735373054213634,0.20799785292538917,
77,27.254428341384862,16.774020397208805,23.852657004830917,10.326086956521738,3.2139023081052067,4.186795491143317,13.781535158346752,0.2952227589908749,0.10735373054213634,0.20799785292538917,
78,27.677133655394524,16.82769726247987,23.68491680085883,10.238862050456254,3.1199677938808374,4.180085882984434,13.66076221148685,0.2952227589908749,0.10735373054213634,0.20799785292538917,
79,27.999194847020934,16.774020397208805,23.517176596886742,10.238862050456254,3.1199677938808374,4.180085882984434,13.560118089103597,0.2952227589908749,0.10735373054213634,0.20799785292538917,
80,28.28099838969404,16.59286097691895,23.409822866344605,9.997316156736447,3.1199677938808374,4.0995705850778315,13.768115942028986,0.2952227589908749,0.2281266774020397,0.20799785292538917,
81,28.663446054750402,16.566022544283413,22.65163714439077,9.977187332259795,3.0864197530864197,4.683306494900698,13.6406333870102,0.2952227589908749,0.2281266774020397,0.20799785292538917,
82,28.576221148684915,16.525764895330113,22.363123993558776,8.621846484165324,4.918142780461621,4.804079441760601,13.459473966720344,0.2952227589908749,0.2281266774020397,0.20799785292538917,
83,28.327965646806227,16.076221148684915,22.17525496511004,8.440687063875469,6.528448738593666,4.1532474503489,13.446054750402576,0.2952227589908749,0.3488996242619431,0.20799785292538917,
84,28.166935050993022,15.485775630703166,23.07434245840043,8.420558239398819,6.515029522275899,4.1532474503489,13.331991411701557,0.2952227589908749,0.3488996242619431,0.20799785292538917,
85,28.83118625872249,15.391841116478798,22.785829307568438,8.420558239398819,6.515029522275899,4.045893719806763,13.16425120772947,0.2952227589908749,0.3421900161030596,0.20799785292538917,
86,29.146537842190018,15.385131508319914,22.7187332259796,8.219269994632313,6.515029522275899,3.965378421900161,13.070316693505099,0.2952227589908749,0.3421900161030596,0.3421900161030596,
87,29.656468062265162,15.26435856146001,21.973966720343533,8.225979602791197,6.595544820182502,4.3478260869565215,12.969672571121846,0.2952227589908749,0.3421900161030596,0.32877079978529256,
88,30.394524959742352,15.150295222758992,21.85990338164251,8.064949006977992,6.541867954911433,4.300858829844337,12.72812667740204,0.2885131508319914,0.3421900161030596,0.32877079978529256,
89,28.650026838432634,14.184111647879764,25.49651100375738,7.601986044015029,6.541867954911433,4.26731078904992,12.399355877616747,0.1878690284487386,0.3421900161030596,0.32877079978529256,
90,28.945249597423512,14.184111647879764,25.181159420289855,7.608695652173913,6.991411701556629,4.26731078904992,12.04374664519592,0.1878690284487386,0.2616747181964573,0.32877079978529256,
91,29.448470209339774,14.009661835748792,24.89935587761675,7.608695652173913,6.971282877079979,4.26731078904992,12.016908212560386,0.1878690284487386,0.2616747181964573,0.32877079978529256,
92,29.904723564143854,13.922436929683306,24.516908212560388,7.581857219538379,6.971282877079979,4.247181964573269,12.077294685990339,0.1878690284487386,0.2616747181964573,0.32877079978529256,
93,29.830917874396135,13.868760064412239,24.349168008588297,7.514761137949543,6.937734836285561,4.247181964573269,12.06387546967257,0.1878690284487386,0.2616747181964573,0.7380568974771873,
94,30.059044551798173,13.714439076757918,24.335748792270532,7.514761137949543,6.91760601180891,4.334406870638754,11.936392914653783,0.1878690284487386,0.2616747181964573,0.7380568974771873,
95,30.48845947396672,13.573537305421363,24.268652710681696,7.434245840042942,6.870638754696726,4.334406870638754,11.889425657541599,0.1878690284487386,0.2616747181964573,0.6910896403650026,
96,30.71658615136876,13.506441223832528,23.93317230273752,7.897208803005904,6.823671497584541,4.2203435319377345,11.761943102522812,0.1878690284487386,0.2616747181964573,0.6910896403650026,
97,30.407944176060116,13.18438003220612,24.771873322597962,7.897208803005904,6.823671497584541,4.072732152442297,11.701556629092861,0.1878690284487386,0.2616747181964573,0.6910896403650026,
98,30.803811057434245,13.077026301663983,24.355877616747183,8.172302737520129,6.702898550724638,4.072732152442297,11.674718196457327,0.1878690284487386,0.2616747181964573,0.6910896403650026,
99,29.844337090713903,12.305421363392378,25.167740203972087,7.628824476650563,8.695652173913043,3.938539989264627,11.553945249597424,0.1878690284487386,0.2616747181964573,0.41599570585077833,
100,30.50187869028449,12.050456253354804,24.89935587761675,7.883789586688137,8.581588835212024,3.8580246913580245,11.3593666129898,0.1878690284487386,0.2616747181964573,0.41599570585077833,
101,30.870907139023082,11.996779388083736,24.644390767579175,7.883789586688137,8.568169618894256,3.8580246913580245,11.312399355877616,0.1878690284487386,0.2616747181964573,0.41599570585077833,
102,31.246645195920557,11.896135265700483,24.416264090177133,8.28636607622115,8.279656468062266,3.8378958668813743,11.057434245840042,0.1878690284487386,0.2549651100375738,0.5367686527106817,
103,31.199677938808374,11.761943102522812,23.55072463768116,8.313204508856682,5.897745571658615,3.8378958668813743,14.579978529253891,0.1878690284487386,0.2549651100375738,0.41599570585077833,
104,28.81105743424584,13.264895330112722,22.81266774020397,7.957595276435856,8.272946859903382,3.5628019323671496,14.459205582393988,0.1878690284487386,0.2549651100375738,0.41599570585077833,
105,29.22705314009662,13.251476113794954,22.65163714439077,7.843531937734836,8.172302737520129,3.5628019323671496,14.432367149758454,0.1878690284487386,0.2549651100375738,0.41599570585077833,
106,28.005904455179817,15.854804079441761,22.16183574879227,7.568438003220612,8.333333333333334,3.5628019323671496,13.654052603327965,0.1878690284487386,0.2549651100375738,0.41599570585077833,
107,28.079710144927535,15.780998389694043,21.987385936661298,7.555018786902845,8.876811594202898,3.824476650563607,13.036768652710682,0.1878690284487386,0.2549651100375738,0.41599570585077833,
108,28.556092324208265,15.60654857756307,21.886741814278047,7.5281803542673105,8.80300590445518,3.81105743424584,12.949543746645196,0.1878690284487386,0.2549651100375738,0.41599570585077833,
109,28.31454643048846,14.432367149758454,23.89291465378422,7.5281803542673105,8.480944712828771,3.9184111647879765,12.580515297906603,0.18115942028985507,0.2549651100375738,0.41599570585077833,
110,28.455448201825014,14.036500268384327,23.872785829307567,7.347020933977456,8.480944712828771,4.133118625872249,12.567096081588835,0.18115942028985507,0.2549651100375738,0.41599570585077833,0.2549651100375738
111,28.16022544283414,13.613794954374665,23.845947396672035,7.347020933977456,9.272678475577026,4.1129898013955986,12.5402576489533,0.18115942028985507,0.2549651100375738,0.41599570585077833,0.2549651100375738
112,28.978797638217927,13.33870101986044,23.718464841653248,7.347020933977456,9.272678475577026,3.878153515834675,12.486580783682234,0.05367686527106817,0.2549651100375738,0.41599570585077833,0.2549651100375738
113,29.64975845410628,13.009930220075148,23.57085346215781,7.347020933977456,9.01100375738057,3.8378958668813743,12.593934514224369,0.05367686527106817,0.2549651100375738,0.41599570585077833,0.2549651100375738
114,29.944981213097154,12.962962962962964,23.47691894793344,7.306763285024155,8.970746108427267,3.8378958668813743,12.52012882447665,0.05367686527106817,0.2549651100375738,0.41599570585077833,0.2549651100375738
115,30.52871712292002,12.909286097691895,22.758990874932906,7.219538378958669,9.339774557165862,3.7104133118625873,12.573805689747719,0.03354804079441761,0.2549651100375738,0.41599570585077833,0.2549651100375738
116,30.709876543209877,12.754965110037574,21.973966720343533,7.977724100912507,9.339774557165862,3.7104133118625873,12.573805689747719,0.03354804079441761,0.2549651100375738,0.41599570585077833,0.2549651100375738
117,31.00509930220075,12.68786902844874,21.75925925925926,7.977724100912507,9.339774557165862,3.7104133118625873,12.560386473429952,0.03354804079441761,0.2549651100375738,0.41599570585077833,0.2549651100375738
118,31.260064412238325,12.647611379495437,21.511003757380568,7.977724100912507,9.245840042941492,3.851315083199141,12.546967257112184,0.03354804079441761,0.2549651100375738,0.41599570585077833,0.2549651100375738
119,31.850509930220074,12.600644122383253,21.38352120236178,7.924047235641439,9.158615136876007,4.066022544283414,12.110842726784755,0.03354804079441761,0.2549651100375738,0.41599570585077833,0.20128824476650564
120,31.407675791733762,12.13768115942029,19.91411701556629,7.924047235641439,9.03113258185722,3.8177670424047236,14.861782071927,0.03354804079441761,0.2549651100375738,0.41599570585077833,0.20128824476650564
121,32.018250134192165,11.929683306494901,19.85373054213634,7.883789586688137,8.99087493290392,3.7372517444981215,14.680622651637144,0.03354804079441761,0.2549651100375738,0.41599570585077833,0.20128824476650564
122,32.1658615136876,11.829039184111648,19.712828770799785,7.87037037037037,9.346484165324744,3.69699409554482,14.533011272141707,0.03354804079441761,0.2549651100375738,0.41599570585077833,0.14090177133655393
123,32.360440150295226,11.493558776167472,19.706119162640903,7.816693505099302,9.346484165324744,3.81105743424584,14.620236178207193,0.03354804079441761,0.2549651100375738,0.41599570585077833,0.14090177133655393
124,32.64224369296833,11.406333870101985,19.57192699946323,7.796564680622652,9.31964573268921,3.81105743424584,14.606816961889425,0.03354804079441761,0.2549651100375738,0.41599570585077833,0.14090177133655393
125,33.02469135802469,11.406333870101985,19.370638754696724,7.695920558239399,9.212292002147075,3.7909286097691894,14.65378421900161,0.03354804079441761,0.2549651100375738,0.41599570585077833,0.14090177133655393
126,33.23939881910896,11.292270531400966,19.47799248523886,7.695920558239399,9.111647879763822,3.683574879227053,14.65378421900161,0.03354804079441761,0.2549651100375738,0.41599570585077833,0.14090177133655393
127,33.52791196994095,11.292270531400966,19.424315619967793,7.6623725174449815,9.037842190016104,3.683574879227053,14.526301663982823,0.03354804079441761,0.2549651100375738,0.41599570585077833,0.14090177133655393
128,33.7157809983897,11.272141706924316,19.343800322061192,7.6623725174449815,9.037842190016104,3.683574879227053,14.439076757917338,0.03354804079441761,0.2549651100375738,0.41599570585077833,0.14090177133655393
129,34.01100375738057,11.137949543746645,19.32367149758454,7.62211486849168,8.99087493290392,3.683574879227053,14.38539989264627,0.03354804079441761,0.2549651100375738,0.41599570585077833,0.14090177133655393
130,34.514224369296834,11.104401502952227,19.162640901771336,7.461084272678476,8.970746108427267,3.683574879227053,14.257917337627482,0.03354804079441761,0.2549651100375738,0.41599570585077833,0.14090177133655393
131,28.482286634460547,33.467525496511,10.02415458937198,5.884326355340848,7.300053676865271,2.522812667740204,11.473429951690822,0.03354804079441761,0.2549651100375738,0.41599570585077833,0.14090177133655393
132,28.61647879763822,33.43397745571659,10.02415458937198,5.864197530864198,7.273215244229737,2.49597423510467,11.379495437466453,0.1274825550187869,0.2281266774020397,0.41599570585077833,0.14090177133655393
133,28.77079978529254,33.42055823939882,9.896672034353195,5.864197530864198,7.25979602791197,2.49597423510467,11.379495437466453,0.1274825550187869,0.2281266774020397,0.41599570585077833,0.14090177133655393
134,29.03918411164788,32.8972088030059,9.856414385399892,5.857487922705314,7.253086419753086,2.475845410628019,11.708266237251744,0.1274825550187869,0.2281266774020397,0.41599570585077833,0.14090177133655393
135,29.180085882984432,32.689210950080515,9.722222222222221,5.857487922705314,7.253086419753086,2.6972624798711755,11.688137412775093,0.1274825550187869,0.2281266774020397,0.41599570585077833,0.14090177133655393
136,28.878153515834676,32.46108427267848,11.533816425120772,6.266774020397209,7.098765432098766,2.6704240472356413,10.205314009661835,0.10735373054213634,0.2214170692431562,0.41599570585077833,0.14090177133655393
137,29.032474503488995,32.360440150295226,11.533816425120772,6.266774020397209,7.058507783145465,2.6704240472356413,10.19189479334407,0.10735373054213634,0.2214170692431562,0.41599570585077833,0.14090177133655393
138,29.1532474503489,32.17257112184648,11.60762211486849,6.266774020397209,7.058507783145465,2.6704240472356413,10.185185185185185,0.10735373054213634,0.2214170692431562,0.41599570585077833,0.14090177133655393
139,29.54911433172303,31.910896403650028,11.52710681696189,6.031937734836285,7.058507783145465,2.703972088030059,10.104669887278583,0.10735373054213634,0.2147074610842727,0.39586688137412773,0.39586688137412773
140,29.911433172302736,31.508319914117017,11.460010735373054,6.541867954911433,6.863929146537842,2.5697799248523885,10.030864197530864,0.10735373054213634,0.2147074610842727,0.39586688137412773,0.39586688137412773
141,30.9849704777241,30.62265163714439,11.325818572195384,6.515029522275899,6.863929146537842,2.636876006441224,9.936929683306495,0.10735373054213634,0.2147074610842727,0.39586688137412773,0.39586688137412773
142,31.46135265700483,30.213365539452496,11.29898013955985,6.508319914117015,6.843800322061192,2.636876006441224,9.923510466988727,0.10735373054213634,0.2147074610842727,0.39586688137412773,0.39586688137412773
143,31.4747718733226,30.099302200751477,11.332528180354267,6.622383252818035,6.998121309715513,2.6301663982823404,9.769189479334408,0.10735373054213634,0.2147074610842727,0.39586688137412773,0.35560923242082665
144,30.97826086956522,30.797101449275363,11.231884057971014,6.5552871712292005,6.971282877079979,2.6301663982823404,9.762479871175524,0.10735373054213634,0.2147074610842727,0.39586688137412773,0.35560923242082665
145,31.011808910359633,30.709876543209877,10.983628556092324,6.588835212023618,6.951154052603328,3.012614063338701,9.73564143853999,0.10735373054213634,0.14761137949543746,0.39586688137412773,0.35560923242082665
146,28.073000536768653,30.08588298443371,20.699141170155663,5.844068706387547,4.703435319377348,2.8113258185721954,7.004830917874396,0.040257648953301126,0.0939345142243693,0.2885131508319914,0.35560923242082665
147,28.12667740203972,29.944981213097154,20.30998389694042,5.844068706387547,4.810789049919484,2.717391304347826,7.467793880837359,0.040257648953301126,0.0939345142243693,0.2885131508319914,0.35560923242082665
148,28.629898013955984,29.636339237788512,20.088566827697264,5.770263016639828,4.790660225442834,2.8650026838432634,7.440955448201825,0.040257648953301126,0.0939345142243693,0.2885131508319914,0.35560923242082665
149,29.05931293612453,29.441760601180892,19.847020933977454,5.71658615136876,4.790660225442834,2.85829307568438,7.50805152979066,0.040257648953301126,0.0939345142243693,0.2885131508319914,0.35560923242082665
150,28.576221148684915,29.126409017713364,20.69243156199678,5.703166935050993,4.7638217928073,2.9253891572732154,7.434245840042942,0.040257648953301126,0.0939345142243693,0.2885131508319914,0.35560923242082665
151,28.69699409554482,29.086151368760063,20.544820182501343,5.622651637144391,4.7638217928073,3.0730005367686526,7.434245840042942,0.040257648953301126,0.0939345142243693,0.2885131508319914,0.35560923242082665
152,29.025764895330113,29.01905528717123,20.38378958668814,5.60252281266774,4.736983360171766,3.0327428878153517,7.434245840042942,0.040257648953301126,0.0939345142243693,0.2885131508319914,0.3421900161030596
153,29.770531400966185,28.891572732152444,20.46430488459474,5.548845947396672,4.327697262479871,3.0327428878153517,7.232957595276436,0.040257648953301126,0.0939345142243693,0.2885131508319914,0.30864197530864196
154,30.35426731078905,28.60305958132045,20.35024154589372,5.528717122920021,4.2203435319377345,3.0327428878153517,7.179280730005368,0.040257648953301126,0.0939345142243693,0.2885131508319914,0.30864197530864196
155,30.48174986580784,28.5829307568438,20.316693505099302,5.522007514761138,4.200214707461084,2.985775630703167,7.179280730005368,0.040257648953301126,0.0939345142243693,0.2885131508319914,0.30864197530864196
156,30.864197530864196,28.361513687600645,20.108695652173914,5.649490069779925,4.180085882984434,2.985775630703167,7.118894256575416,0.040257648953301126,0.0939345142243693,0.2885131508319914,0.30864197530864196
157,30.823939881910896,28.247450348899623,19.189479334406872,5.636070853462158,4.562533548040794,3.180354267310789,7.628824476650563,0.040257648953301126,0.0939345142243693,0.2885131508319914,0.30864197530864196
158,31.166129898013956,28.153515834675254,19.0150295222759,5.622651637144391,4.555823939881911,3.180354267310789,7.575147611379496,0.040257648953301126,0.0939345142243693,0.2885131508319914,0.30864197530864196
159,31.44122383252818,28.012614063338702,19.00161030595813,5.622651637144391,4.528985507246377,3.1535158346752548,7.521470746108427,0.040257648953301126,0.0939345142243693,0.2885131508319914,0.2952227589908749
160,31.622383252818036,27.79790660225443,18.853998926462694,5.622651637144391,4.51556629092861,3.280998389694042,7.474503488996243,0.15432098765432098,0.0939345142243693,0.2885131508319914,0.2952227589908749
161,31.850509930220074,27.710681696188942,18.746645195920557,5.562265163714439,4.4753086419753085,3.3950617283950617,7.474503488996243,0.15432098765432098,0.0939345142243693,0.24154589371980675,0.2952227589908749
162,32.15244229736983,27.563070316693505,18.746645195920557,5.562265163714439,4.461889425657541,3.3413848631239937,7.387278582930757,0.15432098765432098,0.0939345142243693,0.24154589371980675,0.2952227589908749
163,32.58185721953838,27.241009125067094,18.706387546967257,5.542136339237788,4.461889425657541,3.294417606011809,7.387278582930757,0.15432098765432098,0.0939345142243693,0.24154589371980675,0.2952227589908749
164,32.85024154589372,27.033011272141707,18.699677938808374,5.542136339237788,4.461889425657541,3.294417606011809,7.333601717659689,0.15432098765432098,0.0939345142243693,0.24154589371980675,0.2952227589908749
165,32.9777241009125,26.838432635534083,18.63929146537842,5.6964573268921095,4.461889425657541,3.2675791733762747,7.333601717659689,0.15432098765432098,0.0939345142243693,0.24154589371980675,0.2952227589908749
166,33.43397745571659,26.442565754159958,18.61916264090177,5.689747718733226,4.441760601180891,3.2675791733762747,7.320182501341922,0.15432098765432098,0.0939345142243693,0.24154589371980675,0.2952227589908749
167,33.843263553408484,26.382179280730007,18.552066559312937,5.548845947396672,4.334406870638754,3.2675791733762747,7.2933440687063875,0.15432098765432098,0.0939345142243693,0.24154589371980675,0.2885131508319914
168,33.17230273752013,25.543478260869566,18.5252281266774,7.87037037037037,3.6097691894793345,3.2474503488996245,7.253086419753086,0.15432098765432098,0.0939345142243693,0.24154589371980675,0.2885131508319914
169,33.50107353730542,25.41599570585078,18.21658615136876,7.863660762211487,3.643317230273752,3.166935050993022,7.179280730005368,0.30864197530864196,0.0939345142243693,0.24154589371980675,0.36902844873859364
170,33.60842726784756,25.355609232420825,18.136070853462158,7.856951154052603,3.750670960815888,3.1333870101986045,7.14573268921095,0.30864197530864196,0.0939345142243693,0.24154589371980675,0.36902844873859364
171,33.923778851315085,25.261674718196456,18.06226516371444,7.823403113258186,3.750670960815888,3.1199677938808374,7.0450885668276975,0.30864197530864196,0.0939345142243693,0.24154589371980675,0.36902844873859364
172,34.286097691894796,25.107353730542137,17.840848094471284,7.803274288781535,3.7372517444981215,3.280998389694042,6.9310252281266775,0.30864197530864196,0.0939345142243693,0.24154589371980675,0.36902844873859364
173,34.25925925925926,25.0805152979066,17.800590445517983,7.763016639828234,3.717122920021471,3.3548040794417604,7.011540526033279,0.30864197530864196,0.0939345142243693,0.24154589371980675,0.36902844873859364
174,33.49436392914654,24.9194847020934,16.97530864197531,7.883789586688137,3.4822866344605474,3.2206119162640903,9.07139023081052,0.30193236714975846,0.040257648953301126,0.24154589371980675,0.36902844873859364
175,33.62855609232421,24.65780998389694,17.183306494900698,7.742887815351583,3.4822866344605474,3.2004830917874396,9.03113258185722,0.30193236714975846,0.1610305958132045,0.24154589371980675,0.36902844873859364
176,33.7157809983897,24.376006441223833,17.37788513150832,7.924047235641439,3.4688674181427803,3.113258185721954,9.024422973698336,0.30193236714975846,0.1610305958132045,0.16774020397208803,0.36902844873859364
177,34.4068706387547,23.95330112721417,17.310789049919485,7.87037037037037,3.2474503488996245,3.1065485775630703,8.943907675791733,0.30193236714975846,0.1610305958132045,0.16774020397208803,0.5300590445517982
178,34.70880300590446,23.872785829307567,17.23027375201288,7.796564680622652,3.227321524422974,3.0730005367686526,8.930488459473967,0.30193236714975846,0.1610305958132045,0.16774020397208803,0.5300590445517982
179,34.98389694041868,23.718464841653248,17.143048845947398,7.796564680622652,3.2139023081052067,3.1535158346752548,8.829844337090714,0.30193236714975846,0.1610305958132045,0.16774020397208803,0.5300590445517982
180,35.46027911969941,23.617820719269993,17.04911433172303,7.769726247987117,3.1065485775630703,3.0059044551798175,8.829844337090714,0.30193236714975846,0.1610305958132045,0.16774020397208803,0.5300590445517982
181,35.929951690821255,23.597691894793343,16.794149221685455,7.75630703166935,3.066290928609769,2.945517981749866,8.749329039184111,0.30193236714975846,0.1610305958132045,0.16774020397208803,0.5300590445517982
182,36.151368760064415,23.503757380568974,16.680085882984432,7.669082125603865,3.0595813204508855,2.945517981749866,8.836553945249598,0.30193236714975846,0.1610305958132045,0.16774020397208803,0.5233494363929146
183,36.3996242619431,23.309178743961354,16.6129898013956,7.62211486849168,3.0595813204508855,3.0394524959742353,8.82313472893183,0.30193236714975846,0.1610305958132045,0.16774020397208803,0.5032206119162641
184,36.922973698336016,23.03408480944713,16.384863123993558,7.62211486849168,3.046162104133119,3.193773483628556,8.662104133118627,0.30193236714975846,0.1610305958132045,0.16774020397208803,0.5032206119162641
185,37.043746645195924,23.03408480944713,16.33118625872249,7.615405260332796,3.046162104133119,3.1535158346752548,8.641975308641975,0.30193236714975846,0.1610305958132045,0.16774020397208803,0.5032206119162641
186,37.01690821256039,22.69860440150295,16.800858829844337,7.548309178743962,3.046162104133119,3.1468062265163717,8.608427267847558,0.30193236714975846,0.1610305958132045,0.16774020397208803,0.5032206119162641
187,37.32555018786903,22.57783145464305,16.71363392377885,7.474503488996243,3.046162104133119,3.1468062265163717,8.581588835212024,0.30193236714975846,0.1610305958132045,0.16774020397208803,0.5032206119162641
188,37.553676865271065,22.463768115942027,16.67337627482555,7.601986044015029,3.0327428878153517,3.1468062265163717,8.393719806763285,0.30193236714975846,0.1610305958132045,0.16774020397208803,0.5032206119162641
189,37.88244766505636,22.322866344605476,16.61969940955448,7.48792270531401,3.0327428878153517,3.126677402039721,8.393719806763285,0.30193236714975846,0.1610305958132045,0.16774020397208803,0.5032206119162641
190,38.077026301663984,22.249060654857757,16.525764895330113,7.474503488996243,3.0327428878153517,3.126677402039721,8.380300590445518,0.30193236714975846,0.1610305958132045,0.16774020397208803,0.5032206119162641
191,38.45276435856146,22.16183574879227,16.384863123993558,7.427536231884058,3.0327428878153517,3.026033279656468,8.380300590445518,0.30193236714975846,0.1610305958132045,0.16774020397208803,0.5032206119162641
192,38.191089640365,21.584809447128286,16.33118625872249,7.253086419753086,3.0059044551798175,4.119699409554482,8.380300590445518,0.30193236714975846,0.1610305958132045,0.16774020397208803,0.5032206119162641
193,38.86205045625336,21.43719806763285,16.23725174449812,6.957863660762212,2.9119699409554483,4.1129898013955986,8.272946859903382,0.4227053140096618,0.1610305958132045,0.12077294685990338,0.5032206119162641
194,39.331723027375205,21.088298443370906,16.17686527106817,6.951154052603328,2.898550724637681,4.086151368760064,8.259527643585615,0.4227053140096618,0.1610305958132045,0.12077294685990338,0.5032206119162641
195,39.52630166398282,20.954106280193237,16.25067096081589,6.837090713902308,2.8113258185721954,4.133118625872249,8.279656468062266,0.4227053140096618,0.1610305958132045,0.12077294685990338,0.5032206119162641
196,40.08990874932904,20.873590982286636,16.002415458937197,6.8035426731078905,2.7844873859366612,4.133118625872249,8.105206655931294,0.4227053140096618,0.1610305958132045,0.12077294685990338,0.5032206119162641
197,40.29119699409554,20.74610842726785,15.92860976918948,6.8035426731078905,2.7844873859366612,4.133118625872249,8.105206655931294,0.4227053140096618,0.1610305958132045,0.12077294685990338,0.5032206119162641
198,39.2512077294686,20.37037037037037,17.310789049919485,7.051798174986581,2.6502952227589907,4.072732152442297,8.085077831454644,0.4227053140096618,0.1610305958132045,0.12077294685990338,0.5032206119162641
199,39.439076757917334,20.229468599033815,17.24369296833065,6.964573268921095,2.6502952227589907,4.549114331723027,8.017981749865807,0.3488996242619431,0.1610305958132045,0.06709608158883522,0.32877079978529256
200,39.982555018786904,20.101986044015028,17.09608158883521,6.837090713902308,2.6435856146001075,4.549114331723027,7.917337627482555,0.3488996242619431,0.1274825550187869,0.06709608158883522,0.32877079978529256
201,40.5931293612453,19.83360171765969,16.901502952227588,6.602254428341385,2.61003757380569,4.549114331723027,8.038110574342458,0.3488996242619431,0.1274825550187869,0.06709608158883522,0.32877079978529256
202,40.74074074074074,19.524959742351047,17.344337090713903,6.541867954911433,2.6033279656468062,4.549114331723027,7.823403113258186,0.3488996242619431,0.1274825550187869,0.06709608158883522,0.32877079978529256
203,41.06280193236715,19.47799248523886,17.290660225442835,6.508319914117015,2.5429414922168547,4.549114331723027,7.695920558239399,0.3488996242619431,0.1274825550187869,0.06709608158883522,0.32877079978529256
204,41.25067096081589,19.43773483628556,17.04911433172303,6.508319914117015,2.5429414922168547,4.683306494900698,7.689210950080516,0.3153515834675255,0.1274825550187869,0.06709608158883522,0.32877079978529256
205,41.59286097691895,19.290123456790123,17.008856682769725,6.353998926462695,2.5429414922168547,4.683306494900698,7.689210950080516,0.3153515834675255,0.1274825550187869,0.06709608158883522,0.32877079978529256
206,40.68035426731079,19.088835212023618,17.310789049919485,5.924584004294149,2.442297369833602,4.7101449275362315,9.004294149221685,0.3153515834675255,0.1274825550187869,0.06709608158883522,0.32877079978529256
207,40.92860976918948,19.068706387546968,17.371175523349436,5.911164787976382,2.3215244229736984,4.5893719806763285,8.970746108427267,0.3153515834675255,0.1274825550187869,0.06709608158883522,0.32877079978529256
208,41.324476650563604,19.068706387546968,17.008856682769725,5.911164787976382,2.3215244229736984,4.582662372517445,8.943907675791733,0.3153515834675255,0.1274825550187869,0.06709608158883522,0.32877079978529256
209,41.71363392377885,18.95464304884595,16.894793344068706,5.864197530864198,2.314814814814815,4.53569511540526,8.883521202361782,0.3153515834675255,0.1274825550187869,0.06709608158883522,0.32877079978529256
210,40.66022544283414,16.847826086956523,16.492216854535695,7.300053676865271,4.884594739667204,3.9318303811057436,9.044551798174986,0.3153515834675255,0.1274825550187869,0.06709608158883522,0.32877079978529256
211,40.666935050993025,16.760601180891037,16.398282340311326,7.50805152979066,4.931561996779388,3.9318303811057436,8.964036500268385,0.3153515834675255,0.1274825550187869,0.06709608158883522,0.32877079978529256
212,40.935319377348364,16.720343531937736,16.398282340311326,7.467793880837359,4.851046698872786,3.8714439076757916,8.917069243156199,0.3153515834675255,0.1274825550187869,0.06709608158883522,0.32877079978529256
213,41.418411164787976,16.384863123993558,16.223832528180353,7.427536231884058,4.790660225442834,4.005636070853462,8.917069243156199,0.3153515834675255,0.12077294685990338,0.06709608158883522,0.32877079978529256
