,45,50,51,52,53,55,54,56
0,100.0,,,,,,,
1,100.0,,,,,,,
2,99.79200214707461,0.20799785292538917,,,,,,
3,85.2992485238862,14.700751476113794,,,,,,
4,84.29280730005368,15.707192699946322,,,,,,
5,81.24664519592056,18.753354804079443,,,,,,
6,79.40821256038647,17.2638217928073,3.3279656468062266,,,,,
7,79.60950080515298,17.09608158883521,3.294417606011809,,,,,
8,77.27455716586151,19.504830917874397,3.2206119162640903,,,,,
9,76.75791733762749,20.021470746108427,3.2206119162640903,,,,,
10,76.75791733762749,20.021470746108427,3.2206119162640903,,,,,
11,76.8719806763285,19.90740740740741,3.2206119162640903,,,,,
12,75.30864197530865,19.766505636070853,4.924852388620504,,,,,
13,42.914653784219,55.381105743424584,1.7042404723564144,,,,,
14,43.07568438003221,55.22007514761138,1.7042404723564144,,,,,
15,42.56575415995706,53.97879763821793,1.7042404723564144,0.24825550187869028,1.5029522275899088,,,
16,42.60601180891036,52.44900697799248,1.7042404723564144,0.24825550187869028,1.5029522275899088,1.4895330112721417,,
17,41.58615136876006,51.43585614600107,2.4691358024691357,0.24825550187869028,2.771068169618894,1.4895330112721417,,
18,41.646537842190014,51.06682769726248,2.200751476113795,0.24825550187869028,3.0394524959742353,1.7981749865807837,,
19,41.7337627482555,50.99302200751476,2.200751476113795,0.24825550187869028,3.0394524959742353,1.7847557702630166,,
20,40.31803542673108,52.40874932903918,2.200751476113795,0.24825550187869028,3.0394524959742353,1.7847557702630166,,
21,39.81481481481482,43.19645732689211,2.200751476113795,0.23483628556092323,3.0394524959742353,1.4761137949543746,10.037573805689748,
22,37.88244766505636,43.70638754696726,2.1940418679549114,0.23483628556092323,6.8035426731078905,1.4761137949543746,7.702630166398282,
23,37.224906065485776,41.418411164787976,2.1940418679549114,0.23483628556092323,6.763285024154589,4.488727858293076,7.675791733762749,
24,37.3389694041868,41.18357487922705,2.13365539452496,0.23483628556092323,6.689479334406871,4.830917874396135,7.588566827697263,
25,37.533548040794415,40.713902308105204,2.13365539452496,0.23483628556092323,6.689479334406871,5.10601180891036,7.588566827697263,
26,35.68840579710145,37.60735373054214,7.440955448201825,0.23483628556092323,6.662640901771336,5.0791733762748255,7.286634460547504,
27,35.990338164251206,37.486580783682236,7.440955448201825,0.23483628556092323,6.649221685453569,4.951690821256038,7.246376811594203,
28,36.24530327428878,37.39264626945786,7.313472893183038,0.23483628556092323,6.615673644659152,4.951690821256038,7.246376811594203,
29,34.72893183038111,35.77563070316693,9.46725711218465,0.23483628556092323,6.595544820182502,3.603059581320451,9.594739667203436,
30,34.84970477724101,35.40660225442834,9.460547504025765,0.23483628556092323,6.568706387546968,3.8848631239935587,9.594739667203436,
31,32.37385936661299,33.984165324745035,13.419216317767042,3.81105743424584,6.468062265163715,3.502415458937198,6.4412238325281805,
32,32.769726247987116,33.702361782071925,13.419216317767042,3.81105743424584,6.468062265163715,3.502415458937198,6.327160493827161,
33,32.789855072463766,33.76945786366076,13.345410628019323,3.797638217928073,6.468062265163715,3.502415458937198,6.327160493827161,
34,32.98443370907139,33.662104133118625,13.291733762748256,3.797638217928073,6.468062265163715,3.4688674181427803,6.327160493827161,
35,33.64868491680086,33.16559312936125,13.231347289318304,3.797638217928073,6.468062265163715,3.4688674181427803,6.219806763285024,
36,33.13204508856683,33.76945786366076,13.20450885668277,3.797638217928073,6.421095008051529,3.4688674181427803,6.206387546967257,
37,33.17230273752013,31.239935587761675,13.18438003220612,3.797638217928073,6.394256575415996,6.072195383789587,6.139291465378422,
38,33.272946859903385,31.17283950617284,13.170960815888352,3.797638217928073,6.394256575415996,6.052066559312936,6.139291465378422,
39,33.24610842726785,30.20665593129361,11.889425657541599,4.180085882984434,6.394256575415996,6.052066559312936,8.031400966183575,
40,32.809983896940416,30.683038110574344,11.876006441223833,4.180085882984434,6.387546967257112,6.052066559312936,8.011272141706923,
41,33.03811057434246,30.50858829844337,11.876006441223833,4.166666666666667,6.387546967257112,6.052066559312936,7.971014492753623,
42,31.66935050993022,31.810252281266774,12.016908212560386,4.166666666666667,6.387546967257112,6.018518518518518,7.930756843800322,
43,26.744498121309714,23.658078368223297,28.27428878153516,4.166666666666667,6.387546967257112,2.85829307568438,7.9106280193236715,
44,25.174449812130973,25.268384326355342,28.23403113258186,4.166666666666667,6.387546967257112,2.85829307568438,7.9106280193236715,
45,24.44310252281267,24.805421363392377,29.884594739667204,4.166666666666667,5.931293612453032,2.85829307568438,7.9106280193236715,
46,24.52361782071927,24.765163714439076,29.844337090713903,4.166666666666667,5.931293612453032,2.85829307568438,7.9106280193236715,
47,24.711486849168008,24.67793880837359,29.817498658078367,4.166666666666667,5.931293612453032,2.85829307568438,7.836822329575953,
48,24.765163714439076,24.4699409554482,27.314814814814813,4.166666666666667,8.588298443370908,2.85829307568438,7.836822329575953,
49,24.698067632850243,23.57085346215781,23.96672034353194,6.072195383789587,7.729468599033816,6.159420289855072,7.803274288781535,
50,24.986580783682232,23.369565217391305,23.939881910896403,6.072195383789587,7.729468599033816,6.159420289855072,7.742887815351583,
51,23.047504025764894,23.66478797638218,23.262211486849168,9.4873859366613,7.440955448201825,6.125872249060655,6.971282877079979,
52,23.409822866344605,23.43666129898014,23.201825013419217,9.433709071390231,7.440955448201825,6.105743424584004,6.971282877079979,
53,23.53059581320451,23.356146001073537,23.17498658078368,10.668276972624799,7.39398819108964,4.904723564143854,6.971282877079979,
54,23.60440150295223,23.349436392914654,22.940150295222757,10.88298443370907,7.39398819108964,4.904723564143854,6.9243156199677935,
55,23.658078368223297,23.349436392914654,22.906602254428343,10.88298443370907,7.39398819108964,4.884594739667204,6.9243156199677935,
56,24.033816425120772,23.26892109500805,22.75228126677402,10.829307568438002,7.340311325818572,4.851046698872786,6.9243156199677935,
57,24.174718196457327,23.17498658078368,22.725442834138487,10.829307568438002,7.340311325818572,4.8376274825550185,6.91760601180891,
58,21.578099838969404,32.79656468062265,18.927804616210413,8.675523349436393,7.313472893183038,4.8376274825550185,5.870907139023081,
59,19.484702093397747,25.10064412238325,40.022812667740205,7.03166935050993,5.414653784219001,2.187332259796028,0.7581857219538379,
60,19.692699946323135,25.046967257112186,39.88191089640365,7.018250134192163,5.414653784219001,2.187332259796028,0.7581857219538379,
61,19.826892109500804,24.758454106280194,36.64117015566291,6.991411701556629,5.864197530864198,5.159688674181428,0.7581857219538379,
62,20.04830917874396,24.59742351046699,36.580783682232955,6.991411701556629,5.864197530864198,5.159688674181428,0.7581857219538379,
63,19.55179817498658,25.107353730542137,36.42646269457864,7.219538378958669,5.850778314546431,5.0858829844337095,0.7581857219538379,
64,19.578636607622116,25.006709608158882,35.19189479334407,7.219538378958669,5.448201825013419,5.052334943639291,2.5026838432635534,
65,19.706119162640903,24.932903918411164,35.19189479334407,7.219538378958669,5.448201825013419,5.025496511003757,2.475845410628019,
66,19.85373054213634,24.859098228663445,35.158346752549654,7.185990338164252,5.448201825013419,5.018786902844874,2.475845410628019,
67,19.97450348899624,24.818840579710145,35.09125067096082,7.179280730005368,5.448201825013419,5.018786902844874,2.4691358024691357,
68,20.249597423510465,24.771873322597962,34.876543209876544,7.179280730005368,5.448201825013419,5.005367686527107,2.4691358024691357,
69,20.477724100912507,24.704777241009126,34.76247987117552,7.179280730005368,5.448201825013419,4.958400429414922,2.4691358024691357,
70,20.73268921095008,24.651100375738057,34.6081588835212,7.14573268921095,5.448201825013419,4.944981213097155,2.4691358024691357,
71,20.75281803542673,24.630971551261407,34.6081588835212,7.14573268921095,5.448201825013419,4.944981213097155,2.4691358024691357,
72,19.860440150295222,23.32259796027912,36.9699409554482,7.078636607622115,5.401234567901234,4.898013955984971,2.4691358024691357,
73,19.98792270531401,22.758990874932906,36.71497584541063,7.065217391304348,5.401234567901234,5.60252281266774,2.4691358024691357,
74,20.108695652173914,22.7187332259796,36.66800858829844,7.065217391304348,5.367686527106817,5.60252281266774,2.4691358024691357,
75,20.37037037037037,22.430220075147613,36.540526033279654,7.065217391304348,5.320719269994632,5.803811057434245,2.4691358024691357,
76,20.397208803005906,22.430220075147613,36.52710681696189,7.065217391304348,5.320719269994632,5.790391841116479,2.4691358024691357,
77,20.578368223295758,22.383252818035427,36.44659151905529,7.0383789586688135,5.293880837359098,5.790391841116479,2.4691358024691357,
78,20.79307568438003,22.309447128287708,36.3996242619431,7.004830917874396,5.246913580246914,5.776972624798712,2.4691358024691357,
79,21.007783145464305,22.23564143853999,36.34594739667203,6.957863660762212,5.22007514761138,5.763553408480945,2.4691358024691357,
80,20.8870101986044,21.490874932903917,37.07058507783145,6.91760601180891,4.676596886741814,5.730005367686527,3.227321524422974,
81,20.98094471282877,21.43719806763285,35.628019323671495,6.890767579173376,4.676596886741814,7.185990338164252,3.2004830917874396,
82,21.081588835212024,21.095008051529792,35.54079441760601,6.863929146537842,4.676596886741814,7.152442297369833,3.589640365002684,
83,20.994363929146537,20.42404723564144,34.15190552871712,9.977187332259795,3.7372517444981215,7.152442297369833,3.5628019323671496,
84,21.095008051529792,20.377079978529252,34.07809983896941,9.977187332259795,3.7372517444981215,7.461084272678476,3.2742887815351582,
85,21.32313472893183,19.202898550724637,33.8768115942029,9.977187332259795,5.112721417069243,7.232957595276436,3.2742887815351582,
86,20.40391841116479,17.351046698872786,35.06441223832528,9.936929683306495,6.501610305958132,7.159151905528717,3.2139023081052067,0.36902844873859364
87,20.42404723564144,17.458400429414922,35.03086419753087,9.923510466988727,6.494900697799249,7.092055823939882,3.207192699946323,0.36902844873859364
88,20.74610842726785,17.330917874396135,34.93022007514761,9.923510466988727,6.414385399892646,7.078636607622115,3.207192699946323,0.36902844873859364
89,20.73268921095008,17.06924315619968,34.876543209876544,9.896672034353195,6.394256575415996,7.253086419753086,3.408480944712829,0.36902844873859364
90,20.517981749865807,17.05582393988191,34.70880300590446,10.305958132045088,6.394256575415996,7.239667203435319,3.408480944712829,0.36902844873859364
91,20.33011272141707,16.74718196457327,32.82340311325819,13.922436929683306,6.394256575415996,6.005099302200751,3.408480944712829,0.36902844873859364
92,20.471014492753625,16.74718196457327,32.7361782071927,13.88888888888889,6.394256575415996,5.998389694041868,3.3950617283950617,0.36902844873859364
93,21.00107353730542,16.7337627482555,32.588566827697264,13.58695652173913,6.394256575415996,5.931293612453032,3.3950617283950617,0.36902844873859364
94,20.8064949006978,16.70692431561997,31.5552871712292,13.58695652173913,6.347289318303811,5.931293612453032,4.696725711218465,0.36902844873859364
95,20.833333333333332,16.70692431561997,31.528448738593667,13.58695652173913,6.347289318303811,5.931293612453032,4.696725711218465,0.36902844873859364
96,19.80005367686527,17.652979066022546,32.058507783145465,13.217928073000536,6.655931293612453,5.8239398819108965,4.42163177670424,0.36902844873859364
97,20.02818035426731,17.505367686527105,32.01154052603328,13.20450885668277,6.655931293612453,5.803811057434245,4.42163177670424,0.36902844873859364
98,20.356951154052602,17.49194847020934,31.76328502415459,13.177670424047236,6.649221685453569,5.776972624798712,4.42163177670424,0.36231884057971014
99,20.477724100912507,17.418142780461622,31.716317767042405,13.177670424047236,6.649221685453569,5.776972624798712,4.42163177670424,0.36231884057971014
100,20.538110574342458,17.404723564143854,31.66935050993022,13.177670424047236,6.649221685453569,5.776972624798712,4.42163177670424,0.36231884057971014
101,20.645464304884594,17.351046698872786,31.635802469135804,13.16425120772947,6.649221685453569,5.770263016639828,4.42163177670424,0.36231884057971014
102,20.82662372517445,17.310789049919485,31.568706387546968,13.16425120772947,6.629092860976919,5.770263016639828,4.367954911433173,0.36231884057971014
103,18.357487922705314,21.631776704240472,30.723295759527645,11.312399355877616,6.568706387546968,6.709608158883521,4.334406870638754,0.36231884057971014
104,16.55931293612453,19.504830917874397,35.49382716049383,12.399355877616747,6.226516371443908,5.8239398819108965,3.629898013955985,0.36231884057971014
105,16.780730005367687,19.290123456790123,35.21202361782072,12.399355877616747,6.515029522275899,5.810520665593129,3.629898013955985,0.36231884057971014
106,16.82769726247987,19.243156199677937,34.977187332259795,12.359098228663447,6.515029522275899,6.085614600107354,3.629898013955985,0.36231884057971014
107,16.71363392377885,19.162640901771336,35.51395598497048,12.104133118625873,6.4345142243692965,6.078904991948471,3.629898013955985,0.36231884057971014
108,16.881374127750938,19.068706387546968,34.62157809983897,12.06387546967257,6.414385399892646,5.320719269994632,5.267042404723564,0.36231884057971014
109,17.022275899087493,19.068706387546968,34.18545356951154,11.936392914653783,6.400966183574879,5.783682232957595,5.24020397208803,0.36231884057971014
110,17.431561996779386,18.71309715512614,34.18545356951154,11.90955448201825,6.400966183574879,5.776972624798712,5.22007514761138,0.36231884057971014
111,17.337627482555018,18.47826086956522,33.93048845947396,11.312399355877616,7.300053676865271,5.776972624798712,5.508588298443371,0.35560923242082665
112,17.351046698872786,17.102791196994094,33.72920021470746,11.312399355877616,7.300053676865271,7.340311325818572,5.508588298443371,0.35560923242082665
113,17.51207729468599,16.13660762211487,33.65539452495974,10.748792270531402,8.890230810520666,7.340311325818572,5.360976918947934,0.35560923242082665
114,17.867686527106816,16.09634997316157,33.44068706387547,10.721953837895867,8.849973161567364,7.474503488996243,5.193236714975845,0.35560923242082665
115,17.76033279656468,15.519323671497585,32.6154052603328,10.715244229736983,8.849973161567364,9.104938271604938,5.0791733762748255,0.35560923242082665
116,18.14278046162104,15.5126140633387,32.25979602791197,10.695115405260333,8.849973161567364,9.104938271604938,5.0791733762748255,0.35560923242082665
117,18.4044551798175,15.385131508319914,31.743156199677937,10.674986580783683,8.82313472893183,9.091519055287172,5.0791733762748255,0.798443370907139
118,18.666129898013956,15.365002683843263,31.28690284487386,10.63472893183038,8.76274825550188,9.420289855072463,5.065754159957058,0.798443370907139
119,18.853998926462694,15.311325818572195,31.19296833064949,10.621309715512615,8.76274825550188,9.39345142243693,5.065754159957058,0.798443370907139
120,19.11567364465915,15.311325818572195,31.09903381642512,10.50053676865271,8.863392377885132,9.39345142243693,4.918142780461621,0.798443370907139
121,19.202898550724637,15.311325818572195,31.031937734836287,10.50053676865271,8.373590982286634,9.39345142243693,5.387815351583468,0.798443370907139
122,19.390767579173378,15.26435856146001,30.9849704777241,10.487117552334944,8.36688137412775,9.386741814278047,5.320719269994632,0.798443370907139
123,19.108964036500268,15.237520128824476,31.66935050993022,10.34621578099839,8.132045088566828,9.386741814278047,5.320719269994632,0.798443370907139
124,19.269994632313473,15.237520128824476,31.53515834675255,10.319377348362856,8.132045088566828,9.386741814278047,5.320719269994632,0.798443370907139
125,19.43773483628556,15.237520128824476,31.48148148148148,10.265700483091788,8.071658615136876,9.386741814278047,5.320719269994632,0.798443370907139
126,19.6256038647343,15.197262479871176,31.407675791733762,10.23215244229737,8.071658615136876,9.346484165324744,5.320719269994632,0.798443370907139
127,19.64573268921095,15.197262479871176,31.03864734299517,10.218733225979603,8.071658615136876,9.782608695652174,5.293880837359098,0.7514761137949544
128,19.867149758454108,15.163714439076758,30.95813204508857,10.171765968867419,8.044820182501342,9.75577026301664,5.287171229200215,0.7514761137949544
129,19.981213097155127,15.157004830917874,30.85077831454643,10.171765968867419,8.044820182501342,9.75577026301664,5.287171229200215,0.7514761137949544
130,19.746376811594203,15.157004830917874,29.20692431561997,12.929414922168545,7.809983896940419,9.722222222222221,4.676596886741814,0.7514761137949544
131,19.840311325818572,15.116747181964573,29.186795491143318,12.929414922168545,7.776435856146001,9.722222222222221,4.676596886741814,0.7514761137949544
132,20.343531937734838,15.103327965646805,28.945249597423512,12.815351583467525,7.742887815351583,9.621578099838969,4.676596886741814,0.7514761137949544
133,20.135534084809446,13.345410628019323,28.938539989264626,12.781803542673108,7.742887815351583,9.158615136876007,7.14573268921095,0.7514761137949544
134,19.719538378958667,13.137412775093935,31.93102522812668,12.76838432635534,5.730005367686527,9.158615136876007,6.8035426731078905,0.7514761137949544
135,19.773215244229736,12.815351583467525,31.91760601180891,12.741545893719806,5.730005367686527,9.46725711218465,6.8035426731078905,0.7514761137949544
136,19.920826623725173,12.815351583467525,31.82367149758454,12.741545893719806,5.730005367686527,9.433709071390231,6.78341384863124,0.7514761137949544
137,20.142243692968332,12.795222758990874,31.80354267310789,12.70799785292539,5.730005367686527,9.286097691894794,6.78341384863124,0.7514761137949544
138,20.52469135802469,12.754965110037574,31.723027375201287,12.627482555018787,5.730005367686527,9.104938271604938,6.78341384863124,0.7514761137949544
139,20.645464304884594,12.72812667740204,31.635802469135804,12.620772946859903,5.730005367686527,9.104938271604938,6.78341384863124,0.7514761137949544
140,20.74610842726785,12.72812667740204,31.608964036500268,12.620772946859903,5.6964573268921095,9.064680622651638,6.78341384863124,0.7514761137949544
141,20.94068706387547,12.701288244766506,31.49490069779925,12.593934514224369,5.6964573268921095,9.064680622651638,6.756575415995706,0.7514761137949544
142,20.994363929146537,12.620772946859903,30.756843800322063,12.506709608158884,5.662909286097692,9.950348899624261,6.756575415995706,0.7514761137949544
143,20.98094471282877,12.607353730542137,30.038915727321523,12.493290391841116,5.662909286097692,10.970209339774557,6.494900697799249,0.7514761137949544
144,20.833333333333332,12.359098228663447,29.817498658078367,12.184648416532475,7.367149758454106,10.218733225979603,6.468062265163715,0.7514761137949544
145,21.034621578099838,12.318840579710145,29.69001610305958,12.171229200214707,7.360440150295223,10.205314009661835,6.468062265163715,0.7514761137949544
146,21.309715512614062,12.318840579710145,29.636339237788512,12.157809983896941,7.360440150295223,10.104669887278583,6.360708534621578,0.7514761137949544
147,21.43719806763285,12.29200214707461,29.61621041331186,12.144390767579173,7.320182501341922,10.091250670960816,6.353998926462695,0.7447665056360708
148,21.64519592055824,12.29200214707461,29.602791196994094,12.130971551261407,7.320182501341922,9.943639291465379,6.353998926462695,0.7112184648416533
149,21.792807300053678,12.198067632850242,29.562533548040793,12.130971551261407,7.320182501341922,9.930220075147611,6.353998926462695,0.7112184648416533
150,21.906870638754697,12.144390767579173,29.542404723564143,12.104133118625873,7.320182501341922,9.916800858829845,6.353998926462695,0.7112184648416533
151,21.70558239398819,12.104133118625873,28.415190552871714,12.077294685990339,7.306763285024155,11.332528180354267,6.347289318303811,0.7112184648416533
152,21.83977455716586,12.104133118625873,28.35480407944176,12.057165861513688,7.300053676865271,11.285560923242082,6.347289318303811,0.7112184648416533
153,21.557971014492754,12.084004294149223,27.073268921095007,13.862050456253355,7.152442297369833,11.211755233494364,6.347289318303811,0.7112184648416533
154,21.70558239398819,12.057165861513688,27.03972088030059,13.841921631776705,7.132313472893183,11.191626409017713,6.320450885668277,0.7112184648416533
155,21.77938808373591,12.057165861513688,26.992753623188406,13.81508319914117,7.132313472893183,11.191626409017713,6.320450885668277,0.7112184648416533
156,21.91358024691358,12.050456253354804,26.959205582393988,13.781535158346752,7.132313472893183,11.16478797638218,6.286902844873859,0.7112184648416533
157,22.08132045088567,12.04374664519592,26.878690284487387,13.774825550187868,7.105475040257649,11.124530327428879,6.280193236714976,0.7112184648416533
158,22.33628556092324,12.04374664519592,26.8317230273752,13.6808910359635,7.011540526033279,11.104401502952227,6.280193236714976,0.7112184648416533
159,22.638217928073,12.04374664519592,26.529790660225444,13.6808910359635,7.011540526033279,11.104401502952227,6.280193236714976,0.7112184648416533
160,22.403381642512077,11.540526033279656,25.946054750402578,13.20450885668277,7.004830917874396,12.929414922168545,6.260064412238325,0.7112184648416533
161,22.5577026301664,11.486849168008588,25.905797101449274,13.20450885668277,7.004830917874396,12.889157273215245,6.239935587761675,0.7112184648416533
162,22.463768115942027,11.486849168008588,25.905797101449274,13.298443370907139,7.004830917874396,12.889157273215245,6.239935587761675,0.7112184648416533
163,22.65163714439077,11.486849168008588,25.83870101986044,13.238056897477188,7.004830917874396,12.848899624261943,6.219806763285024,0.7112184648416533
164,22.832796564680624,11.486849168008588,25.764895330112722,13.217928073000536,7.004830917874396,12.761674718196458,6.219806763285024,0.7112184648416533
165,22.966988727858293,11.473429951690822,25.704508856682768,13.18438003220612,7.004830917874396,12.761674718196458,6.1929683306494905,0.7112184648416533
166,23.161567364465917,11.446591519055287,25.670960815888353,13.150831991411701,6.9310252281266775,12.754965110037574,6.172839506172839,0.7112184648416533
167,23.30246913580247,11.372785829307569,25.644122383252817,13.144122383252817,6.9310252281266775,12.721417069243156,6.172839506172839,0.7112184648416533
168,23.409822866344605,11.345947396672035,25.63070316693505,13.117283950617283,6.9243156199677935,12.68786902844874,6.172839506172839,0.7112184648416533
169,21.598228663446054,8.454106280193237,34.796027911969944,10.869565217391305,6.239935587761675,11.748523886205046,5.58239398819109,0.7112184648416533
170,21.544551798174986,8.28636607622115,34.77589908749329,10.393183038110575,6.1929683306494905,12.52012882447665,5.5756843800322065,0.7112184648416533
171,21.672034353193773,8.232689210950081,34.74906065485776,10.393183038110575,6.159420289855072,12.506709608158884,5.5756843800322065,0.7112184648416533
172,21.772678475577028,8.232689210950081,34.68196457326892,10.393183038110575,6.159420289855072,12.493290391841116,5.555555555555555,0.7112184648416533
173,21.980676328502415,8.232689210950081,34.58803005904455,10.332796564680622,6.159420289855072,12.439613526570048,5.555555555555555,0.7112184648416533
174,22.134997316156735,8.199141170155663,34.514224369296834,10.332796564680622,6.159420289855072,12.392646269457863,5.555555555555555,0.7112184648416533
175,22.29602791196994,8.192431561996779,34.4068706387547,10.326086956521738,6.159420289855072,12.379227053140097,5.528717122920021,0.7112184648416533
176,22.571121846484164,8.132045088566828,34.33977455716586,10.326086956521738,6.125872249060655,12.379227053140097,5.414653784219001,0.7112184648416533
177,22.638217928073,8.132045088566828,34.306226516371446,10.326086956521738,6.125872249060655,12.372517444981213,5.387815351583468,0.7112184648416533
178,22.73215244229737,8.11862587224906,34.292807300053674,10.272410091250672,6.112453032742888,12.372517444981213,5.387815351583468,0.7112184648416533
179,22.940150295222757,8.11862587224906,34.16532474503489,10.258990874932904,6.078904991948471,12.338969404186795,5.387815351583468,0.7112184648416533
180,22.443639291465377,8.091787439613526,35.66156736446592,9.594739667203436,5.931293612453032,12.338969404186795,5.226784755770263,0.7112184648416533
181,22.604669887278583,8.091787439613526,35.57434245840043,9.54777241009125,5.931293612453032,12.31213097155126,5.226784755770263,0.7112184648416533
182,22.779119699409556,8.091787439613526,35.48040794417606,9.541062801932368,5.931293612453032,12.305421363392378,5.159688674181428,0.7112184648416533
183,22.859634997316157,8.07836822329576,35.44015029522276,9.541062801932368,5.931293612453032,12.305421363392378,5.132850241545894,0.7112184648416533
184,23.047504025764894,8.064949006977992,35.33279656468062,9.50751476113795,5.931293612453032,12.298711755233494,5.10601180891036,0.7112184648416533
185,23.17498658078368,8.024691358024691,35.20531400966183,9.500805152979066,5.931293612453032,12.151100375738057,5.092592592592593,0.9192163177670424
186,23.34272678475577,8.024691358024691,35.178475577026305,9.500805152979066,5.911164787976382,12.030327428878154,5.092592592592593,0.9192163177670424
187,23.45679012345679,8.011272141706923,36.882716049382715,7.87037037037037,5.776972624798712,11.990069779924852,5.092592592592593,0.9192163177670424
188,23.577563070316693,8.011272141706923,36.882716049382715,7.87037037037037,5.776972624798712,11.902844873859367,5.059044551798175,0.9192163177670424
189,23.503757380568974,8.011272141706923,34.97047772410091,7.856951154052603,7.548309178743962,12.13768115942029,5.052334943639291,0.9192163177670424
190,22.63150831991412,7.071926999463232,37.486580783682236,7.192699946323135,7.548309178743962,12.13768115942029,5.01207729468599,0.9192163177670424
191,22.75228126677402,7.051798174986581,37.453032742887814,7.192699946323135,7.5281803542673105,12.124261943102523,4.978529253891573,0.9192163177670424
192,22.873054213633925,7.018250134192163,37.41277509393451,7.192699946323135,7.514761137949543,12.090713902308105,4.978529253891573,0.9192163177670424
193,22.940150295222757,7.004830917874396,37.39264626945786,7.192699946323135,7.514761137949543,12.057165861513688,4.978529253891573,0.9192163177670424
194,23.21524422973698,7.004830917874396,37.224906065485776,7.159151905528717,7.514761137949543,12.010198604401502,4.978529253891573,0.8923778851315083
195,23.362855609232422,7.004830917874396,37.124261943102525,7.159151905528717,7.481213097155126,11.996779388083736,4.978529253891573,0.8923778851315083
196,23.32259796027912,7.25979602791197,36.9296833064949,7.159151905528717,7.461084272678476,11.996779388083736,4.978529253891573,0.8923778851315083
197,23.43666129898014,7.25979602791197,36.882716049382715,7.112184648416532,7.461084272678476,11.976650563607086,4.978529253891573,0.8923778851315083
198,23.43666129898014,7.25979602791197,34.957058507783145,7.112184648416532,7.461084272678476,11.976650563607086,6.904186795491143,0.8923778851315083
199,23.43666129898014,7.246376811594203,34.88996242619431,7.078636607622115,7.461084272678476,11.976650563607086,6.890767579173376,1.0198604401502953
200,23.61111111111111,7.246376811594203,34.75577026301664,6.9310252281266775,7.461084272678476,12.124261943102523,6.850509930220075,1.0198604401502953
201,23.758722490606548,7.239667203435319,34.70209339774557,6.884057971014493,7.206119162640902,12.077294685990339,7.112184648416532,1.0198604401502953
202,23.691626409017715,6.998121309715513,34.58803005904455,6.877348362855609,7.7898550724637685,11.943102522812667,7.092055823939882,1.0198604401502953
203,23.812399355877616,6.984702093397746,34.54777241009125,6.877348362855609,7.575147611379496,12.104133118625873,7.078636607622115,1.0198604401502953
204,23.376274825550187,6.776704240472356,34.39345142243693,6.763285024154589,8.93719806763285,11.902844873859367,6.830381105743425,1.0198604401502953
205,23.61111111111111,6.763285024154589,34.37332259796028,6.736446591519055,8.84326355340848,11.902844873859367,6.749865807836822,1.0198604401502953
206,23.792270531400966,6.763285024154589,34.286097691894796,6.702898550724638,8.829844337090714,11.869296833064949,6.736446591519055,1.0198604401502953
207,23.91304347826087,6.749865807836822,34.19216317767042,6.702898550724638,8.829844337090714,11.654589371980677,7.004830917874396,0.95276435856146
208,24.094202898550726,6.709608158883521,34.13848631239936,6.66935050993022,8.816425120772946,11.641170155662909,6.977992485238862,0.95276435856146
209,24.590713902308106,6.709608158883521,34.10493827160494,6.66935050993022,8.789586688137414,11.265432098765432,6.944444444444445,0.9259259259259259
210,24.792002147074612,6.689479334406871,34.004294149221685,6.662640901771336,8.789586688137414,11.245303274288782,6.890767579173376,0.9259259259259259
211,24.46323134728932,6.689479334406871,33.46081588835212,6.561996779388084,8.76274825550188,10.829307568438002,8.494363929146537,0.7380568974771873
212,23.07434245840043,5.407944176060118,37.63419216317767,6.427804616210413,8.400429414922169,10.11808910359635,8.199141170155663,0.7380568974771873
213,23.336017176596886,5.407944176060118,37.39935587761675,6.427804616210413,8.373590982286634,10.11808910359635,8.199141170155663,0.7380568974771873
214,23.416532474503487,5.407944176060118,37.34567901234568,6.427804616210413,8.360171765968868,10.104669887278583,8.199141170155663,0.7380568974771873
215,23.557434245840042,5.407944176060118,37.224906065485776,6.427804616210413,8.360171765968868,10.084541062801932,8.199141170155663,0.7380568974771873
216,23.275630703166936,5.038915727321524,37.224906065485776,8.011272141706923,8.360171765968868,9.66183574879227,7.689210950080516,0.7380568974771873
217,23.43666129898014,5.018786902844874,37.19135802469136,8.011272141706923,8.360171765968868,9.64170692431562,7.601986044015029,0.7380568974771873
218,23.852657004830917,4.87788513150832,35.601180891035966,7.863660762211487,10.0979602791197,9.628287707997853,7.340311325818572,0.7380568974771873
219,23.899624261943103,4.87788513150832,35.581052066559316,7.863660762211487,10.0979602791197,9.601449275362318,7.340311325818572,0.7380568974771873
220,24.154589371980677,4.87788513150832,35.44685990338164,7.843531937734836,10.050993022007514,9.54777241009125,7.340311325818572,0.7380568974771873
221,24.50348899624262,4.851046698872786,35.245571658615134,7.803274288781535,10.030864197530864,9.54777241009125,7.306763285024155,0.7112184648416533
222,24.590713902308106,4.851046698872786,35.218733225979605,7.803274288781535,10.017444981213098,9.520933977455716,7.286634460547504,0.7112184648416533
223,24.798711755233494,4.851046698872786,35.10466988727858,7.742887815351583,9.997316156736447,9.50751476113795,7.286634460547504,0.7112184648416533
224,24.892646269457863,4.8443370907139025,35.017444981213096,7.742887815351583,9.997316156736447,9.50751476113795,7.286634460547504,0.7112184648416533
225,25.10064412238325,4.8376274825550185,34.96376811594203,7.64224369296833,9.997316156736447,9.473966720343531,7.273215244229737,0.7112184648416533
226,24.86580783682233,4.8376274825550185,35.66156736446592,7.320182501341922,9.883252818035427,9.447128287707997,7.273215244229737,0.7112184648416533
227,25.32206119162641,4.64975845410628,35.55421363392378,7.226247987117552,9.816156736446592,9.447128287707997,7.273215244229737,0.7112184648416533
228,25.43612453032743,4.64975845410628,35.46698872785829,7.199409554482019,9.816156736446592,9.447128287707997,7.273215244229737,0.7112184648416533
229,25.543478260869566,4.528985507246377,34.76918947933441,8.501073537305421,9.762479871175524,9.01100375738057,7.1725711218464845,0.7112184648416533
230,25.53676865271068,4.528985507246377,34.56119162640902,8.487654320987655,9.75577026301664,8.99087493290392,7.628824476650563,0.5099302200751477
231,25.85882984433709,4.528985507246377,34.306226516371446,8.487654320987655,9.73564143853999,8.957326892109501,7.615405260332796,0.5099302200751477
232,25.959473966720342,4.488727858293076,34.19887278582931,8.387010198604402,9.708803005904455,8.917069243156199,7.830112721417069,0.5099302200751477
233,25.637412775093935,4.428341384863124,34.74906065485776,8.266237251744498,9.628287707997853,8.695652173913043,8.085077831454644,0.5099302200751477
234,25.650831991411703,4.428341384863124,34.74906065485776,8.266237251744498,9.628287707997853,8.695652173913043,8.071658615136876,0.5099302200751477
235,25.91921631776704,4.428341384863124,34.70209339774557,8.11862587224906,9.628287707997853,8.648684916800859,8.044820182501342,0.5099302200751477
236,25.97289318303811,4.40150295222759,34.68867418142781,8.038110574342458,9.628287707997853,8.715780998389693,8.044820182501342,0.5099302200751477
237,26.08695652173913,4.367954911433173,34.675254965110035,8.038110574342458,9.601449275362318,8.715780998389693,8.011272141706923,0.5032206119162641
238,26.187600644122384,4.367954911433173,34.675254965110035,8.038110574342458,9.588030059044552,8.628556092324208,8.011272141706923,0.5032206119162641
239,26.308373590982285,4.367954911433173,34.64170692431562,8.024691358024691,9.541062801932368,8.621846484165324,7.991143317230274,0.5032206119162641
240,26.549919484702095,4.327697262479871,34.47396672034353,8.024691358024691,9.541062801932368,8.61513687600644,7.971014492753623,0.49651100375738055
241,26.838432635534083,4.300858829844337,34.333064949006975,8.024691358024691,9.420289855072463,8.61513687600644,7.971014492753623,0.49651100375738055
242,27.147074610842726,4.079441760601181,34.346484165324746,7.944176060118089,9.41358024691358,8.61513687600644,7.957595276435856,0.49651100375738055
243,27.200751476113794,4.066022544283414,34.346484165324746,7.944176060118089,9.41358024691358,8.588298443370908,7.944176060118089,0.49651100375738055
244,27.32823403113258,4.066022544283414,34.27938808373591,7.924047235641439,9.386741814278047,8.588298443370908,7.930756843800322,0.49651100375738055
245,27.865002683843265,4.066022544283414,33.97745571658615,7.9039184111647875,9.346484165324744,8.494363929146537,7.85024154589372,0.49651100375738055
246,27.865002683843265,4.066022544283414,33.97745571658615,7.9039184111647875,9.346484165324744,8.494363929146537,7.85024154589372,0.49651100375738055
247,27.945517981749866,4.066022544283414,33.95061728395062,7.9039184111647875,9.346484165324744,8.494363929146537,7.816693505099302,0.47638217928073
248,28.093129361245303,4.066022544283414,33.87010198604401,7.85024154589372,9.346484165324744,8.480944712828771,7.816693505099302,0.47638217928073
249,28.20048309178744,4.066022544283414,33.7962962962963,7.85024154589372,9.346484165324744,8.480944712828771,7.816693505099302,0.4428341384863124
250,28.609769189479334,4.05931293612453,33.70907139023081,7.608695652173913,9.31964573268921,8.474235104669887,7.776435856146001,0.4428341384863124
251,28.650026838432634,4.05931293612453,33.682232957595275,7.608695652173913,9.31964573268921,8.474235104669887,7.763016639828234,0.4428341384863124
252,28.71712292002147,4.05931293612453,33.62855609232421,7.608695652173913,9.31964573268921,8.474235104669887,7.749597423510467,0.4428341384863124
253,28.844605475040257,4.05931293612453,33.561460010735374,7.608695652173913,9.29951690821256,8.440687063875469,7.742887815351583,0.4428341384863124
254,28.918411164787976,4.05931293612453,33.53462157809984,7.608695652173913,9.27938808373591,8.440687063875469,7.716049382716049,0.4428341384863124
255,29.01905528717123,4.05931293612453,33.467525496511,7.608695652173913,9.27938808373591,8.440687063875469,7.682501341921632,0.4428341384863124
256,29.09286097691895,4.05931293612453,33.467525496511,7.608695652173913,9.205582393988191,8.440687063875469,7.682501341921632,0.4428341384863124
257,29.388083735909824,4.05931293612453,33.3467525496511,7.601986044015029,9.198872785829307,8.420558239398819,7.541599570585078,0.4428341384863124
258,29.47530864197531,4.05931293612453,33.299785292538914,7.588566827697263,9.172034353193773,8.420558239398819,7.541599570585078,0.4428341384863124
259,29.54911433172303,4.05931293612453,33.23939881910896,7.588566827697263,9.172034353193773,8.420558239398819,7.5281803542673105,0.4428341384863124
260,29.810789049919485,4.05931293612453,33.09849704777241,7.555018786902845,9.138486312399356,8.393719806763285,7.501341921631776,0.4428341384863124
261,29.97181964573269,4.052603327965647,33.01798174986581,7.548309178743962,9.138486312399356,8.3467525496511,7.481213097155126,0.4428341384863124
262,30.19994632313473,4.052603327965647,32.9777241009125,7.521470746108427,9.125067096081589,8.225979602791197,7.454374664519592,0.4428341384863124
263,30.421363392377884,4.052603327965647,32.82340311325819,7.521470746108427,9.091519055287172,8.225979602791197,7.4208266237251745,0.4428341384863124
264,30.54213633923779,4.032474503488996,32.769726247987116,7.501341921631776,9.198872785829307,8.219269994632313,7.2933440687063875,0.4428341384863124
265,30.649490069779926,4.019055287171229,32.729468599033815,7.494632313472893,9.151905528717123,8.219269994632313,7.2933440687063875,0.4428341384863124
266,30.703166935050994,4.019055287171229,32.6959205582394,7.494632313472893,9.138486312399356,8.21256038647343,7.2933440687063875,0.4428341384863124
267,30.917874396135264,4.019055287171229,32.56172839506173,7.434245840042942,9.138486312399356,8.192431561996779,7.2933440687063875,0.4428341384863124
268,31.132581857219538,3.898282340311326,32.48121309715513,7.434245840042942,9.138486312399356,8.192431561996779,7.27992485238862,0.4428341384863124
269,31.40096618357488,3.8848631239935587,32.22624798711755,7.4006977992485234,9.420289855072463,8.125335480407944,7.098765432098766,0.4428341384863124
270,31.5150295222759,3.8580246913580245,32.13231347289318,7.347020933977456,9.420289855072463,8.071658615136876,7.098765432098766,0.5568974771873323
271,31.723027375201287,3.8311862587224907,32.09205582393988,7.340311325818572,9.380032206119163,8.071658615136876,7.004830917874396,0.5568974771873323
272,31.850509930220074,3.8311862587224907,32.06521739130435,7.232957595276436,9.380032206119163,8.071658615136876,6.877348362855609,0.6910896403650026
273,32.01154052603328,3.824476650563607,32.038378958668815,7.206119162640902,9.353193773483628,8.024691358024691,6.850509930220075,0.6910896403650026
274,32.11218464841653,3.824476650563607,32.038378958668815,7.199409554482019,9.326355340848094,8.011272141706923,6.796833064949007,0.6910896403650026
275,32.2463768115942,3.7573805689747717,32.038378958668815,7.152442297369833,9.326355340848094,7.991143317230274,6.796833064949007,0.6910896403650026
276,32.27992485238862,3.7573805689747717,32.00483091787439,7.152442297369833,9.326355340848094,7.991143317230274,6.796833064949007,0.6910896403650026
277,32.367149758454104,3.7573805689747717,31.984702093397747,7.125603864734299,9.326355340848094,7.991143317230274,6.756575415995706,0.6910896403650026
278,32.326892109500804,3.7104133118625873,31.944444444444443,8.185721953837897,8.675523349436393,7.709339774557166,6.756575415995706,0.6910896403650026
279,32.367149758454104,3.7104133118625873,31.924315619967793,8.185721953837897,8.668813741277509,7.695920558239399,6.756575415995706,0.6910896403650026
280,32.50805152979066,3.7104133118625873,31.82367149758454,8.165593129361245,8.662104133118627,7.682501341921632,6.756575415995706,0.6910896403650026
281,32.68250134192163,3.7104133118625873,31.776704240472355,8.13875469672571,8.662104133118627,7.682501341921632,6.655931293612453,0.6910896403650026
282,33.1857219538379,3.603059581320451,31.776704240472355,8.024691358024691,8.662104133118627,7.434245840042942,6.622383252818035,0.6910896403650026
283,33.36688137412775,3.603059581320451,31.723027375201287,8.024691358024691,8.635265700483092,7.434245840042942,6.521739130434782,0.6910896403650026
