,45,50,52,53,55,51,54,56,57
0,99.7987117552335,0.20128824476650564,,,,,,,
1,91.82769726247987,8.172302737520129,,,,,,,
2,87.80864197530865,12.191358024691358,,,,,,,
3,87.19135802469135,12.808641975308642,,,,,,,
4,87.24503488996243,12.754965110037574,,,,,,,
5,85.38647342995169,13.405797101449275,1.2077294685990339,,,,,,
6,84.3263553408481,14.465915190552872,1.2077294685990339,,,,,,
7,82.3671497584541,16.42512077294686,1.2077294685990339,,,,,,
8,82.3671497584541,16.42512077294686,1.2077294685990339,,,,,,
9,82.35373054213633,16.472088030059044,1.1741814278046163,,,,,,
10,82.49463231347289,16.19699409554482,1.1741814278046163,0.13419216317767044,,,,,
11,81.1862587224906,17.505367686527105,1.1741814278046163,0.13419216317767044,,,,,
12,76.88539989264628,21.806226516371442,1.1741814278046163,0.13419216317767044,,,,,
13,61.963231347289316,36.63446054750403,1.1607622114868492,,0.24154589371980675,,,,
14,61.79549114331723,36.62775093934514,1.3352120236178207,,0.24154589371980675,,,,
15,59.49409554482018,38.92914653784219,1.3352120236178207,,0.24154589371980675,,,,
16,59.09822866344606,36.79549114331723,1.3217928073000538,1.9659151905528718,0.24154589371980675,0.5770263016639828,,,
17,58.62855609232421,36.41304347826087,1.3217928073000538,1.9659151905528718,0.4227053140096618,1.247987117552335,,,
18,53.14009661835749,31.206387546967257,8.601717659688674,1.1674718196457328,0.24154589371980675,5.642780461621041,,,
19,46.07487922705314,38.00322061191626,8.601717659688674,1.1674718196457328,0.24154589371980675,5.622651637144391,0.2885131508319914,,
20,45.69243156199678,37.567096081588836,9.71551261406334,1.1674718196457328,0.24154589371980675,5.615942028985507,,,
21,45.90713902308105,37.35238862050456,9.71551261406334,1.1674718196457328,0.24154589371980675,5.615942028985507,,,
22,46.03462157809984,37.23832528180354,9.71551261406334,1.1674718196457328,0.24154589371980675,5.60252281266774,,,
23,43.29710144927536,38.036768652710684,9.702093397745571,1.1674718196457328,0.24154589371980675,7.555018786902845,,,
24,40.29119699409554,41.76060118089104,9.702093397745571,1.1674718196457328,0.24154589371980675,6.837090713902308,,,
25,39.76784755770263,39.55314009661836,12.432903918411165,1.1674718196457328,0.24154589371980675,6.837090713902308,,,
26,36.983360171765966,45.793075684380035,9.977187332259795,1.1674718196457328,0.24154589371980675,5.703166935050993,0.13419216317767044,,
27,37.27858293075684,45.17579173376275,9.957058507783145,1.6505636070853462,0.24154589371980675,5.562265163714439,0.13419216317767044,,
28,37.446323134728935,44.95437466451959,9.943639291465379,1.6505636070853462,0.3757380568974772,5.495169082125604,0.13419216317767044,,
29,36.25872249060655,37.96296296296296,9.943639291465379,1.6505636070853462,0.6172839506172839,13.43263553408481,0.13419216317767044,,
30,36.61433172302738,37.64761137949544,9.930220075147611,1.6438539989264627,0.6172839506172839,13.197799248523886,0.3488996242619431,,
31,37.19806763285024,37.224906065485776,9.769189479334408,1.6438539989264627,0.6172839506172839,13.197799248523886,0.3488996242619431,,
32,36.05743424584004,38.157541599570585,9.769189479334408,1.6438539989264627,0.5971551261406334,13.425925925925926,0.3488996242619431,,
33,36.312399355877616,38.016639828234034,9.769189479334408,1.6438539989264627,0.5971551261406334,13.191089640365004,0.3488996242619431,0.12077294685990338,
34,36.493558776167475,37.88244766505636,9.500805152979066,1.6438539989264627,0.8655394524959742,13.144122383252817,0.3488996242619431,0.12077294685990338,
35,36.69484702093398,37.80193236714976,9.46725711218465,1.6438539989264627,0.8655394524959742,13.056897477187333,0.3488996242619431,0.12077294685990338,
36,37.104133118625874,37.486580783682236,9.373322597960279,1.6438539989264627,0.8655394524959742,13.056897477187333,0.3488996242619431,0.12077294685990338,
37,36.81561996779388,37.65432098765432,9.373322597960279,1.6438539989264627,0.8655394524959742,13.056897477187333,0.46967257112184646,0.12077294685990338,
38,37.513419216317764,37.19806763285024,9.292807300053678,1.6438539989264627,0.7045088566827697,13.056897477187333,0.46967257112184646,0.12077294685990338,
39,36.33923778851315,38.419216317767045,9.265968867418144,1.6304347826086956,0.7045088566827697,13.050187869028449,0.46967257112184646,0.12077294685990338,
40,36.312399355877616,38.55340848094471,9.245840042941492,1.6304347826086956,0.7045088566827697,12.962962962962964,0.46967257112184646,0.12077294685990338,
41,36.65458937198068,38.439345142243695,8.709071390230811,1.9390767579173376,0.7045088566827697,12.962962962962964,0.46967257112184646,0.12077294685990338,
42,34.554482018250134,40.55958132045089,8.709071390230811,1.9390767579173376,0.7045088566827697,12.942834138486312,0.46967257112184646,0.12077294685990338,
43,34.0378421900161,37.82206119162641,12.057165861513688,1.90552871712292,0.6575415995705851,12.929414922168545,0.46967257112184646,0.12077294685990338,
44,34.16532474503489,37.714707461084274,12.057165861513688,1.90552871712292,0.6575415995705851,12.909286097691895,0.46967257112184646,0.12077294685990338,
45,34.306226516371446,37.56038647342995,11.976650563607086,1.8853998926462694,0.8051529790660226,12.909286097691895,0.43612453032742887,0.12077294685990338,
46,34.655126140633385,37.11084272678475,11.929683306494901,1.8853998926462694,0.95276435856146,12.909286097691895,0.43612453032742887,0.12077294685990338,
47,31.850509930220074,39.942297369833604,11.916264090177133,1.8719806763285025,0.95276435856146,12.909286097691895,0.43612453032742887,0.12077294685990338,
48,32.18599033816425,39.801395598497045,11.916264090177133,1.7847557702630166,0.95276435856146,12.801932367149758,0.43612453032742887,0.12077294685990338,
49,32.35373054213634,39.700751476113794,11.889425657541599,1.7847557702630166,0.95276435856146,12.761674718196458,0.43612453032742887,0.12077294685990338,
50,32.50805152979066,39.52630166398282,11.889425657541599,1.7847557702630166,0.9393451422436929,12.808641975308642,0.4227053140096618,0.12077294685990338,
51,32.50805152979066,39.52630166398282,11.889425657541599,1.7847557702630166,0.9393451422436929,12.808641975308642,0.4227053140096618,0.12077294685990338,
52,31.736446591519055,40.371712292002144,11.882716049382717,1.7847557702630166,0.9393451422436929,12.741545893719806,0.4227053140096618,0.12077294685990338,
53,29.74369296833065,36.808910359635,19.03515834675255,1.4895330112721417,0.5971551261406334,11.916264090177133,0.2885131508319914,0.12077294685990338,
54,28.878153515834676,36.07085346215781,18.98148148148148,1.4895330112721417,0.5971551261406334,13.573537305421363,0.2885131508319914,0.12077294685990338,
55,28.898282340311326,35.80246913580247,18.733225979602793,1.8115942028985508,0.5971551261406334,13.533279656468062,0.5032206119162641,0.12077294685990338,
56,23.242082662372518,44.08212560386473,16.317767042404725,1.8115942028985508,0.5971551261406334,12.31213097155126,1.5163714439076759,0.12077294685990338,
57,23.2085346215781,43.47826086956522,16.284219001610307,1.8115942028985508,0.5837359098228664,12.99651100375738,1.5163714439076759,0.12077294685990338,
58,23.376274825550187,43.37761674718197,16.223832528180353,1.8115942028985508,0.5837359098228664,12.989801395598498,1.5163714439076759,0.12077294685990338,
59,23.564143853998928,43.323939881910896,16.15673644659152,1.8115942028985508,0.5837359098228664,12.922705314009661,1.5163714439076759,0.12077294685990338,
60,23.765432098765434,43.283682232957595,16.129898013955984,1.8115942028985508,0.5837359098228664,12.788513150831992,1.5163714439076759,0.12077294685990338,
61,24.14117015566291,43.03542673107891,16.069511540526033,1.8115942028985508,0.5837359098228664,12.741545893719806,1.5163714439076759,0.10064412238325282,
62,24.302200751476114,42.7938808373591,16.015834675254965,1.8115942028985508,0.7313472893183038,12.72812667740204,1.5163714439076759,0.10064412238325282,
63,24.490069779924852,42.35775630703167,15.96886741814278,1.9122383252818036,0.8789586688137413,12.02361782071927,1.5163714439076759,0.8521202361782072,
64,24.805421363392377,42.089371980676326,15.915190552871712,1.9122383252818036,1.0399892646269457,11.869296833064949,1.5163714439076759,0.8521202361782072,
65,25.127482555018787,41.74047235641439,16.015834675254965,1.9122383252818036,1.0399892646269457,11.808910359634996,1.5163714439076759,0.8387010198604401,
66,24.174718196457327,38.71443907675792,20.819914117015568,1.9122383252818036,1.093666129898014,10.950080515297907,1.4962426194310252,0.8387010198604401,
67,24.758454106280194,38.49302200751476,20.46430488459474,2.0799785292538915,0.9594739667203436,10.768921095008052,1.4962426194310252,0.9796027911969941,
68,24.89935587761675,38.36553945249597,18.183038110574344,2.0799785292538915,0.9594739667203436,13.043478260869565,1.4895330112721417,0.9796027911969941,
69,25.06038647342995,38.217928073000536,18.06226516371444,2.0799785292538915,0.9594739667203436,13.003220611916264,1.6371443907675791,0.9796027911969941,
70,25.677670424047236,35.74208266237252,17.921363392377884,2.046430488459474,3.166935050993022,12.915995705850777,1.5499194847020934,0.9796027911969941,
71,25.731347289318304,34.84970477724101,17.881105743424584,2.033011272141707,4.045893719806763,12.822061191626409,1.5365002683843263,1.1003757380568975,
72,25.791733762748255,34.5679012345679,17.881105743424584,2.033011272141707,3.938539989264627,12.788513150831992,1.8988191089640365,1.1003757380568975,
73,25.905797101449274,34.31964573268921,17.559044551798173,2.033011272141707,4.159957058507783,12.775093934514224,2.147074610842727,1.1003757380568975,
74,23.59098228663446,31.052066559312937,11.963231347289318,1.7579173376274826,4.3478260869565215,24.302200751476114,1.8988191089640365,1.0869565217391304,
75,24.134460547504027,30.703166935050994,11.896135265700483,1.7579173376274826,4.3478260869565215,24.18142780461621,1.8988191089640365,1.0802469135802468,
76,22.75228126677402,32.809983896940416,11.406333870101985,1.7579173376274826,4.3478260869565215,23.946591519055286,1.8988191089640365,1.0802469135802468,
77,23.309178743961354,32.75630703166935,11.258722490606548,1.7444981213097155,4.300858829844337,23.61111111111111,2.046430488459474,0.9728931830381106,
78,23.336017176596886,30.3743961352657,11.151368760064413,4.723564143853999,3.683574879227053,23.060923242082662,2.999194847020934,0.6709608158883521,
79,23.617820719269993,30.226784755770264,11.151368760064413,4.7168545356951155,3.683574879227053,22.638217928073,2.999194847020934,0.966183574879227,
80,23.839237788513152,30.005367686527105,11.446591519055287,4.683306494900698,3.683574879227053,22.376543209876544,2.999194847020934,0.966183574879227,
81,24.12775093934514,29.944981213097154,11.3593666129898,4.683306494900698,3.683574879227053,22.249060654857757,2.999194847020934,0.95276435856146,
82,24.228395061728396,29.884594739667204,11.352657004830919,4.683306494900698,3.683574879227053,22.23564143853999,2.9790660225442833,0.95276435856146,
83,22.852925389157274,31.01851851851852,10.755501878690284,6.662640901771336,3.683574879227053,21.20907139023081,2.9589371980676327,0.8588298443370908,
84,22.953569511540525,30.797101449275363,10.755501878690284,6.662640901771336,3.8311862587224907,21.20907139023081,2.932098765432099,0.8588298443370908,
85,23.295759527643586,30.44820182501342,10.721953837895867,6.662640901771336,3.9989264626945786,21.081588835212024,2.932098765432099,0.8588298443370908,
86,23.49033816425121,30.300590445517983,10.661567364465915,6.662640901771336,4.086151368760064,21.034621578099838,2.9052603327965647,0.8588298443370908,
87,23.785560923242084,30.05233494363929,10.61460010735373,6.756575415995706,4.079441760601181,20.658883521202362,2.9052603327965647,1.1473429951690821,
88,24.12775093934514,29.918142780461622,10.57434245840043,6.595544820182502,4.079441760601181,20.652173913043477,2.9052603327965647,1.1473429951690821,
89,23.939881910896403,29.045893719806763,10.198604401502953,6.199677938808374,3.878153515834675,22.73215244229737,2.8650026838432634,1.1406333870101986,
90,24.315619967793882,28.911701556629094,10.198604401502953,6.0654857756307035,3.878153515834675,22.638217928073,2.8650026838432634,1.1272141706924315,
91,24.308910359634996,28.891572732152444,10.198604401502953,6.052066559312936,3.8177670424047236,22.73886205045625,2.8650026838432634,1.1272141706924315,
92,24.792002147074612,28.858024691358025,10.144927536231885,6.038647342995169,3.8177670424047236,22.396672034353195,2.8650026838432634,1.0869565217391304,
93,25.194578636607623,28.482286634460547,9.970477724100913,6.038647342995169,4.005636070853462,22.23564143853999,2.8381642512077296,1.2345679012345678,
94,25.281803542673106,28.428609769189478,9.88996242619431,5.998389694041868,4.092860976918948,22.23564143853999,2.8381642512077296,1.2345679012345678,
95,25.429414922168544,28.368223295759528,9.863123993558776,5.984970477724101,4.066022544283414,22.21551261406334,2.8381642512077296,1.2345679012345678,
96,25.5703166935051,28.059581320450885,9.863123993558776,5.9514224369296835,4.374664519592056,22.108158883521202,2.8381642512077296,1.2345679012345678,
97,26.01315083199141,27.992485238862052,9.849704777241008,5.924584004294149,4.320987654320987,21.826355340848096,2.8381642512077296,1.2345679012345678,
98,25.275093934514224,28.891572732152444,9.802737520128824,5.884326355340848,4.300858829844337,21.631776704240472,2.8381642512077296,1.3754696725711217,
99,25.409286097691894,28.858024691358025,9.802737520128824,5.367686527106817,5.904455179817498,20.457595276435857,2.8381642512077296,1.3620504562533549,
100,24.805421363392377,27.717391304347824,9.520933977455716,5.367686527106817,5.904455179817498,22.550993022007514,2.771068169618894,1.3620504562533549,
101,21.39694041867955,33.1454643048846,9.514224369296834,5.179817498658078,5.159688674181428,21.900161030595815,2.341653247450349,1.3620504562533549,
102,21.537842190016104,32.90391841116479,8.99087493290392,5.978260869565218,5.287171229200215,21.598228663446054,2.341653247450349,1.3620504562533549,
103,21.77938808373591,32.83682232957595,8.99087493290392,5.9514224369296835,5.139559849704777,21.598228663446054,2.341653247450349,1.3620504562533549,
104,18.59903381642512,30.96484165324745,6.8035426731078905,5.938003220611916,4.461889425657541,29.777241009125067,2.2611379495437465,1.1943102522812667,
105,18.833870101986044,30.656199677938808,6.78341384863124,5.931293612453032,4.5960815888352125,29.777241009125067,2.227589908749329,1.1943102522812667,
106,19.276704240472355,30.381105743424584,6.756575415995706,6.172839506172839,4.488727858293076,29.582662372517444,2.147074610842727,1.1943102522812667,
107,19.90740740740741,30.06575415995706,6.743156199677939,6.078904991948471,4.522275899087493,29.354535695115406,2.13365539452496,1.1943102522812667,
108,20.28985507246377,29.817498658078367,6.655931293612453,6.078904991948471,4.62962962962963,29.200214707461082,2.13365539452496,1.1943102522812667,
109,20.88030059044552,29.341116478797638,6.615673644659152,6.072195383789587,4.62962962962963,28.945249597423512,2.3215244229736984,1.1943102522812667,
110,21.081588835212024,29.21363392377885,6.582125603864735,6.0654857756307035,4.62962962962963,28.931830381105744,2.301395598497048,1.1943102522812667,
111,21.443907675791735,28.891572732152444,6.582125603864735,6.0654857756307035,4.7638217928073,28.75738056897477,2.301395598497048,1.1943102522812667,
112,21.517713365539453,28.83118625872249,6.582125603864735,6.0654857756307035,4.757112184648417,28.75067096081589,2.301395598497048,1.1943102522812667,
113,21.62506709608159,28.368223295759528,6.541867954911433,6.0654857756307035,4.663177670424047,28.703703703703702,2.8381642512077296,1.1943102522812667,
114,21.28287707997853,27.979066022544284,12.184648416532475,6.0654857756307035,4.64975845410628,23.852657004830917,2.791196994095545,1.1943102522812667,
115,20.71256038647343,27.49597423510467,11.18491680085883,5.904455179817498,4.428341384863124,26.35534084809447,2.7241009125067097,1.1943102522812667,
116,20.29656468062265,27.455716586151368,11.18491680085883,5.904455179817498,4.428341384863124,27.15378421900161,2.3886205045625335,1.1876006441223832,
117,20.471014492753625,27.32823403113258,11.137949543746645,6.246645195920558,4.186795491143317,27.053140096618357,2.3886205045625335,1.1876006441223832,
118,20.645464304884594,27.22758990874933,11.037305421363392,6.179549114331723,4.1532474503489,25.79844337090714,3.797638217928073,1.1607622114868492,
119,20.954106280193237,27.20746108427268,10.983628556092324,6.119162640901771,4.1532474503489,25.664251207729468,3.770799785292539,1.1473429951690821,
120,21.4170692431562,27.066559312936125,10.836017176596886,5.756843800322061,4.300858829844337,25.597155126140635,3.878153515834675,1.1473429951690821,
121,21.638486312399355,26.154052603327965,10.775630703166936,5.756843800322061,5.193236714975845,25.45625335480408,3.878153515834675,1.1473429951690821,
122,21.66532474503489,26.140633387010197,10.61460010735373,5.743424584004294,5.35426731078905,25.45625335480408,3.878153515834675,1.1473429951690821,
123,22.38996242619431,25.85212023617821,10.567632850241546,5.743424584004294,5.35426731078905,25.07380568974772,3.8714439076757916,1.1473429951690821,
124,22.799248523886206,25.637412775093935,10.332796564680622,5.917874396135265,5.3341384863123995,25.013419216317768,3.8177670424047236,1.1473429951690821,
125,23.10789049919485,25.523349436392916,10.265700483091788,5.917874396135265,5.864197530864198,24.355877616747183,3.8177670424047236,1.1473429951690821,
126,19.81347289318304,21.450617283950617,7.689210950080516,4.300858829844337,4.898013955984971,37.76838432635534,3.0730005367686526,1.0064412238325282,
127,20.148953301127214,20.967525496511005,7.575147611379496,4.361245303274289,4.898013955984971,37.855609232420825,3.0730005367686526,1.1205045625335481,
128,20.249597423510465,20.967525496511005,7.575147611379496,4.361245303274289,4.891304347826087,37.76838432635534,3.066290928609769,1.1205045625335481,
129,20.28985507246377,20.873590982286636,7.809983896940419,4.320987654320987,4.9651100375738055,37.486580783682236,3.046162104133119,1.2077294685990339,
130,20.497852925389157,20.001341921631777,7.695920558239399,4.300858829844337,5.984970477724101,37.01690821256039,3.1602254428341383,1.3419216317767042,
131,20.739398819108963,19.94766505636071,7.601986044015029,4.53569511540526,5.984970477724101,36.68813741277509,3.1602254428341383,1.3419216317767042,
132,20.78636607622115,19.89398819108964,7.601986044015029,4.4820182501341925,6.099033816425121,36.63446054750403,3.1602254428341383,1.3419216317767042,
133,20.799785292538918,19.578636607622116,9.655126140633387,4.4820182501341925,6.380837359098229,34.60144927536232,3.1602254428341383,1.3419216317767042,
134,20.92055823939882,19.464573268921097,9.655126140633387,4.4820182501341925,6.380837359098229,34.39345142243693,3.1535158346752548,1.5499194847020934,
135,20.75281803542673,15.881642512077295,14.237788513150832,4.435050993022007,5.515297906602254,34.272678475577024,3.3548040794417604,1.5499194847020934,
136,21.00107353730542,15.727321524422974,14.237788513150832,4.435050993022007,5.515297906602254,33.89023081052066,3.3548040794417604,1.8384326355340848,
137,20.477724100912507,14.982555018786902,13.848631239935587,4.428341384863124,5.428073000536768,35.64143853998927,3.3548040794417604,1.8384326355340848,
138,20.645464304884594,14.875201288244767,13.781535158346752,4.40150295222759,5.421363392377885,35.560923242082666,3.475577026301664,1.8384326355340848,
139,20.9272678475577,14.761137949543746,13.741277509393452,4.394793344068707,5.407944176060118,35.39989264626946,3.556092324208266,1.8115942028985508,
140,21.115136876006442,14.734299516908212,13.741277509393452,4.341116478797638,5.35426731078905,35.34621578099839,3.556092324208266,1.8115942028985508,
141,21.141975308641975,14.734299516908212,13.741277509393452,4.341116478797638,5.35426731078905,35.319377348362856,3.556092324208266,1.8115942028985508,
142,21.32313472893183,14.640365002683843,13.674181427804616,4.341116478797638,5.287171229200215,35.36634460547504,3.556092324208266,1.8115942028985508,
143,21.484165324745035,14.593397745571659,13.513150831991412,4.341116478797638,5.548845947396672,35.15163714439077,3.556092324208266,1.8115942028985508,
144,21.423778851315085,14.579978529253891,13.425925925925926,4.636339237788513,5.548845947396672,34.88325281803543,3.6902844873859366,1.8115942028985508,
145,21.141975308641975,14.325013419216317,13.077026301663983,5.938003220611916,5.488459473966721,34.5276435856146,3.6902844873859366,1.8115942028985508,
146,20.7662372517445,14.237788513150832,13.036768652710682,5.2066559312936125,5.488459473966721,35.91653247450349,3.535963499731616,1.8115942028985508,
147,21.256038647342994,13.92914653784219,13.036768652710682,5.173107890499195,5.488459473966721,35.68840579710145,3.6634460547504024,1.7646269457863661,
148,21.410359634997317,13.841921631776705,12.989801395598498,5.0858829844337095,5.683038110574342,35.560923242082666,3.6634460547504024,1.7646269457863661,
149,21.85319377348363,13.895598497047773,12.848899624261943,4.924852388620504,5.676328502415459,35.279119699409556,3.549382716049383,1.9726247987117553,
150,22.007514761137948,13.667471819645733,12.72812667740204,4.924852388620504,6.890767579173376,34.25925925925926,3.549382716049383,1.9726247987117553,
151,22.148416532474503,13.627214170692431,12.640901771336553,4.924852388620504,6.877348362855609,34.25925925925926,3.549382716049383,1.9726247987117553,
152,22.457058507783145,13.613794954374665,12.506709608158884,4.911433172302737,6.863929146537842,34.17203435319377,3.502415458937198,1.9726247987117553,
153,22.765700483091788,13.519860440150294,12.439613526570048,4.911433172302737,6.816961889425658,34.07139023081052,3.502415458937198,1.9726247987117553,
154,23.141438539989263,13.378958668813741,12.406065485775631,4.898013955984971,6.816961889425658,33.883521202361784,3.502415458937198,1.9726247987117553,
155,23.678207192699947,13.365539452495975,12.25174449812131,4.898013955984971,6.6760601180891035,33.662104133118625,3.4957058507783145,1.9726247987117553,
156,23.845947396672035,13.24476650563607,12.25174449812131,4.898013955984971,6.66935050993022,33.621846484165324,3.4957058507783145,1.9726247987117553,
157,24.060654857756308,12.97638217928073,11.782071926999464,5.246913580246914,6.9310252281266775,33.5077831454643,3.4286097691894795,2.0665593129361244,
158,24.14787976382179,12.86231884057971,11.782071926999464,5.045625335480408,6.709608158883521,33.279656468062264,4.106280193236715,2.0665593129361244,
159,24.40955448201825,12.815351583467525,11.627750939345143,5.01207729468599,6.998121309715513,32.749597423510465,4.314278046162104,1.8988191089640365,0.17444981213097155
160,24.973161567364468,12.734836285560924,11.627750939345143,4.985238862050457,6.877348362855609,32.326892109500804,4.428341384863124,1.8719806763285025,0.17444981213097155
161,25.0402576489533,12.714707461084272,11.614331723027375,4.985238862050457,6.870638754696726,32.30005367686527,4.428341384863124,1.8719806763285025,0.17444981213097155
162,25.15432098765432,12.674449812130971,11.614331723027375,4.985238862050457,6.870638754696726,32.22624798711755,4.428341384863124,1.8719806763285025,0.17444981213097155
163,25.37573805689748,12.674449812130971,11.594202898550725,4.985238862050457,6.870638754696726,32.03166935050993,4.428341384863124,1.865271068169619,0.17444981213097155
164,25.738056897477186,12.640901771336553,11.379495437466453,5.280461621041331,6.6827697262479875,31.870638754696724,4.367954911433173,1.865271068169619,0.17444981213097155
165,26.33521202361782,12.5402576489533,11.56736446591519,5.273752012882448,6.541867954911433,31.44122383252818,4.367954911433173,1.8518518518518519,0.08051529790660225
166,26.617015566290927,12.486580783682234,11.56736446591519,5.173107890499195,6.541867954911433,31.36070853462158,4.320987654320987,1.8518518518518519,0.08051529790660225
167,26.878690284487387,12.47987117552335,11.56736446591519,5.12614063338701,6.541867954911433,31.28690284487386,4.186795491143317,1.8518518518518519,0.08051529790660225
168,27.334943639291467,12.406065485775631,11.560654857756306,5.12614063338701,6.360708534621578,31.112453032742888,4.186795491143317,1.8317230273752012,0.08051529790660225
169,27.82474503488996,12.258454106280194,11.41304347826087,5.12614063338701,6.340579710144928,30.971551261406333,4.186795491143317,1.7981749865807837,0.08051529790660225
170,28.073000536768653,12.25174449812131,11.352657004830919,5.12614063338701,6.340579710144928,30.837359098228664,4.186795491143317,1.751207729468599,0.08051529790660225
171,28.213902308105208,12.25174449812131,11.352657004830919,5.12614063338701,6.340579710144928,30.515297906602253,4.17337627482555,1.9457863660762211,0.08051529790660225
172,28.28099838969404,12.25174449812131,11.325818572195384,5.10601180891036,6.333870101986044,30.515297906602253,4.159957058507783,1.9457863660762211,0.08051529790660225
173,28.63660762211487,12.104133118625873,11.325818572195384,5.065754159957058,6.521739130434782,29.904723564143854,4.300858829844337,2.059849704777241,0.08051529790660225
174,28.683574879227052,12.090713902308105,11.29898013955985,5.059044551798175,6.521739130434782,29.904723564143854,4.300858829844337,2.059849704777241,0.08051529790660225
175,28.529253891572733,12.010198604401502,10.876274825550189,4.985238862050457,6.488191089640365,29.62962962962963,5.367686527106817,2.059849704777241,0.05367686527106817
176,28.039452495974235,11.399624261943103,10.809178743961352,4.193505099302201,6.085614600107354,31.97799248523886,5.24020397208803,2.200751476113795,0.05367686527106817
177,28.113258185721953,11.386205045625335,10.809178743961352,4.193505099302201,6.052066559312936,31.95115405260333,5.24020397208803,2.200751476113795,0.05367686527106817
178,28.482286634460547,11.3191089640365,10.668276972624799,4.180085882984434,6.052066559312936,31.82367149758454,5.226784755770263,2.1940418679549114,0.05367686527106817
179,28.629898013955984,11.225174449812132,10.560923242082662,4.180085882984434,6.018518518518518,31.80354267310789,5.226784755770263,2.301395598497048,0.05367686527106817
180,28.951959205582394,11.191626409017713,10.540794417606012,4.146537842190016,6.018518518518518,31.709608158883523,5.0858829844337095,2.301395598497048,0.05367686527106817
181,29.20692431561997,11.191626409017713,10.507246376811594,4.146537842190016,6.018518518518518,31.488191089640367,5.0858829844337095,2.301395598497048,0.05367686527106817
182,29.441760601180892,11.191626409017713,10.507246376811594,4.066022544283414,6.018518518518518,31.367418142780462,5.052334943639291,2.301395598497048,0.05367686527106817
183,29.830917874396135,11.144659151905529,10.507246376811594,4.05931293612453,6.018518518518518,31.085614600107355,4.998658078368224,2.301395598497048,0.05367686527106817
184,29.857756307031668,11.010466988727858,10.493827160493828,4.193505099302201,6.018518518518518,31.03864734299517,5.032206119162641,2.301395598497048,0.05367686527106817
185,30.152979066022546,11.010466988727858,10.493827160493828,4.193505099302201,5.911164787976382,30.96484165324745,4.918142780461621,2.301395598497048,0.05367686527106817
186,29.716854535695116,10.185185185185185,10.493827160493828,4.334406870638754,5.911164787976382,30.9447128287708,6.0587761674718195,2.301395598497048,0.05367686527106817
187,29.924852388620504,10.185185185185185,10.493827160493828,4.334406870638754,5.911164787976382,30.73671497584541,6.0587761674718195,2.301395598497048,0.05367686527106817
188,30.079173376274827,10.131508319914117,10.466988727858293,4.334406870638754,5.857487922705314,30.71658615136876,6.0587761674718195,2.301395598497048,0.05367686527106817
189,30.17981749865808,10.077831454643048,10.446859903381643,4.334406870638754,5.857487922705314,30.689747718733226,6.0587761674718195,2.301395598497048,0.05367686527106817
190,30.917874396135264,10.044283413848632,10.393183038110575,3.9586688137412773,5.857487922705314,30.35426731078905,6.005099302200751,2.4154589371980677,0.05367686527106817
191,31.414385399892645,10.044283413848632,10.38647342995169,3.797638217928073,5.857487922705314,30.05233494363929,5.978260869565218,2.4154589371980677,0.05367686527106817
192,31.78341384863124,10.044283413848632,10.198604401502953,3.750670960815888,6.045356951154052,29.777241009125067,5.978260869565218,2.368491680085883,0.05367686527106817
193,31.709608158883523,9.822866344605474,11.044015029522276,3.227321524422974,6.031937734836285,29.60950080515298,6.132581857219538,2.368491680085883,0.05367686527106817
194,31.99812130971551,9.588030059044552,11.044015029522276,3.2139023081052067,6.293612453032743,29.455179817498657,6.005099302200751,2.3483628556092326,0.05367686527106817
195,32.31347289318304,9.500805152979066,10.95679012345679,3.2139023081052067,6.293612453032743,29.455179817498657,5.897745571658615,2.314814814814815,0.05367686527106817
196,32.26650563607085,9.447128287707997,10.82259796027912,3.2139023081052067,6.213097155126141,29.455179817498657,6.213097155126141,2.314814814814815,0.05367686527106817
197,32.52147074610843,9.440418679549115,10.775630703166936,3.207192699946323,6.213097155126141,29.280730005367687,6.206387546967257,2.301395598497048,0.05367686527106817
198,32.63553408480945,9.41358024691358,10.768921095008052,3.2004830917874396,6.213097155126141,29.20692431561997,6.206387546967257,2.301395598497048,0.05367686527106817
199,32.76301663982824,9.400161030595813,10.755501878690284,3.2004830917874396,6.199677938808374,29.11969940955448,6.206387546967257,2.301395598497048,0.05367686527106817
200,33.06494900697799,9.386741814278047,10.72866344605475,3.2004830917874396,6.179549114331723,28.878153515834676,6.206387546967257,2.301395598497048,0.05367686527106817
201,33.10520665593129,9.366612989801396,10.72866344605475,3.2004830917874396,6.159420289855072,28.878153515834676,6.206387546967257,2.301395598497048,0.05367686527106817
202,33.17230273752013,9.339774557165862,10.601180891035963,3.2004830917874396,6.146001073537305,28.837895866881375,6.206387546967257,2.442297369833602,0.05367686527106817
203,33.43397745571659,9.292807300053678,10.540794417606012,3.2004830917874396,6.146001073537305,28.683574879227052,6.206387546967257,2.442297369833602,0.05367686527106817
204,33.47423510466989,9.292807300053678,10.540794417606012,3.2004830917874396,6.146001073537305,28.650026838432634,6.199677938808374,2.442297369833602,0.05367686527106817
205,33.16559312936125,9.078099838969404,10.668276972624799,3.193773483628556,6.380837359098229,28.824476650563607,6.199677938808374,2.4355877616747184,0.05367686527106817
206,33.52791196994095,9.064680622651638,10.668276972624799,3.1870638754696725,6.347289318303811,28.529253891572733,6.1862587224906065,2.4355877616747184,0.05367686527106817
207,33.36688137412775,8.943907675791733,10.171765968867419,3.166935050993022,6.347289318303811,28.992216854535695,6.246645195920558,2.7106816961889426,0.05367686527106817
208,33.25952764358561,8.883521202361782,10.285829307568438,3.052871712292002,6.1929683306494905,28.348094471282877,7.239667203435319,2.6838432635534084,0.05367686527106817
209,33.984165324745035,8.829844337090714,10.057702630166398,3.052871712292002,6.1929683306494905,27.979066022544284,7.232957595276436,2.6167471819645733,0.05367686527106817
210,34.17874396135266,8.796296296296296,10.030864197530864,3.052871712292002,6.333870101986044,27.63016639828234,7.192699946323135,2.7308105206655933,0.05367686527106817
211,34.23242082662372,8.722490606548577,10.077831454643048,3.0327428878153517,6.333870101986044,27.49597423510467,7.320182501341922,2.7308105206655933,0.05367686527106817
212,34.634997316156735,8.68894256575416,9.98389694041868,3.0327428878153517,6.333870101986044,27.22758990874933,7.320182501341922,2.7241009125067097,0.05367686527106817
213,34.977187332259795,8.655394524959743,9.896672034353195,3.012614063338701,6.300322061191626,27.120236178207193,7.25979602791197,2.7241009125067097,0.05367686527106817
214,35.08454106280193,8.655394524959743,9.856414385399892,3.012614063338701,6.508319914117015,26.89210950080515,7.25979602791197,2.677133655394525,0.05367686527106817
215,35.14492753623188,8.655394524959743,9.842995169082126,3.012614063338701,6.508319914117015,26.8719806763285,7.232957595276436,2.677133655394525,0.05367686527106817
216,35.30595813204509,8.548040794417606,9.842995169082126,3.012614063338701,6.508319914117015,26.818303811057433,7.232957595276436,2.677133655394525,0.05367686527106817
217,35.40660225442834,8.548040794417606,9.842995169082126,2.999194847020934,6.4412238325281805,26.80488459473967,7.226247987117552,2.677133655394525,0.05367686527106817
218,35.66156736446592,8.527911969940956,9.822866344605474,2.9589371980676327,6.407675791733762,26.80488459473967,7.098765432098766,2.6637144390767578,0.05367686527106817
219,35.92324208266237,8.480944712828771,9.75577026301664,3.126677402039721,6.374127750939345,26.603596349973163,7.018250134192163,2.6637144390767578,0.05367686527106817
220,35.91653247450349,8.393719806763285,9.66183574879227,3.126677402039721,6.320450885668277,26.100375738056897,7.796564680622652,2.6301663982823404,0.05367686527106817
221,36.37949543746645,8.259527643585615,9.66183574879227,3.126677402039721,6.226516371443908,25.966183574879228,7.695920558239399,2.6301663982823404,0.05367686527106817
222,36.70155662909286,8.252818035426731,9.66183574879227,3.126677402039721,6.159420289855072,25.771604938271604,7.695920558239399,2.576489533011272,0.05367686527106817
223,36.822329575952764,8.219269994632313,9.66183574879227,3.126677402039721,6.159420289855072,25.751476113794954,7.628824476650563,2.576489533011272,0.05367686527106817
224,36.43317230273752,8.017981749865807,9.554482018250134,3.113258185721954,5.9447128287707995,26.724369296833064,7.588566827697263,2.5697799248523885,0.05367686527106817
225,36.38620504562534,7.96430488459474,9.950348899624261,3.113258185721954,5.897745571658615,26.610305958132045,7.461084272678476,2.5697799248523885,0.04696725711218465
226,36.802200751476114,7.917337627482555,9.86983360171766,3.099838969404187,5.797101449275362,26.435856146001072,7.461084272678476,2.5697799248523885,0.04696725711218465
227,36.85587761674718,7.9039184111647875,9.863123993558776,3.099838969404187,5.797101449275362,26.42914653784219,7.434245840042942,2.5697799248523885,0.04696725711218465
228,37.27187332259796,7.7831454643048845,9.863123993558776,3.0931293612453032,5.71658615136876,26.25469672571122,7.427536231884058,2.5429414922168547,0.04696725711218465
229,37.68115942028985,7.75630703166935,9.849704777241008,3.0730005367686526,5.595813204508857,26.060118089103597,7.4006977992485234,2.536231884057971,0.04696725711218465
230,38.00322061191626,7.749597423510467,9.816156736446592,2.999194847020934,5.58239398819109,25.986312399355878,7.286634460547504,2.5295222758990876,0.04696725711218465
231,37.88915727321525,7.628824476650563,9.634997316156737,2.945517981749866,5.71658615136876,25.731347289318304,7.937466451959206,2.4691358024691357,0.04696725711218465
232,38.29173376274826,7.628824476650563,9.554482018250134,2.9388083735909825,5.669618894256575,25.40257648953301,7.937466451959206,2.5295222758990876,0.04696725711218465
233,38.37224906065486,7.601986044015029,9.520933977455716,3.140096618357488,5.669618894256575,25.308641975308642,7.897208803005904,2.442297369833602,0.04696725711218465
234,38.10386473429951,7.112184648416532,9.520933977455716,3.126677402039721,5.548845947396672,25.241545893719806,8.896940418679549,2.4020397208803006,0.04696725711218465
235,37.96296296296296,7.112184648416532,9.520933977455716,4.2203435319377345,5.548845947396672,24.194847020933977,9.01100375738057,2.38191089640365,0.04696725711218465
236,38.097155126140635,7.246376811594203,9.420289855072463,4.186795491143317,5.542136339237788,24.06736446591519,9.01100375738057,2.38191089640365,0.04696725711218465
237,38.36553945249597,7.192699946323135,9.353193773483628,4.186795491143317,5.528717122920021,23.879495437466453,9.01100375738057,2.4355877616747184,0.04696725711218465
238,38.63392377885131,7.118894256575416,9.306226516371444,4.186795491143317,5.501878690284487,23.772141706924316,8.997584541062801,2.4355877616747184,0.04696725711218465
239,37.03032742887815,6.8035426731078905,9.286097691894794,4.0995705850778315,5.501878690284487,25.81857219538379,8.997584541062801,2.4154589371980677,0.04696725711218465
240,37.3389694041868,6.743156199677939,9.286097691894794,4.072732152442297,5.347557702630167,25.751476113794954,8.997584541062801,2.4154589371980677,0.04696725711218465
241,37.59393451422437,6.743156199677939,9.286097691894794,3.992216854535695,5.58239398819109,25.40257648953301,8.957326892109501,2.395330112721417,0.04696725711218465
242,37.714707461084274,6.696188942565755,9.245840042941492,3.965378421900161,5.743424584004294,25.127482555018787,8.917069243156199,2.5429414922168547,0.04696725711218465
243,38.00322061191626,6.535158346752549,9.219001610305957,3.938539989264627,5.743424584004294,25.07380568974772,8.910359634997317,2.5295222758990876,0.04696725711218465
244,38.26489533011272,6.400966183574879,9.198872785829307,3.938539989264627,5.743424584004294,24.966451959205582,8.910359634997317,2.5295222758990876,0.04696725711218465
245,38.378958668813745,6.400966183574879,9.198872785829307,3.938539989264627,5.743424584004294,24.731615673644658,8.910359634997317,2.6502952227589907,0.04696725711218465
246,38.54669887278583,6.394256575415996,9.198872785829307,3.938539989264627,5.723295759527644,24.590713902308106,8.910359634997317,2.6502952227589907,0.04696725711218465
247,38.6406333870102,6.394256575415996,9.198872785829307,3.878153515834675,5.723295759527644,24.55716586151369,8.910359634997317,2.6502952227589907,0.04696725711218465
248,38.828502415458935,6.380837359098229,9.057971014492754,3.878153515834675,5.723295759527644,24.335748792270532,9.098228663446054,2.6502952227589907,0.04696725711218465
249,39.17740203972088,6.1929683306494905,8.890230810520666,3.878153515834675,5.803811057434245,24.268652710681696,9.098228663446054,2.6435856146001075,0.04696725711218465
250,39.781266774020395,6.166129898013956,8.78287707997853,3.6500268384326353,5.763553408480945,24.06736446591519,9.098228663446054,2.6435856146001075,0.04696725711218465
251,39.92216854535695,6.166129898013956,8.957326892109501,3.589640365002684,5.763553408480945,23.939881910896403,9.064680622651638,2.5496511003757383,0.04696725711218465
252,40.08990874932904,6.132581857219538,8.890230810520666,3.643317230273752,5.763553408480945,23.866076221148685,9.017713365539452,2.5496511003757383,0.04696725711218465
253,40.324745034889965,6.132581857219538,8.61513687600644,3.629898013955985,5.904455179817498,23.852657004830917,8.943907675791733,2.5496511003757383,0.04696725711218465
254,40.76757917337628,6.132581857219538,8.561460010735374,3.6768652710681695,5.891035963499732,23.43666129898014,8.943907675791733,2.5496511003757383,0.040257648953301126
255,40.94202898550725,6.112453032742888,8.561460010735374,3.6768652710681695,5.857487922705314,23.315888352120236,8.943907675791733,2.5496511003757383,0.040257648953301126
256,41.33118625872249,5.964841653247451,8.561460010735374,3.6768652710681695,5.857487922705314,23.22866344605475,8.789586688137414,2.5496511003757383,0.040257648953301126
257,41.53918411164788,5.9514224369296835,8.474235104669887,3.6768652710681695,5.8239398819108965,23.1682769726248,8.789586688137414,2.536231884057971,0.040257648953301126
258,41.88137412775094,5.803811057434245,8.36688137412775,3.6768652710681695,5.8239398819108965,23.081052066559312,8.789586688137414,2.536231884057971,0.040257648953301126
259,41.948470209339774,5.756843800322061,8.36688137412775,3.6768652710681695,5.8239398819108965,23.060923242082662,8.789586688137414,2.536231884057971,0.040257648953301126
260,42.069243156199676,5.71658615136876,8.333333333333334,3.6768652710681695,5.8239398819108965,23.040794417606012,8.76274825550188,2.536231884057971,0.040257648953301126
