,45,50,51,52,54,55,53,56,57
0,100.0,,,,,,,,
1,98.01395598497048,1.9860440150295222,,,,,,,
2,72.5174449812131,18.33064949006978,9.151905528717123,,,,,,
3,62.3792270531401,28.415190552871714,9.03113258185722,0.17444981213097155,,,,,
4,39.452495974235106,50.375738056897475,9.997316156736447,0.17444981213097155,,,,,
5,38.57353730542136,51.25469672571122,8.816425120772946,0.17444981213097155,1.1808910359634996,,,,
6,38.45276435856146,51.25469672571122,6.266774020397209,0.17444981213097155,3.851315083199141,,,,
7,38.04347826086956,45.08185721953838,11.956521739130435,1.5096618357487923,3.260869565217391,0.14761137949543746,,,
8,36.74852388620504,46.423778851315085,11.922973698336017,1.4962426194310252,3.260869565217391,0.14761137949543746,,,
9,36.7686527106817,46.27616747181965,11.922973698336017,1.4962426194310252,3.260869565217391,0.27509393451422437,,,
10,36.761943102522814,43.02871712292002,11.876006441223833,1.4962426194310252,3.2474503488996245,0.36902844873859364,3.2206119162640903,,
11,36.842458400429415,42.28395061728395,11.842458400429415,1.4962426194310252,3.2474503488996245,0.36902844873859364,3.9184111647879765,,
12,33.78958668813741,36.8894256575416,22.65834675254965,1.4962426194310252,3.2474503488996245,0.2683843263553409,1.4761137949543746,0.17444981213097155,
13,34.25925925925926,36.520397208803004,22.65163714439077,1.4962426194310252,3.166935050993022,0.2683843263553409,1.4626945786366077,0.17444981213097155,
14,34.13848631239936,36.56736446591519,21.470746108427267,1.4962426194310252,3.166935050993022,0.2683843263553409,1.5633387010198605,1.328502415458937,
15,33.69565217391305,35.74208266237252,21.470746108427267,2.6301663982823404,3.166935050993022,0.4025764895330113,1.5633387010198605,1.328502415458937,
16,33.353462157809986,35.83601717659689,21.450617283950617,2.6033279656468062,3.140096618357488,0.7581857219538379,1.5297906602254427,1.328502415458937,
17,33.49436392914654,35.46698872785829,20.90042941492217,2.6033279656468062,3.140096618357488,1.107085346215781,1.5297906602254427,1.7579173376274826,
18,33.313204508856685,35.668276972624795,20.78636607622115,2.6033279656468062,3.140096618357488,1.107085346215781,1.5297906602254427,1.8518518518518519,
19,31.38083735909823,33.63526570048309,24.61755233494364,2.5966183574879227,3.294417606011809,1.107085346215781,1.5297906602254427,1.8384326355340848,
20,29.22705314009662,34.52093397745572,24.214975845410628,2.5966183574879227,3.280998389694042,1.3821792807300053,2.9388083735909825,1.8384326355340848,
21,24.818840579710145,37.66774020397209,23.007246376811594,2.5966183574879227,3.280998389694042,1.4962426194310252,5.548845947396672,1.583467525496511,
22,19.068706387546968,49.8389694041868,18.33064949006978,1.402308105206656,3.549382716049383,0.7179280730005367,5.58239398819109,1.5096618357487923,
23,17.92807300053677,48.01395598497048,21.504294149221685,1.402308105206656,3.549382716049383,0.7179280730005367,5.374396135265701,1.5096618357487923,
24,16.358024691358025,52.361782071927,17.814009661835748,1.402308105206656,3.2877079978529253,2.1068169618894257,5.159688674181428,1.5096618357487923,
25,16.42512077294686,52.321524422973695,17.787171229200215,1.402308105206656,3.2877079978529253,2.1068169618894257,5.159688674181428,1.5096618357487923,
26,16.5727321524423,50.79173376274826,17.713365539452496,1.402308105206656,3.4822866344605474,3.3682232957595275,5.159688674181428,1.5096618357487923,
27,16.881374127750938,50.40257648953301,17.599302200751477,1.402308105206656,3.4822866344605474,3.589640365002684,5.132850241545894,1.5096618357487923,
28,16.908212560386474,50.14090177133655,17.559044551798173,1.402308105206656,3.4822866344605474,3.864734299516908,5.132850241545894,1.5096618357487923,
29,17.002147074610843,50.275093934514224,17.411433172302736,1.402308105206656,3.33467525496511,3.864734299516908,5.052334943639291,1.6572732152442298,
30,17.324208266237253,50.10735373054214,17.398013955984972,1.3888888888888888,3.33467525496511,3.750670960815888,5.038915727321524,1.6572732152442298,
31,17.391304347826086,49.121041331186255,17.330917874396135,1.3888888888888888,4.7168545356951155,4.032474503488996,4.361245303274289,1.6572732152442298,
32,16.525764895330113,45.46430488459474,17.901234567901234,1.3888888888888888,5.360976918947934,7.340311325818572,4.361245303274289,1.6572732152442298,
33,16.874664519592056,45.37707997852925,17.85426731078905,1.3888888888888888,5.360976918947934,7.286634460547504,4.213633923778851,1.6438539989264627,
34,17.344337090713903,45.25630703166935,17.820719269994633,1.3888888888888888,5.360976918947934,7.286634460547504,3.898282340311326,1.6438539989264627,
35,15.08990874932904,34.23242082662372,16.42512077294686,13.882179280730005,5.314009661835748,6.253354804079442,7.159151905528717,1.6438539989264627,
36,15.116747181964573,34.225711218464845,16.404991948470208,13.882179280730005,5.314009661835748,6.253354804079442,7.159151905528717,1.6438539989264627,
37,15.116747181964573,34.225711218464845,16.404991948470208,12.875738056897477,5.314009661835748,6.253354804079442,8.165593129361245,1.6438539989264627,
38,15.22410091250671,34.19887278582931,16.33118625872249,12.875738056897477,5.314009661835748,6.246645195920558,8.165593129361245,1.6438539989264627,
39,15.331454643048845,34.17203435319377,16.31105743424584,12.734836285560924,5.253623188405797,6.246645195920558,8.165593129361245,1.6438539989264627,0.14090177133655393
40,15.552871712292003,33.923778851315085,16.11647879763822,12.714707461084272,5.253623188405797,6.488191089640365,8.165593129361245,1.6438539989264627,0.14090177133655393
41,15.868223295759528,33.13875469672571,16.11647879763822,11.097691894793345,5.253623188405797,5.542136339237788,11.211755233494364,1.6438539989264627,0.1274825550187869
42,13.385668276972625,38.35212023617821,14.694041867954912,9.77589908749329,5.253623188405797,5.542136339237788,11.352657004830919,1.6438539989264627,
43,13.895598497047773,38.177670424047236,14.660493827160494,9.71551261406334,5.253623188405797,5.448201825013419,11.20504562533548,1.6438539989264627,
44,13.90901771336554,38.0703166935051,14.647074610842727,9.71551261406334,5.253623188405797,5.555555555555555,11.20504562533548,1.6438539989264627,
45,14.002952227589908,37.9495437466452,14.546430488459475,10.044283413848632,5.253623188405797,5.548845947396672,11.010466988727858,1.6438539989264627,
46,14.251207729468598,36.62775093934514,14.412238325281804,10.010735373054214,5.186527106816962,5.3274288781535155,12.5402576489533,1.6438539989264627,
47,13.513150831991412,31.293612453032743,28.28099838969404,9.091519055287172,5.46833064949007,2.4892646269457863,9.480676328502415,0.3824476650563607,
48,13.607085346215781,31.266774020397207,26.838432635534083,9.091519055287172,5.441492216854535,2.4892646269457863,11.010466988727858,0.2549651100375738,
49,11.419753086419753,31.582125603864736,26.670692431561996,9.091519055287172,5.441492216854535,4.441760601180891,10.976918947933441,0.3757380568974772,
50,11.460010735373054,31.568706387546968,26.670692431561996,9.064680622651638,5.441492216854535,4.441760601180891,10.976918947933441,0.3757380568974772,
51,11.842458400429415,31.568706387546968,26.50966183574879,9.017713365539452,5.367686527106817,4.441760601180891,10.876274825550189,0.3757380568974772,
52,12.016908212560386,31.5552871712292,26.50966183574879,9.017713365539452,5.367686527106817,4.40150295222759,10.755501878690284,0.3757380568974772,
53,12.29200214707461,31.5552871712292,26.40901771336554,8.890230810520666,5.320719269994632,4.40150295222759,10.755501878690284,0.3757380568974772,
54,12.218196457326892,31.4747718733226,26.623725174449813,8.870101986044014,5.307300053676865,4.374664519592056,10.755501878690284,0.3757380568974772,
55,12.23161567364466,31.407675791733762,26.583467525496513,8.870101986044014,5.293880837359098,4.508856682769726,10.72866344605475,0.3757380568974772,
56,12.473161567364466,31.407675791733762,26.33521202361782,8.870101986044014,5.273752012882448,4.690016103059581,10.674986580783683,0.27509393451422437,
57,12.72812667740204,31.34728931830381,25.744766505636072,8.863392377885132,5.273752012882448,4.690016103059581,10.668276972624799,0.6843800322061192,
58,12.882447665056361,30.18652710681696,24.832259796027913,7.9039184111647875,5.267042404723564,4.690016103059581,13.553408480944713,0.6843800322061192,
59,11.896135265700483,23.49704777241009,36.3191089640365,7.051798174986581,4.87788513150832,4.435050993022007,10.795759527643586,0.6843800322061192,0.4428341384863124
60,11.869296833064949,23.30246913580247,33.011272141706925,7.051798174986581,4.87788513150832,4.609500805152979,10.7085346215781,4.2203435319377345,0.3488996242619431
61,12.218196457326892,23.2085346215781,32.9777241009125,7.018250134192163,4.851046698872786,4.609500805152979,10.547504025764896,4.2203435319377345,0.3488996242619431
62,11.916264090177133,23.57085346215781,32.91733762748255,7.018250134192163,4.851046698872786,4.609500805152979,10.547504025764896,4.2203435319377345,0.3488996242619431
63,12.325550187869029,23.523886205045624,32.628824476650564,6.971282877079979,4.8443370907139025,4.508856682769726,10.587761674718196,4.260601180891036,0.3488996242619431
64,12.338969404186795,23.523886205045624,32.306763285024154,6.971282877079979,5.173107890499195,4.49543746645196,10.943370907139023,3.898282340311326,0.3488996242619431
65,12.426194310252281,21.786097691894792,32.1256038647343,6.877348362855609,5.173107890499195,4.1532474503489,13.063607085346217,4.045893719806763,0.3488996242619431
66,12.587224906065487,21.786097691894792,31.716317767042405,6.877348362855609,4.696725711218465,4.1532474503489,13.935856146001074,4.139828234031133,0.10735373054213634
67,12.486580783682234,21.70558239398819,31.910896403650028,6.863929146537842,4.696725711218465,4.1532474503489,13.935856146001074,4.139828234031133,0.10735373054213634
68,12.741545893719806,21.70558239398819,31.723027375201287,6.863929146537842,4.696725711218465,4.1532474503489,13.808373590982287,4.086151368760064,0.2214170692431562
69,12.922705314009661,21.66532474503489,31.723027375201287,6.863929146537842,4.696725711218465,4.1532474503489,13.600375738056897,4.1532474503489,0.2214170692431562
70,13.177670424047236,21.504294149221685,31.682769726247987,6.837090713902308,4.696725711218465,4.126409017713366,13.600375738056897,4.1532474503489,0.2214170692431562
71,13.130703166935051,20.987654320987655,31.49490069779925,7.7898550724637685,4.696725711218465,4.126409017713366,13.425925925925926,4.126409017713366,0.2214170692431562
72,13.271604938271604,20.249597423510465,31.49490069779925,9.03113258185722,4.5960815888352125,4.079441760601181,12.929414922168545,4.126409017713366,0.2214170692431562
73,13.036768652710682,17.64626945786366,33.9170692431562,10.124798711755233,4.542404723564144,3.9049919484702094,12.47987117552335,4.126409017713366,0.2214170692431562
74,13.318572195383789,17.612721417069242,33.85668276972625,10.017444981213098,4.542404723564144,3.878153515834675,12.426194310252281,4.126409017713366,0.2214170692431562
75,13.687600644122384,17.599302200751477,33.756038647343,9.024422973698336,4.528985507246377,4.602791196994096,12.453032742887816,4.126409017713366,0.2214170692431562
76,13.801663982823403,17.498658078368223,33.467525496511,8.93719806763285,4.42163177670424,4.918142780461621,12.419484702093397,4.314278046162104,0.2214170692431562
77,14.04320987654321,17.391304347826086,33.373590982286636,8.923778851315083,4.414922168545357,4.898013955984971,12.419484702093397,4.314278046162104,0.2214170692431562
78,14.06333870101986,16.97530864197531,32.9777241009125,8.796296296296296,3.307836822329576,4.810789049919484,14.42565754159957,4.42163177670424,0.2214170692431562
79,14.42565754159957,16.700214707461082,32.930756843800324,8.796296296296296,3.307836822329576,4.777241009125067,14.418947933440688,4.42163177670424,0.2214170692431562
80,14.673913043478262,16.700214707461082,32.729468599033815,8.796296296296296,3.307836822329576,4.777241009125067,14.392109500805153,4.40150295222759,0.2214170692431562
81,14.331723027375201,16.6935050993022,31.93102522812668,8.76274825550188,3.307836822329576,4.777241009125067,15.660225442834138,4.314278046162104,0.2214170692431562
82,14.439076757917338,16.525764895330113,33.15217391304348,8.648684916800859,3.616478797638218,4.656468062265164,14.378690284487385,4.367954911433173,0.2147074610842727
83,10.037573805689748,23.67149758454106,32.2866344605475,8.494363929146537,3.2206119162640903,4.656468062265164,12.902576489533011,4.62962962962963,0.10064412238325282
84,10.198604401502953,23.65136876006441,32.118894256575416,8.427267847557703,3.2206119162640903,4.62962962962963,12.86231884057971,4.790660225442834,0.10064412238325282
85,10.279119699409554,23.47691894793344,32.10547504025765,8.400429414922169,3.2206119162640903,4.7638217928073,12.86231884057971,4.790660225442834,0.10064412238325282
86,9.695383789586689,16.888083735909824,36.13794954374664,15.479066022544284,3.2139023081052067,3.4151905528717124,11.2788513150832,3.8915727321524423,
87,9.849704777241008,16.888083735909824,35.71524422973698,15.4723564143854,3.2139023081052067,3.4151905528717124,11.2788513150832,4.166666666666667,
88,10.124798711755233,16.888083735909824,35.38647342995169,15.378421900161031,3.2139023081052067,3.4151905528717124,11.231884057971014,4.361245303274289,
89,10.198604401502953,16.888083735909824,35.33279656468062,15.22410091250671,3.207192699946323,3.556092324208266,11.231884057971014,4.361245303274289,
90,10.265700483091788,16.814278046162105,35.32608695652174,15.150295222758992,3.207192699946323,3.69699409554482,11.09098228663446,4.448470209339774,
91,10.674986580783683,16.70692431561997,35.279119699409556,15.01610305958132,3.207192699946323,3.6634460547504024,11.003757380568974,4.448470209339774,
92,11.191626409017713,16.686795491143318,35.017444981213096,14.969135802469136,3.207192699946323,3.6634460547504024,10.836017176596886,4.428341384863124,
93,9.634997316156737,15.874932903918411,40.57971014492754,16.284219001610307,1.2949543746645196,3.408480944712829,7.434245840042942,5.488459473966721,
94,9.245840042941492,15.83467525496511,42.64626945786366,15.331454643048845,0.8856682769726248,3.408480944712829,7.434245840042942,5.213365539452496,
95,9.433709071390231,15.539452495974235,42.53220611916264,14.210950080515298,0.8856682769726248,3.9184111647879765,8.266237251744498,5.213365539452496,
96,9.66183574879227,15.539452495974235,42.3040794417606,14.210950080515298,0.8856682769726248,3.9184111647879765,8.266237251744498,5.213365539452496,
97,9.876543209876543,15.53274288781535,42.09608158883521,14.210950080515298,0.8856682769726248,3.9184111647879765,8.266237251744498,5.213365539452496,
98,10.185185185185185,15.53274288781535,41.908212560386474,14.210950080515298,0.8856682769726248,3.797638217928073,8.266237251744498,5.213365539452496,
99,10.433440687063875,15.257648953301127,41.52576489533011,14.163982823403114,0.8856682769726248,3.9989264626945786,8.266237251744498,5.46833064949007,
100,10.889694041867955,15.116747181964573,41.116478797638216,14.163982823403114,1.0131508319914118,3.9989264626945786,8.246108427267847,5.4549114331723025,
101,11.097691894793345,14.553140096618357,40.70048309178744,14.284755770263017,1.9122383252818036,3.7775093934514223,8.246108427267847,5.428073000536768,
102,11.097691894793345,14.512882447665056,40.74074074074074,14.284755770263017,1.9122383252818036,3.7775093934514223,8.246108427267847,5.428073000536768,
103,11.33923778851315,14.445786366076222,39.19753086419753,14.163982823403114,1.9122383252818036,5.320719269994632,8.225979602791197,5.394524959742351,
104,11.473429951690822,14.412238325281804,39.14385399892646,14.13714439076758,1.9122383252818036,5.320719269994632,8.205850778314547,5.394524959742351,
105,11.540526033279656,14.412238325281804,39.06333870101986,13.90901771336554,1.9122383252818036,5.636070853462158,8.132045088566828,5.394524959742351,
106,11.681427804616211,14.331723027375201,38.29173376274826,13.868760064412239,2.0263016639828235,5.5689747718733225,8.085077831454644,6.146001073537305,
107,11.990069779924852,14.331723027375201,38.00322061191626,13.868760064412239,2.0263016639828235,5.548845947396672,8.085077831454644,6.146001073537305,
108,11.486849168008588,14.318303811057435,36.178207192699944,13.868760064412239,2.0263016639828235,8.091787439613526,8.05823939881911,5.971551261406334,
109,11.79549114331723,14.298174986580785,36.05072463768116,13.821792807300053,1.9659151905528718,8.031400966183575,8.064949006977992,5.971551261406334,
110,11.849168008588299,14.190821256038648,35.29253891572732,13.821792807300053,3.280998389694042,7.96430488459474,7.796564680622652,5.803811057434245,
111,11.916264090177133,14.184111647879764,35.279119699409556,13.6808910359635,3.33467525496511,7.9039184111647875,7.7898550724637685,5.911164787976382,
112,11.969940955448202,13.996242619431026,35.18518518518518,13.667471819645733,3.33467525496511,8.165593129361245,7.7898550724637685,5.891035963499732,
113,12.184648416532475,13.962694578636608,35.13150831991412,13.667471819645733,3.2340311325818574,8.165593129361245,7.763016639828234,5.891035963499732,
114,12.305421363392378,13.94927536231884,34.816156736446594,13.647342995169081,3.4621578099838968,8.158883521202362,7.763016639828234,5.897745571658615,
115,12.593934514224369,13.828502415458937,34.648416532474506,13.633923778851315,3.4621578099838968,8.239398819108963,7.7361782071927,5.857487922705314,
116,12.701288244766506,13.828502415458937,34.58803005904455,13.633923778851315,3.4621578099838968,8.219269994632313,7.7361782071927,5.83064949006978,
117,13.01663982823403,13.593666129898015,34.554482018250134,13.613794954374665,3.4621578099838968,8.219269994632313,7.709339774557166,5.83064949006978,
118,13.043478260869565,13.580246913580247,33.903650026838434,13.58695652173913,3.4621578099838968,7.830112721417069,8.199141170155663,6.394256575415996,
119,12.721417069243156,13.573537305421363,35.37305421363392,13.58695652173913,3.44873859366613,7.75630703166935,7.353730542136339,6.1862587224906065,
120,12.76838432635534,13.56682769726248,35.339506172839506,13.58695652173913,3.44873859366613,7.75630703166935,7.353730542136339,6.179549114331723,
121,12.245034889962426,13.539989264626946,37.21148684916801,13.459473966720344,3.8311862587224907,7.548309178743962,6.045356951154052,6.119162640901771,
122,12.385936661298981,13.493022007514762,36.808910359635,13.446054750402576,4.502147074610843,7.521470746108427,6.045356951154052,5.797101449275362,
123,12.432903918411165,13.493022007514762,36.761943102522814,13.446054750402576,4.502147074610843,7.521470746108427,6.045356951154052,5.797101449275362,
124,12.600644122383253,13.352120236178207,36.72168545356951,13.446054750402576,4.502147074610843,7.514761137949543,6.072195383789587,5.790391841116479,
125,12.681159420289855,13.264895330112722,36.64787976382179,13.372249060654857,4.9651100375738055,7.37385936661299,5.931293612453032,5.763553408480945,
126,12.553676865271068,13.264895330112722,35.89640365002684,14.727589908749328,4.636339237788513,7.340311325818572,5.931293612453032,5.649490069779925,
127,12.754965110037574,13.238056897477188,35.789049919484704,14.727589908749328,4.871175523349437,7.078636607622115,5.931293612453032,5.609232420826624,
128,13.077026301663983,13.197799248523886,35.52066559312936,14.727589908749328,4.864465915190553,7.078636607622115,5.931293612453032,5.60252281266774,
129,13.18438003220612,13.197799248523886,35.51395598497048,14.707461084272678,4.864465915190553,6.998121309715513,5.931293612453032,5.60252281266774,
130,13.251476113794954,13.16425120772947,35.51395598497048,14.707461084272678,4.864465915190553,6.964573268921095,5.931293612453032,5.60252281266774,
131,13.519860440150294,13.130703166935051,35.40660225442834,14.687332259796028,4.864465915190553,6.964573268921095,5.864197530864198,5.562265163714439,
132,13.667471819645733,12.989801395598498,35.299248523886206,14.593397745571659,4.851046698872786,7.212828770799785,5.864197530864198,5.522007514761138,
133,13.372249060654857,12.406065485775631,35.16505636070853,16.264090177133657,4.851046698872786,6.904186795491143,5.515297906602254,5.522007514761138,
134,13.47289318303811,12.338969404186795,35.158346752549654,16.17686527106817,4.851046698872786,7.27992485238862,5.501878690284487,5.22007514761138,
135,13.66076221148685,12.338969404186795,34.78260869565217,16.129898013955984,4.851046698872786,7.253086419753086,5.495169082125604,5.488459473966721,
136,13.90901771336554,12.318840579710145,34.54777241009125,16.0426731078905,4.851046698872786,7.246376811594203,5.495169082125604,5.589103596349974,
137,14.264626945786366,12.29200214707461,34.42028985507246,15.995705850778315,4.851046698872786,7.246376811594203,5.488459473966721,5.441492216854535,
138,14.304884594739667,12.285292538915728,33.66881374127751,15.955448201825014,4.7101449275362315,8.179012345679013,5.475040257648954,5.421363392377885,
139,14.38539989264627,12.224906065485776,33.66881374127751,15.94873859366613,4.703435319377348,8.172302737520129,5.475040257648954,5.421363392377885,
140,14.55984970477724,12.090713902308105,33.62855609232421,15.94873859366613,4.703435319377348,8.172302737520129,5.475040257648954,5.421363392377885,
141,14.761137949543746,12.030327428878154,32.608695652173914,15.807836822329575,4.703435319377348,8.172302737520129,6.454643048845948,5.3341384863123995,0.1274825550187869
142,14.130434782608695,12.030327428878154,30.48174986580784,20.417337627482556,4.455179817498658,6.857219538378959,6.4345142243692965,5.065754159957058,0.1274825550187869
143,13.982823403113258,12.030327428878154,29.455179817498657,20.26972624798712,4.455179817498658,6.857219538378959,7.675791733762749,5.146269457863661,0.1274825550187869
144,14.036500268384327,12.030327428878154,29.455179817498657,20.21604938271605,4.455179817498658,6.857219538378959,7.675791733762749,5.146269457863661,0.1274825550187869
145,13.41250670960816,11.956521739130435,28.153515834675254,24.308910359634996,4.455179817498658,6.031937734836285,7.4208266237251745,4.133118625872249,0.1274825550187869
146,13.09044551798175,11.81561996779388,27.945517981749866,24.879227053140095,4.435050993022007,6.025228126677402,7.4208266237251745,4.260601180891036,0.1274825550187869
147,13.251476113794954,11.768652710681696,27.925389157273216,24.879227053140095,4.40150295222759,5.964841653247451,7.4208266237251745,4.260601180891036,0.1274825550187869
148,13.331991411701557,11.768652710681696,27.911969940955448,24.812130971551262,4.40150295222759,5.964841653247451,7.4208266237251745,4.260601180891036,0.1274825550187869
149,13.33870101986044,11.768652710681696,27.469135802469136,24.785292538915726,4.327697262479871,5.964841653247451,7.4006977992485234,4.817498658078368,0.1274825550187869
150,13.399087493290391,11.728395061728396,27.469135802469136,24.765163714439076,4.327697262479871,5.964841653247451,7.4006977992485234,4.817498658078368,0.1274825550187869
151,13.506441223832528,11.681427804616211,27.32823403113258,24.765163714439076,4.320987654320987,5.958132045088567,7.380568974771873,4.931561996779388,0.1274825550187869
152,12.211486849168008,10.86285560923242,34.11164787976382,21.994095544820183,3.743961352657005,5.991680085882985,6.1862587224906065,4.898013955984971,
153,12.553676865271068,10.86285560923242,33.863392377885134,21.87332259796028,3.743961352657005,6.052066559312936,6.152710681696189,4.898013955984971,
154,12.694578636607622,10.82259796027912,33.78958668813741,21.87332259796028,3.743961352657005,6.052066559312936,6.125872249060655,4.898013955984971,
155,12.848899624261943,10.00402576489533,33.756038647343,21.70558239398819,4.864465915190553,5.810520665593129,6.125872249060655,4.884594739667204,
156,13.009930220075148,10.00402576489533,33.74932903918411,21.692163177670423,4.864465915190553,5.810520665593129,6.112453032742888,4.757112184648417,
157,13.144122383252817,9.863123993558776,33.43397745571659,21.591519055287172,4.864465915190553,6.293612453032743,6.112453032742888,4.696725711218465,
158,13.211218464841654,9.829575952764358,33.40713902308105,21.349973161567366,4.85775630703167,6.541867954911433,6.105743424584004,4.696725711218465,
159,12.815351583467525,9.802737520128824,31.622383252818036,21.202361782071925,7.7898550724637685,6.226516371443908,6.105743424584004,4.435050993022007,
160,12.647611379495437,9.789318303811058,30.709876543209877,21.155394524959743,9.172034353193773,6.226516371443908,6.045356951154052,4.253891572732153,
161,12.573805689747719,9.078099838969404,30.66290928609769,21.155394524959743,9.172034353193773,6.226516371443908,6.877348362855609,4.253891572732153,
162,13.117283950617283,9.017713365539452,29.508856682769725,21.886741814278047,8.99087493290392,6.166129898013956,6.977992485238862,4.334406870638754,
163,13.305152979066023,8.950617283950617,29.797369833601717,21.611647879763822,8.970746108427267,5.998389694041868,6.910896403650026,4.455179817498658,
164,13.821792807300053,8.796296296296296,29.73027375201288,21.443907675791735,8.943907675791733,5.998389694041868,6.810252281266774,4.455179817498658,
165,14.036500268384327,8.769457863660762,29.71014492753623,21.108427267847556,8.863392377885132,5.931293612453032,6.810252281266774,4.770531400966184,
166,14.257917337627482,8.769457863660762,29.61621041331186,21.07487922705314,8.863392377885132,5.931293612453032,6.743156199677939,4.74369296833065,
167,14.465915190552872,8.769457863660762,29.488727858293075,21.054750402576488,8.84326355340848,5.931293612453032,6.702898550724638,4.74369296833065,
168,14.526301663982823,8.709071390230811,29.461889425657542,21.034621578099838,8.890230810520666,5.931293612453032,6.702898550724638,4.74369296833065,
169,14.687332259796028,8.68894256575416,29.408212560386474,20.987654320987655,8.870101986044014,5.917874396135265,6.696188942565755,4.74369296833065,
170,14.754428341384862,8.682232957595277,29.394793344068706,20.967525496511005,8.923778851315083,5.917874396135265,6.696188942565755,4.663177670424047,
171,14.781266774020397,8.527911969940956,28.710413311862588,20.79307568438003,9.943639291465379,6.045356951154052,6.635802469135802,4.562533548040794,
172,14.969135802469136,8.527911969940956,28.710413311862588,20.725979602791195,9.903381642512077,6.045356951154052,6.635802469135802,4.4820182501341925,
173,14.27133655394525,7.924047235641439,27.529522275899087,20.705850778314545,13.023349436392914,5.5756843800322065,6.595544820182502,4.374664519592056,
174,14.237788513150832,7.9106280193236715,26.476113794954376,20.67230273752013,13.077026301663983,6.729736983360172,6.575415995705851,4.320987654320987,
175,14.36527106816962,7.890499194847021,26.25469672571122,20.477724100912507,13.077026301663983,7.071926999463232,6.575415995705851,4.28743961352657,
176,14.479334406870638,7.890499194847021,26.207729468599034,20.249597423510465,13.036768652710682,7.313472893183038,6.5485775630703165,4.274020397208803,
177,14.700751476113794,7.85024154589372,26.113794954374665,20.182501341921633,13.036768652710682,7.313472893183038,6.5485775630703165,4.253891572732153,
178,14.855072463768115,7.64224369296833,25.946054750402578,20.075147611379496,13.150831991411701,7.434245840042942,6.5485775630703165,4.240472356414386,0.10735373054213634
179,14.982555018786902,7.628824476650563,25.91921631776704,20.04830917874396,13.150831991411701,7.407407407407407,6.528448738593666,4.2270531400966185,0.10735373054213634
180,15.190552871712292,7.628824476650563,25.831991411701555,19.94766505636071,13.150831991411701,7.407407407407407,6.508319914117015,4.2270531400966185,0.10735373054213634
181,15.203972088030058,7.628824476650563,25.81857219538379,19.94766505636071,13.150831991411701,7.407407407407407,6.508319914117015,4.2270531400966185,0.10735373054213634
182,15.136876006441224,7.266505636070853,25.704508856682768,19.28341384863124,12.942834138486312,7.407407407407407,7.924047235641439,4.2270531400966185,0.10735373054213634
183,15.445517981749866,7.232957595276436,25.6105743424584,19.176060118089104,12.929414922168545,7.387278582930757,7.883789586688137,4.2270531400966185,0.10735373054213634
184,15.646806226516372,7.219538378958669,25.53676865271068,19.176060118089104,12.828770799785293,7.387278582930757,7.87037037037037,4.2270531400966185,0.10735373054213634
185,15.827965646806227,7.118894256575416,25.523349436392916,19.14922168545357,12.815351583467525,7.387278582930757,7.87037037037037,4.200214707461084,0.10735373054213634
186,15.666935050993022,7.092055823939882,25.63070316693505,18.9747718733226,12.614063338701019,6.9243156199677935,8.84326355340848,4.146537842190016,0.10735373054213634
187,15.747450348899624,7.092055823939882,25.55689747718733,18.887546967257112,12.607353730542137,7.555018786902845,8.467525496511003,3.978797638217928,0.10735373054213634
188,15.861513687600644,7.092055823939882,25.147611379495437,18.592324208266238,12.513419216317766,7.555018786902845,9.158615136876007,3.9720880300590444,0.10735373054213634
189,16.15673644659152,7.092055823939882,24.932903918411164,17.713365539452496,12.4597423510467,7.454374664519592,10.520665593129362,3.5628019323671496,0.10735373054213634
190,16.35131508319914,7.0383789586688135,24.859098228663445,17.713365539452496,12.426194310252281,7.434245840042942,10.507246376811594,3.5628019323671496,0.10735373054213634
191,16.512345679012345,7.03166935050993,24.771873322597962,17.66639828234031,12.426194310252281,7.320182501341922,10.507246376811594,3.656736446591519,0.10735373054213634
192,16.6935050993022,6.937734836285561,24.771873322597962,17.66639828234031,12.365807836822329,7.2933440687063875,10.507246376811594,3.656736446591519,0.10735373054213634
193,16.935050993022006,6.884057971014493,24.738325281803544,17.66639828234031,12.352388620504563,7.27992485238862,10.406602254428341,3.629898013955985,0.10735373054213634
194,16.908212560386474,6.884057971014493,24.698067632850243,17.619431025228128,12.332259796027913,7.454374664519592,10.379763821792807,3.616478797638218,0.10735373054213634
195,17.008856682769725,6.843800322061192,24.698067632850243,17.619431025228128,12.27187332259796,7.454374664519592,10.379763821792807,3.616478797638218,0.10735373054213634
196,16.881374127750938,6.843800322061192,24.537037037037038,17.619431025228128,12.27187332259796,7.568438003220612,10.379763821792807,3.7909286097691894,0.10735373054213634
197,16.6532474503489,6.830381105743425,24.12104133118626,17.619431025228128,12.164519592055823,7.514761137949543,11.782071926999464,3.207192699946323,0.10735373054213634
198,16.800858829844337,6.830381105743425,24.10091250670961,17.54562533548041,12.278582930756844,7.447665056360709,11.77536231884058,3.113258185721954,0.10735373054213634
199,16.834406870638755,6.112453032742888,24.074074074074073,18.666129898013956,12.224906065485776,7.139023081052066,11.728395061728396,3.113258185721954,0.10735373054213634
200,16.968599033816425,5.964841653247451,24.040526033279658,18.572195383789587,12.47987117552335,7.078636607622115,11.714975845410628,3.113258185721954,0.06709608158883522
201,17.082662372517444,5.964841653247451,23.980139559849704,18.572195383789587,12.47987117552335,7.078636607622115,11.688137412775093,3.0864197530864197,0.06709608158883522
202,16.928341384863124,5.964841653247451,23.96672034353194,19.773215244229736,11.460010735373054,7.078636607622115,11.688137412775093,3.0730005367686526,0.06709608158883522
203,17.062533548040793,5.964841653247451,23.89291465378422,19.75979602791197,11.439881910896403,7.078636607622115,11.66129898013956,3.0730005367686526,0.06709608158883522
204,17.28395061728395,5.964841653247451,23.785560923242084,19.753086419753085,11.345947396672035,7.078636607622115,11.654589371980677,3.066290928609769,0.06709608158883522
205,17.478529253891573,5.964841653247451,23.758722490606548,19.605475040257648,11.211755233494364,7.078636607622115,11.60762211486849,3.227321524422974,0.06709608158883522
206,17.612721417069242,5.964841653247451,23.74530327428878,19.578636607622116,11.372785829307569,7.0450885668276975,11.406333870101985,3.207192699946323,0.06709608158883522
207,16.680085882984432,4.904723564143854,23.62453032742888,21.846484165324746,11.60762211486849,6.977992485238862,11.218464841653248,3.0730005367686526,0.06709608158883522
208,16.847826086956523,4.884594739667204,23.517176596886742,21.772678475577028,11.701556629092861,6.977992485238862,11.05072463768116,3.180354267310789,0.06709608158883522
209,16.80756843800322,4.64975845410628,23.416532474503487,22.067901234567902,11.500268384326356,6.843800322061192,11.466720343531938,3.180354267310789,0.06709608158883522
210,16.908212560386474,4.609500805152979,23.416532474503487,22.067901234567902,11.473429951690822,6.843800322061192,11.43317230273752,3.180354267310789,0.06709608158883522
211,17.183306494900698,4.609500805152979,23.295759527643586,21.91358024691358,11.614331723027375,6.702898550724638,11.43317230273752,3.180354267310789,0.06709608158883522
212,17.223564143854,4.609500805152979,23.255501878690286,21.91358024691358,11.614331723027375,6.702898550724638,11.43317230273752,3.180354267310789,0.06709608158883522
213,17.37788513150832,4.609500805152979,23.15485775630703,21.900161030595815,11.614331723027375,6.6760601180891035,11.419753086419753,3.180354267310789,0.06709608158883522
214,17.834138486312398,4.5893719806763285,22.98040794417606,22.309447128287708,11.574074074074074,6.6760601180891035,10.795759527643586,3.1736446591519054,0.06709608158883522
215,18.317230273752013,4.49543746645196,22.77241009125067,21.947128287707997,11.574074074074074,6.66935050993022,11.010466988727858,3.1468062265163717,0.06709608158883522
216,18.431293612453032,4.488727858293076,22.77241009125067,21.89345142243693,11.52710681696189,6.66935050993022,11.003757380568974,3.1468062265163717,0.06709608158883522
217,18.303811057434245,4.280730005367687,22.77241009125067,21.87332259796028,11.90955448201825,6.66935050993022,10.976918947933441,3.1468062265163717,0.06709608158883522
218,17.847557702630166,4.280730005367687,19.85373054213634,24.174718196457327,11.90955448201825,6.5552871712292005,12.258454106280194,3.052871712292002,0.06709608158883522
219,17.860976918947934,4.280730005367687,19.85373054213634,24.16129898013956,11.90955448201825,6.5552871712292005,12.258454106280194,3.052871712292002,0.06709608158883522
220,18.035426731078903,4.274020397208803,19.77992485238862,24.094202898550726,11.882716049382717,6.5552871712292005,12.258454106280194,3.052871712292002,0.06709608158883522
221,18.08239398819109,4.274020397208803,19.766505636070853,24.074074074074073,11.876006441223833,6.5552871712292005,12.25174449812131,3.052871712292002,0.06709608158883522
222,18.17632850241546,4.274020397208803,19.726247987117553,24.074074074074073,11.849168008588299,6.528448738593666,12.25174449812131,3.052871712292002,0.06709608158883522
223,18.391035963499732,4.274020397208803,19.665861513687602,23.980139559849704,11.83574879227053,6.528448738593666,12.218196457326892,3.0394524959742353,0.06709608158883522
224,18.71309715512614,4.274020397208803,19.524959742351047,23.899624261943103,11.83574879227053,6.494900697799249,12.184648416532475,3.0059044551798175,0.06709608158883522
225,18.780193236714975,4.274020397208803,19.51154052603328,23.899624261943103,11.808910359634996,6.494900697799249,12.157809983896941,3.0059044551798175,0.06709608158883522
226,18.90096618357488,4.274020397208803,19.484702093397747,23.812399355877616,11.560654857756306,6.689479334406871,12.157809983896941,3.0059044551798175,0.11406333870101985
227,19.068706387546968,4.274020397208803,19.45115405260333,23.738593666129898,11.500268384326356,6.689479334406871,12.157809983896941,3.0059044551798175,0.11406333870101985
228,19.008319914117017,4.274020397208803,19.45115405260333,23.295759527643586,12.050456253354804,6.6760601180891035,12.124261943102523,3.0059044551798175,0.11406333870101985
229,19.02173913043478,4.274020397208803,19.43773483628556,23.295759527643586,12.050456253354804,6.6760601180891035,12.124261943102523,3.0059044551798175,0.11406333870101985
230,19.135802469135804,4.26731078904992,19.350509930220074,23.295759527643586,12.037037037037036,6.6760601180891035,12.117552334943639,3.0059044551798175,0.11406333870101985
231,19.196188942565755,4.26731078904992,19.196188942565755,23.26892109500805,12.124261943102523,6.6760601180891035,12.016908212560386,3.140096618357488,0.11406333870101985
232,19.49812130971551,4.26731078904992,18.988191089640367,23.101180891035963,12.090713902308105,6.66935050993022,11.949812130971551,3.321256038647343,0.11406333870101985
233,19.43102522812668,4.26731078904992,18.86070853462158,23.57085346215781,12.177938808373591,6.796833064949007,11.520397208803006,3.260869565217391,0.11406333870101985
234,19.538378958668815,4.26731078904992,18.840579710144926,23.51046698872786,12.177938808373591,6.796833064949007,11.493558776167472,3.260869565217391,0.11406333870101985
235,19.53166935050993,4.26731078904992,18.840579710144926,23.49033816425121,12.177938808373591,6.790123456790123,11.52710681696189,3.260869565217391,0.11406333870101985
236,19.773215244229736,4.26731078904992,18.80703166935051,23.45679012345679,12.124261943102523,6.736446591519055,11.486849168008588,3.2340311325818574,0.11406333870101985
237,20.061728395061728,4.26731078904992,18.612453032742888,23.275630703166936,11.79549114331723,6.729736983360172,11.949812130971551,3.193773483628556,0.11406333870101985
238,20.457595276435857,4.247181964573269,18.23671497584541,22.953569511540525,11.782071926999464,7.159151905528717,11.862587224906065,3.1870638754696725,0.11406333870101985
239,20.115405260332796,4.247181964573269,17.746913580246915,22.899892646269457,11.701556629092861,8.125335480407944,11.862587224906065,3.1870638754696725,0.11406333870101985
240,20.162372517444982,4.247181964573269,17.538915727321523,22.832796564680624,11.701556629092861,8.111916264090176,11.862587224906065,3.4286097691894795,0.11406333870101985
241,19.81347289318304,4.247181964573269,17.438271604938272,23.450080515297905,11.681427804616211,8.064949006977992,11.761943102522812,3.4286097691894795,0.11406333870101985
242,19.91411701556629,4.240472356414386,17.391304347826086,23.450080515297905,11.641170155662909,8.064949006977992,11.75523349436393,3.4286097691894795,0.11406333870101985
243,19.98792270531401,4.233762748255502,17.391304347826086,23.443370907139023,11.641170155662909,8.071658615136876,11.688137412775093,3.4286097691894795,0.11406333870101985
244,20.162372517444982,4.233762748255502,17.391304347826086,23.349436392914654,11.560654857756306,8.071658615136876,11.688137412775093,3.4286097691894795,0.11406333870101985
245,20.323403113258184,4.233762748255502,17.122920021470748,23.242082662372518,12.130971551261407,7.877079978529254,11.647879763821793,3.307836822329576,0.11406333870101985
246,20.719269994632313,4.2203435319377345,17.07595276435856,23.081052066559312,12.016908212560386,7.816693505099302,11.647879763821793,3.307836822329576,0.11406333870101985
247,20.92055823939882,4.213633923778851,17.042404723564143,23.05421363392378,11.922973698336017,7.776435856146001,11.647879763821793,3.307836822329576,0.11406333870101985
248,20.90713902308105,4.206924315619967,17.042404723564143,23.235373054213635,11.902844873859367,7.635534084809447,11.647879763821793,3.307836822329576,0.11406333870101985
249,21.048040794417606,4.079441760601181,17.022275899087493,23.161567364465917,11.902844873859367,7.729468599033816,11.634460547504025,3.307836822329576,0.11406333870101985
250,20.497852925389157,4.079441760601181,18.23671497584541,22.71202361782072,11.849168008588299,7.581857219538379,11.621041331186259,3.307836822329576,0.11406333870101985
251,20.585077831454644,4.079441760601181,18.23671497584541,22.6784755770263,11.81561996779388,7.581857219538379,11.621041331186259,3.2877079978529253,0.11406333870101985
252,20.685721953837895,4.079441760601181,17.98845947396672,22.591250670960815,11.808910359634996,7.944176060118089,11.500268384326356,3.2877079978529253,0.11406333870101985
