,45,50,53,54,51,52,55,56,57
0,83.72920021470746,16.27079978529254,,,,,,,
1,82.21953837895867,17.028985507246375,0.7514761137949544,,,,,,
2,77.49597423510467,21.604938271604937,0.7514761137949544,0.14761137949543746,,,,,
3,75.26838432635535,23.832528180354267,0.7514761137949544,0.14761137949543746,,,,,
4,74.99329039184111,24.10762211486849,0.7514761137949544,0.14761137949543746,,,,,
5,73.80568974771873,25.295222758990874,0.7514761137949544,0.14761137949543746,,,,,
6,71.7860976918948,25.91250670960816,0.7514761137949544,0.14761137949543746,1.402308105206656,,,,
7,70.33682232957595,24.308910359634996,0.7514761137949544,0.14761137949543746,4.455179817498658,,,,
8,67.45840042941492,27.18733225979603,0.7514761137949544,0.14761137949543746,4.455179817498658,,,,
9,67.56575415995705,27.106816961889425,0.7514761137949544,0.14761137949543746,4.428341384863124,,,,
10,67.4718196457327,27.200751476113794,0.7514761137949544,0.14761137949543746,4.428341384863124,,,,
11,67.51878690284488,27.15378421900161,0.7514761137949544,0.14761137949543746,4.428341384863124,,,,
12,67.51878690284488,27.15378421900161,0.7514761137949544,0.14761137949543746,4.428341384863124,,,,
13,67.51878690284488,27.15378421900161,0.7514761137949544,0.14761137949543746,4.428341384863124,,,,
14,64.7007514761138,29.2337627482555,0.7514761137949544,0.14761137949543746,5.166398282340311,,,,
15,64.85507246376811,29.07944176060118,0.7514761137949544,0.14761137949543746,5.166398282340311,,,,
16,64.85507246376811,29.07944176060118,0.7514761137949544,0.14761137949543746,5.166398282340311,,,,
17,64.27133655394525,29.663177670424048,0.7514761137949544,0.14761137949543746,5.166398282340311,,,,
18,55.32071926999463,35.63472893183038,0.7514761137949544,0.4227053140096618,7.87037037037037,,,,
19,53.50912506709608,37.27858293075684,0.7514761137949544,0.4227053140096618,8.038110574342458,,,,
20,53.636607622114866,37.151100375738054,0.7514761137949544,0.4227053140096618,8.038110574342458,,,,
21,53.717122920021474,37.07058507783145,0.7514761137949544,0.4227053140096618,8.038110574342458,,,,
22,53.04616210413312,37.754965110037574,0.7514761137949544,0.4227053140096618,8.024691358024691,,,,
23,51.1406333870102,40.25764895330113,0.7514761137949544,0.4227053140096618,7.427536231884058,,,,
24,51.16076221148685,39.20424047235642,0.7514761137949544,0.4227053140096618,7.367149758454106,1.093666129898014,,,
25,48.671497584541065,40.83467525496511,0.7514761137949544,1.1943102522812667,7.105475040257649,1.442565754159957,,,
26,48.07434245840043,41.33118625872249,0.7514761137949544,1.442565754159957,6.957863660762212,1.442565754159957,,,
27,48.007246376811594,41.43183038110574,0.7514761137949544,1.3754696725711217,6.937734836285561,1.4962426194310252,,,
28,47.99382716049383,41.55931293612453,0.8252818035426731,1.3754696725711217,6.749865807836822,1.4962426194310252,,,
29,47.89989264626946,40.98228663446055,1.8250134192163177,1.3754696725711217,6.421095008051529,1.4962426194310252,,,
30,47.96027911969941,40.92860976918948,1.8250134192163177,1.3754696725711217,6.414385399892646,1.4962426194310252,,,
31,47.61137949543747,40.61996779388084,2.341653247450349,1.3754696725711217,6.414385399892646,1.4962426194310252,0.14090177133655393,,
32,46.09500805152979,42.008856682769725,2.341653247450349,1.3754696725711217,6.414385399892646,1.4962426194310252,0.2683843263553409,,
33,44.826892109500804,43.303811057434245,2.341653247450349,1.3754696725711217,6.387546967257112,1.4962426194310252,0.2683843263553409,,
34,44.900697799248526,43.022007514761135,2.5496511003757383,1.3754696725711217,6.387546967257112,1.4962426194310252,0.2683843263553409,,
35,44.96108427267848,42.860976918947934,2.5496511003757383,1.4761137949543746,6.387546967257112,1.4962426194310252,0.2683843263553409,,
36,44.94095544820183,42.639559849704774,2.5496511003757383,1.4761137949543746,6.629092860976919,1.4962426194310252,0.2683843263553409,,
37,32.48792270531401,55.454911433172306,2.5496511003757383,1.4761137949543746,6.300322061191626,1.4626945786366077,0.2683843263553409,,
38,32.62211486849168,55.173107890499196,2.5496511003757383,1.4761137949543746,6.219806763285024,1.42914653784219,0.5300590445517982,,
39,32.07192699946323,55.23349436392915,3.435319377348363,1.3754696725711217,5.924584004294149,1.42914653784219,0.5300590445517982,,
40,27.80461621041331,58.77616747181965,3.3950617283950617,1.583467525496511,6.481481481481482,1.42914653784219,0.5300590445517982,,
41,26.684111647879764,55.662909286097694,3.3816425120772946,0.8521202361782072,11.721685453569512,1.42914653784219,0.2683843263553409,,
42,26.73107890499195,52.18733225979603,3.3816425120772946,3.1602254428341383,12.74825550187869,1.42914653784219,0.36231884057971014,,
43,24.90606548577563,53.29441760601181,3.3011272141706924,3.052871712292002,13.654052603327965,1.42914653784219,0.36231884057971014,,
44,24.932903918411164,53.26757917337628,3.3011272141706924,3.052871712292002,13.385668276972625,1.6975308641975309,0.36231884057971014,,
45,24.973161567364468,52.79790660225443,3.3011272141706924,3.052871712292002,12.439613526570048,3.0730005367686526,0.36231884057971014,,
46,25.087224906065487,52.40874932903918,3.4286097691894795,3.052871712292002,12.412775093934513,3.2474503488996245,0.36231884057971014,,
47,25.228126677402038,51.86527106816962,3.4286097691894795,3.0394524959742353,12.412775093934513,3.2474503488996245,0.7783145464304885,,
48,21.504294149221685,48.28234031132582,3.4286097691894795,2.999194847020934,20.679012345679013,2.328234031132582,0.7783145464304885,,
49,21.537842190016104,48.18840579710145,4.488727858293076,2.999194847020934,19.712828770799785,2.2946859903381642,0.7783145464304885,,
50,20.74610842726785,47.718733225979605,4.461889425657541,2.999194847020934,21.00107353730542,2.2946859903381642,0.7783145464304885,,
51,20.82662372517445,47.67176596886742,4.461889425657541,2.9924852388620504,20.833333333333332,2.2946859903381642,0.9192163177670424,,
52,20.551529790660226,49.71148684916801,4.461889425657541,3.052871712292002,18.089103596349972,2.227589908749329,0.8789586688137413,1.0265700483091786,
53,20.632045088566827,49.463231347289316,4.461889425657541,3.052871712292002,18.075684380032207,2.408749329039184,0.8789586688137413,1.0265700483091786,
54,20.8064949006978,49.080783682232955,4.696725711218465,3.052871712292002,18.06226516371444,2.395330112721417,0.8789586688137413,1.0265700483091786,
55,20.162372517444982,48.89291465378422,4.696725711218465,3.052871712292002,18.90096618357488,2.395330112721417,0.8722490606548577,1.0265700483091786,
56,20.591787439613526,48.63794954374664,4.690016103059581,3.052871712292002,18.813741277509394,2.395330112721417,0.8722490606548577,0.9460547504025765,
57,20.41062801932367,48.2487922705314,4.663177670424047,3.8714439076757916,18.773483628556093,2.3617820719269993,0.7246376811594203,0.9460547504025765,
58,20.571658615136876,47.799248523886206,4.274020397208803,4.019055287171229,19.370638754696724,2.3617820719269993,0.6575415995705851,0.9460547504025765,
59,20.605206655931294,47.134997316156735,4.274020397208803,4.005636070853462,19.370638754696724,3.0059044551798175,0.6575415995705851,0.9460547504025765,
60,19.11567364465915,48.63794954374664,4.26731078904992,4.005636070853462,19.363929146537842,3.0059044551798175,0.6575415995705851,0.9460547504025765,
61,17.834138486312398,49.91277509393451,4.180085882984434,4.005636070853462,19.632313472893184,2.15378421900161,0.6575415995705851,1.6237251744498122,
62,17.04911433172303,42.55904455179817,1.7176596886741815,3.992216854535695,25.81857219538379,2.0531400966183573,5.186527106816962,1.6237251744498122,
63,17.122920021470748,42.37788513150832,1.6841116478797638,3.992216854535695,24.55716586151369,2.0531400966183573,6.588835212023618,1.6237251744498122,
64,16.78743961352657,41.27079978529254,2.408749329039184,5.12614063338701,24.14787976382179,2.13365539452496,6.501610305958132,1.6237251744498122,
65,16.874664519592056,41.257380568974774,2.408749329039184,5.12614063338701,24.08749329039184,2.13365539452496,6.488191089640365,1.6237251744498122,
66,16.398282340311326,40.365002683843265,2.4020397208803006,5.12614063338701,26.221148684916802,2.1068169618894257,6.447933440687064,0.9326355340848095,
67,16.659957058507782,40.19055287171229,2.4020397208803006,5.10601180891036,26.154052603327965,2.1068169618894257,6.447933440687064,0.9326355340848095,
68,16.25067096081589,38.21121846484165,2.395330112721417,4.797369833601718,29.086151368760063,1.9726247987117553,6.353998926462695,0.9326355340848095,
69,16.465378421900162,38.09044551798175,2.395330112721417,4.797369833601718,29.01905528717123,1.9659151905528718,6.333870101986044,0.9326355340848095,
70,16.404991948470208,37.90257648953301,2.395330112721417,7.14573268921095,27.100107353730543,1.9659151905528718,6.488191089640365,0.48980139559849706,0.10735373054213634
71,16.297638217928075,37.67444981213097,2.623456790123457,7.14573268921095,27.234299516908212,1.9659151905528718,6.461352657004831,0.48980139559849706,0.10735373054213634
72,16.317767042404725,37.65432098765432,2.623456790123457,7.14573268921095,27.234299516908212,1.9659151905528718,6.461352657004831,0.48980139559849706,0.10735373054213634
73,16.358024691358025,36.16478797638218,2.5966183574879227,7.14573268921095,26.617015566290927,4.461889425657541,6.0587761674718195,0.48980139559849706,0.10735373054213634
74,15.599838969404187,36.94981213097155,2.4557165861513686,7.360440150295223,26.140633387010197,4.8376274825550185,6.0587761674718195,0.48980139559849706,0.10735373054213634
75,14.15727321524423,32.6556629092861,2.5697799248523885,7.461084272678476,31.45464304884595,5.045625335480408,6.0587761674718195,0.48980139559849706,0.10735373054213634
76,14.190821256038648,32.6154052603328,2.5697799248523885,7.461084272678476,31.38083735909823,5.032206119162641,6.152710681696189,0.48980139559849706,0.10735373054213634
77,14.27133655394525,32.25308641975309,2.5697799248523885,7.7831454643048845,31.340579710144926,5.032206119162641,6.152710681696189,0.48980139559849706,0.10735373054213634
78,14.237788513150832,32.038378958668815,2.5697799248523885,7.7831454643048845,30.803811057434245,5.260332796564681,6.387546967257112,0.8118625872249061,0.10735373054213634
79,14.13714439076758,32.00483091787439,2.5697799248523885,7.75630703166935,30.96484165324745,5.260332796564681,6.387546967257112,0.8118625872249061,0.10735373054213634
80,14.224369296833064,31.95115405260333,2.5697799248523885,7.7361782071927,30.951422436929683,5.260332796564681,6.387546967257112,0.8118625872249061,0.10735373054213634
81,14.217659688674182,31.561996779388085,3.3480944712828773,7.702630166398282,30.67632850241546,5.260332796564681,6.3137412775093935,0.8118625872249061,0.10735373054213634
82,14.398819108964037,31.40096618357488,3.3145464304884595,7.48792270531401,29.958400429414922,5.434782608695652,7.092055823939882,0.8118625872249061,0.10064412238325282
83,14.472624798711756,31.374127750939344,3.3145464304884595,7.474503488996243,29.958400429414922,5.428073000536768,7.065217391304348,0.8118625872249061,0.10064412238325282
84,14.224369296833064,30.88432635534085,3.3145464304884595,7.467793880837359,30.750134192163177,5.421363392377885,7.024959742351046,0.8118625872249061,0.10064412238325282
85,14.257917337627482,30.870907139023082,3.3145464304884595,7.454374664519592,30.743424584004295,5.421363392377885,7.024959742351046,0.8118625872249061,0.10064412238325282
86,14.298174986580785,30.803811057434245,3.408480944712829,7.635534084809447,30.50858829844337,5.421363392377885,7.024959742351046,0.798443370907139,0.10064412238325282
87,14.251207729468598,30.911164787976382,3.5426731078904994,7.635534084809447,30.434782608695652,5.173107890499195,7.152442297369833,0.798443370907139,0.10064412238325282
88,14.15727321524423,29.978529253891573,4.092860976918948,7.9106280193236715,30.71658615136876,5.173107890499195,7.071926999463232,0.798443370907139,0.10064412238325282
89,14.170692431561998,29.965110037573805,4.092860976918948,7.9106280193236715,30.71658615136876,5.173107890499195,7.071926999463232,0.798443370907139,0.10064412238325282
90,14.304884594739667,29.891304347826086,4.092860976918948,7.9106280193236715,30.656199677938808,5.173107890499195,7.071926999463232,0.798443370907139,0.10064412238325282
91,14.49946323134729,29.8040794417606,4.05931293612453,8.588298443370908,29.931561996779386,5.173107890499195,7.0450885668276975,0.798443370907139,0.10064412238325282
92,14.61352657004831,29.74369296833065,4.05931293612453,8.588298443370908,29.636339237788512,5.173107890499195,7.286634460547504,0.798443370907139,0.10064412238325282
93,14.284755770263017,28.931830381105744,3.9586688137412773,8.541331186258722,31.132581857219538,5.173107890499195,7.078636607622115,0.798443370907139,0.10064412238325282
94,14.27133655394525,28.663446054750402,3.9586688137412773,8.541331186258722,31.57541599570585,5.173107890499195,6.91760601180891,0.798443370907139,0.10064412238325282
95,14.130434782608695,26.549919484702095,3.9586688137412773,8.514492753623188,33.99087493290392,5.173107890499195,6.78341384863124,0.798443370907139,0.10064412238325282
96,14.15727321524423,26.529790660225444,3.824476650563607,8.460815888352121,32.085346215781,7.380568974771873,6.6760601180891035,0.798443370907139,0.08722490606548577
97,14.31159420289855,26.435856146001072,3.824476650563607,8.460815888352121,32.05179817498658,7.353730542136339,6.6760601180891035,0.798443370907139,0.08722490606548577
98,14.31159420289855,26.35534084809447,3.824476650563607,8.413848631239935,31.206387546967257,8.36688137412775,6.635802469135802,0.798443370907139,0.08722490606548577
99,14.432367149758454,26.29495437466452,3.7775093934514223,8.387010198604402,31.112453032742888,8.353462157809984,6.756575415995706,0.798443370907139,0.08722490606548577
100,14.486044015029522,26.288244766505635,3.7775093934514223,8.387010198604402,31.07890499194847,8.353462157809984,6.743156199677939,0.798443370907139,0.08722490606548577
101,14.667203435319378,26.288244766505635,3.7372517444981215,8.360171765968868,30.991680085882983,8.353462157809984,6.716317767042405,0.798443370907139,0.08722490606548577
102,14.700751476113794,26.20101986044015,3.7372517444981215,8.507783145464305,30.95813204508857,8.293075684380032,6.716317767042405,0.798443370907139,0.08722490606548577
103,14.962426194310252,26.160762211486848,3.7372517444981215,8.474235104669887,30.770263016639827,8.293075684380032,6.716317767042405,0.798443370907139,0.08722490606548577
104,15.01610305958132,26.053408480944714,5.763553408480945,7.749597423510467,29.62962962962963,8.219269994632313,6.716317767042405,0.7648953301127214,0.08722490606548577
105,15.069779924852389,25.91250670960816,5.924584004294149,7.588566827697263,29.62962962962963,8.360171765968868,6.662640901771336,0.7648953301127214,0.08722490606548577
106,15.250939345142244,25.885668276972623,6.132581857219538,7.588566827697263,29.60950080515298,8.28636607622115,6.394256575415996,0.7648953301127214,0.08722490606548577
107,15.217391304347826,25.38244766505636,6.0587761674718195,6.6827697262479875,28.22061191626409,11.191626409017713,6.394256575415996,0.7648953301127214,0.08722490606548577
108,14.955716586151368,24.832259796027913,5.8172302737520125,6.971282877079979,29.045893719806763,11.131239935587761,6.394256575415996,0.7648953301127214,0.08722490606548577
109,14.318303811057435,24.188137412775095,5.8172302737520125,6.971282877079979,30.394524959742352,11.077563070316694,6.380837359098229,0.7648953301127214,0.08722490606548577
110,14.680622651637144,23.98684916800859,5.8172302737520125,6.890767579173376,30.35426731078905,11.07085346215781,6.347289318303811,0.7648953301127214,0.08722490606548577
111,14.06333870101986,25.05367686527107,5.689747718733226,6.863929146537842,30.04562533548041,10.903113258185721,6.528448738593666,0.7648953301127214,0.08722490606548577
112,14.197530864197532,25.013419216317768,5.676328502415459,6.863929146537842,29.998658078368223,10.869565217391305,6.528448738593666,0.7648953301127214,0.08722490606548577
113,14.163982823403114,25.0,5.676328502415459,6.837090713902308,29.998658078368223,11.11111111111111,6.360708534621578,0.7648953301127214,0.08722490606548577
114,14.264626945786366,24.966451959205582,5.676328502415459,6.837090713902308,29.944981213097154,11.097691894793345,6.360708534621578,0.7648953301127214,0.08722490606548577
115,14.231078904991948,24.805421363392377,5.669618894256575,6.837090713902308,29.508856682769725,11.09098228663446,7.004830917874396,0.7648953301127214,0.08722490606548577
116,14.264626945786366,24.792002147074612,5.669618894256575,6.830381105743425,29.49543746645196,11.09098228663446,7.004830917874396,0.7648953301127214,0.08722490606548577
117,14.049919484702093,23.678207192699947,5.790391841116479,9.668545356951155,28.75738056897477,10.721953837895867,6.481481481481482,0.7648953301127214,0.08722490606548577
118,14.459205582393988,23.58427267847558,5.776972624798712,9.554482018250134,28.690284487385938,10.721953837895867,6.360708534621578,0.7648953301127214,0.08722490606548577
119,13.754696725711218,22.71202361782072,5.689747718733226,9.554482018250134,30.267042404723565,10.721953837895867,6.447933440687064,0.7648953301127214,0.08722490606548577
120,13.499731615673644,22.477187332259795,6.5552871712292005,9.138486312399356,32.33360171765969,8.447396672034353,6.696188942565755,0.7648953301127214,0.08722490606548577
121,13.097155126140633,22.041062801932366,5.897745571658615,6.857219538378959,38.36553945249597,6.991411701556629,6.092324208266238,0.5703166935050993,0.08722490606548577
122,13.083735909822867,21.866612989801396,5.897745571658615,6.769994632313473,38.27160493827161,7.434245840042942,6.0654857756307035,0.5233494363929146,0.08722490606548577
123,13.197799248523886,21.846484165324746,5.877616747181965,6.769994632313473,38.20450885668277,7.434245840042942,6.0587761674718195,0.5233494363929146,0.08722490606548577
124,13.144122383252817,21.73913043478261,8.467525496511003,6.608964036500268,35.69511540526033,8.038110574342458,5.870907139023081,0.3488996242619431,0.08722490606548577
125,13.22463768115942,21.511003757380568,8.447396672034353,6.541867954911433,35.547504025764894,8.024691358024691,6.266774020397209,0.3488996242619431,0.08722490606548577
126,13.264895330112722,21.484165324745035,8.447396672034353,6.541867954911433,35.547504025764894,8.024691358024691,6.253354804079442,0.3488996242619431,0.08722490606548577
127,13.446054750402576,21.477455716586153,8.447396672034353,6.528448738593666,35.42673107890499,7.98443370907139,6.253354804079442,0.3488996242619431,0.08722490606548577
128,13.6406333870102,21.30300590445518,8.447396672034353,6.629092860976919,35.31266774020397,7.98443370907139,6.246645195920558,0.3488996242619431,0.08722490606548577
129,13.855340848094471,21.16881374127751,8.272946859903382,6.884057971014493,35.245571658615134,7.9039184111647875,6.233225979602791,0.3488996242619431,0.08722490606548577
130,13.741277509393452,20.71256038647343,8.152173913043478,6.884057971014493,34.54106280193237,9.29951690821256,6.233225979602791,0.3488996242619431,0.08722490606548577
131,13.942565754159958,20.705850778314545,9.017713365539452,6.884057971014493,33.63526570048309,9.145195920558239,6.233225979602791,0.3488996242619431,0.08722490606548577
132,14.04320987654321,20.705850778314545,9.017713365539452,6.810252281266774,33.581588835212024,9.084809447128288,6.320450885668277,0.3488996242619431,0.08722490606548577
133,14.096886741814279,19.49812130971551,8.923778851315083,6.521739130434782,35.48040794417606,8.742619431025227,6.152710681696189,0.49651100375738055,0.08722490606548577
134,14.15727321524423,19.350509930220074,9.842995169082126,7.742887815351583,33.641975308641975,8.527911969940956,6.152710681696189,0.49651100375738055,0.08722490606548577
135,14.264626945786366,19.32367149758454,9.802737520128824,7.742887815351583,33.60842726784756,8.521202361782072,6.152710681696189,0.49651100375738055,0.08722490606548577
136,14.143853998926463,19.49812130971551,9.802737520128824,7.742887815351583,33.55475040257649,8.521202361782072,6.152710681696189,0.49651100375738055,0.08722490606548577
137,14.197530864197532,19.49812130971551,9.77589908749329,7.48792270531401,33.55475040257649,8.521202361782072,6.380837359098229,0.49651100375738055,0.08722490606548577
138,14.278046162104133,19.484702093397747,9.77589908749329,7.595276435856146,33.41384863123994,8.521202361782072,6.347289318303811,0.49651100375738055,0.08722490606548577
139,14.338432635534085,19.32367149758454,9.722222222222221,8.447396672034353,32.67579173376275,8.61513687600644,6.293612453032743,0.49651100375738055,0.08722490606548577
140,14.264626945786366,18.793612453032743,9.494095544820183,6.763285024154589,35.53408480944713,8.55475040257649,6.011808910359635,0.49651100375738055,0.08722490606548577
141,14.27133655394525,18.78690284487386,9.480676328502415,6.763285024154589,35.41331186258722,8.68894256575416,6.011808910359635,0.49651100375738055,0.08722490606548577
142,14.338432635534085,18.38432635534085,9.480676328502415,6.716317767042405,34.64170692431562,8.682232957595277,7.1725711218464845,0.49651100375738055,0.08722490606548577
143,13.47289318303811,17.458400429414922,9.480676328502415,6.696188942565755,36.79549114331723,8.36688137412775,7.14573268921095,0.49651100375738055,0.08722490606548577
144,13.43263553408481,17.444981213097154,9.46725711218465,6.696188942565755,36.24530327428878,8.36688137412775,7.763016639828234,0.49651100375738055,0.08722490606548577
145,13.486312399355878,17.424852388620504,9.46725711218465,6.696188942565755,36.218464841653244,8.36688137412775,7.75630703166935,0.49651100375738055,0.08722490606548577
146,13.83521202361782,17.424852388620504,9.46725711218465,6.696188942565755,36.04401502952228,8.32662372517445,7.62211486849168,0.49651100375738055,0.08722490606548577
147,13.70101986044015,17.12962962962963,9.581320450885668,6.367418142780462,36.533816425120776,8.480944712828771,7.62211486849168,0.49651100375738055,0.08722490606548577
148,13.768115942028986,17.09608158883521,9.581320450885668,6.360708534621578,36.50697799248524,8.480944712828771,7.62211486849168,0.49651100375738055,0.08722490606548577
149,13.828502415458937,17.09608158883521,9.581320450885668,6.360708534621578,36.46672034353194,8.460815888352121,7.62211486849168,0.49651100375738055,0.08722490606548577
150,13.915727321524423,17.09608158883521,9.581320450885668,6.360708534621578,36.45330112721417,8.460815888352121,7.548309178743962,0.49651100375738055,0.08722490606548577
151,13.955984970477724,17.022275899087493,9.581320450885668,6.092324208266238,36.94981213097155,8.279656468062266,7.5348899624261945,0.49651100375738055,0.08722490606548577
152,14.170692431561998,16.988727858293075,9.581320450885668,6.092324208266238,36.81561996779388,8.232689210950081,7.5348899624261945,0.49651100375738055,0.08722490606548577
153,14.217659688674182,16.988727858293075,9.581320450885668,6.092324208266238,36.782071926999464,8.219269994632313,7.5348899624261945,0.49651100375738055,0.08722490606548577
154,14.204240472356414,16.988727858293075,9.581320450885668,6.0654857756307035,36.7686527106817,8.219269994632313,7.588566827697263,0.49651100375738055,0.08722490606548577
155,14.27133655394525,16.566022544283413,9.500805152979066,5.8172302737520125,37.5,8.279656468062266,7.481213097155126,0.49651100375738055,0.08722490606548577
156,14.331723027375201,16.53918411164788,9.480676328502415,5.8172302737520125,37.486580783682236,8.279656468062266,7.481213097155126,0.49651100375738055,0.08722490606548577
157,14.358561460010735,16.532474503488995,9.480676328502415,5.971551261406334,37.32555018786903,8.279656468062266,7.467793880837359,0.49651100375738055,0.08722490606548577
158,14.264626945786366,16.532474503488995,12.419484702093397,5.971551261406334,34.58132045088567,8.185721953837897,7.461084272678476,0.49651100375738055,0.08722490606548577
159,14.36527106816962,16.532474503488995,12.419484702093397,5.971551261406334,34.5276435856146,8.152173913043478,7.461084272678476,0.4830917874396135,0.08722490606548577
160,14.378690284487385,16.51905528717123,12.27187332259796,5.971551261406334,34.447128287708,8.380300590445518,7.461084272678476,0.4830917874396135,0.08722490606548577
161,14.358561460010735,15.888352120236178,12.245034889962426,5.911164787976382,35.11137949543747,8.380300590445518,7.5348899624261945,0.4830917874396135,0.08722490606548577
162,14.325013419216317,15.45222758990875,12.218196457326892,6.407675791733762,35.057702630166396,8.360171765968868,7.608695652173913,0.4830917874396135,0.08722490606548577
163,14.358561460010735,15.445517981749866,12.359098228663447,6.266774020397209,35.037573805689746,8.353462157809984,7.608695652173913,0.4830917874396135,0.08722490606548577
164,14.673913043478262,15.432098765432098,12.352388620504563,6.219806763285024,34.936929683306495,8.13875469672571,7.608695652173913,0.5501878690284487,0.08722490606548577
165,14.707461084272678,15.432098765432098,12.352388620504563,6.219806763285024,34.90338164251208,8.13875469672571,7.608695652173913,0.5501878690284487,0.08722490606548577
166,14.626945786366075,15.11003757380569,12.338969404186795,4.931561996779388,36.77536231884058,8.13875469672571,7.521470746108427,0.5501878690284487,0.0067096081588835215
167,14.707461084272678,15.103327965646805,12.338969404186795,4.931561996779388,36.70155662909286,8.091787439613526,7.447665056360709,0.6709608158883521,0.0067096081588835215
168,14.720880300590446,14.848362855609233,12.875738056897477,4.810789049919484,36.533816425120776,8.091787439613526,7.440955448201825,0.6709608158883521,0.0067096081588835215
169,14.801395598497047,14.848362855609233,12.875738056897477,4.804079441760601,36.46672034353194,8.085077831454644,7.440955448201825,0.6709608158883521,0.0067096081588835215
170,14.955716586151368,14.848362855609233,12.801932367149758,4.770531400966184,36.38620504562534,8.11862587224906,7.440955448201825,0.6709608158883521,0.0067096081588835215
171,14.989264626945786,14.163982823403114,13.499731615673644,4.757112184648417,36.37278582930757,8.11862587224906,7.4208266237251745,0.6709608158883521,0.0067096081588835215
172,15.056360708534621,14.130434782608695,13.499731615673644,4.7101449275362315,36.191626409017715,8.111916264090176,7.501341921631776,0.7917337627482555,0.0067096081588835215
173,15.13016639828234,14.090177133655395,13.499731615673644,4.7101449275362315,36.171497584541065,8.105206655931294,7.494632313472893,0.7917337627482555,0.0067096081588835215
174,15.230810520665592,14.090177133655395,13.479602791196994,4.7101449275362315,36.151368760064415,8.07836822329576,7.461084272678476,0.7917337627482555,0.0067096081588835215
175,15.230810520665592,13.754696725711218,13.47289318303811,4.7101449275362315,35.28582930756844,9.286097691894794,7.461084272678476,0.7917337627482555,0.0067096081588835215
176,14.526301663982823,13.191089640365004,13.103864734299517,4.575952764358561,36.090982286634464,10.587761674718196,7.125603864734299,0.7917337627482555,0.0067096081588835215
177,14.801395598497047,12.942834138486312,13.09044551798175,4.575952764358561,36.090982286634464,10.57434245840043,7.125603864734299,0.7917337627482555,0.0067096081588835215
178,14.962426194310252,12.895866881374127,13.036768652710682,4.575952764358561,36.030595813204506,10.57434245840043,7.125603864734299,0.7917337627482555,0.0067096081588835215
179,14.579978529253891,12.191358024691358,12.338969404186795,4.086151368760064,38.30515297906602,10.57434245840043,7.125603864734299,0.7917337627482555,0.0067096081588835215
180,14.78797638217928,12.177938808373591,12.305421363392378,4.086151368760064,38.258185721953836,10.46027911969941,7.125603864734299,0.7917337627482555,0.0067096081588835215
181,15.069779924852389,12.151100375738057,12.211486849168008,4.079441760601181,37.84219001610306,11.05072463768116,7.139023081052066,0.4495437466451959,0.0067096081588835215
182,14.88191089640365,11.949812130971551,10.721953837895867,4.045893719806763,36.86929683306495,13.942565754159958,7.132313472893183,0.4495437466451959,0.0067096081588835215
183,14.942297369833602,11.949812130971551,10.721953837895867,4.045893719806763,36.85587761674718,13.915727321524423,7.112184648416532,0.4495437466451959,0.0067096081588835215
184,15.029522275899087,11.949812130971551,10.715244229736983,4.045893719806763,36.77536231884058,13.915727321524423,7.112184648416532,0.4495437466451959,0.0067096081588835215
185,14.888620504562533,10.809178743961352,10.68840579710145,3.9184111647879765,36.72839506172839,15.411969940955448,7.105475040257649,0.4495437466451959,
186,14.969135802469136,10.809178743961352,10.681696188942565,3.9184111647879765,36.65458937198068,15.411969940955448,7.105475040257649,0.4495437466451959,
187,14.673913043478262,10.151637144390767,10.57434245840043,4.005636070853462,38.18438003220612,14.861782071927,7.105475040257649,0.4428341384863124,
188,14.801395598497047,10.138217928073,10.560923242082662,3.9989264626945786,38.137412775093935,14.821524422973699,7.105475040257649,0.43612453032742887,
189,14.801395598497047,10.131508319914117,10.560923242082662,4.066022544283414,38.117283950617285,14.781266774020397,7.105475040257649,0.43612453032742887,
190,14.841653247450349,10.030864197530864,11.668008588298443,4.03918411164788,37.68115942028985,14.325013419216317,7.105475040257649,0.30864197530864196,
191,14.9020397208803,9.896672034353195,11.668008588298443,3.9586688137412773,37.47987117552335,14.325013419216317,7.461084272678476,0.30864197530864196,
192,14.922168545356952,9.883252818035427,11.668008588298443,3.9586688137412773,37.473161567364464,14.325013419216317,7.461084272678476,0.30864197530864196,
193,15.08990874932904,9.86983360171766,11.668008588298443,4.1129898013955986,37.2987117552335,14.190821256038648,7.461084272678476,0.30864197530864196,
194,15.519323671497585,9.816156736446592,11.574074074074074,4.092860976918948,37.09742351046699,14.15727321524423,7.434245840042942,0.30864197530864196,
195,15.613258185721953,9.802737520128824,11.426462694578637,4.200214707461084,37.05716586151369,14.15727321524423,7.434245840042942,0.30864197530864196,
196,15.666935050993022,9.802737520128824,11.426462694578637,4.200214707461084,37.003488996242616,14.15727321524423,7.434245840042942,0.30864197530864196,
197,15.915190552871712,9.802737520128824,11.426462694578637,4.200214707461084,36.782071926999464,14.130434782608695,7.434245840042942,0.30864197530864196,
198,15.955448201825014,9.77589908749329,11.52710681696189,4.166666666666667,36.761943102522814,14.083467525496511,7.4208266237251745,0.30864197530864196,
199,16.009125067096083,9.749060654857756,11.52710681696189,4.166666666666667,36.73510466988728,13.982823403113258,7.4208266237251745,0.30864197530864196,0.10064412238325282
200,16.0426731078905,9.749060654857756,11.52710681696189,4.166666666666667,36.70826623725174,13.976113794954374,7.4208266237251745,0.30864197530864196,0.10064412238325282
201,16.069511540526033,9.722222222222221,11.52710681696189,4.146537842190016,36.69484702093398,14.170692431561998,7.25979602791197,0.30864197530864196,0.10064412238325282
202,16.14331723027375,9.722222222222221,11.486849168008588,4.146537842190016,36.69484702093398,14.13714439076758,7.25979602791197,0.30864197530864196,0.10064412238325282
203,16.337895866881375,9.722222222222221,11.473429951690822,4.146537842190016,36.61433172302738,14.13714439076758,7.159151905528717,0.30864197530864196,0.10064412238325282
204,16.49892646269458,9.722222222222221,11.43317230273752,4.146537842190016,36.58749329039184,14.070048309178745,7.132313472893183,0.30864197530864196,0.10064412238325282
205,16.861245303274288,9.581320450885668,11.218464841653248,4.032474503488996,36.45330112721417,14.412238325281804,7.03166935050993,0.30864197530864196,0.10064412238325282
206,16.988727858293075,9.561191626409018,11.20504562533548,3.8915727321524423,35.98362855609233,14.378690284487385,7.581857219538379,0.30864197530864196,0.10064412238325282
207,16.97530864197531,9.561191626409018,11.20504562533548,3.8915727321524423,35.87627482555019,14.231078904991948,7.85024154589372,0.30864197530864196,0.10064412238325282
208,16.941760601180892,9.480676328502415,11.20504562533548,3.8915727321524423,36.010466988727856,14.231078904991948,7.830112721417069,0.30864197530864196,0.10064412238325282
209,17.11621041331186,9.480676328502415,11.20504562533548,3.878153515834675,35.90311325818572,14.17740203972088,7.830112721417069,0.30864197530864196,0.10064412238325282
210,17.290660225442835,9.473966720343531,11.131239935587761,3.9452495974235107,35.809178743961354,14.110305958132045,7.830112721417069,0.30864197530864196,0.10064412238325282
211,17.505367686527105,9.41358024691358,11.057434245840042,3.9452495974235107,35.75550187869028,14.083467525496511,7.830112721417069,0.30864197530864196,0.10064412238325282
212,17.599302200751477,9.406870638754697,11.023886205045626,3.9452495974235107,35.73537305421363,14.06333870101986,7.823403113258186,0.30864197530864196,0.0939345142243693
213,17.70665593129361,9.400161030595813,10.990338164251208,4.019055287171229,35.929951690821255,13.768115942028986,7.7831454643048845,0.30864197530864196,0.0939345142243693
214,17.914653784219002,9.400161030595813,10.990338164251208,3.9720880300590444,35.809178743961354,13.727858293075684,7.7831454643048845,0.30864197530864196,0.0939345142243693
215,18.230005367686527,9.39345142243693,10.446859903381643,3.9720880300590444,35.66156736446592,13.687600644122384,8.004562533548041,0.5099302200751477,0.0939345142243693
216,18.263553408480945,9.386741814278047,10.446859903381643,3.9720880300590444,35.64143853998927,13.6808910359635,8.004562533548041,0.5099302200751477,0.0939345142243693
217,18.276972624798713,9.386741814278047,10.36634460547504,3.9720880300590444,35.621309715512616,13.6808910359635,8.091787439613526,0.5099302200751477,0.0939345142243693
218,18.209876543209877,9.386741814278047,11.178207192699947,3.9720880300590444,35.07112184648417,13.6808910359635,7.897208803005904,0.5099302200751477,0.0939345142243693
219,18.297101449275363,9.366612989801396,11.2788513150832,3.965378421900161,35.057702630166396,13.647342995169081,7.7831454643048845,0.5099302200751477,0.0939345142243693
220,18.431293612453032,9.353193773483628,11.252012882447666,4.1129898013955986,34.98389694041868,13.479602791196994,7.7831454643048845,0.5099302200751477,0.0939345142243693
221,18.46484165324745,9.252549651100376,11.701556629092861,4.1129898013955986,34.74235104669887,13.352120236178207,7.769726247987117,0.5099302200751477,0.0939345142243693
222,18.4849704777241,9.23913043478261,11.621041331186259,4.072732152442297,34.74235104669887,13.47289318303811,7.763016639828234,0.5099302200751477,0.0939345142243693
223,18.820450885668276,8.923778851315083,11.614331723027375,4.072732152442297,34.72893183038111,13.47289318303811,7.763016639828234,0.5099302200751477,0.0939345142243693
224,18.84728931830381,8.923778851315083,11.614331723027375,4.072732152442297,34.72893183038111,13.446054750402576,7.763016639828234,0.5099302200751477,0.0939345142243693
225,18.766774020397207,8.816425120772946,11.855877616747183,4.072732152442297,34.70209339774557,13.446054750402576,7.7361782071927,0.5099302200751477,0.0939345142243693
226,18.92109500805153,8.789586688137414,11.842458400429415,4.072732152442297,34.58803005904455,13.446054750402576,7.7361782071927,0.5099302200751477,0.0939345142243693
227,18.94122383252818,8.78287707997853,11.788781535158346,4.072732152442297,34.52093397745572,14.251207729468598,7.0450885668276975,0.5099302200751477,0.08722490606548577
228,19.02173913043478,8.769457863660762,11.788781535158346,4.072732152442297,34.52093397745572,14.217659688674182,7.011540526033279,0.5099302200751477,0.08722490606548577
229,19.04186795491143,8.769457863660762,11.788781535158346,4.072732152442297,34.50080515297907,14.217659688674182,7.011540526033279,0.5099302200751477,0.08722490606548577
230,18.853998926462694,8.93719806763285,11.788781535158346,4.072732152442297,34.52093397745572,14.217659688674182,7.011540526033279,0.5099302200751477,0.08722490606548577
231,19.00161030595813,8.93719806763285,11.782071926999464,4.072732152442297,34.42028985507246,14.190821256038648,6.998121309715513,0.5099302200751477,0.08722490606548577
232,19.0955448201825,8.917069243156199,11.75523349436393,4.072732152442297,34.37332259796028,14.190821256038648,6.998121309715513,0.5099302200751477,0.08722490606548577
233,19.229736983360173,8.856682769726248,11.721685453569512,4.072732152442297,34.19887278582931,14.325013419216317,6.998121309715513,0.5099302200751477,0.08722490606548577
234,19.30354267310789,8.849973161567364,11.721685453569512,4.05931293612453,34.15861513687601,14.31159420289855,6.998121309715513,0.5099302200751477,0.08722490606548577
235,19.37734836285561,8.849973161567364,11.708266237251744,4.025764895330113,34.14519592055824,14.298174986580785,6.998121309715513,0.5099302200751477,0.08722490606548577
236,18.035426731078903,8.608427267847558,11.60762211486849,3.770799785292539,36.822329575952764,14.2914653784219,6.266774020397209,0.5099302200751477,0.08722490606548577
237,18.089103596349972,8.608427267847558,11.60762211486849,3.770799785292539,36.802200751476114,14.2914653784219,6.233225979602791,0.5099302200751477,0.08722490606548577
238,17.887815351583466,8.541331186258722,11.533816425120772,3.770799785292539,37.42619431025228,14.06333870101986,6.179549114331723,0.5099302200751477,0.08722490606548577
239,17.934782608695652,8.527911969940956,11.533816425120772,3.770799785292539,37.40606548577563,14.049919484702093,6.179549114331723,0.5099302200751477,0.08722490606548577
240,18.00858829844337,8.527911969940956,11.533816425120772,3.770799785292539,37.37251744498121,14.009661835748792,6.179549114331723,0.5099302200751477,0.08722490606548577
241,17.8743961352657,8.789586688137414,11.520397208803006,3.770799785292539,37.285292538915726,13.982823403113258,6.179549114331723,0.5099302200751477,0.08722490606548577
242,18.323939881910896,8.789586688137414,11.285560923242082,3.7640901771336552,37.25845410628019,13.81508319914117,6.166129898013956,0.5099302200751477,0.08722490606548577
243,18.4849704777241,8.621846484165324,11.20504562533548,4.025764895330113,37.19806763285024,13.70101986044015,6.166129898013956,0.5099302200751477,0.08722490606548577
244,18.50509930220075,8.588298443370908,11.426462694578637,3.69699409554482,36.97665056360709,13.862050456253355,6.347289318303811,0.5099302200751477,0.08722490606548577
245,18.605743424584006,8.588298443370908,11.426462694578637,3.69699409554482,36.87600644122383,13.862050456253355,6.347289318303811,0.5099302200751477,0.08722490606548577
246,18.632581857219538,8.561460010735374,11.533816425120772,3.69699409554482,36.78878153515835,13.862050456253355,6.327160493827161,0.5099302200751477,0.08722490606548577
247,17.914653784219002,8.32662372517445,11.245303274288782,3.643317230273752,39.27133655394525,12.835480407944177,6.166129898013956,0.5099302200751477,0.08722490606548577
248,18.035426731078903,8.3064949006978,11.252012882447666,3.643317230273752,39.23778851315083,12.761674718196458,6.166129898013956,0.5099302200751477,0.08722490606548577
249,17.411433172302736,8.272946859903382,11.010466988727858,2.871712292002147,41.82769726247987,12.164519592055823,5.844068706387547,0.5099302200751477,0.08722490606548577
250,17.49194847020934,8.259527643585615,11.077563070316694,2.871712292002147,41.76731078904992,12.090713902308105,5.844068706387547,0.5099302200751477,0.08722490606548577
251,17.418142780461622,8.259527643585615,12.47987117552335,2.8247450348899625,40.53274288781535,12.04374664519592,5.844068706387547,0.5099302200751477,0.08722490606548577
252,17.66639828234031,8.232689210950081,12.31213097155126,2.8247450348899625,40.47906602254428,12.04374664519592,5.844068706387547,0.5099302200751477,0.08722490606548577
253,17.693236714975846,8.232689210950081,12.31213097155126,2.8247450348899625,40.45222758990875,12.04374664519592,5.844068706387547,0.5099302200751477,0.08722490606548577
