,45,50,51,52,55,54,56,53,59,58,57
0,100.0,,,,,,,,,,
1,95.32340311325818,4.676596886741814,,,,,,,,,
2,90.80783682232958,8.883521202361782,0.30864197530864196,,,,,,,,
3,63.22463768115942,21.578099838969404,15.197262479871176,,,,,,,,
4,63.26489533011272,21.564680622651636,15.170424047235642,,,,,,,,
5,63.747987117552334,21.531132581857218,14.720880300590446,,,,,,,,
6,53.44202898550725,32.00483091787439,14.553140096618357,,,,,,,,
7,53.42190016103059,32.078636607622116,14.49946323134729,,,,,,,,
8,49.6309715512614,34.60144927536232,14.27133655394525,0.7313472893183038,0.7648953301127214,,,,,,
9,49.6309715512614,34.60144927536232,14.27133655394525,0.7313472893183038,0.7648953301127214,,,,,,
10,49.624261943102525,32.68250134192163,14.170692431561998,0.7313472893183038,0.6910896403650026,2.100107353730542,,,,,
11,49.65780998389694,32.367149758454104,14.170692431561998,0.7313472893183038,0.9728931830381106,2.100107353730542,,,,,
12,49.65780998389694,32.367149758454104,14.170692431561998,0.7313472893183038,0.9728931830381106,2.100107353730542,,,,,
13,44.545088566827694,43.41116478797638,7.75630703166935,0.630703166935051,1.556629092860977,2.100107353730542,,,,,
14,44.69940955448202,43.283682232957595,7.75630703166935,0.630703166935051,1.5365002683843263,2.0933977455716586,,,,,
15,44.6256038647343,42.98845947396672,8.024691358024691,0.630703166935051,1.6371443907675791,2.0933977455716586,,,,,
16,44.68599033816425,42.08266237251745,8.024691358024691,0.630703166935051,2.4825550187869028,2.0933977455716586,,,,,
17,38.1508319914117,34.634997316156735,24.9597423510467,0.630703166935051,1.6237251744498122,,,,,,
18,38.0300590445518,34.82957595276436,24.88593666129898,0.630703166935051,1.6237251744498122,,,,,,
19,38.1105743424584,34.80273752012882,24.832259796027913,0.630703166935051,1.6237251744498122,,,,,,
20,35.83601717659689,35.90311325818572,23.30246913580247,3.33467525496511,1.6237251744498122,,,,,,
21,35.02415458937198,35.76221148684917,24.416264090177133,3.1736446591519054,1.6237251744498122,,,,,,
22,35.07112184648417,35.487117552334944,24.382716049382715,3.1736446591519054,1.8853998926462694,,,,,,
23,35.527375201288244,35.037573805689746,24.376006441223833,3.1736446591519054,1.8853998926462694,,,,,,
24,35.581052066559316,35.01073537305421,24.349168008588297,3.1736446591519054,1.8853998926462694,,,,,,
25,34.68196457326892,35.909822866344605,24.349168008588297,3.1736446591519054,1.8853998926462694,,,,,,
26,34.09822866344606,36.533816425120776,24.329039184111647,3.1535158346752548,1.8853998926462694,,,,,,
27,34.19887278582931,36.44659151905529,24.329039184111647,3.140096618357488,1.8853998926462694,,,,,,
28,32.48121309715513,35.63472893183038,23.242082662372518,5.434782608695652,3.207192699946323,,,,,,
29,32.63553408480945,35.507246376811594,23.21524422973698,5.434782608695652,3.207192699946323,,,,,,
30,31.4747718733226,35.37305421363392,19.04186795491143,10.903113258185721,3.207192699946323,,,,,,
31,31.353998926462694,35.49382716049383,19.04186795491143,10.903113258185721,3.207192699946323,,,,,,
32,31.36070853462158,35.487117552334944,19.04186795491143,10.903113258185721,3.207192699946323,,,,,,
33,31.61567364465915,35.198604401502955,18.99490069779925,10.903113258185721,3.2877079978529253,,,,,,
34,32.098765432098766,34.75577026301664,18.4447128287708,10.903113258185721,3.797638217928073,,,,,,
35,12.493290391841116,55.723295759527645,13.976113794954374,10.701825013419215,4.64975845410628,2.4557165861513686,,,,,
36,12.546967257112184,55.723295759527645,13.781535158346752,10.674986580783683,4.64975845410628,2.428878153515835,0.19457863660762212,,,,
37,12.439613526570048,55.14626945786366,14.110305958132045,10.587761674718196,4.64975845410628,2.8784219001610305,0.1878690284487386,,,,
38,12.614063338701019,53.254159957058505,14.056629092860977,10.21202361782072,5.562265163714439,2.6972624798711755,0.1878690284487386,1.415727321524423,,,
39,12.694578636607622,51.49624261943102,13.962694578636608,10.21202361782072,5.904455179817498,2.952227589908749,0.1878690284487386,2.589908749329039,,,
40,6.233225979602791,74.65780998389694,8.038110574342458,9.272678475577026,0.7581857219538379,,,1.0399892646269457,,,
41,6.407675791733762,74.28207192699946,8.038110574342458,9.219001610305957,1.0332796564680622,,,1.0198604401502953,,,
42,6.501610305958132,67.33762748255502,8.038110574342458,9.185453569511541,7.648953301127214,,,1.0198604401502953,0.2683843263553409,,
43,6.521739130434782,66.82098765432099,8.038110574342458,9.185453569511541,8.145464304884594,,,1.0198604401502953,0.2683843263553409,,
44,6.608964036500268,66.7337627482555,8.038110574342458,9.185453569511541,8.145464304884594,,,1.0198604401502953,0.2683843263553409,,
45,6.729736983360172,66.61969940955449,7.729468599033816,9.172034353193773,8.460815888352121,,,1.0198604401502953,0.2683843263553409,,
46,6.904186795491143,66.41841116478798,7.6623725174449815,9.125067096081589,8.313204508856682,0.2885131508319914,,1.0198604401502953,0.2683843263553409,,
47,6.340579710144928,66.3311862587225,13.258185721953838,4.49543746645196,7.997852925389157,0.2885131508319914,,1.0198604401502953,0.2683843263553409,,
48,6.561996779388084,66.30434782608695,13.063607085346217,4.30756843800322,7.944176060118089,0.2885131508319914,0.24154589371980675,1.0198604401502953,0.2683843263553409,,
49,6.790123456790123,64.21765968867417,11.486849168008588,4.30756843800322,9.789318303811058,1.8786902844873858,0.24154589371980675,1.0198604401502953,0.2683843263553409,,
50,6.984702093397746,63.781535158346756,11.3191089640365,4.300858829844337,10.057702630166398,1.7646269457863661,0.24154589371980675,1.2815351583467525,0.2683843263553409,,
51,7.018250134192163,60.48040794417606,11.3191089640365,4.300858829844337,13.325281803542673,1.7646269457863661,0.24154589371980675,1.2815351583467525,0.2683843263553409,,
52,6.206387546967257,52.844873859366615,11.258722490606548,4.2270531400966185,13.157541599570585,1.7310789049919484,0.24154589371980675,10.064412238325282,0.2683843263553409,,
53,6.179549114331723,52.73752012882448,11.16478797638218,4.468599033816425,13.157541599570585,1.7310789049919484,0.24154589371980675,10.050993022007514,0.2683843263553409,,
54,6.474771873322598,52.21417069243156,11.151368760064413,4.468599033816425,13.419216317767042,1.7310789049919484,0.24154589371980675,10.030864197530864,0.2683843263553409,,
55,6.239935587761675,50.50322061191626,11.60762211486849,4.40150295222759,14.579978529253891,2.737520128824477,0.24154589371980675,9.420289855072463,0.2683843263553409,,
56,6.488191089640365,50.22141706924316,10.21202361782072,4.461889425657541,13.305152979066023,4.30756843800322,0.06709608158883522,10.93666129898014,,,
57,6.488191089640365,49.51690821256039,10.21202361782072,4.777241009125067,12.983091787439614,5.032206119162641,0.06709608158883522,10.923242082662373,,,
58,6.535158346752549,48.80568974771873,10.21202361782072,4.777241009125067,12.600644122383253,6.4412238325281805,0.06709608158883522,10.560923242082662,,,
59,6.588835212023618,48.752012882447666,10.21202361782072,4.777241009125067,12.600644122383253,6.4412238325281805,0.06709608158883522,10.560923242082662,,,
60,7.387278582930757,48.651368760064415,9.675254965110037,3.9720880300590444,12.600644122383253,7.112184648416532,0.14761137949543746,10.453569511540525,,,
61,7.427536231884058,48.37627482555019,9.447128287707997,3.9720880300590444,13.103864734299517,7.085346215780999,0.14761137949543746,10.44015029522276,,,
62,7.333601717659689,48.51717659688674,9.447128287707997,3.9720880300590444,13.103864734299517,7.085346215780999,0.14761137949543746,10.393183038110575,,,
63,8.185721953837897,48.09447128287708,9.380032206119163,3.9720880300590444,13.003220611916264,7.085346215780999,0.14761137949543746,10.131508319914117,,,
64,8.682232957595277,47.88647342995169,9.27938808373591,3.9586688137412773,12.828770799785293,7.085346215780999,0.14761137949543746,10.131508319914117,,,
65,8.78287707997853,47.06119162640902,9.178743961352657,3.9586688137412773,13.654052603327965,7.085346215780999,0.14761137949543746,10.131508319914117,,,
66,8.863392377885132,46.524422973698336,9.158615136876007,4.17337627482555,11.600912506709609,9.400161030595813,0.14761137949543746,10.131508319914117,,,
67,7.924047235641439,45.04159957058508,15.566290928609769,1.5633387010198605,11.057434245840042,8.648684916800859,0.08722490606548577,10.111379495437467,,,
68,7.648953301127214,39.96913580246913,15.566290928609769,1.5633387010198605,7.461084272678476,6.575415995705851,0.08722490606548577,21.128556092324207,,,
69,8.454106280193237,39.56655931293612,15.566290928609769,1.5633387010198605,7.461084272678476,6.501610305958132,0.08722490606548577,20.799785292538918,,,
70,8.507783145464305,39.398819108964034,15.539452495974235,1.5365002683843263,7.628824476650563,6.501610305958132,0.08722490606548577,20.799785292538918,,,
71,8.836553945249598,38.51315083199141,15.505904455179817,1.5365002683843263,8.507783145464305,6.333870101986044,0.08722490606548577,20.679012345679013,,,
72,9.05126140633387,37.6610305958132,15.432098765432098,1.5365002683843263,9.27938808373591,6.333870101986044,0.08722490606548577,20.12211486849168,,0.49651100375738055,
73,9.232420826623725,37.47987117552335,11.862587224906065,6.5485775630703165,9.265968867418144,5.387815351583468,0.08722490606548577,19.639023081052066,,0.49651100375738055,
74,8.36688137412775,28.119967793880836,11.849168008588299,18.686258722490606,9.326355340848094,4.4753086419753085,0.08722490606548577,18.612453032742888,,0.47638217928073,
75,8.59500805152979,28.119967793880836,11.849168008588299,18.45813204508857,9.326355340848094,4.4753086419753085,0.08722490606548577,18.612453032742888,,0.47638217928073,
76,8.662104133118627,27.596618357487923,11.849168008588299,18.411164787976382,9.104938271604938,5.22007514761138,0.08722490606548577,18.270263016639827,,0.798443370907139,
77,8.400429414922169,25.228126677402038,10.00402576489533,18.149490069779926,11.761943102522812,7.300053676865271,0.08722490606548577,18.270263016639827,,0.798443370907139,
78,7.917337627482555,24.825550187869027,10.00402576489533,18.149490069779926,11.741814278046162,7.4141170155662905,0.08722490606548577,19.102254428341386,,0.7581857219538379,
79,8.071658615136876,24.825550187869027,10.00402576489533,18.14278046162104,11.741814278046162,7.387278582930757,0.08722490606548577,18.98148148148148,,0.7581857219538379,
80,8.038110574342458,20.169082125603865,9.916800858829845,26.281535158346752,10.312667740203972,7.092055823939882,0.08722490606548577,17.418142780461622,,0.6843800322061192,
81,8.447396672034353,19.900697799248523,9.916800858829845,26.241277509393452,10.285829307568438,7.078636607622115,0.08722490606548577,17.357756307031668,,0.6843800322061192,
82,8.655394524959743,19.880568974771872,9.903381642512077,26.06682769726248,10.285829307568438,7.078636607622115,0.08722490606548577,17.357756307031668,,0.6843800322061192,
83,8.655394524959743,19.880568974771872,9.842995169082126,25.785024154589372,10.225442834138486,7.199409554482019,0.08722490606548577,17.357756307031668,,0.6843800322061192,0.28180354267310787
84,8.152173913043478,20.497852925389157,9.339774557165862,25.55689747718733,10.225442834138486,6.66935050993022,0.322061191626409,18.270263016639827,,0.6843800322061192,0.28180354267310787
85,8.192431561996779,20.26972624798712,9.339774557165862,25.55018786902845,10.420021470746109,6.66935050993022,0.322061191626409,18.270263016639827,,0.6843800322061192,0.28180354267310787
86,8.467525496511003,20.135534084809446,9.25925925925926,25.389157273215243,10.420021470746109,6.66935050993022,0.4428341384863124,18.250134192163177,,0.6843800322061192,0.28180354267310787
87,8.55475040257649,19.826892109500804,9.232420826623725,25.335480407944175,10.359634997316157,8.32662372517445,0.4428341384863124,16.982018250134193,,0.6575415995705851,0.28180354267310787
88,8.413848631239935,19.176060118089104,8.789586688137414,25.684380032206118,10.02415458937198,7.561728395061729,0.4428341384863124,18.968062265163713,,0.6575415995705851,0.28180354267310787
89,8.031400966183575,19.07541599570585,7.494632313472893,25.261674718196456,10.077831454643048,7.004830917874396,0.4428341384863124,21.24932903918411,,0.6575415995705851,0.7045088566827697
90,8.185721953837897,18.344068706387546,7.494632313472893,25.214707461084274,9.842995169082126,6.971282877079979,1.751207729468599,20.833333333333332,,0.6575415995705851,0.7045088566827697
91,8.28636607622115,18.344068706387546,7.447665056360709,25.201288244766506,9.836285560923242,6.964573268921095,1.737788513150832,20.819914117015568,,0.6575415995705851,0.7045088566827697
92,8.32662372517445,18.33064949006978,7.434245840042942,25.201288244766506,9.836285560923242,6.964573268921095,1.737788513150832,20.8064949006978,,0.6575415995705851,0.7045088566827697
93,8.28636607622115,17.102791196994094,7.4208266237251745,27.34165324745035,9.534353193773484,6.937734836285561,1.737788513150832,20.42404723564144,,0.6575415995705851,0.5568974771873323
94,8.447396672034353,17.102791196994094,7.4208266237251745,27.294685990338163,9.514224369296834,6.937734836285561,1.737788513150832,20.33011272141707,,0.6575415995705851,0.5568974771873323
95,8.440687063875469,15.98899624261943,6.085614600107354,27.234299516908212,8.682232957595277,10.802469135802468,1.6975308641975309,19.85373054213634,,0.6575415995705851,0.5568974771873323
96,8.923778851315083,15.955448201825014,6.085614600107354,26.99946323134729,8.467525496511003,10.802469135802468,1.6975308641975309,19.85373054213634,,0.6575415995705851,0.5568974771873323
97,8.917069243156199,15.170424047235642,7.058507783145465,26.38888888888889,8.340042941492216,12.204777241009126,1.6975308641975309,19.008319914117017,,0.6575415995705851,0.5568974771873323
98,9.23913043478261,15.11003757380569,6.937734836285561,26.221148684916802,8.507783145464305,12.077294685990339,1.6975308641975309,18.99490069779925,,0.6575415995705851,0.5568974771873323
99,9.406870638754697,15.002683843263553,6.937734836285561,26.207729468599034,8.507783145464305,12.077294685990339,1.6975308641975309,18.947933440687063,,0.6575415995705851,0.5568974771873323
100,9.789318303811058,14.942297369833602,6.937734836285561,25.617283950617285,8.467525496511003,12.077294685990339,1.6975308641975309,18.9345142243693,,0.644122383252818,0.8923778851315083
101,9.594739667203436,14.861782071927,6.937734836285561,25.999731615673646,8.467525496511003,12.077294685990339,1.6975308641975309,18.65271068169619,,0.644122383252818,1.06682769726248
102,9.66183574879227,14.841653247450349,6.387546967257112,25.999731615673646,8.460815888352121,9.950348899624261,1.6975308641975309,21.289586688137412,,0.644122383252818,1.06682769726248
103,9.903381642512077,14.781266774020397,6.374127750939345,25.986312399355878,8.420558239398819,9.950348899624261,1.6841116478797638,21.18894256575416,,0.644122383252818,1.06682769726248
104,9.943639291465379,14.761137949543746,6.374127750939345,25.986312399355878,8.420558239398819,9.936929683306495,1.6841116478797638,21.182232957595275,,0.644122383252818,1.06682769726248
105,9.997316156736447,14.761137949543746,6.360708534621578,25.959473966720342,8.420558239398819,9.923510466988727,1.6841116478797638,21.182232957595275,,0.644122383252818,1.06682769726248
106,8.319914117015566,10.7085346215781,24.134460547504027,25.107353730542137,7.803274288781535,4.9651100375738055,1.6505636070853462,15.599838969404187,,0.644122383252818,1.06682769726248
107,8.407139023081053,10.7085346215781,24.134460547504027,25.067096081588836,7.803274288781535,4.9651100375738055,1.6505636070853462,15.58641975308642,,0.644122383252818,1.0332796564680622
108,8.76274825550188,10.7085346215781,23.96672034353194,24.97987117552335,7.803274288781535,4.9651100375738055,1.6505636070853462,15.49248523886205,,0.644122383252818,1.0265700483091786
109,9.078099838969404,10.654857756307031,23.96672034353194,24.872517444981213,7.803274288781535,4.9651100375738055,1.6505636070853462,15.33816425120773,,0.644122383252818,1.0265700483091786
110,9.192163177670425,10.641438539989265,23.939881910896403,24.825550187869027,7.7898550724637685,4.951690821256038,1.6505636070853462,15.33816425120773,,0.644122383252818,1.0265700483091786
111,9.380032206119163,10.641438539989265,23.906333870101985,23.872785829307567,7.7898550724637685,4.951690821256038,1.6103059581320451,15.304616210413311,,0.6239935587761675,1.9189479334406871
112,8.051529790660226,8.152173913043478,23.899624261943103,35.68840579710145,6.387546967257112,4.938271604938271,0.5568974771873323,11.714975845410628,,0.33548040794417605,0.27509393451422437
113,8.158883521202362,7.615405260332796,23.832528180354267,33.78958668813741,6.91760601180891,6.910896403650026,0.5501878690284487,11.614331723027375,,0.33548040794417605,0.27509393451422437
114,8.266237251744498,7.608695652173913,23.772141706924316,33.78958668813741,6.91760601180891,6.884057971014493,0.5501878690284487,11.600912506709609,,0.33548040794417605,0.27509393451422437
115,8.588298443370908,7.608695652173913,23.51046698872786,32.588566827697264,8.105206655931294,6.863929146537842,0.5501878690284487,11.574074074074074,,0.33548040794417605,0.27509393451422437
116,8.125335480407944,7.5348899624261945,19.900697799248523,39.2512077294686,8.05823939881911,6.749865807836822,0.5501878690284487,9.219001610305957,,0.33548040794417605,0.27509393451422437
117,8.28636607622115,7.5348899624261945,19.860440150295222,39.22436929683307,7.977724100912507,6.749865807836822,0.5367686527106817,9.219001610305957,,0.33548040794417605,0.27509393451422437
118,8.440687063875469,7.521470746108427,19.64573268921095,39.03650026838432,8.272946859903382,6.608964036500268,0.5367686527106817,9.219001610305957,,0.33548040794417605,0.3824476650563607
119,8.662104133118627,7.514761137949543,19.558507783145465,39.03650026838432,8.272946859903382,6.5552871712292005,0.5367686527106817,9.145195920558239,,0.33548040794417605,0.3824476650563607
120,9.145195920558239,7.514761137949543,19.558507783145465,38.75469672571122,8.272946859903382,6.5552871712292005,0.5367686527106817,8.957326892109501,,0.322061191626409,0.3824476650563607
121,9.306226516371444,7.501341921631776,19.49141170155663,38.707729468599034,8.272946859903382,6.5552871712292005,0.5367686527106817,8.923778851315083,,0.322061191626409,0.3824476650563607
122,9.514224369296834,7.474503488996243,19.49141170155663,38.64734299516908,8.272946859903382,6.541867954911433,0.5367686527106817,8.816425120772946,,0.322061191626409,0.3824476650563607
123,9.380032206119163,7.474503488996243,19.47799248523886,38.60708534621578,8.82313472893183,6.528448738593666,0.5367686527106817,8.467525496511003,,0.322061191626409,0.3824476650563607
124,9.71551261406334,7.461084272678476,18.99490069779925,38.13070316693505,8.82313472893183,6.515029522275899,0.8454106280193237,8.467525496511003,,0.322061191626409,0.7246376811594203
125,10.02415458937198,7.461084272678476,18.894256575415994,37.97638217928073,8.82313472893183,6.468062265163715,0.8454106280193237,8.460815888352121,,0.322061191626409,0.7246376811594203
126,10.34621578099839,7.447665056360709,18.63929146537842,37.94283413848631,8.82313472893183,6.447933440687064,0.8454106280193237,8.460815888352121,,0.322061191626409,0.7246376811594203
127,10.420021470746109,7.447665056360709,18.63929146537842,37.88244766505636,8.82313472893183,6.253354804079442,0.8454106280193237,8.460815888352121,,0.322061191626409,0.9057971014492754
128,10.809178743961352,7.447665056360709,23.91304347826087,32.49463231347289,8.82313472893183,6.105743424584004,1.107085346215781,8.165593129361245,,0.322061191626409,0.8118625872249061
129,10.856146001073537,7.447665056360709,23.91304347826087,32.35373054213634,8.796296296296296,6.105743424584004,1.3955984970477724,8.05823939881911,,0.322061191626409,0.7514761137949544
130,10.976918947933441,7.447665056360709,23.839237788513152,32.31347289318304,8.796296296296296,6.105743424584004,1.3888888888888888,8.05823939881911,,0.322061191626409,0.7514761137949544
131,11.11111111111111,7.407407407407407,23.8191089640365,32.27321524422974,8.796296296296296,6.105743424584004,1.3888888888888888,8.024691358024691,,0.322061191626409,0.7514761137949544
132,11.305689747718732,7.407407407407407,23.72517444981213,32.23966720343532,8.749329039184111,6.105743424584004,1.3888888888888888,8.004562533548041,,0.322061191626409,0.7514761137949544
133,11.151368760064413,7.313472893183038,23.15485775630703,32.018250134192165,8.749329039184111,6.105743424584004,1.3888888888888888,9.044551798174986,,0.322061191626409,0.7514761137949544
134,11.252012882447666,7.300053676865271,23.15485775630703,31.984702093397747,8.749329039184111,6.099033816425121,1.3888888888888888,8.997584541062801,,0.322061191626409,0.7514761137949544
135,11.3191089640365,7.300053676865271,23.1280193236715,31.320450885668276,8.259527643585615,6.595544820182502,1.3888888888888888,8.984165324745035,,0.322061191626409,1.3821792807300053
136,11.446591519055287,7.2933440687063875,23.10789049919485,31.266774020397207,8.259527643585615,6.575415995705851,1.3888888888888888,8.957326892109501,,0.322061191626409,1.3821792807300053
137,11.574074074074074,7.199409554482019,23.10789049919485,30.669618894256576,8.259527643585615,6.575415995705851,1.9524959742351047,8.957326892109501,,0.322061191626409,1.3821792807300053
138,11.345947396672035,7.1658615136876005,20.86688137412775,32.96430488459474,8.259527643585615,6.568706387546968,2.2611379495437465,8.863392377885132,,0.322061191626409,1.3821792807300053
139,11.225174449812132,7.152442297369833,20.50456253354804,32.950885668276975,8.454106280193237,6.561996779388084,2.2611379495437465,8.460815888352121,,0.322061191626409,2.1068169618894257
140,11.312399355877616,7.105475040257649,20.142243692968332,32.709339774557165,8.454106280193237,6.561996779388084,2.589908749329039,8.460815888352121,,0.322061191626409,2.341653247450349
141,11.52710681696189,7.105475040257649,20.055018786902846,32.59527643585615,8.440687063875469,6.561996779388084,2.589908749329039,8.460815888352121,,0.322061191626409,2.341653247450349
142,11.453301127214171,6.89747718733226,19.92753623188406,34.574610842726784,6.877348362855609,6.561996779388084,2.4020397208803006,8.641975308641975,,0.322061191626409,2.341653247450349
143,11.580783682232958,6.890767579173376,19.87385936661299,34.514224369296834,6.877348362855609,6.561996779388084,2.4020397208803006,8.635265700483092,,0.322061191626409,2.341653247450349
144,11.721685453569512,6.890767579173376,19.87385936661299,34.38674181427805,6.877348362855609,6.561996779388084,2.4020397208803006,8.621846484165324,,0.322061191626409,2.341653247450349
145,12.218196457326892,6.816961889425658,19.652442297369834,34.326355340848096,6.830381105743425,6.561996779388084,2.3752012882447664,8.581588835212024,,0.322061191626409,2.314814814814815
146,12.661030595813205,6.790123456790123,19.639023081052066,34.15861513687601,6.709608158883521,6.561996779388084,2.3752012882447664,8.467525496511003,,0.322061191626409,2.314814814814815
147,12.909286097691895,6.790123456790123,19.444444444444443,34.14519592055824,6.709608158883521,6.5552871712292005,2.368491680085883,8.440687063875469,,0.322061191626409,2.314814814814815
148,12.493290391841116,6.367418142780462,19.390767579173378,34.98389694041868,7.326892109500805,6.327160493827161,2.368491680085883,8.387010198604402,,0.322061191626409,2.033011272141707
149,12.99651100375738,6.233225979602791,19.350509930220074,34.97047772410091,7.320182501341922,6.125872249060655,2.368491680085883,8.333333333333334,,0.322061191626409,1.9793344068706387
150,13.157541599570585,6.233225979602791,19.350509930220074,34.80944712828771,7.320182501341922,6.125872249060655,2.368491680085883,8.333333333333334,,0.322061191626409,1.9793344068706387
151,13.378958668813741,6.233225979602791,19.182769726247987,35.607890499194845,7.320182501341922,6.125872249060655,2.2342995169082127,7.615405260332796,,0.322061191626409,1.9793344068706387
152,13.43263553408481,6.233225979602791,19.182769726247987,35.55421363392378,7.320182501341922,6.125872249060655,2.2342995169082127,7.615405260332796,,0.322061191626409,1.9793344068706387
153,13.47289318303811,6.166129898013956,19.43102522812668,34.66854535695116,7.320182501341922,6.125872249060655,2.2342995169082127,7.615405260332796,,0.322061191626409,2.6435856146001075
154,13.553408480944713,6.166129898013956,19.43102522812668,34.614868491680085,7.2933440687063875,6.125872249060655,2.2342995169082127,7.615405260332796,,0.322061191626409,2.6435856146001075
155,13.895598497047773,5.783682232957595,19.43102522812668,33.77616747181965,7.2933440687063875,6.374127750939345,2.9052603327965647,7.575147611379496,,0.322061191626409,2.6435856146001075
156,13.94927536231884,5.783682232957595,19.43102522812668,33.722490606548575,7.2933440687063875,6.374127750939345,2.9052603327965647,7.575147611379496,,0.322061191626409,2.6435856146001075
157,13.654052603327965,5.776972624798712,19.41760601180891,34.594739667203434,7.286634460547504,6.374127750939345,2.8515834675254963,7.575147611379496,,0.322061191626409,2.147074610842727
158,13.707729468599034,5.770263016639828,19.39747718733226,34.58132045088567,7.286634460547504,6.374127750939345,2.8515834675254963,7.561728395061729,,0.322061191626409,2.147074610842727
159,13.774825550187868,5.71658615136876,19.35721953837896,33.84997316156736,7.212828770799785,6.273483628556092,3.784219001610306,7.561728395061729,,0.322061191626409,2.147074610842727
160,14.029790660225443,5.609232420826624,19.330381105743424,32.87707997852925,7.152442297369833,6.273483628556092,3.784219001610306,7.561728395061729,,0.322061191626409,3.0595813204508855
161,13.996242619431026,5.609232420826624,19.310252281266774,32.07192699946323,8.447396672034353,5.837359098228664,3.784219001610306,7.561728395061729,,0.322061191626409,3.0595813204508855
162,14.049919484702093,5.609232420826624,18.793612453032743,31.93773483628556,9.111647879763822,5.810520665593129,3.784219001610306,7.541599570585078,,0.30193236714975846,3.0595813204508855
163,14.110305958132045,5.609232420826624,18.766774020397207,31.910896403650028,9.104938271604938,5.810520665593129,3.784219001610306,7.541599570585078,,0.30193236714975846,3.0595813204508855
164,14.17740203972088,5.535426731078905,18.766774020397207,31.89747718733226,9.064680622651638,4.569243156199678,3.730542136339238,8.896940418679549,,0.30193236714975846,3.0595813204508855
165,14.049919484702093,5.421363392377885,18.61916264090177,32.085346215781,9.064680622651638,4.817498658078368,3.730542136339238,8.849973161567364,,0.30193236714975846,3.0595813204508855
166,13.996242619431026,5.421363392377885,17.364465915190554,32.085346215781,9.064680622651638,4.790660225442834,5.065754159957058,8.849973161567364,,0.30193236714975846,3.0595813204508855
167,14.338432635534085,5.320719269994632,17.351046698872786,30.683038110574344,10.084541062801932,4.790660225442834,5.065754159957058,8.849973161567364,,0.30193236714975846,3.2139023081052067
168,14.640365002683843,5.320719269994632,17.24369296833065,30.555555555555557,10.084541062801932,4.790660225442834,4.998658078368224,8.849973161567364,,0.30193236714975846,3.2139023081052067
169,14.955716586151368,5.320719269994632,17.24369296833065,30.42807300053677,9.903381642512077,4.783950617283951,4.998658078368224,8.849973161567364,,0.30193236714975846,3.2139023081052067
170,14.97584541062802,5.314009661835748,17.196725711218466,30.26033279656468,9.903381642512077,5.0791733762748255,4.998658078368224,8.78287707997853,,0.30193236714975846,3.1870638754696725
171,14.80810520665593,5.314009661835748,21.061460010735374,26.838432635534083,9.688674181427805,5.0791733762748255,4.978529253891573,8.742619431025227,,0.30193236714975846,3.1870638754696725
172,14.942297369833602,5.293880837359098,21.175523349436393,26.38888888888889,9.621578099838969,5.018786902844874,5.421363392377885,8.648684916800859,,0.30193236714975846,3.1870638754696725
173,14.53972088030059,5.293880837359098,21.162104133118625,26.08695652173913,9.621578099838969,5.018786902844874,5.891035963499732,8.896940418679549,,0.30193236714975846,3.1870638754696725
174,14.626945786366075,5.280461621041331,21.162104133118625,26.08695652173913,9.594739667203436,5.018786902844874,5.891035963499732,8.876811594202898,,0.30193236714975846,3.1602254428341383
175,14.533011272141707,5.199946323134729,21.027911969940956,26.073537305421365,9.916800858829845,5.018786902844874,5.891035963499732,8.876811594202898,,0.30193236714975846,3.1602254428341383
176,14.875201288244767,5.199946323134729,20.363660762211488,25.697799248523886,9.916800858829845,5.018786902844874,5.2066559312936125,10.017444981213098,,0.30193236714975846,3.4017713365539453
177,14.928878153515834,5.199946323134729,20.363660762211488,25.55689747718733,9.916800858829845,5.018786902844874,4.944981213097155,10.379763821792807,,0.30193236714975846,3.388352120236178
178,15.076489533011273,5.199946323134729,20.363660762211488,25.44283413848631,9.916800858829845,4.985238862050457,4.944981213097155,10.379763821792807,,0.30193236714975846,3.388352120236178
179,15.311325818572195,5.139559849704777,20.336822329575952,25.409286097691894,9.829575952764358,4.958400429414922,4.944981213097155,10.379763821792807,,0.30193236714975846,3.388352120236178
180,15.713902308105206,5.112721417069243,20.061728395061728,25.335480407944175,10.131508319914117,4.911433172302737,4.944981213097155,10.36634460547504,,0.30193236714975846,3.1199677938808374
181,16.384863123993558,5.112721417069243,19.55179817498658,25.10064412238325,10.131508319914117,4.871175523349437,5.2066559312936125,10.218733225979603,,0.30193236714975846,3.1199677938808374
182,16.525764895330113,5.10601180891036,19.55179817498658,25.05367686527107,10.124798711755233,4.804079441760601,5.193236714975845,10.218733225979603,,0.30193236714975846,3.1199677938808374
183,16.794149221685455,5.025496511003757,19.464573268921097,24.765163714439076,10.124798711755233,4.783950617283951,5.166398282340311,10.218733225979603,,0.30193236714975846,3.3548040794417604
184,16.847826086956523,5.025496511003757,19.464573268921097,24.758454106280194,10.124798711755233,4.783950617283951,5.119431025228127,10.218733225979603,,0.30193236714975846,3.3548040794417604
185,14.318303811057435,2.9589371980676327,19.26328502415459,35.88298443370907,7.447665056360709,3.374932903918411,5.307300053676865,8.474235104669887,,0.30193236714975846,2.6704240472356413
186,14.345142243692969,2.9589371980676327,19.26328502415459,35.88298443370907,7.4208266237251745,3.374932903918411,5.307300053676865,8.474235104669887,,0.30193236714975846,2.6704240472356413
187,14.351851851851851,2.9589371980676327,19.26328502415459,36.75523349436393,6.541867954911433,3.374932903918411,5.307300053676865,8.474235104669887,,0.30193236714975846,2.6704240472356413
188,14.74771873322598,2.9589371980676327,19.202898550724637,36.66129898013956,6.501610305958132,3.3480944712828773,5.213365539452496,8.393719806763285,,0.30193236714975846,2.6704240472356413
189,14.318303811057435,2.9589371980676327,18.243424584004295,38.81508319914117,6.407675791733762,3.140096618357488,5.065754159957058,8.07836822329576,,0.30193236714975846,2.6704240472356413
190,14.546430488459475,2.9589371980676327,18.243424584004295,38.7211486849168,6.273483628556092,3.140096618357488,5.065754159957058,8.07836822329576,,0.30193236714975846,2.6704240472356413
191,14.606816961889425,2.9589371980676327,18.243424584004295,38.66076221148685,6.273483628556092,3.140096618357488,5.065754159957058,8.07836822329576,,0.30193236714975846,2.6704240472356413
192,14.908749329039184,2.9052603327965647,18.149490069779926,38.36553945249597,6.159420289855072,3.140096618357488,5.347557702630167,8.051529790660226,,0.30193236714975846,2.6704240472356413
193,14.942297369833602,2.9052603327965647,18.149490069779926,38.33199141170156,6.159420289855072,3.140096618357488,5.347557702630167,8.051529790660226,,0.30193236714975846,2.6704240472356413
194,14.989264626945786,2.9052603327965647,18.149490069779926,38.21121846484165,6.159420289855072,3.113258185721954,5.340848094471283,8.28636607622115,,0.30193236714975846,2.5429414922168547
195,14.915458937198068,2.898550724637681,17.028985507246375,37.64090177133655,6.293612453032743,5.065754159957058,5.414653784219001,7.682501341921632,,0.20799785292538917,2.8515834675254963
196,15.271068169618895,2.898550724637681,17.028985507246375,37.453032742887814,6.280193236714976,5.032206119162641,5.293880837359098,7.682501341921632,,0.20799785292538917,2.8515834675254963
197,15.096618357487923,2.8918411164787976,17.028985507246375,37.39264626945786,6.266774020397209,5.032206119162641,5.287171229200215,7.944176060118089,,0.20799785292538917,2.8515834675254963
198,15.318035426731079,2.844873859366613,17.028985507246375,36.70155662909286,6.105743424584004,5.730005367686527,5.287171229200215,7.944176060118089,,0.20799785292538917,2.831454643048846
199,15.385131508319914,2.844873859366613,16.51905528717123,36.3996242619431,6.011808910359635,5.730005367686527,5.280461621041331,8.789586688137414,,0.20799785292538917,2.831454643048846
200,15.559581320450885,2.844873859366613,16.472088030059044,36.3191089640365,5.978260869565218,5.730005367686527,5.280461621041331,8.776167471819646,,0.20799785292538917,2.831454643048846
201,14.828234031132581,2.6435856146001075,16.472088030059044,34.23242082662372,5.669618894256575,5.522007514761138,4.804079441760601,12.734836285560924,,0.20799785292538917,2.885131508319914
202,14.841653247450349,2.6301663982823404,16.445249597423512,33.353462157809986,6.696188942565755,5.475040257648954,4.770531400966184,12.694578636607622,,0.20799785292538917,2.885131508319914
203,14.969135802469136,2.6301663982823404,16.418411164787976,33.06494900697799,6.696188942565755,5.475040257648954,4.770531400966184,12.694578636607622,,0.20799785292538917,3.0730005367686526
204,14.875201288244767,2.5831991411701556,15.747450348899624,32.46108427267848,7.192699946323135,5.475040257648954,4.703435319377348,13.6808910359635,,0.20799785292538917,3.0730005367686526
205,15.08990874932904,2.563070316693505,15.687063875469672,32.400697799248526,7.152442297369833,5.46833064949007,4.690016103059581,13.667471819645733,,0.20799785292538917,3.0730005367686526
206,15.58641975308642,2.563070316693505,15.660225442834138,32.27992485238862,7.152442297369833,5.46833064949007,4.676596886741814,13.331991411701557,,0.20799785292538917,3.0730005367686526
207,15.458937198067632,2.3752012882447664,15.633387010198604,31.635802469135804,9.091519055287172,5.46833064949007,4.663177670424047,12.647611379495437,,0.20799785292538917,2.818035426731079
208,15.499194847020934,2.3617820719269993,15.626677402039721,31.61567364465915,9.091519055287172,5.46833064949007,4.663177670424047,12.647611379495437,,0.20799785292538917,2.818035426731079
209,15.848094471282877,2.3617820719269993,15.573000536768653,31.45464304884595,9.158615136876007,5.267042404723564,4.663177670424047,12.647611379495437,,0.20799785292538917,2.818035426731079
210,15.895061728395062,2.3617820719269993,15.573000536768653,31.44122383252818,9.158615136876007,5.267042404723564,4.663177670424047,12.614063338701019,,0.20799785292538917,2.818035426731079
211,15.646806226516372,2.006172839506173,15.539452495974235,31.13929146537842,9.057971014492754,7.1725711218464845,3.9989264626945786,12.412775093934513,,0.20799785292538917,2.818035426731079
212,15.673644659151906,2.006172839506173,15.539452495974235,31.11916264090177,9.057971014492754,7.1725711218464845,3.992216854535695,12.412775093934513,,0.20799785292538917,2.818035426731079
213,15.814546430488459,1.9860440150295222,15.53274288781535,31.085614600107355,8.997584541062801,7.1725711218464845,3.992216854535695,12.392646269457863,,0.20799785292538917,2.818035426731079
214,15.901771336553946,1.9860440150295222,15.519323671497585,31.05877616747182,8.997584541062801,7.1725711218464845,3.992216854535695,12.345679012345679,,0.20799785292538917,2.818035426731079
215,16.022544283413847,1.9860440150295222,15.438808373590982,31.05877616747182,8.997584541062801,7.1725711218464845,3.992216854535695,12.305421363392378,,0.20799785292538917,2.818035426731079
216,16.002415458937197,1.9860440150295222,15.391841116478798,30.97826086956522,9.205582393988191,7.1725711218464845,3.992216854535695,12.258454106280194,,0.20799785292538917,2.804616210413312
217,16.10305958132045,1.9860440150295222,15.371712292002147,30.9447128287708,9.205582393988191,7.1725711218464845,3.992216854535695,12.211486849168008,,0.20799785292538917,2.804616210413312
218,16.190284487385938,1.9860440150295222,15.371712292002147,30.88432635534085,9.205582393988191,7.1725711218464845,3.965378421900161,12.211486849168008,,0.20799785292538917,2.804616210413312
219,16.411701556629094,1.9860440150295222,14.942297369833602,30.64278046162104,9.017713365539452,8.158883521202362,3.643317230273752,12.184648416532475,,0.20799785292538917,2.804616210413312
220,16.72705314009662,1.9860440150295222,14.855072463768115,30.64278046162104,8.950617283950617,8.158883521202362,3.643317230273752,12.02361782071927,,0.20799785292538917,2.804616210413312
221,16.935050993022006,1.9793344068706387,14.533011272141707,30.421363392377884,8.185721953837897,9.326355340848094,3.643317230273752,11.963231347289318,,0.20799785292538917,2.804616210413312
222,16.800858829844337,1.9659151905528718,14.351851851851851,31.092324208266238,8.185721953837897,8.883521202361782,3.8580246913580245,11.849168008588299,,0.20799785292538917,2.804616210413312
223,16.928341384863124,1.9457863660762211,13.654052603327965,30.891035963499732,8.185721953837897,9.574610842726784,3.8580246913580245,11.849168008588299,,0.322061191626409,2.791196994095545
224,16.606280193236714,1.6170155662909287,13.654052603327965,30.864197530864196,8.165593129361245,9.447128287707997,3.8580246913580245,12.674449812130971,,0.322061191626409,2.791196994095545
225,16.82769726247987,1.6170155662909287,13.620504562533547,30.139559849704778,8.051529790660226,9.333064949006978,3.8580246913580245,12.674449812130971,,0.322061191626409,3.556092324208266
226,17.163177670424048,1.6170155662909287,13.539989264626946,29.73027375201288,8.373590982286634,9.16532474503489,3.8580246913580245,12.674449812130971,,0.322061191626409,3.556092324208266
227,17.08937198067633,1.6170155662909287,13.385668276972625,29.73027375201288,8.628556092324208,9.145195920558239,3.8580246913580245,12.667740203972087,,0.322061191626409,3.556092324208266
228,17.183306494900698,1.6170155662909287,13.352120236178207,28.85131508319914,8.59500805152979,10.379763821792807,3.8378958668813743,12.614063338701019,,0.322061191626409,3.2474503488996245
229,17.60601180891036,1.6170155662909287,13.318572195383789,28.844605475040257,8.55475040257649,10.057702630166398,3.8378958668813743,12.593934514224369,,0.322061191626409,3.2474503488996245
230,17.579173376274827,1.2546967257112185,12.915995705850777,28.435319377348364,7.937466451959206,9.977187332259795,3.743961352657005,14.586688137412775,,0.322061191626409,3.2474503488996245
231,17.673107890499196,1.2546967257112185,12.882447665056361,28.23403113258186,8.172302737520129,9.977187332259795,3.743961352657005,14.55984970477724,,0.2549651100375738,3.2474503488996245
232,17.921363392377884,1.2546967257112185,12.882447665056361,28.18035426731079,8.172302737520129,9.977187332259795,3.743961352657005,14.479334406870638,,0.2549651100375738,3.1333870101986045
233,16.908212560386474,1.2546967257112185,11.419753086419753,29.408212560386474,7.9106280193236715,11.218464841653248,4.012345679012346,14.479334406870638,,0.2549651100375738,3.1333870101986045
234,17.082662372517444,1.2546967257112185,11.419753086419753,29.26731078904992,7.843531937734836,11.285560923242082,4.012345679012346,14.459205582393988,,0.2549651100375738,3.1199677938808374
235,17.122920021470748,1.2546967257112185,11.252012882447666,29.25389157273215,7.977724100912507,11.225174449812132,3.9720880300590444,14.566559312936125,,0.2549651100375738,3.1199677938808374
