,45,50,51,55,54,52,53,56,57,58
0,89.170692431562,10.829307568438002,,,,,,,,
1,88.90230810520666,11.097691894793345,,,,,,,,
2,83.48094471282877,11.312399355877616,5.2066559312936125,,,,,,,
3,70.33011272141707,24.516908212560388,5.152979066022544,,,,,,,
4,70.78636607622114,24.10091250670961,5.112721417069243,,,,,,,
5,68.46484165324745,26.33521202361782,5.112721417069243,0.08722490606548577,,,,,,
6,65.1905528717123,29.60950080515298,5.025496511003757,0.08722490606548577,0.08722490606548577,,,,,
7,63.0300590445518,30.891035963499732,4.99194847020934,0.08722490606548577,0.36231884057971014,0.6374127750939346,,,,
8,61.560654857756305,32.380568974771876,4.9718196457326895,0.08722490606548577,0.36231884057971014,0.6374127750939346,,,,
9,53.01932367149758,33.08507783145464,12.835480407944177,0.08722490606548577,0.36231884057971014,0.6105743424584005,,,,
10,48.20182501341922,38.12399355877617,12.614063338701019,0.08722490606548577,0.36231884057971014,0.6105743424584005,,,,
11,47.71202361782072,37.23161567364466,9.205582393988191,0.08722490606548577,0.20799785292538917,3.670155662909286,0.3421900161030596,1.5432098765432098,,
12,48.16156736446592,36.842458400429415,9.044551798174986,0.08722490606548577,0.32877079978529256,3.6500268384326353,0.3421900161030596,1.5432098765432098,,
13,46.69216317767042,34.97047772410091,12.721417069243156,,0.12077294685990338,3.6366076221148687,0.3421900161030596,1.5163714439076759,,
14,44.42431561996779,34.534353193773484,15.485775630703166,0.11406333870101985,0.12077294685990338,3.5829307568438002,0.3421900161030596,1.3955984970477724,,
15,38.097155126140635,28.31454643048846,27.865002683843265,0.11406333870101985,0.12077294685990338,3.784219001610306,0.30864197530864196,1.3955984970477724,,
16,36.15807836822329,24.00697799248524,35.46698872785829,0.11406333870101985,,2.1739130434782608,2.006172839506173,0.07380568974771873,,
17,36.05743424584004,28.482286634460547,30.95813204508857,0.11406333870101985,,2.3081052066559313,2.006172839506173,0.07380568974771873,,
18,35.829307568438004,27.831454643048847,31.260064412238325,0.11406333870101985,0.7783145464304885,2.1068169618894257,2.006172839506173,0.07380568974771873,,
19,34.50751476113795,27.30810520665593,32.8972088030059,0.11406333870101985,0.7783145464304885,2.0128824476650564,2.0933977455716586,0.2885131508319914,,
20,34.38674181427805,27.126945786366075,32.05179817498658,1.4090177133655395,0.7514761137949544,1.9524959742351047,2.033011272141707,0.2885131508319914,,
21,33.70907139023081,23.262211486849168,31.890767579173378,1.3955984970477724,0.7514761137949544,8.608427267847558,0.0939345142243693,0.2885131508319914,,
22,33.051529790660226,22.490606548577563,28.18035426731079,3.9519592055823938,0.6977992485238862,11.245303274288782,0.0939345142243693,0.2885131508319914,,
23,33.313204508856685,22.33628556092324,28.14009661835749,3.9318303811057436,0.6910896403650026,11.20504562533548,0.0939345142243693,0.2885131508319914,,
24,33.3467525496511,21.900161030595815,25.5300590445518,3.7104133118625873,0.6910896403650026,14.512882447665056,0.0939345142243693,0.2147074610842727,,
25,33.823134728931834,21.806226516371442,24.859098228663445,3.770799785292539,1.1406333870101986,14.2914653784219,0.0939345142243693,0.2147074610842727,,
26,34.312936124530324,19.665861513687602,24.644390767579175,3.7640901771336552,1.1272141706924315,16.17686527106817,0.0939345142243693,0.2147074610842727,,
27,35.01073537305421,19.51825013419216,24.000268384326354,3.7037037037037037,1.442565754159957,15.881642512077295,0.0939345142243693,0.3488996242619431,,
28,34.76918947933441,19.55179817498658,22.926731078904993,2.5831991411701556,1.133923778851315,18.491680085882983,0.0939345142243693,0.33548040794417605,0.11406333870101985,
29,35.225442834138484,19.370638754696724,26.952495974235106,2.5496511003757383,0.798443370907139,14.714170692431562,0.0939345142243693,0.2952227589908749,,
30,35.849436392914654,19.16935050993022,26.710950080515296,2.5496511003757383,0.798443370907139,14.533011272141707,0.0939345142243693,0.2952227589908749,,
31,33.06494900697799,22.08132045088567,24.90606548577563,1.6572732152442298,0.8990874932903918,16.150026838432634,0.9326355340848095,0.2683843263553409,0.040257648953301126,
32,33.65539452495974,22.14170692431562,24.530327428878152,1.6103059581320451,0.8990874932903918,15.935319377348362,0.9192163177670424,0.2683843263553409,0.040257648953301126,
33,34.272678475577024,21.926999463231347,24.228395061728396,1.7579173376274826,0.8856682769726248,15.217391304347826,0.9192163177670424,0.3824476650563607,0.4092860976918948,
34,33.863392377885134,21.182232957595275,18.55877616747182,1.7579173376274826,0.8722490606548577,22.21551261406334,0.9125067096081588,0.24825550187869028,0.38915727321524424,
35,33.23268921095008,20.719269994632313,19.994632313472895,1.865271068169619,1.2144390767579174,21.296296296296298,1.0399892646269457,0.24825550187869028,0.38915727321524424,
36,33.85668276972625,20.564949006977994,19.726247987117553,1.8518518518518519,1.2144390767579174,21.121846484165324,1.0399892646269457,0.23483628556092323,0.38915727321524424,
37,34.68867418142781,20.50456253354804,19.189479334406872,1.8115942028985508,1.1943102522812667,20.96081588835212,1.0265700483091786,0.23483628556092323,0.38915727321524424,
38,32.306763285024154,19.900697799248523,27.603327965646805,1.7981749865807837,1.1876006441223832,15.505904455179817,1.0265700483091786,0.20128824476650564,0.46967257112184646,
39,32.890499194847024,19.89398819108964,27.046430488459475,2.120236178207193,1.1876006441223832,15.163714439076758,1.0265700483091786,0.20128824476650564,0.46967257112184646,
40,27.596618357487923,31.052066559312937,26.663982823403114,2.120236178207193,0.9863123993558777,10.681696188942565,0.2281266774020397,0.20128824476650564,0.46967257112184646,
41,27.690552871712292,31.166129898013956,24.859098228663445,2.120236178207193,2.6838432635534084,10.581052066559312,0.2281266774020397,0.20128824476650564,0.46967257112184646,
42,27.079978529253893,31.93102522812668,24.65780998389694,2.120236178207193,2.791196994095545,10.520665593129362,0.2281266774020397,0.20128824476650564,0.46967257112184646,
43,27.28797638217928,31.696188942565755,24.56387546967257,2.1940418679549114,2.8918411164787976,10.466988727858293,0.2281266774020397,0.20128824476650564,0.46967257112184646,
44,27.77777777777778,31.528448738593667,24.329039184111647,2.187332259796028,2.844873859366613,10.34621578099839,0.2281266774020397,0.2885131508319914,0.46967257112184646,
45,28.20048309178744,31.05877616747182,24.060654857756308,2.3215244229736984,2.8381642512077296,10.265700483091788,0.2281266774020397,0.5568974771873323,0.46967257112184646,
46,28.69699409554482,30.441492216854535,23.8191089640365,2.4557165861513686,2.932098765432099,10.399892646269459,0.2281266774020397,0.5568974771873323,0.46967257112184646,
47,29.159957058507782,30.079173376274827,23.55072463768116,2.6838432635534084,2.8247450348899625,10.292538915727322,0.2281266774020397,0.7112184648416533,0.46967257112184646,
48,29.944981213097154,29.837627482555018,23.289049919484704,2.6704240472356413,2.8247450348899625,9.930220075147611,0.2281266774020397,0.8118625872249061,0.46296296296296297,
49,30.16639828234031,29.126409017713364,23.1682769726248,2.5831991411701556,3.5963499731615673,9.856414385399892,0.2281266774020397,0.8118625872249061,0.46296296296296297,
50,31.239935587761675,28.549382716049383,22.819377348362856,2.5563607085346214,3.549382716049383,9.809447128287708,0.2281266774020397,0.785024154589372,0.46296296296296297,
51,30.750134192163177,27.999194847020934,18.96135265700483,2.5563607085346214,2.8784219001610305,15.197262479871176,0.41599570585077833,0.9930220075147611,0.24825550187869028,
52,28.22061191626409,24.00697799248524,26.617015566290927,2.442297369833602,2.0531400966183573,14.9020397208803,0.5770263016639828,0.9326355340848095,0.24825550187869028,
53,27.643585614600106,22.73886205045625,26.31508319914117,2.2745571658615136,2.0128824476650564,17.28395061728395,0.5501878690284487,0.9326355340848095,0.24825550187869028,
54,28.31454643048846,22.591250670960815,26.08695652173913,2.2410091250670963,1.9524959742351047,17.12962962962963,0.5166398282340311,0.9192163177670424,0.24825550187869028,
55,28.64331723027375,22.477187332259795,25.369028448738593,2.1806226516371443,1.9256575415995705,16.478797638217927,1.7713365539452497,0.9192163177670424,0.23483628556092323,
56,29.01905528717123,22.228931830381107,25.046967257112186,2.4557165861513686,2.227589908749329,16.163446054750402,1.751207729468599,0.9125067096081588,0.19457863660762212,
57,29.09957058507783,21.980676328502415,23.879495437466453,2.509393451422437,2.227589908749329,17.49194847020934,1.7042404723564144,0.9125067096081588,0.19457863660762212,
58,26.643853998926463,27.42216854535695,23.58427267847558,2.475845410628019,1.8585614600107354,15.257648953301127,1.6505636070853462,0.9125067096081588,0.19457863660762212,
59,26.764626945786365,26.99946323134729,23.376274825550187,2.7979066022544283,2.3483628556092326,14.969135802469136,1.6438539989264627,0.9057971014492754,0.19457863660762212,
60,27.30139559849705,26.684111647879764,23.289049919484704,2.7979066022544283,2.3349436392914655,14.848362855609233,1.6438539989264627,0.9057971014492754,0.19457863660762212,
61,27.549651100375737,26.556629092860977,23.201825013419217,2.7844873859366612,2.227589908749329,14.700751476113794,1.8786902844873858,0.9057971014492754,0.19457863660762212,
62,27.17391304347826,25.85212023617821,24.651100375738057,2.9052603327965647,2.214170692431562,14.345142243692969,1.7847557702630166,0.8789586688137413,0.19457863660762212,
63,26.382179280730007,26.82501341921632,24.52361782071927,2.898550724637681,2.214170692431562,14.298174986580785,1.7847557702630166,0.8789586688137413,0.19457863660762212,
64,26.637144390767578,26.610305958132045,24.255233494363928,2.8918411164787976,2.2074610842726785,14.224369296833064,2.100107353730542,0.8789586688137413,0.19457863660762212,
65,26.321792807300053,26.455984970477726,23.403113258185723,3.0394524959742353,2.1940418679549114,15.5126140633387,2.100107353730542,0.8789586688137413,0.0939345142243693,
66,26.46940418679549,26.281535158346752,22.86634460547504,2.1068169618894257,2.187332259796028,16.525764895330113,2.073268921095008,1.1607622114868492,0.32877079978529256,
67,26.8317230273752,25.979602791196996,22.134997316156735,2.100107353730542,2.1604938271604937,17.250402576489535,2.0531400966183573,1.1607622114868492,0.32877079978529256,
68,27.34165324745035,25.751476113794954,21.73913043478261,2.100107353730542,2.1403650026838434,17.08937198067633,2.3550724637681157,1.1607622114868492,0.322061191626409,
69,26.25469672571122,21.846484165324746,30.173107890499196,1.9793344068706387,1.3217928073000538,13.982823403113258,2.2074610842726785,1.9256575415995705,0.30864197530864196,
70,26.86527106816962,21.598228663446054,29.602791196994094,1.9592055823939882,1.2077294685990339,14.110305958132045,2.15378421900161,2.1940418679549114,0.30864197530864196,
71,27.36849168008588,21.30300590445518,29.294149221685455,1.90552871712292,1.2077294685990339,14.002952227589908,2.2879763821792807,2.3215244229736984,0.30864197530864196,
72,27.730810520665592,21.162104133118625,28.878153515834676,2.073268921095008,1.2077294685990339,14.04320987654321,2.281266774020397,2.314814814814815,0.30864197530864196,
73,28.515834675254965,20.873590982286636,28.421900161030596,2.1604938271604937,1.2077294685990339,13.942565754159958,2.254428341384863,2.314814814814815,0.30864197530864196,
74,25.925925925925927,18.42458400429415,38.29844337090714,1.5901771336553945,0.9125067096081588,10.748792270531402,1.892109500805153,1.8988191089640365,0.30864197530864196,
75,25.711218464841654,16.914922168545356,40.13687600644123,1.865271068169619,0.9125067096081588,10.36634460547504,1.8853998926462694,1.8988191089640365,0.30864197530864196,
76,26.100375738056897,16.867954911433173,39.64707461084273,1.8384326355340848,0.9125067096081588,10.554213633923778,1.8853998926462694,1.8988191089640365,0.2952227589908749,
77,26.7512077294686,16.371443907675793,39.28475577026302,2.2946859903381642,0.9125067096081588,10.359634997316157,1.8853998926462694,1.8451422436929683,0.2952227589908749,
78,26.617015566290927,16.264090177133657,37.3792270531401,4.62962962962963,0.9125067096081588,10.084541062801932,1.8719806763285025,1.9457863660762211,0.2952227589908749,
79,25.301932367149757,13.238056897477188,43.283682232957595,4.03918411164788,0.7246376811594203,9.158615136876007,2.0128824476650564,1.9457863660762211,0.2952227589908749,
80,23.960010735373054,12.406065485775631,42.29736983360172,3.8848631239935587,0.6508319914117016,13.311862587224907,1.6706924315619969,1.6103059581320451,0.20799785292538917,
81,24.537037037037038,12.392646269457863,42.0222758990875,3.535963499731616,0.6508319914117016,13.231347289318304,1.6706924315619969,1.7579173376274826,0.20128824476650564,
82,25.315351583467525,12.365807836822329,41.54589371980676,3.455448201825013,0.6508319914117016,13.077026301663983,1.6572732152442298,1.7310789049919484,0.20128824476650564,
83,26.019860440150296,12.211486849168008,40.90848094471283,3.5091250670960816,0.785024154589372,12.86231884057971,1.6572732152442298,1.7310789049919484,0.3153515834675255,
84,26.7512077294686,12.151100375738057,40.49248523886205,3.730542136339238,0.7783145464304885,12.560386473429952,1.6438539989264627,1.5767579173376274,0.3153515834675255,
85,27.126945786366075,12.110842726784755,40.264358561460014,3.6768652710681695,0.7783145464304885,12.5402576489533,1.6237251744498122,1.5767579173376274,0.30193236714975846,
86,27.643585614600106,12.030327428878154,39.85507246376812,3.6097691894793345,0.8588298443370908,12.117552334943639,2.187332259796028,1.415727321524423,0.28180354267310787,
87,28.37493290391841,11.943102522812667,39.418947933440684,3.5829307568438002,0.8521202361782072,11.876006441223833,2.147074610842727,1.5230810520665594,0.28180354267310787,
88,29.146537842190018,11.782071926999464,39.08346752549651,3.1602254428341383,0.8521202361782072,11.782071926999464,2.395330112721417,1.5163714439076759,0.28180354267310787,
89,29.09286097691895,11.714975845410628,35.07783145464305,3.1199677938808374,0.8521202361782072,15.96886741814278,2.38191089640365,1.5163714439076759,0.27509393451422437,
90,29.21363392377885,11.714975845410628,34.68196457326892,3.502415458937198,0.8387010198604401,15.861513687600644,2.5026838432635534,1.4090177133655395,0.27509393451422437,
91,29.20692431561997,11.513687600644122,33.95061728395062,3.9049919484702094,1.3888888888888888,15.713902308105206,2.4892646269457863,1.556629092860977,0.27509393451422437,
92,29.74369296833065,11.406333870101985,33.621846484165324,4.180085882984434,1.3687600644122384,15.385131508319914,2.4825550187869028,1.556629092860977,0.2549651100375738,
93,30.287171229200215,11.3593666129898,33.279656468062264,4.28743961352657,1.3352120236178207,15.177133655394526,2.4825550187869028,1.5365002683843263,0.2549651100375738,
94,29.1935050993022,10.044283413848632,36.500268384326354,3.770799785292539,1.2278582930756843,14.935587761674718,2.462426194310252,1.6103059581320451,0.2549651100375738,
95,29.522275899087493,9.96376811594203,36.34594739667203,3.7640901771336552,1.2278582930756843,14.868491680085883,2.442297369833602,1.6103059581320451,0.2549651100375738,
96,27.449006977992486,12.734836285560924,35.73537305421363,3.992216854535695,1.1943102522812667,14.586688137412775,2.442297369833602,1.6103059581320451,0.2549651100375738,
97,27.26784755770263,12.68786902844874,35.43344068706388,3.515834675254965,1.1943102522812667,14.27133655394525,3.898282340311326,1.5633387010198605,0.16774020397208803,
98,27.81803542673108,12.620772946859903,35.04428341384863,3.6097691894793345,1.1741814278046163,14.17740203972088,3.898282340311326,1.4895330112721417,0.16774020397208803,
99,28.24074074074074,12.439613526570048,34.836285560923244,3.6097691894793345,1.3352120236178207,14.096886741814279,3.784219001610306,1.4895330112721417,0.16774020397208803,
100,27.771068169618893,12.164519592055823,35.768921095008054,3.603059581320451,1.5432098765432098,13.935856146001074,3.69699409554482,1.3486312399355878,0.16774020397208803,
101,27.482555018786904,11.949812130971551,36.81561996779388,3.2742887815351582,1.5432098765432098,13.761406333870102,3.6768652710681695,1.328502415458937,0.16774020397208803,
102,27.26784755770263,12.701288244766506,36.46672034353194,3.2139023081052067,1.6572732152442298,13.459473966720344,3.549382716049383,1.247987117552335,0.43612453032742887,
103,27.72410091250671,12.654320987654321,36.04401502952228,3.3816425120772946,1.6371443907675791,13.378958668813741,3.502415458937198,1.2412775093934514,0.43612453032742887,
104,28.20048309178744,12.5,35.72866344605475,3.3548040794417604,1.6170155662909287,13.33870101986044,3.5829307568438002,1.2412775093934514,0.43612453032742887,
105,28.462157809983896,12.493290391841116,35.44685990338164,3.589640365002684,1.5499194847020934,13.560118089103597,3.2206119162640903,1.2412775093934514,0.43612453032742887,
106,26.986044015029524,12.359098228663447,31.313741277509394,3.556092324208266,1.5499194847020934,19.51825013419216,3.1535158346752548,1.3016639828234031,0.2616747181964573,
107,25.771604938271604,12.13768115942029,33.1454643048846,3.3950617283950617,1.3754696725711217,19.410896403650028,3.1535158346752548,1.3486312399355878,0.2616747181964573,
108,26.140633387010197,11.889425657541599,32.420826623725176,3.44873859366613,2.214170692431562,19.135802469135804,3.0730005367686526,1.415727321524423,0.2616747181964573,
109,26.684111647879764,11.741814278046162,32.03166935050993,3.5426731078904994,2.214170692431562,18.94122383252818,3.0394524959742353,1.5432098765432098,0.2616747181964573,
110,24.57729468599034,10.238862050456254,31.092324208266238,3.4688674181427803,1.9256575415995705,21.967257112184647,5.253623188405797,1.3754696725711217,0.10064412238325282,
111,25.308641975308642,9.957058507783145,30.763553408480945,3.535963499731616,1.9189479334406871,21.658615136876005,5.434782608695652,1.3217928073000538,0.10064412238325282,
112,26.127214170692433,9.876543209876543,30.50858829844337,3.4688674181427803,2.01959205582394,21.155394524959743,5.3274288781535155,1.3217928073000538,0.19457863660762212,
113,26.422436929683307,9.621578099838969,32.648953301127214,2.9253891572732154,1.261406333870102,20.8064949006978,4.804079441760601,1.3150831991411702,0.19457863660762212,
114,26.92565754159957,9.480676328502415,32.48121309715513,3.0327428878153517,1.2345679012345678,20.585077831454644,4.7638217928073,1.3016639828234031,0.19457863660762212,
115,27.395330112721417,9.420289855072463,32.23295759527644,3.0193236714975846,1.2345679012345678,20.551529790660226,4.64975845410628,1.3016639828234031,0.19457863660762212,
116,27.710681696188942,9.359903381642512,31.95786366076221,2.9723564143853998,1.5029522275899088,20.377079978529252,4.622920021470746,1.3016639828234031,0.19457863660762212,
117,28.515834675254965,9.286097691894794,31.622383252818036,2.9253891572732154,1.4962426194310252,20.034889962426195,4.622920021470746,1.3016639828234031,0.19457863660762212,
118,29.066022544283413,9.265968867418144,31.32716049382716,3.227321524422974,1.4962426194310252,19.592055823939884,4.53569511540526,1.2949543746645196,0.19457863660762212,
119,29.428341384863124,9.205582393988191,31.199677938808374,3.3480944712828773,1.4962426194310252,19.37734836285561,4.468599033816425,1.2815351583467525,0.19457863660762212,
120,29.139828234031132,8.923778851315083,32.14573268921095,3.33467525496511,1.4962426194310252,19.142512077294686,4.367954911433173,1.2546967257112185,0.19457863660762212,
121,29.522275899087493,8.910359634997317,31.95786366076221,3.4957058507783145,1.4694041867954912,18.833870101986044,4.334406870638754,1.3016639828234031,0.17444981213097155,
122,28.64331723027375,8.433977455716587,30.951422436929683,3.6500268384326353,1.4626945786366077,20.98094471282877,4.414922168545357,1.3016639828234031,0.1610305958132045,
123,28.703703703703702,8.373590982286634,30.04562533548041,3.5829307568438002,1.4224369296833066,21.081588835212024,4.361245303274289,2.26784755770263,0.1610305958132045,
124,28.891572732152444,8.05823939881911,30.24020397208803,3.569511540526033,1.556629092860977,20.79307568438003,4.327697262479871,2.4020397208803006,0.1610305958132045,
125,29.220343531937736,8.051529790660226,30.08588298443371,3.5426731078904994,1.556629092860977,20.67230273752013,4.327697262479871,2.38191089640365,0.1610305958132045,
126,29.60950080515298,7.977724100912507,29.884594739667204,3.4688674181427803,1.6639828234031133,20.417337627482556,4.435050993022007,2.38191089640365,0.1610305958132045,
127,29.663177670424048,7.843531937734836,29.911433172302736,3.052871712292002,1.8719806763285025,18.632581857219538,6.494900697799249,2.368491680085883,0.1610305958132045,
128,29.314278046162105,7.803274288781535,32.7361782071927,3.046162104133119,1.865271068169619,16.264090177133657,6.4412238325281805,2.368491680085883,0.1610305958132045,
129,29.716854535695116,7.722758990874933,32.60198604401503,3.046162104133119,1.8384326355340848,16.15673644659152,6.407675791733762,2.3483628556092326,0.1610305958132045,
130,27.4422973698336,6.736446591519055,35.789049919484704,2.8113258185721954,1.5365002683843263,15.559581320450885,7.75630703166935,2.2074610842726785,0.1610305958132045,
131,27.75764895330113,6.723027375201288,35.72195383789587,2.8113258185721954,1.5767579173376274,15.398550724637682,7.675791733762749,2.1739130434782608,0.1610305958132045,
132,27.985775630703166,6.723027375201288,35.607890499194845,2.8113258185721954,1.8250134192163177,15.116747181964573,7.62211486849168,2.147074610842727,0.1610305958132045,
133,27.536231884057973,5.273752012882448,37.2987117552335,2.7979066022544283,2.1269457863660763,15.593129361245303,7.085346215780999,2.1269457863660763,0.1610305958132045,
134,28.012614063338702,5.213365539452496,36.741814278046164,2.952227589908749,2.408749329039184,15.277777777777779,7.03166935050993,2.0933977455716586,0.2683843263553409,
135,28.019323671497585,5.293880837359098,36.34594739667203,3.099838969404187,2.7509393451422435,15.190552871712292,6.964573268921095,2.033011272141707,0.2683843263553409,0.03354804079441761
136,28.502415458937197,5.24020397208803,35.76221148684917,3.0730005367686526,3.046162104133119,14.895330112721417,7.179280730005368,1.9994632313472893,0.2683843263553409,0.03354804079441761
137,29.09957058507783,5.226784755770263,34.94363929146538,3.0394524959742353,3.026033279656468,15.170424047235642,7.239667203435319,1.9524959742351047,0.2683843263553409,0.03354804079441761
138,26.757917337627482,5.226784755770263,42.921363392377884,2.5563607085346214,2.717391304347826,12.332259796027913,5.998389694041868,1.1876006441223832,0.2683843263553409,0.03354804079441761
139,27.053140096618357,5.139559849704777,42.659688674181425,2.6637144390767578,2.6972624798711755,12.325550187869029,5.971551261406334,1.1876006441223832,0.2683843263553409,0.03354804079441761
140,25.63070316693505,14.620236178207193,36.252012882447666,2.475845410628019,2.1806226516371443,12.110842726784755,5.360976918947934,1.0869565217391304,0.2683843263553409,0.013419216317767043
141,26.04669887278583,14.61352657004831,36.06414385399893,2.509393451422437,2.15378421900161,11.949812130971551,5.35426731078905,1.0265700483091786,0.2683843263553409,0.013419216317767043
142,27.033011272141707,14.42565754159957,35.54079441760601,2.428878153515835,2.13365539452496,11.876006441223833,5.253623188405797,1.0265700483091786,0.2683843263553409,0.013419216317767043
143,22.302737520128826,25.37573805689748,29.944981213097154,2.341653247450349,2.2342995169082127,11.231884057971014,5.119431025228127,1.1674718196457328,0.2683843263553409,0.013419216317767043
144,21.792807300053678,24.966451959205582,29.300858829844337,2.0531400966183573,2.3483628556092326,13.09044551798175,5.10601180891036,1.0869565217391304,0.24154589371980675,0.013419216317767043
145,22.57783145464305,24.731615673644658,28.898282340311326,2.0128824476650564,2.3483628556092326,13.023349436392914,5.0791733762748255,1.0735373054213635,0.24154589371980675,0.013419216317767043
146,23.181696188942567,24.62426194310252,28.421900161030596,2.0128824476650564,2.3483628556092326,12.929414922168545,5.025496511003757,1.2010198604401503,0.24154589371980675,0.013419216317767043
147,23.66478797638218,24.50348899624262,28.10654857756307,2.15378421900161,2.3215244229736984,12.855609232420827,4.938271604938271,1.2010198604401503,0.24154589371980675,0.013419216317767043
148,23.62453032742888,24.288781535158346,27.388620504562535,2.0397208803005906,2.281266774020397,13.58695652173913,5.434782608695652,1.1003757380568975,0.24154589371980675,0.013419216317767043
149,24.14787976382179,24.040526033279658,27.033011272141707,2.0397208803005906,2.38191089640365,13.513150831991412,5.314009661835748,1.1943102522812667,0.322061191626409,0.013419216317767043
150,24.805421363392377,23.872785829307567,26.939076757917338,2.033011272141707,2.38191089640365,13.24476650563607,5.193236714975845,1.1943102522812667,0.322061191626409,0.013419216317767043
151,25.107353730542137,23.62453032742888,26.757917337627482,2.1068169618894257,2.368491680085883,13.09044551798175,5.441492216854535,1.1674718196457328,0.322061191626409,0.013419216317767043
152,25.462962962962962,23.336017176596886,26.46940418679549,2.1068169618894257,2.4825550187869028,13.24476650563607,5.401234567901234,1.1607622114868492,0.322061191626409,0.013419216317767043
153,25.348899624261943,23.1280193236715,26.080246913580247,2.328234031132582,2.4691358024691357,13.922436929683306,5.307300053676865,1.1607622114868492,0.24154589371980675,0.013419216317767043
154,25.845410628019323,22.859634997316157,25.87224906065486,2.5496511003757383,2.4691358024691357,13.761406333870102,5.226784755770263,1.1607622114868492,0.24154589371980675,0.013419216317767043
155,25.583735909822867,22.765700483091788,27.89855072463768,2.5496511003757383,2.428878153515835,12.130971551261407,5.226784755770263,1.1607622114868492,0.24154589371980675,0.013419216317767043
156,26.536500268384327,22.23564143853999,27.737520128824478,2.690552871712292,2.4020397208803006,11.788781535158346,5.193236714975845,1.1607622114868492,0.24154589371980675,0.013419216317767043
157,26.80488459473967,22.17525496511004,27.690552871712292,2.690552871712292,2.5026838432635534,11.735104669887278,4.99194847020934,1.1607622114868492,0.23483628556092323,0.013419216317767043
158,27.408749329039185,22.000805152979066,26.99946323134729,2.8918411164787976,2.703972088030059,11.641170155662909,4.85775630703167,1.261406333870102,0.2214170692431562,0.013419216317767043
159,27.979066022544284,21.846484165324746,26.69753086419753,2.8918411164787976,2.690552871712292,11.453301127214171,4.9718196457326895,1.2345679012345678,0.2214170692431562,0.013419216317767043
160,28.31454643048846,21.772678475577028,26.50966183574879,3.0327428878153517,2.657004830917874,11.399624261943103,4.85775630703167,1.221148684916801,0.2214170692431562,0.013419216317767043
161,28.891572732152444,21.631776704240472,26.247987117552334,3.012614063338701,2.536231884057971,11.372785829307569,4.830917874396135,1.2412775093934514,0.2214170692431562,0.013419216317767043
162,29.21363392377885,21.4170692431562,26.03327965646806,3.126677402039721,2.536231884057971,11.285560923242082,4.810789049919484,1.3419216317767042,0.2214170692431562,0.013419216317767043
163,29.461889425657542,21.26274825550188,25.946054750402578,3.113258185721954,2.623456790123457,11.258722490606548,4.777241009125067,1.328502415458937,0.2214170692431562,0.0067096081588835215
164,30.12614063338701,21.00107353730542,25.644122383252817,3.240740740740741,2.5697799248523885,11.117820719269995,4.74369296833065,1.328502415458937,0.2214170692431562,0.0067096081588835215
165,30.837359098228664,20.90713902308105,25.36231884057971,3.2340311325818574,2.5563607085346214,10.802469135802468,4.74369296833065,1.328502415458937,0.2214170692431562,0.0067096081588835215
166,31.320450885668276,20.759527643585614,24.818840579710145,3.6768652710681695,2.5563607085346214,10.7085346215781,4.616210413311863,1.3217928073000538,0.2147074610842727,0.0067096081588835215
167,31.561996779388085,20.71256038647343,24.644390767579175,3.6768652710681695,2.6435856146001075,10.601180891035963,4.616210413311863,1.3217928073000538,0.2147074610842727,0.0067096081588835215
168,31.662640901771336,20.598497047772412,24.570585077831456,3.656736446591519,2.61003757380569,10.86285560923242,4.562533548040794,1.2546967257112185,0.2147074610842727,0.0067096081588835215
169,32.17928073000537,20.457595276435857,24.349168008588297,3.6366076221148687,2.5966183574879227,10.748792270531402,4.555823939881911,1.2546967257112185,0.2147074610842727,0.0067096081588835215
170,29.482018250134193,20.28985507246377,27.214170692431562,3.066290928609769,2.2410091250670963,12.432903918411165,3.9989264626945786,1.0534084809447128,0.2147074610842727,0.0067096081588835215
171,29.166666666666668,20.081857219538378,29.045893719806763,2.9790660225442833,2.301395598497048,11.178207192699947,3.9989264626945786,1.0265700483091786,0.2147074610842727,0.0067096081588835215
172,29.55582393988191,19.652442297369834,28.703703703703702,3.2139023081052067,2.38191089640365,11.07085346215781,4.05931293612453,1.1406333870101986,0.2147074610842727,0.0067096081588835215
173,29.871175523349436,19.47799248523886,28.529253891572733,3.44873859366613,2.5026838432635534,10.923242082662373,3.8848631239935587,1.1406333870101986,0.2147074610842727,0.0067096081588835215
174,30.226784755770264,19.35721953837896,27.49597423510467,3.408480944712829,2.4825550187869028,10.789049919484702,4.730273752012883,1.288244766505636,0.2147074610842727,0.0067096081588835215
175,30.66290928609769,19.256575415995705,27.22758990874933,3.3682232957595275,2.4691358024691357,10.782340311325818,4.723564143853999,1.288244766505636,0.2147074610842727,0.0067096081588835215
176,30.555555555555557,19.142512077294686,27.375201288244767,3.515834675254965,2.5697799248523885,10.762211486849168,4.582662372517445,1.2748255501878691,0.2147074610842727,0.0067096081588835215
177,30.776972624798713,19.082125603864736,27.147074610842726,3.589640365002684,2.5697799248523885,10.701825013419215,4.575952764358561,1.3352120236178207,0.2147074610842727,0.0067096081588835215
178,29.408212560386474,13.654052603327965,26.912238325281802,2.9119699409554483,2.5496511003757383,18.149490069779926,4.542404723564144,1.3352120236178207,0.5300590445517982,0.0067096081588835215
179,29.810789049919485,13.6406333870102,26.717659688674182,2.85829307568438,2.5429414922168547,18.06897477187332,4.53569511540526,1.288244766505636,0.5300590445517982,0.0067096081588835215
180,30.22007514761138,13.419216317767042,26.46940418679549,2.9253891572732154,2.5026838432635534,17.894524959742352,4.53569511540526,1.5029522275899088,0.5233494363929146,0.0067096081588835215
181,30.844068706387546,13.217928073000536,26.147342995169083,2.898550724637681,2.5026838432635534,17.827428878153516,4.528985507246377,1.5029522275899088,0.5233494363929146,0.0067096081588835215
182,30.132850241545892,13.157541599570585,25.006709608158882,2.885131508319914,2.3349436392914655,19.605475040257648,4.8443370907139025,1.5029522275899088,0.5233494363929146,0.0067096081588835215
183,30.535426731078903,13.110574342458401,24.86580783682233,2.8784219001610305,2.5496511003757383,19.236446591519055,4.804079441760601,1.4895330112721417,0.5233494363929146,0.0067096081588835215
184,30.917874396135264,12.99651100375738,24.402844873859365,3.1535158346752548,2.536231884057971,19.102254428341386,4.904723564143854,1.4559849704777241,0.5233494363929146,0.0067096081588835215
185,31.273483628556093,12.983091787439614,24.174718196457327,3.1333870101986045,2.536231884057971,19.02173913043478,4.891304347826087,1.4559849704777241,0.5233494363929146,0.0067096081588835215
186,31.4345142243693,12.68786902844874,23.852657004830917,3.616478797638218,2.831454643048846,18.780193236714975,4.824208266237251,1.4559849704777241,0.5099302200751477,0.0067096081588835215
187,31.82367149758454,12.661030595813205,23.483628556092324,3.603059581320451,2.831454643048846,18.67283950617284,4.817498658078368,1.5901771336553945,0.5099302200751477,0.0067096081588835215
188,32.058507783145465,12.614063338701019,23.2487922705314,3.5426731078904994,2.8247450348899625,18.659420289855074,4.810789049919484,1.724369296833065,0.5099302200751477,0.0067096081588835215
189,32.44095544820183,12.5,23.060923242082662,3.5091250670960816,2.8113258185721954,18.51851851851852,4.757112184648417,1.8853998926462694,0.5099302200751477,0.0067096081588835215
190,32.29334406870639,12.359098228663447,22.537573805689746,3.4286097691894795,3.9855072463768115,18.290391841116477,4.750402576489533,1.8384326355340848,0.5099302200751477,0.0067096081588835215
191,32.48121309715513,12.285292538915728,22.32957595276436,3.4151905528717124,3.9586688137412773,18.089103596349972,5.018786902844874,1.9256575415995705,0.48980139559849706,0.0067096081588835215
192,32.90391841116479,11.996779388083736,22.10144927536232,3.5829307568438002,3.938539989264627,17.975040257648953,5.0791733762748255,1.9256575415995705,0.48980139559849706,0.0067096081588835215
193,33.01798174986581,11.701556629092861,21.953837895866883,3.5628019323671496,3.938539989264627,17.324208266237253,5.065754159957058,3.0059044551798175,0.4227053140096618,0.0067096081588835215
194,33.08507783145464,11.701556629092861,21.85319377348363,3.549382716049383,3.81105743424584,17.51207729468599,5.065754159957058,2.9924852388620504,0.4227053140096618,0.0067096081588835215
195,33.299785292538914,11.506977992485238,21.83977455716586,3.549382716049383,3.8848631239935587,17.444981213097154,5.059044551798175,2.985775630703167,0.4227053140096618,0.0067096081588835215
196,33.943907675791735,11.379495437466453,21.631776704240472,3.502415458937198,3.8580246913580245,17.277241009125067,5.025496511003757,2.952227589908749,0.4227053140096618,0.0067096081588835215
197,33.5077831454643,11.252012882447666,21.651905528717123,3.046162104133119,3.844605475040258,16.774020397208805,6.635802469135802,2.9388083735909825,0.3421900161030596,0.0067096081588835215
198,33.984165324745035,11.057434245840042,21.658615136876005,3.126677402039721,3.784219001610306,16.51905528717123,6.588835212023618,2.932098765432099,0.3421900161030596,0.0067096081588835215
199,34.326355340848096,10.976918947933441,21.544551798174986,3.166935050993022,3.670155662909286,16.129898013955984,6.796833064949007,3.0394524959742353,0.3421900161030596,0.0067096081588835215
200,34.62157809983897,10.889694041867955,21.464036500268385,3.166935050993022,3.670155662909286,16.049382716049383,6.78341384863124,3.0394524959742353,0.30864197530864196,0.0067096081588835215
201,34.997316156736446,10.815888352120236,21.36339237788513,3.126677402039721,3.629898013955985,15.83467525496511,6.890767579173376,3.026033279656468,0.30864197530864196,0.0067096081588835215
202,35.319377348362856,10.755501878690284,21.24932903918411,3.180354267310789,3.6231884057971016,15.754159957058508,6.890767579173376,2.918679549114332,0.30193236714975846,0.0067096081588835215
203,35.75550187869028,10.715244229736983,21.108427267847556,3.180354267310789,3.5426731078904994,15.519323671497585,6.884057971014493,2.985775630703167,0.30193236714975846,0.0067096081588835215
204,36.01717659688674,10.661567364465915,21.00107353730542,3.180354267310789,3.5426731078904994,15.318035426731079,6.863929146537842,3.1065485775630703,0.30193236714975846,0.0067096081588835215
205,36.56736446591519,10.59447128287708,20.833333333333332,3.166935050993022,3.515834675254965,15.157004830917874,6.810252281266774,3.0864197530864197,0.2616747181964573,0.0067096081588835215
206,37.265163714439076,10.534084809447128,20.618625872249062,3.166935050993022,3.4822866344605474,14.97584541062802,6.709608158883521,2.9790660225442833,0.2616747181964573,0.0067096081588835215
207,37.567096081588836,10.493827160493828,20.538110574342458,3.166935050993022,3.435319377348363,14.935587761674718,6.629092860976919,2.965646806226516,0.2616747181964573,0.0067096081588835215
208,37.9898013955985,10.453569511540525,20.28985507246377,3.1199677938808374,3.435319377348363,14.828234031132581,6.863929146537842,2.7509393451422435,0.2616747181964573,0.0067096081588835215
209,38.1508319914117,10.44015029522276,20.2361782071927,3.1199677938808374,3.4286097691894795,14.801395598497047,6.8035426731078905,2.7509393451422435,0.2616747181964573,0.0067096081588835215
210,38.238056897477186,10.399892646269459,20.42404723564144,3.1199677938808374,3.4286097691894795,14.667203435319378,6.716317767042405,2.737520128824477,0.2616747181964573,0.0067096081588835215
211,38.57353730542136,10.138217928073,20.29656468062265,3.2541599570585076,3.4286097691894795,14.593397745571659,6.709608158883521,2.737520128824477,0.2616747181964573,0.0067096081588835215
212,37.62748255501879,10.010735373054214,20.48443370907139,3.099838969404187,3.1333870101986045,16.009125067096083,6.5552871712292005,2.8113258185721954,0.2616747181964573,0.0067096081588835215
213,37.9092860976919,9.990606548577563,20.45088566827697,3.0931293612453032,3.1199677938808374,15.895061728395062,6.494900697799249,2.7777777777777777,0.2616747181964573,0.0067096081588835215
214,38.238056897477186,9.950348899624261,20.263016639828233,3.180354267310789,3.113258185721954,15.821256038647343,6.414385399892646,2.7509393451422435,0.2616747181964573,0.0067096081588835215
215,38.486312399355874,9.916800858829845,20.2361782071927,3.1736446591519054,3.113258185721954,15.727321524422974,6.347289318303811,2.7308105206655933,0.2616747181964573,0.0067096081588835215
216,38.808373590982285,9.896672034353195,20.014761137949545,3.2675791733762747,3.113258185721954,15.593129361245303,6.3137412775093935,2.7241009125067097,0.2616747181964573,0.0067096081588835215
217,39.392109500805155,9.856414385399892,19.786634460547504,3.2675791733762747,3.079710144927536,15.499194847020934,6.273483628556092,2.589908749329039,0.24825550187869028,0.0067096081588835215
218,35.63472893183038,3.569511540526033,29.61621041331186,2.9119699409554483,3.012614063338701,16.223832528180353,6.219806763285024,2.5563607085346214,0.24825550187869028,0.0067096081588835215
219,35.84272678475577,3.535963499731616,29.07944176060118,3.3145464304884595,3.012614063338701,16.163446054750402,6.213097155126141,2.5831991411701556,0.24825550187869028,0.0067096081588835215
220,36.07756307031669,3.5292538915727323,27.58990874932904,4.555823939881911,3.140096618357488,15.962157809983896,6.3137412775093935,2.576489533011272,0.24825550187869028,0.0067096081588835215
221,36.42646269457864,3.4957058507783145,27.4020397208803,4.64975845410628,3.140096618357488,15.814546430488459,6.293612453032743,2.522812667740204,0.24825550187869028,0.0067096081588835215
222,36.78878153515835,3.4957058507783145,26.986044015029524,4.64975845410628,3.1199677938808374,15.807836822329575,6.260064412238325,2.636876006441224,0.24825550187869028,0.0067096081588835215
223,37.104133118625874,3.4957058507783145,26.77133655394525,4.622920021470746,3.2541599570585076,15.687063875469672,6.172839506172839,2.636876006441224,0.24825550187869028,0.0067096081588835215
224,37.41277509393451,3.4957058507783145,26.46940418679549,4.656468062265164,3.2004830917874396,15.626677402039721,6.125872249060655,2.757648953301127,0.24825550187869028,0.0067096081588835215
225,37.74825550187869,3.435319377348363,26.321792807300053,4.5960815888352125,3.193773483628556,15.559581320450885,6.132581857219538,2.757648953301127,0.24825550187869028,0.0067096081588835215
226,38.08373590982286,3.4151905528717124,26.221148684916802,4.528985507246377,3.1870638754696725,15.458937198067632,6.099033816425121,2.757648953301127,0.24154589371980675,0.0067096081588835215
227,38.32528180354267,3.4151905528717124,26.02657004830918,4.51556629092861,3.1870638754696725,15.411969940955448,6.025228126677402,2.844873859366613,0.24154589371980675,0.0067096081588835215
