,45,50,55,53,58,54,52,51,57,56,59,61,60,62,63,65,64
0,92.14975845410628,7.85024154589372,,,,,,,,,,,,,,,
1,91.92834138486312,7.977724100912507,0.0939345142243693,,,,,,,,,,,,,,
2,91.31776704240472,8.561460010735374,0.12077294685990338,,,,,,,,,,,,,,
3,90.9151905528717,8.964036500268385,0.12077294685990338,,,,,,,,,,,,,,
4,90.48577563070317,9.380032206119163,0.13419216317767044,,,,,,,,,,,,,,
5,88.8016639828234,11.05072463768116,0.14761137949543746,,,,,,,,,,,,,,
6,88.28502415458937,11.540526033279656,0.17444981213097155,,,,,,,,,,,,,,
7,83.19914117015567,14.908749329039184,,1.892109500805153,,,,,,,,,,,,,
8,80.38110574342458,17.69994632313473,0.026838432635534086,1.865271068169619,0.026838432635534086,,,,,,,,,,,,
9,78.24074074074075,19.685990338164252,0.04696725711218465,1.865271068169619,0.026838432635534086,0.13419216317767044,,,,,,,,,,,
10,78.03274288781535,19.89398819108964,0.04696725711218465,1.865271068169619,0.026838432635534086,0.13419216317767044,,,,,,,,,,,
11,77.87842190016103,20.021470746108427,0.04696725711218465,1.865271068169619,0.026838432635534086,0.13419216317767044,0.026838432635534086,,,,,,,,,,
12,76.08695652173913,21.672034353193773,0.10735373054213634,1.865271068169619,0.026838432635534086,0.13419216317767044,0.08722490606548577,0.020128824476650563,,,,,,,,,
13,74.54374664519592,23.18840579710145,0.12077294685990338,1.865271068169619,0.026838432635534086,0.13419216317767044,0.08722490606548577,0.03354804079441761,,,,,,,,,
14,58.80971551261406,38.6808910359635,0.3488996242619431,1.865271068169619,0.026838432635534086,0.13419216317767044,0.10064412238325282,0.03354804079441761,,,,,,,,,
15,58.581588835212024,38.58024691358025,0.5233494363929146,1.865271068169619,0.026838432635534086,0.13419216317767044,0.10064412238325282,0.1878690284487386,,,,,,,,,
16,56.72973698336017,33.17230273752013,0.6172839506172839,1.892109500805153,0.026838432635534086,0.13419216317767044,7.239667203435319,0.1878690284487386,,,,,,,,,
17,56.15942028985507,33.380300590445515,0.6239935587761675,1.892109500805153,0.026838432635534086,0.13419216317767044,7.232957595276436,0.5434782608695652,0.0067096081588835215,,,,,,,,
18,55.83064949006978,33.561460010735374,0.7783145464304885,1.9189479334406871,0.026838432635534086,0.13419216317767044,7.212828770799785,0.5166398282340311,0.020128824476650563,,,,,,,,
19,55.58910359634997,32.19269994632314,0.8051529790660226,1.9189479334406871,0.026838432635534086,1.6975308641975309,7.212828770799785,0.5367686527106817,0.020128824476650563,,,,,,,,
20,53.676865271068166,30.703166935050994,0.8856682769726248,5.159688674181428,0.026838432635534086,1.7646269457863661,7.212828770799785,0.5367686527106817,0.020128824476650563,0.013419216317767043,,,,,,,
21,52.71739130434783,31.427804616210413,1.107085346215781,5.018786902844874,0.026838432635534086,1.7646269457863661,7.132313472893183,0.6642512077294686,0.10064412238325282,0.040257648953301126,,,,,,,
22,50.959473966720346,28.509125067096083,1.06682769726248,3.9855072463768115,0.026838432635534086,1.6304347826086956,1.1607622114868492,12.607353730542137,0.013419216317767043,0.040257648953301126,,,,,,,
23,50.234836285560924,28.824476650563607,1.1808910359634996,3.965378421900161,0.04696725711218465,1.5767579173376274,1.1607622114868492,12.902576489533011,0.013419216317767043,0.040257648953301126,0.05367686527106817,,,,,,
24,50.06038647342995,27.985775630703166,1.2815351583467525,3.938539989264627,0.04696725711218465,1.6103059581320451,1.1406333870101986,13.828502415458937,0.013419216317767043,0.040257648953301126,0.05367686527106817,,,,,,
25,49.71819645732689,27.95222758990875,1.3150831991411702,3.9720880300590444,0.04696725711218465,1.6371443907675791,1.1406333870101986,14.110305958132045,0.013419216317767043,0.040257648953301126,0.05367686527106817,,,,,,
26,49.14117015566291,28.482286634460547,1.328502415458937,3.9720880300590444,0.04696725711218465,1.6975308641975309,1.1406333870101986,14.083467525496511,0.013419216317767043,0.040257648953301126,0.05367686527106817,,,,,,
27,47.59125067096082,29.95169082125604,1.3955984970477724,3.9586688137412773,0.06038647342995169,1.6975308641975309,1.1406333870101986,14.096886741814279,0.013419216317767043,0.040257648953301126,0.05367686527106817,,,,,,
28,47.50402576489533,29.924852388620504,1.442565754159957,3.9452495974235107,0.07380568974771873,1.7176596886741815,1.1406333870101986,14.143853998926463,0.013419216317767043,0.040257648953301126,0.05367686527106817,,,,,,
29,46.3365539452496,30.817230273752013,1.4761137949543746,3.616478797638218,0.06038647342995169,2.999194847020934,1.1406333870101986,13.446054750402576,0.013419216317767043,0.040257648953301126,0.05367686527106817,,,,,,
30,45.49785292538916,31.528448738593667,1.6774020397208802,3.629898013955985,0.06709608158883522,2.9790660225442833,1.1540526033279657,13.33870101986044,0.013419216317767043,0.040257648953301126,0.07380568974771873,,,,,,
31,45.40391841116479,31.353998926462694,1.6908212560386473,3.6366076221148687,0.06709608158883522,3.0394524959742353,1.1741814278046163,13.486312399355878,0.013419216317767043,0.040257648953301126,0.0939345142243693,,,,,,
32,45.3569511540526,31.36070853462158,1.6841116478797638,3.6231884057971016,0.08051529790660225,3.0864197530864197,1.1607622114868492,13.486312399355878,0.026838432635534086,0.040257648953301126,0.0939345142243693,,,,,,
33,43.4447128287708,33.13204508856683,1.8048845947396672,3.6231884057971016,0.08051529790660225,3.2004830917874396,1.1741814278046163,13.378958668813741,0.026838432635534086,0.040257648953301126,0.0939345142243693,,,,,,
34,43.323939881910896,33.13204508856683,1.90552871712292,3.6231884057971016,0.08051529790660225,3.2877079978529253,1.1741814278046163,13.311862587224907,0.026838432635534086,0.040257648953301126,0.0939345142243693,,,,,,
35,43.05555555555556,33.051529790660226,2.120236178207193,3.9586688137412773,0.08051529790660225,3.2474503488996245,1.1674718196457328,13.150831991411701,0.03354804079441761,0.040257648953301126,0.0939345142243693,,,,,,
36,42.99516908212561,33.031400966183575,2.13365539452496,3.9586688137412773,0.08051529790660225,3.2474503488996245,1.2010198604401503,13.18438003220612,0.03354804079441761,0.040257648953301126,0.0939345142243693,,,,,,
37,41.324476650563604,34.6081588835212,2.2611379495437465,3.92512077294686,0.0939345142243693,3.978797638217928,1.2010198604401503,12.419484702093397,0.03354804079441761,0.06038647342995169,0.0939345142243693,,,,,,
38,40.96886741814278,33.467525496511,2.2879763821792807,5.475040257648954,0.08722490606548577,3.9519592055823938,1.2010198604401503,12.385936661298981,0.03354804079441761,0.04696725711218465,0.0939345142243693,,,,,,
39,40.19726247987118,33.63526570048309,2.408749329039184,4.253891572732153,0.11406333870101985,3.9519592055823938,3.012614063338701,12.27187332259796,0.03354804079441761,0.026838432635534086,0.0939345142243693,,,,,,
40,40.063070316693505,33.662104133118625,2.4825550187869028,4.240472356414386,0.16774020397208803,3.9519592055823938,3.026033279656468,12.25174449812131,0.03354804079441761,0.026838432635534086,0.0939345142243693,,,,,,
41,39.49946323134729,34.07139023081052,2.509393451422437,4.240472356414386,0.16774020397208803,3.9855072463768115,3.026033279656468,12.345679012345679,0.03354804079441761,0.026838432635534086,0.0939345142243693,,,,,,
42,38.056897477187334,35.46027911969941,2.522812667740204,4.2270531400966185,0.18115942028985507,3.9720880300590444,3.079710144927536,12.332259796027913,0.03354804079441761,0.026838432635534086,0.10735373054213634,,,,,,
43,36.71497584541063,36.77536231884058,2.5563607085346214,4.253891572732153,0.19457863660762212,3.851315083199141,3.0931293612453032,12.27187332259796,0.03354804079441761,0.14761137949543746,0.10735373054213634,,,,,,
44,36.64117015566291,35.99704777241009,2.3752012882447664,4.213633923778851,0.30864197530864196,3.8580246913580245,4.045893719806763,12.27187332259796,0.03354804079441761,0.14761137949543746,0.10735373054213634,,,,,,
45,23.758722490606548,49.993290391841114,2.2745571658615136,4.240472356414386,0.30864197530864196,3.6902844873859366,3.965378421900161,11.446591519055287,0.03354804079441761,0.14761137949543746,0.14090177133655393,,,,,,
46,23.74530327428878,49.932903918411164,2.341653247450349,4.260601180891036,0.30864197530864196,3.6902844873859366,3.978797638217928,11.419753086419753,0.03354804079441761,0.14761137949543746,0.14090177133655393,,,,,,
47,23.637949543746647,48.51717659688674,6.219806763285024,4.206924315619967,0.30864197530864196,3.670155662909286,3.978797638217928,9.111647879763822,0.03354804079441761,0.14761137949543746,0.1610305958132045,0.0067096081588835215,,,,,
48,23.557434245840042,48.25550187869028,6.253354804079442,4.40150295222759,0.3153515834675255,3.770799785292539,3.9855072463768115,9.111647879763822,0.03354804079441761,0.14761137949543746,0.1610305958132045,0.0067096081588835215,,,,,
49,23.49704777241009,48.16156736446592,6.286902844873859,4.40150295222759,0.3153515834675255,3.864734299516908,4.019055287171229,9.104938271604938,0.03354804079441761,0.14761137949543746,0.1610305958132045,0.0067096081588835215,,,,,
50,23.007246376811594,47.45034889962426,6.454643048845948,4.38137412775094,0.3153515834675255,4.012345679012346,4.005636070853462,9.96376811594203,0.06709608158883522,0.14761137949543746,0.1878690284487386,0.0067096081588835215,,,,,
51,22.973698336017176,47.14170692431562,6.769994632313473,4.26731078904992,0.4428341384863124,4.045893719806763,3.9989264626945786,9.923510466988727,0.06709608158883522,0.17444981213097155,0.1878690284487386,0.0067096081588835215,,,,,
52,22.77241009125067,46.846484165324746,7.212828770799785,4.294149221685454,0.4428341384863124,4.066022544283414,4.025764895330113,9.903381642512077,0.06709608158883522,0.17444981213097155,0.1878690284487386,0.0067096081588835215,,,,,
53,21.89345142243693,44.826892109500804,7.219538378958669,4.703435319377348,0.4428341384863124,4.032474503488996,6.696188942565755,9.742351046698873,0.06709608158883522,0.17444981213097155,0.19457863660762212,0.0067096081588835215,,,,,
54,21.70558239398819,44.907407407407405,7.320182501341922,4.669887278582931,0.47638217928073,4.019055287171229,6.66935050993022,9.769189479334408,0.07380568974771873,0.17444981213097155,0.20799785292538917,0.0067096081588835215,,,,,
55,21.651905528717123,44.82018250134192,7.353730542136339,4.663177670424047,0.5166398282340311,3.992216854535695,6.6827697262479875,9.66183574879227,0.07380568974771873,0.322061191626409,0.24154589371980675,0.0067096081588835215,0.013419216317767043,,,,
56,21.557971014492754,42.961621041331185,9.078099838969404,4.64975845410628,0.5300590445517982,3.978797638217928,6.66935050993022,9.88996242619431,0.07380568974771873,0.3488996242619431,0.24154589371980675,0.0067096081588835215,0.013419216317767043,,,,
57,21.276167471819647,42.23698336017176,9.044551798174986,4.005636070853462,0.49651100375738055,2.7844873859366612,9.601449275362318,9.916800858829845,0.1610305958132045,0.30193236714975846,0.15432098765432098,0.0067096081588835215,0.013419216317767043,,,,
58,21.175523349436393,40.90848094471283,10.36634460547504,4.005636070853462,0.49651100375738055,2.7844873859366612,9.601449275362318,10.02415458937198,0.1610305958132045,0.30193236714975846,0.15432098765432098,0.0067096081588835215,0.013419216317767043,,,,
59,19.53166935050993,32.8569511540526,9.017713365539452,3.8177670424047236,0.5099302200751477,2.717391304347826,9.514224369296834,21.16881374127751,0.16774020397208803,0.48980139559849706,0.17444981213097155,0.0067096081588835215,0.026838432635534086,,,,
60,19.45786366076221,32.789855072463766,9.037842190016104,3.8378958668813743,0.5099302200751477,2.7308105206655933,9.601449275362318,21.07487922705314,0.24825550187869028,0.5032206119162641,0.17444981213097155,0.0067096081588835215,0.026838432635534086,,,,
61,19.410896403650028,32.729468599033815,9.118357487922705,4.944981213097155,0.6575415995705851,2.7308105206655933,9.480676328502415,19.887278582930758,0.30193236714975846,0.5300590445517982,0.17444981213097155,0.0067096081588835215,0.026838432635534086,,,,
62,19.410896403650028,32.648953301127214,9.205582393988191,4.944981213097155,0.6575415995705851,2.7308105206655933,9.494095544820183,19.806763285024154,0.30193236714975846,0.5770263016639828,0.1878690284487386,0.0067096081588835215,0.026838432635534086,,,,
63,19.33709071390231,32.21953837895867,9.16532474503489,4.998658078368224,0.6575415995705851,3.1736446591519054,9.514224369296834,19.786634460547504,0.30193236714975846,0.5770263016639828,0.20799785292538917,0.013419216317767043,0.04696725711218465,,,,
64,19.33709071390231,31.890767579173378,9.306226516371444,4.394793344068707,0.5971551261406334,4.830917874396135,8.601717659688674,19.753086419753085,0.30193236714975846,0.6776704240472357,0.24154589371980675,0.013419216317767043,0.05367686527106817,,,,
65,19.229736983360173,31.09903381642512,12.506709608158884,4.394793344068707,0.5837359098228664,4.656468062265164,8.588298443370908,17.713365539452496,0.2549651100375738,0.6642512077294686,0.2214170692431562,0.013419216317767043,0.07380568974771873,,,,
66,19.182769726247987,31.01851851851852,12.607353730542137,4.42163177670424,0.5837359098228664,4.669887278582931,8.621846484165324,17.444981213097154,0.2549651100375738,0.9057971014492754,0.20128824476650564,0.013419216317767043,0.07380568974771873,,,,
67,19.129092860976918,30.931293612453032,12.714707461084272,4.42163177670424,0.5837359098228664,4.703435319377348,8.621846484165324,17.444981213097154,0.2549651100375738,0.9057971014492754,0.20128824476650564,0.013419216317767043,0.07380568974771873,,,,
68,19.129092860976918,30.891035963499732,12.72812667740204,4.428341384863124,0.5837359098228664,4.824208266237251,8.53462157809984,17.431561996779386,0.2549651100375738,0.9057971014492754,0.20128824476650564,0.013419216317767043,0.07380568974771873,,,,
69,19.122383252818036,30.776972624798713,12.734836285560924,4.468599033816425,0.5837359098228664,4.85775630703167,8.433977455716587,17.418142780461622,0.35560923242082665,0.9057971014492754,0.20128824476650564,0.040257648953301126,0.10064412238325282,,,,
70,19.122383252818036,30.67632850241546,12.506709608158884,4.468599033816425,0.8990874932903918,4.85775630703167,8.353462157809984,17.371175523349436,0.4830917874396135,0.9393451422436929,0.20128824476650564,0.040257648953301126,0.08051529790660225,,,,
71,18.9747718733226,30.823939881910896,12.567096081588835,4.468599033816425,0.9259259259259259,4.85775630703167,8.32662372517445,17.297369833601717,0.4830917874396135,0.95276435856146,0.20128824476650564,0.040257648953301126,0.08051529790660225,,,,
72,18.94122383252818,30.64278046162104,12.47987117552335,4.394793344068707,0.9192163177670424,4.871175523349437,8.299785292538916,17.223564143854,0.5904455179817498,1.2815351583467525,0.20128824476650564,0.07380568974771873,0.08051529790660225,,,,
73,18.927804616210413,30.381105743424584,12.647611379495437,4.394793344068707,0.9460547504025765,4.871175523349437,8.299785292538916,17.223564143854,0.5770263016639828,1.3754696725711217,0.20128824476650564,0.07380568974771873,0.08051529790660225,,,,
74,18.84728931830381,29.25389157273215,12.607353730542137,4.233762748255502,0.9594739667203436,4.804079441760601,8.293075684380032,18.42458400429415,0.8923778851315083,1.3352120236178207,0.19457863660762212,0.07380568974771873,0.08051529790660225,,,,
75,18.47826086956522,28.44873859366613,12.835480407944177,4.17337627482555,1.0198604401502953,4.85775630703167,9.480676328502415,18.189747718733226,0.8789586688137413,1.261406333870102,0.24154589371980675,0.07380568974771873,0.06038647342995169,,,,
76,18.23671497584541,28.052871712292003,12.775093934514224,4.1532474503489,1.0601180891035964,4.8376274825550185,9.406870638754697,18.86070853462158,0.8789586688137413,1.3352120236178207,0.2683843263553409,0.07380568974771873,0.06038647342995169,,,,
77,18.156199677938808,28.026033279656467,12.828770799785293,4.126409017713366,1.0601180891035964,4.817498658078368,9.453837895866881,18.773483628556093,0.966183574879227,1.3888888888888888,0.2683843263553409,0.07380568974771873,0.06038647342995169,,,,
78,17.887815351583466,27.596618357487923,12.5,5.199946323134729,1.0534084809447128,4.7638217928073,9.440418679549115,18.760064412238325,0.966183574879227,1.4559849704777241,0.2683843263553409,0.07380568974771873,0.03354804079441761,,,,
79,17.887815351583466,27.542941492216855,12.4597423510467,5.186527106816962,1.0802469135802468,4.8376274825550185,9.447128287707997,18.592324208266238,0.8856682769726248,1.6035963499731616,0.2683843263553409,0.07380568974771873,0.13419216317767044,,,,
80,17.07595276435856,28.173644659151904,12.52012882447665,5.300590445517981,1.0802469135802468,4.830917874396135,9.447128287707997,18.317230273752013,0.8856682769726248,1.8451422436929683,0.30193236714975846,0.07380568974771873,0.14761137949543746,,,,
81,16.99543746645196,28.059581320450885,12.714707461084272,5.320719269994632,1.0802469135802468,4.830917874396135,9.426999463231347,18.310520665593128,0.8856682769726248,1.8518518518518519,0.30193236714975846,0.07380568974771873,0.14761137949543746,,,,
82,16.914922168545356,27.911969940955448,12.815351583467525,5.173107890499195,1.0802469135802468,4.830917874396135,9.695383789586689,18.21658615136876,0.8856682769726248,1.9189479334406871,0.30193236714975846,0.10735373054213634,0.14761137949543746,,,,
83,16.867954911433173,27.81803542673108,12.76838432635534,5.199946323134729,1.0802469135802468,4.85775630703167,9.769189479334408,18.12265163714439,0.9728931830381106,1.90552871712292,0.36902844873859364,0.10735373054213634,0.1610305958132045,,,,
84,16.834406870638755,27.70397208803006,12.781803542673108,5.199946323134729,1.0802469135802468,4.898013955984971,9.816156736446592,18.055555555555557,1.0064412238325282,1.9726247987117553,0.36902844873859364,0.12077294685990338,0.1610305958132045,,,,
85,16.76731078904992,27.026301663982824,12.86231884057971,5.005367686527107,1.0802469135802468,6.273483628556092,9.420289855072463,17.961621041331185,0.9393451422436929,2.0128824476650564,0.36902844873859364,0.12077294685990338,0.1610305958132045,,,,
86,16.59957058507783,26.89210950080515,12.761674718196458,5.005367686527107,1.0802469135802468,6.629092860976919,9.420289855072463,17.85426731078905,0.9326355340848095,2.13365539452496,0.3824476650563607,0.12077294685990338,0.1878690284487386,,,,
87,16.59957058507783,26.838432635534083,12.815351583467525,4.951690821256038,1.133923778851315,6.629092860976919,9.420289855072463,17.733494363929147,0.9326355340848095,2.254428341384863,0.3824476650563607,0.12077294685990338,0.1878690284487386,,,,
88,16.51905528717123,26.88539989264627,12.701288244766506,5.300590445517981,1.1607622114868492,6.494900697799249,9.420289855072463,17.612721417069242,0.95276435856146,2.2342995169082127,0.3824476650563607,0.12077294685990338,0.2147074610842727,,,,
89,12.70799785292539,16.935050993022006,8.387010198604402,3.589640365002684,0.7716049382716049,4.367954911433173,4.428341384863124,45.98765432098765,0.5032206119162641,1.9994632313472893,0.24154589371980675,0.03354804079441761,0.04696725711218465,,,,
90,12.70799785292539,16.881374127750938,8.420558239398819,3.589640365002684,0.7514761137949544,4.394793344068707,4.455179817498658,45.967525496511,0.5032206119162641,1.9927536231884058,0.24154589371980675,0.04696725711218465,0.04696725711218465,,,,
91,12.654320987654321,16.888083735909824,8.923778851315083,3.589640365002684,0.6977992485238862,4.394793344068707,3.9989264626945786,45.880300590445515,0.5367686527106817,2.100107353730542,0.24154589371980675,0.04696725711218465,0.04696725711218465,,,,
92,12.627482555018787,16.82769726247987,9.03113258185722,3.589640365002684,0.7313472893183038,4.394793344068707,4.052603327965647,45.75952764358561,0.5501878690284487,2.086688137412775,0.24154589371980675,0.06038647342995169,0.04696725711218465,,,,
93,12.392646269457863,16.686795491143318,9.098228663446054,3.5628019323671496,0.7313472893183038,5.186527106816962,5.756843800322061,43.605743424584006,0.5501878690284487,2.0799785292538915,0.24154589371980675,0.06038647342995169,0.04696725711218465,,,,
94,12.050456253354804,16.982018250134193,9.426999463231347,6.340579710144928,0.7313472893183038,5.186527106816962,5.401234567901234,40.747450348899626,0.644122383252818,2.0665593129361244,0.30193236714975846,0.07380568974771873,0.04696725711218465,,,,
95,12.04374664519592,16.955179817498657,9.460547504025765,6.233225979602791,0.8722490606548577,5.179817498658078,5.367686527106817,40.734031132581855,0.644122383252818,2.0799785292538915,0.30864197530864196,0.07380568974771873,0.04696725711218465,,,,
96,6.072195383789587,29.361245303274288,8.494363929146537,6.119162640901771,0.8789586688137413,4.616210413311863,4.777241009125067,36.03730542136339,1.1406333870101986,2.073268921095008,0.2952227589908749,0.07380568974771873,0.06038647342995169,,,,
97,6.045356951154052,29.320987654320987,8.722490606548577,5.931293612453032,1.0534084809447128,4.636339237788513,4.810789049919484,35.90311325818572,1.1406333870101986,2.006172839506173,0.2952227589908749,0.07380568974771873,0.06038647342995169,,,,
98,5.991680085882985,29.086151368760063,8.769457863660762,5.797101449275362,1.1876006441223832,5.340848094471283,4.783950617283951,35.39989264626946,1.1674718196457328,2.0263016639828235,0.3153515834675255,0.07380568974771873,0.06038647342995169,,,,
99,5.911164787976382,28.945249597423512,8.863392377885132,5.770263016639828,1.2278582930756843,5.340848094471283,4.770531400966184,35.50053676865271,1.1674718196457328,2.0531400966183573,0.3153515834675255,0.07380568974771873,0.06038647342995169,,,,
100,5.911164787976382,28.898282340311326,9.037842190016104,5.770263016639828,1.2278582930756843,5.340848094471283,4.770531400966184,35.30595813204509,1.1674718196457328,2.086688137412775,0.3488996242619431,0.07380568974771873,0.06038647342995169,,,,
101,5.897745571658615,28.79092860976919,9.41358024691358,5.736714975845411,1.261406333870102,5.340848094471283,4.757112184648417,35.01073537305421,1.1473429951690821,2.1604938271604937,0.3488996242619431,0.07380568974771873,0.06038647342995169,,,,
102,5.897745571658615,28.65673644659152,9.621578099838969,5.676328502415459,1.3217928073000538,5.3274288781535155,4.64975845410628,34.88996242619431,1.2815351583467525,2.1739130434782608,0.36231884057971014,0.08051529790660225,0.06038647342995169,,,,
103,5.897745571658615,28.56280193236715,9.842995169082126,5.676328502415459,1.3217928073000538,5.3274288781535155,4.636339237788513,34.74906065485776,1.3083735909822867,2.1739130434782608,0.36231884057971014,0.08051529790660225,0.06038647342995169,,,,
104,5.844068706387547,28.368223295759528,10.963499731615673,5.790391841116479,1.3352120236178207,5.428073000536768,4.636339237788513,33.50107353730542,1.3083735909822867,2.3215244229736984,0.36231884057971014,0.08051529790660225,0.06038647342995169,,,,
105,4.300858829844337,43.853998926462694,9.138486312399356,5.0858829844337095,1.288244766505636,3.2206119162640903,5.401234567901234,24.590713902308106,1.1205045625335481,1.7176596886741815,0.11406333870101985,0.12077294685990338,0.04696725711218465,,,,
106,4.300858829844337,43.71980676328502,9.25925925925926,5.052334943639291,1.3150831991411702,3.2742887815351582,5.394524959742351,24.516908212560388,1.1272141706924315,1.7579173376274826,0.11406333870101985,0.12077294685990338,0.04696725711218465,,,,
107,4.280730005367687,43.33735909822866,9.648416532474503,5.025496511003757,1.3553408480944713,3.2877079978529253,5.374396135265701,24.48336017176597,1.1473429951690821,1.778046162104133,0.11406333870101985,0.12077294685990338,0.04696725711218465,,,,
108,4.274020397208803,43.03542673107891,9.849704777241008,5.025496511003757,1.3352120236178207,3.280998389694042,5.314009661835748,24.50348899624262,1.2144390767579174,1.7981749865807837,0.14090177133655393,0.14090177133655393,0.08722490606548577,,,,
109,4.274020397208803,42.74691358024691,10.11808910359635,5.025496511003757,1.3083735909822867,3.2742887815351582,5.314009661835748,24.490069779924852,1.2412775093934514,1.8183038110574343,0.15432098765432098,0.14090177133655393,0.0939345142243693,,,,
110,4.247181964573269,42.62614063338701,10.326086956521738,5.018786902844874,1.2815351583467525,3.240740740740741,5.314009661835748,24.396135265700483,1.2681159420289856,1.8786902844873858,0.15432098765432098,0.15432098765432098,0.0939345142243693,,,,
111,4.247181964573269,41.56602254428341,11.473429951690822,4.9651100375738055,1.328502415458937,3.2742887815351582,5.314009661835748,24.248523886205046,1.2681159420289856,1.8853998926462694,0.15432098765432098,0.18115942028985507,0.0939345142243693,,,,
112,4.247181964573269,40.88164251207729,13.45276435856146,6.005099302200751,1.402308105206656,3.321256038647343,5.314009661835748,21.967257112184647,1.2748255501878691,1.6706924315619969,0.15432098765432098,0.2147074610842727,0.0939345142243693,,,,
113,4.247181964573269,40.78099838969404,13.976113794954374,5.8239398819108965,1.402308105206656,3.321256038647343,5.280461621041331,21.571390230810522,1.42914653784219,1.6035963499731616,0.2549651100375738,0.2147074610842727,0.0939345142243693,,,,
114,4.2203435319377345,39.95571658615137,16.150026838432634,5.8172302737520125,1.402308105206656,3.3480944712828773,5.280461621041331,20.21604938271605,1.42914653784219,1.6170155662909287,0.2549651100375738,0.2147074610842727,0.0939345142243693,,,,
115,4.193505099302201,39.841653247450346,16.203703703703702,5.803811057434245,1.3687600644122384,3.2742887815351582,5.267042404723564,20.21604938271605,1.5901771336553945,1.6505636070853462,0.28180354267310787,0.2147074610842727,0.0939345142243693,,,,
116,4.193505099302201,39.720880300590444,16.203703703703702,5.803811057434245,1.3419216317767042,3.4420289855072466,5.246913580246914,20.001341921631777,1.583467525496511,1.8988191089640365,0.28180354267310787,0.1878690284487386,0.0939345142243693,,,,
117,4.166666666666667,39.38539989264627,16.170155662909288,6.877348362855609,1.4492753623188406,3.435319377348363,5.448201825013419,19.028448738593667,1.583467525496511,1.8250134192163177,0.28180354267310787,0.2147074610842727,0.13419216317767044,,,,
118,4.166666666666667,39.26462694578637,16.29092860976919,6.877348362855609,1.4492753623188406,3.435319377348363,5.448201825013419,18.99490069779925,1.6237251744498122,1.8183038110574343,0.28180354267310787,0.2147074610842727,0.13419216317767044,,,,
119,4.166666666666667,39.06333870101986,16.478797638217927,6.816961889425658,1.4492753623188406,3.435319377348363,5.448201825013419,18.98148148148148,1.6371443907675791,1.8183038110574343,0.3421900161030596,0.2281266774020397,0.13419216317767044,,,,
120,4.139828234031133,38.90230810520666,16.606280193236714,6.823671497584541,1.3821792807300053,3.435319377348363,5.448201825013419,18.907675791733762,1.751207729468599,1.865271068169619,0.32877079978529256,0.27509393451422437,0.13419216317767044,,,,
121,4.086151368760064,38.26489533011272,16.901502952227588,6.776704240472356,1.4090177133655395,3.408480944712829,5.4616210413311865,19.350509930220074,1.751207729468599,1.8518518518518519,0.32877079978529256,0.27509393451422437,0.13419216317767044,,,,
122,4.086151368760064,38.137412775093935,17.03569511540526,6.776704240472356,1.4224369296833066,3.408480944712829,5.4616210413311865,19.33709071390231,1.7310789049919484,1.865271068169619,0.32877079978529256,0.27509393451422437,0.13419216317767044,,,,
123,4.079441760601181,37.68786902844874,17.404723564143854,6.837090713902308,1.3888888888888888,3.5292538915727323,5.4616210413311865,19.243156199677937,1.7310789049919484,1.8518518518518519,0.3421900161030596,0.30864197530864196,0.13419216317767044,,,,
124,4.079441760601181,37.553676865271065,17.337627482555018,6.830381105743425,1.3888888888888888,3.549382716049383,6.421095008051529,18.552066559312937,1.7310789049919484,1.724369296833065,0.36902844873859364,0.32877079978529256,0.13419216317767044,,,,
125,4.079441760601181,37.5402576489533,17.21014492753623,6.863929146537842,1.3888888888888888,3.549382716049383,6.353998926462695,18.370907139023082,1.892109500805153,1.9122383252818036,0.36902844873859364,0.33548040794417605,0.13419216317767044,,,,
126,4.079441760601181,37.4597423510467,17.881105743424584,6.863929146537842,1.402308105206656,3.4957058507783145,6.353998926462695,17.820719269994633,1.8786902844873858,1.9122383252818036,0.36902844873859364,0.33548040794417605,0.14761137949543746,,,,
127,4.079441760601181,37.33225979602791,18.129361245303276,6.857219538378959,1.4090177133655395,3.488996242619431,6.333870101986044,17.60601180891036,1.892109500805153,2.01959205582394,0.36902844873859364,0.33548040794417605,0.14761137949543746,,,,
128,3.844605475040258,37.41277509393451,18.276972624798713,6.823671497584541,1.5163714439076759,3.488996242619431,6.327160493827161,17.55233494363929,1.892109500805153,2.0263016639828235,0.3421900161030596,0.3488996242619431,0.14761137949543746,,,,
129,3.8311862587224907,36.580783682232955,17.60601180891036,6.629092860976919,1.4694041867954912,4.582662372517445,6.092324208266238,18.38432635534085,1.7444981213097155,2.167203435319377,0.3824476650563607,0.3488996242619431,0.16774020397208803,0.013419216317767043,,,
130,3.8311862587224907,36.37949543746645,17.807300053676865,6.629092860976919,1.4694041867954912,4.582662372517445,6.078904991948471,18.38432635534085,1.7310789049919484,2.15378421900161,0.3824476650563607,0.38915727321524424,0.16774020397208803,0.013419216317767043,,,
131,3.8311862587224907,36.272141706924316,17.753623188405797,6.629092860976919,1.570048309178744,4.777241009125067,6.092324208266238,18.344068706387546,1.751207729468599,2.0263016639828235,0.3824476650563607,0.38915727321524424,0.16774020397208803,0.013419216317767043,,,
132,3.8311862587224907,36.151368760064415,17.726784755770264,6.642512077294686,1.570048309178744,4.830917874396135,6.092324208266238,18.357487922705314,1.778046162104133,2.0397208803005906,0.3824476650563607,0.41599570585077833,0.16774020397208803,0.013419216317767043,,,
133,3.8311862587224907,36.05743424584004,17.733494363929147,6.635802469135802,1.570048309178744,4.884594739667204,6.092324208266238,18.357487922705314,1.778046162104133,2.0397208803005906,0.38915727321524424,0.4294149221685454,0.1878690284487386,0.013419216317767043,,,
134,3.7909286097691894,35.84272678475577,16.800858829844337,6.595544820182502,1.570048309178744,6.823671497584541,6.0587761674718195,17.538915727321523,1.8183038110574343,2.059849704777241,0.48980139559849706,0.4092860976918948,0.1878690284487386,0.013419216317767043,,,
135,3.7909286097691894,35.33279656468062,17.04911433172303,6.5552871712292005,1.7646269457863661,6.9310252281266775,6.139291465378422,17.424852388620504,1.8183038110574343,2.073268921095008,0.5099302200751477,0.4092860976918948,0.1878690284487386,0.013419216317767043,,,
136,3.7909286097691894,35.27241009125067,17.196725711218466,6.5552871712292005,1.7646269457863661,6.890767579173376,6.125872249060655,17.277241009125067,1.8048845947396672,2.046430488459474,0.6709608158883521,0.4025764895330113,0.1878690284487386,0.013419216317767043,,,
137,3.7909286097691894,32.88378958668814,16.867954911433173,9.138486312399356,1.778046162104133,6.884057971014493,6.125872249060655,17.411433172302736,1.8048845947396672,2.033011272141707,0.6709608158883521,0.4025764895330113,0.19457863660762212,0.013419216317767043,,,
138,3.770799785292539,31.273483628556093,18.431293612453032,9.172034353193773,1.8317230273752012,6.904186795491143,6.099033816425121,17.364465915190554,1.7981749865807837,2.0665593129361244,0.6709608158883521,0.4025764895330113,0.19457863660762212,0.020128824476650563,,,
139,3.7640901771336552,31.219806763285025,18.015297906602253,10.326086956521738,1.7310789049919484,6.6827697262479875,6.333870101986044,16.914922168545356,1.7713365539452497,1.9524959742351047,0.6709608158883521,0.4025764895330113,0.19457863660762212,0.020128824476650563,,,
140,3.7640901771336552,30.844068706387546,18.491680085882983,10.144927536231885,1.7176596886741815,6.736446591519055,6.763285024154589,16.659957058507782,1.865271068169619,1.751207729468599,0.644122383252818,0.4025764895330113,0.19457863660762212,0.020128824476650563,,,
141,3.7640901771336552,30.803811057434245,20.73268921095008,10.057702630166398,1.7579173376274826,6.857219538378959,6.749865807836822,14.49946323134729,1.8719806763285025,1.6035963499731616,0.6642512077294686,0.4227053140096618,0.19457863660762212,0.020128824476650563,,,
142,3.7640901771336552,30.475040257648953,21.24261943102523,9.883252818035427,1.7914653784219001,6.870638754696726,7.125603864734299,14.546430488459475,1.3687600644122384,1.6035963499731616,0.6776704240472357,0.4227053140096618,0.20799785292538917,0.020128824476650563,,,
143,3.7573805689747717,30.20665593129361,21.115136876006442,9.728931830381105,1.8585614600107354,7.575147611379496,7.071926999463232,14.445786366076222,1.2681159420289856,1.583467525496511,0.7380568974771873,0.4092860976918948,0.2214170692431562,0.020128824476650563,,,
144,3.7573805689747717,30.173107890499196,21.101717659688674,9.742351046698873,1.8853998926462694,7.548309178743962,7.071926999463232,14.439076757917338,1.2681159420289856,1.570048309178744,0.7716049382716049,0.4294149221685454,0.2214170692431562,0.020128824476650563,,,
145,3.730542136339238,29.985238862050455,21.141975308641975,10.493827160493828,1.865271068169619,7.313472893183038,7.018250134192163,14.36527106816962,1.06682769726248,1.570048309178744,0.7917337627482555,0.4294149221685454,0.2147074610842727,0.013419216317767043,,,
146,3.683574879227053,29.830917874396135,21.141975308641975,10.473698336017177,1.9927536231884058,7.219538378958669,7.024959742351046,14.378690284487385,1.1406333870101986,1.6304347826086956,0.8118625872249061,0.4428341384863124,0.20128824476650564,0.026838432635534086,,,
147,3.6634460547504024,29.508856682769725,21.430488459473967,10.507246376811594,1.9994632313472893,7.1725711218464845,6.9243156199677935,14.358561460010735,1.261406333870102,1.6304347826086956,0.8387010198604401,0.47638217928073,0.20128824476650564,0.026838432635534086,,,
148,3.6634460547504024,29.381374127750938,21.55126140633387,10.44015029522276,2.006172839506173,7.0383789586688135,6.9243156199677935,14.65378421900161,1.2345679012345678,1.5432098765432098,0.8521202361782072,0.46296296296296297,0.2214170692431562,0.026838432635534086,,,
149,3.6634460547504024,29.341116478797638,21.490874932903917,10.44015029522276,2.0665593129361244,7.0383789586688135,6.89747718733226,14.53972088030059,1.261406333870102,1.6841116478797638,0.8521202361782072,0.46296296296296297,0.23483628556092323,0.026838432635534086,,,
150,3.6634460547504024,29.30756843800322,21.531132581857218,10.38647342995169,2.120236178207193,7.0383789586688135,6.870638754696726,14.465915190552872,1.3083735909822867,1.6908212560386473,0.8923778851315083,0.46296296296296297,0.23483628556092323,0.026838432635534086,,,
151,3.6634460547504024,29.280730005367687,21.490874932903917,10.071121846484166,2.1135265700483092,6.937734836285561,6.877348362855609,14.331723027375201,1.3419216317767042,2.2342995169082127,0.9259259259259259,0.46967257112184646,0.23483628556092323,0.026838432635534086,,,
152,3.6634460547504024,29.200214707461082,21.4573268921095,10.057702630166398,2.1135265700483092,6.964573268921095,6.870638754696726,14.331723027375201,1.3419216317767042,2.24771873322598,0.9460547504025765,0.46967257112184646,0.30864197530864196,0.026838432635534086,,,
153,2.8515834675254963,26.40901771336554,20.04830917874396,9.588030059044552,2.1403650026838434,8.890230810520666,6.723027375201288,17.773752012882447,1.4090177133655395,2.4490069779924855,0.9057971014492754,0.48980139559849706,0.2952227589908749,0.026838432635534086,,,
154,2.8515834675254963,26.060118089103597,18.907675791733762,9.581320450885668,2.046430488459474,10.755501878690284,6.655931293612453,17.60601180891036,1.402308105206656,2.4825550187869028,0.8923778851315083,0.4227053140096618,0.30864197530864196,0.026838432635534086,,,
155,2.8515834675254963,25.91250670960816,19.028448738593667,9.581320450885668,2.086688137412775,10.903113258185721,6.649221685453569,17.290660225442835,1.402308105206656,2.657004830917874,0.8789586688137413,0.4227053140096618,0.30864197530864196,0.026838432635534086,,,
156,2.8515834675254963,25.91250670960816,19.02173913043478,9.561191626409018,2.0531400966183573,10.829307568438002,6.649221685453569,17.250402576489535,1.4694041867954912,2.6435856146001075,0.95276435856146,0.46967257112184646,0.30864197530864196,0.026838432635534086,,,
157,2.8515834675254963,25.85212023617821,19.07541599570585,9.574610842726784,2.0665593129361244,10.762211486849168,6.6760601180891035,17.20343531937735,1.4694041867954912,2.677133655394525,0.9863123993558777,0.46967257112184646,0.30864197530864196,0.026838432635534086,,,
158,1.6572732152442298,21.35668276972625,16.23054213633924,9.41358024691358,2.0933977455716586,10.071121846484166,22.61808910359635,10.82259796027912,1.5767579173376274,2.428878153515835,0.9594739667203436,0.46967257112184646,0.27509393451422437,0.026838432635534086,,,
159,1.6438539989264627,21.316425120772948,16.5727321524423,9.373322597960279,2.120236178207193,10.091250670960816,22.604669887278583,10.46027911969941,1.596886741814278,2.428878153515835,0.9594739667203436,0.48980139559849706,0.3153515834675255,0.026838432635534086,,,
160,1.6438539989264627,19.290123456790123,19.699409554482017,9.380032206119163,2.120236178207193,9.977187332259795,22.604669887278583,9.440418679549115,1.5767579173376274,2.428878153515835,1.0064412238325282,0.48980139559849706,0.3153515834675255,0.026838432635534086,,,
161,1.6438539989264627,19.249865807836823,19.605475040257648,9.500805152979066,2.1135265700483092,9.977187332259795,22.57783145464305,9.440418679549115,1.6035963499731616,2.428878153515835,1.0064412238325282,0.5099302200751477,0.3153515834675255,0.026838432635534086,,,
162,1.6438539989264627,19.236446591519055,19.57192699946323,9.447128287707997,2.1604938271604937,9.977187332259795,22.537573805689746,9.440418679549115,1.6774020397208802,2.428878153515835,1.0332796564680622,0.5233494363929146,0.2952227589908749,0.026838432635534086,,,
163,1.6438539989264627,19.223027375201287,19.49812130971551,9.440418679549115,2.2074610842726785,9.977187332259795,22.443639291465377,9.426999463231347,1.7444981213097155,2.428878153515835,1.0332796564680622,0.5904455179817498,0.3153515834675255,0.026838432635534086,,,
164,1.6371443907675791,19.162640901771336,19.47128287707998,9.39345142243693,2.200751476113795,9.916800858829845,22.228931830381107,9.75577026301664,1.8048845947396672,2.4020397208803006,1.0332796564680622,0.6105743424584005,0.35560923242082665,0.026838432635534086,,,
165,1.6371443907675791,17.814009661835748,20.92055823939882,9.373322597960279,2.214170692431562,9.883252818035427,22.168545356951153,9.621578099838969,1.90552871712292,2.4355877616747184,1.0332796564680622,0.6038647342995169,0.36231884057971014,0.026838432635534086,,,
166,1.6237251744498122,17.787171229200215,20.933977455716587,10.198604401502953,2.328234031132582,9.212292002147075,22.134997316156735,9.39345142243693,1.892109500805153,2.4355877616747184,1.0064412238325282,0.6642512077294686,0.3488996242619431,0.026838432635534086,0.013419216317767043,,
167,1.6237251744498122,17.693236714975846,20.98094471282877,10.124798711755233,2.3617820719269993,9.232420826623725,21.826355340848096,9.366612989801396,2.2342995169082127,2.4892646269457863,0.9863123993558777,0.6910896403650026,0.3488996242619431,0.026838432635534086,0.013419216317767043,,
168,1.6035963499731616,15.304616210413311,20.531400966183575,10.00402576489533,2.3752012882447664,12.365807836822329,21.900161030595815,9.29951690821256,2.2611379495437465,2.301395598497048,0.9930220075147611,0.6709608158883521,0.3488996242619431,0.026838432635534086,0.013419216317767043,,
