,45,50,52,53,54,51,55,59,56,57,58
0,95.58507783145464,4.414922168545357,,,,,,,,,
1,67.10950080515298,31.246645195920557,1.6438539989264627,,,,,,,,
2,67.27724100912506,31.07890499194847,1.6438539989264627,,,,,,,,
3,61.52710681696189,36.862587224906065,1.6103059581320451,,,,,,,,
4,56.95115405260333,33.071658615136876,7.541599570585078,2.4355877616747184,,,,,,,
5,54.6430488459474,33.293075684380035,7.48792270531401,2.4355877616747184,2.1403650026838434,,,,,,
6,50.60386473429951,26.7914653784219,7.25979602791197,1.5297906602254427,2.1403650026838434,11.674718196457327,,,,,
7,46.041331186258724,33.13875469672571,7.219538378958669,1.5297906602254427,2.086688137412775,9.634997316156737,0.3488996242619431,,,,
8,46.2962962962963,32.86366076221149,7.266505636070853,1.5297906602254427,2.341653247450349,9.353193773483628,0.3488996242619431,,,,
9,46.60493827160494,32.628824476650564,7.199409554482019,1.5297906602254427,2.2074610842726785,9.339774557165862,0.3488996242619431,0.14090177133655393,,,
10,40.33145464304884,33.76945786366076,7.159151905528717,0.4227053140096618,8.57487922705314,8.970746108427267,0.630703166935051,0.14090177133655393,,,
11,36.64787976382179,36.111111111111114,7.085346215780999,2.475845410628019,8.36688137412775,8.548040794417606,0.630703166935051,0.13419216317767044,,,
12,27.791196994095547,35.7487922705314,6.608964036500268,2.442297369833602,8.796296296296296,17.847557702630166,0.630703166935051,0.13419216317767044,,,
13,28.16022544283414,35.42002147074611,5.998389694041868,3.1065485775630703,8.695652173913043,17.780461621041333,0.7045088566827697,0.13419216317767044,,,
14,25.845410628019323,28.032742887815353,4.636339237788513,5.535426731078905,7.917337627482555,27.26784755770263,0.630703166935051,0.13419216317767044,,,
15,24.61755233494364,29.562533548040793,4.62962962962963,5.407944176060118,7.897208803005904,27.140365002683843,0.6239935587761675,0.12077294685990338,,,
16,24.892646269457863,27.569779924852387,4.562533548040794,5.374396135265701,7.890499194847021,28.965378421900162,0.6239935587761675,0.12077294685990338,,,
17,23.349436392914654,24.825550187869027,15.432098765432098,3.4957058507783145,9.03113258185722,23.429951690821255,0.4092860976918948,0.026838432635534086,,,
18,19.75979602791197,30.810520665593128,13.727858293075684,3.4957058507783145,8.635265700483092,23.13472893183038,0.4092860976918948,0.026838432635534086,,,
19,18.9747718733226,29.71014492753623,13.66076221148685,3.4621578099838968,8.561460010735374,25.194578636607623,0.4092860976918948,0.026838432635534086,,,
20,19.384057971014492,26.32850241545894,14.130434782608695,3.435319377348363,11.010466988727858,24.892646269457863,0.5032206119162641,0.026838432635534086,0.13419216317767044,0.15432098765432098,
21,17.19001610305958,28.193773483628558,13.90901771336554,3.6902844873859366,10.326086956521738,25.805152979066023,0.5233494363929146,0.026838432635534086,0.18115942028985507,0.15432098765432098,
22,15.646806226516372,29.51556629092861,15.083199141170155,3.6634460547504024,9.534353193773484,25.731347289318304,0.48980139559849706,,0.18115942028985507,0.15432098765432098,
23,15.68035426731079,28.99892646269458,19.14922168545357,3.730542136339238,9.426999463231347,22.188674181427803,0.48980139559849706,,0.18115942028985507,0.15432098765432098,
24,16.09634997316157,28.864734299516908,19.028448738593667,3.7238325281803544,9.41358024691358,22.054482018250134,0.48980139559849706,,0.18115942028985507,0.14761137949543746,
25,16.6532474503489,28.65673644659152,18.95464304884595,3.7104133118625873,9.380032206119163,21.826355340848096,0.48980139559849706,,0.18115942028985507,0.14761137949543746,
26,16.780730005367687,27.100107353730543,18.800322061191626,5.4616210413311865,9.339774557165862,21.712292002147073,0.48980139559849706,,0.18115942028985507,0.13419216317767044,
27,17.12962962962963,26.402308105206657,15.935319377348362,5.340848094471283,9.39345142243693,24.610842726784757,0.7313472893183038,,0.322061191626409,0.13419216317767044,
28,17.57246376811594,26.20101986044015,15.68035426731079,5.3341384863123995,9.292807300053678,24.54374664519592,0.7313472893183038,,0.5099302200751477,0.13419216317767044,
29,18.04213633923779,26.08695652173913,15.58641975308642,5.287171229200215,9.252549651100376,24.382716049382715,0.7179280730005367,,0.5099302200751477,0.13419216317767044,
30,18.417874396135264,24.94632313472893,18.00187869028449,5.273752012882448,7.7831454643048845,23.752012882447666,0.9326355340848095,,0.7581857219538379,0.13419216317767044,
31,18.095813204508858,23.03408480944713,16.451959205582394,5.267042404723564,5.501878690284487,29.958400429414922,0.9326355340848095,,0.7581857219538379,,
32,18.78690284487386,22.799248523886206,16.391572732152444,5.515297906602254,5.401234567901234,29.414922168545356,0.9326355340848095,,0.7581857219538379,,
33,15.935319377348362,29.374664519592056,16.27750939345142,11.18491680085883,5.3274288781535155,20.578368223295758,0.7112184648416533,,0.6105743424584005,,
34,16.485507246376812,29.086151368760063,16.19699409554482,11.117820719269995,5.273752012882448,20.517981749865807,0.7112184648416533,,0.6105743424584005,,
35,16.955179817498657,28.871443907675793,16.049382716049383,10.25228126677402,7.87037037037037,18.63929146537842,0.7112184648416533,,0.6508319914117016,,
36,17.69994632313473,28.529253891572733,15.707192699946322,10.104669887278583,7.816693505099302,18.50509930220075,0.7716049382716049,,0.8655394524959742,,
37,16.71363392377885,26.576757917337627,14.875201288244767,8.675523349436393,4.341116478797638,27.093397745571657,1.107085346215781,,0.6172839506172839,,
38,16.371443907675793,23.805689747718734,19.202898550724637,6.025228126677402,2.3550724637681157,30.67632850241546,1.1003757380568975,,0.46296296296296297,,
39,15.056360708534621,19.048577563070317,7.883789586688137,4.643048845947397,2.2879763821792807,49.81213097155126,1.0601180891035964,,0.20799785292538917,,
40,15.780998389694043,18.894256575415994,7.803274288781535,4.602791196994096,2.26784755770263,49.282071926999464,1.0601180891035964,,0.30864197530864196,,
41,11.60762211486849,14.184111647879764,18.364197530864196,1.42914653784219,0.3421900161030596,52.844873859366615,0.8319914117015567,,0.39586688137412773,,
42,8.655394524959743,22.134997316156735,15.98899624261943,1.2144390767579174,0.3421900161030596,50.76489533011272,0.5233494363929146,,0.3757380568974772,,
43,8.051529790660226,21.604938271604937,15.901771336553946,1.2144390767579174,0.3421900161030596,52.09339774557166,0.322061191626409,,0.46967257112184646,,
44,8.36688137412775,21.443907675791735,36.22517444981213,0.9796027911969941,0.3421900161030596,31.743156199677937,0.1878690284487386,,0.7112184648416533,,
45,6.239935587761675,15.747450348899624,35.57434245840043,0.9796027911969941,0.2952227589908749,40.19726247987118,0.1878690284487386,,0.6977992485238862,0.08051529790660225,
46,6.998121309715513,15.53274288781535,34.86983360171766,0.9796027911969941,0.2885131508319914,39.88862050456253,0.46296296296296297,,0.6508319914117016,0.32877079978529256,
47,6.9310252281266775,15.445517981749866,34.09151905528717,0.9796027911969941,0.2885131508319914,40.92190016103059,0.46296296296296297,,0.5501878690284487,0.32877079978529256,
48,7.6556629092860975,15.250939345142244,33.81642512077295,0.9796027911969941,0.2885131508319914,40.31132581857219,0.46296296296296297,,0.9057971014492754,0.32877079978529256,
49,8.165593129361245,15.170424047235642,33.621846484165324,0.966183574879227,0.2885131508319914,39.94900697799248,0.46296296296296297,,1.0601180891035964,0.3153515834675255,
50,8.621846484165324,14.908749329039184,33.77616747181965,0.9460547504025765,0.2885131508319914,39.741009125067094,0.1878690284487386,,1.0601180891035964,0.46967257112184646,
51,8.111916264090176,13.446054750402576,35.88298443370907,0.9460547504025765,2.717391304347826,36.87600644122383,0.1878690284487386,,1.3620504562533549,0.46967257112184646,
52,8.400429414922169,11.922973698336017,37.23161567364466,0.9259259259259259,2.6704240472356413,36.600912506709605,0.1878690284487386,,1.3620504562533549,0.46967257112184646,0.2281266774020397
53,9.125067096081589,11.889425657541599,36.99006977992485,0.9192163177670424,2.563070316693505,36.171497584541065,0.1878690284487386,0.0939345142243693,1.3620504562533549,0.46967257112184646,0.2281266774020397
54,8.333333333333334,11.191626409017713,33.903650026838434,4.777241009125067,2.563070316693505,37.1309715512614,0.2616747181964573,0.0939345142243693,1.0466988727858293,0.46967257112184646,0.2281266774020397
55,7.877079978529254,11.137949543746645,26.576757917337627,4.777241009125067,2.536231884057971,44.6256038647343,0.2616747181964573,0.0939345142243693,1.3620504562533549,0.5233494363929146,0.2281266774020397
56,6.823671497584541,9.655126140633387,20.511272141706925,4.736983360171766,2.536231884057971,53.33467525496511,0.19457863660762212,0.0939345142243693,1.3620504562533549,0.5233494363929146,0.2281266774020397
57,7.561728395061729,9.567901234567902,20.356951154052602,4.730273752012883,2.4691358024691357,52.91196994095545,0.19457863660762212,0.0939345142243693,1.3620504562533549,0.5233494363929146,0.2281266774020397
58,8.05823939881911,9.541062801932368,20.209339774557165,4.730273752012883,2.408749329039184,52.24771873322598,0.19457863660762212,0.0939345142243693,1.6438539989264627,0.644122383252818,0.2281266774020397
59,7.803274288781535,9.500805152979066,18.57890499194847,12.842190016103059,2.3617820719269993,46.423778851315085,0.19457863660762212,0.0939345142243693,1.328502415458937,0.644122383252818,0.2281266774020397
60,7.856951154052603,9.219001610305957,18.4849704777241,12.627482555018787,2.328234031132582,47.00751476113795,0.19457863660762212,0.08722490606548577,1.3217928073000538,0.644122383252818,0.2281266774020397
61,8.400429414922169,9.172034353193773,18.323939881910896,12.5402576489533,2.2946859903381642,46.51771336553945,0.19457863660762212,0.08722490606548577,1.596886741814278,0.644122383252818,0.2281266774020397
62,9.353193773483628,9.111647879763822,18.109232420826622,12.466451959205582,2.2946859903381642,45.91384863123994,0.2549651100375738,0.08722490606548577,1.556629092860977,0.6239935587761675,0.2281266774020397
63,8.977455716586151,8.635265700483092,15.96886741814278,12.318840579710145,1.9860440150295222,49.57729468599034,0.20799785292538917,0.08722490606548577,1.42914653784219,0.6239935587761675,0.1878690284487386
64,8.071658615136876,5.434782608695652,18.115942028985508,10.876274825550189,1.9726247987117553,53.32796564680623,0.06038647342995169,0.08722490606548577,1.3150831991411702,0.5501878690284487,0.1878690284487386
65,8.876811594202898,5.428073000536768,17.881105743424584,10.876274825550189,1.932367149758454,52.63687600644123,0.06038647342995169,0.08722490606548577,1.3150831991411702,0.7179280730005367,0.1878690284487386
66,9.29951690821256,5.367686527106817,17.807300053676865,10.789049919484702,1.9256575415995705,52.04643048845947,0.4562533548040794,0.08722490606548577,1.3150831991411702,0.7179280730005367,0.1878690284487386
67,8.742619431025227,5.367686527106817,21.490874932903917,10.762211486849168,3.6634460547504024,47.85963499731616,0.322061191626409,0.06709608158883522,1.3217928073000538,0.3824476650563607,0.020128824476650563
68,9.138486312399356,5.3341384863123995,21.390230810520666,10.661567364465915,3.6366076221148687,47.678475577026305,0.322061191626409,0.06709608158883522,1.3687600644122384,0.3824476650563607,0.020128824476650563
69,9.708803005904455,5.24020397208803,21.20907139023081,10.091250670960816,3.6097691894793345,45.8467525496511,0.322061191626409,0.06709608158883522,3.5091250670960816,0.3757380568974772,0.020128824476650563
70,10.44015029522276,5.173107890499195,21.095008051529792,9.950348899624261,3.5963499731615673,45.3972088030059,0.30864197530864196,0.06709608158883522,3.5762211486849167,0.3757380568974772,0.020128824476650563
71,11.030595813204508,5.0993022007514766,20.974235104669887,9.950348899624261,3.5225442834138487,44.518250134192165,0.30864197530864196,0.06709608158883522,4.133118625872249,0.3757380568974772,0.020128824476650563
72,11.312399355877616,5.092592592592593,20.860171765968868,9.863123993558776,2.5966183574879227,42.8743961352657,2.7777777777777777,0.06709608158883522,4.159957058507783,0.3757380568974772,0.020128824476650563
73,11.453301127214171,5.092592592592593,22.973698336017176,9.816156736446592,0.966183574879227,42.73349436392915,2.6637144390767578,0.06709608158883522,3.8580246913580245,0.3757380568974772,
74,12.010198604401502,5.092592592592593,22.879763821792807,9.728931830381105,0.9326355340848095,42.45840042941492,2.6435856146001075,0.06709608158883522,3.81105743424584,0.3757380568974772,
75,12.392646269457863,5.052334943639291,22.591250670960815,9.608158883521202,0.9326355340848095,40.35829307568438,4.830917874396135,0.06709608158883522,3.7909286097691894,0.3757380568974772,
76,12.942834138486312,4.998658078368224,22.517444981213096,9.406870638754697,1.06682769726248,40.08990874932904,4.790660225442834,0.06709608158883522,3.743961352657005,0.3757380568974772,
77,11.104401502952227,0.35560923242082665,20.303274288781534,10.721953837895867,1.06682769726248,47.78582930756844,4.663177670424047,0.06709608158883522,3.643317230273752,0.2885131508319914,
78,11.20504562533548,0.35560923242082665,23.161567364465917,10.413311862587225,1.0399892646269457,46.67203435319377,3.978797638217928,0.06709608158883522,2.818035426731079,0.2885131508319914,
79,11.862587224906065,0.32877079978529256,22.993827160493826,10.205314009661835,1.2010198604401503,46.30971551261406,3.9519592055823938,0.06709608158883522,2.791196994095545,0.2885131508319914,
80,12.164519592055823,0.32877079978529256,28.73725174449812,10.138217928073,1.288244766505636,39.55984970477724,4.49543746645196,0.06709608158883522,2.7844873859366612,0.43612453032742887,
81,12.016908212560386,0.30864197530864196,28.12667740203972,9.353193773483628,1.2748255501878691,38.65405260332797,6.649221685453569,0.06709608158883522,3.240740740740741,0.30864197530864196,
82,11.761943102522812,0.30864197530864196,25.751476113794954,5.152979066022544,1.261406333870102,47.537573805689746,5.280461621041331,0.06709608158883522,2.5697799248523885,0.30864197530864196,
83,12.365807836822329,0.30864197530864196,25.664251207729468,5.10601180891036,1.261406333870102,47.175254965110035,5.186527106816962,0.06709608158883522,2.5563607085346214,0.30864197530864196,
84,12.895866881374127,0.30864197530864196,25.583735909822867,5.092592592592593,1.261406333870102,46.88674181427805,5.139559849704777,0.06709608158883522,2.4557165861513686,0.30864197530864196,
85,12.177938808373591,0.30864197530864196,19.129092860976918,4.723564143853999,0.38915727321524424,57.15244229736983,3.515834675254965,,2.328234031132582,0.27509393451422437,
86,12.734836285560924,0.2952227589908749,18.988191089640367,4.696725711218465,0.38915727321524424,56.54857756307032,3.515834675254965,,2.5563607085346214,0.27509393451422437,
87,11.439881910896403,0.16774020397208803,16.089640365002683,2.6972624798711755,0.17444981213097155,63.479602791196996,3.0864197530864197,,2.636876006441224,0.2281266774020397,
88,11.83574879227053,0.16774020397208803,15.935319377348362,2.6972624798711755,0.4495437466451959,63.21121846484165,2.844873859366613,,2.6301663982823404,0.2281266774020397,
89,9.192163177670425,12.050456253354804,10.903113258185721,1.3083735909822867,0.2549651100375738,60.245571658615134,4.012345679012346,,1.9189479334406871,0.11406333870101985,
90,9.789318303811058,11.949812130971551,10.829307568438002,1.3083735909822867,0.2549651100375738,59.76918947933441,3.9855072463768115,,1.9994632313472893,0.11406333870101985,
91,10.205314009661835,11.802200751476114,10.493827160493828,1.2949543746645196,0.2549651100375738,59.292807300053674,4.575952764358561,,1.9726247987117553,0.10735373054213634,
92,10.185185185185185,11.77536231884058,10.11808910359635,1.2949543746645196,0.2549651100375738,60.34621578099839,3.9586688137412773,,1.9659151905528718,0.10064412238325282,
93,10.534084809447128,11.621041331186259,10.071121846484166,1.2949543746645196,0.2549651100375738,59.05797101449275,3.9586688137412773,,3.1065485775630703,0.10064412238325282,
94,10.668276972624799,11.594202898550725,17.733494363929147,1.2681159420289856,,52.09339774557166,3.5628019323671496,,2.9790660225442833,0.10064412238325282,
95,9.936929683306495,11.158078368223295,16.57944176060118,1.247987117552335,1.570048309178744,53.11325818572195,3.3682232957595275,,2.9723564143853998,0.05367686527106817,
96,10.48040794417606,11.151368760064413,16.485507246376812,1.247987117552335,1.5499194847020934,50.496511003757384,5.5756843800322065,,2.9589371980676327,0.05367686527106817,
97,11.037305421363392,11.084272678475577,16.264090177133657,1.247987117552335,1.5499194847020934,50.06038647342995,5.515297906602254,,3.099838969404187,0.14090177133655393,
98,9.722222222222221,10.976918947933441,15.827965646806227,1.247987117552335,2.368491680085883,51.932367149758456,5.213365539452496,,2.5697799248523885,0.14090177133655393,
99,10.373054213633925,10.889694041867955,15.727321524422974,1.247987117552335,2.3550724637681157,51.48282340311326,5.213365539452496,,2.5697799248523885,0.14090177133655393,
100,10.755501878690284,10.72866344605475,15.653515834675256,2.6972624798711755,2.3550724637681157,49.8792270531401,5.166398282340311,,2.623456790123457,0.14090177133655393,
101,11.506977992485238,10.420021470746109,15.619967793880837,2.6972624798711755,2.2946859903381642,49.261943102522814,5.065754159957058,,2.9924852388620504,0.14090177133655393,
102,11.969940955448202,10.393183038110575,15.4723564143854,2.6972624798711755,2.254428341384863,48.812399355877616,5.065754159957058,,3.193773483628556,0.14090177133655393,
103,12.587224906065487,10.292538915727322,15.405260332796564,2.6637144390767578,2.214170692431562,48.35614600107354,5.065754159957058,,3.2742887815351582,0.14090177133655393,
104,13.271604938271604,10.171765968867419,15.22410091250671,2.636876006441224,2.214170692431562,48.02066559312936,5.059044551798175,,3.260869565217391,0.14090177133655393,
105,13.875469672571121,10.144927536231885,15.083199141170155,2.5966183574879227,2.214170692431562,47.57783145464305,5.025496511003757,,3.3413848631239937,0.14090177133655393,
106,13.922436929683306,8.387010198604402,15.002683843263553,2.5496511003757383,2.214170692431562,47.38325281803543,7.105475040257649,,3.294417606011809,0.14090177133655393,
107,13.305152979066023,8.293075684380032,20.8064949006978,2.5026838432635534,2.1806226516371443,42.64626945786366,7.1658615136876005,,2.965646806226516,0.13419216317767044,
108,13.707729468599034,8.259527643585615,20.316693505099302,2.5026838432635534,2.1806226516371443,42.08266237251745,7.380568974771873,,3.1199677938808374,0.4495437466451959,
109,14.331723027375201,8.199141170155663,20.175791733762747,2.5026838432635534,2.1806226516371443,41.74718196457327,7.326892109500805,,3.0931293612453032,0.4428341384863124,
110,14.533011272141707,8.051529790660226,20.182501341921633,2.4355877616747184,2.8515834675254963,41.41170155662909,6.66935050993022,,3.421900161030596,0.4428341384863124,
111,13.311862587224907,3.9049919484702094,16.358024691358025,1.8183038110574343,2.1269457863660763,53.85131508319914,5.092592592592593,,3.33467525496511,0.20128824476650564,
112,14.016371443907676,3.8915727321524423,16.29092860976919,1.8183038110574343,2.1068169618894257,53.26757917337628,5.065754159957058,,3.3413848631239937,0.20128824476650564,
113,12.124261943102523,3.5292538915727323,10.312667740203972,1.7579173376274826,2.428878153515835,59.574610842726784,7.1725711218464845,,2.898550724637681,0.20128824476650564,
114,12.634192163177671,3.5292538915727323,10.205314009661835,1.737788513150832,2.428878153515835,59.11835748792271,7.1658615136876005,,2.9790660225442833,0.20128824476650564,
115,13.144122383252817,3.5292538915727323,10.124798711755233,1.737788513150832,2.4020397208803006,58.77616747181965,6.977992485238862,,3.1065485775630703,0.20128824476650564,
116,13.553408480944713,3.515834675254965,10.050993022007514,1.737788513150832,2.3752012882447664,58.360171765968865,6.9243156199677935,,3.280998389694042,0.20128824476650564,
117,14.056629092860977,3.515834675254965,9.923510466988727,1.737788513150832,2.3483628556092326,58.03811057434246,6.89747718733226,,3.280998389694042,0.20128824476650564,
118,14.680622651637144,3.4688674181427803,9.86983360171766,1.737788513150832,2.3483628556092326,57.58185721953838,6.884057971014493,,3.227321524422974,0.20128824476650564,
119,15.190552871712292,3.4621578099838968,9.742351046698873,1.737788513150832,2.2745571658615136,57.32018250134192,6.843800322061192,,3.227321524422974,0.20128824476650564,
120,15.411969940955448,3.4621578099838968,11.29898013955985,1.737788513150832,2.2745571658615136,55.73000536768653,6.6827697262479875,,3.2206119162640903,0.18115942028985507,
121,15.713902308105206,3.44873859366613,10.373054213633925,3.012614063338701,2.254428341384863,55.27375201288245,6.622383252818035,,3.207192699946323,0.0939345142243693,
122,16.33118625872249,3.4286097691894795,10.279119699409554,2.9924852388620504,2.2410091250670963,54.70343531937735,6.763285024154589,,3.166935050993022,0.0939345142243693,
123,15.13016639828234,3.408480944712829,17.351046698872786,2.5295222758990876,2.2208803005904456,49.543746645195924,6.723027375201288,,2.999194847020934,0.0939345142243693,
124,15.45222758990875,3.408480944712829,17.236983360171767,2.5295222758990876,2.341653247450349,49.22839506172839,6.723027375201288,,2.985775630703167,0.0939345142243693,
125,15.982286634460548,3.3682232957595275,17.176596886741816,2.5295222758990876,2.341653247450349,48.86607622114869,6.66935050993022,,2.9723564143853998,0.0939345142243693,
126,16.505636070853463,3.3480944712828773,16.988727858293075,2.4825550187869028,2.341653247450349,48.30246913580247,6.642512077294686,,3.3145464304884595,0.07380568974771873,
127,17.06924315619968,3.294417606011809,15.901771336553946,3.421900161030596,2.3081052066559313,48.007246376811594,6.515029522275899,,3.408480944712829,0.07380568974771873,
128,17.57246376811594,3.2675791733762747,15.83467525496511,3.421900161030596,2.2410091250670963,47.718733225979605,6.481481481481482,,3.388352120236178,0.07380568974771873,
129,17.995169082125603,3.2675791733762747,16.14331723027375,2.9790660225442833,2.2410091250670963,47.557702630166396,6.380837359098229,,3.361513687600644,0.07380568974771873,
130,18.592324208266238,3.2541599570585076,15.98899624261943,2.9790660225442833,2.2410091250670963,47.148416532474506,6.360708534621578,,3.361513687600644,0.07380568974771873,
131,18.833870101986044,3.2541599570585076,15.613258185721953,2.952227589908749,2.2342995169082127,46.725711218464845,6.360708534621578,,3.7037037037037037,0.322061191626409,
132,17.847557702630166,2.033011272141707,15.365002683843263,2.9253891572732154,8.695652173913043,42.68652710681696,6.1929683306494905,,3.9318303811057436,0.322061191626409,
133,17.176596886741816,2.033011272141707,9.433709071390231,2.5831991411701556,8.635265700483092,51.58346752549651,4.736983360171766,,3.4957058507783145,0.322061191626409,
134,17.330917874396135,2.033011272141707,8.655394524959743,2.5831991411701556,8.53462157809984,52.9723564143854,4.086151368760064,,3.4822866344605474,0.322061191626409,
135,17.773752012882447,2.033011272141707,8.588298443370908,2.918679549114332,8.145464304884594,52.663714439076756,4.086151368760064,,3.4688674181427803,0.322061191626409,
136,18.250134192163177,2.033011272141707,8.588298443370908,2.9052603327965647,8.064949006977992,52.14707461084273,4.086151368760064,,3.603059581320451,0.322061191626409,
137,17.57246376811594,2.033011272141707,11.708266237251744,2.8918411164787976,7.917337627482555,49.75174449812131,4.079441760601181,,3.7238325281803544,0.322061191626409,
138,18.02871712292002,2.0263016639828235,11.654589371980677,2.8784219001610305,7.877079978529254,49.4296833064949,4.072732152442297,,3.717122920021471,0.3153515834675255,
139,18.431293612453032,2.0263016639828235,11.621041331186259,2.8515834675254963,7.7831454643048845,49.20826623725174,4.045893719806763,,3.717122920021471,0.3153515834675255,
140,18.9345142243693,2.0263016639828235,11.560654857756306,2.7979066022544283,7.6556629092860975,48.87278582930757,4.032474503488996,,3.8043478260869565,0.3153515834675255,
141,18.471551261406333,2.0263016639828235,10.856146001073537,1.6639828234031133,7.568438003220612,51.54320987654321,3.9855072463768115,,3.5762211486849167,0.30864197530864196,
142,18.572195383789587,2.0263016639828235,10.856146001073537,3.743961352657005,7.561728395061729,49.65780998389694,3.7238325281803544,,3.549382716049383,0.30864197530864196,
143,19.082125603864736,2.0263016639828235,10.82259796027912,3.717122920021471,7.50805152979066,49.053945249597426,3.8043478260869565,,3.6768652710681695,0.30864197530864196,
144,19.43773483628556,2.0263016639828235,10.789049919484702,3.6366076221148687,7.48792270531401,48.87278582930757,3.7909286097691894,,3.6500268384326353,0.30864197530864196,
145,19.665861513687602,2.0263016639828235,10.648148148148149,3.629898013955985,7.461084272678476,48.04079441760601,3.7775093934514223,,4.38137412775094,0.36902844873859364,
146,20.148953301127214,2.0263016639828235,10.420021470746109,4.441760601180891,7.353730542136339,47.114868491680085,3.7775093934514223,,4.367954911433173,0.3488996242619431,
147,20.645464304884594,2.0263016639828235,10.319377348362856,4.414922168545357,7.353730542136339,46.77938808373591,3.7775093934514223,,4.334406870638754,0.3488996242619431,
148,20.819914117015568,2.0263016639828235,10.299248523886206,4.414922168545357,7.1725711218464845,46.423778851315085,3.7640901771336552,,4.730273752012883,0.3488996242619431,
149,21.296296296296298,2.0263016639828235,10.185185185185185,4.414922168545357,7.105475040257649,46.175523349436396,3.7573805689747717,,4.690016103059581,0.3488996242619431,
150,21.571390230810522,2.0263016639828235,10.158346752549651,4.414922168545357,7.105475040257649,45.779656468062264,3.730542136339238,,4.864465915190553,0.3488996242619431,
151,22.000805152979066,2.0263016639828235,10.091250670960816,4.40150295222759,7.058507783145465,45.189210950080515,4.072732152442297,,4.817498658078368,0.3421900161030596,
152,22.31615673644659,2.006172839506173,10.017444981213098,4.40150295222759,7.051798174986581,44.80005367686527,4.072732152442297,,4.99194847020934,0.3421900161030596,
153,22.886473429951693,1.9457863660762211,9.970477724100913,4.3545356951154055,7.018250134192163,44.457863660762214,4.072732152442297,,4.951690821256038,0.3421900161030596,
154,23.15485775630703,1.9457863660762211,9.923510466988727,4.341116478797638,7.018250134192163,44.31025228126678,4.032474503488996,,4.931561996779388,0.3421900161030596,
155,23.416532474503487,1.9189479334406871,9.916800858829845,4.28743961352657,7.018250134192163,43.77348362855609,4.42163177670424,,4.904723564143854,0.3421900161030596,
156,23.711755233494365,1.9189479334406871,9.863123993558776,4.274020397208803,6.9310252281266775,43.65942028985507,4.394793344068707,,4.904723564143854,0.3421900161030596,
157,24.10762211486849,1.9189479334406871,9.796027911969942,4.274020397208803,6.91760601180891,43.263553408480945,4.367954911433173,,5.01207729468599,0.3421900161030596,
158,24.516908212560388,1.8988191089640365,9.73564143853999,4.253891572732153,6.816961889425658,43.12265163714439,4.361245303274289,,4.951690821256038,0.3421900161030596,
159,24.778582930756844,1.8988191089640365,9.66183574879227,4.200214707461084,6.8035426731078905,42.8341384863124,4.549114331723027,,4.931561996779388,0.3421900161030596,
160,25.15432098765432,1.8451422436929683,9.567901234567902,4.200214707461084,6.8035426731078905,42.64626945786366,4.542404723564144,,4.898013955984971,0.3421900161030596,
161,25.509930220075148,1.8451422436929683,9.54777241009125,4.17337627482555,6.723027375201288,42.270531400966185,4.669887278582931,,4.884594739667204,0.3757380568974772,
162,25.89908749329039,1.8451422436929683,9.54777241009125,4.159957058507783,6.649221685453569,42.0625335480408,4.622920021470746,,4.8376274825550185,0.3757380568974772,
163,25.79844337090714,1.8451422436929683,9.433709071390231,4.159957058507783,6.649221685453569,42.81400966183575,4.052603327965647,,4.871175523349437,0.3757380568974772,
164,26.422436929683307,1.8451422436929683,9.31964573268921,4.072732152442297,6.964573268921095,42.25711218464841,3.92512077294686,,4.817498658078368,0.3757380568974772,
165,26.81159420289855,1.8451422436929683,9.252549651100376,4.03918411164788,6.964573268921095,42.049114331723025,3.851315083199141,,4.810789049919484,0.3757380568974772,
166,27.234299516908212,1.8451422436929683,9.185453569511541,4.005636070853462,6.9310252281266775,41.79414922168545,3.851315083199141,,4.783950617283951,0.36902844873859364,
167,27.469135802469136,1.8451422436929683,9.125067096081589,3.9586688137412773,7.058507783145465,41.53918411164788,3.7909286097691894,,4.8443370907139025,0.36902844873859364,
168,27.79790660225443,1.8451422436929683,9.064680622651638,3.9452495974235107,7.018250134192163,41.38486312399356,3.7775093934514223,,4.797369833601718,0.36902844873859364,
169,27.89855072463768,1.8451422436929683,8.61513687600644,3.911701556629093,6.998121309715513,41.196994095544824,3.770799785292539,,5.394524959742351,0.36902844873859364,
170,28.08641975308642,1.8451422436929683,8.61513687600644,3.5762211486849167,6.971282877079979,40.85480407944176,3.770799785292539,,5.60252281266774,0.36902844873859364,0.30864197530864196
171,28.515834675254965,1.8115942028985508,8.581588835212024,3.535963499731616,6.870638754696726,40.666935050993025,3.7640901771336552,,5.60252281266774,0.36902844873859364,0.28180354267310787
172,28.864734299516908,1.7981749865807837,8.487654320987655,3.4957058507783145,6.870638754696726,40.49919484702093,3.864734299516908,,5.46833064949007,0.36902844873859364,0.28180354267310787
173,29.025764895330113,1.7981749865807837,8.487654320987655,3.4957058507783145,6.850509930220075,40.39855072463768,3.824476650563607,,5.46833064949007,0.36902844873859364,0.28180354267310787
174,28.83118625872249,1.7847557702630166,8.454106280193237,3.4688674181427803,6.971282877079979,39.51959205582394,4.958400429414922,,5.360976918947934,0.36902844873859364,0.28180354267310787
175,28.549382716049383,1.7847557702630166,8.400429414922169,3.4688674181427803,7.675791733762749,38.29173376274826,6.112453032742888,,5.065754159957058,0.36902844873859364,0.28180354267310787
176,27.9723564143854,1.751207729468599,8.319914117015566,3.4688674181427803,9.460547504025765,37.23161567364466,6.105743424584004,,5.065754159957058,0.36902844873859364,0.2549651100375738
177,28.307836822329577,1.724369296833065,8.279656468062266,3.4688674181427803,9.346484165324744,37.104133118625874,6.085614600107354,,5.059044551798175,0.36902844873859364,0.2549651100375738
178,28.710413311862588,1.724369296833065,8.132045088566828,3.44873859366613,9.29951690821256,36.86929683306495,6.031937734836285,,5.159688674181428,0.36902844873859364,0.2549651100375738
179,29.24718196457327,1.7176596886741815,8.07836822329576,3.4420289855072466,9.286097691894794,36.540526033279654,5.9447128287707995,,5.119431025228127,0.36902844873859364,0.2549651100375738
180,29.488727858293075,1.7176596886741815,8.07836822329576,3.408480944712829,9.25925925925926,36.34594739667203,5.917874396135265,,5.173107890499195,0.35560923242082665,0.2549651100375738
181,29.723564143854,1.7176596886741815,8.051529790660226,3.3816425120772946,9.212292002147075,36.252012882447666,5.904455179817498,,5.146269457863661,0.35560923242082665,0.2549651100375738
182,30.079173376274827,1.7176596886741815,8.024691358024691,3.307836822329576,9.158615136876007,36.010466988727856,6.005099302200751,,5.0858829844337095,0.35560923242082665,0.2549651100375738
183,29.884594739667204,1.7176596886741815,8.024691358024691,3.1870638754696725,9.057971014492754,34.54777241009125,7.729468599033816,,5.24020397208803,0.35560923242082665,0.2549651100375738
184,30.079173376274827,1.7176596886741815,7.977724100912507,3.180354267310789,9.01100375738057,34.49409554482018,7.716049382716049,,5.213365539452496,0.35560923242082665,0.2549651100375738
185,30.26033279656468,1.7176596886741815,7.9039184111647875,3.515834675254965,9.172034353193773,34.245840042941495,7.588566827697263,,4.985238862050457,0.35560923242082665,0.2549651100375738
186,30.246913580246915,1.4761137949543746,7.675791733762749,3.502415458937198,9.306226516371444,34.07809983896941,8.266237251744498,,4.8376274825550185,0.35560923242082665,0.2549651100375738
187,30.56226516371444,1.4694041867954912,7.648953301127214,3.502415458937198,9.198872785829307,33.84997316156736,8.205850778314547,,4.951690821256038,0.35560923242082665,0.2549651100375738
188,30.743424584004295,1.4694041867954912,7.628824476650563,3.502415458937198,9.185453569511541,33.76945786366076,8.152173913043478,,4.938271604938271,0.35560923242082665,0.2549651100375738
189,31.0252281266774,1.4694041867954912,7.575147611379496,3.502415458937198,9.151905528717123,33.61513687600644,8.111916264090176,,4.938271604938271,0.35560923242082665,0.2549651100375738
190,30.42807300053677,1.4492753623188406,9.997316156736447,2.818035426731079,9.138486312399356,32.88378958668814,8.064949006977992,,4.777241009125067,0.1878690284487386,0.2549651100375738
191,30.743424584004295,1.4492753623188406,9.883252818035427,2.8113258185721954,9.084809447128288,32.830112721417066,7.977724100912507,,4.777241009125067,0.1878690284487386,0.2549651100375738
192,31.11916264090177,1.4492753623188406,9.856414385399892,2.8113258185721954,9.004294149221685,32.709339774557165,7.87037037037037,,4.777241009125067,0.1878690284487386,0.2147074610842727
193,31.387546967257112,1.4492753623188406,9.816156736446592,2.804616210413312,8.964036500268385,32.60198604401503,7.85024154589372,,4.723564143853999,0.1878690284487386,0.2147074610842727
194,31.300322061191626,1.4492753623188406,9.71551261406334,2.804616210413312,10.560923242082662,31.30703166935051,7.769726247987117,,4.690016103059581,0.1878690284487386,0.2147074610842727
195,31.42109500805153,1.4492753623188406,9.5276435856146,2.804616210413312,10.916532474503489,31.112453032742888,7.695920558239399,,4.669887278582931,0.1878690284487386,0.2147074610842727
196,31.622383252818036,1.4358561460010735,9.520933977455716,2.804616210413312,10.809178743961352,30.917874396135264,7.6623725174449815,,4.851046698872786,0.1878690284487386,0.1878690284487386
197,31.716317767042405,1.42914653784219,9.380032206119163,2.7777777777777777,10.795759527643586,30.803811057434245,7.87037037037037,,4.851046698872786,0.1878690284487386,0.1878690284487386
198,32.00483091787439,1.402308105206656,9.312936124530328,2.757648953301127,10.701825013419215,30.683038110574344,7.816693505099302,,4.944981213097155,0.1878690284487386,0.1878690284487386
199,32.15915190552872,1.402308105206656,9.172034353193773,2.7442297369833604,10.654857756307031,30.48174986580784,7.763016639828234,,5.246913580246914,0.1878690284487386,0.1878690284487386
200,32.25979602791197,1.402308105206656,9.172034353193773,2.7442297369833604,10.601180891035963,30.253623188405797,7.944176060118089,,5.246913580246914,0.1878690284487386,0.1878690284487386
201,32.58185721953838,1.402308105206656,9.098228663446054,2.7106816961889426,10.560923242082662,30.17981749865808,7.944176060118089,,5.146269457863661,0.1878690284487386,0.1878690284487386
202,32.72275899087493,1.402308105206656,8.890230810520666,2.690552871712292,10.540794417606012,30.005367686527105,7.991143317230274,,5.381105743424584,0.1878690284487386,0.1878690284487386
203,32.79656468062265,1.402308105206656,8.863392377885132,2.677133655394525,10.50053676865271,29.891304347826086,8.179012345679013,,5.314009661835748,0.1878690284487386,0.1878690284487386
204,33.051529790660226,1.402308105206656,8.856682769726248,2.636876006441224,10.466988727858293,29.817498658078367,8.085077831454644,,5.307300053676865,0.1878690284487386,0.1878690284487386
205,33.2259796027912,1.402308105206656,8.836553945249598,2.636876006441224,10.46027911969941,29.74369296833065,8.044820182501342,,5.273752012882448,0.1878690284487386,0.1878690284487386
206,33.333333333333336,1.402308105206656,8.776167471819646,2.6033279656468062,10.446859903381643,29.528985507246375,8.319914117015566,,5.213365539452496,0.1878690284487386,0.1878690284487386
207,33.65539452495974,1.402308105206656,8.655394524959743,2.6033279656468062,10.420021470746109,29.388083735909824,8.319914117015566,,5.179817498658078,0.1878690284487386,0.1878690284487386
208,33.8768115942029,1.3821792807300053,8.628556092324208,2.5966183574879227,10.406602254428341,29.300858829844337,8.272946859903382,,5.159688674181428,0.1878690284487386,0.1878690284487386
209,34.01771336553945,1.3821792807300053,8.628556092324208,2.5831991411701556,10.399892646269459,29.2337627482555,8.232689210950081,,5.146269457863661,0.1878690284487386,0.1878690284487386
210,34.306226516371446,1.3821792807300053,8.581588835212024,2.5831991411701556,10.332796564680622,29.1129898013956,8.21256038647343,,5.112721417069243,0.1878690284487386,0.1878690284487386
211,34.554482018250134,1.3754696725711217,8.581588835212024,2.5496511003757383,10.299248523886206,28.978797638217927,8.21256038647343,,5.072463768115942,0.1878690284487386,0.1878690284487386
212,34.74235104669887,1.3754696725711217,8.55475040257649,2.5429414922168547,10.326086956521738,28.898282340311326,8.179012345679013,,5.01207729468599,0.1878690284487386,0.18115942028985507
213,34.997316156736446,1.3754696725711217,8.400429414922169,2.5429414922168547,10.299248523886206,28.85131508319914,8.179012345679013,,4.985238862050457,0.1878690284487386,0.18115942028985507
214,35.299248523886206,1.3754696725711217,8.55475040257649,2.5429414922168547,10.084541062801932,28.75738056897477,8.165593129361245,,4.9651100375738055,0.1878690284487386,0.06709608158883522
215,34.628287707997856,1.3687600644122384,8.340042941492216,2.0128824476650564,10.171765968867419,30.360976918947934,7.944176060118089,,4.951690821256038,0.1878690284487386,0.03354804079441761
216,34.84970477724101,1.3687600644122384,8.239398819108963,2.006172839506173,10.0979602791197,30.300590445517983,7.897208803005904,,4.938271604938271,0.2683843263553409,0.03354804079441761
217,34.92351046698873,1.3687600644122384,8.232689210950081,1.9994632313472893,10.077831454643048,30.193236714975846,7.883789586688137,,5.025496511003757,0.2616747181964573,0.03354804079441761
218,35.158346752549654,1.3687600644122384,8.152173913043478,1.9860440150295222,9.98389694041868,30.005367686527105,7.977724100912507,,4.978529253891573,0.35560923242082665,0.03354804079441761
219,34.39345142243693,1.3687600644122384,7.977724100912507,1.9793344068706387,9.809447128287708,31.78341384863124,7.340311325818572,,4.958400429414922,0.35560923242082665,0.03354804079441761
220,34.628287707997856,1.3687600644122384,7.977724100912507,1.9592055823939882,9.91009125067096,31.655931293612454,7.246376811594203,,4.864465915190553,0.35560923242082665,0.03354804079441761
221,34.836285560923244,1.3553408480944713,7.957595276435856,1.9390767579173376,9.856414385399892,31.38083735909823,7.454374664519592,,4.85775630703167,0.32877079978529256,0.03354804079441761
222,35.21202361782072,1.3553408480944713,7.957595276435856,1.9390767579173376,9.742351046698873,31.146001073537306,7.39398819108964,,4.891304347826087,0.32877079978529256,0.03354804079441761
223,35.35963499731616,1.3486312399355878,7.944176060118089,2.0263016639828235,9.722222222222221,31.031937734836287,7.37385936661299,,4.830917874396135,0.32877079978529256,0.03354804079441761
224,35.63472893183038,1.3352120236178207,7.937466451959206,2.01959205582394,9.668545356951155,30.870907139023082,7.37385936661299,,4.797369833601718,0.32877079978529256,0.03354804079441761
225,35.849436392914654,1.3352120236178207,7.917337627482555,2.0128824476650564,9.728931830381105,30.320719269994633,7.695920558239399,,4.777241009125067,0.32877079978529256,0.03354804079441761
