,45,50,53,55,54,52,51,56,57,58,60,59,61,46
0,99.65780998389694,0.3421900161030596,,,,,,,,,,,,
1,84.48067632850241,15.519323671497585,,,,,,,,,,,,
2,83.60171765968867,16.398282340311326,,,,,,,,,,,,
3,83.5077831454643,16.492216854535695,,,,,,,,,,,,
4,82.06521739130434,17.934782608695652,,,,,,,,,,,,
5,81.29361245303274,18.706387546967257,,,,,,,,,,,,
6,74.40284487385937,25.597155126140635,,,,,,,,,,,,
7,68.90767579173377,30.48174986580784,0.4562533548040794,0.15432098765432098,,,,,,,,,,
8,62.82206119162641,36.56736446591519,0.4562533548040794,0.15432098765432098,,,,,,,,,,
9,62.848899624261946,36.40633387010199,0.4562533548040794,0.2616747181964573,0.026838432635534086,,,,,,,,,
10,53.817767042404725,45.26301663982824,0.4562533548040794,0.39586688137412773,0.026838432635534086,0.040257648953301126,,,,,,,,
11,53.11996779388084,43.51180891035963,2.4691358024691357,0.4227053140096618,,0.47638217928073,,,,,,,,
12,52.83816425120773,43.00858829844337,1.1943102522812667,0.6172839506172839,,2.341653247450349,,,,,,,,
13,52.61003757380569,43.23000536768653,1.1943102522812667,0.6374127750939346,,2.328234031132582,,,,,,,,
14,51.7512077294686,44.03515834675255,1.221148684916801,0.6642512077294686,,2.328234031132582,,,,,,,,
15,48.75872249060655,47.92673107890499,1.1406333870101986,1.0802469135802468,,1.093666129898014,,,,,,,,
16,45.42404723564144,51.288244766505635,1.1137949543746646,1.0802469135802468,,1.093666129898014,,,,,,,,
17,45.42404723564144,51.288244766505635,1.1137949543746646,1.0802469135802468,,1.093666129898014,,,,,,,,
18,41.8545356951154,54.750402576489535,1.1137949543746646,1.1205045625335481,0.06709608158883522,1.093666129898014,,,,,,,,
19,39.28475577026302,49.22839506172839,0.8387010198604401,0.8387010198604401,0.06709608158883522,3.7909286097691894,5.9514224369296835,,,,,,,
20,39.24449812130972,49.22839506172839,0.8387010198604401,0.8856682769726248,0.06709608158883522,3.784219001610306,5.8239398819108965,0.1274825550187869,,,,,,
21,39.32501341921632,49.08749329039184,0.8387010198604401,0.966183574879227,0.06709608158883522,3.656736446591519,5.8172302737520125,0.24154589371980675,,,,,,
22,38.83521202361782,48.86607622114869,0.8387010198604401,1.0131508319914118,0.15432098765432098,3.656736446591519,6.394256575415996,0.24154589371980675,,,,,,
23,38.727858293075684,48.8593666129898,0.8387010198604401,1.1406333870101986,0.15432098765432098,3.643317230273752,6.394256575415996,0.24154589371980675,,,,,,
24,38.6808910359635,48.698336017176594,0.8387010198604401,1.288244766505636,0.15432098765432098,3.7372517444981215,6.360708534621578,0.24154589371980675,,,,,,
25,37.453032742887814,44.276704240472355,3.965378421900161,1.1943102522812667,0.15432098765432098,3.670155662909286,9.044551798174986,0.24154589371980675,,,,,,
26,37.47987117552335,44.0955448201825,3.965378421900161,1.3754696725711217,0.15432098765432098,3.8177670424047236,8.923778851315083,0.1878690284487386,,,,,,
27,37.526838432635536,44.04857756307032,3.965378421900161,1.3754696725711217,0.15432098765432098,3.8043478260869565,8.896940418679549,0.2147074610842727,0.013419216317767043,,,,,
28,37.5805152979066,43.833870101986044,3.965378421900161,1.4090177133655395,0.30864197530864196,3.8043478260869565,8.870101986044014,0.2147074610842727,0.013419216317767043,,,,,
29,37.60735373054214,42.190016103059584,5.60252281266774,1.402308105206656,0.30864197530864196,3.7775093934514223,8.829844337090714,0.24154589371980675,0.040257648953301126,,,,,
30,37.64090177133655,41.92163177670424,5.897745571658615,1.3687600644122384,0.30864197530864196,3.750670960815888,8.789586688137414,0.28180354267310787,0.040257648953301126,,,,,
31,37.57380568974772,41.988727858293075,5.864197530864198,1.3687600644122384,0.30864197530864196,3.750670960815888,8.789586688137414,0.28180354267310787,0.040257648953301126,0.03354804079441761,,,,
32,35.849436392914654,40.57300053676865,5.776972624798712,1.3888888888888888,0.30864197530864196,10.84272678475577,4.9718196457326895,0.2147074610842727,0.040257648953301126,0.03354804079441761,,,,
33,35.809178743961354,40.304616210413315,5.776972624798712,1.7176596886741815,0.30864197530864196,10.84272678475577,4.951690821256038,0.2147074610842727,0.040257648953301126,0.03354804079441761,,,,
34,35.71524422973698,40.344873859366615,5.803811057434245,1.724369296833065,0.30864197530864196,10.802469135802468,4.99194847020934,0.2147074610842727,0.06038647342995169,0.03354804079441761,,,,
35,35.72195383789587,38.99624261943102,5.642780461621041,1.7713365539452497,1.2546967257112185,10.607890499194847,5.267042404723564,0.644122383252818,0.06038647342995169,0.03354804079441761,,,,
36,35.339506172839506,36.94981213097155,5.622651637144391,1.7713365539452497,1.2546967257112185,12.5402576489533,5.756843800322061,0.6374127750939346,0.0939345142243693,0.03354804079441761,,,,
37,31.44122383252818,42.3443370907139,5.622651637144391,1.7713365539452497,0.2549651100375738,12.526838432635534,5.273752012882448,0.6374127750939346,0.0939345142243693,0.03354804079441761,,,,
38,30.059044551798173,41.015834675254965,5.622651637144391,1.710950080515298,0.2549651100375738,12.47987117552335,7.883789586688137,0.8454106280193237,0.0939345142243693,0.03354804079441761,,,,
39,30.20665593129361,40.915190552871714,5.622651637144391,1.7444981213097155,0.24154589371980675,12.453032742887816,7.816693505099302,0.8454106280193237,0.12077294685990338,0.03354804079441761,,,,
40,24.10091250670961,50.335480407944175,5.622651637144391,1.7713365539452497,0.3488996242619431,9.71551261406334,7.118894256575416,0.8454106280193237,0.10735373054213634,0.03354804079441761,,,,
41,24.14117015566291,50.24825550187869,5.615942028985507,1.8115942028985508,0.3488996242619431,9.71551261406334,7.118894256575416,0.8454106280193237,0.12077294685990338,0.03354804079441761,,,,
42,24.235104669887278,49.47665056360709,5.488459473966721,2.6637144390767578,0.3757380568974772,9.71551261406334,7.105475040257649,0.798443370907139,0.10735373054213634,0.03354804079441761,,,,
43,24.22168545356951,48.470209339774556,7.065217391304348,2.6704240472356413,0.3757380568974772,9.16532474503489,7.092055823939882,0.798443370907139,0.10735373054213634,0.03354804079441761,,,,
44,24.00697799248524,48.691626409017715,7.065217391304348,2.6704240472356413,0.3757380568974772,9.131776704240472,7.0450885668276975,0.8722490606548577,0.10735373054213634,0.03354804079441761,,,,
45,24.040526033279658,48.651368760064415,7.0383789586688135,2.677133655394525,0.3757380568974772,9.131776704240472,7.0450885668276975,0.8722490606548577,0.10735373054213634,0.06038647342995169,,,,
46,24.168008588298445,48.53730542136339,7.024959742351046,2.717391304347826,0.3757380568974772,9.131776704240472,7.018250134192163,0.8588298443370908,0.10735373054213634,0.06038647342995169,,,,
47,23.805689747718734,43.23000536768653,7.018250134192163,2.475845410628019,0.3757380568974772,15.056360708534621,7.011540526033279,0.8588298443370908,0.10735373054213634,0.06038647342995169,,,,
48,23.577563070316693,40.063070316693505,6.360708534621578,2.462426194310252,0.35560923242082665,13.191089640365004,13.258185721953838,0.5971551261406334,0.07380568974771873,0.06038647342995169,,,,
49,15.854804079441761,55.97826086956522,7.709339774557166,2.0263016639828235,0.13419216317767044,6.5552871712292005,11.144659151905529,0.43612453032742887,0.10064412238325282,0.06038647342995169,,,,
50,15.901771336553946,53.71041331186259,7.568438003220612,2.046430488459474,0.10735373054213634,4.468599033816425,15.539452495974235,0.47638217928073,0.10064412238325282,0.06038647342995169,0.020128824476650563,,,
51,15.982286634460548,53.26757917337628,7.568438003220612,2.442297369833602,0.10735373054213634,4.448470209339774,15.445517981749866,0.5568974771873323,0.10064412238325282,0.06038647342995169,0.020128824476650563,,,
52,15.942028985507246,52.29468599033817,7.5348899624261945,2.475845410628019,1.4626945786366077,4.448470209339774,15.069779924852389,0.5568974771873323,0.10064412238325282,0.0939345142243693,0.020128824476650563,,,
53,16.056092324208265,52.220880300590444,7.50805152979066,2.475845410628019,1.4626945786366077,4.448470209339774,14.99597423510467,0.6172839506172839,0.10064412238325282,0.0939345142243693,0.020128824476650563,,,
54,16.163446054750402,51.308373590982285,7.548309178743962,2.5026838432635534,2.227589908749329,4.448470209339774,14.969135802469136,0.6172839506172839,0.10064412238325282,0.0939345142243693,0.020128824476650563,,,
55,16.264090177133657,51.17418142780462,7.514761137949543,2.576489533011272,3.321256038647343,3.81105743424584,14.472624798711756,0.6172839506172839,0.13419216317767044,0.0939345142243693,0.020128824476650563,,,
56,15.734031132581856,51.38217928073001,7.501341921631776,2.9119699409554483,3.321256038647343,3.81105743424584,14.472624798711756,0.6172839506172839,0.13419216317767044,0.0939345142243693,0.020128824476650563,,,
57,14.794685990338165,47.41009125067096,7.447665056360709,2.771068169618894,3.307836822329576,5.555555555555555,17.834138486312398,0.630703166935051,0.13419216317767044,0.0939345142243693,0.020128824476650563,,,
58,14.667203435319378,46.09500805152979,7.440955448201825,2.737520128824477,3.307836822329576,6.494900697799249,18.377616747181964,0.630703166935051,0.13419216317767044,0.0939345142243693,0.020128824476650563,,,
59,14.459205582393988,43.53864734299517,7.380568974771873,2.6972624798711755,3.294417606011809,7.071926999463232,20.679012345679013,0.630703166935051,0.13419216317767044,0.0939345142243693,0.020128824476650563,,,
60,14.492753623188406,43.303811057434245,7.380568974771873,2.9253891572732154,3.294417606011809,7.071926999463232,20.658883521202362,0.630703166935051,0.1274825550187869,0.0939345142243693,0.020128824476650563,,,
61,14.586688137412775,43.11594202898551,7.367149758454106,3.0595813204508855,3.294417606011809,7.071926999463232,20.511272141706925,0.7514761137949544,0.1274825550187869,0.0939345142243693,0.020128824476650563,,,
62,14.626945786366075,42.17659688674181,7.105475040257649,3.421900161030596,3.1468062265163717,8.93719806763285,19.592055823939884,0.7514761137949544,0.1274825550187869,0.0939345142243693,0.020128824476650563,,,
63,14.694041867954912,41.99543746645196,7.105475040257649,3.556092324208266,3.1468062265163717,8.923778851315083,19.565217391304348,0.7716049382716049,0.1274825550187869,0.0939345142243693,0.020128824476650563,,,
64,14.821524422973699,41.908212560386474,7.253086419753086,3.556092324208266,3.1199677938808374,8.883521202361782,19.404186795491142,0.798443370907139,0.14090177133655393,0.0939345142243693,0.020128824476650563,,,
65,14.761137949543746,37.07058507783145,7.1658615136876005,3.1870638754696725,3.099838969404187,8.68894256575416,24.88593666129898,0.8588298443370908,0.14090177133655393,0.0939345142243693,0.020128824476650563,0.026838432635534086,,
66,14.875201288244767,36.86929683306495,7.1658615136876005,3.33467525496511,3.066290928609769,8.662104133118627,24.818840579710145,0.8990874932903918,0.16774020397208803,0.0939345142243693,0.020128824476650563,0.026838432635534086,,
67,14.969135802469136,36.882716049382715,7.1658615136876005,3.3480944712828773,3.066290928609769,8.635265700483092,24.724906065485776,0.8990874932903918,0.16774020397208803,0.0939345142243693,0.020128824476650563,0.026838432635534086,,
68,15.056360708534621,36.7686527106817,7.065217391304348,3.3682232957595275,3.052871712292002,8.474235104669887,24.718196457326894,0.8990874932903918,0.3421900161030596,0.20799785292538917,0.020128824476650563,0.026838432635534086,,
69,15.190552871712292,36.50697799248524,7.065217391304348,3.535963499731616,3.0394524959742353,8.474235104669887,24.65780998389694,0.9326355340848095,0.3421900161030596,0.20799785292538917,0.020128824476650563,0.026838432635534086,,
70,15.28448738593666,36.42646269457864,7.065217391304348,3.5628019323671496,3.0394524959742353,8.474235104669887,24.46323134728932,1.0869565217391304,0.3421900161030596,0.20799785292538917,0.020128824476650563,0.026838432635534086,,
71,14.130434782608695,36.01717659688674,7.051798174986581,3.5762211486849167,3.0394524959742353,8.433977455716587,26.006441223832528,1.0869565217391304,0.4025764895330113,0.20799785292538917,0.020128824476650563,0.026838432635534086,,
72,14.197530864197532,35.93666129898014,7.024959742351046,3.5762211486849167,3.052871712292002,8.433977455716587,26.006441223832528,1.0869565217391304,0.4294149221685454,0.20799785292538917,0.020128824476650563,0.026838432635534086,,
73,12.895866881374127,35.809178743961354,7.004830917874396,3.589640365002684,3.052871712292002,8.380300590445518,27.462426194310254,1.1205045625335481,0.4294149221685454,0.20799785292538917,0.020128824476650563,0.026838432635534086,,
74,13.003220611916264,35.10466988727858,7.004830917874396,3.9720880300590444,3.750670960815888,7.997852925389157,27.361782071927,1.1205045625335481,0.4294149221685454,0.20799785292538917,0.020128824476650563,0.026838432635534086,,
75,13.170960815888352,34.91009125067096,6.830381105743425,4.233762748255502,3.7372517444981215,7.98443370907139,27.32823403113258,1.1205045625335481,0.4294149221685454,0.20799785292538917,0.020128824476650563,0.026838432635534086,,
76,13.231347289318304,34.88325281803543,6.830381105743425,4.233762748255502,3.7238325281803544,7.96430488459474,27.32823403113258,1.1205045625335481,0.4294149221685454,0.20799785292538917,0.020128824476650563,0.026838432635534086,,
77,13.251476113794954,34.594739667203434,7.0450885668276975,4.2270531400966185,3.9452495974235107,7.917337627482555,27.17391304347826,1.1607622114868492,0.4294149221685454,0.20799785292538917,0.020128824476650563,0.026838432635534086,,
78,13.150831991411701,32.950885668276975,7.024959742351046,3.9586688137412773,6.025228126677402,7.823403113258186,27.24771873322598,1.0534084809447128,0.4562533548040794,0.24154589371980675,0.020128824476650563,0.04696725711218465,,
79,12.385936661298981,33.9170692431562,6.850509930220075,4.0995705850778315,5.9447128287707995,7.695920558239399,27.194041867954912,1.1473429951690821,0.4562533548040794,0.24154589371980675,0.020128824476650563,0.04696725711218465,,
80,12.399355877616747,33.74932903918411,6.709608158883521,4.0995705850778315,5.730005367686527,8.433977455716587,27.18733225979603,1.1473429951690821,0.2683843263553409,0.23483628556092323,0.020128824476650563,0.020128824476650563,,
81,12.446323134728932,32.9777241009125,5.931293612453032,3.938539989264627,5.401234567901234,10.50053676865271,27.15378421900161,1.1473429951690821,0.24154589371980675,0.2214170692431562,0.020128824476650563,0.020128824476650563,,
82,12.533548040794418,32.8569511540526,5.884326355340848,4.066022544283414,5.401234567901234,10.487117552334944,27.066559312936125,1.1473429951690821,0.24154589371980675,0.27509393451422437,0.020128824476650563,0.020128824476650563,,
83,12.614063338701019,32.830112721417066,5.877616747181965,4.066022544283414,5.401234567901234,10.352925389157273,27.01959205582394,1.1473429951690821,0.3757380568974772,0.27509393451422437,0.020128824476650563,0.020128824476650563,,
84,12.654320987654321,32.6154052603328,5.904455179817498,3.9720880300590444,5.683038110574342,10.352925389157273,26.959205582393988,1.1674718196457328,0.3757380568974772,0.27509393451422437,0.020128824476650563,0.020128824476650563,,
85,12.801932367149758,32.56843800322061,5.904455179817498,3.9318303811057436,5.676328502415459,10.326086956521738,26.918947933440688,1.1406333870101986,0.3757380568974772,0.3153515834675255,0.020128824476650563,0.020128824476650563,,
86,12.895866881374127,32.407407407407405,5.904455179817498,4.092860976918948,5.676328502415459,10.326086956521738,26.82501341921632,1.1406333870101986,0.3757380568974772,0.3153515834675255,0.020128824476650563,0.020128824476650563,,
87,13.063607085346217,32.23966720343532,5.877616747181965,4.186795491143317,5.683038110574342,10.312667740203972,26.82501341921632,1.1003757380568975,0.35560923242082665,0.3153515834675255,0.020128824476650563,0.020128824476650563,,
88,8.742619431025227,55.75684380032206,5.662909286097692,3.9855072463768115,3.911701556629093,3.3145464304884595,17.223564143854,0.9863123993558777,0.10735373054213634,0.2683843263553409,0.020128824476650563,0.020128824476650563,,
89,8.80300590445518,55.62265163714439,5.662909286097692,4.05931293612453,3.9452495974235107,3.307836822329576,17.21014492753623,0.9863123993558777,0.0939345142243693,0.2683843263553409,0.020128824476650563,0.020128824476650563,,
90,8.829844337090714,55.43478260869565,5.662909286097692,4.106280193236715,3.9452495974235107,3.2877079978529253,17.357756307031668,0.9863123993558777,0.08051529790660225,0.2683843263553409,0.020128824476650563,0.020128824476650563,,
91,8.863392377885132,55.360976918947934,5.649490069779925,4.159957058507783,3.9452495974235107,3.2877079978529253,17.357756307031668,0.9863123993558777,0.08051529790660225,0.2683843263553409,0.020128824476650563,0.020128824476650563,,
92,8.769457863660762,53.234031132581855,7.950885668276973,4.133118625872249,3.938539989264627,3.2877079978529253,17.317498658078367,0.9863123993558777,0.08051529790660225,0.2683843263553409,0.020128824476650563,0.013419216317767043,,
93,8.970746108427267,48.93317230273752,7.917337627482555,4.636339237788513,7.6623725174449815,3.2742887815351582,17.2638217928073,0.9594739667203436,0.08051529790660225,0.2683843263553409,0.020128824476650563,0.013419216317767043,,
94,9.091519055287172,48.718464841653244,7.917337627482555,4.730273752012883,7.6623725174449815,3.2742887815351582,17.2638217928073,0.9594739667203436,0.08051529790660225,0.2683843263553409,0.020128824476650563,0.013419216317767043,,
95,9.178743961352657,48.611111111111114,7.917337627482555,4.74369296833065,7.6623725174449815,3.2541599570585076,17.290660225442835,0.9594739667203436,0.08051529790660225,0.2683843263553409,0.020128824476650563,0.013419216317767043,,
96,9.359903381642512,46.51100375738057,7.87037037037037,7.5281803542673105,6.904186795491143,3.2541599570585076,17.23027375201288,0.9594739667203436,0.08051529790660225,0.2683843263553409,0.020128824476650563,0.013419216317767043,,
97,9.326355340848094,44.67928073000537,9.98389694041868,7.548309178743962,6.890767579173376,3.193773483628556,17.23027375201288,0.9594739667203436,0.06709608158883522,0.08722490606548577,0.020128824476650563,0.013419216317767043,,
98,9.433709071390231,44.51154052603328,9.957058507783145,7.702630166398282,6.870638754696726,3.193773483628556,17.156468062265162,0.9594739667203436,0.06709608158883522,0.08722490606548577,0.020128824476650563,0.040257648953301126,,
99,9.541062801932368,44.26328502415459,9.957058507783145,7.897208803005904,6.850509930220075,3.1870638754696725,17.12962962962963,0.9594739667203436,0.06709608158883522,0.08722490606548577,0.020128824476650563,0.040257648953301126,,
100,9.655126140633387,44.176060118089104,9.957058507783145,7.897208803005904,6.823671497584541,3.1870638754696725,17.12962962962963,0.9594739667203436,0.06709608158883522,0.08722490606548577,0.020128824476650563,0.040257648953301126,,
101,9.722222222222221,44.02173913043478,10.064412238325282,7.769726247987117,7.957595276435856,3.978797638217928,15.418679549114332,0.7716049382716049,0.06709608158883522,0.16774020397208803,0.020128824476650563,0.040257648953301126,,
102,9.769189479334408,43.77348362855609,10.057702630166398,7.944176060118089,7.991143317230274,4.032474503488996,15.365002683843263,0.7716049382716049,0.06709608158883522,0.16774020397208803,0.020128824476650563,0.040257648953301126,,
103,9.957058507783145,43.666129898013956,10.057702630166398,8.125335480407944,7.950885668276973,3.992216854535695,15.183843263553408,0.7716049382716049,0.06709608158883522,0.16774020397208803,0.020128824476650563,0.040257648953301126,,
104,10.010735373054214,42.81400966183575,11.889425657541599,7.98443370907139,7.125603864734299,3.992216854535695,15.056360708534621,0.8319914117015567,0.06709608158883522,0.16774020397208803,0.020128824476650563,0.040257648953301126,,
105,10.050993022007514,42.78717122920021,11.889425657541599,7.997852925389157,7.125603864734299,3.992216854535695,15.029522275899087,0.8319914117015567,0.06709608158883522,0.16774020397208803,0.020128824476650563,0.040257648953301126,,
106,10.030864197530864,42.3845947396672,11.83574879227053,7.930756843800322,7.635534084809447,3.992216854535695,15.029522275899087,0.8319914117015567,0.06709608158883522,0.20128824476650564,0.020128824476650563,0.040257648953301126,,
107,10.091250670960816,42.35775630703167,11.83574879227053,7.930756843800322,7.615405260332796,3.992216854535695,15.029522275899087,0.8319914117015567,0.06709608158883522,0.20128824476650564,0.0067096081588835215,0.040257648953301126,,
108,10.0979602791197,40.54616210413312,14.53972088030059,8.085077831454644,6.595544820182502,3.9855072463768115,14.982555018786902,0.8521202361782072,0.06709608158883522,0.20128824476650564,0.0067096081588835215,0.040257648953301126,,
109,9.05126140633387,41.89479334406871,14.51959205582394,8.28636607622115,6.582125603864735,3.9720880300590444,14.526301663982823,0.8521202361782072,0.06709608158883522,0.20128824476650564,0.0067096081588835215,0.040257648953301126,,
110,9.272678475577026,41.76060118089104,14.392109500805153,8.219269994632313,6.575415995705851,3.9720880300590444,14.472624798711756,0.8521202361782072,0.1878690284487386,0.20128824476650564,0.020128824476650563,0.07380568974771873,,
111,9.353193773483628,41.727053140096615,13.94927536231884,8.219269994632313,7.004830917874396,3.9720880300590444,14.452495974235104,0.8521202361782072,0.17444981213097155,0.20128824476650564,0.020128824476650563,0.07380568974771873,,
112,9.433709071390231,41.532474503489,13.935856146001074,8.420558239398819,6.89747718733226,3.9720880300590444,14.452495974235104,0.8521202361782072,0.17444981213097155,0.20128824476650564,0.020128824476650563,0.10735373054213634,,
113,9.4873859366613,41.418411164787976,13.915727321524423,8.487654320987655,6.884057971014493,3.9720880300590444,14.452495974235104,0.8521202361782072,0.20128824476650564,0.20128824476650564,0.020128824476650563,0.10735373054213634,,
114,9.306226516371444,39.76784755770263,13.828502415458937,8.017981749865807,5.837359098228664,7.4208266237251745,14.439076757917338,0.8521202361782072,0.20128824476650564,0.20128824476650564,0.020128824476650563,0.10735373054213634,,
115,9.306226516371444,39.24449812130972,13.6808910359635,7.917337627482555,6.743156199677939,7.440955448201825,14.083467525496511,0.8521202361782072,0.20128824476650564,0.23483628556092323,0.020128824476650563,0.27509393451422437,,
116,9.25925925925926,39.150563607085346,13.365539452495975,7.877079978529254,6.696188942565755,9.541062801932368,12.553676865271068,0.8655394524959742,0.20128824476650564,0.20799785292538917,0.020128824476650563,0.2616747181964573,,
117,9.272678475577026,38.888888888888886,13.365539452495975,7.9106280193236715,6.9310252281266775,9.5276435856146,12.546967257112184,0.8655394524959742,0.20128824476650564,0.20799785292538917,0.020128824476650563,0.2616747181964573,,
118,9.29951690821256,38.768115942028984,13.352120236178207,8.05823939881911,6.877348362855609,9.4873859366613,12.526838432635534,0.8655394524959742,0.20128824476650564,0.20799785292538917,0.020128824476650563,0.33548040794417605,,
119,9.473966720343531,38.61379495437466,13.318572195383789,8.038110574342458,6.9310252281266775,9.41358024691358,12.318840579710145,1.1272141706924315,0.20128824476650564,0.20799785292538917,0.020128824476650563,0.33548040794417605,,
120,9.621578099838969,37.35238862050456,13.311862587224907,9.232420826623725,6.89747718733226,9.386741814278047,12.305421363392378,1.1272141706924315,0.20128824476650564,0.20799785292538917,0.020128824476650563,0.33548040794417605,,
121,9.681964573268921,37.25845410628019,13.217928073000536,9.29951690821256,6.837090713902308,9.373322597960279,12.278582930756844,1.1272141706924315,0.23483628556092323,0.20799785292538917,0.020128824476650563,0.46296296296296297,,
122,9.77589908749329,37.07058507783145,13.352120236178207,9.286097691894794,6.816961889425658,9.339774557165862,12.278582930756844,1.1540526033279657,0.23483628556092323,0.20799785292538917,0.020128824476650563,0.46296296296296297,,
123,9.91009125067096,36.9699409554482,13.33870101986044,9.272678475577026,6.776704240472356,9.219001610305957,12.265163714439076,1.288244766505636,0.2683843263553409,0.20799785292538917,0.020128824476650563,0.46296296296296297,,
124,9.91009125067096,36.37278582930757,12.13768115942029,9.554482018250134,6.756575415995706,10.990338164251208,12.070585077831455,1.288244766505636,0.2683843263553409,0.15432098765432098,0.020128824476650563,0.47638217928073,,
125,10.077831454643048,36.292270531400966,11.976650563607086,9.541062801932368,6.756575415995706,10.990338164251208,11.98336017176597,1.3083735909822867,0.2683843263553409,0.17444981213097155,0.020128824476650563,0.6105743424584005,,
126,9.816156736446592,35.789049919484704,11.936392914653783,9.541062801932368,6.756575415995706,10.929951690821255,12.822061191626409,1.3083735909822867,0.2952227589908749,0.17444981213097155,0.020128824476650563,0.6105743424584005,,
127,9.86983360171766,34.11835748792271,13.311862587224907,8.655394524959743,7.9106280193236715,10.896403650026839,12.788513150831992,1.2815351583467525,0.36231884057971014,0.17444981213097155,0.020128824476650563,0.6105743424584005,,
128,9.916800858829845,34.044551798174986,13.271604938271604,8.695652173913043,7.9106280193236715,10.896403650026839,12.761674718196458,1.3083735909822867,0.36231884057971014,0.20128824476650564,0.020128824476650563,0.6105743424584005,,
129,10.02415458937198,33.823134728931834,13.258185721953838,8.487654320987655,7.37385936661299,10.789049919484702,13.788244766505636,1.288244766505636,0.4294149221685454,0.2281266774020397,0.020128824476650563,0.48980139559849706,,
130,10.185185185185185,33.581588835212024,13.217928073000536,8.648684916800859,7.367149758454106,10.661567364465915,13.774825550187868,1.3955984970477724,0.4294149221685454,0.2281266774020397,0.020128824476650563,0.48980139559849706,,
131,10.305958132045088,33.52791196994095,13.217928073000536,8.789586688137414,7.347020933977456,10.601180891035963,13.58695652173913,1.3955984970477724,0.48980139559849706,0.2281266774020397,0.020128824476650563,0.48980139559849706,,
132,10.359634997316157,33.541331186258724,13.191089640365004,8.789586688137414,7.333601717659689,10.57434245840043,13.58695652173913,1.3955984970477724,0.48980139559849706,0.2281266774020397,0.020128824476650563,0.48980139559849706,,
133,10.406602254428341,33.48094471282877,13.191089640365004,8.78287707997853,7.4006977992485234,10.373054213633925,13.573537305421363,1.5633387010198605,0.48980139559849706,0.2281266774020397,0.020128824476650563,0.48980139559849706,,
134,10.010735373054214,32.07192699946323,10.815888352120236,7.024959742351046,5.850778314546431,18.156199677938808,13.459473966720344,1.583467525496511,0.3421900161030596,0.19457863660762212,0.0067096081588835215,0.4830917874396135,,
135,10.19189479334407,31.776704240472355,10.721953837895867,7.078636607622115,5.763553408480945,18.4849704777241,13.385668276972625,1.570048309178744,0.3421900161030596,0.19457863660762212,0.0067096081588835215,0.4830917874396135,,
136,10.064412238325282,31.655931293612454,10.721953837895867,7.300053676865271,5.797101449275362,18.438003220611915,13.39237788513151,1.570048309178744,0.3757380568974772,0.19457863660762212,0.0067096081588835215,0.4830917874396135,,
137,10.158346752549651,31.54186795491143,10.681696188942565,7.4141170155662905,5.797101449275362,18.4044551798175,13.372249060654857,1.570048309178744,0.3757380568974772,0.19457863660762212,0.0067096081588835215,0.4830917874396135,,
138,10.198604401502953,31.53515834675255,10.661567364465915,7.4006977992485234,5.797101449275362,18.276972624798713,13.372249060654857,1.570048309178744,0.5032206119162641,0.19457863660762212,0.0067096081588835215,0.4830917874396135,,
139,9.923510466988727,31.36070853462158,10.406602254428341,7.39398819108964,5.656199677938808,18.303811057434245,14.231078904991948,1.570048309178744,0.46967257112184646,0.19457863660762212,0.0067096081588835215,0.4830917874396135,,
140,10.00402576489533,31.199677938808374,10.373054213633925,7.454374664519592,5.683038110574342,18.263553408480945,14.231078904991948,1.570048309178744,0.5166398282340311,0.2147074610842727,0.0067096081588835215,0.4830917874396135,,
141,9.574610842726784,26.717659688674182,10.265700483091788,6.427804616210413,4.394793344068707,25.979602791196996,13.989533011272142,1.4492753623188406,0.49651100375738055,0.2147074610842727,0.0067096081588835215,0.4830917874396135,,
142,9.608158883521202,26.617015566290927,10.205314009661835,6.635802469135802,4.394793344068707,25.95276435856146,13.90901771336554,1.4492753623188406,0.49651100375738055,0.24154589371980675,0.0067096081588835215,0.4830917874396135,,
143,9.628287707997853,26.40901771336554,10.19189479334407,6.830381105743425,4.394793344068707,25.40257648953301,13.895598497047773,1.4492753623188406,1.0399892646269457,0.2683843263553409,0.0067096081588835215,0.4830917874396135,,
144,9.695383789586689,26.35534084809447,10.19189479334407,7.118894256575416,4.394793344068707,25.15432098765432,13.855340848094471,1.4492753623188406,1.0265700483091786,0.2683843263553409,0.0067096081588835215,0.4830917874396135,,
145,9.104938271604938,23.55072463768116,8.09849704777241,6.702898550724638,4.294149221685454,24.704777241009126,20.42404723564144,1.4492753623188406,1.0265700483091786,0.24825550187869028,0.0067096081588835215,0.38915727321524424,,
146,9.219001610305957,23.45679012345679,8.192431561996779,6.743156199677939,4.294149221685454,24.537037037037038,20.377079978529252,1.4895330112721417,1.0466988727858293,0.24825550187869028,0.0067096081588835215,0.38915727321524424,,
147,9.25925925925926,23.34272678475577,8.192431561996779,6.743156199677939,4.3478260869565215,24.50348899624262,20.276435856146,1.6103059581320451,1.0802469135802468,0.24825550187869028,0.0067096081588835215,0.38915727321524424,,
148,9.41358024691358,22.96027911969941,8.259527643585615,7.152442297369833,4.341116478797638,24.322329575952764,20.222758990874933,1.6103059581320451,1.0735373054213635,0.24825550187869028,0.0067096081588835215,0.38915727321524424,,
149,9.574610842726784,22.920021470746107,8.252818035426731,7.152442297369833,4.320987654320987,24.255233494363928,20.075147611379496,1.6975308641975309,1.107085346215781,0.24825550187869028,0.0067096081588835215,0.38915727321524424,,
150,9.749060654857756,22.879763821792807,8.252818035426731,7.152442297369833,4.320987654320987,24.154589371980677,20.02818035426731,1.6975308641975309,1.1205045625335481,0.24825550187869028,0.0067096081588835215,0.38915727321524424,,
151,9.88996242619431,22.859634997316157,8.252818035426731,7.152442297369833,4.320987654320987,24.013687600644122,19.98792270531401,1.6975308641975309,1.1808910359634996,0.24825550187869028,0.0067096081588835215,0.38915727321524424,,
152,10.00402576489533,22.859634997316157,8.225979602791197,7.152442297369833,4.320987654320987,23.96672034353194,19.81347289318304,1.8317230273752012,1.1808910359634996,0.24825550187869028,0.0067096081588835215,0.38915727321524424,,
153,10.077831454643048,22.832796564680624,8.21256038647343,7.152442297369833,4.320987654320987,23.899624261943103,19.80005367686527,1.8451422436929683,1.2144390767579174,0.24825550187869028,0.0067096081588835215,0.38915727321524424,,
154,10.124798711755233,22.73215244229737,9.4873859366613,7.219538378958669,4.320987654320987,22.544283413848632,19.80005367686527,1.8451422436929683,1.2815351583467525,0.24825550187869028,0.0067096081588835215,0.38915727321524424,,
155,10.037573805689748,22.604669887278583,9.4873859366613,7.306763285024155,4.394793344068707,22.544283413848632,19.773215244229736,1.8853998926462694,1.2546967257112185,0.24825550187869028,0.07380568974771873,0.38915727321524424,,
156,10.185185185185185,22.497316156736446,9.426999463231347,7.360440150295223,4.394793344068707,22.510735373054214,19.773215244229736,1.8853998926462694,1.2546967257112185,0.24825550187869028,0.07380568974771873,0.38915727321524424,,
157,10.279119699409554,22.443639291465377,9.440418679549115,7.4006977992485234,4.38137412775094,22.906602254428343,19.343800322061192,1.8585614600107354,1.2412775093934514,0.24825550187869028,0.07380568974771873,0.3824476650563607,,
158,10.319377348362856,22.383252818035427,9.440418679549115,7.37385936661299,4.736983360171766,22.906602254428343,19.0552871712292,1.8384326355340848,1.2412775093934514,0.24825550187869028,0.07380568974771873,0.3824476650563607,,
159,10.36634460547504,22.23564143853999,9.426999463231347,7.50805152979066,4.736983360171766,22.893183038110575,19.0150295222759,1.8786902844873858,1.2345679012345678,0.24825550187869028,0.07380568974771873,0.3824476650563607,,
160,10.493827160493828,22.168545356951153,9.420289855072463,7.48792270531401,4.7168545356951155,22.893183038110575,18.988191089640367,1.865271068169619,1.261406333870102,0.24825550187869028,0.07380568974771873,0.3824476650563607,,
161,10.601180891035963,22.12157809983897,9.39345142243693,7.48792270531401,4.7168545356951155,22.839506172839506,18.98148148148148,1.8384326355340848,1.3150831991411702,0.24825550187869028,0.07380568974771873,0.3824476650563607,,
162,10.654857756307031,22.10144927536232,9.39345142243693,7.48792270531401,4.703435319377348,22.79253891572732,18.94122383252818,1.8786902844873858,1.3419216317767042,0.24825550187869028,0.07380568974771873,0.3824476650563607,,
163,10.782340311325818,22.041062801932366,9.346484165324744,7.48792270531401,4.683306494900698,22.69189479334407,18.894256575415994,1.9793344068706387,1.3553408480944713,0.28180354267310787,0.07380568974771873,0.3824476650563607,,
164,10.782340311325818,21.85990338164251,9.380032206119163,7.843531937734836,4.683306494900698,22.571121846484164,18.773483628556093,1.9659151905528718,1.402308105206656,0.28180354267310787,0.07380568974771873,0.3824476650563607,,
165,10.84272678475577,21.83977455716586,9.373322597960279,7.877079978529254,4.683306494900698,22.571121846484164,18.189747718733226,2.4825550187869028,1.402308105206656,0.28180354267310787,0.07380568974771873,0.3824476650563607,,
166,10.943370907139023,21.786097691894792,9.373322597960279,7.944176060118089,4.7168545356951155,22.571121846484164,18.109232420826622,2.4490069779924855,1.402308105206656,0.28180354267310787,0.07380568974771873,0.3488996242619431,,
167,10.997047772410092,21.71900161030596,9.373322597960279,7.930756843800322,4.723564143853999,22.510735373054214,18.04884594739667,2.563070316693505,1.402308105206656,0.30864197530864196,0.07380568974771873,0.3488996242619431,,
168,11.124530327428879,21.68545356951154,9.326355340848094,7.96430488459474,4.723564143853999,22.470477724100913,18.00858829844337,2.563070316693505,1.402308105206656,0.30864197530864196,0.07380568974771873,0.3488996242619431,,
169,11.198336017176597,21.68545356951154,9.312936124530328,7.944176060118089,4.750402576489533,22.38996242619431,17.98845947396672,2.5496511003757383,1.4492753623188406,0.30864197530864196,0.07380568974771873,0.3488996242619431,,
170,11.252012882447666,21.672034353193773,9.366612989801396,7.890499194847021,4.750402576489533,22.36983360171766,17.975040257648953,2.5429414922168547,1.4492753623188406,0.30864197530864196,0.07380568974771873,0.3488996242619431,,
171,11.305689747718732,21.618357487922705,9.27938808373591,7.877079978529254,4.730273752012883,22.228931830381107,17.800590445517983,2.5563607085346214,1.7310789049919484,0.4495437466451959,0.07380568974771873,0.3488996242619431,,
172,11.386205045625335,21.611647879763822,9.27938808373591,7.9106280193236715,4.7101449275362315,22.188674181427803,17.793880837359097,2.5496511003757383,1.6975308641975309,0.4495437466451959,0.07380568974771873,0.3488996242619431,,
173,11.379495437466453,21.584809447128286,9.265968867418144,7.937466451959206,4.7101449275362315,22.134997316156735,17.793880837359097,2.576489533011272,1.7444981213097155,0.4495437466451959,0.07380568974771873,0.3488996242619431,,
174,10.950080515297907,20.819914117015568,8.655394524959743,7.890499194847021,4.804079441760601,22.000805152979066,19.6256038647343,2.576489533011272,1.8048845947396672,0.4495437466451959,0.07380568974771873,0.3488996242619431,,
175,11.037305421363392,20.813204508856682,8.655394524959743,7.87037037037037,4.804079441760601,21.91358024691358,19.605475040257648,2.576489533011272,1.8518518518518519,0.4495437466451959,0.07380568974771873,0.3488996242619431,,
176,8.044820182501342,42.881105743424584,5.112721417069243,5.146269457863661,2.2410091250670963,17.297369833601717,16.14331723027375,1.4962426194310252,1.4895330112721417,0.11406333870101985,0.0067096081588835215,0.026838432635534086,,
177,8.132045088566828,42.23698336017176,5.092592592592593,5.736714975845411,2.2410091250670963,17.28395061728395,16.109769189479334,1.5297906602254427,1.4895330112721417,0.11406333870101985,0.0067096081588835215,0.026838432635534086,,
178,8.225979602791197,41.98201825013419,5.092592592592593,5.904455179817498,2.26784755770263,17.28395061728395,16.076221148684915,1.5297906602254427,1.4895330112721417,0.11406333870101985,0.0067096081588835215,0.026838432635534086,,
179,8.3064949006978,41.928341384863124,5.0791733762748255,5.924584004294149,2.26784755770263,17.250402576489535,16.076221148684915,1.5297906602254427,1.4895330112721417,0.11406333870101985,0.0067096081588835215,0.026838432635534086,,
180,8.521202361782072,41.89479334406871,5.0791733762748255,5.917874396135265,2.26784755770263,17.143048845947398,16.022544283413847,1.5297906602254427,1.4761137949543746,0.11406333870101985,0.0067096081588835215,0.026838432635534086,,
181,8.682232957595277,41.82769726247987,5.0858829844337095,5.938003220611916,2.26784755770263,17.062533548040793,15.982286634460548,1.5163714439076759,1.5163714439076759,0.08722490606548577,0.0067096081588835215,0.026838432635534086,,
182,8.80300590445518,41.74047235641439,5.0858829844337095,5.958132045088567,2.254428341384863,17.062533548040793,15.908480944712828,1.5499194847020934,1.5163714439076759,0.08722490606548577,0.0067096081588835215,0.026838432635534086,,
183,8.849973161567364,41.706924315619965,4.8376274825550185,5.958132045088567,2.38191089640365,17.03569511540526,15.83467525496511,1.710950080515298,1.5297906602254427,0.08722490606548577,0.0067096081588835215,0.06038647342995169,,
184,8.984165324745035,41.45195920558239,4.8376274825550185,6.1862587224906065,2.38191089640365,16.948470209339774,15.727321524422974,1.7981749865807837,1.5297906602254427,0.08722490606548577,0.0067096081588835215,0.06038647342995169,,
185,8.715780998389693,42.411433172302736,5.649490069779925,6.179549114331723,2.01959205582394,15.713902308105206,15.45222758990875,2.2879763821792807,1.415727321524423,0.08722490606548577,0.0067096081588835215,0.06038647342995169,,
186,8.776167471819646,42.3443370907139,5.649490069779925,6.233225979602791,2.01959205582394,15.693773483628556,15.432098765432098,2.2879763821792807,1.4090177133655395,0.08722490606548577,0.0067096081588835215,0.06038647342995169,,
187,8.883521202361782,42.19672571121846,5.649490069779925,6.320450885668277,2.01959205582394,15.687063875469672,15.418679549114332,2.2879763821792807,1.3821792807300053,0.08722490606548577,0.0067096081588835215,0.06038647342995169,,
188,8.930488459473967,42.08266237251745,5.649490069779925,6.394256575415996,2.01959205582394,15.687063875469672,15.411969940955448,2.2879763821792807,1.3821792807300053,0.08722490606548577,0.0067096081588835215,0.06038647342995169,,
189,9.064680622651638,41.99543746645196,5.649490069779925,6.394256575415996,2.01959205582394,15.660225442834138,15.331454643048845,2.3483628556092326,1.3821792807300053,0.08722490606548577,0.0067096081588835215,0.06038647342995169,,
190,9.145195920558239,41.928341384863124,5.629361245303274,6.414385399892646,2.01959205582394,15.646806226516372,15.331454643048845,2.3483628556092326,1.3821792807300053,0.08722490606548577,0.0067096081588835215,0.06038647342995169,,
