,45,50,54,51,55,53,52,58,56,59,57,60
0,97.62479871175523,2.3752012882447664,,,,,,,,,,
1,92.33091787439614,7.669082125603865,,,,,,,,,,
2,92.32420826623725,7.608695652173913,0.06709608158883522,,,,,,,,,
3,91.98201825013419,7.950885668276973,0.06709608158883522,,,,,,,,,
4,91.6129898013956,8.319914117015566,0.06709608158883522,,,,,,,,,
5,90.86822329575953,7.273215244229737,,1.8585614600107354,,,,,,,,
6,90.88164251207729,6.025228126677402,,3.0931293612453032,,,,,,,,
7,89.93558776167473,6.971282877079979,,3.0931293612453032,,,,,,,,
8,80.22678475577027,15.713902308105206,,3.9049919484702094,0.15432098765432098,,,,,,,
9,78.88486312399355,17.022275899087493,,3.8378958668813743,0.15432098765432098,0.10064412238325282,,,,,,
10,52.784487385936664,46.99409554482018,,,0.15432098765432098,0.06709608158883522,,,,,,
11,52.11352657004831,47.38325281803543,,,0.43612453032742887,0.06709608158883522,,,,,,
12,52.32823403113258,47.20209339774557,,,0.4025764895330113,0.06709608158883522,,,,,,
13,52.583199141170155,46.792807300053674,,,0.5568974771873323,0.06709608158883522,,,,,,
14,48.409822866344605,50.85212023617821,,,0.6709608158883521,0.06709608158883522,,,,,,
15,48.54401502952228,50.717928073000536,,,0.6709608158883521,0.06709608158883522,,,,,,
16,43.96135265700483,55.30059044551798,,,0.6709608158883521,0.06709608158883522,,,,,,
17,43.98819108964037,55.139559849704774,,,0.8051529790660226,0.06709608158883522,,,,,,
18,39.93558776167472,46.64519592055824,,12.090713902308105,1.328502415458937,,,,,,,
19,35.909822866344605,43.10923242082662,,19.806763285024154,1.1741814278046163,,,,,,,
20,33.42055823939882,40.673644659151904,,24.731615673644658,1.1741814278046163,,,,,,,
21,33.17230273752013,38.73456790123457,,26.918947933440688,1.1741814278046163,,,,,,,
22,32.347020933977454,39.63365539452496,,26.84514224369297,1.1741814278046163,,,,,,,
23,32.367149758454104,39.412238325281805,,26.301663982823403,1.1741814278046163,,0.7447665056360708,,,,,
24,32.31347289318304,39.25791733762748,1.0265700483091786,25.107353730542137,1.1607622114868492,0.28180354267310787,0.7447665056360708,0.10735373054213634,,,,
25,32.52818035426731,39.12372517444981,1.0265700483091786,25.026838432635532,1.1607622114868492,0.28180354267310787,0.7447665056360708,0.10735373054213634,,,,
26,31.57541599570585,37.493290391841114,1.0265700483091786,26.06682769726248,1.1607622114868492,2.38191089640365,0.1878690284487386,0.10735373054213634,,,,
27,31.76328502415459,37.27858293075684,1.5163714439076759,24.248523886205046,1.1607622114868492,3.7372517444981215,0.1878690284487386,0.10735373054213634,,,,
28,31.99141170155663,37.09742351046699,1.5163714439076759,24.241814278046164,1.1272141706924315,3.730542136339238,0.1878690284487386,0.10735373054213634,,,,
29,32.25308641975309,36.70826623725174,1.5767579173376274,24.731615673644658,1.7042404723564144,2.7308105206655933,0.1878690284487386,0.10735373054213634,,,,
30,32.27992485238862,36.70826623725174,1.5767579173376274,24.731615673644658,1.7042404723564144,2.703972088030059,0.1878690284487386,0.10735373054213634,,,,
31,32.27992485238862,35.95679012345679,2.254428341384863,24.590713902308106,1.9189479334406871,2.6704240472356413,0.15432098765432098,0.10735373054213634,0.06709608158883522,,,
32,32.44095544820183,35.849436392914654,2.2342995169082127,24.55716586151369,1.9189479334406871,2.6704240472356413,0.15432098765432098,0.10735373054213634,0.06709608158883522,,,
33,32.52147074610843,34.957058507783145,2.2208803005904456,24.3894256575416,2.9119699409554483,2.6704240472356413,0.15432098765432098,0.10735373054213634,0.06709608158883522,,,
34,31.850509930220074,35.69511540526033,2.2208803005904456,24.329039184111647,2.9052603327965647,2.6704240472356413,0.15432098765432098,0.10735373054213634,0.06709608158883522,,,
35,32.018250134192165,35.42002147074611,2.885131508319914,24.27536231884058,2.9052603327965647,2.167203435319377,0.15432098765432098,0.10735373054213634,0.06709608158883522,,,
36,31.367418142780462,31.206387546967257,2.6502952227589907,20.41062801932367,2.006172839506173,4.750402576489533,7.440955448201825,0.10064412238325282,0.06709608158883522,,,
37,31.588835212023618,31.085614600107355,2.6502952227589907,20.356951154052602,1.9927536231884058,4.750402576489533,7.407407407407407,0.10064412238325282,0.06709608158883522,,,
38,24.9194847020934,60.16505636070853,0.8655394524959742,11.010466988727858,0.9057971014492754,2.13365539452496,,,,,,
39,25.161030595813205,59.554482018250134,0.8655394524959742,11.003757380568974,1.3016639828234031,2.1135265700483092,,,,,,
40,24.530327428878152,54.45517981749866,0.8521202361782072,10.923242082662373,1.2681159420289856,1.7310789049919484,6.1929683306494905,,0.04696725711218465,,,
41,24.67793880837359,54.30756843800322,0.8521202361782072,10.88298443370907,1.3352120236178207,1.7310789049919484,6.166129898013956,,0.04696725711218465,,,
42,24.993290391841118,53.98550724637681,0.8387010198604401,10.815888352120236,1.4694041867954912,1.7310789049919484,6.119162640901771,,0.04696725711218465,,,
43,25.187869028448738,53.79092860976919,0.8387010198604401,10.815888352120236,1.4694041867954912,1.7310789049919484,6.119162640901771,,0.04696725711218465,,,
44,25.275093934514224,53.73054213633924,0.8387010198604401,10.815888352120236,1.4694041867954912,1.7310789049919484,6.092324208266238,,0.04696725711218465,,,
45,25.503220611916262,53.35480407944176,0.8387010198604401,10.748792270531402,1.5499194847020934,3.180354267310789,4.777241009125067,,0.04696725711218465,,,
46,22.71202361782072,53.11325818572195,0.5703166935050993,14.197530864197532,1.6975308641975309,2.885131508319914,4.777241009125067,,0.04696725711218465,,,
47,22.745571658615138,49.308910359635,2.314814814814815,14.143853998926463,3.7775093934514223,2.885131508319914,4.777241009125067,,0.04696725711218465,,,
48,22.725442834138487,47.557702630166396,2.314814814814815,14.318303811057435,5.374396135265701,2.885131508319914,4.777241009125067,,0.04696725711218465,,,
49,22.758990874932906,47.537573805689746,2.314814814814815,14.318303811057435,5.360976918947934,2.885131508319914,4.777241009125067,,0.04696725711218465,,,
50,22.953569511540525,47.376543209876544,2.314814814814815,14.2914653784219,5.35426731078905,2.885131508319914,4.777241009125067,,0.04696725711218465,,,
51,23.2487922705314,47.175254965110035,2.2946859903381642,14.224369296833064,5.360976918947934,2.885131508319914,4.7638217928073,,0.04696725711218465,,,
52,23.242082662372518,46.47745571658615,2.2946859903381642,13.895598497047773,6.092324208266238,3.1870638754696725,4.7638217928073,,0.04696725711218465,,,
53,23.262211486849168,46.3365539452496,2.2946859903381642,13.88888888888889,6.092324208266238,3.1870638754696725,4.891304347826087,,0.04696725711218465,,,
54,23.047504025764894,44.96779388083736,2.636876006441224,15.391841116478798,6.092324208266238,3.0193236714975846,4.797369833601718,,0.04696725711218465,,,
55,23.329307568438004,44.72624798711755,2.636876006441224,15.378421900161031,6.092324208266238,3.0193236714975846,4.770531400966184,,0.04696725711218465,,,
56,23.517176596886742,44.618894256575416,2.636876006441224,15.291196994095545,6.052066559312936,3.0193236714975846,4.770531400966184,,0.0939345142243693,,,
57,23.309178743961354,37.59393451422437,2.636876006441224,15.250939345142244,4.0995705850778315,3.0193236714975846,13.996242619431026,,0.0939345142243693,,,
58,23.58427267847558,37.31884057971015,2.636876006441224,15.250939345142244,4.206924315619967,3.012614063338701,13.895598497047773,,0.0939345142243693,,,
59,23.758722490606548,37.265163714439076,2.623456790123457,15.177133655394526,4.193505099302201,2.9924852388620504,13.828502415458937,,0.1610305958132045,,,
60,23.872785829307567,37.17793880837359,2.657004830917874,15.11003757380569,4.159957058507783,2.9790660225442833,13.828502415458937,,0.2147074610842727,,,
61,23.8191089640365,37.124261943102525,2.932098765432099,14.895330112721417,4.253891572732153,2.9790660225442833,13.781535158346752,,0.2147074610842727,,,
62,23.946591519055286,37.003488996242616,2.932098765432099,14.586688137412775,4.253891572732153,2.9723564143853998,13.781535158346752,,0.5233494363929146,,,
63,22.443639291465377,30.56897477187332,2.7643585614600106,14.533011272141707,4.079441760601181,2.046430488459474,23.040794417606012,,0.5233494363929146,,,
64,22.537573805689746,30.609232420826622,2.7509393451422435,14.479334406870638,4.079441760601181,2.046430488459474,22.973698336017176,,0.5233494363929146,,,
65,16.31105743424584,64.63365539452496,1.9256575415995705,14.123725174449811,1.8853998926462694,0.46296296296296297,0.13419216317767044,,0.5233494363929146,,,
66,16.586151368760063,64.39881910896403,1.9256575415995705,14.103596349973161,1.865271068169619,0.46296296296296297,0.13419216317767044,,0.5233494363929146,,,
67,16.774020397208805,63.909017713365536,1.9256575415995705,14.083467525496511,2.187332259796028,0.46296296296296297,0.13419216317767044,,0.5233494363929146,,,
68,17.07595276435856,63.66747181964573,1.9256575415995705,14.06333870101986,2.147074610842727,0.46296296296296297,0.13419216317767044,,0.5233494363929146,,,
69,17.384594739667204,61.943102522812666,1.9256575415995705,14.029790660225443,3.5963499731615673,0.46296296296296297,0.13419216317767044,,0.5233494363929146,,,
70,17.458400429414922,61.64787976382179,1.9256575415995705,13.969404186795492,3.7037037037037037,0.6508319914117016,0.13419216317767044,,0.5099302200751477,,,
71,17.733494363929147,61.4398819108964,1.9256575415995705,13.902308105206655,3.7037037037037037,0.6508319914117016,0.13419216317767044,,0.5099302200751477,,,
72,17.894524959742352,59.86983360171766,1.9256575415995705,13.895598497047773,5.119431025228127,0.6508319914117016,0.13419216317767044,,0.5099302200751477,,,
73,13.33870101986044,55.052334943639295,1.90552871712292,22.71202361782072,6.045356951154052,0.43612453032742887,,,0.5099302200751477,,,
74,13.425925925925926,54.99194847020934,1.90552871712292,22.685185185185187,6.045356951154052,0.43612453032742887,,,0.5099302200751477,,,
75,13.506441223832528,51.02657004830918,5.917874396135265,22.685185185185187,5.917874396135265,0.43612453032742887,,,0.5099302200751477,,,
76,13.43263553408481,50.0805152979066,5.911164787976382,22.10144927536232,6.743156199677939,1.221148684916801,,,0.5099302200751477,,,
77,13.620504562533547,49.651100375738054,5.911164787976382,21.07487922705314,7.0383789586688135,1.221148684916801,,,1.482823403113258,,,
78,13.70101986044015,49.651100375738054,5.857487922705314,21.068169618894256,7.018250134192163,1.221148684916801,,,1.482823403113258,,,
79,13.935856146001074,49.27536231884058,5.850778314546431,20.987654320987655,7.246376811594203,1.221148684916801,,,1.482823403113258,,,
80,12.902576489533011,50.395866881374126,5.850778314546431,20.90042941492217,7.246376811594203,1.221148684916801,,,1.482823403113258,,,
81,12.969672571121846,49.8792270531401,5.850778314546431,20.8870101986044,7.709339774557166,1.221148684916801,,,1.482823403113258,,,
82,13.103864734299517,48.289049919484704,5.8239398819108965,20.531400966183575,9.574610842726784,1.1943102522812667,,,1.482823403113258,,,
83,13.311862587224907,48.05421363392378,5.8172302737520125,20.37037037037037,9.54777241009125,1.1943102522812667,,,1.7042404723564144,,,
84,13.526570048309178,47.36983360171766,5.803811057434245,20.263016639828233,10.138217928073,1.1943102522812667,,,1.7042404723564144,,,
85,13.466183574879228,47.02093397745572,5.917874396135265,20.699141170155663,9.997316156736447,1.1943102522812667,,,1.7042404723564144,,,
86,13.841921631776705,46.57139023081052,5.797101449275362,20.564949006977994,10.332796564680622,1.1876006441223832,,,1.7042404723564144,,,
87,13.982823403113258,46.2962962962963,5.984970477724101,20.189210950080515,10.473698336017177,1.1473429951690821,,,1.9256575415995705,,,
88,14.244498121309716,46.19565217391305,5.984970477724101,20.041599570585078,10.46027911969941,1.1473429951690821,,,1.9256575415995705,,,
89,14.553140096618357,46.03462157809984,5.891035963499732,20.014761137949545,10.46027911969941,1.1473429951690821,,,1.8988191089640365,,,
90,14.989264626945786,45.91384863123994,5.870907139023081,19.994632313472895,10.218733225979603,1.1473429951690821,,,1.865271068169619,,,
91,15.136876006441224,45.840042941492214,5.857487922705314,19.95437466451959,10.198604401502953,1.1473429951690821,,,1.865271068169619,,,
92,15.418679549114332,45.67901234567901,5.8172302737520125,19.83360171765969,10.25228126677402,1.1473429951690821,,,1.8518518518518519,,,
93,15.425389157273216,45.1154052603328,5.938003220611916,19.028448738593667,10.23215244229737,1.6774020397208802,0.7313472893183038,,1.8518518518518519,,,
94,15.626677402039721,44.900697799248526,5.917874396135265,18.99490069779925,10.312667740203972,1.6774020397208802,0.7313472893183038,,1.8384326355340848,,,
95,15.660225442834138,44.16935050993022,5.891035963499732,18.80703166935051,11.238593666129898,1.6774020397208802,0.7313472893183038,,1.8250134192163177,,,
96,15.888352120236178,44.02844873859367,5.891035963499732,18.780193236714975,11.178207192699947,1.6774020397208802,0.7313472893183038,,1.8250134192163177,,,
97,16.009125067096083,43.927804616210416,5.891035963499732,18.766774020397207,11.171497584541063,1.6774020397208802,0.7313472893183038,,1.8250134192163177,,,
98,16.11647879763822,43.84057971014493,5.877616747181965,18.4849704777241,11.446591519055287,1.6774020397208802,0.7313472893183038,,1.8250134192163177,,,
99,16.324476650563607,43.45813204508857,5.877616747181965,18.431293612453032,11.574074074074074,1.7914653784219001,0.7179280730005367,,1.8250134192163177,,,
100,16.21712292002147,40.82796564680623,6.615673644659152,17.894524959742352,13.600375738056897,2.1135265700483092,0.7179280730005367,,2.0128824476650564,,,
101,16.492216854535695,40.666935050993025,6.595544820182502,17.807300053676865,13.593666129898015,2.1135265700483092,0.7179280730005367,,2.0128824476650564,,,
102,16.317767042404725,38.399087493290395,6.568706387546968,17.70665593129361,16.163446054750402,2.0799785292538915,0.7179280730005367,,2.046430488459474,,,
103,16.25738056897477,38.238056897477186,6.568706387546968,18.61916264090177,16.109769189479334,1.4559849704777241,0.7179280730005367,,2.033011272141707,,,
104,16.472088030059044,38.1508319914117,6.5552871712292005,18.585614600107355,15.942028985507246,1.4559849704777241,0.7045088566827697,0.10064412238325282,2.033011272141707,,,
105,16.639828234031132,38.036768652710684,6.541867954911433,18.54535695115405,15.942028985507246,1.4559849704777241,0.7045088566827697,0.10064412238325282,2.033011272141707,,,
106,14.49946323134729,44.69940955448202,6.541867954911433,15.170424047235642,15.921900161030596,1.3486312399355878,0.7045088566827697,0.10064412238325282,1.0131508319914118,,,
107,14.512882447665056,44.457863660762214,6.541867954911433,15.136876006441224,16.19699409554482,1.3352120236178207,0.7045088566827697,0.10064412238325282,1.0131508319914118,,,
108,14.895330112721417,44.24315619967794,6.494900697799249,15.076489533011273,16.13660762211487,1.3352120236178207,0.7045088566827697,0.10064412238325282,1.0131508319914118,,,
109,14.841653247450349,43.68625872249061,6.494900697799249,14.895330112721417,17.042404723564143,1.3352120236178207,0.7045088566827697,0.10064412238325282,0.8990874932903918,,,
110,15.03623188405797,43.49838969404187,6.528448738593666,14.861782071927,16.82769726247987,1.3352120236178207,0.7045088566827697,0.10064412238325282,0.8990874932903918,0.20799785292538917,,
111,15.210681696188942,43.41116478797638,6.508319914117015,14.821524422973699,16.800858829844337,1.3352120236178207,0.7045088566827697,0.10064412238325282,0.8990874932903918,0.20799785292538917,,
112,15.35829307568438,43.01529790660226,6.421095008051529,14.774557165861514,16.774020397208805,1.3352120236178207,0.7045088566827697,0.10064412238325282,1.221148684916801,0.20799785292538917,0.08722490606548577,
113,15.49248523886205,42.92807300053677,6.380837359098229,14.774557165861514,16.76731078904992,1.3352120236178207,0.7045088566827697,0.10064412238325282,1.221148684916801,0.20799785292538917,0.08722490606548577,
114,15.693773483628556,42.330917874396135,6.320450885668277,14.626945786366075,15.626677402039721,2.952227589908749,0.6977992485238862,0.10064412238325282,1.221148684916801,0.20799785292538917,0.2214170692431562,
115,15.398550724637682,41.659957058507786,6.199677938808374,13.405797101449275,15.4723564143854,2.952227589908749,3.1602254428341383,0.10064412238325282,1.221148684916801,0.20799785292538917,0.2214170692431562,
116,15.056360708534621,39.86849168008588,8.870101986044014,13.6406333870102,14.700751476113794,2.952227589908749,3.1602254428341383,0.10064412238325282,1.221148684916801,0.20799785292538917,0.2214170692431562,
117,15.22410091250671,39.781266774020395,8.84326355340848,13.6406333870102,14.647074610842727,2.952227589908749,3.1602254428341383,0.10064412238325282,1.221148684916801,0.20799785292538917,0.2214170692431562,
118,15.559581320450885,39.45920558239399,8.776167471819646,13.613794954374665,14.566559312936125,3.113258185721954,3.1602254428341383,0.10064412238325282,1.221148684916801,0.20799785292538917,0.2214170692431562,
119,15.754159957058508,39.33843263553408,8.776167471819646,13.573537305421363,14.53972088030059,3.1065485775630703,3.1602254428341383,0.10064412238325282,1.221148684916801,0.20799785292538917,0.2214170692431562,
120,15.874932903918411,38.39237788513151,8.756038647342995,13.56682769726248,15.411969940955448,3.0864197530864197,3.1602254428341383,0.10064412238325282,1.221148684916801,0.20799785292538917,0.2214170692431562,
121,16.029253891572733,37.36580783682233,8.61513687600644,13.486312399355878,16.794149221685455,3.0864197530864197,3.1602254428341383,0.10064412238325282,0.9594739667203436,0.20799785292538917,0.19457863660762212,
122,16.14331723027375,37.27187332259796,8.61513687600644,13.466183574879228,16.794149221685455,3.0864197530864197,3.1602254428341383,0.10064412238325282,0.9594739667203436,0.20799785292538917,0.19457863660762212,
123,15.96886741814278,34.916800858829845,8.272946859903382,13.419216317767042,19.726247987117553,3.0864197530864197,3.1468062265163717,0.10064412238325282,0.9594739667203436,0.20799785292538917,0.19457863660762212,
124,15.546162104133119,35.49382716049383,8.259527643585615,13.345410628019323,19.679280730005367,3.0730005367686526,3.140096618357488,0.10064412238325282,0.9594739667203436,0.20799785292538917,0.19457863660762212,
125,15.418679549114332,34.534353193773484,8.232689210950081,13.425925925925926,20.73268921095008,3.052871712292002,3.140096618357488,0.10064412238325282,0.9594739667203436,0.20799785292538917,0.19457863660762212,
126,15.60654857756307,34.40016103059581,8.232689210950081,13.41250670960816,20.719269994632313,3.026033279656468,3.140096618357488,0.10064412238325282,0.9594739667203436,0.20799785292538917,0.19457863660762212,
127,15.780998389694043,34.37332259796028,8.158883521202362,13.41250670960816,20.658883521202362,3.1468062265163717,3.0059044551798175,0.10064412238325282,0.9594739667203436,0.20799785292538917,0.19457863660762212,
128,15.848094471282877,34.13177670424047,8.400429414922169,13.41250670960816,20.43075684380032,3.307836822329576,3.0059044551798175,0.10064412238325282,0.9594739667203436,0.20799785292538917,0.19457863660762212,
129,16.056092324208265,33.964036500268385,8.36688137412775,13.258185721953838,20.471014492753625,3.3011272141706924,3.0059044551798175,0.10064412238325282,1.0735373054213635,0.20799785292538917,0.19457863660762212,
130,16.076221148684915,33.843263553408484,8.28636607622115,13.231347289318304,20.061728395061728,3.9184111647879765,3.0059044551798175,0.10064412238325282,1.0735373054213635,0.20799785292538917,0.19457863660762212,
131,15.975577026301664,33.81642512077295,7.75630703166935,13.231347289318304,20.061728395061728,3.9184111647879765,3.0059044551798175,0.10064412238325282,1.0735373054213635,0.20799785292538917,0.8521202361782072,
132,15.546162104133119,33.20585077831455,8.76274825550188,12.04374664519592,19.43773483628556,5.837359098228664,2.945517981749866,0.10064412238325282,1.0601180891035964,0.20799785292538917,0.8521202361782072,
133,15.633387010198604,33.01798174986581,8.749329039184111,12.171229200214707,19.424315619967793,5.837359098228664,2.945517981749866,0.10064412238325282,1.0601180891035964,0.20799785292538917,0.8521202361782072,
134,15.827965646806227,32.95759527643585,8.715780998389693,12.117552334943639,19.49812130971551,5.71658615136876,2.945517981749866,0.10064412238325282,1.0601180891035964,0.20799785292538917,0.8521202361782072,
135,16.0426731078905,32.87707997852925,8.709071390230811,12.070585077831455,19.45115405260333,5.709876543209877,2.918679549114332,0.10064412238325282,1.0601180891035964,0.20799785292538917,0.8521202361782072,
136,16.13660762211487,32.340311325818575,8.628556092324208,11.990069779924852,20.041599570585078,5.508588298443371,2.8918411164787976,0.3421900161030596,1.0601180891035964,0.20799785292538917,0.8521202361782072,
137,16.27079978529254,32.18599033816425,8.13875469672571,11.98336017176597,19.92753623188406,5.58239398819109,2.8918411164787976,0.3421900161030596,1.6572732152442298,0.20799785292538917,0.8118625872249061,
138,14.969135802469136,32.13231347289318,8.433977455716587,7.977724100912507,19.51825013419216,5.515297906602254,8.501073537305421,0.3421900161030596,1.5901771336553945,0.20799785292538917,0.8118625872249061,
139,15.056360708534621,32.10547504025765,8.433977455716587,7.971014492753623,19.49141170155663,5.501878690284487,8.487654320987655,0.3421900161030596,1.5901771336553945,0.20799785292538917,0.8118625872249061,
140,15.351583467525497,32.01154052603328,8.360171765968868,7.950885668276973,19.444444444444443,5.488459473966721,8.454106280193237,0.3421900161030596,1.5767579173376274,0.20799785292538917,0.8118625872249061,
141,15.505904455179817,31.756575415995705,8.333333333333334,7.950885668276973,19.585346215780998,5.475040257648954,8.454106280193237,0.3421900161030596,1.5767579173376274,0.20799785292538917,0.8118625872249061,
142,15.70048309178744,31.709608158883523,8.313204508856682,7.944176060118089,19.504830917874397,5.448201825013419,8.454106280193237,0.3421900161030596,1.5767579173376274,0.20799785292538917,0.798443370907139,
143,15.942028985507246,31.260064412238325,8.722490606548577,7.944176060118089,19.155931293612454,5.448201825013419,8.387010198604402,0.3421900161030596,1.5767579173376274,0.4227053140096618,0.798443370907139,
144,16.27750939345142,31.159420289855074,8.695652173913043,7.9106280193236715,19.028448738593667,5.421363392377885,8.387010198604402,0.33548040794417605,1.5633387010198605,0.4227053140096618,0.798443370907139,
145,16.57944176060118,31.072195383789587,8.655394524959743,7.87037037037037,18.988191089640367,5.367686527106817,8.3467525496511,0.33548040794417605,1.5633387010198605,0.4227053140096618,0.798443370907139,
146,16.7337627482555,30.823939881910896,8.648684916800859,7.803274288781535,18.94122383252818,5.669618894256575,8.3467525496511,0.33548040794417605,1.4962426194310252,0.4025764895330113,0.798443370907139,
147,16.941760601180892,30.756843800322063,8.608427267847558,7.803274288781535,18.88083735909823,5.669618894256575,8.3064949006978,0.33548040794417605,1.4962426194310252,0.4025764895330113,0.798443370907139,
148,17.06924315619968,30.62265163714439,8.601717659688674,7.890499194847021,18.80703166935051,5.669618894256575,8.3064949006978,0.33548040794417605,1.4962426194310252,0.4025764895330113,0.798443370907139,
149,17.223564143854,30.347557702630166,8.57487922705314,7.823403113258186,19.102254428341386,5.60252281266774,8.299785292538916,0.33548040794417605,1.4962426194310252,0.4025764895330113,0.7917337627482555,
150,16.76731078904992,29.750402576489535,8.514492753623188,6.400966183574879,18.82716049382716,5.548845947396672,11.3191089640365,0.33548040794417605,1.3419216317767042,0.4025764895330113,0.7917337627482555,
151,16.901502952227588,29.656468062265162,8.460815888352121,5.8172302737520125,19.43773483628556,5.548845947396672,10.836017176596886,0.33548040794417605,1.3419216317767042,0.4025764895330113,1.261406333870102,
152,17.08937198067633,29.60950080515298,8.460815888352121,5.790391841116479,19.39747718733226,5.522007514761138,10.815888352120236,0.33548040794417605,1.3419216317767042,0.4025764895330113,1.2345679012345678,
153,17.21014492753623,29.482018250134193,8.440687063875469,5.904455179817498,19.370638754696724,5.46833064949007,10.809178743961352,0.33548040794417605,1.3419216317767042,0.4025764895330113,1.2345679012345678,
154,17.62614063338701,29.401502952227588,8.420558239398819,5.904455179817498,19.16935050993022,5.434782608695652,10.789049919484702,0.33548040794417605,1.3217928073000538,0.36231884057971014,1.2345679012345678,
155,17.72007514761138,29.294149221685455,8.293075684380032,5.904455179817498,19.0955448201825,5.434782608695652,10.789049919484702,0.33548040794417605,1.5365002683843263,0.36231884057971014,1.2345679012345678,
156,17.834138486312398,29.25389157273215,8.293075684380032,5.891035963499732,19.068706387546968,5.421363392377885,10.789049919484702,0.33548040794417605,1.5365002683843263,0.36231884057971014,1.2144390767579174,
157,17.894524959742352,29.07944176060118,8.80300590445518,5.877616747181965,18.773483628556093,5.320719269994632,10.762211486849168,0.2683843263553409,1.5365002683843263,0.46967257112184646,1.2144390767579174,
158,18.02871712292002,29.012345679012345,8.789586688137414,5.857487922705314,18.766774020397207,5.481749865807837,10.735373054213634,0.2683843263553409,1.5365002683843263,0.46967257112184646,1.0534084809447128,
159,18.23671497584541,28.884863123993558,8.769457863660762,5.803811057434245,18.947933440687063,5.481749865807837,10.63472893183038,0.2683843263553409,1.4492753623188406,0.46967257112184646,1.0534084809447128,
160,18.4849704777241,28.73725174449812,8.729200214707461,5.776972624798712,18.867418142780462,5.4616210413311865,10.59447128287708,0.2683843263553409,1.583467525496511,0.46967257112184646,1.0265700483091786,
161,18.54535695115405,28.690284487385938,8.729200214707461,5.8172302737520125,18.82716049382716,5.4616210413311865,10.446859903381643,0.2683843263553409,1.583467525496511,0.46967257112184646,1.1607622114868492,
162,18.739935587761675,28.59634997316157,8.722490606548577,5.730005367686527,18.80703166935051,5.414653784219001,10.507246376811594,0.2683843263553409,1.583467525496511,0.46967257112184646,1.1607622114868492,
163,18.927804616210413,28.22061191626409,8.702361782071927,5.723295759527644,19.102254428341386,5.394524959742351,10.453569511540525,0.2616747181964573,1.583467525496511,0.46967257112184646,1.1607622114868492,
164,19.03515834675255,28.019323671497585,8.68894256575416,5.71658615136876,19.290123456790123,5.374396135265701,10.399892646269459,0.2616747181964573,1.583467525496511,0.46967257112184646,1.1607622114868492,
165,19.216317767042405,27.89855072463768,8.682232957595277,5.709876543209877,19.243156199677937,5.374396135265701,10.399892646269459,0.2616747181964573,1.583467525496511,0.46967257112184646,1.1607622114868492,
166,19.243156199677937,27.891841116478798,8.628556092324208,5.703166935050993,19.182769726247987,5.374396135265701,10.399892646269459,0.3757380568974772,1.570048309178744,0.46967257112184646,1.1607622114868492,
167,19.370638754696724,27.710681696188942,9.044551798174986,5.703166935050993,19.00161030595813,5.307300053676865,10.373054213633925,0.2885131508319914,1.570048309178744,0.46967257112184646,1.1607622114868492,
168,19.64573268921095,27.616747181964573,9.01100375738057,5.683038110574342,18.86070853462158,5.267042404723564,10.339506172839506,0.3757380568974772,1.570048309178744,0.46967257112184646,1.1607622114868492,
169,19.726247987117553,27.583199141170155,8.997584541062801,5.683038110574342,18.833870101986044,5.267042404723564,10.339506172839506,0.36902844873859364,1.570048309178744,0.46967257112184646,1.1607622114868492,
170,19.840311325818572,27.51610305958132,8.977455716586151,5.669618894256575,18.833870101986044,5.267042404723564,10.326086956521738,0.36902844873859364,1.570048309178744,0.46967257112184646,1.1607622114868492,
171,19.97450348899624,27.435587761674718,8.977455716586151,5.555555555555555,18.9345142243693,5.267042404723564,10.312667740203972,0.3421900161030596,1.570048309178744,0.46967257112184646,1.1607622114868492,
172,20.182501341921633,27.30139559849705,8.977455716586151,5.542136339237788,18.90096618357488,5.267042404723564,10.299248523886206,0.3421900161030596,1.556629092860977,0.46967257112184646,1.1607622114868492,
173,19.92753623188406,26.82501341921632,11.158078368223295,5.542136339237788,17.485238862050455,5.260332796564681,10.272410091250672,0.3421900161030596,1.556629092860977,0.46967257112184646,1.1607622114868492,
174,20.249597423510465,26.77133655394525,11.144659151905529,5.495169082125604,17.47181964573269,5.260332796564681,10.23215244229737,0.3421900161030596,1.4224369296833066,0.46967257112184646,1.1406333870101986,
175,20.41062801932367,26.717659688674182,10.983628556092324,5.495169082125604,17.47181964573269,5.233494363929147,10.010735373054214,0.3421900161030596,1.724369296833065,0.46967257112184646,1.1406333870101986,
176,20.632045088566827,26.663982823403114,11.017176596886742,5.360976918947934,17.216854535695116,5.199946323134729,9.936929683306495,0.3421900161030596,1.7042404723564144,0.8051529790660226,1.1205045625335481,
177,20.779656468062264,26.650563607085346,10.903113258185721,5.360976918947934,17.183306494900698,5.199946323134729,9.896672034353195,0.3421900161030596,2.0263016639828235,0.8051529790660226,0.8521202361782072,
178,20.78636607622115,26.54320987654321,11.272141706924316,5.360976918947934,16.794149221685455,5.199946323134729,9.990606548577563,0.3421900161030596,1.9659151905528718,0.8051529790660226,0.9393451422436929,
179,20.90042941492217,26.496242619431026,11.238593666129898,5.360976918947934,16.760601180891037,5.199946323134729,9.990606548577563,0.3421900161030596,1.9659151905528718,0.8051529790660226,0.9393451422436929,
180,20.913848631239937,26.140633387010197,11.238593666129898,5.360976918947934,17.14975845410628,5.199946323134729,9.943639291465379,0.3421900161030596,1.9659151905528718,0.8051529790660226,0.9393451422436929,
181,21.309715512614062,25.979602791196996,10.641438539989265,5.246913580246914,17.800590445517983,5.179817498658078,9.789318303811058,0.3421900161030596,1.9659151905528718,0.8051529790660226,0.9393451422436929,
182,21.43719806763285,25.939345142243692,10.628019323671497,5.246913580246914,17.773752012882447,5.179817498658078,9.681964573268921,0.3421900161030596,1.9390767579173376,0.8051529790660226,1.0265700483091786,
183,21.578099838969404,25.91250670960816,10.628019323671497,5.246913580246914,17.69994632313473,5.179817498658078,9.594739667203436,0.3421900161030596,1.9390767579173376,0.8051529790660226,1.0735373054213635,
184,21.72571121846484,25.87224906065486,10.607890499194847,5.233494363929147,17.673107890499196,5.139559849704777,9.588030059044552,0.3421900161030596,1.9390767579173376,0.8051529790660226,1.0735373054213635,
185,21.83977455716586,25.81857219538379,10.581052066559312,5.213365539452496,17.673107890499196,5.12614063338701,9.588030059044552,0.3421900161030596,1.9390767579173376,0.8051529790660226,1.0735373054213635,
186,21.66532474503489,25.489801395598498,10.581052066559312,5.166398282340311,17.673107890499196,5.723295759527644,9.541062801932368,0.3421900161030596,1.9390767579173376,0.8051529790660226,1.0735373054213635,
187,21.611647879763822,24.94632313472893,10.567632850241546,5.367686527106817,17.559044551798173,6.293612453032743,9.494095544820183,0.3421900161030596,1.9390767579173376,0.8051529790660226,1.0735373054213635,
188,22.007514761137948,24.838969404186795,10.527375201288244,5.367686527106817,17.52549651100376,6.253354804079442,9.46725711218465,0.3421900161030596,1.8451422436929683,0.7514761137949544,1.0735373054213635,
189,22.302737520128826,24.758454106280194,10.487117552334944,5.360976918947934,17.47181964573269,6.139291465378422,9.306226516371444,0.3421900161030596,1.8451422436929683,0.7514761137949544,1.2345679012345678,
190,22.10144927536232,24.22168545356951,11.506977992485238,5.360976918947934,17.250402576489535,6.139291465378422,9.245840042941492,0.3421900161030596,1.8451422436929683,0.7514761137949544,1.2345679012345678,
191,22.15512614063339,24.10762211486849,11.506977992485238,5.3341384863123995,17.344337090713903,6.132581857219538,9.245840042941492,0.3421900161030596,1.8451422436929683,0.7514761137949544,1.2345679012345678,
192,22.24235104669887,23.96672034353194,11.81561996779388,5.3341384863123995,17.102791196994094,6.132581857219538,9.245840042941492,0.3421900161030596,1.8451422436929683,0.7514761137949544,1.221148684916801,
193,22.356414385399894,23.89291465378422,11.81561996779388,5.3274288781535155,17.07595276435856,6.125872249060655,9.245840042941492,0.3421900161030596,1.8451422436929683,0.7514761137949544,1.221148684916801,
194,20.33011272141707,20.202630166398283,11.158078368223295,4.904723564143854,15.190552871712292,14.512882447665056,8.84326355340848,0.630703166935051,2.26784755770263,0.7514761137949544,1.2077294685990339,
195,20.44417606011809,20.135534084809446,11.131239935587761,4.904723564143854,15.157004830917874,14.553140096618357,8.84326355340848,0.6038647342995169,2.26784755770263,0.7514761137949544,1.2077294685990339,
196,20.564949006977994,20.075147611379496,11.003757380568974,4.414922168545357,15.049651100375739,15.257648953301127,8.84326355340848,0.6038647342995169,2.24771873322598,0.7313472893183038,1.2077294685990339,
197,20.685721953837895,20.055018786902846,10.997047772410092,4.414922168545357,15.002683843263553,15.230810520665592,8.829844337090714,0.6038647342995169,2.2410091250670963,0.7313472893183038,1.2077294685990339,
198,20.994363929146537,20.001341921631777,10.970209339774557,4.414922168545357,14.955716586151368,15.143585614600108,8.76274825550188,0.6038647342995169,2.2410091250670963,0.7045088566827697,1.2077294685990339,
199,21.021202361782073,19.605475040257648,11.16478797638218,4.408212560386473,14.868491680085883,15.465646806226516,8.715780998389693,0.5971551261406334,2.2410091250670963,0.7045088566827697,1.2077294685990339,
200,21.202361782071925,19.45115405260333,11.151368760064413,4.408212560386473,14.955716586151368,15.418679549114332,8.662104133118627,0.5971551261406334,2.2410091250670963,0.7045088566827697,1.2077294685990339,
201,21.329844337090712,19.39747718733226,10.876274825550189,4.38137412775094,14.928878153515834,15.546162104133119,8.662104133118627,0.7246376811594203,2.2410091250670963,0.7045088566827697,1.2077294685990339,
202,21.336553945249598,19.37734836285561,10.849436392914654,4.38137412775094,14.821524422973699,15.539452495974235,8.527911969940956,0.7179280730005367,2.563070316693505,0.7045088566827697,1.1808910359634996,
203,21.490874932903917,19.33709071390231,10.829307568438002,4.38137412775094,14.78797638217928,15.53274288781535,8.494363929146537,0.7179280730005367,2.563070316693505,0.6843800322061192,1.1808910359634996,
204,21.62506709608159,19.316961889425656,10.654857756307031,4.38137412775094,14.754428341384862,15.411969940955448,8.722490606548577,0.7179280730005367,2.563070316693505,0.6776704240472357,1.1741814278046163,
205,21.672034353193773,19.30354267310789,10.621309715512615,4.38137412775094,14.754428341384862,15.411969940955448,8.722490606548577,0.7179280730005367,2.563070316693505,0.6776704240472357,1.1741814278046163,
206,21.772678475577028,19.256575415995705,10.587761674718196,4.38137412775094,14.51959205582394,15.371712292002147,8.722490606548577,0.7179280730005367,2.844873859366613,0.6508319914117016,1.1741814278046163,
207,21.866612989801396,19.229736983360173,10.57434245840043,4.38137412775094,14.512882447665056,15.344873859366613,8.702361782071927,0.7179280730005367,2.844873859366613,0.6508319914117016,1.1741814278046163,
208,21.66532474503489,19.03515834675255,10.50053676865271,4.133118625872249,14.573268921095009,15.096618357487923,9.769189479334408,0.8923778851315083,2.5831991411701556,0.6508319914117016,1.1003757380568975,
209,21.900161030595815,18.9747718733226,10.50053676865271,4.1129898013955986,14.566559312936125,15.063070316693505,9.668545356951155,0.8923778851315083,2.5697799248523885,0.6508319914117016,1.1003757380568975,
210,22.088030059044552,18.90096618357488,10.46027911969941,4.106280193236715,14.512882447665056,15.049651100375739,9.668545356951155,0.8923778851315083,2.5697799248523885,0.6508319914117016,1.1003757380568975,
211,22.41009125067096,18.874127750939344,10.373054213633925,4.106280193236715,14.512882447665056,14.942297369833602,9.567901234567902,0.8923778851315083,2.5697799248523885,0.6508319914117016,1.1003757380568975,
212,22.550993022007514,18.867418142780462,10.406602254428341,4.106280193236715,14.432367149758454,14.855072463768115,9.567901234567902,0.8923778851315083,2.5697799248523885,0.6508319914117016,1.1003757380568975,
213,22.604669887278583,18.753354804079443,10.674986580783683,4.086151368760064,14.284755770263017,14.821524422973699,9.406870638754697,0.9393451422436929,2.7442297369833604,0.5837359098228664,1.1003757380568975,
214,22.77241009125067,18.719806763285025,10.674986580783683,4.079441760601181,13.754696725711218,14.720880300590446,9.842995169082126,0.9393451422436929,2.8113258185721954,0.5837359098228664,1.1003757380568975,
215,23.007246376811594,18.666129898013956,10.674986580783683,4.05931293612453,13.734567901234568,14.65378421900161,9.809447128287708,0.9326355340848095,2.8113258185721954,0.5501878690284487,1.1003757380568975,
216,23.013955984970476,19.129092860976918,10.601180891035963,4.012345679012346,13.647342995169081,14.412238325281804,9.789318303811058,0.9326355340848095,2.8113258185721954,0.5501878690284487,1.1003757380568975,
217,23.1280193236715,19.068706387546968,10.540794417606012,4.045893719806763,13.647342995169081,14.412238325281804,9.789318303811058,0.9326355340848095,2.7844873859366612,0.5501878690284487,1.1003757380568975,
218,23.356146001073537,19.048577563070317,10.540794417606012,4.045893719806763,13.573537305421363,14.36527106816962,9.742351046698873,0.9326355340848095,2.7442297369833604,0.5501878690284487,1.1003757380568975,
219,23.21524422973698,18.625872249060656,11.231884057971014,4.025764895330113,13.546698872785829,14.237788513150832,9.708803005904455,0.9326355340848095,2.7442297369833604,0.630703166935051,1.1003757380568975,
220,23.315888352120236,18.585614600107355,11.225174449812132,4.025764895330113,13.539989264626946,14.224369296833064,9.675254965110037,0.9326355340848095,2.7442297369833604,0.630703166935051,1.1003757380568975,
221,23.255501878690286,18.00187869028449,11.151368760064413,4.019055287171229,14.278046162104133,14.210950080515298,9.675254965110037,0.9326355340848095,2.7442297369833604,0.630703166935051,1.1003757380568975,
222,23.376274825550187,17.94820182501342,11.124530327428879,4.019055287171229,14.278046162104133,14.17740203972088,9.675254965110037,0.9326355340848095,2.7442297369833604,0.6239935587761675,1.1003757380568975,
223,23.22866344605475,17.94820182501342,11.09098228663446,4.797369833601718,14.251207729468598,14.123725174449811,9.158615136876007,0.9326355340848095,2.7442297369833604,0.6239935587761675,1.1003757380568975,
224,23.2487922705314,17.847557702630166,11.09098228663446,4.797369833601718,14.36527106816962,14.123725174449811,9.125067096081589,0.9326355340848095,2.7442297369833604,0.6239935587761675,1.1003757380568975,
225,23.040794417606012,17.820719269994633,11.05072463768116,4.783950617283951,14.13714439076758,14.982555018786902,8.662104133118627,0.9326355340848095,2.7442297369833604,0.7313472893183038,1.1137949543746646,
226,23.295759527643586,17.767042404723565,10.963499731615673,4.74369296833065,14.130434782608695,14.935587761674718,8.641975308641975,0.9326355340848095,2.7442297369833604,0.7313472893183038,1.1137949543746646,
227,23.121309715512613,17.599302200751477,10.82259796027912,4.74369296833065,13.902308105206655,15.559581320450885,8.635265700483092,1.0735373054213635,2.7442297369833604,0.7313472893183038,1.06682769726248,
