,45,50,55,52,51,54,53,56,57,59,58,60,61
0,75.45625335480408,24.54374664519592,,,,,,,,,,,
1,75.2818035426731,24.718196457326894,,,,,,,,,,,
2,69.86044015029522,30.119431025228128,0.020128824476650563,,,,,,,,,,
3,67.25040257648953,32.52818035426731,0.020128824476650563,0.20128824476650564,,,,,,,,,
4,60.99704777241009,38.69431025228127,0.10735373054213634,0.20128824476650564,,,,,,,,,
5,60.02415458937198,34.38003220611916,0.10735373054213634,0.20128824476650564,5.287171229200215,,,,,,,,
6,55.97826086956522,38.077026301663984,0.10735373054213634,0.20128824476650564,5.287171229200215,0.3488996242619431,,,,,,,
7,53.50912506709608,40.54616210413312,0.10735373054213634,0.20128824476650564,5.287171229200215,0.3488996242619431,,,,,,,
8,49.44981213097155,36.513687600644126,0.27509393451422437,0.0067096081588835215,13.43263553408481,0.322061191626409,,,,,,,
9,49.52361782071927,36.41304347826087,0.27509393451422437,0.0067096081588835215,13.43263553408481,0.3488996242619431,,,,,,,
10,36.621041331186255,50.878958668813745,0.27509393451422437,0.0067096081588835215,11.721685453569512,0.3488996242619431,0.14761137949543746,,,,,,
11,22.302737520128826,52.63016639828234,0.27509393451422437,2.965646806226516,21.20907139023081,0.2616747181964573,0.2616747181964573,0.0939345142243693,,,,,
12,21.900161030595815,44.176060118089104,0.2616747181964573,16.478797638217927,16.566022544283413,0.2616747181964573,0.2616747181964573,0.0939345142243693,,,,,
13,21.752549651100377,43.80703166935051,0.2616747181964573,17.733494363929147,15.801127214170693,0.2616747181964573,0.2616747181964573,0.12077294685990338,,,,,
14,21.75925925925926,43.505099302200755,0.5837359098228664,17.70665593129361,15.801127214170693,0.2616747181964573,0.2616747181964573,0.12077294685990338,,,,,
15,18.075684380032207,47.38325281803543,0.5636070853462157,17.612721417069242,15.754159957058508,0.2616747181964573,0.14090177133655393,0.14761137949543746,0.06038647342995169,,,,
16,17.934782608695652,47.436929683306495,0.6977992485238862,17.57246376811594,15.707192699946322,0.2616747181964573,0.14090177133655393,0.14761137949543746,0.10064412238325282,,,,
17,18.02871712292002,47.27589908749329,0.6977992485238862,17.485238862050455,15.707192699946322,0.32877079978529256,0.14090177133655393,0.14761137949543746,0.1878690284487386,,,,
18,18.00858829844337,47.215512614063336,0.7783145464304885,17.47181964573269,15.707192699946322,0.32877079978529256,0.14090177133655393,0.14761137949543746,0.20128824476650564,,,,
19,17.907944176060116,46.97396672034353,0.8185721953837896,16.861245303274288,15.646806226516372,1.2681159420289856,0.14090177133655393,0.18115942028985507,0.20128824476650564,,,,
20,18.12265163714439,46.61164787976382,0.8185721953837896,14.781266774020397,17.887815351583466,1.2681159420289856,0.14090177133655393,0.18115942028985507,0.1878690284487386,,,,
21,18.209876543209877,43.53864734299517,0.8185721953837896,14.781266774020397,20.739398819108963,1.5432098765432098,,0.18115942028985507,0.1878690284487386,,,,
22,18.276972624798713,43.51851851851852,0.8185721953837896,14.734299516908212,20.665593129361245,1.5432098765432098,,0.2549651100375738,0.1878690284487386,,,,
23,18.243424584004295,36.72839506172839,0.9057971014492754,18.183038110574344,23.845947396672035,1.4090177133655395,,0.49651100375738055,0.1878690284487386,,,,
24,8.420558239398819,65.33145464304884,0.5837359098228664,10.46027911969941,10.68840579710145,4.448470209339774,,,0.06709608158883522,,,,
25,7.206119162640902,44.80005367686527,0.2952227589908749,23.201825013419217,10.628019323671497,4.448470209339774,9.353193773483628,,0.06709608158883522,,,,
26,7.253086419753086,34.58803005904455,0.2952227589908749,24.302200751476114,10.628019323671497,4.38137412775094,18.203166935050994,,0.3488996242619431,,,,
27,7.286634460547504,33.702361782071925,0.2952227589908749,24.208266237251745,10.59447128287708,5.891035963499732,17.478529253891573,0.03354804079441761,0.4428341384863124,0.06709608158883522,,,
28,7.326892109500805,33.53462157809984,0.4294149221685454,24.208266237251745,10.59447128287708,5.891035963499732,17.47181964573269,0.03354804079441761,0.4428341384863124,0.06709608158883522,,,
29,7.313472893183038,33.45410628019324,0.5501878690284487,24.18142780461621,10.520665593129362,5.891035963499732,17.337627482555018,0.10735373054213634,0.4428341384863124,0.06709608158883522,0.13419216317767044,,
30,7.407407407407407,32.83682232957595,3.784219001610306,25.45625335480408,10.513955984970478,5.891035963499732,13.58695652173913,0.10735373054213634,0.3488996242619431,0.06709608158883522,,,
31,7.461084272678476,32.74288781535159,3.8915727321524423,25.261674718196456,10.48040794417606,5.877616747181965,13.553408480944713,0.10735373054213634,0.5434782608695652,0.06709608158883522,0.013419216317767043,,
32,7.474503488996243,32.57514761137949,4.032474503488996,25.261674718196456,10.225442834138486,6.146001073537305,13.553408480944713,0.10735373054213634,0.5434782608695652,0.06709608158883522,0.013419216317767043,,
33,7.615405260332796,32.30005367686527,4.200214707461084,25.087224906065487,10.21202361782072,6.213097155126141,13.519860440150294,0.10735373054213634,0.6642512077294686,0.06709608158883522,0.013419216317767043,,
34,7.709339774557166,32.139023081052066,4.341116478797638,25.02012882447665,10.151637144390767,6.213097155126141,13.39237788513151,0.14761137949543746,0.7716049382716049,0.06709608158883522,0.04696725711218465,,
35,7.830112721417069,32.078636607622116,4.341116478797638,24.986580783682232,10.151637144390767,6.213097155126141,13.33870101986044,0.14761137949543746,0.7716049382716049,0.06709608158883522,0.07380568974771873,,
36,7.924047235641439,30.02549651100376,7.246376811594203,24.10762211486849,10.138217928073,6.1862587224906065,13.291733762748256,0.14761137949543746,0.7716049382716049,0.06709608158883522,0.07380568974771873,0.020128824476650563,
37,6.622383252818035,26.92565754159957,6.89747718733226,21.74584004294149,17.277241009125067,6.1862587224906065,12.808641975308642,0.14761137949543746,0.7514761137949544,0.06709608158883522,0.5501878690284487,0.020128824476650563,
38,6.736446591519055,26.90552871712292,6.863929146537842,21.64519592055824,17.2638217928073,6.1862587224906065,12.70799785292539,0.14761137949543746,0.8118625872249061,0.06709608158883522,0.644122383252818,0.020128824476650563,
39,6.776704240472356,26.710950080515296,5.58239398819109,23.235373054213635,17.236983360171767,6.1862587224906065,12.553676865271068,0.14761137949543746,0.7179280730005367,0.06709608158883522,0.7648953301127214,0.020128824476650563,
40,6.575415995705851,20.477724100912507,3.8714439076757916,33.621846484165324,19.847020933977454,4.441760601180891,9.782608695652174,0.17444981213097155,0.6374127750939346,0.06709608158883522,0.4830917874396135,0.020128824476650563,
41,6.635802469135802,19.91411701556629,6.179549114331723,32.86366076221149,19.847020933977454,4.441760601180891,8.769457863660762,0.17444981213097155,0.6038647342995169,0.06709608158883522,0.4830917874396135,0.020128824476650563,
42,6.763285024154589,19.87385936661299,6.045356951154052,32.79656468062265,19.786634460547504,4.441760601180891,8.769457863660762,0.17444981213097155,0.7783145464304885,0.06709608158883522,0.4830917874396135,0.020128824476650563,
43,6.843800322061192,19.692699946323135,7.105475040257649,32.024959742351044,19.712828770799785,4.435050993022007,8.722490606548577,0.2147074610842727,0.6776704240472357,0.06709608158883522,0.4830917874396135,0.020128824476650563,
44,6.904186795491143,19.659151905528716,7.139023081052066,29.69001610305958,19.706119162640903,3.6231884057971016,11.708266237251744,0.2147074610842727,0.798443370907139,0.05367686527106817,0.4830917874396135,0.020128824476650563,
45,6.521739130434782,18.833870101986044,7.085346215780999,29.636339237788512,21.296296296296298,3.280998389694042,11.460010735373054,0.2147074610842727,0.8387010198604401,0.05367686527106817,0.7581857219538379,0.020128824476650563,
46,6.528448738593666,14.9020397208803,6.810252281266774,24.953032742887814,30.320719269994633,3.260869565217391,11.399624261943103,0.2147074610842727,0.7179280730005367,0.05367686527106817,0.8185721953837896,0.020128824476650563,
47,6.078904991948471,12.714707461084272,7.112184648416532,35.789049919484704,21.967257112184647,3.227321524422974,11.292270531400966,0.2147074610842727,0.7112184648416533,0.05367686527106817,0.8185721953837896,0.020128824476650563,
48,5.803811057434245,10.876274825550189,3.8580246913580245,38.58024691358025,20.652173913043477,2.9924852388620504,15.519323671497585,0.14090177133655393,0.7246376811594203,0.05367686527106817,0.7783145464304885,0.020128824476650563,
49,5.401234567901234,7.883789586688137,3.140096618357488,36.37278582930757,34.225711218464845,0.6910896403650026,10.983628556092324,0.14090177133655393,0.6374127750939346,,0.5032206119162641,0.020128824476650563,
50,5.394524959742351,7.883789586688137,3.140096618357488,35.82259796027912,34.13848631239936,0.6910896403650026,10.983628556092324,0.8789586688137413,0.5434782608695652,,0.5032206119162641,0.020128824476650563,
51,4.978529253891573,7.85024154589372,3.140096618357488,36.621041331186255,33.81642512077295,0.6776704240472357,10.970209339774557,0.8789586688137413,0.5434782608695652,,0.5032206119162641,0.020128824476650563,
52,5.038915727321524,7.763016639828234,4.247181964573269,35.67498658078368,33.52791196994095,0.6776704240472357,11.09098228663446,0.8789586688137413,0.5770263016639828,,0.5032206119162641,0.020128824476650563,
53,5.005367686527107,7.615405260332796,3.92512077294686,35.68169618894257,34.333064949006975,0.6776704240472357,10.976918947933441,0.8051529790660226,0.4562533548040794,,0.5032206119162641,0.020128824476650563,
54,5.038915727321524,7.615405260332796,3.9184111647879765,35.63472893183038,34.312936124530324,0.6776704240472357,10.976918947933441,0.8185721953837896,0.4830917874396135,,0.5032206119162641,0.020128824476650563,
55,4.804079441760601,7.5281803542673105,3.9184111647879765,40.405260332796566,31.635802469135804,0.5770263016639828,9.212292002147075,0.8521202361782072,0.5099302200751477,0.03354804079441761,0.5032206119162641,0.020128824476650563,
56,4.87788513150832,7.501341921631776,3.9184111647879765,40.13016639828234,31.246645195920557,0.5770263016639828,9.158615136876007,0.8521202361782072,1.1876006441223832,0.03354804079441761,0.49651100375738055,0.020128824476650563,
57,4.64975845410628,6.280193236714976,3.475577026301664,36.66800858829844,38.93585614600107,0.5770263016639828,7.380568974771873,0.6172839506172839,0.9125067096081588,0.03354804079441761,0.4495437466451959,0.020128824476650563,
58,4.408212560386473,23.879495437466453,3.4420289855072466,31.93773483628556,28.65673644659152,0.5770263016639828,5.676328502415459,0.6038647342995169,0.5904455179817498,0.03354804079441761,0.17444981213097155,0.020128824476650563,
59,4.38137412775094,23.678207192699947,3.307836822329576,25.241545893719806,36.47342995169082,0.5770263016639828,5.186527106816962,0.3757380568974772,0.5501878690284487,0.03354804079441761,0.17444981213097155,0.020128824476650563,
60,3.6097691894793345,19.35721953837896,3.260869565217391,25.087224906065487,36.24530327428878,0.5770263016639828,10.507246376811594,0.6038647342995169,0.5501878690284487,0.03354804079441761,0.14761137949543746,0.020128824476650563,
61,3.7104133118625873,19.33709071390231,3.9720880300590444,24.570585077831456,36.00375738056898,0.5770263016639828,10.473698336017177,0.630703166935051,0.5233494363929146,0.03354804079441761,0.14761137949543746,0.020128824476650563,
62,3.784219001610306,19.330381105743424,3.9720880300590444,24.10762211486849,35.628019323671495,0.5770263016639828,10.473698336017177,1.402308105206656,0.5233494363929146,0.03354804079441761,0.14761137949543746,0.020128824476650563,
63,3.7909286097691894,19.404186795491142,3.92512077294686,24.033816425120772,35.44015029522276,0.5770263016639828,10.473698336017177,1.402308105206656,0.7514761137949544,0.03354804079441761,0.14761137949543746,0.020128824476650563,
64,3.7238325281803544,19.256575415995705,3.5225442834138487,18.055555555555557,43.10252281266774,0.5770263016639828,9.77589908749329,1.3955984970477724,0.48980139559849706,0.03354804079441761,0.06709608158883522,,
65,3.8177670424047236,19.216317767042405,3.5225442834138487,17.96833064949007,43.03542673107891,0.5770263016639828,9.71551261406334,1.4224369296833066,0.5636070853462157,0.03354804079441761,0.1274825550187869,,
66,4.019055287171229,19.202898550724637,3.5225442834138487,14.023081052066559,47.59125067096082,0.5636070853462157,9.695383789586689,0.6843800322061192,0.5367686527106817,0.03354804079441761,0.1274825550187869,,
67,4.012345679012346,19.182769726247987,3.5225442834138487,14.009661835748792,47.457058507783145,0.6508319914117016,9.668545356951155,0.798443370907139,0.5367686527106817,0.03354804079441761,0.1274825550187869,,
68,3.9586688137412773,12.151100375738057,3.2004830917874396,12.741545893719806,57.60198604401503,0.6508319914117016,8.219269994632313,0.9125067096081588,0.5300590445517982,0.03354804079441761,,,
69,3.8915727321524423,12.151100375738057,3.2004830917874396,12.647611379495437,49.3894256575416,0.6508319914117016,16.59957058507783,0.8923778851315083,0.5300590445517982,0.03354804079441761,0.013419216317767043,,
70,3.92512077294686,11.996779388083736,3.4286097691894795,12.647611379495437,49.22839506172839,0.6508319914117016,16.5727321524423,0.9728931830381106,0.5032206119162641,0.03354804079441761,0.040257648953301126,,
71,3.92512077294686,12.050456253354804,3.3816425120772946,12.466451959205582,45.511272141706925,0.6508319914117016,20.44417606011809,1.0332796564680622,0.4294149221685454,0.03354804079441761,0.07380568974771873,,
72,2.227589908749329,10.990338164251208,2.442297369833602,17.518786902844873,45.35024154589372,0.6508319914117016,19.068706387546968,1.1876006441223832,0.4294149221685454,0.03354804079441761,0.10064412238325282,,
73,2.2410091250670963,10.721953837895867,2.7241009125067097,17.2638217928073,45.33682232957595,0.6508319914117016,18.947933440687063,1.1876006441223832,0.6709608158883521,0.03354804079441761,0.2214170692431562,,
74,2.26784755770263,8.910359634997317,2.8650026838432634,17.236983360171767,42.72678475577026,0.6508319914117016,18.9345142243693,5.481749865807837,0.6709608158883521,0.03354804079441761,0.2214170692431562,,
75,2.2879763821792807,8.910359634997317,2.831454643048846,17.236983360171767,42.70665593129361,0.6508319914117016,18.9345142243693,5.481749865807837,0.6709608158883521,0.06709608158883522,0.2214170692431562,,
76,2.38191089640365,8.910359634997317,2.831454643048846,17.09608158883521,42.639559849704774,0.6508319914117016,18.82716049382716,5.481749865807837,0.798443370907139,0.06709608158883522,0.3153515834675255,,
77,2.2074610842726785,8.11862587224906,2.818035426731079,17.06924315619968,44.08883521202362,0.28180354267310787,18.69296833064949,5.280461621041331,0.9192163177670424,0.06709608158883522,0.4562533548040794,,
78,2.0128824476650564,8.09849704777241,1.6774020397208802,22.946859903381643,53.81105743424584,0.28180354267310787,7.011540526033279,3.126677402039721,0.8990874932903918,0.040257648953301126,0.0939345142243693,,
79,2.0128824476650564,7.769726247987117,1.90552871712292,20.71256038647343,48.389694041867955,2.9924852388620504,10.25228126677402,4.87788513150832,0.95276435856146,0.040257648953301126,0.0939345142243693,,
80,2.0933977455716586,7.749597423510467,1.8786902844873858,20.699141170155663,48.34272678475577,2.9924852388620504,10.245571658615138,4.87788513150832,0.95276435856146,0.07380568974771873,0.0939345142243693,,
81,2.033011272141707,5.233494363929147,1.5633387010198605,28.931830381105744,44.69940955448202,2.9924852388620504,10.124798711755233,3.2474503488996245,0.9728931830381106,0.07380568974771873,0.1274825550187869,,
82,2.100107353730542,5.2066559312936125,1.5499194847020934,28.931830381105744,44.67928073000537,2.985775630703167,10.124798711755233,3.2474503488996245,0.9728931830381106,0.07380568974771873,0.1274825550187869,,
83,2.006172839506173,5.139559849704777,1.328502415458937,36.97665056360709,40.11003757380569,0.95276435856146,9.172034353193773,3.207192699946323,0.9192163177670424,0.06038647342995169,0.1274825550187869,,
84,2.13365539452496,5.12614063338701,1.328502415458937,38.92243692968331,39.55984970477724,0.95276435856146,7.575147611379496,3.2004830917874396,0.9728931830381106,0.12077294685990338,0.10735373054213634,,
85,1.7847557702630166,4.924852388620504,1.2144390767579174,37.486580783682236,41.686795491143315,0.95276435856146,7.575147611379496,3.2206119162640903,0.9259259259259259,0.12077294685990338,0.10735373054213634,,
86,1.8384326355340848,4.918142780461621,1.2144390767579174,37.4194847020934,41.67337627482555,0.95276435856146,7.575147611379496,3.2206119162640903,0.9594739667203436,0.12077294685990338,0.10735373054213634,,
87,1.90552871712292,4.918142780461621,1.2144390767579174,37.30542136339238,41.606280193236714,0.95276435856146,7.575147611379496,3.2541599570585076,1.0399892646269457,0.12077294685990338,0.10735373054213634,,
88,1.9793344068706387,4.918142780461621,1.2144390767579174,36.67471819645733,38.79495437466452,0.7380568974771873,10.909822866344605,3.502415458937198,1.0399892646269457,0.12077294685990338,0.10735373054213634,,
89,2.0531400966183573,4.918142780461621,1.2144390767579174,34.13848631239936,38.747987117552334,0.7380568974771873,13.365539452495975,3.515834675254965,1.0802469135802468,0.12077294685990338,0.10735373054213634,,
90,2.086688137412775,4.911433172302737,1.2144390767579174,34.09151905528717,38.62050456253355,0.8990874932903918,13.20450885668277,3.616478797638218,1.1272141706924315,0.12077294685990338,0.10735373054213634,,
91,2.0933977455716586,4.911433172302737,1.2144390767579174,33.9573268921095,38.59366612989801,0.8990874932903918,13.20450885668277,3.7372517444981215,1.1607622114868492,0.12077294685990338,0.10735373054213634,,
92,2.1068169618894257,4.904723564143854,1.2815351583467525,33.93719806763285,38.177670424047236,0.8990874932903918,13.197799248523886,4.106280193236715,1.1607622114868492,0.12077294685990338,0.10735373054213634,,
93,2.2074610842726785,4.891304347826087,1.3217928073000538,36.943102522812666,34.66854535695116,0.8990874932903918,14.378690284487385,3.2877079978529253,1.1741814278046163,0.12077294685990338,0.10735373054213634,,
94,2.24771873322598,4.891304347826087,1.3217928073000538,40.915190552871714,30.709876543209877,0.8856682769726248,14.27133655394525,3.240740740740741,1.1473429951690821,0.2281266774020397,0.14090177133655393,,
95,2.4892646269457863,4.884594739667204,1.3217928073000538,40.68035426731079,30.589103596349972,0.8588298443370908,14.264626945786366,3.2675791733762747,1.2748255501878691,0.2281266774020397,0.14090177133655393,,
96,2.6167471819645733,4.884594739667204,1.3217928073000538,40.552871712292,30.589103596349972,0.8588298443370908,14.264626945786366,3.2675791733762747,1.2748255501878691,0.2281266774020397,0.14090177133655393,,
97,2.636876006441224,4.871175523349437,4.414922168545357,40.123456790123456,28.824476650563607,0.8588298443370908,13.372249060654857,3.3145464304884595,1.2144390767579174,0.2281266774020397,0.14090177133655393,,
98,2.7643585614600106,4.871175523349437,4.414922168545357,40.083199141170155,28.764090177133657,0.8588298443370908,13.325281803542673,3.307836822329576,1.2412775093934514,0.2281266774020397,0.14090177133655393,,
99,2.690552871712292,4.871175523349437,4.414922168545357,38.04347826086956,28.67686527106817,0.6374127750939346,15.646806226516372,3.374932903918411,1.2815351583467525,0.2281266774020397,0.13419216317767044,,
100,2.737520128824477,4.824208266237251,4.414922168545357,38.12399355877617,28.502415458937197,0.6508319914117016,15.646806226516372,3.374932903918411,1.3620504562533549,0.2281266774020397,0.13419216317767044,,
101,2.791196994095545,4.817498658078368,4.414922168545357,38.036768652710684,28.502415458937197,0.6508319914117016,15.5126140633387,3.374932903918411,1.3955984970477724,0.2281266774020397,0.27509393451422437,,
102,2.8784219001610305,4.5960815888352125,4.918142780461621,38.00993022007515,27.979066022544284,0.6508319914117016,15.666935050993022,3.3682232957595275,1.3955984970477724,0.2281266774020397,0.30864197530864196,,
103,2.9388083735909825,4.5893719806763285,2.7777777777777777,36.090982286634464,33.48094471282877,0.6508319914117016,14.620236178207193,2.999194847020934,1.3955984970477724,0.12077294685990338,0.33548040794417605,,
104,2.932098765432099,4.575952764358561,2.771068169618894,38.33199141170156,31.64922168545357,0.6508319914117016,14.553140096618357,2.8918411164787976,1.1876006441223832,0.12077294685990338,0.33548040794417605,,
105,3.0059044551798175,4.575952764358561,2.395330112721417,37.80193236714976,28.978797638217927,0.6508319914117016,17.847557702630166,2.9723564143853998,1.3150831991411702,0.12077294685990338,0.33548040794417605,,
106,2.059849704777241,3.878153515834675,2.254428341384863,37.11755233494364,32.84353193773484,0.5770263016639828,16.867954911433173,2.6637144390767578,1.3016639828234031,0.08722490606548577,0.3488996242619431,,
107,1.9860440150295222,3.7775093934514223,2.368491680085883,36.943102522812666,31.468062265163713,2.6301663982823404,16.6935050993022,2.5697799248523885,1.1272141706924315,0.08722490606548577,0.3488996242619431,,
108,1.9659151905528718,3.7775093934514223,2.368491680085883,36.91626409017714,31.266774020397207,3.2340311325818574,16.150026838432634,2.5697799248523885,1.3150831991411702,0.08722490606548577,0.3488996242619431,,
109,2.059849704777241,3.7775093934514223,2.7777777777777777,36.50697799248524,31.199677938808374,3.227321524422974,15.868223295759528,2.576489533011272,1.6103059581320451,0.08722490606548577,0.30864197530864196,,
110,2.1940418679549114,3.7372517444981215,2.7777777777777777,36.42646269457864,31.199677938808374,3.193773483628556,15.807836822329575,2.536231884057971,1.6371443907675791,0.18115942028985507,0.30864197530864196,,
111,2.4154589371980677,3.7372517444981215,2.7509393451422435,35.87627482555019,30.971551261406333,3.1602254428341383,16.451959205582394,2.536231884057971,1.5767579173376274,0.2147074610842727,0.30864197530864196,,
112,2.623456790123457,3.7372517444981215,2.7509393451422435,35.63472893183038,30.891035963499732,3.1602254428341383,16.411701556629094,2.690552871712292,1.5767579173376274,0.2147074610842727,0.30864197530864196,,
113,2.3617820719269993,0.5300590445517982,2.1269457863660763,40.66022544283414,30.253623188405797,3.180354267310789,16.337895866881375,2.5026838432635534,1.5297906602254427,0.2147074610842727,0.30193236714975846,,
114,2.38191089640365,0.5300590445517982,2.1940418679549114,40.64680622651637,30.18652710681696,3.180354267310789,16.33118625872249,2.5026838432635534,1.5297906602254427,0.2147074610842727,0.30193236714975846,,
115,2.4020397208803006,0.5300590445517982,2.1940418679549114,40.62667740203972,30.173107890499196,3.180354267310789,16.33118625872249,2.5026838432635534,1.5297906602254427,0.2147074610842727,0.3153515834675255,,
116,2.462426194310252,0.5300590445517982,5.300590445517981,35.14492753623188,33.10520665593129,2.6704240472356413,16.317767042404725,2.462426194310252,1.4559849704777241,0.20799785292538917,0.3421900161030596,,
117,2.5429414922168547,0.5300590445517982,5.300590445517981,35.138217928073,33.05823939881911,2.6704240472356413,16.23054213633924,2.462426194310252,1.482823403113258,0.20799785292538917,0.3757380568974772,,
118,2.5563607085346214,0.5300590445517982,5.300590445517981,34.997316156736446,32.930756843800324,2.6704240472356413,16.23054213633924,2.6637144390767578,1.5365002683843263,0.20799785292538917,0.3757380568974772,,
119,2.636876006441224,0.5300590445517982,5.287171229200215,34.90338164251208,32.930756843800324,2.6704240472356413,16.203703703703702,2.6502952227589907,1.6035963499731616,0.20799785292538917,0.3757380568974772,,
120,2.7643585614600106,0.5300590445517982,5.273752012882448,34.84970477724101,32.8972088030059,2.6704240472356413,16.11647879763822,2.677133655394525,1.6035963499731616,0.20799785292538917,0.4092860976918948,,
121,2.771068169618894,0.5300590445517982,5.273752012882448,34.82957595276436,30.683038110574344,2.6704240472356413,16.11647879763822,4.904723564143854,1.6035963499731616,0.20799785292538917,0.4092860976918948,,
122,2.5161030595813205,0.3757380568974772,5.186527106816962,33.8365539452496,26.8317230273752,2.6502952227589907,21.712292002147073,4.64975845410628,1.5633387010198605,0.24154589371980675,0.43612453032742887,,
123,2.5697799248523885,0.3757380568974772,5.186527106816962,33.81642512077295,26.80488459473967,2.6502952227589907,21.70558239398819,4.64975845410628,1.5633387010198605,0.24154589371980675,0.43612453032742887,,
124,2.5496511003757383,0.36902844873859364,5.314009661835748,33.41384863123994,26.50966183574879,2.6502952227589907,21.611647879763822,5.112721417069243,1.5767579173376274,0.24154589371980675,0.6508319914117016,,
125,2.623456790123457,0.36902844873859364,5.314009661835748,33.360171765968865,26.48953301127214,2.6502952227589907,21.604938271604937,5.0993022007514766,1.596886741814278,0.24154589371980675,0.6508319914117016,,
126,2.7241009125067097,0.36902844873859364,5.314009661835748,33.23268921095008,26.41572732152442,2.6502952227589907,21.557971014492754,5.112721417069243,1.7176596886741815,0.24154589371980675,0.6642512077294686,,
127,2.7509393451422435,0.36902844873859364,5.22007514761138,33.051529790660226,26.34863123993559,2.6502952227589907,21.517713365539453,5.360976918947934,1.7914653784219001,0.24154589371980675,0.6977992485238862,,
128,2.8650026838432634,0.36902844873859364,5.22007514761138,33.02469135802469,26.268115942028984,2.6502952227589907,21.477455716586153,5.360976918947934,1.7847557702630166,0.24154589371980675,0.7380568974771873,,
129,2.9119699409554483,0.36902844873859364,5.22007514761138,32.950885668276975,26.261406333870102,2.6502952227589907,21.443907675791735,5.360976918947934,1.8719806763285025,0.24154589371980675,0.7179280730005367,,
130,2.9388083735909825,0.36902844873859364,5.22007514761138,32.9374664519592,26.261406333870102,2.636876006441224,21.443907675791735,5.360976918947934,1.8719806763285025,0.24154589371980675,0.7179280730005367,,
131,3.046162104133119,0.36902844873859364,5.112721417069243,32.83682232957595,25.825281803542673,3.2139023081052067,21.38352120236178,5.3341384863123995,1.8719806763285025,0.24154589371980675,0.7447665056360708,0.020128824476650563,
132,3.126677402039721,0.36902844873859364,5.253623188405797,32.7361782071927,25.644122383252817,3.2139023081052067,21.329844337090712,5.394524959742351,1.865271068169619,0.24154589371980675,0.8051529790660226,0.020128824476650563,
133,3.1199677938808374,0.30864197530864196,5.501878690284487,30.02549651100376,28.341384863123995,3.2139023081052067,21.26945786366076,5.367686527106817,1.7847557702630166,0.24154589371980675,0.8051529790660226,0.020128824476650563,
134,3.1468062265163717,0.30864197530864196,5.501878690284487,30.005367686527105,28.33467525496511,3.2139023081052067,21.235909822866343,5.367686527106817,1.7847557702630166,0.27509393451422437,0.8051529790660226,0.020128824476650563,
135,3.2004830917874396,0.30864197530864196,5.884326355340848,29.958400429414922,28.046162104133117,3.0864197530864197,21.115136876006442,5.374396135265701,1.7847557702630166,0.27509393451422437,0.9460547504025765,0.020128824476650563,
136,3.3816425120772946,0.30864197530864196,5.844068706387547,29.931561996779386,27.925389157273216,3.0864197530864197,21.101717659688674,5.374396135265701,1.8048845947396672,0.27509393451422437,0.9460547504025765,0.020128824476650563,
137,3.4957058507783145,0.30864197530864196,5.810520665593129,29.904723564143854,27.89855072463768,3.0864197530864197,21.034621578099838,5.374396135265701,1.8048845947396672,0.27509393451422437,0.9460547504025765,0.06038647342995169,
138,3.5829307568438002,0.30864197530864196,5.803811057434245,29.757112184648417,27.851583467525497,3.0864197530864197,21.014492753623188,5.360976918947934,1.9524959742351047,0.27509393451422437,0.9460547504025765,0.06038647342995169,
139,3.556092324208266,0.30864197530864196,5.656199677938808,29.74369296833065,30.870907139023082,3.0595813204508855,18.47826086956522,5.159688674181428,1.9524959742351047,0.24825550187869028,0.9057971014492754,0.06038647342995169,
140,3.2541599570585076,0.30864197530864196,5.542136339237788,35.97691894793344,27.77777777777778,2.509393451422437,16.646537842190018,5.119431025228127,1.8317230273752012,0.0939345142243693,0.8789586688137413,0.06038647342995169,
141,3.307836822329576,0.30864197530864196,5.542136339237788,35.91653247450349,27.717391304347824,2.509393451422437,16.606280193236714,5.166398282340311,1.892109500805153,0.0939345142243693,0.8789586688137413,0.06038647342995169,
142,3.3548040794417604,0.30864197530864196,5.542136339237788,35.91653247450349,27.710681696188942,2.475845410628019,16.472088030059044,5.166398282340311,1.8853998926462694,0.0939345142243693,1.0131508319914118,0.06038647342995169,
143,3.44873859366613,0.30864197530864196,5.508588298443371,35.84272678475577,27.63016639828234,2.475845410628019,16.451959205582394,5.260332796564681,1.8786902844873858,0.0939345142243693,1.0399892646269457,0.06038647342995169,
144,3.6500268384326353,0.30864197530864196,5.495169082125604,35.71524422973698,27.583199141170155,2.475845410628019,16.364734299516908,5.260332796564681,1.9189479334406871,0.0939345142243693,1.0735373054213635,0.06038647342995169,
145,3.7775093934514223,0.30864197530864196,5.589103596349974,35.567632850241544,27.489264626945786,2.462426194310252,16.304347826086957,5.260332796564681,2.0128824476650564,0.0939345142243693,1.0735373054213635,0.06038647342995169,
146,3.7909286097691894,0.30864197530864196,5.8172302737520125,35.42673107890499,27.388620504562535,2.462426194310252,16.27750939345142,5.260332796564681,2.0128824476650564,0.0939345142243693,1.1003757380568975,0.06038647342995169,
147,3.878153515834675,0.30864197530864196,5.8172302737520125,35.14492753623188,27.375201288244767,2.462426194310252,16.264090177133657,5.260332796564681,2.187332259796028,0.0939345142243693,1.1473429951690821,0.06038647342995169,
148,3.92512077294686,0.30864197530864196,5.783682232957595,35.14492753623188,27.3215244229737,2.462426194310252,16.264090177133657,5.300590445517981,2.187332259796028,0.0939345142243693,1.1473429951690821,0.06038647342995169,
149,4.0995705850778315,0.30864197530864196,5.8172302737520125,35.057702630166396,27.20746108427268,2.462426194310252,16.264090177133657,5.293880837359098,2.187332259796028,0.0939345142243693,1.1473429951690821,0.06038647342995169,
150,4.233762748255502,0.30864197530864196,5.8172302737520125,34.62157809983897,27.194041867954912,2.771068169618894,16.15673644659152,5.293880837359098,2.301395598497048,0.0939345142243693,1.1473429951690821,0.06038647342995169,
151,4.28743961352657,0.30864197530864196,5.8172302737520125,34.58803005904455,27.079978529253893,2.771068169618894,16.14331723027375,5.374396135265701,2.328234031132582,0.0939345142243693,1.1473429951690821,0.06038647342995169,
152,4.388083735909823,0.30864197530864196,5.8172302737520125,34.292807300053674,27.053140096618357,2.771068169618894,16.13660762211487,5.374396135265701,2.5429414922168547,0.0939345142243693,1.1607622114868492,0.06038647342995169,
153,4.428341384863124,0.30864197530864196,5.8172302737520125,34.252549651100374,27.033011272141707,2.8381642512077296,16.13660762211487,5.3274288781535155,2.5429414922168547,0.0939345142243693,1.1607622114868492,0.06038647342995169,
154,4.4820182501341925,0.30864197530864196,5.857487922705314,34.09822866344606,26.959205582393988,2.8381642512077296,16.13660762211487,5.3274288781535155,2.677133655394525,0.0939345142243693,1.1607622114868492,0.06038647342995169,
155,4.555823939881911,0.30864197530864196,5.83064949006978,34.044551798174986,26.952495974235106,2.8247450348899625,16.13660762211487,5.3274288781535155,2.677133655394525,0.0939345142243693,1.1876006441223832,0.06038647342995169,
156,4.616210413311863,0.30864197530864196,5.8172302737520125,33.943907675791735,26.939076757917338,2.8247450348899625,16.10305958132045,5.3274288781535155,2.7442297369833604,0.0939345142243693,1.221148684916801,0.06038647342995169,
157,4.643048845947397,0.30864197530864196,5.803811057434245,33.89694041867955,26.932367149758456,2.8113258185721954,16.076221148684915,5.367686527106817,2.757648953301127,0.0939345142243693,1.247987117552335,0.06038647342995169,
158,4.7638217928073,0.30864197530864196,5.803811057434245,33.782877079978526,26.898819108964037,2.7979066022544283,16.035963499731615,5.475040257648954,2.757648953301127,0.0939345142243693,1.221148684916801,0.06038647342995169,
159,4.7101449275362315,0.30864197530864196,7.957595276435856,32.98443370907139,25.684380032206118,2.7979066022544283,16.029253891572733,5.434782608695652,2.703972088030059,0.08722490606548577,1.221148684916801,0.08051529790660225,
160,4.757112184648417,0.30864197530864196,7.957595276435856,32.86366076221149,25.59044551798175,2.7979066022544283,15.780998389694043,5.522007514761138,2.932098765432099,0.10735373054213634,1.3016639828234031,0.08051529790660225,
161,4.636339237788513,0.30864197530864196,8.09849704777241,32.23295759527644,25.483091787439612,2.7241009125067097,16.820987654320987,5.367686527106817,2.9052603327965647,0.10735373054213634,1.2345679012345678,0.08051529790660225,
162,4.683306494900698,0.30864197530864196,8.09849704777241,32.21282877079979,25.40257648953301,2.757648953301127,16.78743961352657,5.421363392377885,2.9052603327965647,0.10735373054213634,1.2345679012345678,0.08051529790660225,
163,4.730273752012883,0.30864197530864196,8.09849704777241,32.10547504025765,25.40257648953301,2.757648953301127,16.78743961352657,5.421363392377885,2.965646806226516,0.10735373054213634,1.2345679012345678,0.08051529790660225,
164,4.5893719806763285,0.30864197530864196,8.064949006977992,35.34621578099839,24.986580783682232,2.757648953301127,13.955984970477724,5.642780461621041,2.965646806226516,0.10735373054213634,1.1607622114868492,0.11406333870101985,
165,4.7168545356951155,0.30864197530864196,8.051529790660226,35.218733225979605,24.832259796027913,2.757648953301127,13.915727321524423,5.8239398819108965,3.0193236714975846,0.10735373054213634,1.133923778851315,0.11406333870101985,
166,4.676596886741814,0.30864197530864196,8.004562533548041,37.11084272678475,23.020665593129362,2.757648953301127,13.895598497047773,5.8239398819108965,2.9790660225442833,0.10735373054213634,1.2010198604401503,0.11406333870101985,
167,4.703435319377348,0.30864197530864196,7.991143317230274,36.7686527106817,21.89345142243693,2.757648953301127,15.304616210413311,5.810520665593129,3.0394524959742353,0.10735373054213634,1.2010198604401503,0.11406333870101985,
168,4.777241009125067,0.30864197530864196,7.971014492753623,36.7686527106817,21.85319377348363,2.7442297369833604,15.257648953301127,5.810520665593129,3.0730005367686526,0.10735373054213634,1.2144390767579174,0.11406333870101985,
169,4.898013955984971,0.30864197530864196,7.957595276435856,36.131239935587764,21.85319377348363,2.7308105206655933,15.217391304347826,6.394256575415996,3.0730005367686526,0.10735373054213634,1.2144390767579174,0.11406333870101985,
170,4.938271604938271,0.30864197530864196,7.957595276435856,36.10440150295223,21.826355340848096,2.717391304347826,15.083199141170155,6.394256575415996,3.099838969404187,0.10735373054213634,1.3486312399355878,0.11406333870101985,
171,5.045625335480408,0.30864197530864196,7.957595276435856,35.99704777241009,21.826355340848096,2.717391304347826,15.157004830917874,6.394256575415996,3.0595813204508855,0.10735373054213634,1.3150831991411702,0.11406333870101985,
172,5.032206119162641,0.30864197530864196,8.454106280193237,37.4194847020934,21.55126140633387,2.717391304347826,13.741277509393452,6.394256575415996,2.8650026838432634,0.10735373054213634,1.2949543746645196,0.11406333870101985,
173,4.985238862050457,0.30864197530864196,8.185721953837897,39.761137949543745,20.068438003220614,2.717391304347826,13.238056897477188,6.414385399892646,2.8381642512077296,0.10735373054213634,1.261406333870102,0.11406333870101985,
174,5.045625335480408,0.30864197530864196,8.185721953837897,39.57326892109501,19.82018250134192,2.717391304347826,13.231347289318304,6.66935050993022,2.965646806226516,0.10735373054213634,1.261406333870102,0.11406333870101985,
175,5.092592592592593,0.30864197530864196,8.185721953837897,39.432367149758456,19.77992485238862,2.7509393451422435,13.20450885668277,6.702898550724638,2.9388083735909825,0.10735373054213634,1.3821792807300053,0.11406333870101985,
176,5.179817498658078,0.30864197530864196,8.172302737520129,39.42565754159957,19.77992485238862,2.7509393451422435,13.170960815888352,6.702898550724638,2.9388083735909825,0.10735373054213634,1.3486312399355878,0.11406333870101985,
177,4.978529253891573,0.30864197530864196,8.172302737520129,38.801663982823406,22.24235104669887,2.7509393451422435,11.634460547504025,6.857219538378959,2.7979066022544283,0.10735373054213634,1.2345679012345678,0.11406333870101985,
178,5.0791733762748255,0.30864197530864196,8.172302737520129,38.70101986044015,22.114868491680085,2.7509393451422435,11.634460547504025,6.977992485238862,2.804616210413312,0.10735373054213634,1.2345679012345678,0.11406333870101985,
179,5.280461621041331,0.30864197530864196,8.380300590445518,38.35212023617821,22.034353193773484,2.7509393451422435,11.627750939345143,6.977992485238862,2.831454643048846,0.10735373054213634,1.2345679012345678,0.11406333870101985,
180,5.340848094471283,0.30864197530864196,8.380300590445518,38.32528180354267,21.987385936661298,2.7509393451422435,11.627750939345143,6.977992485238862,2.844873859366613,0.10735373054213634,1.2345679012345678,0.11406333870101985,
181,5.421363392377885,0.30864197530864196,8.353462157809984,38.32528180354267,21.947128287707997,2.717391304347826,11.553945249597424,7.024959742351046,2.8381642512077296,0.10735373054213634,1.288244766505636,0.11406333870101985,
182,5.508588298443371,0.30864197530864196,8.400429414922169,38.157541599570585,21.906870638754697,2.717391304347826,11.386205045625335,7.024959742351046,3.052871712292002,0.13419216317767044,1.288244766505636,0.11406333870101985,
183,5.58239398819109,0.30864197530864196,8.373590982286634,38.02334943639291,21.618357487922705,2.7106816961889426,11.352657004830919,7.353730542136339,3.1199677938808374,0.12077294685990338,1.3217928073000538,0.11406333870101985,
184,5.60252281266774,0.30864197530864196,8.360171765968868,37.86231884057971,21.584809447128286,2.7106816961889426,11.352657004830919,7.601986044015029,3.0595813204508855,0.12077294685990338,1.3217928073000538,0.11406333870101985,
185,5.595813204508857,0.30193236714975846,8.3467525496511,37.74154589371981,21.571390230810522,2.9119699409554483,11.392914653784219,7.461084272678476,3.1333870101986045,0.12077294685990338,1.3083735909822867,0.11406333870101985,
186,5.4549114331723025,0.30193236714975846,8.3467525496511,34.816156736446594,20.92055823939882,6.716317767042405,11.392914653784219,7.447665056360709,3.0595813204508855,0.12077294685990338,1.3083735909822867,0.11406333870101985,
187,5.642780461621041,0.30193236714975846,8.319914117015566,34.648416532474506,20.86688137412775,6.716317767042405,11.372785829307569,7.5348899624261945,3.066290928609769,0.12077294685990338,1.2949543746645196,0.11406333870101985,
188,5.622651637144391,0.30193236714975846,8.319914117015566,34.534353193773484,19.343800322061192,6.716317767042405,12.848899624261943,7.561728395061729,3.066290928609769,0.12077294685990338,1.4492753623188406,0.11406333870101985,
189,5.636070853462158,0.30193236714975846,8.319914117015566,34.366612989801396,19.343800322061192,6.689479334406871,12.842190016103059,7.561728395061729,3.240740740740741,0.14761137949543746,1.4358561460010735,0.11406333870101985,
190,5.662909286097692,0.30193236714975846,8.776167471819646,34.07809983896941,19.088835212023618,6.689479334406871,12.842190016103059,7.6623725174449815,3.2004830917874396,0.14761137949543746,1.4358561460010735,0.11406333870101985,
