,45,50,55,53,51,54,52,56,57,58,59,46,60
0,99.65110037573805,0.3488996242619431,,,,,,,,,,,
1,97.25577026301664,2.7106816961889426,0.03354804079441761,,,,,,,,,,
2,95.32340311325818,4.643048845947397,0.03354804079441761,,,,,,,,,,
3,92.81400966183575,7.152442297369833,0.03354804079441761,,,,,,,,,,
4,92.14304884594739,7.7898550724637685,0.06709608158883522,,,,,,,,,,
5,85.46027911969941,14.439076757917338,0.06709608158883522,0.03354804079441761,,,,,,,,,
6,84.19216317767042,15.4723564143854,0.06709608158883522,0.14761137949543746,0.12077294685990338,,,,,,,,
7,84.09822866344605,15.566290928609769,0.06709608158883522,0.14761137949543746,0.12077294685990338,,,,,,,,
8,83.05152979066023,16.552603327965645,0.06709608158883522,0.14090177133655393,0.1878690284487386,,,,,,,,
9,82.85695115405261,16.384863123993558,0.20128824476650564,0.36902844873859364,0.1878690284487386,,,,,,,,
10,78.93183038110574,20.034889962426195,0.20128824476650564,0.30193236714975846,0.322061191626409,0.20799785292538917,,,,,,,
11,71.67874396135265,27.254428341384862,0.2281266774020397,0.30193236714975846,0.2885131508319914,0.20799785292538917,0.040257648953301126,,,,,,
12,67.47852925389158,31.266774020397207,0.41599570585077833,0.30193236714975846,0.2885131508319914,0.20799785292538917,0.040257648953301126,,,,,,
13,51.64385399892646,47.436929683306495,0.39586688137412773,0.10064412238325282,0.24154589371980675,0.11406333870101985,0.06709608158883522,,,,,,
14,51.81159420289855,47.0276435856146,0.49651100375738055,0.10064412238325282,0.3824476650563607,0.11406333870101985,0.06709608158883522,,,,,,
15,51.16076221148685,47.54428341384863,0.630703166935051,0.10064412238325282,0.3824476650563607,0.11406333870101985,0.06709608158883522,,,,,,
16,51.24127750939345,47.32957595276436,0.6575415995705851,0.12077294685990338,0.4428341384863124,0.11406333870101985,0.0939345142243693,,,,,,
17,50.93263553408481,47.43022007514761,0.8521202361782072,0.12077294685990338,0.4428341384863124,0.11406333870101985,0.10735373054213634,,,,,,
18,49.684648416532475,48.62453032742888,0.9057971014492754,0.12077294685990338,0.4428341384863124,0.11406333870101985,0.10735373054213634,,,,,,
19,49.664519592055825,48.081052066559316,0.9460547504025765,0.2885131508319914,0.4830917874396135,0.32877079978529256,0.20799785292538917,,,,,,
20,49.932903918411164,47.725442834138484,1.0601180891035964,0.2885131508319914,0.4562533548040794,0.32877079978529256,0.20799785292538917,,,,,,
21,50.14761137949544,47.114868491680085,1.1406333870101986,0.5837359098228664,0.4562533548040794,0.3153515834675255,0.24154589371980675,,,,,,
22,49.82555018786903,47.32957595276436,1.1876006441223832,0.5837359098228664,0.5166398282340311,0.3153515834675255,0.24154589371980675,,,,,,
23,49.00697799248524,48.121309715512616,1.1808910359634996,0.5837359098228664,0.5233494363929146,0.3153515834675255,0.2683843263553409,,,,,,
24,48.87949543746645,48.03408480944713,1.4224369296833066,0.5770263016639828,0.5233494363929146,0.3153515834675255,0.24825550187869028,,,,,,
25,47.65163714439077,49.261943102522814,1.4224369296833066,0.5636070853462157,0.5233494363929146,0.3153515834675255,0.2616747181964573,,,,,,
26,47.90660225442834,48.84594739667203,1.5499194847020934,0.5636070853462157,0.5233494363929146,0.3488996242619431,0.2616747181964573,,,,,,
27,39.57997852925389,57.13231347289318,0.7783145464304885,1.6035963499731616,0.4562533548040794,0.20799785292538917,0.24154589371980675,,,,,,
28,39.12372517444981,57.427536231884055,0.8990874932903918,1.570048309178744,0.38915727321524424,0.35560923242082665,0.23483628556092323,,,,,,
29,39.02308105206656,54.00563607085346,0.9259259259259259,2.0128824476650564,0.3757380568974772,3.421900161030596,0.23483628556092323,,,,,,
30,35.84272678475577,57.669082125603865,0.8387010198604401,1.778046162104133,0.4025764895330113,3.2675791733762747,0.20128824476650564,,,,,,
31,35.33279656468062,48.792270531400966,0.8856682769726248,1.8317230273752012,0.4294149221685454,3.0730005367686526,9.655126140633387,,,,,,
32,35.67498658078368,47.59125067096082,0.8521202361782072,1.9524959742351047,0.4294149221685454,3.0193236714975846,8.769457863660762,1.6237251744498122,0.013419216317767043,0.07380568974771873,,,
33,36.12453032742888,44.59205582393988,1.0332796564680622,1.9256575415995705,0.4562533548040794,2.999194847020934,11.158078368223295,1.6237251744498122,0.013419216317767043,0.07380568974771873,,,
34,36.03730542136339,44.37734836285561,1.1808910359634996,2.1135265700483092,0.4562533548040794,3.126677402039721,11.023886205045626,1.570048309178744,0.013419216317767043,0.10064412238325282,,,
35,36.191626409017715,43.974771873322595,1.5029522275899088,2.1806226516371443,0.4562533548040794,3.079710144927536,10.970209339774557,1.5297906602254427,0.013419216317767043,0.10064412238325282,,,
36,36.540526033279654,43.82045088566828,1.4761137949543746,2.147074610842727,0.4562533548040794,3.066290928609769,10.782340311325818,1.5029522275899088,0.10735373054213634,0.10064412238325282,,,
37,35.789049919484704,40.89506172839506,1.3620504562533549,2.1068169618894257,4.891304347826087,3.052871712292002,10.158346752549651,1.5365002683843263,0.10735373054213634,0.10064412238325282,,,
38,35.89640365002684,39.12372517444981,1.1674718196457328,2.086688137412775,4.891304347826087,4.9718196457326895,10.11808910359635,1.5365002683843263,0.10735373054213634,0.10064412238325282,,,
39,35.51395598497048,38.486312399355874,1.5499194847020934,1.5230810520665594,6.125872249060655,4.951690821256038,10.104669887278583,1.5365002683843263,0.10735373054213634,0.10064412238325282,,,
40,35.7085346215781,38.33199141170156,1.5499194847020934,1.5499194847020934,6.085614600107354,4.938271604938271,10.071121846484166,1.556629092860977,0.10735373054213634,0.10064412238325282,,,
41,35.89640365002684,38.117283950617285,1.556629092860977,1.5499194847020934,6.159420289855072,4.864465915190553,10.037573805689748,1.556629092860977,0.10735373054213634,0.10064412238325282,0.05367686527106817,,
42,36.06414385399893,37.775093934514224,1.7176596886741815,1.5499194847020934,6.1929683306494905,5.005367686527107,9.762479871175524,1.5432098765432098,0.23483628556092323,0.10064412238325282,0.05367686527106817,,
43,36.218464841653244,37.65432098765432,1.8853998926462694,1.6774020397208802,6.045356951154052,4.790660225442834,9.574610842726784,1.482823403113258,0.30864197530864196,0.30864197530864196,0.05367686527106817,,
44,32.26650563607085,42.48523886205046,1.9860440150295222,1.6572732152442298,5.340848094471283,4.555823939881911,9.138486312399356,1.4761137949543746,0.7313472893183038,0.30864197530864196,0.05367686527106817,,
45,29.777241009125067,35.13150831991412,3.2139023081052067,1.6103059581320451,16.33118625872249,2.6637144390767578,8.856682769726248,1.415727321524423,0.7313472893183038,0.2281266774020397,0.040257648953301126,,
46,30.06575415995706,34.836285560923244,3.2877079978529253,1.596886741814278,16.27079978529254,2.6637144390767578,8.849973161567364,1.415727321524423,0.7447665056360708,0.2281266774020397,0.040257648953301126,,
47,30.441492216854535,34.675254965110035,3.280998389694042,1.5901771336553945,16.13660762211487,2.5429414922168547,8.776167471819646,1.4559849704777241,0.7716049382716049,0.20128824476650564,0.1274825550187869,,
48,30.88432635534085,34.38674181427805,3.3548040794417604,1.5901771336553945,15.98899624261943,2.462426194310252,8.776167471819646,1.4559849704777241,0.7716049382716049,0.20128824476650564,0.1274825550187869,,
49,31.0654857756307,34.14519592055824,3.502415458937198,1.6237251744498122,15.821256038647343,2.462426194310252,8.621846484165324,1.556629092860977,0.8789586688137413,0.19457863660762212,0.1274825550187869,,
50,31.44122383252818,33.843263553408484,3.44873859366613,1.6170155662909287,15.633387010198604,2.7509393451422435,8.514492753623188,1.583467525496511,0.8454106280193237,0.19457863660762212,0.1274825550187869,,
51,30.595813204508858,32.18599033816425,5.112721417069243,1.6170155662909287,16.55931293612453,2.7442297369833604,8.407139023081053,1.6237251744498122,0.8319914117015567,0.19457863660762212,0.1274825550187869,,
52,30.66290928609769,32.15244229736983,5.199946323134729,1.6438539989264627,16.431830381105744,2.6637144390767578,8.340042941492216,1.724369296833065,0.8655394524959742,0.16774020397208803,0.14761137949543746,,
53,30.56897477187332,32.078636607622116,5.407944176060118,1.6035963499731616,16.391572732152444,2.757648953301127,8.28636607622115,1.724369296833065,0.8655394524959742,0.16774020397208803,0.14761137949543746,,
54,31.01851851851852,31.810252281266774,5.340848094471283,1.5901771336553945,16.190284487385938,2.757648953301127,8.13875469672571,1.7646269457863661,1.0735373054213635,0.16774020397208803,0.14761137949543746,,
55,31.17283950617284,31.843800322061192,5.3341384863123995,1.5499194847020934,16.076221148684915,2.737520128824477,8.064949006977992,1.7847557702630166,1.1205045625335481,0.16774020397208803,0.14761137949543746,,
56,31.5955448201825,31.508319914117017,5.401234567901234,1.5230810520665594,16.049382716049383,2.6972624798711755,7.897208803005904,1.7646269457863661,1.247987117552335,0.16774020397208803,0.14761137949543746,,
57,30.64278046162104,30.823939881910896,5.293880837359098,1.8384326355340848,17.45169082125604,2.6972624798711755,7.883789586688137,1.8048845947396672,1.247987117552335,0.16774020397208803,0.14761137949543746,,
58,30.66290928609769,30.629361245303276,6.957863660762212,1.8384326355340848,15.982286634460548,2.7241009125067097,7.87037037037037,1.778046162104133,1.2412775093934514,0.16774020397208803,0.14761137949543746,,
59,30.991680085882983,30.3743961352657,6.863929146537842,1.8183038110574343,15.754159957058508,2.771068169618894,7.971014492753623,1.9659151905528718,1.2412775093934514,0.16774020397208803,0.08051529790660225,,
60,31.105743424584006,30.19994632313473,6.340579710144928,1.8384326355340848,15.297906602254429,2.7106816961889426,8.876811594202898,2.0933977455716586,1.3150831991411702,0.14090177133655393,0.08051529790660225,,
61,31.447933440687063,29.8040794417606,6.3070316693505095,1.8183038110574343,15.411969940955448,2.7509393451422435,8.769457863660762,2.073268921095008,1.3955984970477724,0.14090177133655393,0.08051529790660225,,
62,30.52871712292002,27.61003757380569,4.052603327965647,1.7713365539452497,14.949006977992486,3.2541599570585076,15.921900161030596,0.798443370907139,0.9796027911969941,0.0939345142243693,0.040257648953301126,,
63,30.609232420826622,27.489264626945786,4.052603327965647,1.8317230273752012,14.888620504562533,3.280998389694042,15.780998389694043,0.8185721953837896,1.1137949543746646,0.0939345142243693,0.040257648953301126,,
64,30.870907139023082,27.34836285560923,4.106280193236715,1.932367149758454,14.801395598497047,3.280998389694042,15.60654857756307,0.8185721953837896,1.1003757380568975,0.0939345142243693,0.040257648953301126,,
65,31.052066559312937,27.34165324745035,4.17337627482555,1.9256575415995705,14.694041867954912,3.2474503488996245,15.411969940955448,0.8051529790660226,1.2144390767579174,0.0939345142243693,0.040257648953301126,,
66,28.556092324208265,24.90606548577563,4.032474503488996,1.8518518518518519,19.83360171765969,3.2340311325818574,15.28448738593666,0.8990874932903918,1.2681159420289856,0.0939345142243693,0.040257648953301126,,
67,28.683574879227052,24.798711755233494,3.9989264626945786,1.8518518518518519,19.981213097155127,3.2139023081052067,15.170424047235642,0.8990874932903918,1.2681159420289856,0.0939345142243693,0.040257648953301126,,
68,29.139828234031132,24.61755233494364,3.992216854535695,1.8518518518518519,19.83360171765969,3.180354267310789,15.002683843263553,0.8856682769726248,1.3620504562533549,0.0939345142243693,0.040257648953301126,,
69,29.347826086956523,24.54374664519592,3.9519592055823938,1.8451422436929683,19.860440150295222,3.140096618357488,14.814814814814815,0.95276435856146,1.4090177133655395,0.0939345142243693,0.040257648953301126,,
70,29.696725711218466,24.342458400429415,3.9318303811057436,1.8183038110574343,19.672571121846484,3.3145464304884595,14.687332259796028,0.95276435856146,1.4492753623188406,0.0939345142243693,0.040257648953301126,,
71,29.985238862050455,24.228395061728396,3.9049919484702094,1.7847557702630166,19.605475040257648,3.4017713365539453,14.553140096618357,0.9259259259259259,1.4492753623188406,0.0939345142243693,0.06709608158883522,,
72,30.16639828234031,24.134460547504027,4.005636070853462,1.8853998926462694,19.37734836285561,3.408480944712829,14.49946323134729,0.9192163177670424,1.442565754159957,0.0939345142243693,0.06709608158883522,,
73,29.166666666666668,27.603327965646805,4.05931293612453,1.8048845947396672,17.216854535695116,3.475577026301664,14.130434782608695,0.9460547504025765,1.4358561460010735,0.0939345142243693,0.06709608158883522,,
74,29.086151368760063,27.462426194310254,4.0995705850778315,2.073268921095008,17.143048845947398,3.5292538915727323,14.04320987654321,0.9460547504025765,1.42914653784219,0.0939345142243693,0.06709608158883522,0.026838432635534086,
75,29.159957058507782,27.3215244229737,4.133118625872249,2.073268921095008,17.08937198067633,3.5091250670960816,13.996242619431026,1.1003757380568975,1.42914653784219,0.0939345142243693,0.06709608158883522,0.026838432635534086,
76,29.421631776704242,27.120236178207193,4.126409017713366,2.073268921095008,17.022275899087493,3.569511540526033,13.935856146001074,1.1137949543746646,1.42914653784219,0.0939345142243693,0.06709608158883522,0.026838432635534086,
77,29.824208266237253,26.82501341921632,4.159957058507783,2.100107353730542,16.955179817498657,3.5426731078904994,13.895598497047773,1.1137949543746646,1.42914653784219,0.06038647342995169,0.06709608158883522,0.026838432635534086,
78,30.159688674181428,26.684111647879764,4.28743961352657,2.0665593129361244,16.820987654320987,3.5225442834138487,13.734567901234568,1.1137949543746646,1.4559849704777241,0.06038647342995169,0.06709608158883522,0.026838432635534086,
79,27.677133655394524,35.44685990338164,2.8247450348899625,1.9592055823939882,13.345410628019323,3.421900161030596,12.842190016103059,1.0131508319914118,1.3486312399355878,0.026838432635534086,0.06709608158883522,0.026838432635534086,
80,27.851583467525497,35.07783145464305,3.0864197530864197,1.9390767579173376,13.325281803542673,3.4420289855072466,12.828770799785293,0.9930220075147611,1.3352120236178207,0.026838432635534086,0.06709608158883522,0.026838432635534086,
81,28.019323671497585,34.84299516908212,3.1535158346752548,1.9390767579173376,13.251476113794954,3.5225442834138487,12.74825550187869,1.0131508319914118,1.402308105206656,0.013419216317767043,0.06709608158883522,0.026838432635534086,
82,28.27428878153516,34.648416532474506,3.193773483628556,1.9390767579173376,13.191089640365004,3.5225442834138487,12.587224906065487,0.9930220075147611,1.5432098765432098,0.013419216317767043,0.06709608158883522,0.026838432635534086,
83,28.421900161030596,34.46054750402576,3.193773483628556,1.9390767579173376,13.123993558776167,3.556092324208266,12.661030595813205,1.0064412238325282,1.5297906602254427,0.013419216317767043,0.06709608158883522,0.026838432635534086,
84,27.78448738593666,35.198604401502955,3.207192699946323,1.932367149758454,12.795222758990874,3.717122920021471,12.614063338701019,1.0399892646269457,1.5767579173376274,0.040257648953301126,0.06709608158883522,0.026838432635534086,
85,26.78475577026302,36.3191089640365,3.1736446591519054,1.9592055823939882,12.741545893719806,3.7037037037037037,12.533548040794418,1.0399892646269457,1.6103059581320451,0.040257648953301126,0.06709608158883522,0.026838432635534086,
86,26.42914653784219,35.46698872785829,3.126677402039721,1.9592055823939882,14.070048309178745,3.69699409554482,12.399355877616747,1.0399892646269457,1.6774020397208802,0.040257648953301126,0.06709608158883522,0.026838432635534086,
87,26.650563607085346,35.238862050456255,3.2675791733762747,1.9457863660762211,14.016371443907676,3.69699409554482,12.218196457326892,1.1607622114868492,1.6706924315619969,0.040257648953301126,0.06709608158883522,0.026838432635534086,
88,22.832796564680624,17.713365539452496,2.38191089640365,1.596886741814278,12.600644122383253,1.8115942028985508,38.38566827697262,0.9728931830381106,1.6505636070853462,,0.026838432635534086,0.026838432635534086,
89,23.349436392914654,17.62614063338701,2.5831991411701556,1.5767579173376274,12.526838432635534,1.7713365539452497,37.9898013955985,0.9057971014492754,1.6170155662909287,,0.026838432635534086,0.026838432635534086,
90,23.65136876006441,17.438271604938272,2.6972624798711755,1.5767579173376274,12.426194310252281,1.7646269457863661,37.74154589371981,0.9057971014492754,1.7444981213097155,,0.026838432635534086,0.026838432635534086,
91,23.980139559849704,17.102791196994094,3.1602254428341383,1.570048309178744,12.392646269457863,1.7579173376274826,37.11755233494364,1.1607622114868492,1.7042404723564144,,0.026838432635534086,0.026838432635534086,
92,22.208803005904453,15.915190552871712,3.0931293612453032,1.4559849704777241,17.632850241545892,1.6035963499731616,35.017444981213096,1.1607622114868492,1.8585614600107354,,0.026838432635534086,0.026838432635534086,
93,22.5577026301664,15.807836822329575,3.126677402039721,1.4895330112721417,17.458400429414922,1.6774020397208802,34.76918947933441,1.1205045625335481,1.9390767579173376,,0.026838432635534086,0.026838432635534086,
94,22.436929683306495,13.419216317767042,3.0864197530864197,1.5029522275899088,17.357756307031668,1.6706924315619969,37.23161567364466,1.1205045625335481,2.120236178207193,,0.026838432635534086,0.026838432635534086,
95,22.839506172839506,13.352120236178207,3.0595813204508855,1.5297906602254427,17.277241009125067,1.6505636070853462,36.922973698336016,1.1741814278046163,2.1403650026838434,,0.026838432635534086,0.026838432635534086,
96,18.63929146537842,21.464036500268385,2.9723564143853998,0.9057971014492754,16.74718196457327,1.3955984970477724,34.60144927536232,1.0198604401502953,2.200751476113795,,0.026838432635534086,0.026838432635534086,
97,18.80703166935051,21.423778851315085,3.046162104133119,0.9259259259259259,16.59957058507783,1.4626945786366077,33.9573268921095,1.0131508319914118,2.7106816961889426,,0.026838432635534086,0.026838432635534086,
98,18.988191089640367,21.256038647342994,3.0394524959742353,0.9259259259259259,16.512345679012345,1.4626945786366077,33.9573268921095,1.0399892646269457,2.7643585614600106,,0.026838432635534086,0.026838432635534086,
99,19.243156199677937,21.027911969940956,3.1535158346752548,0.9393451422436929,16.42512077294686,1.482823403113258,33.803005904455176,1.1003757380568975,2.771068169618894,,0.026838432635534086,0.026838432635534086,
100,19.786634460547504,20.8064949006978,3.1535158346752548,0.9057971014492754,16.371443907675793,1.5163714439076759,33.54804079441761,1.0869565217391304,2.771068169618894,,0.026838432635534086,0.026838432635534086,
101,20.061728395061728,20.632045088566827,3.2541599570585076,0.9057971014492754,16.304347826086957,1.5432098765432098,33.319914117015564,1.1943102522812667,2.7308105206655933,,0.026838432635534086,0.026838432635534086,
102,20.73268921095008,20.558239398819108,3.2340311325818574,0.9057971014492754,16.049382716049383,1.5365002683843263,32.94417606011809,1.2546967257112185,2.7308105206655933,,0.026838432635534086,0.026838432635534086,
103,21.021202361782073,20.323403113258184,3.2206119162640903,2.2745571658615136,16.009125067096083,1.6774020397208802,31.568706387546968,1.2278582930756843,2.623456790123457,,0.026838432635534086,0.026838432635534086,
104,21.316425120772948,20.229468599033815,3.2206119162640903,2.3081052066559313,15.901771336553946,1.6639828234031133,31.280193236714975,1.261406333870102,2.7643585614600106,,0.026838432635534086,0.026838432635534086,
105,21.531132581857218,20.075147611379496,3.2877079978529253,2.3215244229736984,15.385131508319914,1.9726247987117553,31.03864734299517,1.3754696725711217,2.9589371980676327,,0.026838432635534086,0.026838432635534086,
106,21.900161030595815,19.920826623725173,3.307836822329576,2.428878153515835,15.277777777777779,1.9726247987117553,30.73671497584541,1.3955984970477724,3.0059044551798175,,0.026838432635534086,0.026838432635534086,
107,22.23564143853999,19.77992485238862,3.2877079978529253,2.442297369833602,15.250939345142244,1.9726247987117553,30.367686527106816,1.3955984970477724,3.2139023081052067,,0.026838432635534086,0.026838432635534086,
108,22.450348899624263,19.64573268921095,3.294417606011809,2.4490069779924855,15.197262479871176,1.9524959742351047,30.05233494363929,1.6975308641975309,3.207192699946323,,0.026838432635534086,0.026838432635534086,
109,22.27589908749329,18.780193236714975,3.079710144927536,4.213633923778851,14.761137949543746,2.0933977455716586,29.73027375201288,1.6572732152442298,3.2877079978529253,0.06709608158883522,0.026838432635534086,0.026838432635534086,
110,20.658883521202362,25.711218464841654,3.1870638754696725,3.7573805689747717,10.607890499194847,1.7914653784219001,29.441760601180892,1.4492753623188406,3.2742887815351582,0.06709608158883522,0.026838432635534086,0.026838432635534086,
111,20.44417606011809,23.07434245840043,2.9924852388620504,5.857487922705314,10.601180891035963,1.7847557702630166,30.54213633923779,1.5230810520665594,3.0595813204508855,0.06709608158883522,0.026838432635534086,0.026838432635534086,
112,20.75281803542673,22.852925389157274,2.952227589908749,5.8239398819108965,10.601180891035963,1.7847557702630166,30.381105743424584,1.6841116478797638,3.046162104133119,0.06709608158883522,0.026838432635534086,0.026838432635534086,
113,21.014492753623188,22.77241009125067,2.9253891572732154,5.770263016639828,10.560923242082662,1.7713365539452497,30.253623188405797,1.7646269457863661,3.046162104133119,0.06709608158883522,0.026838432635534086,0.026838432635534086,
114,21.28287707997853,22.497316156736446,3.1065485775630703,5.810520665593129,10.560923242082662,1.7579173376274826,30.04562533548041,1.7579173376274826,3.0595813204508855,0.06709608158883522,0.026838432635534086,0.026838432635534086,
115,20.397208803005906,21.880032206119164,3.126677402039721,5.656199677938808,18.78690284487386,1.7310789049919484,24.282071926999464,1.583467525496511,2.4355877616747184,0.06709608158883522,0.026838432635534086,0.026838432635534086,
116,19.612184648416534,21.77938808373591,3.730542136339238,5.475040257648954,18.250134192163177,1.1808910359634996,26.382179280730007,1.415727321524423,2.0933977455716586,0.06709608158883522,0.013419216317767043,,
117,19.847020933977454,21.692163177670423,3.878153515834675,5.475040257648954,18.02871712292002,1.1808910359634996,25.885668276972623,1.8451422436929683,2.086688137412775,0.06709608158883522,0.013419216317767043,,
118,16.076221148684915,26.918947933440688,3.770799785292539,5.273752012882448,17.324208266237253,1.0332796564680622,25.577026301663984,1.8518518518518519,2.0933977455716586,0.06709608158883522,0.013419216317767043,,
119,16.358024691358025,26.838432635534083,3.683574879227053,5.246913580246914,17.418142780461622,0.7581857219538379,25.275093934514224,2.2208803005904456,2.120236178207193,0.06709608158883522,0.013419216317767043,,
120,16.72705314009662,26.684111647879764,3.7775093934514223,5.246913580246914,17.297369833601717,0.7581857219538379,24.932903918411164,2.2410091250670963,2.254428341384863,0.06709608158883522,0.013419216317767043,,
121,17.028985507246375,26.56333870101986,3.8043478260869565,5.414653784219001,17.163177670424048,0.7179280730005367,24.758454106280194,2.2074610842726785,2.2745571658615136,0.06709608158883522,,,
122,17.478529253891573,26.37546967257112,3.844605475040258,5.280461621041331,17.07595276435856,0.7045088566827697,24.54374664519592,2.254428341384863,2.341653247450349,0.06709608158883522,0.03354804079441761,,
123,18.035426731078903,26.140633387010197,3.851315083199141,5.314009661835748,16.961889425657542,0.7380568974771873,24.315619967793882,2.254428341384863,2.2879763821792807,0.06709608158883522,0.03354804079441761,,
124,18.431293612453032,25.93263553408481,3.9318303811057436,5.314009661835748,16.82769726247987,0.7380568974771873,24.074074074074073,2.3483628556092326,2.301395598497048,0.06709608158883522,0.03354804079441761,,
125,18.337359098228664,22.376543209876544,3.898282340311326,5.193236714975845,20.598497047772412,0.7380568974771873,23.832528180354267,2.5295222758990876,2.301395598497048,0.1610305958132045,0.03354804079441761,,
126,18.646001073537306,22.289318303811058,3.770799785292539,5.159688674181428,20.249597423510465,0.9997316156736447,23.765432098765434,2.623456790123457,2.301395598497048,0.1610305958132045,0.03354804079441761,,
127,19.028448738593667,21.93370907139023,3.8915727321524423,5.0858829844337095,20.169082125603865,1.1741814278046163,23.637949543746647,2.6167471819645733,2.26784755770263,0.1610305958132045,0.03354804079441761,,
128,19.316961889425656,21.85990338164251,3.938539989264627,5.025496511003757,20.081857219538378,1.133923778851315,23.57085346215781,2.6167471819645733,2.2342995169082127,0.1878690284487386,0.03354804079441761,,
129,19.55179817498658,21.638486312399355,4.448470209339774,5.0858829844337095,19.94766505636071,1.1876006441223832,23.15485775630703,2.5697799248523885,2.1940418679549114,0.1878690284487386,0.03354804079441761,,
130,18.55877616747182,21.477455716586153,4.314278046162104,4.918142780461621,26.8719806763285,1.1943102522812667,18.10252281266774,2.4892646269457863,1.8518518518518519,0.1878690284487386,0.03354804079441761,,
131,18.988191089640367,21.32313472893183,4.320987654320987,4.851046698872786,26.710950080515296,1.1808910359634996,18.06226516371444,2.4892646269457863,1.8518518518518519,0.1878690284487386,0.03354804079441761,,
132,19.243156199677937,21.141975308641975,4.643048845947397,4.898013955984971,26.549919484702095,1.1808910359634996,17.847557702630166,2.49597423510467,1.778046162104133,0.1878690284487386,0.03354804079441761,,
133,19.659151905528716,20.92055823939882,4.669887278582931,4.871175523349437,26.42914653784219,1.1674718196457328,17.787171229200215,2.49597423510467,1.751207729468599,0.2147074610842727,0.03354804079441761,,
134,20.014761137949545,20.7662372517445,4.636339237788513,4.864465915190553,26.1808910359635,1.2815351583467525,17.746913580246915,2.509393451422437,1.751207729468599,0.2147074610842727,0.03354804079441761,,
135,20.081857219538378,20.75281803542673,4.690016103059581,4.8443370907139025,26.100375738056897,1.3083735909822867,17.67981749865808,2.5496511003757383,1.7444981213097155,0.2147074610842727,0.03354804079441761,,
136,20.303274288781534,20.632045088566827,4.770531400966184,4.8443370907139025,26.02657004830918,1.3419216317767042,17.538915727321523,2.5697799248523885,1.724369296833065,0.2147074610842727,0.03354804079441761,,
137,20.739398819108963,20.44417606011809,4.8376274825550185,4.830917874396135,25.87895866881374,1.3419216317767042,17.47181964573269,2.5496511003757383,1.6706924315619969,0.20128824476650564,0.03354804079441761,,
138,20.819914117015568,20.26972624798712,4.777241009125067,4.918142780461621,25.657541599570585,1.4626945786366077,17.639559849704778,2.5496511003757383,1.6706924315619969,0.20128824476650564,0.03354804079441761,,
139,21.07487922705314,20.182501341921633,4.891304347826087,4.830917874396135,25.49651100375738,1.4761137949543746,17.478529253891573,2.5496511003757383,1.7847557702630166,0.20128824476650564,0.03354804079441761,,
140,21.410359634997317,20.041599570585078,4.898013955984971,4.804079441760601,25.308641975308642,1.482823403113258,17.438271604938272,2.5697799248523885,1.7847557702630166,0.2281266774020397,0.03354804079441761,,
141,21.598228663446054,19.847020933977454,5.173107890499195,4.750402576489533,25.013419216317768,1.5365002683843263,17.424852388620504,2.657004830917874,1.737788513150832,0.2281266774020397,0.03354804079441761,,
142,18.746645195920557,18.552066559312937,4.066022544283414,3.0394524959742353,36.05743424584004,1.5767579173376274,14.244498121309716,2.046430488459474,1.5365002683843263,0.13419216317767044,,,
143,19.16935050993022,18.451422436929683,4.253891572732153,3.0394524959742353,35.507246376811594,1.5767579173376274,14.06333870101986,2.2342995169082127,1.570048309178744,0.13419216317767044,,,
144,19.652442297369834,18.290391841116477,4.327697262479871,2.8918411164787976,34.98389694041868,1.5767579173376274,13.996242619431026,2.395330112721417,1.751207729468599,0.13419216317767044,,,
145,20.001341921631777,17.76033279656468,4.830917874396135,2.8918411164787976,34.675254965110035,1.5499194847020934,13.962694578636608,2.3886205045625335,1.8048845947396672,0.13419216317767044,,,
146,20.437466451959207,17.66639828234031,4.864465915190553,2.791196994095545,34.292807300053674,1.5499194847020934,13.895598497047773,2.4825550187869028,1.8853998926462694,0.13419216317767044,,,
147,20.719269994632313,17.54562533548041,4.85775630703167,2.8113258185721954,34.01100375738057,1.5901771336553945,13.868760064412239,2.576489533011272,1.8853998926462694,0.13419216317767044,,,
148,20.9272678475577,17.384594739667204,4.824208266237251,2.804616210413312,33.782877079978526,1.865271068169619,13.79495437466452,2.563070316693505,1.9189479334406871,0.13419216317767044,,,
149,21.182232957595275,17.324208266237253,4.797369833601718,2.7844873859366612,33.68894256575416,1.8451422436929683,13.747987117552334,2.576489533011272,1.9189479334406871,0.13419216317767044,,,
150,21.557971014492754,16.97530864197531,5.260332796564681,2.6972624798711755,33.279656468062264,1.8451422436929683,13.707729468599034,2.5496511003757383,1.9927536231884058,0.13419216317767044,,,
151,21.75925925925926,16.774020397208805,5.5689747718733225,2.6838432635534084,33.01798174986581,1.8317230273752012,13.607085346215781,2.6301663982823404,1.9927536231884058,0.13419216317767044,,,
152,22.054482018250134,16.67337627482555,5.642780461621041,2.657004830917874,32.8166935050993,1.8317230273752012,13.580246913580247,2.6838432635534084,1.9256575415995705,0.13419216317767044,,,
153,22.14170692431562,16.10305958132045,5.5756843800322065,2.898550724637681,32.648953301127214,2.3752012882447664,13.539989264626946,2.657004830917874,1.9256575415995705,0.13419216317767044,,,
154,20.155662909286097,16.06280193236715,5.01207729468599,2.059849704777241,27.89855072463768,2.2879763821792807,22.86634460547504,1.9524959742351047,1.596886741814278,0.10735373054213634,,,
155,20.48443370907139,15.94873859366613,5.065754159957058,2.059849704777241,27.70397208803006,2.314814814814815,22.75228126677402,1.9860440150295222,1.596886741814278,0.08722490606548577,,,
156,20.71256038647343,15.868223295759528,5.045625335480408,2.086688137412775,27.529522275899087,2.3349436392914655,22.6784755770263,2.059849704777241,1.596886741814278,0.08722490606548577,,,
157,21.007783145464305,15.707192699946322,5.119431025228127,2.0531400966183573,27.2812667740204,2.38191089640365,22.544283413848632,2.167203435319377,1.6237251744498122,0.08722490606548577,,,0.026838432635534086
158,21.22249060654858,15.646806226516372,5.159688674181428,2.1604938271604937,27.026301663982824,2.38191089640365,22.470477724100913,2.1940418679549114,1.6237251744498122,0.08722490606548577,,,0.026838432635534086
159,21.537842190016104,15.60654857756307,5.052334943639291,2.1604938271604937,26.81159420289855,2.522812667740204,22.31615673644659,2.26784755770263,1.6103059581320451,0.08722490606548577,,,0.026838432635534086
160,21.77938808373591,15.573000536768653,5.267042404723564,2.1269457863660763,26.670692431561996,2.4825550187869028,22.128287707997853,2.2410091250670963,1.6170155662909287,0.08722490606548577,,,0.026838432635534086
161,21.906870638754697,15.45222758990875,5.233494363929147,2.120236178207193,26.476113794954376,2.7777777777777777,22.061191626409016,2.2410091250670963,1.6170155662909287,0.08722490606548577,,,0.026838432635534086
162,21.91358024691358,15.485775630703166,5.488459473966721,2.214170692431562,26.227858293075684,2.8113258185721954,21.994095544820183,2.1604938271604937,1.5901771336553945,0.08722490606548577,,,0.026838432635534086
163,22.000805152979066,15.304616210413311,5.562265163714439,2.2074610842726785,26.268115942028984,2.8381642512077296,21.926999463231347,2.187332259796028,1.5901771336553945,0.08722490606548577,,,0.026838432635534086
164,22.16183574879227,15.277777777777779,5.548845947396672,2.2342995169082127,26.006441223832528,3.0864197530864197,21.74584004294149,2.2208803005904456,1.6035963499731616,0.08722490606548577,,,0.026838432635534086
165,22.604669887278583,15.150295222758992,5.589103596349974,2.2342995169082127,25.791733762748255,3.066290928609769,21.651905528717123,2.1940418679549114,1.6035963499731616,0.08722490606548577,,,0.026838432635534086
166,22.745571658615138,15.056360708534621,5.756843800322061,2.2342995169082127,25.483091787439612,3.066290928609769,21.598228663446054,2.328234031132582,1.6170155662909287,0.08722490606548577,,,0.026838432635534086
167,21.712292002147073,14.398819108964037,5.790391841116479,1.9457863660762211,28.14680622651637,2.6637144390767578,21.336553945249598,2.3081052066559313,1.583467525496511,0.08722490606548577,,,0.026838432635534086
168,21.940418679549115,14.217659688674182,6.018518518518518,1.9256575415995705,27.77777777777778,2.7241009125067097,21.22920021470746,2.475845410628019,1.5767579173376274,0.08722490606548577,,,0.026838432635534086
169,22.436929683306495,14.150563607085346,5.998389694041868,1.9256575415995705,27.576489533011273,2.717391304347826,20.987654320987655,2.4892646269457863,1.6035963499731616,0.08722490606548577,,,0.026838432635534086
170,22.819377348362856,14.016371443907676,6.072195383789587,1.90552871712292,27.502683843263554,2.6838432635534084,20.8467525496511,2.4557165861513686,1.583467525496511,0.08722490606548577,,,0.026838432635534086
171,22.933440687063875,13.976113794954374,6.233225979602791,1.90552871712292,27.2812667740204,2.6838432635534084,20.86688137412775,2.4355877616747184,1.570048309178744,0.08722490606548577,,,0.026838432635534086
172,23.181696188942567,13.868760064412239,6.340579710144928,1.9256575415995705,27.100107353730543,2.6502952227589907,20.719269994632313,2.4691358024691357,1.6304347826086956,0.08722490606548577,,,0.026838432635534086
173,23.282340311325818,13.848631239935587,6.494900697799249,2.0397208803005906,26.798174986580783,2.623456790123457,20.564949006977994,2.6033279656468062,1.6304347826086956,0.08722490606548577,,,0.026838432635534086
174,23.67149758454106,13.83521202361782,6.515029522275899,2.0128824476650564,26.476113794954376,2.6435856146001075,20.50456253354804,2.5697799248523885,1.6572732152442298,0.08722490606548577,,,0.026838432635534086
175,23.812399355877616,13.761406333870102,6.394256575415996,2.0128824476650564,24.718196457326894,2.6167471819645733,22.19538378958669,2.6838432635534084,1.6908212560386473,0.08722490606548577,,,0.026838432635534086
176,24.08078368223296,13.741277509393452,6.360708534621578,2.0128824476650564,24.60413311862587,2.61003757380569,22.034353193773484,2.717391304347826,1.724369296833065,0.08722490606548577,,,0.026838432635534086
177,24.436392914653783,13.6406333870102,6.414385399892646,1.9860440150295222,24.376006441223833,2.5966183574879227,22.020933977455716,2.7241009125067097,1.6908212560386473,0.08722490606548577,,,0.026838432635534086
178,24.36929683306495,13.593666129898015,6.374127750939345,1.9793344068706387,23.05421363392378,4.30756843800322,21.79951690821256,2.5563607085346214,1.8518518518518519,0.08722490606548577,,,0.026838432635534086
179,24.537037037037038,13.479602791196994,6.4412238325281805,1.9659151905528718,22.953569511540525,4.30756843800322,21.484165324745035,2.8515834675254963,1.865271068169619,0.08722490606548577,,,0.026838432635534086
180,24.89935587761675,13.439345142243694,6.347289318303811,2.0933977455716586,22.785829307568438,4.247181964573269,21.329844337090712,2.791196994095545,1.9524959742351047,0.08722490606548577,,,0.026838432635534086
181,24.90606548577563,13.41250670960816,6.347289318303811,2.200751476113795,22.71202361782072,4.274020397208803,21.16881374127751,2.9119699409554483,1.9524959742351047,0.08722490606548577,,,0.026838432635534086
182,24.97987117552335,13.305152979066023,6.320450885668277,3.3279656468062266,21.75925925925926,4.274020397208803,21.07487922705314,2.8381642512077296,1.9793344068706387,0.08722490606548577,0.026838432635534086,,0.026838432635534086
183,25.241545893719806,13.197799248523886,6.407675791733762,3.3279656468062266,21.631776704240472,4.280730005367687,20.947396672034355,2.8381642512077296,1.9860440150295222,0.08722490606548577,0.026838432635534086,,0.026838432635534086
184,25.483091787439612,13.09044551798175,6.407675791733762,3.6231884057971016,21.329844337090712,4.274020397208803,20.853462157809982,2.8381642512077296,1.9592055823939882,0.08722490606548577,0.026838432635534086,,0.026838432635534086
185,22.946859903381643,11.2788513150832,5.864197530864198,3.5091250670960816,18.129361245303276,3.8848631239935587,30.16639828234031,2.254428341384863,1.8250134192163177,0.08722490606548577,0.026838432635534086,,0.026838432635534086
186,23.255501878690286,11.272141706924316,5.783682232957595,3.6366076221148687,18.04213633923779,3.864734299516908,29.931561996779386,2.2611379495437465,1.8115942028985508,0.08722490606548577,0.026838432635534086,,0.026838432635534086
187,23.51046698872786,11.245303274288782,5.904455179817498,3.6366076221148687,17.98845947396672,3.8848631239935587,29.622920021470748,2.227589908749329,1.8384326355340848,0.08722490606548577,0.026838432635534086,,0.026838432635534086
188,23.731884057971016,11.158078368223295,6.092324208266238,3.629898013955985,17.787171229200215,4.2270531400966185,29.180085882984432,2.24771873322598,1.8048845947396672,0.08722490606548577,0.026838432635534086,,0.026838432635534086
189,24.053945249597422,11.064143853998926,6.112453032742888,3.569511540526033,17.713365539452496,4.2270531400966185,28.985507246376812,2.301395598497048,1.8317230273752012,0.08722490606548577,0.026838432635534086,,0.026838432635534086
190,24.261943102522814,11.037305421363392,6.213097155126141,3.5426731078904994,17.579173376274827,5.032206119162641,27.979066022544284,2.4221685453569513,1.7914653784219001,0.08722490606548577,0.026838432635534086,,0.026838432635534086
191,24.57729468599034,11.003757380568974,6.206387546967257,3.5292538915727323,17.485238862050455,5.018786902844874,27.75764895330113,2.4557165861513686,1.8250134192163177,0.08722490606548577,0.026838432635534086,,0.026838432635534086
192,24.94632313472893,10.93666129898014,6.273483628556092,3.535963499731616,17.37788513150832,4.99194847020934,27.542941492216855,2.4557165861513686,1.8250134192163177,0.08722490606548577,,,0.026838432635534086
193,25.268384326355342,10.86285560923242,6.139291465378422,3.5225442834138487,17.270531400966185,5.052334943639291,27.355072463768117,2.5831991411701556,1.8317230273752012,0.08722490606548577,,,0.026838432635534086
194,25.389157273215243,10.856146001073537,6.125872249060655,3.556092324208266,17.196725711218466,5.045625335480408,27.20746108427268,2.677133655394525,1.8317230273752012,0.08722490606548577,,,0.026838432635534086
195,25.637412775093935,10.829307568438002,6.092324208266238,3.4286097691894795,17.16988727858293,5.0791733762748255,27.194041867954912,2.6301663982823404,1.8250134192163177,0.08722490606548577,,,0.026838432635534086
196,25.925925925925927,10.802469135802468,6.052066559312936,3.455448201825013,17.03569511540526,5.072463768115942,27.073268921095007,2.6637144390767578,1.8250134192163177,0.06709608158883522,,,0.026838432635534086
197,26.1808910359635,10.755501878690284,6.052066559312936,3.5225442834138487,16.961889425657542,4.985238862050457,26.959205582393988,2.690552871712292,1.7981749865807837,0.06709608158883522,,,0.026838432635534086
198,26.40901771336554,10.547504025764896,6.166129898013956,3.4957058507783145,16.901502952227588,4.931561996779388,26.90552871712292,2.7241009125067097,1.8250134192163177,0.06709608158883522,,,0.026838432635534086
