,45,50,55,52,53,54,51,56,57,59,58,60
0,96.03462157809984,3.965378421900161,,,,,,,,,,
1,96.03462157809984,3.965378421900161,,,,,,,,,,
2,95.24959742351047,4.4820182501341925,0.2683843263553409,,,,,,,,,
3,95.24959742351047,4.4820182501341925,0.2683843263553409,,,,,,,,,
4,86.9296833064949,12.801932367149758,0.2683843263553409,,,,,,,,,
5,85.58105206655931,14.244498121309716,0.17444981213097155,,,,,,,,,
6,83.09849704777241,16.72705314009662,0.17444981213097155,,,,,,,,,
7,82.17928073000537,16.485507246376812,,1.2815351583467525,0.05367686527106817,,,,,,,
8,80.84406870638755,17.820719269994633,,1.2815351583467525,0.05367686527106817,,,,,,,
9,81.07219538378959,17.599302200751477,,1.2815351583467525,0.04696725711218465,,,,,,,
10,77.91867954911433,20.75281803542673,,1.2815351583467525,0.04696725711218465,,,,,,,
11,77.26113794954375,21.410359634997317,,1.2815351583467525,0.04696725711218465,,,,,,,
12,71.77267847557702,26.898819108964037,,1.2815351583467525,0.04696725711218465,,,,,,,
13,71.77267847557702,26.7512077294686,0.14761137949543746,1.2815351583467525,0.04696725711218465,,,,,,,
14,71.77267847557702,26.596886741814277,0.14761137949543746,1.2815351583467525,0.04696725711218465,0.15432098765432098,,,,,,
15,71.45061728395062,26.019860440150296,0.14761137949543746,1.2815351583467525,0.04696725711218465,0.15432098765432098,0.8990874932903918,,,,,
16,68.2836822329576,29.20692431561997,0.14761137949543746,1.261406333870102,0.04696725711218465,0.15432098765432098,0.8990874932903918,,,,,
17,67.38459473966721,29.294149221685455,0.14761137949543746,2.073268921095008,0.04696725711218465,0.15432098765432098,0.8990874932903918,,,,,
18,67.37117552334944,29.30756843800322,0.14761137949543746,2.073268921095008,0.04696725711218465,0.15432098765432098,0.8990874932903918,,,,,
19,67.13633923778852,29.542404723564143,0.14761137949543746,2.073268921095008,0.04696725711218465,0.15432098765432098,0.8990874932903918,,,,,
20,63.45276435856146,23.07434245840043,,2.0397208803005906,0.04696725711218465,0.15432098765432098,11.231884057971014,,,,,
21,63.64734299516908,22.933440687063875,,2.0397208803005906,0.04696725711218465,0.15432098765432098,11.178207192699947,,,,,
22,62.52012882447665,24.060654857756308,,2.0397208803005906,0.04696725711218465,0.15432098765432098,11.178207192699947,,,,,
23,62.5805152979066,24.000268384326354,,2.0397208803005906,0.04696725711218465,0.15432098765432098,11.178207192699947,,,,,
24,56.09903381642512,29.851046698872786,,2.0263016639828235,0.04696725711218465,1.093666129898014,10.88298443370907,,,,,
25,45.873590982286636,30.911164787976382,0.08722490606548577,2.0263016639828235,0.1878690284487386,1.093666129898014,19.82018250134192,,,,,
26,43.243424584004295,26.268115942028984,0.2616747181964573,1.932367149758454,0.1878690284487386,1.06682769726248,27.03972088030059,,,,,
27,43.4044551798175,26.154052603327965,0.2616747181964573,1.9726247987117553,0.1878690284487386,1.06682769726248,26.952495974235106,,,,,
28,43.605743424584006,26.073537305421365,0.2616747181964573,1.9726247987117553,0.1878690284487386,1.06682769726248,26.8317230273752,,,,,
29,21.24932903918411,68.0354267310789,0.9326355340848095,0.7246376811594203,,0.9259259259259259,8.132045088566828,,,,,
30,21.464036500268385,67.82071926999463,0.9326355340848095,0.7246376811594203,,0.9259259259259259,8.132045088566828,,,,,
31,21.22249060654858,62.3389694041868,0.9326355340848095,6.937734836285561,1.8518518518518519,0.9259259259259259,5.790391841116479,,,,,
32,21.26945786366076,60.72195383789587,1.1741814278046163,6.582125603864735,2.0397208803005906,3.408480944712829,3.9989264626945786,0.8051529790660226,,,,
33,19.90740740740741,59.675254965110035,1.3016639828234031,6.575415995705851,2.0397208803005906,3.361513687600644,6.333870101986044,0.8051529790660226,,,,
34,20.041599570585078,59.56119162640902,1.3016639828234031,6.541867954911433,1.9860440150295222,3.4286097691894795,6.333870101986044,0.8051529790660226,,,,
35,20.041599570585078,50.677670424047236,1.0601180891035964,7.4208266237251745,1.9860440150295222,11.788781535158346,6.219806763285024,0.8051529790660226,,,,
36,20.169082125603865,50.22141706924316,0.8990874932903918,7.4208266237251745,5.931293612453032,9.41358024691358,5.139559849704777,0.8051529790660226,,,,
37,20.28985507246377,49.121041331186255,1.9726247987117553,7.380568974771873,5.2066559312936125,10.138217928073,5.112721417069243,0.7783145464304885,,,,
38,20.35024154589372,48.812399355877616,1.9726247987117553,7.340311325818572,5.542136339237788,10.091250670960816,5.112721417069243,0.7783145464304885,,,,
39,20.471014492753625,48.7385936661299,1.9726247987117553,7.5348899624261945,5.542136339237788,10.057702630166398,4.904723564143854,0.7783145464304885,,,,
40,20.491143317230275,48.47691894793344,2.2745571658615136,7.501341921631776,5.542136339237788,10.030864197530864,4.904723564143854,0.7783145464304885,,,,
41,20.779656468062264,48.349436392914654,2.2745571658615136,7.461084272678476,5.542136339237788,9.923510466988727,4.891304347826087,0.7783145464304885,,,,
42,17.03569511540526,52.63687600644123,2.2745571658615136,7.011540526033279,5.515297906602254,9.923510466988727,4.824208266237251,0.7783145464304885,,,,
43,17.12962962962963,51.898819108964034,2.952227589908749,7.011540526033279,5.428073000536768,9.896672034353195,4.824208266237251,0.7783145464304885,0.08051529790660225,,,
44,17.337627482555018,51.7512077294686,2.952227589908749,7.004830917874396,5.428073000536768,9.86983360171766,4.797369833601718,0.7783145464304885,0.08051529790660225,,,
45,17.652979066022546,51.549919484702095,2.952227589908749,7.004830917874396,5.407944176060118,9.77589908749329,4.797369833601718,0.7783145464304885,0.08051529790660225,,,
46,17.726784755770264,50.72463768115942,3.046162104133119,6.937734836285561,5.394524959742351,10.50053676865271,4.750402576489533,0.8387010198604401,0.08051529790660225,,,
47,16.337895866881375,49.094202898550726,3.046162104133119,6.642512077294686,5.12614063338701,11.18491680085883,7.514761137949543,0.9728931830381106,0.08051529790660225,,,
48,16.51905528717123,48.9398819108964,3.012614063338701,6.635802469135802,5.12614063338701,11.20504562533548,7.50805152979066,0.9728931830381106,0.08051529790660225,,,
49,16.680085882984432,47.22893183038111,1.751207729468599,6.635802469135802,5.12614063338701,14.016371443907676,7.50805152979066,0.9728931830381106,0.08051529790660225,,,
50,16.72705314009662,47.0276435856146,1.8048845947396672,6.622383252818035,5.0993022007514766,14.63365539452496,7.03166935050993,0.9728931830381106,0.08051529790660225,,,
51,16.7337627482555,45.793075684380035,1.7981749865807837,6.541867954911433,5.052334943639291,15.98899624261943,6.461352657004831,1.5499194847020934,0.08051529790660225,,,
52,16.76731078904992,45.833333333333336,1.7981749865807837,6.541867954911433,5.045625335480408,15.827965646806227,6.421095008051529,1.5499194847020934,0.08051529790660225,0.13419216317767044,,
53,16.800858829844337,44.860440150295226,1.7981749865807837,7.575147611379496,4.656468062265164,15.458937198067632,6.407675791733762,2.227589908749329,0.08051529790660225,0.13419216317767044,,
54,16.170155662909288,43.47826086956522,1.7981749865807837,7.568438003220612,4.656468062265164,15.418679549114332,8.467525496511003,2.227589908749329,0.08051529790660225,0.13419216317767044,,
55,16.378153515834676,43.283682232957595,1.8317230273752012,7.514761137949543,4.5960815888352125,15.45222758990875,8.467525496511003,2.200751476113795,0.14090177133655393,0.13419216317767044,,
56,16.324476650563607,43.283682232957595,2.4825550187869028,7.085346215780999,4.5960815888352125,15.45222758990875,8.299785292538916,2.200751476113795,0.14090177133655393,0.13419216317767044,,
57,16.512345679012345,43.27026301663983,2.4825550187869028,7.0450885668276975,4.562533548040794,15.365002683843263,8.28636607622115,2.200751476113795,0.14090177133655393,0.13419216317767044,,
58,16.666666666666668,42.961621041331185,2.6637144390767578,7.0450885668276975,4.562533548040794,15.365002683843263,8.28636607622115,2.1739130434782608,0.14090177133655393,0.13419216317767044,,
59,16.70692431561997,40.84138486312399,2.6637144390767578,10.21202361782072,4.562533548040794,15.271068169618895,7.2933440687063875,2.1739130434782608,0.14090177133655393,0.13419216317767044,,
60,15.633387010198604,40.98899624261943,3.8177670424047236,10.158346752549651,4.549114331723027,15.123456790123457,7.2933440687063875,2.1604938271604937,0.14090177133655393,0.13419216317767044,,
61,15.277777777777779,39.67391304347826,4.341116478797638,11.681427804616211,4.53569511540526,15.116747181964573,6.951154052603328,2.147074610842727,0.14090177133655393,0.13419216317767044,,
62,14.647074610842727,39.48604401502952,4.341116478797638,11.668008588298443,4.53569511540526,15.083199141170155,7.816693505099302,2.147074610842727,0.14090177133655393,0.13419216317767044,,
63,14.680622651637144,38.66076221148685,5.139559849704777,11.668008588298443,4.528985507246377,15.083199141170155,7.816693505099302,2.147074610842727,0.14090177133655393,0.13419216317767044,,
64,14.848362855609233,38.439345142243695,5.139559849704777,11.614331723027375,4.528985507246377,15.22410091250671,7.7831454643048845,2.147074610842727,0.14090177133655393,0.13419216317767044,,
65,15.042941492216855,38.37224906065486,5.12614063338701,11.60762211486849,4.528985507246377,15.183843263553408,7.769726247987117,2.0933977455716586,0.14090177133655393,0.13419216317767044,,
66,15.01610305958132,38.41250670960816,5.12614063338701,11.60762211486849,5.548845947396672,14.27133655394525,7.742887815351583,2.0933977455716586,0.14090177133655393,0.040257648953301126,,
67,14.828234031132581,35.97691894793344,7.930756843800322,11.60762211486849,5.401234567901234,14.237788513150832,7.742887815351583,2.0933977455716586,0.14090177133655393,0.040257648953301126,,
68,14.942297369833602,35.87627482555019,7.930756843800322,11.540526033279656,5.401234567901234,14.197530864197532,7.856951154052603,2.073268921095008,0.14090177133655393,0.040257648953301126,,
69,14.942297369833602,35.547504025764894,8.319914117015566,11.520397208803006,5.374396135265701,14.184111647879764,7.856951154052603,2.073268921095008,0.14090177133655393,0.040257648953301126,,
70,15.049651100375739,35.50053676865271,8.293075684380032,11.399624261943103,5.374396135265701,14.083467525496511,7.809983896940419,2.073268921095008,0.3757380568974772,0.040257648953301126,,
71,15.096618357487923,35.48040794417606,8.272946859903382,11.392914653784219,5.374396135265701,13.969404186795492,7.809983896940419,2.073268921095008,0.3757380568974772,0.15432098765432098,,
72,14.88191089640365,30.750134192163177,8.246108427267847,9.668545356951155,6.139291465378422,13.94927536231884,13.761406333870102,2.073268921095008,0.3757380568974772,0.15432098765432098,,
73,14.284755770263017,29.260601180891037,8.387010198604402,8.11862587224906,5.367686527106817,13.88888888888889,18.089103596349972,2.073268921095008,0.3757380568974772,0.15432098765432098,,
74,14.398819108964037,29.21363392377885,8.387010198604402,8.07836822329576,5.46833064949007,13.768115942028986,18.08239398819109,2.073268921095008,0.3757380568974772,0.15432098765432098,,
75,14.40552871712292,28.415190552871714,9.252549651100376,10.379763821792807,5.293880837359098,13.7211486849168,15.807836822329575,2.1940418679549114,0.3757380568974772,0.15432098765432098,,
76,13.66076221148685,26.637144390767578,8.863392377885132,11.211755233494364,5.293880837359098,16.170155662909288,15.438808373590982,2.1940418679549114,0.3757380568974772,0.15432098765432098,,
77,13.955984970477724,26.52308105206656,8.816425120772946,11.178207192699947,5.293880837359098,16.002415458937197,15.405260332796564,2.1739130434782608,0.49651100375738055,0.15432098765432098,,
78,13.92914653784219,26.67740203972088,8.816425120772946,11.037305421363392,5.394524959742351,15.942028985507246,15.385131508319914,2.167203435319377,0.49651100375738055,0.15432098765432098,,
79,14.13714439076758,26.583467525496513,8.729200214707461,12.392646269457863,5.394524959742351,15.895061728395062,14.049919484702093,2.167203435319377,0.49651100375738055,0.15432098765432098,,
80,14.217659688674182,25.89237788513151,9.39345142243693,12.392646269457863,5.394524959742351,15.861513687600644,14.029790660225443,2.167203435319377,0.49651100375738055,0.15432098765432098,,
81,14.264626945786366,25.85882984433709,9.39345142243693,12.318840579710145,5.394524959742351,15.780998389694043,14.023081052066559,2.13365539452496,0.6776704240472357,0.15432098765432098,,
82,14.163982823403114,25.623993558776167,9.312936124530328,13.20450885668277,5.374396135265701,15.881642512077295,13.47289318303811,2.13365539452496,0.6776704240472357,0.15432098765432098,,
83,14.251207729468598,25.09393451422437,9.380032206119163,11.171497584541063,5.374396135265701,15.505904455179817,16.25738056897477,2.13365539452496,0.6776704240472357,0.15432098765432098,,
84,14.392109500805153,25.07380568974772,9.380032206119163,11.158078368223295,5.374396135265701,15.505904455179817,16.150026838432634,2.13365539452496,0.6776704240472357,0.15432098765432098,,
85,12.25174449812131,19.64573268921095,9.037842190016104,25.0,5.347557702630167,12.23161567364466,13.6406333870102,2.1269457863660763,0.6776704240472357,0.040257648953301126,,
86,12.352388620504563,19.605475040257648,9.037842190016104,24.966451959205582,5.347557702630167,12.23161567364466,13.6406333870102,2.100107353730542,0.6776704240472357,0.040257648953301126,,
87,12.446323134728932,19.558507783145465,9.037842190016104,24.93961352657005,5.347557702630167,12.23161567364466,13.620504562533547,2.100107353730542,0.6776704240472357,0.040257648953301126,,
88,11.211755233494364,23.141438539989263,9.024422973698336,24.738325281803544,5.3341384863123995,12.117552334943639,11.614331723027375,2.100107353730542,0.6776704240472357,0.040257648953301126,,
89,11.379495437466453,23.040794417606012,8.917069243156199,24.490069779924852,5.300590445517981,12.419484702093397,11.574074074074074,2.100107353730542,0.7380568974771873,0.040257648953301126,,
90,11.198336017176597,22.946859903381643,8.380300590445518,27.388620504562535,4.240472356414386,11.829039184111648,11.406333870101985,1.9793344068706387,0.5904455179817498,0.040257648953301126,,
91,11.372785829307569,22.933440687063875,8.480944712828771,27.294685990338163,4.240472356414386,11.694847020933977,11.372785829307569,1.9793344068706387,0.5904455179817498,0.040257648953301126,,
92,11.486849168008588,22.933440687063875,8.460815888352121,26.96591519055287,4.240472356414386,11.486849168008588,10.352925389157273,3.294417606011809,0.7380568974771873,0.040257648953301126,,
93,11.761943102522812,22.920021470746107,8.460815888352121,26.8317230273752,4.240472356414386,11.332528180354267,10.077831454643048,3.5963499731615673,0.7380568974771873,0.040257648953301126,,
94,11.553945249597424,22.383252818035427,7.977724100912507,28.824476650563607,4.2270531400966185,10.473698336017177,10.077831454643048,3.5963499731615673,0.8454106280193237,0.040257648953301126,,
95,10.929951690821255,22.7187332259796,9.977187332259795,28.193773483628558,4.2270531400966185,10.44015029522276,9.037842190016104,3.589640365002684,0.8454106280193237,0.040257648953301126,,
96,10.82259796027912,19.746376811594203,7.4141170155662905,28.891572732152444,8.28636607622115,11.33923778851315,9.03113258185722,3.589640365002684,0.8387010198604401,0.040257648953301126,,
97,10.782340311325818,19.504830917874397,7.078636607622115,28.99892646269458,6.159420289855072,14.204240472356414,8.930488459473967,3.589640365002684,0.7112184648416533,0.040257648953301126,,
98,10.876274825550189,19.49141170155663,7.078636607622115,28.992216854535695,6.159420289855072,14.163982823403114,8.910359634997317,3.5762211486849167,0.7112184648416533,0.040257648953301126,,
99,11.312399355877616,19.41760601180891,5.790391841116479,30.287171229200215,6.146001073537305,14.110305958132045,8.568169618894256,3.549382716049383,0.7783145464304885,0.040257648953301126,,
100,11.506977992485238,19.37734836285561,5.756843800322061,30.233494363929147,6.125872249060655,14.083467525496511,8.55475040257649,3.5426731078904994,0.7783145464304885,0.040257648953301126,,
101,10.782340311325818,17.277241009125067,4.300858829844337,22.638217928073,6.085614600107354,11.83574879227053,23.423242082662373,3.052871712292002,0.6038647342995169,,,
102,10.916532474503489,17.250402576489535,4.28743961352657,22.584541062801932,6.085614600107354,11.822329575952764,23.396403650026837,3.052871712292002,0.6038647342995169,,,
103,11.05072463768116,17.216854535695116,4.280730005367687,22.5577026301664,6.072195383789587,11.81561996779388,23.376274825550187,3.026033279656468,0.6038647342995169,,,
104,11.010466988727858,16.914922168545356,4.274020397208803,25.174449812130973,6.374127750939345,11.81561996779388,20.967525496511005,2.8650026838432634,0.6038647342995169,,,
105,10.621309715512615,16.13660762211487,4.05931293612453,26.268115942028984,6.360708534621578,11.714975845410628,20.538110574342458,2.8113258185721954,1.4895330112721417,,,
106,10.715244229736983,16.109769189479334,4.327697262479871,26.154052603327965,6.360708534621578,11.668008588298443,20.397208803005906,2.7777777777777777,1.4895330112721417,,,
107,10.701825013419215,16.076221148684915,4.327697262479871,27.2812667740204,6.360708534621578,11.641170155662909,20.356951154052602,2.8515834675254963,0.4025764895330113,,,
108,10.768921095008052,15.915190552871712,4.327697262479871,27.26113794954375,6.360708534621578,11.761943102522812,20.35024154589372,2.8515834675254963,0.4025764895330113,,,
109,11.07085346215781,15.626677402039721,4.327697262479871,26.838432635534083,7.588566827697263,11.54723564143854,18.947933440687063,3.670155662909286,0.3824476650563607,,,
110,11.372785829307569,15.60654857756307,4.327697262479871,26.757917337627482,7.514761137949543,11.520397208803006,18.84728931830381,3.670155662909286,0.3824476650563607,,,
111,11.426462694578637,15.519323671497585,4.448470209339774,26.757917337627482,7.514761137949543,11.493558776167472,18.840579710144926,3.616478797638218,0.3824476650563607,,,
112,11.56736446591519,15.5126140633387,4.448470209339774,26.80488459473967,7.494632313472893,11.419753086419753,18.65271068169619,3.717122920021471,0.3824476650563607,,,
113,11.802200751476114,15.5126140633387,5.615942028985507,26.67740203972088,6.407675791733762,11.366076221148685,18.531937734836287,3.7037037037037037,0.3824476650563607,,,
114,11.829039184111648,15.465646806226516,5.709876543209877,27.086688137412775,6.407675791733762,11.258722490606548,17.92807300053677,3.7037037037037037,0.6105743424584005,,,
115,10.93666129898014,14.573268921095009,5.683038110574342,24.644390767579175,6.400966183574879,10.983628556092324,22.41009125067096,3.7573805689747717,0.6105743424584005,,,
116,10.970209339774557,14.647074610842727,5.683038110574342,24.630971551261407,6.394256575415996,10.983628556092324,22.363123993558776,3.717122920021471,0.6105743424584005,,,
117,10.876274825550189,13.667471819645733,4.508856682769726,29.56924315619968,5.844068706387547,10.037573805689748,21.24932903918411,3.6366076221148687,0.6105743424584005,,,
118,10.990338164251208,13.6406333870102,4.488727858293076,29.55582393988191,5.844068706387547,10.010735373054214,21.22249060654858,3.6366076221148687,0.6105743424584005,,,
119,11.057434245840042,13.6406333870102,4.4820182501341925,29.55582393988191,5.83064949006978,9.990606548577563,21.195652173913043,3.6366076221148687,0.6105743424584005,,,
120,11.131239935587761,13.45276435856146,4.636339237788513,29.55582393988191,5.83064949006978,9.990606548577563,21.195652173913043,3.5963499731615673,0.6105743424584005,,,
121,11.07085346215781,13.405797101449275,3.851315083199141,31.00509930220075,5.770263016639828,9.5276435856146,21.162104133118625,3.5963499731615673,0.6105743424584005,,,
122,11.258722490606548,13.405797101449275,3.851315083199141,30.931293612453032,5.709876543209877,9.520933977455716,21.115136876006442,3.5963499731615673,0.6105743424584005,,,
123,11.399624261943103,13.405797101449275,4.146537842190016,30.555555555555557,5.689747718733226,9.4873859366613,21.108427267847556,3.5963499731615673,0.6105743424584005,,,
124,11.43317230273752,13.405797101449275,4.126409017713366,31.052066559312937,5.394524959742351,9.29951690821256,21.095008051529792,3.5829307568438002,0.6105743424584005,,,
125,11.426462694578637,13.318572195383789,4.126409017713366,32.407407407407405,5.253623188405797,8.299785292538916,21.007783145464305,3.549382716049383,0.6105743424584005,,,
126,11.594202898550725,13.278314546430488,4.126409017713366,32.085346215781,5.508588298443371,8.239398819108963,21.007783145464305,3.549382716049383,0.6105743424584005,,,
127,11.728395061728396,13.170960815888352,4.119699409554482,31.99141170155663,5.481749865807837,8.232689210950081,20.90042941492217,3.7640901771336552,0.6105743424584005,,,
128,11.889425657541599,13.157541599570585,4.086151368760064,31.95115405260333,5.481749865807837,8.232689210950081,20.82662372517445,3.7640901771336552,0.6105743424584005,,,
129,12.211486849168008,13.103864734299517,4.086151368760064,31.622383252818036,5.481749865807837,8.232689210950081,20.78636607622115,3.898282340311326,0.5770263016639828,,,
130,12.399355877616747,13.003220611916264,4.086151368760064,32.7361782071927,5.481749865807837,8.21256038647343,19.665861513687602,3.8848631239935587,0.5300590445517982,,,
131,12.5,13.003220611916264,4.086151368760064,32.709339774557165,5.448201825013419,8.21256038647343,19.6256038647343,3.8848631239935587,0.5300590445517982,,,
132,12.5,12.734836285560924,3.656736446591519,32.018250134192165,6.910896403650026,8.205850778314547,19.558507783145465,3.8848631239935587,0.5300590445517982,,,
133,12.667740203972087,12.714707461084272,3.656736446591519,31.99141170155663,6.89747718733226,8.13875469672571,19.51825013419216,3.8848631239935587,0.5300590445517982,,,
134,10.849436392914654,11.272141706924316,2.9253891572732154,27.66371443907676,6.89747718733226,8.21256038647343,29.374664519592056,2.5831991411701556,0.2214170692431562,,,
135,10.7085346215781,11.265432098765432,3.0193236714975846,28.69699409554482,6.5485775630703165,7.937466451959206,29.361245303274288,2.2410091250670963,0.2214170692431562,,,
136,10.82259796027912,11.265432098765432,3.1870638754696725,28.663446054750402,6.541867954911433,7.937466451959206,29.25389157273215,2.1068169618894257,0.2214170692431562,,,
137,10.943370907139023,11.265432098765432,3.3682232957595275,28.56280193236715,6.340579710144928,8.05823939881911,29.1935050993022,2.046430488459474,0.2214170692431562,,,
138,11.151368760064413,11.211755233494364,3.3413848631239937,28.44873859366613,6.333870101986044,8.051529790660226,29.11969940955448,2.046430488459474,0.2952227589908749,,,
139,11.245303274288782,11.211755233494364,3.3413848631239937,28.421900161030596,6.333870101986044,8.051529790660226,29.052603327965645,2.046430488459474,0.2952227589908749,,,
140,11.520397208803006,11.16478797638218,3.3413848631239937,28.28099838969404,6.333870101986044,8.051529790660226,28.898282340311326,2.1135265700483092,0.2952227589908749,,,
141,11.668008588298443,11.20504562533548,3.3413848631239937,28.093129361245303,6.333870101986044,8.13875469672571,28.81105743424584,2.1135265700483092,0.2952227589908749,,,
142,11.654589371980677,11.171497584541063,3.3413848631239937,29.797369833601717,6.327160493827161,8.13875469672571,27.160493827160494,2.1135265700483092,0.2952227589908749,,,
143,11.876006441223833,11.137949543746645,3.3413848631239937,29.622920021470748,6.320450885668277,8.111916264090176,27.120236178207193,2.1135265700483092,0.35560923242082665,,,
144,11.855877616747183,10.929951690821255,4.166666666666667,29.602791196994094,6.790123456790123,7.796564680622652,26.482823403113258,2.01959205582394,0.35560923242082665,,,
145,11.849168008588299,10.701825013419215,3.9049919484702094,32.67579173376275,6.729736983360172,5.199946323134729,26.40901771336554,2.01959205582394,0.5099302200751477,,,
146,11.963231347289318,10.701825013419215,3.8915727321524423,32.669082125603865,6.729736983360172,5.199946323134729,26.31508319914117,2.01959205582394,0.5099302200751477,,,
147,11.990069779924852,10.198604401502953,3.8043478260869565,32.6154052603328,7.440955448201825,5.179817498658078,26.167471819645733,2.0933977455716586,0.5099302200751477,,,
148,11.876006441223833,10.38647342995169,3.743961352657005,32.64224369296833,7.427536231884058,5.173107890499195,26.147342995169083,2.0933977455716586,0.5099302200751477,,,
149,9.41358024691358,39.20424047235642,2.844873859366613,19.592055823939884,5.864197530864198,4.602791196994096,17.082662372517444,1.0332796564680622,0.36231884057971014,,,
150,9.608158883521202,39.19753086419753,2.818035426731079,19.47799248523886,5.864197530864198,4.602791196994096,17.04911433172303,1.0198604401502953,0.36231884057971014,,,
151,9.71551261406334,39.14385399892646,2.791196994095545,19.43773483628556,5.8172302737520125,4.5893719806763285,17.04911433172303,1.0198604401502953,0.43612453032742887,,,
152,9.809447128287708,39.070048309178745,2.791196994095545,19.41760601180891,5.8172302737520125,4.5893719806763285,17.04911433172303,1.0198604401502953,0.43612453032742887,,,
153,9.883252818035427,39.01637144390767,2.7777777777777777,19.41760601180891,5.810520665593129,4.5893719806763285,17.04911433172303,1.0198604401502953,0.43612453032742887,,,
154,10.071121846484166,38.888888888888886,2.791196994095545,19.33709071390231,5.810520665593129,5.656199677938808,15.98899624261943,1.0198604401502953,0.43612453032742887,,,
155,9.970477724100913,38.71443907675792,2.791196994095545,19.290123456790123,5.683038110574342,6.266774020397209,15.08990874932904,1.9189479334406871,0.27509393451422437,,,
156,10.138217928073,38.66747181964573,2.791196994095545,19.216317767042405,5.683038110574342,6.219806763285024,15.08990874932904,1.9189479334406871,0.27509393451422437,,,
157,10.225442834138486,38.63392377885131,2.791196994095545,19.182769726247987,5.683038110574342,6.213097155126141,15.076489533011273,1.9189479334406871,0.27509393451422437,,,
158,10.34621578099839,38.5601180891036,2.791196994095545,19.16935050993022,5.683038110574342,6.199677938808374,15.056360708534621,1.9189479334406871,0.27509393451422437,,,
159,10.466988727858293,37.92270531400966,3.7104133118625873,18.874127750939344,5.649490069779925,6.085614600107354,15.042941492216855,1.9726247987117553,0.27509393451422437,,,
160,10.554213633923778,37.78851315083199,3.7775093934514223,18.874127750939344,5.649490069779925,5.978260869565218,15.01610305958132,1.9726247987117553,0.27509393451422437,0.11406333870101985,,
161,10.68840579710145,37.67444981213097,3.7775093934514223,18.840579710144926,5.5756843800322065,5.978260869565218,15.01610305958132,1.9457863660762211,0.38915727321524424,0.11406333870101985,,
162,10.695115405260333,36.86929683306495,3.7573805689747717,17.98845947396672,5.5756843800322065,7.669082125603865,15.01610305958132,1.9256575415995705,0.38915727321524424,0.11406333870101985,,
163,10.493827160493828,36.29898013955985,3.6634460547504024,20.35024154589372,5.488459473966721,7.555018786902845,13.7211486849168,1.9256575415995705,0.38915727321524424,0.11406333870101985,,
164,10.715244229736983,36.01717659688674,4.2270531400966185,20.25630703166935,5.488459473966721,7.541599570585078,13.385668276972625,1.865271068169619,0.38915727321524424,0.11406333870101985,,
165,10.809178743961352,35.889694041867955,4.280730005367687,20.249597423510465,5.488459473966721,7.541599570585078,13.372249060654857,1.865271068169619,0.38915727321524424,0.11406333870101985,,
166,10.869565217391305,35.65485775630703,5.300590445517981,20.21604938271605,5.475040257648954,7.514761137949543,12.620772946859903,1.8451422436929683,0.38915727321524424,0.11406333870101985,,
167,10.976918947933441,35.52066559312936,5.414653784219001,20.175791733762747,5.4616210413311865,7.514761137949543,12.587224906065487,1.8451422436929683,0.38915727321524424,0.11406333870101985,,
168,11.252012882447666,35.39989264626946,5.360976918947934,20.175791733762747,5.4616210413311865,7.48792270531401,12.446323134728932,1.9122383252818036,0.38915727321524424,0.11406333870101985,,
169,11.54723564143854,35.07112184648417,5.501878690284487,20.055018786902846,5.4616210413311865,7.39398819108964,12.419484702093397,2.046430488459474,0.38915727321524424,0.11406333870101985,,
170,11.81561996779388,34.88996242619431,5.542136339237788,20.155662909286097,5.3274288781535155,7.39398819108964,12.359098228663447,2.0128824476650564,0.38915727321524424,0.11406333870101985,,
171,11.936392914653783,34.333064949006975,5.448201825013419,20.081857219538378,5.3274288781535155,8.004562533548041,12.359098228663447,2.006172839506173,0.38915727321524424,0.11406333870101985,,
172,12.06387546967257,34.272678475577024,5.414653784219001,19.940955448201827,5.3274288781535155,8.004562533548041,12.31213097155126,2.006172839506173,0.5434782608695652,0.11406333870101985,,
173,11.728395061728396,39.432367149758456,5.213365539452496,15.888352120236178,5.287171229200215,7.9106280193236715,11.956521739130435,1.9390767579173376,0.5300590445517982,0.11406333870101985,,
174,11.869296833064949,39.34514224369297,5.213365539452496,15.868223295759528,5.287171229200215,7.9039184111647875,11.929683306494901,1.9390767579173376,0.5300590445517982,0.11406333870101985,,
175,12.104133118625873,39.31830381105743,5.213365539452496,15.801127214170693,5.287171229200215,7.830112721417069,11.862587224906065,1.9390767579173376,0.5300590445517982,0.11406333870101985,,
176,12.238325281803542,39.2512077294686,5.213365539452496,15.734031132581856,5.287171229200215,7.830112721417069,11.862587224906065,1.9390767579173376,0.5300590445517982,0.11406333870101985,,
177,12.399355877616747,39.170692431561996,5.213365539452496,15.707192699946322,5.555555555555555,7.675791733762749,11.694847020933977,1.9390767579173376,0.5300590445517982,0.11406333870101985,,
178,12.573805689747719,39.110305958132045,5.199946323134729,15.666935050993022,5.528717122920021,7.6556629092860975,11.694847020933977,1.9256575415995705,0.5300590445517982,0.11406333870101985,,
179,12.714707461084272,39.10359634997316,5.193236714975845,15.626677402039721,5.522007514761138,7.6556629092860975,11.634460547504025,1.90552871712292,0.5300590445517982,0.11406333870101985,,
180,12.915995705850777,38.98282340311326,5.166398282340311,15.626677402039721,5.515297906602254,7.62211486849168,11.621041331186259,1.90552871712292,0.5300590445517982,0.11406333870101985,,
181,12.97638217928073,38.94256575415996,5.152979066022544,15.60654857756307,5.481749865807837,7.62211486849168,11.158078368223295,2.4154589371980677,0.5300590445517982,0.11406333870101985,,
182,12.781803542673108,36.9699409554482,5.052334943639291,14.714170692431562,5.481749865807837,9.943639291465379,12.177938808373591,2.3752012882447664,0.38915727321524424,0.11406333870101985,,
183,12.835480407944177,35.94337090713902,6.072195383789587,14.680622651637144,5.481749865807837,9.943639291465379,12.164519592055823,2.3752012882447664,0.38915727321524424,0.11406333870101985,,
184,12.889157273215245,35.869565217391305,6.072195383789587,14.65378421900161,5.448201825013419,10.077831454643048,12.117552334943639,2.368491680085883,0.38915727321524424,0.11406333870101985,,
185,13.110574342458401,35.73537305421363,6.072195383789587,14.65378421900161,5.421363392377885,10.050993022007514,12.104133118625873,2.3483628556092326,0.38915727321524424,0.11406333870101985,,
186,13.197799248523886,35.70182501341922,6.0587761674718195,14.65378421900161,5.421363392377885,10.050993022007514,12.090713902308105,2.3215244229736984,0.38915727321524424,0.11406333870101985,,
187,13.18438003220612,35.35292538915727,6.340579710144928,14.237788513150832,5.964841653247451,9.708803005904455,12.06387546967257,2.3215244229736984,0.3757380568974772,0.4495437466451959,,
188,13.459473966720344,35.057702630166396,6.421095008051529,14.224369296833064,5.9514224369296835,9.675254965110037,12.06387546967257,2.3215244229736984,0.3757380568974772,0.4495437466451959,,
189,13.862050456253355,34.91009125067096,6.327160493827161,14.143853998926463,5.891035963499732,9.655126140633387,12.06387546967257,2.3215244229736984,0.3757380568974772,0.4495437466451959,,
190,14.083467525496511,34.74906065485776,6.300322061191626,14.143853998926463,5.884326355340848,9.655126140633387,12.037037037037036,2.3215244229736984,0.3757380568974772,0.4495437466451959,,
191,14.029790660225443,33.7157809983897,7.434245840042942,13.862050456253355,5.850778314546431,9.64170692431562,12.037037037037036,2.3215244229736984,0.6575415995705851,0.4495437466451959,,
192,14.023081052066559,33.56816961889426,7.521470746108427,14.13714439076758,5.850778314546431,9.514224369296834,12.037037037037036,2.3215244229736984,0.6575415995705851,0.36902844873859364,,
193,14.237788513150832,33.48765432098765,7.467793880837359,14.11701556629093,5.850778314546431,9.473966720343531,12.016908212560386,2.3215244229736984,0.6575415995705851,0.36902844873859364,,
194,14.023081052066559,33.25952764358561,7.4141170155662905,15.230810520665592,5.622651637144391,9.212292002147075,11.963231347289318,2.3215244229736984,0.5837359098228664,0.36902844873859364,,
195,12.392646269457863,31.414385399892645,8.132045088566828,15.22410091250671,4.38137412775094,8.870101986044014,16.5727321524423,2.2208803005904456,0.4227053140096618,0.36902844873859364,,
196,12.627482555018787,31.21309715512614,8.239398819108963,15.163714439076758,4.374664519592056,8.856682769726248,16.51905528717123,2.214170692431562,0.4227053140096618,0.36902844873859364,,
197,12.614063338701019,31.199677938808374,8.293075684380032,15.01610305958132,4.367954911433173,8.957326892109501,16.465378421900162,2.2074610842726785,0.5099302200751477,0.36902844873859364,,
198,12.694578636607622,31.159420289855074,8.293075684380032,15.009393451422437,4.367954911433173,8.950617283950617,16.438539989264626,2.2074610842726785,0.5099302200751477,0.36902844873859364,,
199,12.822061191626409,30.817230273752013,8.433977455716587,15.801127214170693,4.361245303274289,8.896940418679549,15.780998389694043,2.2074610842726785,0.5099302200751477,0.36902844873859364,,
200,13.030059044551798,30.73671497584541,8.433977455716587,15.76086956521739,4.361245303274289,8.863392377885132,15.727321524422974,2.2074610842726785,0.5099302200751477,0.36902844873859364,,
201,13.217928073000536,30.54884594739667,8.21256038647343,15.70048309178744,4.361245303274289,8.849973161567364,15.707192699946322,2.254428341384863,0.5099302200751477,0.36902844873859364,0.2683843263553409,
202,13.264895330112722,30.3743961352657,8.319914117015566,15.673644659151906,4.361245303274289,8.964036500268385,15.640096618357488,2.254428341384863,0.5099302200751477,0.36902844873859364,0.2683843263553409,
203,13.39237788513151,30.360976918947934,8.319914117015566,15.660225442834138,4.361245303274289,8.903650026838433,15.552871712292003,2.301395598497048,0.5099302200751477,0.36902844873859364,0.2683843263553409,
204,13.560118089103597,30.06575415995706,8.199141170155663,15.640096618357488,4.314278046162104,9.265968867418144,15.519323671497585,2.301395598497048,0.49651100375738055,0.36902844873859364,0.2683843263553409,
205,13.976113794954374,30.059044551798173,8.145464304884594,15.579710144927537,4.2270531400966185,9.192163177670425,15.391841116478798,2.301395598497048,0.48980139559849706,0.36902844873859364,0.2683843263553409,
206,14.083467525496511,30.04562533548041,8.125335480407944,15.579710144927537,4.2270531400966185,9.185453569511541,15.33816425120773,2.2879763821792807,0.48980139559849706,0.36902844873859364,0.2683843263553409,
207,14.197530864197532,29.864465915190554,8.192431561996779,15.49248523886205,5.199946323134729,9.185453569511541,14.452495974235104,2.2879763821792807,0.48980139559849706,0.36902844873859364,0.2683843263553409,
208,14.304884594739667,29.797369833601717,8.192431561996779,15.49248523886205,5.199946323134729,9.185453569511541,14.412238325281804,2.2879763821792807,0.48980139559849706,0.36902844873859364,0.2683843263553409,
209,14.439076757917338,29.750402576489535,8.064949006977992,15.458937198067632,5.199946323134729,9.272678475577026,14.304884594739667,2.38191089640365,0.48980139559849706,0.36902844873859364,0.2683843263553409,
210,14.606816961889425,29.66988727858293,8.125335480407944,15.418679549114332,5.146269457863661,9.272678475577026,14.251207729468598,2.38191089640365,0.48980139559849706,0.36902844873859364,0.2683843263553409,
211,14.472624798711756,28.247450348899623,7.930756843800322,17.961621041331185,4.49543746645196,9.245840042941492,14.13714439076758,2.38191089640365,0.48980139559849706,0.36902844873859364,0.2683843263553409,
212,14.573268921095009,28.119967793880836,8.017981749865807,17.934782608695652,4.49543746645196,9.245840042941492,14.103596349973161,2.38191089640365,0.48980139559849706,0.36902844873859364,0.2683843263553409,
213,14.794685990338165,28.059581320450885,7.957595276435856,17.934782608695652,4.49543746645196,9.212292002147075,14.036500268384327,2.38191089640365,0.48980139559849706,0.36902844873859364,0.2683843263553409,
214,14.875201288244767,28.046162104133117,7.930756843800322,17.907944176060116,4.49543746645196,9.212292002147075,14.036500268384327,2.38191089640365,0.48980139559849706,0.36902844873859364,0.2549651100375738,
215,14.949006977992486,28.019323671497585,7.930756843800322,17.887815351583466,4.49543746645196,9.212292002147075,14.036500268384327,2.3550724637681157,0.48980139559849706,0.36902844873859364,0.2549651100375738,
216,15.116747181964573,27.958937198067634,7.971014492753623,17.85426731078905,4.669887278582931,9.212292002147075,13.761406333870102,2.341653247450349,0.48980139559849706,0.36902844873859364,0.2549651100375738,
217,15.143585614600108,27.83816425120773,8.145464304884594,17.773752012882447,4.669887278582931,9.212292002147075,13.761406333870102,2.341653247450349,0.48980139559849706,0.36902844873859364,0.2549651100375738,
218,15.432098765432098,27.697262479871174,7.937466451959206,17.659688674181428,4.669887278582931,9.212292002147075,13.741277509393452,2.341653247450349,0.48980139559849706,0.4830917874396135,0.33548040794417605,
219,15.418679549114332,27.697262479871174,8.071658615136876,17.612721417069242,4.636339237788513,9.272678475577026,13.6406333870102,2.341653247450349,0.48980139559849706,0.4830917874396135,0.33548040794417605,
220,13.781535158346752,37.493290391841114,7.454374664519592,15.063070316693505,3.1736446591519054,9.272678475577026,10.332796564680622,2.15378421900161,0.46296296296296297,0.47638217928073,0.33548040794417605,
221,13.446054750402576,36.191626409017715,6.9310252281266775,14.801395598497047,6.1862587224906065,9.205582393988191,9.943639291465379,2.01959205582394,0.46296296296296297,0.47638217928073,0.33548040794417605,
222,13.620504562533547,36.14465915190553,6.91760601180891,14.700751476113794,6.139291465378422,9.286097691894794,9.896672034353195,2.01959205582394,0.46296296296296297,0.47638217928073,0.33548040794417605,
223,13.58695652173913,35.70182501341922,7.0383789586688135,14.647074610842727,6.910896403650026,9.185453569511541,9.86983360171766,1.7847557702630166,0.46296296296296297,0.47638217928073,0.33548040794417605,
224,13.58695652173913,35.16505636070853,7.112184648416532,14.36527106816962,7.796564680622652,9.091519055287172,9.822866344605474,1.7847557702630166,0.46296296296296297,0.47638217928073,0.33548040794417605,
225,13.707729468599034,34.94363929146538,7.071926999463232,14.36527106816962,7.890499194847021,9.024422973698336,9.789318303811058,1.9390767579173376,0.46296296296296297,0.46967257112184646,0.33548040794417605,
226,13.83521202361782,34.856414385399894,7.065217391304348,14.36527106816962,7.856951154052603,9.024422973698336,9.789318303811058,1.9390767579173376,0.46296296296296297,0.46967257112184646,0.33548040794417605,
227,14.096886741814279,34.76247987117552,7.024959742351046,14.284755770263017,7.856951154052603,9.01100375738057,9.75577026301664,1.9390767579173376,0.46296296296296297,0.46967257112184646,0.33548040794417605,
