,45,50,55,54,51,53,52,56,58,59,60,57
0,98.7788513150832,1.221148684916801,,,,,,,,,,
1,98.38298443370907,1.6170155662909287,,,,,,,,,,
2,96.34997316156736,3.6500268384326353,,,,,,,,,,
3,80.03891572732152,18.592324208266238,1.3687600644122384,,,,,,,,,
4,75.46967257112185,23.101180891035963,1.3687600644122384,0.06038647342995169,,,,,,,,
5,67.56575415995705,31.736446591519055,0.6374127750939346,0.06038647342995169,,,,,,,,
6,64.34514224369296,34.84970477724101,0.6374127750939346,0.06038647342995169,0.10735373054213634,,,,,,,
7,60.31266774020397,33.17901234567901,0.6374127750939346,0.06038647342995169,5.810520665593129,,,,,,,
8,59.05126140633387,28.858024691358025,0.6374127750939346,0.05367686527106817,8.407139023081053,2.9924852388620504,,,,,,
9,48.2085346215781,39.51959205582394,0.6374127750939346,0.05367686527106817,8.407139023081053,3.1736446591519054,,,,,,
10,46.71229200214707,40.11003757380569,0.6374127750939346,0.05367686527106817,8.225979602791197,3.1602254428341383,1.1003757380568975,,,,,
11,38.87546967257112,48.40311325818572,0.7380568974771873,0.05367686527106817,6.810252281266774,3.1333870101986045,1.9860440150295222,,,,,
12,38.95598497047772,48.34272678475577,0.7380568974771873,0.05367686527106817,6.541867954911433,3.113258185721954,1.9793344068706387,0.27509393451422437,,,,
13,37.124261943102525,49.7987117552335,0.7246376811594203,0.4428341384863124,6.541867954911433,3.113258185721954,1.9793344068706387,0.27509393451422437,,,,
14,37.36580783682233,49.59742351046699,0.7246376811594203,0.4428341384863124,6.541867954911433,3.0931293612453032,1.9592055823939882,0.27509393451422437,,,,
15,24.16129898013956,61.93639291465379,0.6105743424584005,0.38915727321524424,6.501610305958132,2.8381642512077296,3.2877079978529253,0.27509393451422437,,,,
16,24.282071926999464,60.02415458937198,2.4020397208803006,0.38915727321524424,6.501610305958132,2.8381642512077296,3.2877079978529253,0.27509393451422437,,,,
17,23.141438539989263,58.299785292538914,2.636876006441224,0.46296296296296297,6.099033816425121,2.281266774020397,6.8035426731078905,0.27509393451422437,,,,
18,21.74584004294149,52.99248523886205,4.3545356951154055,0.9057971014492754,16.552603327965645,0.35560923242082665,3.0931293612453032,,,,,
19,21.91358024691358,52.341653247450346,4.918142780461621,0.9057971014492754,16.472088030059044,0.35560923242082665,3.0931293612453032,,,,,
20,21.846484165324746,51.31508319914117,4.87788513150832,0.9057971014492754,15.458937198067632,0.322061191626409,5.273752012882448,,,,,
21,21.443907675791735,48.8593666129898,4.0995705850778315,0.49651100375738055,15.445517981749866,4.461889425657541,5.193236714975845,,,,,
22,20.90042941492217,42.45169082125604,4.086151368760064,0.49651100375738055,22.33628556092324,4.448470209339774,5.280461621041331,,,,,
23,16.472088030059044,41.08964036500269,4.086151368760064,0.49651100375738055,28.16022544283414,4.414922168545357,5.280461621041331,,,,,
24,13.18438003220612,29.958400429414922,3.8848631239935587,0.10735373054213634,41.90150295222759,7.809983896940419,3.1535158346752548,,,,,
25,13.459473966720344,29.87788513150832,3.8580246913580245,0.10735373054213634,41.7337627482555,7.809983896940419,3.1535158346752548,,,,,
26,13.674181427804616,29.78395061728395,4.146537842190016,0.10735373054213634,41.243961352657,7.809983896940419,3.1535158346752548,0.08051529790660225,,,,
27,13.88888888888889,29.683306494900698,4.213633923778851,0.10735373054213634,41.06951154052604,7.809983896940419,3.1468062265163717,0.08051529790660225,,,,
28,14.056629092860977,29.468599033816425,4.247181964573269,0.10735373054213634,40.98899624261943,7.809983896940419,3.1468062265163717,0.17444981213097155,,,,
29,14.251207729468598,29.421631776704242,4.247181964573269,0.10735373054213634,40.88835212023618,7.763016639828234,3.1468062265163717,0.17444981213097155,,,,
30,14.36527106816962,29.045893719806763,4.247181964573269,0.7313472893183038,40.62667740203972,7.50805152979066,3.1333870101986045,0.3421900161030596,,,,
31,14.55984970477724,28.958668813741276,4.300858829844337,0.7313472893183038,40.405260332796566,7.50805152979066,3.1333870101986045,0.4025764895330113,,,,
32,14.600107353730541,25.597155126140635,3.992216854535695,7.863660762211487,39.67391304347826,5.287171229200215,2.5831991411701556,0.4025764895330113,,,,
33,14.707461084272678,25.55689747718733,3.864734299516908,7.548309178743962,38.00993022007515,4.280730005367687,5.629361245303274,0.4025764895330113,,,,
34,14.9020397208803,25.53676865271068,3.8378958668813743,7.5348899624261945,37.90257648953301,4.280730005367687,5.60252281266774,0.4025764895330113,,,,
35,14.942297369833602,25.489801395598498,3.8378958668813743,7.501341921631776,34.09822866344606,8.07836822329576,5.60252281266774,0.4495437466451959,,,,
36,14.17740203972088,26.435856146001072,4.636339237788513,7.501341921631776,33.641975308641975,7.595276435856146,5.562265163714439,0.4495437466451959,,,,
37,14.110305958132045,24.93961352657005,7.0450885668276975,7.360440150295223,33.19914117015566,7.353730542136339,5.542136339237788,0.4495437466451959,,,,
38,12.52012882447665,23.49033816425121,7.0383789586688135,7.347020933977456,36.14465915190553,7.065217391304348,5.9447128287707995,0.4495437466451959,,,,
39,12.754965110037574,23.463499731615673,7.011540526033279,7.333601717659689,36.02388620504563,7.03166935050993,5.9447128287707995,0.43612453032742887,,,,
40,12.95625335480408,23.423242082662373,7.058507783145465,7.333601717659689,35.849436392914654,7.03166935050993,5.911164787976382,0.43612453032742887,,,,
41,10.876274825550189,24.88593666129898,7.051798174986581,7.300053676865271,36.520397208803004,7.018250134192163,5.911164787976382,0.43612453032742887,,,,
42,10.849436392914654,22.302737520128826,6.850509930220075,8.447396672034353,36.41975308641975,8.474235104669887,5.904455179817498,0.43612453032742887,0.3153515834675255,,,
43,11.064143853998926,22.094739667203434,7.347020933977456,8.36688137412775,36.02388620504563,8.447396672034353,5.904455179817498,0.43612453032742887,0.3153515834675255,,,
44,11.345947396672035,21.973966720343533,7.340311325818572,8.36688137412775,35.76221148684917,8.447396672034353,5.904455179817498,0.5434782608695652,0.3153515834675255,,,
45,10.7085346215781,20.43075684380032,6.8035426731078905,7.7361782071927,41.720343531937736,8.172302737520129,3.0730005367686526,1.0064412238325282,0.3153515834675255,0.03354804079441761,,
46,10.775630703166936,20.336822329575952,7.092055823939882,7.85024154589372,39.70746108427268,7.997852925389157,4.783950617283951,0.9594739667203436,0.3153515834675255,0.18115942028985507,,
47,11.030595813204508,20.155662909286097,7.863660762211487,7.809983896940419,37.09742351046699,7.971014492753623,5.562265163714439,2.0128824476650564,0.3153515834675255,0.18115942028985507,,
48,9.708803005904455,17.11621041331186,7.7831454643048845,7.628824476650563,43.69967793880837,7.796564680622652,3.938539989264627,1.7713365539452497,0.3153515834675255,0.24154589371980675,,
49,10.010735373054214,17.082662372517444,7.7831454643048845,7.615405260332796,43.243424584004295,7.749597423510467,3.8714439076757916,2.086688137412775,0.3153515834675255,0.24154589371980675,,
50,9.916800858829845,17.028985507246375,7.139023081052066,11.325818572195384,35.909822866344605,7.682501341921632,9.185453569511541,1.2546967257112185,0.3153515834675255,0.24154589371980675,,
51,8.125335480407944,21.081588835212024,7.139023081052066,11.312399355877616,32.8569511540526,7.682501341921632,8.883521202361782,2.3617820719269993,0.3153515834675255,0.24154589371980675,,
52,8.28636607622115,21.027911969940956,6.501610305958132,11.29898013955985,32.68250134192163,8.420558239398819,8.870101986044014,2.3617820719269993,0.30864197530864196,0.24154589371980675,,
53,8.420558239398819,20.98094471282877,6.468062265163715,11.849168008588299,31.367418142780462,8.400429414922169,8.836553945249598,3.126677402039721,0.30864197530864196,0.24154589371980675,,
54,8.152173913043478,16.854535695115406,5.193236714975845,11.741814278046162,31.0252281266774,8.132045088566828,14.88191089640365,3.126677402039721,0.6776704240472357,0.2147074610842727,,
55,8.340042941492216,16.740472356414386,5.119431025228127,11.996779388083736,30.917874396135264,7.997852925389157,14.868491680085883,3.126677402039721,0.6776704240472357,0.2147074610842727,,
56,8.601717659688674,16.7337627482555,4.985238862050457,10.997047772410092,30.864197530864196,7.96430488459474,15.747450348899624,3.099838969404187,0.6776704240472357,0.2147074610842727,0.11406333870101985,
57,8.628556092324208,16.7337627482555,4.985238862050457,11.392914653784219,30.09259259259259,7.96430488459474,15.747450348899624,3.44873859366613,0.6776704240472357,0.2147074610842727,0.11406333870101985,
58,8.789586688137414,16.720343531937736,4.985238862050457,11.3593666129898,30.038915727321523,7.950885668276973,15.734031132581856,3.4151905528717124,0.6776704240472357,0.2147074610842727,0.11406333870101985,
59,7.96430488459474,14.99597423510467,4.327697262479871,11.3593666129898,29.965110037573805,10.34621578099839,16.61969940955448,3.4151905528717124,0.6776704240472357,0.2147074610842727,0.11406333870101985,
60,7.548309178743962,13.754696725711218,3.126677402039721,9.997316156736447,29.62962962962963,11.480139559849706,19.45786366076221,3.2877079978529253,0.13419216317767044,0.20799785292538917,,1.3754696725711217
61,7.877079978529254,13.654052603327965,3.0931293612453032,9.990606548577563,29.51556629092861,11.466720343531938,19.410896403650028,3.2742887815351582,0.13419216317767044,0.20799785292538917,,1.3754696725711217
62,7.924047235641439,13.654052603327965,2.844873859366613,9.936929683306495,29.052603327965645,12.238325281803542,19.370638754696724,3.260869565217391,0.13419216317767044,0.20799785292538917,,1.3754696725711217
63,7.702630166398282,13.291733762748256,2.6972624798711755,8.735909822866345,28.495705850778315,17.787171229200215,15.445517981749866,4.260601180891036,0.13419216317767044,0.20799785292538917,,1.2412775093934514
64,7.997852925389157,13.170960815888352,2.6972624798711755,8.682232957595277,28.052871712292003,15.874932903918411,17.505367686527105,4.247181964573269,0.13419216317767044,0.06038647342995169,,1.5767579173376274
65,8.145464304884594,13.137412775093935,2.49597423510467,8.675523349436393,27.945517981749866,15.418679549114332,17.458400429414922,4.334406870638754,0.2549651100375738,0.06038647342995169,,2.073268921095008
66,7.877079978529254,12.29200214707461,2.2946859903381642,5.6964573268921095,26.85185185185185,13.627214170692431,26.039989264626946,3.5426731078904994,0.0067096081588835215,0.06038647342995169,,1.710950080515298
67,8.172302737520129,12.258454106280194,1.8384326355340848,5.6964573268921095,26.704240472356414,11.500268384326356,28.29441760601181,3.5426731078904994,0.17444981213097155,0.06038647342995169,,1.7579173376274826
68,8.393719806763285,12.177938808373591,1.8250134192163177,5.6964573268921095,26.643853998926463,11.500268384326356,28.046162104133117,3.670155662909286,0.17444981213097155,0.06038647342995169,,1.8115942028985508
69,8.588298443370908,12.177938808373591,1.8250134192163177,5.683038110574342,26.261406333870102,11.486849168008588,27.999194847020934,3.9318303811057436,0.17444981213097155,0.06038647342995169,,1.8115942028985508
70,8.675523349436393,12.13768115942029,3.260869565217391,5.683038110574342,24.912775093934513,11.352657004830919,27.891841116478798,3.8848631239935587,0.17444981213097155,0.06038647342995169,,1.9659151905528718
71,8.279656468062266,10.909822866344605,3.260869565217391,5.3274288781535155,23.30246913580247,16.304347826086957,26.56333870101986,3.8848631239935587,0.17444981213097155,0.06038647342995169,,1.932367149758454
72,5.421363392377885,17.72007514761138,3.4420289855072466,5.314009661835748,21.511003757380568,16.29092860976919,24.684648416532475,3.44873859366613,0.17444981213097155,0.06038647342995169,,1.932367149758454
73,5.622651637144391,17.68652710681696,3.4286097691894795,5.273752012882448,21.484165324745035,16.264090177133657,24.570585077831456,3.435319377348363,0.17444981213097155,0.06038647342995169,,1.9994632313472893
74,5.803811057434245,17.64626945786366,3.0931293612453032,7.212828770799785,21.095008051529792,15.03623188405797,24.08749329039184,3.5091250670960816,0.17444981213097155,0.06038647342995169,,2.281266774020397
75,6.078904991948471,17.579173376274827,3.079710144927536,7.212828770799785,21.095008051529792,14.982555018786902,23.946591519055286,3.5091250670960816,0.17444981213097155,0.06038647342995169,,2.281266774020397
76,5.528717122920021,16.53918411164788,3.079710144927536,6.662640901771336,32.26650563607085,11.553945249597424,19.350509930220074,3.488996242619431,,0.06038647342995169,,1.4694041867954912
77,5.535426731078905,13.633923778851315,2.6972624798711755,7.4006977992485234,34.29951690821256,11.16478797638218,20.101986044015028,3.5628019323671496,,0.06038647342995169,,1.5432098765432098
78,5.280461621041331,11.654589371980677,2.4892646269457863,8.340042941492216,35.601180891035966,12.318840579710145,19.03515834675255,3.6768652710681695,,0.06038647342995169,,1.5432098765432098
79,5.441492216854535,11.58749329039184,2.5563607085346214,8.340042941492216,35.44685990338164,12.084004294149223,19.03515834675255,3.9049919484702094,,0.06038647342995169,,1.5432098765432098
80,5.636070853462158,11.533816425120772,2.522812667740204,9.178743961352657,34.76918947933441,12.050456253354804,18.686258722490606,4.019055287171229,,0.06038647342995169,,1.5432098765432098
81,5.850778314546431,10.943370907139023,2.703972088030059,9.158615136876007,33.762748255501876,11.520397208803006,20.37037037037037,4.086151368760064,,0.06038647342995169,,1.5432098765432098
82,5.884326355340848,10.621309715512615,2.703972088030059,11.533816425120772,32.95759527643585,11.520397208803006,19.07541599570585,4.0995705850778315,,0.06038647342995169,,1.5432098765432098
83,6.146001073537305,10.581052066559312,2.6637144390767578,11.493558776167472,31.253354804079443,13.291733762748256,19.04186795491143,3.92512077294686,,0.06038647342995169,,1.5432098765432098
84,6.320450885668277,10.554213633923778,2.6637144390767578,11.493558776167472,31.179549114331724,13.18438003220612,19.008319914117017,3.92512077294686,,0.06038647342995169,,1.6103059581320451
85,6.501610305958132,10.373054213633925,2.8784219001610305,11.460010735373054,31.072195383789587,13.144122383252817,18.9747718733226,3.92512077294686,,0.06038647342995169,,1.6103059581320451
86,6.629092860976919,10.077831454643048,2.8784219001610305,11.426462694578637,32.33360171765969,13.130703166935051,18.095813204508858,3.7573805689747717,,0.06038647342995169,,1.6103059581320451
87,3.3682232957595275,3.2541599570585076,0.6776704240472357,7.360440150295223,59.99060654857756,7.702630166398282,15.613258185721953,1.7914653784219001,,,,0.24154589371980675
88,3.603059581320451,3.2541599570585076,2.5161030595813205,6.944444444444445,56.427804616210416,9.111647879763822,16.109769189479334,1.7914653784219001,,,,0.24154589371980675
89,3.7372517444981215,3.2541599570585076,2.5161030595813205,6.944444444444445,56.34057971014493,9.353193773483628,15.94873859366613,1.6639828234031133,,,,0.24154589371980675
90,3.9452495974235107,3.240740740740741,2.5429414922168547,6.944444444444445,56.19967793880837,9.326355340848094,15.908480944712828,1.6505636070853462,,,,0.24154589371980675
91,4.200214707461084,3.240740740740741,4.17337627482555,6.944444444444445,54.34111647879764,9.326355340848094,15.908480944712828,1.6237251744498122,,,,0.24154589371980675
92,4.3545356951154055,3.2139023081052067,4.1532474503489,6.944444444444445,51.42914653784219,12.164519592055823,15.814546430488459,1.596886741814278,,,,0.32877079978529256
93,4.502147074610843,3.2139023081052067,4.1532474503489,6.944444444444445,51.15405260332797,12.144390767579173,15.774288781535159,1.7847557702630166,,,,0.32877079978529256
94,4.783950617283951,3.180354267310789,4.106280193236715,6.944444444444445,50.87224906065486,12.13768115942029,15.747450348899624,1.8988191089640365,,,,0.32877079978529256
95,4.864465915190553,2.15378421900161,3.911701556629093,6.944444444444445,52.8918411164788,11.976650563607086,15.042941492216855,1.8853998926462694,,,,0.32877079978529256
96,5.065754159957058,2.15378421900161,3.911701556629093,6.5552871712292005,52.72410091250671,11.969940955448202,15.405260332796564,1.8853998926462694,,,,0.32877079978529256
97,5.253623188405797,2.15378421900161,3.911701556629093,6.5552871712292005,52.4020397208803,11.81561996779388,15.405260332796564,2.0665593129361244,,,,0.43612453032742887
98,4.683306494900698,1.7981749865807837,3.8378958668813743,5.917874396135265,61.09769189479334,10.547504025764896,10.00402576489533,1.596886741814278,0.2147074610842727,,,0.30193236714975846
99,4.676596886741814,1.751207729468599,2.791196994095545,5.750134192163178,52.35507246376812,20.417337627482556,9.88996242619431,1.596886741814278,0.2147074610842727,,,0.5568974771873323
100,5.005367686527107,1.751207729468599,2.7106816961889426,5.736714975845411,50.28851315083199,20.316693505099302,9.863123993558776,3.5829307568438002,0.2147074610842727,,,0.5300590445517982
101,5.300590445517981,1.6975308641975309,3.0730005367686526,4.817498658078368,50.81186258722491,20.202630166398283,9.77589908749329,3.5762211486849167,0.2147074610842727,,,0.5300590445517982
102,5.5689747718733225,1.6975308641975309,4.636339237788513,4.817498658078368,49.18142780461621,20.175791733762747,9.71551261406334,3.4621578099838968,0.2147074610842727,,,0.5300590445517982
103,5.522007514761138,1.5297906602254427,5.689747718733226,4.817498658078368,47.14170692431562,18.632581857219538,12.4597423510467,3.4621578099838968,0.2147074610842727,,,0.5300590445517982
104,5.636070853462158,1.5297906602254427,5.683038110574342,4.817498658078368,46.99409554482018,18.592324208266238,12.124261943102523,3.878153515834675,0.2147074610842727,,,0.5300590445517982
105,5.850778314546431,1.5297906602254427,5.676328502415459,4.918142780461621,46.765968867418145,18.55877616747182,12.077294685990339,3.878153515834675,0.2147074610842727,,,0.5300590445517982
106,5.904455179817498,1.5297906602254427,6.843800322061192,4.790660225442834,45.6454643048846,18.397745571658614,12.037037037037036,4.106280193236715,0.2147074610842727,,,0.5300590445517982
107,6.052066559312936,1.5297906602254427,6.736446591519055,4.240472356414386,43.77348362855609,20.585077831454644,11.976650563607086,4.361245303274289,0.2147074610842727,,,0.5300590445517982
108,6.474771873322598,1.5297906602254427,6.736446591519055,4.240472356414386,43.59903381642512,20.417337627482556,11.896135265700483,4.361245303274289,0.2147074610842727,,,0.5300590445517982
109,6.696188942565755,1.5297906602254427,6.716317767042405,4.240472356414386,43.45142243692968,20.40391841116479,11.855877616747183,4.361245303274289,0.2147074610842727,,,0.5300590445517982
110,7.132313472893183,1.5297906602254427,6.709608158883521,4.240472356414386,43.21658615136876,20.30998389694042,11.79549114331723,4.320987654320987,0.2147074610842727,,,0.5300590445517982
111,7.320182501341922,1.5297906602254427,6.696188942565755,4.233762748255502,43.09581320450886,20.30998389694042,11.77536231884058,4.294149221685454,0.2147074610842727,,,0.5300590445517982
112,7.447665056360709,1.5297906602254427,6.468062265163715,4.233762748255502,42.129629629629626,21.3768115942029,11.77536231884058,4.294149221685454,0.2147074610842727,,,0.5300590445517982
113,7.669082125603865,1.5297906602254427,6.4412238325281805,4.233762748255502,41.76060118089104,21.349973161567366,11.976650563607086,4.294149221685454,0.2147074610842727,,,0.5300590445517982
114,7.796564680622652,1.5297906602254427,6.427804616210413,4.233762748255502,41.686795491143315,21.309715512614062,11.976650563607086,4.294149221685454,0.2147074610842727,,,0.5300590445517982
115,7.9039184111647875,1.5096618357487923,6.427804616210413,4.2270531400966185,41.6129898013956,21.329844337090712,11.949812130971551,4.294149221685454,0.2147074610842727,,,0.5300590445517982
116,7.474503488996243,1.5096618357487923,7.085346215780999,4.126409017713366,39.734299516908216,20.69243156199678,14.345142243692969,4.361245303274289,0.2147074610842727,,,0.4562533548040794
117,7.427536231884058,1.5096618357487923,6.870638754696726,3.92512077294686,38.0300590445518,20.48443370907139,16.67337627482555,4.361245303274289,0.2616747181964573,,,0.4562533548040794
118,7.239667203435319,1.5096618357487923,7.917337627482555,3.898282340311326,35.829307568438004,19.11567364465915,19.424315619967793,4.3478260869565215,0.2616747181964573,,,0.4562533548040794
119,6.8035426731078905,0.6508319914117016,7.9039184111647875,3.8848631239935587,33.97745571658615,20.169082125603865,21.947128287707997,3.9519592055823938,0.2549651100375738,,,0.4562533548040794
120,6.951154052603328,0.6508319914117016,8.293075684380032,3.8848631239935587,33.8365539452496,19.89398819108964,21.77938808373591,3.911701556629093,0.35560923242082665,,,0.4428341384863124
121,7.085346215780999,0.6508319914117016,7.776435856146001,3.8580246913580245,33.19914117015566,21.537842190016104,21.115136876006442,3.911701556629093,0.35560923242082665,0.06709608158883522,,0.4428341384863124
122,7.360440150295223,0.6508319914117016,8.668813741277509,4.374664519592056,32.930756843800324,21.450617283950617,20.128824476650564,3.5225442834138487,0.35560923242082665,0.06709608158883522,,0.48980139559849706
123,7.440955448201825,0.6508319914117016,8.668813741277509,4.374664519592056,32.890499194847024,21.423778851315085,20.115405260332796,3.5225442834138487,0.35560923242082665,0.06709608158883522,,0.48980139559849706
124,7.575147611379496,0.6508319914117016,8.668813741277509,4.341116478797638,32.84353193773484,21.39694041867955,20.088566827697264,3.5225442834138487,0.35560923242082665,0.06709608158883522,,0.48980139559849706
125,7.87037037037037,0.630703166935051,8.655394524959743,4.327697262479871,32.76301663982824,21.32313472893183,20.04830917874396,3.4822866344605474,0.3421900161030596,0.06709608158883522,,0.48980139559849706
126,7.877079978529254,0.49651100375738055,8.977455716586151,4.64975845410628,32.19940955448202,21.141975308641975,19.95437466451959,3.6768652710681695,0.33548040794417605,0.06709608158883522,,0.6239935587761675
127,8.219269994632313,0.49651100375738055,9.326355340848094,4.64975845410628,31.97799248523886,20.833333333333332,19.79334406870639,3.6768652710681695,0.33548040794417605,0.06709608158883522,,0.6239935587761675
128,8.319914117015566,0.49651100375738055,9.064680622651638,4.64975845410628,31.93102522812668,20.8064949006978,20.034889962426195,3.670155662909286,0.33548040794417605,0.06709608158883522,,0.6239935587761675
129,8.427267847557703,0.49651100375738055,9.064680622651638,4.64975845410628,31.87734836285561,20.679012345679013,20.00805152979066,3.770799785292539,0.33548040794417605,0.06709608158883522,,0.6239935587761675
130,8.581588835212024,0.49651100375738055,9.064680622651638,4.64975845410628,31.80354267310789,20.665593129361245,19.96779388083736,3.770799785292539,0.33548040794417605,0.06709608158883522,,0.5971551261406334
131,8.99087493290392,0.49651100375738055,8.984165324745035,4.622920021470746,31.729736983360173,20.42404723564144,19.92753623188406,3.770799785292539,0.38915727321524424,0.06709608158883522,,0.5971551261406334
132,9.07139023081052,0.49651100375738055,8.977455716586151,4.622920021470746,32.7361782071927,19.404186795491142,19.89398819108964,3.743961352657005,0.38915727321524424,0.06709608158883522,,0.5971551261406334
133,9.23913043478261,0.4830917874396135,8.977455716586151,4.42163177670424,33.89023081052066,19.290123456790123,18.706387546967257,3.717122920021471,0.43612453032742887,0.2616747181964573,,0.5770263016639828
134,8.82313472893183,0.4830917874396135,8.917069243156199,4.42163177670424,37.80864197530864,18.874127750939344,15.713902308105206,3.6902844873859366,0.43612453032742887,0.2616747181964573,,0.5703166935050993
135,8.80300590445518,0.4830917874396135,9.118357487922705,4.42163177670424,37.70799785292539,18.833870101986044,15.693773483628556,3.6902844873859366,0.43612453032742887,0.2616747181964573,,0.5501878690284487
136,9.091519055287172,0.4830917874396135,9.05126140633387,4.42163177670424,37.493290391841114,18.71309715512614,15.693773483628556,3.8043478260869565,0.43612453032742887,0.2616747181964573,,0.5501878690284487
137,8.890230810520666,0.4830917874396135,7.5281803542673105,4.180085882984434,41.19028448738594,18.250134192163177,15.28448738593666,2.7106816961889426,0.39586688137412773,0.2616747181964573,,0.8252818035426731
138,8.796296296296296,0.47638217928073,6.66935050993022,4.159957058507783,42.330917874396135,18.33064949006978,14.506172839506172,3.2474503488996245,0.39586688137412773,0.2616747181964573,,0.8252818035426731
139,8.76274825550188,0.47638217928073,6.662640901771336,4.133118625872249,41.80085882984434,18.317230273752013,14.492753623188406,3.8714439076757916,0.39586688137412773,0.2616747181964573,,0.8252818035426731
140,9.23913043478261,0.47638217928073,6.649221685453569,4.133118625872249,41.46537842190016,18.263553408480945,14.418947933440688,3.8714439076757916,0.39586688137412773,0.2616747181964573,,0.8252818035426731
141,8.32662372517445,0.39586688137412773,6.353998926462695,3.2541599570585076,49.37600644122383,17.66639828234031,10.420021470746109,2.7979066022544283,0.38915727321524424,0.2281266774020397,,0.7917337627482555
142,8.467525496511003,0.3824476650563607,6.3137412775093935,3.6231884057971016,49.013687600644126,17.62614063338701,10.36634460547504,2.7979066022544283,0.38915727321524424,0.2281266774020397,,0.7917337627482555
143,8.668813741277509,0.3824476650563607,6.407675791733762,3.502415458937198,48.93317230273752,17.57246376811594,10.326086956521738,2.7979066022544283,0.38915727321524424,0.2281266774020397,,0.7917337627482555
144,8.581588835212024,0.3824476650563607,6.300322061191626,3.3816425120772946,51.187600644122384,16.814278046162105,9.084809447128288,2.7979066022544283,0.5636070853462157,0.1610305958132045,,0.7447665056360708
145,8.769457863660762,0.3824476650563607,6.300322061191626,3.616478797638218,51.019860440150296,16.59957058507783,9.057971014492754,2.7844873859366612,0.5636070853462157,0.1610305958132045,,0.7447665056360708
146,8.682232957595277,0.3824476650563607,6.045356951154052,3.589640365002684,50.60386473429951,18.303811057434245,8.360171765968868,2.563070316693505,0.5636070853462157,0.1610305958132045,,0.7447665056360708
147,8.816425120772946,0.3824476650563607,6.038647342995169,3.569511540526033,50.254965110037574,18.290391841116477,8.340042941492216,2.8381642512077296,0.5636070853462157,0.1610305958132045,,0.7447665056360708
148,8.467525496511003,0.3824476650563607,6.213097155126141,2.9723564143853998,52.683843263553406,18.323939881910896,6.89747718733226,2.657004830917874,0.5636070853462157,0.1610305958132045,,0.6776704240472357
149,8.440687063875469,0.35560923242082665,6.092324208266238,3.535963499731616,52.643585614600106,18.303811057434245,6.884057971014493,2.341653247450349,0.5636070853462157,0.1610305958132045,,0.6776704240472357
150,8.756038647342995,0.3421900161030596,6.749865807836822,3.535963499731616,51.2614063338701,18.69296833064949,6.870638754696726,2.3886205045625335,0.5636070853462157,0.1610305958132045,,0.6776704240472357
151,8.943907675791733,0.3421900161030596,6.763285024154589,3.535963499731616,51.12050456253355,18.632581857219538,6.870638754696726,2.3886205045625335,0.5636070853462157,0.1610305958132045,,0.6776704240472357
152,9.01100375738057,0.3421900161030596,6.743156199677939,3.535963499731616,50.919216317767045,17.257112184648417,8.427267847557703,2.38191089640365,0.5434782608695652,0.1610305958132045,,0.6776704240472357
153,9.25925925925926,0.3421900161030596,6.716317767042405,3.5091250670960816,50.6508319914117,17.257112184648417,8.400429414922169,2.536231884057971,0.5434782608695652,0.10735373054213634,,0.6776704240472357
154,9.50751476113795,0.3421900161030596,6.662640901771336,3.5091250670960816,50.50322061191626,17.21014492753623,8.400429414922169,2.536231884057971,0.5434782608695652,0.10735373054213634,,0.6776704240472357
155,9.796027911969942,0.3421900161030596,6.642512077294686,3.5091250670960816,50.355609232420825,17.12962962962963,8.360171765968868,2.536231884057971,0.5434782608695652,0.10735373054213634,,0.6776704240472357
156,9.98389694041868,0.3421900161030596,6.629092860976919,3.4822866344605474,50.234836285560924,17.102791196994094,8.360171765968868,2.536231884057971,0.5434782608695652,0.10735373054213634,,0.6776704240472357
157,10.064412238325282,0.3421900161030596,6.575415995705851,3.770799785292539,50.15432098765432,16.968599033816425,8.259527643585615,2.536231884057971,0.5434782608695652,0.10735373054213634,,0.6776704240472357
158,10.165056360708535,0.3421900161030596,6.575415995705851,3.770799785292539,50.06038647342995,16.921631776704242,8.259527643585615,2.536231884057971,0.5434782608695652,0.10735373054213634,,0.7179280730005367
159,10.305958132045088,0.3421900161030596,6.561996779388084,3.7573805689747717,48.82581857219538,16.814278046162105,9.145195920558239,2.8784219001610305,0.5434782608695652,0.10735373054213634,,0.7179280730005367
160,10.44015029522276,0.3421900161030596,6.501610305958132,4.817498658078368,47.96698872785829,16.76731078904992,9.118357487922705,2.677133655394525,0.5434782608695652,0.10735373054213634,,0.7179280730005367
161,10.48040794417606,0.3421900161030596,6.4412238325281805,4.817498658078368,47.62479871175523,16.760601180891037,9.104938271604938,3.0595813204508855,0.5434782608695652,0.10735373054213634,,0.7179280730005367
162,10.654857756307031,0.3421900161030596,6.407675791733762,5.059044551798175,47.30273752012882,16.700214707461082,9.104938271604938,3.0595813204508855,0.5434782608695652,0.10735373054213634,,0.7179280730005367
163,10.0979602791197,0.23483628556092323,5.998389694041868,4.790660225442834,49.41626409017714,16.150026838432634,8.789586688137414,3.1535158346752548,0.5434782608695652,0.10735373054213634,,0.7179280730005367
164,10.359634997316157,0.23483628556092323,5.938003220611916,4.790660225442834,49.31561996779388,16.11647879763822,8.76274825550188,3.113258185721954,0.5434782608695652,0.10735373054213634,,0.7179280730005367
165,10.661567364465915,0.23483628556092323,5.870907139023081,4.790660225442834,49.04723564143854,16.089640365002683,8.76274825550188,3.227321524422974,0.5166398282340311,0.10735373054213634,,0.6910896403650026
166,10.896403650026839,0.23483628556092323,5.857487922705314,4.790660225442834,48.85265700483092,16.049382716049383,8.735909822866345,3.227321524422974,0.5568974771873323,0.10735373054213634,,0.6910896403650026
167,11.171497584541063,0.23483628556092323,5.837359098228664,4.770531400966184,48.66478797638218,16.029253891572733,8.709071390230811,3.227321524422974,0.5568974771873323,0.10735373054213634,,0.6910896403650026
168,11.29898013955985,0.23483628556092323,5.83064949006978,4.7638217928073,48.59769189479334,16.002415458937197,8.68894256575416,3.227321524422974,0.5568974771873323,0.10735373054213634,,0.6910896403650026
169,11.33923778851315,0.23483628556092323,5.683038110574342,4.757112184648417,49.17471819645733,15.378421900161031,8.675523349436393,3.207192699946323,0.7514761137949544,0.10735373054213634,,0.6910896403650026
170,11.533816425120772,0.2214170692431562,5.495169082125604,4.99194847020934,49.060654857756305,15.351583467525497,8.635265700483092,3.207192699946323,0.7045088566827697,0.10735373054213634,,0.6910896403650026
171,11.627750939345143,0.2214170692431562,5.495169082125604,4.99194847020934,48.671497584541065,15.351583467525497,8.501073537305421,3.502415458937198,0.7045088566827697,0.10735373054213634,,0.8252818035426731
172,11.90955448201825,0.2214170692431562,5.401234567901234,4.9651100375738055,48.53730542136339,15.331454643048845,8.501073537305421,3.4957058507783145,0.7045088566827697,0.10735373054213634,,0.8252818035426731
173,12.010198604401502,0.2214170692431562,5.609232420826624,5.307300053676865,47.356414385399894,15.673644659151906,8.474235104669887,3.7104133118625873,0.7045088566827697,0.10735373054213634,,0.8252818035426731
174,12.338969404186795,0.2214170692431562,5.58239398819109,5.300590445517981,47.25577026301664,15.183843263553408,8.896940418679549,3.7104133118625873,0.5904455179817498,0.0939345142243693,,0.8252818035426731
175,12.305421363392378,0.2214170692431562,5.844068706387547,5.300590445517981,46.77938808373591,15.150295222758992,8.890230810520666,3.9989264626945786,0.5904455179817498,0.0939345142243693,,0.8252818035426731
176,12.486580783682234,0.2214170692431562,5.844068706387547,5.267042404723564,46.69216317767042,15.096618357487923,8.890230810520666,3.992216854535695,0.5904455179817498,0.0939345142243693,,0.8252818035426731
177,12.607353730542137,0.2214170692431562,5.837359098228664,5.267042404723564,46.443907675791735,15.083199141170155,8.890230810520666,4.139828234031133,0.5904455179817498,0.0939345142243693,,0.8252818035426731
178,12.68786902844874,0.2214170692431562,5.837359098228664,5.267042404723564,46.4170692431562,15.069779924852389,8.849973161567364,4.139828234031133,0.5904455179817498,0.0939345142243693,,0.8252818035426731
179,12.741545893719806,0.2214170692431562,5.897745571658615,5.267042404723564,46.3365539452496,15.042941492216855,8.84326355340848,4.139828234031133,0.5904455179817498,0.0939345142243693,,0.8252818035426731
180,12.929414922168545,0.2214170692431562,5.891035963499732,5.475040257648954,45.69914117015566,15.042941492216855,8.84326355340848,4.388083735909823,0.5904455179817498,0.0939345142243693,,0.8252818035426731
181,13.197799248523886,0.2214170692431562,5.891035963499732,5.4616210413311865,45.3569511540526,15.009393451422437,8.836553945249598,4.51556629092861,0.5904455179817498,0.0939345142243693,,0.8252818035426731
182,13.331991411701557,0.2214170692431562,5.891035963499732,5.448201825013419,45.276435856146,14.989264626945786,8.816425120772946,4.51556629092861,0.5904455179817498,0.0939345142243693,,0.8252818035426731
183,13.560118089103597,0.2214170692431562,5.850778314546431,5.723295759527644,44.77992485238862,14.935587761674718,8.776167471819646,4.643048845947397,0.5904455179817498,0.0939345142243693,,0.8252818035426731
184,13.694310252281268,0.2214170692431562,6.387546967257112,5.723295759527644,44.14251207729468,14.915458937198068,8.76274825550188,4.643048845947397,0.5904455179817498,0.0939345142243693,,0.8252818035426731
185,13.81508319914117,0.2214170692431562,6.696188942565755,5.891035963499732,43.90096618357488,14.74771873322598,8.68894256575416,4.549114331723027,0.5703166935050993,0.0939345142243693,,0.8252818035426731
186,13.7211486849168,0.17444981213097155,6.702898550724638,6.709608158883521,43.47155126140633,14.257917337627482,8.521202361782072,4.830917874396135,0.6910896403650026,0.0939345142243693,,0.8252818035426731
187,13.83521202361782,0.17444981213097155,6.749865807836822,6.702898550724638,43.41116478797638,14.231078904991948,8.454106280193237,4.830917874396135,0.6910896403650026,0.0939345142243693,,0.8252818035426731
188,13.935856146001074,0.17444981213097155,6.736446591519055,7.03166935050993,42.84084809447128,14.217659688674182,8.413848631239935,5.065754159957058,0.6910896403650026,0.0939345142243693,,0.798443370907139
189,14.076757917337627,0.17444981213097155,6.736446591519055,6.991411701556629,42.72678475577026,14.170692431561998,8.407139023081053,5.052334943639291,0.6910896403650026,0.0939345142243693,,0.8789586688137413
190,14.096886741814279,0.16774020397208803,6.729736983360172,8.548040794417606,40.98899624261943,13.969404186795492,8.407139023081053,5.314009661835748,0.8051529790660226,0.0939345142243693,,0.8789586688137413
191,14.278046162104133,0.16774020397208803,6.729736983360172,8.467525496511003,40.935319377348364,13.774825550187868,8.373590982286634,5.501878690284487,0.798443370907139,0.0939345142243693,,0.8789586688137413
192,14.51959205582394,0.16774020397208803,6.702898550724638,8.440687063875469,40.81454643048846,13.7211486849168,8.373590982286634,5.488459473966721,0.798443370907139,0.0939345142243693,,0.8789586688137413
193,14.566559312936125,0.16774020397208803,6.702898550724638,9.03113258185722,40.27777777777778,13.66076221148685,8.393719806763285,5.434782608695652,0.7917337627482555,0.0939345142243693,,0.8789586688137413
194,14.586688137412775,0.16774020397208803,6.756575415995706,9.333064949006978,39.99597423510467,13.627214170692431,8.393719806763285,5.407944176060118,0.7581857219538379,0.0939345142243693,,0.8789586688137413
195,14.801395598497047,0.16774020397208803,7.118894256575416,9.326355340848094,39.54643048845947,13.58695652173913,8.380300590445518,5.340848094471283,0.7581857219538379,0.0939345142243693,,0.8789586688137413
196,14.895330112721417,0.16774020397208803,7.065217391304348,9.23913043478261,39.53972088030059,13.654052603327965,8.494363929146537,5.213365539452496,0.7581857219538379,0.0939345142243693,,0.8789586688137413
197,14.439076757917338,0.16774020397208803,7.051798174986581,9.158615136876007,37.855609232420825,15.92860976918948,8.474235104669887,5.193236714975845,0.7581857219538379,0.0939345142243693,,0.8789586688137413
198,14.647074610842727,0.16774020397208803,7.051798174986581,9.131776704240472,37.69457863660762,15.908480944712828,8.474235104669887,5.193236714975845,0.7581857219538379,0.0939345142243693,,0.8789586688137413
199,14.579978529253891,0.16774020397208803,7.051798174986581,10.00402576489533,37.19135802469136,15.780998389694043,8.474235104669887,5.032206119162641,0.7447665056360708,0.0939345142243693,,0.8789586688137413
200,14.445786366076222,0.16774020397208803,8.179012345679013,9.943639291465379,36.38620504562534,16.17686527106817,7.85024154589372,5.01207729468599,0.8655394524959742,0.0939345142243693,,0.8789586688137413
201,14.533011272141707,0.16774020397208803,8.165593129361245,9.668545356951155,36.3593666129898,16.17686527106817,7.85024154589372,5.01207729468599,1.093666129898014,0.0939345142243693,,0.8789586688137413
202,14.74771873322598,0.16774020397208803,8.071658615136876,9.460547504025765,36.13794954374664,16.59957058507783,7.823403113258186,4.931561996779388,1.093666129898014,0.08722490606548577,,0.8789586688137413
203,14.928878153515834,0.16774020397208803,8.038110574342458,10.02415458937198,35.849436392914654,16.478797638217927,7.669082125603865,4.790660225442834,1.093666129898014,0.08722490606548577,0.03354804079441761,0.8387010198604401
204,15.183843263553408,0.16774020397208803,8.024691358024691,9.98389694041868,35.71524422973698,16.431830381105744,7.648953301127214,4.790660225442834,1.093666129898014,0.08722490606548577,0.03354804079441761,0.8387010198604401
205,15.250939345142244,0.16774020397208803,8.024691358024691,9.98389694041868,35.68169618894257,16.411701556629094,7.64224369296833,4.783950617283951,1.093666129898014,0.08722490606548577,0.03354804079441761,0.8387010198604401
206,15.35829307568438,0.16774020397208803,8.017981749865807,10.158346752549651,35.63472893183038,16.21712292002147,7.628824476650563,4.783950617283951,1.0735373054213635,0.08722490606548577,0.03354804079441761,0.8387010198604401
207,15.331454643048845,0.16774020397208803,7.749597423510467,10.997047772410092,35.34621578099839,16.1231884057971,7.541599570585078,4.7101449275362315,1.0735373054213635,0.08722490606548577,0.03354804079441761,0.8387010198604401
208,15.458937198067632,0.16774020397208803,7.742887815351583,10.997047772410092,35.28582930756844,16.10305958132045,7.541599570585078,4.7101449275362315,1.0735373054213635,0.08722490606548577,0.03354804079441761,0.798443370907139
209,15.619967793880837,0.16774020397208803,7.514761137949543,11.473429951690822,35.02415458937198,16.0829307568438,7.37385936661299,4.7638217928073,1.0735373054213635,0.08722490606548577,0.03354804079441761,0.785024154589372
210,15.734031132581856,0.16774020397208803,7.474503488996243,11.419753086419753,34.92351046698873,16.0829307568438,7.37385936661299,4.8443370907139025,1.0735373054213635,0.08722490606548577,0.03354804079441761,0.785024154589372
