,45,50,55,51,52,54,53,56,57
0,99.76516371443908,0.23483628556092323,,,,,,,
1,85.60789049919485,13.996242619431026,0.39586688137412773,,,,,,
2,83.68894256575416,15.915190552871712,0.39586688137412773,,,,,,
3,83.56816961889426,15.955448201825014,0.47638217928073,,,,,,
4,71.64519592055824,27.79790660225443,0.5568974771873323,,,,,,
5,71.69887278582931,27.74422973698336,0.5568974771873323,,,,,,
6,70.86017176596887,28.5829307568438,0.5568974771873323,,,,,,
7,68.74664519592056,30.615942028985508,0.5434782608695652,0.0939345142243693,,,,,
8,68.8539989264627,30.327428878153516,0.7246376811594203,0.0939345142243693,,,,,
9,68.16961889425657,30.931293612453032,0.7246376811594203,0.0939345142243693,0.08051529790660225,,,,
10,67.43827160493827,31.662640901771336,0.7246376811594203,0.0939345142243693,0.08051529790660225,,,,
11,61.40633387010199,36.85587761674718,0.7179280730005367,0.0939345142243693,0.08051529790660225,0.8454106280193237,,,
12,61.47342995169082,36.78878153515835,0.7179280730005367,0.0939345142243693,0.08051529790660225,0.8454106280193237,,,
13,61.69484702093398,36.56736446591519,0.7179280730005367,0.0939345142243693,0.08051529790660225,0.8454106280193237,,,
14,61.36607622114869,36.33923778851315,1.288244766505636,0.0939345142243693,0.08051529790660225,0.8319914117015567,,,
15,58.64868491680086,31.233225979602793,1.247987117552335,3.388352120236178,1.5499194847020934,0.8319914117015567,3.099838969404187,,
16,58.2662372517445,31.30703166935051,1.247987117552335,2.475845410628019,2.771068169618894,0.8319914117015567,3.099838969404187,,
17,57.67579173376275,31.11916264090177,1.7646269457863661,2.475845410628019,2.771068169618894,0.8319914117015567,3.361513687600644,,
18,57.67579173376275,31.11916264090177,1.7646269457863661,2.475845410628019,2.771068169618894,0.8319914117015567,3.361513687600644,,
19,54.67659688674181,26.737788513150832,0.7783145464304885,10.762211486849168,2.771068169618894,0.8319914117015567,3.361513687600644,0.08051529790660225,
20,53.33467525496511,26.757917337627482,0.7783145464304885,12.097423510466989,2.757648953301127,0.8319914117015567,3.361513687600644,0.08051529790660225,
21,51.58346752549651,28.153515834675254,0.7783145464304885,12.573805689747719,2.636876006441224,0.8319914117015567,3.361513687600644,0.08051529790660225,
22,51.50295222758991,28.14009661835749,0.8655394524959742,12.513419216317766,2.636876006441224,0.8319914117015567,3.4286097691894795,0.08051529790660225,
23,51.74449812130972,27.938808373590984,0.8655394524959742,12.473161567364466,2.636876006441224,0.8319914117015567,3.4286097691894795,0.08051529790660225,
24,51.66398282340311,27.811325818572197,1.1406333870101986,12.453032742887816,2.636876006441224,0.8319914117015567,3.3816425120772946,0.08051529790660225,
25,52.01959205582394,26.96591519055287,1.1137949543746646,12.325550187869029,2.636876006441224,1.4761137949543746,3.3816425120772946,0.08051529790660225,
26,46.20907139023081,32.018250134192165,1.1137949543746646,13.16425120772947,2.5563607085346214,1.4761137949543746,3.3816425120772946,0.08051529790660225,
27,45.276435856146,30.434782608695652,1.1137949543746646,15.727321524422974,2.5563607085346214,1.4761137949543746,3.33467525496511,0.08051529790660225,
28,45.48443370907139,30.394524959742352,1.1137949543746646,15.559581320450885,2.5563607085346214,1.4761137949543746,3.33467525496511,0.08051529790660225,
29,39.03650026838432,36.8894256575416,1.1137949543746646,15.163714439076758,2.5563607085346214,1.596886741814278,3.44873859366613,0.19457863660762212,
30,39.18411164787977,36.78878153515835,1.1137949543746646,15.143585614600108,2.5563607085346214,1.570048309178744,3.44873859366613,0.19457863660762212,
31,39.378690284487384,36.761943102522814,1.2077294685990339,14.962426194310252,2.5429414922168547,1.570048309178744,3.3816425120772946,0.19457863660762212,
32,35.238862050456255,40.81454643048846,1.2077294685990339,14.9020397208803,2.5429414922168547,1.932367149758454,3.166935050993022,0.19457863660762212,
33,35.70182501341922,40.5126140633387,1.2077294685990339,14.647074610842727,2.5429414922168547,1.9189479334406871,3.113258185721954,0.35560923242082665,
34,36.111111111111114,38.56682769726248,2.8113258185721954,14.63365539452496,2.5429414922168547,1.9189479334406871,3.0595813204508855,0.35560923242082665,
35,36.16478797638218,37.78180354267311,2.871712292002147,14.103596349973161,2.5429414922168547,2.2879763821792807,3.8915727321524423,0.35560923242082665,
36,36.38620504562534,37.65432098765432,2.871712292002147,14.036500268384327,2.522812667740204,2.281266774020397,3.8915727321524423,0.35560923242082665,
37,36.65458937198068,37.37251744498121,2.844873859366613,13.969404186795492,2.522812667740204,2.281266774020397,3.9989264626945786,0.35560923242082665,
38,36.761943102522814,37.2987117552335,2.844873859366613,13.935856146001074,2.522812667740204,2.281266774020397,3.9989264626945786,0.35560923242082665,
39,37.11755233494364,36.943102522812666,2.9790660225442833,13.687600644122384,2.6502952227589907,2.2745571658615136,3.992216854535695,0.35560923242082665,
40,37.07058507783145,36.782071926999464,2.2879763821792807,13.613794954374665,2.6502952227589907,2.4020397208803006,4.8376274825550185,0.35560923242082665,
41,35.71524422973698,38.238056897477186,2.2879763821792807,13.506441223832528,2.6033279656468062,2.38191089640365,4.911433172302737,0.35560923242082665,
42,35.77563070316693,38.12399355877617,2.2879763821792807,13.580246913580247,2.589908749329039,2.38191089640365,4.904723564143854,0.35560923242082665,
43,36.02388620504563,37.795222758990874,2.281266774020397,13.493022007514762,2.589908749329039,2.3617820719269993,5.0993022007514766,0.35560923242082665,
44,36.252012882447666,37.734836285560924,2.281266774020397,13.385668276972625,2.589908749329039,2.301395598497048,5.0993022007514766,0.35560923242082665,
45,36.41975308641975,37.63419216317767,2.3483628556092326,13.331991411701557,2.589908749329039,2.301395598497048,5.045625335480408,0.32877079978529256,
46,36.3996242619431,37.473161567364464,2.301395598497048,11.90955448201825,4.119699409554482,2.442297369833602,5.025496511003757,0.32877079978529256,
47,37.15780998389694,37.043746645195924,2.301395598497048,11.614331723027375,4.1129898013955986,2.4154589371980677,5.025496511003757,0.32877079978529256,
48,37.7012882447665,36.600912506709605,2.5831991411701556,11.399624261943103,4.106280193236715,2.3349436392914655,4.9651100375738055,0.30864197530864196,
49,36.151368760064415,37.84219001610306,2.6972624798711755,11.668008588298443,4.072732152442297,2.2410091250670963,5.018786902844874,0.30864197530864196,
50,35.82259796027912,37.27187332259796,2.6838432635534084,12.419484702093397,4.072732152442297,2.3081052066559313,5.112721417069243,0.30864197530864196,
51,35.81588835212023,37.19806763285024,2.771068169618894,12.412775093934513,4.072732152442297,2.3081052066559313,5.112721417069243,0.30864197530864196,
52,35.970209339774556,37.063875469672574,2.6972624798711755,12.285292538915728,4.180085882984434,2.3081052066559313,5.186527106816962,0.30864197530864196,
53,36.13794954374664,36.97665056360709,2.6435856146001075,12.258454106280194,4.180085882984434,2.3081052066559313,5.186527106816962,0.30864197530864196,
54,36.171497584541065,36.74852388620504,2.717391304347826,12.151100375738057,4.17337627482555,2.4154589371980677,5.314009661835748,0.30864197530864196,
55,36.32581857219538,36.72168545356951,2.6972624798711755,12.057165861513688,4.17337627482555,2.4020397208803006,5.314009661835748,0.30864197530864196,
56,32.6959205582394,42.03569511540526,2.5026838432635534,11.929683306494901,4.17337627482555,1.2681159420289856,5.0858829844337095,0.30864197530864196,
57,33.353462157809986,41.1634460547504,2.6972624798711755,11.855877616747183,4.17337627482555,1.3821792807300053,5.065754159957058,0.30864197530864196,
58,33.7157809983897,40.86822329575953,2.563070316693505,11.829039184111648,4.17337627482555,1.4962426194310252,5.045625335480408,0.30864197530864196,
59,33.50107353730542,40.693773483628554,2.6033279656468062,11.802200751476114,4.139828234031133,2.073268921095008,4.87788513150832,0.30864197530864196,
60,33.63526570048309,40.5931293612453,2.6033279656468062,11.788781535158346,4.139828234031133,2.073268921095008,4.85775630703167,0.30864197530864196,
61,32.44095544820183,39.82823403113258,2.7308105206655933,13.486312399355878,4.139828234031133,2.0397208803005906,4.830917874396135,0.5032206119162641,
62,32.90391841116479,39.42565754159957,2.7308105206655933,13.325281803542673,4.260601180891036,2.0397208803005906,4.810789049919484,0.5032206119162641,
63,33.10520665593129,39.28475577026302,2.7241009125067097,13.318572195383789,4.314278046162104,2.0397208803005906,4.7101449275362315,0.5032206119162641,
64,32.46108427267848,40.49919484702093,2.7241009125067097,13.01663982823403,4.05931293612453,2.033011272141707,4.703435319377348,0.5032206119162641,
65,32.72275899087493,40.27106816961889,2.7241009125067097,12.889157273215245,4.032474503488996,2.167203435319377,4.703435319377348,0.48980139559849706,
66,32.78314546430489,40.23081052066559,2.7241009125067097,12.694578636607622,4.274020397208803,2.100107353730542,4.703435319377348,0.48980139559849706,
67,32.64224369296833,40.425389157273216,2.7241009125067097,12.674449812130971,4.260601180891036,2.0799785292538915,4.703435319377348,0.48980139559849706,
68,31.723027375201287,38.86205045625336,2.6704240472356413,12.567096081588835,7.5348899624261945,1.9256575415995705,4.616210413311863,0.10064412238325282,
69,31.622383252818036,38.446054750402574,2.657004830917874,14.955716586151368,5.857487922705314,1.9256575415995705,4.435050993022007,0.10064412238325282,
70,31.64922168545357,37.875738056897475,2.657004830917874,14.781266774020397,6.488191089640365,2.0263016639828235,4.42163177670424,0.10064412238325282,
71,31.64922168545357,37.848899624261946,2.657004830917874,14.80810520665593,6.568706387546968,2.0263016639828235,4.341116478797638,0.10064412238325282,
72,31.508319914117017,36.94981213097155,2.636876006441224,15.029522275899087,6.468062265163715,2.703972088030059,4.602791196994096,0.10064412238325282,
73,31.736446591519055,36.68142780461621,2.7308105206655933,14.861782071927,6.468062265163715,2.703972088030059,4.582662372517445,0.23483628556092323,
74,31.17283950617284,35.43344068706388,2.6033279656468062,17.008856682769725,6.400966183574879,2.703972088030059,4.441760601180891,0.23483628556092323,
75,31.548577563070317,35.25228126677402,2.7509393451422435,16.941760601180892,6.018518518518518,2.85829307568438,4.394793344068707,0.23483628556092323,
76,31.46135265700483,34.27938808373591,2.737520128824477,16.6129898013956,7.300053676865271,2.9924852388620504,4.38137412775094,0.23483628556092323,
77,30.971551261406333,34.514224369296834,2.737520128824477,16.5727321524423,7.286634460547504,2.985775630703167,4.696725711218465,0.23483628556092323,
78,30.97826086956522,34.4873859366613,2.804616210413312,16.55931293612453,7.253086419753086,2.985775630703167,4.696725711218465,0.23483628556092323,
79,31.588835212023618,34.15190552871712,2.7241009125067097,16.492216854535695,7.1658615136876005,2.945517981749866,4.696725711218465,0.23483628556092323,
80,31.66935050993022,33.7157809983897,2.677133655394525,16.42512077294686,7.1658615136876005,2.8784219001610305,5.233494363929147,0.23483628556092323,
81,31.427804616210413,31.300322061191626,2.85829307568438,16.465378421900162,9.4873859366613,3.026033279656468,5.199946323134729,0.23483628556092323,
82,31.239935587761675,31.09903381642512,2.771068169618894,16.324476650563607,9.453837895866881,2.844873859366613,6.031937734836285,0.23483628556092323,
83,31.253354804079443,31.186258722490606,2.7442297369833604,16.203703703703702,9.453837895866881,2.844873859366613,6.078904991948471,0.23483628556092323,
84,30.709876543209877,30.287171229200215,2.7442297369833604,18.317230273752013,8.78287707997853,2.844873859366613,6.078904991948471,0.23483628556092323,
85,27.20746108427268,42.25711218464841,2.428878153515835,13.365539452495975,5.978260869565218,2.6435856146001075,6.031937734836285,0.08722490606548577,
86,27.194041867954912,41.646537842190014,2.475845410628019,13.22463768115942,6.830381105743425,2.5161030595813205,6.025228126677402,0.08722490606548577,
87,27.214170692431562,41.398282340311326,2.5697799248523885,13.18438003220612,6.964573268921095,2.657004830917874,5.924584004294149,0.08722490606548577,
88,27.449006977992486,41.317767042404725,2.5496511003757383,12.86231884057971,7.0383789586688135,2.657004830917874,5.897745571658615,0.2281266774020397,
89,27.87842190016103,41.06280193236715,2.5161030595813205,12.694578636607622,6.971282877079979,2.6301663982823404,6.018518518518518,0.2281266774020397,
90,28.44873859366613,40.53274288781535,2.636876006441224,12.560386473429952,6.951154052603328,2.6301663982823404,6.011808910359635,0.2281266774020397,
91,28.609769189479334,39.47933440687064,2.623456790123457,12.432903918411165,6.951154052603328,2.6301663982823404,7.0450885668276975,0.2281266774020397,
92,28.965378421900162,39.40552871712292,2.623456790123457,12.345679012345679,6.910896403650026,2.6167471819645733,6.904186795491143,0.2281266774020397,
93,29.374664519592056,39.24449812130972,2.6637144390767578,12.124261943102523,6.910896403650026,2.6704240472356413,6.78341384863124,0.2281266774020397,
94,29.441760601180892,39.14385399892646,2.589908749329039,11.849168008588299,6.837090713902308,2.965646806226516,6.971282877079979,0.20128824476650564,
95,30.018786902844873,38.727858293075684,2.4691358024691357,11.829039184111648,6.884057971014493,2.9388083735909825,6.9310252281266775,0.20128824476650564,
96,30.535426731078903,38.378958668813745,2.6301663982823404,11.641170155662909,6.884057971014493,2.8113258185721954,6.91760601180891,0.20128824476650564,
97,30.07246376811594,37.043746645195924,2.281266774020397,11.641170155662909,6.863929146537842,2.804616210413312,9.091519055287172,0.20128824476650564,
98,30.26033279656468,36.60762211486849,2.3215244229736984,11.20504562533548,6.857219538378959,2.804616210413312,9.742351046698873,0.20128824476650564,
99,30.280461621041333,35.53408480944713,2.5026838432635534,11.003757380568974,6.78341384863124,3.7238325281803544,9.970477724100913,0.20128824476650564,
100,30.293880837359097,35.238862050456255,2.5026838432635534,10.715244229736983,6.642512077294686,3.683574879227053,10.721953837895867,0.20128824476650564,
101,30.535426731078903,34.836285560923244,2.6704240472356413,10.715244229736983,6.642512077294686,3.683574879227053,10.715244229736983,0.20128824476650564,
102,30.817230273752013,34.68867418142781,2.6704240472356413,10.607890499194847,6.588835212023618,3.7640901771336552,10.661567364465915,0.20128824476650564,
103,30.95813204508857,34.5276435856146,2.6704240472356413,10.742082662372518,6.535158346752549,3.7640901771336552,10.601180891035963,0.20128824476650564,
104,31.03864734299517,34.306226516371446,2.804616210413312,10.735373054213634,6.535158346752549,3.8043478260869565,10.57434245840043,0.20128824476650564,
105,31.367418142780462,34.18545356951154,2.7643585614600106,10.661567364465915,6.501610305958132,3.8043478260869565,10.513955984970478,0.20128824476650564,
106,31.374127750939344,34.01100375738057,2.7241009125067097,10.93666129898014,6.494900697799249,3.8043478260869565,10.453569511540525,0.20128824476650564,
107,31.561996779388085,33.467525496511,2.61003757380569,10.768921095008052,6.4412238325281805,4.582662372517445,10.36634460547504,0.20128824476650564,
108,31.884057971014492,32.78314546430489,3.0931293612453032,10.762211486849168,6.387546967257112,4.64975845410628,10.238862050456254,0.20128824476650564,
109,32.098765432098766,32.709339774557165,3.0595813204508855,10.735373054213634,6.239935587761675,4.64975845410628,10.165056360708535,0.20128824476650564,0.14090177133655393
110,32.74288781535159,32.22624798711755,3.280998389694042,10.57434245840043,6.172839506172839,4.656468062265164,10.00402576489533,0.20128824476650564,0.14090177133655393
111,33.051529790660226,31.850509930220074,3.3548040794417604,10.513955984970478,6.031937734836285,4.757112184648417,10.0979602791197,0.20128824476650564,0.14090177133655393
112,27.100107353730543,20.618625872249062,1.8853998926462694,34.534353193773484,4.562533548040794,3.307836822329576,7.85024154589372,,0.14090177133655393
113,27.482555018786904,20.175791733762747,1.8853998926462694,34.19887278582931,4.931561996779388,3.4286097691894795,7.75630703166935,,0.14090177133655393
114,27.677133655394524,19.94766505636071,1.9927536231884058,34.0378421900161,4.918142780461621,3.535963499731616,7.601986044015029,0.14761137949543746,0.14090177133655393
115,27.77777777777778,19.47799248523886,2.0397208803005906,34.31964573268921,4.931561996779388,3.475577026301664,7.689210950080516,0.14761137949543746,0.14090177133655393
116,27.979066022544284,19.41760601180891,2.0397208803005906,33.45410628019324,4.871175523349437,4.260601180891036,7.689210950080516,0.14761137949543746,0.14090177133655393
117,28.019323671497585,19.28341384863124,2.0397208803005906,33.333333333333336,5.01207729468599,4.2270531400966185,7.689210950080516,0.2549651100375738,0.14090177133655393
118,28.26086956521739,19.236446591519055,2.006172839506173,33.051529790660226,5.065754159957058,4.213633923778851,7.6623725174449815,0.36231884057971014,0.14090177133655393
119,27.17391304347826,19.082125603864736,1.9122383252818036,34.60144927536232,5.005367686527107,4.1129898013955986,7.501341921631776,0.46967257112184646,0.14090177133655393
120,27.086688137412775,19.135802469135804,1.9122383252818036,34.54106280193237,5.005367686527107,4.253891572732153,7.454374664519592,0.46967257112184646,0.14090177133655393
121,26.637144390767578,18.739935587761675,1.892109500805153,36.111111111111114,4.51556629092861,4.159957058507783,7.199409554482019,0.46967257112184646,0.27509393451422437
122,26.972624798711756,18.699677938808374,1.8451422436929683,35.99704777241009,4.435050993022007,4.159957058507783,7.14573268921095,0.46967257112184646,0.27509393451422437
123,27.28797638217928,18.42458400429415,1.9592055823939882,35.55421363392378,4.414922168545357,4.435050993022007,7.078636607622115,0.5703166935050993,0.27509393451422437
124,27.28797638217928,18.42458400429415,1.9592055823939882,35.55421363392378,4.414922168545357,4.435050993022007,7.078636607622115,0.5703166935050993,0.27509393451422437
125,27.22758990874933,18.08239398819109,1.9592055823939882,35.47369833601718,4.723564143853999,4.522275899087493,7.0383789586688135,0.5703166935050993,0.4025764895330113
126,26.73107890499195,16.908212560386474,1.9390767579173376,35.158346752549654,7.347020933977456,4.146537842190016,6.796833064949007,0.5703166935050993,0.4025764895330113
127,26.88539989264627,16.800858829844337,1.9390767579173376,35.07783145464305,7.347020933977456,4.139828234031133,6.6827697262479875,0.7246376811594203,0.4025764895330113
128,27.012882447665056,16.794149221685455,1.9390767579173376,35.07783145464305,7.333601717659689,4.139828234031133,6.642512077294686,0.7246376811594203,0.33548040794417605
129,27.026301663982824,16.70692431561997,2.0128824476650564,34.977187332259795,7.313472893183038,4.28743961352657,6.642512077294686,0.6977992485238862,0.33548040794417605
130,27.026301663982824,16.6532474503489,1.932367149758454,34.306226516371446,8.715780998389693,4.28743961352657,6.045356951154052,0.6977992485238862,0.33548040794417605
131,27.408749329039185,16.639828234031132,1.932367149758454,34.15861513687601,8.53462157809984,4.247181964573269,6.045356951154052,0.6977992485238862,0.33548040794417605
132,27.549651100375737,16.59957058507783,1.932367149758454,34.064680622651636,8.527911969940956,4.247181964573269,6.045356951154052,0.6977992485238862,0.33548040794417605
133,27.126945786366075,15.150295222758992,1.865271068169619,36.11782071926999,8.440687063875469,4.2270531400966185,6.038647342995169,0.6977992485238862,0.33548040794417605
134,26.979334406870638,14.848362855609233,1.9390767579173376,36.01717659688674,9.27938808373591,3.9318303811057436,5.971551261406334,0.6977992485238862,0.33548040794417605
135,27.01959205582394,14.928878153515834,1.9390767579173376,35.83601717659689,9.265968867418144,3.9184111647879765,5.917874396135265,0.8387010198604401,0.33548040794417605
136,27.489264626945786,14.80810520665593,2.0263016639828235,35.560923242082666,9.151905528717123,3.9184111647879765,5.891035963499732,0.8185721953837896,0.33548040794417605
137,27.58990874932904,14.586688137412775,2.0263016639828235,35.73537305421363,9.185453569511541,3.9049919484702094,5.750134192163178,0.8990874932903918,0.322061191626409
138,27.643585614600106,14.553140096618357,2.536231884057971,34.977187332259795,9.185453569511541,3.6097691894793345,6.4345142243692965,0.7380568974771873,0.322061191626409
139,27.522812667740205,14.398819108964037,2.677133655394525,34.27938808373591,10.487117552334944,3.5829307568438002,5.991680085882985,0.7380568974771873,0.322061191626409
140,27.697262479871174,14.224369296833064,3.0595813204508855,33.91035963499731,10.534084809447128,3.5829307568438002,5.991680085882985,0.6776704240472357,0.322061191626409
141,28.113258185721953,14.190821256038648,3.4286097691894795,33.21926999463231,10.493827160493828,3.5762211486849167,5.978260869565218,0.6776704240472357,0.322061191626409
142,28.133387010198604,14.15727321524423,3.5628019323671496,33.10520665593129,10.406602254428341,3.683574879227053,5.991680085882985,0.6776704240472357,0.28180354267310787
143,28.435319377348364,14.110305958132045,3.556092324208266,33.02469135802469,10.305958132045088,3.683574879227053,5.9514224369296835,0.6508319914117016,0.28180354267310787
144,28.81105743424584,14.04320987654321,3.5225442834138487,32.70263016639828,10.359634997316157,3.683574879227053,5.9447128287707995,0.6508319914117016,0.28180354267310787
145,28.797638217928075,13.955984970477724,3.502415458937198,30.669618894256576,12.573805689747719,3.683574879227053,5.931293612453032,0.6105743424584005,0.27509393451422437
146,28.743961352657006,13.788244766505636,3.3548040794417604,30.387815351583466,12.889157273215245,3.6231884057971016,6.112453032742888,0.8252818035426731,0.27509393451422437
147,29.421631776704242,13.66076221148685,3.33467525496511,30.059044551798173,12.68786902844874,3.5829307568438002,6.105743424584004,0.9057971014492754,0.24154589371980675
148,29.49543746645196,13.66076221148685,3.321256038647343,30.04562533548041,12.640901771336553,3.5829307568438002,6.105743424584004,0.9057971014492754,0.24154589371980675
149,29.810789049919485,13.593666129898015,3.2541599570585076,29.74369296833065,12.72812667740204,3.7104133118625873,6.018518518518518,0.8990874932903918,0.24154589371980675
150,29.78395061728395,13.459473966720344,3.33467525496511,29.66988727858293,12.882447665056361,3.7104133118625873,6.018518518518518,0.8990874932903918,0.24154589371980675
151,29.884594739667204,13.600375738056897,3.2474503488996245,29.54911433172303,12.332259796027913,3.7037037037037037,6.125872249060655,0.8990874932903918,0.6575415995705851
152,29.770531400966185,13.16425120772947,3.2474503488996245,29.401502952227588,12.453032742887816,4.300858829844337,6.105743424584004,0.8990874932903918,0.6575415995705851
153,30.46833064949007,13.003220611916264,3.2004830917874396,29.09286097691895,12.359098228663447,4.294149221685454,6.052066559312936,0.8856682769726248,0.644122383252818
154,30.595813204508858,12.929414922168545,3.1870638754696725,28.985507246376812,12.332259796027913,4.30756843800322,6.092324208266238,0.9796027911969941,0.5904455179817498
155,28.059581320450885,12.00348899624262,3.052871712292002,35.27241009125067,11.023886205045626,4.03918411164788,5.10601180891036,0.8521202361782072,0.5904455179817498
156,28.25415995705851,11.943102522812667,3.052871712292002,35.20531400966183,10.943370907139023,4.1129898013955986,5.045625335480408,0.8521202361782072,0.5904455179817498
157,28.381642512077295,11.990069779924852,3.052871712292002,35.17176596886742,10.762211486849168,4.1129898013955986,5.045625335480408,0.8990874932903918,0.5837359098228664
158,28.529253891572733,12.077294685990339,3.052871712292002,35.00402576489533,10.695115405260333,4.1129898013955986,5.045625335480408,0.8990874932903918,0.5837359098228664
159,28.556092324208265,12.057165861513688,3.0327428878153517,34.876543209876544,10.84272678475577,4.1129898013955986,5.045625335480408,0.8923778851315083,0.5837359098228664
160,28.844605475040257,12.016908212560386,3.0327428878153517,34.655126140633385,10.815888352120236,4.1129898013955986,5.045625335480408,0.8923778851315083,0.5837359098228664
161,29.1129898013956,12.016908212560386,3.0327428878153517,34.48067632850242,10.61460010735373,4.1129898013955986,5.152979066022544,0.8923778851315083,0.5837359098228664
162,29.07944176060118,11.889425657541599,3.0327428878153517,34.19216317767042,10.82259796027912,4.1129898013955986,5.132850241545894,1.1540526033279657,0.5837359098228664
163,29.367954911433173,11.782071926999464,3.5426731078904994,33.682232957595275,10.768921095008052,4.106280193236715,5.132850241545894,1.0466988727858293,0.5703166935050993
164,29.461889425657542,11.889425657541599,3.4286097691894795,33.61513687600644,10.748792270531402,4.106280193236715,5.132850241545894,1.0466988727858293,0.5703166935050993
165,26.214439076757916,17.28395061728395,3.5829307568438002,32.43424584004294,9.802737520128824,4.052603327965647,5.025496511003757,1.0332796564680622,0.5703166935050993
166,26.37546967257112,17.136339237788512,3.4822866344605474,32.21953837895867,9.708803005904455,4.052603327965647,5.421363392377885,1.0332796564680622,0.5703166935050993
167,26.7914653784219,17.03569511540526,3.227321524422974,31.89747718733226,9.688674181427805,4.025764895330113,5.750134192163178,1.0131508319914118,0.5703166935050993
168,27.194041867954912,16.6935050993022,3.280998389694042,31.89747718733226,9.628287707997853,3.9989264626945786,5.723295759527644,1.0131508319914118,0.5703166935050993
169,27.408749329039185,16.6935050993022,3.4151905528717124,31.568706387546968,9.608158883521202,3.9989264626945786,5.723295759527644,1.0131508319914118,0.5703166935050993
170,27.489264626945786,16.6935050993022,3.4151905528717124,31.45464304884595,9.541062801932368,3.9855072463768115,5.723295759527644,1.1272141706924315,0.5703166935050993
171,27.415458937198068,16.150026838432634,4.019055287171229,31.394256575415994,9.50751476113795,4.0995705850778315,5.723295759527644,1.1205045625335481,0.5703166935050993
172,27.522812667740205,15.975577026301664,4.019055287171229,31.42109500805153,9.433709071390231,4.2203435319377345,5.71658615136876,1.1205045625335481,0.5703166935050993
173,27.408749329039185,15.841384863123993,4.045893719806763,31.42109500805153,9.681964573268921,4.2203435319377345,5.730005367686527,1.0802469135802468,0.5703166935050993
174,27.63016639828234,15.633387010198604,4.032474503488996,31.5150295222759,9.628287707997853,4.159957058507783,5.750134192163178,1.0802469135802468,0.5703166935050993
175,28.14009661835749,15.45222758990875,3.9318303811057436,30.97826086956522,9.728931830381105,4.3478260869565215,5.636070853462158,1.2144390767579174,0.5703166935050993
176,28.227321524422972,15.411969940955448,4.2270531400966185,30.69645732689211,9.782608695652174,4.314278046162104,5.555555555555555,1.2144390767579174,0.5703166935050993
177,28.005904455179817,15.22410091250671,4.186795491143317,31.49490069779925,9.655126140633387,4.092860976918948,5.555555555555555,1.2144390767579174,0.5703166935050993
178,28.113258185721953,15.217391304347826,4.180085882984434,31.49490069779925,9.655126140633387,4.019055287171229,5.555555555555555,1.1943102522812667,0.5703166935050993
179,28.683574879227052,14.99597423510467,4.28743961352657,31.30703166935051,9.420289855072463,3.9720880300590444,5.5689747718733225,1.1943102522812667,0.5703166935050993
180,28.837895866881375,14.99597423510467,4.274020397208803,31.246645195920557,9.339774557165862,3.9720880300590444,5.5689747718733225,1.1943102522812667,0.5703166935050993
181,29.32769726247987,14.821524422973699,4.53569511540526,30.64278046162104,9.339774557165862,3.938539989264627,5.58239398819109,1.2412775093934514,0.5703166935050993
182,29.656468062265162,14.687332259796028,4.5960815888352125,30.46833064949007,9.306226516371444,4.045893719806763,5.4549114331723025,1.2144390767579174,0.5703166935050993
183,29.965110037573805,14.640365002683843,4.5960815888352125,30.14626945786366,9.252549651100376,4.045893719806763,5.4549114331723025,1.328502415458937,0.5703166935050993
184,30.079173376274827,14.620236178207193,4.5960815888352125,30.038915727321523,8.977455716586151,4.045893719806763,5.8172302737520125,1.2815351583467525,0.5434782608695652
185,30.213365539452496,14.51959205582394,4.5960815888352125,29.66988727858293,9.286097691894794,4.045893719806763,5.844068706387547,1.2815351583467525,0.5434782608695652
186,30.783682232957595,14.51959205582394,4.5960815888352125,29.260601180891037,9.145195920558239,4.032474503488996,5.776972624798712,1.3553408480944713,0.5300590445517982
187,30.837359098228664,14.31159420289855,5.199946323134729,28.837895866881375,9.03113258185722,4.019055287171229,5.750134192163178,1.3553408480944713,0.6575415995705851
188,30.931293612453032,14.257917337627482,5.488459473966721,28.515834675254965,9.03113258185722,4.019055287171229,5.750134192163178,1.3486312399355878,0.6575415995705851
189,31.01851851851852,13.996242619431026,5.381105743424584,28.743961352657006,8.99087493290392,4.126409017713366,5.736714975845411,1.3486312399355878,0.6575415995705851
190,30.575684380032207,13.982823403113258,5.300590445517981,29.005636070853463,9.373322597960279,4.03918411164788,5.71658615136876,1.3486312399355878,0.6575415995705851
191,30.730005367686527,13.982823403113258,5.300590445517981,28.904991948470208,9.373322597960279,4.03918411164788,5.6964573268921095,1.3150831991411702,0.6575415995705851
192,30.97826086956522,13.962694578636608,5.407944176060118,28.173644659151904,8.99087493290392,4.824208266237251,5.689747718733226,1.3150831991411702,0.6575415995705851
193,31.132581857219538,13.747987117552334,5.555555555555555,28.059581320450885,8.957326892109501,4.824208266237251,5.750134192163178,1.3150831991411702,0.6575415995705851
194,31.52173913043478,13.607085346215781,5.542136339237788,27.83816425120773,8.943907675791733,4.824208266237251,5.750134192163178,1.3150831991411702,0.6575415995705851
195,31.635802469135804,13.607085346215781,5.522007514761138,27.75764895330113,8.943907675791733,4.824208266237251,5.736714975845411,1.3150831991411702,0.6575415995705851
196,31.863929146537842,13.546698872785829,5.522007514761138,27.63016639828234,8.923778851315083,4.824208266237251,5.736714975845411,1.3150831991411702,0.6374127750939346
197,31.85721953837896,13.486312399355878,5.46833064949007,27.47584541062802,8.923778851315083,4.978529253891573,5.736714975845411,1.4358561460010735,0.6374127750939346
198,31.93102522812668,13.486312399355878,5.46833064949007,27.47584541062802,8.890230810520666,4.951690821256038,5.723295759527644,1.4358561460010735,0.6374127750939346
199,32.05179817498658,13.399087493290391,5.4549114331723025,27.4020397208803,8.977455716586151,4.898013955984971,5.743424584004294,1.4358561460010735,0.6374127750939346
200,32.03166935050993,13.191089640365004,5.367686527106817,27.28797638217928,8.930488459473967,5.401234567901234,5.71658615136876,1.4358561460010735,0.6374127750939346
201,32.48792270531401,13.050187869028449,5.367686527106817,27.073268921095007,8.917069243156199,5.35426731078905,5.709876543209877,1.4224369296833066,0.6172839506172839
202,32.37385936661299,12.922705314009661,5.287171229200215,26.77133655394525,8.870101986044014,6.031937734836285,5.703166935050993,1.4224369296833066,0.6172839506172839
203,32.74288781535159,12.76838432635534,5.367686527106817,26.50295222758991,8.930488459473967,5.984970477724101,5.662909286097692,1.4224369296833066,0.6172839506172839
204,32.6154052603328,12.654320987654321,5.897745571658615,26.234567901234566,8.883521202361782,5.971551261406334,5.736714975845411,1.3888888888888888,0.6172839506172839
205,32.890499194847024,12.607353730542137,6.005099302200751,25.986312399355878,8.856682769726248,5.958132045088567,5.730005367686527,1.3888888888888888,0.5770263016639828
206,33.071658615136876,12.546967257112184,5.991680085882985,25.85882984433709,8.769457863660762,5.8239398819108965,5.844068706387547,1.5163714439076759,0.5770263016639828
207,33.373590982286636,12.486580783682234,5.971551261406334,25.55018786902845,8.742619431025227,5.884326355340848,5.83064949006978,1.6170155662909287,0.5434782608695652
208,33.8365539452496,12.473161567364466,5.891035963499732,25.34219001610306,8.648684916800859,5.709876543209877,5.958132045088567,1.596886741814278,0.5434782608695652
209,33.9573268921095,12.144390767579173,6.387546967257112,25.187869028448738,8.548040794417606,5.689747718733226,5.9447128287707995,1.596886741814278,0.5434782608695652
210,34.252549651100374,12.090713902308105,6.367418142780462,25.026838432635532,8.527911969940956,5.689747718733226,5.904455179817498,1.596886741814278,0.5434782608695652
211,34.346484165324746,12.06387546967257,6.367418142780462,24.879227053140095,8.608427267847558,5.689747718733226,5.904455179817498,1.596886741814278,0.5434782608695652
212,34.655126140633385,12.04374664519592,6.340579710144928,24.738325281803544,8.608427267847558,5.629361245303274,5.870907139023081,1.570048309178744,0.5434782608695652
213,34.76918947933441,11.943102522812667,6.595544820182502,24.436392914653783,8.541331186258722,5.649490069779925,5.9514224369296835,1.570048309178744,0.5434782608695652
214,35.02415458937198,11.83574879227053,6.588835212023618,24.241814278046164,8.447396672034353,5.850778314546431,5.897745571658615,1.570048309178744,0.5434782608695652
215,35.258990874932906,11.714975845410628,6.501610305958132,24.154589371980677,8.447396672034353,5.844068706387547,5.964841653247451,1.570048309178744,0.5434782608695652
216,34.56119162640902,12.204777241009126,6.4412238325281805,24.208266237251745,9.158615136876007,5.528717122920021,5.783682232957595,1.570048309178744,0.5434782608695652
217,34.80273752012882,12.06387546967257,6.488191089640365,24.12104133118626,9.064680622651638,5.676328502415459,5.743424584004294,1.570048309178744,0.46967257112184646
218,35.01073537305421,12.057165861513688,6.488191089640365,23.946591519055286,8.930488459473967,5.676328502415459,5.743424584004294,1.6774020397208802,0.46967257112184646
219,32.8166935050993,14.439076757917338,8.313204508856682,21.564680622651636,8.756038647342995,6.253354804079442,5.776972624798712,1.6103059581320451,0.46967257112184646
220,32.669082125603865,14.358561460010735,8.299785292538916,21.195652173913043,8.729200214707461,6.367418142780462,6.327160493827161,1.583467525496511,0.46967257112184646
221,33.21256038647343,14.304884594739667,8.205850778314547,20.8870101986044,8.487654320987655,6.166129898013956,6.6827697262479875,1.583467525496511,0.46967257112184646
222,33.41384863123994,14.036500268384327,8.232689210950081,20.78636607622115,8.487654320987655,6.3137412775093935,6.6760601180891035,1.583467525496511,0.46967257112184646
223,29.777241009125067,20.719269994632313,8.091787439613526,19.83360171765969,7.139023081052066,5.810520665593129,6.582125603864735,1.5767579173376274,0.46967257112184646
224,30.22007514761138,20.645464304884594,8.031400966183575,19.43773483628556,7.232957595276436,5.810520665593129,6.582125603864735,1.570048309178744,0.46967257112184646
225,30.347557702630166,20.618625872249062,7.716049382716049,19.162640901771336,7.199409554482019,5.891035963499732,7.024959742351046,1.570048309178744,0.46967257112184646
226,30.54884594739667,20.46430488459474,7.763016639828234,19.155931293612454,7.159151905528717,5.857487922705314,7.011540526033279,1.570048309178744,0.46967257112184646
227,30.71658615136876,20.356951154052602,7.729468599033816,19.155931293612454,7.159151905528717,5.83064949006978,7.011540526033279,1.570048309178744,0.46967257112184646
228,30.454911433172303,20.316693505099302,7.863660762211487,19.07541599570585,7.749597423510467,5.589103596349974,6.957863660762212,1.5230810520665594,0.46967257112184646
229,30.609232420826622,20.303274288781534,7.803274288781535,19.008319914117017,7.709339774557166,5.629361245303274,6.944444444444445,1.5230810520665594,0.46967257112184646
230,30.709876543209877,20.155662909286097,7.87037037037037,18.760064412238325,7.85024154589372,5.629361245303274,7.065217391304348,1.5163714439076759,0.4428341384863124
231,30.730005367686527,20.182501341921633,7.7898550724637685,18.53864734299517,7.7831454643048845,5.401234567901234,7.474503488996243,1.6572732152442298,0.4428341384863124
232,30.709876543209877,20.12211486849168,7.763016639828234,18.51851851851852,8.091787439613526,5.267042404723564,7.427536231884058,1.6572732152442298,0.4428341384863124
233,31.146001073537306,20.041599570585078,7.816693505099302,18.38432635534085,8.031400966183575,5.233494363929147,7.353730542136339,1.5499194847020934,0.4428341384863124
234,31.374127750939344,19.98792270531401,7.803274288781535,18.35077831454643,8.011272141706923,5.12614063338701,7.353730542136339,1.5499194847020934,0.4428341384863124
235,31.736446591519055,19.35721953837896,8.031400966183575,18.203166935050994,8.064949006977992,5.112721417069243,7.501341921631776,1.5499194847020934,0.4428341384863124
236,31.749865807836823,19.276704240472355,8.031400966183575,18.055555555555557,8.420558239398819,5.112721417069243,7.360440150295223,1.5499194847020934,0.4428341384863124
237,31.682769726247987,18.592324208266238,8.59500805152979,17.954911433172303,8.353462157809984,5.515297906602254,7.313472893183038,1.5499194847020934,0.4428341384863124
238,31.816961889425656,18.49838969404187,8.55475040257649,18.02871712292002,8.353462157809984,5.4549114331723025,7.300053676865271,1.5499194847020934,0.4428341384863124
239,32.00483091787439,18.12265163714439,8.53462157809984,18.16290928609769,8.266237251744498,5.736714975845411,7.192699946323135,1.5365002683843263,0.4428341384863124
240,31.850509930220074,17.62614063338701,8.501073537305421,18.12265163714439,8.252818035426731,5.723295759527644,7.971014492753623,1.5230810520665594,0.4294149221685454
241,32.17257112184648,17.51207729468599,8.474235104669887,18.04884594739667,8.252818035426731,5.689747718733226,7.924047235641439,1.4962426194310252,0.4294149221685454
242,31.91760601180891,17.270531400966185,8.68894256575416,17.914653784219002,7.917337627482555,6.0587761674718195,8.413848631239935,1.3888888888888888,0.4294149221685454
243,32.25979602791197,17.223564143854,8.682232957595277,17.961621041331185,7.769726247987117,6.011808910359635,8.272946859903382,1.3888888888888888,0.4294149221685454
244,32.55501878690284,17.20343531937735,8.621846484165324,17.894524959742352,7.742887815351583,5.978260869565218,8.185721953837897,1.3888888888888888,0.4294149221685454
245,32.51476113794954,17.12962962962963,8.621846484165324,17.995169082125603,7.9039184111647875,5.904455179817498,8.125335480407944,1.3888888888888888,0.41599570585077833
246,32.7361782071927,17.03569511540526,8.621846484165324,17.98174986580784,7.890499194847021,5.904455179817498,8.024691358024691,1.3888888888888888,0.41599570585077833
247,32.776435856146,15.874932903918411,9.822866344605474,18.04213633923779,7.85024154589372,5.83064949006978,7.997852925389157,1.3888888888888888,0.41599570585077833
248,32.52147074610843,15.841384863123993,9.822866344605474,18.02200751476114,8.246108427267847,5.629361245303274,8.044820182501342,1.3888888888888888,0.4830917874396135
249,33.02469135802469,15.499194847020934,9.5276435856146,17.94820182501342,8.145464304884594,6.239935587761675,7.856951154052603,1.2748255501878691,0.4830917874396135
250,33.3064949006978,15.465646806226516,9.514224369296834,17.834138486312398,8.111916264090176,6.045356951154052,7.971014492753623,1.2681159420289856,0.4830917874396135
251,33.41384863123994,15.35829307568438,9.406870638754697,17.793880837359097,8.225979602791197,5.978260869565218,8.071658615136876,1.2681159420289856,0.4830917874396135
