,45,50,53,54,52,51,56,55,57
0,92.44498121309715,7.555018786902845,,,,,,,
1,92.53891572732152,7.461084272678476,,,,,,,
2,92.56575415995705,7.434245840042942,,,,,,,
3,92.56575415995705,7.434245840042942,,,,,,,
4,92.57917337627482,7.4208266237251745,,,,,,,
5,91.12989801395598,8.870101986044014,,,,,,,
6,90.85480407944176,9.145195920558239,,,,,,,
7,85.64143853998927,12.466451959205582,1.892109500805153,,,,,,
8,83.37359098228663,14.734299516908212,1.892109500805153,,,,,,
9,81.4747718733226,16.49892646269458,1.892109500805153,0.13419216317767044,,,,,
10,81.36070853462158,16.6129898013956,1.892109500805153,0.13419216317767044,,,,,
11,81.36070853462158,16.6129898013956,1.892109500805153,0.13419216317767044,,,,,
12,80.09930220075148,17.8743961352657,1.892109500805153,0.13419216317767044,,,,,
13,79.12640901771337,18.84728931830381,1.892109500805153,0.13419216317767044,,,,,
14,62.96967257112185,35.00402576489533,1.892109500805153,0.13419216317767044,,,,,
15,63.13070316693505,34.84299516908212,1.892109500805153,0.13419216317767044,,,,,
16,61.43317230273752,29.381374127750938,1.892109500805153,0.13419216317767044,7.159151905528717,,,,
17,61.090982286634464,29.448470209339774,1.892109500805153,0.13419216317767044,7.152442297369833,0.28180354267310787,,,
18,61.22517444981213,29.347826086956523,1.892109500805153,0.13419216317767044,7.14573268921095,0.2549651100375738,,,
19,61.252012882447666,27.75764895330113,1.892109500805153,1.6975308641975309,7.14573268921095,0.2549651100375738,,,
20,59.76247987117552,26.02657004830918,5.112721417069243,1.6975308641975309,7.14573268921095,0.2549651100375738,,,
21,58.9975845410628,26.92565754159957,4.9718196457326895,1.6975308641975309,7.065217391304348,0.3421900161030596,,,
22,57.407407407407405,23.845947396672035,3.8043478260869565,1.5633387010198605,1.093666129898014,12.285292538915728,,,
23,57.14573268921095,23.91304347826087,3.784219001610306,1.5096618357487923,1.093666129898014,12.553676865271068,,,
24,57.17928073000537,22.973698336017176,3.784219001610306,1.5096618357487923,1.093666129898014,13.459473966720344,,,
25,57.07192699946323,22.799248523886206,3.784219001610306,1.5096618357487923,1.093666129898014,13.741277509393452,,,
26,56.50161030595813,23.396403650026837,3.784219001610306,1.5096618357487923,1.093666129898014,13.714439076757918,,,
27,55.16639828234031,24.758454106280194,3.770799785292539,1.5096618357487923,1.093666129898014,13.70101986044015,,,
28,55.23349436392915,24.691358024691358,3.770799785292539,1.5096618357487923,1.093666129898014,13.70101986044015,,,
29,54.34782608695652,25.644122383252817,3.361513687600644,2.5831991411701556,1.093666129898014,12.969672571121846,,,
30,54.13311862587225,25.959473966720342,3.361513687600644,2.563070316693505,1.093666129898014,12.889157273215245,,,
31,54.186795491143315,25.77831454643049,3.361513687600644,2.5429414922168547,1.093666129898014,13.036768652710682,,,
32,54.220343531937736,25.771604938271604,3.3480944712828773,2.5429414922168547,1.0802469135802468,13.036768652710682,,,
33,52.52952227589909,27.569779924852387,3.3480944712828773,2.5429414922168547,1.0802469135802468,12.929414922168545,,,
34,52.71068169618894,27.455716586151368,3.3480944712828773,2.5429414922168547,1.0802469135802468,12.86231884057971,,,
35,53.12667740203972,27.20746108427268,3.3480944712828773,2.5429414922168547,1.0802469135802468,12.694578636607622,,,
36,53.12667740203972,27.20746108427268,3.3480944712828773,2.5429414922168547,1.0802469135802468,12.694578636607622,,,
37,51.368760064412236,29.032474503488995,3.3279656468062266,3.2742887815351582,1.0802469135802468,11.916264090177133,,,
38,51.42914653784219,27.549651100375737,4.797369833601718,3.2742887815351582,1.0802469135802468,11.869296833064949,,,
39,50.80515297906602,27.72410091250671,3.569511540526033,3.2742887815351582,2.8918411164787976,11.735104669887278,,,
40,50.93263553408481,27.677133655394524,3.549382716049383,3.2742887815351582,2.85829307568438,11.708266237251744,,,
41,50.966183574879224,27.643585614600106,3.549382716049383,3.2742887815351582,2.85829307568438,11.708266237251744,,,
42,49.55716586151369,29.066022544283413,3.535963499731616,3.2742887815351582,2.85829307568438,11.708266237251744,,,
43,48.02066559312936,30.656199677938808,3.5225442834138487,3.1535158346752548,2.85829307568438,11.668008588298443,0.12077294685990338,,
44,47.92673107890499,29.837627482555018,3.4822866344605474,3.1535158346752548,3.81105743424584,11.668008588298443,0.12077294685990338,,
45,32.96430488459474,45.4374664519592,3.616478797638218,3.1199677938808374,3.81105743424584,10.929951690821255,0.12077294685990338,,
46,33.03811057434246,45.390499194847024,3.616478797638218,3.1199677938808374,3.81105743424584,10.903113258185721,0.12077294685990338,,
47,32.76301663982824,44.015029522275896,3.616478797638218,3.099838969404187,3.81105743424584,8.57487922705314,0.12077294685990338,3.9989264626945786,
48,33.10520665593129,43.67954911433172,3.6097691894793345,3.099838969404187,3.81105743424584,8.57487922705314,0.12077294685990338,3.9989264626945786,
49,33.16559312936125,43.53864734299517,3.6097691894793345,3.099838969404187,3.8915727321524423,8.57487922705314,0.12077294685990338,3.9989264626945786,
50,33.09849704777241,42.901234567901234,3.6097691894793345,3.0730005367686526,3.8580246913580245,9.339774557165862,0.12077294685990338,3.9989264626945786,
51,33.56816961889426,42.58588298443371,3.4957058507783145,3.0730005367686526,3.844605475040258,9.312936124530328,0.12077294685990338,3.9989264626945786,
52,33.85668276972625,42.29736983360172,3.4957058507783145,3.0730005367686526,3.844605475040258,9.312936124530328,0.12077294685990338,3.9989264626945786,
53,32.82340311325819,40.264358561460014,3.9049919484702094,3.0730005367686526,6.501610305958132,9.312936124530328,0.12077294685990338,3.9989264626945786,
54,32.95759527643585,40.17042404723564,3.8714439076757916,3.0730005367686526,6.494900697799249,9.312936124530328,0.12077294685990338,3.9989264626945786,
55,33.23268921095008,40.09661835748792,3.8714439076757916,3.0193236714975846,6.468062265163715,9.192163177670425,0.12077294685990338,3.9989264626945786,
56,33.60842726784756,38.238056897477186,3.8714439076757916,3.0059044551798175,6.454643048845948,9.192163177670425,0.12077294685990338,5.508588298443371,
57,33.48094471282877,37.31213097155126,3.2675791733762747,1.778046162104133,9.373322597960279,9.192163177670425,0.08722490606548577,5.508588298443371,
58,33.53462157809984,36.06414385399893,3.2675791733762747,1.778046162104133,9.373322597960279,9.145195920558239,0.08722490606548577,6.749865807836822,
59,31.36070853462158,28.22061191626409,3.2675791733762747,1.778046162104133,9.252549651100376,20.343531937734838,0.08722490606548577,5.689747718733226,
60,31.561996779388085,28.173644659151904,3.2675791733762747,1.778046162104133,9.252549651100376,20.202630166398283,0.08722490606548577,5.676328502415459,
61,31.884057971014492,28.073000536768653,4.374664519592056,1.778046162104133,9.131776704240472,19.02173913043478,0.08722490606548577,5.649490069779925,
62,31.99812130971551,28.026033279656467,4.374664519592056,1.778046162104133,9.131776704240472,18.95464304884595,0.08722490606548577,5.649490069779925,
63,32.13231347289318,27.583199141170155,4.3478260869565215,2.2342995169082127,9.05126140633387,18.914385399892645,0.08722490606548577,5.649490069779925,
64,32.407407407407405,27.26784755770263,3.69699409554482,3.844605475040258,8.13875469672571,18.907675791733762,0.08722490606548577,5.649490069779925,
65,32.340311325818575,26.39559849704777,3.69699409554482,3.6768652710681695,8.125335480407944,16.841116478797638,0.08722490606548577,8.836553945249598,
66,32.46108427267848,26.31508319914117,3.69699409554482,3.6768652710681695,8.125335480407944,16.586151368760063,0.30193236714975846,8.836553945249598,
67,32.588566827697264,26.187600644122384,3.69699409554482,3.6768652710681695,8.125335480407944,16.586151368760063,0.30193236714975846,8.836553945249598,
68,32.7361782071927,26.127214170692433,3.69699409554482,3.6768652710681695,8.038110574342458,16.586151368760063,0.30193236714975846,8.836553945249598,
69,33.031400966183575,26.01315083199141,3.69699409554482,3.6366076221148687,7.937466451959206,16.5727321524423,0.30193236714975846,8.809715512614064,
70,33.53462157809984,25.925925925925927,3.69699409554482,3.6366076221148687,7.856951154052603,16.525764895330113,0.30193236714975846,8.521202361782072,
71,33.63526570048309,25.925925925925927,3.69699409554482,3.6366076221148687,7.830112721417069,16.451959205582394,0.30193236714975846,8.521202361782072,
72,34.09151905528717,25.751476113794954,3.6231884057971016,3.6366076221148687,7.816693505099302,16.35131508319914,0.30193236714975846,8.427267847557703,
73,34.4873859366613,25.47638217928073,3.6231884057971016,3.6366076221148687,7.803274288781535,16.35131508319914,0.30193236714975846,8.319914117015566,
74,34.60144927536232,24.342458400429415,3.4688674181427803,3.6366076221148687,7.803274288781535,17.55233494363929,0.27509393451422437,8.319914117015566,
75,34.11835748792271,23.711755233494365,3.4688674181427803,3.589640365002684,8.977455716586151,17.317498658078367,0.27509393451422437,8.541331186258722,
76,33.87010198604401,23.295759527643586,3.4688674181427803,3.589640365002684,8.93719806763285,18.02200751476114,0.27509393451422437,8.541331186258722,
77,34.09822866344606,23.255501878690286,3.435319377348363,3.589640365002684,8.870101986044014,17.934782608695652,0.27509393451422437,8.541331186258722,
78,33.82984433709071,22.805958132045088,4.508856682769726,3.535963499731616,8.856682769726248,17.934782608695652,0.27509393451422437,8.252818035426731,
79,34.05797101449275,22.758990874932906,4.4820182501341925,3.535963499731616,8.856682769726248,17.767042404723565,0.38915727321524424,8.152173913043478,
80,33.2662372517445,23.564143853998928,4.448470209339774,3.535963499731616,8.856682769726248,17.52549651100376,0.5971551261406334,8.205850778314547,
81,33.2662372517445,23.382984433709073,4.448470209339774,3.535963499731616,8.836553945249598,17.518786902844873,0.5971551261406334,8.413848631239935,
82,33.58829844337091,23.221953837895867,4.448470209339774,3.535963499731616,8.836553945249598,17.411433172302736,0.5770263016639828,8.380300590445518,
83,33.923778851315085,23.13472893183038,4.435050993022007,3.5225442834138487,8.809715512614064,17.297369833601717,0.5770263016639828,8.299785292538916,
84,34.16532474503489,23.007246376811594,4.435050993022007,3.5225442834138487,8.776167471819646,17.23027375201288,0.5770263016639828,8.28636607622115,
85,34.286097691894796,22.31615673644659,4.213633923778851,4.797369833601718,8.380300590445518,17.143048845947398,0.5770263016639828,8.28636607622115,
86,34.6081588835212,22.007514761137948,4.213633923778851,4.911433172302737,8.380300590445518,17.03569511540526,0.5770263016639828,8.266237251744498,
87,34.70880300590446,21.953837895866883,4.166666666666667,4.911433172302737,8.380300590445518,16.921631776704242,0.6910896403650026,8.266237251744498,
88,35.11137949543747,21.926999463231347,4.51556629092861,4.797369833601718,8.380300590445518,16.800858829844337,0.6910896403650026,7.776435856146001,
89,25.83870101986044,13.103864734299517,3.079710144927536,3.388352120236178,3.4286097691894795,45.1959205582394,0.6910896403650026,5.273752012882448,
90,25.885668276972623,13.077026301663983,3.079710144927536,3.388352120236178,3.4286097691894795,45.17579173376275,0.6910896403650026,5.273752012882448,
91,25.946054750402578,13.043478260869565,3.079710144927536,3.388352120236178,2.9924852388620504,45.14224369296833,0.6910896403650026,5.71658615136876,
92,26.019860440150296,13.043478260869565,3.079710144927536,3.388352120236178,2.9589371980676327,45.10198604401503,0.6910896403650026,5.71658615136876,
93,25.831991411701555,12.929414922168545,3.0730005367686526,4.159957058507783,4.663177670424047,42.93478260869565,0.6910896403650026,5.71658615136876,
94,25.83870101986044,13.170960815888352,5.8239398819108965,4.159957058507783,4.247181964573269,40.13687600644123,0.6910896403650026,5.931293612453032,
95,25.979602791196996,13.16425120772947,5.71658615136876,4.1532474503489,4.233762748255502,40.13016639828234,0.6910896403650026,5.931293612453032,
96,16.78743961352657,27.241009125067094,5.649490069779925,3.965378421900161,3.7573805689747717,35.93666129898014,0.6910896403650026,5.488459473966721,0.4830917874396135
97,17.09608158883521,27.220880300590444,5.475040257648954,3.965378421900161,3.7573805689747717,35.82259796027912,0.6910896403650026,5.488459473966721,0.4830917874396135
98,17.713365539452496,26.96591519055287,5.340848094471283,4.53569511540526,3.730542136339238,35.33279656468062,0.6910896403650026,5.2066559312936125,0.4830917874396135
99,17.67981749865808,26.89210950080515,5.340848094471283,4.53569511540526,3.717122920021471,35.45356951154053,0.6910896403650026,5.2066559312936125,0.4830917874396135
100,17.94820182501342,26.84514224369297,5.340848094471283,4.53569511540526,3.717122920021471,35.258990874932906,0.6910896403650026,5.179817498658078,0.4830917874396135
101,18.344068706387546,26.818303811057433,5.307300053676865,4.53569511540526,3.6768652710681695,34.96376811594203,0.6910896403650026,5.179817498658078,0.4830917874396135
102,18.71309715512614,26.69753086419753,5.287171229200215,4.522275899087493,3.569511540526033,34.86983360171766,0.6910896403650026,5.166398282340311,0.4830917874396135
103,18.867418142780462,26.623725174449813,5.287171229200215,4.522275899087493,3.5628019323671496,34.796027911969944,0.6910896403650026,5.166398282340311,0.4830917874396135
104,19.256575415995705,26.422436929683307,5.273752012882448,4.522275899087493,3.5628019323671496,33.56816961889426,0.6910896403650026,6.219806763285024,0.4830917874396135
105,14.31159420289855,42.73349436392915,4.636339237788513,2.623456790123457,4.730273752012883,24.812130971551262,0.41599570585077833,5.253623188405797,0.4830917874396135
106,14.459205582393988,42.632850241545896,4.602791196994096,2.677133655394525,4.730273752012883,24.745034889962426,0.41599570585077833,5.253623188405797,0.4830917874396135
107,14.888620504562533,42.270531400966185,4.575952764358561,2.677133655394525,4.7101449275362315,24.724906065485776,0.41599570585077833,5.253623188405797,0.4830917874396135
108,15.049651100375739,42.00214707461084,4.575952764358561,2.6704240472356413,4.64975845410628,24.724906065485776,0.41599570585077833,5.428073000536768,0.4830917874396135
109,15.365002683843263,41.7337627482555,4.549114331723027,2.6502952227589907,4.64975845410628,24.724906065485776,0.41599570585077833,5.428073000536768,0.4830917874396135
110,15.599838969404187,41.6129898013956,4.542404723564144,2.6502952227589907,4.64975845410628,24.61755233494364,0.41599570585077833,5.428073000536768,0.4830917874396135
111,15.767579173376275,40.61996779388084,4.488727858293076,2.6502952227589907,4.64975845410628,24.4699409554482,0.41599570585077833,6.454643048845948,0.4830917874396135
112,15.747450348899624,39.93558776167472,5.609232420826624,2.6502952227589907,4.643048845947397,22.128287707997853,0.38915727321524424,8.413848631239935,0.4830917874396135
113,16.129898013955984,39.88862050456253,5.421363392377885,2.6502952227589907,4.609500805152979,21.772678475577028,0.38915727321524424,8.655394524959743,0.4830917874396135
114,16.109769189479334,39.02308105206656,5.421363392377885,2.6502952227589907,4.609500805152979,20.437466451959207,0.38915727321524424,10.876274825550189,0.4830917874396135
115,16.378153515834676,38.88217928073001,5.387815351583468,2.576489533011272,4.5960815888352125,20.437466451959207,0.38915727321524424,10.869565217391305,0.4830917874396135
116,16.59957058507783,38.77482555018787,5.387815351583468,2.7106816961889426,4.575952764358561,20.222758990874933,0.38915727321524424,10.856146001073537,0.4830917874396135
117,16.666666666666668,38.446054750402574,6.488191089640365,2.7106816961889426,4.790660225442834,19.236446591519055,0.3824476650563607,10.795759527643586,0.4830917874396135
118,16.78743961352657,38.32528180354267,6.488191089640365,2.7106816961889426,4.790660225442834,19.236446591519055,0.3824476650563607,10.795759527643586,0.4830917874396135
119,16.867954911433173,38.137412775093935,6.427804616210413,2.7106816961889426,4.777241009125067,19.223027375201287,0.3824476650563607,10.990338164251208,0.4830917874396135
120,17.236983360171767,37.9898013955985,6.327160493827161,2.7106816961889426,4.777241009125067,19.14922168545357,0.3824476650563607,10.943370907139023,0.4830917874396135
121,17.485238862050455,37.31884057971015,6.327160493827161,2.7106816961889426,4.777241009125067,19.592055823939884,0.3824476650563607,10.923242082662373,0.4830917874396135
122,17.639559849704778,37.19135802469136,6.3137412775093935,2.7106816961889426,4.777241009125067,19.578636607622116,0.3824476650563607,10.923242082662373,0.4830917874396135
123,18.06226516371444,36.78878153515835,6.353998926462695,2.831454643048846,4.777241009125067,19.484702093397747,0.3824476650563607,10.836017176596886,0.4830917874396135
124,17.921363392377884,36.65458937198068,6.347289318303811,2.831454643048846,5.756843800322061,18.793612453032743,0.3824476650563607,10.829307568438002,0.4830917874396135
125,18.156199677938808,36.64117015566291,6.347289318303811,2.831454643048846,5.71658615136876,18.612453032742888,0.3824476650563607,10.721953837895867,0.5904455179817498
126,18.223295759527645,36.560654857756305,6.347289318303811,2.7777777777777777,5.71658615136876,18.06226516371444,0.3824476650563607,11.33923778851315,0.5904455179817498
127,18.5654857756307,36.44659151905529,6.347289318303811,2.7643585614600106,5.6964573268921095,17.860976918947934,0.3824476650563607,11.345947396672035,0.5904455179817498
128,18.88083735909823,36.25872249060655,6.320450885668277,2.7643585614600106,5.6964573268921095,17.834138486312398,0.3421900161030596,11.312399355877616,0.5904455179817498
129,18.552066559312937,35.587761674718195,6.159420289855072,3.864734299516908,5.4616210413311865,18.65271068169619,0.3421900161030596,10.789049919484702,0.5904455179817498
130,18.766774020397207,35.38647342995169,6.159420289855072,3.864734299516908,5.448201825013419,18.65271068169619,0.3421900161030596,10.789049919484702,0.5904455179817498
131,18.833870101986044,35.299248523886206,6.159420289855072,4.045893719806763,5.428073000536768,18.646001073537306,0.3421900161030596,10.654857756307031,0.5904455179817498
132,19.008319914117017,35.19189479334407,6.159420289855072,4.045893719806763,5.428073000536768,18.61916264090177,0.3421900161030596,10.61460010735373,0.5904455179817498
133,19.122383252818036,35.10466988727858,6.152710681696189,4.045893719806763,5.428073000536768,18.61916264090177,0.3421900161030596,10.59447128287708,0.5904455179817498
134,19.276704240472355,34.91009125067096,6.152710681696189,5.844068706387547,5.421363392377885,17.726784755770264,0.3421900161030596,9.73564143853999,0.5904455179817498
135,19.91411701556629,34.39345142243693,5.998389694041868,5.844068706387547,5.421363392377885,17.632850241545892,0.3421900161030596,9.863123993558776,0.5904455179817498
136,20.28985507246377,34.346484165324746,5.998389694041868,5.803811057434245,5.421363392377885,17.485238862050455,0.3421900161030596,9.749060654857756,0.5636070853462157
137,19.96779388083736,31.95115405260333,8.581588835212024,5.803811057434245,5.421363392377885,17.619431025228128,0.3421900161030596,9.749060654857756,0.5636070853462157
138,19.95437466451959,30.287171229200215,8.581588835212024,5.803811057434245,5.394524959742351,17.579173376274827,0.3421900161030596,11.493558776167472,0.5636070853462157
139,19.612184648416534,30.280461621041333,9.722222222222221,5.622651637144391,5.642780461621041,17.11621041331186,0.3421900161030596,11.097691894793345,0.5636070853462157
140,19.659151905528716,29.95169082125604,9.581320450885668,5.622651637144391,6.072195383789587,16.847826086956523,0.1610305958132045,11.553945249597424,0.5501878690284487
141,19.26328502415459,29.95169082125604,9.453837895866881,5.756843800322061,6.0587761674718195,14.673913043478262,0.1610305958132045,14.130434782608695,0.5501878690284487
142,19.598765432098766,29.656468062265162,9.25925925925926,5.743424584004294,6.421095008051529,14.673913043478262,0.1610305958132045,14.40552871712292,0.08051529790660225
143,19.524959742351047,29.421631776704242,9.104938271604938,6.488191089640365,6.353998926462695,14.573268921095009,0.1610305958132045,14.2914653784219,0.08051529790660225
144,19.57192699946323,29.394793344068706,9.104938271604938,6.488191089640365,6.353998926462695,14.573268921095009,0.1610305958132045,14.27133655394525,0.08051529790660225
145,19.545088566827697,29.180085882984432,9.856414385399892,6.146001073537305,6.266774020397209,14.49946323134729,0.1610305958132045,14.264626945786366,0.08051529790660225
146,19.900697799248523,29.07944176060118,9.836285560923242,6.0654857756307035,6.239935587761675,14.418947933440688,0.1610305958132045,14.217659688674182,0.08051529790660225
147,20.397208803005906,28.75738056897477,9.829575952764358,6.0587761674718195,6.139291465378422,14.398819108964037,0.1610305958132045,14.17740203972088,0.08051529790660225
148,20.531400966183575,28.670155662909288,9.802737520128824,5.991680085882985,6.105743424584004,14.667203435319378,0.1610305958132045,13.989533011272142,0.08051529790660225
149,20.7662372517445,28.6231884057971,9.802737520128824,5.991680085882985,6.078904991948471,14.55984970477724,0.1610305958132045,13.935856146001074,0.08051529790660225
150,20.92055823939882,28.6231884057971,9.749060654857756,5.964841653247451,6.078904991948471,14.486044015029522,0.1610305958132045,13.935856146001074,0.08051529790660225
151,21.135265700483092,28.59634997316157,9.433709071390231,5.891035963499732,6.078904991948471,14.351851851851851,0.49651100375738055,13.935856146001074,0.08051529790660225
152,21.316425120772948,28.515834675254965,9.406870638754697,5.891035963499732,6.078904991948471,14.351851851851851,0.49651100375738055,13.862050456253355,0.08051529790660225
153,19.632313472893184,26.019860440150296,9.004294149221685,7.9039184111647875,6.011808910359635,17.800590445517983,0.49651100375738055,13.050187869028449,0.08051529790660225
154,19.269994632313473,25.664251207729468,9.004294149221685,9.762479871175524,5.9447128287707995,17.673107890499196,0.49651100375738055,12.104133118625873,0.08051529790660225
155,19.444444444444443,25.51663982823403,9.004294149221685,9.903381642512077,5.938003220611916,17.344337090713903,0.630703166935051,12.13768115942029,0.08051529790660225
156,19.618894256575416,25.51663982823403,8.964036500268385,9.842995169082126,5.938003220611916,17.3040794417606,0.6038647342995169,12.130971551261407,0.08051529790660225
157,19.699409554482017,25.45625335480408,8.964036500268385,9.842995169082126,5.938003220611916,17.28395061728395,0.6038647342995169,12.130971551261407,0.08051529790660225
158,16.465378421900162,21.26945786366076,8.870101986044014,9.453837895866881,22.15512614063339,11.017176596886742,0.46967257112184646,10.218733225979603,0.08051529790660225
159,17.09608158883521,21.195652173913043,8.829844337090714,9.406870638754697,22.128287707997853,10.628019323671497,0.46967257112184646,10.165056360708535,0.08051529790660225
160,16.458668813741276,19.122383252818036,8.829844337090714,9.373322597960279,22.128287707997853,9.594739667203436,0.46967257112184646,13.942565754159958,0.08051529790660225
161,16.478797638217927,19.122383252818036,8.829844337090714,9.373322597960279,22.128287707997853,9.594739667203436,0.46967257112184646,13.922436929683306,0.08051529790660225
162,16.63311862587225,19.122383252818036,8.76274825550188,9.373322597960279,22.088030059044552,9.594739667203436,0.46967257112184646,13.875469672571121,0.08051529790660225
163,16.854535695115406,19.108964036500268,8.76274825550188,9.373322597960279,21.994095544820183,9.581320450885668,0.46967257112184646,13.774825550187868,0.08051529790660225
164,16.820987654320987,19.048577563070317,8.742619431025227,9.373322597960279,21.75925925925926,9.950348899624261,0.46967257112184646,13.754696725711218,0.08051529790660225
165,16.61969940955448,17.62614063338701,8.729200214707461,9.31964573268921,21.69887278582931,9.816156736446592,0.46967257112184646,15.640096618357488,0.08051529790660225
166,16.61969940955448,17.59259259259259,9.581320450885668,8.628556092324208,21.66532474503489,9.588030059044552,0.46967257112184646,15.774288781535159,0.08051529790660225
167,17.082662372517444,17.52549651100376,9.541062801932368,8.61513687600644,21.3768115942029,9.561191626409018,0.46967257112184646,15.747450348899624,0.08051529790660225
168,16.70692431561997,15.029522275899087,9.406870638754697,11.83574879227053,21.3768115942029,9.50751476113795,0.33548040794417605,15.72061191626409,0.08051529790660225
169,16.814278046162105,15.029522275899087,9.380032206119163,11.83574879227053,21.3768115942029,9.50751476113795,0.33548040794417605,15.640096618357488,0.08051529790660225
170,17.01556629092861,15.029522275899087,9.380032206119163,11.768652710681696,21.22249060654858,9.219001610305957,0.33548040794417605,15.841384863123993,0.1878690284487386
171,15.72061191626409,13.399087493290391,8.863392377885132,8.400429414922169,21.141975308641975,18.12265163714439,0.33548040794417605,13.828502415458937,0.1878690284487386
172,15.72061191626409,13.399087493290391,8.863392377885132,8.400429414922169,21.141975308641975,18.12265163714439,0.33548040794417605,13.828502415458937,0.1878690284487386
173,15.633387010198604,13.365539452495975,11.104401502952227,8.205850778314547,20.43075684380032,17.85426731078905,0.2952227589908749,12.922705314009661,0.1878690284487386
174,15.962157809983896,13.197799248523886,11.064143853998926,8.199141170155663,20.40391841116479,17.793880837359097,0.2952227589908749,12.895866881374127,0.1878690284487386
175,16.09634997316157,13.157541599570585,11.064143853998926,8.172302737520129,20.263016639828233,17.780461621041333,0.2952227589908749,12.842190016103059,0.32877079978529256
176,16.25067096081589,13.123993558776167,11.064143853998926,8.145464304884594,20.175791733762747,17.780461621041333,0.2952227589908749,12.835480407944177,0.32877079978529256
177,16.59286097691895,13.077026301663983,11.064143853998926,8.125335480407944,20.115405260332796,17.66639828234031,0.2952227589908749,12.734836285560924,0.32877079978529256
178,16.686795491143318,13.077026301663983,11.057434245840042,8.07836822329576,20.222758990874933,17.612721417069242,0.2952227589908749,12.734836285560924,0.23483628556092323
179,17.028985507246375,13.050187869028449,10.889694041867955,8.07836822329576,20.108695652173914,17.59259259259259,0.5300590445517982,12.486580783682234,0.23483628556092323
180,16.626409017713364,13.030059044551798,9.366612989801396,7.977724100912507,20.108695652173914,19.961084272678477,0.4495437466451959,12.245034889962426,0.23483628556092323
181,17.05582393988191,12.895866881374127,9.31964573268921,7.977724100912507,19.95437466451959,19.900697799248523,0.4495437466451959,12.097423510466989,0.3488996242619431
182,17.223564143854,12.86231884057971,9.31964573268921,7.937466451959206,19.95437466451959,19.83360171765969,0.4495437466451959,12.070585077831455,0.3488996242619431
183,17.24369296833065,12.86231884057971,9.31964573268921,7.937466451959206,19.93424584004294,19.83360171765969,0.4495437466451959,12.070585077831455,0.3488996242619431
184,17.371175523349436,12.86231884057971,9.292807300053678,7.937466451959206,19.89398819108964,19.80005367686527,0.4495437466451959,12.04374664519592,0.3488996242619431
185,17.64626945786366,12.855609232420827,9.25925925925926,7.937466451959206,19.867149758454108,19.672571121846484,0.4495437466451959,11.963231347289318,0.3488996242619431
186,18.06226516371444,12.842190016103059,9.366612989801396,7.877079978529254,19.618894256575416,19.605475040257648,0.4495437466451959,11.855877616747183,0.322061191626409
187,18.397745571658614,12.761674718196458,9.326355340848094,7.87037037037037,19.444444444444443,19.605475040257648,0.4495437466451959,11.822329575952764,0.322061191626409
188,18.59903381642512,12.674449812130971,9.306226516371444,7.971014492753623,19.41760601180891,19.558507783145465,0.4495437466451959,11.701556629092861,0.322061191626409
189,18.887546967257112,12.52012882447665,9.306226516371444,7.971014492753623,19.32367149758454,19.51825013419216,0.4495437466451959,11.701556629092861,0.322061191626409
190,19.350509930220074,12.392646269457863,9.23913043478261,7.930756843800322,19.26328502415459,19.35721953837896,0.4495437466451959,11.694847020933977,0.322061191626409
191,19.558507783145465,12.385936661298981,9.225711218464841,7.924047235641439,19.155931293612454,19.290123456790123,0.4495437466451959,11.688137412775093,0.322061191626409
192,19.786634460547504,12.385936661298981,9.158615136876007,7.9106280193236715,19.04186795491143,19.223027375201287,0.4495437466451959,11.58749329039184,0.4562533548040794
193,19.860440150295222,12.372517444981213,9.158615136876007,7.9106280193236715,19.04186795491143,19.16935050993022,0.4495437466451959,11.580783682232958,0.4562533548040794
194,20.021470746108427,12.352388620504563,9.158615136876007,7.9106280193236715,19.03515834675255,19.11567364465915,0.4495437466451959,11.500268384326356,0.4562533548040794
195,20.209339774557165,12.352388620504563,9.145195920558239,7.890499194847021,18.887546967257112,19.108964036500268,0.4495437466451959,11.500268384326356,0.4562533548040794
196,20.303274288781534,12.345679012345679,9.145195920558239,7.890499194847021,18.84728931830381,19.07541599570585,0.4495437466451959,11.486849168008588,0.4562533548040794
197,20.41062801932367,12.345679012345679,9.084809447128288,7.648953301127214,18.84728931830381,19.04186795491143,0.4495437466451959,11.486849168008588,0.6843800322061192
198,20.551529790660226,12.332259796027913,9.782608695652174,8.655394524959743,17.98174986580784,18.840579710144926,0.4495437466451959,10.721953837895867,0.6843800322061192
199,20.685721953837895,12.31213097155126,9.762479871175524,8.715780998389693,17.894524959742352,18.605743424584006,0.6709608158883521,10.674986580783683,0.6776704240472357
200,20.52469135802469,12.151100375738057,9.762479871175524,9.07139023081052,17.894524959742352,18.46484165324745,0.6709608158883521,10.782340311325818,0.6776704240472357
201,21.215780998389693,12.151100375738057,9.621578099838969,8.984165324745035,17.8743961352657,18.02200751476114,0.6709608158883521,10.782340311325818,0.6776704240472357
202,21.32313472893183,12.117552334943639,9.601449275362318,8.984165324745035,17.860976918947934,18.00858829844337,0.6709608158883521,10.755501878690284,0.6776704240472357
203,21.544551798174986,12.050456253354804,9.64170692431562,9.178743961352657,17.67981749865808,17.98174986580784,0.6374127750939346,10.607890499194847,0.6776704240472357
204,21.544551798174986,11.969940955448202,9.64170692431562,9.16532474503489,17.66639828234031,17.954911433172303,0.6374127750939346,10.742082662372518,0.6776704240472357
205,21.826355340848096,11.949812130971551,9.588030059044552,9.16532474503489,17.66639828234031,17.914653784219002,0.6374127750939346,10.57434245840043,0.6776704240472357
206,22.094739667203434,11.949812130971551,9.574610842726784,9.158615136876007,17.632850241545892,17.85426731078905,0.6374127750939346,10.446859903381643,0.6508319914117016
207,22.31615673644659,11.849168008588299,9.574610842726784,9.158615136876007,17.619431025228128,17.52549651100376,0.8990874932903918,10.433440687063875,0.6239935587761675
208,22.477187332259795,11.822329575952764,9.842995169082126,8.856682769726248,17.55233494363929,17.498658078368223,0.8990874932903918,10.426731078904991,0.6239935587761675
209,22.725442834138487,11.735104669887278,9.829575952764358,8.836553945249598,17.518786902844873,17.45169082125604,0.8990874932903918,10.379763821792807,0.6239935587761675
210,22.86634460547504,11.694847020933977,9.822866344605474,8.836553945249598,17.45169082125604,17.424852388620504,0.8990874932903918,10.379763821792807,0.6239935587761675
211,23.047504025764894,11.654589371980677,9.816156736446592,8.82313472893183,17.424852388620504,17.351046698872786,0.8990874932903918,10.359634997316157,0.6239935587761675
212,23.470209339774556,11.60762211486849,9.728931830381105,8.80300590445518,17.398013955984972,17.156468062265162,0.8856682769726248,10.326086956521738,0.6239935587761675
213,23.718464841653248,11.60762211486849,9.574610842726784,8.776167471819646,17.398013955984972,17.136339237788512,0.8856682769726248,10.279119699409554,0.6239935587761675
214,24.074074074074073,11.480139559849706,9.534353193773484,8.756038647342995,17.257112184648417,17.062533548040793,0.8856682769726248,10.326086956521738,0.6239935587761675
215,16.11647879763822,34.916800858829845,6.092324208266238,8.393719806763285,11.701556629092861,12.915995705850777,0.8454106280193237,8.393719806763285,0.6239935587761675
216,16.317767042404725,34.80944712828771,6.078904991948471,8.393719806763285,11.701556629092861,12.882447665056361,0.8252818035426731,8.36688137412775,0.6239935587761675
217,16.532474503488995,34.60144927536232,5.998389694041868,8.655394524959743,11.694847020933977,12.788513150831992,0.8252818035426731,8.279656468062266,0.6239935587761675
218,16.25067096081589,34.044551798174986,5.984970477724101,10.104669887278583,11.66129898013956,12.788513150831992,0.6575415995705851,7.883789586688137,0.6239935587761675
219,16.42512077294686,33.81642512077295,5.911164787976382,10.104669887278583,11.66129898013956,12.761674718196458,0.6575415995705851,8.038110574342458,0.6239935587761675
220,15.60654857756307,29.965110037573805,5.897745571658615,9.728931830381105,9.802737520128824,19.806763285024154,0.6575415995705851,7.9106280193236715,0.6239935587761675
221,15.76086956521739,29.898013955984972,5.884326355340848,9.728931830381105,9.796027911969942,19.806763285024154,0.6575415995705851,7.9106280193236715,0.5568974771873323
222,15.942028985507246,29.898013955984972,5.844068706387547,9.688674181427805,9.782608695652174,19.75979602791197,0.6575415995705851,7.883789586688137,0.5434782608695652
223,16.29092860976919,29.716854535695116,5.844068706387547,9.688674181427805,9.728931830381105,19.732957595276435,0.6508319914117016,7.803274288781535,0.5434782608695652
224,16.51905528717123,29.51556629092861,5.844068706387547,9.688674181427805,9.702093397745571,19.732957595276435,0.6508319914117016,7.803274288781535,0.5434782608695652
225,16.7337627482555,29.448470209339774,5.844068706387547,9.681964573268921,9.702093397745571,19.699409554482017,0.6508319914117016,7.695920558239399,0.5434782608695652
226,17.062533548040793,29.435050993022006,5.736714975845411,9.66183574879227,9.702093397745571,19.51154052603328,0.6508319914117016,7.695920558239399,0.5434782608695652
227,17.16988727858293,29.435050993022006,5.723295759527644,9.66183574879227,9.695383789586689,19.444444444444443,0.6508319914117016,7.682501341921632,0.5367686527106817
228,17.250402576489535,29.367954911433173,5.723295759527644,9.66183574879227,9.695383789586689,19.43102522812668,0.6508319914117016,7.682501341921632,0.5367686527106817
229,17.357756307031668,29.300858829844337,5.723295759527644,9.648416532474503,9.688674181427805,19.43102522812668,0.6508319914117016,7.6623725174449815,0.5367686527106817
230,17.54562533548041,29.180085882984432,5.723295759527644,9.621578099838969,9.66183574879227,19.43102522812668,0.6508319914117016,7.648953301127214,0.5367686527106817
231,17.72007514761138,29.180085882984432,5.723295759527644,9.608158883521202,9.634997316156737,19.33709071390231,0.6508319914117016,7.608695652173913,0.5367686527106817
232,17.398013955984972,28.522544283413847,7.387278582930757,9.326355340848094,9.541062801932368,19.028448738593667,0.6508319914117016,7.608695652173913,0.5367686527106817
233,17.518786902844873,28.428609769189478,7.387278582930757,9.326355340848094,9.534353193773484,18.907675791733762,0.7648953301127214,7.595276435856146,0.5367686527106817
234,17.92807300053677,28.348094471282877,7.286634460547504,9.172034353193773,9.534353193773484,18.833870101986044,0.7648953301127214,7.595276435856146,0.5367686527106817
235,18.04213633923779,28.307836822329577,7.4141170155662905,9.172034353193773,9.520933977455716,18.78690284487386,0.7648953301127214,7.454374664519592,0.5367686527106817
236,18.109232420826622,28.29441760601181,7.4141170155662905,9.145195920558239,9.520933977455716,18.760064412238325,0.7648953301127214,7.454374664519592,0.5367686527106817
237,18.364197530864196,28.28099838969404,7.407407407407407,9.145195920558239,9.41358024691358,18.733225979602793,0.7648953301127214,7.353730542136339,0.5367686527106817
238,18.511808910359633,28.24074074074074,7.367149758454106,9.104938271604938,9.406870638754697,18.71309715512614,0.7648953301127214,7.353730542136339,0.5367686527106817
239,18.666129898013956,28.207192699946322,7.367149758454106,9.104938271604938,9.333064949006978,18.69296833064949,0.7648953301127214,7.326892109500805,0.5367686527106817
240,18.88083735909823,27.945517981749866,7.367149758454106,9.29951690821256,9.31964573268921,18.65271068169619,0.7648953301127214,7.232957595276436,0.5367686527106817
241,19.00161030595813,27.636876006441224,7.360440150295223,9.514224369296834,9.31964573268921,18.364197530864196,1.0332796564680622,7.232957595276436,0.5367686527106817
242,19.108964036500268,27.334943639291467,7.360440150295223,9.494095544820183,9.292807300053678,18.33064949006978,1.0332796564680622,7.50805152979066,0.5367686527106817
243,19.028448738593667,27.30810520665593,7.253086419753086,9.494095544820183,9.185453569511541,18.317230273752013,1.3687600644122384,7.50805152979066,0.5367686527106817
244,19.256575415995705,27.241009125067094,7.185990338164252,9.520933977455716,9.158615136876007,18.297101449275363,1.3620504562533549,7.440955448201825,0.5367686527106817
245,19.41760601180891,27.093397745571657,7.185990338164252,9.500805152979066,9.158615136876007,18.089103596349972,1.5767579173376274,7.440955448201825,0.5367686527106817
246,19.692699946323135,26.972624798711756,7.1725711218464845,9.534353193773484,9.158615136876007,17.94820182501342,1.5633387010198605,7.4208266237251745,0.5367686527106817
247,19.699409554482017,26.972624798711756,7.1658615136876005,9.534353193773484,9.158615136876007,17.94820182501342,1.5633387010198605,7.4208266237251745,0.5367686527106817
248,19.75979602791197,26.972624798711756,7.1658615136876005,9.50751476113795,9.158615136876007,17.934782608695652,1.5633387010198605,7.4006977992485234,0.5367686527106817
249,19.847020933977454,25.925925925925927,7.065217391304348,9.50751476113795,9.158615136876007,17.901234567901234,1.5633387010198605,8.494363929146537,0.5367686527106817
250,20.014761137949545,25.885668276972623,7.058507783145465,9.453837895866881,9.118357487922705,17.8743961352657,1.5633387010198605,8.494363929146537,0.5367686527106817
251,20.155662909286097,25.811862587224905,7.058507783145465,9.453837895866881,9.118357487922705,17.860976918947934,1.5633387010198605,8.440687063875469,0.5367686527106817
252,20.209339774557165,25.79844337090714,7.058507783145465,9.453837895866881,9.111647879763822,17.834138486312398,1.5633387010198605,8.433977455716587,0.5367686527106817
253,20.29656468062265,25.41599570585078,7.0383789586688135,9.453837895866881,9.084809447128288,17.733494363929147,1.5633387010198605,8.876811594202898,0.5367686527106817
254,20.363660762211488,25.295222758990874,7.0383789586688135,9.440418679549115,9.084809447128288,17.69994632313473,1.5633387010198605,8.977455716586151,0.5367686527106817
255,20.585077831454644,25.161030595813205,7.0383789586688135,9.420289855072463,8.943907675791733,17.599302200751477,1.751207729468599,8.964036500268385,0.5367686527106817
256,20.739398819108963,25.161030595813205,7.0383789586688135,9.198872785829307,9.125067096081589,17.485238862050455,1.751207729468599,8.964036500268385,0.5367686527106817
257,20.840042941492218,25.05367686527107,6.816961889425658,8.152173913043478,10.755501878690284,17.371175523349436,1.751207729468599,8.722490606548577,0.5367686527106817
