,45,50,55,51,52,53,54,60,57,56,58,59,61,62,46
0,97.86634460547504,2.13365539452496,,,,,,,,,,,,,
1,97.44363929146537,2.5429414922168547,0.013419216317767043,,,,,,,,,,,,
2,97.0679012345679,2.898550724637681,0.03354804079441761,,,,,,,,,,,,
3,81.70289855072464,17.733494363929147,0.5636070853462157,,,,,,,,,,,,
4,67.78717122920021,31.635802469135804,0.5636070853462157,0.013419216317767043,,,,,,,,,,,
5,63.63392377885131,33.70907139023081,0.6038647342995169,0.6575415995705851,0.013419216317767043,0.020128824476650563,1.3620504562533549,,,,,,,,
6,62.82206119162641,33.601717659688674,0.6038647342995169,0.6575415995705851,0.013419216317767043,0.9393451422436929,1.3620504562533549,,,,,,,,
7,62.7012882447665,33.63526570048309,0.6172839506172839,0.7313472893183038,0.013419216317767043,0.9393451422436929,1.3620504562533549,,,,,,,,
8,61.33252818035427,34.91009125067096,0.7112184648416533,0.7313472893183038,0.013419216317767043,0.9393451422436929,1.328502415458937,0.03354804079441761,,,,,,,
9,61.16478797638218,35.07112184648417,0.7179280730005367,0.7313472893183038,0.013419216317767043,0.9393451422436929,1.328502415458937,0.03354804079441761,,,,,,,
10,60.93666129898014,35.29253891572732,0.7313472893183038,0.7313472893183038,0.013419216317767043,0.9326355340848095,1.328502415458937,0.03354804079441761,,,,,,,
11,60.527375201288244,35.50053676865271,0.7917337627482555,0.7648953301127214,0.12077294685990338,0.9326355340848095,1.3016639828234031,0.06038647342995169,,,,,,,
12,57.2061191626409,38.747987117552334,0.8655394524959742,0.7648953301127214,0.12077294685990338,0.9326355340848095,1.3016639828234031,0.06038647342995169,,,,,,,
13,57.045088566827694,38.77482555018787,0.95276435856146,0.7648953301127214,0.12077294685990338,0.9192163177670424,1.3620504562533549,0.06038647342995169,,,,,,,
14,52.28797638217928,31.548577563070317,0.9594739667203436,0.7648953301127214,12.130971551261407,0.8252818035426731,1.3620504562533549,0.06038647342995169,0.06038647342995169,,,,,,
15,51.878690284487384,31.810252281266774,0.9796027911969941,0.8655394524959742,12.030327428878154,0.8252818035426731,1.3955984970477724,0.06038647342995169,0.06038647342995169,0.0939345142243693,,,,,
16,51.12050456253355,30.139559849704778,0.9460547504025765,0.9997316156736447,14.358561460010735,0.8252818035426731,1.3955984970477724,0.06038647342995169,0.06038647342995169,0.0939345142243693,,,,,
17,44.20960815888352,36.94981213097155,1.0466988727858293,1.482823403113258,14.2914653784219,0.8252818035426731,0.9259259259259259,0.06038647342995169,0.11406333870101985,0.0939345142243693,,,,,
18,44.16935050993022,36.91626409017714,1.1205045625335481,1.482823403113258,14.204240472356414,0.8252818035426731,0.9259259259259259,0.06038647342995169,0.0939345142243693,0.20128824476650564,,,,,
19,43.552066559312934,34.78931830381106,1.06682769726248,15.08990874932904,3.549382716049383,0.8252818035426731,0.9259259259259259,0.06038647342995169,0.03354804079441761,0.10735373054213634,,,,,
20,43.41116478797638,34.90338164251208,1.0802469135802468,14.895330112721417,3.549382716049383,0.8252818035426731,0.9259259259259259,0.06038647342995169,0.03354804079441761,0.3153515834675255,,,,,
21,40.61325818572195,34.675254965110035,1.1205045625335481,18.276972624798713,2.7777777777777777,0.8252818035426731,1.2681159420289856,0.06038647342995169,0.03354804079441761,0.3488996242619431,,,,,
22,40.4320987654321,34.86983360171766,1.2010198604401503,18.19645732689211,2.7777777777777777,0.8252818035426731,1.2681159420289856,0.06038647342995169,0.03354804079441761,0.33548040794417605,,,,,
23,39.97584541062802,34.225711218464845,1.2278582930756843,15.707192699946322,2.0397208803005906,4.7101449275362315,1.261406333870102,0.06038647342995169,0.06038647342995169,0.7313472893183038,,,,,
24,37.003488996242616,36.97665056360709,1.3217928073000538,15.774288781535159,2.0397208803005906,4.770531400966184,1.261406333870102,0.06038647342995169,0.06038647342995169,0.7313472893183038,,,,,
25,29.260601180891037,47.49060654857756,1.2748255501878691,12.962962962962964,2.033011272141707,4.864465915190553,1.261406333870102,0.06038647342995169,0.06038647342995169,0.7313472893183038,,,,,
26,28.884863123993558,47.24906065485776,1.442565754159957,13.16425120772947,2.033011272141707,4.931561996779388,1.3016639828234031,0.06038647342995169,0.06038647342995169,0.8588298443370908,0.013419216317767043,,,,
27,28.891572732152444,47.195383789586685,1.4895330112721417,13.110574342458401,2.033011272141707,4.931561996779388,1.3016639828234031,0.06038647342995169,0.06038647342995169,0.9125067096081588,0.013419216317767043,,,,
28,28.710413311862588,46.752549651100374,2.1135265700483092,13.110574342458401,2.033011272141707,4.931561996779388,1.3016639828234031,0.06038647342995169,0.06038647342995169,0.9125067096081588,0.013419216317767043,,,,
29,28.153515834675254,40.53274288781535,1.9592055823939882,20.101986044015028,1.932367149758454,4.931561996779388,1.3419216317767042,0.06038647342995169,0.06038647342995169,0.9125067096081588,0.013419216317767043,,,,
30,28.079710144927535,39.66720343531938,2.0263016639828235,20.101986044015028,1.9189479334406871,4.924852388620504,2.214170692431562,0.06038647342995169,0.07380568974771873,0.9125067096081588,0.020128824476650563,,,,
31,27.74422973698336,38.1508319914117,3.730542136339238,20.068438003220614,1.9189479334406871,4.998658078368224,2.2611379495437465,0.08722490606548577,0.0939345142243693,0.9259259259259259,0.020128824476650563,,,,
32,27.596618357487923,37.25174449812131,3.824476650563607,19.93424584004294,1.9726247987117553,5.971551261406334,2.2611379495437465,0.08722490606548577,0.0939345142243693,0.9863123993558777,0.020128824476650563,,,,
33,19.558507783145465,45.35024154589372,4.0995705850778315,19.585346215780998,1.9726247987117553,5.971551261406334,2.2611379495437465,0.08722490606548577,0.0939345142243693,0.9997316156736447,0.020128824476650563,,,,
34,19.524959742351047,44.37734836285561,4.0995705850778315,19.585346215780998,1.9726247987117553,6.971282877079979,2.2611379495437465,0.08722490606548577,0.0939345142243693,0.9997316156736447,0.026838432635534086,,,,
35,19.04186795491143,40.552871712292,3.965378421900161,19.384057971014492,1.9726247987117553,11.506977992485238,2.1135265700483092,0.08722490606548577,0.0939345142243693,1.133923778851315,0.06038647342995169,0.08722490606548577,,,
36,18.310520665593128,39.170692431561996,3.978797638217928,17.236983360171767,4.797369833601718,12.902576489533011,2.1135265700483092,0.10735373054213634,0.10735373054213634,1.1205045625335481,0.06038647342995169,0.08722490606548577,0.0067096081588835215,,
37,18.310520665593128,39.049919484702095,3.8580246913580245,17.163177670424048,4.777241009125067,12.835480407944177,2.1135265700483092,0.2549651100375738,0.2214170692431562,1.2412775093934514,0.06038647342995169,0.10735373054213634,0.0067096081588835215,,
38,18.183038110574344,38.95598497047772,3.851315083199141,17.20343531937735,4.864465915190553,12.828770799785293,2.1135265700483092,0.2549651100375738,0.24825550187869028,1.2748255501878691,0.08051529790660225,0.13419216317767044,0.0067096081588835215,,
39,18.203166935050994,38.94256575415996,3.851315083199141,17.176596886741816,4.864465915190553,12.788513150831992,2.1135265700483092,0.2549651100375738,0.24825550187869028,1.3016639828234031,0.11406333870101985,0.13419216317767044,0.0067096081588835215,,
40,17.002147074610843,36.30568974771873,3.9049919484702094,21.75925925925926,4.810789049919484,11.916264090177133,2.1135265700483092,0.2549651100375738,0.24825550187869028,1.3620504562533549,0.18115942028985507,0.13419216317767044,0.0067096081588835215,,
41,15.24422973698336,34.88325281803543,3.9318303811057436,25.37573805689748,4.757112184648417,11.332528180354267,2.1135265700483092,0.2549651100375738,0.36902844873859364,1.415727321524423,0.18115942028985507,0.13419216317767044,0.0067096081588835215,,
42,12.493290391841116,30.52200751476114,3.8177670424047236,34.312936124530324,1.556629092860977,11.332528180354267,3.4822866344605474,0.2549651100375738,0.3153515834675255,1.5901771336553945,0.18115942028985507,0.13419216317767044,0.0067096081588835215,,
43,12.486580783682234,30.52871712292002,3.965378421900161,34.01771336553945,1.556629092860977,11.332528180354267,3.4822866344605474,0.2549651100375738,0.3153515834675255,1.737788513150832,0.18115942028985507,0.13419216317767044,0.0067096081588835215,,
44,10.420021470746109,27.361782071927,4.012345679012346,42.310789049919485,1.556629092860977,8.80300590445518,3.2877079978529253,0.27509393451422437,0.3153515834675255,1.3754696725711217,0.14761137949543746,0.13419216317767044,,,
45,10.151637144390767,25.650831991411703,4.052603327965647,41.4922168545357,1.556629092860977,11.54723564143854,3.240740740740741,0.322061191626409,0.20128824476650564,1.482823403113258,0.14761137949543746,0.15432098765432098,,,
46,10.178475577026301,25.603864734299517,4.1129898013955986,41.23054213633924,1.556629092860977,11.54723564143854,3.2340311325818574,0.322061191626409,0.20128824476650564,1.710950080515298,0.14761137949543746,0.15432098765432098,,,
47,10.218733225979603,25.5300590445518,4.186795491143317,41.2037037037037,1.556629092860977,11.520397208803006,3.227321524422974,0.32877079978529256,0.20128824476650564,1.724369296833065,0.14761137949543746,0.15432098765432098,,,
48,10.205314009661835,23.49033816425121,3.730542136339238,39.69404186795491,6.347289318303811,10.748792270531402,3.374932903918411,0.20128824476650564,0.23483628556092323,1.7847557702630166,0.12077294685990338,0.06709608158883522,,,
49,10.171765968867419,23.47691894793344,3.844605475040258,39.58668813741278,6.3137412775093935,10.735373054213634,3.374932903918411,0.20128824476650564,0.2616747181964573,1.8250134192163177,0.14090177133655393,0.06709608158883522,,,
50,10.218733225979603,23.18840579710145,4.126409017713366,38.53327965646806,6.3137412775093935,11.721685453569512,3.374932903918411,0.20128824476650564,0.2885131508319914,1.8250134192163177,0.14090177133655393,0.06709608158883522,,,
51,10.225442834138486,23.17498658078368,4.139828234031133,38.405797101449274,6.3137412775093935,11.674718196457327,3.374932903918411,0.20128824476650564,0.3757380568974772,1.90552871712292,0.14090177133655393,0.06709608158883522,,,
52,10.084541062801932,22.31615673644659,4.7101449275362315,38.59366612989801,6.910896403650026,10.493827160493828,3.2877079978529253,0.20128824476650564,0.49651100375738055,2.717391304347826,0.14090177133655393,0.04696725711218465,,,
53,9.997316156736447,21.967257112184647,5.146269457863661,38.59366612989801,6.89747718733226,10.493827160493828,3.2877079978529253,0.20128824476650564,0.5099302200751477,2.717391304347826,0.14090177133655393,0.04696725711218465,,,
54,9.96376811594203,21.75925925925926,5.414653784219001,38.33870101986044,6.890767579173376,10.44015029522276,3.321256038647343,0.20128824476650564,0.5166398282340311,2.918679549114332,0.1878690284487386,0.04696725711218465,,,
55,9.96376811594203,21.524422973698336,5.407944176060118,36.882716049382715,6.890767579173376,12.037037037037036,3.321256038647343,0.23483628556092323,0.5166398282340311,2.985775630703167,0.1878690284487386,0.04696725711218465,,,
56,9.977187332259795,21.423778851315085,5.528717122920021,36.782071926999464,6.884057971014493,12.037037037037036,3.33467525496511,0.23483628556092323,0.5099302200751477,3.052871712292002,0.1878690284487386,0.04696725711218465,,,
57,9.675254965110037,21.128556092324207,5.528717122920021,35.560923242082666,8.735909822866345,11.876006441223833,3.3279656468062266,0.23483628556092323,0.5099302200751477,3.140096618357488,0.20128824476650564,0.08051529790660225,,,
58,9.66183574879227,21.081588835212024,5.622651637144391,33.803005904455176,8.61513687600644,13.747987117552334,3.3279656468062266,0.2214170692431562,0.6105743424584005,2.999194847020934,0.2281266774020397,0.08051529790660225,,,
59,9.534353193773484,20.8467525496511,5.763553408480945,33.64868491680086,9.702093397745571,12.942834138486312,3.3279656468062266,0.2214170692431562,0.6374127750939346,3.0595813204508855,0.19457863660762212,0.12077294685990338,,,
60,9.39345142243693,20.813204508856682,5.850778314546431,33.400429414922165,9.802737520128824,12.942834138486312,3.3279656468062266,0.2214170692431562,0.6374127750939346,3.294417606011809,0.19457863660762212,0.12077294685990338,,,
61,9.39345142243693,20.685721953837895,5.46833064949007,32.930756843800324,9.863123993558776,13.788244766505636,3.3279656468062266,0.2214170692431562,0.6642512077294686,3.2675791733762747,0.2683843263553409,0.12077294685990338,,,
62,9.333064949006978,20.725979602791195,5.528717122920021,34.064680622651636,9.816156736446592,12.801932367149758,3.4688674181427803,0.2214170692431562,0.6776704240472357,3.012614063338701,0.2281266774020397,0.12077294685990338,,,
63,9.057971014492754,19.068706387546968,5.475040257648954,39.432367149758456,9.138486312399356,10.151637144390767,3.455448201825013,0.2214170692431562,0.7380568974771873,2.9253891572732154,0.24825550187869028,0.08722490606548577,,,
64,9.057971014492754,18.50509930220075,6.038647342995169,35.81588835212023,9.138486312399356,10.151637144390767,7.078636607622115,0.2214170692431562,0.7380568974771873,2.918679549114332,0.24825550187869028,0.08722490606548577,,,
65,9.07139023081052,18.491680085882983,6.038647342995169,35.79575952764358,9.138486312399356,10.11808910359635,7.078636607622115,0.2214170692431562,0.7648953301127214,2.918679549114332,0.27509393451422437,0.08722490606548577,,,
66,8.507783145464305,16.988727858293075,5.870907139023081,39.29817498658078,9.07139023081052,9.225711218464841,6.515029522275899,0.2214170692431562,0.7648953301127214,3.026033279656468,0.4227053140096618,0.08722490606548577,,,
67,8.527911969940956,16.988727858293075,5.971551261406334,39.15727321524423,9.064680622651638,9.212292002147075,6.488191089640365,0.24825550187869028,0.7648953301127214,3.066290928609769,0.4227053140096618,0.08722490606548577,,,
68,8.541331186258722,16.961889425657542,6.011808910359635,39.01637144390767,8.957326892109501,9.198872785829307,6.595544820182502,0.24825550187869028,0.7648953301127214,3.193773483628556,0.4227053140096618,0.08722490606548577,,,
69,8.507783145464305,16.955179817498657,6.011808910359635,38.02334943639291,10.44015029522276,9.225711218464841,5.911164787976382,0.24825550187869028,0.8387010198604401,3.3279656468062266,0.4227053140096618,0.08722490606548577,,,
70,7.568438003220612,15.143585614600108,4.8376274825550185,41.82098765432099,10.46027911969941,9.695383789586689,5.307300053676865,0.27509393451422437,0.8387010198604401,3.5426731078904994,0.4227053140096618,0.08722490606548577,,,
71,7.615405260332796,15.143585614600108,5.656199677938808,40.98899624261943,10.46027911969941,9.695383789586689,5.307300053676865,0.27509393451422437,0.8387010198604401,3.5091250670960816,0.4227053140096618,0.08722490606548577,,,
72,7.581857219538379,14.459205582393988,5.495169082125604,43.565485775630705,8.870101986044014,9.400161030595813,5.307300053676865,0.27509393451422437,0.9460547504025765,3.589640365002684,0.4227053140096618,0.08722490606548577,,,
73,7.581857219538379,14.432367149758454,6.1862587224906065,42.96833064949007,8.776167471819646,9.366612989801396,5.173107890499195,0.2549651100375738,1.0466988727858293,3.656736446591519,0.46967257112184646,0.08722490606548577,,,
74,7.581857219538379,14.432367149758454,6.280193236714976,42.86768652710682,8.769457863660762,9.366612989801396,5.173107890499195,0.2549651100375738,1.0735373054213635,3.643317230273752,0.46967257112184646,0.08722490606548577,,,
75,7.474503488996243,14.251207729468598,6.407675791733762,42.8341384863124,8.769457863660762,9.339774557165862,5.173107890499195,0.2549651100375738,1.0735373054213635,3.8378958668813743,0.49651100375738055,0.08722490606548577,,,
76,7.440955448201825,13.942565754159958,5.555555555555555,42.66639828234031,10.581052066559312,9.339774557165862,5.119431025228127,0.10735373054213634,0.8789586688137413,3.784219001610306,0.49651100375738055,0.08722490606548577,,,
77,7.434245840042942,13.6406333870102,6.233225979602791,38.747987117552334,14.04320987654321,9.245840042941492,5.119431025228127,0.10735373054213634,0.8923778851315083,3.8848631239935587,0.5636070853462157,0.08722490606548577,,,
78,7.4208266237251745,13.546698872785829,6.1929683306494905,38.7211486849168,14.04320987654321,9.212292002147075,5.267042404723564,0.10735373054213634,0.9326355340848095,3.8714439076757916,0.5971551261406334,0.08722490606548577,,,
79,7.4006977992485234,13.526570048309178,6.582125603864735,37.76167471819646,13.023349436392914,11.513687600644122,5.253623188405797,0.10735373054213634,0.8118625872249061,3.3548040794417604,0.5770263016639828,0.08722490606548577,,,
80,7.4141170155662905,13.513150831991412,6.595544820182502,37.7012882447665,13.01663982823403,11.513687600644122,5.253623188405797,0.10735373054213634,0.8185721953837896,3.4017713365539453,0.5770263016639828,0.08722490606548577,,,
81,7.4208266237251745,13.533279656468062,6.5552871712292005,37.67444981213097,13.01663982823403,11.480139559849706,5.293880837359098,0.10735373054213634,0.8185721953837896,3.4017713365539453,0.5770263016639828,0.12077294685990338,,,
82,7.4208266237251745,13.506441223832528,6.595544820182502,37.59393451422437,12.714707461084272,11.446591519055287,5.293880837359098,0.10735373054213634,1.1205045625335481,3.4688674181427803,0.6105743424584005,0.12077294685990338,,,
83,7.4141170155662905,12.795222758990874,6.018518518518518,40.995705850778315,10.68840579710145,11.446591519055287,5.293880837359098,0.08722490606548577,0.8789586688137413,3.6500268384326353,0.6105743424584005,0.12077294685990338,,,
84,7.454374664519592,12.647611379495437,6.146001073537305,40.98228663446055,10.661567364465915,11.439881910896403,5.280461621041331,0.11406333870101985,0.8789586688137413,3.6634460547504024,0.6105743424584005,0.12077294685990338,,,
85,6.139291465378422,34.004294149221685,5.931293612453032,30.669618894256576,7.058507783145465,2.61003757380569,10.305958132045088,0.0939345142243693,0.41599570585077833,2.522812667740204,0.24825550187869028,,,,
86,6.146001073537305,33.984165324745035,5.870907139023081,30.69645732689211,7.0450885668276975,2.61003757380569,10.305958132045088,0.0939345142243693,0.4025764895330113,2.522812667740204,0.2885131508319914,0.03354804079441761,,,
87,6.159420289855072,33.9170692431562,5.8239398819108965,27.596618357487923,10.272410091250672,2.61003757380569,10.292538915727322,0.0939345142243693,0.4294149221685454,2.4825550187869028,0.2885131508319914,0.03354804079441761,,,
88,6.152710681696189,33.863392377885134,5.917874396135265,27.428878153515836,10.326086956521738,2.61003757380569,10.285829307568438,0.0939345142243693,0.4428341384863124,2.5563607085346214,0.2885131508319914,0.03354804079441761,,,
89,6.025228126677402,33.72920021470746,5.958132045088567,26.90552871712292,10.339506172839506,2.623456790123457,10.285829307568438,0.0939345142243693,0.4428341384863124,3.2742887815351582,0.2885131508319914,0.03354804079441761,,,
90,6.025228126677402,33.51449275362319,6.025228126677402,26.81159420289855,10.305958132045088,2.623456790123457,10.466988727858293,0.0939345142243693,0.4428341384863124,3.3682232957595275,0.2885131508319914,0.03354804079441761,,,
91,6.038647342995169,33.353462157809986,6.246645195920558,26.704240472356414,10.272410091250672,2.623456790123457,10.466988727858293,0.0939345142243693,0.46967257112184646,3.408480944712829,0.2885131508319914,0.03354804079441761,,,
92,6.038647342995169,33.011272141706925,6.0654857756307035,24.228395061728396,13.627214170692431,2.623456790123457,10.050993022007514,0.0939345142243693,0.4830917874396135,3.227321524422974,0.3757380568974772,0.17444981213097155,,,
93,5.904455179817498,33.071658615136876,6.273483628556092,24.228395061728396,13.627214170692431,2.623456790123457,9.836285560923242,0.0939345142243693,0.4830917874396135,3.227321524422974,0.3757380568974772,0.2549651100375738,,,
94,5.917874396135265,32.387278582930755,6.910896403650026,24.188137412775095,13.620504562533547,2.623456790123457,9.728931830381105,0.0939345142243693,0.4830917874396135,3.2541599570585076,0.3757380568974772,0.41599570585077833,,,
95,5.931293612453032,32.024959742351044,7.219538378958669,24.10091250670961,13.6808910359635,2.623456790123457,9.695383789586689,0.0939345142243693,0.5568974771873323,3.280998389694042,0.3757380568974772,0.41599570585077833,,,
96,5.904455179817498,31.884057971014492,7.454374664519592,24.033816425120772,13.6808910359635,2.623456790123457,9.695383789586689,0.0939345142243693,0.5568974771873323,3.280998389694042,0.3757380568974772,0.41599570585077833,,,
97,5.938003220611916,31.796833064949006,7.541599570585078,23.839237788513152,13.6808910359635,2.623456790123457,9.688674181427805,0.0939345142243693,0.5568974771873323,3.475577026301664,0.3757380568974772,0.38915727321524424,,,
98,5.904455179817498,31.011808910359633,7.521470746108427,23.637949543746647,13.6406333870102,2.818035426731079,10.352925389157273,0.0939345142243693,0.5837359098228664,3.643317230273752,0.3757380568974772,0.41599570585077833,,,
99,5.891035963499732,30.938003220611915,7.5348899624261945,23.637949543746647,13.667471819645733,2.818035426731079,10.299248523886206,0.0939345142243693,0.6843800322061192,3.643317230273752,0.3757380568974772,0.41599570585077833,,,
100,5.877616747181965,30.92458400429415,7.601986044015029,23.557434245840042,13.654052603327965,2.831454643048846,10.272410091250672,0.0939345142243693,0.6977992485238862,3.670155662909286,0.3757380568974772,0.4428341384863124,,,
101,5.870907139023081,30.823939881910896,7.682501341921632,23.503757380568974,13.654052603327965,2.831454643048846,10.258990874932904,0.10735373054213634,0.6977992485238862,3.750670960815888,0.3757380568974772,0.4428341384863124,,,
102,5.870907139023081,30.756843800322063,7.722758990874933,23.503757380568974,13.6808910359635,2.831454643048846,10.23215244229737,0.13419216317767044,0.6977992485238862,3.750670960815888,0.3757380568974772,0.4428341384863124,,,
103,5.434782608695652,31.273483628556093,7.769726247987117,23.309178743961354,13.674181427804616,2.831454643048846,10.23215244229737,0.13419216317767044,0.6776704240472357,3.844605475040258,0.3757380568974772,0.4428341384863124,,,
104,5.4616210413311865,31.159420289855074,7.635534084809447,22.014224369296834,17.082662372517444,4.206924315619967,6.964573268921095,0.13419216317767044,0.8118625872249061,3.898282340311326,0.38915727321524424,0.24154589371980675,,,
105,5.488459473966721,31.05877616747182,7.709339774557166,21.994095544820183,17.06924315619968,4.206924315619967,6.964573268921095,0.13419216317767044,0.8252818035426731,3.9184111647879765,0.38915727321524424,0.24154589371980675,,,
106,5.475040257648954,31.03864734299517,7.836822329575953,21.826355340848096,17.06924315619968,4.193505099302201,6.964573268921095,0.13419216317767044,0.8252818035426731,3.992216854535695,0.4025764895330113,0.24154589371980675,,,
107,5.495169082125604,31.0252281266774,7.991143317230274,21.79951690821256,16.847826086956523,4.180085882984434,6.964573268921095,0.13419216317767044,0.8051529790660226,4.106280193236715,0.4092860976918948,0.24154589371980675,,,
108,5.508588298443371,31.011808910359633,7.9106280193236715,21.752549651100377,16.847826086956523,4.180085882984434,7.024959742351046,0.18115942028985507,0.8051529790660226,4.126409017713366,0.4092860976918948,0.24154589371980675,,,
109,5.501878690284487,30.9044551798175,8.024691358024691,21.752549651100377,16.820987654320987,4.180085882984434,7.024959742351046,0.18115942028985507,0.8118625872249061,4.126409017713366,0.4294149221685454,0.24154589371980675,,,
110,5.501878690284487,30.783682232957595,8.158883521202362,21.752549651100377,16.794149221685455,4.180085882984434,7.024959742351046,0.18115942028985507,0.8252818035426731,4.126409017713366,0.4294149221685454,0.24154589371980675,,,
111,5.515297906602254,30.783682232957595,8.158883521202362,21.658615136876005,16.720343531937736,4.180085882984434,6.991411701556629,0.18115942028985507,0.9393451422436929,4.180085882984434,0.41599570585077833,0.27509393451422437,,,
112,5.522007514761138,30.776972624798713,8.158883521202362,21.658615136876005,16.720343531937736,4.180085882984434,6.991411701556629,0.18115942028985507,0.9393451422436929,4.180085882984434,0.41599570585077833,0.27509393451422437,,,
113,5.522007514761138,30.776972624798713,8.145464304884594,21.658615136876005,16.720343531937736,4.1532474503489,6.991411701556629,0.18115942028985507,0.95276435856146,4.180085882984434,0.4428341384863124,0.27509393451422437,,,
114,5.535426731078905,30.703166935050994,8.3467525496511,21.470746108427267,16.70692431561997,4.05931293612453,7.004830917874396,0.20799785292538917,1.0802469135802468,4.180085882984434,0.4428341384863124,0.2616747181964573,,,
115,5.542136339237788,30.119431025228128,8.99087493290392,21.316425120772948,16.70692431561997,4.05931293612453,7.004830917874396,0.20799785292538917,1.1607622114868492,4.186795491143317,0.4428341384863124,0.2616747181964573,,,
116,5.522007514761138,30.079173376274827,9.232420826623725,20.511272141706925,17.45169082125604,4.03918411164788,6.910896403650026,0.24825550187869028,1.1741814278046163,4.126409017713366,0.4428341384863124,0.2616747181964573,,,
117,5.522007514761138,30.059044551798173,9.265968867418144,20.50456253354804,17.431561996779386,4.052603327965647,6.890767579173376,0.2214170692431562,1.2077294685990339,4.119699409554482,0.46967257112184646,0.2549651100375738,,,
118,5.360976918947934,29.11969940955448,9.41358024691358,21.108427267847556,19.55179817498658,4.032474503488996,5.260332796564681,0.20799785292538917,1.2278582930756843,4.072732152442297,0.4495437466451959,0.19457863660762212,,,
119,5.3274288781535155,29.066022544283413,8.984165324745035,19.53166935050993,19.00161030595813,6.582125603864735,5.381105743424584,0.20799785292538917,1.1876006441223832,4.092860976918948,0.4428341384863124,0.19457863660762212,,,
120,5.3341384863123995,28.985507246376812,9.044551798174986,19.49141170155663,18.9747718733226,6.582125603864735,5.340848094471283,0.24825550187869028,1.2077294685990339,4.139828234031133,0.4428341384863124,0.20799785292538917,,,
121,5.3341384863123995,28.898282340311326,9.111647879763822,19.43773483628556,18.95464304884595,6.582125603864735,5.394524959742351,0.24825550187869028,1.2278582930756843,4.159957058507783,0.4428341384863124,0.20799785292538917,,,
122,5.307300053676865,28.891572732152444,9.225711218464841,19.330381105743424,18.94122383252818,6.568706387546968,5.394524959742351,0.24825550187869028,1.2412775093934514,4.186795491143317,0.4562533548040794,0.20799785292538917,,,
123,5.293880837359098,28.589640365002683,9.252549651100376,19.243156199677937,18.57890499194847,6.541867954911433,6.005099302200751,0.24154589371980675,1.2412775093934514,4.186795491143317,0.4830917874396135,0.3421900161030596,,,
124,5.253623188405797,28.475577026301664,9.27938808373591,19.155931293612454,18.4447128287708,6.769994632313473,5.991680085882985,0.24154589371980675,1.2345679012345678,4.30756843800322,0.5032206119162641,0.3421900161030596,,,
125,5.152979066022544,28.522544283413847,9.54777241009125,19.02173913043478,18.417874396135264,6.763285024154589,5.83064949006978,0.2214170692431562,1.247987117552335,4.435050993022007,0.49651100375738055,0.3421900161030596,,,
126,5.152979066022544,28.522544283413847,9.54777241009125,18.9747718733226,18.370907139023082,6.763285024154589,5.797101449275362,0.2214170692431562,1.2681159420289856,4.555823939881911,0.4830917874396135,0.3421900161030596,,,
127,5.166398282340311,28.488996242619432,9.581320450885668,18.9747718733226,18.357487922705314,6.763285024154589,5.783682232957595,0.23483628556092323,1.2681159420289856,4.555823939881911,0.4830917874396135,0.3421900161030596,,,
128,5.159688674181428,28.408480944712828,9.581320450885668,18.9747718733226,18.357487922705314,6.575415995705851,6.099033816425121,0.20799785292538917,1.2546967257112185,4.555823939881911,0.4830917874396135,0.3421900161030596,,,
129,5.112721417069243,28.401771336553946,9.634997316156737,18.9345142243693,18.357487922705314,6.575415995705851,6.099033816425121,0.20799785292538917,1.2546967257112185,4.5960815888352125,0.4830917874396135,0.3421900161030596,,,
130,5.12614063338701,28.307836822329577,9.722222222222221,18.887546967257112,18.310520665593128,6.561996779388084,6.1862587224906065,0.20799785292538917,1.2949543746645196,4.549114331723027,0.5032206119162641,0.3421900161030596,,,
131,5.12614063338701,27.80461621041331,9.46725711218465,18.820450885668276,16.982018250134193,6.427804616210413,8.420558239398819,0.20799785292538917,1.2949543746645196,4.602791196994096,0.5032206119162641,0.3421900161030596,,,
132,5.159688674181428,27.79790660225443,9.420289855072463,18.760064412238325,16.982018250134193,6.427804616210413,8.420558239398819,0.20799785292538917,1.247987117552335,4.616210413311863,0.6172839506172839,0.3421900161030596,,,
133,5.159688674181428,27.750939345142243,9.473966720343531,18.753354804079443,16.941760601180892,6.427804616210413,8.420558239398819,0.20799785292538917,1.288244766505636,4.616210413311863,0.6172839506172839,0.3421900161030596,,,
134,5.052334943639291,27.871712292002147,9.473966720343531,18.71309715512614,16.941760601180892,6.414385399892646,8.420558239398819,0.19457863660762212,1.288244766505636,4.656468062265164,0.6172839506172839,0.35560923242082665,,,
135,5.0858829844337095,27.83816425120773,9.473966720343531,18.263553408480945,16.894793344068706,6.400966183574879,8.420558239398819,0.19457863660762212,1.288244766505636,5.166398282340311,0.6172839506172839,0.35560923242082665,,,
136,4.891304347826087,27.999194847020934,9.500805152979066,18.263553408480945,16.847826086956523,6.394256575415996,8.420558239398819,0.19457863660762212,1.288244766505636,5.226784755770263,0.6172839506172839,0.35560923242082665,,,
137,4.790660225442834,27.81803542673108,9.634997316156737,18.169618894256576,15.593129361245303,7.950885668276973,8.420558239398819,0.19457863660762212,1.2949543746645196,5.226784755770263,0.5501878690284487,0.35560923242082665,,,
138,4.777241009125067,27.78448738593666,9.655126140633387,18.136070853462158,15.177133655394526,8.299785292538916,8.420558239398819,0.19457863660762212,1.3687600644122384,5.307300053676865,0.5233494363929146,0.35560923242082665,,,
139,4.797369833601718,27.697262479871174,9.769189479334408,18.04884594739667,15.08990874932904,8.319914117015566,8.420558239398819,0.19457863660762212,1.4358561460010735,5.347557702630167,0.5233494363929146,0.35560923242082665,,,
140,4.797369833601718,27.67042404723564,9.796027911969942,18.015297906602253,15.056360708534621,8.319914117015566,8.420558239398819,0.19457863660762212,1.4358561460010735,5.414653784219001,0.5233494363929146,0.35560923242082665,,,
141,4.810789049919484,27.66371443907676,9.789318303811058,18.00858829844337,14.962426194310252,8.319914117015566,8.28636607622115,0.19457863660762212,1.5297906602254427,5.555555555555555,0.5233494363929146,0.35560923242082665,,,
142,4.790660225442834,27.643585614600106,9.634997316156737,17.975040257648953,14.9020397208803,8.252818035426731,8.353462157809984,0.19457863660762212,1.710950080515298,5.555555555555555,0.5166398282340311,0.46967257112184646,,,
143,4.797369833601718,27.509393451422437,9.749060654857756,17.921363392377884,14.848362855609233,8.252818035426731,8.319914117015566,0.19457863660762212,1.7444981213097155,5.636070853462158,0.5434782608695652,0.4830917874396135,,,
144,4.783950617283951,27.462426194310254,9.863123993558776,17.907944176060116,14.848362855609233,8.252818035426731,8.340042941492216,0.19457863660762212,1.737788513150832,5.58239398819109,0.5434782608695652,0.4830917874396135,,,
145,4.696725711218465,27.4422973698336,9.990606548577563,17.887815351583466,14.774557165861514,8.232689210950081,8.3467525496511,0.19457863660762212,1.7981749865807837,5.58239398819109,0.5703166935050993,0.4830917874396135,,,
146,4.696725711218465,27.38191089640365,10.091250670960816,17.887815351583466,14.727589908749328,8.172302737520129,8.333333333333334,0.19457863660762212,1.8384326355340848,5.5689747718733225,0.6239935587761675,0.4830917874396135,,,
147,4.663177670424047,27.17391304347826,10.178475577026301,17.887815351583466,14.720880300590446,8.13875469672571,8.648684916800859,0.19457863660762212,1.778046162104133,5.535426731078905,0.6172839506172839,0.46296296296296297,,,
148,4.663177670424047,27.140365002683843,10.198604401502953,17.807300053676865,14.714170692431562,8.13875469672571,8.621846484165324,0.2214170692431562,1.7981749865807837,5.615942028985507,0.6172839506172839,0.46296296296296297,,,
149,4.669887278582931,26.818303811057433,10.265700483091788,18.00858829844337,14.700751476113794,8.132045088566828,8.722490606548577,0.2281266774020397,1.7847557702630166,5.589103596349974,0.6172839506172839,0.46296296296296297,,,
150,4.676596886741814,26.798174986580783,10.326086956521738,17.995169082125603,14.647074610842727,7.944176060118089,8.829844337090714,0.2281266774020397,1.8719806763285025,5.595813204508857,0.6239935587761675,0.46296296296296297,,,
151,4.676596886741814,26.798174986580783,10.305958132045088,17.887815351583466,14.63365539452496,7.877079978529254,8.816425120772946,0.2281266774020397,1.8719806763285025,5.736714975845411,0.6910896403650026,0.47638217928073,,,
152,4.64975845410628,26.82501341921632,10.413311862587225,17.800590445517983,14.526301663982823,7.877079978529254,8.816425120772946,0.2281266774020397,1.8719806763285025,5.803811057434245,0.6910896403650026,0.47638217928073,0.020128824476650563,,
153,4.669887278582931,26.704240472356414,10.695115405260333,17.69994632313473,14.512882447665056,7.836822329575953,8.816425120772946,0.2281266774020397,1.8719806763285025,5.736714975845411,0.7313472893183038,0.47638217928073,0.020128824476650563,,
154,4.616210413311863,26.67740203972088,10.762211486849168,17.538915727321523,14.445786366076222,7.816693505099302,8.816425120772946,0.2281266774020397,1.9860440150295222,5.904455179817498,0.7313472893183038,0.47638217928073,,,
155,4.616210413311863,26.637144390767578,10.735373054213634,17.45169082125604,14.445786366076222,7.7831454643048845,8.78287707997853,0.2616747181964573,1.9860440150295222,6.038647342995169,0.7648953301127214,0.49651100375738055,,,
156,4.643048845947397,26.50966183574879,10.815888352120236,17.45169082125604,14.325013419216317,7.830112721417069,8.675523349436393,0.2549651100375738,2.0263016639828235,6.206387546967257,0.7648953301127214,0.49651100375738055,,,
157,4.643048845947397,26.321792807300053,10.963499731615673,17.438271604938272,14.325013419216317,7.87037037037037,8.675523349436393,0.2549651100375738,2.0263016639828235,6.219806763285024,0.7648953301127214,0.49651100375738055,,,
158,4.602791196994096,26.34863123993559,10.997047772410092,17.438271604938272,14.325013419216317,7.856951154052603,8.662104133118627,0.2549651100375738,2.0263016639828235,6.213097155126141,0.7648953301127214,0.5099302200751477,,,
159,4.5960815888352125,26.20101986044015,11.16478797638218,17.364465915190554,14.36527106816962,7.877079978529254,8.702361782071927,0.2549651100375738,2.0263016639828235,6.172839506172839,0.7648953301127214,0.5099302200751477,,,
160,4.5960815888352125,26.167471819645733,11.11111111111111,17.337627482555018,14.36527106816962,7.877079978529254,8.715780998389693,0.24154589371980675,2.0128824476650564,6.286902844873859,0.7783145464304885,0.5099302200751477,,,
161,4.575952764358561,25.979602791196996,11.252012882447666,21.095008051529792,12.151100375738057,7.937466451959206,7.48792270531401,0.24154589371980675,1.7914653784219001,6.280193236714976,0.7447665056360708,0.46296296296296297,,,
162,4.582662372517445,25.489801395598498,11.258722490606548,21.095008051529792,12.104133118625873,7.883789586688137,7.96430488459474,0.2549651100375738,1.8451422436929683,6.3137412775093935,0.7447665056360708,0.46296296296296297,,,
163,4.542404723564144,25.42270531400966,11.292270531400966,21.034621578099838,12.258454106280194,7.836822329575953,7.96430488459474,0.2549651100375738,1.8585614600107354,6.340579710144928,0.7313472893183038,0.46296296296296297,,,
164,4.542404723564144,25.261674718196456,11.460010735373054,20.8064949006978,12.902576489533011,7.132313472893183,7.957595276435856,0.2549651100375738,1.8585614600107354,6.615673644659152,0.7447665056360708,0.46296296296296297,,,
165,4.435050993022007,25.140901771336555,11.43317230273752,20.90042941492217,12.828770799785293,7.118894256575416,8.064949006977992,0.2549651100375738,1.9524959742351047,6.662640901771336,0.7447665056360708,0.46296296296296297,,,
166,4.435050993022007,25.09393451422437,11.345947396672035,20.8870101986044,12.983091787439614,7.065217391304348,8.064949006977992,0.2549651100375738,1.9524959742351047,6.66935050993022,0.7447665056360708,0.5032206119162641,,,
167,4.408212560386473,25.046967257112186,11.493558776167472,20.8870101986044,12.983091787439614,7.0450885668276975,8.024691358024691,0.2549651100375738,1.9390767579173376,6.66935050993022,0.7447665056360708,0.5032206119162641,,,
168,4.408212560386473,24.953032742887814,11.58749329039184,20.8870101986044,12.983091787439614,7.0450885668276975,8.024691358024691,0.2549651100375738,1.9390767579173376,6.66935050993022,0.7447665056360708,0.5032206119162641,,,
169,4.435050993022007,24.89935587761675,11.654589371980677,20.8870101986044,12.969672571121846,7.0450885668276975,8.105206655931294,0.23483628556092323,1.865271068169619,6.655931293612453,0.7447665056360708,0.5032206119162641,,,
170,4.455179817498658,24.825550187869027,11.782071926999464,20.840042941492218,12.95625335480408,7.024959742351046,8.105206655931294,0.23483628556092323,1.8786902844873858,6.649221685453569,0.7447665056360708,0.5032206119162641,,,
171,4.42163177670424,24.711486849168008,11.943102522812667,19.87385936661299,13.982823403113258,7.018250134192163,8.05823939881911,0.23483628556092323,1.8250134192163177,6.595544820182502,0.8185721953837896,0.5032206119162641,0.013419216317767043,,
172,4.441760601180891,24.55716586151369,12.110842726784755,19.840311325818572,13.935856146001074,7.058507783145465,7.991143317230274,0.24825550187869028,1.932367149758454,6.494900697799249,0.8185721953837896,0.5568974771873323,0.013419216317767043,,
173,4.414922168545357,24.55716586151369,12.204777241009126,19.732957595276435,13.915727321524423,7.132313472893183,8.004562533548041,0.2616747181964573,1.932367149758454,6.468062265163715,0.8185721953837896,0.5434782608695652,0.013419216317767043,,
174,4.119699409554482,25.0,12.211486849168008,19.350509930220074,13.79495437466452,7.159151905528717,8.017981749865807,0.2616747181964573,1.9726247987117553,6.736446591519055,0.8185721953837896,0.5434782608695652,0.013419216317767043,,
175,4.05931293612453,24.812130971551262,12.13768115942029,18.4044551798175,13.788244766505636,8.601717659688674,8.017981749865807,0.2616747181964573,1.9726247987117553,6.5552871712292005,0.8185721953837896,0.5434782608695652,0.026838432635534086,,
176,4.05931293612453,24.798711755233494,12.144390767579173,18.270263016639827,13.479602791196994,8.59500805152979,7.977724100912507,0.2952227589908749,2.341653247450349,6.655931293612453,0.8118625872249061,0.5434782608695652,0.026838432635534086,,
177,4.052603327965647,24.62426194310252,12.325550187869029,18.256843800322063,13.479602791196994,8.59500805152979,7.977724100912507,0.28180354267310787,2.341653247450349,6.66935050993022,0.8118625872249061,0.5568974771873323,0.026838432635534086,,
178,4.052603327965647,24.57729468599034,12.352388620504563,18.256843800322063,13.39237788513151,8.61513687600644,7.977724100912507,0.28180354267310787,2.428878153515835,6.66935050993022,0.8118625872249061,0.5568974771873323,0.026838432635534086,,
179,3.656736446591519,24.738325281803544,12.372517444981213,17.713365539452496,14.2914653784219,8.568169618894256,7.971014492753623,0.28180354267310787,2.428878153515835,6.5552871712292005,0.8387010198604401,0.5568974771873323,0.026838432635534086,,
