,45,50,53,54,51,52,55,57,59,58,56,60
0,92.44498121309715,7.555018786902845,,,,,,,,,,
1,92.47852925389158,7.521470746108427,,,,,,,,,,
2,92.08266237251745,7.917337627482555,,,,,,,,,,
3,92.00885668276973,7.991143317230274,,,,,,,,,,
4,91.68679549114331,8.313204508856682,,,,,,,,,,
5,90.2710681696189,9.728931830381105,,,,,,,,,,
6,89.99597423510467,10.00402576489533,,,,,,,,,,
7,84.70209339774557,13.405797101449275,1.892109500805153,,,,,,,,,
8,82.1256038647343,16.009125067096083,1.865271068169619,,,,,,,,,
9,80.15297906602254,17.847557702630166,1.865271068169619,0.13419216317767044,,,,,,,,
10,80.03891572732152,17.961621041331185,1.865271068169619,0.13419216317767044,,,,,,,,
11,80.0523349436393,17.94820182501342,1.865271068169619,0.13419216317767044,,,,,,,,
12,78.63660762211487,19.363929146537842,1.865271068169619,0.13419216317767044,,,,,,,,
13,77.14036500268384,20.860171765968868,1.865271068169619,0.13419216317767044,,,,,,,,
14,61.111111111111114,36.8894256575416,1.865271068169619,0.13419216317767044,,,,,,,,
15,61.151368760064415,36.69484702093398,1.865271068169619,0.13419216317767044,0.15432098765432098,,,,,,,
16,59.272678475577024,31.30703166935051,1.865271068169619,0.13419216317767044,0.15432098765432098,7.159151905528717,0.10735373054213634,,,,,
17,58.84997316156736,31.45464304884595,1.865271068169619,0.13419216317767044,0.43612453032742887,7.152442297369833,0.10735373054213634,,,,,
18,58.7157809983897,31.5552871712292,1.865271068169619,0.13419216317767044,0.4092860976918948,7.14573268921095,0.17444981213097155,,,,,
19,58.742619431025226,29.965110037573805,1.865271068169619,1.6975308641975309,0.4092860976918948,7.14573268921095,0.17444981213097155,,,,,
20,57.05179817498658,28.361513687600645,5.0858829844337095,1.6975308641975309,0.4092860976918948,7.14573268921095,0.24825550187869028,,,,,
21,56.166129898013956,29.09957058507783,4.944981213097155,1.6975308641975309,0.49651100375738055,7.065217391304348,0.4495437466451959,0.08051529790660225,,,,
22,54.589371980676326,26.019860440150296,3.911701556629093,1.5633387010198605,12.439613526570048,1.093666129898014,0.3824476650563607,,,,,
23,54.07944176060118,26.154052603327965,3.8915727321524423,1.5096618357487923,12.70799785292539,1.093666129898014,0.5099302200751477,,0.05367686527106817,,,
24,53.95195920558239,25.32206119162641,3.8915727321524423,1.5096618357487923,13.613794954374665,1.093666129898014,0.5636070853462157,,0.05367686527106817,,,
25,53.77079978529254,25.221417069243156,3.8915727321524423,1.5096618357487923,13.895598497047773,1.093666129898014,0.5636070853462157,,0.05367686527106817,,,
26,53.28770799785293,25.731347289318304,3.8915727321524423,1.5096618357487923,13.868760064412239,1.093666129898014,0.5636070853462157,,0.05367686527106817,,,
27,51.95920558239399,27.086688137412775,3.878153515834675,1.5096618357487923,13.855340848094471,1.093666129898014,0.5636070853462157,,0.05367686527106817,,,
28,51.992753623188406,27.01959205582394,3.864734299516908,1.5096618357487923,13.902308105206655,1.093666129898014,0.5636070853462157,,0.05367686527106817,,,
29,51.019860440150296,27.83816425120773,3.4688674181427803,2.791196994095545,13.170960815888352,1.093666129898014,0.5636070853462157,,0.05367686527106817,,,
30,50.46296296296296,28.442028985507246,3.4688674181427803,2.771068169618894,13.09044551798175,1.093666129898014,0.6172839506172839,,0.05367686527106817,,,
31,50.436124530327426,28.26086956521739,3.4688674181427803,2.831454643048846,13.238056897477188,1.093666129898014,0.6172839506172839,,0.05367686527106817,,,
32,50.496511003757384,28.227321524422972,3.455448201825013,2.831454643048846,13.238056897477188,1.0802469135802468,0.6172839506172839,,0.05367686527106817,,,
33,48.89291465378422,29.824208266237253,3.455448201825013,2.945517981749866,13.130703166935051,1.0802469135802468,0.6172839506172839,,0.05367686527106817,,,
34,48.90633387010199,29.790660225442835,3.455448201825013,3.0327428878153517,13.063607085346217,1.0802469135802468,0.6172839506172839,,0.05367686527106817,,,
35,48.85265700483092,29.542404723564143,3.743961352657005,3.026033279656468,12.895866881374127,1.0735373054213635,0.8118625872249061,,0.05367686527106817,,,
36,48.87278582930757,29.522275899087493,3.743961352657005,3.026033279656468,12.895866881374127,1.0735373054213635,0.8118625872249061,,0.05367686527106817,,,
37,47.20880300590446,31.179549114331724,3.7238325281803544,3.7573805689747717,12.117552334943639,1.0735373054213635,0.8856682769726248,,0.05367686527106817,,,
38,47.14170692431562,29.944981213097154,5.193236714975845,3.7573805689747717,12.070585077831455,1.0735373054213635,0.7648953301127214,,0.05367686527106817,,,
39,46.34997316156736,30.152979066022546,3.965378421900161,3.7573805689747717,11.936392914653783,2.885131508319914,0.8990874932903918,,0.05367686527106817,,,
40,46.464036500268385,30.07246376811594,3.9452495974235107,3.7573805689747717,11.902844873859367,2.8515834675254963,0.8990874932903918,,0.05367686527106817,0.05367686527106817,,
41,46.02120236178207,30.414653784219002,3.9452495974235107,3.7573805689747717,12.00348899624262,2.8515834675254963,0.8990874932903918,,0.05367686527106817,0.05367686527106817,,
42,44.598765432098766,31.810252281266774,3.9318303811057436,3.743961352657005,12.00348899624262,2.9052603327965647,0.8990874932903918,,0.05367686527106817,0.05367686527106817,,
43,43.16961889425657,33.313204508856685,3.9184111647879765,3.6231884057971016,11.943102522812667,2.9052603327965647,0.8990874932903918,,0.05367686527106817,0.05367686527106817,0.12077294685990338,
44,43.19645732689211,32.48121309715513,3.878153515834675,3.6231884057971016,11.943102522812667,3.8580246913580245,0.7514761137949544,,0.05367686527106817,0.0939345142243693,0.12077294685990338,
45,28.71712292002147,47.60466988727858,4.05931293612453,3.535963499731616,11.20504562533548,3.8580246913580245,0.7514761137949544,,0.05367686527106817,0.0939345142243693,0.12077294685990338,
46,28.81105743424584,47.537573805689746,4.05931293612453,3.535963499731616,11.178207192699947,3.8580246913580245,0.7514761137949544,,0.05367686527106817,0.0939345142243693,0.12077294685990338,
47,28.67686527106817,46.14868491680086,3.992216854535695,3.515834675254965,8.870101986044014,3.8580246913580245,4.669887278582931,,0.05367686527106817,0.0939345142243693,0.12077294685990338,
48,28.824476650563607,45.813204508856685,4.193505099302201,3.515834675254965,8.856682769726248,3.8580246913580245,4.669887278582931,,0.05367686527106817,0.0939345142243693,0.12077294685990338,
49,28.871443907675793,45.66559312936125,4.193505099302201,3.5963499731615673,8.849973161567364,3.8848631239935587,4.669887278582931,,0.05367686527106817,0.0939345142243693,0.12077294685990338,
50,28.663446054750402,44.99463231347289,4.17337627482555,3.683574879227053,9.695383789586689,3.851315083199141,4.669887278582931,,0.05367686527106817,0.0939345142243693,0.12077294685990338,
51,28.878153515834676,44.6658615136876,4.05931293612453,3.683574879227053,9.655126140633387,3.8378958668813743,4.951690821256038,,0.05367686527106817,0.0939345142243693,0.12077294685990338,
52,28.878153515834676,44.35050993022008,4.05931293612453,3.683574879227053,9.655126140633387,3.8378958668813743,5.267042404723564,,0.05367686527106817,0.0939345142243693,0.12077294685990338,
53,28.012614063338702,42.31749865807837,4.468599033816425,3.6768652710681695,9.494095544820183,6.494900697799249,5.267042404723564,,0.05367686527106817,0.0939345142243693,0.12077294685990338,
54,27.905260332796566,42.47852925389157,4.435050993022007,3.6634460547504024,9.494095544820183,6.488191089640365,5.267042404723564,,0.05367686527106817,0.0939345142243693,0.12077294685990338,
55,28.099838969404185,42.371175523349436,4.435050993022007,3.6097691894793345,9.373322597960279,6.461352657004831,5.253623188405797,,0.05367686527106817,0.0939345142243693,0.24825550187869028,
56,28.28099838969404,40.5126140633387,4.435050993022007,3.5963499731615673,9.594739667203436,6.447933440687064,6.736446591519055,,0.05367686527106817,0.0939345142243693,0.24825550187869028,
57,28.059581320450885,39.801395598497045,3.8043478260869565,2.3886205045625335,9.588030059044552,9.312936124530328,6.736446591519055,,,0.0939345142243693,0.2147074610842727,
58,28.187063875469672,38.479602791196996,3.8043478260869565,2.3886205045625335,9.541062801932368,9.312936124530328,7.977724100912507,,,0.0939345142243693,0.2147074610842727,
59,26.435856146001072,30.575684380032207,3.603059581320451,2.328234031132582,20.739398819108963,9.185453569511541,6.823671497584541,,,0.0939345142243693,0.2147074610842727,
60,26.556629092860977,30.52871712292002,3.603059581320451,2.328234031132582,20.645464304884594,9.185453569511541,6.843800322061192,,,0.0939345142243693,0.2147074610842727,
61,26.778046162104133,30.42807300053677,4.7101449275362315,2.328234031132582,19.45786366076221,9.064680622651638,6.816961889425658,,,0.20128824476650564,0.2147074610842727,
62,26.88539989264627,30.347557702630166,4.7101449275362315,2.328234031132582,19.390767579173378,9.064680622651638,6.857219538378959,,,0.20128824476650564,0.2147074610842727,
63,27.100107353730543,29.87788513150832,4.7638217928073,2.7844873859366612,19.350509930220074,9.084809447128288,6.622383252818035,,,0.20128824476650564,0.2147074610842727,
64,27.36849168008588,29.54911433172303,4.1129898013955986,4.394793344068707,19.316961889425656,8.172302737520129,6.709608158883521,,,0.1610305958132045,0.2147074610842727,
65,27.167203435319376,28.75738056897477,4.1129898013955986,4.2270531400966185,17.250402576489535,8.158883521202362,9.950348899624261,,,0.1610305958132045,0.2147074610842727,
66,27.334943639291467,28.650026838432634,4.1129898013955986,4.2203435319377345,16.982018250134193,8.158883521202362,9.950348899624261,,,0.1610305958132045,0.4294149221685454,
67,27.47584541062802,28.509125067096083,4.1129898013955986,4.2203435319377345,16.982018250134193,8.158883521202362,9.950348899624261,,,0.1610305958132045,0.4294149221685454,
68,27.61003757380569,28.468867418142782,4.1129898013955986,4.2203435319377345,16.97530864197531,8.071658615136876,9.950348899624261,,,0.1610305958132045,0.4294149221685454,
69,27.938808373590984,28.348094471282877,4.1129898013955986,4.180085882984434,16.961889425657542,7.971014492753623,9.896672034353195,,,0.1610305958132045,0.4294149221685454,
70,28.113258185721953,28.26086956521739,4.1129898013955986,4.180085882984434,16.914922168545356,7.890499194847021,9.608158883521202,0.04696725711218465,,0.4428341384863124,0.4294149221685454,
71,28.213902308105208,28.26086956521739,4.1129898013955986,4.180085882984434,16.841116478797638,7.863660762211487,9.608158883521202,0.04696725711218465,,0.4428341384863124,0.4294149221685454,
72,28.69699409554482,28.073000536768653,4.03918411164788,4.180085882984434,16.740472356414386,7.836822329575953,9.514224369296834,0.04696725711218465,,0.4428341384863124,0.4294149221685454,
73,28.73054213633924,27.79790660225443,4.03918411164788,4.180085882984434,16.740472356414386,7.836822329575953,9.648416532474503,0.04696725711218465,,0.4428341384863124,0.5367686527106817,
74,28.629898013955984,26.670692431561996,3.878153515834675,4.086151368760064,17.941492216854535,7.836822329575953,9.64170692431562,0.36231884057971014,,0.4428341384863124,0.5099302200751477,
75,28.408480944712828,25.91250670960816,3.851315083199141,4.03918411164788,17.70665593129361,9.01100375738057,9.842995169082126,0.36231884057971014,,0.4428341384863124,0.4227053140096618,
76,28.22061191626409,25.49651100375738,3.851315083199141,4.019055287171229,18.377616747181964,8.964036500268385,9.842995169082126,0.36231884057971014,,0.4428341384863124,0.4227053140096618,
77,28.341384863123995,25.45625335480408,3.81105743424584,4.019055287171229,18.290391841116477,9.01100375738057,9.842995169082126,0.36231884057971014,,0.4428341384863124,0.4227053140096618,
78,28.046162104133117,25.013419216317768,4.884594739667204,3.965378421900161,18.276972624798713,8.997584541062801,9.554482018250134,0.36231884057971014,,0.4227053140096618,0.47638217928073,
79,28.35480407944176,24.966451959205582,4.85775630703167,3.965378421900161,18.109232420826622,8.997584541062801,9.453837895866881,0.28180354267310787,,0.4227053140096618,0.5904455179817498,
80,27.536231884057973,25.704508856682768,4.9718196457326895,3.9586688137412773,17.834138486312398,8.997584541062801,9.494095544820183,0.28180354267310787,,0.4227053140096618,0.798443370907139,
81,27.482555018786904,25.577026301663984,4.9718196457326895,3.9586688137412773,17.827428878153516,8.977455716586151,9.702093397745571,0.28180354267310787,,0.4227053140096618,0.798443370907139,
82,27.596618357487923,25.39586688137413,4.824208266237251,3.9586688137412773,17.72007514761138,9.245840042941492,9.77589908749329,0.28180354267310787,,0.4227053140096618,0.7783145464304885,
83,27.84487385936661,25.301932367149757,4.810789049919484,3.9452495974235107,17.60601180891036,9.31964573268921,9.688674181427805,0.28180354267310787,,0.4227053140096618,0.7783145464304885,
84,28.012614063338702,25.181159420289855,4.810789049919484,3.9452495974235107,17.538915727321523,9.286097691894794,9.675254965110037,0.28180354267310787,,0.4227053140096618,0.8454106280193237,
85,28.10654857756307,24.537037037037038,4.582662372517445,5.22007514761138,17.444981213097154,8.883521202361782,9.675254965110037,0.28180354267310787,,0.4227053140096618,0.8454106280193237,
86,27.992485238862052,24.3894256575416,4.582662372517445,5.589103596349974,17.337627482555018,8.883521202361782,9.601449275362318,0.27509393451422437,,0.4227053140096618,0.9259259259259259,
87,28.093129361245303,24.335748792270532,4.53569511540526,5.589103596349974,17.223564143854,8.883521202361782,9.601449275362318,0.27509393451422437,,0.4227053140096618,1.0399892646269457,
88,28.16022544283414,24.335748792270532,4.884594739667204,5.4549114331723025,17.102791196994094,8.883521202361782,9.440418679549115,0.27509393451422437,,0.4227053140096618,1.0399892646269457,
89,20.685721953837895,15.029522275899087,3.180354267310789,3.6366076221148687,45.49785292538916,3.9855072463768115,6.394256575415996,0.32877079978529256,,0.36902844873859364,0.8923778851315083,
90,20.759527643585614,14.97584541062802,3.180354267310789,3.6366076221148687,45.4777241009125,3.9855072463768115,6.394256575415996,0.32877079978529256,,0.36902844873859364,0.8923778851315083,
91,20.833333333333332,14.982555018786902,3.180354267310789,3.6366076221148687,45.390499194847024,3.5292538915727323,6.837090713902308,0.32877079978529256,,0.3153515834675255,0.966183574879227,
92,21.07487922705314,14.895330112721417,3.180354267310789,3.6366076221148687,45.269726247987116,3.4957058507783145,6.837090713902308,0.32877079978529256,,0.3153515834675255,0.966183574879227,
93,20.96081588835212,14.794685990338165,3.1736446591519054,4.408212560386473,43.09581320450886,5.199946323134729,6.756575415995706,0.32877079978529256,,0.3153515834675255,0.966183574879227,
94,20.92055823939882,15.03623188405797,5.924584004294149,4.408212560386473,40.23752012882448,4.797369833601718,6.971282877079979,0.4227053140096618,,0.3153515834675255,0.966183574879227,
95,21.021202361782073,15.002683843263553,5.8172302737520125,4.40150295222759,40.22410091250671,4.7638217928073,6.957863660762212,0.4227053140096618,,0.4227053140096618,0.966183574879227,
96,13.063607085346217,28.30112721417069,5.750134192163178,4.072732152442297,35.72866344605475,4.30756843800322,6.481481481481482,0.9057971014492754,,0.4227053140096618,0.966183574879227,
97,13.09044551798175,28.23403113258186,5.5756843800322065,4.072732152442297,35.59447128287708,4.30756843800322,6.655931293612453,0.9057971014492754,,0.5971551261406334,0.966183574879227,
98,13.405797101449275,27.95222758990875,5.441492216854535,4.7638217928073,35.10466988727858,4.280730005367687,6.447933440687064,0.9057971014492754,,0.7313472893183038,0.966183574879227,
99,13.45276435856146,27.82474503488996,5.414653784219001,4.7638217928073,35.225442834138484,4.26731078904992,6.447933440687064,0.9057971014492754,,0.7313472893183038,0.966183574879227,
100,13.7211486849168,27.77777777777778,5.414653784219001,4.7638217928073,35.03086419753087,4.26731078904992,6.421095008051529,0.9057971014492754,,0.7313472893183038,0.966183574879227,
101,14.023081052066559,27.68384326355341,5.381105743424584,4.7638217928073,34.735641438539986,4.2270531400966185,6.602254428341385,0.8856682769726248,,0.7313472893183038,0.966183574879227,
102,14.163982823403114,27.549651100375737,5.320719269994632,4.750402576489533,34.614868491680085,4.119699409554482,6.790123456790123,0.9930220075147611,,0.7313472893183038,0.966183574879227,
103,14.284755770263017,27.455716586151368,5.320719269994632,4.750402576489533,34.47396672034353,4.1129898013955986,6.910896403650026,0.9930220075147611,,0.7313472893183038,0.966183574879227,
104,14.593397745571659,27.234299516908212,5.434782608695652,4.750402576489533,33.2259796027912,4.1129898013955986,7.957595276435856,0.9930220075147611,,0.7313472893183038,0.966183574879227,
105,11.037305421363392,43.10252281266774,4.824208266237251,2.7777777777777777,24.476650563607084,4.9718196457326895,6.494900697799249,0.8923778851315083,,0.7313472893183038,0.6910896403650026,
106,11.178207192699947,42.96833064949007,4.790660225442834,2.831454643048846,24.402844873859365,4.9718196457326895,6.541867954911433,0.8923778851315083,,0.7313472893183038,0.6910896403650026,
107,11.681427804616211,42.56575415995706,4.7638217928073,2.831454643048846,24.36929683306495,4.951690821256038,6.521739130434782,0.8923778851315083,,0.7313472893183038,0.6910896403650026,
108,11.842458400429415,42.29736983360172,4.7638217928073,2.8247450348899625,24.36929683306495,4.891304347826087,6.629092860976919,0.9594739667203436,,0.7313472893183038,0.6910896403650026,
109,11.936392914653783,42.008856682769725,4.7638217928073,2.7979066022544283,24.355877616747183,4.891304347826087,6.863929146537842,0.9594739667203436,,0.7313472893183038,0.6910896403650026,
110,12.198067632850242,41.888083735909824,4.757112184648417,2.7979066022544283,24.22168545356951,4.891304347826087,6.863929146537842,0.9594739667203436,,0.7313472893183038,0.6910896403650026,
111,12.379227053140097,40.83467525496511,4.703435319377348,2.7979066022544283,24.074074074074073,4.891304347826087,7.937466451959206,0.9594739667203436,,0.7313472893183038,0.6910896403650026,
112,12.204777241009126,40.15029522275899,5.736714975845411,2.844873859366613,21.792807300053678,4.87788513150832,9.96376811594203,0.9594739667203436,,0.8051529790660226,0.6642512077294686,
113,12.52012882447665,40.04965110037574,5.548845947396672,2.844873859366613,21.39694041867955,4.8443370907139025,10.305958132045088,0.95276435856146,0.06709608158883522,0.8051529790660226,0.6642512077294686,
114,12.412775093934513,39.18411164787977,5.548845947396672,2.844873859366613,20.041599570585078,4.8443370907139025,12.634192163177671,0.95276435856146,0.06709608158883522,0.8051529790660226,0.6642512077294686,
115,12.694578636607622,39.04320987654321,5.515297906602254,2.771068169618894,20.041599570585078,4.830917874396135,12.627482555018787,0.95276435856146,0.06709608158883522,0.7917337627482555,0.6642512077294686,
116,12.801932367149758,38.93585614600107,5.515297906602254,2.9052603327965647,19.826892109500804,4.810789049919484,12.533548040794418,0.95276435856146,0.06709608158883522,0.7648953301127214,0.8856682769726248,
117,12.72812667740204,38.61379495437466,6.615673644659152,2.9052603327965647,18.853998926462694,5.025496511003757,12.513419216317766,0.95276435856146,0.06709608158883522,0.8722490606548577,0.8521202361782072,
118,12.76838432635534,38.49302200751476,6.615673644659152,2.9052603327965647,18.820450885668276,5.025496511003757,12.634192163177671,0.95276435856146,0.06709608158883522,0.8722490606548577,0.8454106280193237,
119,12.902576489533011,38.30515297906602,6.5552871712292005,2.9052603327965647,18.80703166935051,5.01207729468599,12.775093934514224,0.95276435856146,0.06709608158883522,0.8722490606548577,0.8454106280193237,
120,13.043478260869565,38.117283950617285,6.561996779388084,2.9052603327965647,18.733225979602793,5.01207729468599,12.855609232420827,1.06682769726248,0.05367686527106817,0.8051529790660226,0.8454106280193237,
121,13.318572195383789,37.466451959205585,6.515029522275899,2.9052603327965647,19.176060118089104,5.01207729468599,12.835480407944177,1.06682769726248,0.05367686527106817,0.8051529790660226,0.8454106280193237,
122,13.486312399355878,37.3389694041868,6.501610305958132,2.9052603327965647,19.162640901771336,5.01207729468599,12.835480407944177,1.06682769726248,0.05367686527106817,0.8051529790660226,0.8319914117015567,
123,13.674181427804616,36.91626409017714,6.541867954911433,3.026033279656468,19.0552871712292,5.01207729468599,13.043478260869565,1.06682769726248,0.05367686527106817,0.7447665056360708,0.8655394524959742,
124,13.6406333870102,36.782071926999464,6.535158346752549,3.026033279656468,18.364197530864196,5.971551261406334,13.01663982823403,1.06682769726248,0.05367686527106817,0.7447665056360708,0.798443370907139,
125,13.694310252281268,36.7686527106817,6.535158346752549,3.026033279656468,18.183038110574344,5.904455179817498,12.902576489533011,1.2278582930756843,0.05367686527106817,0.7447665056360708,0.9594739667203436,
126,13.761406333870102,36.68813741277509,6.535158346752549,2.9723564143853998,17.632850241545892,5.904455179817498,13.519860440150294,1.2278582930756843,0.05367686527106817,0.7447665056360708,0.9594739667203436,
127,13.942565754159958,36.560654857756305,6.535158346752549,2.9589371980676327,17.418142780461622,5.884326355340848,13.714439076757918,1.2278582930756843,0.05367686527106817,0.7447665056360708,0.9594739667203436,
128,13.922436929683306,36.73510466988728,6.488191089640365,2.9589371980676327,17.391304347826086,5.877616747181965,13.6808910359635,1.2278582930756843,0.05367686527106817,0.7447665056360708,0.9192163177670424,
129,13.761406333870102,35.90311325818572,6.246645195920558,4.03918411164788,18.209876543209877,5.642780461621041,13.137412775093935,1.2278582930756843,0.05367686527106817,0.7246376811594203,1.0534084809447128,
130,13.969404186795492,35.70182501341922,6.246645195920558,4.03918411164788,18.209876543209877,5.629361245303274,13.16425120772947,1.2144390767579174,0.05367686527106817,0.7246376811594203,1.0466988727858293,
131,14.197530864197532,35.59447128287708,6.246645195920558,4.2203435319377345,18.19645732689211,5.609232420826624,13.030059044551798,1.2144390767579174,0.05367686527106817,0.7246376811594203,0.9125067096081588,
132,14.398819108964037,35.47369833601718,6.246645195920558,4.2203435319377345,18.183038110574344,5.609232420826624,12.962962962962964,1.2144390767579174,0.05367686527106817,0.7246376811594203,0.9125067096081588,
133,14.51959205582394,35.37976382179281,6.239935587761675,4.2203435319377345,18.183038110574344,5.609232420826624,12.942834138486312,1.2144390767579174,0.05367686527106817,0.7246376811594203,0.9125067096081588,
134,14.512882447665056,35.16505636070853,6.199677938808374,6.159420289855072,17.3040794417606,5.5756843800322065,12.077294685990339,1.2077294685990339,0.1610305958132045,0.7246376811594203,0.9125067096081588,
135,14.861782071927,34.648416532474506,6.146001073537305,6.239935587761675,17.19001610305958,5.656199677938808,12.25174449812131,1.2077294685990339,0.1610305958132045,0.7246376811594203,0.9125067096081588,
136,15.250939345142244,34.60144927536232,6.146001073537305,6.199677938808374,17.042404723564143,5.642780461621041,12.13768115942029,1.1808910359634996,0.1610305958132045,0.7246376811594203,0.9125067096081588,
137,15.116747181964573,32.21282877079979,8.729200214707461,6.1929683306494905,17.176596886741816,5.642780461621041,11.949812130971551,1.1808910359634996,0.1610305958132045,0.7246376811594203,0.9125067096081588,
138,15.083199141170155,30.58239398819109,8.729200214707461,6.1929683306494905,17.12962962962963,5.615942028985507,13.694310252281268,1.1741814278046163,0.1610305958132045,0.7246376811594203,0.9125067096081588,
139,14.895330112721417,30.52871712292002,9.86983360171766,6.011808910359635,16.666666666666668,5.864197530864198,13.298443370907139,1.1741814278046163,0.1610305958132045,0.7246376811594203,0.8051529790660226,
140,14.74771873322598,30.159688674181428,9.728931830381105,6.085614600107354,16.398282340311326,6.293612453032743,13.774825550187868,1.3083735909822867,0.1610305958132045,0.7246376811594203,0.6172839506172839,
141,14.647074610842727,30.119431025228128,9.601449275362318,6.219806763285024,14.237788513150832,6.280193236714976,16.25738056897477,1.3016639828234031,0.14090177133655393,0.7246376811594203,0.46967257112184646,
142,14.700751476113794,29.837627482555018,9.420289855072463,6.206387546967257,14.237788513150832,6.655931293612453,16.794149221685455,0.8319914117015567,0.14090177133655393,0.7045088566827697,0.46967257112184646,
143,14.781266774020397,29.582662372517444,9.265968867418144,6.944444444444445,14.13714439076758,6.588835212023618,16.6532474503489,0.7313472893183038,0.14090177133655393,0.7045088566827697,0.46967257112184646,
144,14.9020397208803,29.55582393988191,9.265968867418144,6.910896403650026,14.13714439076758,6.588835212023618,16.59957058507783,0.7313472893183038,0.14090177133655393,0.7045088566827697,0.46296296296296297,
145,14.935587761674718,29.341116478797638,10.017444981213098,6.561996779388084,14.06333870101986,6.521739130434782,16.686795491143318,0.5636070853462157,0.14090177133655393,0.7045088566827697,0.46296296296296297,
146,15.26435856146001,29.186795491143318,9.997316156736447,6.468062265163715,14.076757917337627,6.494900697799249,16.639828234031132,0.5636070853462157,0.14090177133655393,0.7045088566827697,0.46296296296296297,
147,15.505904455179817,28.844605475040257,9.990606548577563,6.4412238325281805,14.056629092860977,6.394256575415996,16.894793344068706,0.5636070853462157,0.14090177133655393,0.7045088566827697,0.46296296296296297,
148,15.438808373590982,28.743961352657006,9.96376811594203,6.286902844873859,14.325013419216317,6.360708534621578,17.03569511540526,0.5636070853462157,0.14090177133655393,0.6977992485238862,0.4428341384863124,
149,15.559581320450885,28.69699409554482,9.96376811594203,6.286902844873859,14.210950080515298,6.333870101986044,16.961889425657542,0.5636070853462157,0.14090177133655393,0.6977992485238862,0.5837359098228664,
150,15.74074074074074,28.663446054750402,9.91009125067096,6.246645195920558,14.13714439076758,6.3070316693505095,16.955179817498657,0.5636070853462157,0.14090177133655393,0.7514761137949544,0.5837359098228664,
151,16.015834675254965,28.63660762211487,9.594739667203436,6.139291465378422,14.002952227589908,6.3070316693505095,16.928341384863124,0.5636070853462157,0.14090177133655393,0.7514761137949544,0.9192163177670424,
152,16.1231884057971,28.556092324208265,9.581320450885668,6.139291465378422,14.002952227589908,6.300322061191626,16.854535695115406,0.5636070853462157,0.14090177133655393,0.7514761137949544,0.9192163177670424,0.06709608158883522
153,14.74771873322598,26.03327965646806,9.178743961352657,8.132045088566828,17.47181964573269,6.233225979602791,15.599838969404187,0.5636070853462157,0.10064412238325282,0.7514761137949544,1.1205045625335481,0.06709608158883522
154,14.506172839506172,25.684380032206118,9.178743961352657,9.990606548577563,17.3040794417606,6.166129898013956,14.566559312936125,0.5636070853462157,0.10064412238325282,0.7514761137949544,1.1205045625335481,0.06709608158883522
155,14.700751476113794,25.53676865271068,9.178743961352657,10.131508319914117,16.988727858293075,6.159420289855072,14.593397745571659,0.5636070853462157,0.08722490606548577,0.7514761137949544,1.2412775093934514,0.06709608158883522
156,14.828234031132581,25.53676865271068,9.138486312399356,10.064412238325282,16.948470209339774,6.159420289855072,14.573268921095009,0.6374127750939346,0.08722490606548577,0.7514761137949544,1.2077294685990339,0.06709608158883522
157,14.99597423510467,25.47638217928073,9.125067096081589,10.017444981213098,16.901502952227588,6.159420289855072,14.573268921095009,0.6374127750939346,0.08722490606548577,0.7514761137949544,1.2077294685990339,0.06709608158883522
158,12.157809983896941,21.22920021470746,9.03113258185722,9.480676328502415,10.601180891035963,22.356414385399894,12.553676865271068,0.6105743424584005,0.08722490606548577,0.7514761137949544,1.0735373054213635,0.06709608158883522
159,12.31213097155126,21.175523349436393,8.99087493290392,9.520933977455716,10.238862050456254,22.342995169082126,12.86231884057971,0.5770263016639828,0.08722490606548577,0.7514761137949544,1.0735373054213635,0.06709608158883522
160,11.990069779924852,19.14922168545357,8.99087493290392,9.447128287707997,9.219001610305957,22.342995169082126,16.304347826086957,0.5770263016639828,0.08722490606548577,0.7514761137949544,1.0735373054213635,0.06709608158883522
161,12.077294685990339,19.108964036500268,9.111647879763822,9.447128287707997,9.219001610305957,22.31615673644659,16.163446054750402,0.5770263016639828,0.08722490606548577,0.7514761137949544,1.0735373054213635,0.06709608158883522
162,12.258454106280194,19.0955448201825,9.044551798174986,9.447128287707997,9.219001610305957,22.27589908749329,16.10305958132045,0.5770263016639828,0.08722490606548577,0.7514761137949544,1.0735373054213635,0.06709608158883522
163,12.426194310252281,19.082125603864736,9.024422973698336,9.447128287707997,9.205582393988191,22.18196457326892,16.002415458937197,0.6508319914117016,0.08722490606548577,0.7514761137949544,1.0735373054213635,0.06709608158883522
164,12.486580783682234,19.02173913043478,9.004294149221685,9.400161030595813,9.574610842726784,21.926999463231347,15.955448201825014,0.6508319914117016,0.08722490606548577,0.7514761137949544,1.0735373054213635,0.06709608158883522
165,12.473161567364466,17.64626945786366,8.99087493290392,9.346484165324744,9.440418679549115,21.866612989801396,17.60601180891036,0.6508319914117016,0.08722490606548577,0.7514761137949544,1.0735373054213635,0.06709608158883522
166,12.573805689747719,17.612721417069242,9.829575952764358,8.655394524959743,9.212292002147075,21.833064949006978,17.68652710681696,0.6239935587761675,0.08722490606548577,0.7447665056360708,1.0735373054213635,0.06709608158883522
167,12.922705314009661,17.518786902844873,9.75577026301664,8.608427267847558,9.185453569511541,21.524422973698336,17.659688674181428,0.8856682769726248,0.05367686527106817,0.7447665056360708,1.0735373054213635,0.06709608158883522
168,12.573805689747719,15.123456790123457,9.621578099838969,11.822329575952764,9.118357487922705,21.598228663446054,17.45169082125604,0.8856682769726248,0.05367686527106817,0.7447665056360708,0.9393451422436929,0.06709608158883522
169,12.681159420289855,15.069779924852389,9.588030059044552,11.822329575952764,9.104938271604938,21.591519055287172,17.45169082125604,0.8856682769726248,0.05367686527106817,0.7447665056360708,0.9393451422436929,0.06709608158883522
170,12.828770799785293,15.069779924852389,9.588030059044552,11.741814278046162,8.883521202361782,21.43719806763285,17.652979066022546,0.9930220075147611,0.05367686527106817,0.7447665056360708,0.9393451422436929,0.06709608158883522
171,11.936392914653783,13.47289318303811,9.07139023081052,8.527911969940956,17.840848094471284,21.289586688137412,15.203972088030058,1.1137949543746646,,0.7447665056360708,0.7313472893183038,0.06709608158883522
172,11.996779388083736,13.47289318303811,9.05126140633387,8.527911969940956,17.814009661835748,21.276167471819647,15.203972088030058,1.1137949543746646,,0.7447665056360708,0.7313472893183038,0.06709608158883522
173,11.902844873859367,13.425925925925926,11.292270531400966,8.333333333333334,17.54562533548041,20.564949006977994,14.278046162104133,1.2077294685990339,,0.7447665056360708,0.6374127750939346,0.06709608158883522
174,12.157809983896941,13.251476113794954,11.252012882447666,8.400429414922169,17.478529253891573,20.511272141706925,14.251207729468598,1.2077294685990339,,0.785024154589372,0.6374127750939346,0.06709608158883522
175,12.31213097155126,13.20450885668277,11.252012882447666,8.360171765968868,17.465110037573805,20.37037037037037,14.197530864197532,1.3486312399355878,,0.785024154589372,0.6374127750939346,0.06709608158883522
176,12.47987117552335,13.18438003220612,11.252012882447666,8.333333333333334,17.465110037573805,20.25630703166935,14.190821256038648,1.3486312399355878,,0.785024154589372,0.6374127750939346,0.06709608158883522
177,12.587224906065487,13.137412775093935,11.252012882447666,8.313204508856682,17.337627482555018,20.343531937734838,14.090177133655395,1.3486312399355878,,0.8856682769726248,0.6374127750939346,0.06709608158883522
178,12.741545893719806,13.117283950617283,11.225174449812132,8.246108427267847,17.28395061728395,20.457595276435857,14.090177133655395,1.2546967257112185,,0.8789586688137413,0.6374127750939346,0.06709608158883522
179,12.828770799785293,13.083735909822867,11.05072463768116,8.246108427267847,17.2638217928073,20.343531937734838,13.841921631776705,1.3955984970477724,,0.8789586688137413,0.9997316156736447,0.06709608158883522
180,12.620772946859903,13.063607085346217,9.541062801932368,8.172302737520129,19.699409554482017,20.343531937734838,13.553408480944713,1.3821792807300053,,0.8789586688137413,0.6776704240472357,0.06709608158883522
181,12.795222758990874,12.93612453032743,9.494095544820183,8.219269994632313,19.632313472893184,20.21604938271605,13.519860440150294,1.4962426194310252,,0.9460547504025765,0.6776704240472357,0.06709608158883522
182,13.009930220075148,12.902576489533011,9.494095544820183,8.179012345679013,19.538378958668815,20.1959205582394,13.493022007514762,1.4962426194310252,,0.9460547504025765,0.6776704240472357,0.06709608158883522
183,13.077026301663983,12.902576489533011,9.494095544820183,8.179012345679013,19.538378958668815,20.162372517444982,13.459473966720344,1.4962426194310252,,0.9460547504025765,0.6776704240472357,0.06709608158883522
184,13.311862587224907,12.869028448738593,9.46725711218465,8.179012345679013,19.49812130971551,20.081857219538378,13.43263553408481,1.4962426194310252,,0.9192163177670424,0.6776704240472357,0.06709608158883522
185,13.546698872785829,12.848899624261943,9.440418679549115,8.179012345679013,19.370638754696724,20.014761137949545,13.365539452495975,1.4962426194310252,,0.9192163177670424,0.7514761137949544,0.06709608158883522
186,13.7211486849168,12.835480407944177,9.54777241009125,8.125335480407944,19.30354267310789,19.706119162640903,13.211218464841654,1.5230810520665594,0.04696725711218465,0.9192163177670424,0.9930220075147611,0.06709608158883522
187,13.828502415458937,12.754965110037574,9.50751476113795,8.11862587224906,19.30354267310789,19.558507783145465,13.231347289318304,1.6237251744498122,0.04696725711218465,0.9125067096081588,1.0466988727858293,0.06709608158883522
188,13.969404186795492,12.667740203972087,9.4873859366613,8.205850778314547,19.236446591519055,19.484702093397747,13.20450885668277,1.6237251744498122,0.04696725711218465,0.9125067096081588,1.093666129898014,0.06709608158883522
189,14.210950080515298,12.513419216317766,9.46725711218465,8.205850778314547,19.189479334406872,19.390767579173378,13.278314546430488,1.6237251744498122,0.04696725711218465,0.9125067096081588,1.093666129898014,0.06709608158883522
190,14.593397745571659,12.379227053140097,9.400161030595813,8.179012345679013,19.028448738593667,19.330381105743424,13.264895330112722,1.6237251744498122,0.04696725711218465,0.9125067096081588,1.1741814278046163,0.06709608158883522
191,14.774557165861514,12.379227053140097,9.400161030595813,8.179012345679013,18.96135265700483,19.223027375201287,13.264895330112722,1.6237251744498122,0.04696725711218465,0.9125067096081588,1.1674718196457328,0.06709608158883522
192,14.895330112721417,12.379227053140097,9.333064949006978,8.165593129361245,18.88083735909823,19.068706387546968,13.16425120772947,1.8384326355340848,0.04696725711218465,0.8923778851315083,1.2681159420289856,0.06709608158883522
193,14.969135802469136,12.365807836822329,9.333064949006978,8.165593129361245,18.82716049382716,19.068706387546968,13.157541599570585,1.8384326355340848,0.04696725711218465,0.8923778851315083,1.2681159420289856,0.06709608158883522
194,15.063070316693505,12.345679012345679,9.333064949006978,8.165593129361245,18.773483628556093,19.061996779388085,13.063607085346217,1.9189479334406871,0.04696725711218465,0.8923778851315083,1.2681159420289856,0.06709608158883522
195,15.11003757380569,12.345679012345679,9.31964573268921,8.145464304884594,18.766774020397207,18.9345142243693,13.050187869028449,2.0531400966183573,0.04696725711218465,0.8923778851315083,1.2681159420289856,0.06709608158883522
196,15.217391304347826,12.338969404186795,9.31964573268921,8.145464304884594,18.733225979602793,18.894256575415994,13.036768652710682,2.0531400966183573,0.04696725711218465,0.8923778851315083,1.2546967257112185,0.06709608158883522
197,15.304616210413311,12.338969404186795,9.286097691894794,7.9039184111647875,18.699677938808374,18.887546967257112,13.036768652710682,2.281266774020397,0.04696725711218465,0.8923778851315083,1.2546967257112185,0.06709608158883522
198,15.257648953301127,12.332259796027913,9.98389694041868,8.910359634997317,18.49838969404187,18.02200751476114,12.27187332259796,2.589908749329039,0.04696725711218465,0.8118625872249061,1.2077294685990339,0.06709608158883522
199,15.485775630703166,12.278582930756844,9.957058507783145,8.970746108427267,18.263553408480945,17.934782608695652,12.198067632850242,2.5563607085346214,0.04696725711218465,0.8118625872249061,1.42914653784219,0.06709608158883522
200,15.378421900161031,12.104133118625873,9.957058507783145,9.31964573268921,18.12265163714439,17.934782608695652,12.27187332259796,2.5563607085346214,0.04696725711218465,0.8118625872249061,1.42914653784219,0.06709608158883522
201,15.599838969404187,12.077294685990339,9.816156736446592,9.380032206119163,17.69994632313473,17.914653784219002,12.265163714439076,2.536231884057971,0.04696725711218465,0.7380568974771873,1.8585614600107354,0.06709608158883522
202,15.713902308105206,12.04374664519592,9.782608695652174,9.380032206119163,17.68652710681696,17.881105743424584,12.265163714439076,2.536231884057971,0.04696725711218465,0.7380568974771873,1.8585614600107354,0.06709608158883522
203,15.895061728395062,11.976650563607086,9.802737520128824,9.567901234567902,17.64626945786366,17.69994632313473,12.117552334943639,2.536231884057971,0.04696725711218465,0.8185721953837896,1.8250134192163177,0.06709608158883522
204,15.935319377348362,11.896135265700483,9.802737520128824,9.54777241009125,17.612721417069242,17.693236714975846,12.218196457326892,2.536231884057971,0.04696725711218465,0.8185721953837896,1.8250134192163177,0.06709608158883522
205,16.243961352657006,11.876006441223833,9.73564143853999,9.54777241009125,17.58588298443371,17.693236714975846,12.04374664519592,2.522812667740204,0.04696725711218465,0.8185721953837896,1.8250134192163177,0.06038647342995169
206,16.29092860976919,11.896135265700483,9.71551261406334,9.520933977455716,17.52549651100376,17.652979066022546,12.016908212560386,2.6301663982823404,0.04696725711218465,0.8185721953837896,1.8250134192163177,0.06038647342995169
207,16.5727321524423,11.79549114331723,9.71551261406334,9.520933977455716,17.183306494900698,17.639559849704778,11.956521739130435,2.6033279656468062,0.04696725711218465,0.8185721953837896,2.086688137412775,0.06038647342995169
208,16.7337627482555,11.768652710681696,9.98389694041868,9.219001610305957,17.156468062265162,17.70665593129361,11.81561996779388,2.6033279656468062,0.04696725711218465,0.8185721953837896,2.086688137412775,0.06038647342995169
209,16.854535695115406,11.688137412775093,9.970477724100913,9.198872785829307,17.10950080515298,17.673107890499196,11.90955448201825,2.6033279656468062,0.04696725711218465,0.8118625872249061,2.073268921095008,0.06038647342995169
210,17.042404723564143,11.647879763821793,10.064412238325282,9.151905528717123,17.08937198067633,17.60601180891036,11.855877616747183,2.6033279656468062,0.04696725711218465,0.8118625872249061,2.01959205582394,0.06038647342995169
