,45,50,51,52,55,53,54,56,57
0,98.62453032742887,1.3754696725711217,,,,,,,
1,98.63123993558776,1.3687600644122384,,,,,,,
2,97.1886741814278,2.8113258185721954,,,,,,,
3,93.55877616747182,6.4412238325281805,,,,,,,
4,93.20987654320987,6.790123456790123,,,,,,,
5,81.4747718733226,18.5252281266774,,,,,,,
6,79.3947933440687,20.605206655931294,,,,,,,
7,78.63660762211487,21.36339237788513,,,,,,,
8,72.76570048309179,27.234299516908212,,,,,,,
9,71.95383789586688,24.46323134728932,3.5829307568438002,,,,,,
10,55.62265163714439,40.80783682232958,3.569511540526033,,,,,,
11,52.41545893719807,44.015029522275896,3.569511540526033,,,,,,
12,51.42243692968331,40.666935050993025,4.019055287171229,3.569511540526033,0.322061191626409,,,,
13,51.17418142780462,39.20424047235642,4.019055287171229,5.280461621041331,0.322061191626409,,,,
14,50.71121846484165,38.7211486849168,4.871175523349437,5.253623188405797,0.4428341384863124,,,,
15,49.094202898550726,38.969404186795494,7.118894256575416,4.374664519592056,0.4428341384863124,,,,
16,49.22839506172839,38.87546967257112,7.112184648416532,4.341116478797638,0.4428341384863124,,,,
17,48.90633387010199,37.92941492216855,7.266505636070853,4.508856682769726,0.4227053140096618,0.966183574879227,,,
18,44.49141170155663,40.344873859366615,10.19189479334407,3.5829307568438002,0.4227053140096618,0.966183574879227,,,
19,35.78234031132582,42.00214707461084,16.364734299516908,3.5829307568438002,0.5568974771873323,1.710950080515298,,,
20,35.39318303811057,38.93585614600107,17.05582393988191,3.455448201825013,0.5568974771873323,1.710950080515298,2.8918411164787976,,
21,35.567632850241544,38.31186258722491,17.028985507246375,3.4420289855072466,0.5568974771873323,2.200751476113795,2.8918411164787976,,
22,35.72866344605475,38.191089640365,16.988727858293075,3.4420289855072466,0.5568974771873323,2.200751476113795,2.8918411164787976,,
23,35.94337090713902,37.86231884057971,16.921631776704242,3.4420289855072466,0.7380568974771873,2.200751476113795,2.8918411164787976,,
24,36.131239935587764,37.80864197530864,16.820987654320987,3.408480944712829,0.7380568974771873,2.200751476113795,2.8918411164787976,,
25,36.15807836822329,37.76838432635534,16.834406870638755,3.408480944712829,0.7380568974771873,2.200751476113795,2.8918411164787976,,
26,36.580783682232955,35.38647342995169,17.746913580246915,3.1602254428341383,1.2345679012345678,2.200751476113795,2.8918411164787976,0.798443370907139,
27,36.69484702093398,35.30595813204509,17.72007514761138,3.1602254428341383,1.2278582930756843,2.200751476113795,2.8918411164787976,0.798443370907139,
28,36.8894256575416,35.017444981213096,17.673107890499196,3.1602254428341383,1.2278582930756843,2.200751476113795,3.0327428878153517,0.798443370907139,
29,36.99677938808374,34.252549651100374,16.941760601180892,3.1602254428341383,1.221148684916801,3.5963499731615673,3.0327428878153517,0.798443370907139,
30,35.299248523886206,32.56843800322061,19.672571121846484,4.28743961352657,1.221148684916801,3.1199677938808374,3.0327428878153517,0.798443370907139,
31,35.38647342995169,32.420826623725176,19.6256038647343,4.253891572732153,1.3620504562533549,3.1199677938808374,3.0327428878153517,0.798443370907139,
32,35.44015029522276,25.925925925925927,26.33521202361782,4.233762748255502,1.221148684916801,3.0394524959742353,3.0059044551798175,0.798443370907139,
33,33.581588835212024,27.811325818572197,26.34863123993559,4.193505099302201,1.221148684916801,3.0394524959742353,3.0059044551798175,0.798443370907139,
34,33.64868491680086,27.811325818572197,26.321792807300053,4.193505099302201,1.221148684916801,3.0394524959742353,2.965646806226516,0.798443370907139,
35,33.756038647343,27.536231884057973,26.704240472356414,4.193505099302201,1.1137949543746646,2.932098765432099,2.965646806226516,0.798443370907139,
36,33.59500805152979,24.9597423510467,27.126945786366075,4.783950617283951,2.1940418679549114,2.932098765432099,3.6500268384326353,0.7581857219538379,
37,31.293612453032743,27.435587761674718,27.046430488459475,4.696725711218465,2.1940418679549114,2.932098765432099,3.643317230273752,0.7581857219538379,
38,31.273483628556093,27.3215244229737,22.805958132045088,8.55475040257649,2.1940418679549114,3.44873859366613,3.643317230273752,0.7581857219538379,
39,31.367418142780462,27.2812667740204,22.805958132045088,8.55475040257649,2.1940418679549114,3.421900161030596,3.616478797638218,0.7581857219538379,
40,31.414385399892645,27.073268921095007,22.31615673644659,9.091519055287172,2.1940418679549114,3.1333870101986045,4.019055287171229,0.7581857219538379,
41,31.233225979602793,26.54320987654321,22.403381642512077,9.386741814278047,1.8250134192163177,4.3545356951154055,3.4957058507783145,0.7581857219538379,
42,29.716854535695116,27.26113794954375,23.22866344605475,9.359903381642512,1.8250134192163177,4.3545356951154055,3.4957058507783145,0.7581857219538379,
43,27.851583467525497,27.958937198067634,24.396135265700483,9.359903381642512,1.8250134192163177,4.3545356951154055,3.4957058507783145,0.7581857219538379,
44,27.871712292002147,27.891841116478798,20.437466451959207,9.359903381642512,1.8250134192163177,8.360171765968868,3.4957058507783145,0.7581857219538379,
45,27.79790660225443,27.811325818572197,20.625335480407944,9.339774557165862,1.8250134192163177,8.360171765968868,3.4822866344605474,0.7581857219538379,
46,28.012614063338702,27.76435856146001,20.497852925389157,9.339774557165862,1.8250134192163177,8.353462157809984,3.44873859366613,0.7581857219538379,
47,25.99302200751476,38.89559849704777,16.384863123993558,6.528448738593666,1.8250134192163177,7.75630703166935,1.8585614600107354,0.7581857219538379,
48,23.792270531400966,36.71497584541063,17.746913580246915,9.561191626409018,1.8115942028985508,7.75630703166935,1.8585614600107354,0.7581857219538379,
49,23.872785829307567,36.67471819645733,19.81347289318304,7.997852925389157,1.8115942028985508,7.212828770799785,1.8585614600107354,0.7581857219538379,
50,24.08749329039184,36.39291465378422,19.90740740740741,7.997852925389157,1.8115942028985508,7.192699946323135,1.8518518518518519,0.7581857219538379,
51,24.04723564143854,34.27938808373591,20.759527643585614,9.326355340848094,1.8115942028985508,7.1658615136876005,1.8518518518518519,0.7581857219538379,
52,24.154589371980677,34.17203435319377,19.565217391304348,9.31964573268921,1.8115942028985508,8.36688137412775,1.8518518518518519,0.7581857219538379,
53,23.369565217391305,29.985238862050455,24.832259796027913,8.749329039184111,2.6972624798711755,7.75630703166935,1.8518518518518519,0.7581857219538379,
54,23.564143853998928,29.871175523349436,24.778582930756844,8.722490606548577,2.6972624798711755,7.75630703166935,1.8518518518518519,0.7581857219538379,
55,23.26892109500805,26.8719806763285,34.88325281803543,6.816961889425658,1.2546967257112185,5.233494363929147,1.6706924315619969,,
56,23.450080515297905,26.82501341921632,34.74906065485776,6.816961889425658,1.2546967257112185,5.233494363929147,1.6706924315619969,,
57,22.839506172839506,27.26113794954375,34.936929683306495,6.816961889425658,1.2546967257112185,5.233494363929147,1.6572732152442298,,
58,22.282608695652176,25.99302200751476,36.842458400429415,7.6556629092860975,1.0198604401502953,4.703435319377348,1.5029522275899088,,
59,20.182501341921633,23.349436392914654,41.606280193236714,7.635534084809447,1.0198604401502953,4.703435319377348,1.5029522275899088,,
60,17.21014492753623,21.792807300053678,44.97450348899624,7.930756843800322,1.0198604401502953,4.40150295222759,2.6704240472356413,,
61,16.5727321524423,21.20907139023081,46.524422973698336,7.62211486849168,0.9997316156736447,4.40150295222759,2.6704240472356413,,
62,13.191089640365004,30.407944176060116,44.41760601180891,3.911701556629093,0.9997316156736447,4.40150295222759,2.6704240472356413,,
63,13.358829844337091,30.347557702630166,44.31025228126678,3.911701556629093,0.9997316156736447,4.40150295222759,2.6704240472356413,,
64,13.580246913580247,30.320719269994633,44.14922168545357,3.911701556629093,0.9997316156736447,4.40150295222759,2.636876006441224,,
65,13.788244766505636,30.246913580246915,44.04857756307032,3.878153515834675,0.9997316156736447,4.40150295222759,2.636876006441224,,
66,12.661030595813205,35.11808910359635,40.98899624261943,3.193773483628556,0.9997316156736447,4.40150295222759,2.636876006441224,,
67,12.95625335480408,34.99060654857756,40.4320987654321,3.193773483628556,0.9997316156736447,4.40150295222759,2.636876006441224,0.38915727321524424,
68,13.345410628019323,34.836285560923244,40.23081052066559,3.1602254428341383,0.9997316156736447,4.40150295222759,2.636876006441224,0.38915727321524424,
69,13.499731615673644,34.72893183038111,39.56655931293612,3.1535158346752548,0.9997316156736447,4.40150295222759,3.6500268384326353,,
70,12.701288244766506,34.634997316156735,36.75523349436393,6.857219538378959,0.9997316156736447,4.40150295222759,3.6500268384326353,,
71,12.822061191626409,34.60144927536232,36.68813741277509,6.837090713902308,0.9997316156736447,4.40150295222759,3.6500268384326353,,
72,13.285024154589372,34.326355340848096,36.56736446591519,6.8035426731078905,0.9997316156736447,4.367954911433173,3.6500268384326353,,
73,13.385668276972625,34.265968867418145,36.52710681696189,6.8035426731078905,0.9997316156736447,4.367954911433173,3.6500268384326353,,
74,13.7211486849168,34.07809983896941,36.41975308641975,6.769994632313473,0.9997316156736447,4.361245303274289,3.6500268384326353,,
75,14.056629092860977,33.9975845410628,36.29898013955985,6.6760601180891035,0.9997316156736447,4.361245303274289,3.6097691894793345,,
76,14.090177133655395,33.09849704777241,39.55314009661836,6.642512077294686,0.15432098765432098,2.8515834675254963,3.6097691894793345,,
77,14.123725174449811,32.27321524422974,37.513419216317764,9.594739667203436,0.15432098765432098,2.7308105206655933,3.6097691894793345,,
78,14.38539989264627,32.1256038647343,37.42619431025228,9.567901234567902,0.15432098765432098,2.7308105206655933,3.6097691894793345,,
79,14.626945786366075,32.018250134192165,37.30542136339238,9.453837895866881,0.15432098765432098,2.7308105206655933,3.7104133118625873,,
80,14.821524422973699,31.99141170155663,37.17793880837359,9.453837895866881,0.15432098765432098,2.690552871712292,3.7104133118625873,,
81,10.7085346215781,25.85882984433709,49.57058507783145,7.454374664519592,0.14761137949543746,2.6435856146001075,3.616478797638218,,
82,10.198604401502953,25.785024154589372,49.100912506709605,7.37385936661299,1.2815351583467525,2.6435856146001075,3.616478797638218,,
83,9.809447128287708,24.90606548577563,47.73215244229737,7.37385936661299,1.2815351583467525,5.280461621041331,3.616478797638218,,
84,8.225979602791197,24.36929683306495,47.71202361782072,11.641170155662909,1.2815351583467525,3.4822866344605474,3.2877079978529253,,
85,8.407139023081053,24.342458400429415,47.59125067096082,11.634460547504025,1.2748255501878691,3.4822866344605474,3.2675791733762747,,
86,8.715780998389693,24.302200751476114,50.966183574879224,8.393719806763285,1.3888888888888888,3.026033279656468,3.207192699946323,,
87,8.682232957595277,21.490874932903917,54.42163177670424,8.340042941492216,0.5300590445517982,3.6768652710681695,2.85829307568438,,
88,8.675523349436393,21.470746108427267,52.04643048845947,7.118894256575416,0.5300590445517982,7.380568974771873,2.7777777777777777,,
89,8.816425120772946,21.423778851315085,51.96591519055287,7.105475040257649,0.5300590445517982,7.380568974771873,2.7777777777777777,,
90,7.930756843800322,18.4447128287708,49.85238862050456,12.02361782071927,0.5300590445517982,7.092055823939882,4.126409017713366,,
91,7.9039184111647875,18.19645732689211,49.77187332259796,11.976650563607086,0.5300590445517982,7.494632313472893,4.126409017713366,,
92,7.816693505099302,18.149490069779926,47.98040794417606,13.083735909822867,1.3620504562533549,7.481213097155126,4.126409017713366,,
93,7.50805152979066,16.626409017713364,49.16800858829844,13.92914653784219,1.1876006441223832,7.454374664519592,4.126409017713366,,
94,6.9310252281266775,16.324476650563607,51.33521202361782,13.868760064412239,1.1808910359634996,6.233225979602791,4.126409017713366,,
95,7.105475040257649,16.11647879763822,51.207729468599034,13.848631239935587,1.3888888888888888,6.233225979602791,4.0995705850778315,,
96,7.300053676865271,16.109769189479334,51.08695652173913,13.808373590982287,1.3888888888888888,6.233225979602791,4.072732152442297,,
97,7.561728395061729,15.787707997852925,50.959473966720346,13.788244766505636,1.7176596886741815,6.152710681696189,4.032474503488996,,
98,7.635534084809447,15.767579173376275,50.93263553408481,13.761406333870102,1.7176596886741815,6.152710681696189,4.032474503488996,,
99,7.689210950080516,15.70048309178744,50.395866881374126,14.31159420289855,1.7176596886741815,6.152710681696189,4.032474503488996,,
100,7.87037037037037,14.928878153515834,49.6309715512614,14.2914653784219,3.126677402039721,6.119162640901771,4.032474503488996,,
101,8.11862587224906,14.895330112721417,49.41626409017714,14.2914653784219,3.126677402039721,6.119162640901771,4.032474503488996,,
102,8.21256038647343,14.80810520665593,48.22195383789587,14.345142243692969,3.126677402039721,7.253086419753086,4.032474503488996,,
103,8.480944712828771,14.74771873322598,48.121309715512616,14.31159420289855,3.126677402039721,7.179280730005368,4.032474503488996,,
104,7.326892109500805,15.123456790123457,53.37493290391841,13.848631239935587,3.126677402039721,3.9318303811057436,3.166935050993022,,0.10064412238325282
105,7.440955448201825,15.11003757380569,50.26838432635534,16.921631776704242,3.0595813204508855,3.9318303811057436,3.166935050993022,,0.10064412238325282
106,7.541599570585078,15.08990874932904,51.019860440150296,16.23725174449812,3.0595813204508855,3.9184111647879765,3.0327428878153517,,0.10064412238325282
107,7.078636607622115,11.862587224906065,52.274557165861516,15.304616210413311,2.7241009125067097,7.709339774557166,3.0327428878153517,,0.013419216317767043
108,7.03166935050993,11.580783682232958,52.26784755770263,15.277777777777779,2.7241009125067097,8.252818035426731,2.8515834675254963,,0.013419216317767043
109,7.212828770799785,11.540526033279656,52.18733225979603,15.237520128824476,2.703972088030059,8.252818035426731,2.8515834675254963,,0.013419216317767043
110,7.300053676865271,11.52710681696189,49.39613526570049,14.184111647879764,2.703972088030059,11.77536231884058,3.099838969404187,,0.013419216317767043
111,7.2933440687063875,11.52710681696189,48.65807836822329,14.15727321524423,2.703972088030059,12.546967257112184,3.099838969404187,,0.013419216317767043
112,7.387278582930757,10.815888352120236,48.01395598497048,13.862050456253355,2.703972088030059,12.93612453032743,4.26731078904992,,0.013419216317767043
113,6.280193236714976,12.265163714439076,48.04079441760601,13.493022007514762,2.703972088030059,12.93612453032743,4.26731078904992,,0.013419216317767043
114,5.971551261406334,11.943102522812667,48.772141706924316,14.492753623188406,2.6637144390767578,11.876006441223833,4.26731078904992,,0.013419216317767043
115,6.078904991948471,11.600912506709609,49.765163714439076,14.264626945786366,2.6637144390767578,11.345947396672035,4.26731078904992,,0.013419216317767043
116,6.239935587761675,11.594202898550725,49.69806763285024,14.237788513150832,2.6637144390767578,11.305689747718732,4.247181964573269,,0.013419216317767043
117,6.447933440687064,11.560654857756306,47.52415458937198,14.17740203972088,2.6637144390767578,12.640901771336553,4.9718196457326895,,0.013419216317767043
118,6.662640901771336,11.500268384326356,47.47047772410091,14.110305958132045,2.6637144390767578,12.607353730542137,4.9718196457326895,,0.013419216317767043
119,6.810252281266774,11.460010735373054,47.376543209876544,14.110305958132045,2.6637144390767578,12.607353730542137,4.958400429414922,,0.013419216317767043
120,7.2933440687063875,11.439881910896403,47.195383789586685,14.049919484702093,2.6637144390767578,12.412775093934513,4.931561996779388,,0.013419216317767043
121,7.501341921631776,11.372785829307569,46.92028985507246,14.345142243692969,2.6637144390767578,12.278582930756844,4.904723564143854,,0.013419216317767043
122,7.6556629092860975,10.352925389157273,46.772678475577024,13.969404186795492,2.576489533011272,12.265163714439076,6.394256575415996,,0.013419216317767043
123,7.830112721417069,10.339506172839506,46.70558239398819,13.969404186795492,2.5697799248523885,12.191358024691358,6.380837359098229,,0.013419216317767043
124,7.917337627482555,10.332796564680622,45.90713902308105,13.922436929683306,3.33467525496511,12.191358024691358,6.380837359098229,,0.013419216317767043
125,7.991143317230274,10.319377348362856,45.65217391304348,13.90901771336554,3.307836822329576,12.097423510466989,6.588835212023618,0.12077294685990338,0.013419216317767043
126,7.836822329575953,10.050993022007514,49.20826623725174,11.788781535158346,3.1468062265163717,10.59447128287708,7.239667203435319,0.12077294685990338,0.013419216317767043
127,7.830112721417069,9.621578099838969,49.13446054750403,11.761943102522812,3.6902844873859366,10.587761674718196,7.239667203435319,0.12077294685990338,0.013419216317767043
128,8.13875469672571,9.39345142243693,48.51717659688674,11.634460547504025,3.6634460547504024,10.540794417606012,7.977724100912507,0.12077294685990338,0.013419216317767043
129,8.232689210950081,9.366612989801396,50.70450885668277,11.037305421363392,3.6634460547504024,8.977455716586151,7.897208803005904,0.12077294685990338,
130,8.507783145464305,9.366612989801396,50.54347826086956,11.037305421363392,3.6634460547504024,8.890230810520666,7.87037037037037,0.12077294685990338,
131,8.601717659688674,9.366612989801396,50.1610305958132,11.010466988727858,3.656736446591519,8.776167471819646,8.3064949006978,0.12077294685990338,
132,8.715780998389693,9.366612989801396,50.0805152979066,11.010466988727858,3.6500268384326353,8.776167471819646,8.3064949006978,0.0939345142243693,
133,8.876811594202898,9.366612989801396,49.953032742887814,11.010466988727858,3.6500268384326353,8.776167471819646,8.272946859903382,0.0939345142243693,
134,9.272678475577026,9.353193773483628,49.75845410628019,10.990338164251208,3.502415458937198,8.756038647342995,8.272946859903382,0.0939345142243693,
135,9.219001610305957,9.339774557165862,50.436124530327426,10.802469135802468,3.193773483628556,8.749329039184111,8.259527643585615,,
136,9.433709071390231,9.292807300053678,50.32877079978529,10.789049919484702,3.193773483628556,8.729200214707461,8.232689210950081,,
137,9.473966720343531,9.286097691894794,50.30864197530864,10.789049919484702,3.193773483628556,8.729200214707461,8.219269994632313,,
138,9.73564143853999,9.27938808373591,50.10735373054214,10.789049919484702,3.193773483628556,8.682232957595277,8.21256038647343,,
139,10.057702630166398,9.27938808373591,49.993290391841114,11.178207192699947,3.193773483628556,8.172302737520129,8.125335480407944,,
140,10.285829307568438,9.27938808373591,49.85238862050456,11.158078368223295,3.193773483628556,8.091787439613526,8.13875469672571,,
141,9.943639291465379,9.27938808373591,50.657541599570585,11.097691894793345,3.193773483628556,8.07836822329576,7.749597423510467,,
142,10.057702630166398,9.111647879763822,51.690821256038646,11.097691894793345,3.294417606011809,7.6556629092860975,7.092055823939882,,
143,9.836285560923242,8.353462157809984,54.02576489533011,10.399892646269459,3.2675791733762747,7.6556629092860975,6.461352657004831,,
144,10.077831454643048,8.353462157809984,53.89157273215244,10.373054213633925,3.260869565217391,7.62211486849168,6.421095008051529,,
145,10.071121846484166,8.3467525496511,52.683843263553406,10.359634997316157,4.522275899087493,7.62211486849168,6.394256575415996,,
146,10.648148148148149,8.07836822329576,52.55636070853462,10.359634997316157,4.461889425657541,7.62211486849168,6.273483628556092,,
147,11.07085346215781,8.071658615136876,50.0805152979066,12.627482555018787,4.461889425657541,7.50805152979066,6.179549114331723,,
148,11.20504562533548,8.05823939881911,50.0,12.627482555018787,4.435050993022007,7.50805152979066,6.166129898013956,,
149,11.265432098765432,8.05823939881911,49.261943102522814,12.627482555018787,5.112721417069243,7.50805152979066,6.166129898013956,,
150,11.54723564143854,8.031400966183575,49.080783682232955,12.607353730542137,5.112721417069243,7.50805152979066,6.112453032742888,,
151,11.674718196457327,8.031400966183575,48.84594739667203,12.607353730542137,5.0993022007514766,7.50805152979066,6.092324208266238,0.14090177133655393,
152,10.983628556092324,7.615405260332796,53.938539989264626,10.487117552334944,4.086151368760064,7.098765432098766,5.649490069779925,0.14090177133655393,
153,11.305689747718732,7.595276435856146,53.535963499731615,10.312667740203972,4.072732152442297,7.387278582930757,5.649490069779925,0.14090177133655393,
154,11.33923778851315,7.239667203435319,52.14036500268384,10.285829307568438,4.052603327965647,8.179012345679013,5.642780461621041,1.1205045625335481,
155,11.345947396672035,7.212828770799785,51.187600644122384,10.285829307568438,4.052603327965647,7.924047235641439,6.884057971014493,1.107085346215781,
156,11.473429951690822,7.192699946323135,51.409017713365536,10.279119699409554,4.03918411164788,7.615405260332796,6.884057971014493,1.107085346215781,
157,11.506977992485238,7.192699946323135,51.37546967257112,10.279119699409554,4.03918411164788,7.615405260332796,6.884057971014493,1.107085346215781,
158,10.950080515297907,6.971282877079979,52.77106816961889,10.010735373054214,4.03918411164788,7.266505636070853,6.884057971014493,1.107085346215781,
159,10.829307568438002,6.890767579173376,51.898819108964034,11.231884057971014,4.03918411164788,7.179280730005368,6.823671497584541,1.107085346215781,
160,11.258722490606548,6.863929146537842,51.58346752549651,11.191626409017713,4.03918411164788,7.14573268921095,6.810252281266774,1.107085346215781,
161,11.52710681696189,6.863929146537842,51.368760064412236,11.16478797638218,4.03918411164788,7.118894256575416,6.810252281266774,1.107085346215781,
162,11.81561996779388,6.850509930220075,51.1406333870102,11.137949543746645,4.019055287171229,7.118894256575416,6.810252281266774,1.107085346215781,
163,11.949812130971551,6.843800322061192,51.03327965646806,11.131239935587761,4.019055287171229,7.118894256575416,6.796833064949007,1.107085346215781,
164,11.916264090177133,6.796833064949007,52.04643048845947,11.07085346215781,4.019055287171229,7.118894256575416,5.924584004294149,1.107085346215781,
165,11.943102522812667,6.796833064949007,52.01959205582394,11.07085346215781,4.019055287171229,7.118894256575416,5.924584004294149,1.107085346215781,
166,12.077294685990339,6.796833064949007,51.851851851851855,10.93666129898014,4.019055287171229,7.286634460547504,5.924584004294149,1.107085346215781,
167,11.996779388083736,6.729736983360172,51.650563607085346,11.594202898550725,4.019055287171229,7.246376811594203,5.656199677938808,1.107085346215781,
168,12.057165861513688,6.729736983360172,51.63714439076758,11.56736446591519,4.019055287171229,7.246376811594203,5.636070853462158,1.107085346215781,
169,10.721953837895867,6.125872249060655,52.442297369833604,14.264626945786366,4.17337627482555,6.400966183574879,5.059044551798175,0.8118625872249061,
170,10.896403650026839,6.125872249060655,52.274557165861516,14.264626945786366,4.17337627482555,6.394256575415996,5.059044551798175,0.8118625872249061,
171,11.178207192699947,6.0587761674718195,52.180622651637144,14.244498121309716,4.17337627482555,6.293612453032743,5.059044551798175,0.8118625872249061,
172,11.238593666129898,6.018518518518518,52.10681696188943,14.338432635534085,4.166666666666667,6.266774020397209,5.052334943639291,0.8118625872249061,
173,11.33923778851315,5.991680085882985,50.71121846484165,16.57944176060118,3.361513687600644,6.152710681696189,5.052334943639291,0.8118625872249061,
174,11.392914653784219,5.991680085882985,50.597155126140635,15.613258185721953,3.361513687600644,7.179280730005368,5.052334943639291,0.8118625872249061,
175,11.272141706924316,5.763553408480945,49.100912506709605,16.25738056897477,3.280998389694042,7.0383789586688135,5.46833064949007,1.8183038110574343,
176,11.366076221148685,5.750134192163178,49.06736446591519,16.210413311862588,3.280998389694042,7.0383789586688135,5.46833064949007,1.8183038110574343,
177,11.43317230273752,5.750134192163178,48.76543209876543,16.210413311862588,3.515834675254965,7.0383789586688135,5.46833064949007,1.8183038110574343,
178,11.688137412775093,5.750134192163178,48.631239935587764,16.13660762211487,3.515834675254965,7.0383789586688135,5.448201825013419,1.7914653784219001,
179,11.882716049382717,5.750134192163178,48.45679012345679,16.11647879763822,3.515834675254965,7.0383789586688135,5.448201825013419,1.7914653784219001,
180,12.224906065485776,5.736714975845411,48.369565217391305,16.076221148684915,3.515834675254965,6.863929146537842,5.421363392377885,1.7914653784219001,
181,12.359098228663447,5.736714975845411,48.28234031132582,16.049382716049383,3.515834675254965,6.863929146537842,5.421363392377885,1.7713365539452497,
182,12.573805689747719,5.736714975845411,48.07434245840043,16.0426731078905,3.515834675254965,6.863929146537842,5.421363392377885,1.7713365539452497,
183,12.70799785292539,5.730005367686527,48.027375201288244,16.002415458937197,3.515834675254965,6.863929146537842,5.381105743424584,1.7713365539452497,
184,13.130703166935051,5.636070853462158,47.765700483091784,15.975577026301664,3.515834675254965,6.823671497584541,5.381105743424584,1.7713365539452497,
185,13.33870101986044,5.615942028985507,47.678475577026305,15.92860976918948,3.5091250670960816,6.796833064949007,5.360976918947934,1.7713365539452497,
186,13.278314546430488,5.609232420826624,48.309178743961354,15.767579173376275,3.4957058507783145,6.407675791733762,5.360976918947934,1.7713365539452497,
187,12.815351583467525,5.609232420826624,45.99436392914654,18.59903381642512,3.4957058507783145,6.353998926462695,5.360976918947934,1.7713365539452497,
188,12.902576489533011,5.609232420826624,45.94739667203435,18.57890499194847,3.4957058507783145,6.353998926462695,5.360976918947934,1.751207729468599,
189,13.150831991411701,5.508588298443371,45.873590982286636,18.552066559312937,3.4822866344605474,6.353998926462695,5.3274288781535155,1.751207729468599,
190,13.318572195383789,5.508588298443371,45.813204508856685,18.451422436929683,3.475577026301664,6.353998926462695,5.3274288781535155,1.751207729468599,
191,12.654320987654321,5.508588298443371,46.826355340848096,17.975040257648953,4.032474503488996,6.152710681696189,5.293880837359098,1.556629092860977,
192,12.808641975308642,5.508588298443371,46.73913043478261,17.867686527106816,4.032474503488996,6.125872249060655,5.267042404723564,1.6505636070853462,
193,12.882447665056361,5.508588298443371,46.69216317767042,17.867686527106816,4.005636070853462,6.125872249060655,5.267042404723564,1.6505636070853462,
194,13.023349436392914,5.508588298443371,46.62506709608159,17.85426731078905,4.005636070853462,6.105743424584004,5.226784755770263,1.6505636070853462,
195,13.459473966720344,5.508588298443371,46.39023081052066,17.72007514761138,3.978797638217928,6.072195383789587,5.22007514761138,1.6505636070853462,
196,12.902576489533011,5.267042404723564,47.25577026301664,18.5654857756307,3.066290928609769,6.072195383789587,5.22007514761138,1.6505636070853462,
197,13.144122383252817,5.253623188405797,47.148416532474506,18.471551261406333,3.066290928609769,6.072195383789587,5.193236714975845,1.6505636070853462,
198,13.036768652710682,5.24020397208803,46.31642512077295,19.665861513687602,2.831454643048846,6.0654857756307035,5.193236714975845,1.6505636070853462,
199,13.251476113794954,5.24020397208803,46.13526570048309,19.64573268921095,2.831454643048846,6.0654857756307035,5.179817498658078,1.6505636070853462,
200,13.378958668813741,5.24020397208803,45.14224369296833,19.558507783145465,2.831454643048846,6.716317767042405,5.6964573268921095,1.4358561460010735,
201,13.647342995169081,5.24020397208803,44.30354267310789,19.41760601180891,2.7509393451422435,6.702898550724638,5.6964573268921095,2.2410091250670963,
202,13.895598497047773,5.24020397208803,44.14922168545357,19.390767579173378,2.7509393451422435,6.662640901771336,5.669618894256575,2.2410091250670963,
203,13.922436929683306,5.24020397208803,44.12909286097692,19.384057971014492,2.7509393451422435,6.662640901771336,5.669618894256575,2.2410091250670963,
204,14.15727321524423,5.24020397208803,44.02173913043478,19.363929146537842,2.7442297369833604,6.635802469135802,5.629361245303274,2.2074610842726785,
205,14.298174986580785,5.213365539452496,44.00161030595813,19.33709071390231,2.7442297369833604,6.582125603864735,5.615942028985507,2.2074610842726785,
206,14.533011272141707,5.213365539452496,43.894256575415994,19.229736983360173,2.7442297369833604,6.561996779388084,5.615942028985507,2.2074610842726785,
207,14.566559312936125,5.213365539452496,42.94820182501342,19.961084272678477,2.717391304347826,6.239935587761675,6.152710681696189,2.200751476113795,
208,14.687332259796028,5.052334943639291,42.76704240472356,19.961084272678477,2.6502952227589907,6.239935587761675,6.4412238325281805,2.200751476113795,
209,14.774557165861514,5.045625335480408,42.74691358024691,19.94766505636071,2.6502952227589907,6.239935587761675,6.414385399892646,2.1806226516371443,
210,14.855072463768115,5.025496511003757,42.693236714975846,19.920826623725173,2.6502952227589907,6.260064412238325,6.414385399892646,2.1806226516371443,
211,15.72061191626409,5.025496511003757,41.86795491143317,19.90740740740741,2.6502952227589907,6.233225979602791,6.414385399892646,2.1806226516371443,
212,15.70048309178744,5.025496511003757,41.29092860976919,19.719538378958667,2.6502952227589907,7.1725711218464845,6.286902844873859,2.15378421900161,
213,15.881642512077295,5.025496511003757,41.26409017713365,19.592055823939884,2.623456790123457,7.1725711218464845,6.286902844873859,2.15378421900161,
214,16.09634997316157,4.904723564143854,40.633387010198604,20.323403113258184,2.623456790123457,7.1725711218464845,6.092324208266238,2.15378421900161,
215,16.304347826086957,4.904723564143854,40.552871712292,20.263016639828233,2.6167471819645733,7.14573268921095,6.0587761674718195,2.15378421900161,
216,16.069511540526033,4.904723564143854,37.245034889962426,23.74530327428878,2.3886205045625335,7.139023081052066,6.219806763285024,2.2879763821792807,
217,16.243961352657006,4.904723564143854,37.17122920021471,23.691626409017715,2.3886205045625335,7.112184648416532,6.199677938808374,2.2879763821792807,
218,16.391572732152444,4.904723564143854,37.13768115942029,23.67149758454106,2.3886205045625335,7.092055823939882,6.125872249060655,2.2879763821792807,
219,16.129898013955984,4.730273752012883,36.81561996779388,24.402844873859365,2.2745571658615136,7.37385936661299,5.984970477724101,2.2879763821792807,
220,16.25067096081589,4.7101449275362315,36.75523349436393,24.382716049382715,2.2745571658615136,7.360440150295223,5.984970477724101,2.281266774020397,
221,16.358024691358025,4.7101449275362315,36.67471819645733,24.36929683306495,2.2745571658615136,7.347020933977456,5.984970477724101,2.281266774020397,
222,16.5727321524423,4.663177670424047,36.54723564143854,24.342458400429415,2.2745571658615136,7.333601717659689,5.984970477724101,2.281266774020397,
223,16.6532474503489,4.656468062265164,36.36607622114869,24.282071926999464,2.2745571658615136,7.326892109500805,6.159420289855072,2.281266774020397,
224,16.72705314009662,4.656468062265164,36.33252818035427,24.255233494363928,2.2745571658615136,7.326892109500805,6.159420289855072,2.26784755770263,
225,16.800858829844337,4.656468062265164,36.30568974771873,24.228395061728396,2.26784755770263,7.326892109500805,6.146001073537305,2.26784755770263,
226,16.867954911433173,4.656468062265164,36.02388620504563,24.000268384326354,2.5496511003757383,7.326892109500805,6.3070316693505095,2.26784755770263,
227,16.921631776704242,4.656468062265164,35.97691894793344,23.993558776167472,2.5496511003757383,7.326892109500805,6.3070316693505095,2.26784755770263,
228,17.08937198067633,4.656468062265164,35.849436392914654,23.95330112721417,2.5496511003757383,7.326892109500805,6.3070316693505095,2.26784755770263,
229,17.16988727858293,4.656468062265164,35.80246913580247,23.919753086419753,2.5496511003757383,7.326892109500805,6.3070316693505095,2.26784755770263,
230,17.391304347826086,4.549114331723027,35.71524422973698,23.772141706924316,2.5496511003757383,7.326892109500805,6.615673644659152,2.0799785292538915,
231,17.62614063338701,4.4820182501341925,35.7085346215781,23.68491680085883,2.5026838432635534,7.326892109500805,6.588835212023618,2.0799785292538915,
232,17.64626945786366,4.4820182501341925,35.7085346215781,23.66478797638218,2.5026838432635534,7.326892109500805,6.588835212023618,2.0799785292538915,
233,17.042404723564143,4.441760601180891,38.077026301663984,22.067901234567902,2.2611379495437465,7.809983896940419,6.219806763285024,2.0799785292538915,
234,17.10950080515298,4.441760601180891,38.5601180891036,21.947128287707997,2.187332259796028,7.7831454643048845,5.904455179817498,2.0665593129361244,
235,17.391304347826086,4.408212560386473,38.5601180891036,21.69887278582931,2.187332259796028,7.7831454643048845,5.904455179817498,2.0665593129361244,
236,17.398013955984972,4.374664519592056,38.0300590445518,21.584809447128286,2.167203435319377,7.776435856146001,6.602254428341385,2.0665593129361244,
237,17.559044551798173,4.374664519592056,37.895866881374126,21.571390230810522,2.1604938271604937,7.776435856146001,6.595544820182502,2.0665593129361244,
238,17.780461621041333,4.374664519592056,37.5,21.504294149221685,2.1604938271604937,7.682501341921632,6.9310252281266775,2.0665593129361244,
239,17.820719269994633,4.374664519592056,37.4597423510467,21.504294149221685,2.1604938271604937,7.682501341921632,6.9310252281266775,2.0665593129361244,
240,17.92807300053677,4.374664519592056,37.453032742887814,21.423778851315085,2.147074610842727,7.682501341921632,6.9243156199677935,2.0665593129361244,
241,18.015297906602253,4.374664519592056,37.446323134728935,21.40365002683843,2.147074610842727,7.635534084809447,6.910896403650026,2.0665593129361244,
242,18.109232420826622,4.374664519592056,37.39264626945786,21.36339237788513,2.147074610842727,7.635534084809447,6.910896403650026,2.0665593129361244,
243,17.67981749865808,4.3545356951154055,39.090177133655395,20.913848631239937,2.1403650026838434,7.333601717659689,6.421095008051529,2.0665593129361244,
244,17.921363392377884,4.3545356951154055,39.029790660225444,20.759527643585614,2.1403650026838434,7.306763285024155,6.421095008051529,2.0665593129361244,
245,18.015297906602253,4.3545356951154055,38.97611379495437,20.52469135802469,2.1403650026838434,7.5281803542673105,6.394256575415996,2.0665593129361244,
246,18.089103596349972,4.3545356951154055,38.94927536231884,20.40391841116479,2.1403650026838434,7.669082125603865,6.327160493827161,2.0665593129361244,
247,18.183038110574344,4.320987654320987,38.55340848094471,21.24932903918411,1.6639828234031133,7.669082125603865,6.327160493827161,2.033011272141707,
248,17.51207729468599,4.320987654320987,37.34567901234568,24.261943102522814,1.6639828234031133,6.575415995705851,6.320450885668277,1.9994632313472893,
249,17.485238862050455,4.320987654320987,37.67444981213097,24.12775093934514,1.6639828234031133,6.414385399892646,6.3137412775093935,1.9994632313472893,
250,17.538915727321523,4.320987654320987,37.63419216317767,24.12775093934514,1.6639828234031133,6.400966183574879,6.3137412775093935,1.9994632313472893,
251,17.398013955984972,4.05931293612453,36.86929683306495,24.892646269457863,1.6639828234031133,6.400966183574879,6.716317767042405,1.9994632313472893,
252,17.538915727321523,4.05931293612453,36.79549114331723,24.86580783682233,1.6639828234031133,6.387546967257112,6.689479334406871,1.9994632313472893,
253,17.498658078368223,4.045893719806763,36.54723564143854,25.41599570585078,1.6639828234031133,6.146001073537305,6.6827697262479875,1.9994632313472893,
254,17.639559849704778,4.045893719806763,36.520397208803004,25.301932367149757,1.6639828234031133,6.146001073537305,6.6827697262479875,1.9994632313472893,
255,17.713365539452496,4.045893719806763,36.493558776167475,25.288513150831992,1.6639828234031133,6.139291465378422,6.655931293612453,1.9994632313472893,
256,17.787171229200215,4.025764895330113,36.28556092324208,25.288513150831992,1.6371443907675791,6.320450885668277,6.655931293612453,1.9994632313472893,
257,17.907944176060116,4.025764895330113,36.218464841653244,25.234836285560924,1.6371443907675791,6.320450885668277,6.655931293612453,1.9994632313472893,
258,18.00187869028449,4.025764895330113,36.178207192699944,25.194578636607623,1.6371443907675791,6.320450885668277,6.642512077294686,1.9994632313472893,
259,18.297101449275363,4.025764895330113,35.99704777241009,25.120772946859905,1.6371443907675791,6.280193236714976,6.642512077294686,1.9994632313472893,
260,18.397745571658614,4.019055287171229,35.54079441760601,25.523349436392916,1.6371443907675791,6.280193236714976,6.602254428341385,1.9994632313472893,
261,17.901234567901234,3.9989264626945786,37.17122920021471,25.13419216317767,1.6304347826086956,6.152710681696189,6.011808910359635,1.9994632313472893,
262,17.975040257648953,3.9989264626945786,37.124261943102525,25.120772946859905,1.6304347826086956,6.152710681696189,6.011808910359635,1.9860440150295222,
263,18.089103596349972,3.965378421900161,37.09742351046699,25.07380568974772,1.6304347826086956,6.152710681696189,6.005099302200751,1.9860440150295222,
264,18.089103596349972,3.965378421900161,37.0907139023081,24.261943102522814,1.6304347826086956,6.139291465378422,6.837090713902308,1.9860440150295222,
265,18.223295759527645,3.965378421900161,37.01690821256039,24.261943102522814,1.6170155662909287,6.112453032742888,6.830381105743425,1.9726247987117553,
266,18.283682232957595,3.965378421900161,36.72168545356951,24.50348899624262,1.6170155662909287,6.105743424584004,6.830381105743425,1.9726247987117553,
267,18.438003220611915,3.9049919484702094,36.66800858829844,24.476650563607084,1.6170155662909287,6.105743424584004,6.830381105743425,1.9592055823939882,
268,16.472088030059044,2.6435856146001075,41.97530864197531,22.48389694041868,1.221148684916801,7.997852925389157,5.4616210413311865,1.7444981213097155,
269,16.57944176060118,2.6435856146001075,41.95517981749866,22.430220075147613,1.221148684916801,7.96430488459474,5.4616210413311865,1.7444981213097155,
270,16.72705314009662,2.6435856146001075,41.888083735909824,22.36983360171766,1.221148684916801,7.950885668276973,5.4549114331723025,1.7444981213097155,
271,16.760601180891037,2.6435856146001075,41.80756843800322,22.342995169082126,1.221148684916801,8.038110574342458,5.441492216854535,1.7444981213097155,
272,16.61969940955448,2.6435856146001075,41.27079978529254,22.832796564680624,1.2077294685990339,8.011272141706923,5.669618894256575,1.7444981213097155,
273,16.76731078904992,2.6435856146001075,41.14331723027375,22.65834675254965,1.3419216317767042,8.11862587224906,5.589103596349974,1.737788513150832,
274,17.002147074610843,2.6435856146001075,41.08964036500269,22.611379495437465,1.3419216317767042,8.11862587224906,5.475040257648954,1.7176596886741815,
275,17.102791196994094,2.6435856146001075,40.50590445517982,22.067901234567902,1.3150831991411702,8.09849704777241,6.5485775630703165,1.7176596886741815,
276,17.57246376811594,2.6435856146001075,40.37842190016103,22.007514761137948,1.2949543746645196,8.071658615136876,6.3137412775093935,1.7176596886741815,
277,17.612721417069242,2.6435856146001075,40.13687600644123,22.57783145464305,1.2546967257112185,7.742887815351583,6.3137412775093935,1.7176596886741815,
278,17.726784755770264,2.6435856146001075,40.083199141170155,22.52415458937198,1.2546967257112185,7.7361782071927,6.3137412775093935,1.7176596886741815,
279,17.62614063338701,2.6435856146001075,39.59339774557166,21.987385936661298,1.2546967257112185,8.870101986044014,6.3070316693505095,1.7176596886741815,
280,17.85426731078905,2.6435856146001075,39.53972088030059,21.953837895866883,1.2546967257112185,8.82313472893183,6.213097155126141,1.7176596886741815,
