,45,50,52,55,54,51,53,56,57
0,98.04079441760601,1.9592055823939882,,,,,,,
1,87.06387546967257,12.93612453032743,,,,,,,
2,83.98416532474504,16.015834675254965,,,,,,,
3,84.13177670424047,15.868223295759528,,,,,,,
4,73.10789049919485,26.89210950080515,,,,,,,
5,72.5979602791197,27.4020397208803,,,,,,,
6,70.47772410091251,25.95276435856146,2.522812667740204,1.0466988727858293,,,,,
7,70.79978529253891,25.603864734299517,2.4691358024691357,1.1272141706924315,,,,,
8,71.51100375738056,23.980139559849704,2.4154589371980677,2.0933977455716586,,,,,
9,68.4044551798175,24.993290391841118,4.361245303274289,2.0933977455716586,0.14761137949543746,,,,
10,68.57219538378959,24.9194847020934,4.280730005367687,2.0799785292538915,0.14761137949543746,,,,
11,67.92136339237788,25.42270531400966,4.280730005367687,2.073268921095008,0.30193236714975846,,,,
12,66.63311862587224,26.663982823403114,4.193505099302201,2.2074610842726785,0.30193236714975846,,,,
13,66.7337627482555,26.060118089103597,4.032474503488996,2.1068169618894257,1.06682769726248,,,,
14,66.8142780461621,26.03327965646806,3.965378421900161,2.120236178207193,1.06682769726248,,,,
15,64.60010735373054,23.792270531400966,3.8580246913580245,1.5297906602254427,3.046162104133119,3.1736446591519054,,,
16,65.06977992485238,23.389694041867955,3.8580246913580245,1.5163714439076759,3.0193236714975846,3.1468062265163717,,,
17,64.11030595813205,24.9194847020934,3.8311862587224907,1.4761137949543746,2.9924852388620504,2.6704240472356413,,,
18,62.5,26.637144390767578,3.7909286097691894,1.4224369296833066,2.9790660225442833,2.6704240472356413,,,
19,62.493290391841114,26.724369296833064,3.7909286097691894,1.3955984970477724,2.9253891572732154,2.6704240472356413,,,
20,62.9898013955985,26.261406333870102,3.770799785292539,1.3955984970477724,2.9253891572732154,2.657004830917874,,,
21,59.12506709608159,30.173107890499196,3.770799785292539,1.3955984970477724,2.918679549114332,2.6167471819645733,,,
22,58.662104133118625,29.602791196994094,5.790391841116479,0.9796027911969941,2.3483628556092326,2.6167471819645733,,,
23,49.47665056360709,39.660493827160494,4.810789049919484,0.9796027911969941,2.1604938271604937,2.9119699409554483,,,
24,49.83225979602791,39.439076757917334,4.7101449275362315,0.9594739667203436,2.147074610842727,2.9119699409554483,,,
25,43.27697262479871,49.25523349436393,,0.2214170692431562,0.5367686527106817,6.709608158883521,,,
26,41.49892646269458,47.094739667203434,,2.0128824476650564,2.8515834675254963,6.541867954911433,,,
27,40.3918411164788,48.34272678475577,,1.9659151905528718,2.831454643048846,6.468062265163715,,,
28,32.45437466451959,58.3064949006978,,1.9524959742351047,2.657004830917874,4.62962962962963,,,
29,24.18142780461621,66.76731078904992,,1.90552871712292,2.49597423510467,4.64975845410628,,,
30,24.013687600644122,64.04991948470209,,1.90552871712292,2.4691358024691357,4.334406870638754,3.227321524422974,,
31,22.69189479334407,54.206924315619965,,0.5703166935050993,0.0939345142243693,5.4616210413311865,16.97530864197531,,
32,23.523886205045624,52.4020397208803,,1.751207729468599,0.0939345142243693,5.374396135265701,16.854535695115406,,
33,20.511272141706925,42.250402576489535,,1.751207729468599,0.0939345142243693,19.33709071390231,16.056092324208265,,
34,19.85373054213634,37.23832528180354,,1.1808910359634996,0.07380568974771873,29.508856682769725,12.144390767579173,,
35,19.47799248523886,29.086151368760063,,1.1808910359634996,0.07380568974771873,44.36392914653784,5.8172302737520125,,
36,20.088566827697264,28.992216854535695,,1.1808910359634996,0.07380568974771873,42.69994632313473,5.709876543209877,1.1205045625335481,0.13419216317767044
37,20.511272141706925,28.83118625872249,,1.1808910359634996,0.07380568974771873,41.8142780461621,6.454643048845948,1.1205045625335481,0.013419216317767043
38,21.4573268921095,28.435319377348364,,1.5499194847020934,0.07380568974771873,41.29092860976919,6.0587761674718195,1.1205045625335481,0.013419216317767043
39,21.4170692431562,25.764895330112722,,1.5499194847020934,3.099838969404187,40.92190016103059,6.112453032742888,1.1205045625335481,0.013419216317767043
40,18.5252281266774,16.33118625872249,,4.9718196457326895,3.079710144927536,51.53650026838432,4.461889425657541,1.0802469135802468,0.013419216317767043
41,19.088835212023618,16.61969940955448,,4.891304347826087,3.066290928609769,50.85882984433709,4.441760601180891,1.0198604401502953,0.013419216317767043
42,17.371175523349436,11.976650563607086,,3.6500268384326353,3.066290928609769,58.55475040257649,4.3478260869565215,1.0198604401502953,0.013419216317767043
43,18.089103596349972,11.855877616747183,,3.629898013955985,3.066290928609769,58.06494900697799,4.280730005367687,0.9997316156736447,0.013419216317767043
44,18.230005367686527,11.75523349436393,,3.260869565217391,3.066290928609769,56.92431561996779,5.750134192163178,0.9997316156736447,0.013419216317767043
45,18.86070853462158,10.044283413848632,,3.180354267310789,3.012614063338701,56.38083735909823,7.407407407407407,1.1003757380568975,0.013419216317767043
46,18.209876543209877,8.943907675791733,,3.1065485775630703,3.012614063338701,58.3064949006978,7.320182501341922,1.0869565217391304,0.013419216317767043
47,17.223564143854,7.809983896940419,11.131239935587761,3.0595813204508855,2.677133655394525,50.335480407944175,6.521739130434782,1.0869565217391304,0.15432098765432098
48,16.25067096081589,9.03113258185722,13.902308105206655,1.5230810520665594,3.878153515834675,48.11460010735373,6.0587761674718195,1.0869565217391304,0.15432098765432098
49,17.236983360171767,8.816425120772946,13.79495437466452,1.3419216317767042,3.878153515834675,47.63150831991412,6.0587761674718195,1.0869565217391304,0.15432098765432098
50,15.13016639828234,8.004562533548041,10.7085346215781,0.8722490606548577,4.5960815888352125,53.30112721417069,6.179549114331723,1.1943102522812667,0.013419216317767043
51,16.344605475040257,7.957595276435856,10.466988727858293,0.8722490606548577,4.468599033816425,52.48926462694579,6.038647342995169,1.3486312399355878,0.013419216317767043
52,17.082662372517444,7.9039184111647875,10.433440687063875,1.0064412238325282,4.435050993022007,51.74449812130972,5.9447128287707995,1.4358561460010735,0.013419216317767043
53,17.599302200751477,7.890499194847021,11.79549114331723,1.0064412238325282,4.367954911433173,50.87224906065486,5.032206119162641,1.4358561460010735,
54,18.230005367686527,7.809983896940419,11.741814278046162,1.0064412238325282,4.320987654320987,50.5300590445518,4.931561996779388,1.42914653784219,
55,17.270531400966185,7.763016639828234,11.701556629092861,1.0064412238325282,4.280730005367687,43.73322597960279,13.754696725711218,0.48980139559849706,
56,17.820719269994633,7.6556629092860975,11.668008588298443,1.0064412238325282,4.240472356414386,43.4447128287708,13.674181427804616,0.48980139559849706,
57,18.14278046162104,7.601986044015029,12.238325281803542,0.5971551261406334,4.240472356414386,42.975040257648956,13.479602791196994,0.7246376811594203,
58,18.592324208266238,7.300053676865271,12.13768115942029,0.5904455179817498,4.2203435319377345,42.51207729468599,13.92914653784219,0.7179280730005367,
59,19.162640901771336,7.246376811594203,11.963231347289318,0.5770263016639828,6.78341384863124,41.619699409554485,11.929683306494901,0.7179280730005367,
60,20.12211486849168,7.1658615136876005,11.90955448201825,0.5636070853462157,6.736446591519055,40.98228663446055,11.802200751476114,0.7179280730005367,
61,20.833333333333332,7.1658615136876005,11.761943102522812,0.5367686527106817,6.723027375201288,40.62667740203972,11.641170155662909,0.7112184648416533,
62,21.30300590445518,7.118894256575416,11.681427804616211,0.5367686527106817,6.723027375201288,40.39855072463768,11.52710681696189,0.7112184648416533,
63,20.061728395061728,7.004830917874396,23.58427267847558,0.43612453032742887,6.696188942565755,30.16639828234031,11.446591519055287,0.6038647342995169,
64,21.182232957595275,6.971282877079979,23.161567364465917,0.43612453032742887,6.541867954911433,29.663177670424048,11.29898013955985,0.7447665056360708,
65,20.517981749865807,6.541867954911433,23.09447128287708,0.33548040794417605,6.535158346752549,31.13929146537842,11.064143853998926,0.7716049382716049,
66,21.35668276972625,6.535158346752549,22.7187332259796,0.322061191626409,6.508319914117015,30.64278046162104,11.003757380568974,0.9125067096081588,
67,21.806226516371442,6.468062265163715,22.564412238325282,0.322061191626409,6.508319914117015,30.48845947396672,10.929951690821255,0.9125067096081588,
68,23.10789049919485,6.400966183574879,22.208803005904453,0.27509393451422437,6.374127750939345,30.06575415995706,10.681696188942565,0.8856682769726248,
69,23.718464841653248,6.293612453032743,21.980676328502415,0.27509393451422437,6.1929683306494905,31.166129898013956,9.4873859366613,0.8856682769726248,
70,24.664519592055825,6.266774020397209,21.846484165324746,0.27509393451422437,6.038647342995169,30.703166935050994,9.31964573268921,0.8856682769726248,
71,24.644390767579175,6.239935587761675,21.497584541062803,0.27509393451422437,5.984970477724101,28.30112721417069,11.976650563607086,1.0802469135802468,
72,19.196188942565755,5.381105743424584,11.272141706924316,0.6105743424584005,5.877616747181965,49.23510466988728,7.890499194847021,0.5367686527106817,
73,20.2361782071927,5.374396135265701,11.11111111111111,0.7447665056360708,5.857487922705314,48.34272678475577,7.796564680622652,0.5367686527106817,
74,19.92753623188406,4.690016103059581,10.527375201288244,0.6239935587761675,5.783682232957595,47.90660225442834,9.66183574879227,0.8789586688137413,
75,20.67230273752013,4.62962962962963,11.305689747718732,0.6239935587761675,5.6964573268921095,47.28260869565217,8.910359634997317,0.8789586688137413,
76,21.20907139023081,4.448470209339774,10.93666129898014,0.9460547504025765,5.609232420826624,46.68545356951154,8.883521202361782,1.2815351583467525,
77,21.886741814278047,4.42163177670424,10.889694041867955,2.5966183574879227,5.58239398819109,44.75979602791197,8.581588835212024,1.2815351583467525,
78,21.672034353193773,4.408212560386473,8.675523349436393,2.5429414922168547,8.702361782071927,41.7337627482555,11.117820719269995,1.1473429951690821,
79,21.115136876006442,4.294149221685454,5.790391841116479,4.770531400966184,8.239398819108963,44.26328502415459,10.943370907139023,0.5837359098228664,
80,21.68545356951154,4.260601180891036,5.736714975845411,4.770531400966184,8.185721953837897,43.96135265700483,10.84272678475577,0.5568974771873323,
81,22.342995169082126,4.146537842190016,5.535426731078905,4.770531400966184,9.923510466988727,38.95598497047772,13.768115942028986,0.5568974771873323,
82,23.181696188942567,4.079441760601181,5.515297906602254,4.730273752012883,9.842995169082126,38.58695652173913,13.506441223832528,0.5568974771873323,
83,23.93317230273752,4.079441760601181,5.387815351583468,4.777241009125067,9.64170692431562,38.197799248523886,13.439345142243694,0.5434782608695652,
84,24.315619967793882,4.032474503488996,4.683306494900698,6.018518518518518,8.507783145464305,35.90311325818572,13.24476650563607,3.294417606011809,
85,18.471551261406333,3.126677402039721,4.528985507246377,2.9723564143853998,8.373590982286634,46.323134728931834,13.043478260869565,3.1602254428341383,
86,19.330381105743424,3.126677402039721,4.528985507246377,2.965646806226516,8.32662372517445,42.860976918947934,15.70048309178744,3.1602254428341383,
87,19.92753623188406,3.066290928609769,4.502147074610843,2.9589371980676327,8.252818035426731,42.53220611916264,15.613258185721953,3.1468062265163717,
88,20.779656468062264,3.066290928609769,4.4753086419753085,2.918679549114332,8.205850778314547,40.143585614600106,15.257648953301127,5.152979066022544,
89,21.00107353730542,2.985775630703167,4.435050993022007,2.8784219001610305,8.856682769726248,39.962426194310254,15.170424047235642,4.7101449275362315,
90,21.89345142243693,2.9790660225442833,4.38137412775094,2.85829307568438,8.641975308641975,39.2914653784219,15.116747181964573,4.8376274825550185,
91,21.40365002683843,2.85829307568438,4.30756843800322,2.85829307568438,8.494363929146537,41.41170155662909,14.04320987654321,4.622920021470746,
92,22.262479871175522,2.8247450348899625,4.253891572732153,2.85829307568438,8.299785292538916,40.98228663446055,13.922436929683306,4.5960815888352125,
93,23.081052066559312,2.8247450348899625,4.247181964573269,2.818035426731079,8.232689210950081,40.405260332796566,13.808373590982287,4.582662372517445,
94,22.21551261406334,2.2342995169082127,4.247181964573269,2.818035426731079,8.165593129361245,41.968599033816425,13.774825550187868,4.575952764358561,
95,21.973966720343533,1.9793344068706387,7.37385936661299,2.657004830917874,7.246376811594203,40.94873859366613,13.24476650563607,4.575952764358561,
96,22.799248523886206,1.9524959742351047,7.326892109500805,2.657004830917874,7.185990338164252,40.37842190016103,13.191089640365004,4.508856682769726,
97,23.637949543746647,1.9524959742351047,7.1725711218464845,2.657004830917874,7.092055823939882,40.002683843263554,13.01663982823403,4.468599033816425,
98,24.765163714439076,1.892109500805153,7.098765432098766,2.657004830917874,7.092055823939882,39.392109500805155,12.915995705850777,4.186795491143317,
99,25.120772946859905,1.892109500805153,6.971282877079979,2.791196994095545,6.9243156199677935,37.97638217928073,14.210950080515298,4.1129898013955986,
100,25.731347289318304,1.892109500805153,6.89747718733226,2.6972624798711755,6.877348362855609,37.795222758990874,14.049919484702093,4.05931293612453,
101,25.831991411701555,1.8719806763285025,6.696188942565755,2.6167471819645733,6.877348362855609,37.36580783682233,15.143585614600108,3.5963499731615673,
102,26.73107890499195,1.8719806763285025,6.447933440687064,2.6167471819645733,6.843800322061192,36.943102522812666,14.99597423510467,3.549382716049383,
103,26.50966183574879,1.7847557702630166,7.669082125603865,2.589908749329039,6.78341384863124,35.48040794417606,14.49946323134729,4.683306494900698,
104,27.294685990338163,1.778046162104133,7.628824476650563,2.5697799248523885,6.723027375201288,35.11808910359635,14.318303811057435,4.569243156199678,
105,27.72410091250671,1.778046162104133,8.76274825550188,2.6502952227589907,6.608964036500268,34.07809983896941,13.868760064412239,4.528985507246377,
106,27.891841116478798,1.737788513150832,8.480944712828771,2.771068169618894,6.568706387546968,33.662104133118625,13.821792807300053,5.065754159957058,
107,28.113258185721953,1.7176596886741815,8.447396672034353,5.0791733762748255,6.535158346752549,31.44122383252818,13.714439076757918,4.951690821256038,
108,28.670155662909288,1.710950080515298,8.313204508856682,5.038915727321524,6.474771873322598,31.340579710144926,13.533279656468062,4.918142780461621,
109,29.22705314009662,1.7042404723564144,8.266237251744498,5.032206119162641,6.427804616210413,31.0654857756307,13.358829844337091,4.918142780461621,
110,29.64975845410628,1.7042404723564144,8.225979602791197,4.9718196457326895,6.374127750939345,28.878153515834676,13.264895330112722,6.9310252281266775,
111,30.360976918947934,1.7042404723564144,8.05823939881911,4.9718196457326895,6.327160493827161,28.69699409554482,12.949543746645196,6.9310252281266775,
112,30.66290928609769,1.6706924315619969,7.917337627482555,4.904723564143854,8.78287707997853,26.67740203972088,12.526838432635534,6.857219538378959,
113,31.313741277509394,1.6170155662909287,7.776435856146001,4.864465915190553,8.648684916800859,26.549919484702095,12.473161567364466,6.756575415995706,
114,31.07890499194847,1.5767579173376274,7.467793880837359,4.864465915190553,9.104938271604938,27.87842190016103,11.56736446591519,6.461352657004831,
115,30.783682232957595,1.4559849704777241,7.340311325818572,4.864465915190553,9.064680622651638,27.67042404723564,12.399355877616747,6.421095008051529,
116,31.266774020397207,1.4559849704777241,7.306763285024155,5.005367686527107,8.896940418679549,27.314814814814813,12.365807836822329,6.387546967257112,
117,31.629092860976918,1.4559849704777241,7.266505636070853,4.958400429414922,8.816425120772946,27.113526570048307,12.399355877616747,6.360708534621578,
118,31.78341384863124,1.442565754159957,7.179280730005368,4.817498658078368,10.218733225979603,26.549919484702095,11.701556629092861,6.3070316693505095,
119,32.085346215781,1.442565754159957,7.1725711218464845,4.804079441760601,10.0979602791197,26.48953301127214,11.641170155662909,6.266774020397209,
120,32.52818035426731,1.442565754159957,6.66935050993022,4.736983360171766,9.896672034353195,24.852388620504563,14.056629092860977,5.8172302737520125,
121,33.380300590445515,1.42914653784219,6.421095008051529,4.703435319377348,9.86983360171766,24.570585077831456,13.821792807300053,5.803811057434245,
122,33.863392377885134,1.415727321524423,6.367418142780462,4.676596886741814,9.802737520128824,24.255233494363928,14.660493827160494,4.958400429414922,
123,28.945249597423512,1.4090177133655395,5.763553408480945,4.4820182501341925,8.957326892109501,37.265163714439076,9.695383789586689,3.4822866344605474,
124,29.656468062265162,1.3754696725711217,5.676328502415459,4.361245303274289,9.125067096081589,36.71497584541063,9.621578099838969,3.4688674181427803,
125,30.314009661835748,1.3620504562533549,5.60252281266774,4.341116478797638,8.964036500268385,36.41304347826087,9.534353193773484,3.4688674181427803,
126,30.911164787976382,1.3620504562533549,5.5689747718733225,4.294149221685454,8.80300590445518,36.12453032742888,9.46725711218465,3.4688674181427803,
127,31.76328502415459,1.3620504562533549,5.434782608695652,4.180085882984434,8.548040794417606,35.64143853998927,9.453837895866881,3.616478797638218,
128,32.43424584004294,1.3620504562533549,5.434782608695652,4.180085882984434,8.501073537305421,35.29253891572732,9.044551798174986,3.750670960815888,
129,33.16559312936125,1.3486312399355878,5.273752012882448,4.180085882984434,8.413848631239935,34.93022007514761,8.896940418679549,3.7909286097691894,
130,33.59500805152979,1.3486312399355878,5.260332796564681,4.180085882984434,8.32662372517445,34.66854535695116,8.829844337090714,3.7909286097691894,
131,31.689479334406872,1.3217928073000538,7.353730542136339,4.1532474503489,8.219269994632313,34.76247987117552,8.722490606548577,3.7775093934514223,
132,32.53488996242619,1.3217928073000538,7.333601717659689,4.139828234031133,8.05823939881911,34.21900161030596,8.682232957595277,3.7104133118625873,
133,33.11862587224906,1.3083735909822867,7.326892109500805,4.119699409554482,7.991143317230274,33.883521202361784,8.621846484165324,3.629898013955985,
134,32.367149758454104,1.3083735909822867,7.159151905528717,3.911701556629093,7.4141170155662905,35.69511540526033,8.387010198604402,3.7573805689747717,
135,33.08507783145464,1.3083735909822867,7.132313472893183,3.844605475040258,7.179280730005368,35.40660225442834,8.28636607622115,3.7573805689747717,
136,33.47423510466989,1.3083735909822867,7.004830917874396,3.844605475040258,7.085346215780999,35.279119699409556,8.246108427267847,3.7573805689747717,
137,34.024422973698336,1.2546967257112185,6.850509930220075,3.797638217928073,7.051798174986581,35.08454106280193,8.192431561996779,3.743961352657005,
138,33.3870101986044,1.2546967257112185,6.8035426731078905,3.2474503488996245,9.695383789586689,33.93719806763285,7.977724100912507,3.69699409554482,
139,33.722490606548575,1.247987117552335,6.796833064949007,3.2139023081052067,9.64170692431562,33.7157809983897,7.96430488459474,3.69699409554482,
140,34.46054750402576,1.1943102522812667,6.702898550724638,3.180354267310789,9.54777241009125,33.44739667203435,7.830112721417069,3.6366076221148687,
141,35.02415458937198,1.1943102522812667,6.501610305958132,3.180354267310789,10.420021470746109,32.23295759527644,7.830112721417069,3.616478797638218,
142,35.648148148148145,1.1876006441223832,6.280193236714976,3.321256038647343,10.359634997316157,31.82367149758454,7.7831454643048845,3.5963499731615673,
143,36.34594739667203,1.1876006441223832,6.253354804079442,3.2742887815351582,10.292538915727322,31.4747718733226,7.62211486849168,3.549382716049383,
144,36.81561996779388,1.1876006441223832,6.213097155126141,3.2474503488996245,10.292538915727322,31.159420289855074,7.561728395061729,3.5225442834138487,
145,37.38593666129898,1.1808910359634996,6.213097155126141,3.2139023081052067,10.238862050456254,30.73671497584541,7.50805152979066,3.5225442834138487,
146,37.86231884057971,1.1808910359634996,6.125872249060655,3.2139023081052067,10.158346752549651,30.535426731078903,7.4006977992485234,3.5225442834138487,
147,38.33870101986044,1.1808910359634996,6.125872249060655,3.307836822329576,10.057702630166398,30.119431025228128,7.347020933977456,3.5225442834138487,
148,38.1508319914117,1.1741814278046163,6.112453032742888,3.2541599570585076,9.997316156736447,29.66988727858293,8.447396672034353,3.193773483628556,
149,38.54669887278583,1.1540526033279657,6.199677938808374,3.2139023081052067,9.936929683306495,29.367954911433173,8.340042941492216,3.240740740740741,
150,38.86205045625336,1.107085346215781,6.159420289855072,3.180354267310789,9.96376811594203,29.1935050993022,8.3064949006978,3.227321524422974,
151,39.29817498658078,1.093666129898014,6.152710681696189,3.180354267310789,9.950348899624261,29.045893719806763,8.158883521202362,3.1199677938808374,
152,38.466183574879224,1.0802469135802468,6.0587761674718195,3.099838969404187,9.802737520128824,31.52173913043478,7.27992485238862,2.690552871712292,
153,38.788244766505635,1.0802469135802468,6.038647342995169,3.046162104133119,10.393183038110575,30.54213633923779,7.139023081052066,2.9723564143853998,
154,39.53972088030059,1.0601180891035964,6.005099302200751,3.046162104133119,10.258990874932904,29.97181964573269,6.951154052603328,3.166935050993022,
155,38.788244766505635,1.0332796564680622,8.044820182501342,3.227321524422974,10.124798711755233,28.992216854535695,6.629092860976919,3.1602254428341383,
156,39.110305958132045,1.0064412238325282,7.98443370907139,3.2206119162640903,10.050993022007514,28.911701556629094,6.575415995705851,3.140096618357488,
157,39.53301127214171,1.0064412238325282,7.863660762211487,3.3413848631239937,9.883252818035427,28.670155662909288,6.568706387546968,3.1333870101986045,
158,39.962426194310254,1.0064412238325282,7.830112721417069,3.321256038647343,9.822866344605474,28.482286634460547,6.474771873322598,3.099838969404187,
159,40.284487385936664,1.0064412238325282,7.823403113258186,3.294417606011809,9.702093397745571,28.35480407944176,6.4412238325281805,3.0931293612453032,
160,40.58641975308642,1.0064412238325282,7.742887815351583,3.2206119162640903,9.73564143853999,28.23403113258186,6.380837359098229,3.0931293612453032,
161,39.83494363929147,0.7581857219538379,9.151905528717123,3.3548040794417604,9.708803005904455,27.771068169618893,6.340579710144928,3.079710144927536,
162,40.25093934514224,0.7581857219538379,9.078099838969404,3.307836822329576,9.648416532474503,27.58990874932904,6.3137412775093935,3.052871712292002,
163,40.51932367149758,0.7581857219538379,9.05126140633387,3.2877079978529253,9.588030059044552,27.449006977992486,6.3070316693505095,3.0394524959742353,
164,40.935319377348364,0.7581857219538379,8.964036500268385,3.2877079978529253,9.453837895866881,27.30810520665593,6.3070316693505095,2.985775630703167,
165,41.45195920558239,0.7313472893183038,8.863392377885132,3.2877079978529253,9.406870638754697,26.992753623188406,6.300322061191626,2.965646806226516,
166,41.91492216854536,0.7313472893183038,8.849973161567364,3.2877079978529253,9.292807300053678,26.596886741814277,6.266774020397209,3.0595813204508855,
167,42.3845947396672,0.7313472893183038,8.735909822866345,3.260869565217391,9.16532474503489,26.44927536231884,6.233225979602791,3.0394524959742353,
168,42.652979066022546,0.7313472893183038,8.59500805152979,3.260869565217391,9.104938271604938,26.39559849704777,6.226516371443908,3.0327428878153517,
169,42.371175523349436,0.7246376811594203,8.507783145464305,3.079710144927536,9.017713365539452,27.737520128824478,5.58239398819109,2.9790660225442833,
170,42.21685453569511,0.6977992485238862,8.440687063875469,3.079710144927536,9.856414385399892,27.180622651637144,5.548845947396672,2.9790660225442833,
171,42.62614063338701,0.6977992485238862,8.387010198604402,3.079710144927536,9.829575952764358,26.858561460010737,5.542136339237788,2.9790660225442833,
172,41.948470209339774,0.6977992485238862,10.581052066559312,3.066290928609769,9.77589908749329,26.25469672571122,4.810789049919484,2.8650026838432634,
173,42.190016103059584,0.6977992485238862,10.373054213633925,3.066290928609769,9.708803005904455,26.207729468599034,4.904723564143854,2.8515834675254963,
174,42.78717122920021,0.6977992485238862,10.292538915727322,3.066290928609769,9.655126140633387,25.751476113794954,4.904723564143854,2.844873859366613,
175,43.70638754696726,0.6977992485238862,10.205314009661835,3.066290928609769,9.614868491680086,25.161030595813205,4.736983360171766,2.8113258185721954,
176,44.47128287707998,0.6642512077294686,10.071121846484166,3.066290928609769,9.41358024691358,24.879227053140095,4.669887278582931,2.7643585614600106,
177,44.38405797101449,0.6642512077294686,8.796296296296296,3.0394524959742353,9.31964573268921,26.596886741814277,4.435050993022007,2.7643585614600106,
178,44.7061191626409,0.6172839506172839,8.769457863660762,3.0327428878153517,9.158615136876007,26.402308105206657,4.555823939881911,2.757648953301127,
179,44.89398819108964,0.5971551261406334,8.548040794417606,3.0059044551798175,9.091519055287172,26.596886741814277,4.542404723564144,2.7241009125067097,
180,45.169082125603865,0.5971551261406334,8.447396672034353,2.985775630703167,9.400161030595813,26.34863123993559,4.441760601180891,2.61003757380569,
181,45.35024154589372,0.5904455179817498,8.440687063875469,2.985775630703167,9.333064949006978,26.27482555018787,4.414922168545357,2.61003757380569,
182,46.12855609232421,0.5501878690284487,8.36688137412775,3.052871712292002,9.172034353193773,25.72463768115942,4.42163177670424,2.5831991411701556,
183,46.65861513687601,0.5501878690284487,8.333333333333334,3.052871712292002,9.118357487922705,25.32206119162641,4.408212560386473,2.5563607085346214,
184,45.799785292538914,0.5501878690284487,10.57434245840043,3.0394524959742353,9.044551798174986,24.879227053140095,3.556092324208266,2.5563607085346214,
185,46.37010198604401,0.5367686527106817,10.493827160493828,2.999194847020934,8.99087493290392,24.570585077831456,3.4822866344605474,2.5563607085346214,
186,46.92699946323135,0.5032206119162641,10.21202361782072,2.999194847020934,8.99087493290392,24.329039184111647,3.4822866344605474,2.5563607085346214,
187,47.26247987117552,0.5032206119162641,10.158346752549651,2.985775630703167,8.964036500268385,24.10762211486849,3.4621578099838968,2.5563607085346214,
188,47.758990874932906,0.5032206119162641,10.138217928073,2.9589371980676327,8.876811594202898,23.812399355877616,3.408480944712829,2.5429414922168547,
189,48.24208266237252,0.5032206119162641,10.071121846484166,2.9589371980676327,8.863392377885132,23.43666129898014,3.3950617283950617,2.5295222758990876,
190,48.631239935587764,0.5032206119162641,10.064412238325282,2.8918411164787976,8.702361782071927,23.315888352120236,3.388352120236178,2.5026838432635534,
191,48.79898013955985,0.5032206119162641,9.977187332259795,2.8918411164787976,8.655394524959743,23.181696188942567,3.488996242619431,2.5026838432635534,
192,49.18142780461621,0.5032206119162641,9.802737520128824,2.8918411164787976,8.568169618894256,23.11460010735373,3.44873859366613,2.4892646269457863,
193,49.644390767579175,0.5032206119162641,9.77589908749329,2.8918411164787976,8.467525496511003,22.933440687063875,3.388352120236178,2.395330112721417,
194,49.932903918411164,0.5032206119162641,9.728931830381105,2.8784219001610305,8.433977455716587,22.785829307568438,3.3413848631239937,2.395330112721417,
195,50.375738056897475,0.5032206119162641,9.561191626409018,2.8784219001610305,8.447396672034353,22.571121846484164,3.294417606011809,2.368491680085883,
196,50.657541599570585,0.5032206119162641,9.494095544820183,2.8784219001610305,8.454106280193237,22.403381642512077,3.2742887815351582,2.3349436392914655,
197,50.85212023617821,0.49651100375738055,9.212292002147075,2.8784219001610305,8.709071390230811,22.14170692431562,3.260869565217391,2.4490069779924855,
198,51.42914653784219,0.49651100375738055,9.138486312399356,2.7979066022544283,8.695652173913043,21.79951690821256,3.2139023081052067,2.428878153515835,
199,51.77804616210413,0.49651100375738055,8.930488459473967,2.791196994095545,8.655394524959743,21.72571121846484,3.2139023081052067,2.408749329039184,
200,52.07997852925389,0.49651100375738055,8.903650026838433,2.791196994095545,8.588298443370908,21.531132581857218,3.2139023081052067,2.395330112721417,
201,52.19404186795491,0.49651100375738055,8.890230810520666,2.791196994095545,8.588298443370908,21.464036500268385,3.180354267310789,2.395330112721417,
202,52.703972088030056,0.48980139559849706,8.729200214707461,2.737520128824477,8.55475040257649,21.235909822866343,3.166935050993022,2.38191089640365,
203,52.79119699409554,0.48980139559849706,8.997584541062801,2.6637144390767578,8.447396672034353,21.088298443370906,3.140096618357488,2.38191089640365,
204,52.91867954911433,0.47638217928073,8.984165324745035,2.6301663982823404,8.447396672034353,21.041331186258724,3.1199677938808374,2.38191089640365,
205,53.052871712292,0.47638217928073,8.943907675791733,2.61003757380569,8.427267847557703,20.994363929146537,3.113258185721954,2.38191089640365,
206,53.4621578099839,0.47638217928073,8.789586688137414,2.61003757380569,8.393719806763285,20.77294685990338,3.113258185721954,2.38191089640365,
207,45.229468599033815,16.35131508319914,7.098765432098766,2.5295222758990876,5.213365539452496,19.209608158883523,2.2745571658615136,2.0933977455716586,
208,45.62533548040794,16.203703703703702,6.810252281266774,2.8247450348899625,5.152979066022544,19.02173913043478,2.26784755770263,2.0933977455716586,
209,46.18894256575416,16.109769189479334,6.810252281266774,2.6435856146001075,5.10601180891036,18.820450885668276,2.2745571658615136,2.046430488459474,
210,46.4573268921095,15.982286634460548,6.776704240472356,2.7509393451422435,5.10601180891036,18.625872249060656,2.2745571658615136,2.0263016639828235,
211,47.38996242619431,15.640096618357488,6.629092860976919,2.7509393451422435,5.0858829844337095,18.223295759527645,2.2745571658615136,2.006172839506173,
212,47.78582930756844,15.485775630703166,6.488191089640365,2.7442297369833604,5.045625335480408,18.189747718733226,2.254428341384863,2.006172839506173,
213,48.067632850241544,15.35829307568438,6.414385399892646,2.690552871712292,5.032206119162641,18.17632850241546,2.254428341384863,2.006172839506173,
214,48.50375738056898,15.230810520665592,6.367418142780462,2.5496511003757383,4.998658078368224,18.12265163714439,2.2208803005904456,2.006172839506173,
215,48.9398819108964,15.103327965646805,6.3070316693505095,2.522812667740204,4.918142780461621,17.934782608695652,2.26784755770263,2.006172839506173,
216,49.074074074074076,15.103327965646805,6.300322061191626,2.522812667740204,4.918142780461621,17.807300053676865,2.26784755770263,2.006172839506173,
217,49.3491680085883,14.99597423510467,6.300322061191626,2.522812667740204,4.851046698872786,17.64626945786366,2.341653247450349,1.9927536231884058,
218,48.70504562533548,14.828234031132581,6.099033816425121,2.522812667740204,4.622920021470746,17.310789049919485,3.8580246913580245,2.0531400966183573,
219,49.06736446591519,14.687332259796028,6.072195383789587,2.4154589371980677,4.622920021470746,17.223564143854,3.8580246913580245,2.0531400966183573,
220,49.402844873859365,14.660493827160494,6.031937734836285,2.4154589371980677,4.622920021470746,16.955179817498657,3.8580246913580245,2.0531400966183573,
221,49.87251744498121,14.526301663982823,6.031937734836285,2.4154589371980677,4.562533548040794,16.720343531937736,3.8177670424047236,2.0531400966183573,
222,48.89291465378422,14.49946323134729,8.588298443370908,2.408749329039184,4.0995705850778315,16.183574879227052,3.33467525496511,1.9927536231884058,
223,49.342458400429415,14.38539989264627,8.501073537305421,2.3483628556092326,4.072732152442297,16.10305958132045,3.3011272141706924,1.9457863660762211,
224,49.75845410628019,14.304884594739667,8.433977455716587,2.2611379495437465,4.066022544283414,15.962157809983896,3.2877079978529253,1.9256575415995705,
225,50.10735373054214,14.06333870101986,8.393719806763285,2.2611379495437465,4.012345679012346,15.83467525496511,3.4151905528717124,1.9122383252818036,
226,49.75845410628019,13.955984970477724,8.299785292538916,2.2611379495437465,4.851046698872786,15.573000536768653,3.4017713365539453,1.8988191089640365,
227,50.44283413848631,13.41250670960816,8.28636607622115,2.2208803005904456,4.851046698872786,15.559581320450885,3.3413848631239937,1.8853998926462694,
228,50.83199141170156,13.365539452495975,8.252818035426731,2.214170692431562,4.797369833601718,15.418679549114332,3.2340311325818574,1.8853998926462694,
229,51.12721417069243,13.331991411701557,8.219269994632313,2.1806226516371443,4.898013955984971,15.150295222758992,3.2139023081052067,1.8786902844873858,
230,51.37546967257112,13.18438003220612,8.205850778314547,2.1739130434782608,5.01207729468599,14.989264626945786,3.180354267310789,1.8786902844873858,
231,51.57675791733763,13.150831991411701,8.179012345679013,2.147074610842727,5.01207729468599,14.922168545356952,3.1602254428341383,1.8518518518518519,
232,51.871980676328505,12.962962962962964,8.152173913043478,2.147074610842727,5.045625335480408,14.821524422973699,3.1468062265163717,1.8518518518518519,
233,52.14036500268384,12.875738056897477,8.091787439613526,2.147074610842727,4.9718196457326895,14.700751476113794,3.2340311325818574,1.8384326355340848,
234,52.28797638217928,12.781803542673108,8.07836822329576,2.1403650026838434,5.0791733762748255,14.55984970477724,3.2340311325818574,1.8384326355340848,
235,52.784487385936664,12.526838432635534,8.038110574342458,2.120236178207193,5.01207729468599,14.53972088030059,3.1535158346752548,1.8250134192163177,
236,53.16022544283414,12.473161567364466,8.004562533548041,2.0531400966183573,4.898013955984971,14.465915190552872,3.140096618357488,1.8048845947396672,
237,53.68357487922705,12.278582930756844,7.877079978529254,1.9994632313472893,4.884594739667204,14.38539989264627,3.113258185721954,1.778046162104133,
238,54.07944176060118,12.164519592055823,7.85024154589372,1.9927536231884058,4.851046698872786,14.264626945786366,3.026033279656468,1.7713365539452497,
239,54.488727858293075,11.943102522812667,7.682501341921632,1.9927536231884058,4.864465915190553,14.318303811057435,3.0059044551798175,1.7042404723564144,
240,55.119431025228124,11.735104669887278,7.575147611379496,1.9927536231884058,4.817498658078368,14.11701556629093,2.952227589908749,1.6908212560386473,
241,55.40794417606012,11.654589371980677,7.5281803542673105,1.9793344068706387,4.790660225442834,14.023081052066559,2.9253891572732154,1.6908212560386473,
242,55.81723027375201,11.345947396672035,7.521470746108427,1.9793344068706387,4.790660225442834,13.962694578636608,2.8918411164787976,1.6908212560386473,
243,55.97826086956522,11.285560923242082,7.474503488996243,1.9793344068706387,4.790660225442834,13.90901771336554,2.8918411164787976,1.6908212560386473,
244,56.34057971014493,11.211755233494364,7.37385936661299,1.9726247987117553,4.770531400966184,13.801663982823403,2.871712292002147,1.6572732152442298,
245,56.89747718733226,10.929951690821255,7.2933440687063875,1.9457863660762211,4.7168545356951155,13.734567901234568,2.8515834675254963,1.6304347826086956,
246,57.2866344605475,10.815888352120236,7.159151905528717,1.9457863660762211,4.703435319377348,13.633923778851315,2.844873859366613,1.6103059581320451,
247,57.48792270531401,10.721953837895867,7.112184648416532,1.9122383252818036,4.669887278582931,13.553408480944713,2.9388083735909825,1.6035963499731616,
248,57.769726247987116,10.628019323671497,7.0450885668276975,1.9122383252818036,4.5893719806763285,13.553408480944713,2.898550724637681,1.6035963499731616,
249,57.991143317230275,10.581052066559312,7.03166935050993,1.9122383252818036,4.555823939881911,13.446054750402576,2.8784219001610305,1.6035963499731616,
250,58.06494900697799,10.507246376811594,7.125603864734299,1.9122383252818036,4.53569511540526,13.378958668813741,2.871712292002147,1.6035963499731616,
251,58.28636607622115,10.466988727858293,7.051798174986581,1.90552871712292,4.53569511540526,13.325281803542673,2.831454643048846,1.596886741814278,
252,58.843263553408484,10.25228126677402,6.91760601180891,1.8988191089640365,4.49543746645196,13.177670424047236,2.831454643048846,1.583467525496511,
253,59.01771336553945,10.238862050456254,6.890767579173376,1.865271068169619,4.49543746645196,13.097155126140633,2.831454643048846,1.5633387010198605,
254,59.54106280193237,10.178475577026301,6.776704240472356,1.865271068169619,4.374664519592056,12.983091787439614,2.7643585614600106,1.5163714439076759,
255,59.856414385399894,10.071121846484166,6.716317767042405,1.865271068169619,4.367954911433173,12.902576489533011,2.7442297369833604,1.4761137949543746,
256,60.21202361782072,9.98389694041868,6.6827697262479875,1.865271068169619,4.280730005367687,12.848899624261943,2.7442297369833604,1.3821792807300053,
257,60.38647342995169,9.91009125067096,6.635802469135802,1.8250134192163177,4.280730005367687,12.835480407944177,2.7442297369833604,1.3821792807300053,
258,60.909822866344605,9.802737520128824,6.515029522275899,1.751207729468599,4.280730005367687,12.714707461084272,2.6435856146001075,1.3821792807300053,
259,61.14465915190553,9.75577026301664,6.4345142243692965,1.737788513150832,4.247181964573269,12.567096081588835,2.791196994095545,1.3217928073000538,
260,61.460010735373054,9.594739667203436,6.3137412775093935,1.865271068169619,4.180085882984434,12.526838432635534,2.7442297369833604,1.3150831991411702,
261,61.533816425120776,9.5276435856146,6.286902844873859,2.1604938271604937,4.126409017713366,12.332259796027913,2.717391304347826,1.3150831991411702,
262,61.802200751476114,9.494095544820183,6.1862587224906065,2.1604938271604937,4.126409017713366,12.198067632850242,2.717391304347826,1.3150831991411702,
263,61.86929683306495,9.420289855072463,6.528448738593666,2.1604938271604937,4.0995705850778315,12.110842726784755,2.49597423510467,1.3150831991411702,
264,61.9699409554482,9.420289855072463,6.508319914117015,2.1604938271604937,4.079441760601181,11.990069779924852,2.623456790123457,1.247987117552335,
265,62.32555018786903,9.366612989801396,6.347289318303811,2.1403650026838434,4.05931293612453,11.896135265700483,2.6167471819645733,1.247987117552335,
266,62.513419216317764,9.346484165324744,6.320450885668277,2.1269457863660763,4.032474503488996,11.81561996779388,2.61003757380569,1.2345679012345678,
267,62.9092860976919,9.125067096081589,6.293612453032743,2.100107353730542,3.9989264626945786,11.728395061728396,2.61003757380569,1.2345679012345678,
268,63.04347826086956,9.037842190016104,6.4345142243692965,2.1806226516371443,3.9184111647879765,11.600912506709609,2.576489533011272,1.2077294685990339,
269,63.26489533011272,9.01100375738057,6.394256575415996,2.1806226516371443,3.9184111647879765,11.500268384326356,2.536231884057971,1.1943102522812667,
270,63.53327965646806,8.964036500268385,6.340579710144928,2.1739130434782608,3.9184111647879765,11.419753086419753,2.4557165861513686,1.1943102522812667,
271,63.52657004830918,8.883521202361782,6.320450885668277,2.1269457863660763,3.9049919484702094,11.594202898550725,2.4557165861513686,1.1876006441223832,
272,63.66747181964573,8.870101986044014,6.300322061191626,2.1068169618894257,3.8848631239935587,11.580783682232958,2.4355877616747184,1.1540526033279657,
273,63.94927536231884,8.742619431025227,6.300322061191626,2.2342995169082127,3.797638217928073,11.399624261943103,2.428878153515835,1.1473429951690821,
274,64.26462694578636,8.702361782071927,6.300322061191626,2.2208803005904456,3.7640901771336552,11.191626409017713,2.428878153515835,1.1272141706924315,
