,45,50,55,51,52,54,53,59,56,58,57,60,61
0,87.71470746108427,12.198067632850242,0.08722490606548577,,,,,,,,,,
1,82.42753623188406,17.28395061728395,0.1610305958132045,0.020128824476650563,0.10735373054213634,,,,,,,,
2,80.54213633923779,18.96135265700483,0.32877079978529256,0.05367686527106817,0.10735373054213634,0.0067096081588835215,,,,,,,
3,77.83816425120773,21.517713365539453,0.4294149221685454,0.05367686527106817,0.14090177133655393,0.0067096081588835215,0.013419216317767043,,,,,,
4,77.22088030059045,21.336553945249598,0.5904455179817498,0.05367686527106817,0.14090177133655393,0.6239935587761675,0.013419216317767043,0.020128824476650563,,,,,
5,76.69082125603865,21.833064949006978,0.5434782608695652,0.05367686527106817,0.15432098765432098,0.6910896403650026,0.013419216317767043,0.020128824476650563,,,,,
6,75.40928609769189,22.758990874932906,0.6642512077294686,0.08051529790660225,0.15432098765432098,0.6910896403650026,0.2214170692431562,0.020128824476650563,,,,,
7,53.26086956521739,44.585346215781,0.95276435856146,0.1274825550187869,0.12077294685990338,0.6910896403650026,0.24154589371980675,0.020128824476650563,,,,,
8,53.11996779388084,43.49838969404187,1.2748255501878691,1.1876006441223832,0.12077294685990338,0.6910896403650026,0.08722490606548577,0.020128824476650563,,,,,
9,52.75764895330113,43.585614600107355,1.5029522275899088,1.1540526033279657,0.14761137949543746,0.7246376811594203,0.08722490606548577,0.020128824476650563,0.020128824476650563,,,,
10,50.10064412238325,45.02818035426731,1.596886741814278,1.1674718196457328,0.18115942028985507,0.8118625872249061,1.0735373054213635,0.020128824476650563,0.020128824476650563,,,,
11,49.080783682232955,45.58507783145464,1.8786902844873858,1.2077294685990339,0.20799785292538917,0.7380568974771873,1.0601180891035964,0.020128824476650563,0.19457863660762212,0.026838432635534086,,,
12,44.76650563607085,49.684648416532475,2.059849704777241,1.1943102522812667,0.2147074610842727,0.7380568974771873,1.0265700483091786,0.020128824476650563,0.24154589371980675,0.026838432635534086,0.026838432635534086,,
13,43.49838969404187,50.18786902844874,2.4825550187869028,1.4626945786366077,0.2549651100375738,0.7380568974771873,1.0265700483091786,0.020128824476650563,0.2281266774020397,0.026838432635534086,0.07380568974771873,,
14,42.23698336017176,51.06682769726248,2.6167471819645733,1.42914653784219,0.2549651100375738,1.0131508319914118,1.0198604401502953,0.020128824476650563,0.2281266774020397,0.040257648953301126,0.07380568974771873,,
15,42.28395061728395,50.82528180354267,2.791196994095545,1.442565754159957,0.2549651100375738,1.0198604401502953,1.0198604401502953,0.020128824476650563,0.2281266774020397,0.040257648953301126,0.07380568974771873,,
16,42.20343531937735,50.22141706924316,2.871712292002147,1.724369296833065,0.2885131508319914,1.107085346215781,1.1943102522812667,0.020128824476650563,0.24154589371980675,0.05367686527106817,0.07380568974771873,,
17,42.03569511540526,49.89935587761675,3.0193236714975846,2.0531400966183573,0.2885131508319914,1.107085346215781,1.2077294685990339,0.020128824476650563,0.20799785292538917,0.05367686527106817,0.10735373054213634,,
18,37.67444981213097,52.44900697799248,3.3548040794417604,2.006172839506173,0.28180354267310787,2.5966183574879227,1.261406333870102,0.020128824476650563,0.19457863660762212,0.05367686527106817,0.10735373054213634,,
19,36.50697799248524,53.38164251207729,3.5091250670960816,2.01959205582394,0.3153515834675255,2.6301663982823404,1.261406333870102,0.020128824476650563,0.19457863660762212,0.05367686527106817,0.10735373054213634,,
20,36.171497584541065,52.93880837359098,3.6902844873859366,2.0531400966183573,1.4895330112721417,2.6167471819645733,0.7246376811594203,0.03354804079441761,0.1610305958132045,0.013419216317767043,0.10735373054213634,,
21,34.58803005904455,53.89157273215244,4.186795491143317,2.0263016639828235,1.5163714439076759,2.623456790123457,0.8051529790660226,0.04696725711218465,0.1610305958132045,0.04696725711218465,0.10735373054213634,,
22,32.340311325818575,56.32716049382716,4.408212560386473,2.0128824476650564,1.3352120236178207,2.5563607085346214,0.6508319914117016,0.06709608158883522,0.1610305958132045,0.03354804079441761,0.10735373054213634,,
23,30.22007514761138,58.1857219538379,4.5960815888352125,1.9524959742351047,1.3419216317767042,2.5697799248523885,0.7648953301127214,0.06709608158883522,0.1610305958132045,0.03354804079441761,0.10735373054213634,,
24,30.340848094471284,55.52871712292002,4.770531400966184,2.0128824476650564,3.9855072463768115,2.3483628556092326,0.6910896403650026,0.08051529790660225,0.1610305958132045,0.03354804079441761,0.04696725711218465,,
25,30.3743961352657,55.18652710681696,5.005367686527107,2.0263016639828235,3.9720880300590444,2.3483628556092326,0.7313472893183038,0.08051529790660225,0.1610305958132045,0.03354804079441761,0.08051529790660225,,
26,30.334138486312398,53.06629092860977,5.683038110574342,2.033011272141707,3.770799785292539,3.911701556629093,0.7514761137949544,0.08051529790660225,0.2147074610842727,0.03354804079441761,0.12077294685990338,,
27,29.770531400966185,51.73778851315083,6.689479334406871,2.8515834675254963,3.7909286097691894,3.9318303811057436,0.7716049382716049,0.08051529790660225,0.23483628556092323,0.03354804079441761,0.10735373054213634,,
28,29.294149221685455,50.44283413848631,6.998121309715513,4.066022544283414,3.770799785292539,4.079441760601181,0.798443370907139,0.08051529790660225,0.2549651100375738,0.03354804079441761,0.18115942028985507,,
29,28.032742887815353,48.409822866344605,6.877348362855609,4.723564143853999,3.7573805689747717,4.092860976918948,3.488996242619431,0.08051529790660225,0.27509393451422437,0.04696725711218465,0.2147074610842727,,
30,28.06629092860977,48.21524422973698,6.9310252281266775,4.723564143853999,3.750670960815888,4.126409017713366,3.44873859366613,0.14761137949543746,0.27509393451422437,0.07380568974771873,0.24154589371980675,,
31,27.76435856146001,46.812936124530324,7.03166935050993,4.85775630703167,3.643317230273752,4.119699409554482,4.911433172302737,0.13419216317767044,0.322061191626409,0.07380568974771873,0.32877079978529256,,
32,27.126945786366075,46.121846484165324,7.232957595276436,4.851046698872786,4.8376274825550185,4.072732152442297,4.884594739667204,0.13419216317767044,0.322061191626409,0.07380568974771873,0.3421900161030596,,
33,26.932367149758456,45.591787439613526,7.226247987117552,4.87788513150832,5.273752012882448,4.119699409554482,5.059044551798175,0.13419216317767044,0.3488996242619431,0.08722490606548577,0.33548040794417605,0.013419216317767043,
34,26.78475577026302,43.70638754696726,7.118894256575416,6.9310252281266775,5.253623188405797,4.146537842190016,5.045625335480408,0.13419216317767044,0.38915727321524424,0.10064412238325282,0.3757380568974772,0.013419216317767043,
35,26.120504562533547,42.53891572732152,7.085346215780999,7.877079978529254,5.152979066022544,4.213633923778851,5.897745571658615,0.13419216317767044,0.4294149221685454,0.10064412238325282,0.4227053140096618,0.026838432635534086,
36,25.120772946859905,42.941492216854535,6.991411701556629,7.809983896940419,6.213097155126141,3.824476650563607,5.991680085882985,0.10735373054213634,0.46296296296296297,0.1274825550187869,0.3824476650563607,0.026838432635534086,
37,23.812399355877616,46.23590982286635,6.776704240472356,6.66935050993022,6.0587761674718195,3.589640365002684,5.770263016639828,0.10735373054213634,0.4227053140096618,0.1274825550187869,0.4025764895330113,0.026838432635534086,
38,23.812399355877616,44.99463231347289,6.890767579173376,6.6827697262479875,7.2933440687063875,3.5091250670960816,5.709876543209877,0.1274825550187869,0.4227053140096618,0.12077294685990338,0.4092860976918948,0.026838432635534086,
39,23.785560923242084,44.618894256575416,7.239667203435319,6.716317767042405,7.27992485238862,3.502415458937198,5.669618894256575,0.1274825550187869,0.46296296296296297,0.14761137949543746,0.4092860976918948,0.040257648953301126,
40,23.262211486849168,43.86741814278046,7.4141170155662905,7.595276435856146,7.085346215780999,3.8915727321524423,5.615942028985507,0.1274825550187869,0.5099302200751477,0.17444981213097155,0.41599570585077833,0.040257648953301126,
41,21.35668276972625,46.32984433709071,7.39398819108964,7.561728395061729,6.481481481481482,3.898282340311326,5.676328502415459,0.1274825550187869,0.5166398282340311,0.11406333870101985,0.5032206119162641,0.040257648953301126,
42,20.8870101986044,45.40391841116479,7.628824476650563,8.655394524959743,6.454643048845948,3.9318303811057436,5.595813204508857,0.1274825550187869,0.5367686527106817,0.14090177133655393,0.5971551261406334,0.040257648953301126,
43,20.229468599033815,43.45813204508857,7.64224369296833,10.695115405260333,6.776704240472356,3.361513687600644,6.488191089640365,0.1274825550187869,0.48980139559849706,0.18115942028985507,0.5099302200751477,0.040257648953301126,
44,20.316693505099302,42.881105743424584,7.7361782071927,10.648148148148149,6.944444444444445,3.475577026301664,6.394256575415996,0.14090177133655393,0.5501878690284487,0.2549651100375738,0.630703166935051,0.026838432635534086,
45,20.41062801932367,42.51878690284487,7.769726247987117,10.701825013419215,6.951154052603328,3.616478797638218,6.427804616210413,0.14090177133655393,0.5367686527106817,0.2549651100375738,0.6105743424584005,0.06038647342995169,
46,20.189210950080515,41.59286097691895,7.729468599033816,11.439881910896403,6.91760601180891,4.0995705850778315,6.387546967257112,0.1610305958132045,0.5032206119162641,0.2683843263553409,0.6508319914117016,0.06038647342995169,
47,18.230005367686527,37.775093934514224,9.306226516371444,15.854804079441761,6.689479334406871,4.079441760601181,6.3070316693505095,0.1610305958132045,0.5837359098228664,0.2549651100375738,0.6977992485238862,0.06038647342995169,
48,18.46484165324745,37.546967257112186,9.225711218464841,15.727321524422974,6.702898550724638,4.146537842190016,6.273483628556092,0.1878690284487386,0.5770263016639828,0.28180354267310787,0.7716049382716049,0.0939345142243693,
49,17.96833064949007,38.177670424047236,9.426999463231347,15.666935050993022,6.400966183574879,4.072732152442297,6.320450885668277,0.1878690284487386,0.5904455179817498,0.2616747181964573,0.8319914117015567,0.0939345142243693,
50,18.115942028985508,37.88915727321525,9.453837895866881,15.619967793880837,6.374127750939345,4.119699409554482,6.280193236714976,0.23483628556092323,0.6575415995705851,0.32877079978529256,0.8319914117015567,0.0939345142243693,
51,17.834138486312398,36.882716049382715,9.71551261406334,17.002147074610843,6.474771873322598,4.253891572732153,5.615942028985507,0.2147074610842727,0.7447665056360708,0.2952227589908749,0.8454106280193237,0.12077294685990338,
52,17.881105743424584,36.65458937198068,9.796027911969942,16.961889425657542,6.454643048845948,4.186795491143317,5.676328502415459,0.2147074610842727,0.9125067096081588,0.2952227589908749,0.8454106280193237,0.12077294685990338,
53,17.364465915190554,38.506441223832525,9.634997316156737,15.083199141170155,6.4412238325281805,4.206924315619967,6.414385399892646,0.2147074610842727,0.8454106280193237,0.2952227589908749,0.8454106280193237,0.14761137949543746,
54,17.458400429414922,37.35909822866345,9.145195920558239,14.915458937198068,6.4412238325281805,3.851315083199141,8.480944712828771,0.16774020397208803,0.9393451422436929,0.2952227589908749,0.8185721953837896,0.1274825550187869,
55,17.47181964573269,37.21148684916801,8.548040794417606,14.80810520665593,6.454643048845948,3.8848631239935587,9.145195920558239,0.16774020397208803,1.0131508319914118,0.32877079978529256,0.8521202361782072,0.11406333870101985,
56,17.324208266237253,35.81588835212023,8.319914117015566,16.867954911433173,6.515029522275899,3.851315083199141,8.756038647342995,0.16774020397208803,1.1137949543746646,0.33548040794417605,0.8185721953837896,0.11406333870101985,
57,17.236983360171767,35.61460010735373,8.480944712828771,16.814278046162105,6.528448738593666,3.8378958668813743,8.78287707997853,0.19457863660762212,1.2077294685990339,0.3488996242619431,0.8387010198604401,0.11406333870101985,
58,16.908212560386474,35.86285560923242,8.608427267847558,16.586151368760063,6.5552871712292005,3.9318303811057436,8.82313472893183,0.19457863660762212,1.2010198604401503,0.3488996242619431,0.8588298443370908,0.12077294685990338,
59,16.888083735909824,35.34621578099839,8.722490606548577,16.720343531937736,6.0654857756307035,4.669887278582931,8.655394524959743,0.20799785292538917,1.42914653784219,0.3488996242619431,0.8387010198604401,0.10735373054213634,
60,17.062533548040793,35.138217928073,8.80300590445518,16.666666666666668,6.085614600107354,4.62962962962963,8.601717659688674,0.20799785292538917,1.5230810520665594,0.3488996242619431,0.8252818035426731,0.10735373054213634,
61,16.814278046162105,34.74906065485776,8.776167471819646,17.47181964573269,5.938003220611916,4.622920021470746,8.628556092324208,0.2214170692431562,1.4962426194310252,0.3488996242619431,0.8252818035426731,0.10735373054213634,
62,17.06924315619968,34.574610842726784,9.500805152979066,17.357756307031668,5.911164787976382,4.555823939881911,7.991143317230274,0.2214170692431562,1.5365002683843263,0.33548040794417605,0.8387010198604401,0.10735373054213634,
63,17.183306494900698,34.326355340848096,9.681964573268921,17.20343531937735,5.877616747181965,4.656468062265164,7.977724100912507,0.2214170692431562,1.6170155662909287,0.30864197530864196,0.8387010198604401,0.10735373054213634,
64,17.297369833601717,34.15190552871712,9.742351046698873,17.122920021470748,5.877616747181965,4.676596886741814,8.031400966183575,0.2214170692431562,1.6237251744498122,0.30193236714975846,0.8252818035426731,0.1274825550187869,
65,17.3040794417606,33.42055823939882,10.473698336017177,17.028985507246375,5.844068706387547,4.736983360171766,8.024691358024691,0.2214170692431562,1.710950080515298,0.2683843263553409,0.8387010198604401,0.1274825550187869,
66,17.317498658078367,33.272946859903385,10.493827160493828,16.97530864197531,5.837359098228664,4.750402576489533,8.071658615136876,0.2549651100375738,1.7914653784219001,0.2683843263553409,0.8387010198604401,0.1274825550187869,
67,17.45169082125604,32.8972088030059,10.654857756307031,16.928341384863124,5.803811057434245,4.998658078368224,8.004562533548041,0.2549651100375738,1.7579173376274826,0.2952227589908749,0.8252818035426731,0.1274825550187869,
68,17.444981213097154,32.326892109500804,10.61460010735373,16.59957058507783,6.494900697799249,5.146269457863661,7.944176060118089,0.24154589371980675,1.8115942028985508,0.28180354267310787,0.966183574879227,0.1274825550187869,
69,17.56575415995706,31.984702093397747,11.057434245840042,16.337895866881375,6.501610305958132,5.314009661835748,7.85024154589372,0.20799785292538917,1.8183038110574343,0.2683843263553409,0.9393451422436929,0.15432098765432098,
70,17.28395061728395,31.629092860976918,11.137949543746645,15.908480944712828,6.407675791733762,5.407944176060118,8.76274825550188,0.1878690284487386,1.8585614600107354,0.24154589371980675,1.0198604401502953,0.15432098765432098,
71,17.270531400966185,31.34728931830381,11.2788513150832,15.854804079441761,6.414385399892646,5.4616210413311865,8.78287707997853,0.20799785292538917,1.8317230273752012,0.33548040794417605,1.0601180891035964,0.15432098765432098,
72,16.867954911433173,31.30703166935051,11.3593666129898,17.418142780461622,6.374127750939345,5.407944176060118,7.695920558239399,0.20799785292538917,1.8585614600107354,0.2952227589908749,1.0466988727858293,0.14761137949543746,0.013419216317767043
73,16.901502952227588,31.105743424584006,11.460010735373054,17.324208266237253,6.340579710144928,5.522007514761138,7.776435856146001,0.20799785292538917,1.8719806763285025,0.2952227589908749,1.0399892646269457,0.14090177133655393,0.013419216317767043
74,15.197262479871176,33.9170692431562,11.332528180354267,16.465378421900162,6.3137412775093935,5.367686527106817,7.803274288781535,0.20799785292538917,1.892109500805153,0.28180354267310787,1.06682769726248,0.14090177133655393,0.013419216317767043
75,14.392109500805153,33.06494900697799,10.950080515297907,16.190284487385938,9.252549651100376,5.347557702630167,7.340311325818572,0.18115942028985507,1.8518518518518519,0.23483628556092323,1.0601180891035964,0.12077294685990338,0.013419216317767043
76,14.459205582393988,32.910628019323674,10.923242082662373,16.21712292002147,9.212292002147075,5.407944176060118,7.407407407407407,0.16774020397208803,1.8317230273752012,0.2214170692431562,1.107085346215781,0.12077294685990338,0.013419216317767043
77,13.372249060654857,29.09957058507783,8.903650026838433,28.26086956521739,7.199409554482019,4.730273752012883,5.515297906602254,0.13419216317767044,1.737788513150832,0.0939345142243693,0.8655394524959742,0.08722490606548577,
78,13.493022007514762,28.844605475040257,9.07139023081052,28.012614063338702,7.232957595276436,4.750402576489533,5.535426731078905,0.1878690284487386,1.7914653784219001,0.11406333870101985,0.8789586688137413,0.08722490606548577,
79,13.486312399355878,28.35480407944176,9.037842190016104,24.785292538915726,7.266505636070853,5.01207729468599,8.910359634997317,0.15432098765432098,1.932367149758454,0.10735373054213634,0.8789586688137413,0.07380568974771873,
80,13.466183574879228,28.012614063338702,9.104938271604938,24.765163714439076,7.239667203435319,5.3341384863123995,8.923778851315083,0.16774020397208803,1.9390767579173376,0.10735373054213634,0.8655394524959742,0.07380568974771873,
81,13.009930220075148,26.78475577026302,8.950617283950617,26.482823403113258,7.192699946323135,5.475040257648954,8.910359634997317,0.18115942028985507,1.9592055823939882,0.11406333870101985,0.8655394524959742,0.07380568974771873,
82,13.077026301663983,26.549919484702095,8.950617283950617,26.10708534621578,7.212828770799785,5.756843800322061,9.118357487922705,0.2214170692431562,1.9390767579173376,0.11406333870101985,0.8789586688137413,0.07380568974771873,
83,13.063607085346217,26.36876006441224,8.950617283950617,24.570585077831456,7.132313472893183,5.662909286097692,10.742082662372518,0.2147074610842727,2.214170692431562,0.11406333870101985,0.8923778851315083,0.07380568974771873,
84,12.828770799785293,25.409286097691894,8.836553945249598,25.95276435856146,7.03166935050993,5.407944176060118,10.748792270531402,0.2281266774020397,2.4355877616747184,0.11406333870101985,0.9326355340848095,0.07380568974771873,
85,12.86231884057971,25.268384326355342,8.883521202361782,25.85882984433709,7.051798174986581,5.60252281266774,10.59447128287708,0.2147074610842727,2.4691358024691357,0.1878690284487386,0.9326355340848095,0.07380568974771873,
86,12.889157273215245,25.161030595813205,8.829844337090714,25.650831991411703,7.0383789586688135,5.723295759527644,10.628019323671497,0.24154589371980675,2.61003757380569,0.20128824476650564,0.95276435856146,0.07380568974771873,
87,13.030059044551798,25.046967257112186,8.856682769726248,25.563607085346217,6.984702093397746,5.770263016639828,10.393183038110575,0.2683843263553409,2.5966183574879227,0.2214170692431562,1.1876006441223832,0.08051529790660225,
88,13.063607085346217,24.44981213097155,9.31964573268921,25.295222758990874,6.984702093397746,5.797101449275362,10.406602254428341,0.2683843263553409,2.885131508319914,0.20799785292538917,1.2077294685990339,0.11406333870101985,
89,13.043478260869565,24.295491143317232,9.561191626409018,25.0805152979066,7.125603864734299,5.783682232957595,10.352925389157273,0.2616747181964573,2.965646806226516,0.2214170692431562,1.1943102522812667,0.11406333870101985,
90,12.835480407944177,22.940150295222757,8.729200214707461,28.549382716049383,5.904455179817498,5.226784755770263,11.379495437466453,0.2281266774020397,3.052871712292002,0.20799785292538917,0.8588298443370908,0.08722490606548577,
91,12.808641975308642,22.685185185185187,8.454106280193237,28.31454643048846,9.03113258185722,4.159957058507783,10.185185185185185,0.24154589371980675,3.0193236714975846,0.17444981213097155,0.8387010198604401,0.08722490606548577,
92,12.922705314009661,22.611379495437465,8.447396672034353,28.133387010198604,8.99087493290392,4.206924315619967,10.165056360708535,0.24154589371980675,3.099838969404187,0.20799785292538917,0.8856682769726248,0.08722490606548577,
93,13.130703166935051,22.477187332259795,8.407139023081053,27.87842190016103,8.93719806763285,4.280730005367687,10.292538915727322,0.2549651100375738,3.1333870101986045,0.20799785292538917,0.9125067096081588,0.08722490606548577,
94,11.681427804616211,23.564143853998928,8.259527643585615,27.355072463768117,9.977187332259795,4.367954911433173,10.111379495437467,0.28180354267310787,3.1468062265163717,0.3153515834675255,0.8521202361782072,0.08722490606548577,
95,11.802200751476114,23.356146001073537,8.246108427267847,27.254428341384862,9.923510466988727,4.414922168545357,10.144927536231885,0.39586688137412773,3.1736446591519054,0.3153515834675255,0.8856682769726248,0.08722490606548577,
96,11.849168008588299,22.638217928073,8.071658615136876,26.637144390767578,12.258454106280194,4.3545356951154055,9.581320450885668,0.32877079978529256,2.9723564143853998,0.33548040794417605,0.8990874932903918,0.07380568974771873,
97,12.057165861513688,22.517444981213096,8.319914117015566,26.341921631776703,12.164519592055823,4.3545356951154055,9.5276435856146,0.32877079978529256,3.052871712292002,0.33548040794417605,0.9259259259259259,0.07380568974771873,
98,12.177938808373591,22.34970477724101,8.393719806763285,25.77831454643049,12.580515297906603,4.367954911433173,9.574610842726784,0.32877079978529256,3.126677402039721,0.35560923242082665,0.9057971014492754,0.06038647342995169,
99,12.31213097155126,22.21551261406334,8.400429414922169,24.476650563607084,12.580515297906603,4.435050993022007,9.601449275362318,0.30193236714975846,4.300858829844337,0.36902844873859364,0.9460547504025765,0.06038647342995169,
100,11.66129898013956,20.799785292538918,7.62211486849168,30.97826086956522,11.708266237251744,4.139828234031133,7.7361782071927,0.3153515834675255,3.8580246913580245,0.3153515834675255,0.8185721953837896,0.04696725711218465,
101,11.600912506709609,20.69243156199678,7.521470746108427,30.776972624798713,11.708266237251744,4.374664519592056,7.7361782071927,0.3153515834675255,4.079441760601181,0.30864197530864196,0.8387010198604401,0.04696725711218465,
102,11.574074074074074,20.685721953837895,7.595276435856146,30.56897477187332,11.641170155662909,4.408212560386473,7.702630166398282,0.3757380568974772,4.260601180891036,0.28180354267310787,0.8588298443370908,0.04696725711218465,
103,11.56736446591519,20.511272141706925,7.648953301127214,30.52871712292002,11.60762211486849,4.502147074610843,7.742887815351583,0.35560923242082665,4.294149221685454,0.28180354267310787,0.9125067096081588,0.04696725711218465,
104,11.75523349436393,20.45088566827697,7.548309178743962,30.360976918947934,11.621041331186259,4.542404723564144,7.722758990874933,0.35560923242082665,4.38137412775094,0.30864197530864196,0.9057971014492754,0.04696725711218465,
105,11.741814278046162,20.37037037037037,7.494632313472893,30.10601180891036,11.701556629092861,4.7101449275362315,7.62211486849168,0.35560923242082665,4.488727858293076,0.2885131508319914,1.0735373054213635,0.04696725711218465,
106,11.802200751476114,20.29656468062265,7.5281803542673105,30.05233494363929,11.600912506709609,4.683306494900698,7.695920558239399,0.35560923242082665,4.542404723564144,0.2683843263553409,1.1272141706924315,0.04696725711218465,
107,11.386205045625335,19.719538378958667,8.017981749865807,31.112453032742888,11.419753086419753,4.367954911433173,7.689210950080516,0.36902844873859364,4.374664519592056,0.322061191626409,1.1741814278046163,0.04696725711218465,
108,11.097691894793345,18.471551261406333,7.897208803005904,33.25281803542673,11.16478797638218,4.247181964573269,7.568438003220612,0.36902844873859364,4.3545356951154055,0.3488996242619431,1.1406333870101986,0.08722490606548577,
109,11.305689747718732,18.431293612453032,7.9106280193236715,31.796833064949006,11.077563070316694,4.193505099302201,8.68894256575416,0.5032206119162641,4.502147074610843,0.36231884057971014,1.1406333870101986,0.08722490606548577,
110,11.265432098765432,23.396403650026837,7.548309178743962,27.938808373590984,10.836017176596886,3.965378421900161,8.561460010735374,0.49651100375738055,4.414922168545357,0.39586688137412773,1.0802469135802468,0.10064412238325282,
111,11.252012882447666,23.356146001073537,7.541599570585078,27.84487385936661,10.916532474503489,3.92512077294686,8.621846484165324,0.49651100375738055,4.51556629092861,0.39586688137412773,1.0131508319914118,0.10064412238325282,0.020128824476650563
112,11.305689747718732,23.275630703166936,7.648953301127214,27.657004830917874,10.916532474503489,3.992216854535695,8.608427267847558,0.46967257112184646,4.562533548040794,0.39586688137412773,1.0466988727858293,0.10064412238325282,0.020128824476650563
113,11.520397208803006,23.13472893183038,7.722758990874933,27.469135802469136,10.903113258185721,4.045893719806763,8.561460010735374,0.46967257112184646,4.5960815888352125,0.39586688137412773,1.0601180891035964,0.10064412238325282,0.020128824476650563
114,11.473429951690822,23.255501878690286,7.7831454643048845,27.22758990874933,10.836017176596886,4.045893719806763,8.53462157809984,0.5233494363929146,4.676596886741814,0.39586688137412773,1.1003757380568975,0.1274825550187869,0.020128824476650563
115,11.540526033279656,23.141438539989263,7.937466451959206,26.992753623188406,10.876274825550189,4.025764895330113,8.480944712828771,0.5233494363929146,4.830917874396135,0.41599570585077833,1.093666129898014,0.1274825550187869,0.013419216317767043
116,11.60762211486849,23.027375201288244,7.924047235641439,26.92565754159957,10.836017176596886,4.05931293612453,8.548040794417606,0.5233494363929146,4.8376274825550185,0.4495437466451959,1.1205045625335481,0.1274825550187869,0.013419216317767043
117,11.044015029522276,22.134997316156735,9.118357487922705,26.100375738056897,11.83574879227053,4.119699409554482,8.36688137412775,0.5904455179817498,4.998658078368224,0.46296296296296297,1.0869565217391304,0.1274825550187869,0.013419216317767043
118,10.654857756307031,19.92753623188406,8.541331186258722,31.052066559312937,11.198336017176597,3.8580246913580245,7.608695652173913,0.6239935587761675,4.938271604938271,0.4495437466451959,0.9997316156736447,0.1274825550187869,0.020128824476650563
119,10.903113258185721,19.685990338164252,8.420558239398819,30.877616747181964,10.976918947933441,4.119699409554482,7.7898550724637685,0.6239935587761675,4.9651100375738055,0.4495437466451959,1.0064412238325282,0.1610305958132045,0.020128824476650563
120,11.023886205045626,19.424315619967793,8.420558239398819,30.099302200751477,11.963231347289318,4.032474503488996,7.75630703166935,0.6776704240472357,4.931561996779388,0.4495437466451959,1.0064412238325282,0.19457863660762212,0.020128824476650563
121,11.09098228663446,19.269994632313473,8.601717659688674,29.891304347826086,11.81561996779388,4.025764895330113,7.856951154052603,0.6776704240472357,5.0993022007514766,0.4428341384863124,0.9997316156736447,0.19457863660762212,0.03354804079441761
122,11.225174449812132,19.082125603864736,8.635265700483092,29.736983360171767,11.627750939345143,4.17337627482555,7.863660762211487,0.6642512077294686,5.213365539452496,0.4428341384863124,1.107085346215781,0.19457863660762212,0.03354804079441761
123,11.265432098765432,18.988191089640367,8.769457863660762,29.381374127750938,11.560654857756306,4.502147074610843,7.823403113258186,0.6642512077294686,5.246913580246914,0.4562533548040794,1.1137949543746646,0.19457863660762212,0.03354804079441761
124,11.33923778851315,18.84728931830381,8.776167471819646,28.27428878153516,12.265163714439076,4.898013955984971,7.843531937734836,0.6642512077294686,5.260332796564681,0.5099302200751477,1.093666129898014,0.19457863660762212,0.03354804079441761
125,11.312399355877616,18.773483628556093,8.964036500268385,28.06629092860977,12.325550187869029,4.958400429414922,7.729468599033816,0.6776704240472357,5.300590445517981,0.5166398282340311,1.133923778851315,0.19457863660762212,0.04696725711218465
126,10.997047772410092,18.659420289855074,11.540526033279656,26.382179280730007,12.332259796027913,5.045625335480408,7.648953301127214,0.6709608158883521,4.851046698872786,0.5233494363929146,1.1406333870101986,0.19457863660762212,0.013419216317767043
127,11.017176596886742,18.57890499194847,11.647879763821793,26.221148684916802,12.352388620504563,5.052334943639291,7.64224369296833,0.6642512077294686,4.864465915190553,0.5233494363929146,1.2010198604401503,0.2214170692431562,0.013419216317767043
128,11.11111111111111,18.51851851851852,11.694847020933977,26.10708534621578,12.365807836822329,5.119431025228127,7.64224369296833,0.6642512077294686,4.851046698872786,0.5032206119162641,1.2278582930756843,0.18115942028985507,0.013419216317767043
129,11.312399355877616,18.438003220611915,11.849168008588299,25.81857219538379,12.171229200214707,5.152979066022544,7.816693505099302,0.6508319914117016,4.8443370907139025,0.5032206119162641,1.2144390767579174,0.2147074610842727,0.013419216317767043
130,11.43317230273752,18.364197530864196,11.748523886205046,25.509930220075148,12.47987117552335,5.2066559312936125,7.877079978529254,0.6239935587761675,4.8443370907139025,0.47638217928073,1.1876006441223832,0.23483628556092323,0.013419216317767043
131,11.446591519055287,18.438003220611915,11.822329575952764,25.308641975308642,12.399355877616747,5.159688674181428,7.924047235641439,0.644122383252818,4.891304347826087,0.46296296296296297,1.2278582930756843,0.2616747181964573,0.013419216317767043
132,11.641170155662909,18.35077831454643,11.81561996779388,25.161030595813205,12.325550187869029,5.173107890499195,7.997852925389157,0.6508319914117016,4.891304347826087,0.46296296296296297,1.2546967257112185,0.2616747181964573,0.013419216317767043
133,11.574074074074074,17.693236714975846,11.721685453569512,25.087224906065487,12.298711755233494,5.025496511003757,9.044551798174986,0.6508319914117016,4.8443370907139025,0.4830917874396135,1.3016639828234031,0.2616747181964573,0.013419216317767043
134,10.876274825550189,19.32367149758454,11.714975845410628,24.329039184111647,12.151100375738057,4.797369833601718,9.03113258185722,0.6508319914117016,5.032206119162641,0.5099302200751477,1.3016639828234031,0.2683843263553409,0.013419216317767043
135,10.453569511540525,19.082125603864736,12.506709608158884,24.456521739130434,11.963231347289318,4.810789049919484,8.883521202361782,0.6508319914117016,4.8443370907139025,0.5166398282340311,1.4895330112721417,0.32877079978529256,0.013419216317767043
136,10.466988727858293,19.03515834675255,12.432903918411165,25.617283950617285,11.75523349436393,4.924852388620504,8.252818035426731,0.3153515834675255,4.810789049919484,0.5300590445517982,1.5163714439076759,0.32877079978529256,0.013419216317767043
137,10.473698336017177,18.887546967257112,12.506709608158884,25.42270531400966,11.721685453569512,5.038915727321524,8.353462157809984,0.3153515834675255,4.938271604938271,0.48980139559849706,1.5096618357487923,0.32877079978529256,0.013419216317767043
138,10.507246376811594,18.800322061191626,12.560386473429952,25.301932367149757,11.728395061728396,5.059044551798175,8.373590982286634,0.3153515834675255,5.01207729468599,0.48980139559849706,1.5029522275899088,0.33548040794417605,0.013419216317767043
139,10.57434245840043,18.666129898013956,12.567096081588835,25.207997852925388,11.668008588298443,5.159688674181428,8.413848631239935,0.3153515834675255,5.059044551798175,0.4830917874396135,1.5096618357487923,0.36231884057971014,0.013419216317767043
140,10.581052066559312,18.4849704777241,12.567096081588835,25.147611379495437,11.654589371980677,5.280461621041331,8.413848631239935,0.3153515834675255,5.052334943639291,0.5770263016639828,1.5297906602254427,0.3824476650563607,0.013419216317767043
141,10.272410091250672,18.270263016639827,12.567096081588835,23.95330112721417,12.70799785292539,6.119162640901771,8.3064949006978,0.322061191626409,4.9718196457326895,0.5568974771873323,1.596886741814278,0.3421900161030596,0.013419216317767043
142,10.359634997316157,18.10252281266774,12.406065485775631,24.516908212560388,12.446323134728932,6.119162640901771,8.32662372517445,0.322061191626409,4.918142780461621,0.5300590445517982,1.583467525496511,0.35560923242082665,0.013419216317767043
143,10.46027911969941,18.055555555555557,12.31213097155126,24.355877616747183,12.332259796027913,6.1929683306494905,8.380300590445518,0.322061191626409,4.985238862050457,0.5568974771873323,1.6304347826086956,0.4025764895330113,0.013419216317767043
144,10.48040794417606,18.06226516371444,12.325550187869029,24.18142780461621,11.996779388083736,6.501610305958132,8.393719806763285,0.36902844873859364,5.0858829844337095,0.5434782608695652,1.5901771336553945,0.4562533548040794,0.013419216317767043
145,10.654857756307031,17.96833064949007,12.352388620504563,23.946591519055286,11.896135265700483,6.468062265163715,8.454106280193237,0.36902844873859364,5.24020397208803,0.5703166935050993,1.6103059581320451,0.4562533548040794,0.013419216317767043
146,10.581052066559312,17.67981749865808,12.466451959205582,23.91304347826087,12.124261943102523,6.501610305958132,8.460815888352121,0.36902844873859364,5.260332796564681,0.5770263016639828,1.596886741814278,0.4562533548040794,0.013419216317767043
147,10.534084809447128,17.518786902844873,12.526838432635534,24.261943102522814,12.016908212560386,6.213097155126141,8.521202361782072,0.36902844873859364,5.434782608695652,0.5703166935050993,1.570048309178744,0.4495437466451959,0.013419216317767043
148,10.493827160493828,16.921631776704242,12.432903918411165,25.120772946859905,12.258454106280194,6.045356951154052,8.440687063875469,0.3153515834675255,5.3274288781535155,0.5837359098228664,1.583467525496511,0.46296296296296297,0.013419216317767043
149,10.151637144390767,16.57944176060118,11.81561996779388,26.818303811057433,11.956521739130435,6.213097155126141,8.246108427267847,0.3153515834675255,5.287171229200215,0.6575415995705851,1.5432098765432098,0.4025764895330113,0.013419216317767043
150,9.936929683306495,15.646806226516372,11.506977992485238,29.7638217928073,10.601180891035963,6.112453032742888,8.145464304884594,0.3488996242619431,5.3341384863123995,0.6508319914117016,1.5365002683843263,0.4025764895330113,0.013419216317767043
151,10.044283413848632,15.391841116478798,11.493558776167472,29.663177670424048,10.641438539989265,6.407675791733762,8.085077831454644,0.32877079978529256,5.374396135265701,0.6508319914117016,1.5029522275899088,0.4025764895330113,0.013419216317767043
152,10.225442834138486,15.385131508319914,11.43317230273752,29.49543746645196,10.681696188942565,6.394256575415996,8.125335480407944,0.32877079978529256,5.421363392377885,0.6508319914117016,1.4694041867954912,0.3757380568974772,0.013419216317767043
153,10.158346752549651,15.318035426731079,11.520397208803006,29.341116478797638,10.661567364465915,6.635802469135802,8.09849704777241,0.3488996242619431,5.421363392377885,0.6374127750939346,1.482823403113258,0.36231884057971014,0.013419216317767043
154,10.144927536231885,15.277777777777779,11.453301127214171,28.824476650563607,10.661567364465915,7.64224369296833,7.98443370907139,0.3488996242619431,5.166398282340311,0.6374127750939346,1.482823403113258,0.3757380568974772,
155,10.23215244229737,15.230810520665592,11.446591519055287,28.710413311862588,10.735373054213634,7.709339774557166,8.011272141706923,0.3488996242619431,5.119431025228127,0.6374127750939346,1.42914653784219,0.38915727321524424,
156,10.171765968867419,15.08990874932904,11.600912506709609,28.515834675254965,10.721953837895867,7.669082125603865,8.017981749865807,0.41599570585077833,5.307300053676865,0.6508319914117016,1.4492753623188406,0.38915727321524424,
157,10.030864197530864,14.99597423510467,11.634460547504025,29.28743961352657,10.379763821792807,7.588566827697263,7.7898550724637685,0.4092860976918948,5.428073000536768,0.6374127750939346,1.42914653784219,0.38915727321524424,
158,10.037573805689748,14.915458937198068,11.66129898013956,29.26731078904992,10.379763821792807,7.689210950080516,7.843531937734836,0.4092860976918948,5.340848094471283,0.644122383252818,1.4224369296833066,0.38915727321524424,
159,10.057702630166398,14.915458937198068,11.553945249597424,28.341384863123995,11.694847020933977,7.548309178743962,7.75630703166935,0.3757380568974772,5.273752012882448,0.644122383252818,1.4492753623188406,0.38915727321524424,
160,10.151637144390767,14.861782071927,11.41304347826087,27.992485238862052,11.392914653784219,7.4208266237251745,8.561460010735374,0.3757380568974772,5.246913580246914,0.6709608158883521,1.5029522275899088,0.4092860976918948,
161,10.272410091250672,14.774557165861514,11.580783682232958,27.750939345142243,11.345947396672035,7.407407407407407,8.675523349436393,0.3757380568974772,5.24020397208803,0.6843800322061192,1.482823403113258,0.4092860976918948,
162,10.21202361782072,14.761137949543746,12.553676865271068,26.986044015029524,11.292270531400966,7.387278582930757,8.675523349436393,0.36231884057971014,5.179817498658078,0.7045088566827697,1.5096618357487923,0.3757380568974772,
163,10.057702630166398,14.673913043478262,13.506441223832528,26.060118089103597,11.2788513150832,7.494632313472893,8.68894256575416,0.38915727321524424,5.092592592592593,0.8789586688137413,1.4962426194310252,0.3824476650563607,
164,9.977187332259795,14.579978529253891,13.419216317767042,27.160493827160494,10.889694041867955,7.427536231884058,8.662104133118627,0.3824476650563607,4.804079441760601,0.8789586688137413,1.4358561460010735,0.3824476650563607,
165,9.990606548577563,14.378690284487385,13.493022007514762,26.979334406870638,10.836017176596886,7.9039184111647875,8.662104133118627,0.35560923242082665,4.74369296833065,0.8454106280193237,1.442565754159957,0.36902844873859364,
166,10.158346752549651,14.284755770263017,13.573537305421363,26.878690284487387,10.82259796027912,7.917337627482555,8.662104133118627,0.35560923242082665,4.770531400966184,0.8588298443370908,1.4224369296833066,0.2952227589908749,
167,10.151637144390767,14.13714439076758,13.519860440150294,26.663982823403114,10.668276972624799,8.272946859903382,8.735909822866345,0.43612453032742887,4.884594739667204,0.8655394524959742,1.3687600644122384,0.2952227589908749,
168,10.23215244229737,14.110305958132045,13.466183574879228,26.623725174449813,10.628019323671497,8.279656468062266,8.76274825550188,0.43612453032742887,4.891304347826087,0.8655394524959742,1.4090177133655395,0.2952227589908749,
169,10.34621578099839,14.083467525496511,13.45276435856146,26.590177133655395,10.601180891035963,8.252818035426731,8.856682769726248,0.4495437466451959,4.777241009125067,0.9057971014492754,1.3955984970477724,0.2885131508319914,
170,10.326086956521738,14.002952227589908,13.33870101986044,27.093397745571657,10.540794417606012,8.152173913043478,8.68894256575416,0.4830917874396135,4.757112184648417,0.8923778851315083,1.4224369296833066,0.30193236714975846,
171,10.245571658615138,13.996242619431026,13.405797101449275,26.939076757917338,10.446859903381643,8.125335480407944,8.809715512614064,0.5233494363929146,4.918142780461621,0.8655394524959742,1.4224369296833066,0.30193236714975846,
172,10.352925389157273,13.935856146001074,13.439345142243694,26.82501341921632,10.352925389157273,8.09849704777241,8.923778851315083,0.5233494363929146,4.904723564143854,0.8588298443370908,1.482823403113258,0.30193236714975846,
173,10.245571658615138,13.902308105206655,13.43263553408481,26.41572732152442,10.305958132045088,7.581857219538379,10.285829307568438,0.46296296296296297,4.8376274825550185,0.8588298443370908,1.3687600644122384,0.30193236714975846,
174,10.299248523886206,13.862050456253355,13.439345142243694,26.33521202361782,10.205314009661835,7.447665056360709,10.326086956521738,0.4428341384863124,4.904723564143854,0.8990874932903918,1.5432098765432098,0.2952227589908749,
