,45,50,51,55,54,53,56,52,57,58,59,60,61,46
0,99.62426194310252,0.3757380568974772,,,,,,,,,,,,
1,99.12104133118626,0.8789586688137413,,,,,,,,,,,,
2,98.94659151905529,1.0534084809447128,,,,,,,,,,,,
3,98.41653247450348,1.583467525496511,,,,,,,,,,,,
4,92.72678475577027,7.239667203435319,0.03354804079441761,,,,,,,,,,,
5,87.60735373054213,12.258454106280194,0.03354804079441761,0.10064412238325282,,,,,,,,,,
6,87.06387546967257,12.600644122383253,0.04696725711218465,0.17444981213097155,0.11406333870101985,,,,,,,,,
7,86.85587761674718,12.781803542673108,0.04696725711218465,0.20128824476650564,0.11406333870101985,,,,,,,,,
8,79.09957058507783,20.652173913043477,0.013419216317767043,0.14090177133655393,0.0939345142243693,,,,,,,,,
9,69.43773483628556,30.04562533548041,0.06038647342995169,0.36231884057971014,0.0939345142243693,,,,,,,,,
10,52.29468599033817,41.86124530327429,5.10601180891036,0.3153515834675255,0.0939345142243693,0.10735373054213634,0.2214170692431562,,,,,,,
11,47.718733225979605,46.45061728395062,5.065754159957058,0.30193236714975846,0.0939345142243693,0.10735373054213634,0.2616747181964573,,,,,,,
12,42.129629629629626,46.96725711218465,10.238862050456254,0.20128824476650564,0.0939345142243693,0.10735373054213634,0.2616747181964573,,,,,,,
13,41.76731078904992,47.0276435856146,10.373054213633925,0.3421900161030596,0.0939345142243693,0.13419216317767044,0.2616747181964573,,,,,,,
14,31.300322061191626,57.80327428878154,9.96376811594203,0.5166398282340311,,0.13419216317767044,0.28180354267310787,,,,,,,
15,30.434782608695652,57.19940955448202,10.84272678475577,0.798443370907139,0.27509393451422437,0.13419216317767044,0.3153515834675255,,,,,,,
16,28.428609769189478,55.57568438003221,12.99651100375738,0.8856682769726248,0.13419216317767044,0.13419216317767044,0.3421900161030596,1.5029522275899088,,,,,,
17,27.428878153515836,55.173107890499196,12.915995705850777,1.1137949543746646,0.13419216317767044,0.10735373054213634,0.3421900161030596,2.7844873859366612,,,,,,
18,19.122383252818036,63.177670424047236,12.889157273215245,1.42914653784219,0.13419216317767044,0.10735373054213634,0.3421900161030596,2.7777777777777777,0.020128824476650563,,,,,
19,16.089640365002683,70.04830917874396,7.809983896940419,1.6371443907675791,1.5499194847020934,0.10735373054213634,0.16774020397208803,2.5697799248523885,0.020128824476650563,,,,,
20,15.566290928609769,65.03623188405797,13.238056897477188,1.4358561460010735,1.5499194847020934,0.10735373054213634,0.16774020397208803,2.8784219001610305,0.020128824476650563,,,,,
21,15.559581320450885,62.533548040794415,13.170960815888352,1.6505636070853462,1.5499194847020934,0.10735373054213634,0.19457863660762212,5.166398282340311,0.020128824476650563,0.04696725711218465,,,,
22,15.479066022544284,56.447933440687066,14.942297369833602,1.8317230273752012,1.482823403113258,0.10735373054213634,0.2683843263553409,9.373322597960279,0.06709608158883522,,,,,
23,15.526033279656469,56.29361245303274,14.707461084272678,1.9860440150295222,1.4761137949543746,0.10735373054213634,0.46296296296296297,9.373322597960279,0.06709608158883522,,,,,
24,12.238325281803542,50.979602791196996,23.007246376811594,2.3483628556092326,1.4962426194310252,0.10735373054213634,0.4092860976918948,9.31964573268921,0.0939345142243693,,,,,
25,12.332259796027913,50.85882984433709,22.913311862587225,2.4557165861513686,1.4962426194310252,0.10735373054213634,0.4092860976918948,9.31964573268921,0.0939345142243693,0.013419216317767043,,,,
26,12.406065485775631,50.355609232420825,22.799248523886206,2.9388083735909825,1.442565754159957,0.10735373054213634,0.46967257112184646,9.265968867418144,0.14761137949543746,0.013419216317767043,0.05367686527106817,,,
27,12.25174449812131,49.8389694041868,22.73215244229737,3.0931293612453032,1.442565754159957,1.2681159420289856,0.644122383252818,8.507783145464305,0.15432098765432098,0.013419216317767043,0.05367686527106817,,,
28,12.124261943102523,48.74530327428878,22.65834675254965,3.321256038647343,2.475845410628019,1.2681159420289856,0.6709608158883521,8.460815888352121,0.20799785292538917,0.013419216317767043,0.05367686527106817,,,
29,11.996779388083736,48.66478797638218,22.65834675254965,3.435319377348363,2.475845410628019,1.3620504562533549,0.6709608158883521,8.460815888352121,0.20799785292538917,0.013419216317767043,0.05367686527106817,,,
30,11.574074074074074,38.00993022007515,34.836285560923244,3.0394524959742353,2.4557165861513686,1.3620504562533549,0.8521202361782072,7.595276435856146,0.20799785292538917,0.013419216317767043,0.05367686527106817,,,
31,11.54723564143854,36.65458937198068,33.48765432098765,3.455448201825013,2.462426194310252,2.5496511003757383,0.8387010198604401,8.682232957595277,0.23483628556092323,0.013419216317767043,0.07380568974771873,,,
32,10.61460010735373,48.46349973161568,25.161030595813205,3.33467525496511,1.42914653784219,2.5496511003757383,0.8856682769726248,7.239667203435319,0.23483628556092323,0.013419216317767043,0.07380568974771873,,,
33,10.547504025764896,48.20182501341922,24.973161567364468,3.750670960815888,1.4559849704777241,2.5429414922168547,0.9594739667203436,7.226247987117552,0.24825550187869028,0.013419216317767043,0.08051529790660225,,,
34,10.46027911969941,44.08883521202362,24.89935587761675,3.549382716049383,1.4761137949543746,6.957863660762212,0.9930220075147611,7.192699946323135,0.27509393451422437,0.026838432635534086,0.08051529790660225,,,
35,10.493827160493828,43.11594202898551,29.51556629092861,3.515834675254965,1.5230810520665594,5.589103596349974,0.8521202361782072,4.824208266237251,0.46296296296296297,0.026838432635534086,0.08051529790660225,,,
36,10.487117552334944,42.73349436392915,29.401502952227588,3.9318303811057436,1.5230810520665594,5.5689747718733225,0.9393451422436929,4.810789049919484,0.4830917874396135,0.040257648953301126,0.08051529790660225,,,
37,10.312667740203972,40.98899624261943,32.10547504025765,3.9318303811057436,0.3824476650563607,5.535426731078905,1.288244766505636,4.851046698872786,0.4830917874396135,0.06038647342995169,0.06038647342995169,,,
38,9.681964573268921,34.16532474503489,31.850509930220074,3.7372517444981215,0.5233494363929146,5.515297906602254,1.3553408480944713,12.513419216317766,0.5166398282340311,0.08051529790660225,0.06038647342995169,,,
39,9.453837895866881,32.68250134192163,35.88298443370907,3.7640901771336552,0.5233494363929146,5.401234567901234,4.05931293612453,7.62211486849168,0.33548040794417605,0.19457863660762212,0.06038647342995169,0.020128824476650563,,
40,9.25925925925926,32.19940955448202,32.00483091787439,3.978797638217928,0.4830917874396135,5.448201825013419,3.9720880300590444,12.057165861513688,0.32877079978529256,0.18115942028985507,0.06038647342995169,0.020128824476650563,0.0067096081588835215,
41,6.595544820182502,28.44873859366613,39.91545893719807,3.1468062265163717,0.3824476650563607,5.267042404723564,3.8714439076757916,11.956521739130435,0.16774020397208803,0.18115942028985507,0.06038647342995169,,0.0067096081588835215,
42,6.702898550724638,28.348094471282877,39.72758990874933,3.3011272141706924,0.3824476650563607,5.038915727321524,3.938539989264627,11.896135265700483,0.16774020397208803,0.4294149221685454,0.06038647342995169,,0.0067096081588835215,
43,3.515834675254965,34.614868491680085,41.18357487922705,3.1535158346752548,0.3421900161030596,4.911433172302737,3.824476650563607,7.796564680622652,0.1610305958132045,0.4294149221685454,0.06038647342995169,,0.0067096081588835215,
44,3.227321524422974,31.414385399892645,48.678207192699944,2.7442297369833604,0.20128824476650564,3.8177670424047236,2.952227589908749,6.300322061191626,0.17444981213097155,0.4294149221685454,0.05367686527106817,,0.0067096081588835215,
45,3.0931293612453032,31.17283950617284,48.698336017176594,3.1736446591519054,0.13419216317767044,3.8177670424047236,2.9924852388620504,6.152710681696189,0.32877079978529256,0.4294149221685454,,,0.0067096081588835215,
46,3.126677402039721,30.575684380032207,46.97396672034353,3.2004830917874396,2.167203435319377,3.8177670424047236,3.1736446591519054,6.199677938808374,0.32877079978529256,0.4294149221685454,,,0.0067096081588835215,
47,3.1535158346752548,30.42807300053677,46.43719806763285,3.2877079978529253,2.167203435319377,3.8378958668813743,3.770799785292539,6.166129898013956,0.3153515834675255,0.4294149221685454,,,0.0067096081588835215,
48,3.1602254428341383,30.280461621041333,45.32340311325819,4.367954911433173,2.1940418679549114,3.8378958668813743,3.938539989264627,6.166129898013956,0.2952227589908749,0.4294149221685454,,,0.0067096081588835215,
49,3.240740740740741,30.253623188405797,45.09527643585615,4.28743961352657,2.1940418679549114,3.7909286097691894,4.133118625872249,6.146001073537305,0.30864197530864196,0.4495437466451959,0.0939345142243693,,0.0067096081588835215,
50,3.260869565217391,30.005367686527105,45.02818035426731,4.468599033816425,2.2074610842726785,3.8177670424047236,4.240472356414386,6.0654857756307035,0.35560923242082665,0.4294149221685454,0.0939345142243693,0.020128824476650563,0.0067096081588835215,
51,2.9388083735909825,24.671229200214707,43.84057971014493,3.515834675254965,2.2074610842726785,11.238593666129898,4.569243156199678,6.078904991948471,0.36231884057971014,0.4562533548040794,0.0939345142243693,0.020128824476650563,0.0067096081588835215,
52,3.0730005367686526,24.65780998389694,43.25013419216318,3.9720880300590444,2.1940418679549114,10.809178743961352,4.884594739667204,6.0587761674718195,0.36231884057971014,0.6172839506172839,0.0939345142243693,0.020128824476650563,0.0067096081588835215,
53,2.952227589908749,24.4296833064949,46.55126140633387,4.03918411164788,2.1940418679549114,7.722758990874933,4.9651100375738055,5.998389694041868,0.4227053140096618,0.6038647342995169,0.0939345142243693,0.020128824476650563,0.0067096081588835215,
54,2.5295222758990876,12.734836285560924,72.1484165324745,2.2208803005904456,0.39586688137412773,4.8376274825550185,1.6170155662909287,2.9589371980676327,0.30193236714975846,0.2549651100375738,,,,
55,2.5429414922168547,12.714707461084272,72.01422436929683,2.2208803005904456,0.39586688137412773,4.884594739667204,1.7176596886741815,2.952227589908749,0.30193236714975846,0.2549651100375738,,,,
56,2.6637144390767578,12.614063338701019,69.1358024691358,2.2946859903381642,0.4092860976918948,7.514761137949543,1.8719806763285025,2.9052603327965647,0.33548040794417605,0.2549651100375738,,,,
57,2.7777777777777777,12.546967257112184,68.78690284487386,2.3081052066559313,0.4092860976918948,7.50805152979066,2.167203435319377,2.9052603327965647,0.33548040794417605,0.2549651100375738,,,,
58,2.368491680085883,11.949812130971551,54.28743961352657,2.2879763821792807,0.43612453032742887,8.903650026838433,2.1269457863660763,17.122920021470748,0.24154589371980675,0.27509393451422437,,,,
59,2.4221685453569513,11.929683306494901,52.77777777777778,2.314814814814815,0.43612453032742887,8.876811594202898,3.569511540526033,17.082662372517444,0.2885131508319914,0.30193236714975846,,,,
60,2.428878153515835,10.520665593129362,63.459473966720346,2.147074610842727,0.4562533548040794,8.621846484165324,3.6902844873859366,8.017981749865807,0.35560923242082665,0.30193236714975846,,,,
61,2.4892646269457863,10.520665593129362,63.217928073000536,2.1269457863660763,0.49651100375738055,8.588298443370908,3.8848631239935587,8.017981749865807,0.35560923242082665,0.30193236714975846,,,,
62,2.4490069779924855,22.5979602791197,55.9447128287708,1.9592055823939882,0.48980139559849706,4.74369296833065,3.3682232957595275,7.971014492753623,0.35560923242082665,0.12077294685990338,,,,
63,2.046430488459474,20.86688137412775,45.370370370370374,1.9592055823939882,0.46296296296296297,2.2342995169082127,3.475577026301664,23.1280193236715,0.36231884057971014,0.0939345142243693,,,,
64,2.13365539452496,20.759527643585614,45.2361782071927,1.9592055823939882,0.5166398282340311,2.26784755770263,3.569511540526033,23.07434245840043,0.36231884057971014,0.12077294685990338,,,,
65,2.2879763821792807,20.652173913043477,44.83360171765969,2.0665593129361244,0.5166398282340311,2.26784755770263,3.8311862587224907,23.03408480944713,0.36231884057971014,0.14761137949543746,,,,
66,2.3215244229736984,20.591787439613526,44.29012345679013,2.5697799248523885,0.3488996242619431,2.3215244229736984,3.938539989264627,23.05421363392378,0.41599570585077833,0.14761137949543746,,,,
67,2.368491680085883,20.46430488459474,44.115673644659154,2.536231884057971,0.6105743424584005,2.3081052066559313,4.139828234031133,22.819377348362856,0.4428341384863124,0.19457863660762212,,,,
68,2.38191089640365,20.417337627482556,44.0552871712292,2.5496511003757383,0.6038647342995169,2.2879763821792807,4.133118625872249,22.879763821792807,0.4428341384863124,0.2214170692431562,0.026838432635534086,,,
69,2.442297369833602,20.175791733762747,43.76006441223833,2.871712292002147,0.6038647342995169,2.2879763821792807,4.274020397208803,22.7187332259796,0.4830917874396135,0.35560923242082665,0.026838432635534086,,,
70,2.4557165861513686,19.97450348899624,38.097155126140635,3.0059044551798175,0.6038647342995169,2.2745571658615136,4.488727858293076,28.079710144927535,0.5636070853462157,0.4092860976918948,0.026838432635534086,,0.020128824476650563,
71,2.5429414922168547,19.706119162640903,37.546967257112186,3.603059581320451,0.7514761137949544,2.2745571658615136,4.448470209339774,27.965646806226516,0.5971551261406334,0.5166398282340311,0.026838432635534086,,0.020128824476650563,
72,2.5697799248523885,19.47799248523886,37.446323134728935,3.8043478260869565,0.7514761137949544,2.2745571658615136,4.549114331723027,27.865002683843265,0.7246376811594203,0.48980139559849706,0.026838432635534086,,0.020128824476650563,
73,2.227589908749329,15.11003757380569,43.27697262479871,4.05931293612453,1.3620504562533549,1.9189479334406871,3.421900161030596,27.24771873322598,0.8118625872249061,0.5367686527106817,0.026838432635534086,,,
74,2.13365539452496,14.962426194310252,55.159688674181425,3.9519592055823938,1.3620504562533549,1.9189479334406871,3.4957058507783145,15.995705850778315,0.6105743424584005,0.3824476650563607,0.026838432635534086,,,
75,2.2074610842726785,14.579978529253891,54.730273752012884,4.200214707461084,1.3352120236178207,2.636876006441224,3.978797638217928,15.418679549114332,0.6105743424584005,0.27509393451422437,0.026838432635534086,,,
76,1.9860440150295222,9.219001610305957,65.52603327965647,2.1068169618894257,1.3083735909822867,2.187332259796028,3.6768652710681695,13.150831991411701,0.5568974771873323,0.2549651100375738,0.026838432635534086,,,
77,2.059849704777241,8.863392377885132,64.83494363929147,2.341653247450349,1.3150831991411702,2.187332259796028,4.42163177670424,13.083735909822867,0.6105743424584005,0.2549651100375738,0.026838432635534086,,,
78,2.1269457863660763,8.80300590445518,64.5330112721417,2.2879763821792807,1.4224369296833066,2.187332259796028,4.663177670424047,12.93612453032743,0.6239935587761675,0.38915727321524424,0.026838432635534086,,,
79,2.1739130434782608,8.735909822866345,63.91572732152442,2.677133655394525,1.8317230273752012,2.187332259796028,4.757112184648417,12.614063338701019,0.6910896403650026,0.38915727321524424,0.026838432635534086,,,
80,2.2342995169082127,8.749329039184111,63.6406333870102,2.6838432635534084,1.8317230273752012,2.187332259796028,4.958400429414922,12.553676865271068,0.7447665056360708,0.38915727321524424,0.026838432635534086,,,
81,2.2745571658615136,8.769457863660762,63.37224906065486,2.636876006441224,2.0263016639828235,2.120236178207193,5.025496511003757,12.546967257112184,0.7447665056360708,0.4562533548040794,0.026838432635534086,,,
82,2.2946859903381642,8.735909822866345,62.80864197530864,2.690552871712292,2.0263016639828235,2.120236178207193,5.548845947396672,12.47987117552335,0.8185721953837896,0.4495437466451959,0.026838432635534086,,,
83,2.26784755770263,8.769457863660762,62.70799785292539,2.6838432635534084,2.120236178207193,2.120236178207193,5.555555555555555,12.385936661298981,0.9125067096081588,0.4495437466451959,0.026838432635534086,,,
84,2.3349436392914655,8.68894256575416,58.9975845410628,2.8650026838432634,2.120236178207193,2.1068169618894257,5.434782608695652,16.0829307568438,0.8923778851315083,0.4495437466451959,0.026838432635534086,,,
85,2.3483628556092326,8.648684916800859,58.360171765968865,2.9790660225442833,2.147074610842727,2.2410091250670963,5.8239398819108965,16.0829307568438,0.8923778851315083,0.4495437466451959,0.026838432635534086,,,
86,2.4221685453569513,8.588298443370908,57.8166935050993,3.126677402039721,2.147074610842727,2.2410091250670963,6.273483628556092,15.780998389694043,1.0869565217391304,0.48980139559849706,0.026838432635534086,,,
87,2.3550724637681157,6.172839506172839,61.64787976382179,2.563070316693505,2.0263016639828235,2.2342995169082127,5.971551261406334,15.391841116478798,1.093666129898014,0.48980139559849706,0.026838432635534086,,0.020128824476650563,0.0067096081588835215
88,2.1806226516371443,6.085614600107354,52.63016639828234,2.9589371980676327,1.8786902844873858,2.0799785292538915,5.414653784219001,25.120772946859905,1.1473429951690821,0.4495437466451959,0.026838432635534086,,0.020128824476650563,0.0067096081588835215
89,2.1604938271604937,6.018518518518518,51.630434782608695,3.113258185721954,2.01959205582394,2.0799785292538915,6.226516371443908,25.05367686527107,1.1943102522812667,0.4428341384863124,0.026838432635534086,,0.026838432635534086,0.0067096081588835215
90,2.1940418679549114,5.8239398819108965,48.9398819108964,5.629361245303274,2.006172839506173,2.073268921095008,6.568706387546968,24.838969404186795,1.4224369296833066,0.4428341384863124,0.026838432635534086,,0.026838432635534086,0.0067096081588835215
91,2.314814814814815,5.8239398819108965,48.752012882447666,6.092324208266238,1.9793344068706387,2.046430488459474,6.723027375201288,24.214975845410628,1.5230810520665594,0.4562533548040794,0.026838432635534086,,0.040257648953301126,0.0067096081588835215
92,2.200751476113795,4.53569511540526,46.846484165324746,5.837359098228664,2.999194847020934,1.8048845947396672,6.360708534621578,27.616747181964573,1.3888888888888888,0.36902844873859364,,,0.040257648953301126,
93,2.24771873322598,4.53569511540526,46.812936124530324,5.837359098228664,2.999194847020934,1.8317230273752012,6.333870101986044,27.49597423510467,1.4962426194310252,0.36902844873859364,,,0.040257648953301126,
94,2.3886205045625335,4.53569511540526,46.55126140633387,6.0654857756307035,2.9723564143853998,1.8317230273752012,6.4345142243692965,27.241009125067094,1.5365002683843263,0.3757380568974772,0.026838432635534086,,0.040257648953301126,
95,2.4154589371980677,4.53569511540526,44.73295759527644,6.246645195920558,5.548845947396672,1.8317230273752012,6.1929683306494905,26.36876006441224,1.6572732152442298,0.3757380568974772,0.05367686527106817,,0.040257648953301126,
96,2.2410091250670963,0.9930220075147611,50.52334943639291,3.44873859366613,6.763285024154589,1.8250134192163177,5.8239398819108965,25.966183574879228,1.6975308641975309,0.5904455179817498,0.08722490606548577,,0.040257648953301126,
97,2.2074610842726785,1.0466988727858293,50.18115942028985,3.488996242619431,6.790123456790123,1.8250134192163177,6.112453032742888,25.47638217928073,2.15378421900161,0.5904455179817498,0.08722490606548577,,0.040257648953301126,
98,2.1806226516371443,1.0265700483091786,47.04106280193237,4.938271604938271,6.253354804079442,1.778046162104133,6.105743424584004,28.073000536768653,2.0665593129361244,0.4092860976918948,0.08722490606548577,,0.040257648953301126,
99,2.0128824476650564,0.9728931830381106,48.57085346215781,3.5292538915727323,5.112721417069243,1.724369296833065,3.770799785292539,31.64922168545357,2.200751476113795,0.36231884057971014,0.05367686527106817,,0.040257648953301126,
100,2.1068169618894257,0.95276435856146,48.13472893183038,3.549382716049383,5.092592592592593,1.724369296833065,4.159957058507783,31.49490069779925,2.3081052066559313,0.4025764895330113,0.03354804079441761,,0.040257648953301126,
101,2.2342995169082127,0.95276435856146,47.36983360171766,3.5762211486849167,5.10601180891036,1.7176596886741815,4.85775630703167,31.300322061191626,2.408749329039184,0.4025764895330113,0.03354804079441761,,0.040257648953301126,
102,2.301395598497048,0.95276435856146,47.316156736446594,3.5628019323671496,5.267042404723564,1.7176596886741815,4.938271604938271,30.92458400429415,2.5496511003757383,0.39586688137412773,0.03354804079441761,,0.040257648953301126,
103,2.3752012882447664,0.8856682769726248,46.88674181427805,3.569511540526033,5.22007514761138,1.7042404723564144,5.4549114331723025,30.776972624798713,2.6167471819645733,0.39586688137412773,0.06038647342995169,0.013419216317767043,0.040257648953301126,
104,2.1604938271604937,0.8856682769726248,60.49382716049383,2.033011272141707,4.488727858293076,1.6170155662909287,6.3137412775093935,19.719538378958667,1.8786902844873858,0.30864197530864196,0.06038647342995169,0.013419216317767043,0.026838432635534086,
105,2.1135265700483092,0.8856682769726248,61.574074074074076,2.059849704777241,4.448470209339774,1.3486312399355878,5.783682232957595,19.504830917874397,1.9390767579173376,0.2147074610842727,0.06038647342995169,0.040257648953301126,0.026838432635534086,
106,2.2611379495437465,0.8856682769726248,61.211755233494365,2.0933977455716586,4.448470209339774,1.3486312399355878,6.018518518518518,19.43102522812668,1.9592055823939882,0.2147074610842727,0.06038647342995169,0.040257648953301126,0.026838432635534086,
107,2.100107353730542,0.9997316156736447,59.648416532474506,2.0531400966183573,4.468599033816425,1.3486312399355878,5.615942028985507,21.39694041867955,1.9592055823939882,0.2147074610842727,0.1274825550187869,0.040257648953301126,0.026838432635534086,
108,2.120236178207193,0.9997316156736447,58.05823939881911,2.15378421900161,6.414385399892646,1.3888888888888888,5.60252281266774,20.954106280193237,1.9860440150295222,0.15432098765432098,0.1274825550187869,0.040257648953301126,,
109,2.254428341384863,0.9930220075147611,57.8972088030059,2.15378421900161,6.414385399892646,1.3821792807300053,5.783682232957595,20.78636607622115,2.0263016639828235,0.14090177133655393,0.1274825550187869,0.040257648953301126,,
110,2.254428341384863,0.95276435856146,56.52173913043478,3.1199677938808374,6.414385399892646,1.3754696725711217,6.078904991948471,20.873590982286636,2.100107353730542,0.14090177133655393,0.1274825550187869,0.040257648953301126,,
111,2.1604938271604937,0.95276435856146,62.38593666129898,2.214170692431562,3.8714439076757916,1.2815351583467525,7.1725711218464845,17.85426731078905,1.7914653784219001,0.17444981213097155,0.1274825550187869,0.013419216317767043,,
112,2.1940418679549114,0.95276435856146,61.171497584541065,2.214170692431562,3.8714439076757916,2.328234031132582,7.326892109500805,17.62614063338701,1.9994632313472893,0.17444981213097155,0.1274825550187869,0.013419216317767043,,
113,1.9927536231884058,0.7581857219538379,68.69967793880838,2.033011272141707,3.8714439076757916,1.2815351583467525,6.481481481481482,12.815351583467525,1.7176596886741815,0.17444981213097155,0.1610305958132045,0.013419216317767043,,
114,2.046430488459474,0.7581857219538379,68.34406870638755,2.033011272141707,3.8848631239935587,1.2815351583467525,6.763285024154589,12.781803542673108,1.7444981213097155,0.17444981213097155,0.17444981213097155,0.013419216317767043,,
115,2.1135265700483092,0.7581857219538379,67.41814278046162,2.8515834675254963,3.8915727321524423,1.2815351583467525,6.810252281266774,12.714707461084272,1.7981749865807837,0.17444981213097155,0.17444981213097155,0.013419216317767043,,
116,2.100107353730542,0.7514761137949544,67.04911433172303,2.8918411164787976,3.878153515834675,1.2949543746645196,7.253086419753086,12.634192163177671,1.7847557702630166,0.17444981213097155,0.17444981213097155,0.013419216317767043,,
117,2.1269457863660763,0.7514761137949544,66.57944176060118,2.885131508319914,3.797638217928073,1.2949543746645196,7.695920558239399,12.634192163177671,1.8786902844873858,0.17444981213097155,0.16774020397208803,0.013419216317767043,,
118,2.2611379495437465,0.7514761137949544,65.06307031669351,2.885131508319914,5.179817498658078,1.2949543746645196,7.863660762211487,12.432903918411165,1.892109500805153,0.17444981213097155,0.1878690284487386,0.013419216317767043,,
119,2.2879763821792807,0.7514761137949544,64.35856146001073,3.052871712292002,5.0791733762748255,2.7844873859366612,7.024959742351046,12.359098228663447,1.9390767579173376,0.17444981213097155,0.17444981213097155,0.013419216317767043,,
120,2.2879763821792807,0.7514761137949544,64.27133655394525,3.066290928609769,5.052334943639291,2.7844873859366612,7.098765432098766,12.359098228663447,1.9390767579173376,0.17444981213097155,0.20128824476650564,0.013419216317767043,,
121,2.3215244229736984,0.7514761137949544,61.500268384326354,3.066290928609769,7.313472893183038,2.757648953301127,7.5348899624261945,12.318840579710145,2.046430488459474,0.17444981213097155,0.20128824476650564,0.013419216317767043,,
122,2.4892646269457863,0.7514761137949544,61.09769189479334,3.066290928609769,7.212828770799785,2.757648953301127,7.796564680622652,12.265163714439076,2.13365539452496,0.2147074610842727,0.20128824476650564,0.013419216317767043,,
123,2.4490069779924855,0.7514761137949544,64.1304347826087,3.0595813204508855,5.548845947396672,1.8384326355340848,7.575147611379496,11.862587224906065,2.4825550187869028,0.08722490606548577,0.20128824476650564,0.013419216317767043,,
124,2.5026838432635534,0.7514761137949544,63.89559849704777,3.0730005367686526,5.495169082125604,1.8384326355340848,7.689210950080516,11.822329575952764,2.5496511003757383,0.10064412238325282,0.2683843263553409,0.013419216317767043,,
125,2.6033279656468062,0.7514761137949544,63.57353730542136,3.0730005367686526,5.501878690284487,1.8384326355340848,7.85024154589372,11.83574879227053,2.5697799248523885,0.10064412238325282,0.2885131508319914,0.013419216317767043,,
126,2.61003757380569,0.7514761137949544,68.01529790660226,2.965646806226516,5.522007514761138,1.8384326355340848,7.809983896940419,8.185721953837897,1.8585614600107354,0.10064412238325282,0.2616747181964573,0.08051529790660225,,
127,2.5429414922168547,0.7246376811594203,66.24396135265701,2.918679549114332,5.025496511003757,4.17337627482555,8.239398819108963,8.051529790660226,1.6908212560386473,0.07380568974771873,0.23483628556092323,0.08051529790660225,,
128,2.5966183574879227,0.7246376811594203,65.85480407944176,2.918679549114332,5.112721417069243,4.17337627482555,8.521202361782072,8.038110574342458,1.6706924315619969,0.07380568974771873,0.23483628556092323,0.08051529790660225,,
129,2.6704240472356413,0.7246376811594203,65.62667740203972,2.932098765432099,5.065754159957058,4.233762748255502,8.682232957595277,7.9106280193236715,1.7310789049919484,0.10735373054213634,0.23483628556092323,0.08051529790660225,,
130,2.717391304347826,0.7246376811594203,65.4723564143854,2.932098765432099,5.065754159957058,4.200214707461084,8.849973161567364,7.9106280193236715,1.7310789049919484,0.10735373054213634,0.20799785292538917,0.08051529790660225,,
131,2.8918411164787976,0.7246376811594203,65.21068169618894,3.079710144927536,5.065754159957058,4.200214707461084,8.796296296296296,7.816693505099302,1.8183038110574343,0.10735373054213634,0.20799785292538917,0.08051529790660225,,
132,2.9723564143853998,0.7045088566827697,64.76113794954375,3.140096618357488,5.059044551798175,4.03918411164788,9.265968867418144,7.776435856146001,1.8853998926462694,0.10735373054213634,0.20799785292538917,0.08051529790660225,,
133,2.9589371980676327,0.7045088566827697,64.40552871712292,3.1602254428341383,5.059044551798175,4.03918411164788,9.594739667203436,7.776435856146001,1.90552871712292,0.10735373054213634,0.20799785292538917,0.08051529790660225,,
134,2.6502952227589907,0.5233494363929146,69.15593129361245,2.6838432635534084,4.636339237788513,2.791196994095545,8.407139023081053,6.991411701556629,1.7914653784219001,0.08722490606548577,0.20128824476650564,0.08051529790660225,,
135,2.6033279656468062,0.5233494363929146,68.71309715512614,2.677133655394525,4.817498658078368,2.737520128824477,8.957326892109501,6.8035426731078905,1.778046162104133,0.10735373054213634,0.20128824476650564,0.08051529790660225,,
136,2.6637144390767578,0.5233494363929146,68.29039184111647,2.945517981749866,4.703435319377348,2.6972624798711755,9.05126140633387,6.8035426731078905,1.778046162104133,0.24825550187869028,0.2147074610842727,0.08051529790660225,,
137,2.7106816961889426,0.5233494363929146,67.23027375201288,3.864734299516908,4.656468062265164,2.6972624798711755,9.205582393988191,6.790123456790123,1.7914653784219001,0.24825550187869028,0.20128824476650564,0.08051529790660225,,
138,2.7106816961889426,0.5233494363929146,65.78770799785292,4.079441760601181,5.428073000536768,2.6972624798711755,9.621578099838969,6.78341384863124,1.7847557702630166,0.27509393451422437,0.2147074610842727,0.0939345142243693,,
139,2.6972624798711755,0.5233494363929146,64.42565754159958,4.066022544283414,5.407944176060118,2.7308105206655933,10.990338164251208,6.6760601180891035,1.8988191089640365,0.27509393451422437,0.2147074610842727,0.0939345142243693,,
140,2.636876006441224,0.5233494363929146,65.57300053676865,3.81105743424584,5.280461621041331,2.7509393451422435,10.57434245840043,6.521739130434782,1.7713365539452497,0.27509393451422437,0.1878690284487386,0.0939345142243693,,
141,2.677133655394525,0.5233494363929146,65.20397208803006,4.066022544283414,5.246913580246914,2.6838432635534084,10.628019323671497,6.508319914117015,1.8518518518518519,0.28180354267310787,0.2147074610842727,0.0939345142243693,0.020128824476650563,
142,2.771068169618894,0.5233494363929146,64.88191089640365,3.9452495974235107,5.233494363929147,2.6838432635534084,10.795759527643586,6.501610305958132,1.8518518518518519,0.32877079978529256,0.2147074610842727,0.24825550187869028,0.020128824476650563,
143,2.8650026838432634,0.5233494363929146,64.61352657004831,4.072732152442297,5.226784755770263,2.6838432635534084,10.896403650026839,6.454643048845948,1.8518518518518519,0.32877079978529256,0.2147074610842727,0.24825550187869028,0.020128824476650563,
144,3.046162104133119,0.5233494363929146,64.00295222758992,4.092860976918948,5.226784755770263,2.6704240472356413,11.33923778851315,6.387546967257112,1.8518518518518519,0.32877079978529256,0.2147074610842727,0.27509393451422437,0.040257648953301126,
145,3.079710144927536,0.5233494363929146,63.57353730542136,4.0995705850778315,5.2066559312936125,2.6972624798711755,11.694847020933977,6.340579710144928,1.892109500805153,0.32877079978529256,0.24825550187869028,0.27509393451422437,0.040257648953301126,
146,3.1535158346752548,0.5233494363929146,63.35882984433709,4.159957058507783,5.2066559312936125,2.7241009125067097,11.741814278046162,6.327160493827161,1.8786902844873858,0.32877079978529256,0.28180354267310787,0.27509393451422437,0.040257648953301126,
147,3.2206119162640903,0.5099302200751477,62.875738056897475,4.294149221685454,5.173107890499195,2.6637144390767578,11.949812130971551,6.367418142780462,1.9726247987117553,0.32877079978529256,0.30864197530864196,0.27509393451422437,0.06038647342995169,
148,3.294417606011809,0.5099302200751477,62.714707461084274,4.643048845947397,5.179817498658078,2.6637144390767578,11.943102522812667,6.159420289855072,1.892109500805153,0.3757380568974772,0.30864197530864196,0.2549651100375738,0.06038647342995169,
149,3.3413848631239937,0.5099302200751477,61.94981213097155,4.7638217928073,5.025496511003757,2.6502952227589907,12.587224906065487,6.139291465378422,2.059849704777241,0.3153515834675255,0.30193236714975846,0.27509393451422437,0.08051529790660225,
150,3.3548040794417604,0.5099302200751477,61.48684916800859,4.804079441760601,5.676328502415459,2.6301663982823404,12.47987117552335,5.978260869565218,2.046430488459474,0.3488996242619431,0.30193236714975846,0.30193236714975846,0.08051529790660225,
151,3.3279656468062266,0.5099302200751477,60.648148148148145,4.99194847020934,5.676328502415459,2.6301663982823404,13.157541599570585,5.971551261406334,2.0397208803005906,0.3488996242619431,0.30193236714975846,0.3153515834675255,0.08051529790660225,
152,3.3413848631239937,0.5099302200751477,60.37305421363392,5.179817498658078,5.689747718733226,2.6301663982823404,13.258185721953838,5.938003220611916,2.073268921095008,0.3488996242619431,0.27509393451422437,0.30193236714975846,0.08051529790660225,
153,3.3413848631239937,0.5099302200751477,60.23215244229737,5.213365539452496,5.743424584004294,2.6301663982823404,13.285024154589372,5.938003220611916,2.100107353730542,0.3488996242619431,0.27509393451422437,0.30193236714975846,0.08051529790660225,
154,3.4822866344605474,0.5099302200751477,59.88996242619431,5.374396135265701,5.730005367686527,2.6033279656468062,13.39237788513151,5.877616747181965,2.13365539452496,0.3488996242619431,0.27509393451422437,0.30193236714975846,0.08051529790660225,
155,3.5091250670960816,0.5099302200751477,59.40016103059581,5.273752012882448,5.9514224369296835,2.6033279656468062,13.707729468599034,5.877616747181965,2.1604938271604937,0.3488996242619431,0.27509393451422437,0.30193236714975846,0.08051529790660225,
156,3.6768652710681695,0.5099302200751477,59.13848631239936,5.340848094471283,5.776972624798712,2.6301663982823404,13.882179280730005,5.810520665593129,2.2410091250670963,0.3488996242619431,0.27509393451422437,0.2885131508319914,0.08051529790660225,
157,3.683574879227053,0.5099302200751477,57.68250134192163,6.474771873322598,5.790391841116479,2.61003757380569,14.184111647879764,5.776972624798712,2.254428341384863,0.3757380568974772,0.27509393451422437,0.2885131508319914,0.0939345142243693,
158,3.7238325281803544,0.4294149221685454,57.52147074610843,6.568706387546968,5.971551261406334,2.6301663982823404,14.110305958132045,5.750134192163178,2.2410091250670963,0.3757380568974772,0.2952227589908749,0.2885131508319914,0.0939345142243693,
159,3.7775093934514223,0.4294149221685454,57.18599033816425,6.743156199677939,5.958132045088567,2.7442297369833604,14.17740203972088,5.750134192163178,2.200751476113795,0.3757380568974772,0.2952227589908749,0.2885131508319914,0.07380568974771873,
160,3.81105743424584,0.4294149221685454,56.857219538378956,6.830381105743425,5.958132045088567,2.7442297369833604,14.38539989264627,5.736714975845411,2.200751476113795,0.3757380568974772,0.30864197530864196,0.2885131508319914,0.07380568974771873,
161,3.8915727321524423,0.4294149221685454,56.696188942565755,6.877348362855609,5.938003220611916,2.737520128824477,14.38539989264627,5.676328502415459,2.2879763821792807,0.4025764895330113,0.3153515834675255,0.2885131508319914,0.07380568974771873,
162,3.9184111647879765,0.4294149221685454,56.52173913043478,6.89747718733226,5.991680085882985,2.737520128824477,14.40552871712292,5.689747718733226,2.2879763821792807,0.4428341384863124,0.3153515834675255,0.2885131508319914,0.07380568974771873,
163,3.978797638217928,0.4294149221685454,56.333870101986044,6.904186795491143,6.005099302200751,2.7442297369833604,14.660493827160494,5.515297906602254,2.2611379495437465,0.4428341384863124,0.3153515834675255,0.33548040794417605,0.07380568974771873,
164,4.05931293612453,0.4294149221685454,55.87090713902308,7.004830917874396,6.031937734836285,2.7106816961889426,14.928878153515834,5.515297906602254,2.281266774020397,0.4428341384863124,0.3153515834675255,0.33548040794417605,0.07380568974771873,
165,4.1532474503489,0.4294149221685454,55.51529790660226,6.870638754696726,6.0587761674718195,2.7106816961889426,15.042941492216855,5.515297906602254,2.368491680085883,0.6172839506172839,0.3153515834675255,0.33548040794417605,0.06709608158883522,
166,3.7037037037037037,0.4294149221685454,48.51717659688674,6.219806763285024,5.783682232957595,1.9927536231884058,13.627214170692431,16.203703703703702,2.38191089640365,0.4830917874396135,0.2549651100375738,0.33548040794417605,0.06709608158883522,
167,3.7238325281803544,0.4294149221685454,48.36285560923242,6.233225979602791,5.743424584004294,2.1135265700483092,13.560118089103597,16.076221148684915,2.5429414922168547,0.5300590445517982,0.28180354267310787,0.33548040794417605,0.06709608158883522,
168,3.8311862587224907,0.4294149221685454,47.99382716049383,6.3070316693505095,5.730005367686527,2.1403650026838434,13.808373590982287,16.015834675254965,2.5496511003757383,0.5300590445517982,0.28180354267310787,0.3153515834675255,0.06709608158883522,
169,3.824476650563607,0.4294149221685454,47.30944712828771,6.353998926462695,5.736714975845411,2.932098765432099,13.855340848094471,15.626677402039721,2.7308105206655933,0.5300590445517982,0.2952227589908749,0.3153515834675255,0.06038647342995169,
170,3.8177670424047236,0.4294149221685454,46.85990338164251,6.447933440687064,5.562265163714439,3.2877079978529253,14.023081052066559,15.505904455179817,2.8784219001610305,0.5300590445517982,0.28180354267310787,0.3153515834675255,0.06038647342995169,
171,3.898282340311326,0.4294149221685454,46.77938808373591,6.4345142243692965,5.562265163714439,3.280998389694042,14.036500268384327,15.311325818572195,3.0394524959742353,0.5636070853462157,0.2549651100375738,0.30864197530864196,0.10064412238325282,
172,3.9720880300590444,0.4294149221685454,46.59822866344606,6.4345142243692965,5.522007514761138,3.307836822329576,14.27133655394525,15.163714439076758,3.0327428878153517,0.5636070853462157,0.2952227589908749,0.30864197530864196,0.10064412238325282,
173,3.9452495974235107,0.4294149221685454,45.99436392914654,6.702898550724638,5.522007514761138,3.3413848631239937,14.606816961889425,15.056360708534621,3.099838969404187,0.5837359098228664,0.2952227589908749,0.30864197530864196,0.11406333870101985,
174,3.965378421900161,0.4294149221685454,45.779656468062264,7.152442297369833,5.501878690284487,3.408480944712829,14.459205582393988,14.848362855609233,3.1535158346752548,0.5703166935050993,0.30864197530864196,0.30864197530864196,0.11406333870101985,
175,4.052603327965647,0.4294149221685454,45.54482018250134,7.118894256575416,5.501878690284487,3.388352120236178,14.673913043478262,14.761137949543746,3.166935050993022,0.6038647342995169,0.30864197530864196,0.33548040794417605,0.11406333870101985,
176,4.066022544283414,0.4294149221685454,44.847020933977454,8.246108427267847,5.515297906602254,3.3682232957595275,14.754428341384862,14.392109500805153,3.0595813204508855,0.6105743424584005,0.30864197530864196,0.2885131508319914,0.11406333870101985,
177,4.066022544283414,0.4294149221685454,44.67928073000537,8.239398819108963,5.609232420826624,3.361513687600644,14.821524422973699,14.231078904991948,3.2139023081052067,0.6374127750939346,0.30864197530864196,0.2885131508319914,0.11406333870101985,
178,4.119699409554482,0.4294149221685454,44.6256038647343,8.266237251744498,5.615942028985507,3.4151905528717124,14.761137949543746,14.163982823403114,3.2541599570585076,0.6374127750939346,0.30864197530864196,0.2885131508319914,0.11406333870101985,
179,4.119699409554482,0.4294149221685454,43.853998926462694,8.373590982286634,5.60252281266774,3.3950617283950617,15.432098765432098,14.143853998926463,3.2742887815351582,0.6374127750939346,0.33548040794417605,0.2885131508319914,0.11406333870101985,
180,4.1532474503489,0.4294149221685454,43.84728931830381,8.380300590445518,5.60252281266774,3.435319377348363,15.391841116478798,14.096886741814279,3.2877079978529253,0.6374127750939346,0.33548040794417605,0.2885131508319914,0.11406333870101985,
181,4.193505099302201,0.4294149221685454,43.69967793880837,8.413848631239935,5.60252281266774,3.421900161030596,15.35829307568438,14.17740203972088,3.321256038647343,0.6374127750939346,0.33548040794417605,0.2885131508319914,0.12077294685990338,
182,4.2203435319377345,0.4294149221685454,43.572195383789584,8.541331186258722,5.528717122920021,3.4420289855072466,15.378421900161031,14.11701556629093,3.33467525496511,0.6374127750939346,0.38915727321524424,0.2885131508319914,0.12077294685990338,
