,45,50,55,51,53,54,52,56,57,58,59,60
0,97.28260869565217,2.717391304347826,,,,,,,,,,
1,93.7734836285561,6.226516371443908,,,,,,,,,,
2,89.04991948470209,10.950080515297907,,,,,,,,,,
3,88.44605475040258,11.553945249597424,,,,,,,,,,
4,81.46806226516371,18.531937734836287,,,,,,,,,,
5,77.00617283950618,22.946859903381643,0.04696725711218465,,,,,,,,,
6,68.45813204508856,31.44122383252818,0.06709608158883522,0.03354804079441761,,,,,,,,
7,68.37761674718196,31.48148148148148,0.10735373054213634,0.03354804079441761,,,,,,,,
8,65.65351583467526,34.01771336553945,0.12077294685990338,0.03354804079441761,0.17444981213097155,,,,,,,
9,65.31803542673107,34.312936124530324,0.10064412238325282,0.0939345142243693,0.17444981213097155,,,,,,,
10,62.5402576489533,36.99677938808374,0.19457863660762212,0.0939345142243693,0.17444981213097155,,,,,,,
11,58.9170692431562,40.17713365539453,0.2549651100375738,0.1610305958132045,0.17444981213097155,0.3153515834675255,,,,,,
12,58.803005904455176,40.163714439076756,0.2549651100375738,0.24825550187869028,0.17444981213097155,0.35560923242082665,,,,,,
13,58.78958668813741,39.88191089640365,0.49651100375738055,0.24825550187869028,0.17444981213097155,0.4092860976918948,,,,,,
14,58.541331186258724,39.761137949543745,0.5501878690284487,0.5636070853462157,0.20799785292538917,0.3757380568974772,,,,,,
15,55.35426731078905,42.921363392377884,0.5770263016639828,0.5099302200751477,0.20128824476650564,0.4092860976918948,0.026838432635534086,,,,,
16,55.43478260869565,42.56575415995706,0.6508319914117016,0.5032206119162641,0.20128824476650564,0.3824476650563607,0.2616747181964573,,,,,
17,55.475040257648956,42.50536768652711,0.6776704240472357,0.5166398282340311,0.20128824476650564,0.36231884057971014,0.2616747181964573,,,,,
18,54.77724100912507,43.09581320450886,0.7313472893183038,0.5300590445517982,0.20128824476650564,0.4025764895330113,0.2616747181964573,,,,,
19,53.67015566290929,44.26999463231347,0.5971551261406334,0.5233494363929146,0.20128824476650564,0.48980139559849706,0.24825550187869028,,,,,
20,52.75093934514224,41.257380568974774,0.7648953301127214,4.327697262479871,0.20128824476650564,0.4495437466451959,0.24825550187869028,,,,,
21,51.06682769726248,35.339506172839506,0.6508319914117016,11.896135265700483,0.2281266774020397,0.3824476650563607,0.39586688137412773,0.040257648953301126,,,,
22,49.5101986044015,35.11137949543747,0.6843800322061192,13.66076221148685,0.2281266774020397,0.3824476650563607,0.3824476650563607,0.040257648953301126,,,,
23,43.572195383789584,40.975577026301664,0.8856682769726248,13.486312399355878,0.2281266774020397,0.3824476650563607,0.41599570585077833,0.05367686527106817,,,,
24,33.353462157809986,52.965646806226516,0.7581857219538379,11.466720343531938,0.2281266774020397,0.644122383252818,0.41599570585077833,0.16774020397208803,,,,
25,30.73671497584541,55.61594202898551,0.7514761137949544,11.446591519055287,0.2281266774020397,0.644122383252818,0.41599570585077833,0.1610305958132045,,,,
26,30.636070853462158,53.34809447128288,0.9460547504025765,11.20504562533548,0.2281266774020397,0.6776704240472357,2.7979066022544283,0.1610305958132045,,,,
27,30.817230273752013,52.97906602254428,0.9796027911969941,11.20504562533548,0.41599570585077833,0.6508319914117016,2.7643585614600106,0.1610305958132045,0.026838432635534086,,,
28,30.54213633923779,53.153515834675254,1.0064412238325282,11.124530327428879,0.5233494363929146,0.6374127750939346,2.791196994095545,0.19457863660762212,0.026838432635534086,,,
29,30.857487922705314,52.81803542673108,1.0534084809447128,11.11111111111111,0.5233494363929146,0.6105743424584005,2.771068169618894,0.2281266774020397,0.026838432635534086,,,
30,30.857487922705314,52.71739130434783,1.0735373054213635,11.07085346215781,0.644122383252818,0.6105743424584005,2.737520128824477,0.2281266774020397,0.06038647342995169,,,
31,30.92458400429415,52.59661835748792,1.2077294685990339,11.030595813204508,0.644122383252818,0.6105743424584005,2.6972624798711755,0.2281266774020397,0.06038647342995169,,,
32,31.072195383789587,52.37520128824477,1.3620504562533549,10.970209339774557,0.644122383252818,0.6105743424584005,2.677133655394525,0.2281266774020397,0.06038647342995169,,,
33,31.17283950617284,51.95920558239399,1.7444981213097155,10.789049919484702,0.6776704240472357,0.6709608158883521,2.6704240472356413,0.2549651100375738,0.06038647342995169,,,
34,31.17283950617284,51.73778851315083,1.9927536231884058,10.755501878690284,0.6776704240472357,0.6977992485238862,2.636876006441224,0.2683843263553409,0.06038647342995169,,,
35,31.07890499194847,51.0601180891036,2.120236178207193,10.037573805689748,0.7783145464304885,0.7581857219538379,3.864734299516908,0.24154589371980675,0.06038647342995169,,,
36,31.166129898013956,50.80515297906602,2.8650026838432634,9.420289855072463,0.7783145464304885,0.798443370907139,3.864734299516908,0.24154589371980675,0.06038647342995169,,,
37,31.07890499194847,50.11406333870102,3.1602254428341383,10.017444981213098,0.8118625872249061,0.8319914117015567,3.683574879227053,0.24154589371980675,0.06038647342995169,,,
38,30.971551261406333,49.53703703703704,3.2541599570585076,10.567632850241546,0.8252818035426731,0.8319914117015567,3.683574879227053,0.24154589371980675,0.08722490606548577,,,
39,30.931293612453032,48.389694041867955,3.3413848631239937,11.419753086419753,0.9728931830381106,0.8185721953837896,3.743961352657005,0.24154589371980675,0.14090177133655393,,,
40,31.186258722490606,48.128019323671495,3.361513687600644,11.372785829307569,0.8588298443370908,0.8185721953837896,3.878153515834675,0.2549651100375738,0.14090177133655393,,,
41,31.052066559312937,46.96725711218465,3.4017713365539453,12.325550187869029,0.8789586688137413,0.8185721953837896,3.8848631239935587,0.5300590445517982,0.14090177133655393,,,
42,31.159420289855074,46.85990338164251,3.589640365002684,12.06387546967257,1.0131508319914118,0.7917337627482555,3.8378958668813743,0.5434782608695652,0.14090177133655393,,,
43,31.5552871712292,46.564680622651636,3.556092324208266,11.969940955448202,1.0131508319914118,0.8185721953837896,3.8378958668813743,0.5434782608695652,0.14090177133655393,,,
44,31.64922168545357,46.2962962962963,3.784219001610306,11.90955448201825,1.0399892646269457,0.8185721953837896,3.8177670424047236,0.5434782608695652,0.14090177133655393,,,
45,31.850509930220074,45.8064949006978,3.6902844873859366,12.164519592055823,1.06682769726248,0.8521202361782072,3.8311862587224907,0.5971551261406334,0.14090177133655393,,,
46,31.159420289855074,44.34380032206119,3.9586688137412773,11.829039184111648,1.0332796564680622,1.442565754159957,5.4616210413311865,0.630703166935051,0.14090177133655393,,,
47,31.45464304884595,44.155931293612454,3.965378421900161,11.701556629092861,1.0131508319914118,1.4626945786366077,5.4616210413311865,0.644122383252818,0.14090177133655393,,,
48,30.95813204508857,44.48470209339774,4.2270531400966185,11.594202898550725,1.0131508319914118,1.4626945786366077,5.475040257648954,0.644122383252818,0.14090177133655393,,,
49,31.05877616747182,44.12238325281803,4.468599033816425,11.58749329039184,1.0131508319914118,1.5029522275899088,5.4549114331723025,0.6508319914117016,0.14090177133655393,,,
50,30.911164787976382,41.93505099302201,4.280730005367687,13.982823403113258,1.0332796564680622,1.5767579173376274,5.428073000536768,0.7179280730005367,0.13419216317767044,,,
51,31.092324208266238,41.626409017713364,4.448470209339774,13.868760064412239,1.0601180891035964,1.5767579173376274,5.401234567901234,0.7716049382716049,0.15432098765432098,,,
52,31.233225979602793,41.46537842190016,4.435050993022007,13.83521202361782,1.1272141706924315,1.5767579173376274,5.401234567901234,0.7716049382716049,0.15432098765432098,,,
53,31.011808910359633,41.5727321524423,4.38137412775094,13.81508319914117,1.3888888888888888,1.5163714439076759,5.387815351583468,0.7716049382716049,0.15432098765432098,,,
54,30.367686527106816,40.405260332796566,4.542404723564144,16.391572732152444,1.3687600644122384,1.5096618357487923,4.542404723564144,0.7514761137949544,0.12077294685990338,,,
55,30.515297906602253,40.21739130434783,4.555823939881911,16.23725174449812,1.328502415458937,1.5633387010198605,4.643048845947397,0.7783145464304885,0.1610305958132045,,,
56,30.669618894256576,39.85507246376812,4.669887278582931,16.25738056897477,1.328502415458937,1.5901771336553945,4.703435319377348,0.7648953301127214,0.1610305958132045,,,
57,28.31454643048846,42.45840042941492,4.669887278582931,16.203703703703702,0.9728931830381106,1.778046162104133,4.690016103059581,0.7514761137949544,0.1610305958132045,,,
58,28.509125067096083,42.27724100912507,4.703435319377348,16.13660762211487,0.9728931830381106,1.8250134192163177,4.663177670424047,0.7514761137949544,0.1610305958132045,,,
59,28.878153515834676,41.659957058507786,4.8376274825550185,16.009125067096083,1.0131508319914118,1.8451422436929683,4.736983360171766,0.8588298443370908,0.1610305958132045,,,
60,28.837895866881375,41.19028448738594,4.9651100375738055,16.27079978529254,1.0399892646269457,1.8786902844873858,4.7101449275362315,0.9460547504025765,0.1610305958132045,,,
61,28.904991948470208,40.43880837359098,5.736714975845411,16.11647879763822,1.0399892646269457,1.8786902844873858,4.736983360171766,0.9863123993558777,0.1610305958132045,,,
62,27.79790660225443,40.774288781535155,5.756843800322061,15.432098765432098,1.107085346215781,2.9723564143853998,4.736983360171766,1.288244766505636,0.13419216317767044,,,
63,28.012614063338702,40.385131508319915,5.991680085882985,15.385131508319914,1.107085346215781,2.9723564143853998,4.730273752012883,1.2815351583467525,0.13419216317767044,,,
64,28.267579173376276,40.07648953301127,6.0654857756307035,15.277777777777779,1.1406333870101986,3.0394524959742353,4.683306494900698,1.3150831991411702,0.13419216317767044,,,
65,28.33467525496511,40.022812667740205,5.991680085882985,15.257648953301127,1.2278582930756843,3.012614063338701,4.676596886741814,1.3419216317767042,0.13419216317767044,,,
66,28.35480407944176,39.371980676328505,5.998389694041868,15.190552871712292,1.9726247987117553,2.999194847020934,4.656468062265164,1.3217928073000538,0.13419216317767044,,,
67,28.455448201825014,39.130434782608695,5.917874396135265,15.11003757380569,2.1940418679549114,3.0595813204508855,4.656468062265164,1.3419216317767042,0.13419216317767044,,,
68,28.455448201825014,39.090177133655395,5.978260869565218,15.11003757380569,2.167203435319377,3.0730005367686526,4.656468062265164,1.3352120236178207,0.13419216317767044,,,
69,28.395061728395063,38.60708534621578,5.857487922705314,15.767579173376275,2.1403650026838434,3.1065485775630703,4.643048845947397,1.3486312399355878,0.13419216317767044,,,
70,28.35480407944176,38.31186258722491,5.9514224369296835,15.626677402039721,2.462426194310252,3.079710144927536,4.790660225442834,1.3083735909822867,0.11406333870101985,,,
71,28.29441760601181,38.29844337090714,5.924584004294149,15.385131508319914,2.462426194310252,3.1333870101986045,5.092592592592593,1.2949543746645196,0.11406333870101985,,,
72,28.522544283413847,38.056897477187334,5.897745571658615,14.935587761674718,3.0193236714975846,3.1333870101986045,5.10601180891036,1.2144390767579174,0.11406333870101985,,,
73,28.650026838432634,37.82877079978529,5.877616747181965,14.821524422973699,3.1736446591519054,3.1870638754696725,5.132850241545894,1.2144390767579174,0.11406333870101985,,,
74,28.509125067096083,36.594202898550726,5.6964573268921095,14.640365002683843,3.1870638754696725,4.830917874396135,5.24020397208803,1.1607622114868492,0.11406333870101985,0.026838432635534086,,
75,27.4020397208803,38.16425120772947,5.9447128287707995,14.392109500805153,3.0059044551798175,4.74369296833065,5.032206119162641,1.1473429951690821,0.14090177133655393,0.026838432635534086,,
76,26.31508319914117,35.36634460547504,5.978260869565218,18.38432635534085,2.6502952227589907,4.911433172302737,5.032206119162641,1.1540526033279657,0.16774020397208803,0.026838432635534086,0.013419216317767043,
77,26.321792807300053,34.86983360171766,5.8172302737520125,18.344068706387546,2.690552871712292,5.3274288781535155,5.320719269994632,1.1003757380568975,0.16774020397208803,0.026838432635534086,0.013419216317767043,
78,26.637144390767578,34.68867418142781,5.837359098228664,18.14278046162104,2.737520128824477,5.287171229200215,5.267042404723564,1.2077294685990339,0.16774020397208803,0.026838432635534086,,
79,26.86527106816962,34.45383789586688,5.938003220611916,18.075684380032207,2.7979066022544283,5.213365539452496,5.24020397208803,1.221148684916801,0.16774020397208803,0.026838432635534086,,
80,26.88539989264627,33.97074610842727,6.233225979602791,18.109232420826622,2.8784219001610305,5.139559849704777,5.320719269994632,1.2681159420289856,0.16774020397208803,0.026838432635534086,,
81,26.84514224369297,33.91035963499731,6.213097155126141,18.129361245303276,2.9119699409554483,5.199946323134729,5.3274288781535155,1.2681159420289856,0.16774020397208803,0.026838432635534086,,
82,26.85185185185185,33.662104133118625,6.119162640901771,17.98845947396672,2.9119699409554483,5.676328502415459,5.280461621041331,1.2949543746645196,0.16774020397208803,0.026838432635534086,,0.020128824476650563
83,26.29495437466452,32.769726247987116,6.0587761674718195,19.464573268921097,2.9052603327965647,5.6964573268921095,5.300590445517981,1.2815351583467525,0.15432098765432098,0.026838432635534086,0.026838432635534086,0.020128824476650563
84,26.1808910359635,32.50805152979066,6.0654857756307035,19.92753623188406,2.771068169618894,5.723295759527644,5.287171229200215,1.3083735909822867,0.15432098765432098,0.026838432635534086,0.026838432635534086,0.020128824476650563
85,26.25469672571122,32.018250134192165,5.978260869565218,19.73966720343532,3.44873859366613,5.756843800322061,5.213365539452496,1.3150831991411702,0.20128824476650564,0.026838432635534086,0.026838432635534086,0.020128824476650563
86,24.88593666129898,30.515297906602253,5.689747718733226,23.792270531400966,3.5829307568438002,5.669618894256575,4.2270531400966185,1.3620504562533549,0.20128824476650564,0.026838432635534086,0.026838432635534086,0.020128824476650563
87,25.09393451422437,30.44820182501342,5.709876543209877,23.718464841653248,3.556092324208266,5.676328502415459,4.200214707461084,1.3486312399355878,0.17444981213097155,0.026838432635534086,0.026838432635534086,0.020128824476650563
88,25.09393451422437,30.24020397208803,5.71658615136876,23.866076221148685,3.5762211486849167,5.676328502415459,4.233762748255502,1.3486312399355878,0.17444981213097155,0.026838432635534086,0.026838432635534086,0.020128824476650563
89,25.254965110037574,30.173107890499196,5.709876543209877,23.805689747718734,3.556092324208266,5.669618894256575,4.26731078904992,1.3419216317767042,0.14761137949543746,0.026838432635534086,0.026838432635534086,0.020128824476650563
90,25.43612453032743,29.95169082125604,5.770263016639828,23.58427267847558,3.5829307568438002,5.723295759527644,4.26731078904992,1.4626945786366077,0.14761137949543746,0.026838432635534086,0.026838432635534086,0.020128824476650563
91,25.389157273215243,28.931830381105744,5.783682232957595,23.17498658078368,3.502415458937198,7.253086419753086,4.367954911433173,1.3955984970477724,0.1274825550187869,0.026838432635534086,0.026838432635534086,0.020128824476650563
92,25.161030595813205,28.428609769189478,5.790391841116479,23.731884057971016,3.670155662909286,7.246376811594203,4.2203435319377345,1.42914653784219,0.24825550187869028,0.026838432635534086,0.026838432635534086,0.020128824476650563
93,25.254965110037574,28.27428878153516,5.750134192163178,22.953569511540525,4.898013955984971,6.843800322061192,4.253891572732153,1.442565754159957,0.2549651100375738,0.026838432635534086,0.026838432635534086,0.020128824476650563
94,25.241545893719806,27.911969940955448,5.340848094471283,23.43666129898014,4.817498658078368,6.729736983360172,4.669887278582931,1.4559849704777241,0.322061191626409,0.026838432635534086,0.026838432635534086,0.020128824476650563
95,25.36231884057971,27.77777777777778,5.4549114331723025,23.329307568438004,4.824208266237251,6.716317767042405,4.669887278582931,1.482823403113258,0.30864197530864196,0.026838432635534086,0.026838432635534086,0.020128824476650563
96,25.05367686527107,26.959205582393988,5.213365539452496,24.4296833064949,4.74369296833065,6.702898550724638,4.9651100375738055,1.5499194847020934,0.32877079978529256,0.026838432635534086,0.0067096081588835215,0.020128824476650563
97,25.228126677402038,26.92565754159957,5.226784755770263,24.288781535158346,4.723564143853999,6.696188942565755,4.9651100375738055,1.5633387010198605,0.32877079978529256,0.026838432635534086,0.0067096081588835215,0.020128824476650563
98,25.483091787439612,26.82501341921632,5.233494363929147,24.14117015566291,4.7168545356951155,6.6760601180891035,5.0791733762748255,1.5029522275899088,0.2885131508319914,0.026838432635534086,0.0067096081588835215,0.020128824476650563
99,25.046967257112186,25.657541599570585,4.502147074610843,26.710950080515296,4.7101449275362315,6.494900697799249,5.059044551798175,1.4895330112721417,0.2885131508319914,0.026838432635534086,,0.013419216317767043
100,25.194578636607623,25.6105743424584,4.508856682769726,26.630434782608695,4.656468062265164,6.494900697799249,5.059044551798175,1.482823403113258,0.322061191626409,0.026838432635534086,,0.013419216317767043
101,25.389157273215243,25.59044551798175,4.508856682769726,26.38888888888889,4.669887278582931,6.4412238325281805,5.059044551798175,1.5901771336553945,0.322061191626409,0.026838432635534086,,0.013419216317767043
102,25.670960815888353,25.503220611916262,4.4820182501341925,26.281535158346752,4.643048845947397,6.4345142243692965,5.038915727321524,1.583467525496511,0.322061191626409,0.026838432635534086,,0.013419216317767043
103,25.717928073000536,25.261674718196456,4.414922168545357,25.785024154589372,4.669887278582931,6.743156199677939,5.152979066022544,1.8786902844873858,0.33548040794417605,0.026838432635534086,,0.013419216317767043
104,25.785024154589372,25.194578636607623,4.736983360171766,25.5703166935051,4.636339237788513,6.736446591519055,5.152979066022544,1.8115942028985508,0.33548040794417605,0.026838432635534086,,0.013419216317767043
105,25.657541599570585,24.966451959205582,4.958400429414922,25.462962962962962,4.575952764358561,6.796833064949007,5.374396135265701,1.8451422436929683,0.322061191626409,0.026838432635534086,,0.013419216317767043
106,25.831991411701555,24.92619431025228,4.951690821256038,25.355609232420825,4.602791196994096,6.736446591519055,5.374396135265701,1.8585614600107354,0.322061191626409,0.026838432635534086,,0.013419216317767043
107,25.77831454643049,24.731615673644658,4.924852388620504,25.147611379495437,4.998658078368224,6.863929146537842,5.360976918947934,1.8518518518518519,0.30193236714975846,0.026838432635534086,,0.013419216317767043
108,25.83870101986044,24.54374664519592,5.045625335480408,24.993290391841118,5.045625335480408,7.011540526033279,5.273752012882448,1.9122383252818036,0.2952227589908749,0.026838432635534086,,0.013419216317767043
109,26.167471819645733,24.362587224906065,5.119431025228127,24.89935587761675,4.9718196457326895,6.998121309715513,5.22007514761138,1.9256575415995705,0.2952227589908749,0.026838432635534086,,0.013419216317767043
110,26.288244766505635,24.436392914653783,5.280461621041331,24.59742351046699,4.944981213097155,6.877348362855609,5.193236714975845,2.046430488459474,0.2952227589908749,0.026838432635534086,,0.013419216317767043
111,26.40901771336554,24.322329575952764,5.629361245303274,24.476650563607084,4.924852388620504,6.756575415995706,5.12614063338701,2.01959205582394,0.2952227589908749,0.026838432635534086,,0.013419216317767043
112,26.583467525496513,24.268652710681696,5.589103596349974,23.980139559849704,4.904723564143854,7.192699946323135,5.0858829844337095,2.0665593129361244,0.2885131508319914,0.026838432635534086,,0.013419216317767043
113,24.44981213097155,26.959205582393988,5.8172302737520125,23.34272678475577,4.891304347826087,7.118894256575416,5.052334943639291,2.0665593129361244,0.2885131508319914,,,0.013419216317767043
114,24.476650563607084,26.972624798711756,5.803811057434245,23.242082662372518,4.918142780461621,7.152442297369833,5.032206119162641,2.1269457863660763,0.2616747181964573,,,0.013419216317767043
115,24.490069779924852,26.858561460010737,5.770263016639828,22.81266774020397,5.173107890499195,7.514761137949543,4.9651100375738055,2.1403650026838434,0.2616747181964573,,,0.013419216317767043
116,24.490069779924852,26.724369296833064,5.924584004294149,22.69860440150295,5.186527106816962,7.50805152979066,5.005367686527107,2.187332259796028,0.2616747181964573,,,0.013419216317767043
117,24.58400429414922,26.46940418679549,5.857487922705314,22.644927536231883,5.414653784219001,7.608695652173913,4.985238862050457,2.1604938271604937,0.2616747181964573,,,0.013419216317767043
118,24.684648416532475,26.402308105206657,5.8239398819108965,22.544283413848632,5.401234567901234,7.6556629092860975,5.072463768115942,2.1403650026838434,0.2616747181964573,,,0.013419216317767043
119,24.912775093934513,26.288244766505635,5.83064949006978,22.38996242619431,5.441492216854535,7.588566827697263,5.045625335480408,2.200751476113795,0.2885131508319914,,,0.013419216317767043
120,25.15432098765432,26.174181427804616,5.8172302737520125,22.262479871175522,5.46833064949007,7.541599570585078,4.985238862050457,2.281266774020397,0.30193236714975846,,,0.013419216317767043
121,25.181159420289855,25.966183574879228,5.998389694041868,22.208803005904453,5.475040257648954,7.5348899624261945,4.918142780461621,2.4020397208803006,0.30193236714975846,,,0.013419216317767043
122,25.194578636607623,25.72463768115942,6.119162640901771,22.17525496511004,5.481749865807837,7.608695652173913,4.985238862050457,2.395330112721417,0.30193236714975846,,,0.013419216317767043
123,25.40257648953301,25.6105743424584,6.0654857756307035,22.061191626409016,5.119431025228127,7.62211486849168,5.367686527106817,2.4355877616747184,0.30193236714975846,,,0.013419216317767043
124,25.483091787439612,25.5300590445518,6.0587761674718195,22.04777241009125,5.139559849704777,7.608695652173913,5.374396135265701,2.442297369833602,0.2885131508319914,0.013419216317767043,,0.013419216317767043
125,25.47638217928073,25.45625335480408,6.085614600107354,21.994095544820183,5.12614063338701,7.689210950080516,5.401234567901234,2.428878153515835,0.3153515834675255,0.013419216317767043,,0.013419216317767043
126,25.15432098765432,24.785292538915726,6.085614600107354,21.121846484165324,5.958132045088567,7.635534084809447,6.521739130434782,2.4154589371980677,0.30193236714975846,0.013419216317767043,,0.0067096081588835215
127,25.234836285560924,24.745034889962426,6.018518518518518,21.007783145464305,5.991680085882985,7.595276435856146,6.635802469135802,2.4490069779924855,0.30193236714975846,0.013419216317767043,,0.0067096081588835215
128,25.221417069243156,24.825550187869027,6.159420289855072,20.77294685990338,5.971551261406334,7.575147611379496,6.66935050993022,2.4825550187869028,0.30193236714975846,0.013419216317767043,,0.0067096081588835215
129,25.254965110037574,24.698067632850243,6.125872249060655,20.645464304884594,5.998389694041868,7.7831454643048845,6.66935050993022,2.522812667740204,0.28180354267310787,0.013419216317767043,,0.0067096081588835215
130,25.194578636607623,24.56387546967257,6.0587761674718195,20.638754696725712,6.045356951154052,7.769726247987117,6.951154052603328,2.475845410628019,0.28180354267310787,0.013419216317767043,,0.0067096081588835215
131,24.510198604401502,24.40955448201825,6.112453032742888,20.108695652173914,7.206119162640902,8.091787439613526,6.937734836285561,2.2879763821792807,0.28180354267310787,0.04696725711218465,,0.0067096081588835215
132,24.698067632850243,24.241814278046164,6.052066559312936,19.89398819108964,7.226247987117552,8.064949006977992,7.179280730005368,2.3081052066559313,0.28180354267310787,0.04696725711218465,,0.0067096081588835215
133,24.86580783682233,24.00697799248524,6.139291465378422,19.826892109500804,7.306763285024155,8.017981749865807,7.132313472893183,2.341653247450349,0.30864197530864196,0.04696725711218465,,0.0067096081588835215
134,23.57085346215781,22.79253891572732,5.984970477724101,22.785829307568438,7.286634460547504,7.944176060118089,6.9310252281266775,2.3550724637681157,0.30864197530864196,0.03354804079441761,,0.0067096081588835215
135,23.51046698872786,22.544283413848632,5.877616747181965,23.537305421363392,7.2933440687063875,7.5281803542673105,6.937734836285561,2.38191089640365,0.30864197530864196,0.07380568974771873,,0.0067096081588835215
136,23.544015029522274,22.517444981213096,5.870907139023081,23.483628556092324,7.306763285024155,7.5348899624261945,6.937734836285561,2.4154589371980677,0.30864197530864196,0.07380568974771873,,0.0067096081588835215
137,23.678207192699947,22.470477724100913,5.783682232957595,23.409822866344605,7.239667203435319,7.6623725174449815,6.937734836285561,2.408749329039184,0.32877079978529256,0.07380568974771873,,0.0067096081588835215
138,23.60440150295223,22.403381642512077,5.938003220611916,23.49033816425121,7.360440150295223,7.588566827697263,6.890767579173376,2.3349436392914655,0.30864197530864196,0.07380568974771873,,0.0067096081588835215
139,23.262211486849168,22.20209339774557,5.776972624798712,24.46323134728932,7.246376811594203,7.4141170155662905,7.092055823939882,2.1604938271604937,0.30193236714975846,0.07380568974771873,,0.0067096081588835215
140,23.369565217391305,22.114868491680085,5.864197530864198,24.315619967793882,7.232957595276436,7.481213097155126,7.105475040257649,2.13365539452496,0.30193236714975846,0.07380568974771873,,0.0067096081588835215
141,23.329307568438004,21.967257112184647,5.662909286097692,23.403113258185723,7.118894256575416,7.447665056360709,8.487654320987655,2.227589908749329,0.27509393451422437,0.07380568974771873,,0.0067096081588835215
142,23.121309715512613,21.3768115942029,5.58239398819109,24.214975845410628,7.273215244229737,7.380568974771873,8.474235104669887,2.2208803005904456,0.27509393451422437,0.07380568974771873,,0.0067096081588835215
143,23.201825013419217,21.141975308641975,5.790391841116479,24.154589371980677,7.253086419753086,7.4006977992485234,8.474235104669887,2.227589908749329,0.27509393451422437,0.07380568974771873,,0.0067096081588835215
144,23.047504025764894,20.517981749865807,5.709876543209877,23.711755233494365,8.735909822866345,7.266505636070853,8.581588835212024,2.073268921095008,0.27509393451422437,0.07380568974771873,,0.0067096081588835215
145,21.973966720343533,22.82608695652174,5.636070853462158,23.617820719269993,8.360171765968868,7.071926999463232,8.024691358024691,2.13365539452496,0.27509393451422437,0.07380568974771873,,0.0067096081588835215
146,22.262479871175522,22.725442834138487,5.589103596349974,23.59098228663446,8.125335480407944,7.139023081052066,8.031400966183575,2.1806226516371443,0.27509393451422437,0.07380568974771873,,0.0067096081588835215
147,22.19538378958669,22.48389694041868,5.508588298443371,23.389694041867955,8.064949006977992,7.2933440687063875,8.480944712828771,2.227589908749329,0.27509393451422437,0.07380568974771873,,0.0067096081588835215
148,22.228931830381107,22.188674181427803,5.407944176060118,22.933440687063875,9.07139023081052,7.239667203435319,8.474235104669887,2.100107353730542,0.27509393451422437,0.07380568974771873,,0.0067096081588835215
149,22.376543209876544,22.041062801932366,5.515297906602254,22.84621578099839,9.017713365539452,7.219538378958669,8.460815888352121,2.167203435319377,0.27509393451422437,0.07380568974771873,,0.0067096081588835215
150,22.36983360171766,22.041062801932366,5.555555555555555,22.785829307568438,9.01100375738057,7.219538378958669,8.460815888352121,2.200751476113795,0.27509393451422437,0.07380568974771873,,0.0067096081588835215
151,22.302737520128826,22.014224369296834,5.615942028985507,22.363123993558776,9.03113258185722,7.320182501341922,8.742619431025227,2.254428341384863,0.27509393451422437,0.07380568974771873,,0.0067096081588835215
152,22.443639291465377,21.940418679549115,5.595813204508857,22.249060654857757,9.05126140633387,7.320182501341922,8.749329039184111,2.2946859903381642,0.27509393451422437,0.07380568974771873,,0.0067096081588835215
153,22.57783145464305,21.826355340848096,5.730005367686527,22.134997316156735,9.125067096081589,7.239667203435319,8.722490606548577,2.2879763821792807,0.27509393451422437,0.07380568974771873,,0.0067096081588835215
154,22.6784755770263,21.792807300053678,5.689747718733226,21.926999463231347,9.104938271604938,7.461084272678476,8.722490606548577,2.2745571658615136,0.2683843263553409,0.07380568974771873,,0.0067096081588835215
155,22.73886205045625,21.651905528717123,5.750134192163178,21.940418679549115,9.104938271604938,7.494632313472893,8.722490606548577,2.24771873322598,0.2683843263553409,0.07380568974771873,,0.0067096081588835215
156,22.987117552334944,21.618357487922705,5.736714975845411,21.792807300053678,9.118357487922705,7.4141170155662905,8.709071390230811,2.24771873322598,0.2683843263553409,0.10064412238325282,,0.0067096081588835215
157,22.98040794417606,21.571390230810522,5.776972624798712,21.76596886741814,9.111647879763822,7.387278582930757,8.722490606548577,2.24771873322598,0.32877079978529256,0.10064412238325282,,0.0067096081588835215
158,23.11460010735373,21.410359634997317,5.736714975845411,21.658615136876005,9.111647879763822,7.541599570585078,8.715780998389693,2.281266774020397,0.322061191626409,0.10064412238325282,,0.0067096081588835215
159,23.315888352120236,21.3768115942029,5.703166935050993,21.578099838969404,9.07139023081052,7.5348899624261945,8.655394524959743,2.3081052066559313,0.3488996242619431,0.10064412238325282,,0.0067096081588835215
160,23.21524422973698,21.128556092324207,5.5689747718733225,21.370101986044016,8.80300590445518,7.434245840042942,9.73564143853999,2.301395598497048,0.3488996242619431,0.08722490606548577,,0.0067096081588835215
161,23.362855609232422,21.014492753623188,5.683038110574342,21.289586688137412,8.76274825550188,7.4006977992485234,9.66183574879227,2.3752012882447664,0.3488996242619431,0.10064412238325282,,
162,23.63123993558776,20.92055823939882,5.71658615136876,21.26945786366076,8.715780998389693,7.37385936661299,9.534353193773484,2.4020397208803006,0.33548040794417605,0.10064412238325282,,
163,23.678207192699947,20.860171765968868,5.743424584004294,20.90042941492217,8.903650026838433,7.367149758454106,9.648416532474503,2.49597423510467,0.30193236714975846,0.10064412238325282,,
164,23.805689747718734,20.77294685990338,5.71658615136876,20.82662372517445,8.923778851315083,7.39398819108964,9.64170692431562,2.5161030595813205,0.30193236714975846,0.10064412238325282,,
165,23.93317230273752,20.665593129361245,5.71658615136876,20.75281803542673,8.957326892109501,7.407407407407407,9.601449275362318,2.5161030595813205,0.30193236714975846,0.14761137949543746,,
166,24.08078368223296,20.632045088566827,5.750134192163178,20.652173913043477,8.863392377885132,7.440955448201825,9.500805152979066,2.563070316693505,0.36902844873859364,0.14761137949543746,,
167,24.255233494363928,20.632045088566827,5.656199677938808,20.544820182501343,8.870101986044014,7.447665056360709,9.541062801932368,2.563070316693505,0.3421900161030596,0.14761137949543746,,
168,24.16129898013956,20.578368223295758,5.683038110574342,20.38378958668814,9.064680622651638,7.481213097155126,9.561191626409018,2.5966183574879227,0.3421900161030596,0.14761137949543746,,
169,24.14787976382179,20.52469135802469,5.676328502415459,20.25630703166935,9.145195920558239,7.62211486849168,9.54777241009125,2.589908749329039,0.3421900161030596,0.14761137949543746,,
170,24.10762211486849,20.33011272141707,5.622651637144391,20.209339774557165,9.138486312399356,7.608695652173913,9.796027911969942,2.7241009125067097,0.32877079978529256,0.13419216317767044,,
171,24.308910359634996,20.2361782071927,5.615942028985507,20.175791733762747,9.16532474503489,7.581857219538379,9.728931830381105,2.7241009125067097,0.32877079978529256,0.13419216317767044,,
172,24.40955448201825,19.89398819108964,5.763553408480945,20.001341921631777,9.426999463231347,7.615405260332796,9.695383789586689,2.7308105206655933,0.32877079978529256,0.13419216317767044,,
173,24.63768115942029,19.766505636070853,5.649490069779925,19.91411701556629,9.41358024691358,7.809983896940419,9.608158883521202,2.7509393451422435,0.3153515834675255,0.13419216317767044,,
174,24.724906065485776,19.592055823939884,5.870907139023081,19.80005367686527,9.400161030595813,7.809983896940419,9.614868491680086,2.7106816961889426,0.3153515834675255,0.1610305958132045,,
175,24.872517444981213,19.57192699946323,5.884326355340848,19.726247987117553,9.39345142243693,7.796564680622652,9.54777241009125,2.7308105206655933,0.3153515834675255,0.1610305958132045,,
176,24.89935587761675,19.51154052603328,6.0587761674718195,19.585346215780998,9.453837895866881,7.776435856146001,9.561191626409018,2.690552871712292,0.3153515834675255,0.14761137949543746,,
177,24.838969404186795,19.83360171765969,6.092324208266238,19.330381105743424,9.339774557165862,7.836822329575953,9.601449275362318,2.6637144390767578,0.3153515834675255,0.14761137949543746,,
178,24.872517444981213,19.719538378958667,6.125872249060655,19.330381105743424,9.39345142243693,7.87037037037037,9.628287707997853,2.61003757380569,0.30193236714975846,0.14761137949543746,,
179,24.879227053140095,19.49812130971551,6.199677938808374,19.565217391304348,9.353193773483628,7.950885668276973,9.4873859366613,2.589908749329039,0.30193236714975846,0.17444981213097155,,
180,24.798711755233494,19.464573268921097,5.884326355340848,19.142512077294686,9.782608695652174,8.28636607622115,9.554482018250134,2.61003757380569,0.30193236714975846,0.17444981213097155,,
181,24.94632313472893,19.424315619967793,5.850778314546431,19.068706387546968,9.816156736446592,8.272946859903382,9.534353193773484,2.61003757380569,0.30193236714975846,0.17444981213097155,,
182,24.953032742887814,19.196188942565755,5.864197530864198,18.793612453032743,9.722222222222221,8.3064949006978,10.030864197530864,2.657004830917874,0.30193236714975846,0.17444981213097155,,
183,24.966451959205582,19.082125603864736,5.891035963499732,18.80703166935051,9.782608695652174,8.272946859903382,10.037573805689748,2.657004830917874,0.32877079978529256,0.17444981213097155,,
184,25.0805152979066,18.92109500805153,5.897745571658615,18.813741277509394,9.75577026301664,8.239398819108963,10.124798711755233,2.6637144390767578,0.32877079978529256,0.17444981213097155,,
185,25.161030595813205,18.766774020397207,5.891035963499732,18.63929146537842,9.762479871175524,8.279656468062266,10.225442834138486,2.7844873859366612,0.3153515834675255,0.17444981213097155,,
186,24.610842726784757,21.477455716586153,5.844068706387547,17.196725711218466,9.588030059044552,8.239398819108963,10.050993022007514,2.5026838432635534,0.3153515834675255,0.17444981213097155,,
187,24.704777241009126,21.316425120772948,5.8239398819108965,16.6129898013956,9.46725711218465,8.13875469672571,11.097691894793345,2.3617820719269993,0.30193236714975846,0.17444981213097155,,
188,24.718196457326894,21.215780998389693,5.897745571658615,16.566022544283413,9.406870638754697,8.085077831454644,11.218464841653248,2.3886205045625335,0.32877079978529256,0.17444981213097155,,
189,24.798711755233494,21.115136876006442,5.870907139023081,16.59286097691895,9.433709071390231,8.038110574342458,11.198336017176597,2.4490069779924855,0.32877079978529256,0.17444981213097155,,
190,24.758454106280194,21.182232957595275,6.005099302200751,16.532474503488995,9.359903381642512,8.091787439613526,11.144659151905529,2.4221685453569513,0.32877079978529256,0.17444981213097155,,
191,24.872517444981213,21.115136876006442,5.958132045088567,16.465378421900162,9.359903381642512,8.158883521202362,11.131239935587761,2.408749329039184,0.33548040794417605,0.19457863660762212,,
192,24.59742351046699,20.397208803005906,5.850778314546431,16.391572732152444,9.07139023081052,7.937466451959206,12.828770799785293,2.368491680085883,0.36231884057971014,0.19457863660762212,,
193,24.65780998389694,20.336822329575952,5.83064949006978,16.371443907675793,9.084809447128288,7.950885668276973,12.86231884057971,2.3483628556092326,0.36231884057971014,0.19457863660762212,,
194,24.382716049382715,20.336822329575952,5.703166935050993,17.3040794417606,9.01100375738057,7.776435856146001,12.714707461084272,2.214170692431562,0.36231884057971014,0.19457863660762212,,
195,24.671229200214707,20.263016639828233,5.736714975845411,17.19001610305958,8.957326892109501,7.729468599033816,12.654320987654321,2.2410091250670963,0.36231884057971014,0.19457863660762212,,
196,24.892646269457863,20.222758990874933,5.723295759527644,17.01556629092861,8.903650026838433,7.675791733762749,12.614063338701019,2.395330112721417,0.36231884057971014,0.19457863660762212,,
197,24.818840579710145,20.041599570585078,5.501878690284487,16.874664519592056,8.340042941492216,7.64224369296833,13.996242619431026,2.2410091250670963,0.36231884057971014,0.18115942028985507,,
198,24.698067632850243,21.195652173913043,5.535426731078905,16.80756843800322,8.085077831454644,7.608695652173913,13.305152979066023,2.2208803005904456,0.36231884057971014,0.18115942028985507,,
199,24.58400429414922,21.014492753623188,5.414653784219001,18.263553408480945,7.836822329575953,7.494632313472893,12.647611379495437,2.2342995169082127,0.32877079978529256,0.18115942028985507,,
200,24.610842726784757,20.954106280193237,5.381105743424584,18.19645732689211,7.856951154052603,7.6623725174449815,12.560386473429952,2.2342995169082127,0.36231884057971014,0.18115942028985507,,
201,24.745034889962426,20.813204508856682,5.481749865807837,18.183038110574344,7.7831454643048845,7.635534084809447,12.4597423510467,2.3081052066559313,0.4092860976918948,0.18115942028985507,,
202,24.94632313472893,20.585077831454644,5.542136339237788,17.954911433172303,7.702630166398282,7.6556629092860975,12.640901771336553,2.341653247450349,0.4495437466451959,0.18115942028985507,,
203,24.92619431025228,20.578368223295758,5.515297906602254,18.04213633923779,7.836822329575953,7.635534084809447,12.5,2.3349436392914655,0.4495437466451959,0.18115942028985507,,
204,24.97987117552335,20.44417606011809,5.4616210413311865,17.941492216854535,8.53462157809984,7.595276435856146,11.990069779924852,2.368491680085883,0.5032206119162641,0.18115942028985507,,
205,24.94632313472893,20.457595276435857,5.448201825013419,18.230005367686527,8.55475040257649,7.481213097155126,11.81561996779388,2.395330112721417,0.48980139559849706,0.18115942028985507,,
206,25.0805152979066,20.39049919484702,5.441492216854535,18.203166935050994,8.507783145464305,7.467793880837359,11.829039184111648,2.408749329039184,0.48980139559849706,0.18115942028985507,,
207,25.207997852925388,20.356951154052602,5.407944176060118,18.14278046162104,8.501073537305421,7.434245840042942,11.842458400429415,2.442297369833602,0.4830917874396135,0.18115942028985507,,
208,25.248255501878692,20.33011272141707,5.522007514761138,18.04213633923779,8.514492753623188,7.461084272678476,11.77536231884058,2.442297369833602,0.4830917874396135,0.18115942028985507,,
209,25.261674718196456,20.283145464304884,5.548845947396672,18.17632850241546,8.501073537305421,7.434245840042942,11.688137412775093,2.442297369833602,0.4830917874396135,0.18115942028985507,,
210,25.42270531400966,20.155662909286097,5.535426731078905,18.149490069779926,8.460815888352121,7.541599570585078,11.641170155662909,2.442297369833602,0.46967257112184646,0.18115942028985507,,
211,25.40257648953301,19.826892109500804,5.4616210413311865,17.881105743424584,8.333333333333334,7.635534084809447,12.325550187869029,2.38191089640365,0.5233494363929146,0.2281266774020397,,
212,25.45625335480408,19.79334406870639,5.414653784219001,17.371175523349436,8.883521202361782,7.709339774557166,12.204777241009126,2.38191089640365,0.5568974771873323,0.2281266774020397,,
