,45,50,55,51,52,53,54,57,56,59,58,61,60,47,62,46,63,64,48
0,95.88030059044551,4.119699409554482,,,,,,,,,,,,,,,,,
1,95.73939881910897,4.260601180891036,,,,,,,,,,,,,,,,,
2,94.8268921095008,4.904723564143854,0.2683843263553409,,,,,,,,,,,,,,,,
3,94.71282877079979,5.018786902844874,0.2683843263553409,,,,,,,,,,,,,,,,
4,86.22517444981213,13.506441223832528,0.2683843263553409,,,,,,,,,,,,,,,,
5,84.80273752012883,15.002683843263553,0.19457863660762212,,,,,,,,,,,,,,,,
6,82.17928073000537,17.53220611916264,0.2885131508319914,,,,,,,,,,,,,,,,
7,80.88432635534085,17.57246376811594,0.1878690284487386,0.020128824476650563,1.2815351583467525,0.05367686527106817,,,,,,,,,,,,,
8,79.1532474503489,19.129092860976918,0.32877079978529256,0.020128824476650563,1.2815351583467525,0.06038647342995169,0.026838432635534086,,,,,,,,,,,,
9,78.95866881374128,18.947933440687063,0.630703166935051,0.04696725711218465,1.3150831991411702,0.07380568974771873,0.026838432635534086,,,,,,,,,,,,
10,75.64412238325282,22.21551261406334,0.6374127750939346,0.04696725711218465,1.3553408480944713,0.07380568974771873,0.026838432635534086,,,,,,,,,,,,
11,74.85909822866344,23.027375201288244,0.6105743424584005,0.04696725711218465,1.3553408480944713,0.07380568974771873,0.026838432635534086,,,,,,,,,,,,
12,69.29683306494901,28.549382716049383,0.6575415995705851,0.04696725711218465,1.3486312399355878,0.07380568974771873,0.026838432635534086,,,,,,,,,,,,
13,69.15593129361245,28.529253891572733,0.8051529790660226,0.06038647342995169,1.3486312399355878,0.07380568974771873,0.026838432635534086,,,,,,,,,,,,
14,69.06870638754697,28.462157809983896,0.8051529790660226,0.06038647342995169,1.3486312399355878,0.07380568974771873,0.18115942028985507,,,,,,,,,,,,
15,68.6862587224906,27.958937198067634,0.7514761137949544,0.9997316156736447,1.3486312399355878,0.07380568974771873,0.18115942028985507,,,,,,,,,,,,
16,65.45893719806763,31.125872249060656,0.8118625872249061,0.9997316156736447,1.328502415458937,0.07380568974771873,0.18115942028985507,0.020128824476650563,,,,,,,,,,,
17,64.20424047235642,31.280193236714975,0.9594739667203436,1.0131508319914118,2.26784755770263,0.07380568974771873,0.18115942028985507,0.020128824476650563,,,,,,,,,,,
18,64.07004830917874,31.340579710144926,1.0064412238325282,1.0131508319914118,2.2946859903381642,0.07380568974771873,0.18115942028985507,0.020128824476650563,,,,,,,,,,,
19,63.499731615673646,31.80354267310789,1.0198604401502953,1.0131508319914118,2.254428341384863,0.07380568974771873,0.3153515834675255,0.020128824476650563,,,,,,,,,,,
20,60.00402576489533,25.201288244766506,0.8051529790660226,11.332528180354267,2.2208803005904456,0.06709608158883522,0.3153515834675255,0.05367686527106817,,,,,,,,,,,
21,59.86983360171766,25.13419216317767,0.9259259259259259,11.2788513150832,2.2208803005904456,0.06709608158883522,0.4495437466451959,0.05367686527106817,,,,,,,,,,,
22,58.73590982286635,26.25469672571122,0.9393451422436929,11.2788513150832,2.2208803005904456,0.06709608158883522,0.4495437466451959,0.05367686527106817,,,,,,,,,,,
23,58.7157809983897,26.214439076757916,0.9997316156736447,11.2788513150832,2.2208803005904456,0.06709608158883522,0.4495437466451959,0.05367686527106817,,,,,,,,,,,
24,52.462426194310254,31.76328502415459,1.0601180891035964,10.983628556092324,2.2074610842726785,0.06709608158883522,1.3888888888888888,0.03354804079441761,0.03354804079441761,,,,,,,,,,
25,42.169887278582934,32.326892109500804,1.2748255501878691,19.95437466451959,2.301395598497048,0.20799785292538917,1.6774020397208802,0.03354804079441761,0.05367686527106817,,,,,,,,,,
26,39.58668813741278,27.61003757380569,1.4559849704777241,27.17391304347826,2.2074610842726785,0.20799785292538917,1.6505636070853462,0.026838432635534086,0.05367686527106817,0.026838432635534086,,,,,,,,,
27,39.452495974235106,27.636876006441224,1.5432098765432098,27.113526570048307,2.24771873322598,0.20799785292538917,1.6505636070853462,0.026838432635534086,0.0939345142243693,0.026838432635534086,,,,,,,,,
28,39.45920558239399,27.569779924852387,1.7176596886741815,26.972624798711756,2.24771873322598,0.20799785292538917,1.6505636070853462,0.026838432635534086,0.12077294685990338,0.026838432635534086,,,,,,,,,
29,18.773483628556093,68.61245303274289,2.1604938271604937,8.179012345679013,0.8521202361782072,0.020128824476650563,1.3553408480944713,0.026838432635534086,0.013419216317767043,0.0067096081588835215,,,,,,,,,
30,18.63929146537842,68.43800322061192,2.4691358024691357,8.179012345679013,0.8521202361782072,0.020128824476650563,1.3553408480944713,0.026838432635534086,0.013419216317767043,0.0067096081588835215,,,,,,,,,
31,18.357487922705314,62.956253354804076,2.509393451422437,5.837359098228664,7.065217391304348,1.8719806763285025,1.3553408480944713,0.026838432635534086,0.013419216317767043,0.0067096081588835215,,,,,,,,,
32,18.136070853462158,61.460010735373054,2.898550724637681,4.045893719806763,6.709608158883521,2.059849704777241,3.8378958668813743,0.026838432635534086,0.8185721953837896,0.0067096081588835215,,,,,,,,,
33,16.70692431561997,60.40660225442834,3.066290928609769,6.380837359098229,6.702898550724638,2.073268921095008,3.7909286097691894,0.03354804079441761,0.8185721953837896,0.020128824476650563,,,,,,,,,
34,16.646537842190018,60.29253891572732,3.180354267310789,6.380837359098229,6.66935050993022,2.01959205582394,3.8580246913580245,0.06709608158883522,0.8185721953837896,0.06709608158883522,,,,,,,,,
35,16.364734299516908,51.44927536231884,3.1333870101986045,6.266774020397209,7.561728395061729,2.01959205582394,12.218196457326892,0.0939345142243693,0.8252818035426731,0.06709608158883522,,,,,,,,,
36,16.378153515834676,50.99302200751476,3.0931293612453032,5.186527106816962,7.561728395061729,5.964841653247451,9.829575952764358,0.0939345142243693,0.8252818035426731,0.020128824476650563,0.05367686527106817,,,,,,,,
37,16.35131508319914,49.9194847020934,4.1532474503489,5.159688674181428,7.521470746108427,5.24020397208803,10.59447128287708,0.13419216317767044,0.8252818035426731,0.04696725711218465,0.026838432635534086,0.026838432635534086,,,,,,,
38,16.150026838432634,49.704777241009126,4.206924315619967,5.159688674181428,7.481213097155126,5.5756843800322065,10.560923242082662,0.17444981213097155,0.8387010198604401,0.0939345142243693,0.026838432635534086,0.026838432635534086,,,,,,,
39,16.203703703703702,49.584004294149224,4.274020397208803,4.951690821256038,7.675791733762749,5.5756843800322065,10.527375201288244,0.1878690284487386,0.8387010198604401,0.1274825550187869,0.026838432635534086,0.026838432635534086,,,,,,,
40,16.0426731078905,49.322329575952764,4.663177670424047,4.951690821256038,7.64224369296833,5.5756843800322065,10.50053676865271,0.20799785292538917,0.8655394524959742,0.15432098765432098,0.026838432635534086,0.026838432635534086,0.020128824476650563,,,,,,
41,16.049382716049383,49.19484702093398,4.797369833601718,4.938271604938271,7.601986044015029,5.5756843800322065,10.393183038110575,0.2616747181964573,0.8655394524959742,0.24825550187869028,0.026838432635534086,0.026838432635534086,0.020128824476650563,,,,,,
42,12.31213097155126,53.33467525496511,4.9651100375738055,4.871175523349437,7.152442297369833,5.548845947396672,10.393183038110575,0.2549651100375738,0.8387010198604401,0.24825550187869028,0.03354804079441761,0.026838432635534086,0.020128824476650563,,,,,,
43,12.097423510466989,52.844873859366615,5.703166935050993,4.864465915190553,7.152442297369833,5.434782608695652,10.36634460547504,0.33548040794417605,0.8387010198604401,0.24825550187869028,0.06709608158883522,0.026838432635534086,0.020128824476650563,,,,,,
44,12.04374664519592,52.75093934514224,5.870907139023081,4.8376274825550185,7.14573268921095,5.434782608695652,10.339506172839506,0.33548040794417605,0.8521202361782072,0.27509393451422437,0.06709608158883522,0.026838432635534086,0.020128824476650563,,,,,,
45,12.030327428878154,52.563070316693505,6.072195383789587,4.8376274825550185,7.14573268921095,5.414653784219001,10.245571658615138,0.33548040794417605,0.8521202361782072,0.36902844873859364,0.08722490606548577,0.026838432635534086,0.020128824476650563,,,,,,
46,11.976650563607086,51.72436929683307,6.213097155126141,4.790660225442834,7.051798174986581,5.495169082125604,10.970209339774557,0.3421900161030596,0.9125067096081588,0.38915727321524424,0.08722490606548577,0.026838432635534086,0.020128824476650563,,,,,,
47,10.621309715512615,50.026838432635536,6.266774020397209,7.555018786902845,6.769994632313473,5.253623188405797,11.647879763821793,0.2885131508319914,1.0466988727858293,0.38915727321524424,0.08722490606548577,0.026838432635534086,0.020128824476650563,,,,,,
48,10.59447128287708,49.89264626945786,6.280193236714976,7.568438003220612,6.763285024154589,5.253623188405797,11.668008588298443,0.3153515834675255,1.0466988727858293,0.4495437466451959,0.10064412238325282,0.026838432635534086,0.040257648953301126,,,,,,
49,10.406602254428341,48.329307568438004,5.018786902844874,7.568438003220612,6.763285024154589,5.394524959742351,14.479334406870638,0.3153515834675255,1.093666129898014,0.4495437466451959,0.11406333870101985,0.026838432635534086,0.040257648953301126,,,,,,
50,10.305958132045088,48.22866344605475,5.0993022007514766,7.092055823939882,6.749865807836822,5.367686527106817,15.11003757380569,0.2885131508319914,1.093666129898014,0.4830917874396135,0.11406333870101985,0.026838432635534086,0.040257648953301126,,,,,,
51,10.285829307568438,47.014224369296834,5.0858829844337095,6.521739130434782,6.66935050993022,5.3274288781535155,16.465378421900162,0.2885131508319914,1.6774020397208802,0.43612453032742887,0.1610305958132045,0.026838432635534086,0.040257648953301126,,,,,,
52,10.11808910359635,47.034353193773484,5.132850241545894,6.481481481481482,6.66935050993022,5.320719269994632,16.418411164787976,0.2885131508319914,1.7176596886741815,0.5703166935050993,0.16774020397208803,0.026838432635534086,0.05367686527106817,,,,,,
53,10.0979602791197,46.07487922705314,5.045625335480408,6.468062265163715,7.702630166398282,4.918142780461621,16.109769189479334,0.2885131508319914,2.408749329039184,0.5434782608695652,0.2616747181964573,0.026838432635534086,0.05367686527106817,,,,,,
54,9.440418679549115,44.598765432098766,5.032206119162641,8.541331186258722,7.722758990874933,4.944981213097155,16.076221148684915,0.2952227589908749,2.4221685453569513,0.5837359098228664,0.2616747181964573,0.026838432635534086,0.05367686527106817,,,,,,
55,9.46725711218465,44.41760601180891,5.152979066022544,8.541331186258722,7.682501341921632,4.884594739667204,16.069511540526033,0.4092860976918948,2.38191089640365,0.6239935587761675,0.2616747181964573,0.05367686527106817,0.05367686527106817,,,,,,
56,9.460547504025765,44.41760601180891,5.803811057434245,8.373590982286634,7.253086419753086,4.884594739667204,16.069511540526033,0.3757380568974772,2.368491680085883,0.6239935587761675,0.2616747181964573,0.05367686527106817,0.05367686527106817,,,,,,
57,9.473966720343531,44.40418679549114,5.783682232957595,8.360171765968868,7.212828770799785,4.851046698872786,16.015834675254965,0.4025764895330113,2.3886205045625335,0.7045088566827697,0.2952227589908749,0.05367686527106817,0.05367686527106817,,,,,,
58,9.480676328502415,44.10225442834138,5.998389694041868,8.360171765968868,7.273215244229737,4.851046698872786,16.035963499731615,0.4025764895330113,2.3617820719269993,0.7045088566827697,0.2952227589908749,0.08051529790660225,0.05367686527106817,,,,,,
59,9.473966720343531,41.99543746645196,5.864197530864198,7.367149758454106,10.44015029522276,4.851046698872786,15.975577026301664,0.4495437466451959,2.3752012882447664,0.7514761137949544,0.322061191626409,0.08051529790660225,0.05367686527106817,,,,,,
60,8.474235104669887,41.93505099302201,6.910896403650026,7.367149758454106,10.38647342995169,4.830917874396135,15.841384863123993,0.4830917874396135,2.3617820719269993,0.7783145464304885,0.4830917874396135,0.0939345142243693,0.05367686527106817,,,,,,
61,8.185721953837897,40.51932367149758,7.440955448201825,7.065217391304348,11.90955448201825,4.817498658078368,15.854804079441761,0.4562533548040794,2.3550724637681157,0.7514761137949544,0.4830917874396135,0.10735373054213634,0.05367686527106817,,,,,,
62,7.555018786902845,40.284487385936664,7.454374664519592,7.930756843800322,11.896135265700483,4.817498658078368,15.821256038647343,0.4562533548040794,2.3550724637681157,0.785024154589372,0.4830917874396135,0.10735373054213634,0.05367686527106817,,,,,,
63,7.561728395061729,39.452495974235106,8.279656468062266,7.930756843800322,11.896135265700483,4.8376274825550185,15.821256038647343,0.4294149221685454,2.3550724637681157,0.785024154589372,0.48980139559849706,0.10735373054213634,0.05367686527106817,,,,,,
64,7.568438003220612,39.231078904991946,8.353462157809984,7.897208803005904,11.842458400429415,4.8376274825550185,16.009125067096083,0.4562533548040794,2.368491680085883,0.785024154589372,0.48980139559849706,0.10735373054213634,0.05367686527106817,,,,,,
65,7.568438003220612,39.15727321524423,8.480944712828771,7.890499194847021,11.849168008588299,4.8376274825550185,15.96886741814278,0.5032206119162641,2.3215244229736984,0.7783145464304885,0.48980139559849706,0.10735373054213634,0.04696725711218465,,,,,,
66,7.514761137949543,39.19753086419753,8.507783145464305,7.863660762211487,11.83574879227053,5.870907139023081,15.042941492216855,0.5032206119162641,2.3483628556092326,0.630703166935051,0.5300590445517982,0.10735373054213634,0.04696725711218465,,,,,,
67,7.494632313472893,36.79549114331723,10.93666129898014,7.863660762211487,11.83574879227053,5.723295759527644,15.002683843263553,0.5032206119162641,2.3483628556092326,0.6642512077294686,0.6776704240472357,0.10735373054213634,0.04696725711218465,,,,,,
68,7.360440150295223,36.73510466988728,10.983628556092324,7.977724100912507,11.768652710681696,5.756843800322061,15.002683843263553,0.5703166935050993,2.301395598497048,0.6642512077294686,0.7112184648416533,0.12077294685990338,0.04696725711218465,,,,,,
69,7.326892109500805,36.41304347826087,11.399624261943103,7.977724100912507,11.748523886205046,5.730005367686527,14.989264626945786,0.5904455179817498,2.281266774020397,0.6642512077294686,0.7112184648416533,0.12077294685990338,0.04696725711218465,,,,,,
70,7.25979602791197,36.43317230273752,11.352657004830919,7.930756843800322,11.627750939345143,5.750134192163178,14.888620504562533,0.8454106280193237,2.328234031132582,0.6642512077294686,0.7246376811594203,0.12077294685990338,0.07380568974771873,,,,,,
71,7.25979602791197,36.41304347826087,11.33923778851315,7.930756843800322,11.600912506709609,5.770263016639828,14.774557165861514,0.8454106280193237,2.3483628556092326,0.7783145464304885,0.7246376811594203,0.12077294685990338,0.0939345142243693,,,,,,
72,7.266505636070853,31.66935050993022,11.097691894793345,13.882179280730005,9.876543209876543,6.5485775630703165,14.741009125067096,0.8185721953837896,2.3483628556092326,0.7716049382716049,0.7246376811594203,0.12077294685990338,0.13419216317767044,,,,,,
73,6.810252281266774,30.152979066022546,11.252012882447666,18.209876543209877,8.32662372517445,5.776972624798712,14.680622651637144,0.7716049382716049,2.3483628556092326,0.7716049382716049,0.644122383252818,0.12077294685990338,0.13419216317767044,,,,,,
74,6.8035426731078905,30.10601180891036,11.285560923242082,18.183038110574344,8.319914117015566,5.877616747181965,14.55984970477724,0.8387010198604401,2.3483628556092326,0.7716049382716049,0.6508319914117016,0.12077294685990338,0.13419216317767044,,,,,,
75,6.749865807836822,29.334406870638755,12.010198604401502,15.908480944712828,10.621309715512615,5.730005367686527,14.53972088030059,0.8789586688137413,2.4825550187869028,0.8118625872249061,0.6776704240472357,0.12077294685990338,0.13419216317767044,,,,,,
76,6.320450885668277,27.509393451422437,11.43317230273752,15.539452495974235,11.453301127214171,5.730005367686527,16.955179817498657,0.8655394524959742,2.4221685453569513,0.8454106280193237,0.6642512077294686,0.14761137949543746,0.11406333870101985,,,,,,
77,6.340579710144928,27.38191089640365,11.513687600644122,15.505904455179817,11.419753086419753,5.730005367686527,16.78743961352657,1.0399892646269457,2.4355877616747184,0.8923778851315083,0.6642512077294686,0.15432098765432098,0.13419216317767044,,,,,,
78,6.172839506172839,27.549651100375737,11.54723564143854,15.485775630703166,11.305689747718732,5.844068706387547,16.72705314009662,1.0332796564680622,2.428878153515835,0.95276435856146,0.6642512077294686,0.15432098765432098,0.13419216317767044,,,,,,
79,6.0587761674718195,27.469135802469136,11.480139559849706,14.284755770263017,12.661030595813205,5.844068706387547,16.680085882984432,1.0131508319914118,2.428878153515835,1.0332796564680622,0.7581857219538379,0.15432098765432098,0.13419216317767044,,,,,,
80,6.112453032742888,26.77133655394525,12.157809983896941,14.244498121309716,12.654320987654321,5.870907139023081,16.639828234031132,1.0131508319914118,2.442297369833602,1.0466988727858293,0.7581857219538379,0.15432098765432098,0.13419216317767044,,,,,,
81,6.132581857219538,26.737788513150832,12.144390767579173,14.237788513150832,12.580515297906603,5.857487922705314,16.55931293612453,1.2278582930756843,2.4020397208803006,1.0735373054213635,0.7581857219538379,0.15432098765432098,0.13419216317767044,,,,,,
82,5.884326355340848,26.38888888888889,12.077294685990339,13.687600644122384,13.43263553408481,5.864197530864198,16.72705314009662,1.2278582930756843,2.536231884057971,1.1137949543746646,0.7716049382716049,0.15432098765432098,0.13419216317767044,,,,,,
83,5.891035963499732,25.865539452495973,12.06387546967257,16.472088030059044,11.406333870101985,5.864197530864198,16.337895866881375,1.247987117552335,2.576489533011272,1.1137949543746646,0.8588298443370908,0.15432098765432098,0.14761137949543746,,,,,,
84,5.964841653247451,25.865539452495973,12.016908212560386,16.358024691358025,11.372785829307569,5.877616747181965,16.324476650563607,1.261406333870102,2.7106816961889426,1.1137949543746646,0.8588298443370908,0.1274825550187869,0.14761137949543746,,,,,,
85,4.985238862050457,20.336822329575952,11.305689747718732,13.862050456253355,25.15432098765432,5.736714975845411,12.95625335480408,1.247987117552335,2.61003757380569,0.8655394524959742,0.6910896403650026,0.1274825550187869,0.12077294685990338,,,,,,
86,4.998658078368224,20.29656468062265,11.3191089640365,13.862050456253355,25.120772946859905,5.736714975845411,12.989801395598498,1.2815351583467525,2.5831991411701556,0.8655394524959742,0.6910896403650026,0.1274825550187869,0.1274825550187869,,,,,,
87,5.032206119162641,20.263016639828233,11.379495437466453,13.83521202361782,25.09393451422437,5.736714975845411,12.962962962962964,1.3083735909822867,2.6033279656468062,0.8387010198604401,0.6910896403650026,0.1274825550187869,0.1274825550187869,,,,,,
88,4.086151368760064,23.758722490606548,11.386205045625335,11.79549114331723,24.86580783682233,5.629361245303274,12.795222758990874,1.328502415458937,2.536231884057971,0.8588298443370908,0.7045088566827697,0.1274825550187869,0.1274825550187869,,,,,,
89,4.066022544283414,23.678207192699947,11.285560923242082,11.735104669887278,24.61755233494364,5.595813204508857,13.097155126140633,1.4090177133655395,2.657004830917874,0.8722490606548577,0.7313472893183038,0.1274825550187869,0.1274825550187869,,,,,,
90,4.019055287171229,23.58427267847558,10.755501878690284,11.56736446591519,27.51610305958132,4.53569511540526,12.506709608158884,1.2949543746645196,2.563070316693505,0.8387010198604401,0.5501878690284487,0.1274825550187869,0.14090177133655393,,,,,,
91,4.03918411164788,23.57085346215781,10.869565217391305,11.533816425120772,27.4020397208803,4.53569511540526,12.372517444981213,1.3352120236178207,2.5966183574879227,0.9259259259259259,0.5501878690284487,0.1274825550187869,0.14090177133655393,,,,,,
92,4.012345679012346,23.55072463768116,10.849436392914654,10.547504025764896,27.073268921095007,4.53569511540526,12.177938808373591,1.482823403113258,3.9452495974235107,0.95276435856146,0.5837359098228664,0.13419216317767044,0.15432098765432098,,,,,,
93,4.005636070853462,23.537305421363392,10.849436392914654,10.272410091250672,26.939076757917338,4.53569511540526,12.030327428878154,1.6237251744498122,4.240472356414386,1.0399892646269457,0.6374127750939346,0.13419216317767044,0.15432098765432098,,,,,,
94,3.9720880300590444,23.00053676865271,10.305958132045088,10.272410091250672,28.951959205582394,4.51556629092861,11.231884057971014,1.737788513150832,4.240472356414386,0.9393451422436929,0.5703166935050993,0.10735373054213634,0.15432098765432098,,,,,,
95,3.535963499731616,23.13472893183038,12.345679012345679,9.232420826623725,28.32125603864734,4.508856682769726,11.198336017176597,1.710950080515298,4.206924315619967,0.9728931830381106,0.5636070853462157,0.10735373054213634,0.15432098765432098,0.0067096081588835215,,,,,
96,3.4688674181427803,20.155662909286097,9.702093397745571,9.225711218464841,29.025764895330113,8.568169618894256,12.097423510466989,1.8988191089640365,4.146537842190016,0.9125067096081588,0.5904455179817498,0.10735373054213634,0.0939345142243693,0.0067096081588835215,,,,,
97,3.4688674181427803,19.92753623188406,9.27938808373591,9.125067096081589,29.13311862587225,6.4412238325281805,14.962426194310252,1.7713365539452497,4.247181964573269,0.8655394524959742,0.5703166935050993,0.10735373054213634,0.0939345142243693,0.0067096081588835215,,,,,
98,3.4822866344605474,19.91411701556629,9.286097691894794,9.104938271604938,29.126409017713364,6.447933440687064,14.955716586151368,1.7713365539452497,4.2203435319377345,0.8655394524959742,0.6038647342995169,0.12077294685990338,0.0939345142243693,0.0067096081588835215,,,,,
99,3.5091250670960816,19.840311325818572,8.05823939881911,8.76274825550188,30.421363392377884,6.468062265163715,14.9020397208803,1.8853998926462694,4.414922168545357,0.8655394524959742,0.6508319914117016,0.12077294685990338,0.0939345142243693,0.0067096081588835215,,,,,
100,3.5225442834138487,19.80005367686527,8.024691358024691,8.749329039184111,30.35426731078905,6.447933440687064,14.915458937198068,1.9726247987117553,4.441760601180891,0.8990874932903918,0.6508319914117016,0.12077294685990338,0.0939345142243693,0.0067096081588835215,,,,,
101,3.4688674181427803,17.69994632313473,6.239935587761675,23.617820719269993,22.765700483091788,6.394256575415996,12.654320987654321,1.6841116478797638,4.005636070853462,0.6508319914117016,0.6105743424584005,0.10735373054213634,0.0939345142243693,0.0067096081588835215,,,,,
102,3.4822866344605474,17.673107890499196,6.246645195920558,23.59098228663446,22.71202361782072,6.394256575415996,12.640901771336553,1.751207729468599,4.032474503488996,0.6374127750939346,0.630703166935051,0.10735373054213634,0.0939345142243693,0.0067096081588835215,,,,,
103,3.4822866344605474,17.74020397208803,6.260064412238325,23.53059581320451,22.665056360708533,6.407675791733762,12.634192163177671,1.778046162104133,4.025764895330113,0.6374127750939346,0.630703166935051,0.10735373054213634,0.0939345142243693,0.0067096081588835215,,,,,
104,3.488996242619431,17.398013955984972,6.260064412238325,21.155394524959743,25.281803542673106,6.709608158883521,12.634192163177671,1.7847557702630166,3.7909286097691894,0.6374127750939346,0.6508319914117016,0.10735373054213634,0.0939345142243693,0.0067096081588835215,,,,,
105,3.3279656468062266,16.606280193236714,5.884326355340848,20.725979602791195,26.37546967257112,6.696188942565755,12.546967257112184,2.5966183574879227,3.7573805689747717,0.6374127750939346,0.6508319914117016,0.10735373054213634,0.08051529790660225,0.0067096081588835215,,,,,
106,3.3145464304884595,16.57944176060118,6.152710681696189,20.585077831454644,26.261406333870102,6.696188942565755,12.513419216317766,2.61003757380569,3.7238325281803544,0.6709608158883521,0.6642512077294686,0.10735373054213634,0.08051529790660225,0.0067096081588835215,0.03354804079441761,,,,
107,3.3145464304884595,16.545893719806763,6.172839506172839,20.538110574342458,27.388620504562535,6.709608158883521,12.493290391841116,1.4761137949543746,3.797638217928073,0.6508319914117016,0.6642512077294686,0.10735373054213634,0.08051529790660225,0.0067096081588835215,0.05367686527106817,,,,
108,3.3145464304884595,16.384863123993558,6.333870101986044,20.531400966183575,27.36849168008588,6.709608158883521,12.614063338701019,1.4492753623188406,3.8043478260869565,0.5904455179817498,0.6508319914117016,0.10735373054213634,0.08051529790660225,0.0067096081588835215,0.05367686527106817,,,,
109,3.33467525496511,16.09634997316157,6.5485775630703165,19.129092860976918,26.94578636607622,7.930756843800322,12.406065485775631,1.4626945786366077,4.622920021470746,0.6172839506172839,0.6575415995705851,0.10735373054213634,0.08051529790660225,0.0067096081588835215,0.05367686527106817,,,,
110,3.3480944712828773,16.069511540526033,6.5552871712292005,19.03515834675255,26.86527106816962,7.843531937734836,12.419484702093397,1.6706924315619969,4.663177670424047,0.5770263016639828,0.7045088566827697,0.10735373054213634,0.08051529790660225,0.0067096081588835215,0.05367686527106817,,,,
111,3.3548040794417604,15.995705850778315,6.702898550724638,19.028448738593667,26.86527106816962,7.843531937734836,12.379227053140097,1.6706924315619969,4.609500805152979,0.6038647342995169,0.6977992485238862,0.10735373054213634,0.08051529790660225,0.0067096081588835215,0.05367686527106817,,,,
112,3.3548040794417604,15.98899624261943,6.6827697262479875,18.840579710144926,26.912238325281802,7.856951154052603,12.31213097155126,1.6706924315619969,4.7101449275362315,0.6374127750939346,0.785024154589372,0.10735373054213634,0.08051529790660225,0.0067096081588835215,0.05367686527106817,,,,
113,3.3548040794417604,15.98899624261943,7.971014492753623,18.719806763285025,26.78475577026302,6.790123456790123,12.238325281803542,1.6841116478797638,4.817498658078368,0.6709608158883521,0.7313472893183038,0.10735373054213634,0.08051529790660225,0.0067096081588835215,0.05367686527106817,,,,
114,3.374932903918411,15.942028985507246,8.085077831454644,18.115942028985508,27.17391304347826,6.776704240472356,12.130971551261407,1.90552871712292,4.810789049919484,0.7045088566827697,0.7313472893183038,0.10735373054213634,0.08051529790660225,0.0067096081588835215,0.05367686527106817,,,,
115,3.066290928609769,15.049651100375739,7.930756843800322,22.5979602791197,24.731615673644658,6.749865807836822,11.614331723027375,1.8988191089640365,4.508856682769726,0.7380568974771873,0.8923778851315083,0.08051529790660225,0.08051529790660225,0.0067096081588835215,0.05367686527106817,,,,
116,2.9924852388620504,15.083199141170155,7.944176060118089,22.564412238325282,24.718196457326894,6.743156199677939,11.614331723027375,1.9122383252818036,4.53569511540526,0.7648953301127214,0.9057971014492754,0.08051529790660225,0.08051529790660225,0.0067096081588835215,0.05367686527106817,,,,
117,2.9052603327965647,14.13714439076758,6.796833064949007,21.450617283950617,29.69001610305958,6.1862587224906065,10.668276972624799,1.90552871712292,4.40150295222759,0.7380568974771873,0.8990874932903918,0.08051529790660225,0.08051529790660225,0.0067096081588835215,0.05367686527106817,,,,
118,2.9052603327965647,14.110305958132045,6.8035426731078905,21.423778851315085,29.676596886741816,6.1862587224906065,10.641438539989265,1.90552871712292,4.428341384863124,0.798443370907139,0.8990874932903918,0.08051529790660225,0.08051529790660225,0.0067096081588835215,0.05367686527106817,,,,
119,2.918679549114332,14.110305958132045,6.743156199677939,21.39694041867955,29.676596886741816,6.226516371443908,10.621309715512615,1.90552871712292,4.455179817498658,0.798443370907139,0.9192163177670424,0.08722490606548577,0.08051529790660225,0.0067096081588835215,0.05367686527106817,,,,
120,2.9052603327965647,13.922436929683306,6.910896403650026,21.39694041867955,29.676596886741816,6.226516371443908,10.654857756307031,1.90552871712292,4.468599033816425,0.798443370907139,0.9057971014492754,0.08722490606548577,0.08051529790660225,0.0067096081588835215,0.05367686527106817,,,,
121,2.831454643048846,13.855340848094471,6.112453032742888,21.390230810520666,31.09903381642512,6.159420289855072,10.218733225979603,1.892109500805153,4.528985507246377,0.798443370907139,0.8856682769726248,0.08722490606548577,0.08051529790660225,0.0067096081588835215,0.05367686527106817,,,,
122,2.831454643048846,13.855340848094471,6.038647342995169,21.34326355340848,31.0252281266774,6.132581857219538,10.21202361782072,1.9726247987117553,4.609500805152979,0.798443370907139,0.95276435856146,0.08722490606548577,0.08051529790660225,0.0067096081588835215,0.05367686527106817,,,,
123,2.831454643048846,13.828502415458937,6.333870101986044,21.349973161567366,30.683038110574344,6.085614600107354,10.19189479334407,2.006172839506173,4.609500805152979,0.8319914117015567,0.9728931830381106,0.11406333870101985,0.10064412238325282,0.0067096081588835215,0.05367686527106817,,,,
124,2.7979066022544283,13.83521202361782,6.3070316693505095,21.309715512614062,31.206387546967257,5.790391841116479,9.977187332259795,1.9994632313472893,4.5960815888352125,0.8923778851315083,1.0198604401502953,0.11406333870101985,0.10064412238325282,,0.05367686527106817,,,,
125,2.7241009125067097,13.727858293075684,6.320450885668277,21.20907139023081,32.56843800322061,5.6964573268921095,8.964036500268385,2.0531400966183573,4.602791196994096,0.8319914117015567,1.0131508319914118,0.13419216317767044,0.10064412238325282,,0.05367686527106817,,,,
126,2.7241009125067097,13.687600644122384,6.360708534621578,21.20907139023081,32.2463768115942,5.9514224369296835,8.903650026838433,2.120236178207193,4.602791196994096,0.8923778851315083,1.0131508319914118,0.13419216317767044,0.10064412238325282,,0.05367686527106817,,,,
127,2.7308105206655933,13.573537305421363,6.400966183574879,21.128556092324207,32.13231347289318,5.9447128287707995,8.896940418679549,2.15378421900161,4.8376274825550185,0.8923778851315083,1.0332796564680622,0.12077294685990338,0.10064412238325282,,0.05367686527106817,,,,
128,2.7509393451422435,13.553408480944713,6.380837359098229,21.068169618894256,32.06521739130435,5.9447128287707995,8.896940418679549,2.167203435319377,4.938271604938271,0.8923778851315083,1.0332796564680622,0.12077294685990338,0.13419216317767044,,0.05367686527106817,,,,
129,2.7308105206655933,13.506441223832528,6.4345142243692965,21.027911969940956,31.736446591519055,5.971551261406334,8.896940418679549,2.3081052066559313,5.166398282340311,0.8923778851315083,1.0198604401502953,0.12077294685990338,0.13419216317767044,,0.05367686527106817,,,,
130,2.7241009125067097,13.459473966720344,6.488191089640365,19.89398819108964,32.85024154589372,5.971551261406334,8.903650026838433,2.301395598497048,5.173107890499195,0.8990874932903918,1.0131508319914118,0.12077294685990338,0.13419216317767044,,0.06709608158883522,,,,
131,2.737520128824477,13.459473966720344,6.488191089640365,19.85373054213634,32.82340311325819,5.938003220611916,8.903650026838433,2.301395598497048,5.226784755770263,0.8990874932903918,1.0466988727858293,0.12077294685990338,0.13419216317767044,,0.06709608158883522,,,,
132,2.657004830917874,13.177670424047236,6.011808910359635,19.786634460547504,32.13231347289318,7.4006977992485234,8.903650026838433,2.3752012882447664,5.287171229200215,0.8923778851315083,1.0332796564680622,0.16774020397208803,0.10735373054213634,,0.06709608158883522,,,,
133,2.703972088030059,13.157541599570585,6.011808910359635,19.746376811594203,32.09205582393988,7.387278582930757,8.849973161567364,2.395330112721417,5.300590445517981,0.8923778851315083,1.1205045625335481,0.16774020397208803,0.10735373054213634,,0.06709608158883522,,,,
134,2.301395598497048,11.560654857756306,5.032206119162641,29.602791196994094,27.75764895330113,7.273215244229737,8.588298443370908,1.9189479334406871,3.824476650563607,0.8923778851315083,1.0735373054213635,0.026838432635534086,0.08051529790660225,,0.06709608158883522,,,,
135,2.2611379495437465,11.553945249597424,5.152979066022544,29.58937198067633,28.79092860976919,6.944444444444445,8.333333333333334,1.9256575415995705,3.4621578099838968,0.8454106280193237,0.9997316156736447,0.03354804079441761,0.08051529790660225,,0.026838432635534086,,,,
136,2.2745571658615136,11.553945249597424,5.320719269994632,29.468599033816425,28.75738056897477,6.951154052603328,8.333333333333334,1.9524959742351047,3.374932903918411,0.8454106280193237,1.0265700483091786,0.03354804079441761,0.08051529790660225,,0.026838432635534086,,,,
137,2.2946859903381642,11.533816425120772,5.501878690284487,29.421631776704242,28.64331723027375,6.749865807836822,8.487654320987655,1.9860440150295222,3.3480944712828773,0.8387010198604401,1.0534084809447128,0.03354804079441761,0.08051529790660225,,0.026838432635534086,,,,
138,2.281266774020397,11.493558776167472,5.528717122920021,29.347826086956523,28.529253891572733,6.743156199677939,8.501073537305421,2.073268921095008,3.455448201825013,0.8252818035426731,1.0534084809447128,0.03354804079441761,0.10735373054213634,,0.026838432635534086,,,,
139,2.281266774020397,11.493558776167472,5.528717122920021,29.280730005367687,28.502415458937197,6.743156199677939,8.501073537305421,2.0799785292538915,3.5426731078904994,0.8252818035426731,1.0534084809447128,0.03354804079441761,0.10735373054213634,,0.026838432635534086,,,,
140,2.2946859903381642,11.446591519055287,5.5756843800322065,29.126409017713364,28.361513687600645,6.743156199677939,8.501073537305421,2.1403650026838434,3.7775093934514223,0.8252818035426731,1.0534084809447128,0.03354804079441761,0.10735373054213634,,0.013419216317767043,,,,
141,2.254428341384863,11.493558776167472,5.5689747718733225,29.03918411164788,28.173644659151904,6.743156199677939,8.608427267847558,2.2208803005904456,3.864734299516908,0.8252818035426731,1.0534084809447128,0.03354804079441761,0.10735373054213634,,0.013419216317767043,,,,
142,2.254428341384863,11.460010735373054,5.615942028985507,27.388620504562535,29.87788513150832,6.763285024154589,8.608427267847558,2.24771873322598,3.784219001610306,0.8252818035426731,1.0332796564680622,0.03354804079441761,0.0939345142243693,,0.013419216317767043,,,,
143,2.254428341384863,11.426462694578637,5.622651637144391,27.34836285560923,29.70343531937735,6.776704240472356,8.581588835212024,2.462426194310252,3.851315083199141,0.7917337627482555,1.0399892646269457,0.03354804079441761,0.0939345142243693,,0.013419216317767043,,,,
144,2.2611379495437465,11.218464841653248,6.501610305958132,26.704240472356414,29.683306494900698,7.246376811594203,8.266237251744498,2.4490069779924855,3.69699409554482,0.798443370907139,1.0265700483091786,0.040257648953301126,0.0939345142243693,,0.013419216317767043,,,,
145,2.2410091250670963,10.970209339774557,6.1862587224906065,26.630434782608695,32.78314546430489,7.1658615136876005,5.689747718733226,2.7643585614600106,3.7372517444981215,0.6709608158883521,1.0265700483091786,0.05367686527106817,0.06709608158883522,,0.013419216317767043,,,,
146,2.254428341384863,10.970209339774557,6.260064412238325,26.52308105206656,32.776435856146,7.212828770799785,5.71658615136876,2.771068169618894,3.743961352657005,0.6172839506172839,1.0064412238325282,0.05367686527106817,0.08051529790660225,,0.013419216317767043,,,,
147,2.214170692431562,10.48040794417606,6.099033816425121,26.37546967257112,32.72275899087493,7.9106280193236715,5.763553408480945,2.7979066022544283,3.864734299516908,0.6172839506172839,1.0064412238325282,0.05367686527106817,0.08051529790660225,,0.013419216317767043,,,,
148,2.13365539452496,10.61460010735373,6.152710681696189,26.247987117552334,32.749597423510465,7.877079978529254,5.783682232957595,2.844873859366613,3.851315083199141,0.5904455179817498,1.0064412238325282,0.05367686527106817,0.08051529790660225,,0.013419216317767043,,,,
149,1.9390767579173376,39.398819108964034,5.065754159957058,17.196725711218466,19.719538378958667,6.266774020397209,5.199946323134729,1.8048845947396672,2.1806226516371443,0.5300590445517982,0.5971551261406334,0.020128824476650563,0.08051529790660225,,,,,,
150,1.9994632313472893,39.392109500805155,5.052334943639291,17.14975845410628,19.585346215780998,6.253354804079442,5.199946323134729,1.90552871712292,2.200751476113795,0.5300590445517982,0.630703166935051,0.020128824476650563,0.08051529790660225,,,,,,
151,1.9994632313472893,39.33843263553408,5.065754159957058,17.14975845410628,19.545088566827697,6.233225979602791,5.159688674181428,1.9793344068706387,2.200751476113795,0.5300590445517982,0.6709608158883521,0.04696725711218465,0.08051529790660225,,,,,,
152,2.01959205582394,39.25791733762748,5.12614063338701,17.136339237788512,19.524959742351047,6.233225979602791,5.186527106816962,1.9860440150295222,2.200751476113795,0.5300590445517982,0.6709608158883521,0.04696725711218465,0.08051529790660225,,,,,,
153,2.0128824476650564,39.22436929683307,5.152979066022544,17.136339237788512,19.51154052603328,6.239935587761675,5.226784755770263,1.9457863660762211,2.200751476113795,0.5501878690284487,0.6709608158883521,0.04696725711218465,0.08051529790660225,,,,,,
154,2.0263016639828235,39.09688674181428,5.273752012882448,16.0829307568438,19.444444444444443,6.253354804079442,6.293612453032743,2.0128824476650564,2.1806226516371443,0.5501878690284487,0.6709608158883521,0.04696725711218465,0.06709608158883522,,,,,,
155,2.0263016639828235,38.92243692968331,5.280461621041331,15.183843263553408,19.39747718733226,6.125872249060655,6.910896403650026,1.8719806763285025,3.0595813204508855,0.5166398282340311,0.5904455179817498,0.04696725711218465,0.06709608158883522,,,,,,
156,2.0397208803005906,38.87546967257112,5.307300053676865,15.183843263553408,19.350509930220074,6.152710681696189,6.863929146537842,1.8451422436929683,3.1199677938808374,0.5434782608695652,0.6038647342995169,0.04696725711218465,0.06709608158883522,,,,,,
157,2.073268921095008,38.84192163177671,5.340848094471283,15.150295222758992,19.316961889425656,6.152710681696189,6.857219538378959,1.8451422436929683,3.1602254428341383,0.5434782608695652,0.6038647342995169,0.04696725711218465,0.06709608158883522,,,,,,
158,2.073268921095008,38.75469672571122,5.387815351583468,15.13016639828234,19.30354267310789,6.179549114331723,6.857219538378959,1.8585614600107354,3.180354267310789,0.5568974771873323,0.6038647342995169,0.04696725711218465,0.06709608158883522,,,,,,
159,2.046430488459474,38.10386473429951,6.394256575415996,15.116747181964573,19.061996779388085,6.166129898013956,6.729736983360172,1.892109500805153,3.1870638754696725,0.5568974771873323,0.630703166935051,0.04696725711218465,0.06709608158883522,,,,,,
160,2.073268921095008,37.96967257112185,6.488191089640365,15.08990874932904,19.061996779388085,6.199677938808374,6.622383252818035,1.892109500805153,3.1870638754696725,0.6709608158883521,0.630703166935051,0.04696725711218465,0.06709608158883522,,,,,,
161,2.13365539452496,37.855609232420825,6.5485775630703165,15.08990874932904,19.04186795491143,6.166129898013956,6.588835212023618,2.0397208803005906,3.1602254428341383,0.6709608158883521,0.5904455179817498,0.04696725711218465,0.06709608158883522,,,,,,
162,2.120236178207193,37.03703703703704,6.635802469135802,15.08990874932904,18.21658615136876,6.206387546967257,8.279656468062266,1.9390767579173376,3.099838969404187,0.6508319914117016,0.5904455179817498,0.04696725711218465,0.06709608158883522,,0.020128824476650563,,,,
163,2.0933977455716586,36.493558776167475,6.488191089640365,13.79495437466452,20.578368223295758,6.078904991948471,8.192431561996779,1.8183038110574343,3.052871712292002,0.6508319914117016,0.5904455179817498,0.04696725711218465,0.10064412238325282,,0.020128824476650563,,,,
164,2.073268921095008,36.211755233494365,7.112184648416532,13.479602791196994,20.48443370907139,6.078904991948471,8.185721953837897,1.8719806763285025,3.0931293612453032,0.6508319914117016,0.5904455179817498,0.04696725711218465,0.10064412238325282,,0.020128824476650563,,,,
165,2.1135265700483092,36.08427267847558,7.199409554482019,13.446054750402576,20.471014492753625,6.105743424584004,8.192431561996779,1.8719806763285025,3.1065485775630703,0.6508319914117016,0.5904455179817498,0.04696725711218465,0.10064412238325282,,0.020128824476650563,,,,
