,45,50,51,55,53,54,52,58,56,57
0,97.15512614063339,2.844873859366613,,,,,,,,
1,91.42512077294685,8.57487922705314,,,,,,,,
2,88.9224369296833,6.890767579173376,4.186795491143317,,,,,,,
3,88.9626945786366,6.850509930220075,4.186795491143317,,,,,,,
4,88.83521202361781,6.984702093397746,4.03918411164788,0.14090177133655393,,,,,,
5,86.29898013955984,9.520933977455716,4.03918411164788,0.14090177133655393,,,,,,
6,86.20504562533549,9.728931830381105,4.03918411164788,0.026838432635534086,,,,,,
7,84.1653247450349,11.600912506709609,4.03918411164788,0.026838432635534086,0.16774020397208803,,,,,
8,84.22571121846484,11.600912506709609,3.978797638217928,0.026838432635534086,0.16774020397208803,,,,,
9,81.73644659151906,14.090177133655395,3.978797638217928,0.026838432635534086,0.16774020397208803,,,,,
10,75.04696725711219,20.779656468062264,3.978797638217928,0.026838432635534086,0.16774020397208803,,,,,
11,75.07380568974772,20.779656468062264,3.9519592055823938,0.026838432635534086,0.16774020397208803,,,,,
12,74.36929683306495,21.490874932903917,3.9452495974235107,0.026838432635534086,0.16774020397208803,,,,,
13,67.86097691894793,27.91867954911433,3.7372517444981215,0.026838432635534086,0.16774020397208803,0.2885131508319914,,,,
14,63.821792807300056,28.10654857756307,7.588566827697263,0.026838432635534086,0.16774020397208803,0.2885131508319914,,,,
15,63.73456790123457,28.22061191626409,7.561728395061729,0.026838432635534086,0.16774020397208803,0.2885131508319914,,,,
16,47.12157809983897,48.68491680085883,4.025764895330113,,0.16774020397208803,,,,,
17,47.28931830381106,48.51717659688674,4.025764895330113,,0.16774020397208803,,,,,
18,47.30273752012882,48.369565217391305,4.025764895330113,,0.16774020397208803,0.13419216317767044,,,,
19,47.396672034353195,48.27563070316693,4.025764895330113,,0.16774020397208803,0.13419216317767044,,,,
20,46.175523349436396,49.261943102522814,4.025764895330113,,0.16774020397208803,0.13419216317767044,0.23483628556092323,,,
21,34.72893183038111,51.76462694578637,12.969672571121846,,0.16774020397208803,0.13419216317767044,0.23483628556092323,,,
22,34.648416532474506,50.22141706924316,12.593934514224369,1.9994632313472893,0.16774020397208803,0.13419216317767044,0.23483628556092323,,,
23,24.644390767579175,65.97557702630166,6.843800322061192,1.9994632313472893,0.16774020397208803,0.13419216317767044,0.23483628556092323,,,
24,24.590713902308106,55.91787439613527,9.098228663446054,1.9994632313472893,8.024691358024691,0.13419216317767044,0.23483628556092323,,,
25,22.987117552334944,50.275093934514224,10.84272678475577,1.9994632313472893,7.548309178743962,0.4428341384863124,5.428073000536768,0.47638217928073,,
26,19.545088566827697,44.16935050993022,23.32259796027912,1.9994632313472893,4.616210413311863,0.4428341384863124,5.428073000536768,0.47638217928073,,
27,14.861782071927,34.72222222222222,37.5805152979066,2.3886205045625335,4.616210413311863,0.13419216317767044,5.22007514761138,0.47638217928073,,
28,14.982555018786902,34.72222222222222,37.5402576489533,2.3886205045625335,4.616210413311863,0.13419216317767044,5.139559849704777,0.47638217928073,,
29,14.546430488459475,34.37332259796028,37.5402576489533,2.3886205045625335,4.575952764358561,0.13419216317767044,5.964841653247451,0.47638217928073,,
30,14.573268921095009,32.689210950080515,31.87734836285561,2.3886205045625335,10.084541062801932,1.8451422436929683,5.884326355340848,0.47638217928073,0.18115942028985507,
31,14.492753623188406,31.293612453032743,33.2259796027912,2.3886205045625335,10.084541062801932,2.120236178207193,5.401234567901234,0.47638217928073,0.5166398282340311,
32,10.077831454643048,30.005367686527105,41.8545356951154,0.5703166935050993,10.00402576489533,2.100107353730542,4.394793344068707,0.47638217928073,0.5166398282340311,
33,10.279119699409554,29.985238862050455,39.09688674181428,0.5703166935050993,9.990606548577563,2.100107353730542,6.984702093397746,0.47638217928073,0.5166398282340311,
34,10.265700483091788,28.14680622651637,38.92914653784219,0.6977992485238862,9.990606548577563,2.100107353730542,8.876811594202898,0.47638217928073,0.5166398282340311,
35,10.292538915727322,28.119967793880836,38.92914653784219,0.6977992485238862,9.990606548577563,2.100107353730542,8.876811594202898,0.47638217928073,0.5166398282340311,
36,10.319377348362856,28.093129361245303,38.707729468599034,0.6977992485238862,9.990606548577563,2.3215244229736984,8.876811594202898,0.47638217928073,0.5166398282340311,
37,7.179280730005368,73.42324208266237,7.944176060118089,3.0059044551798175,,1.9390767579173376,6.132581857219538,,0.3757380568974772,
38,7.206119162640902,73.38969404186795,7.944176060118089,2.8650026838432634,,1.9390767579173376,6.132581857219538,,0.5233494363929146,
39,6.984702093397746,73.63794954374664,7.917337627482555,2.8650026838432634,,1.9390767579173376,6.132581857219538,,0.5233494363929146,
40,5.3341384863123995,64.07675791733763,24.56387546967257,2.3886205045625335,,0.14090177133655393,3.307836822329576,,0.1878690284487386,
41,5.360976918947934,64.06333870101986,24.550456253354803,2.3886205045625335,,0.14090177133655393,3.307836822329576,,0.1878690284487386,
42,5.488459473966721,63.989533011272144,24.496779388083738,2.3886205045625335,,0.14090177133655393,3.307836822329576,,0.1878690284487386,
43,5.723295759527644,63.92243692968331,24.416264090177133,2.3215244229736984,,0.13419216317767044,3.294417606011809,,0.1878690284487386,
44,4.931561996779388,62.07729468599034,19.665861513687602,2.3215244229736984,,0.13419216317767044,10.681696188942565,,0.1878690284487386,
45,4.978529253891573,62.03032742887815,19.665861513687602,2.3215244229736984,,0.13419216317767044,10.681696188942565,,0.1878690284487386,
46,4.294149221685454,59.31964573268921,16.626409017713364,2.3752012882447664,,0.13419216317767044,16.49892646269458,,0.7514761137949544,
47,4.294149221685454,57.2866344605475,16.626409017713364,4.408212560386473,,0.13419216317767044,16.49892646269458,,0.7514761137949544,
48,4.30756843800322,57.27321524422974,16.626409017713364,4.408212560386473,,0.13419216317767044,16.49892646269458,,0.7514761137949544,
49,4.3478260869565215,55.28717122920021,16.183574879227052,6.353998926462695,,0.13419216317767044,16.49892646269458,,1.1943102522812667,
50,4.4753086419753085,54.65646806226516,16.183574879227052,6.857219538378959,,0.13419216317767044,16.49892646269458,,1.1943102522812667,
51,4.656468062265164,54.388083735909824,14.828234031132581,7.14573268921095,,1.4761137949543746,16.324476650563607,,1.1808910359634996,
52,4.64975845410628,51.321792807300056,14.80810520665593,7.058507783145465,3.1870638754696725,1.4761137949543746,16.317767042404725,,1.1808910359634996,
53,4.730273752012883,50.939345142243695,12.285292538915728,7.27992485238862,3.1065485775630703,4.374664519592056,16.10305958132045,,1.1808910359634996,
54,4.783950617283951,50.89237788513151,12.278582930756844,7.27992485238862,3.1065485775630703,4.374664519592056,16.10305958132045,,1.1808910359634996,
55,5.072463768115942,50.64412238325282,12.278582930756844,7.239667203435319,3.1065485775630703,4.374664519592056,16.10305958132045,,1.1808910359634996,
56,5.119431025228127,50.617283950617285,12.278582930756844,7.239667203435319,3.1065485775630703,4.374664519592056,16.0829307568438,,1.1808910359634996,
57,5.246913580246914,48.86607622114869,12.258454106280194,8.883521202361782,3.1065485775630703,4.374664519592056,16.0829307568438,,1.1808910359634996,
58,5.3274288781535155,48.83923778851315,12.23161567364466,8.876811594202898,3.1065485775630703,4.374664519592056,16.06280193236715,,1.1808910359634996,
59,5.300590445517981,46.60493827160494,12.23161567364466,11.137949543746645,3.1065485775630703,4.374664519592056,16.06280193236715,,1.1808910359634996,
60,5.428073000536768,46.2962962962963,12.23161567364466,11.332528180354267,3.1065485775630703,4.374664519592056,16.049382716049383,,1.1808910359634996,
61,5.508588298443371,46.12855609232421,12.198067632850242,11.3191089640365,3.1065485775630703,4.374664519592056,16.183574879227052,,1.1808910359634996,
62,5.528717122920021,46.12855609232421,12.198067632850242,11.3191089640365,3.1065485775630703,4.3545356951154055,16.183574879227052,,1.1808910359634996,
63,5.60252281266774,46.10842726784756,12.177938808373591,11.3191089640365,3.1065485775630703,4.341116478797638,16.163446054750402,,1.1808910359634996,
64,5.501878690284487,43.86070853462158,12.144390767579173,12.99651100375738,3.1065485775630703,6.454643048845948,14.80810520665593,,1.1272141706924315,
65,5.367686527106817,39.31830381105743,22.75228126677402,11.654589371980677,2.9790660225442833,6.327160493827161,10.735373054213634,,0.8655394524959742,
66,5.750134192163178,39.11701556629093,22.73886205045625,11.56736446591519,2.945517981749866,6.327160493827161,10.68840579710145,,0.8655394524959742,
67,5.790391841116479,39.10359634997316,22.65163714439077,11.56736446591519,4.05931293612453,6.293612453032743,9.668545356951155,,0.8655394524959742,
68,5.998389694041868,38.83521202361782,22.584541062801932,11.708266237251744,4.05931293612453,6.293612453032743,9.655126140633387,,0.8655394524959742,
69,6.072195383789587,38.83521202361782,22.17525496511004,12.560386473429952,4.025764895330113,5.850778314546431,9.614868491680086,,0.8655394524959742,
70,5.978260869565218,38.466183574879224,26.31508319914117,12.526838432635534,4.025764895330113,5.837359098228664,5.984970477724101,,0.8655394524959742,
71,6.119162640901771,38.34541062801932,26.207729468599034,12.647611379495437,4.025764895330113,5.803811057434245,5.984970477724101,,0.8655394524959742,
72,5.381105743424584,29.260601180891037,26.140633387010197,11.90955448201825,4.817498658078368,4.703435319377348,16.921631776704242,,0.8655394524959742,
73,5.5689747718733225,29.1532474503489,26.073537305421365,11.90955448201825,4.817498658078368,4.703435319377348,16.908212560386474,,0.8655394524959742,
74,5.770263016639828,29.1129898013956,26.073537305421365,11.761943102522812,4.804079441760601,4.703435319377348,16.908212560386474,,0.8655394524959742,
75,5.441492216854535,26.1808910359635,23.235373054213635,10.628019323671497,2.5026838432635534,4.958400429414922,26.187600644122384,,0.8655394524959742,
76,4.7168545356951155,24.778582930756844,18.149490069779926,8.246108427267847,2.5026838432635534,2.1739130434782608,38.85534084809447,,0.13419216317767044,0.4428341384863124
77,4.736983360171766,24.778582930756844,16.056092324208265,8.205850778314547,4.696725711218465,2.1739130434782608,38.77482555018787,,0.13419216317767044,0.4428341384863124
78,4.944981213097155,24.745034889962426,13.137412775093935,7.440955448201825,2.7777777777777777,2.1135265700483092,44.26328502415459,,0.13419216317767044,0.4428341384863124
79,5.045625335480408,24.738325281803544,13.110574342458401,7.440955448201825,2.7442297369833604,2.1135265700483092,44.22973698336017,,0.13419216317767044,0.4428341384863124
80,5.0791733762748255,24.738325281803544,13.070316693505099,7.440955448201825,2.7442297369833604,2.073268921095008,44.276704240472355,,0.13419216317767044,0.4428341384863124
81,5.146269457863661,24.496779388083738,13.043478260869565,7.669082125603865,2.7442297369833604,2.073268921095008,44.24986580783682,,0.13419216317767044,0.4428341384863124
82,5.253623188405797,24.496779388083738,13.043478260869565,7.62211486849168,2.737520128824477,2.073268921095008,44.196188942565755,,0.13419216317767044,0.4428341384863124
83,5.381105743424584,24.490069779924852,13.043478260869565,7.62211486849168,2.7308105206655933,2.073268921095008,44.08212560386473,,0.13419216317767044,0.4428341384863124
84,5.4549114331723025,23.503757380568974,12.775093934514224,7.62211486849168,4.066022544283414,1.9994632313472893,44.03515834675255,,0.13419216317767044,0.4092860976918948
85,5.548845947396672,23.443370907139023,12.775093934514224,7.588566827697263,4.066022544283414,1.9994632313472893,44.03515834675255,,0.13419216317767044,0.4092860976918948
86,5.703166935050993,23.409822866344605,12.775093934514224,7.588566827697263,4.066022544283414,1.9994632313472893,43.914385399892645,,0.13419216317767044,0.4092860976918948
87,5.797101449275362,23.409822866344605,12.775093934514224,7.575147611379496,4.066022544283414,1.9994632313472893,43.833870101986044,,0.13419216317767044,0.4092860976918948
88,6.132581857219538,23.275630703166936,12.734836285560924,7.575147611379496,4.03918411164788,1.9860440150295222,43.71309715512614,,0.13419216317767044,0.4092860976918948
89,6.266774020397209,22.873054213633925,12.593934514224369,8.024691358024691,4.03918411164788,1.9860440150295222,43.67283950617284,,0.13419216317767044,0.4092860976918948
90,6.360708534621578,22.852925389157274,12.580515297906603,8.024691358024691,4.032474503488996,1.9860440150295222,43.525228126677405,,0.13419216317767044,0.5032206119162641
91,6.474771873322598,22.77241009125067,12.580515297906603,8.024691358024691,4.032474503488996,1.9860440150295222,43.35077831454643,,0.27509393451422437,0.5032206119162641
92,5.904455179817498,22.443639291465377,13.298443370907139,8.024691358024691,3.965378421900161,3.6768652710681695,41.76060118089104,,0.4227053140096618,0.5032206119162641
93,5.931293612453032,22.383252818035427,13.291733762748256,8.017981749865807,3.8848631239935587,3.9855072463768115,41.727053140096615,,0.27509393451422437,0.5032206119162641
94,6.132581857219538,22.29602791196994,13.291733762748256,8.017981749865807,3.8848631239935587,3.8580246913580245,41.458668813741276,,0.27509393451422437,0.785024154589372
95,6.535158346752549,22.282608695652176,13.291733762748256,7.991143317230274,3.8848631239935587,3.8580246913580245,41.10305958132045,,0.27509393451422437,0.7783145464304885
96,6.629092860976919,22.25577026301664,13.22463768115942,7.991143317230274,3.8848631239935587,3.8580246913580245,40.98228663446055,,0.39586688137412773,0.7783145464304885
97,6.729736983360172,22.12157809983897,13.22463768115942,8.501073537305421,3.8848631239935587,3.8580246913580245,40.50590445517982,,0.39586688137412773,0.7783145464304885
98,7.03166935050993,22.094739667203434,13.22463768115942,8.440687063875469,3.8848631239935587,3.8580246913580245,40.29119699409554,,0.39586688137412773,0.7783145464304885
99,6.964573268921095,21.786097691894792,13.22463768115942,9.541062801932368,3.8848631239935587,3.8580246913580245,39.56655931293612,,0.39586688137412773,0.7783145464304885
100,7.011540526033279,21.76596886741814,13.211218464841654,9.5276435856146,3.8848631239935587,3.8580246913580245,39.56655931293612,,0.39586688137412773,0.7783145464304885
101,6.991411701556629,21.76596886741814,13.20450885668277,9.628287707997853,3.8848631239935587,3.8580246913580245,39.492753623188406,,0.39586688137412773,0.7783145464304885
102,6.622383252818035,21.43719806763285,12.95625335480408,9.628287707997853,3.8848631239935587,3.8378958668813743,37.52012882447665,,3.280998389694042,0.8319914117015567
103,6.662640901771336,21.24932903918411,12.915995705850777,9.480676328502415,3.8848631239935587,4.133118625872249,37.52012882447665,,3.321256038647343,0.8319914117015567
104,6.756575415995706,21.155394524959743,12.882447665056361,9.480676328502415,4.012345679012346,4.1129898013955986,37.473161567364464,,3.294417606011809,0.8319914117015567
105,6.253354804079442,19.699409554482017,12.882447665056361,8.393719806763285,4.012345679012346,4.106280193236715,41.243961352657,,2.6838432635534084,0.7246376811594203
106,6.300322061191626,19.699409554482017,12.882447665056361,8.393719806763285,4.012345679012346,4.106280193236715,41.196994095544824,,2.6838432635534084,0.7246376811594203
107,4.7101449275362315,9.024422973698336,43.88083735909823,2.791196994095545,3.670155662909286,2.871712292002147,30.20665593129361,,2.6838432635534084,0.1610305958132045
108,4.830917874396135,9.024422973698336,43.59903381642512,2.791196994095545,4.2203435319377345,2.871712292002147,29.817498658078367,,2.6838432635534084,0.1610305958132045
109,4.85775630703167,8.943907675791733,43.585614600107355,2.885131508319914,4.2203435319377345,2.871712292002147,29.790660225442835,,2.6838432635534084,0.1610305958132045
110,4.944981213097155,8.943907675791733,43.545356951154055,2.885131508319914,4.2203435319377345,2.871712292002147,29.74369296833065,,2.6838432635534084,0.1610305958132045
111,4.931561996779388,8.93719806763285,41.22383252818035,2.885131508319914,4.2203435319377345,6.588835212023618,28.368223295759528,,2.6838432635534084,0.1610305958132045
112,4.944981213097155,8.917069243156199,38.47289318303811,2.885131508319914,7.427536231884058,6.588835212023618,27.91867954911433,,2.6838432635534084,0.1610305958132045
113,5.065754159957058,8.917069243156199,38.446054750402574,2.885131508319914,7.427536231884058,6.588835212023618,27.710681696188942,,2.6838432635534084,0.27509393451422437
114,4.830917874396135,8.59500805152979,41.706924315619965,8.413848631239935,7.185990338164252,6.588835212023618,19.719538378958667,,2.6838432635534084,0.27509393451422437
115,5.119431025228127,8.568169618894256,41.418411164787976,8.527911969940956,7.185990338164252,6.501610305958132,19.719538378958667,,2.6838432635534084,0.27509393451422437
116,5.24020397208803,8.568169618894256,41.358024691358025,8.501073537305421,7.185990338164252,6.488191089640365,19.45115405260333,,2.932098765432099,0.27509393451422437
117,5.394524959742351,8.561460010735374,41.237251744498124,8.501073537305421,7.185990338164252,6.488191089640365,19.43773483628556,,2.918679549114332,0.27509393451422437
118,5.515297906602254,8.561460010735374,41.176865271068166,8.440687063875469,7.185990338164252,6.488191089640365,19.43773483628556,,2.918679549114332,0.27509393451422437
119,5.555555555555555,8.413848631239935,41.176865271068166,8.333333333333334,7.185990338164252,6.837090713902308,19.404186795491142,,2.818035426731079,0.27509393451422437
120,4.274020397208803,6.823671497584541,45.900429414922165,8.333333333333334,5.783682232957595,6.837090713902308,19.0150295222759,,2.757648953301127,0.27509393451422437
121,4.200214707461084,6.649221685453569,43.86070853462158,8.433977455716587,5.629361245303274,9.628287707997853,18.5654857756307,,2.757648953301127,0.27509393451422437
122,4.314278046162104,6.649221685453569,43.833870101986044,8.433977455716587,5.60252281266774,9.601449275362318,18.5654857756307,,2.7241009125067097,0.27509393451422437
123,4.367954911433173,6.642512077294686,43.833870101986044,8.413848631239935,5.5756843800322065,9.601449275362318,18.5654857756307,,2.7241009125067097,0.27509393451422437
124,4.51556629092861,6.642512077294686,43.72651637144391,8.091787439613526,5.5756843800322065,9.588030059044552,18.53864734299517,0.322061191626409,2.7241009125067097,0.27509393451422437
125,3.992216854535695,4.730273752012883,41.40499194847021,8.004562533548041,10.554213633923778,9.561191626409018,18.431293612453032,0.322061191626409,2.7241009125067097,0.27509393451422437
126,4.019055287171229,4.730273752012883,41.40499194847021,8.004562533548041,10.554213633923778,9.534353193773484,18.431293612453032,0.322061191626409,2.7241009125067097,0.27509393451422437
127,4.1129898013955986,4.723564143853999,41.39157273215244,8.004562533548041,10.554213633923778,9.500805152979066,18.391035963499732,0.322061191626409,2.7241009125067097,0.27509393451422437
128,4.374664519592056,4.723564143853999,41.21041331186259,8.004562533548041,10.554213633923778,9.473966720343531,18.337359098228664,0.322061191626409,2.7241009125067097,0.27509393451422437
129,4.428341384863124,4.723564143853999,41.035963499731615,7.917337627482555,10.520665593129362,9.64170692431562,18.23671497584541,0.322061191626409,2.898550724637681,0.27509393451422437
130,4.502147074610843,4.723564143853999,40.666935050993025,8.259527643585615,10.473698336017177,9.64170692431562,18.23671497584541,0.322061191626409,2.898550724637681,0.27509393451422437
131,4.51556629092861,4.723564143853999,39.74771873322598,7.266505636070853,10.433440687063875,10.57434245840043,18.169618894256576,0.322061191626409,3.9720880300590444,0.27509393451422437
132,4.723564143853999,4.723564143853999,39.71417069243156,7.185990338164252,10.433440687063875,10.57434245840043,18.075684380032207,0.322061191626409,3.9720880300590444,0.27509393451422437
133,4.85775630703167,4.7101449275362315,39.68733225979603,7.152442297369833,10.433440687063875,10.57434245840043,18.015297906602253,0.322061191626409,3.9720880300590444,0.27509393451422437
134,5.005367686527107,4.7101449275362315,39.65378421900161,7.112184648416532,10.433440687063875,10.547504025764896,17.96833064949007,0.322061191626409,3.9720880300590444,0.27509393451422437
135,5.22007514761138,4.7101449275362315,39.61352657004831,7.092055823939882,10.413311862587225,10.527375201288244,17.773752012882447,0.322061191626409,3.938539989264627,0.38915727321524424
136,5.233494363929147,4.7101449275362315,38.96269457863661,7.092055823939882,11.151368760064413,10.527375201288244,17.74020397208803,0.322061191626409,3.8714439076757916,0.38915727321524424
137,5.421363392377885,4.7101449275362315,38.92914653784219,7.065217391304348,11.131239935587761,10.453569511540525,17.70665593129361,0.322061191626409,3.8714439076757916,0.38915727321524424
138,5.60252281266774,4.7101449275362315,38.89559849704777,7.058507783145465,11.131239935587761,10.420021470746109,17.632850241545892,0.322061191626409,3.8378958668813743,0.38915727321524424
139,5.783682232957595,4.696725711218465,38.89559849704777,7.051798174986581,11.131239935587761,10.373054213633925,17.518786902844873,0.322061191626409,3.8378958668813743,0.38915727321524424
140,5.931293612453032,4.696725711218465,38.868760064412236,7.024959742351046,11.084272678475577,10.359634997316157,17.485238862050455,0.322061191626409,3.8378958668813743,0.38915727321524424
141,5.689747718733226,4.696725711218465,33.58829844337091,6.910896403650026,10.319377348362856,6.099033816425121,28.14680622651637,0.322061191626409,3.8378958668813743,0.38915727321524424
142,5.803811057434245,4.696725711218465,33.54804079441761,6.89747718733226,10.292538915727322,6.0654857756307035,27.865002683843265,0.3757380568974772,4.066022544283414,0.38915727321524424
143,6.152710681696189,4.696725711218465,33.40713902308105,6.89747718733226,10.258990874932904,6.0654857756307035,27.690552871712292,0.3757380568974772,4.066022544283414,0.38915727321524424
144,6.072195383789587,4.502147074610843,32.66237251744498,7.863660762211487,10.218733225979603,5.783682232957595,28.093129361245303,0.3757380568974772,3.992216854535695,0.43612453032742887
145,6.078904991948471,4.502147074610843,31.5552871712292,7.803274288781535,10.218733225979603,4.502147074610843,30.099302200751477,0.3757380568974772,4.428341384863124,0.43612453032742887
146,6.494900697799249,4.502147074610843,31.125872249060656,7.957595276435856,10.11808910359635,4.502147074610843,30.099302200751477,0.3757380568974772,4.414922168545357,0.4092860976918948
147,6.5552871712292005,4.502147074610843,31.11916264090177,7.957595276435856,10.104669887278583,4.502147074610843,30.07246376811594,0.3757380568974772,4.40150295222759,0.4092860976918948
148,6.615673644659152,4.502147074610843,30.629361245303276,8.299785292538916,9.977187332259795,4.502147074610843,30.059044551798173,0.48980139559849706,4.51556629092861,0.4092860976918948
149,6.662640901771336,4.502147074610843,30.629361245303276,8.299785292538916,9.977187332259795,4.455179817498658,30.059044551798173,0.48980139559849706,4.51556629092861,0.4092860976918948
150,7.018250134192163,4.186795491143317,30.50187869028449,8.55475040257649,9.943639291465379,4.455179817498658,29.924852388620504,0.48980139559849706,4.51556629092861,0.4092860976918948
151,6.89747718733226,3.5225442834138487,30.48845947396672,8.279656468062266,11.60762211486849,4.455179817498658,28.71712292002147,0.48980139559849706,4.51556629092861,1.0265700483091786
152,6.964573268921095,3.488996242619431,30.48174986580784,8.272946859903382,11.58749329039184,4.455179817498658,28.71712292002147,0.48980139559849706,4.51556629092861,1.0265700483091786
153,7.273215244229737,3.488996242619431,30.334138486312398,8.272946859903382,11.56736446591519,4.455179817498658,28.576221148684915,0.48980139559849706,4.51556629092861,1.0265700483091786
154,7.367149758454106,3.488996242619431,30.280461621041333,8.460815888352121,12.915995705850777,4.260601180891036,27.38191089640365,0.43612453032742887,4.51556629092861,0.8923778851315083
155,7.347020933977456,3.475577026301664,30.280461621041333,8.460815888352121,12.258454106280194,4.260601180891036,27.34836285560923,1.093666129898014,4.582662372517445,0.8923778851315083
156,7.39398819108964,3.475577026301664,30.246913580246915,8.460815888352121,12.245034889962426,4.260601180891036,27.34836285560923,1.093666129898014,4.582662372517445,0.8923778851315083
157,7.467793880837359,3.475577026301664,30.08588298443371,8.460815888352121,12.245034889962426,4.260601180891036,27.32823403113258,1.093666129898014,4.690016103059581,0.8923778851315083
158,7.628824476650563,3.455448201825013,30.02549651100376,8.460815888352121,12.245034889962426,4.2270531400966185,27.28797638217928,1.093666129898014,4.690016103059581,0.8856682769726248
159,7.716049382716049,3.44873859366613,29.64975845410628,8.82313472893183,12.23161567364466,4.2203435319377345,27.241009125067094,1.093666129898014,4.690016103059581,0.8856682769726248
160,7.809983896940419,3.44873859366613,29.62962962962963,9.118357487922705,12.211486849168008,4.2203435319377345,26.99946323134729,1.093666129898014,4.582662372517445,0.8856682769726248
161,7.816693505099302,3.44873859366613,29.62962962962963,9.118357487922705,12.211486849168008,4.2203435319377345,26.992753623188406,1.093666129898014,4.582662372517445,0.8856682769726248
162,7.897208803005904,3.44873859366613,29.582662372517444,9.118357487922705,12.211486849168008,4.2203435319377345,26.959205582393988,1.093666129898014,4.582662372517445,0.8856682769726248
163,7.883789586688137,3.44873859366613,29.414922168545356,9.46725711218465,12.211486849168008,4.2203435319377345,26.690821256038646,1.093666129898014,4.683306494900698,0.8856682769726248
164,8.024691358024691,3.44873859366613,29.408212560386474,9.46725711218465,12.211486849168008,4.2203435319377345,26.56333870101986,1.093666129898014,4.676596886741814,0.8856682769726248
165,8.179012345679013,3.44873859366613,29.367954911433173,9.480676328502415,12.090713902308105,4.2203435319377345,26.56333870101986,1.093666129898014,4.669887278582931,0.8856682769726248
166,8.353462157809984,3.44873859366613,29.28743961352657,9.480676328502415,12.090713902308105,4.2203435319377345,26.482823403113258,1.093666129898014,4.656468062265164,0.8856682769726248
167,8.393719806763285,3.44873859366613,29.274020397208805,9.480676328502415,12.090713902308105,4.2203435319377345,26.482823403113258,1.06682769726248,4.656468062265164,0.8856682769726248
168,8.393719806763285,3.44873859366613,29.274020397208805,9.480676328502415,12.090713902308105,4.2203435319377345,26.482823403113258,1.06682769726248,4.656468062265164,0.8856682769726248
169,8.319914117015566,3.44873859366613,28.153515834675254,9.480676328502415,11.037305421363392,4.2203435319377345,28.764090177133657,1.06682769726248,4.656468062265164,0.8521202361782072
170,8.695652173913043,3.307836822329576,28.052871712292003,9.5276435856146,11.037305421363392,4.186795491143317,28.61647879763822,1.06682769726248,4.656468062265164,0.8521202361782072
171,8.702361782071927,3.2139023081052067,27.938808373590984,9.621578099838969,11.037305421363392,3.5091250670960816,28.052871712292003,1.06682769726248,6.005099302200751,0.8521202361782072
172,8.675523349436393,3.2139023081052067,27.120236178207193,9.96376811594203,10.990338164251208,5.776972624798712,27.28797638217928,1.0534084809447128,5.065754159957058,0.8521202361782072
173,8.715780998389693,3.2139023081052067,26.341921631776703,9.957058507783145,10.970209339774557,6.723027375201288,27.113526570048307,1.0534084809447128,5.059044551798175,0.8521202361782072
174,8.816425120772946,3.2139023081052067,26.341921631776703,9.923510466988727,10.970209339774557,6.723027375201288,27.073268921095007,1.0534084809447128,5.032206119162641,0.8521202361782072
175,8.930488459473967,3.2139023081052067,26.32850241545894,9.923510466988727,10.95679012345679,6.723027375201288,26.462694578636608,1.0534084809447128,5.555555555555555,0.8521202361782072
176,8.950617283950617,3.2139023081052067,26.32850241545894,9.923510466988727,10.95679012345679,6.723027375201288,26.442565754159958,1.0534084809447128,5.555555555555555,0.8521202361782072
177,9.044551798174986,3.2139023081052067,26.261406333870102,9.923510466988727,10.95679012345679,6.702898550724638,26.435856146001072,1.0534084809447128,5.555555555555555,0.8521202361782072
178,9.078099838969404,3.2139023081052067,26.261406333870102,9.923510466988727,10.95679012345679,6.702898550724638,26.402308105206657,1.0534084809447128,5.555555555555555,0.8521202361782072
179,9.212292002147075,3.193773483628556,26.20101986044015,9.997316156736447,10.909822866344605,6.756575415995706,26.288244766505635,1.0534084809447128,5.535426731078905,0.8521202361782072
180,9.265968867418144,3.193773483628556,26.20101986044015,9.98389694041868,10.909822866344605,6.743156199677939,26.261406333870102,1.0534084809447128,5.535426731078905,0.8521202361782072
181,9.346484165324744,3.193773483628556,26.20101986044015,9.950348899624261,10.909822866344605,6.743156199677939,26.227858293075684,1.0534084809447128,5.522007514761138,0.8521202361782072
182,9.346484165324744,3.193773483628556,26.20101986044015,9.950348899624261,10.909822866344605,6.743156199677939,26.227858293075684,1.0534084809447128,5.522007514761138,0.8521202361782072
183,9.433709071390231,3.193773483628556,26.147342995169083,9.91009125067096,10.909822866344605,6.743156199677939,26.160762211486848,1.0534084809447128,5.595813204508857,0.8521202361782072
184,9.588030059044552,3.140096618357488,26.147342995169083,9.896672034353195,10.903113258185721,6.743156199677939,26.080246913580247,1.0534084809447128,5.595813204508857,0.8521202361782072
185,9.574610842726784,3.140096618357488,26.147342995169083,9.896672034353195,10.889694041867955,6.743156199677939,25.91250670960816,1.0534084809447128,5.589103596349974,1.0534084809447128
186,8.735909822866345,3.140096618357488,18.471551261406333,6.5552871712292005,10.889694041867955,6.1929683306494905,38.00322061191626,1.0534084809447128,5.589103596349974,1.3687600644122384
187,8.917069243156199,3.140096618357488,18.451422436929683,6.541867954911433,10.889694041867955,6.1929683306494905,37.855609232420825,1.0534084809447128,5.589103596349974,1.3687600644122384
188,9.05126140633387,3.140096618357488,18.38432635534085,6.541867954911433,10.889694041867955,6.1929683306494905,37.78851315083199,1.0534084809447128,5.589103596349974,1.3687600644122384
189,9.16532474503489,3.0864197530864197,18.270263016639827,6.964573268921095,10.889694041867955,6.1929683306494905,37.285292538915726,1.0265700483091786,5.589103596349974,1.5297906602254427
190,9.16532474503489,3.0864197530864197,18.270263016639827,6.964573268921095,10.889694041867955,6.1929683306494905,37.285292538915726,1.0265700483091786,5.589103596349974,1.5297906602254427
191,8.997584541062801,3.683574879227053,18.270263016639827,6.9243156199677935,10.86285560923242,6.018518518518518,37.104133118625874,1.0265700483091786,5.589103596349974,1.5230810520665594
192,9.01100375738057,3.683574879227053,18.270263016639827,6.904186795491143,10.856146001073537,6.112453032742888,37.02361782071927,1.0265700483091786,5.589103596349974,1.5230810520665594
193,9.198872785829307,3.683574879227053,18.223295759527645,6.904186795491143,10.836017176596886,6.105743424584004,36.90955448201825,1.0265700483091786,5.589103596349974,1.5230810520665594
194,9.219001610305957,3.683574879227053,18.21658615136876,6.884057971014493,10.82259796027912,7.320182501341922,35.71524422973698,1.0265700483091786,5.589103596349974,1.5230810520665594
195,9.359903381642512,3.683574879227053,18.21658615136876,6.884057971014493,10.748792270531402,7.320182501341922,35.65485775630703,1.0198604401502953,5.589103596349974,1.5230810520665594
196,9.272678475577026,3.307836822329576,20.148953301127214,6.870638754696726,10.628019323671497,7.320182501341922,34.43370907139023,1.0198604401502953,5.5689747718733225,1.42914653784219
197,9.500805152979066,3.307836822329576,20.148953301127214,6.769994632313473,10.601180891035963,7.320182501341922,34.333064949006975,1.0198604401502953,5.5689747718733225,1.42914653784219
198,9.554482018250134,3.307836822329576,20.12211486849168,6.756575415995706,10.601180891035963,7.320182501341922,34.31964573268921,1.0198604401502953,5.5689747718733225,1.42914653784219
199,9.970477724100913,3.307836822329576,20.061728395061728,6.756575415995706,10.493827160493828,7.159151905528717,34.17203435319377,1.0198604401502953,5.703166935050993,1.3553408480944713
200,9.695383789586689,2.898550724637681,18.96135265700483,5.850778314546431,10.473698336017177,10.077831454643048,34.01100375738057,0.9863123993558777,5.689747718733226,1.3553408480944713
201,9.88996242619431,2.898550724637681,18.914385399892645,5.850778314546431,10.473698336017177,10.050993022007514,33.89023081052066,0.9863123993558777,5.689747718733226,1.3553408480944713
202,10.02415458937198,2.871712292002147,18.914385399892645,5.850778314546431,10.46027911969941,10.050993022007514,33.84997316156736,0.9863123993558777,5.656199677938808,1.3352120236178207
203,10.158346752549651,2.871712292002147,18.874127750939344,5.850778314546431,10.36634460547504,10.050993022007514,33.84997316156736,0.9863123993558777,5.656199677938808,1.3352120236178207
204,9.96376811594203,2.6033279656468062,18.86070853462158,5.676328502415459,11.654589371980677,9.27938808373591,33.78958668813741,1.1808910359634996,5.656199677938808,1.3352120236178207
205,9.883252818035427,2.6033279656468062,17.384594739667204,5.676328502415459,13.996242619431026,9.27938808373591,33.16559312936125,1.1808910359634996,5.495169082125604,1.3352120236178207
206,9.957058507783145,2.6033279656468062,15.98899624261943,5.609232420826624,15.633387010198604,9.125067096081589,32.729468599033815,1.1808910359634996,5.837359098228664,1.3352120236178207
207,9.970477724100913,2.6033279656468062,15.98899624261943,5.609232420826624,15.633387010198604,9.111647879763822,32.729468599033815,1.1808910359634996,5.837359098228664,1.3352120236178207
208,10.010735373054214,2.6033279656468062,15.962157809983896,5.649490069779925,15.633387010198604,9.104938271604938,32.70263016639828,1.1808910359634996,5.8172302737520125,1.3352120236178207
209,10.057702630166398,2.6033279656468062,15.854804079441761,5.649490069779925,15.58641975308642,9.104938271604938,32.447665056360705,1.1808910359634996,6.045356951154052,1.4694041867954912
210,10.0979602791197,2.6033279656468062,15.854804079441761,5.9514224369296835,15.331454643048845,9.104938271604938,32.37385936661299,1.1674718196457328,6.045356951154052,1.4694041867954912
211,10.178475577026301,2.5831991411701556,15.848094471282877,5.9514224369296835,15.331454643048845,9.104938271604938,32.32018250134192,1.1674718196457328,6.045356951154052,1.4694041867954912
212,10.446859903381643,2.5563607085346214,15.767579173376275,5.9447128287707995,15.083199141170155,9.104938271604938,32.27321524422974,1.1674718196457328,6.045356951154052,1.6103059581320451
213,10.399892646269459,2.522812667740204,15.24422973698336,5.917874396135265,15.029522275899087,9.104938271604938,31.99812130971551,1.1674718196457328,7.004830917874396,1.6103059581320451
214,10.487117552334944,2.522812667740204,15.24422973698336,5.904455179817498,14.922168545356952,9.098228663446054,31.93102522812668,1.1674718196457328,7.004830917874396,1.7176596886741815
215,10.63472893183038,2.522812667740204,15.22410091250671,5.904455179817498,14.801395598497047,9.091519055287172,31.93102522812668,1.1674718196457328,7.004830917874396,1.7176596886741815
216,10.95679012345679,2.522812667740204,15.13016639828234,6.031937734836285,14.734299516908212,8.997584541062801,31.588835212023618,1.1674718196457328,7.152442297369833,1.7176596886741815
217,11.017176596886742,2.522812667740204,15.116747181964573,6.031937734836285,14.734299516908212,8.984165324745035,31.57541599570585,1.1674718196457328,7.132313472893183,1.7176596886741815
218,11.017176596886742,2.522812667740204,15.116747181964573,6.031937734836285,14.734299516908212,8.984165324745035,31.57541599570585,1.1674718196457328,7.132313472893183,1.7176596886741815
219,11.077563070316694,2.522812667740204,15.116747181964573,6.031937734836285,14.707461084272678,8.950617283950617,31.57541599570585,1.1674718196457328,7.132313472893183,1.7176596886741815
220,11.2788513150832,2.522812667740204,15.116747181964573,6.025228126677402,14.61352657004831,8.93719806763285,31.50161030595813,1.1607622114868492,7.125603864734299,1.7176596886741815
221,11.453301127214171,2.522812667740204,15.116747181964573,6.025228126677402,14.61352657004831,8.930488459473967,31.468062265163713,1.1607622114868492,6.991411701556629,1.7176596886741815
222,11.54723564143854,2.522812667740204,15.116747181964573,6.025228126677402,14.579978529253891,8.863392377885132,31.280193236714975,1.1607622114868492,6.984702093397746,1.9189479334406871
223,11.56736446591519,2.522812667740204,15.116747181964573,6.025228126677402,14.472624798711756,9.306226516371444,31.233225979602793,0.8588298443370908,6.977992485238862,1.9189479334406871
224,11.594202898550725,2.475845410628019,15.11003757380569,5.998389694041868,14.465915190552872,9.406870638754697,31.199677938808374,0.8588298443370908,6.977992485238862,1.9122383252818036
225,11.641170155662909,2.475845410628019,15.11003757380569,5.998389694041868,14.465915190552872,9.406870638754697,31.15271068169619,0.8588298443370908,6.977992485238862,1.9122383252818036
226,11.406333870101985,2.475845410628019,15.056360708534621,5.998389694041868,18.4447128287708,9.406870638754697,27.542941492216855,0.8588298443370908,6.89747718733226,1.9122383252818036
227,11.486849168008588,2.475845410628019,14.801395598497047,6.293612453032743,18.431293612453032,9.39345142243693,27.449006977992486,0.8588298443370908,6.89747718733226,1.9122383252818036
228,11.614331723027375,2.475845410628019,14.801395598497047,6.253354804079442,18.417874396135264,9.426999463231347,27.34165324745035,0.8588298443370908,6.89747718733226,1.9122383252818036
229,11.681427804616211,2.475845410628019,14.774557165861514,6.233225979602791,18.411164787976382,9.426999463231347,27.32823403113258,0.8588298443370908,6.89747718733226,1.9122383252818036
230,11.869296833064949,2.475845410628019,14.774557165861514,6.226516371443908,18.411164787976382,9.420289855072463,27.18733225979603,0.8588298443370908,6.870638754696726,1.90552871712292
231,12.037037037037036,2.475845410628019,14.754428341384862,6.1862587224906065,18.38432635534085,9.420289855072463,27.106816961889425,0.8588298443370908,6.870638754696726,1.90552871712292
232,12.070585077831455,2.475845410628019,17.24369296833065,6.038647342995169,16.31105743424584,9.420289855072463,26.986044015029524,0.8588298443370908,6.689479334406871,1.90552871712292
233,12.359098228663447,2.4691358024691357,17.21014492753623,6.031937734836285,16.31105743424584,9.420289855072463,26.878690284487387,0.8588298443370908,6.6827697262479875,1.778046162104133
234,12.359098228663447,2.4691358024691357,17.21014492753623,6.031937734836285,16.31105743424584,9.420289855072463,26.878690284487387,0.8588298443370908,6.6827697262479875,1.778046162104133
235,12.513419216317766,2.4691358024691357,17.176596886741816,5.991680085882985,16.31105743424584,9.39345142243693,26.838432635534083,0.8588298443370908,6.66935050993022,1.778046162104133
236,12.560386473429952,2.4691358024691357,17.16988727858293,5.991680085882985,16.31105743424584,9.39345142243693,26.80488459473967,0.8588298443370908,6.662640901771336,1.778046162104133
237,12.781803542673108,2.4691358024691357,17.12962962962963,5.917874396135265,16.223832528180353,9.380032206119163,26.798174986580783,0.8588298443370908,6.662640901771336,1.778046162104133
238,12.97638217928073,2.4691358024691357,17.01556629092861,5.917874396135265,16.203703703703702,9.380032206119163,26.7512077294686,0.8588298443370908,6.662640901771336,1.7646269457863661
