,45,50,52,55,51,56,53,58,54,57,59,60
0,99.97316156736447,0.026838432635534086,,,,,,,,,,
1,73.10789049919485,26.89210950080515,,,,,,,,,,
2,59.78260869565217,40.002683843263554,0.2147074610842727,,,,,,,,,
3,54.07944176060118,45.66559312936125,0.2147074610842727,0.040257648953301126,,,,,,,,
4,53.89157273215244,41.1231884057971,0.2147074610842727,0.040257648953301126,4.730273752012883,,,,,,,
5,37.31213097155126,58.380300590445515,0.2147074610842727,0.040257648953301126,4.052603327965647,,,,,,,
6,35.69511540526033,46.765968867418145,0.2147074610842727,0.11406333870101985,17.143048845947398,0.06709608158883522,,,,,,
7,33.863392377885134,47.38996242619431,1.4224369296833066,0.11406333870101985,17.07595276435856,0.13419216317767044,,,,,,
8,29.11969940955448,52.13365539452496,1.4224369296833066,0.11406333870101985,17.07595276435856,0.13419216317767044,,,,,,
9,29.0727321524423,44.176060118089104,1.4224369296833066,0.0939345142243693,14.023081052066559,,11.18491680085883,0.026838432635534086,,,,
10,29.146537842190018,43.90096618357488,1.4224369296833066,0.322061191626409,14.002952227589908,,11.178207192699947,0.026838432635534086,,,,
11,29.126409017713364,43.69967793880837,1.4492753623188406,0.5166398282340311,14.002952227589908,,11.178207192699947,0.026838432635534086,,,,
12,29.20692431561997,42.78717122920021,1.4492753623188406,0.8655394524959742,13.982823403113258,,11.16478797638218,0.026838432635534086,0.5166398282340311,,,
13,24.711486849168008,40.90177133655394,2.8918411164787976,0.644122383252818,19.444444444444443,,11.16478797638218,0.026838432635534086,0.2147074610842727,,,
14,20.954106280193237,39.009661835748794,2.8650026838432634,0.5367686527106817,30.817230273752013,,5.5756843800322065,0.026838432635534086,0.2147074610842727,,,
15,20.987654320987655,38.909017713365536,2.8650026838432634,0.6172839506172839,30.803811057434245,,5.5756843800322065,0.026838432635534086,0.2147074610842727,,,
16,19.880568974771872,31.80354267310789,13.285024154589372,1.7713365539452497,27.911969940955448,,4.797369833601718,0.026838432635534086,,0.5233494363929146,,
17,19.122383252818036,23.765432098765434,13.285024154589372,1.6237251744498122,36.72168545356951,,4.931561996779388,0.026838432635534086,,0.5233494363929146,,
18,16.51905528717123,26.42914653784219,13.170960815888352,1.6237251744498122,36.66800858829844,0.040257648953301126,4.884594739667204,0.026838432635534086,,0.6374127750939346,,
19,16.51905528717123,26.42914653784219,13.170960815888352,1.6237251744498122,36.66800858829844,0.040257648953301126,4.884594739667204,0.026838432635534086,,0.6374127750939346,,
20,16.55931293612453,26.42914653784219,13.137412775093935,1.6237251744498122,36.62775093934514,0.040257648953301126,4.884594739667204,0.026838432635534086,,0.6709608158883521,,
21,16.57944176060118,26.476113794954376,13.137412775093935,1.6103059581320451,36.38620504562534,0.2281266774020397,4.817498658078368,0.0939345142243693,,0.6709608158883521,,
22,16.532474503488995,25.785024154589372,13.117283950617283,1.6103059581320451,36.30568974771873,0.2952227589908749,4.690016103059581,0.0939345142243693,0.8789586688137413,0.6910896403650026,,
23,15.854804079441761,17.49194847020934,13.077026301663983,1.3150831991411702,48.68491680085883,0.28180354267310787,2.13365539452496,,0.8789586688137413,0.28180354267310787,,
24,15.868223295759528,17.49194847020934,13.077026301663983,2.1068169618894257,47.89318303811057,0.28180354267310787,2.120236178207193,,0.8789586688137413,0.28180354267310787,,
25,15.915190552871712,17.438271604938272,13.077026301663983,2.1739130434782608,47.70531400966183,0.41599570585077833,2.120236178207193,,0.8722490606548577,0.28180354267310787,,
26,15.888352120236178,17.424852388620504,12.902576489533011,2.1739130434782608,47.16854535695116,1.1808910359634996,2.1068169618894257,,0.8722490606548577,0.28180354267310787,,
27,15.28448738593666,15.250939345142244,25.34219001610306,1.3821792807300053,38.16425120772947,1.3150831991411702,2.1068169618894257,,0.8722490606548577,0.28180354267310787,,
28,15.33816425120773,15.230810520665592,25.288513150831992,1.402308105206656,38.137412775093935,1.3419216317767042,2.1068169618894257,,0.8722490606548577,0.28180354267310787,,
29,13.915727321524423,14.861782071927,24.416264090177133,1.3687600644122384,40.84138486312399,1.3419216317767042,2.1068169618894257,,0.8722490606548577,0.27509393451422437,,
30,13.942565754159958,14.834943639291465,24.3894256575416,1.3955984970477724,40.747450348899626,1.4090177133655395,2.1068169618894257,,0.8722490606548577,0.30193236714975846,,
31,13.868760064412239,14.573268921095009,21.544551798174986,2.38191089640365,42.028985507246375,1.2345679012345678,3.140096618357488,,0.8990874932903918,0.30193236714975846,0.026838432635534086,
32,13.922436929683306,14.573268921095009,21.4573268921095,2.38191089640365,41.7337627482555,1.5096618357487923,3.140096618357488,,0.8990874932903918,0.35560923242082665,0.026838432635534086,
33,13.627214170692431,12.68786902844874,18.323939881910896,2.24771873322598,47.61808910359635,0.5032206119162641,3.750670960815888,,0.8990874932903918,0.3153515834675255,0.026838432635534086,
34,13.6808910359635,12.640901771336553,18.310520665593128,2.24771873322598,46.87332259796028,1.1607622114868492,3.743961352657005,,0.9997316156736447,0.3153515834675255,0.026838432635534086,
35,13.788244766505636,12.614063338701019,18.297101449275363,2.24771873322598,46.524422973698336,1.442565754159957,3.743961352657005,,0.9997316156736447,0.3153515834675255,0.026838432635534086,
36,13.325281803542673,12.614063338701019,18.793612453032743,3.207192699946323,47.57783145464305,1.261406333870102,1.892109500805153,,0.9997316156736447,0.30193236714975846,0.026838432635534086,
37,6.977992485238862,17.324208266237253,22.510735373054214,3.1602254428341383,45.65217391304348,1.1540526033279657,1.892109500805153,,0.9997316156736447,0.30193236714975846,0.026838432635534086,
38,7.078636607622115,17.143048845947398,22.282608695652176,2.885131508319914,45.1154052603328,1.1540526033279657,2.6704240472356413,,1.3419216317767042,0.30193236714975846,0.026838432635534086,
39,7.159151905528717,17.143048845947398,22.282608695652176,2.885131508319914,45.03488996242619,1.1540526033279657,2.6435856146001075,0.026838432635534086,1.3419216317767042,0.30193236714975846,0.026838432635534086,
40,6.830381105743425,17.09608158883521,19.77992485238862,2.9119699409554483,45.330112721417066,1.3419216317767042,5.018786902844874,0.026838432635534086,1.3352120236178207,0.30193236714975846,0.026838432635534086,
41,6.843800322061192,16.794149221685455,14.606816961889425,2.6838432635534084,51.42914653784219,1.3821792807300053,4.53569511540526,,1.3352120236178207,0.36231884057971014,0.026838432635534086,
42,6.863929146537842,16.740472356414386,18.337359098228664,2.717391304347826,47.88647342995169,1.1943102522812667,4.53569511540526,,1.3352120236178207,0.36231884057971014,0.026838432635534086,
43,6.910896403650026,16.720343531937736,18.310520665593128,2.717391304347826,47.88647342995169,1.1943102522812667,4.53569511540526,,1.3352120236178207,0.36231884057971014,0.026838432635534086,
44,6.998121309715513,16.700214707461082,18.283682232957595,2.7509393451422435,47.82608695652174,1.1943102522812667,4.522275899087493,,1.3352120236178207,0.36231884057971014,0.026838432635534086,
45,7.112184648416532,16.686795491143318,18.189747718733226,2.7509393451422435,47.71202361782072,1.3016639828234031,4.522275899087493,,1.3352120236178207,0.36231884057971014,0.026838432635534086,
46,7.152442297369833,16.485507246376812,17.881105743424584,2.717391304347826,47.58454106280193,1.596886741814278,4.414922168545357,,1.778046162104133,0.36231884057971014,0.026838432635534086,
47,7.159151905528717,16.451959205582394,17.881105743424584,2.7442297369833604,47.557702630166396,1.6237251744498122,4.414922168545357,,1.778046162104133,0.36231884057971014,0.026838432635534086,
48,7.192699946323135,16.438539989264626,17.06924315619968,2.6301663982823404,45.28314546430489,1.5767579173376274,7.722758990874933,,1.778046162104133,0.30864197530864196,,
49,7.192699946323135,16.33118625872249,17.022275899087493,2.771068169618894,45.249597423510465,1.5767579173376274,7.722758990874933,,1.778046162104133,0.35560923242082665,,
50,7.112184648416532,16.304347826086957,14.734299516908212,2.9119699409554483,48.31588835212023,1.261406333870102,7.253086419753086,,1.778046162104133,0.32877079978529256,,
51,7.011540526033279,16.223832528180353,17.485238862050455,2.9924852388620504,45.551529790660226,1.2546967257112185,7.232957595276436,,1.778046162104133,0.46967257112184646,,
52,6.964573268921095,16.210413311862588,14.99597423510467,2.9723564143853998,48.128019323671495,1.3083735909822867,7.232957595276436,,1.778046162104133,0.4092860976918948,,
53,6.957863660762212,16.210413311862588,11.882716049382717,2.6972624798711755,52.10681696188943,1.5432098765432098,6.5552871712292005,,1.778046162104133,0.2683843263553409,,
54,7.03166935050993,16.210413311862588,11.855877616747183,2.6972624798711755,52.05984970477724,1.5432098765432098,6.5552871712292005,,1.778046162104133,0.2683843263553409,,
55,6.991411701556629,15.157004830917874,10.487117552334944,2.771068169618894,54.7638217928073,1.3754696725711217,6.099033816425121,,2.15378421900161,0.20128824476650564,,
56,7.0450885668276975,15.116747181964573,10.487117552334944,2.791196994095545,54.61621041331186,1.4895330112721417,6.099033816425121,,2.15378421900161,0.20128824476650564,,
57,7.058507783145465,14.774557165861514,10.38647342995169,2.871712292002147,54.32769726247987,1.6371443907675791,6.092324208266238,,2.61003757380569,0.24154589371980675,,
58,7.058507783145465,14.761137949543746,10.38647342995169,2.9388083735909825,53.44202898550725,2.428878153515835,6.092324208266238,,2.6502952227589907,0.24154589371980675,,
59,6.964573268921095,14.734299516908212,22.52415458937198,2.2342995169082127,43.47826086956522,2.38191089640365,5.139559849704777,,2.2745571658615136,0.2683843263553409,,
60,6.991411701556629,14.720880300590446,22.52415458937198,2.2611379495437465,43.43800322061192,2.38191089640365,5.139559849704777,,2.2745571658615136,0.2683843263553409,,
61,7.112184648416532,14.720880300590446,22.48389694041868,2.2611379495437465,43.33735909822866,2.4221685453569513,5.119431025228127,,2.2745571658615136,0.2683843263553409,,
62,6.971282877079979,14.096886741814279,32.13231347289318,2.073268921095008,36.04401502952228,2.227589908749329,3.9318303811057436,,2.2745571658615136,0.24825550187869028,,
63,7.058507783145465,14.096886741814279,32.13231347289318,2.006172839506173,36.04401502952228,2.227589908749329,3.9318303811057436,,2.254428341384863,0.24825550187869028,,
64,7.092055823939882,14.04320987654321,32.13231347289318,2.033011272141707,36.03730542136339,2.227589908749329,3.9318303811057436,,2.254428341384863,0.24825550187869028,,
65,6.716317767042405,14.029790660225443,35.218733225979605,2.046430488459474,33.62855609232421,1.8988191089640365,3.9318303811057436,,2.254428341384863,0.27509393451422437,,
66,6.521739130434782,13.962694578636608,34.62157809983897,1.8786902844873858,31.884057971014492,1.8988191089640365,6.756575415995706,,2.2208803005904456,0.2549651100375738,,
67,6.528448738593666,13.94927536231884,34.614868491680085,1.90552871712292,31.884057971014492,1.8988191089640365,6.756575415995706,,2.2074610842726785,0.2549651100375738,,
68,6.568706387546968,13.94927536231884,34.48067632850242,1.8451422436929683,29.736983360171767,1.8988191089640365,8.964036500268385,,2.2074610842726785,0.3488996242619431,,
69,6.615673644659152,13.94927536231884,34.43370907139023,1.8451422436929683,29.643048845947398,1.9860440150295222,8.977455716586151,,2.200751476113795,0.3488996242619431,,
70,6.166129898013956,13.781535158346752,34.90338164251208,1.5901771336553945,29.58937198067633,1.9860440150295222,9.473966720343531,,2.1604938271604937,0.3488996242619431,,
71,6.286902844873859,13.754696725711218,34.856414385399894,1.5901771336553945,29.55582393988191,1.9860440150295222,9.473966720343531,,2.1604938271604937,0.33548040794417605,,
72,6.286902844873859,12.983091787439614,34.594739667203434,1.5901771336553945,29.502147074610843,2.01959205582394,10.299248523886206,,2.1604938271604937,0.5636070853462157,,
73,6.3137412775093935,12.332259796027913,34.58132045088567,2.24771873322598,29.49543746645196,2.01959205582394,10.285829307568438,,2.1604938271604937,0.5636070853462157,,
74,6.327160493827161,12.198067632850242,34.54777241009125,2.341653247450349,28.415190552871714,2.01959205582394,10.285829307568438,,3.3011272141706924,0.5636070853462157,,
75,6.353998926462695,12.06387546967257,34.272678475577024,2.341653247450349,28.026033279656467,2.509393451422437,10.285829307568438,,3.5829307568438002,0.5636070853462157,,
76,6.421095008051529,12.06387546967257,34.17203435319377,2.341653247450349,27.999194847020934,2.536231884057971,10.285829307568438,,3.5829307568438002,0.5971551261406334,,
77,6.488191089640365,12.037037037037036,34.13848631239936,2.341653247450349,27.999194847020934,2.536231884057971,10.279119699409554,,3.5829307568438002,0.5971551261406334,,
78,6.273483628556092,11.808910359634996,34.13848631239936,2.341653247450349,27.885131508319915,2.61003757380569,10.748792270531402,,3.5829307568438002,0.5971551261406334,0.013419216317767043,
79,6.005099302200751,11.714975845410628,25.295222758990874,2.576489533011272,39.26462694578637,1.7713365539452497,9.245840042941492,,3.5628019323671496,0.5300590445517982,0.03354804079441761,
80,6.045356951154052,11.694847020933977,25.295222758990874,2.5831991411701556,38.91572732152442,2.100107353730542,9.23913043478261,,3.5628019323671496,0.5300590445517982,0.03354804079441761,
81,6.0654857756307035,11.681427804616211,25.254965110037574,2.5831991411701556,38.66747181964573,2.341653247450349,9.23913043478261,,3.5292538915727323,0.5703166935050993,0.06709608158883522,
82,6.125872249060655,11.674718196457327,25.174449812130973,2.5831991411701556,38.62050456253355,2.341653247450349,9.23913043478261,,3.5292538915727323,0.644122383252818,0.06709608158883522,
83,6.099033816425121,11.634460547504025,25.623993558776167,2.5831991411701556,38.439345142243695,2.3752012882447664,9.225711218464841,,3.5292538915727323,0.4227053140096618,0.06709608158883522,
84,6.152710681696189,11.614331723027375,25.59044551798175,2.61003757380569,38.29844337090714,2.4892646269457863,9.225711218464841,,3.5292538915727323,0.4227053140096618,0.06709608158883522,
85,6.199677938808374,11.614331723027375,25.261674718196456,2.7777777777777777,38.06360708534621,2.8381642512077296,9.225711218464841,,3.5292538915727323,0.4227053140096618,0.06709608158883522,
86,5.958132045088567,23.10789049919485,18.9747718733226,2.757648953301127,35.238862050456255,1.402308105206656,8.675523349436393,,3.3816425120772946,0.4495437466451959,0.05367686527106817,
87,5.964841653247451,22.510735373054214,18.853998926462694,2.6972624798711755,35.238862050456255,1.402308105206656,8.662104133118627,,4.052603327965647,0.5636070853462157,0.05367686527106817,
88,5.9514224369296835,22.25577026301664,18.853998926462694,3.0394524959742353,35.16505636070853,1.402308105206656,8.662104133118627,,4.052603327965647,0.5636070853462157,0.05367686527106817,
89,5.844068706387547,22.22222222222222,31.49490069779925,2.737520128824477,22.933440687063875,1.3821792807300053,8.715780998389693,,3.938539989264627,0.6776704240472357,0.05367686527106817,
90,5.958132045088567,22.134997316156735,31.427804616210413,2.9388083735909825,22.779119699409556,1.4090177133655395,8.68894256575416,,3.9318303811057436,0.6776704240472357,0.05367686527106817,
91,5.9447128287707995,22.12157809983897,31.125872249060656,3.2139023081052067,22.779119699409556,1.4090177133655395,8.68894256575416,,3.9586688137412773,0.7045088566827697,0.05367686527106817,
92,5.984970477724101,22.12157809983897,30.877616747181964,3.2139023081052067,22.31615673644659,1.8518518518518519,8.682232957595277,,3.9586688137412773,0.9393451422436929,0.05367686527106817,
93,5.8239398819108965,21.584809447128286,32.729468599033815,3.180354267310789,21.967257112184647,1.7713365539452497,8.682232957595277,,3.2675791733762747,0.9393451422436929,0.05367686527106817,
94,5.589103596349974,21.571390230810522,22.24235104669887,2.8381642512077296,33.44068706387547,1.7713365539452497,8.682232957595277,,3.2675791733762747,0.5434782608695652,0.05367686527106817,
95,5.763553408480945,21.517713365539453,21.960547504025765,2.8784219001610305,33.340042941492214,1.8115942028985508,8.682232957595277,,3.2675791733762747,0.7246376811594203,0.05367686527106817,
96,5.8239398819108965,21.504294149221685,21.93370907139023,2.871712292002147,33.272946859903385,1.8384326355340848,8.682232957595277,,3.2675791733762747,0.7514761137949544,0.05367686527106817,
97,5.857487922705314,21.470746108427267,21.93370907139023,2.871712292002147,33.272946859903385,1.8384326355340848,8.682232957595277,,3.2675791733762747,0.7514761137949544,0.05367686527106817,
98,5.850778314546431,21.477455716586153,21.906870638754697,2.871712292002147,33.19914117015566,1.9256575415995705,8.682232957595277,,3.2675791733762747,0.7648953301127214,0.05367686527106817,
99,5.870907139023081,21.464036500268385,21.85319377348363,2.871712292002147,30.173107890499196,2.006172839506173,8.682232957595277,,6.1929683306494905,0.8319914117015567,0.05367686527106817,
100,5.877616747181965,21.35668276972625,21.85319377348363,2.9790660225442833,30.14626945786366,2.0397208803005906,8.668813741277509,,6.1929683306494905,0.8319914117015567,0.05367686527106817,
101,5.870907139023081,21.021202361782073,21.75925925925926,2.9388083735909825,30.139559849704778,2.0397208803005906,8.648684916800859,,6.696188942565755,0.8319914117015567,0.05367686527106817,
102,5.810520665593129,20.994363929146537,22.31615673644659,2.623456790123457,29.965110037573805,2.0397208803005906,8.400429414922169,,6.696188942565755,1.1003757380568975,0.05367686527106817,
103,5.6964573268921095,20.933977455716587,20.061728395061728,2.563070316693505,29.455179817498657,2.1068169618894257,11.386205045625335,,6.696188942565755,1.0466988727858293,0.05367686527106817,
104,5.723295759527644,20.9272678475577,20.061728395061728,2.5563607085346214,29.347826086956523,2.214170692431562,11.386205045625335,,6.655931293612453,1.0466988727858293,0.08051529790660225,
105,5.723295759527644,20.90042941492217,19.961084272678477,2.5831991411701556,29.28743961352657,2.3215244229736984,11.533816425120772,,6.655931293612453,0.95276435856146,0.08051529790660225,
106,5.803811057434245,20.90042941492217,19.93424584004294,2.5831991411701556,28.549382716049383,2.999194847020934,11.453301127214171,0.0939345142243693,6.655931293612453,0.9460547504025765,0.08051529790660225,
107,5.8239398819108965,20.90042941492217,19.93424584004294,2.5831991411701556,28.529253891572733,2.999194847020934,11.453301127214171,0.0939345142243693,6.655931293612453,0.9460547504025765,0.08051529790660225,
108,5.837359098228664,20.873590982286636,19.93424584004294,2.5966183574879227,28.468867418142782,2.999194847020934,11.453301127214171,0.0939345142243693,6.629092860976919,1.0332796564680622,0.08051529790660225,
109,5.904455179817498,20.82662372517445,19.87385936661299,2.8918411164787976,28.193773483628558,3.1199677938808374,11.453301127214171,0.0939345142243693,6.528448738593666,1.0332796564680622,0.08051529790660225,
110,5.9514224369296835,20.82662372517445,19.840311325818572,2.8918411164787976,28.113258185721953,3.1468062265163717,11.439881910896403,0.0939345142243693,6.528448738593666,1.0869565217391304,0.08051529790660225,
111,6.0654857756307035,20.79307568438003,19.81347289318304,2.9119699409554483,28.012614063338702,3.1736446591519054,11.439881910896403,0.0939345142243693,6.528448738593666,1.0869565217391304,0.08051529790660225,
112,6.011808910359635,20.632045088566827,19.57192699946323,3.5963499731615673,27.75764895330113,3.2139023081052067,11.392914653784219,0.1274825550187869,6.528448738593666,1.0869565217391304,0.08051529790660225,
113,6.052066559312936,20.632045088566827,19.57192699946323,3.7037037037037037,27.710681696188942,3.2139023081052067,11.379495437466453,0.06038647342995169,6.508319914117015,1.0869565217391304,0.08051529790660225,
114,6.1929683306494905,20.625335480407944,19.558507783145465,3.7037037037037037,27.58990874932904,3.2139023081052067,11.379495437466453,0.06038647342995169,6.508319914117015,1.0869565217391304,0.08051529790660225,
115,6.320450885668277,20.585077831454644,19.558507783145465,3.7037037037037037,27.395330112721417,3.240740740740741,11.037305421363392,0.4830917874396135,6.508319914117015,1.0869565217391304,0.08051529790660225,
116,6.3137412775093935,20.625335480407944,19.55179817498658,3.717122920021471,27.361782071927,3.240740740740741,11.030595813204508,0.4830917874396135,6.508319914117015,1.0869565217391304,0.08051529790660225,
117,6.347289318303811,20.605206655931294,19.538378958668815,3.717122920021471,27.361782071927,3.240740740740741,11.030595813204508,0.4830917874396135,6.508319914117015,1.0869565217391304,0.08051529790660225,
118,6.367418142780462,20.38378958668814,18.552066559312937,3.8915727321524423,27.147074610842726,3.2877079978529253,12.211486849168008,0.4830917874396135,6.508319914117015,1.0869565217391304,0.08051529790660225,
119,6.266774020397209,13.667471819645733,18.14278046162104,3.7775093934514223,26.44927536231884,3.140096618357488,20.417337627482556,0.4830917874396135,6.488191089640365,1.0869565217391304,0.08051529790660225,
120,6.374127750939345,13.667471819645733,18.12265163714439,3.743961352657005,26.37546967257112,3.126677402039721,20.417337627482556,0.4830917874396135,6.488191089640365,1.0869565217391304,0.08051529790660225,0.03354804079441761
121,6.481481481481482,13.667471819645733,18.095813204508858,3.743961352657005,26.33521202361782,3.126677402039721,20.35024154589372,0.4830917874396135,6.488191089640365,1.1137949543746646,0.08051529790660225,0.03354804079441761
122,6.582125603864735,13.667471819645733,18.08239398819109,3.743961352657005,26.29495437466452,3.126677402039721,20.323403113258184,0.4830917874396135,6.488191089640365,1.093666129898014,0.08051529790660225,0.03354804079441761
123,6.5485775630703165,13.580246913580247,16.11647879763822,3.743961352657005,29.1935050993022,3.099838969404187,20.075147611379496,0.4830917874396135,6.112453032742888,0.9326355340848095,0.08051529790660225,0.03354804079441761
124,6.595544820182502,13.573537305421363,16.11647879763822,3.743961352657005,29.1532474503489,3.099838969404187,20.075147611379496,0.4830917874396135,6.112453032742888,0.9326355340848095,0.08051529790660225,0.03354804079441761
125,6.696188942565755,13.560118089103597,16.035963499731615,3.743961352657005,29.139828234031132,3.099838969404187,20.041599570585078,0.4830917874396135,6.112453032742888,0.9728931830381106,0.08051529790660225,0.03354804079441761
126,6.6827697262479875,13.264895330112722,15.975577026301664,3.743961352657005,29.139828234031132,3.099838969404187,19.96779388083736,0.4830917874396135,6.5552871712292005,0.9728931830381106,0.08051529790660225,0.03354804079441761
127,6.696188942565755,13.24476650563607,15.58641975308642,3.743961352657005,29.126409017713364,3.3279656468062266,19.95437466451959,0.4830917874396135,6.749865807836822,0.9728931830381106,0.08051529790660225,0.03354804079441761
128,6.5552871712292005,13.24476650563607,15.378421900161031,3.643317230273752,26.50966183574879,2.7106816961889426,23.879495437466453,0.4830917874396135,6.588835212023618,0.8923778851315083,0.08051529790660225,0.03354804079441761
129,6.615673644659152,13.24476650563607,15.378421900161031,3.603059581320451,26.46940418679549,2.7106816961889426,23.906333870101985,0.5770263016639828,6.515029522275899,0.8655394524959742,0.08051529790660225,0.03354804079441761
130,6.689479334406871,13.24476650563607,14.78797638217928,4.1532474503489,26.44927536231884,2.703972088030059,23.879495437466453,0.5703166935050993,6.515029522275899,0.8923778851315083,0.08051529790660225,0.03354804079441761
131,6.696188942565755,13.24476650563607,14.78797638217928,4.1532474503489,26.442565754159958,2.703972088030059,23.879495437466453,0.5703166935050993,6.515029522275899,0.8923778851315083,0.08051529790660225,0.03354804079441761
132,6.461352657004831,13.103864734299517,15.734031132581856,4.1532474503489,26.127214170692433,2.5026838432635534,23.738593666129898,0.6776704240472357,6.515029522275899,0.8722490606548577,0.08051529790660225,0.03354804079441761
133,6.481481481481482,13.103864734299517,15.713902308105206,4.1532474503489,26.100375738056897,2.5496511003757383,23.718464841653248,0.6776704240472357,6.515029522275899,0.8722490606548577,0.08051529790660225,0.03354804079441761
134,5.636070853462158,12.70799785292539,12.546967257112184,4.019055287171229,33.762748255501876,2.01959205582394,23.59098228663446,0.6776704240472357,4.106280193236715,0.8454106280193237,0.05367686527106817,0.03354804079441761
135,5.662909286097692,12.694578636607622,12.177938808373591,4.019055287171229,31.266774020397207,1.9457863660762211,23.557434245840042,0.6776704240472357,6.991411701556629,0.9192163177670424,0.05367686527106817,0.03354804079441761
136,5.703166935050993,12.694578636607622,12.177938808373591,4.005636070853462,31.239935587761675,1.9726247987117553,23.49704777241009,0.7112184648416533,6.991411701556629,0.9192163177670424,0.05367686527106817,0.03354804079441761
137,5.4616210413311865,11.876006441223833,11.325818572195384,3.7037037037037037,35.648148148148145,1.8853998926462694,22.23564143853999,0.6239935587761675,6.233225979602791,0.9192163177670424,0.05367686527106817,0.03354804079441761
138,5.528717122920021,11.876006441223833,11.325818572195384,3.7037037037037037,35.507246376811594,1.9726247987117553,22.19538378958669,0.6508319914117016,6.199677938808374,0.9192163177670424,0.08722490606548577,0.03354804079441761
139,5.589103596349974,11.855877616747183,11.3191089640365,3.7037037037037037,35.507246376811594,1.9726247987117553,22.16183574879227,0.6508319914117016,6.199677938808374,0.9192163177670424,0.08722490606548577,0.03354804079441761
140,5.622651637144391,11.855877616747183,11.3191089640365,4.2270531400966185,35.017444981213096,1.9659151905528718,22.12157809983897,0.6508319914117016,6.199677938808374,0.8990874932903918,0.08722490606548577,0.03354804079441761
141,5.622651637144391,11.855877616747183,11.285560923242082,4.240472356414386,34.977187332259795,1.9927536231884058,22.12157809983897,0.6508319914117016,6.199677938808374,0.9326355340848095,0.08722490606548577,0.03354804079441761
142,5.595813204508857,11.855877616747183,10.963499731615673,4.240472356414386,34.977187332259795,1.9927536231884058,22.114868491680085,0.6508319914117016,6.199677938808374,1.288244766505636,0.08722490606548577,0.03354804079441761
143,5.60252281266774,11.33923778851315,12.546967257112184,4.072732152442297,34.64170692431562,1.9927536231884058,21.886741814278047,0.30864197530864196,6.199677938808374,1.288244766505636,0.08722490606548577,0.03354804079441761
144,5.609232420826624,11.231884057971014,12.466451959205582,4.394793344068707,34.37332259796028,2.073268921095008,21.81964573268921,0.30864197530864196,6.132581857219538,1.402308105206656,0.15432098765432098,0.03354804079441761
145,5.676328502415459,11.225174449812132,12.466451959205582,4.394793344068707,34.312936124530324,2.1068169618894257,21.806226516371442,0.322061191626409,6.099033816425121,1.402308105206656,0.15432098765432098,0.03354804079441761
146,5.703166935050993,11.225174449812132,12.412775093934513,4.394793344068707,34.312936124530324,2.1068169618894257,21.74584004294149,0.4092860976918948,6.099033816425121,1.402308105206656,0.15432098765432098,0.03354804079441761
147,5.703166935050993,11.18491680085883,12.406065485775631,4.394793344068707,34.11835748792271,2.2879763821792807,21.68545356951154,0.4495437466451959,6.179549114331723,1.402308105206656,0.15432098765432098,0.03354804079441761
148,5.730005367686527,11.178207192699947,12.406065485775631,4.394793344068707,34.11835748792271,2.281266774020397,21.672034353193773,0.4495437466451959,6.179549114331723,1.402308105206656,0.15432098765432098,0.03354804079441761
149,5.770263016639828,11.178207192699947,12.392646269457863,4.367954911433173,34.10493827160494,2.281266774020397,21.618357487922705,0.5032206119162641,6.1929683306494905,1.402308105206656,0.15432098765432098,0.03354804079441761
150,5.837359098228664,10.88298443370907,12.365807836822329,6.099033816425121,34.07809983896941,2.408749329039184,20.21604938271605,0.38915727321524424,6.166129898013956,1.3687600644122384,0.15432098765432098,0.03354804079441761
151,5.844068706387547,10.795759527643586,12.285292538915728,6.052066559312936,34.19887278582931,2.475845410628019,20.162372517444982,0.5300590445517982,6.125872249060655,1.3553408480944713,0.14090177133655393,0.03354804079441761
152,5.870907139023081,10.795759527643586,12.278582930756844,6.052066559312936,34.19887278582931,2.475845410628019,20.142243692968332,0.5300590445517982,6.125872249060655,1.3553408480944713,0.14090177133655393,0.03354804079441761
153,5.971551261406334,10.768921095008052,12.27187332259796,6.052066559312936,34.17203435319377,2.475845410628019,20.101986044015028,0.5300590445517982,6.125872249060655,1.3553408480944713,0.14090177133655393,0.03354804079441761
154,6.052066559312936,10.735373054213634,12.27187332259796,6.052066559312936,34.13848631239936,2.462426194310252,20.101986044015028,0.5300590445517982,6.125872249060655,1.3553408480944713,0.14090177133655393,0.03354804079441761
155,6.072195383789587,10.735373054213634,12.265163714439076,6.0654857756307035,34.024422973698336,2.5697799248523885,20.034889962426195,0.5300590445517982,6.125872249060655,1.402308105206656,0.14090177133655393,0.03354804079441761
156,6.139291465378422,10.735373054213634,12.198067632850242,6.0654857756307035,33.964036500268385,2.5697799248523885,20.02818035426731,0.5300590445517982,6.125872249060655,1.4694041867954912,0.14090177133655393,0.03354804079441761
157,6.125872249060655,10.695115405260333,10.084541062801932,6.0654857756307035,33.400429414922165,2.4691358024691357,23.067632850241544,0.5300590445517982,6.125872249060655,1.261406333870102,0.14090177133655393,0.03354804079441761
158,6.139291465378422,10.695115405260333,10.084541062801932,6.0654857756307035,33.393719806763286,2.4691358024691357,23.060923242082662,0.5300590445517982,6.125872249060655,1.261406333870102,0.14090177133655393,0.03354804079441761
159,6.179549114331723,10.695115405260333,10.084541062801932,6.0587761674718195,32.9777241009125,2.85829307568438,22.98040794417606,0.6038647342995169,6.125872249060655,1.261406333870102,0.14090177133655393,0.03354804079441761
160,6.246645195920558,10.68840579710145,10.084541062801932,6.038647342995169,32.9777241009125,2.8381642512077296,22.933440687063875,0.6038647342995169,6.132581857219538,1.261406333870102,0.14090177133655393,0.05367686527106817
161,6.327160493827161,10.68840579710145,10.084541062801932,6.038647342995169,32.8972088030059,2.8381642512077296,22.933440687063875,0.6038647342995169,6.132581857219538,1.261406333870102,0.14090177133655393,0.05367686527106817
162,6.347289318303811,10.68840579710145,10.084541062801932,6.0587761674718195,32.870370370370374,2.8650026838432634,22.946859903381643,0.6038647342995169,6.078904991948471,1.261406333870102,0.14090177133655393,0.05367686527106817
163,6.266774020397209,10.46027911969941,12.902576489533011,6.045356951154052,32.33360171765969,2.7979066022544283,21.22920021470746,0.5904455179817498,5.917874396135265,1.261406333870102,0.14090177133655393,0.05367686527106817
164,6.233225979602791,10.379763821792807,12.922705314009661,6.857219538378959,31.702898550724637,2.8247450348899625,21.195652173913043,0.5770263016639828,5.857487922705314,1.261406333870102,0.13419216317767044,0.05367686527106817
165,6.320450885668277,10.359634997316157,12.909286097691895,6.857219538378959,31.655931293612454,2.8247450348899625,21.195652173913043,0.5770263016639828,5.850778314546431,1.261406333870102,0.13419216317767044,0.05367686527106817
166,6.407675791733762,10.359634997316157,12.869028448738593,6.857219538378959,31.5955448201825,2.8515834675254963,21.182232957595275,0.5770263016639828,5.850778314546431,1.261406333870102,0.13419216317767044,0.05367686527106817
167,6.461352657004831,10.339506172839506,12.855609232420827,6.890767579173376,31.19296833064949,3.2139023081052067,21.162104133118625,0.5971551261406334,5.837359098228664,1.261406333870102,0.13419216317767044,0.05367686527106817
168,6.501610305958132,10.292538915727322,12.855609232420827,6.91760601180891,31.159420289855074,3.2474503488996245,21.141975308641975,0.5971551261406334,5.837359098228664,1.261406333870102,0.13419216317767044,0.05367686527106817
169,6.521739130434782,10.292538915727322,12.855609232420827,6.951154052603328,31.09903381642512,3.2877079978529253,21.108427267847556,0.5971551261406334,5.837359098228664,1.261406333870102,0.13419216317767044,0.05367686527106817
170,6.561996779388084,10.279119699409554,12.855609232420827,6.951154052603328,31.04535695115405,3.3145464304884595,21.108427267847556,0.5971551261406334,5.837359098228664,1.261406333870102,0.13419216317767044,0.05367686527106817
171,6.575415995705851,10.279119699409554,12.855609232420827,7.0383789586688135,30.99838969404187,3.2675791733762747,21.108427267847556,0.5971551261406334,5.83064949006978,1.261406333870102,0.13419216317767044,0.05367686527106817
172,6.66935050993022,10.265700483091788,12.828770799785293,7.0383789586688135,30.9447128287708,3.2675791733762747,21.108427267847556,0.5971551261406334,5.83064949006978,1.261406333870102,0.13419216317767044,0.05367686527106817
173,6.689479334406871,10.205314009661835,12.681159420289855,7.051798174986581,30.703166935050994,3.549382716049383,21.095008051529792,0.5971551261406334,5.971551261406334,1.2681159420289856,0.13419216317767044,0.05367686527106817
174,6.763285024154589,10.185185185185185,12.667740203972087,7.185990338164252,30.515297906602253,3.6231884057971016,21.034621578099838,0.5971551261406334,5.971551261406334,1.2681159420289856,0.13419216317767044,0.05367686527106817
175,6.8035426731078905,10.185185185185185,12.661030595813205,7.1658615136876005,30.48845947396672,3.6231884057971016,21.034621578099838,0.5971551261406334,5.964841653247451,1.2681159420289856,0.13419216317767044,0.07380568974771873
176,6.796833064949007,10.178475577026301,12.607353730542137,7.1658615136876005,29.87788513150832,3.488996242619431,21.041331186258724,0.5837359098228664,6.78341384863124,1.2681159420289856,0.13419216317767044,0.07380568974771873
177,6.816961889425658,10.158346752549651,12.607353730542137,7.1658615136876005,29.87788513150832,3.488996242619431,21.041331186258724,0.5837359098228664,6.78341384863124,1.2681159420289856,0.13419216317767044,0.07380568974771873
178,6.850509930220075,9.232420826623725,12.607353730542137,6.696188942565755,29.797369833601717,3.475577026301664,22.604669887278583,0.5837359098228664,6.709608158883521,1.2345679012345678,0.13419216317767044,0.07380568974771873
179,6.937734836285561,9.225711218464841,12.721417069243156,6.515029522275899,29.280730005367687,3.1468062265163717,23.845947396672035,0.5837359098228664,6.300322061191626,1.2345679012345678,0.13419216317767044,0.07380568974771873
180,6.910896403650026,9.111647879763822,12.446323134728932,6.4345142243692965,29.260601180891037,3.3548040794417604,24.168008588298445,0.5837359098228664,6.246645195920558,1.2345679012345678,0.17444981213097155,0.07380568974771873
181,6.816961889425658,9.07139023081052,13.499731615673644,6.4345142243692965,29.09957058507783,3.488996242619431,23.698336017176597,0.5434782608695652,5.857487922705314,1.2681159420289856,0.1610305958132045,0.06038647342995169
182,6.843800322061192,9.07139023081052,13.499731615673644,6.494900697799249,28.891572732152444,3.556092324208266,23.67149758454106,0.6239935587761675,5.8172302737520125,1.2681159420289856,0.20128824476650564,0.06038647342995169
183,6.843800322061192,9.07139023081052,13.47289318303811,6.508319914117015,28.884863123993558,3.6768652710681695,23.537305421363392,0.6239935587761675,5.8172302737520125,1.3016639828234031,0.20128824476650564,0.06038647342995169
184,6.870638754696726,9.07139023081052,13.47289318303811,6.494900697799249,28.884863123993558,3.6768652710681695,23.403113258185723,0.7447665056360708,5.8172302737520125,1.3016639828234031,0.20128824476650564,0.06038647342995169
185,6.937734836285561,9.07139023081052,13.45276435856146,6.494900697799249,28.884863123993558,3.670155662909286,23.389694041867955,0.7447665056360708,5.790391841116479,1.3016639828234031,0.20128824476650564,0.06038647342995169
186,6.991411701556629,9.064680622651638,13.45276435856146,6.494900697799249,28.81105743424584,3.7372517444981215,23.349436392914654,0.7447665056360708,5.790391841116479,1.3016639828234031,0.20128824476650564,0.06038647342995169
187,7.018250134192163,9.064680622651638,13.439345142243694,6.481481481481482,28.81105743424584,3.7372517444981215,23.336017176596886,0.7447665056360708,5.790391841116479,1.3150831991411702,0.20128824476650564,0.06038647342995169
188,7.0450885668276975,9.03113258185722,13.43263553408481,6.508319914117015,28.79092860976919,3.7372517444981215,23.242082662372518,0.8454106280193237,5.790391841116479,1.3150831991411702,0.20128824476650564,0.06038647342995169
189,5.10601180891036,5.683038110574342,12.5,5.374396135265701,37.533548040794415,3.784219001610306,22.36983360171766,0.8454106280193237,5.10601180891036,1.4559849704777241,0.19457863660762212,0.04696725711218465
190,5.12614063338701,5.683038110574342,12.473161567364466,5.374396135265701,37.4597423510467,3.864734299516908,22.36983360171766,0.8454106280193237,5.10601180891036,1.4559849704777241,0.19457863660762212,0.04696725711218465
191,5.139559849704777,5.683038110574342,12.453032742887816,5.374396135265701,37.4597423510467,3.864734299516908,22.22222222222222,0.9460547504025765,5.10601180891036,1.4559849704777241,0.24825550187869028,0.04696725711218465
192,5.092592592592593,5.683038110574342,12.31213097155126,5.374396135265701,37.27858293075684,3.898282340311326,21.81964573268921,1.107085346215781,5.683038110574342,1.4559849704777241,0.24825550187869028,0.04696725711218465
193,5.10601180891036,5.683038110574342,12.31213097155126,5.374396135265701,37.27187332259796,3.8915727321524423,21.81964573268921,1.107085346215781,5.683038110574342,1.4559849704777241,0.24825550187869028,0.04696725711218465
194,5.293880837359098,5.662909286097692,12.332259796027913,5.374396135265701,37.05716586151369,3.9318303811057436,21.806226516371442,1.107085346215781,5.642780461621041,1.4962426194310252,0.24825550187869028,0.04696725711218465
195,5.501878690284487,5.662909286097692,12.318840579710145,5.340848094471283,36.93639291465379,3.92512077294686,21.806226516371442,1.107085346215781,5.615942028985507,1.4895330112721417,0.24825550187869028,0.04696725711218465
196,5.522007514761138,5.5689747718733225,13.211218464841654,5.072463768115942,36.922973698336016,3.92512077294686,21.034621578099838,1.0869565217391304,5.870907139023081,1.4895330112721417,0.24825550187869028,0.04696725711218465
197,5.589103596349974,5.5689747718733225,13.18438003220612,5.072463768115942,36.922973698336016,3.92512077294686,21.014492753623188,1.0802469135802468,5.857487922705314,1.4895330112721417,0.24825550187869028,0.04696725711218465
198,5.609232420826624,5.5689747718733225,13.18438003220612,5.072463768115942,36.922973698336016,3.92512077294686,21.007783145464305,1.06682769726248,5.857487922705314,1.4895330112721417,0.24825550187869028,0.04696725711218465
199,5.683038110574342,5.5689747718733225,13.157541599570585,5.052334943639291,36.87600644122383,3.9586688137412773,20.98094471282877,1.06682769726248,5.857487922705314,1.5029522275899088,0.24825550187869028,0.04696725711218465
200,5.736714975845411,5.5689747718733225,13.137412775093935,5.052334943639291,36.8491680085883,3.9586688137412773,20.92055823939882,1.06682769726248,5.857487922705314,1.5230810520665594,0.28180354267310787,0.04696725711218465
