,45,50,53,55,52,51,56,54,57,58
0,99.73832528180354,0.2616747181964573,,,,,,,,
1,84.73564143853999,15.26435856146001,,,,,,,,
2,83.9170692431562,16.0829307568438,,,,,,,,
3,83.9170692431562,16.0829307568438,,,,,,,,
4,82.50805152979066,17.49194847020934,,,,,,,,
5,81.85721953837896,18.14278046162104,,,,,,,,
6,74.97316156736447,25.026838432635532,,,,,,,,
7,69.47799248523886,29.938271604938272,0.4562533548040794,0.1274825550187869,,,,,,
8,63.36553945249597,36.05072463768116,0.4562533548040794,0.1274825550187869,,,,,,
9,63.519860440150296,35.89640365002684,0.4562533548040794,0.1274825550187869,,,,,,
10,54.47530864197531,44.806763285024154,0.4562533548040794,0.2616747181964573,,,,,,
11,53.7842190016103,43.04884594739667,2.4691358024691357,0.2616747181964573,0.43612453032742887,,,,,
12,53.837895866881375,42.40472356414385,1.1943102522812667,0.2616747181964573,2.301395598497048,,,,,
13,53.80434782608695,42.44498121309716,1.1943102522812667,0.2549651100375738,2.301395598497048,,,,,
14,52.99919484702093,43.25013419216318,1.1943102522812667,0.2549651100375738,2.301395598497048,,,,,
15,50.214707461084274,47.134997316156735,1.0735373054213635,0.46967257112184646,1.107085346215781,,,,,
16,47.054482018250134,50.295222758990874,1.0735373054213635,0.46967257112184646,1.107085346215781,,,,,
17,47.04106280193237,50.30864197530864,1.0735373054213635,0.46967257112184646,1.107085346215781,,,,,
18,43.57890499194847,53.77079978529254,1.0735373054213635,0.46967257112184646,1.107085346215781,,,,,
19,40.96886741814278,48.22195383789587,0.8387010198604401,0.2147074610842727,3.8043478260869565,5.9514224369296835,,,,
20,40.98899624261943,48.20182501341922,0.8387010198604401,0.2147074610842727,3.8043478260869565,5.8239398819108965,0.1274825550187869,,,
21,41.14331723027375,48.067632850241544,0.8387010198604401,0.2147074610842727,3.6768652710681695,5.8172302737520125,0.24154589371980675,,,
22,40.727321524422976,47.819377348362856,0.8387010198604401,0.2147074610842727,3.6768652710681695,6.394256575415996,0.24154589371980675,0.08722490606548577,,
23,40.78770799785293,47.758990874932906,0.8387010198604401,0.2147074610842727,3.6768652710681695,6.394256575415996,0.24154589371980675,0.08722490606548577,,
24,40.86822329575953,47.5979602791197,0.8387010198604401,0.32877079978529256,3.6768652710681695,6.360708534621578,0.24154589371980675,0.08722490606548577,,
25,39.50617283950617,43.21658615136876,3.965378421900161,0.32877079978529256,3.6097691894793345,9.044551798174986,0.24154589371980675,0.08722490606548577,,
26,39.64707461084273,43.03542673107891,3.965378421900161,0.5367686527106817,3.6097691894793345,8.930488459473967,0.1878690284487386,0.08722490606548577,,
27,39.76784755770263,42.975040257648956,3.965378421900161,0.5367686527106817,3.5963499731615673,8.883521202361782,0.1878690284487386,0.08722490606548577,,
28,39.97584541062802,42.7938808373591,3.965378421900161,0.5367686527106817,3.5963499731615673,8.856682769726248,0.1878690284487386,0.08722490606548577,,
29,40.063070316693505,41.136607622114866,5.60252281266774,0.5367686527106817,3.569511540526033,8.816425120772946,0.1878690284487386,0.08722490606548577,,
30,40.09661835748792,40.87493290391841,5.897745571658615,0.5367686527106817,3.5426731078904994,8.776167471819646,0.1878690284487386,0.08722490606548577,,
31,40.03623188405797,40.96886741814278,5.864197530864198,0.5367686527106817,3.5426731078904994,8.776167471819646,0.1878690284487386,0.08722490606548577,,
32,38.00322061191626,39.72758990874933,5.776972624798712,0.5367686527106817,10.721953837895867,4.958400429414922,0.1878690284487386,0.08722490606548577,,
33,38.05018786902845,39.398819108964034,5.776972624798712,0.8387010198604401,10.721953837895867,4.938271604938271,0.1878690284487386,0.08722490606548577,,
34,38.04347826086956,39.44578636607622,5.776972624798712,0.8387010198604401,10.681696188942565,4.938271604938271,0.1878690284487386,0.08722490606548577,,
35,38.13070316693505,38.097155126140635,5.615942028985507,0.8252818035426731,10.46027911969941,5.22007514761138,0.6172839506172839,1.0332796564680622,,
36,37.80864197530864,36.02388620504563,5.595813204508857,0.8252818035426731,12.392646269457863,5.709876543209877,0.6105743424584005,1.0332796564680622,,
37,33.756038647343,41.4922168545357,5.595813204508857,0.8252818035426731,12.379227053140097,5.226784755770263,0.6105743424584005,0.11406333870101985,,
38,32.608695652173914,40.19055287171229,5.595813204508857,0.7112184648416533,12.332259796027913,7.836822329575953,0.6105743424584005,0.11406333870101985,,
39,32.80327428878154,40.08990874932904,5.595813204508857,0.7112184648416533,12.305421363392378,7.769726247987117,0.6105743424584005,0.11406333870101985,,
40,26.496242619431026,49.69135802469136,5.595813204508857,0.7112184648416533,9.567901234567902,7.105475040257649,0.6105743424584005,0.2214170692431562,,
41,26.650563607085346,49.543746645195924,5.589103596349974,0.7112184648416533,9.567901234567902,7.105475040257649,0.6105743424584005,0.2214170692431562,,
42,26.778046162104133,48.711755233494365,5.448201825013419,1.6170155662909287,9.567901234567902,7.092055823939882,0.5636070853462157,0.2214170692431562,,
43,26.744498121309714,47.698604401502955,7.024959742351046,1.6170155662909287,9.05126140633387,7.078636607622115,0.5636070853462157,0.2214170692431562,,
44,26.610305958132045,47.839506172839506,7.024959742351046,1.6170155662909287,9.017713365539452,7.03166935050993,0.6374127750939346,0.2214170692431562,,
45,26.690821256038646,47.799248523886206,6.998121309715513,1.6035963499731616,9.017713365539452,7.03166935050993,0.6374127750939346,0.2214170692431562,,
46,26.8719806763285,47.68518518518518,6.984702093397746,1.5901771336553945,9.017713365539452,7.004830917874396,0.6239935587761675,0.2214170692431562,,
47,26.308373590982285,42.40472356414385,6.977992485238862,1.5230810520665594,14.942297369833602,6.998121309715513,0.6239935587761675,0.2214170692431562,,
48,26.120504562533547,39.15727321524423,6.320450885668277,1.5230810520665594,13.050187869028449,13.24476650563607,0.36231884057971014,0.2214170692431562,,
49,17.59259259259259,55.501878690284485,7.669082125603865,1.3150831991411702,6.414385399892646,11.144659151905529,0.2281266774020397,0.13419216317767044,,
50,17.74020397208803,53.234031132581855,7.5281803542673105,1.2949543746645196,4.327697262479871,15.539452495974235,0.2281266774020397,0.10735373054213634,,
51,17.98174986580784,52.79119699409554,7.5281803542673105,1.5297906602254427,4.30756843800322,15.445517981749866,0.30864197530864196,0.10735373054213634,,
52,18.055555555555557,51.82501341921632,7.494632313472893,1.5297906602254427,4.30756843800322,15.01610305958132,0.30864197530864196,1.4626945786366077,,
53,18.14278046162104,51.76462694578637,7.467793880837359,1.5297906602254427,4.30756843800322,14.955716586151368,0.36902844873859364,1.4626945786366077,,
54,18.283682232957595,50.85212023617821,7.467793880837359,1.5633387010198605,4.30756843800322,14.928878153515834,0.36902844873859364,2.227589908749329,,
55,18.451422436929683,50.72463768115942,7.434245840042942,1.6371443907675791,3.629898013955985,14.432367149758454,0.36902844873859364,3.321256038647343,,
56,17.934782608695652,50.93263553408481,7.4208266237251745,1.9592055823939882,3.629898013955985,14.432367149758454,0.36902844873859364,3.321256038647343,,
57,17.01556629092861,46.98067632850242,7.37385936661299,1.8317230273752012,5.381105743424584,17.800590445517983,0.30864197530864196,3.307836822329576,,
58,16.820987654320987,45.66559312936125,7.37385936661299,1.8317230273752012,6.320450885668277,18.370907139023082,0.30864197530864196,3.307836822329576,,
59,16.59957058507783,43.142780461621044,7.326892109500805,1.7310789049919484,6.910896403650026,20.67230273752013,0.30864197530864196,3.307836822329576,,
60,16.6129898013956,42.881105743424584,7.326892109500805,1.9994632313472893,6.910896403650026,20.652173913043477,0.30864197530864196,3.307836822329576,,
61,16.841116478797638,42.693236714975846,7.326892109500805,2.1068169618894257,6.910896403650026,20.50456253354804,0.30864197530864196,3.307836822329576,,
62,16.820987654320987,41.76060118089104,7.078636607622115,2.5026838432635534,8.78287707997853,19.585346215780998,0.30864197530864196,3.1602254428341383,,
63,16.935050993022006,41.5727321524423,7.078636607622115,2.61003757380569,8.769457863660762,19.565217391304348,0.30864197530864196,3.1602254428341383,,
64,17.236983360171767,41.49892646269458,7.078636607622115,2.61003757380569,8.729200214707461,19.404186795491142,0.30864197530864196,3.1333870101986045,,
65,17.176596886741816,36.65458937198068,6.991411701556629,2.3349436392914655,8.53462157809984,24.88593666129898,0.30864197530864196,3.113258185721954,,
66,17.357756307031668,36.45330112721417,6.991411701556629,2.4825550187869028,8.507783145464305,24.818840579710145,0.30864197530864196,3.079710144927536,,
67,17.49194847020934,36.46672034353194,6.991411701556629,2.4557165861513686,8.480944712828771,24.724906065485776,0.30864197530864196,3.079710144927536,,
68,17.612721417069242,36.35265700483092,6.877348362855609,2.4557165861513686,8.319914117015566,24.718196457326894,0.30864197530864196,3.066290928609769,0.17444981213097155,0.11406333870101985
69,17.941492216854535,36.090982286634464,6.877348362855609,2.4557165861513686,8.319914117015566,24.664519592055825,0.30864197530864196,3.052871712292002,0.17444981213097155,0.11406333870101985
70,18.02200751476114,36.05072463768116,6.877348362855609,2.4557165861513686,8.319914117015566,24.4699409554482,0.46296296296296297,3.052871712292002,0.17444981213097155,0.11406333870101985
71,16.948470209339774,35.668276972624795,6.863929146537842,2.4557165861513686,8.246108427267847,26.01315083199141,0.46296296296296297,3.052871712292002,0.17444981213097155,0.11406333870101985
72,17.06924315619968,35.587761674718195,6.837090713902308,2.4557165861513686,8.246108427267847,26.01315083199141,0.46296296296296297,3.0394524959742353,0.17444981213097155,0.11406333870101985
73,15.707192699946322,35.45356951154053,6.837090713902308,2.4557165861513686,8.232689210950081,27.469135802469136,0.5166398282340311,3.0394524959742353,0.17444981213097155,0.11406333870101985
74,15.807836822329575,34.75577026301664,6.837090713902308,2.8381642512077296,7.85024154589372,27.36849168008588,0.5166398282340311,3.7372517444981215,0.17444981213097155,0.11406333870101985
75,16.029253891572733,34.574610842726784,6.662640901771336,3.0327428878153517,7.836822329575953,27.334943639291467,0.5166398282340311,3.7238325281803544,0.17444981213097155,0.11406333870101985
76,16.089640365002683,34.54777241009125,6.662640901771336,3.0327428878153517,7.816693505099302,27.334943639291467,0.5166398282340311,3.7104133118625873,0.17444981213097155,0.11406333870101985
77,16.61969940955448,34.25925925925926,6.642512077294686,3.0327428878153517,7.769726247987117,27.180622651637144,0.5166398282340311,3.6902844873859366,0.17444981213097155,0.11406333870101985
78,16.6129898013956,32.6154052603328,6.622383252818035,2.717391304347826,7.675791733762749,27.26113794954375,0.43612453032742887,5.770263016639828,0.17444981213097155,0.11406333870101985
79,15.74074074074074,33.621846484165324,6.622383252818035,2.831454643048846,7.561728395061729,27.20746108427268,0.43612453032742887,5.689747718733226,0.17444981213097155,0.11406333870101985
80,15.619967793880837,33.45410628019324,6.481481481481482,2.831454643048846,8.299785292538916,27.200751476113794,0.43612453032742887,5.475040257648954,0.08722490606548577,0.11406333870101985
81,15.526033279656469,32.689210950080515,5.703166935050993,2.7643585614600106,10.36634460547504,27.167203435319376,0.43612453032742887,5.146269457863661,0.08722490606548577,0.11406333870101985
82,15.727321524422974,32.59527643585615,5.629361245303274,2.7509393451422435,10.352925389157273,27.079978529253893,0.43612453032742887,5.146269457863661,0.08722490606548577,0.19457863660762212
83,15.942028985507246,32.56843800322061,5.622651637144391,2.7509393451422435,10.218733225979603,27.033011272141707,0.43612453032742887,5.146269457863661,0.08722490606548577,0.19457863660762212
84,15.98899624261943,32.326892109500804,5.609232420826624,2.7442297369833604,10.218733225979603,26.986044015029524,0.43612453032742887,5.407944176060118,0.08722490606548577,0.19457863660762212
85,16.13660762211487,32.306763285024154,5.609232420826624,2.703972088030059,10.19189479334407,26.959205582393988,0.43612453032742887,5.374396135265701,0.08722490606548577,0.19457863660762212
86,16.391572732152444,32.14573268921095,5.609232420826624,2.703972088030059,10.19189479334407,26.86527106816962,0.43612453032742887,5.374396135265701,0.08722490606548577,0.19457863660762212
87,16.6129898013956,31.97799248523886,5.58239398819109,2.703972088030059,10.178475577026301,26.86527106816962,0.43612453032742887,5.360976918947934,0.08722490606548577,0.19457863660762212
88,11.668008588298443,55.65619967793881,5.367686527106817,2.690552871712292,3.2139023081052067,17.24369296833065,0.3824476650563607,3.5963499731615673,,0.18115942028985507
89,11.741814278046162,55.52871712292002,5.367686527106817,2.7643585614600106,3.207192699946323,17.23027375201288,0.3824476650563607,3.5963499731615673,,0.18115942028985507
90,11.929683306494901,55.381105743424584,5.367686527106817,2.7643585614600106,3.1870638754696725,17.21014492753623,0.3824476650563607,3.5963499731615673,,0.18115942028985507
91,12.016908212560386,55.30730005367686,5.35426731078905,2.7643585614600106,3.1870638754696725,17.21014492753623,0.3824476650563607,3.5963499731615673,,0.18115942028985507
92,11.882716049382717,53.166935050993025,7.6556629092860975,2.7643585614600106,3.1870638754696725,17.183306494900698,0.3824476650563607,3.5963499731615673,,0.18115942028985507
93,12.04374664519592,48.8593666129898,7.648953301127214,3.2474503488996245,3.1736446591519054,17.12962962962963,0.3824476650563607,7.333601717659689,,0.18115942028985507
94,12.245034889962426,48.65807836822329,7.648953301127214,3.2474503488996245,3.1736446591519054,17.12962962962963,0.3824476650563607,7.333601717659689,,0.18115942028985507
95,12.338969404186795,48.53730542136339,7.648953301127214,3.2474503488996245,3.1736446591519054,17.156468062265162,0.3824476650563607,7.333601717659689,,0.18115942028985507
96,12.453032742887816,46.45061728395062,7.608695652173913,6.078904991948471,3.1736446591519054,17.09608158883521,0.3824476650563607,6.575415995705851,,0.18115942028985507
97,12.412775093934513,44.618894256575416,9.749060654857756,6.0654857756307035,3.113258185721954,17.09608158883521,0.3824476650563607,6.561996779388084,,
98,12.593934514224369,44.43102522812668,9.722222222222221,6.1929683306494905,3.113258185721954,17.022275899087493,0.3824476650563607,6.541867954911433,,
99,12.714707461084272,44.20289855072464,9.722222222222221,6.353998926462695,3.1065485775630703,16.99543746645196,0.3824476650563607,6.521739130434782,,
100,12.855609232420827,44.115673644659154,9.722222222222221,6.327160493827161,3.1065485775630703,16.99543746645196,0.3824476650563607,6.494900697799249,,
101,12.909286097691895,43.98819108964037,9.829575952764358,6.206387546967257,3.9049919484702094,15.304616210413311,0.2281266774020397,7.628824476650563,,
102,13.01663982823403,43.73993558776167,9.822866344605474,6.347289318303811,3.9586688137412773,15.257648953301127,0.2281266774020397,7.628824476650563,,
103,13.211218464841654,43.63258185721954,9.822866344605474,6.501610305958132,3.9184111647879765,15.076489533011273,0.2281266774020397,7.608695652173913,,
104,13.459473966720344,42.72678475577026,11.627750939345143,6.3070316693505095,3.9184111647879765,14.949006977992486,0.2281266774020397,6.78341384863124,,
105,13.513150831991412,42.69994632313473,11.627750939345143,6.3070316693505095,3.9184111647879765,14.922168545356952,0.2281266774020397,6.78341384863124,,
106,13.513150831991412,42.29736983360172,11.574074074074074,6.253354804079442,3.9184111647879765,14.922168545356952,0.2281266774020397,7.2933440687063875,,
107,13.546698872785829,42.28395061728395,11.574074074074074,6.253354804079442,3.9184111647879765,14.922168545356952,0.2281266774020397,7.273215244229737,,
108,13.727858293075684,40.45893719806763,14.2914653784219,6.253354804079442,3.911701556629093,14.875201288244767,0.2281266774020397,6.253354804079442,,
109,12.701288244766506,41.82769726247987,14.27133655394525,6.414385399892646,3.898282340311326,14.418947933440688,0.2281266774020397,6.239935587761675,,
110,12.989801395598498,41.71363392377885,14.150563607085346,6.347289318303811,3.898282340311326,14.36527106816962,0.2281266774020397,6.1862587224906065,0.12077294685990338,
111,13.050187869028449,41.686795491143315,13.707729468599034,6.347289318303811,3.898282340311326,14.345142243692969,0.2281266774020397,6.629092860976919,0.10735373054213634,
112,13.16425120772947,41.4922168545357,13.694310252281268,6.5485775630703165,3.898282340311326,14.345142243692969,0.2281266774020397,6.521739130434782,0.10735373054213634,
113,13.305152979066023,41.378153515834676,13.674181427804616,6.5485775630703165,3.898282340311326,14.345142243692969,0.2281266774020397,6.515029522275899,0.10735373054213634,
114,13.01663982823403,39.720880300590444,13.58695652173913,6.166129898013956,7.347020933977456,14.331723027375201,0.2281266774020397,5.495169082125604,0.10735373054213634,
115,13.191089640365004,39.210950080515296,13.446054750402576,6.119162640901771,7.313472893183038,13.982823403113258,0.2281266774020397,6.400966183574879,0.10735373054213634,
116,13.110574342458401,39.12372517444981,13.083735909822867,6.119162640901771,9.41358024691358,12.446323134728932,0.2281266774020397,6.367418142780462,0.10735373054213634,
117,13.16425120772947,38.84192163177671,13.083735909822867,6.119162640901771,9.41358024691358,12.439613526570048,0.2281266774020397,6.602254428341385,0.10735373054213634,
118,13.298443370907139,38.707729468599034,13.043478260869565,6.266774020397209,9.380032206119163,12.419484702093397,0.2281266774020397,6.5485775630703165,0.10735373054213634,
119,13.808373590982287,38.56682769726248,13.009930220075148,6.219806763285024,9.306226516371444,12.204777241009126,0.2281266774020397,6.5485775630703165,0.10735373054213634,
120,13.935856146001074,37.30542136339238,13.003220611916264,7.434245840042942,9.27938808373591,12.191358024691358,0.2281266774020397,6.515029522275899,0.10735373054213634,
121,14.170692431561998,37.17793880837359,12.915995705850777,7.50805152979066,9.265968867418144,12.171229200214707,0.2281266774020397,6.454643048845948,0.10735373054213634,
122,14.244498121309716,36.9699409554482,13.103864734299517,7.494632313472893,9.245840042941492,12.171229200214707,0.2281266774020397,6.4345142243692965,0.10735373054213634,
123,14.459205582393988,36.86929683306495,13.097155126140633,7.454374664519592,9.125067096081589,12.157809983896941,0.33548040794417605,6.394256575415996,0.10735373054213634,
124,14.398819108964037,36.272141706924316,11.896135265700483,7.7361782071927,10.896403650026839,11.963231347289318,0.33548040794417605,6.394256575415996,0.10735373054213634,
125,14.801395598497047,36.191626409017715,11.728395061728396,7.669082125603865,10.896403650026839,11.876006441223833,0.33548040794417605,6.394256575415996,0.10735373054213634,
126,14.573268921095009,35.68169618894257,11.688137412775093,7.669082125603865,10.836017176596886,12.714707461084272,0.33548040794417605,6.394256575415996,0.10735373054213634,
127,14.553140096618357,34.044551798174986,13.036768652710682,6.91760601180891,10.802469135802468,12.681159420289855,0.33548040794417605,7.521470746108427,0.10735373054213634,
128,14.707461084272678,33.97745571658615,12.99651100375738,6.89747718733226,10.802469135802468,12.654320987654321,0.33548040794417605,7.521470746108427,0.10735373054213634,
129,14.727589908749328,33.77616747181965,12.983091787439614,6.689479334406871,10.715244229736983,13.6808910359635,0.33548040794417605,6.984702093397746,0.10735373054213634,
130,14.861782071927,33.561460010735374,12.962962962962964,6.830381105743425,10.587761674718196,13.667471819645733,0.4428341384863124,6.977992485238862,0.10735373054213634,
131,14.97584541062802,33.53462157809984,12.962962962962964,6.991411701556629,10.527375201288244,13.479602791196994,0.4428341384863124,6.977992485238862,0.10735373054213634,
132,15.029522275899087,33.52120236178207,12.962962962962964,6.991411701556629,10.50053676865271,13.479602791196994,0.4428341384863124,6.964573268921095,0.10735373054213634,
133,15.136876006441224,33.47423510466989,12.962962962962964,6.977992485238862,10.299248523886206,13.466183574879228,0.6105743424584005,6.964573268921095,0.10735373054213634,
134,14.63365539452496,32.058507783145465,10.59447128287708,5.300590445517981,18.08239398819109,13.33870101986044,0.6105743424584005,5.381105743424584,,
135,14.734299516908212,31.796833064949006,10.527375201288244,5.394524959742351,18.411164787976382,13.231347289318304,0.6105743424584005,5.293880837359098,,
136,14.606816961889425,31.723027375201287,10.527375201288244,5.615942028985507,18.364197530864196,13.211218464841654,0.6105743424584005,5.340848094471283,,
137,14.700751476113794,31.608964036500268,10.487117552334944,5.730005367686527,18.33064949006978,13.191089640365004,0.6105743424584005,5.340848094471283,,
138,14.868491680085883,31.602254428341386,10.466988727858293,5.71658615136876,18.203166935050994,13.191089640365004,0.6105743424584005,5.340848094471283,,
139,14.55984970477724,31.46135265700483,10.238862050456254,5.703166935050993,18.203166935050994,14.049919484702093,0.6105743424584005,5.173107890499195,,
140,14.888620504562533,31.300322061191626,10.205314009661835,5.642780461621041,18.16290928609769,14.049919484702093,0.6105743424584005,5.139559849704777,,
141,14.096886741814279,26.798174986580783,10.064412238325282,4.8443370907139025,25.89908749329039,13.828502415458937,0.6105743424584005,3.8580246913580245,,
142,14.465915190552872,26.69753086419753,10.00402576489533,4.770531400966184,25.845410628019323,13.747987117552334,0.6105743424584005,3.8580246913580245,,
143,14.586688137412775,26.48953301127214,9.990606548577563,5.005367686527107,25.295222758990874,13.734567901234568,0.6105743424584005,3.8580246913580245,0.4294149221685454,
144,14.65378421900161,26.46940418679549,9.990606548577563,5.246913580246914,25.046967257112186,13.707729468599034,0.6105743424584005,3.8580246913580245,0.41599570585077833,
145,13.808373590982287,23.63123993558776,7.9039184111647875,4.978529253891573,24.59742351046699,20.276435856146,0.6105743424584005,3.7775093934514223,0.41599570585077833,
146,14.009661835748792,23.544015029522274,7.997852925389157,4.978529253891573,24.44310252281267,20.222758990874933,0.6105743424584005,3.7775093934514223,0.41599570585077833,
147,14.130434782608695,23.429951690821255,7.997852925389157,4.871175523349437,24.40955448201825,20.12211486849168,0.7783145464304885,3.844605475040258,0.41599570585077833,
148,14.278046162104133,23.013955984970476,8.05823939881911,5.300590445517981,24.241814278046164,20.068438003220614,0.7783145464304885,3.844605475040258,0.41599570585077833,
149,14.620236178207193,22.973698336017176,8.044820182501342,5.260332796564681,24.174718196457327,19.92753623188406,0.7783145464304885,3.8043478260869565,0.41599570585077833,
150,14.841653247450349,22.933440687063875,8.044820182501342,5.260332796564681,24.08078368223296,19.85373054213634,0.7783145464304885,3.8043478260869565,0.4025764895330113,
151,15.042941492216855,22.913311862587225,8.044820182501342,5.260332796564681,23.939881910896403,19.81347289318304,0.7783145464304885,3.8043478260869565,0.4025764895330113,
152,15.150295222758992,22.913311862587225,8.017981749865807,5.260332796564681,23.899624261943103,19.639023081052066,0.9125067096081588,3.8043478260869565,0.4025764895330113,
153,15.271068169618895,22.886473429951693,8.004562533548041,5.260332796564681,23.832528180354267,19.6256038647343,0.9125067096081588,3.8043478260869565,0.4025764895330113,
154,15.297906602254429,22.805958132045088,9.292807300053678,5.35426731078905,22.436929683306495,19.6256038647343,0.9125067096081588,3.8043478260869565,0.46967257112184646,
155,15.391841116478798,22.6784755770263,9.292807300053678,5.414653784219001,22.436929683306495,19.578636607622116,0.9125067096081588,3.851315083199141,0.4428341384863124,
156,15.593129361245303,22.57783145464305,9.232420826623725,5.407944176060118,22.403381642512077,19.578636607622116,0.9125067096081588,3.851315083199141,0.4428341384863124,
157,15.72061191626409,22.530864197530864,9.219001610305957,5.387815351583468,22.805958132045088,19.142512077294686,0.9125067096081588,3.8378958668813743,0.4428341384863124,
158,15.767579173376275,22.470477724100913,9.219001610305957,5.360976918947934,22.805958132045088,18.853998926462694,0.9125067096081588,4.166666666666667,0.4428341384863124,
159,15.915190552871712,22.322866344605476,9.16532474503489,5.46833064949007,22.79253891572732,18.813741277509394,0.9125067096081588,4.166666666666667,0.4428341384863124,
160,16.069511540526033,22.25577026301664,9.16532474503489,5.448201825013419,22.758990874932906,18.800322061191626,0.9125067096081588,4.146537842190016,0.4428341384863124,
161,16.14331723027375,22.24235104669887,9.16532474503489,5.448201825013419,22.705314009661837,18.793612453032743,0.9125067096081588,4.146537842190016,0.4428341384863124,
162,16.25067096081589,22.22222222222222,9.16532474503489,5.448201825013419,22.67176596886742,18.753354804079443,0.9125067096081588,4.133118625872249,0.4428341384863124,
163,16.458668813741276,22.148416532474503,9.118357487922705,5.448201825013419,22.571121846484164,18.706387546967257,0.9728931830381106,4.133118625872249,0.4428341384863124,
164,16.606280193236714,21.967257112184647,9.118357487922705,5.709876543209877,22.463768115942027,18.585614600107355,0.9728931830381106,4.133118625872249,0.4428341384863124,
165,16.74718196457327,21.947128287707997,9.111647879763822,5.709876543209877,22.416800858829845,18.00187869028449,1.4895330112721417,4.133118625872249,0.4428341384863124,
166,16.901502952227588,21.89345142243693,9.111647879763822,5.703166935050993,22.416800858829845,17.921363392377884,1.4761137949543746,4.133118625872249,0.4428341384863124,
167,17.176596886741816,21.826355340848096,9.111647879763822,5.636070853462158,22.356414385399894,17.85426731078905,1.4761137949543746,4.119699409554482,0.4428341384863124,
168,17.344337090713903,21.792807300053678,9.057971014492754,5.636070853462158,22.31615673644659,17.814009661835748,1.4761137949543746,4.119699409554482,0.4428341384863124,
169,17.478529253891573,21.792807300053678,9.044551798174986,5.636070853462158,22.23564143853999,17.793880837359097,1.4626945786366077,4.119699409554482,0.43612453032742887,
170,17.538915727321523,21.77938808373591,9.03113258185722,5.636070853462158,22.21551261406334,17.780461621041333,1.4626945786366077,4.119699409554482,0.43612453032742887,
171,17.538915727321523,21.72571121846484,8.943907675791733,5.636070853462158,22.074610842726784,17.639559849704778,1.4626945786366077,4.119699409554482,0.7179280730005367,0.14090177133655393
172,17.599302200751477,21.71900161030596,8.943907675791733,5.636070853462158,22.034353193773484,17.632850241545892,1.4626945786366077,4.119699409554482,0.7112184648416533,0.14090177133655393
173,17.693236714975846,21.692163177670423,8.930488459473967,5.636070853462158,21.980676328502415,17.632850241545892,1.4626945786366077,4.119699409554482,0.7112184648416533,0.14090177133655393
174,17.398013955984972,20.893719806763286,8.299785292538916,5.636070853462158,21.846484165324746,19.49141170155663,1.4626945786366077,4.119699409554482,0.7112184648416533,0.14090177133655393
175,17.51207729468599,20.8870101986044,8.299785292538916,5.636070853462158,21.75925925925926,19.47128287707998,1.4626945786366077,4.119699409554482,0.7112184648416533,0.14090177133655393
176,12.587224906065487,42.85426731078905,4.830917874396135,3.515834675254965,17.136339237788512,15.995705850778315,0.5501878690284487,1.8183038110574343,0.7112184648416533,
177,12.869028448738593,42.223564143854,4.810789049919484,3.9318303811057436,17.122920021470748,15.962157809983896,0.5501878690284487,1.8183038110574343,0.7112184648416533,
178,13.063607085346217,41.968599033816425,4.810789049919484,4.025764895330113,17.122920021470748,15.92860976918948,0.5501878690284487,1.8183038110574343,0.7112184648416533,
179,13.177670424047236,41.91492216854536,4.783950617283951,4.025764895330113,17.08937198067633,15.92860976918948,0.5501878690284487,1.8183038110574343,0.7112184648416533,
180,13.385668276972625,41.888083735909824,4.783950617283951,4.019055287171229,16.982018250134193,15.874932903918411,0.5501878690284487,1.8183038110574343,0.6977992485238862,
181,13.573537305421363,41.82098765432099,4.783950617283951,4.019055287171229,16.901502952227588,15.83467525496511,0.5501878690284487,1.8183038110574343,0.6977992485238862,
182,13.70101986044015,41.74718196457327,4.783950617283951,4.019055287171229,16.901502952227588,15.780998389694043,0.5501878690284487,1.8183038110574343,0.6977992485238862,
183,13.922436929683306,41.7337627482555,4.53569511540526,4.019055287171229,16.874664519592056,15.72061191626409,0.5501878690284487,1.9457863660762211,0.6977992485238862,
184,14.358561460010735,41.47879763821793,4.53569511540526,4.019055287171229,16.800858829844337,15.613258185721953,0.5501878690284487,1.9457863660762211,0.6977992485238862,
185,13.506441223832528,42.572463768115945,5.4549114331723025,4.079441760601181,15.566290928609769,15.33816425120773,1.0399892646269457,1.8115942028985508,0.630703166935051,
186,13.600375738056897,42.50536768652711,5.4549114331723025,4.079441760601181,15.546162104133119,15.33816425120773,1.0399892646269457,1.8115942028985508,0.6239935587761675,
187,13.768115942028986,42.35775630703167,5.4549114331723025,4.079441760601181,15.539452495974235,15.324745034889963,1.0399892646269457,1.8115942028985508,0.6239935587761675,
188,13.88888888888889,42.24369296833065,5.4549114331723025,4.079441760601181,15.539452495974235,15.318035426731079,1.0399892646269457,1.8115942028985508,0.6239935587761675,
189,14.110305958132045,42.15646806226516,5.4549114331723025,4.079441760601181,15.499194847020934,15.230810520665592,1.0332796564680622,1.8115942028985508,0.6239935587761675,
190,14.210950080515298,42.089371980676326,5.434782608695652,4.079441760601181,15.485775630703166,15.230810520665592,1.0332796564680622,1.8115942028985508,0.6239935587761675,
191,14.49946323134729,42.00214707461084,5.434782608695652,4.079441760601181,15.45222758990875,15.083199141170155,1.0332796564680622,1.7914653784219001,0.6239935587761675,
192,14.606816961889425,41.720343531937736,5.340848094471283,4.280730005367687,15.573000536768653,15.029522275899087,1.0332796564680622,1.7914653784219001,0.6239935587761675,
193,14.707461084272678,41.639828234031135,5.226784755770263,4.280730005367687,15.573000536768653,14.989264626945786,1.0332796564680622,1.9256575415995705,0.6239935587761675,
194,14.80810520665593,41.606280193236714,5.226784755770263,4.253891572732153,15.539452495974235,14.989264626945786,1.0332796564680622,1.9189479334406871,0.6239935587761675,
195,14.9020397208803,41.136607622114866,5.22007514761138,4.669887278582931,15.5126140633387,14.982555018786902,1.0332796564680622,1.9189479334406871,0.6239935587761675,
196,14.949006977992486,39.27804616210413,5.22007514761138,6.481481481481482,15.499194847020934,14.868491680085883,1.0332796564680622,2.046430488459474,0.6239935587761675,
197,15.029522275899087,38.55340848094471,5.22007514761138,6.776704240472356,16.210413311862588,14.640365002683843,1.0332796564680622,2.046430488459474,0.48980139559849706,
198,15.08990874932904,38.539989264626946,5.22007514761138,6.776704240472356,16.19699409554482,14.61352657004831,1.0332796564680622,2.0397208803005906,0.48980139559849706,
199,15.08990874932904,38.31857219538379,5.2066559312936125,6.66935050993022,16.961889425657542,14.204240472356414,1.0332796564680622,2.0397208803005906,0.47638217928073,
200,15.331454643048845,38.217928073000536,5.146269457863661,6.66935050993022,16.921631776704242,14.163982823403114,1.0332796564680622,2.0397208803005906,0.47638217928073,
201,15.499194847020934,38.157541599570585,5.146269457863661,6.649221685453569,16.170155662909288,14.828234031132581,1.0332796564680622,2.0397208803005906,0.47638217928073,
202,15.626677402039721,38.13070316693505,5.139559849704777,6.649221685453569,16.109769189479334,14.794685990338165,1.0332796564680622,2.0397208803005906,0.47638217928073,
203,15.942028985507246,37.848899624261946,5.119431025228127,6.649221685453569,16.09634997316157,14.794685990338165,1.0332796564680622,2.0397208803005906,0.47638217928073,
204,16.089640365002683,37.835480407944175,5.0858829844337095,6.649221685453569,16.09634997316157,14.734299516908212,1.0198604401502953,2.0263016639828235,0.46296296296296297,
205,16.15673644659152,37.835480407944175,5.0858829844337095,6.649221685453569,16.069511540526033,14.707461084272678,1.0198604401502953,2.0128824476650564,0.46296296296296297,
206,16.183574879227052,37.754965110037574,5.0858829844337095,6.971282877079979,16.069511540526033,14.49946323134729,0.9594739667203436,2.0128824476650564,0.46296296296296297,
207,16.545893719806763,37.4597423510467,5.072463768115942,7.0450885668276975,16.009125067096083,14.439076757917338,0.9594739667203436,2.006172839506173,0.46296296296296297,
208,16.61969940955448,37.446323134728935,5.072463768115942,7.071926999463232,15.982286634460548,14.378690284487385,0.9594739667203436,2.006172839506173,0.46296296296296297,
209,16.834406870638755,37.42619431025228,5.072463768115942,7.071926999463232,15.854804079441761,14.31159420289855,0.9594739667203436,2.006172839506173,0.46296296296296297,
210,16.901502952227588,37.39935587761675,5.065754159957058,7.058507783145465,15.854804079441761,14.298174986580785,0.95276435856146,2.006172839506173,0.46296296296296297,
211,16.512345679012345,35.789049919484704,7.39398819108964,7.601986044015029,15.351583467525497,13.976113794954374,0.9259259259259259,1.9860440150295222,0.46296296296296297,
212,16.7337627482555,35.78234031132582,7.37385936661299,7.601986044015029,15.183843263553408,13.955984970477724,0.9259259259259259,1.9860440150295222,0.4562533548040794,
213,16.861245303274288,35.7487922705314,7.37385936661299,7.581857219538379,15.177133655394526,13.895598497047773,0.9259259259259259,1.9793344068706387,0.4562533548040794,
214,16.74718196457327,35.69511540526033,7.50805152979066,7.836822329575953,15.163714439076758,13.687600644122384,0.9259259259259259,1.9793344068706387,0.4562533548040794,
215,16.935050993022006,35.567632850241544,7.50805152979066,7.836822329575953,15.11003757380569,13.6808910359635,0.9259259259259259,1.9793344068706387,0.4562533548040794,
216,17.424852388620504,35.225442834138484,7.494632313472893,7.809983896940419,15.002683843263553,13.6808910359635,0.9259259259259259,1.9793344068706387,0.4562533548040794,
217,17.52549651100376,35.198604401502955,7.454374664519592,7.7831454643048845,15.002683843263553,13.674181427804616,0.9259259259259259,1.9793344068706387,0.4562533548040794,
218,17.599302200751477,35.15163714439077,7.454374664519592,7.776435856146001,14.989264626945786,13.667471819645733,0.9259259259259259,1.9793344068706387,0.4562533548040794,
219,17.773752012882447,35.037573805689746,7.4208266237251745,7.809983896940419,14.935587761674718,13.66076221148685,0.9259259259259259,1.9793344068706387,0.4562533548040794,
220,17.894524959742352,34.97047772410091,7.39398819108964,7.796564680622652,14.922168545356952,13.66076221148685,0.9259259259259259,1.9793344068706387,0.4562533548040794,
221,18.015297906602253,34.90338164251208,7.39398819108964,7.796564680622652,14.868491680085883,13.66076221148685,0.9259259259259259,1.9793344068706387,0.4562533548040794,
222,18.230005367686527,34.695383789586685,7.39398819108964,7.843531937734836,14.841653247450349,13.66076221148685,0.9259259259259259,1.9524959742351047,0.4562533548040794,
223,18.4447128287708,34.695383789586685,7.246376811594203,7.843531937734836,14.794685990338165,13.6406333870102,0.9259259259259259,1.9524959742351047,0.4562533548040794,
224,18.65271068169619,34.655126140633385,7.219538378958669,7.809983896940419,14.720880300590446,13.607085346215781,0.9259259259259259,1.9524959742351047,0.4562533548040794,
225,18.86070853462158,34.5679012345679,7.219538378958669,7.763016639828234,14.660493827160494,13.593666129898015,0.9259259259259259,1.9524959742351047,0.4562533548040794,
226,19.068706387546968,34.50751476113795,7.212828770799785,7.729468599033816,14.620236178207193,13.533279656468062,0.9259259259259259,1.9524959742351047,0.4495437466451959,
227,19.182769726247987,34.42028985507246,7.481213097155126,7.6623725174449815,14.472624798711756,13.372249060654857,1.0131508319914118,1.9457863660762211,0.4495437466451959,
228,19.350509930220074,34.12506709608159,7.481213097155126,7.816693505099302,14.445786366076222,13.372249060654857,1.0131508319914118,1.9457863660762211,0.4495437466451959,
229,19.30354267310789,33.9975845410628,8.715780998389693,6.756575415995706,14.445786366076222,13.372249060654857,1.0131508319914118,1.9457863660762211,0.4495437466451959,
230,19.49812130971551,33.80971551261406,8.635265700483092,6.810252281266774,14.412238325281804,13.33870101986044,1.1003757380568975,1.9457863660762211,0.4495437466451959,
231,18.50509930220075,32.95759527643585,8.474235104669887,6.568706387546968,13.647342995169081,16.378153515834676,1.06682769726248,1.9524959742351047,0.4495437466451959,
232,18.632581857219538,32.85024154589372,8.474235104669887,6.561996779388084,13.633923778851315,16.378153515834676,1.06682769726248,1.9524959742351047,0.4495437466451959,
233,18.914385399892645,32.76301663982824,8.440687063875469,6.501610305958132,13.580246913580247,16.33118625872249,1.06682769726248,1.9524959742351047,0.4495437466451959,
234,19.108964036500268,32.648953301127214,8.440687063875469,6.468062265163715,13.560118089103597,16.317767042404725,1.0534084809447128,1.9524959742351047,0.4495437466451959,
235,19.330381105743424,32.52818035426731,8.36688137412775,6.468062265163715,13.560118089103597,16.29092860976919,1.0534084809447128,1.9524959742351047,0.4495437466451959,
236,19.444444444444443,32.52818035426731,8.319914117015566,6.4412238325281805,13.533279656468062,16.284219001610307,1.0534084809447128,1.9457863660762211,0.4495437466451959,
237,19.51154052603328,32.51476113794954,8.319914117015566,6.4412238325281805,13.499731615673644,16.264090177133657,1.0534084809447128,1.9457863660762211,0.4495437466451959,
238,19.592055823939884,32.360440150295226,8.319914117015566,6.595544820182502,13.47289318303811,16.210413311862588,1.0534084809447128,1.9457863660762211,0.4495437466451959,
239,19.665861513687602,32.31347289318304,8.3064949006978,6.595544820182502,13.459473966720344,16.210413311862588,1.0534084809447128,1.9457863660762211,0.4495437466451959,
240,19.79334406870639,32.31347289318304,8.252818035426731,6.568706387546968,13.459473966720344,16.170155662909288,1.0466988727858293,1.9457863660762211,0.4495437466451959,
241,19.82018250134192,32.23966720343532,8.246108427267847,6.702898550724638,13.41250670960816,16.170155662909288,1.0466988727858293,1.9457863660762211,0.41599570585077833,
242,20.00805152979066,32.118894256575416,8.246108427267847,6.702898550724638,13.399087493290391,16.14331723027375,1.0466988727858293,1.9189479334406871,0.41599570585077833,
243,20.04830917874396,31.964573268921097,8.232689210950081,6.857219538378959,13.385668276972625,16.129898013955984,1.0466988727858293,1.9189479334406871,0.41599570585077833,
244,20.242887815351583,31.863929146537842,8.21256038647343,6.857219538378959,13.385668276972625,16.069511540526033,1.0466988727858293,1.90552871712292,0.41599570585077833,
245,20.40391841116479,31.82367149758454,8.192431561996779,6.857219538378959,13.352120236178207,16.015834675254965,1.0332796564680622,1.90552871712292,0.41599570585077833,
246,20.605206655931294,31.702898550724637,8.192431561996779,6.857219538378959,13.325281803542673,15.962157809983896,1.0332796564680622,1.90552871712292,0.41599570585077833,
