,45,50,51,52,55,53,54,57,58,56
0,99.33574879227054,0.6642512077294686,,,,,,,,
1,99.12775093934515,0.8722490606548577,,,,,,,,
2,93.35077831454643,6.649221685453569,,,,,,,,
3,91.68679549114331,8.313204508856682,,,,,,,,
4,91.60628019323671,8.393719806763285,,,,,,,,
5,91.63311862587224,8.36688137412775,,,,,,,,
6,91.59286097691894,8.407139023081053,,,,,,,,
7,84.31964573268921,15.68035426731079,,,,,,,,
8,84.3666129898014,15.633387010198604,,,,,,,,
9,74.1009125067096,23.752012882447666,2.0799785292538915,0.06709608158883522,,,,,,
10,74.0606548577563,23.845947396672035,2.0263016639828235,0.06709608158883522,,,,,,
11,69.55179817498659,28.187063875469672,2.0263016639828235,0.05367686527106817,0.18115942028985507,,,,,
12,69.53837895866882,28.20048309178744,2.0263016639828235,0.05367686527106817,0.18115942028985507,,,,,
13,68.08910359634997,29.64975845410628,2.0263016639828235,0.05367686527106817,0.18115942028985507,,,,,
14,67.98845947396671,29.64975845410628,2.0128824476650564,0.16774020397208803,0.18115942028985507,,,,,
15,67.31749865807836,27.697262479871174,3.079710144927536,0.16774020397208803,0.18115942028985507,1.556629092860977,,,,
16,65.21068169618894,28.213902308105208,4.683306494900698,0.16774020397208803,0.18115942028985507,1.5432098765432098,,,,
17,64.73429951690821,28.69699409554482,4.683306494900698,0.16774020397208803,0.17444981213097155,1.5432098765432098,,,,
18,61.38620504562534,32.045088566827694,4.683306494900698,0.16774020397208803,0.17444981213097155,1.5432098765432098,,,,
19,59.37332259796028,34.05797101449275,4.683306494900698,0.16774020397208803,0.17444981213097155,1.5432098765432098,,,,
20,59.31964573268921,34.11164787976382,4.683306494900698,0.16774020397208803,0.17444981213097155,1.5432098765432098,,,,
21,58.272946859903385,35.20531400966183,4.663177670424047,0.16774020397208803,0.17444981213097155,1.5163714439076759,,,,
22,55.91787439613527,36.95652173913044,5.132850241545894,0.14761137949543746,0.17444981213097155,1.6706924315619969,,,,
23,55.79710144927536,37.07729468599034,5.065754159957058,0.14761137949543746,0.17444981213097155,1.737788513150832,,,,
24,55.864197530864196,36.963231347289316,4.9718196457326895,0.14761137949543746,0.17444981213097155,1.724369296833065,0.15432098765432098,,,
25,55.844068706387546,36.40633387010199,4.9718196457326895,0.12077294685990338,0.17444981213097155,1.724369296833065,0.7581857219538379,,,
26,55.34755770263017,35.44015029522276,6.4345142243692965,0.12077294685990338,0.17444981213097155,1.724369296833065,0.7581857219538379,,,
27,55.36768652710682,34.80273752012882,6.4345142243692965,0.7380568974771873,0.17444981213097155,1.6371443907675791,0.7581857219538379,0.08722490606548577,,
28,55.642780461621044,34.54106280193237,6.421095008051529,0.7380568974771873,0.17444981213097155,1.6371443907675791,0.7581857219538379,0.08722490606548577,,
29,51.992753623188406,42.90794417606012,3.1535158346752548,1.1674718196457328,0.17444981213097155,,0.6038647342995169,,,
30,48.289049919484704,47.1081588835212,3.1535158346752548,1.2748255501878691,0.17444981213097155,,,,,
31,40.754159957058505,55.119431025228124,3.1535158346752548,0.798443370907139,0.17444981213097155,,,,,
32,40.78099838969404,54.87788513150832,3.1535158346752548,1.0131508319914118,0.17444981213097155,,,,,
33,39.49946323134729,55.884326355340846,3.126677402039721,1.0131508319914118,0.47638217928073,,,,,
34,39.60681696188943,55.81052066559313,3.099838969404187,1.0131508319914118,0.46967257112184646,,,,,
35,39.801395598497045,55.61594202898551,3.099838969404187,1.0131508319914118,0.46967257112184646,,,,,
36,20.759527643585614,76.49624261943103,0.11406333870101985,0.322061191626409,0.5904455179817498,,1.7176596886741815,,,
37,20.994363929146537,75.0805152979066,0.11406333870101985,0.322061191626409,0.7045088566827697,1.3821792807300053,1.402308105206656,,,
38,21.24932903918411,73.93317230273752,0.11406333870101985,0.322061191626409,1.221148684916801,1.7579173376274826,1.402308105206656,,,
39,21.22920021470746,73.14814814814815,1.133923778851315,0.10735373054213634,1.221148684916801,1.7579173376274826,1.402308105206656,,,
40,21.4170692431562,68.83387010198605,1.133923778851315,0.10735373054213634,1.221148684916801,5.884326355340848,1.402308105206656,,,
41,21.651905528717123,68.63929146537842,1.133923778851315,0.10735373054213634,1.221148684916801,5.844068706387547,1.402308105206656,,,
42,21.994095544820183,68.18303811057434,1.133923778851315,0.10735373054213634,1.3352120236178207,5.844068706387547,1.402308105206656,,,
43,20.43075684380032,65.8749329039184,1.133923778851315,3.5762211486849167,1.3352120236178207,5.783682232957595,1.865271068169619,,,
44,20.598497047772412,65.33145464304884,1.133923778851315,3.5762211486849167,1.2278582930756843,5.763553408480945,2.368491680085883,,,
45,20.497852925389157,60.33279656468062,1.133923778851315,3.5762211486849167,1.1272141706924315,12.869028448738593,0.46296296296296297,,,
46,20.73268921095008,59.655126140633385,1.1272141706924315,3.5762211486849167,1.6438539989264627,12.801932367149758,0.46296296296296297,,,
47,20.725979602791195,59.60144927536232,1.093666129898014,3.5762211486849167,1.737788513150832,12.801932367149758,0.46296296296296297,,,
48,20.679012345679013,59.265968867418145,1.093666129898014,7.320182501341922,1.710950080515298,9.46725711218465,0.46296296296296297,,,
49,20.82662372517445,58.923778851315085,1.0802469135802468,7.306763285024155,1.9524959742351047,9.447128287707997,0.46296296296296297,,,
50,20.705850778314545,57.669082125603865,1.0802469135802468,9.004294149221685,1.778046162104133,9.25925925925926,0.46296296296296297,0.040257648953301126,,
51,20.39049919484702,57.94417606011809,1.0534084809447128,8.789586688137414,1.6841116478797638,7.843531937734836,2.254428341384863,0.040257648953301126,,
52,20.276435856146,54.79736983360172,1.0534084809447128,14.204240472356414,1.6841116478797638,6.105743424584004,1.7176596886741815,0.040257648953301126,0.12077294685990338,
53,20.44417606011809,54.65646806226516,1.0534084809447128,12.580515297906603,1.6841116478797638,7.702630166398282,1.7176596886741815,0.040257648953301126,0.12077294685990338,
54,20.611916264090176,52.71739130434783,1.0399892646269457,12.5,3.6634460547504024,7.6556629092860975,1.6505636070853462,0.040257648953301126,0.12077294685990338,
55,20.913848631239937,52.542941492216855,1.0399892646269457,12.453032742887816,3.616478797638218,7.62211486849168,1.6505636070853462,0.040257648953301126,0.12077294685990338,
56,21.128556092324207,52.30810520665593,1.0802469135802468,12.419484702093397,3.7104133118625873,7.541599570585078,1.6505636070853462,0.040257648953301126,0.12077294685990338,
57,21.316425120772948,52.17391304347826,1.0735373054213635,12.29200214707461,3.7104133118625873,7.447665056360709,1.6505636070853462,0.2147074610842727,0.12077294685990338,
58,21.470746108427267,52.10010735373054,1.0735373054213635,12.278582930756844,3.6768652710681695,7.4141170155662905,1.6505636070853462,0.2147074610842727,0.12077294685990338,
59,21.061460010735374,42.310789049919485,1.0735373054213635,22.517444981213096,3.6768652710681695,7.313472893183038,1.6505636070853462,0.27509393451422437,0.12077294685990338,
60,21.202361782071925,41.458668813741276,2.7844873859366612,21.71900161030596,3.6097691894793345,7.179280730005368,1.6505636070853462,0.27509393451422437,0.12077294685990338,
61,21.423778851315085,41.18357487922705,2.7844873859366612,21.69887278582931,3.683574879227053,7.179280730005368,1.6505636070853462,0.27509393451422437,0.12077294685990338,
62,21.504294149221685,41.116478797638216,2.7844873859366612,21.68545356951154,3.683574879227053,7.179280730005368,1.6505636070853462,0.27509393451422437,0.12077294685990338,
63,21.470746108427267,40.60654857756307,3.33467525496511,21.631776704240472,3.743961352657005,7.1725711218464845,1.6438539989264627,0.27509393451422437,0.12077294685990338,
64,20.558239398819108,37.78180354267311,3.3011272141706924,25.32206119162641,3.9855072463768115,6.769994632313473,1.6438539989264627,0.5166398282340311,0.12077294685990338,
65,20.538110574342458,36.97665056360709,3.3011272141706924,24.02710681696189,6.427804616210413,6.488191089640365,1.6438539989264627,0.47638217928073,0.12077294685990338,
66,18.65271068169619,29.54911433172303,13.318572195383789,22.19538378958669,6.139291465378422,7.9039184111647875,1.6438539989264627,0.47638217928073,0.12077294685990338,
67,18.572195383789587,27.4020397208803,15.291196994095545,21.215780998389693,5.991680085882985,7.890499194847021,3.0394524959742353,0.47638217928073,0.12077294685990338,
68,18.833870101986044,27.34836285560923,15.250939345142244,21.095008051529792,5.971551261406334,7.890499194847021,3.0394524959742353,0.4495437466451959,0.12077294685990338,
69,17.47181964573269,26.482823403113258,17.8743961352657,20.7662372517445,5.971551261406334,7.823403113258186,3.0394524959742353,0.4495437466451959,0.12077294685990338,
70,17.612721417069242,26.435856146001072,17.8743961352657,20.7662372517445,5.9447128287707995,7.769726247987117,3.026033279656468,0.4495437466451959,0.12077294685990338,
71,17.961621041331185,26.02657004830918,18.06897477187332,20.679012345679013,5.9447128287707995,7.608695652173913,2.9924852388620504,0.48980139559849706,0.12077294685990338,0.10735373054213634
72,17.96833064949007,25.95276435856146,21.672034353193773,18.297101449275363,5.9447128287707995,6.454643048845948,2.885131508319914,0.48980139559849706,0.12077294685990338,0.2147074610842727
73,16.774020397208805,27.214170692431562,21.410359634997317,18.5654857756307,5.938003220611916,6.387546967257112,2.885131508319914,0.48980139559849706,0.12077294685990338,0.2147074610842727
74,12.432903918411165,33.72920021470746,20.86688137412775,17.028985507246375,5.978260869565218,6.172839506172839,2.885131508319914,0.48980139559849706,0.12077294685990338,0.2952227589908749
75,12.573805689747719,32.91733762748255,18.80703166935051,19.35721953837896,6.380837359098229,6.172839506172839,2.885131508319914,0.48980139559849706,0.12077294685990338,0.2952227589908749
76,12.634192163177671,32.367149758454104,18.78690284487386,20.38378958668814,6.078904991948471,5.870907139023081,2.9723564143853998,0.48980139559849706,0.12077294685990338,0.2952227589908749
77,12.00348899624262,31.588835212023618,28.388352120236178,17.780461621041333,6.293612453032743,2.13365539452496,1.221148684916801,0.322061191626409,,0.2683843263553409
78,12.218196457326892,31.54186795491143,28.341384863123995,17.67981749865808,6.273483628556092,2.13365539452496,1.221148684916801,0.322061191626409,,0.2683843263553409
79,11.889425657541599,32.1256038647343,28.10654857756307,17.09608158883521,6.837090713902308,2.13365539452496,1.221148684916801,0.322061191626409,,0.2683843263553409
80,11.466720343531938,30.88432635534085,28.06629092860977,19.061996779388085,6.944444444444445,2.13365539452496,0.8521202361782072,0.322061191626409,,0.2683843263553409
81,11.728395061728396,30.743424584004295,28.019323671497585,19.0552871712292,6.89747718733226,2.1135265700483092,0.8521202361782072,0.322061191626409,,0.2683843263553409
82,11.735104669887278,30.67632850241546,27.985775630703166,18.438003220611915,6.89747718733226,2.100107353730542,0.8521202361782072,0.30864197530864196,,1.0064412238325282
83,11.996779388083736,30.300590445517983,27.945517981749866,18.397745571658614,7.118894256575416,2.100107353730542,0.8521202361782072,0.30864197530864196,,0.9796027911969941
84,12.097423510466989,30.280461621041333,27.89855072463768,18.364197530864196,7.118894256575416,2.100107353730542,0.8521202361782072,0.30864197530864196,,0.9796027911969941
85,12.399355877616747,30.079173376274827,27.81803542673108,18.303811057434245,7.139023081052066,2.1403650026838434,0.8521202361782072,0.30864197530864196,,0.9594739667203436
86,12.600644122383253,29.965110037573805,27.77777777777778,18.17632850241546,7.286634460547504,2.086688137412775,0.8521202361782072,0.2952227589908749,,0.9594739667203436
87,12.855609232420827,29.891304347826086,27.710681696188942,18.06897477187332,7.286634460547504,2.0799785292538915,0.8521202361782072,0.2952227589908749,,0.9594739667203436
88,13.003220611916264,29.824208266237253,27.710681696188942,18.015297906602253,7.25979602791197,2.0799785292538915,0.8521202361782072,0.2952227589908749,,0.9594739667203436
89,13.22463768115942,29.683306494900698,27.67042404723564,17.954911433172303,7.27992485238862,2.0799785292538915,0.8521202361782072,0.2952227589908749,,0.9594739667203436
90,13.39237788513151,29.60950080515298,27.596618357487923,17.94820182501342,7.27992485238862,2.0799785292538915,0.8387010198604401,0.2952227589908749,,0.9594739667203436
91,13.493022007514762,29.59608158883521,27.536231884057973,17.941492216854535,7.25979602791197,2.0799785292538915,0.8387010198604401,0.2952227589908749,,0.9594739667203436
92,13.674181427804616,29.367954911433173,27.455716586151368,17.907944176060116,7.253086419753086,2.24771873322598,0.8387010198604401,0.2952227589908749,,0.9594739667203436
93,14.002952227589908,29.220343531937736,27.36849168008588,17.867686527106816,7.232957595276436,2.214170692431562,0.8387010198604401,0.2952227589908749,,0.9594739667203436
94,14.056629092860977,29.186795491143318,27.361782071927,17.840848094471284,7.232957595276436,2.214170692431562,0.7447665056360708,0.2952227589908749,0.10735373054213634,0.9594739667203436
95,14.2914653784219,29.106280193236714,27.28797638217928,17.800590445517983,7.199409554482019,2.2074610842726785,0.7447665056360708,0.2952227589908749,0.10735373054213634,0.9594739667203436
96,14.338432635534085,29.09957058507783,27.274557165861513,17.773752012882447,7.199409554482019,2.2074610842726785,0.7447665056360708,0.2952227589908749,0.10735373054213634,0.9594739667203436
97,14.432367149758454,28.743961352657006,27.22758990874933,17.62614063338701,7.568438003220612,2.1806226516371443,0.7447665056360708,0.4092860976918948,0.10735373054213634,0.9594739667203436
98,14.65378421900161,28.67686527106817,27.160493827160494,17.57246376811594,7.5348899624261945,2.1806226516371443,0.7447665056360708,0.4092860976918948,0.10735373054213634,0.9594739667203436
99,14.821524422973699,28.468867418142782,27.120236178207193,17.52549651100376,7.6623725174449815,2.1806226516371443,0.7447665056360708,0.4092860976918948,0.10735373054213634,0.9594739667203436
100,14.97584541062802,28.33467525496511,26.737788513150832,17.52549651100376,7.64224369296833,2.1806226516371443,0.7179280730005367,0.4092860976918948,0.10735373054213634,1.3687600644122384
101,14.828234031132581,28.64331723027375,26.690821256038646,17.47181964573269,7.581857219538379,2.1806226516371443,0.7179280730005367,0.4092860976918948,0.10735373054213634,1.3687600644122384
102,14.834943639291465,28.44873859366613,24.490069779924852,17.223564143854,7.548309178743962,2.9388083735909825,2.6301663982823404,0.4092860976918948,0.10735373054213634,1.3687600644122384
103,14.989264626945786,28.381642512077295,24.436392914653783,17.223564143854,7.5281803542673105,2.9388083735909825,2.6167471819645733,0.4092860976918948,0.10735373054213634,1.3687600644122384
104,14.99597423510467,28.368223295759528,24.402844873859365,16.089640365002683,8.715780998389693,2.9253891572732154,2.6167471819645733,0.4092860976918948,0.10735373054213634,1.3687600644122384
105,15.096618357487923,28.327965646806227,24.315619967793882,16.009125067096083,8.668813741277509,2.9790660225442833,2.6033279656468062,0.4092860976918948,0.10735373054213634,1.482823403113258
106,15.271068169618895,28.153515834675254,24.040526033279658,15.982286634460548,8.635265700483092,2.9790660225442833,2.6033279656468062,0.4092860976918948,0.10735373054213634,1.8183038110574343
107,15.385131508319914,27.871712292002147,24.020397208803004,15.955448201825014,8.61513687600644,3.2340311325818574,2.5831991411701556,0.4092860976918948,0.10735373054213634,1.8183038110574343
108,15.526033279656469,27.811325818572197,24.013687600644122,15.901771336553946,8.61513687600644,3.2139023081052067,2.5831991411701556,0.4092860976918948,0.10735373054213634,1.8183038110574343
109,15.666935050993022,27.79790660225443,23.960010735373054,15.874932903918411,8.648684916800859,3.207192699946323,2.5295222758990876,0.4092860976918948,0.10735373054213634,1.7981749865807837
110,15.942028985507246,27.68384326355341,23.778851315083198,15.552871712292003,8.59500805152979,3.616478797638218,2.5161030595813205,0.4092860976918948,0.10735373054213634,1.7981749865807837
111,15.962157809983896,27.415458937198068,23.523886205045624,15.552871712292003,9.125067096081589,3.616478797638218,2.4892646269457863,0.4092860976918948,0.10735373054213634,1.7981749865807837
112,16.203703703703702,27.30810520665593,23.356146001073537,15.445517981749866,9.185453569511541,3.69699409554482,2.4892646269457863,0.4092860976918948,0.10735373054213634,1.7981749865807837
113,16.056092324208265,26.35534084809447,23.141438539989263,15.445517981749866,10.547504025764896,3.670155662909286,2.4691358024691357,0.4092860976918948,0.10735373054213634,1.7981749865807837
114,15.365002683843263,25.161030595813205,24.852388620504563,15.445517981749866,10.84272678475577,3.670155662909286,2.3550724637681157,0.4092860976918948,0.10735373054213634,1.7914653784219001
115,15.405260332796564,24.879227053140095,24.778582930756844,15.445517981749866,10.648148148148149,3.670155662909286,2.8650026838432634,0.4092860976918948,0.10735373054213634,1.7914653784219001
116,12.667740203972087,28.79092860976919,23.95330112721417,15.297906602254429,10.520665593129362,3.5963499731615673,2.8650026838432634,0.4092860976918948,0.10735373054213634,1.7914653784219001
117,12.815351583467525,28.73054213633924,23.785560923242084,15.177133655394526,10.50053676865271,3.5963499731615673,2.8650026838432634,0.4092860976918948,0.10735373054213634,2.0128824476650564
118,12.97638217928073,28.65673644659152,23.758722490606548,15.143585614600108,10.50053676865271,3.5963499731615673,2.8381642512077296,0.4092860976918948,0.10735373054213634,2.0128824476650564
119,13.150831991411701,28.650026838432634,23.731884057971016,15.056360708534621,10.446859903381643,3.5963499731615673,2.8381642512077296,0.4092860976918948,0.10735373054213634,2.0128824476650564
120,13.285024154589372,28.213902308105208,23.19511540526033,15.45222758990875,10.312667740203972,3.5762211486849167,2.8381642512077296,0.47638217928073,0.10735373054213634,2.5429414922168547
121,13.365539452495975,28.213902308105208,23.15485775630703,15.331454643048845,10.299248523886206,3.5762211486849167,2.818035426731079,0.5904455179817498,0.10735373054213634,2.5429414922168547
122,13.560118089103597,28.14680622651637,23.141438539989263,15.297906602254429,10.238862050456254,3.569511540526033,2.804616210413312,0.5904455179817498,0.10735373054213634,2.5429414922168547
123,13.58695652173913,27.395330112721417,22.6784755770263,15.257648953301127,10.319377348362856,5.092592592592593,2.804616210413312,0.5770263016639828,0.10735373054213634,2.1806226516371443
124,13.754696725711218,27.3215244229737,22.63150831991412,15.257648953301127,10.292538915727322,5.092592592592593,2.7979066022544283,0.5770263016639828,0.10735373054213634,2.167203435319377
125,13.875469672571121,27.093397745571657,22.63150831991412,15.257648953301127,10.433440687063875,5.0858829844337095,2.771068169618894,0.5770263016639828,0.10735373054213634,2.167203435319377
126,14.04320987654321,27.066559312936125,22.604669887278583,15.203972088030058,10.38647342995169,5.072463768115942,2.771068169618894,0.5770263016639828,0.10735373054213634,2.167203435319377
127,14.17740203972088,27.006172839506174,22.550993022007514,15.203972088030058,10.373054213633925,5.072463768115942,2.7643585614600106,0.5770263016639828,0.10735373054213634,2.167203435319377
128,14.123725174449811,26.301663982823403,22.490606548577563,14.600107353730541,11.822329575952764,5.072463768115942,2.737520128824477,0.5770263016639828,0.10735373054213634,2.167203435319377
129,14.392109500805153,26.25469672571122,22.430220075147613,14.526301663982823,11.788781535158346,5.038915727321524,2.717391304347826,0.5770263016639828,0.10735373054213634,2.167203435319377
130,10.943370907139023,19.82018250134192,18.015297906602253,35.53408480944713,5.629361245303274,4.2270531400966185,4.28743961352657,0.4562533548040794,,1.0869565217391304
131,11.2788513150832,19.75979602791197,17.887815351583466,35.33279656468062,5.589103596349974,4.2270531400966185,4.274020397208803,0.5636070853462157,,1.0869565217391304
132,11.43317230273752,19.659151905528716,17.85426731078905,35.20531400966183,5.58239398819109,4.2270531400966185,4.388083735909823,0.5636070853462157,,1.0869565217391304
133,11.681427804616211,19.64573268921095,17.834138486312398,34.856414385399894,5.58239398819109,4.2270531400966185,4.53569511540526,0.5501878690284487,,1.0869565217391304
134,10.507246376811594,18.10252281266774,27.865002683843265,30.414653784219002,4.690016103059581,3.8177670424047236,3.2206119162640903,0.4428341384863124,,0.9393451422436929
135,10.641438539989265,18.06897477187332,27.791196994095547,30.401234567901234,4.690016103059581,3.8043478260869565,3.2206119162640903,0.4428341384863124,,0.9393451422436929
136,10.715244229736983,17.787171229200215,27.569779924852387,30.233494363929147,4.663177670424047,4.428341384863124,3.2206119162640903,0.4428341384863124,,0.9393451422436929
137,10.836017176596886,17.58588298443371,27.388620504562535,29.924852388620504,4.636339237788513,4.408212560386473,3.6500268384326353,0.4428341384863124,,1.1272141706924315
138,10.970209339774557,17.559044551798173,27.36849168008588,29.871175523349436,4.602791196994096,4.408212560386473,3.6500268384326353,0.4428341384863124,,1.1272141706924315
139,11.238593666129898,17.538915727321523,27.160493827160494,29.7638217928073,4.575952764358561,4.38137412775094,3.6768652710681695,0.4428341384863124,,1.221148684916801
140,10.48040794417606,17.411433172302736,32.628824476650564,27.147074610842726,3.421900161030596,4.334406870638754,2.9388083735909825,0.4428341384863124,,1.1943102522812667
141,10.674986580783683,17.351046698872786,30.803811057434245,27.113526570048307,3.421900161030596,4.334406870638754,2.918679549114332,0.4428341384863124,,2.9388083735909825
142,10.856146001073537,17.324208266237253,30.515297906602253,27.033011272141707,3.421900161030596,4.300858829844337,2.8784219001610305,0.4428341384863124,,3.227321524422974
143,11.18491680085883,17.21014492753623,30.441492216854535,26.92565754159957,3.388352120236178,4.300858829844337,2.8784219001610305,0.4428341384863124,,3.227321524422974
144,11.33923778851315,17.16988727858293,30.394524959742352,26.878690284487387,3.388352120236178,4.294149221685454,2.8650026838432634,0.4428341384863124,,3.227321524422974
145,10.903113258185721,16.35131508319914,32.74288781535159,26.402308105206657,3.3816425120772946,3.7372517444981215,2.844873859366613,0.4092860976918948,,3.227321524422974
146,10.829307568438002,16.23725174449812,30.636070853462158,26.34863123993559,5.877616747181965,3.6902844873859366,2.8381642512077296,0.3153515834675255,,3.227321524422974
147,10.701825013419215,16.035963499731615,31.702898550724637,26.261406333870102,5.870907139023081,3.066290928609769,2.818035426731079,0.3153515834675255,,3.227321524422974
148,10.95679012345679,15.921900161030596,31.54186795491143,26.234567901234566,5.917874396135265,3.066290928609769,2.818035426731079,0.3153515834675255,,3.227321524422974
149,11.258722490606548,15.888352120236178,31.468062265163713,26.127214170692433,5.891035963499732,3.0059044551798175,2.818035426731079,0.3153515834675255,,3.227321524422974
150,11.473429951690822,15.848094471282877,31.387546967257112,26.080246913580247,5.864197530864198,3.0059044551798175,2.7979066022544283,0.3153515834675255,,3.227321524422974
151,11.54723564143854,14.754428341384862,31.159420289855074,26.01315083199141,5.8172302737520125,4.166666666666667,2.7844873859366612,0.3153515834675255,,3.4420289855072466
152,11.916264090177133,14.720880300590446,30.938003220611915,25.85882984433709,5.783682232957595,4.139828234031133,2.945517981749866,0.3153515834675255,,3.3816425120772946
153,12.104133118625873,14.720880300590446,30.897745571658614,25.77831454643049,5.776972624798712,4.086151368760064,2.945517981749866,0.3153515834675255,,3.374932903918411
154,12.345679012345679,14.694041867954912,30.756843800322063,25.704508856682768,5.776972624798712,4.086151368760064,2.945517981749866,0.3153515834675255,,3.374932903918411
155,11.688137412775093,14.680622651637144,41.31105743424584,16.069511540526033,5.736714975845411,4.086151368760064,2.945517981749866,0.3153515834675255,,3.166935050993022
156,11.808910359634996,14.626945786366075,39.83494363929147,16.0426731078905,7.50805152979066,4.072732152442297,2.945517981749866,0.3153515834675255,,2.844873859366613
157,11.90955448201825,14.61352657004831,39.78797638217928,16.029253891572733,7.494632313472893,4.05931293612453,2.945517981749866,0.3153515834675255,,2.844873859366613
158,12.13768115942029,14.61352657004831,39.67391304347826,15.995705850778315,7.48792270531401,4.05931293612453,2.932098765432099,0.2549651100375738,,2.844873859366613
159,12.218196457326892,14.586688137412775,39.64707461084273,15.92860976918948,7.48792270531401,4.05931293612453,2.932098765432099,0.30864197530864196,,2.831454643048846
160,12.359098228663447,14.586688137412775,39.57326892109501,15.92860976918948,7.474503488996243,4.05931293612453,2.918679549114332,0.30864197530864196,,2.791196994095545
161,12.419484702093397,14.586688137412775,39.55984970477724,15.92860976918948,7.474503488996243,4.045893719806763,2.918679549114332,0.27509393451422437,,2.791196994095545
162,12.486580783682234,14.573268921095009,39.50617283950617,15.92860976918948,7.427536231884058,4.045893719806763,2.965646806226516,0.27509393451422437,,2.791196994095545
163,12.701288244766506,14.51959205582394,39.32501341921632,15.888352120236178,7.4141170155662905,4.03918411164788,2.965646806226516,0.46296296296296297,,2.6838432635534084
164,12.815351583467525,14.512882447665056,39.231078904991946,15.874932903918411,7.4141170155662905,4.03918411164788,2.965646806226516,0.46296296296296297,,2.6838432635534084
165,13.043478260869565,14.486044015029522,39.01637144390767,15.848094471282877,7.4141170155662905,4.025764895330113,2.965646806226516,0.46296296296296297,,2.737520128824477
166,13.311862587224907,14.486044015029522,38.89559849704777,15.727321524422974,7.39398819108964,4.019055287171229,2.965646806226516,0.46296296296296297,,2.737520128824477
167,13.405797101449275,14.486044015029522,38.81508319914117,15.619967793880837,7.39398819108964,4.019055287171229,2.9388083735909825,0.46296296296296297,,2.85829307568438
168,13.539989264626946,14.439076757917338,37.60064412238325,15.552871712292003,7.2933440687063875,5.24020397208803,3.012614063338701,0.46296296296296297,,2.85829307568438
169,13.768115942028986,14.38539989264627,37.473161567364464,15.526033279656469,7.273215244229737,5.24020397208803,3.012614063338701,0.46296296296296297,,2.85829307568438
170,13.915727321524423,14.331723027375201,37.3792270531401,15.526033279656469,7.273215244229737,5.24020397208803,3.012614063338701,0.46296296296296297,,2.85829307568438
171,14.009661835748792,14.325013419216317,37.31213097155126,15.49248523886205,7.253086419753086,5.24020397208803,3.046162104133119,0.46296296296296297,,2.85829307568438
172,14.163982823403114,14.298174986580785,37.23161567364466,15.465646806226516,7.253086419753086,5.24020397208803,3.026033279656468,0.46296296296296297,,2.85829307568438
173,14.2914653784219,14.298174986580785,37.1309715512614,15.458937198067632,7.253086419753086,5.166398282340311,3.026033279656468,0.46296296296296297,0.05367686527106817,2.85829307568438
174,14.392109500805153,14.184111647879764,37.07058507783145,15.432098765432098,7.353730542136339,5.166398282340311,3.026033279656468,0.46296296296296297,0.05367686527106817,2.85829307568438
175,14.506172839506172,14.184111647879764,36.99677938808374,15.405260332796564,7.353730542136339,5.166398282340311,3.012614063338701,0.46296296296296297,0.05367686527106817,2.85829307568438
176,14.694041867954912,14.170692431561998,36.922973698336016,15.391841116478798,7.353730542136339,5.10601180891036,3.0059044551798175,0.46296296296296297,0.05367686527106817,2.8381642512077296
177,14.761137949543746,14.070048309178745,35.829307568438004,15.391841116478798,6.662640901771336,6.957863660762212,2.985775630703167,0.46296296296296297,0.05367686527106817,2.8247450348899625
178,14.861782071927,14.016371443907676,35.809178743961354,15.391841116478798,6.662640901771336,6.944444444444445,2.985775630703167,0.46296296296296297,0.05367686527106817,2.8113258185721954
179,15.143585614600108,13.976113794954374,35.65485775630703,15.391841116478798,6.655931293612453,6.9310252281266775,2.9589371980676327,0.46296296296296297,0.05367686527106817,2.771068169618894
180,15.35829307568438,13.969404186795492,35.567632850241544,15.331454643048845,6.629092860976919,6.910896403650026,2.9589371980676327,0.46296296296296297,0.05367686527106817,2.757648953301127
181,15.552871712292003,13.969404186795492,33.45410628019324,17.163177670424048,6.629092860976919,6.89747718733226,2.9589371980676327,0.46296296296296297,0.05367686527106817,2.85829307568438
182,15.72061191626409,13.674181427804616,33.333333333333336,17.156468062265162,6.629092860976919,7.1658615136876005,2.9589371980676327,0.46296296296296297,0.05367686527106817,2.844873859366613
183,15.613258185721953,13.47289318303811,32.78314546430489,19.370638754696724,5.374396135265701,7.065217391304348,2.9589371980676327,0.46296296296296297,0.05367686527106817,2.844873859366613
184,15.895061728395062,13.358829844337091,32.72275899087493,19.296833064949006,5.367686527106817,7.065217391304348,2.9589371980676327,0.46296296296296297,0.05367686527106817,2.818035426731079
185,15.841384863123993,12.962962962962964,32.400697799248526,19.256575415995705,6.239935587761675,7.03166935050993,2.932098765432099,0.46296296296296297,0.05367686527106817,2.818035426731079
186,16.029253891572733,12.875738056897477,32.347020933977454,19.209608158883523,6.239935587761675,7.03166935050993,2.932098765432099,0.46296296296296297,0.05367686527106817,2.818035426731079
187,16.27079978529254,12.815351583467525,32.21282877079979,19.182769726247987,6.239935587761675,7.011540526033279,2.932098765432099,0.46296296296296297,0.05367686527106817,2.818035426731079
188,16.324476650563607,12.801932367149758,32.085346215781,19.11567364465915,6.394256575415996,7.011540526033279,2.932098765432099,0.46296296296296297,0.05367686527106817,2.818035426731079
189,16.472088030059044,12.795222758990874,32.05179817498658,19.02173913043478,6.266774020397209,7.065217391304348,2.932098765432099,0.5300590445517982,0.05367686527106817,2.8113258185721954
190,16.51905528717123,12.808641975308642,31.95115405260333,18.659420289855074,6.266774020397209,7.058507783145465,3.2742887815351582,0.5300590445517982,0.05367686527106817,2.8784219001610305
191,16.646537842190018,12.795222758990874,31.904186795491142,18.63929146537842,6.239935587761675,7.0450885668276975,3.2675791733762747,0.5300590445517982,0.05367686527106817,2.8784219001610305
192,16.820987654320987,12.795222758990874,31.80354267310789,18.585614600107355,6.239935587761675,6.9310252281266775,3.361513687600644,0.5300590445517982,0.05367686527106817,2.8784219001610305
193,16.881374127750938,12.473161567364466,31.260064412238325,18.585614600107355,6.179549114331723,7.722758990874933,3.361513687600644,0.5300590445517982,0.05367686527106817,2.952227589908749
194,16.988727858293075,12.466451959205582,30.421363392377884,20.075147611379496,6.0654857756307035,7.092055823939882,3.3548040794417604,0.5300590445517982,0.05367686527106817,2.952227589908749
195,16.67337627482555,12.453032742887816,29.58937198067633,19.746376811594203,7.481213097155126,7.0450885668276975,2.8918411164787976,0.5300590445517982,0.05367686527106817,3.535963499731616
196,16.99543746645196,12.426194310252281,29.441760601180892,19.64573268921095,7.481213097155126,7.0383789586688135,2.8918411164787976,0.5300590445517982,0.05367686527106817,3.4957058507783145
197,16.99543746645196,12.426194310252281,29.388083735909824,19.343800322061192,7.481213097155126,7.0383789586688135,2.8784219001610305,0.5300590445517982,0.05367686527106817,3.864734299516908
198,17.09608158883521,12.426194310252281,29.354535695115406,19.424315619967793,7.367149758454106,7.0383789586688135,2.8784219001610305,0.49651100375738055,0.05367686527106817,3.864734299516908
199,17.21014492753623,12.426194310252281,29.314278046162105,19.390767579173378,7.360440150295223,7.004830917874396,2.8784219001610305,0.49651100375738055,0.05367686527106817,3.864734299516908
200,17.143048845947398,12.419484702093397,29.180085882984432,20.544820182501343,7.360440150295223,6.105743424584004,2.844873859366613,0.49651100375738055,0.040257648953301126,3.864734299516908
201,17.330917874396135,12.399355877616747,29.11969940955448,20.491143317230275,7.340311325818572,6.105743424584004,2.8247450348899625,0.49651100375738055,0.040257648953301126,3.851315083199141
202,17.398013955984972,12.392646269457863,28.475577026301664,19.43102522812668,7.25979602791197,7.917337627482555,2.791196994095545,0.4428341384863124,0.040257648953301126,3.851315083199141
203,17.518786902844873,12.345679012345679,28.368223295759528,19.410896403650028,7.25979602791197,7.87037037037037,2.9388083735909825,0.4428341384863124,0.013419216317767043,3.8311862587224907
204,17.632850241545892,12.338969404186795,28.33467525496511,19.37734836285561,7.232957595276436,7.856951154052603,2.9388083735909825,0.4428341384863124,0.013419216317767043,3.8311862587224907
205,17.438271604938272,12.332259796027913,27.066559312936125,19.276704240472355,7.085346215780999,7.85024154589372,4.703435319377348,0.4428341384863124,0.013419216317767043,3.7909286097691894
206,17.538915727321523,12.318840579710145,26.88539989264627,18.4849704777241,7.085346215780999,7.823403113258186,5.615942028985507,0.4428341384863124,0.013419216317767043,3.7909286097691894
207,17.612721417069242,12.318840579710145,26.858561460010737,18.4849704777241,7.071926999463232,7.823403113258186,5.589103596349974,0.4428341384863124,0.013419216317767043,3.784219001610306
208,17.773752012882447,12.110842726784755,26.650563607085346,18.4849704777241,7.024959742351046,7.742887815351583,5.971551261406334,0.4428341384863124,0.013419216317767043,3.784219001610306
209,17.954911433172303,12.070585077831455,26.48953301127214,18.417874396135264,7.139023081052066,7.722758990874933,5.964841653247451,0.4428341384863124,0.013419216317767043,3.784219001610306
210,18.02200751476114,12.057165861513688,26.435856146001072,18.397745571658614,7.139023081052066,7.595276435856146,6.112453032742888,0.4428341384863124,0.013419216317767043,3.784219001610306
211,18.12265163714439,12.00348899624262,26.435856146001072,18.377616747181964,7.206119162640902,7.588566827697263,6.105743424584004,0.4428341384863124,0.013419216317767043,3.7037037037037037
212,18.189747718733226,11.98336017176597,25.885668276972623,18.377616747181964,7.588566827697263,7.588566827697263,6.105743424584004,0.4428341384863124,0.013419216317767043,3.824476650563607
213,18.417874396135264,11.943102522812667,25.79844337090714,18.344068706387546,7.581857219538379,7.575147611379496,6.0587761674718195,0.4428341384863124,0.013419216317767043,3.824476650563607
214,18.51851851851852,11.943102522812667,25.79844337090714,18.283682232957595,7.555018786902845,7.575147611379496,6.0587761674718195,0.4428341384863124,0.013419216317767043,3.81105743424584
215,18.69296833064949,11.929683306494901,25.764895330112722,18.243424584004295,7.481213097155126,7.568438003220612,6.0587761674718195,0.4428341384863124,0.013419216317767043,3.8043478260869565
216,18.739935587761675,11.802200751476114,25.751476113794954,18.17632850241546,7.481213097155126,7.5281803542673105,6.280193236714976,0.4428341384863124,0.013419216317767043,3.784219001610306
217,18.907675791733762,11.802200751476114,25.462962962962962,18.63929146537842,7.239667203435319,7.474503488996243,6.233225979602791,0.4428341384863124,0.013419216317767043,3.784219001610306
218,18.94122383252818,11.621041331186259,25.221417069243156,18.625872249060656,7.669082125603865,7.474503488996243,6.219806763285024,0.4428341384863124,0.013419216317767043,3.770799785292539
219,19.155931293612454,11.614331723027375,25.087224906065487,18.54535695115405,7.7898550724637685,7.474503488996243,6.105743424584004,0.4428341384863124,0.013419216317767043,3.770799785292539
220,19.223027375201287,11.614331723027375,25.07380568974772,18.50509930220075,7.7898550724637685,7.306763285024155,6.105743424584004,0.4428341384863124,0.013419216317767043,3.92512077294686
221,18.988191089640367,11.258722490606548,24.993290391841118,18.4849704777241,7.206119162640902,7.286634460547504,7.4006977992485234,0.4428341384863124,0.013419216317767043,3.92512077294686
222,19.122383252818036,11.252012882447666,24.93961352657005,18.45813204508857,7.206119162640902,7.266505636070853,7.37385936661299,0.4428341384863124,0.013419216317767043,3.92512077294686
223,19.30354267310789,11.211755233494364,24.89935587761675,18.417874396135264,7.1725711218464845,7.266505636070853,7.367149758454106,0.4294149221685454,0.013419216317767043,3.9184111647879765
224,19.47128287707998,11.198336017176597,24.832259796027913,18.417874396135264,7.1658615136876005,7.226247987117552,7.326892109500805,0.4294149221685454,0.013419216317767043,3.9184111647879765
225,18.947933440687063,10.527375201288244,24.382716049382715,18.853998926462694,7.078636607622115,7.226247987117552,8.836553945249598,0.4294149221685454,0.013419216317767043,3.7037037037037037
226,18.94122383252818,10.513955984970478,24.02710681696189,18.793612453032743,7.407407407407407,7.219538378958669,8.836553945249598,0.4294149221685454,0.013419216317767043,3.8177670424047236
227,19.0552871712292,10.292538915727322,24.013687600644122,18.699677938808374,7.648953301127214,7.212828770799785,8.816425120772946,0.4294149221685454,0.013419216317767043,3.8177670424047236
228,19.162640901771336,10.319377348362856,23.993558776167472,18.666129898013956,7.648953301127214,7.212828770799785,8.76274825550188,0.4025764895330113,0.013419216317767043,3.8177670424047236
229,19.343800322061192,10.292538915727322,23.960010735373054,18.592324208266238,7.669082125603865,7.199409554482019,8.742619431025227,0.4025764895330113,0.013419216317767043,3.784219001610306
230,19.37734836285561,10.25228126677402,23.886205045625335,18.55877616747182,7.669082125603865,7.185990338164252,8.883521202361782,0.4025764895330113,0.013419216317767043,3.770799785292539
231,19.538378958668815,10.185185185185185,23.832528180354267,18.511808910359633,7.7361782071927,7.139023081052066,8.883521202361782,0.39586688137412773,0.013419216317767043,3.7640901771336552
232,19.618894256575416,10.077831454643048,23.805689747718734,18.511808910359633,7.7361782071927,7.139023081052066,8.93719806763285,0.39586688137412773,0.013419216317767043,3.7640901771336552
233,19.87385936661299,10.044283413848632,23.68491680085883,18.270263016639827,7.702630166398282,7.125603864734299,9.125067096081589,0.39586688137412773,0.013419216317767043,3.7640901771336552
234,19.96779388083736,10.030864197530864,23.66478797638218,18.230005367686527,7.702630166398282,7.03166935050993,9.111647879763822,0.4830917874396135,0.013419216317767043,3.7640901771336552
235,20.101986044015028,10.00402576489533,23.62453032742888,18.17632850241546,7.702630166398282,7.03166935050993,9.098228663446054,0.4830917874396135,0.013419216317767043,3.7640901771336552
236,20.135534084809446,9.997316156736447,23.61111111111111,18.16290928609769,7.702630166398282,7.03166935050993,9.098228663446054,0.4830917874396135,0.013419216317767043,3.7640901771336552
237,20.363660762211488,9.916800858829845,23.517176596886742,18.02871712292002,7.702630166398282,7.03166935050993,9.07139023081052,0.4830917874396135,0.013419216317767043,3.8714439076757916
238,20.377079978529252,9.75577026301664,23.376274825550187,17.867686527106816,7.4208266237251745,8.232689210950081,8.474235104669887,0.4830917874396135,0.013419216317767043,3.9989264626945786
