,45,50,52,55,51,53,54,56,57,58,61,60,59
0,95.34353193773484,4.656468062265164,,,,,,,,,,,
1,93.10923242082663,6.890767579173376,,,,,,,,,,,
2,92.94149221685454,7.058507783145465,,,,,,,,,,,
3,92.55904455179818,7.440955448201825,,,,,,,,,,,
4,91.8142780461621,8.185721953837897,,,,,,,,,,,
5,91.22383252818035,8.662104133118627,0.11406333870101985,,,,,,,,,,
6,89.33843263553409,10.205314009661835,0.11406333870101985,0.3421900161030596,,,,,,,,,
7,87.84889962426195,11.694847020933977,0.11406333870101985,0.3421900161030596,,,,,,,,,
8,84.17203435319378,15.371712292002147,0.11406333870101985,0.3421900161030596,,,,,,,,,
9,83.21256038647343,16.33118625872249,0.11406333870101985,0.3421900161030596,,,,,,,,,
10,82.10547504025764,17.257112184648417,0.2952227589908749,0.3421900161030596,,,,,,,,,
11,80.32071926999463,18.833870101986044,0.2952227589908749,0.3421900161030596,0.20799785292538917,,,,,,,,
12,76.24798711755234,22.906602254428343,0.2952227589908749,0.3421900161030596,0.20799785292538917,,,,,,,,
13,73.86607622114869,25.288513150831992,0.2952227589908749,0.3421900161030596,0.20799785292538917,,,,,,,,
14,70.42404723564144,29.032474503488995,0.2952227589908749,,0.20799785292538917,0.040257648953301126,,,,,,,
15,39.962426194310254,59.17874396135266,0.2952227589908749,0.3153515834675255,0.20799785292538917,0.040257648953301126,,,,,,,
16,40.01610305958132,58.883521202361784,0.2952227589908749,0.5568974771873323,0.20799785292538917,0.040257648953301126,,,,,,,
17,40.05636070853462,55.34084809447128,0.2952227589908749,0.5568974771873323,0.20799785292538917,0.040257648953301126,3.3413848631239937,0.1610305958132045,,,,,
18,40.13016639828234,55.26704240472356,0.2952227589908749,0.5568974771873323,0.20799785292538917,0.040257648953301126,3.3413848631239937,0.1610305958132045,,,,,
19,39.761137949543745,54.36124530327429,0.2952227589908749,1.2546967257112185,0.785024154589372,0.040257648953301126,3.3413848631239937,0.1610305958132045,,,,,
20,39.331723027375205,53.535963499731615,0.2952227589908749,1.4492753623188406,1.8451422436929683,0.040257648953301126,3.3413848631239937,0.1610305958132045,,,,,
21,39.31159420289855,53.28099838969404,0.2952227589908749,1.6438539989264627,1.9256575415995705,0.040257648953301126,3.3413848631239937,0.1610305958132045,,,,,
22,39.30488459473967,53.12667740203972,0.2952227589908749,1.8048845947396672,1.9256575415995705,0.040257648953301126,3.3413848631239937,0.1610305958132045,,,,,
23,39.42565754159957,51.08695652173913,0.2952227589908749,3.743961352657005,1.90552871712292,0.040257648953301126,3.3413848631239937,0.1610305958132045,,,,,
24,39.418947933440684,50.79844337090714,0.2952227589908749,3.81105743424584,2.13365539452496,0.040257648953301126,3.3413848631239937,0.1610305958132045,,,,,
25,39.452495974235106,50.738056897477186,0.2952227589908749,3.9452495974235107,2.0263016639828235,0.040257648953301126,3.3413848631239937,0.1610305958132045,,,,,
26,35.198604401502955,61.8894256575416,0.2885131508319914,0.6642512077294686,1.9189479334406871,0.040257648953301126,,,,,,,
27,35.27241009125067,57.88378958668814,0.2885131508319914,4.5960815888352125,1.9189479334406871,0.040257648953301126,,,,,,,
28,34.60144927536232,57.024959742351044,0.5971551261406334,4.5960815888352125,2.7844873859366612,0.15432098765432098,0.24154589371980675,,,,,,
29,34.76247987117552,56.81025228126678,0.5971551261406334,4.64975845410628,2.7844873859366612,0.15432098765432098,0.24154589371980675,,,,,,
30,33.55475040257649,54.89801395598497,0.5971551261406334,4.824208266237251,5.71658615136876,0.15432098765432098,0.2549651100375738,,,,,,
31,33.55475040257649,54.37466451959206,0.5971551261406334,5.139559849704777,5.709876543209877,0.36902844873859364,0.2549651100375738,,,,,,
32,33.47423510466989,51.939076757917334,0.5971551261406334,6.649221685453569,6.729736983360172,0.36902844873859364,0.24154589371980675,,,,,,
33,32.11218464841653,49.094202898550726,4.1129898013955986,7.360440150295223,6.709608158883521,0.36902844873859364,0.24154589371980675,,,,,,
34,32.21282877079979,48.87278582930757,4.1129898013955986,7.481213097155126,6.709608158883521,0.36902844873859364,0.24154589371980675,,,,,,
35,32.26650563607085,48.8593666129898,4.079441760601181,7.447665056360709,6.709608158883521,0.39586688137412773,0.24154589371980675,,,,,,
36,32.306763285024154,46.39023081052066,3.92512077294686,9.796027911969942,6.649221685453569,0.38915727321524424,0.5032206119162641,0.040257648953301126,,,,,
37,32.15244229736983,46.57809983896941,3.92512077294686,9.762479871175524,6.649221685453569,0.38915727321524424,0.5032206119162641,0.040257648953301126,,,,,
38,29.448470209339774,48.22866344605475,3.750670960815888,10.285829307568438,6.615673644659152,0.38915727321524424,0.8454106280193237,0.2147074610842727,0.2214170692431562,,,,
39,29.166666666666668,47.96027911969941,3.7104133118625873,10.513955984970478,6.615673644659152,0.6575415995705851,0.8454106280193237,0.2147074610842727,0.2214170692431562,0.0939345142243693,,,
40,29.2337627482555,47.80595813204509,3.7104133118625873,10.446859903381643,6.595544820182502,0.6575415995705851,0.8454106280193237,0.2147074610842727,0.39586688137412773,0.0939345142243693,,,
41,28.629898013955984,48.429951690821255,3.4957058507783145,10.44015029522276,6.5552871712292005,0.6575415995705851,0.8454106280193237,0.24154589371980675,0.6105743424584005,0.0939345142243693,,,
42,27.865002683843265,35.225442834138484,19.316961889425656,7.5281803542673105,6.5552871712292005,0.6575415995705851,2.100107353730542,0.24154589371980675,0.5099302200751477,,,,
43,27.563070316693505,35.55421363392378,17.270531400966185,7.5281803542673105,6.528448738593666,2.703972088030059,2.100107353730542,0.24154589371980675,0.5099302200751477,,,,
44,27.542941492216855,34.60144927536232,17.270531400966185,8.561460010735374,6.515029522275899,2.657004830917874,2.100107353730542,0.24154589371980675,0.5099302200751477,,,,
45,27.033011272141707,34.95034889962426,17.19001610305958,8.521202361782072,6.515029522275899,2.6502952227589907,2.100107353730542,0.24154589371980675,0.49651100375738055,0.2549651100375738,0.04696725711218465,,
46,27.100107353730543,34.84970477724101,16.841116478797638,8.521202361782072,6.602254428341385,2.636876006441224,2.086688137412775,0.24154589371980675,0.8185721953837896,0.2549651100375738,0.04696725711218465,,
47,26.583467525496513,33.9170692431562,17.09608158883521,8.474235104669887,6.696188942565755,2.6301663982823404,3.046162104133119,0.24154589371980675,1.0131508319914118,0.2549651100375738,0.04696725711218465,,
48,26.56333870101986,33.601717659688674,17.47181964573269,8.460815888352121,6.696188942565755,2.6033279656468062,3.046162104133119,0.24154589371980675,1.0131508319914118,0.2549651100375738,0.04696725711218465,,
49,26.56333870101986,33.031400966183575,15.08990874932904,8.521202361782072,6.689479334406871,5.917874396135265,3.046162104133119,0.24154589371980675,0.5971551261406334,0.2549651100375738,0.04696725711218465,,
50,26.570048309178745,32.99785292538916,14.828234031132581,8.55475040257649,6.655931293612453,5.917874396135265,3.046162104133119,0.24154589371980675,0.8856682769726248,0.2549651100375738,0.04696725711218465,,
51,26.630434782608695,33.00456253354804,14.774557165861514,8.527911969940956,6.655931293612453,5.267042404723564,3.079710144927536,0.24154589371980675,0.8856682769726248,0.8856682769726248,0.04696725711218465,,
52,26.717659688674182,32.59527643585615,14.600107353730541,8.527911969940956,6.964573268921095,5.314009661835748,3.0595813204508855,0.24154589371980675,1.0466988727858293,0.8856682769726248,0.04696725711218465,,
53,26.818303811057433,32.447665056360705,14.371980676328503,8.61513687600644,6.964573268921095,5.314009661835748,3.0595813204508855,0.24154589371980675,1.2345679012345678,0.8856682769726248,0.04696725711218465,,
54,25.87895866881374,34.044551798174986,14.36527106816962,8.641975308641975,6.286902844873859,5.314009661835748,3.0595813204508855,0.24154589371980675,1.2345679012345678,0.8856682769726248,0.04696725711218465,,
55,25.979602791196996,33.97074610842727,14.36527106816962,8.494363929146537,6.260064412238325,5.280461621041331,3.1199677938808374,0.24154589371980675,1.2345679012345678,0.8856682769726248,0.04696725711218465,0.12077294685990338,
56,25.09393451422437,34.38003220611916,14.278046162104133,8.474235104669887,6.260064412238325,5.488459473966721,3.1199677938808374,0.5099302200751477,1.3419216317767042,0.8856682769726248,0.04696725711218465,0.12077294685990338,
57,25.161030595813205,34.084809447128286,14.27133655394525,8.668813741277509,6.260064412238325,5.743424584004294,3.1199677938808374,0.5099302200751477,1.3419216317767042,0.6709608158883521,0.04696725711218465,0.12077294685990338,
58,20.611916264090176,39.60681696188943,13.942565754159958,8.93719806763285,6.239935587761675,5.5756843800322065,2.5563607085346214,0.3488996242619431,1.3419216317767042,0.6709608158883521,0.04696725711218465,0.12077294685990338,
59,20.739398819108963,39.03650026838432,13.90901771336554,9.400161030595813,6.239935587761675,5.441492216854535,2.5563607085346214,0.3488996242619431,1.3419216317767042,0.7917337627482555,0.04696725711218465,0.12077294685990338,0.026838432635534086
60,20.86688137412775,38.73456790123457,13.868760064412239,9.66183574879227,6.239935587761675,5.414653784219001,2.5496511003757383,0.3488996242619431,1.328502415458937,0.7917337627482555,0.04696725711218465,0.12077294685990338,0.026838432635534086
61,20.913848631239937,38.39237788513151,13.600375738056897,9.970477724100913,6.239935587761675,5.387815351583468,2.576489533011272,0.3488996242619431,1.583467525496511,0.7917337627482555,0.04696725711218465,0.12077294685990338,0.026838432635534086
62,20.860171765968868,37.67444981213097,13.43263553408481,10.124798711755233,6.582125603864735,5.421363392377885,2.8515834675254963,0.3488996242619431,1.7176596886741815,0.7917337627482555,0.04696725711218465,0.12077294685990338,0.026838432635534086
63,20.98094471282877,37.58722490606549,13.43263553408481,10.11808910359635,6.5552871712292005,5.421363392377885,2.8515834675254963,0.3488996242619431,1.7176596886741815,0.7917337627482555,0.04696725711218465,0.12077294685990338,0.026838432635534086
64,20.02818035426731,38.37224906065486,13.58695652173913,10.104669887278583,6.5552871712292005,5.139559849704777,2.818035426731079,0.3488996242619431,2.059849704777241,0.7917337627482555,0.04696725711218465,0.12077294685990338,0.026838432635534086
65,20.162372517444982,38.29844337090714,13.56682769726248,10.11808910359635,6.4412238325281805,5.22007514761138,2.7979066022544283,0.3488996242619431,2.059849704777241,0.7917337627482555,0.04696725711218465,0.12077294685990338,0.026838432635534086
66,20.29656468062265,38.117283950617285,13.264895330112722,10.59447128287708,6.414385399892646,5.045625335480408,2.844873859366613,0.3757380568974772,2.1269457863660763,0.7246376811594203,0.04696725711218465,0.12077294685990338,0.026838432635534086
67,20.303274288781534,37.9495437466452,13.251476113794954,10.63472893183038,6.400966183574879,5.159688674181428,2.8784219001610305,0.3757380568974772,2.1269457863660763,0.7246376811594203,0.04696725711218465,0.12077294685990338,0.026838432635534086
68,20.142243692968332,37.58722490606549,13.238056897477188,8.487654320987655,6.501610305958132,7.9039184111647875,2.8784219001610305,0.3757380568974772,2.1269457863660763,0.6508319914117016,0.04696725711218465,0.03354804079441761,0.026838432635534086
69,18.679549114331724,39.029790660225444,13.191089640365004,8.480944712828771,6.488191089640365,7.991143317230274,2.8784219001610305,0.3757380568974772,2.1269457863660763,0.6508319914117016,0.04696725711218465,0.03354804079441761,0.026838432635534086
70,17.619431025228128,38.446054750402574,12.895866881374127,8.360171765968868,8.829844337090714,7.937466451959206,2.442297369833602,0.3757380568974772,2.3349436392914655,0.6508319914117016,0.04696725711218465,0.03354804079441761,0.026838432635534086
71,17.45169082125604,38.25147611379496,12.72812667740204,8.266237251744498,9.23913043478261,7.890499194847021,2.536231884057971,0.6239935587761675,2.254428341384863,0.6508319914117016,0.04696725711218465,0.03354804079441761,0.026838432635534086
72,17.54562533548041,38.137412775093935,12.02361782071927,9.145195920558239,9.23913043478261,7.769726247987117,2.536231884057971,0.6239935587761675,2.2208803005904456,0.6508319914117016,0.04696725711218465,0.03354804079441761,0.026838432635534086
73,17.384594739667204,38.17096081588835,11.996779388083736,9.232420826623725,9.219001610305957,7.709339774557166,2.6838432635534084,0.6239935587761675,2.2208803005904456,0.6508319914117016,0.04696725711218465,0.03354804079441761,0.026838432635534086
74,17.485238862050455,37.80864197530864,12.466451959205582,9.420289855072463,8.702361782071927,7.890499194847021,2.5966183574879227,0.7045088566827697,2.1806226516371443,0.6374127750939346,0.04696725711218465,0.03354804079441761,0.026838432635534086
75,17.559044551798173,37.66774020397209,12.439613526570048,9.373322597960279,8.648684916800859,7.7898550724637685,2.7979066022544283,0.7045088566827697,2.2074610842726785,0.7045088566827697,0.04696725711218465,0.03354804079441761,0.026838432635534086
76,15.955448201825014,39.61352657004831,11.956521739130435,9.541062801932368,8.61513687600644,7.709339774557166,2.7979066022544283,0.7045088566827697,2.2946859903381642,0.7045088566827697,0.04696725711218465,0.03354804079441761,0.026838432635534086
77,15.935319377348362,39.60010735373054,12.587224906065487,9.554482018250134,8.024691358024691,7.709339774557166,2.7979066022544283,0.6776704240472357,2.301395598497048,0.7045088566827697,0.04696725711218465,0.03354804079441761,0.026838432635534086
78,15.915190552871712,39.351851851851855,12.801932367149758,9.581320450885668,8.024691358024691,7.541599570585078,2.7979066022544283,0.6776704240472357,2.301395598497048,0.8722490606548577,0.04696725711218465,0.06038647342995169,0.026838432635534086
79,15.183843263553408,39.170692431561996,12.795222758990874,9.567901234567902,8.836553945249598,7.50805152979066,2.7308105206655933,0.9125067096081588,2.2879763821792807,0.8722490606548577,0.04696725711218465,0.06038647342995169,0.026838432635534086
80,15.398550724637682,38.87546967257112,12.775093934514224,9.77589908749329,8.78287707997853,7.454374664519592,2.7308105206655933,0.9125067096081588,2.2879763821792807,0.8722490606548577,0.04696725711218465,0.06038647342995169,0.026838432635534086
81,14.982555018786902,36.36607622114869,12.640901771336553,9.762479871175524,11.56736446591519,7.340311325818572,3.1333870101986045,0.9125067096081588,2.2879763821792807,0.8722490606548577,0.04696725711218465,0.06038647342995169,0.026838432635534086
82,14.982555018786902,36.292270531400966,12.218196457326892,9.75577026301664,12.097423510466989,7.206119162640902,3.1333870101986045,1.0198604401502953,2.2879763821792807,0.8722490606548577,0.04696725711218465,0.06038647342995169,0.026838432635534086
83,14.170692431561998,35.83601717659689,11.829039184111648,9.104938271604938,12.077294685990339,7.125603864734299,5.24020397208803,1.3419216317767042,2.2879763821792807,0.8521202361782072,0.04696725711218465,0.06038647342995169,0.026838432635534086
84,12.117552334943639,38.06360708534621,11.634460547504025,9.212292002147075,11.889425657541599,7.092055823939882,5.46833064949007,1.3419216317767042,2.1940418679549114,0.8521202361782072,0.04696725711218465,0.06038647342995169,0.026838432635534086
85,12.177938808373591,38.0300590445518,11.500268384326356,9.212292002147075,11.855877616747183,7.098765432098766,5.4549114331723025,1.5230810520665594,2.1604938271604937,0.8521202361782072,0.04696725711218465,0.06038647342995169,0.026838432635534086
86,12.177938808373591,38.62050456253355,11.500268384326356,9.118357487922705,11.453301127214171,7.011540526033279,5.448201825013419,1.5230810520665594,2.1604938271604937,0.8521202361782072,0.04696725711218465,0.06038647342995169,0.026838432635534086
87,11.735104669887278,37.09742351046699,11.500268384326356,9.078099838969404,13.446054750402576,7.011540526033279,5.428073000536768,1.556629092860977,2.1604938271604937,0.8521202361782072,0.04696725711218465,0.06038647342995169,0.026838432635534086
88,11.721685453569512,35.86285560923242,11.272141706924316,8.735909822866345,13.419216317767042,6.716317767042405,7.7361782071927,1.5297906602254427,2.2611379495437465,0.6105743424584005,0.04696725711218465,0.06038647342995169,0.026838432635534086
89,11.761943102522812,35.34621578099839,11.211755233494364,8.55475040257649,13.533279656468062,7.266505636070853,7.648953301127214,1.4492753623188406,2.2611379495437465,0.7648953301127214,0.04696725711218465,0.1274825550187869,0.026838432635534086
90,11.782071926999464,34.56119162640902,11.097691894793345,8.76274825550188,13.144122383252817,8.36688137412775,7.561728395061729,1.4492753623188406,2.24771873322598,0.7917337627482555,0.04696725711218465,0.1274825550187869,0.06038647342995169
91,11.446591519055287,33.80971551261406,12.681159420289855,9.078099838969404,12.587224906065487,8.051529790660226,7.4208266237251745,1.4492753623188406,2.4490069779924855,0.7917337627482555,0.04696725711218465,0.1274825550187869,0.06038647342995169
92,11.285560923242082,33.756038647343,12.681159420289855,9.064680622651638,12.587224906065487,8.024691358024691,7.675791733762749,1.4492753623188406,2.4490069779924855,0.7917337627482555,0.04696725711218465,0.1274825550187869,0.06038647342995169
93,11.16478797638218,33.373590982286636,12.661030595813205,10.332796564680622,12.76838432635534,7.1658615136876005,7.62211486849168,1.4492753623188406,2.442297369833602,0.785024154589372,0.04696725711218465,0.1274825550187869,0.06038647342995169
94,9.634997316156737,31.709608158883523,12.412775093934513,10.02415458937198,16.485507246376812,7.011540526033279,7.7361782071927,1.4626945786366077,2.5295222758990876,0.785024154589372,0.04696725711218465,0.1274825550187869,0.03354804079441761
95,9.594739667203436,31.468062265163713,12.392646269457863,9.339774557165862,16.150026838432634,6.025228126677402,9.333064949006978,1.8183038110574343,2.885131508319914,0.785024154589372,0.04696725711218465,0.1274825550187869,0.03354804079441761
96,9.863123993558776,31.414385399892645,12.124261943102523,9.292807300053678,16.056092324208265,6.025228126677402,9.306226516371444,1.8183038110574343,3.1065485775630703,0.785024154589372,0.04696725711218465,0.1274825550187869,0.03354804079441761
97,9.923510466988727,31.394256575415994,12.124261943102523,9.044551798174986,16.009125067096083,5.9514224369296835,9.272678475577026,1.8183038110574343,3.0931293612453032,0.785024154589372,0.04696725711218465,0.1610305958132045,0.3757380568974772
98,9.594739667203436,30.743424584004295,12.412775093934513,8.648684916800859,17.270531400966185,6.293612453032743,8.769457863660762,1.8183038110574343,3.079710144927536,0.785024154589372,0.04696725711218465,0.1610305958132045,0.3757380568974772
99,9.648416532474503,30.595813204508858,12.47987117552335,8.769457863660762,17.183306494900698,6.293612453032743,8.769457863660762,1.8183038110574343,3.0730005367686526,0.785024154589372,0.04696725711218465,0.1610305958132045,0.3757380568974772
100,9.73564143853999,30.54213633923779,13.855340848094471,8.977455716586151,16.009125067096083,6.011808910359635,8.655394524959743,1.7847557702630166,3.0595813204508855,0.785024154589372,0.04696725711218465,0.1610305958132045,0.3757380568974772
101,9.896672034353195,30.307300053676865,13.801663982823403,9.185453569511541,15.908480944712828,5.978260869565218,8.655394524959743,1.8451422436929683,3.0394524959742353,0.7716049382716049,0.04696725711218465,0.1610305958132045,0.4025764895330113
102,10.017444981213098,30.173107890499196,13.647342995169081,9.131776704240472,15.895061728395062,6.226516371443908,8.655394524959743,1.8451422436929683,3.0394524959742353,0.7716049382716049,0.04696725711218465,0.1610305958132045,0.38915727321524424
103,10.057702630166398,29.944981213097154,13.922436929683306,9.198872785829307,15.794417606011809,6.226516371443908,8.655394524959743,1.8585614600107354,3.0193236714975846,0.7716049382716049,,0.1610305958132045,0.38915727321524424
104,10.084541062801932,29.777241009125067,13.922436929683306,9.594739667203436,15.794417606011809,6.246645195920558,8.641975308641975,1.8585614600107354,2.9052603327965647,0.7716049382716049,,0.1610305958132045,0.24154589371980675
105,10.151637144390767,29.461889425657542,13.902308105206655,9.883252818035427,15.754159957058508,6.246645195920558,8.635265700483092,1.8853998926462694,2.9052603327965647,0.7716049382716049,,0.1610305958132045,0.24154589371980675
106,10.265700483091788,29.428341384863124,13.875469672571121,9.842995169082126,15.579710144927537,6.233225979602791,8.400429414922169,2.033011272141707,2.8650026838432634,1.0735373054213635,,0.1610305958132045,0.24154589371980675
107,10.238862050456254,29.274020397208805,14.15727321524423,9.883252818035427,15.136876006441224,6.233225979602791,8.695652173913043,2.1940418679549114,2.717391304347826,1.0735373054213635,,0.1610305958132045,0.23483628556092323
108,10.131508319914117,29.200214707461082,14.15727321524423,9.977187332259795,15.11003757380569,6.4345142243692965,8.514492753623188,2.254428341384863,2.717391304347826,1.0735373054213635,,0.19457863660762212,0.23483628556092323
109,10.104669887278583,29.1935050993022,14.15727321524423,10.11808910359635,15.01610305958132,6.4345142243692965,8.514492753623188,2.2410091250670963,2.717391304347826,1.0735373054213635,,0.19457863660762212,0.23483628556092323
110,10.064412238325282,29.01905528717123,14.888620504562533,10.111379495437467,14.53972088030059,6.4345142243692965,8.514492753623188,2.2074610842726785,2.717391304347826,1.0735373054213635,,0.19457863660762212,0.23483628556092323
111,10.171765968867419,29.005636070853463,14.861782071927,9.977187332259795,14.459205582393988,6.749865807836822,8.28636607622115,2.2879763821792807,2.6972624798711755,1.0735373054213635,,0.19457863660762212,0.23483628556092323
112,10.34621578099839,28.918411164787976,14.848362855609233,9.96376811594203,14.432367149758454,6.736446591519055,8.28636607622115,2.2879763821792807,2.677133655394525,1.0735373054213635,,0.19457863660762212,0.23483628556092323
113,10.34621578099839,28.83118625872249,15.01610305958132,9.91009125067096,14.40552871712292,6.736446591519055,8.28636607622115,2.2879763821792807,2.677133655394525,1.0735373054213635,,0.19457863660762212,0.23483628556092323
114,10.258990874932904,28.650026838432634,14.439076757917338,10.23215244229737,13.768115942028986,8.179012345679013,8.07836822329576,2.214170692431562,2.677133655394525,1.0735373054213635,,0.19457863660762212,0.23483628556092323
115,10.299248523886206,28.549382716049383,14.338432635534085,10.540794417606012,13.633923778851315,8.172302737520129,8.07836822329576,2.214170692431562,2.677133655394525,1.06682769726248,,0.19457863660762212,0.23483628556092323
116,10.426731078904991,28.488996242619432,14.224369296833064,10.527375201288244,13.600375738056897,8.158883521202362,8.064949006977992,2.214170692431562,2.677133655394525,1.1876006441223832,,0.19457863660762212,0.23483628556092323
117,10.493827160493828,28.153515834675254,14.224369296833064,10.84272678475577,13.600375738056897,8.145464304884594,8.064949006977992,2.214170692431562,2.677133655394525,1.1540526033279657,,0.19457863660762212,0.23483628556092323
118,10.661567364465915,27.91867954911433,14.016371443907676,10.748792270531402,13.56682769726248,8.125335480407944,8.11862587224906,2.576489533011272,2.690552871712292,1.1473429951690821,,0.19457863660762212,0.23483628556092323
119,10.520665593129362,27.623456790123456,15.24422973698336,10.735373054213634,13.486312399355878,7.454374664519592,8.091787439613526,2.576489533011272,2.690552871712292,1.1473429951690821,,0.19457863660762212,0.23483628556092323
120,10.621309715512615,27.30139559849705,15.210681696188942,10.540794417606012,13.486312399355878,7.4141170155662905,8.581588835212024,2.576489533011272,2.690552871712292,1.1473429951690821,,0.19457863660762212,0.23483628556092323
121,10.487117552334944,26.7512077294686,14.982555018786902,10.245571658615138,14.378690284487385,7.440955448201825,8.581588835212024,2.918679549114332,2.636876006441224,1.1473429951690821,,0.19457863660762212,0.23483628556092323
122,10.654857756307031,26.69753086419753,14.928878153515834,10.198604401502953,14.36527106816962,7.555018786902845,8.467525496511003,2.918679549114332,2.636876006441224,1.1473429951690821,,0.19457863660762212,0.23483628556092323
123,10.82259796027912,26.67740203972088,14.888620504562533,10.225442834138486,14.257917337627482,7.541599570585078,8.454106280193237,2.985775630703167,2.6704240472356413,1.1473429951690821,,0.19457863660762212,0.13419216317767044
124,10.86285560923242,26.48953301127214,14.74771873322598,10.990338164251208,14.103596349973161,7.5281803542673105,8.440687063875469,2.7844873859366612,2.589908749329039,1.133923778851315,,0.19457863660762212,0.13419216317767044
125,10.970209339774557,26.42914653784219,14.848362855609233,10.909822866344605,13.969404186795492,7.669082125603865,8.427267847557703,2.7844873859366612,2.5295222758990876,1.133923778851315,,0.19457863660762212,0.13419216317767044
126,10.990338164251208,25.677670424047236,14.78797638217928,10.641438539989265,15.042941492216855,7.669082125603865,8.387010198604402,2.7844873859366612,2.5295222758990876,1.1607622114868492,,0.19457863660762212,0.13419216317767044
127,11.07085346215781,25.523349436392916,14.774557165861514,10.581052066559312,15.029522275899087,7.930756843800322,8.340042941492216,2.7844873859366612,2.5295222758990876,1.107085346215781,,0.19457863660762212,0.13419216317767044
128,11.117820719269995,25.489801395598498,14.754428341384862,10.909822866344605,14.99597423510467,7.930756843800322,8.09849704777241,2.8113258185721954,2.5295222758990876,1.107085346215781,,0.12077294685990338,0.13419216317767044
129,10.916532474503489,24.44981213097155,14.620236178207193,12.13768115942029,14.694041867954912,8.064949006977992,8.514492753623188,2.8113258185721954,2.475845410628019,1.093666129898014,,0.08722490606548577,0.13419216317767044
130,10.997047772410092,24.416264090177133,15.03623188405797,11.56736446591519,14.660493827160494,8.044820182501342,8.494363929146537,2.8113258185721954,2.6637144390767578,1.093666129898014,,0.08722490606548577,0.1274825550187869
131,11.064143853998926,24.376006441223833,15.03623188405797,11.600912506709609,14.600107353730541,7.957595276435856,8.487654320987655,2.791196994095545,2.6637144390767578,1.2077294685990339,,0.08722490606548577,0.1274825550187869
132,11.030595813204508,24.214975845410628,14.834943639291465,11.81561996779388,14.566559312936125,8.172302737520129,8.487654320987655,2.791196994095545,2.6637144390767578,1.2077294685990339,,0.08722490606548577,0.1274825550187869
133,11.044015029522276,23.939881910896403,14.727589908749328,12.117552334943639,14.553140096618357,8.400429414922169,8.521202361782072,2.6167471819645733,2.657004830917874,1.2077294685990339,,0.08722490606548577,0.1274825550187869
134,11.023886205045626,23.778851315083198,14.80810520665593,12.184648416532475,14.553140096618357,8.360171765968868,8.59500805152979,2.6167471819645733,2.657004830917874,1.2077294685990339,,0.08722490606548577,0.1274825550187869
135,10.963499731615673,23.711755233494365,14.325013419216317,12.144390767579173,14.492753623188406,8.541331186258722,8.413848631239935,3.4286097691894795,2.5563607085346214,1.2077294685990339,,0.08722490606548577,0.1274825550187869
136,10.929951690821255,23.70504562533548,14.17740203972088,12.130971551261407,14.492753623188406,8.756038647342995,8.373590982286634,3.4286097691894795,2.5563607085346214,1.2077294685990339,,0.08722490606548577,0.15432098765432098
137,11.017176596886742,23.67149758454106,15.385131508319914,11.3191089640365,14.452495974235104,8.756038647342995,8.272946859903382,3.4286097691894795,2.3081052066559313,1.1540526033279657,,0.08722490606548577,0.14761137949543746
138,10.970209339774557,23.2085346215781,15.324745034889963,11.305689747718732,14.707461084272678,8.648684916800859,8.68894256575416,3.4286097691894795,2.341653247450349,1.1540526033279657,,0.08722490606548577,0.13419216317767044
139,11.064143853998926,23.181696188942567,15.291196994095545,11.211755233494364,14.694041867954912,8.641975308641975,8.715780998389693,3.4957058507783145,2.328234031132582,1.1540526033279657,,0.08722490606548577,0.13419216317767044
140,11.151368760064413,22.73215244229737,15.26435856146001,11.238593666129898,15.03623188405797,8.621846484165324,8.729200214707461,3.5225442834138487,2.328234031132582,1.1540526033279657,,0.08722490606548577,0.13419216317767044
141,11.265432098765432,22.67176596886742,15.177133655394526,11.245303274288782,14.828234031132581,8.581588835212024,9.004294149221685,3.5225442834138487,2.328234031132582,1.1540526033279657,,0.08722490606548577,0.13419216317767044
142,11.3593666129898,22.584541062801932,15.170424047235642,11.473429951690822,14.80810520665593,8.568169618894256,8.836553945249598,3.5225442834138487,2.328234031132582,1.1540526033279657,,0.08722490606548577,0.10735373054213634
143,11.312399355877616,22.48389694041868,15.103327965646805,11.473429951690822,14.80810520665593,8.80300590445518,8.816425120772946,3.5225442834138487,2.328234031132582,1.1540526033279657,,0.08722490606548577,0.10735373054213634
144,11.332528180354267,22.463768115942027,15.304616210413311,11.372785829307569,14.573268921095009,8.923778851315083,8.80300590445518,3.5225442834138487,2.328234031132582,1.1540526033279657,,0.08722490606548577,0.13419216317767044
145,11.191626409017713,22.128287707997853,15.136876006441224,11.18491680085883,15.774288781535159,8.849973161567364,8.232689210950081,3.515834675254965,2.5697799248523885,1.1540526033279657,,0.08722490606548577,0.17444981213097155
146,11.366076221148685,22.134997316156735,14.97584541062802,10.82259796027912,15.479066022544284,9.024422973698336,8.648684916800859,3.455448201825013,2.690552871712292,1.1540526033279657,,0.08722490606548577,0.1610305958132045
147,11.453301127214171,22.08132045088567,14.97584541062802,10.815888352120236,15.754159957058508,9.004294149221685,8.36688137412775,3.455448201825013,2.690552871712292,1.1540526033279657,,0.08722490606548577,0.1610305958132045
148,11.574074074074074,22.014224369296834,14.97584541062802,10.795759527643586,15.579710144927537,9.16532474503489,8.3467525496511,3.455448201825013,2.690552871712292,1.1540526033279657,,0.08722490606548577,0.1610305958132045
149,11.386205045625335,21.611647879763822,14.922168545356952,10.829307568438002,15.687063875469672,9.494095544820183,8.480944712828771,3.4957058507783145,2.690552871712292,1.1540526033279657,,0.08722490606548577,0.1610305958132045
150,11.513687600644122,21.55126140633387,14.794685990338165,10.795759527643586,15.68035426731079,9.634997316156737,8.440687063875469,3.455448201825013,2.757648953301127,1.1272141706924315,,0.08722490606548577,0.1610305958132045
151,11.506977992485238,20.86688137412775,14.714170692431562,10.61460010735373,15.425389157273216,9.353193773483628,9.936929683306495,3.421900161030596,2.757648953301127,1.1272141706924315,,0.08722490606548577,0.1878690284487386
152,11.540526033279656,20.77294685990338,14.794685990338165,10.607890499194847,15.398550724637682,9.346484165324744,9.98389694041868,3.408480944712829,2.7442297369833604,1.1272141706924315,,0.08722490606548577,0.1878690284487386
153,10.071121846484166,16.51905528717123,13.258185721953838,9.769189479334408,25.6105743424584,8.21256038647343,9.447128287707997,2.9924852388620504,2.717391304347826,1.1272141706924315,,0.08722490606548577,0.1878690284487386
154,9.96376811594203,15.995705850778315,12.674449812130971,9.628287707997853,25.47638217928073,8.024691358024691,11.466720343531938,2.9589371980676327,2.408749329039184,1.1272141706924315,,0.08722490606548577,0.1878690284487386
155,10.057702630166398,15.96886741814278,12.902576489533011,9.567901234567902,25.543478260869566,8.011272141706923,11.446591519055287,2.8381642512077296,2.2611379495437465,1.1272141706924315,,0.08722490606548577,0.1878690284487386
156,9.997316156736447,15.921900161030596,13.92914653784219,9.567901234567902,25.07380568974772,8.152173913043478,10.86285560923242,2.831454643048846,2.2611379495437465,1.1272141706924315,,0.08722490606548577,0.1878690284487386
157,10.017444981213098,15.921900161030596,13.747987117552334,9.567901234567902,25.06038647342995,8.152173913043478,11.077563070316694,2.8247450348899625,2.227589908749329,1.1272141706924315,,0.08722490606548577,0.1878690284487386
158,10.111379495437467,15.921900161030596,13.747987117552334,8.997584541062801,25.45625335480408,8.272946859903382,11.057434245840042,2.8247450348899625,2.2074610842726785,1.1272141706924315,,0.08722490606548577,0.1878690284487386
159,10.178475577026301,15.861513687600644,13.962694578636608,8.99087493290392,25.315351583467525,8.246108427267847,11.030595813204508,2.8247450348899625,2.187332259796028,1.1272141706924315,,0.08722490606548577,0.1878690284487386
160,10.064412238325282,15.821256038647343,13.747987117552334,9.514224369296834,25.268384326355342,8.158883521202362,11.2788513150832,2.703972088030059,2.0799785292538915,1.0869565217391304,,0.08722490606548577,0.1878690284487386
161,10.245571658615138,15.821256038647343,13.741277509393452,9.500805152979066,25.187869028448738,8.145464304884594,11.218464841653248,2.703972088030059,2.0799785292538915,1.0802469135802468,,0.08722490606548577,0.1878690284487386
162,10.352925389157273,15.546162104133119,13.647342995169081,9.930220075147611,24.986580783682232,8.145464304884594,11.231884057971014,2.791196994095545,2.0665593129361244,1.0534084809447128,,0.08722490606548577,0.1610305958132045
163,10.38647342995169,15.499194847020934,13.486312399355878,9.916800858829845,24.892646269457863,8.400429414922169,10.963499731615673,2.791196994095545,2.0665593129361244,1.0534084809447128,,0.08722490606548577,0.4562533548040794
164,10.446859903381643,15.458937198067632,13.486312399355878,9.856414385399892,24.879227053140095,8.474235104669887,10.963499731615673,2.771068169618894,2.0665593129361244,1.0534084809447128,,0.08722490606548577,0.4562533548040794
165,10.426731078904991,15.157004830917874,13.123993558776167,10.131508319914117,24.872517444981213,8.252818035426731,11.137949543746645,3.307836822329576,2.0397208803005906,0.9728931830381106,,0.08722490606548577,0.48980139559849706
166,10.46027911969941,14.949006977992486,13.747987117552334,9.903381642512077,24.698067632850243,8.111916264090176,11.231884057971014,3.307836822329576,2.0397208803005906,0.9728931830381106,,0.08722490606548577,0.48980139559849706
167,10.607890499194847,14.928878153515834,14.04320987654321,9.88996242619431,24.644390767579175,7.803274288781535,11.191626409017713,3.3011272141706924,2.0397208803005906,0.9728931830381106,,0.08722490606548577,0.48980139559849706
168,10.802469135802468,14.9020397208803,13.935856146001074,9.86983360171766,24.590713902308106,7.7361782071927,11.104401502952227,3.435319377348363,2.0397208803005906,0.9728931830381106,,0.08722490606548577,0.5233494363929146
169,10.849436392914654,14.861782071927,13.935856146001074,9.829575952764358,24.54374664519592,7.749597423510467,11.151368760064413,3.435319377348363,2.0397208803005906,0.9930220075147611,,0.08722490606548577,0.5233494363929146
170,10.909822866344605,14.834943639291465,13.855340848094471,9.742351046698873,24.44981213097155,7.944176060118089,11.3593666129898,3.321256038647343,2.0263016639828235,0.9460547504025765,,0.08722490606548577,0.5233494363929146
171,11.077563070316694,14.834943639291465,13.774825550187868,9.997316156736447,24.376006441223833,7.9106280193236715,11.231884057971014,3.2877079978529253,1.9524959742351047,0.9460547504025765,,0.08722490606548577,0.5233494363929146
172,10.903113258185721,14.553140096618357,13.727858293075684,9.970477724100913,24.060654857756308,9.125067096081589,11.178207192699947,3.2877079978529253,1.8451422436929683,0.7380568974771873,,0.08722490606548577,0.5233494363929146
173,10.869565217391305,14.486044015029522,13.694310252281268,10.124798711755233,24.033816425120772,9.125067096081589,11.030595813204508,3.3011272141706924,1.8786902844873858,0.8454106280193237,,0.08722490606548577,0.5233494363929146
174,10.849436392914654,14.351851851851851,14.036500268384327,10.11808910359635,23.845947396672035,9.118357487922705,11.057434245840042,3.2877079978529253,1.8786902844873858,0.8454106280193237,,0.08722490606548577,0.5233494363929146
175,10.916532474503489,14.338432635534085,14.029790660225443,10.111379495437467,23.845947396672035,9.111647879763822,11.030595813204508,3.280998389694042,1.8786902844873858,0.8454106280193237,,0.08722490606548577,0.5233494363929146
176,10.970209339774557,14.331723027375201,14.002952227589908,10.111379495437467,23.79898013955985,9.111647879763822,11.057434245840042,3.280998389694042,1.8786902844873858,0.8454106280193237,,0.08722490606548577,0.5233494363929146
177,10.554213633923778,13.439345142243694,13.030059044551798,9.131776704240472,23.772141706924316,9.111647879763822,15.35829307568438,3.046162104133119,1.4492753623188406,0.5971551261406334,,0.04696725711218465,0.46296296296296297
178,10.587761674718196,13.43263553408481,13.318572195383789,9.16532474503489,23.537305421363392,8.957326892109501,15.197262479871176,3.079710144927536,1.4492753623188406,0.7648953301127214,,0.04696725711218465,0.46296296296296297
179,10.782340311325818,13.271604938271604,13.298443370907139,9.232420826623725,23.43666129898014,8.950617283950617,15.123456790123457,3.079710144927536,1.4492753623188406,0.8655394524959742,,0.04696725711218465,0.46296296296296297
180,10.86285560923242,13.22463768115942,13.298443370907139,9.158615136876007,23.43666129898014,8.84326355340848,15.13016639828234,3.079710144927536,1.6237251744498122,0.8655394524959742,,0.040257648953301126,0.43612453032742887
181,10.896403650026839,12.983091787439614,13.211218464841654,8.849973161567364,23.403113258185723,9.353193773483628,15.331454643048845,3.079710144927536,1.5633387010198605,0.8521202361782072,,0.040257648953301126,0.43612453032742887
182,11.097691894793345,12.95625335480408,13.18438003220612,8.977455716586151,23.255501878690286,9.27938808373591,15.35829307568438,3.079710144927536,1.556629092860977,0.7783145464304885,,0.040257648953301126,0.43612453032742887
183,11.158078368223295,12.929414922168545,13.305152979066023,8.977455716586151,23.101180891035963,9.265968867418144,15.331454643048845,3.1199677938808374,1.556629092860977,0.7783145464304885,,0.040257648953301126,0.43612453032742887
184,11.265432098765432,12.902576489533011,13.258185721953838,9.138486312399356,22.933440687063875,9.272678475577026,15.28448738593666,3.1199677938808374,1.5767579173376274,0.7716049382716049,,0.040257648953301126,0.43612453032742887
185,11.41304347826087,12.86231884057971,13.258185721953838,9.07139023081052,22.873054213633925,9.265968867418144,15.28448738593666,3.1199677938808374,1.6035963499731616,0.7716049382716049,,0.040257648953301126,0.43612453032742887
186,11.480139559849706,12.788513150831992,13.197799248523886,9.044551798174986,22.81266774020397,9.145195920558239,15.566290928609769,3.140096618357488,1.6035963499731616,0.7447665056360708,,0.040257648953301126,0.43612453032742887
187,11.627750939345143,12.634192163177671,13.097155126140633,8.984165324745035,22.779119699409556,9.138486312399356,15.74074074074074,3.1736446591519054,1.6035963499731616,0.7447665056360708,,0.040257648953301126,0.43612453032742887
188,11.681427804616211,12.614063338701019,13.097155126140633,8.977455716586151,22.765700483091788,9.125067096081589,15.707192699946322,3.1736446591519054,1.6035963499731616,0.7783145464304885,,0.040257648953301126,0.43612453032742887
189,11.721685453569512,12.513419216317766,13.083735909822867,8.80300590445518,22.5979602791197,9.16532474503489,16.089640365002683,3.1736446591519054,1.596886741814278,0.7783145464304885,,0.040257648953301126,0.43612453032742887
