,45,50,54,51,55,56,52,53,57,58,59,60,61
0,96.34997316156736,3.6097691894793345,0.040257648953301126,,,,,,,,,,
1,77.77777777777777,19.102254428341386,,2.898550724637681,0.19457863660762212,0.026838432635534086,,,,,,,
2,74.8792270531401,22.007514761137948,,2.8918411164787976,0.19457863660762212,0.026838432635534086,,,,,,,
3,65.01610305958133,31.723027375201287,0.07380568974771873,2.8918411164787976,0.2683843263553409,0.026838432635534086,,,,,,,
4,63.94927536231884,26.308373590982285,,2.8918411164787976,0.13419216317767044,0.026838432635534086,4.522275899087493,2.167203435319377,,,,,
5,62.52012882447665,27.509393451422437,,2.8918411164787976,0.24154589371980675,0.026838432635534086,4.522275899087493,2.2879763821792807,,,,,
6,55.099302200751474,35.13150831991412,,2.3483628556092326,0.5099302200751477,0.10064412238325282,4.49543746645196,2.2879763821792807,0.026838432635534086,,,,
7,52.965646806226516,33.70907139023081,,3.475577026301664,0.6105743424584005,,7.03166935050993,2.1806226516371443,0.026838432635534086,,,,
8,43.33064949006978,41.908212560386474,0.03354804079441761,3.3279656468062266,0.6038647342995169,,7.092055823939882,3.6768652710681695,0.026838432635534086,,,,
9,39.35856146001073,43.69967793880837,0.03354804079441761,5.837359098228664,0.41599570585077833,,7.092055823939882,3.535963499731616,0.026838432635534086,,,,
10,32.96430488459474,46.69216317767042,4.300858829844337,5.837359098228664,1.9592055823939882,,4.683306494900698,3.549382716049383,0.013419216317767043,,,,
11,29.045893719806763,50.436124530327426,4.260601180891036,5.683038110574342,2.214170692431562,0.1274825550187869,4.669887278582931,3.549382716049383,0.013419216317767043,,,,
12,29.025764895330113,47.61137949543747,3.1468062265163717,5.636070853462158,3.5762211486849167,0.1878690284487386,7.387278582930757,3.374932903918411,0.013419216317767043,0.040257648953301126,,,
13,27.91867954911433,36.802200751476114,2.509393451422437,20.591787439613526,2.4892646269457863,0.1878690284487386,6.072195383789587,3.374932903918411,0.013419216317767043,0.040257648953301126,,,
14,27.32823403113258,32.25308641975309,3.8311862587224907,22.24235104669887,1.328502415458937,0.7380568974771873,6.830381105743425,5.360976918947934,0.04696725711218465,0.040257648953301126,,,
15,22.779119699409556,35.587761674718195,3.8311862587224907,23.886205045625335,1.7042404723564144,0.9125067096081588,6.407675791733762,4.804079441760601,0.04696725711218465,0.040257648953301126,,,
16,22.71202361782072,35.628019323671495,3.683574879227053,23.60440150295223,1.8585614600107354,1.1943102522812667,6.394256575415996,4.777241009125067,0.04696725711218465,0.06709608158883522,0.03354804079441761,,
17,22.544283413848632,33.89694041867955,3.5225442834138487,21.195652173913043,1.6035963499731616,1.3754696725711217,8.890230810520666,6.823671497584541,0.04696725711218465,0.06709608158883522,0.03354804079441761,,
18,21.732420826623724,33.702361782071925,3.5225442834138487,21.061460010735374,1.7579173376274826,1.7042404723564144,9.54777241009125,6.816961889425658,0.04696725711218465,0.07380568974771873,0.03354804079441761,,
19,16.935050993022006,35.08454106280193,2.1135265700483092,26.549919484702095,1.9927536231884058,1.6639828234031133,8.796296296296296,6.709608158883521,0.04696725711218465,0.07380568974771873,0.03354804079441761,,
20,10.762211486849168,45.3972088030059,2.6033279656468062,24.355877616747183,1.8384326355340848,1.6103059581320451,7.300053676865271,5.978260869565218,0.04696725711218465,0.07380568974771873,0.03354804079441761,,
21,7.071926999463232,44.7463768115942,0.6575415995705851,29.542404723564143,1.06682769726248,0.8990874932903918,12.298711755233494,3.5091250670960816,0.07380568974771873,0.13419216317767044,,,
22,4.87788513150832,35.11137949543747,0.6575415995705851,39.84836285560923,1.3217928073000538,2.4020397208803006,12.04374664519592,3.4688674181427803,0.13419216317767044,0.13419216317767044,,,
23,4.663177670424047,34.64170692431562,1.932367149758454,33.59500805152979,1.4761137949543746,1.8518518518518519,12.02361782071927,9.54777241009125,0.13419216317767044,0.13419216317767044,,,
24,4.7101449275362315,34.534353193773484,1.6505636070853462,34.56119162640902,1.570048309178744,1.9860440150295222,11.191626409017713,9.380032206119163,0.13419216317767044,0.13419216317767044,0.14761137949543746,,
25,4.85775630703167,31.407675791733762,2.254428341384863,34.35319377348363,4.045893719806763,1.8250134192163177,11.151368760064413,9.433709071390231,0.2549651100375738,0.13419216317767044,0.28180354267310787,,
26,4.898013955984971,30.938003220611915,2.24771873322598,32.326892109500804,4.40150295222759,1.7713365539452497,13.311862587224907,9.386741814278047,0.32877079978529256,0.13419216317767044,0.2549651100375738,,
27,5.065754159957058,29.74369296833065,2.24771873322598,32.18599033816425,4.723564143853999,1.778046162104133,13.922436929683306,8.628556092324208,1.2345679012345678,0.2147074610842727,0.2549651100375738,,
28,4.300858829844337,24.235104669887278,2.24771873322598,38.808373590982285,5.3274288781535155,2.6704240472356413,16.009125067096083,4.616210413311863,1.3955984970477724,0.2549651100375738,0.13419216317767044,,
29,3.7104133118625873,21.28287707997853,2.5496511003757383,47.41009125067096,5.139559849704777,2.85829307568438,10.909822866344605,4.542404723564144,1.2077294685990339,0.2549651100375738,0.13419216317767044,,
30,3.44873859366613,14.821524422973699,2.1135265700483092,55.461621041331185,4.790660225442834,2.898550724637681,10.695115405260333,4.2270531400966185,1.1540526033279657,0.2549651100375738,0.13419216317767044,,
31,3.4017713365539453,14.40552871712292,3.556092324208266,51.1406333870102,7.796564680622652,3.603059581320451,10.507246376811594,3.9519592055823938,1.247987117552335,0.2549651100375738,0.13419216317767044,,
32,3.4822866344605474,13.707729468599034,3.1602254428341383,48.39640365002684,8.199141170155663,3.388352120236178,13.560118089103597,4.51556629092861,1.2345679012345678,0.2214170692431562,0.13419216317767044,,
33,3.535963499731616,13.607085346215781,3.1602254428341383,47.61808910359635,8.279656468062266,4.2203435319377345,13.499731615673644,4.488727858293076,1.2345679012345678,0.2214170692431562,0.13419216317767044,,
34,3.7372517444981215,13.144122383252817,3.066290928609769,45.9272678475577,8.769457863660762,4.562533548040794,13.439345142243694,5.589103596349974,1.3486312399355878,0.28180354267310787,0.13419216317767044,,
35,3.8311862587224907,13.097155126140633,3.052871712292002,45.54482018250134,8.715780998389693,4.871175523349437,13.365539452495975,5.5689747718733225,1.3486312399355878,0.35560923242082665,0.24825550187869028,,
36,3.9519592055823938,12.895866881374127,3.1199677938808374,45.18250134192163,8.876811594202898,5.10601180891036,13.311862587224907,5.441492216854535,1.3821792807300053,0.35560923242082665,0.3757380568974772,,
37,3.7238325281803544,11.802200751476114,3.2139023081052067,33.23268921095008,6.233225979602791,4.569243156199678,28.14680622651637,7.085346215780999,1.288244766505636,0.32877079978529256,0.3757380568974772,,
38,3.9855072463768115,11.688137412775093,3.2004830917874396,32.930756843800324,6.253354804079442,4.898013955984971,27.28797638217928,6.984702093397746,1.9726247987117553,0.4227053140096618,0.3757380568974772,,
39,3.8915727321524423,11.553945249597424,3.2004830917874396,35.31266774020397,6.159420289855072,4.2270531400966185,26.818303811057433,6.199677938808374,1.8988191089640365,0.36231884057971014,0.3757380568974772,,
40,4.019055287171229,11.520397208803006,3.2004830917874396,35.18518518518518,6.172839506172839,4.42163177670424,26.663982823403114,6.199677938808374,1.892109500805153,0.36231884057971014,0.36231884057971014,,
41,4.025764895330113,11.446591519055287,5.803811057434245,35.04428341384863,6.166129898013956,4.602791196994096,24.355877616747183,5.797101449275362,2.033011272141707,0.36231884057971014,0.36231884057971014,,
42,3.7037037037037037,7.769726247987117,5.71658615136876,34.86312399355877,5.508588298443371,4.488727858293076,28.56280193236715,6.696188942565755,2.120236178207193,0.18115942028985507,0.38915727321524424,,
43,3.7037037037037037,5.991680085882985,4.9718196457326895,34.225711218464845,4.783950617283951,4.019055287171229,32.9374664519592,6.655931293612453,2.1068169618894257,0.2147074610842727,0.38915727321524424,,
44,3.770799785292539,5.924584004294149,4.186795491143317,36.95652173913044,4.7101449275362315,3.9318303811057436,31.729736983360173,5.891035963499732,2.2745571658615136,0.36231884057971014,0.2616747181964573,,
45,3.9586688137412773,5.891035963499732,4.186795491143317,36.802200751476114,4.683306494900698,4.072732152442297,31.387546967257112,5.891035963499732,2.5026838432635534,0.36231884057971014,0.2616747181964573,,
46,3.9989264626945786,5.092592592592593,4.072732152442297,35.789049919484704,3.992216854535695,4.139828234031133,36.2385936661299,3.9989264626945786,2.1604938271604937,0.14761137949543746,0.36902844873859364,,
47,4.005636070853462,5.092592592592593,6.340579710144928,32.10547504025765,4.146537842190016,4.2270531400966185,37.92941492216855,3.4621578099838968,2.200751476113795,0.14761137949543746,0.3421900161030596,,
48,4.012345679012346,5.092592592592593,6.340579710144928,32.058507783145465,4.193505099302201,4.2270531400966185,37.92270531400966,3.4621578099838968,2.200751476113795,0.14761137949543746,0.3421900161030596,,
49,3.6902844873859366,4.609500805152979,10.258990874932904,33.41384863123994,3.475577026301664,4.139828234031133,35.94337090713902,1.5901771336553945,2.3617820719269993,0.14761137949543746,0.36902844873859364,,
50,3.7775093934514223,4.468599033816425,10.258990874932904,31.5552871712292,3.6097691894793345,4.274020397208803,37.52012882447665,1.5901771336553945,2.428878153515835,0.14761137949543746,0.36902844873859364,,
51,3.5762211486849167,3.3279656468062266,9.86983360171766,42.39801395598497,4.139828234031133,4.300858829844337,28.052871712292003,1.7176596886741815,2.073268921095008,0.17444981213097155,0.36902844873859364,,
52,3.730542136339238,3.280998389694042,9.822866344605474,39.65378421900161,4.079441760601181,4.367954911433173,30.414653784219002,1.8250134192163177,2.2410091250670963,0.17444981213097155,0.4092860976918948,,
53,3.898282340311326,3.260869565217391,9.88996242619431,39.44578636607622,4.079441760601181,4.38137412775094,30.3743961352657,1.8048845947396672,2.2410091250670963,0.17444981213097155,0.4495437466451959,,
54,4.045893719806763,3.227321524422974,9.86983360171766,38.969404186795494,4.663177670424047,4.455179817498658,30.05233494363929,1.8048845947396672,2.2611379495437465,0.20128824476650564,0.4495437466451959,,
55,4.28743961352657,3.227321524422974,9.668545356951155,37.265163714439076,4.736983360171766,4.87788513150832,30.414653784219002,2.2208803005904456,2.61003757380569,0.20128824476650564,0.48980139559849706,,
56,4.428341384863124,3.2004830917874396,9.621578099838969,37.144390767579175,4.723564143853999,4.9651100375738055,30.293880837359097,2.2208803005904456,2.677133655394525,0.20128824476650564,0.5233494363929146,,
57,4.522275899087493,3.0327428878153517,9.426999463231347,37.07729468599034,5.025496511003757,5.025496511003757,30.01207729468599,2.187332259796028,2.9388083735909825,0.2281266774020397,0.5233494363929146,,
58,4.40150295222759,3.0730005367686526,9.312936124530328,36.37949543746645,4.898013955984971,5.10601180891036,29.240472356414386,3.656736446591519,2.9052603327965647,0.5032206119162641,0.5233494363929146,,
59,4.609500805152979,3.0730005367686526,9.27938808373591,36.05072463768116,5.01207729468599,5.132850241545894,29.09286097691895,3.656736446591519,3.066290928609769,0.5032206119162641,0.5233494363929146,,
60,4.663177670424047,2.918679549114332,9.265968867418144,34.58132045088567,4.622920021470746,6.655931293612453,29.468599033816425,3.643317230273752,3.166935050993022,0.5032206119162641,0.5099302200751477,,
61,4.696725711218465,2.9119699409554483,9.265968867418144,34.306226516371446,4.5960815888352125,6.944444444444445,29.455179817498657,3.535963499731616,3.166935050993022,0.6105743424584005,0.5099302200751477,,
62,4.676596886741814,2.831454643048846,9.265968867418144,31.91760601180891,4.74369296833065,6.984702093397746,27.63016639828234,7.226247987117552,3.5762211486849167,0.6374127750939346,0.5099302200751477,,
63,4.790660225442834,2.818035426731079,9.23913043478261,31.548577563070317,5.0858829844337095,7.125603864734299,27.489264626945786,7.132313472893183,3.6231884057971016,0.6374127750939346,0.5099302200751477,,
64,4.904723564143854,2.804616210413312,9.185453569511541,31.273483628556093,5.12614063338701,7.5281803542673105,27.26113794954375,6.937734836285561,3.7775093934514223,0.6910896403650026,0.5099302200751477,,
65,3.965378421900161,2.61003757380569,8.57487922705314,40.552871712292,4.2203435319377345,6.729736983360172,22.36983360171766,6.729736983360172,2.9388083735909825,0.8387010198604401,0.46967257112184646,,
66,3.978797638217928,2.49597423510467,7.816693505099302,46.765968867418145,3.8311862587224907,6.226516371443908,20.417337627482556,4.528985507246377,2.85829307568438,0.7179280730005367,0.36231884057971014,,
67,3.9519592055823938,2.49597423510467,7.7831454643048845,50.14761137949544,3.589640365002684,6.293612453032743,18.612453032742888,3.5963499731615673,2.703972088030059,0.46296296296296297,0.36231884057971014,,
68,3.9519592055823938,2.49597423510467,8.051529790660226,49.67122920021471,3.6500268384326353,6.857219538378959,18.283682232957595,3.5963499731615673,2.6167471819645733,0.46296296296296297,0.36231884057971014,,
69,3.911701556629093,2.49597423510467,8.051529790660226,48.081052066559316,3.730542136339238,7.018250134192163,18.16290928609769,4.985238862050457,2.737520128824477,0.46296296296296297,0.36231884057971014,,
70,3.8177670424047236,2.49597423510467,6.736446591519055,46.88003220611916,4.569243156199678,6.696188942565755,19.592055823939884,6.025228126677402,2.5161030595813205,0.39586688137412773,0.27509393451422437,,
71,3.9989264626945786,2.408749329039184,7.917337627482555,44.585346215781,4.582662372517445,6.340579710144928,20.88030059044552,6.0654857756307035,2.4825550187869028,0.4227053140096618,0.3153515834675255,,
72,3.965378421900161,2.3752012882447664,7.917337627482555,43.53864734299517,4.636339237788513,6.219806763285024,23.17498658078368,5.267042404723564,2.1403650026838434,0.4495437466451959,0.3153515834675255,,
73,3.9989264626945786,2.3483628556092326,10.587761674718196,41.7740203972088,5.005367686527107,6.622383252818035,21.786097691894792,5.267042404723564,1.8451422436929683,0.4495437466451959,0.3153515834675255,,
74,4.159957058507783,2.314814814814815,10.420021470746109,42.881105743424584,3.9318303811057436,6.662640901771336,21.511003757380568,5.179817498658078,2.059849704777241,0.41599570585077833,0.46296296296296297,,
75,4.253891572732153,2.2946859903381642,10.379763821792807,42.73349436392915,4.012345679012346,6.709608158883521,21.410359634997317,5.119431025228127,2.15378421900161,0.46967257112184646,0.46296296296296297,,
76,4.052603327965647,5.46833064949007,10.57434245840043,39.54643048845947,4.696725711218465,6.427804616210413,21.296296296296298,5.159688674181428,1.8853998926462694,0.46967257112184646,0.4227053140096618,,
77,4.0995705850778315,5.46833064949007,10.19189479334407,41.50563607085346,4.676596886741814,6.535158346752549,19.605475040257648,5.065754159957058,1.7914653784219001,0.46967257112184646,0.5166398282340311,0.07380568974771873,
78,4.2270531400966185,5.186527106816962,9.75577026301664,41.237251744498124,4.555823939881911,6.635802469135802,19.464573268921097,5.911164787976382,1.932367149758454,0.5032206119162641,0.5166398282340311,0.07380568974771873,
79,3.992216854535695,5.0993022007514766,9.473966720343531,40.734031132581855,4.334406870638754,6.454643048845948,20.9272678475577,5.884326355340848,2.006172839506173,0.5032206119162641,0.5166398282340311,0.07380568974771873,
80,4.079441760601181,5.0993022007514766,9.460547504025765,40.61325818572195,4.2270531400966185,6.447933440687064,21.021202361782073,5.897745571658615,2.006172839506173,0.5032206119162641,0.5703166935050993,0.07380568974771873,
81,4.2203435319377345,5.072463768115942,9.292807300053678,40.41196994095545,4.253891572732153,6.736446591519055,20.947396672034355,5.870907139023081,2.046430488459474,0.5032206119162641,0.5703166935050993,0.07380568974771873,
82,4.361245303274289,5.072463768115942,9.111647879763822,40.21739130434783,4.253891572732153,6.790123456790123,20.8064949006978,5.870907139023081,2.1604938271604937,0.7112184648416533,0.5703166935050993,0.07380568974771873,
83,4.274020397208803,4.985238862050457,8.051529790660226,39.44578636607622,4.3478260869565215,6.736446591519055,19.652442297369834,9.098228663446054,2.15378421900161,0.7112184648416533,0.46967257112184646,0.07380568974771873,
84,4.334406870638754,4.958400429414922,7.575147611379496,36.56736446591519,4.488727858293076,7.0450885668276975,23.09447128287708,8.507783145464305,2.200751476113795,0.6843800322061192,0.46967257112184646,0.07380568974771873,
85,4.455179817498658,4.944981213097155,7.568438003220612,36.29898013955985,4.488727858293076,7.179280730005368,22.859634997316157,8.507783145464305,2.4691358024691357,0.6843800322061192,0.46967257112184646,0.07380568974771873,
86,4.5960815888352125,4.931561996779388,7.709339774557166,36.12453032742888,4.468599033816425,7.387278582930757,22.5577026301664,8.340042941492216,2.5563607085346214,0.785024154589372,0.46967257112184646,0.07380568974771873,
87,4.508856682769726,4.750402576489533,7.776435856146001,41.948470209339774,3.280998389694042,6.971282877079979,19.64573268921095,8.004562533548041,2.0531400966183573,0.7246376811594203,0.33548040794417605,,
88,4.562533548040794,4.750402576489533,7.75630703166935,41.51234567901235,3.4017713365539453,7.266505636070853,19.51825013419216,8.038110574342458,2.1604938271604937,0.7246376811594203,0.30864197530864196,,
89,4.669887278582931,4.750402576489533,7.75630703166935,41.136607622114866,3.589640365002684,7.380568974771873,19.464573268921097,8.064949006977992,2.15378421900161,0.7246376811594203,0.30864197530864196,,
90,4.690016103059581,4.62962962962963,7.709339774557166,40.80112721417069,3.797638217928073,7.601986044015029,19.444444444444443,8.017981749865807,2.13365539452496,0.8655394524959742,0.30864197530864196,,
91,4.924852388620504,4.2270531400966185,8.07836822329576,40.09661835748792,4.5960815888352125,7.863660762211487,19.39747718733226,7.64224369296833,2.1068169618894257,0.8454106280193237,0.2214170692431562,,
92,5.025496511003757,4.2270531400966185,8.05823939881911,39.82823403113258,4.5960815888352125,7.98443370907139,19.243156199677937,7.709339774557166,2.2611379495437465,0.8454106280193237,0.2214170692431562,,
93,5.045625335480408,4.200214707461084,7.816693505099302,39.32501341921632,4.777241009125067,8.635265700483092,19.142512077294686,7.561728395061729,2.2611379495437465,0.9796027911969941,0.2549651100375738,,
94,4.978529253891573,4.159957058507783,7.7831454643048845,39.18411164787977,4.817498658078368,8.635265700483092,17.787171229200215,9.057971014492754,2.3349436392914655,1.0064412238325282,0.2549651100375738,,
95,4.696725711218465,4.159957058507783,8.628556092324208,38.217928073000536,4.904723564143854,8.910359634997317,17.72007514761138,9.111647879763822,2.3752012882447664,1.1137949543746646,0.1610305958132045,,
96,4.790660225442834,4.139828234031133,8.568169618894256,38.056897477187334,4.891304347826087,9.111647879763822,17.59259259259259,9.078099838969404,2.4355877616747184,1.1137949543746646,0.2214170692431562,,
97,4.871175523349437,4.139828234031133,8.621846484165324,37.84219001610306,4.904723564143854,9.265968867418144,17.54562533548041,9.07139023081052,2.4355877616747184,1.0802469135802468,0.2214170692431562,,
98,4.931561996779388,4.139828234031133,8.581588835212024,37.65432098765432,4.904723564143854,9.39345142243693,17.54562533548041,9.07139023081052,2.4825550187869028,1.0735373054213635,0.2214170692431562,,
99,5.193236714975845,4.106280193236715,8.601717659688674,35.46027911969941,7.48792270531401,8.870101986044014,17.444981213097154,8.957326892109501,2.5831991411701556,1.0735373054213635,0.2214170692431562,,
100,4.3478260869565215,24.550456253354803,8.494363929146537,24.630971551261407,6.172839506172839,5.870907139023081,13.24476650563607,9.265968867418144,2.059849704777241,1.0332796564680622,0.2214170692431562,,0.10735373054213634
101,4.502147074610843,24.295491143317232,8.501073537305421,24.235104669887278,6.072195383789587,5.850778314546431,13.801663982823403,9.125067096081589,2.254428341384863,1.0332796564680622,0.2214170692431562,,0.10735373054213634
102,3.743961352657005,21.443907675791735,7.682501341921632,33.21926999463231,5.528717122920021,4.448470209339774,10.44015029522276,10.34621578099839,1.8518518518518519,1.0064412238325282,0.18115942028985507,,0.10735373054213634
103,3.898282340311326,21.276167471819647,7.575147611379496,32.870370370370374,5.736714975845411,4.7101449275362315,10.453569511540525,10.319377348362856,1.8786902844873858,0.9930220075147611,0.18115942028985507,,0.10735373054213634
104,3.5829307568438002,29.736983360171767,6.635802469135802,28.33467525496511,5.857487922705314,4.019055287171229,8.816425120772946,10.272410091250672,1.5230810520665594,0.966183574879227,0.14761137949543746,,0.10735373054213634
105,3.6500268384326353,26.247987117552334,6.5485775630703165,27.536231884057973,4.643048845947397,3.9720880300590444,14.720880300590446,9.936929683306495,1.5230810520665594,0.966183574879227,0.14761137949543746,,0.10735373054213634
106,3.8580246913580245,25.99302200751476,6.521739130434782,27.355072463768117,4.924852388620504,4.066022544283414,14.647074610842727,9.782608695652174,1.6572732152442298,0.9393451422436929,0.14761137949543746,,0.10735373054213634
107,3.6634460547504024,16.659957058507782,9.333064949006978,37.25174449812131,4.602791196994096,3.824476650563607,13.768115942028986,8.219269994632313,1.6438539989264627,0.7783145464304885,0.14761137949543746,,0.10735373054213634
108,3.079710144927536,16.59286097691895,8.32662372517445,45.249597423510465,4.159957058507783,3.1736446591519054,10.339506172839506,6.904186795491143,1.3217928073000538,0.5971551261406334,0.14761137949543746,,0.10735373054213634
109,3.113258185721954,16.25738056897477,7.85024154589372,43.39103596349973,4.233762748255502,3.2139023081052067,12.875738056897477,6.810252281266774,1.3016639828234031,0.7112184648416533,0.13419216317767044,,0.10735373054213634
110,3.1333870101986045,16.089640365002683,8.32662372517445,42.81400966183575,4.40150295222759,3.321256038647343,12.842190016103059,6.816961889425658,1.3016639828234031,0.7112184648416533,0.13419216317767044,,0.10735373054213634
111,3.307836822329576,15.311325818572195,8.360171765968868,40.25764895330113,4.40150295222759,3.455448201825013,12.822061191626409,9.883252818035427,1.247987117552335,0.7112184648416533,0.13419216317767044,,0.10735373054213634
112,3.4957058507783145,15.22410091250671,8.454106280193237,40.143585614600106,4.394793344068707,3.475577026301664,12.667740203972087,9.816156736446592,1.3754696725711217,0.7112184648416533,0.13419216317767044,,0.10735373054213634
113,3.488996242619431,15.197262479871176,8.454106280193237,39.99597423510467,4.388083735909823,3.44873859366613,12.661030595813205,10.010735373054214,1.3352120236178207,0.7783145464304885,0.13419216317767044,,0.10735373054213634
114,3.0864197530864197,15.143585614600108,6.857219538378959,42.7938808373591,4.233762748255502,3.6902844873859366,12.4597423510467,9.473966720343531,1.4492753623188406,0.630703166935051,0.07380568974771873,,0.10735373054213634
115,3.2004830917874396,15.042941492216855,6.756575415995706,42.53891572732152,4.334406870638754,3.898282340311326,12.4597423510467,9.359903381642512,1.4962426194310252,0.630703166935051,0.07380568974771873,0.10064412238325282,0.10735373054213634
116,3.4017713365539453,14.895330112721417,6.729736983360172,42.37788513150832,4.341116478797638,3.898282340311326,12.446323134728932,9.39345142243693,1.4962426194310252,0.7380568974771873,0.07380568974771873,0.10064412238325282,0.10735373054213634
117,3.475577026301664,14.841653247450349,6.602254428341385,42.98845947396672,4.374664519592056,3.978797638217928,12.144390767579173,8.977455716586151,1.4626945786366077,0.7380568974771873,0.06038647342995169,0.24825550187869028,0.10735373054213634
118,3.6366076221148687,14.694041867954912,6.521739130434782,42.55904455179817,4.53569511540526,4.569243156199678,11.822329575952764,8.977455716586151,1.5297906602254427,0.7380568974771873,0.06038647342995169,0.24825550187869028,0.10735373054213634
119,3.8580246913580245,14.640365002683843,6.508319914117015,42.54562533548041,4.441760601180891,4.555823939881911,11.79549114331723,8.943907675791733,1.556629092860977,0.7380568974771873,0.06038647342995169,0.24825550187869028,0.10735373054213634
120,3.9318303811057436,14.016371443907676,6.494900697799249,40.29119699409554,6.6760601180891035,4.676596886741814,11.721685453569512,9.447128287707997,1.596886741814278,0.7313472893183038,0.06038647342995169,0.24825550187869028,0.10735373054213634
121,4.086151368760064,13.935856146001074,6.468062265163715,39.84836285560923,6.709608158883521,5.038915727321524,11.721685453569512,9.447128287707997,1.596886741814278,0.7313472893183038,0.06038647342995169,0.24825550187869028,0.10735373054213634
122,4.025764895330113,9.648416532474503,6.260064412238325,41.47208803005905,6.172839506172839,4.703435319377348,10.064412238325282,14.969135802469136,1.5365002683843263,0.7313472893183038,0.06038647342995169,0.24825550187869028,0.10735373054213634
123,4.066022544283414,9.46725711218465,5.991680085882985,38.85534084809447,6.508319914117015,4.750402576489533,9.943639291465379,17.76033279656468,1.5096618357487923,0.7313472893183038,0.06038647342995169,0.24825550187869028,0.10735373054213634
124,3.7573805689747717,8.903650026838433,5.233494363929147,46.812936124530324,5.179817498658078,4.2270531400966185,9.460547504025765,13.841921631776705,1.5029522275899088,0.6374127750939346,0.06038647342995169,0.24825550187869028,0.13419216317767044
125,3.9184111647879765,8.796296296296296,5.0791733762748255,44.49141170155663,5.146269457863661,4.569243156199678,9.386741814278047,15.821256038647343,1.5633387010198605,0.7716049382716049,0.06038647342995169,0.2616747181964573,0.13419216317767044
126,4.139828234031133,8.796296296296296,5.0791733762748255,44.18276972624799,5.146269457863661,4.790660225442834,9.353193773483628,15.546162104133119,1.6035963499731616,0.9057971014492754,0.06038647342995169,0.2616747181964573,0.13419216317767044
127,4.206924315619967,8.61513687600644,5.0791733762748255,43.994900697799245,5.414653784219001,4.918142780461621,9.185453569511541,15.519323671497585,1.6774020397208802,0.9057971014492754,0.08722490606548577,0.2616747181964573,0.13419216317767044
128,4.247181964573269,8.61513687600644,5.065754159957058,43.947933440687066,5.414653784219001,4.87788513150832,9.16532474503489,15.485775630703166,1.6774020397208802,1.0198604401502953,0.08722490606548577,0.2616747181964573,0.13419216317767044
129,4.159957058507783,8.561460010735374,5.045625335480408,42.90794417606012,4.643048845947397,4.864465915190553,8.769457863660762,17.907944176060116,1.5432098765432098,1.1674718196457328,0.14090177133655393,0.2616747181964573,0.026838432635534086
130,4.260601180891036,8.454106280193237,5.018786902844874,42.659688674181425,4.810789049919484,5.005367686527107,8.729200214707461,17.847557702630166,1.5633387010198605,1.2345679012345678,0.1274825550187869,0.2616747181964573,0.026838432635534086
131,4.522275899087493,8.440687063875469,5.12614063338701,41.17015566290929,4.871175523349437,4.87788513150832,11.386205045625335,16.418411164787976,1.5633387010198605,1.2077294685990339,0.1274825550187869,0.2616747181964573,0.026838432635534086
132,4.582662372517445,8.266237251744498,4.9651100375738055,40.37842190016103,5.139559849704777,4.804079441760601,11.345947396672035,17.183306494900698,1.6304347826086956,1.288244766505636,0.1274825550187869,0.2616747181964573,0.026838432635534086
133,4.703435319377348,8.259527643585615,4.851046698872786,40.08990874932904,5.367686527106817,4.8376274825550185,11.272141706924316,17.04911433172303,1.6237251744498122,1.5297906602254427,0.1274825550187869,0.2616747181964573,0.026838432635534086
134,4.7638217928073,8.259527643585615,5.10601180891036,39.774557165861516,5.35426731078905,4.944981213097155,11.20504562533548,17.022275899087493,1.6237251744498122,1.4761137949543746,0.1274825550187869,0.3153515834675255,0.026838432635534086
135,4.736983360171766,8.259527643585615,4.958400429414922,37.151100375738054,5.347557702630167,5.10601180891036,13.90901771336554,16.982018250134193,1.6035963499731616,1.4761137949543746,0.1274825550187869,0.3153515834675255,0.026838432635534086
136,4.830917874396135,8.152173913043478,4.958400429414922,37.05716586151369,5.414653784219001,5.199946323134729,13.808373590982287,16.928341384863124,1.7042404723564144,1.4761137949543746,0.1274825550187869,0.3153515834675255,0.026838432635534086
137,4.998658078368224,8.152173913043478,4.958400429414922,36.73510466988728,5.528717122920021,5.394524959742351,13.620504562533547,16.760601180891037,1.7914653784219001,1.6103059581320451,0.1274825550187869,0.2952227589908749,0.026838432635534086
138,5.193236714975845,7.997852925389157,4.931561996779388,36.48684916800859,5.609232420826624,5.642780461621041,13.519860440150294,16.646537842190018,1.9256575415995705,1.596886741814278,0.1274825550187869,0.2952227589908749,0.026838432635534086
139,5.22007514761138,7.997852925389157,5.025496511003757,36.39291465378422,5.528717122920021,5.6964573268921095,13.499731615673644,16.5727321524423,2.01959205582394,1.596886741814278,0.1274825550187869,0.2952227589908749,0.026838432635534086
140,5.246913580246914,7.950885668276973,6.649221685453569,35.32608695652174,5.797101449275362,5.743424584004294,12.97638217928073,16.317767042404725,1.892109500805153,1.5901771336553945,0.1878690284487386,0.2952227589908749,0.026838432635534086
141,5.441492216854535,7.944176060118089,6.4412238325281805,34.957058507783145,5.776972624798712,6.0587761674718195,12.915995705850777,16.264090177133657,2.120236178207193,1.570048309178744,0.1878690284487386,0.2952227589908749,0.026838432635534086
142,5.535426731078905,7.863660762211487,6.662640901771336,34.836285560923244,5.730005367686527,6.213097155126141,12.694578636607622,16.163446054750402,2.2208803005904456,1.570048309178744,0.1878690284487386,0.2952227589908749,0.026838432635534086
143,5.522007514761138,7.635534084809447,6.360708534621578,35.198604401502955,5.9447128287707995,5.971551261406334,13.157541599570585,16.049382716049383,2.1940418679549114,1.4559849704777241,0.1878690284487386,0.2952227589908749,0.026838432635534086
144,4.42163177670424,7.246376811594203,6.769994632313473,42.975040257648956,4.958400429414922,5.501878690284487,12.580515297906603,12.117552334943639,1.7981749865807837,1.1205045625335481,0.1878690284487386,0.2952227589908749,0.026838432635534086
145,4.200214707461084,6.5552871712292005,6.387546967257112,46.765968867418145,4.40150295222759,5.273752012882448,11.956521739130435,11.178207192699947,1.7713365539452497,1.06682769726248,0.14761137949543746,0.2952227589908749,
146,4.3478260869565215,6.535158346752549,6.508319914117015,45.92055823939882,4.30756843800322,5.978260869565218,11.902844873859367,10.929951690821255,1.9592055823939882,1.06682769726248,0.24825550187869028,0.2952227589908749,
147,4.28743961352657,6.300322061191626,6.4345142243692965,45.71256038647343,4.783950617283951,6.159420289855072,11.822329575952764,10.929951690821255,1.9592055823939882,1.06682769726248,0.24825550187869028,0.2952227589908749,
148,4.374664519592056,6.260064412238325,6.407675791733762,45.57836822329576,4.824208266237251,6.374127750939345,11.674718196457327,10.963499731615673,1.932367149758454,1.06682769726248,0.24825550187869028,0.2952227589908749,
149,4.508856682769726,6.219806763285024,6.340579710144928,45.410628019323674,4.924852388620504,6.414385399892646,11.674718196457327,10.963499731615673,1.932367149758454,1.06682769726248,0.24825550187869028,0.2952227589908749,
150,3.8311862587224907,4.166666666666667,5.0858829844337095,61.01717659688674,3.92512077294686,5.984970477724101,8.373590982286634,5.636070853462158,1.0735373054213635,0.36231884057971014,0.24825550187869028,0.2952227589908749,
151,4.03918411164788,4.086151368760064,4.9718196457326895,60.7487922705314,4.1129898013955986,5.9447128287707995,8.480944712828771,5.636070853462158,1.0735373054213635,0.36231884057971014,0.24825550187869028,0.2952227589908749,
152,4.133118625872249,4.066022544283414,4.9651100375738055,60.44015029522276,4.1129898013955986,6.179549114331723,8.480944712828771,5.595813204508857,1.1205045625335481,0.36231884057971014,0.24825550187869028,0.2952227589908749,
153,3.992216854535695,3.5762211486849167,3.784219001610306,60.258990874932906,4.079441760601181,6.0587761674718195,8.319914117015566,8.044820182501342,1.2345679012345678,0.36231884057971014,0.24825550187869028,0.040257648953301126,
154,4.072732152442297,3.556092324208266,3.9184111647879765,59.88325281803543,4.320987654320987,6.119162640901771,8.158883521202362,7.997852925389157,1.3217928073000538,0.36231884057971014,0.24825550187869028,0.040257648953301126,
155,4.233762748255502,3.556092324208266,3.797638217928073,59.20558239398819,4.260601180891036,6.6827697262479875,8.152173913043478,8.017981749865807,1.3888888888888888,0.36231884057971014,0.28180354267310787,0.06038647342995169,
156,4.394793344068707,3.5225442834138487,3.7909286097691894,58.581588835212024,4.3545356951154055,7.098765432098766,8.152173913043478,8.017981749865807,1.3821792807300053,0.36231884057971014,0.28180354267310787,0.06038647342995169,
157,4.374664519592056,3.099838969404187,3.7775093934514223,56.447933440687066,4.1129898013955986,6.89747718733226,11.064143853998926,7.950885668276973,1.6371443907675791,0.2952227589908749,0.28180354267310787,0.06038647342995169,
158,4.49543746645196,3.099838969404187,3.7775093934514223,56.17954911433172,4.1129898013955986,7.065217391304348,10.983628556092324,7.950885668276973,1.6572732152442298,0.33548040794417605,0.28180354267310787,0.06038647342995169,
159,4.49543746645196,3.099838969404187,3.7775093934514223,55.93129361245303,4.26731078904992,7.159151905528717,10.983628556092324,7.816693505099302,1.6572732152442298,0.46967257112184646,0.28180354267310787,0.06038647342995169,
160,4.696725711218465,3.0595813204508855,3.7775093934514223,55.67632850241546,4.374664519592056,7.306763285024155,10.849436392914654,7.749597423510467,1.6975308641975309,0.46967257112184646,0.28180354267310787,0.06038647342995169,
161,4.891304347826087,3.0595813204508855,3.8177670424047236,55.24691358024691,4.455179817498658,7.4141170155662905,10.82259796027912,7.749597423510467,1.7310789049919484,0.46967257112184646,0.28180354267310787,0.06038647342995169,
162,4.931561996779388,3.0595813204508855,3.8177670424047236,54.38137412775094,5.0791733762748255,7.628824476650563,10.809178743961352,7.682501341921632,1.7310789049919484,0.5099302200751477,0.30864197530864196,0.06038647342995169,
163,4.9651100375738055,3.0595813204508855,3.8177670424047236,54.24718196457327,5.0791733762748255,7.7361782071927,10.735373054213634,7.682501341921632,1.778046162104133,0.5300590445517982,0.30864197530864196,0.06038647342995169,
164,5.112721417069243,3.0595813204508855,3.784219001610306,53.89157273215244,5.173107890499195,7.9106280193236715,10.61460010735373,7.6556629092860975,1.8719806763285025,0.5568974771873323,0.30864197530864196,0.06038647342995169,
165,5.139559849704777,2.7777777777777777,3.7372517444981215,51.94578636607622,6.904186795491143,7.96430488459474,10.59447128287708,8.145464304884594,1.9592055823939882,0.4294149221685454,0.3421900161030596,0.06038647342995169,
166,5.159688674181428,2.7777777777777777,3.683574879227053,51.368760064412236,7.011540526033279,8.487654320987655,10.520665593129362,8.199141170155663,1.9592055823939882,0.4294149221685454,0.3421900161030596,0.06038647342995169,
167,5.300590445517981,2.7777777777777777,3.717122920021471,51.08695652173913,7.118894256575416,8.668813741277509,10.446859903381643,8.09849704777241,1.9592055823939882,0.4227053140096618,0.3421900161030596,0.06038647342995169,
168,5.394524959742351,2.677133655394525,3.8915727321524423,49.81213097155126,7.098765432098766,8.501073537305421,11.681427804616211,8.09849704777241,1.9927536231884058,0.4495437466451959,0.3421900161030596,0.06038647342995169,
169,5.24020397208803,2.657004830917874,3.7037037037037037,45.1556629092861,7.132313472893183,8.225979602791197,18.06897477187332,7.37385936661299,1.751207729468599,0.3421900161030596,0.2885131508319914,0.06038647342995169,
170,5.314009661835748,2.657004830917874,3.6902844873859366,43.84057971014493,7.125603864734299,8.091787439613526,19.249865807836823,7.360440150295223,1.9726247987117553,0.3421900161030596,0.2952227589908749,0.06038647342995169,
171,5.615942028985507,2.657004830917874,3.6902844873859366,43.646001073537306,7.273215244229737,8.152173913043478,19.061996779388085,7.185990338164252,2.01959205582394,0.3421900161030596,0.2952227589908749,0.06038647342995169,
172,5.756843800322061,2.657004830917874,3.670155662909286,43.35748792270532,7.4141170155662905,8.252818035426731,18.92109500805153,7.1658615136876005,2.0397208803005906,0.4092860976918948,0.2952227589908749,0.06038647342995169,
173,5.891035963499732,2.657004830917874,3.6366076221148687,42.860976918947934,7.50805152979066,8.641975308641975,18.90096618357488,7.098765432098766,2.0397208803005906,0.4092860976918948,0.2952227589908749,0.06038647342995169,
174,5.475040257648954,2.657004830917874,3.5963499731615673,38.60708534621578,7.461084272678476,8.017981749865807,21.336553945249598,10.037573805689748,2.046430488459474,0.4092860976918948,0.2952227589908749,0.06038647342995169,
175,5.683038110574342,2.623456790123457,3.5963499731615673,38.45276435856146,7.4208266237251745,8.192431561996779,21.195652173913043,10.010735373054214,2.033011272141707,0.4092860976918948,0.322061191626409,0.06038647342995169,
176,5.810520665593129,2.623456790123457,3.488996242619431,38.39237788513151,7.380568974771873,8.272946859903382,21.14868491680086,9.943639291465379,2.01959205582394,0.5166398282340311,0.322061191626409,0.06038647342995169,0.020128824476650563
177,5.763553408480945,2.623456790123457,3.3413848631239937,37.78180354267311,7.481213097155126,8.447396672034353,22.497316156736446,9.312936124530328,1.8853998926462694,0.5166398282340311,0.2885131508319914,0.040257648953301126,0.020128824476650563
178,5.864197530864198,2.61003757380569,3.3279656468062266,37.6610305958132,7.481213097155126,8.507783145464305,22.33628556092324,9.198872785829307,2.1269457863660763,0.5367686527106817,0.2885131508319914,0.040257648953301126,0.020128824476650563
179,6.139291465378422,2.61003757380569,3.180354267310789,37.956253354804076,7.313472893183038,8.440687063875469,22.088030059044552,9.091519055287172,2.13365539452496,0.6977992485238862,0.2885131508319914,0.040257648953301126,0.020128824476650563
180,6.360708534621578,2.61003757380569,3.180354267310789,37.6207729468599,7.427536231884058,8.447396672034353,21.920289855072465,9.131776704240472,2.254428341384863,0.6977992485238862,0.2885131508319914,0.040257648953301126,0.020128824476650563
181,6.481481481481482,2.61003757380569,3.2206119162640903,37.39264626945786,7.615405260332796,8.521202361782072,21.732420826623724,9.098228663446054,2.281266774020397,0.6977992485238862,0.2885131508319914,0.040257648953301126,0.020128824476650563
182,6.521739130434782,2.576489533011272,3.2139023081052067,37.25845410628019,7.635534084809447,8.796296296296296,21.55126140633387,9.098228663446054,2.301395598497048,0.6977992485238862,0.2885131508319914,0.040257648953301126,0.020128824476650563
183,6.561996779388084,2.536231884057971,5.676328502415459,36.808910359635,7.595276435856146,9.104938271604938,19.719538378958667,8.507783145464305,2.3617820719269993,0.7783145464304885,0.2885131508319914,0.040257648953301126,0.020128824476650563
