,45,50,55,51,53,54,56,52,57,58
0,100.0,,,,,,,,,
1,96.80622651637144,3.193773483628556,,,,,,,,
2,96.26945786366076,3.730542136339238,,,,,,,,
3,88.2783145464305,11.721685453569512,,,,,,,,
4,86.74852388620505,13.251476113794954,,,,,,,,
5,86.69484702093398,13.305152979066023,,,,,,,,
6,82.54159957058508,17.458400429414922,,,,,,,,
7,80.04562533548041,19.665861513687602,0.2885131508319914,,,,,,,
8,75.38244766505636,24.329039184111647,0.2885131508319914,,,,,,,
9,73.61782071927,26.093666129898015,0.2885131508319914,,,,,,,
10,73.34943639291465,26.362050456253353,0.2885131508319914,,,,,,,
11,73.23537305421364,26.476113794954376,0.2885131508319914,,,,,,,
12,72.97369833601718,26.737788513150832,0.2885131508319914,,,,,,,
13,72.57783145464305,27.13365539452496,0.2885131508319914,,,,,,,
14,72.64492753623189,27.066559312936125,0.2885131508319914,,,,,,,
15,59.064680622651636,40.304616210413315,0.2885131508319914,0.3421900161030596,,,,,,
16,55.99838969404187,43.37090713902308,0.2885131508319914,0.3421900161030596,,,,,,
17,54.30756843800322,43.303811057434245,0.03354804079441761,2.3550724637681157,,,,,,
18,53.32125603864734,44.29012345679013,0.03354804079441761,2.3550724637681157,,,,,,
19,51.42914653784219,45.90713902308105,0.03354804079441761,2.3550724637681157,0.27509393451422437,,,,,
20,49.724906065485776,47.56441223832528,0.03354804079441761,2.3550724637681157,0.27509393451422437,0.04696725711218465,,,,
21,46.69887278582931,50.456253354804076,0.16774020397208803,2.3550724637681157,0.27509393451422437,0.04696725711218465,,,,
22,46.73242082662372,50.42270531400966,0.16774020397208803,2.3550724637681157,0.27509393451422437,0.04696725711218465,,,,
23,46.524422973698336,50.63070316693505,0.16774020397208803,2.2410091250670963,0.27509393451422437,0.04696725711218465,0.11406333870101985,,,
24,46.47074610842727,50.0805152979066,0.5300590445517982,2.2410091250670963,0.5166398282340311,0.04696725711218465,0.11406333870101985,,,
25,44.6256038647343,51.92565754159957,0.5300590445517982,2.2410091250670963,0.5166398282340311,0.04696725711218465,0.11406333870101985,,,
26,44.56521739130435,51.939076757917334,0.5300590445517982,2.2410091250670963,0.5636070853462157,0.04696725711218465,0.11406333870101985,,,
27,44.41089640365003,52.09339774557166,0.5300590445517982,2.2410091250670963,0.5636070853462157,0.04696725711218465,0.11406333870101985,,,
28,44.61218464841653,51.892109500805155,0.5300590445517982,2.2410091250670963,0.5636070853462157,0.04696725711218465,0.11406333870101985,,,
29,41.4922168545357,54.82420826623725,0.5904455179817498,2.2410091250670963,0.5636070853462157,0.17444981213097155,0.11406333870101985,,,
30,40.163714439076756,56.15271068169619,0.5904455179817498,2.2410091250670963,0.5636070853462157,0.17444981213097155,0.11406333870101985,,,
31,37.98309178743961,58.19243156199678,0.8118625872249061,2.214170692431562,0.5636070853462157,0.12077294685990338,0.11406333870101985,,,
32,36.61433172302738,55.542136339237786,1.261406333870102,5.783682232957595,0.5636070853462157,0.12077294685990338,0.11406333870101985,,,
33,36.69484702093398,53.30112721417069,1.4559849704777241,3.2206119162640903,0.7514761137949544,0.12077294685990338,0.11406333870101985,4.341116478797638,,
34,35.70182501341922,54.166666666666664,1.4559849704777241,3.2206119162640903,0.7514761137949544,0.24825550187869028,0.11406333870101985,4.341116478797638,,
35,35.71524422973698,53.11996779388084,1.4559849704777241,3.2004830917874396,3.012614063338701,0.24825550187869028,0.11406333870101985,3.1333870101986045,,
36,34.98389694041868,53.696994095544824,1.6304347826086956,3.166935050993022,2.871712292002147,0.24825550187869028,0.11406333870101985,3.2877079978529253,,
37,32.971014492753625,55.743424584004295,1.6304347826086956,3.166935050993022,2.871712292002147,0.24825550187869028,0.11406333870101985,3.2541599570585076,,
38,26.100375738056897,65.24422973698336,1.2345679012345678,3.0193236714975846,2.9589371980676327,0.12077294685990338,0.11406333870101985,1.2077294685990339,,
39,26.29495437466452,64.85507246376811,1.4559849704777241,2.9924852388620504,2.9589371980676327,0.12077294685990338,0.11406333870101985,1.2077294685990339,,
40,22.69189479334407,68.66612989801395,1.4962426194310252,2.9924852388620504,2.918679549114332,0.12077294685990338,0.11406333870101985,0.9997316156736447,,
41,22.96027911969941,67.84755770263017,1.9524959742351047,2.9924852388620504,2.918679549114332,0.2147074610842727,0.11406333870101985,0.9997316156736447,,
42,23.32259796027912,65.64009661835749,2.1403650026838434,2.9924852388620504,4.428341384863124,0.36231884057971014,0.11406333870101985,0.9997316156736447,,
43,23.09447128287708,64.99597423510467,2.3886205045625335,2.9924852388620504,3.743961352657005,0.36231884057971014,0.11406333870101985,2.3081052066559313,,
44,23.409822866344605,64.75442834138487,2.522812667740204,2.9924852388620504,3.535963499731616,0.36231884057971014,0.11406333870101985,2.3081052066559313,,
45,23.47691894793344,63.45276435856146,2.985775630703167,2.9924852388620504,4.005636070853462,0.6642512077294686,0.11406333870101985,2.3081052066559313,,
46,23.68491680085883,62.72141706924316,3.066290928609769,3.126677402039721,4.314278046162104,0.6642512077294686,0.11406333870101985,2.3081052066559313,,
47,21.692163177670423,65.21068169618894,2.898550724637681,3.126677402039721,4.314278046162104,0.33548040794417605,0.11406333870101985,2.3081052066559313,,
48,20.605206655931294,60.03086419753087,2.898550724637681,9.621578099838969,3.8177670424047236,0.6038647342995169,0.11406333870101985,2.3081052066559313,,
49,20.665593129361245,59.896672034353195,2.898550724637681,9.614868491680086,3.898282340311326,0.6038647342995169,0.11406333870101985,2.3081052066559313,,
50,20.819914117015568,58.84997316156736,3.4286097691894795,8.796296296296296,5.0791733762748255,0.6038647342995169,0.11406333870101985,2.3081052066559313,,
51,20.477724100912507,57.18599033816425,3.750670960815888,10.748792270531402,5.045625335480408,0.4830917874396135,,2.3081052066559313,,
52,20.551529790660226,56.34057971014493,3.743961352657005,10.748792270531402,4.938271604938271,1.3687600644122384,,2.3081052066559313,,
53,20.50456253354804,56.085614600107355,3.7104133118625873,10.748792270531402,5.287171229200215,1.3687600644122384,,2.2946859903381642,,
54,20.739398819108963,55.87761674718197,3.770799785292539,10.748792270531402,5.12614063338701,1.442565754159957,,2.2946859903381642,,
55,20.35024154589372,54.49543746645196,3.81105743424584,12.265163714439076,5.367686527106817,1.415727321524423,,2.2946859903381642,,
56,19.712828770799785,54.62292002147075,3.683574879227053,12.5,5.676328502415459,1.4559849704777241,0.06709608158883522,2.281266774020397,,
57,19.672571121846484,53.757380568974774,3.7909286097691894,12.110842726784755,5.770263016639828,1.4559849704777241,0.06709608158883522,3.374932903918411,,
58,19.95437466451959,53.01932367149758,4.106280193236715,12.030327428878154,5.736714975845411,1.710950080515298,0.06709608158883522,3.374932903918411,,
59,19.424315619967793,52.4020397208803,4.414922168545357,14.231078904991948,5.293880837359098,1.710950080515298,0.06709608158883522,2.4557165861513686,,
60,19.47128287707998,51.44927536231884,4.49543746645196,14.231078904991948,4.99194847020934,1.5297906602254427,0.06709608158883522,3.7640901771336552,,
61,19.672571121846484,51.27482555018787,4.488727858293076,14.231078904991948,4.99194847020934,1.5297906602254427,0.06709608158883522,3.743961352657005,,
62,19.79334406870639,50.986312399355874,4.797369833601718,13.989533011272142,4.99194847020934,1.5297906602254427,0.18115942028985507,3.730542136339238,,
63,19.994632313472895,50.905797101449274,4.790660225442834,13.92914653784219,4.978529253891573,1.4895330112721417,0.18115942028985507,3.730542136339238,,
64,20.263016639828233,50.691089640365,4.944981213097155,13.674181427804616,4.951690821256038,1.4895330112721417,0.18115942028985507,3.7238325281803544,0.08051529790660225,
65,18.303811057434245,55.2133655394525,4.019055287171229,12.057165861513688,4.87788513150832,1.5499194847020934,0.2952227589908749,3.603059581320451,0.08051529790660225,
66,18.55877616747182,54.97852925389157,4.106280193236715,12.00348899624262,4.87788513150832,1.5499194847020934,0.2952227589908749,3.549382716049383,0.08051529790660225,
67,17.444981213097154,55.06575415995706,4.374664519592056,13.24476650563607,4.703435319377348,1.4559849704777241,0.2952227589908749,3.33467525496511,0.08051529790660225,
68,17.559044551798173,54.57595276435856,4.5960815888352125,13.419216317767042,4.683306494900698,1.4559849704777241,0.2952227589908749,3.33467525496511,0.08051529790660225,
69,17.74020397208803,54.49543746645196,4.5960815888352125,13.399087493290391,4.683306494900698,1.4559849704777241,0.2952227589908749,3.2541599570585076,0.08051529790660225,
70,17.961621041331185,54.428341384863124,4.5960815888352125,13.271604938271604,4.669887278582931,1.442565754159957,0.2952227589908749,3.2541599570585076,0.08051529790660225,
71,17.652979066022546,53.34138486312399,4.797369833601718,13.18438003220612,4.636339237788513,1.7847557702630166,0.2885131508319914,4.233762748255502,0.08051529790660225,
72,17.70665593129361,53.28770799785293,4.797369833601718,13.18438003220612,4.636339237788513,1.7847557702630166,0.2885131508319914,4.233762748255502,0.08051529790660225,
73,17.72007514761138,52.95893719806763,5.005367686527107,13.170960815888352,4.636339237788513,1.90552871712292,0.2885131508319914,4.233762748255502,0.08051529790660225,
74,17.458400429414922,51.207729468599034,5.186527106816962,12.318840579710145,7.367149758454106,1.9659151905528718,0.18115942028985507,4.233762748255502,0.08051529790660225,
75,17.887815351583466,50.7313472893183,5.246913580246914,12.238325281803542,7.367149758454106,1.9659151905528718,0.24825550187869028,4.233762748255502,0.08051529790660225,
76,18.06897477187332,50.691089640365,5.186527106816962,12.224906065485776,7.320182501341922,1.9457863660762211,0.24825550187869028,4.233762748255502,0.08051529790660225,
77,18.115942028985508,50.52334943639291,5.186527106816962,12.4597423510467,7.2933440687063875,1.932367149758454,0.24825550187869028,4.159957058507783,0.08051529790660225,
78,13.22463768115942,47.32286634460547,3.7238325281803544,26.630434782608695,3.3682232957595275,1.6572732152442298,0.24825550187869028,3.824476650563607,,
79,13.372249060654857,47.034353193773484,3.938539989264627,26.570048309178745,3.3548040794417604,1.6572732152442298,0.24825550187869028,3.824476650563607,,
80,13.425925925925926,46.71229200214707,4.126409017713366,26.31508319914117,3.3145464304884595,2.0665593129361244,0.24825550187869028,3.7909286097691894,,
81,10.748792270531402,42.85426731078905,3.864734299516908,35.36634460547504,2.576489533011272,1.5499194847020934,0.5568974771873323,2.4825550187869028,,
82,10.59447128287708,36.808910359635,3.8378958668813743,41.639828234031135,2.576489533011272,1.5029522275899088,0.5568974771873323,2.4825550187869028,,
83,10.802469135802468,36.43317230273752,3.9720880300590444,41.727053140096615,2.576489533011272,1.4559849704777241,0.5501878690284487,2.4825550187869028,,
84,10.916532474503489,36.178207192699944,4.17337627482555,41.56602254428341,2.5697799248523885,1.4559849704777241,0.6575415995705851,2.4825550187869028,,
85,11.057434245840042,36.01717659688674,4.17337627482555,41.646537842190014,2.5697799248523885,1.42914653784219,0.6239935587761675,2.4825550187869028,,
86,11.406333870101985,35.768921095008054,4.17337627482555,41.54589371980676,2.5697799248523885,1.42914653784219,0.6239935587761675,2.4825550187869028,,
87,11.553945249597424,35.73537305421363,4.166666666666667,41.51234567901235,2.5563607085346214,1.3687600644122384,0.6239935587761675,2.4825550187869028,,
88,11.708266237251744,35.668276972624795,4.166666666666667,41.42512077294686,2.5563607085346214,1.3687600644122384,0.6239935587761675,2.4825550187869028,,
89,10.856146001073537,33.380300590445515,4.193505099302201,44.40418679549114,2.8784219001610305,1.1808910359634996,0.6239935587761675,2.4825550187869028,,
90,10.923242082662373,32.85024154589372,4.871175523349437,44.24315619967794,2.8784219001610305,1.1808910359634996,0.6239935587761675,2.428878153515835,,
91,10.990338164251208,31.333870101986044,4.9651100375738055,39.84836285560923,2.6972624798711755,1.3083735909822867,0.6239935587761675,8.232689210950081,,
92,10.762211486849168,30.246913580246915,4.891304347826087,39.69404186795491,4.200214707461084,1.261406333870102,0.7112184648416533,8.232689210950081,,
93,10.950080515297907,29.844337090713903,4.9718196457326895,39.64707461084273,4.200214707461084,1.261406333870102,0.7112184648416533,8.205850778314547,0.20799785292538917,
94,11.198336017176597,29.74369296833065,4.9718196457326895,39.52630166398282,4.200214707461084,1.261406333870102,0.7112184648416533,8.179012345679013,0.20799785292538917,
95,11.460010735373054,29.522275899087493,5.280461621041331,39.070048309178745,4.200214707461084,1.261406333870102,0.9326355340848095,8.064949006977992,0.20799785292538917,
96,11.641170155662909,29.314278046162105,5.280461621041331,38.34541062801932,4.159957058507783,1.221148684916801,0.9326355340848095,8.896940418679549,0.20799785292538917,
97,11.708266237251744,29.314278046162105,5.280461621041331,37.526838432635536,4.159957058507783,2.0665593129361244,0.9326355340848095,8.80300590445518,0.20799785292538917,
98,11.171497584541063,24.416264090177133,5.300590445517981,45.53811057434246,2.657004830917874,1.7914653784219001,1.107085346215781,7.809983896940419,0.20799785292538917,
99,10.889694041867955,24.52361782071927,5.414653784219001,41.720343531937736,6.400966183574879,1.7847557702630166,1.107085346215781,7.950885668276973,0.20799785292538917,
100,11.272141706924316,24.496779388083738,5.387815351583468,41.42512077294686,6.374127750939345,1.7847557702630166,1.107085346215781,7.944176060118089,0.20799785292538917,
101,11.379495437466453,24.376006441223833,5.46833064949007,41.40499194847021,6.367418142780462,1.7847557702630166,1.107085346215781,7.9039184111647875,0.20799785292538917,
102,11.58749329039184,24.349168008588297,5.46833064949007,41.25067096081589,6.367418142780462,1.7847557702630166,1.107085346215781,7.877079978529254,0.20799785292538917,
103,12.097423510466989,24.08078368223296,5.501878690284487,40.92860976918948,6.286902844873859,1.7579173376274826,1.402308105206656,7.769726247987117,0.17444981213097155,
104,12.325550187869029,23.96672034353194,5.5756843800322065,40.74074074074074,6.286902844873859,1.7579173376274826,1.402308105206656,7.769726247987117,0.17444981213097155,
105,12.627482555018787,23.72517444981213,5.857487922705314,40.351583467525494,6.239935587761675,1.7579173376274826,1.5096618357487923,7.75630703166935,0.17444981213097155,
106,12.902576489533011,23.58427267847558,5.850778314546431,40.29790660225443,6.213097155126141,1.737788513150832,1.5096618357487923,7.729468599033816,0.17444981213097155,
107,13.144122383252817,23.49704777241009,5.837359098228664,40.23752012882448,6.112453032742888,1.724369296833065,1.5096618357487923,7.675791733762749,0.2616747181964573,
108,13.137412775093935,23.470209339774556,6.6827697262479875,39.47933440687064,6.112453032742888,1.710950080515298,1.4895330112721417,7.6556629092860975,0.2616747181964573,
109,13.170960815888352,23.19511540526033,6.9243156199677935,39.432367149758456,6.011808910359635,1.8585614600107354,1.4895330112721417,7.6556629092860975,0.2616747181964573,
110,13.137412775093935,22.7187332259796,6.910896403650026,39.418947933440684,6.481481481481482,1.8585614600107354,1.4895330112721417,7.722758990874933,0.2616747181964573,
111,12.640901771336553,20.517981749865807,5.139559849704777,44.6256038647343,6.447933440687064,1.8048845947396672,1.442565754159957,7.118894256575416,0.2616747181964573,
112,12.915995705850777,20.517981749865807,5.112721417069243,44.42431561996779,6.347289318303811,1.778046162104133,1.5499194847020934,7.092055823939882,0.2616747181964573,
113,12.86231884057971,20.336822329575952,5.112721417069243,44.31025228126678,6.615673644659152,1.778046162104133,1.6774020397208802,7.0450885668276975,0.2616747181964573,
114,12.25174449812131,18.438003220611915,5.10601180891036,44.00831991411702,5.931293612453032,1.9457863660762211,1.6639828234031133,10.393183038110575,0.2616747181964573,
115,11.500268384326356,19.598765432098766,4.951690821256038,43.82716049382716,5.904455179817498,1.8786902844873858,1.6975308641975309,10.379763821792807,0.2616747181964573,
116,11.540526033279656,19.390767579173378,5.293880837359098,43.80032206119163,5.770263016639828,1.8786902844873858,1.6975308641975309,10.245571658615138,0.3824476650563607,
117,11.627750939345143,19.129092860976918,5.434782608695652,43.80032206119163,5.770263016639828,1.8786902844873858,1.7981749865807837,10.178475577026301,0.3824476650563607,
118,11.922973698336017,19.0955448201825,5.367686527106817,43.59903381642512,5.770263016639828,1.8786902844873858,1.7579173376274826,10.225442834138486,0.3824476650563607,
119,11.990069779924852,19.0955448201825,5.367686527106817,43.53193773483628,5.770263016639828,1.8786902844873858,1.7579173376274826,10.165056360708535,0.4428341384863124,
120,11.896135265700483,17.787171229200215,5.193236714975845,43.18974771873322,5.770263016639828,3.797638217928073,1.7579173376274826,10.165056360708535,0.4428341384863124,
121,12.090713902308105,17.74020397208803,5.193236714975845,43.09581320450886,5.756843800322061,3.797638217928073,1.7579173376274826,10.124798711755233,0.4428341384863124,
122,12.070585077831455,17.632850241545892,5.481749865807837,43.08239398819109,5.756843800322061,3.6500268384326353,1.7579173376274826,10.124798711755233,0.4428341384863124,
123,12.171229200214707,16.99543746645196,5.307300053676865,42.24369296833065,7.4141170155662905,3.6500268384326353,1.6639828234031133,10.111379495437467,0.4428341384863124,
124,12.06387546967257,15.874932903918411,5.300590445517981,41.78743961352657,7.39398819108964,5.025496511003757,2.0128824476650564,10.0979602791197,0.4428341384863124,
125,12.218196457326892,15.774288781535159,5.267042404723564,41.51234567901235,7.39398819108964,5.025496511003757,2.086688137412775,10.279119699409554,0.4428341384863124,
126,12.52012882447665,15.445517981749866,5.407944176060118,41.22383252818035,7.367149758454106,5.300590445517981,2.086688137412775,10.218733225979603,0.4294149221685454,
127,12.533548040794418,15.250939345142244,5.387815351583468,41.10976918947934,7.367149758454106,5.71658615136876,2.086688137412775,10.11808910359635,0.4294149221685454,
128,12.848899624261943,15.170424047235642,5.347557702630167,40.52603327965647,7.367149758454106,5.71658615136876,2.4892646269457863,10.104669887278583,0.4294149221685454,
129,12.86231884057971,15.136876006441224,5.320719269994632,40.405260332796566,7.50805152979066,5.676328502415459,2.589908749329039,9.997316156736447,0.5032206119162641,
130,12.835480407944177,15.123456790123457,5.501878690284487,38.22463768115942,7.648953301127214,5.669618894256575,2.5563607085346214,12.010198604401502,0.4294149221685454,
131,12.93612453032743,15.123456790123457,5.501878690284487,38.12399355877617,7.682501341921632,5.669618894256575,2.5563607085346214,11.976650563607086,0.4294149221685454,
132,13.358829844337091,15.123456790123457,5.488459473966721,37.996511003757384,7.568438003220612,5.589103596349974,2.5563607085346214,11.889425657541599,0.4294149221685454,
133,13.573537305421363,15.096618357487923,5.4616210413311865,37.92270531400966,7.568438003220612,5.548845947396672,2.5429414922168547,11.855877616747183,0.4294149221685454,
134,13.747987117552334,15.056360708534621,5.4616210413311865,37.76167471819646,7.568438003220612,5.515297906602254,2.623456790123457,11.83574879227053,0.4294149221685454,
135,14.103596349973161,15.03623188405797,5.4616210413311865,37.60064412238325,7.555018786902845,5.515297906602254,2.61003757380569,11.688137412775093,0.4294149221685454,
136,13.58695652173913,12.177938808373591,4.461889425657541,37.23832528180354,7.481213097155126,5.421363392377885,2.61003757380569,16.700214707461082,0.322061191626409,
137,13.855340848094471,12.077294685990339,4.435050993022007,37.07058507783145,7.481213097155126,5.421363392377885,2.6704240472356413,16.666666666666668,0.322061191626409,
138,13.976113794954374,11.83574879227053,4.569243156199678,37.15780998389694,7.427536231884058,6.394256575415996,2.6435856146001075,15.673644659151906,0.322061191626409,
139,14.049919484702093,11.822329575952764,4.542404723564144,37.151100375738054,7.4141170155662905,6.380837359098229,2.6435856146001075,15.673644659151906,0.322061191626409,
140,13.734567901234568,11.714975845410628,4.542404723564144,34.91009125067096,7.387278582930757,6.260064412238325,2.536231884057971,18.592324208266238,0.322061191626409,
141,13.774825550187868,11.768652710681696,4.522275899087493,34.72893183038111,7.575147611379496,6.260064412238325,2.5295222758990876,18.183038110574344,0.6575415995705851,
142,12.392646269457863,9.762479871175524,3.9049919484702094,39.781266774020395,7.139023081052066,5.763553408480945,2.5161030595813205,18.015297906602253,0.7246376811594203,
143,12.446323134728932,9.420289855072463,3.9049919484702094,39.44578636607622,7.7361782071927,5.763553408480945,2.5966183574879227,17.961621041331185,0.7246376811594203,
144,12.761674718196458,9.131776704240472,4.05931293612453,39.150563607085346,7.830112721417069,6.099033816425121,2.536231884057971,17.814009661835748,0.6172839506172839,
145,12.929414922168545,9.104938271604938,4.180085882984434,38.94927536231884,7.447665056360709,6.515029522275899,2.536231884057971,17.652979066022546,0.5971551261406334,0.08722490606548577
146,13.003220611916264,9.104938271604938,4.17337627482555,38.87546967257112,7.407407407407407,6.380837359098229,2.5831991411701556,17.652979066022546,0.7313472893183038,0.08722490606548577
147,13.24476650563607,8.970746108427267,4.314278046162104,38.85534084809447,7.286634460547504,6.3137412775093935,2.7643585614600106,17.431561996779386,0.7313472893183038,0.08722490606548577
148,13.352120236178207,8.876811594202898,4.274020397208803,38.71443907675792,7.48792270531401,6.3070316693505095,2.7643585614600106,17.404723564143854,0.7313472893183038,0.08722490606548577
149,13.258185721953838,8.99087493290392,4.341116478797638,38.62721417069243,7.48792270531401,6.3070316693505095,2.7643585614600106,17.404723564143854,0.7313472893183038,0.08722490606548577
150,13.385668276972625,8.99087493290392,4.341116478797638,38.425925925925924,7.467793880837359,6.3070316693505095,2.871712292002147,17.391304347826086,0.7313472893183038,0.08722490606548577
151,13.47289318303811,8.910359634997317,4.341116478797638,38.405797101449274,7.467793880837359,6.273483628556092,2.9388083735909825,17.371175523349436,0.7313472893183038,0.08722490606548577
152,13.600375738056897,8.896940418679549,4.2270531400966185,38.1508319914117,7.7361782071927,6.273483628556092,2.945517981749866,17.351046698872786,0.7313472893183038,0.08722490606548577
153,12.406065485775631,8.722490606548577,4.280730005367687,40.78770799785293,7.568438003220612,5.595813204508857,2.475845410628019,17.344337090713903,0.7313472893183038,0.08722490606548577
154,11.963231347289318,8.031400966183575,3.656736446591519,39.761137949543745,7.461084272678476,8.715780998389693,2.2208803005904456,17.398013955984972,0.7045088566827697,0.08722490606548577
155,12.090713902308105,7.944176060118089,3.844605475040258,39.66720343531938,7.326892109500805,8.715780998389693,2.2208803005904456,17.398013955984972,0.7045088566827697,0.08722490606548577
156,12.184648416532475,7.930756843800322,3.844605475040258,39.63365539452496,7.313472893183038,8.715780998389693,2.2208803005904456,17.257112184648417,0.8118625872249061,0.08722490606548577
157,12.305421363392378,7.9039184111647875,3.9452495974235107,38.466183574879224,6.991411701556629,10.017444981213098,2.314814814814815,17.24369296833065,0.8118625872249061,
158,12.359098228663447,7.890499194847021,4.092860976918948,38.157541599570585,6.991411701556629,10.151637144390767,2.314814814814815,17.23027375201288,0.8118625872249061,
159,12.47987117552335,7.749597423510467,4.079441760601181,38.077026301663984,6.991411701556629,10.11808910359635,2.301395598497048,17.391304347826086,0.8118625872249061,
160,12.5402576489533,7.742887815351583,4.079441760601181,38.02334943639291,6.991411701556629,10.11808910359635,2.301395598497048,17.391304347826086,0.8118625872249061,
161,12.889157273215245,7.561728395061729,3.9184111647879765,37.88244766505636,7.501341921631776,10.010735373054214,2.301395598497048,17.136339237788512,0.798443370907139,
162,12.969672571121846,7.561728395061729,3.9184111647879765,37.57380568974772,7.501341921631776,10.111379495437467,2.589908749329039,16.847826086956523,0.9259259259259259,
163,13.123993558776167,7.521470746108427,3.8714439076757916,37.27187332259796,7.763016639828234,9.91009125067096,2.7844873859366612,16.82769726247987,0.9259259259259259,
164,13.20450885668277,7.514761137949543,3.8714439076757916,37.25845410628019,7.722758990874933,9.903381642512077,2.7844873859366612,16.814278046162105,0.9259259259259259,
165,13.385668276972625,7.514761137949543,3.8714439076757916,37.13768115942029,7.722758990874933,9.903381642512077,2.7509393451422435,16.78743961352657,0.9259259259259259,
166,13.546698872785829,7.467793880837359,3.851315083199141,36.97665056360709,7.716049382716049,9.896672034353195,2.831454643048846,16.78743961352657,0.9259259259259259,
167,13.667471819645733,7.454374664519592,3.81105743424584,36.500268384326354,7.608695652173913,10.34621578099839,2.9119699409554483,16.686795491143318,1.0131508319914118,
168,13.848631239935587,7.447665056360709,4.488727858293076,35.601180891035966,7.601986044015029,10.34621578099839,3.046162104133119,16.606280193236714,1.0131508319914118,
169,13.79495437466452,7.434245840042942,5.280461621041331,35.07783145464305,7.568438003220612,10.339506172839506,2.985775630703167,16.505636070853463,1.0131508319914118,
170,14.023081052066559,7.4006977992485234,5.246913580246914,34.97047772410091,7.541599570585078,10.426731078904991,2.965646806226516,16.411701556629094,1.0131508319914118,
171,14.38539989264627,7.360440150295223,5.065754159957058,34.86983360171766,7.541599570585078,10.406602254428341,2.965646806226516,16.391572732152444,1.0131508319914118,
172,14.452495974235104,7.360440150295223,5.267042404723564,34.39345142243693,7.796564680622652,10.654857756307031,2.965646806226516,16.09634997316157,1.0131508319914118,
173,14.573268921095009,7.333601717659689,5.267042404723564,34.18545356951154,7.7831454643048845,10.59447128287708,3.1535158346752548,16.09634997316157,1.0131508319914118,
174,14.754428341384862,7.306763285024155,5.267042404723564,34.14519592055824,7.75630703166935,10.59447128287708,3.1468062265163717,16.015834675254965,1.0131508319914118,
175,15.291196994095545,7.27992485238862,5.246913580246914,33.87010198604401,7.648953301127214,10.540794417606012,3.1468062265163717,15.962157809983896,1.0131508319914118,
176,15.371712292002147,7.1658615136876005,5.488459473966721,33.742619431025226,7.635534084809447,10.507246376811594,3.1333870101986045,15.942028985507246,1.0131508319914118,
177,15.45222758990875,7.1658615136876005,5.488459473966721,33.682232957595275,7.608695652173913,10.453569511540525,3.1199677938808374,15.921900161030596,1.107085346215781,
178,15.559581320450885,7.159151905528717,5.475040257648954,33.621846484165324,7.601986044015029,10.453569511540525,3.099838969404187,15.921900161030596,1.107085346215781,
179,15.921900161030596,7.14573268921095,5.387815351583468,33.44739667203435,7.601986044015029,10.581052066559312,3.0059044551798175,15.801127214170693,1.107085346215781,
180,16.069511540526033,7.14573268921095,5.387815351583468,33.373590982286636,7.581857219538379,10.554213633923778,3.2004830917874396,15.593129361245303,1.093666129898014,
181,16.284219001610307,7.14573268921095,5.387815351583468,33.23268921095008,7.548309178743962,10.520665593129362,3.2004830917874396,15.593129361245303,1.0869565217391304,
182,16.552603327965645,7.071926999463232,5.387815351583468,33.13875469672571,7.5281803542673105,10.493827160493828,3.2004830917874396,15.539452495974235,1.0869565217391304,
183,16.740472356414386,7.071926999463232,5.736714975845411,32.56172839506173,7.5281803542673105,10.339506172839506,3.5091250670960816,15.425389157273216,1.0869565217391304,
184,16.888083735909824,7.071926999463232,5.736714975845411,32.53488996242619,7.514761137949543,10.326086956521738,3.5091250670960816,15.331454643048845,1.0869565217391304,
185,16.941760601180892,7.071926999463232,5.609232420826624,32.48792270531401,7.6623725174449815,10.312667740203972,3.5091250670960816,15.318035426731079,1.0869565217391304,
186,16.982018250134193,7.246376811594203,5.615942028985507,32.360440150295226,7.6623725174449815,10.352925389157273,3.616478797638218,15.076489533011273,1.0869565217391304,
187,17.022275899087493,7.239667203435319,5.756843800322061,32.22624798711755,7.6556629092860975,10.352925389157273,3.603059581320451,15.056360708534621,1.0869565217391304,
188,17.08937198067633,7.239667203435319,5.709876543209877,32.1256038647343,7.6556629092860975,10.34621578099839,3.6902844873859366,15.056360708534621,1.0869565217391304,
189,17.156468062265162,7.125603864734299,5.662909286097692,32.07192699946323,7.6556629092860975,10.34621578099839,4.206924315619967,14.687332259796028,1.0869565217391304,
190,17.297369833601717,6.944444444444445,5.877616747181965,32.01154052603328,7.628824476650563,10.245571658615138,4.193505099302201,14.720880300590446,1.0802469135802468,
191,17.465110037573805,6.904186795491143,6.078904991948471,31.850509930220074,7.595276435856146,10.218733225979603,4.180085882984434,14.667203435319378,1.0399892646269457,
192,17.47181964573269,6.904186795491143,6.078904991948471,31.588835212023618,7.595276435856146,10.218733225979603,4.468599033816425,14.63365539452496,1.0399892646269457,
193,17.753623188405797,6.716317767042405,6.078904991948471,31.682769726247987,7.581857219538379,10.218733225979603,4.294149221685454,14.63365539452496,1.0399892646269457,
194,18.17632850241546,6.689479334406871,6.072195383789587,31.468062265163713,7.555018786902845,10.218733225979603,4.200214707461084,14.579978529253891,1.0399892646269457,
195,18.612453032742888,6.629092860976919,6.011808910359635,31.353998926462694,7.521470746108427,10.131508319914117,4.139828234031133,14.445786366076222,1.1540526033279657,
196,18.5654857756307,6.595544820182502,6.5552871712292005,31.112453032742888,7.521470746108427,10.11808910359635,4.139828234031133,14.237788513150832,1.1540526033279657,
197,18.491680085882983,6.5552871712292005,6.857219538378959,30.9447128287708,7.917337627482555,10.00402576489533,4.2270531400966185,13.982823403113258,1.0198604401502953,
198,18.364197530864196,6.535158346752549,6.857219538378959,28.052871712292003,7.890499194847021,9.91009125067096,4.247181964573269,17.122920021470748,1.0198604401502953,
199,17.64626945786366,6.494900697799249,6.146001073537305,32.51476113794954,8.051529790660226,9.688674181427805,3.978797638217928,14.331723027375201,1.1473429951690821,
200,17.814009661835748,6.494900697799249,6.146001073537305,32.47450348899624,8.051529790660226,9.64170692431562,3.978797638217928,14.251207729468598,1.1473429951690821,
201,18.06897477187332,6.468062265163715,6.199677938808374,32.41411701556629,7.957595276435856,9.5276435856146,3.978797638217928,14.17740203972088,1.2077294685990339,
202,18.149490069779926,6.407675791733762,6.1862587224906065,32.44095544820183,7.944176060118089,9.494095544820183,4.126409017713366,14.04320987654321,1.2077294685990339,
203,18.35077831454643,6.394256575415996,6.1862587224906065,32.380568974771876,7.836822329575953,9.27938808373591,4.092860976918948,14.029790660225443,1.2077294685990339,0.24154589371980675
204,18.4044551798175,6.394256575415996,6.179549114331723,32.360440150295226,7.836822329575953,9.25925925925926,4.092860976918948,14.023081052066559,1.2077294685990339,0.24154589371980675
205,18.4849704777241,6.387546967257112,6.179549114331723,32.340311325818575,7.816693505099302,9.252549651100376,4.066022544283414,14.023081052066559,1.2077294685990339,0.24154589371980675
206,18.80703166935051,6.387546967257112,6.166129898013956,32.038378958668815,7.776435856146001,9.219001610305957,4.180085882984434,13.976113794954374,1.2077294685990339,0.24154589371980675
207,18.726516371443907,6.320450885668277,6.119162640901771,31.863929146537842,8.044820182501342,9.5276435856146,4.045893719806763,13.902308105206655,1.2077294685990339,0.24154589371980675
208,18.820450885668276,6.3070316693505095,6.119162640901771,31.582125603864736,8.044820182501342,9.5276435856146,4.247181964573269,13.902308105206655,1.2077294685990339,0.24154589371980675
209,19.04186795491143,6.260064412238325,6.112453032742888,31.561996779388085,8.017981749865807,9.426999463231347,4.247181964573269,13.882179280730005,1.2077294685990339,0.24154589371980675
210,19.216317767042405,6.233225979602791,6.112453032742888,31.447933440687063,8.017981749865807,9.41358024691358,4.247181964573269,13.862050456253355,1.2077294685990339,0.24154589371980675
211,19.33709071390231,6.233225979602791,6.0587761674718195,31.394256575415994,7.96430488459474,9.749060654857756,4.045893719806763,13.781535158346752,1.2077294685990339,0.2281266774020397
212,19.545088566827697,6.233225979602791,6.038647342995169,29.240472356414386,10.23215244229737,9.588030059044552,4.045893719806763,13.647342995169081,1.2010198604401503,0.2281266774020397
213,19.618894256575416,6.146001073537305,5.911164787976382,29.200214707461082,10.205314009661835,9.86983360171766,4.045893719806763,13.573537305421363,1.2010198604401503,0.2281266774020397
214,19.578636607622116,6.146001073537305,5.891035963499732,29.1129898013956,10.205314009661835,9.749060654857756,4.314278046162104,13.573537305421363,1.2010198604401503,0.2281266774020397
215,19.665861513687602,6.146001073537305,5.844068706387547,29.03918411164788,10.272410091250672,9.73564143853999,4.294149221685454,13.573537305421363,1.2010198604401503,0.2281266774020397
216,19.719538378958667,6.125872249060655,5.83064949006978,28.945249597423512,10.272410091250672,9.86983360171766,4.28743961352657,13.519860440150294,1.2010198604401503,0.2281266774020397
217,19.880568974771872,6.125872249060655,5.931293612453032,28.77079978529254,10.225442834138486,9.86983360171766,4.274020397208803,13.493022007514762,1.2010198604401503,0.2281266774020397
218,19.981213097155127,6.125872249060655,5.924584004294149,28.73725174449812,10.178475577026301,9.896672034353195,4.274020397208803,13.47289318303811,1.1808910359634996,0.2281266774020397
219,20.095276435856146,6.0654857756307035,6.018518518518518,28.569511540526033,10.178475577026301,10.091250670960816,4.2270531400966185,13.345410628019323,1.1808910359634996,0.2281266774020397
220,20.202630166398283,6.0654857756307035,6.018518518518518,28.475577026301664,10.25228126677402,10.084541062801932,4.1532474503489,13.33870101986044,1.1808910359634996,0.2281266774020397
221,20.29656468062265,6.0654857756307035,6.105743424584004,28.35480407944176,10.23215244229737,10.084541062801932,4.119699409554482,13.33870101986044,1.1741814278046163,0.2281266774020397
222,20.28985507246377,6.0654857756307035,6.085614600107354,28.29441760601181,10.513955984970478,9.88996242619431,4.119699409554482,13.33870101986044,1.1741814278046163,0.2281266774020397
223,20.551529790660226,5.897745571658615,5.984970477724101,28.026033279656467,10.621309715512615,9.96376811594203,4.119699409554482,13.298443370907139,1.1741814278046163,0.36231884057971014
224,20.43075684380032,5.441492216854535,5.984970477724101,28.844605475040257,10.36634460547504,9.896672034353195,4.213633923778851,13.285024154589372,1.1741814278046163,0.36231884057971014
225,20.37037037037037,5.562265163714439,5.984970477724101,28.81105743424584,10.36634460547504,9.896672034353195,4.213633923778851,13.258185721953838,1.1741814278046163,0.36231884057971014
226,20.638754696725712,5.475040257648954,6.0587761674718195,28.509125067096083,10.339506172839506,9.782608695652174,4.636339237788513,13.023349436392914,1.1741814278046163,0.36231884057971014
227,20.8064949006978,5.475040257648954,6.038647342995169,28.468867418142782,10.305958132045088,9.749060654857756,4.636339237788513,12.99651100375738,1.1607622114868492,0.36231884057971014
228,20.779656468062264,5.441492216854535,6.602254428341385,28.30112721417069,10.38647342995169,9.728931830381105,4.569243156199678,12.667740203972087,1.1607622114868492,0.36231884057971014
229,20.8064949006978,5.434782608695652,6.696188942565755,28.093129361245303,10.38647342995169,9.88996242619431,4.502147074610843,12.667740203972087,1.1607622114868492,0.36231884057971014
230,20.893719806763286,5.434782608695652,6.689479334406871,28.093129361245303,10.373054213633925,9.883252818035427,4.502147074610843,12.607353730542137,1.1607622114868492,0.36231884057971014
231,21.155394524959743,5.434782608695652,6.790123456790123,27.83816425120773,10.527375201288244,9.849704777241008,4.320987654320987,12.560386473429952,1.1607622114868492,0.36231884057971014
232,21.256038647342994,5.434782608695652,6.776704240472356,27.76435856146001,10.527375201288244,9.849704777241008,4.320987654320987,12.546967257112184,1.1607622114868492,0.36231884057971014
233,21.4573268921095,5.434782608695652,6.756575415995706,27.70397208803006,10.487117552334944,9.829575952764358,4.320987654320987,12.486580783682234,1.1607622114868492,0.36231884057971014
234,21.564680622651636,5.434782608695652,7.051798174986581,27.469135802469136,10.57434245840043,9.681964573268921,4.213633923778851,12.486580783682234,1.1607622114868492,0.36231884057971014
235,21.604938271604937,5.434782608695652,7.313472893183038,27.388620504562535,10.534084809447128,9.681964573268921,4.206924315619967,12.325550187869029,1.1473429951690821,0.36231884057971014
236,21.926999463231347,5.407944176060118,7.219538378958669,27.20746108427268,10.621309715512615,9.634997316156737,4.146537842190016,12.325550187869029,1.1473429951690821,0.36231884057971014
237,21.772678475577028,5.3341384863123995,7.313472893183038,26.89210950080515,10.815888352120236,9.581320450885668,4.066022544283414,12.714707461084272,1.1473429951690821,0.36231884057971014
238,21.886741814278047,5.3341384863123995,7.48792270531401,26.838432635534083,10.795759527643586,9.480676328502415,4.066022544283414,12.674449812130971,1.0735373054213635,0.36231884057971014
239,21.920289855072465,5.300590445517981,7.454374664519592,26.818303811057433,10.795759527643586,9.702093397745571,4.019055287171229,12.567096081588835,1.0601180891035964,0.36231884057971014
240,22.007514761137948,5.300590445517981,7.440955448201825,26.778046162104133,10.775630703166936,9.688674181427805,4.019055287171229,12.567096081588835,1.0601180891035964,0.36231884057971014
241,22.168545356951153,5.253623188405797,7.427536231884058,26.744498121309714,10.748792270531402,9.608158883521202,4.019055287171229,12.493290391841116,1.1741814278046163,0.36231884057971014
242,22.423510466988727,5.159688674181428,7.37385936661299,26.570048309178745,10.735373054213634,9.608158883521202,4.0995705850778315,12.493290391841116,1.1741814278046163,0.36231884057971014
243,22.497316156736446,5.159688674181428,7.37385936661299,26.56333870101986,10.735373054213634,9.601449275362318,4.0995705850778315,12.432903918411165,1.1741814278046163,0.36231884057971014
244,22.758990874932906,5.0791733762748255,7.4006977992485234,26.40901771336554,10.654857756307031,9.822866344605474,4.019055287171229,12.318840579710145,1.1741814278046163,0.36231884057971014
245,22.77241009125067,4.951690821256038,7.313472893183038,26.34863123993559,10.654857756307031,10.171765968867419,3.992216854535695,12.278582930756844,1.1540526033279657,0.36231884057971014
246,22.906602254428343,4.951690821256038,7.434245840042942,26.268115942028984,10.554213633923778,10.158346752549651,3.965378421900161,12.245034889962426,1.1540526033279657,0.36231884057971014
