,45,50,55,54,51,52,53,56,57,59,58
0,98.49704777241008,1.5029522275899088,,,,,,,,,
1,97.20209339774557,2.7979066022544283,,,,,,,,,
2,96.89345142243693,3.1065485775630703,,,,,,,,,
3,88.00322061191626,11.996779388083736,,,,,,,,,
4,83.63526570048309,16.364734299516908,,,,,,,,,
5,83.72920021470746,16.27079978529254,,,,,,,,,
6,83.76945786366076,16.11647879763822,0.11406333870101985,,,,,,,,
7,80.92458400429415,18.840579710144926,0.11406333870101985,0.12077294685990338,,,,,,,
8,76.77804616210413,22.987117552334944,0.11406333870101985,0.12077294685990338,,,,,,,
9,76.6304347826087,23.067632850241544,0.11406333870101985,0.12077294685990338,0.06709608158883522,,,,,,
10,76.73778851315083,22.96027911969941,0.11406333870101985,0.12077294685990338,0.06709608158883522,,,,,,
11,69.37063875469673,30.213365539452496,0.2281266774020397,0.12077294685990338,0.06709608158883522,,,,,,
12,67.54562533548041,32.038378958668815,0.2281266774020397,0.12077294685990338,0.06709608158883522,,,,,,
13,67.4718196457327,31.82367149758454,0.4562533548040794,0.12077294685990338,0.1274825550187869,,,,,,
14,65.6333870101986,33.59500805152979,0.4562533548040794,0.1878690284487386,0.1274825550187869,,,,,,
15,64.19082125603865,33.031400966183575,0.4562533548040794,0.1878690284487386,2.13365539452496,,,,,,
16,64.15056360708535,33.02469135802469,0.4562533548040794,0.1878690284487386,2.120236178207193,0.06038647342995169,,,,,
17,59.14519592055824,38.0300590445518,0.4562533548040794,0.1878690284487386,2.120236178207193,0.06038647342995169,,,,,
18,59.21900161030596,37.92270531400966,0.4562533548040794,0.12077294685990338,2.120236178207193,0.06038647342995169,0.10064412238325282,,,,
19,59.29951690821256,37.734836285560924,0.5636070853462157,0.12077294685990338,2.120236178207193,0.06038647342995169,0.10064412238325282,,,,
20,58.984165324745035,34.78260869565217,0.5636070853462157,0.12077294685990338,3.455448201825013,2.0933977455716586,,,,,
21,55.119431025228124,36.77536231884058,0.5636070853462157,0.12077294685990338,3.408480944712829,4.012345679012346,,,,,
22,55.18652710681696,36.64117015566291,0.630703166935051,0.12077294685990338,3.408480944712829,4.012345679012346,,,,,
23,53.234031132581855,38.6808910359635,0.5703166935050993,0.12077294685990338,3.3816425120772946,4.012345679012346,,,,,
24,52.32823403113258,38.12399355877617,0.5032206119162641,0.12077294685990338,4.924852388620504,3.9989264626945786,,,,,
25,52.241009125067094,38.02334943639291,0.7112184648416533,0.12077294685990338,4.904723564143854,3.9989264626945786,,,,,
26,52.24771873322598,36.85587761674718,0.6843800322061192,0.12077294685990338,4.864465915190553,3.7640901771336552,1.4626945786366077,,,,
27,52.32823403113258,36.77536231884058,0.6843800322061192,0.12077294685990338,4.864465915190553,3.7640901771336552,1.4626945786366077,,,,
28,50.83870101986044,38.63392377885131,0.7783145464304885,0.12077294685990338,4.40150295222759,3.7640901771336552,1.4626945786366077,,,,
29,24.758454106280194,63.29173376274826,0.5032206119162641,0.12077294685990338,4.320987654320987,3.0327428878153517,3.9720880300590444,,,,
30,24.89935587761675,63.016639828234034,0.6977992485238862,0.12077294685990338,4.260601180891036,3.0327428878153517,3.9720880300590444,,,,
31,25.140901771336555,58.762748255501876,0.9460547504025765,0.12077294685990338,4.166666666666667,6.890767579173376,3.9720880300590444,,,,
32,25.43612453032743,58.393719806763286,1.0399892646269457,0.12077294685990338,4.146537842190016,6.890767579173376,3.9720880300590444,,,,
33,25.06038647342995,52.53623188405797,0.9259259259259259,0.12077294685990338,9.5276435856146,7.856951154052603,3.9720880300590444,,,,
34,25.241545893719806,52.43558776167472,0.9259259259259259,0.12077294685990338,9.4873859366613,7.816693505099302,3.9720880300590444,,,,
35,25.0805152979066,51.851851851851855,0.9259259259259259,0.12077294685990338,9.473966720343531,9.708803005904455,2.8381642512077296,,,,
36,24.342458400429415,44.477992485238865,3.3413848631239937,0.12077294685990338,12.23161567364466,9.675254965110037,5.810520665593129,,,,
37,24.537037037037038,44.38405797101449,3.3413848631239937,0.12077294685990338,12.184648416532475,9.648416532474503,5.783682232957595,,,,
38,24.724906065485776,44.26328502415459,3.3816425120772946,0.12077294685990338,12.117552334943639,9.64170692431562,5.750134192163178,,,,
39,24.92619431025228,44.08212560386473,3.455448201825013,0.12077294685990338,12.070585077831455,9.628287707997853,5.71658615136876,,,,
40,25.0402576489533,43.646001073537306,3.455448201825013,1.4559849704777241,11.976650563607086,8.756038647342995,5.669618894256575,,,,
41,25.120772946859905,43.61916264090177,3.455448201825013,1.4559849704777241,11.963231347289318,8.729200214707461,5.656199677938808,,,,
42,24.610842726784757,43.33064949006978,3.44873859366613,1.402308105206656,10.976918947933441,10.775630703166936,5.4549114331723025,,,,
43,24.36929683306495,43.35748792270532,3.5963499731615673,1.4962426194310252,10.976918947933441,10.34621578099839,5.441492216854535,0.41599570585077833,,,
44,24.610842726784757,43.23000536768653,3.5963499731615673,1.4962426194310252,10.876274825550189,10.332796564680622,5.441492216854535,0.41599570585077833,,,
45,24.805421363392377,42.3040794417606,3.44873859366613,2.4892646269457863,10.68840579710145,10.332796564680622,5.246913580246914,0.41599570585077833,0.2683843263553409,,
46,24.93961352657005,42.210144927536234,3.3682232957595275,2.589908749329039,10.661567364465915,10.305958132045088,5.3274288781535155,0.32877079978529256,0.2683843263553409,,
47,25.0,42.1027911969941,3.3413848631239937,2.677133655394525,10.661567364465915,10.292538915727322,5.3274288781535155,0.32877079978529256,0.2683843263553409,,
48,22.705314009661837,39.9020397208803,3.408480944712829,2.677133655394525,15.103327965646805,10.279119699409554,5.3274288781535155,0.32877079978529256,0.2683843263553409,,
49,22.859634997316157,39.65378421900161,3.408480944712829,2.677133655394525,15.210681696188942,10.265700483091788,5.3274288781535155,0.32877079978529256,0.2683843263553409,,
50,23.060923242082662,38.781535158346756,2.818035426731079,2.2074610842726785,15.08990874932904,10.238862050456254,7.085346215780999,0.4495437466451959,0.2683843263553409,,
51,23.30246913580247,38.687600644122384,2.818035426731079,2.2074610842726785,14.969135802469136,10.21202361782072,7.085346215780999,0.4495437466451959,0.2683843263553409,,
52,23.544015029522274,38.58024691358025,2.818035426731079,2.2074610842726785,14.962426194310252,10.084541062801932,7.085346215780999,0.4495437466451959,0.2683843263553409,,
53,23.19511540526033,38.821792807300056,2.831454643048846,2.227589908749329,14.908749329039184,9.084809447128288,8.225979602791197,0.43612453032742887,0.2683843263553409,,
54,23.450080515297905,38.687600644122384,2.7979066022544283,2.1940418679549114,14.908749329039184,9.057971014492754,8.199141170155663,0.43612453032742887,0.2683843263553409,,
55,23.403113258185723,38.29173376274826,2.6704240472356413,2.1940418679549114,15.479066022544284,9.057971014492754,8.199141170155663,0.43612453032742887,0.2683843263553409,,
56,23.423242082662373,37.533548040794415,2.690552871712292,2.1940418679549114,15.479066022544284,10.513955984970478,7.461084272678476,0.43612453032742887,0.2683843263553409,,
57,23.51046698872786,37.25845410628019,2.8113258185721954,3.4621578099838968,15.45222758990875,9.440418679549115,7.360440150295223,0.43612453032742887,0.2683843263553409,,
58,23.59098228663446,37.245034889962426,2.737520128824477,4.019055287171229,14.915458937198068,9.440418679549115,7.347020933977456,0.43612453032742887,0.2683843263553409,,
59,23.282340311325818,36.782071926999464,3.5628019323671496,4.019055287171229,14.9020397208803,9.440418679549115,7.306763285024155,0.43612453032742887,0.2683843263553409,,
60,22.98040794417606,37.1309715512614,3.5628019323671496,4.019055287171229,14.801395598497047,9.426999463231347,7.306763285024155,0.5032206119162641,0.2683843263553409,,
61,20.517981749865807,44.115673644659154,3.5225442834138487,4.019055287171229,13.405797101449275,7.7831454643048845,6.132581857219538,0.5032206119162641,,,
62,20.564949006977994,43.894256575415994,2.3886205045625335,3.770799785292539,15.042941492216855,7.7831454643048845,6.052066559312936,0.5032206119162641,,,
63,20.67230273752013,43.86741814278046,2.5429414922168547,3.6634460547504024,15.01610305958132,7.7361782071927,6.025228126677402,0.47638217928073,,,
64,20.86688137412775,43.23000536768653,3.1870638754696725,3.6634460547504024,14.861782071927,7.689210950080516,6.025228126677402,0.47638217928073,,,
65,20.98094471282877,42.13633923778851,3.321256038647343,3.5762211486849167,14.861782071927,7.689210950080516,6.890767579173376,0.5434782608695652,,,
66,21.162104133118625,42.07595276435856,3.2474503488996245,3.5762211486849167,14.74771873322598,7.7898550724637685,6.857219538378959,0.5434782608695652,,,
67,21.26945786366076,42.0625335480408,3.2474503488996245,3.5762211486849167,14.694041867954912,7.763016639828234,6.843800322061192,0.5434782608695652,,,
68,21.4170692431562,41.97530864197531,3.3816425120772946,3.556092324208266,14.680622651637144,7.729468599033816,6.716317767042405,0.5434782608695652,,,
69,20.48443370907139,41.31105743424584,3.1736446591519054,3.435319377348363,15.687063875469672,7.702630166398282,7.6623725174449815,0.5434782608695652,,,
70,20.155662909286097,38.79495437466452,3.1602254428341383,3.361513687600644,15.673644659151906,10.661567364465915,7.648953301127214,0.5434782608695652,,,
71,20.497852925389157,38.63392377885131,3.1602254428341383,3.321256038647343,15.58641975308642,10.560923242082662,7.648953301127214,0.5904455179817498,,,
72,20.50456253354804,38.54669887278583,3.126677402039721,3.4151905528717124,15.331454643048845,10.836017176596886,7.648953301127214,0.5904455179817498,,,
73,20.43075684380032,37.546967257112186,3.126677402039721,3.3413848631239937,15.01610305958132,12.057165861513688,7.890499194847021,0.5904455179817498,,,
74,20.551529790660226,37.42619431025228,3.2474503488996245,3.3413848631239937,14.97584541062802,12.00348899624262,7.863660762211487,0.5904455179817498,,,
75,20.2361782071927,35.73537305421363,3.2742887815351582,3.3413848631239937,17.64626945786366,11.332528180354267,7.843531937734836,0.5904455179817498,,,
76,18.686258722490606,37.19135802469136,3.2474503488996245,3.556092324208266,17.619431025228128,11.312399355877616,7.809983896940419,0.5770263016639828,,,
77,18.739935587761675,37.01690821256039,3.3816425120772946,3.556092324208266,17.619431025228128,11.29898013955985,7.809983896940419,0.5770263016639828,,,
78,18.760064412238325,36.85587761674718,3.656736446591519,3.556092324208266,17.351046698872786,11.2788513150832,7.809983896940419,0.7313472893183038,,,
79,18.820450885668276,36.83574879227053,3.656736446591519,3.556092324208266,17.351046698872786,11.2788513150832,7.769726247987117,0.7313472893183038,,,
80,18.33064949006978,35.279119699409556,3.7104133118625873,3.556092324208266,19.350509930220074,11.2788513150832,7.917337627482555,0.5770263016639828,,,
81,18.531937734836287,34.91009125067096,3.9720880300590444,3.5426731078904994,19.269994632313473,11.2788513150832,7.917337627482555,0.5770263016639828,,,
82,18.659420289855074,34.43370907139023,4.428341384863124,3.5426731078904994,19.229736983360173,11.252012882447666,7.877079978529254,0.5770263016639828,,,
83,18.820450885668276,34.333064949006975,4.428341384863124,3.5426731078904994,19.16935050993022,11.252012882447666,7.877079978529254,0.5770263016639828,,,
84,18.968062265163713,34.21229200214707,4.562533548040794,3.488996242619431,19.135802469135804,11.252012882447666,7.803274288781535,0.5770263016639828,,,
85,17.907944176060116,32.930756843800324,4.62962962962963,3.488996242619431,21.464036500268385,11.137949543746645,7.863660762211487,0.5770263016639828,,,
86,17.55233494363929,32.045088566827694,4.616210413311863,4.9651100375738055,21.256038647342994,11.137949543746645,7.85024154589372,0.5770263016639828,,,
87,17.773752012882447,32.00483091787439,4.562533548040794,4.938271604938271,21.215780998389693,11.084272678475577,7.843531937734836,0.5770263016639828,,,
88,17.793880837359097,31.239935587761675,4.736983360171766,4.938271604938271,21.215780998389693,10.903113258185721,8.59500805152979,0.5770263016639828,,,
89,14.74771873322598,42.24369296833065,4.582662372517445,3.166935050993022,17.814009661835748,8.21256038647343,8.588298443370908,0.644122383252818,,,
90,15.03623188405797,42.16317767042405,4.582662372517445,3.166935050993022,17.713365539452496,8.105206655931294,8.588298443370908,0.644122383252818,,,
91,15.063070316693505,42.05582393988191,4.663177670424047,3.166935050993022,17.713365539452496,8.105206655931294,8.588298443370908,0.644122383252818,,,
92,15.083199141170155,40.81454643048846,4.549114331723027,4.549114331723027,17.68652710681696,8.085077831454644,8.588298443370908,0.644122383252818,,,
93,15.002683843263553,38.96269457863661,4.26731078904992,4.549114331723027,19.900697799248523,8.085077831454644,8.588298443370908,0.644122383252818,,,
94,15.11003757380569,38.69431025228127,4.455179817498658,4.549114331723027,19.87385936661299,8.085077831454644,8.588298443370908,0.644122383252818,,,
95,15.331454643048845,38.53327965646806,4.414922168545357,4.549114331723027,19.94766505636071,8.071658615136876,8.53462157809984,0.6172839506172839,,,
96,15.458937198067632,38.49302200751476,4.414922168545357,4.522275899087493,19.89398819108964,8.064949006977992,8.53462157809984,0.6172839506172839,,,
97,15.626677402039721,38.39237788513151,4.414922168545357,4.522275899087493,19.860440150295222,8.031400966183575,8.53462157809984,0.6172839506172839,,,
98,15.24422973698336,36.78878153515835,4.260601180891036,3.8311862587224907,19.773215244229736,11.748523886205046,7.924047235641439,0.4294149221685454,,,
99,15.26435856146001,36.198336017176594,4.260601180891036,4.730273752012883,19.43773483628556,11.79549114331723,7.897208803005904,0.41599570585077833,,,
100,15.33816425120773,36.05072463768116,4.40150295222759,4.730273752012883,19.384057971014492,11.782071926999464,7.897208803005904,0.41599570585077833,,,
101,15.365002683843263,35.40660225442834,4.40150295222759,6.1929683306494905,18.625872249060656,11.735104669887278,7.890499194847021,0.3824476650563607,,,
102,15.425389157273216,35.35963499731616,4.40150295222759,6.1929683306494905,18.625872249060656,11.721685453569512,7.890499194847021,0.3824476650563607,,,
103,15.5126140633387,35.35292538915727,4.40150295222759,6.300322061191626,18.55877616747182,11.708266237251744,7.7831454643048845,0.3824476650563607,,,
104,15.217391304347826,34.54106280193237,4.441760601180891,6.233225979602791,19.81347289318304,11.58749329039184,7.7831454643048845,0.3824476650563607,,,
105,15.344873859366613,34.45383789586688,4.49543746645196,6.233225979602791,19.746376811594203,11.58749329039184,7.75630703166935,0.3824476650563607,,,
106,15.391841116478798,34.38674181427805,4.562533548040794,6.233225979602791,19.699409554482017,11.58749329039184,7.75630703166935,0.3824476650563607,,,
107,15.485775630703166,34.35990338164251,4.549114331723027,6.233225979602791,19.672571121846484,11.560654857756306,7.75630703166935,0.3824476650563607,,,
108,15.539452495974235,33.07836822329576,4.616210413311863,6.233225979602791,19.565217391304348,12.828770799785293,7.75630703166935,0.3824476650563607,,,
109,12.68786902844874,36.171497584541065,4.49543746645196,6.226516371443908,19.558507783145465,12.734836285560924,7.742887815351583,0.3824476650563607,,,
110,12.808641975308642,36.10440150295223,4.49543746645196,6.226516371443908,19.404186795491142,12.714707461084272,7.7361782071927,0.5099302200751477,,,
111,12.969672571121846,36.03730542136339,4.488727858293076,6.226516371443908,19.404186795491142,12.681159420289855,7.682501341921632,0.5099302200751477,,,
112,13.305152979066023,35.84272678475577,4.488727858293076,6.199677938808374,19.316961889425656,12.654320987654321,7.682501341921632,0.5099302200751477,,,
113,13.486312399355878,35.81588835212023,4.461889425657541,6.179549114331723,19.290123456790123,12.573805689747719,7.682501341921632,0.5099302200751477,,,
114,13.620504562533547,35.66156736446592,4.461889425657541,6.179549114331723,19.269994632313473,12.661030595813205,7.635534084809447,0.5099302200751477,,,
115,13.439345142243694,35.46698872785829,4.428341384863124,5.730005367686527,19.14922168545357,13.935856146001074,7.340311325818572,0.5099302200751477,,,
116,13.479602791196994,35.44685990338164,4.428341384863124,5.71658615136876,19.142512077294686,13.935856146001074,7.340311325818572,0.5099302200751477,,,
117,13.6406333870102,35.30595813204509,4.428341384863124,5.71658615136876,19.102254428341386,13.935856146001074,7.360440150295223,0.5099302200751477,,,
118,13.741277509393452,35.25228126677402,4.428341384863124,5.71658615136876,19.07541599570585,13.915727321524423,7.360440150295223,0.5099302200751477,,,
119,13.821792807300053,35.17176596886742,4.428341384863124,5.71658615136876,18.99490069779925,13.915727321524423,7.360440150295223,0.5904455179817498,,,
120,13.754696725711218,34.82286634460547,4.066022544283414,5.615942028985507,18.947933440687063,13.895598497047773,8.3064949006978,0.5904455179817498,,,
121,13.828502415458937,34.76247987117552,4.186795491143317,5.669618894256575,18.853998926462694,13.808373590982287,8.3064949006978,0.5837359098228664,,,
122,14.016371443907676,34.4873859366613,4.186795491143317,5.656199677938808,17.559044551798173,13.768115942028986,9.742351046698873,0.5837359098228664,,,
123,14.331723027375201,34.21900161030596,4.186795491143317,5.649490069779925,17.23027375201288,13.768115942028986,10.030864197530864,0.5837359098228664,,,
124,14.546430488459475,33.9573268921095,4.280730005367687,5.5689747718733225,17.07595276435856,13.734567901234568,10.165056360708535,0.6709608158883521,,,
125,14.65378421900161,33.903650026838434,4.26731078904992,5.5689747718733225,17.07595276435856,13.694310252281268,10.165056360708535,0.6709608158883521,,,
126,14.647074610842727,33.863392377885134,4.374664519592056,5.5689747718733225,17.002147074610843,13.694310252281268,10.165056360708535,0.6843800322061192,,,
127,14.673913043478262,33.08507783145464,4.609500805152979,5.548845947396672,16.988727858293075,15.33816425120773,9.07139023081052,0.6843800322061192,,,
128,14.922168545356952,33.00456253354804,4.609500805152979,5.522007514761138,16.921631776704242,15.311325818572195,9.024422973698336,0.6843800322061192,,,
129,15.022812667740205,32.91733762748255,4.609500805152979,5.522007514761138,16.914922168545356,15.311325818572195,9.017713365539452,0.6843800322061192,,,
130,15.297906602254429,32.7361782071927,4.609500805152979,5.508588298443371,16.914922168545356,15.24422973698336,9.004294149221685,0.6843800322061192,,,
131,15.365002683843263,32.709339774557165,4.5960815888352125,5.508588298443371,16.888083735909824,15.24422973698336,9.004294149221685,0.6843800322061192,,,
132,15.324745034889963,32.085346215781,4.958400429414922,5.877616747181965,16.888083735909824,14.942297369833602,9.252549651100376,0.6709608158883521,,,
133,15.371712292002147,32.045088566827694,4.958400429414922,5.877616747181965,16.881374127750938,14.942297369833602,9.252549651100376,0.6709608158883521,,,
134,15.465646806226516,31.97799248523886,4.924852388620504,5.877616747181965,16.874664519592056,14.895330112721417,9.252549651100376,0.7313472893183038,,,
135,15.123456790123457,30.07246376811594,4.938271604938271,8.13875469672571,16.847826086956523,14.895330112721417,9.252549651100376,0.7313472893183038,,,
136,15.324745034889963,29.978529253891573,4.99194847020934,8.085077831454644,16.834406870638755,14.734299516908212,9.232420826623725,0.8185721953837896,,,
137,15.45222758990875,29.891304347826086,5.0791733762748255,8.085077831454644,16.820987654320987,14.63365539452496,9.219001610305957,0.8185721953837896,,,
138,15.660225442834138,29.837627482555018,5.0791733762748255,8.044820182501342,16.760601180891037,14.579978529253891,9.219001610305957,0.8185721953837896,,,
139,15.116747181964573,27.395330112721417,4.582662372517445,8.044820182501342,16.680085882984432,18.337359098228664,9.024422973698336,0.8185721953837896,,,
140,14.338432635534085,26.080246913580247,4.468599033816425,7.628824476650563,20.175791733762747,19.880568974771872,6.629092860976919,0.798443370907139,,,
141,14.51959205582394,26.03327965646806,4.448470209339774,7.615405260332796,20.148953301127214,19.880568974771872,6.5552871712292005,0.798443370907139,,,
142,13.24476650563607,24.329039184111647,4.448470209339774,7.481213097155126,21.71900161030596,19.826892109500804,8.152173913043478,0.798443370907139,,,
143,13.365539452495975,23.939881910896403,4.435050993022007,7.481213097155126,21.658615136876005,19.80005367686527,8.521202361782072,0.798443370907139,,,
144,11.674718196457327,34.96376811594203,3.851315083199141,6.374127750939345,20.00805152979066,17.60601180891036,4.824208266237251,0.6977992485238862,,,
145,11.688137412775093,34.46054750402576,4.294149221685454,6.427804616210413,20.001341921631777,17.60601180891036,4.824208266237251,0.6977992485238862,,,
146,12.198067632850242,33.964036500268385,4.28743961352657,6.488191089640365,19.92753623188406,17.59259259259259,4.777241009125067,0.7648953301127214,,,
147,12.345679012345679,33.89694041867955,4.26731078904992,6.468062265163715,19.89398819108964,17.59259259259259,4.770531400966184,0.7648953301127214,,,
148,12.466451959205582,33.7962962962963,4.361245303274289,6.468062265163715,19.83360171765969,17.538915727321523,4.770531400966184,0.7648953301127214,,,
149,12.567096081588835,33.662104133118625,4.428341384863124,6.454643048845948,19.83360171765969,17.518786902844873,4.770531400966184,0.7648953301127214,,,
150,12.74825550187869,33.52120236178207,4.428341384863124,6.454643048845948,19.80005367686527,17.51207729468599,4.770531400966184,0.7648953301127214,,,
151,12.808641975308642,33.5077831454643,4.428341384863124,6.454643048845948,19.786634460547504,17.404723564143854,4.770531400966184,0.8387010198604401,,,
152,12.942834138486312,33.47423510466989,4.428341384863124,6.454643048845948,19.753086419753085,17.337627482555018,4.770531400966184,0.8387010198604401,,,
153,12.828770799785293,33.40713902308105,4.388083735909823,6.4345142243692965,21.544551798174986,15.935319377348362,4.770531400966184,0.6910896403650026,,,
154,12.922705314009661,33.380300590445515,4.388083735909823,6.4345142243692965,21.464036500268385,15.908480944712828,4.730273752012883,0.7716049382716049,,,
155,13.09044551798175,33.24610842726785,4.49543746645196,6.407675791733762,21.410359634997317,15.848094471282877,4.730273752012883,0.7716049382716049,,,
156,13.20450885668277,33.21926999463231,4.49543746645196,6.407675791733762,21.349973161567366,15.821256038647343,4.730273752012883,0.7716049382716049,,,
157,13.466183574879228,33.091787439613526,4.4753086419753085,6.380837359098229,21.316425120772948,15.767579173376275,4.730273752012883,0.7716049382716049,,,
158,13.600375738056897,32.98443370907139,4.53569511540526,6.374127750939345,21.296296296296298,15.707192699946322,4.730273752012883,0.7716049382716049,,,
159,13.747987117552334,32.90391841116479,4.53569511540526,6.374127750939345,21.26274825550188,15.68035426731079,4.723564143853999,0.7716049382716049,,,
160,13.895598497047773,32.830112721417066,4.602791196994096,6.374127750939345,21.22249060654858,15.640096618357488,4.663177670424047,0.7716049382716049,,,
161,14.04320987654321,32.387278582930755,5.038915727321524,6.374127750939345,21.155394524959743,15.58641975308642,4.643048845947397,0.7716049382716049,,,
162,13.620504562533547,32.1256038647343,4.904723564143854,6.374127750939345,22.758990874932906,15.566290928609769,3.878153515834675,0.7716049382716049,,,
163,12.969672571121846,31.602254428341386,4.683306494900698,6.239935587761675,29.354535695115406,11.41304347826087,3.026033279656468,0.7112184648416533,,,
164,13.097155126140633,31.239935587761675,4.669887278582931,6.541867954911433,29.126409017713364,11.379495437466453,3.2340311325818574,0.7112184648416533,,,
165,13.278314546430488,31.09903381642512,4.669887278582931,6.528448738593666,29.09957058507783,11.366076221148685,3.2340311325818574,0.7112184648416533,0.013419216317767043,,
166,13.519860440150294,30.73671497584541,5.032206119162641,6.414385399892646,29.052603327965645,11.285560923242082,3.2340311325818574,0.7112184648416533,0.013419216317767043,,
167,13.66076221148685,30.44820182501342,5.226784755770263,6.387546967257112,28.891572732152444,11.285560923242082,3.2340311325818574,0.8521202361782072,0.013419216317767043,,
168,13.989533011272142,30.293880837359097,5.173107890499195,6.387546967257112,28.784219001610307,11.2788513150832,3.227321524422974,0.8521202361782072,0.013419216317767043,,
169,14.009661835748792,30.246913580246915,5.10601180891036,6.387546967257112,28.743961352657006,11.137949543746645,3.361513687600644,0.8521202361782072,0.15432098765432098,,
170,14.298174986580785,30.099302200751477,5.0993022007514766,6.387546967257112,28.710413311862588,11.077563070316694,3.361513687600644,0.8521202361782072,0.11406333870101985,,
171,14.2914653784219,28.287707997852927,6.723027375201288,6.4412238325281805,28.6231884057971,11.460010735373054,3.2675791733762747,0.7917337627482555,0.11406333870101985,,
172,14.358561460010735,28.173644659151904,6.816961889425658,6.427804616210413,28.569511540526033,11.399624261943103,3.2675791733762747,0.8722490606548577,0.11406333870101985,,
173,14.512882447665056,28.079710144927535,6.910896403650026,6.427804616210413,28.475577026301664,11.33923778851315,3.2675791733762747,0.8722490606548577,0.11406333870101985,,
174,14.579978529253891,28.073000536768653,6.910896403650026,6.421095008051529,28.44873859366613,11.33923778851315,3.240740740740741,0.8722490606548577,0.11406333870101985,,
175,14.620236178207193,28.039452495974235,6.910896403650026,6.421095008051529,28.44873859366613,11.332528180354267,3.240740740740741,0.8722490606548577,0.11406333870101985,,
176,14.298174986580785,27.979066022544284,6.910896403650026,6.374127750939345,28.891572732152444,11.3191089640365,3.240740740740741,0.8722490606548577,0.11406333870101985,,
177,14.506172839506172,27.81803542673108,6.884057971014493,6.447933440687064,28.77750939345142,11.245303274288782,3.240740740740741,0.966183574879227,0.11406333870101985,,
178,14.660493827160494,27.75764895330113,6.884057971014493,6.4345142243692965,28.75738056897477,11.18491680085883,3.240740740740741,0.966183574879227,0.11406333870101985,,
179,14.667203435319378,27.697262479871174,6.884057971014493,6.991411701556629,28.361513687600645,11.18491680085883,3.1333870101986045,0.966183574879227,0.11406333870101985,,
180,14.023081052066559,26.516371443907676,6.4412238325281805,7.1725711218464845,29.61621041331186,12.614063338701019,2.536231884057971,0.966183574879227,0.11406333870101985,,
181,14.083467525496511,26.38888888888889,6.4412238325281805,7.132313472893183,29.61621041331186,12.614063338701019,2.6435856146001075,0.966183574879227,0.11406333870101985,,
182,14.204240472356414,26.33521202361782,6.407675791733762,7.125603864734299,29.602791196994094,12.600644122383253,2.6435856146001075,0.966183574879227,0.11406333870101985,,
183,14.244498121309716,26.33521202361782,6.407675791733762,7.125603864734299,29.562533548040793,12.600644122383253,2.6435856146001075,0.966183574879227,0.11406333870101985,,
184,14.36527106816962,26.281535158346752,6.407675791733762,7.125603864734299,29.508856682769725,12.587224906065487,2.6435856146001075,0.966183574879227,0.11406333870101985,,
185,14.459205582393988,26.160762211486848,6.474771873322598,7.125603864734299,29.468599033816425,12.587224906065487,2.6435856146001075,0.966183574879227,0.11406333870101985,,
186,14.640365002683843,26.03327965646806,6.474771873322598,7.125603864734299,29.414922168545356,12.587224906065487,2.6435856146001075,0.966183574879227,0.11406333870101985,,
187,14.801395598497047,26.019860440150296,6.474771873322598,7.098765432098766,29.200214707461082,12.573805689747719,2.6301663982823404,1.0869565217391304,0.11406333870101985,,
188,14.801395598497047,26.019860440150296,6.474771873322598,7.098765432098766,29.200214707461082,12.573805689747719,2.6301663982823404,1.0869565217391304,0.11406333870101985,,
189,15.096618357487923,25.999731615673646,6.454643048845948,7.092055823939882,28.951959205582394,12.573805689747719,2.6301663982823404,1.0869565217391304,0.11406333870101985,,
190,15.378421900161031,25.95276435856146,6.454643048845948,7.092055823939882,28.77079978529254,12.52012882447665,2.6301663982823404,1.0869565217391304,0.11406333870101985,,
191,15.485775630703166,25.89908749329039,6.4412238325281805,7.092055823939882,28.77079978529254,12.47987117552335,2.6301663982823404,1.0869565217391304,0.11406333870101985,,
192,15.633387010198604,25.885668276972623,6.4345142243692965,7.092055823939882,28.67686527106817,12.332259796027913,2.6301663982823404,1.0869565217391304,0.2281266774020397,,
193,15.707192699946322,25.85212023617821,6.394256575415996,7.092055823939882,28.67686527106817,12.332259796027913,2.6301663982823404,1.0869565217391304,0.2281266774020397,,
194,15.94873859366613,25.657541599570585,6.320450885668277,7.051798174986581,28.67686527106817,11.3593666129898,3.7037037037037037,1.0869565217391304,0.19457863660762212,,
195,16.06280193236715,25.6105743424584,6.3070316693505095,7.0450885668276975,28.663446054750402,11.345947396672035,3.683574879227053,1.0869565217391304,0.19457863660762212,,
196,15.626677402039721,25.033548040794418,6.347289318303811,6.280193236714976,30.300590445517983,11.332528180354267,3.6634460547504024,1.221148684916801,0.19457863660762212,,
197,15.599838969404187,24.771873322597962,6.300322061191626,6.226516371443908,30.079173376274827,11.943102522812667,3.6634460547504024,1.221148684916801,0.19457863660762212,,
198,15.901771336553946,24.54374664519592,6.320450885668277,6.179549114331723,29.931561996779386,12.04374664519592,3.6634460547504024,1.221148684916801,0.19457863660762212,,
199,16.002415458937197,24.496779388083738,6.320450885668277,6.179549114331723,29.871175523349436,11.990069779924852,3.629898013955985,1.3150831991411702,0.19457863660762212,,
200,16.223832528180353,24.46323134728932,6.300322061191626,6.146001073537305,29.777241009125067,11.949812130971551,3.629898013955985,1.3150831991411702,0.19457863660762212,,
201,16.438539989264626,24.44310252281267,6.1929683306494905,6.119162640901771,29.60950080515298,11.949812130971551,3.629898013955985,1.4224369296833066,0.19457863660762212,,
202,16.532474503488995,24.416264090177133,6.286902844873859,6.072195383789587,29.508856682769725,11.949812130971551,3.616478797638218,1.4224369296833066,0.19457863660762212,,
203,16.57944176060118,24.402844873859365,6.266774020397209,6.0654857756307035,29.502147074610843,11.949812130971551,3.616478797638218,1.4224369296833066,0.19457863660762212,,
204,16.646537842190018,23.926462694578635,6.3070316693505095,7.306763285024155,29.260601180891037,11.761943102522812,3.1736446591519054,1.4224369296833066,0.19457863660762212,,
205,16.76731078904992,23.839237788513152,6.3070316693505095,7.300053676865271,29.20692431561997,11.681427804616211,3.280998389694042,1.4224369296833066,0.19457863660762212,,
206,16.867954911433173,23.805689747718734,6.286902844873859,7.286634460547504,29.180085882984432,11.674718196457327,3.280998389694042,1.4224369296833066,0.19457863660762212,,
207,17.042404723564143,23.758722490606548,6.286902844873859,7.25979602791197,29.11969940955448,11.674718196457327,3.280998389694042,1.3821792807300053,0.19457863660762212,,
208,16.982018250134193,23.637949543746647,6.266774020397209,7.541599570585078,29.066022544283413,11.66129898013956,3.280998389694042,1.3687600644122384,0.19457863660762212,,
209,17.297369833601717,23.57085346215781,6.253354804079442,7.454374664519592,28.958668813741276,11.621041331186259,3.280998389694042,1.3687600644122384,0.19457863660762212,,
210,17.431561996779386,23.57085346215781,6.253354804079442,7.454374664519592,28.918411164787976,11.540526033279656,3.280998389694042,1.3553408480944713,0.19457863660762212,,
211,17.45169082125604,23.57085346215781,6.293612453032743,7.494632313472893,28.83118625872249,11.52710681696189,3.280998389694042,1.3553408480944713,0.19457863660762212,,
212,17.37788513150832,23.57085346215781,6.280193236714976,7.427536231884058,28.945249597423512,11.56736446591519,3.280998389694042,1.3553408480944713,0.19457863660762212,,
213,17.505367686527105,23.57085346215781,6.320450885668277,7.427536231884058,28.63660762211487,11.56736446591519,3.280998389694042,1.4962426194310252,0.19457863660762212,,
214,17.330917874396135,22.5979602791197,7.521470746108427,7.427536231884058,28.609769189479334,11.56736446591519,3.280998389694042,1.4694041867954912,0.19457863660762212,,
215,17.082662372517444,21.732420826623724,9.957058507783145,7.387278582930757,28.012614063338702,10.88298443370907,3.280998389694042,1.4694041867954912,0.19457863660762212,,
216,16.814278046162105,20.115405260332796,9.702093397745571,9.5276435856146,27.965646806226516,10.88298443370907,3.3279656468062266,1.4694041867954912,0.19457863660762212,,
217,16.961889425657542,20.095276435856146,9.64170692431562,9.5276435856146,27.911969940955448,10.876274825550189,3.321256038647343,1.4694041867954912,0.19457863660762212,,
218,16.968599033816425,20.055018786902846,9.64170692431562,9.5276435856146,27.75764895330113,10.742082662372518,3.670155662909286,1.442565754159957,0.19457863660762212,,
219,16.854535695115406,19.940955448201827,8.447396672034353,9.73564143853999,27.549651100375737,12.258454106280194,3.6097691894793345,1.4090177133655395,0.19457863660762212,,
220,16.921631776704242,19.93424584004294,8.427267847557703,9.73564143853999,27.549651100375737,12.218196457326892,3.6097691894793345,1.4090177133655395,0.19457863660762212,,
221,16.948470209339774,19.692699946323135,8.796296296296296,9.73564143853999,27.395330112721417,12.218196457326892,3.6097691894793345,1.4090177133655395,0.19457863660762212,,
222,17.257112184648417,19.51825013419216,8.903650026838433,9.681964573268921,27.361782071927,12.104133118625873,3.5762211486849167,1.402308105206656,0.19457863660762212,,
223,17.60601180891036,19.296833064949006,8.903650026838433,9.749060654857756,27.361782071927,11.956521739130435,3.5292538915727323,1.402308105206656,0.19457863660762212,,
224,17.58588298443371,19.296833064949006,9.306226516371444,9.849704777241008,26.704240472356414,11.829039184111648,3.8311862587224907,1.402308105206656,0.19457863660762212,,
225,17.693236714975846,19.256575415995705,9.306226516371444,9.829575952764358,26.617015566290927,11.77536231884058,3.8311862587224907,1.4962426194310252,0.19457863660762212,,
226,17.834138486312398,19.229736983360173,9.29951690821256,9.829575952764358,26.529790660225444,11.75523349436393,3.8311862587224907,1.4962426194310252,0.19457863660762212,,
227,17.867686527106816,19.229736983360173,9.29951690821256,9.829575952764358,26.50966183574879,11.75523349436393,3.824476650563607,1.4895330112721417,0.19457863660762212,,
228,17.941492216854535,19.209608158883523,9.29951690821256,9.789318303811058,26.496242619431026,11.75523349436393,3.824476650563607,1.4895330112721417,0.19457863660762212,,
229,18.04884594739667,19.209608158883523,9.29951690821256,9.789318303811058,26.35534084809447,11.735104669887278,3.7909286097691894,1.5767579173376274,0.19457863660762212,,
230,18.04884594739667,19.108964036500268,9.420289855072463,9.86983360171766,26.35534084809447,11.634460547504025,3.7909286097691894,1.5767579173376274,0.19457863660762212,,
231,18.209876543209877,19.07541599570585,9.39345142243693,9.802737520128824,26.341921631776703,11.621041331186259,3.7909286097691894,1.570048309178744,0.19457863660762212,,
232,18.263553408480945,19.048577563070317,9.440418679549115,9.802737520128824,26.288244766505635,11.600912506709609,3.7909286097691894,1.570048309178744,0.19457863660762212,,
233,18.344068706387546,19.048577563070317,9.440418679549115,9.789318303811058,26.160762211486848,11.56736446591519,3.7909286097691894,1.6639828234031133,0.19457863660762212,,
234,18.746645195920557,18.94122383252818,9.333064949006978,9.675254965110037,26.120504562533547,11.560654857756306,3.7640901771336552,1.6639828234031133,0.19457863660762212,,
235,18.95464304884595,18.914385399892645,9.312936124530328,9.64170692431562,26.039989264626946,11.52710681696189,3.750670960815888,1.6639828234031133,0.19457863660762212,,
236,19.0552871712292,18.914385399892645,9.433709071390231,9.628287707997853,25.885668276972623,11.486849168008588,3.7372517444981215,1.6639828234031133,0.19457863660762212,,
237,19.14922168545357,18.914385399892645,9.433709071390231,9.621578099838969,25.825281803542673,11.460010735373054,3.7372517444981215,1.6639828234031133,0.19457863660762212,,
238,19.243156199677937,18.914385399892645,9.41358024691358,9.567901234567902,25.825281803542673,11.439881910896403,3.7372517444981215,1.6639828234031133,0.19457863660762212,,
239,19.28341384863124,18.914385399892645,9.41358024691358,9.554482018250134,25.805152979066023,11.43317230273752,3.7372517444981215,1.6639828234031133,0.19457863660762212,,
240,19.45115405260333,18.914385399892645,9.41358024691358,9.554482018250134,25.684380032206118,11.386205045625335,3.7372517444981215,1.6639828234031133,0.19457863660762212,,
241,19.712828770799785,18.793612453032743,9.41358024691358,9.5276435856146,25.603864734299517,11.386205045625335,3.7238325281803544,1.6438539989264627,0.19457863660762212,,
242,19.887278582930758,18.746645195920557,9.406870638754697,9.534353193773484,25.583735909822867,11.386205045625335,3.7037037037037037,1.556629092860977,0.19457863660762212,,
243,19.900697799248523,18.699677938808374,9.406870638754697,9.64170692431562,25.509930220075148,11.2788513150832,3.7037037037037037,1.7042404723564144,0.15432098765432098,,
244,20.202630166398283,18.699677938808374,9.406870638754697,9.581320450885668,25.41599570585078,11.171497584541063,3.6634460547504024,1.7042404723564144,0.15432098765432098,,
245,20.38378958668814,18.572195383789587,9.46725711218465,9.581320450885668,25.409286097691894,11.084272678475577,3.6634460547504024,1.6841116478797638,0.15432098765432098,,
246,20.46430488459474,18.572195383789587,9.46725711218465,9.581320450885668,25.328770799785293,11.084272678475577,3.6634460547504024,1.6841116478797638,0.15432098765432098,,
247,20.336822329575952,18.4447128287708,9.386741814278047,9.634997316156737,25.617283950617285,11.077563070316694,3.6634460547504024,1.6841116478797638,0.15432098765432098,,
248,20.40391841116479,18.4447128287708,9.386741814278047,9.634997316156737,25.583735909822867,11.044015029522276,3.6634460547504024,1.6841116478797638,0.15432098765432098,,
249,20.471014492753625,18.149490069779926,8.59500805152979,9.574610842726784,25.37573805689748,12.399355877616747,3.6634460547504024,1.6170155662909287,0.15432098765432098,,
250,20.618625872249062,18.04213633923779,8.695652173913043,9.561191626409018,25.348899624261943,12.318840579710145,3.6634460547504024,1.6170155662909287,0.13419216317767044,,
251,20.162372517444982,18.00858829844337,8.68894256575416,9.628287707997853,26.281535158346752,12.110842726784755,3.3682232957595275,1.6170155662909287,0.13419216317767044,,
252,20.437466451959207,17.907944176060116,8.68894256575416,9.628287707997853,26.147342995169083,12.090713902308105,3.3682232957595275,1.596886741814278,0.13419216317767044,,
253,20.558239398819108,17.887815351583466,8.68894256575416,9.628287707997853,26.127214170692433,12.010198604401502,3.3682232957595275,1.596886741814278,0.13419216317767044,,
254,20.78636607622115,17.793880837359097,8.68894256575416,9.581320450885668,26.080246913580247,11.922973698336017,3.3682232957595275,1.6438539989264627,0.13419216317767044,,
255,20.98094471282877,17.72007514761138,8.668813741277509,9.561191626409018,26.019860440150296,11.916264090177133,3.3548040794417604,1.6438539989264627,0.13419216317767044,,
256,21.061460010735374,17.60601180891036,8.76274825550188,9.514224369296834,25.925925925925927,11.916264090177133,3.3548040794417604,1.724369296833065,0.13419216317767044,,
