,45,50,55,52,54,53,57,59,51,56,58
0,99.76516371443908,0.23483628556092323,,,,,,,,,
1,89.79468599033817,10.205314009661835,,,,,,,,,
2,89.21765968867417,10.782340311325818,,,,,,,,,
3,88.98282340311326,11.017176596886742,,,,,,,,,
4,84.34648416532474,15.53274288781535,0.12077294685990338,,,,,,,,
5,83.2259796027912,13.79495437466452,0.12077294685990338,2.737520128824477,0.12077294685990338,,,,,,
6,83.25952764358561,13.761406333870102,0.12077294685990338,2.737520128824477,0.12077294685990338,,,,,,
7,81.26677402039721,15.767579173376275,0.12077294685990338,2.7241009125067097,0.12077294685990338,,,,,,
8,77.57648953301127,19.45786366076221,0.12077294685990338,2.7241009125067097,0.12077294685990338,,,,,,
9,77.59661835748793,19.43773483628556,0.12077294685990338,2.7241009125067097,0.12077294685990338,,,,,,
10,75.88566827697262,20.665593129361245,0.12077294685990338,2.6502952227589907,0.12077294685990338,0.4830917874396135,0.07380568974771873,,,,
11,73.40982286634461,23.067632850241544,0.2549651100375738,2.589908749329039,0.12077294685990338,0.4830917874396135,0.07380568974771873,,,,
12,73.12130971551261,22.054482018250134,0.2281266774020397,3.9184111647879765,0.12077294685990338,0.4830917874396135,0.07380568974771873,,,,
13,72.81937734836285,21.812936124530328,0.2281266774020397,4.3478260869565215,0.23483628556092323,0.4830917874396135,0.07380568974771873,,,,
14,53.80434782608695,39.07675791733763,0.2281266774020397,2.5831991411701556,3.421900161030596,0.5971551261406334,0.19457863660762212,0.0939345142243693,,,
15,53.48228663446055,38.53327965646806,0.8454106280193237,2.4490069779924855,3.421900161030596,0.5971551261406334,0.1878690284487386,0.0939345142243693,0.24825550187869028,0.14090177133655393,
16,52.47584541062802,36.963231347289316,1.7310789049919484,2.1806226516371443,3.4688674181427803,0.5971551261406334,0.1878690284487386,0.0939345142243693,2.1604938271604937,0.14090177133655393,
17,50.44283413848631,39.23778851315083,1.6639828234031133,2.1806226516371443,3.4688674181427803,0.8521202361782072,0.1878690284487386,0.0939345142243693,1.7310789049919484,0.14090177133655393,
18,50.415995705850776,39.30488459473967,1.6639828234031133,2.1806226516371443,3.4420289855072466,0.8521202361782072,0.1878690284487386,0.0939345142243693,1.7176596886741815,0.14090177133655393,
19,45.880300590445515,33.58829844337091,0.8588298443370908,2.120236178207193,3.4420289855072466,0.9393451422436929,0.1878690284487386,0.0939345142243693,12.74825550187869,0.14090177133655393,
20,46.10842726784756,33.299785292538914,0.8588298443370908,2.100107353730542,3.4420289855072466,1.0534084809447128,0.1878690284487386,0.0939345142243693,12.714707461084272,0.14090177133655393,
21,43.63258185721954,36.211755233494365,0.8588298443370908,2.100107353730542,3.4420289855072466,1.0534084809447128,0.1878690284487386,0.0939345142243693,12.278582930756844,0.14090177133655393,
22,35.89640365002684,44.06199677938808,0.8319914117015567,2.100107353730542,3.3011272141706924,1.0534084809447128,0.1878690284487386,0.0939345142243693,12.130971551261407,0.3421900161030596,
23,36.34594739667203,42.8743961352657,0.8319914117015567,2.844873859366613,3.3480944712828773,1.0534084809447128,0.1878690284487386,0.0939345142243693,12.077294685990339,0.3421900161030596,
24,31.186258722490606,45.833333333333336,1.1003757380568975,2.804616210413312,3.502415458937198,1.4559849704777241,0.1610305958132045,0.0939345142243693,13.47289318303811,0.38915727321524424,
25,29.146537842190018,48.52388620504563,1.4694041867954912,2.737520128824477,3.5225442834138487,1.3486312399355878,0.2281266774020397,0.0939345142243693,12.5402576489533,0.38915727321524424,
26,28.972088030059044,48.631239935587764,1.5499194847020934,2.737520128824477,3.5225442834138487,1.3486312399355878,0.2281266774020397,0.0939345142243693,12.526838432635534,0.38915727321524424,
27,25.261674718196456,53.10654857756307,1.4962426194310252,1.8585614600107354,3.408480944712829,1.3486312399355878,0.2281266774020397,0.0939345142243693,12.661030595813205,0.5367686527106817,
28,24.154589371980677,50.22812667740204,1.6103059581320451,0.020128824476650563,3.4017713365539453,1.1473429951690821,,0.0939345142243693,19.028448738593667,0.3153515834675255,
29,23.738593666129898,49.11433172302738,2.9790660225442833,0.020128824476650563,3.3950617283950617,1.1473429951690821,,0.0939345142243693,19.196188942565755,0.3153515834675255,
30,23.409822866344605,48.55072463768116,3.099838969404187,0.020128824476650563,3.3950617283950617,1.1473429951690821,,0.0939345142243693,19.96779388083736,0.3153515834675255,
31,23.007246376811594,47.83279656468062,2.952227589908749,0.020128824476650563,3.2541599570585076,1.133923778851315,,0.0939345142243693,21.115136876006442,0.5904455179817498,
32,23.101180891035963,46.69216317767042,2.952227589908749,0.020128824476650563,3.207192699946323,2.3550724637681157,,0.0939345142243693,20.8870101986044,0.6910896403650026,
33,19.940955448201827,47.034353193773484,2.965646806226516,0.020128824476650563,3.3145464304884595,5.2066559312936125,,0.0939345142243693,20.67230273752013,0.6910896403650026,0.06038647342995169
34,19.64573268921095,47.22222222222222,3.1333870101986045,0.020128824476650563,3.3145464304884595,5.193236714975845,,0.0939345142243693,20.625335480407944,0.6910896403650026,0.06038647342995169
35,20.014761137949545,46.57139023081052,3.374932903918411,0.020128824476650563,3.3145464304884595,5.300590445517981,,0.0939345142243693,20.46430488459474,0.785024154589372,0.06038647342995169
36,20.04830917874396,46.06816961889426,3.374932903918411,0.020128824476650563,3.2675791733762747,5.844068706387547,,0.0939345142243693,20.457595276435857,0.7648953301127214,0.06038647342995169
37,20.316693505099302,41.96188942565754,3.488996242619431,3.7909286097691894,3.2675791733762747,5.683038110574342,0.17444981213097155,0.0939345142243693,20.397208803005906,0.7648953301127214,0.06038647342995169
38,20.531400966183575,41.706924315619965,3.603059581320451,3.7640901771336552,3.227321524422974,5.683038110574342,0.17444981213097155,0.0939345142243693,20.397208803005906,0.7581857219538379,0.06038647342995169
39,20.799785292538918,41.10305958132045,3.717122920021471,3.7640901771336552,3.5292538915727323,5.676328502415459,0.17444981213097155,0.0939345142243693,20.1959205582394,0.8856682769726248,0.06038647342995169
40,20.491143317230275,39.32501341921632,4.126409017713366,3.7640901771336552,4.086151368760064,7.185990338164252,0.17444981213097155,0.0939345142243693,19.565217391304348,1.1272141706924315,0.06038647342995169
41,18.230005367686527,40.405260332796566,4.361245303274289,3.307836822329576,4.374664519592056,7.085346215780999,0.12077294685990338,0.20128824476650564,20.46430488459474,1.3888888888888888,0.06038647342995169
42,18.10252281266774,40.03623188405797,4.575952764358561,3.1602254428341383,4.374664519592056,7.03166935050993,0.12077294685990338,0.20128824476650564,20.799785292538918,1.5365002683843263,0.06038647342995169
43,17.58588298443371,38.399087493290395,4.461889425657541,3.603059581320451,4.274020397208803,7.434245840042942,0.12077294685990338,0.20128824476650564,22.443639291465377,1.415727321524423,0.06038647342995169
44,17.867686527106816,38.31857219538379,4.461889425657541,3.475577026301664,4.274020397208803,7.434245840042942,0.12077294685990338,0.20128824476650564,22.08132045088567,1.7042404723564144,0.06038647342995169
45,16.5727321524423,33.21926999463231,4.012345679012346,5.783682232957595,3.549382716049383,11.574074074074074,0.16774020397208803,0.20128824476650564,23.03408480944713,1.8317230273752012,0.05367686527106817
46,16.458668813741276,32.14573268921095,4.045893719806763,5.763553408480945,3.535963499731616,14.432367149758454,0.16774020397208803,0.20128824476650564,21.22920021470746,1.9659151905528718,0.05367686527106817
47,16.626409017713364,32.078636607622116,4.032474503488996,5.750134192163178,3.535963499731616,14.526301663982823,0.16774020397208803,0.20128824476650564,20.933977455716587,2.0933977455716586,0.05367686527106817
48,16.680085882984432,31.830381105743424,4.508856682769726,5.6964573268921095,3.046162104133119,15.009393451422437,0.16774020397208803,0.17444981213097155,20.853462157809982,1.9793344068706387,0.05367686527106817
49,16.76731078904992,31.320450885668276,4.871175523349437,7.078636607622115,3.435319377348363,13.45276435856146,0.16774020397208803,0.17444981213097155,20.74610842726785,1.932367149758454,0.05367686527106817
50,16.6935050993022,30.340848094471284,4.126409017713366,7.058507783145465,3.113258185721954,13.526570048309178,0.16774020397208803,0.17444981213097155,22.403381642512077,2.341653247450349,0.05367686527106817
51,16.854535695115406,30.22007514761138,4.7101449275362315,7.0450885668276975,3.099838969404187,13.506441223832528,0.16774020397208803,0.17444981213097155,21.732420826623724,2.4355877616747184,0.05367686527106817
52,16.921631776704242,30.233494363929147,4.5893719806763285,6.964573268921095,3.5829307568438002,13.425925925925926,0.16774020397208803,0.17444981213097155,21.504294149221685,2.328234031132582,0.10735373054213634
53,16.532474503488995,29.354535695115406,4.4753086419753085,8.849973161567364,3.643317230273752,13.419216317767042,0.1274825550187869,0.17444981213097155,20.92055823939882,2.395330112721417,0.10735373054213634
54,16.606280193236714,29.320987654320987,4.334406870638754,8.849973161567364,3.643317230273752,13.580246913580247,0.1274825550187869,0.17444981213097155,20.86688137412775,2.3886205045625335,0.10735373054213634
55,16.75389157273215,28.985507246376812,4.542404723564144,8.796296296296296,3.7372517444981215,13.419216317767042,0.1274825550187869,0.17444981213097155,20.779656468062264,2.589908749329039,0.0939345142243693
56,17.022275899087493,28.884863123993558,4.374664519592056,8.910359634997317,3.6500268384326353,13.385668276972625,0.1274825550187869,0.17444981213097155,20.578368223295758,2.636876006441224,0.2549651100375738
57,17.2638217928073,27.395330112721417,4.87788513150832,8.910359634997317,3.7104133118625873,13.58695652173913,0.1274825550187869,0.17444981213097155,21.088298443370906,2.61003757380569,0.2549651100375738
58,17.351046698872786,27.395330112721417,4.99194847020934,8.903650026838433,3.69699409554482,13.39237788513151,0.11406333870101985,0.17444981213097155,20.8870101986044,2.717391304347826,0.3757380568974772
59,17.143048845947398,27.38191089640365,4.958400429414922,8.749329039184111,3.69699409554482,13.217928073000536,0.11406333870101985,0.17444981213097155,21.470746108427267,2.717391304347826,0.3757380568974772
60,16.961889425657542,26.006441223832528,4.944981213097155,8.641975308641975,4.180085882984434,13.217928073000536,0.17444981213097155,0.17444981213097155,22.665056360708533,2.657004830917874,0.3757380568974772
61,17.52549651100376,25.731347289318304,4.750402576489533,8.769457863660762,4.166666666666667,13.117283950617283,0.17444981213097155,0.16774020397208803,22.57783145464305,2.6435856146001075,0.3757380568974772
62,17.887815351583466,25.657541599570585,4.783950617283951,8.641975308641975,4.247181964573269,13.09044551798175,0.17444981213097155,0.16774020397208803,22.403381642512077,2.5697799248523885,0.3757380568974772
63,17.94820182501342,25.53676865271068,4.783950617283951,8.641975308641975,4.388083735909823,13.070316693505099,0.17444981213097155,0.16774020397208803,22.342995169082126,2.5697799248523885,0.3757380568974772
64,17.847557702630166,24.020397208803004,4.7638217928073,11.77536231884058,4.5893719806763285,11.869296833064949,0.14761137949543746,0.16774020397208803,22.262479871175522,2.4020397208803006,0.15432098765432098
65,17.639559849704778,23.95330112721417,5.045625335480408,11.708266237251744,4.736983360171766,11.969940955448202,0.14761137949543746,0.16774020397208803,21.93370907139023,2.5429414922168547,0.15432098765432098
66,17.384594739667204,23.382984433709073,5.152979066022544,11.486849168008588,4.736983360171766,13.345410628019323,0.14761137949543746,0.16774020397208803,21.511003757380568,2.5295222758990876,0.15432098765432098
67,17.733494363929147,23.18840579710145,5.112721417069243,11.33923778851315,4.804079441760601,13.197799248523886,0.14761137949543746,0.16774020397208803,21.22249060654858,2.932098765432099,0.15432098765432098
68,17.639559849704778,23.557434245840042,5.112721417069243,11.33923778851315,4.770531400966184,13.030059044551798,0.14761137949543746,0.16774020397208803,21.061460010735374,3.0193236714975846,0.15432098765432098
69,17.257112184648417,23.087761674718198,5.508588298443371,11.2788513150832,6.461352657004831,12.99651100375738,0.1878690284487386,0.16774020397208803,20.034889962426195,2.8650026838432634,0.15432098765432098
70,17.51207729468599,22.946859903381643,5.495169082125604,11.245303274288782,6.454643048845948,12.93612453032743,0.1878690284487386,0.16774020397208803,20.00805152979066,2.8918411164787976,0.15432098765432098
71,15.98899624261943,21.027911969940956,4.884594739667204,14.922168545356952,6.105743424584004,13.050187869028449,0.17444981213097155,0.16774020397208803,20.705850778314545,2.8650026838432634,0.10735373054213634
72,16.1231884057971,21.021202361782073,4.871175523349437,15.378421900161031,6.213097155126141,12.674449812130971,0.17444981213097155,0.16774020397208803,20.558239398819108,2.7106816961889426,0.10735373054213634
73,16.19699409554482,20.967525496511005,4.864465915190553,15.277777777777779,5.441492216854535,12.151100375738057,0.17444981213097155,,21.967257112184647,2.8515834675254963,0.10735373054213634
74,16.324476650563607,20.155662909286097,4.643048845947397,16.25738056897477,5.508588298443371,12.124261943102523,0.17444981213097155,,21.75925925925926,2.945517981749866,0.10735373054213634
75,16.680085882984432,20.115405260332796,4.643048845947397,16.19699409554482,5.508588298443371,12.124261943102523,0.17444981213097155,,21.531132581857218,2.918679549114332,0.10735373054213634
76,16.740472356414386,19.64573268921095,5.112721417069243,16.109769189479334,5.441492216854535,12.157809983896941,0.33548040794417605,,21.430488459473967,2.918679549114332,0.10735373054213634
77,16.170155662909288,19.57192699946323,5.065754159957058,15.83467525496511,5.428073000536768,11.929683306494901,0.2885131508319914,,22.67176596886742,2.952227589908749,0.08722490606548577
78,16.492216854535695,19.484702093397747,5.059044551798175,15.74074074074074,5.428073000536768,11.842458400429415,0.43612453032742887,,22.477187332259795,2.952227589908749,0.08722490606548577
79,15.70048309178744,18.659420289855074,5.146269457863661,15.747450348899624,5.24020397208803,11.842458400429415,0.43612453032742887,,24.188137412775095,2.952227589908749,0.08722490606548577
80,15.774288781535159,18.5252281266774,4.99194847020934,16.659957058507782,5.387815351583468,10.889694041867955,0.46967257112184646,,24.282071926999464,2.932098765432099,0.08722490606548577
81,15.754159957058508,17.98845947396672,5.515297906602254,16.6532474503489,5.381105743424584,10.889694041867955,0.46967257112184646,,24.288781535158346,2.9723564143853998,0.08722490606548577
82,16.015834675254965,17.907944176060116,5.481749865807837,16.59957058507783,5.374396135265701,10.815888352120236,0.46967257112184646,,24.188137412775095,3.0595813204508855,0.08722490606548577
83,16.223832528180353,17.773752012882447,5.448201825013419,16.5727321524423,5.381105743424584,10.815888352120236,0.46967257112184646,,24.04723564143854,3.180354267310789,0.08722490606548577
84,16.42512077294686,17.599302200751477,5.508588298443371,16.51905528717123,5.367686527106817,10.795759527643586,0.46967257112184646,,24.04723564143854,3.180354267310789,0.08722490606548577
85,16.5727321524423,17.538915727321523,5.5689747718733225,16.492216854535695,5.314009661835748,10.802469135802468,0.46967257112184646,,23.980139559849704,3.1736446591519054,0.08722490606548577
86,16.75389157273215,17.518786902844873,5.562265163714439,16.451959205582394,5.267042404723564,10.762211486849168,0.46967257112184646,,23.95330112721417,3.1736446591519054,0.08722490606548577
87,16.700214707461082,17.16988727858293,5.656199677938808,16.337895866881375,5.267042404723564,10.507246376811594,0.43612453032742887,,24.570585077831456,3.2675791733762747,0.08722490606548577
88,16.854535695115406,16.894793344068706,5.662909286097692,16.297638217928075,5.837359098228664,10.34621578099839,0.35560923242082665,,24.349168008588297,3.3145464304884595,0.08722490606548577
89,17.19001610305958,16.881374127750938,5.897745571658615,16.317767042404725,5.756843800322061,10.305958132045088,0.4025764895330113,,23.960010735373054,3.2004830917874396,0.08722490606548577
90,16.686795491143318,16.13660762211487,5.548845947396672,16.59957058507783,5.770263016639828,10.379763821792807,0.4025764895330113,,25.32206119162641,3.066290928609769,0.08722490606548577
91,16.7337627482555,16.129898013955984,5.488459473966721,16.505636070853463,5.958132045088567,10.36634460547504,0.4025764895330113,,25.288513150831992,3.0394524959742353,0.08722490606548577
92,15.331454643048845,15.150295222758992,5.5756843800322065,18.894256575415994,5.9447128287707995,10.359634997316157,0.4025764895330113,,25.11406333870102,3.140096618357488,0.08722490606548577
93,15.324745034889963,14.97584541062802,6.66935050993022,18.00187869028449,6.0587761674718195,10.406602254428341,0.4025764895330113,,24.818840579710145,3.2541599570585076,0.08722490606548577
94,15.351583467525497,14.754428341384862,6.78341384863124,18.411164787976382,5.891035963499732,10.554213633923778,0.4025764895330113,,24.550456253354803,3.2139023081052067,0.08722490606548577
95,15.579710144927537,14.418947933440688,6.78341384863124,18.357487922705314,6.367418142780462,10.446859903381643,0.4025764895330113,,24.355877616747183,3.2004830917874396,0.08722490606548577
96,15.754159957058508,14.244498121309716,6.763285024154589,18.189747718733226,6.528448738593666,10.560923242082662,0.4025764895330113,,24.315619967793882,3.1535158346752548,0.08722490606548577
97,15.827965646806227,14.231078904991948,6.749865807836822,18.12265163714439,6.515029522275899,10.721953837895867,0.4025764895330113,,24.188137412775095,3.1535158346752548,0.08722490606548577
98,15.365002683843263,16.75389157273215,6.078904991948471,17.847557702630166,6.3137412775093935,10.010735373054214,0.3824476650563607,,24.060654857756308,3.099838969404187,0.08722490606548577
99,15.11003757380569,16.264090177133657,5.9447128287707995,17.062533548040793,6.206387546967257,10.245571658615138,0.4294149221685454,,25.55018786902845,3.099838969404187,0.08722490606548577
100,10.151637144390767,43.06897477187332,4.757112184648417,9.004294149221685,4.17337627482555,8.393719806763285,0.24154589371980675,,17.954911433172303,2.2410091250670963,0.013419216317767043
101,10.426731078904991,40.88835212023618,5.032206119162641,8.84326355340848,4.28743961352657,10.144927536231885,0.17444981213097155,,17.94820182501342,2.2410091250670963,0.013419216317767043
102,9.883252818035427,40.09661835748792,5.394524959742351,8.413848631239935,4.274020397208803,9.66183574879227,0.17444981213097155,,20.00805152979066,2.0799785292538915,0.013419216317767043
103,10.245571658615138,39.60681696188943,5.501878690284487,9.675254965110037,4.361245303274289,9.621578099838969,0.13419216317767044,,18.760064412238325,2.0799785292538915,0.013419216317767043
104,10.520665593129362,39.50617283950617,5.501878690284487,9.648416532474503,4.361245303274289,9.621578099838969,0.13419216317767044,,18.632581857219538,2.059849704777241,0.013419216317767043
105,10.59447128287708,39.24449812130972,5.790391841116479,9.54777241009125,4.361245303274289,9.621578099838969,0.13419216317767044,,18.632581857219538,2.059849704777241,0.013419216317767043
106,10.82259796027912,37.734836285560924,6.025228126677402,10.815888352120236,4.388083735909823,9.406870638754697,0.13419216317767044,,18.290391841116477,2.368491680085883,0.013419216317767043
107,11.124530327428879,37.446323134728935,6.166129898013956,10.775630703166936,4.388083735909823,9.400161030595813,0.20799785292538917,,18.109232420826622,2.368491680085883,0.013419216317767043
108,11.265432098765432,36.94981213097155,6.5552871712292005,10.487117552334944,4.5960815888352125,9.386741814278047,0.4830917874396135,,17.894524959742352,2.368491680085883,0.013419216317767043
109,11.735104669887278,36.68813741277509,6.588835212023618,10.581052066559312,4.582662372517445,9.23913043478261,0.4830917874396135,,17.807300053676865,2.281266774020397,0.013419216317767043
110,11.600912506709609,35.68169618894257,7.917337627482555,10.560923242082662,4.62962962962963,9.23913043478261,0.4294149221685454,,17.60601180891036,2.281266774020397,0.05367686527106817
111,11.855877616747183,35.581052066559316,8.105206655931294,10.815888352120236,4.528985507246377,9.125067096081589,0.46967257112184646,,17.257112184648417,2.2074610842726785,0.05367686527106817
112,11.896135265700483,35.32608695652174,7.843531937734836,11.768652710681696,4.4753086419753085,8.84326355340848,0.322061191626409,,17.183306494900698,2.2879763821792807,0.05367686527106817
113,11.379495437466453,31.756575415995705,7.648953301127214,10.077831454643048,4.817498658078368,8.407139023081053,0.24825550187869028,,23.45679012345679,2.1604938271604937,0.04696725711218465
114,11.486849168008588,31.689479334406872,7.809983896940419,10.030864197530864,4.790660225442834,8.299785292538916,0.24825550187869028,,23.409822866344605,2.187332259796028,0.04696725711218465
115,11.144659151905529,32.75630703166935,8.413848631239935,10.010735373054214,4.64975845410628,7.930756843800322,0.24825550187869028,,22.758990874932906,2.0397208803005906,0.04696725711218465
116,11.252012882447666,32.26650563607085,8.863392377885132,9.96376811594203,4.64975845410628,7.930756843800322,0.24825550187869028,,22.745571658615138,2.033011272141707,0.04696725711218465
117,11.460010735373054,32.03166935050993,8.702361782071927,9.96376811594203,4.99194847020934,7.830112721417069,0.24825550187869028,,22.544283413848632,2.1806226516371443,0.04696725711218465
118,11.654589371980677,31.944444444444443,8.702361782071927,9.950348899624261,4.978529253891573,7.816693505099302,0.24825550187869028,,22.477187332259795,2.1806226516371443,0.04696725711218465
119,11.688137412775093,31.568706387546968,8.930488459473967,9.614868491680086,5.522007514761138,7.809983896940419,0.24825550187869028,,22.27589908749329,2.2946859903381642,0.04696725711218465
120,11.66129898013956,28.77750939345142,8.205850778314547,9.520933977455716,9.098228663446054,7.809983896940419,0.24825550187869028,,22.27589908749329,2.2946859903381642,0.10735373054213634
121,11.822329575952764,28.6231884057971,8.313204508856682,9.4873859366613,9.098228663446054,7.809983896940419,0.24825550187869028,,22.19538378958669,2.2946859903381642,0.10735373054213634
122,11.969940955448202,28.475577026301664,8.293075684380032,9.534353193773484,9.098228663446054,7.809983896940419,0.24825550187869028,,22.094739667203434,2.368491680085883,0.10735373054213634
123,12.104133118625873,27.945517981749866,8.776167471819646,9.534353193773484,8.950617283950617,7.796564680622652,0.24825550187869028,,22.007514761137948,2.5295222758990876,0.10735373054213634
124,12.372517444981213,27.80461621041331,8.977455716586151,9.453837895866881,8.943907675791733,7.695920558239399,0.33548040794417605,,21.85319377348363,2.4557165861513686,0.10735373054213634
125,12.318840579710145,24.771873322597962,9.125067096081589,9.41358024691358,7.689210950080516,12.104133118625873,0.24825550187869028,,21.71900161030596,2.5563607085346214,0.05367686527106817
126,12.567096081588835,24.57729468599034,8.957326892109501,9.41358024691358,7.809983896940419,12.177938808373591,0.24825550187869028,,21.497584541062803,2.6972624798711755,0.05367686527106817
127,12.922705314009661,24.349168008588297,9.27938808373591,9.373322597960279,7.7898550724637685,12.191358024691358,0.24825550187869028,,21.155394524959743,2.636876006441224,0.05367686527106817
128,12.93612453032743,24.248523886205046,9.037842190016104,9.306226516371444,7.836822329575953,12.674449812130971,0.24825550187869028,,21.07487922705314,2.5831991411701556,0.05367686527106817
129,12.969672571121846,23.66478797638218,9.943639291465379,9.212292002147075,7.682501341921632,12.587224906065487,0.2952227589908749,,20.96081588835212,2.5831991411701556,0.10064412238325282
130,11.708266237251744,26.556629092860977,10.171765968867419,8.293075684380032,7.608695652173913,12.258454106280194,0.2952227589908749,,20.477724100912507,2.5295222758990876,0.10064412238325282
131,11.701556629092861,26.221148684916802,10.59447128287708,8.252818035426731,7.601986044015029,12.258454106280194,0.2952227589908749,,20.323403113258184,2.6502952227589907,0.10064412238325282
132,11.842458400429415,26.127214170692433,10.621309715512615,8.373590982286634,7.595276435856146,12.23161567364466,0.23483628556092323,,20.169082125603865,2.703972088030059,0.10064412238325282
133,11.916264090177133,24.932903918411164,10.279119699409554,8.259527643585615,7.6556629092860975,13.942565754159958,0.23483628556092323,,19.97450348899624,2.703972088030059,0.10064412238325282
134,11.976650563607086,24.832259796027913,10.198604401502953,8.246108427267847,7.803274288781535,13.90901771336554,0.23483628556092323,,19.94766505636071,2.7509393451422435,0.10064412238325282
135,11.916264090177133,24.62426194310252,10.38647342995169,8.440687063875469,8.21256038647343,13.47289318303811,0.35560923242082665,,19.766505636070853,2.7241009125067097,0.10064412238325282
136,12.211486849168008,24.44981213097155,10.319377348362856,8.917069243156199,8.024691358024691,13.305152979066023,0.3488996242619431,,19.51154052603328,2.8113258185721954,0.10064412238325282
137,12.23161567364466,24.355877616747183,10.406602254428341,9.037842190016104,8.165593129361245,13.271604938271604,0.3488996242619431,,19.32367149758454,2.757648953301127,0.10064412238325282
138,12.506709608158884,24.208266237251745,10.513955984970478,8.917069243156199,8.11862587224906,13.231347289318304,0.3488996242619431,,19.256575415995705,2.757648953301127,0.14090177133655393
139,12.721417069243156,24.194847020933977,10.426731078904991,9.017713365539452,8.011272141706923,13.18438003220612,0.3488996242619431,,19.209608158883523,2.7442297369833604,0.14090177133655393
140,12.962962962962964,24.16129898013956,10.406602254428341,8.890230810520666,8.064949006977992,13.137412775093935,0.3488996242619431,,19.07541599570585,2.8113258185721954,0.14090177133655393
141,13.271604938271604,23.946591519055286,10.326086956521738,8.856682769726248,8.011272141706923,13.372249060654857,0.33548040794417605,,18.833870101986044,2.9052603327965647,0.14090177133655393
142,13.331991411701557,23.67149758454106,10.379763821792807,9.178743961352657,8.004562533548041,13.238056897477188,0.33548040794417605,,18.69296833064949,3.026033279656468,0.14090177133655393
143,13.231347289318304,23.45679012345679,10.59447128287708,9.131776704240472,8.28636607622115,13.097155126140633,0.33548040794417605,,18.552066559312937,3.0864197530864197,0.2281266774020397
144,13.070316693505099,23.295759527643586,10.379763821792807,8.621846484165324,8.246108427267847,12.969672571121846,0.33548040794417605,0.06038647342995169,19.826892109500804,2.965646806226516,0.2281266774020397
145,13.231347289318304,23.121309715512613,10.487117552334944,8.541331186258722,8.165593129361245,12.875738056897477,0.3824476650563607,0.06038647342995169,19.685990338164252,3.2206119162640903,0.2281266774020397
146,13.506441223832528,22.839506172839506,10.621309715512615,8.507783145464305,8.165593129361245,12.822061191626409,0.3824476650563607,0.06038647342995169,19.685990338164252,3.180354267310789,0.2281266774020397
147,13.580246913580247,22.624798711755233,10.433440687063875,8.387010198604402,9.346484165324744,12.057165861513688,0.49651100375738055,0.06038647342995169,19.55179817498658,3.180354267310789,0.28180354267310787
148,13.788244766505636,22.33628556092324,10.352925389157273,8.548040794417606,9.118357487922705,12.654320987654321,0.49651100375738055,0.06038647342995169,19.061996779388085,3.166935050993022,0.41599570585077833
149,14.27133655394525,22.208803005904453,10.19189479334407,8.380300590445518,9.044551798174986,12.701288244766506,0.4830917874396135,0.06038647342995169,18.94122383252818,3.3011272141706924,0.41599570585077833
150,12.151100375738057,22.007514761137948,9.453837895866881,7.957595276435856,6.702898550724638,11.352657004830919,0.2885131508319914,0.06038647342995169,27.15378421900161,2.314814814814815,0.5568974771873323
151,12.318840579710145,21.900161030595815,9.50751476113795,7.930756843800322,6.649221685453569,11.252012882447666,0.35560923242082665,0.06038647342995169,27.106816961889425,2.314814814814815,0.6038647342995169
152,11.668008588298443,21.24932903918411,8.829844337090714,7.809983896940419,6.461352657004831,11.017176596886742,0.35560923242082665,0.06038647342995169,29.62962962962963,2.314814814814815,0.6038647342995169
153,11.855877616747183,21.068169618894256,8.809715512614064,7.796564680622652,6.387546967257112,10.990338164251208,0.46296296296296297,0.06038647342995169,29.54911433172303,2.4154589371980677,0.6038647342995169
154,11.79549114331723,19.766505636070853,8.68894256575416,7.7898550724637685,6.474771873322598,12.701288244766506,0.4227053140096618,0.06038647342995169,29.28743961352657,2.408749329039184,0.6038647342995169
155,11.943102522812667,19.726247987117553,8.849973161567364,7.635534084809447,6.474771873322598,12.842190016103059,0.4227053140096618,0.06038647342995169,29.09286097691895,2.408749329039184,0.5434782608695652
156,12.184648416532475,19.672571121846484,9.172034353193773,7.581857219538379,6.3070316693505095,12.882447665056361,0.5568974771873323,0.06038647342995169,28.64331723027375,2.395330112721417,0.5434782608695652
157,12.406065485775631,19.484702093397747,9.380032206119163,7.555018786902845,6.286902844873859,12.942834138486312,0.5568974771873323,0.06038647342995169,28.415190552871714,2.368491680085883,0.5434782608695652
158,12.580515297906603,19.196188942565755,9.23913043478261,7.98443370907139,6.474771873322598,12.942834138486312,0.5568974771873323,0.06038647342995169,28.14680622651637,2.2745571658615136,0.5434782608695652
159,12.661030595813205,19.16935050993022,9.225711218464841,8.004562533548041,6.474771873322598,12.909286097691895,0.5568974771873323,0.06038647342995169,27.932098765432098,2.462426194310252,0.5434782608695652
160,12.513419216317766,17.867686527106816,8.977455716586151,8.004562533548041,6.414385399892646,14.962426194310252,0.5367686527106817,0.06038647342995169,27.563070316693505,2.5697799248523885,0.5300590445517982
161,12.86231884057971,17.793880837359097,8.977455716586151,7.991143317230274,6.400966183574879,14.922168545356952,0.5367686527106817,0.06038647342995169,27.355072463768117,2.5697799248523885,0.5300590445517982
162,13.110574342458401,17.57246376811594,9.16532474503489,7.991143317230274,6.286902844873859,14.888620504562533,0.5300590445517982,0.06038647342995169,27.26113794954375,2.6033279656468062,0.5300590445517982
163,13.023349436392914,17.418142780461622,9.111647879763822,7.353730542136339,6.286902844873859,14.875201288244767,0.48980139559849706,0.06038647342995169,28.052871712292003,2.7979066022544283,0.5300590445517982
164,13.378958668813741,17.12962962962963,9.131776704240472,7.266505636070853,6.125872249060655,15.177133655394526,0.4495437466451959,0.06038647342995169,27.95222758990875,2.7979066022544283,0.5300590445517982
165,13.231347289318304,16.27079978529254,8.796296296296296,8.890230810520666,6.0587761674718195,14.935587761674718,0.4495437466451959,0.06038647342995169,27.697262479871174,3.079710144927536,0.5300590445517982
166,13.539989264626946,16.210413311862588,8.742619431025227,8.870101986044014,6.038647342995169,14.9020397208803,0.4495437466451959,0.06038647342995169,27.603327965646805,3.052871712292002,0.5300590445517982
167,13.560118089103597,16.11647879763822,8.695652173913043,9.057971014492754,6.031937734836285,14.573268921095009,0.4294149221685454,0.06038647342995169,27.938808373590984,3.0059044551798175,0.5300590445517982
168,13.83521202361782,16.029253891572733,8.648684916800859,8.977455716586151,6.998121309715513,14.526301663982823,0.4294149221685454,0.06038647342995169,27.30810520665593,2.657004830917874,0.5300590445517982
169,13.989533011272142,16.029253891572733,8.729200214707461,8.977455716586151,7.004830917874396,14.486044015029522,0.4294149221685454,0.06038647342995169,27.093397745571657,2.6704240472356413,0.5300590445517982
170,14.304884594739667,15.821256038647343,9.017713365539452,8.856682769726248,6.9243156199677935,14.452495974235104,0.4294149221685454,0.06038647342995169,26.986044015029524,2.6167471819645733,0.5300590445517982
171,14.512882447665056,15.774288781535159,9.017713365539452,8.68894256575416,6.991411701556629,14.412238325281804,0.4294149221685454,0.06038647342995169,26.82501341921632,2.757648953301127,0.5300590445517982
172,14.761137949543746,15.499194847020934,9.118357487922705,8.78287707997853,6.991411701556629,14.284755770263017,0.39586688137412773,0.06038647342995169,26.583467525496513,2.9924852388620504,0.5300590445517982
173,14.586688137412775,15.197262479871176,9.916800858829845,8.3467525496511,6.890767579173376,14.553140096618357,0.39586688137412773,0.06038647342995169,26.529790660225444,2.9924852388620504,0.5300590445517982
174,14.828234031132581,15.13016639828234,10.030864197530864,8.192431561996779,7.105475040257649,14.506172839506172,0.39586688137412773,0.06038647342995169,26.261406333870102,2.9589371980676327,0.5300590445517982
175,14.989264626945786,14.982555018786902,10.037573805689748,8.179012345679013,7.179280730005368,14.465915190552872,0.39586688137412773,0.06038647342995169,26.221148684916802,2.9589371980676327,0.5300590445517982
176,15.257648953301127,14.908749329039184,10.077831454643048,8.111916264090176,7.300053676865271,14.27133655394525,0.39586688137412773,0.06038647342995169,26.127214170692433,2.9589371980676327,0.5300590445517982
177,15.324745034889963,14.76784755770263,9.896672034353195,10.466988727858293,7.4006977992485234,14.257917337627482,0.39586688137412773,0.06038647342995169,24.248523886205046,2.690552871712292,0.48980139559849706
178,15.277777777777779,14.49946323134729,10.178475577026301,10.466988727858293,7.39398819108964,16.23725174449812,0.39586688137412773,0.06038647342995169,22.530864197530864,2.4691358024691357,0.48980139559849706
179,15.391841116478798,14.31159420289855,9.930220075147611,8.829844337090714,7.561728395061729,16.23054213633924,0.38915727321524424,0.06038647342995169,24.241814278046164,2.4557165861513686,0.5971551261406334
180,15.526033279656469,14.298174986580785,9.990606548577563,8.816425120772946,7.561728395061729,16.183574879227052,0.38915727321524424,0.06038647342995169,24.10762211486849,2.4691358024691357,0.5971551261406334
181,15.827965646806227,13.90901771336554,9.997316156736447,8.76274825550188,7.9106280193236715,16.0829307568438,0.38915727321524424,0.06038647342995169,24.033816425120772,2.4691358024691357,0.5568974771873323
182,16.411701556629094,13.895598497047773,9.96376811594203,8.668813741277509,7.9106280193236715,16.06280193236715,0.38915727321524424,0.06038647342995169,23.64465915190553,2.4355877616747184,0.5568974771873323
183,16.398282340311326,13.781535158346752,10.158346752549651,8.501073537305421,8.225979602791197,16.33118625872249,0.38915727321524424,0.06038647342995169,23.161567364465917,2.4355877616747184,0.5568974771873323
184,16.505636070853463,13.58695652173913,10.373054213633925,8.501073537305421,8.225979602791197,16.264090177133657,0.38915727321524424,0.06038647342995169,23.101180891035963,2.4355877616747184,0.5568974771873323
185,16.5727321524423,13.560118089103597,10.339506172839506,8.480944712828771,8.21256038647343,16.243961352657006,0.38915727321524424,0.06038647342995169,23.101180891035963,2.4825550187869028,0.5568974771873323
186,16.780730005367687,13.553408480944713,10.312667740203972,8.480944712828771,8.185721953837897,16.264090177133657,0.38915727321524424,0.06038647342995169,22.933440687063875,2.4825550187869028,0.5568974771873323
187,16.80756843800322,12.191358024691358,10.285829307568438,8.454106280193237,8.373590982286634,17.612721417069242,0.38915727321524424,0.06038647342995169,22.785829307568438,2.4825550187869028,0.5568974771873323
188,16.659957058507782,11.379495437466453,10.218733225979603,9.554482018250134,8.353462157809984,17.559044551798173,0.38915727321524424,0.06038647342995169,22.65834675254965,2.61003757380569,0.5568974771873323
189,17.11621041331186,11.33923778851315,10.017444981213098,9.480676328502415,8.319914117015566,17.733494363929147,0.38915727321524424,0.06038647342995169,22.383252818035427,2.6033279656468062,0.5568974771873323
190,17.20343531937735,11.285560923242082,10.091250670960816,9.380032206119163,8.393719806763285,17.673107890499196,0.38915727321524424,0.06038647342995169,22.282608695652176,2.6838432635534084,0.5568974771873323
191,17.216854535695116,11.18491680085883,9.950348899624261,9.359903381642512,8.984165324745035,17.98174986580784,0.38915727321524424,0.06038647342995169,21.69887278582931,2.6167471819645733,0.5568974771873323
192,17.364465915190554,11.064143853998926,10.487117552334944,9.265968867418144,9.05126140633387,17.51207729468599,0.38915727321524424,0.06038647342995169,21.316425120772948,2.945517981749866,0.5434782608695652
193,17.659688674181428,10.976918947933441,10.36634460547504,8.903650026838433,8.876811594202898,17.773752012882447,0.7514761137949544,0.06038647342995169,21.24261943102523,2.8515834675254963,0.5367686527106817
194,17.961621041331185,10.95679012345679,10.326086956521738,8.829844337090714,8.930488459473967,17.465110037573805,0.9125067096081588,0.06038647342995169,21.195652173913043,2.8247450348899625,0.5367686527106817
195,18.297101449275363,10.755501878690284,10.326086956521738,8.910359634997317,8.863392377885132,17.538915727321523,0.9125067096081588,0.06038647342995169,20.994363929146537,2.804616210413312,0.5367686527106817
196,18.59903381642512,10.755501878690284,10.285829307568438,8.870101986044014,8.836553945249598,17.351046698872786,0.9125067096081588,0.06038647342995169,20.913848631239937,2.804616210413312,0.6105743424584005
197,18.71309715512614,10.668276972624799,10.178475577026301,8.99087493290392,8.80300590445518,17.57246376811594,0.9125067096081588,0.06038647342995169,20.632045088566827,2.85829307568438,0.6105743424584005
198,18.5654857756307,10.57434245840043,10.50053676865271,8.910359634997317,8.407139023081053,17.652979066022546,0.9125067096081588,0.06038647342995169,21.054750402576488,2.7509393451422435,0.6105743424584005
199,18.80703166935051,10.547504025764896,10.426731078904991,8.896940418679549,8.32662372517445,17.68652710681696,0.9125067096081588,0.06038647342995169,20.98094471282877,2.7509393451422435,0.6038647342995169
200,18.80703166935051,10.473698336017177,10.50053676865271,9.185453569511541,8.32662372517445,17.485238862050455,0.9125067096081588,0.06038647342995169,20.90042941492217,2.7442297369833604,0.6038647342995169
201,19.061996779388085,10.433440687063875,10.38647342995169,9.158615136876007,8.460815888352121,17.538915727321523,0.9125067096081588,0.06038647342995169,20.719269994632313,2.690552871712292,0.5770263016639828
202,19.316961889425656,10.285829307568438,10.25228126677402,9.158615136876007,8.561460010735374,17.53220611916264,0.9125067096081588,0.06038647342995169,20.699141170155663,2.6435856146001075,0.5770263016639828
203,19.444444444444443,10.151637144390767,10.205314009661835,8.99087493290392,8.796296296296296,17.424852388620504,1.0332796564680622,0.06038647342995169,20.67230273752013,2.6435856146001075,0.5770263016639828
204,19.578636607622116,10.124798711755233,10.171765968867419,8.896940418679549,8.863392377885132,17.384594739667204,1.0332796564680622,0.06038647342995169,20.538110574342458,2.771068169618894,0.5770263016639828
205,19.91411701556629,10.084541062801932,10.178475577026301,8.883521202361782,8.984165324745035,17.23027375201288,1.0332796564680622,0.06038647342995169,20.323403113258184,2.757648953301127,0.5501878690284487
