,45,50,54,51,52,55,58,53,56,57,59,61,60
0,99.93290391841117,0.06709608158883522,,,,,,,,,,,
1,99.69135802469135,0.30864197530864196,,,,,,,,,,,
2,98.45679012345678,1.5432098765432098,,,,,,,,,,,
3,96.99409554482018,3.0059044551798175,,,,,,,,,,,
4,91.41841116478798,8.581588835212024,,,,,,,,,,,
5,83.72249060654858,16.27750939345142,,,,,,,,,,,
6,83.47423510466989,15.633387010198604,0.8923778851315083,,,,,,,,,,
7,80.79710144927536,17.59259259259259,1.6103059581320451,,,,,,,,,,
8,77.47584541062803,20.9272678475577,1.596886741814278,,,,,,,,,,
9,76.84514224369296,20.437466451959207,1.596886741814278,0.9460547504025765,0.10735373054213634,0.06709608158883522,,,,,,,
10,75.81186258722491,20.685721953837895,0.8588298443370908,2.4691358024691357,0.10735373054213634,0.06709608158883522,,,,,,,
11,75.6508319914117,20.82662372517445,0.8588298443370908,2.4691358024691357,0.10735373054213634,0.08722490606548577,,,,,,,
12,75.32877079978529,21.101717659688674,0.8185721953837896,2.5563607085346214,0.10735373054213634,0.08722490606548577,,,,,,,
13,75.33548040794417,21.095008051529792,0.8185721953837896,2.5563607085346214,0.10735373054213634,0.08722490606548577,,,,,,,
14,74.55716586151368,21.87332259796028,0.8185721953837896,2.5563607085346214,0.10735373054213634,0.08722490606548577,,,,,,,
15,63.707729468599034,32.50805152979066,0.8185721953837896,2.757648953301127,0.10735373054213634,0.10064412238325282,,,,,,,
16,63.73456790123457,32.31347289318304,0.7581857219538379,2.757648953301127,0.13419216317767044,0.24154589371980675,0.06038647342995169,,,,,,
17,63.58024691358025,32.17257112184648,0.7581857219538379,2.757648953301127,0.13419216317767044,0.5367686527106817,0.06038647342995169,,,,,,
18,63.53327965646806,32.17257112184648,0.8923778851315083,2.6435856146001075,0.1610305958132045,0.5367686527106817,0.06038647342995169,,,,,,
19,58.91035963499731,36.41975308641975,0.8923778851315083,2.6637144390767578,0.1610305958132045,0.8923778851315083,0.06038647342995169,,,,,,
20,57.54830917874396,37.60064412238325,1.0534084809447128,2.6502952227589907,0.1610305958132045,0.8990874932903918,0.06038647342995169,0.026838432635534086,,,,,
21,57.420826623725176,37.21819645732689,1.0534084809447128,2.7241009125067097,0.24154589371980675,1.2546967257112185,0.06038647342995169,0.026838432635534086,,,,,
22,48.36285560923242,44.498121309715515,1.0534084809447128,2.7241009125067097,2.01959205582394,1.2546967257112185,0.06038647342995169,0.026838432635534086,,,,,
23,48.101180891035966,43.71309715512614,1.0534084809447128,2.7241009125067097,2.8784219001610305,1.3016639828234031,0.06038647342995169,0.16774020397208803,,,,,
24,48.101180891035966,43.67283950617284,1.0534084809447128,2.7241009125067097,2.8784219001610305,1.3419216317767042,0.06038647342995169,0.16774020397208803,,,,,
25,48.168276972624795,43.65942028985507,1.0534084809447128,2.677133655394525,2.871712292002147,1.3419216317767042,0.06038647342995169,0.16774020397208803,,,,,
26,48.14143853998927,43.4447128287708,1.0534084809447128,2.677133655394525,2.871712292002147,1.583467525496511,0.06038647342995169,0.16774020397208803,,,,,
27,48.14143853998927,43.45142243692968,1.0534084809447128,2.6704240472356413,2.871712292002147,1.583467525496511,0.06038647342995169,0.16774020397208803,,,,,
28,48.101180891035966,43.29710144927536,1.0534084809447128,2.7442297369833604,2.871712292002147,1.7042404723564144,0.06038647342995169,0.16774020397208803,,,,,
29,47.65163714439077,43.384326355340846,1.1607622114868492,2.9119699409554483,2.871712292002147,1.751207729468599,0.06038647342995169,0.20799785292538917,,,,,
30,46.0077831454643,46.26945786366076,1.1808910359634996,2.9388083735909825,1.7914653784219001,1.6035963499731616,,0.20799785292538917,,,,,
31,45.95410628019324,44.76650563607085,1.1808910359634996,2.985775630703167,1.7914653784219001,3.113258185721954,,0.20799785292538917,,,,,
32,45.833333333333336,44.518250134192165,1.3486312399355878,2.985775630703167,1.7914653784219001,3.3145464304884595,,0.20799785292538917,,,,,
33,45.7662372517445,44.578636607622116,1.3486312399355878,2.985775630703167,1.7914653784219001,3.321256038647343,,0.20799785292538917,,,,,
34,40.07648953301127,40.60654857756307,1.7847557702630166,13.097155126140633,1.7914653784219001,2.1269457863660763,,0.5166398282340311,,,,,
35,39.231078904991946,40.72061191626409,1.8518518518518519,13.674181427804616,1.7914653784219001,2.167203435319377,,0.5166398282340311,0.04696725711218465,,,,
36,33.02469135802469,44.16935050993022,1.737788513150832,16.639828234031132,1.7914653784219001,2.073268921095008,,0.48980139559849706,0.07380568974771873,,,,
37,32.91733762748255,44.18947933440687,1.724369296833065,16.5727321524423,1.932367149758454,2.100107353730542,,0.48980139559849706,0.07380568974771873,,,,
38,29.22705314009662,49.06736446591519,1.724369296833065,10.406602254428341,6.696188942565755,2.1739130434782608,,0.630703166935051,0.07380568974771873,,,,
39,29.146537842190018,48.64465915190553,1.724369296833065,10.138217928073,6.696188942565755,2.1739130434782608,,1.402308105206656,0.07380568974771873,,,,
40,26.301663982823403,49.241814278046164,1.9592055823939882,14.982555018786902,4.025764895330113,2.0128824476650564,,1.402308105206656,0.07380568974771873,,,,
41,26.321792807300053,47.66505636070853,1.9592055823939882,14.834943639291465,3.9720880300590444,1.9994632313472893,,3.0595813204508855,0.1878690284487386,,,,
42,26.54320987654321,47.41009125067096,1.9592055823939882,14.727589908749328,3.9720880300590444,2.046430488459474,,3.0595813204508855,0.28180354267310787,,,,
43,26.516371443907676,47.376543209876544,1.9592055823939882,14.727589908749328,3.9989264626945786,2.0799785292538915,,3.0595813204508855,0.28180354267310787,,,,
44,26.44927536231884,47.44363929146538,1.9592055823939882,14.63365539452496,3.9989264626945786,2.0799785292538915,,3.0595813204508855,0.3757380568974772,,,,
45,25.107353730542137,49.04723564143854,1.9592055823939882,14.51959205582394,3.9452495974235107,1.9860440150295222,,3.0595813204508855,0.3757380568974772,,,,
46,25.167740203972087,48.86607622114869,1.9592055823939882,14.358561460010735,3.9452495974235107,2.120236178207193,,3.0595813204508855,0.5233494363929146,,,,
47,25.067096081588836,48.8191089640365,1.9390767579173376,14.492753623188406,3.9452495974235107,2.120236178207193,,3.0595813204508855,0.5568974771873323,,,,
48,25.067096081588836,48.83252818035427,1.9390767579173376,14.452495974235104,3.9452495974235107,2.147074610842727,,3.0595813204508855,0.5568974771873323,,,,
49,24.966451959205582,45.06172839506173,1.9390767579173376,18.4044551798175,4.87788513150832,1.710950080515298,,2.475845410628019,0.5636070853462157,,,,
50,22.423510466988727,47.557702630166396,1.9390767579173376,18.310520665593128,4.871175523349437,1.8183038110574343,,2.475845410628019,0.6038647342995169,,,,
51,21.672034353193773,51.650563607085346,0.9594739667203436,17.317498658078367,3.938539989264627,1.3754696725711217,,2.536231884057971,0.5501878690284487,,,,
52,21.30300590445518,46.262748255501876,0.5300590445517982,21.752549651100377,3.8043478260869565,3.3145464304884595,,2.536231884057971,0.49651100375738055,,,,
53,21.336553945249598,45.91384863123994,0.5300590445517982,21.67874396135266,3.797638217928073,3.629898013955985,0.03354804079441761,2.509393451422437,0.5703166935050993,,,,
54,21.182232957595275,45.3166935050993,0.5770263016639828,21.67874396135266,4.5960815888352125,3.535963499731616,0.03354804079441761,2.509393451422437,0.5703166935050993,,,,
55,21.316425120772948,45.269726247987116,0.5770263016639828,21.611647879763822,4.5960815888352125,3.515834675254965,0.03354804079441761,2.509393451422437,0.5703166935050993,,,,
56,21.32313472893183,45.269726247987116,0.5501878690284487,21.578099838969404,4.5960815888352125,3.5829307568438002,0.03354804079441761,2.49597423510467,0.5703166935050993,,,,
57,17.74020397208803,49.060654857756305,0.5099302200751477,21.470746108427267,4.5960815888352125,3.4017713365539453,0.03354804079441761,2.49597423510467,0.6910896403650026,,,,
58,17.652979066022546,46.92699946323135,0.6508319914117016,23.845947396672035,4.42163177670424,3.280998389694042,0.03354804079441761,2.49597423510467,0.6910896403650026,,,,
59,15.94873859366613,42.56575415995706,0.6508319914117016,28.046162104133117,6.427804616210413,3.140096618357488,0.03354804079441761,2.49597423510467,0.6910896403650026,,,,
60,15.49248523886205,42.11621041331186,0.6508319914117016,28.475577026301664,6.414385399892646,3.294417606011809,0.03354804079441761,2.49597423510467,1.0265700483091786,,,,
61,15.666935050993022,41.80085882984434,0.6508319914117016,28.341384863123995,6.374127750939345,3.5091250670960816,0.07380568974771873,2.4892646269457863,1.093666129898014,,,,
62,14.828234031132581,42.659688674181425,0.7179280730005367,28.455448201825014,6.273483628556092,3.475577026301664,0.07380568974771873,2.4490069779924855,1.06682769726248,,,,
63,14.479334406870638,39.418947933440684,0.630703166935051,34.77589908749329,5.589103596349974,2.073268921095008,0.07380568974771873,2.3752012882447664,0.5837359098228664,,,,
64,14.55984970477724,39.2512077294686,0.630703166935051,34.735641438539986,5.589103596349974,2.1806226516371443,0.07380568974771873,2.395330112721417,0.5837359098228664,,,,
65,14.566559312936125,38.399087493290395,0.6843800322061192,34.675254965110035,5.495169082125604,2.9790660225442833,0.03354804079441761,2.4221685453569513,0.6105743424584005,0.13419216317767044,,,
66,14.418947933440688,38.16425120772947,0.6843800322061192,34.99060654857756,5.495169082125604,2.9119699409554483,0.03354804079441761,2.4892646269457863,0.6776704240472357,0.13419216317767044,,,
67,14.465915190552872,38.13070316693505,0.6843800322061192,34.977187332259795,5.495169082125604,2.9119699409554483,0.03354804079441761,2.4892646269457863,0.6776704240472357,0.13419216317767044,,,
68,14.49946323134729,38.016639828234034,1.6237251744498122,33.9170692431562,5.46833064949007,3.026033279656468,0.03354804079441761,2.4892646269457863,0.7917337627482555,0.13419216317767044,,,
69,14.418947933440688,37.80193236714976,1.7042404723564144,32.8972088030059,5.166398282340311,3.079710144927536,0.03354804079441761,3.421900161030596,1.2345679012345678,0.24154589371980675,,,
70,14.452495974235104,37.78851315083199,1.7042404723564144,32.83682232957595,5.159688674181428,3.0864197530864197,0.03354804079441761,3.421900161030596,1.2748255501878691,0.24154589371980675,,,
71,14.512882447665056,37.65432098765432,1.7042404723564144,32.769726247987116,5.246913580246914,3.0864197530864197,0.03354804079441761,3.4957058507783145,1.2546967257112185,0.24154589371980675,,,
72,14.318303811057435,36.09769189479334,1.7042404723564144,32.407407407407405,5.2066559312936125,3.046162104133119,0.03354804079441761,5.515297906602254,1.42914653784219,0.24154589371980675,,,
73,14.351851851851851,34.447128287708,1.8585614600107354,31.984702093397747,7.313472893183038,2.8784219001610305,0.03354804079441761,5.515297906602254,1.3754696725711217,0.24154589371980675,,,
74,14.351851851851851,34.42028985507246,1.8585614600107354,31.830381105743424,7.340311325818572,2.8784219001610305,0.03354804079441761,5.515297906602254,1.5297906602254427,0.24154589371980675,,,
75,14.378690284487385,34.35319377348363,1.8585614600107354,31.816961889425656,7.313472893183038,2.9589371980676327,0.03354804079441761,5.434782608695652,1.596886741814278,0.2549651100375738,,,
76,13.774825550187868,27.979066022544284,1.5230810520665594,43.03542673107891,4.62962962962963,2.059849704777241,0.03354804079441761,5.394524959742351,1.288244766505636,0.28180354267310787,,,
77,13.768115942028986,27.214170692431562,1.5230810520665594,42.76704240472356,4.62962962962963,2.0397208803005906,0.03354804079441761,6.246645195920558,1.4962426194310252,0.28180354267310787,,,
78,13.935856146001074,27.160493827160494,1.5230810520665594,42.54562533548041,4.62962962962963,2.0665593129361244,0.03354804079441761,6.233225979602791,1.5901771336553945,0.28180354267310787,,,
79,12.828770799785293,24.664519592055825,1.1607622114868492,47.376543209876544,4.455179817498658,1.7444981213097155,0.03354804079441761,5.904455179817498,1.5499194847020934,0.28180354267310787,,,
80,12.835480407944177,24.188137412775095,1.9457863660762211,47.14170692431562,4.4820182501341925,1.583467525496511,0.03354804079441761,5.870907139023081,1.6371443907675791,0.28180354267310787,,,
81,12.117552334943639,21.450617283950617,1.9457863660762211,52.36849168008588,4.448470209339774,1.06682769726248,0.03354804079441761,5.092592592592593,1.2278582930756843,0.24825550187869028,,,
82,12.164519592055823,21.336553945249598,1.9457863660762211,52.241009125067094,4.448470209339774,1.2412775093934514,0.03354804079441761,5.092592592592593,1.247987117552335,0.24825550187869028,,,
83,10.768921095008052,20.2361782071927,1.8317230273752012,54.99194847020934,4.186795491143317,1.2412775093934514,0.03354804079441761,5.0858829844337095,1.3754696725711217,0.24825550187869028,,,
84,10.789049919484702,20.182501341921633,1.8317230273752012,54.96511003757381,4.240472356414386,1.2345679012345678,0.03354804079441761,5.065754159957058,1.4090177133655395,0.24825550187869028,,,
85,10.829307568438002,20.162372517444982,1.8317230273752012,54.91814278046162,4.240472356414386,1.261406333870102,0.03354804079441761,5.065754159957058,1.4090177133655395,0.24825550187869028,,,
86,10.88298443370907,19.685990338164252,1.6237251744498122,48.698336017176594,4.133118625872249,1.1607622114868492,0.03354804079441761,12.265163714439076,1.2681159420289856,0.24825550187869028,,,
87,10.815888352120236,19.202898550724637,1.6237251744498122,49.27536231884058,4.133118625872249,1.1607622114868492,0.03354804079441761,12.265163714439076,1.2412775093934514,0.24825550187869028,,,
88,10.86285560923242,19.216317767042405,1.6103059581320451,49.22839506172839,4.133118625872249,1.1607622114868492,0.03354804079441761,12.265163714439076,1.2412775093934514,0.24825550187869028,,,
89,10.748792270531402,18.417874396135264,1.724369296833065,46.2962962962963,8.07836822329576,1.133923778851315,0.03354804079441761,12.164519592055823,1.1540526033279657,0.24825550187869028,,,
90,10.789049919484702,18.23671497584541,1.7176596886741815,44.85373054213634,9.628287707997853,1.1406333870101986,0.03354804079441761,12.164519592055823,1.0534084809447128,0.3824476650563607,,,
91,10.782340311325818,18.209876543209877,1.7176596886741815,43.82716049382716,9.50751476113795,2.26784755770263,0.03354804079441761,12.164519592055823,0.9997316156736447,0.48980139559849706,,,
92,7.575147611379496,26.06682769726248,1.6304347826086956,39.92216854535695,9.286097691894794,2.24771873322598,0.03354804079441761,11.668008588298443,1.0802469135802468,0.48980139559849706,,,
93,7.595276435856146,25.885668276972623,1.6304347826086956,38.238056897477186,10.46027911969941,2.932098765432099,0.03354804079441761,11.654589371980677,1.0802469135802468,0.48980139559849706,,,
94,7.608695652173913,25.885668276972623,1.6304347826086956,38.09044551798175,10.46027911969941,2.985775630703167,0.03354804079441761,11.681427804616211,1.133923778851315,0.48980139559849706,,,
95,7.716049382716049,25.771604938271604,1.6304347826086956,37.90257648953301,10.379763821792807,3.180354267310789,0.03354804079441761,11.681427804616211,1.1540526033279657,0.5501878690284487,,,
96,6.837090713902308,24.718196457326894,1.4962426194310252,42.93478260869565,9.178743961352657,3.1535158346752548,,10.581052066559312,0.5501878690284487,0.5501878690284487,,,
97,5.360976918947934,23.517176596886742,1.583467525496511,49.080783682232955,6.904186795491143,2.059849704777241,,10.379763821792807,0.5501878690284487,0.5636070853462157,,,
98,5.4549114331723025,22.785829307568438,2.301395598497048,48.83252818035427,6.816961889425658,2.059849704777241,,10.326086956521738,0.6642512077294686,0.7581857219538379,,,
99,5.589103596349974,22.665056360708533,2.301395598497048,48.70504562533548,6.810252281266774,2.059849704777241,0.12077294685990338,10.205314009661835,0.785024154589372,0.7581857219538379,,,
100,5.562265163714439,21.504294149221685,2.200751476113795,48.329307568438004,6.528448738593666,3.435319377348363,0.12077294685990338,10.19189479334407,0.8856682769726248,1.2412775093934514,,,
101,5.495169082125604,21.544551798174986,2.200751476113795,48.13472893183038,6.521739130434782,3.4822866344605474,0.12077294685990338,10.185185185185185,1.0735373054213635,1.2412775093934514,,,
102,5.381105743424584,21.38352120236178,2.033011272141707,48.18169618894257,6.655931293612453,3.549382716049383,0.20128824476650564,9.796027911969942,1.107085346215781,1.710950080515298,,,
103,5.401234567901234,21.329844337090712,1.9726247987117553,47.678475577026305,6.655931293612453,4.092860976918948,0.20128824476650564,9.789318303811058,1.1674718196457328,1.710950080515298,,,
104,5.307300053676865,21.101717659688674,1.8988191089640365,46.55126140633387,9.131776704240472,4.1532474503489,0.20128824476650564,8.910359634997317,1.1406333870101986,1.6035963499731616,,,
105,5.381105743424584,21.014492753623188,1.8988191089640365,45.99436392914654,9.104938271604938,4.616210413311863,0.20128824476650564,8.910359634997317,1.2748255501878691,1.6035963499731616,,,
106,5.495169082125604,21.007783145464305,1.8988191089640365,45.900429414922165,9.05126140633387,4.616210413311863,0.20128824476650564,8.903650026838433,1.3217928073000538,1.6035963499731616,,,
107,5.273752012882448,14.224369296833064,1.3352120236178207,55.703166935050994,8.876811594202898,2.6637144390767578,0.12077294685990338,8.870101986044014,1.4626945786366077,1.4694041867954912,,,
108,5.320719269994632,14.224369296833064,1.3217928073000538,55.02549651100376,8.769457863660762,3.9855072463768115,0.12077294685990338,8.085077831454644,1.570048309178744,1.5767579173376274,,,
109,5.367686527106817,14.197530864197532,1.3217928073000538,54.50214707461084,8.756038647342995,4.542404723564144,0.12077294685990338,8.044820182501342,1.570048309178744,1.5767579173376274,,,
110,5.307300053676865,14.197530864197532,1.6371443907675791,54.01234567901235,8.373590982286634,4.562533548040794,0.12077294685990338,8.044820182501342,2.1403650026838434,1.6035963499731616,,,
111,5.35426731078905,14.197530864197532,1.6371443907675791,53.80434782608695,8.373590982286634,4.555823939881911,0.12077294685990338,8.044820182501342,2.3081052066559313,1.6035963499731616,,,
112,5.4549114331723025,14.197530864197532,1.6371443907675791,53.7037037037037,8.32662372517445,4.582662372517445,0.12077294685990338,8.044820182501342,2.3081052066559313,1.6237251744498122,,,
113,5.515297906602254,13.58695652173913,1.778046162104133,52.28797638217928,10.661567364465915,4.5960815888352125,0.12077294685990338,7.6623725174449815,2.167203435319377,1.6237251744498122,,,
114,5.5756843800322065,13.519860440150294,1.7713365539452497,52.06655931293612,10.641438539989265,4.74369296833065,0.12077294685990338,7.6623725174449815,2.2745571658615136,1.6237251744498122,,,
115,5.589103596349974,13.425925925925926,1.7713365539452497,51.851851851851855,10.527375201288244,4.8376274825550185,0.12077294685990338,7.6623725174449815,2.475845410628019,1.737788513150832,,,
116,5.676328502415459,13.318572195383789,1.90552871712292,49.241814278046164,10.507246376811594,4.944981213097155,0.12077294685990338,9.333064949006978,3.1736446591519054,1.778046162104133,,,
117,5.797101449275362,13.123993558776167,1.90552871712292,49.020397208803004,10.473698336017177,5.293880837359098,0.12077294685990338,9.286097691894794,3.1736446591519054,1.8048845947396672,,,
118,5.884326355340848,13.083735909822867,1.90552871712292,48.8191089640365,10.473698336017177,5.360976918947934,0.12077294685990338,9.286097691894794,3.260869565217391,1.8048845947396672,,,
119,5.904455179817498,13.083735909822867,1.90552871712292,48.78556092324208,10.36634460547504,5.441492216854535,0.12077294685990338,9.326355340848094,3.260869565217391,1.8048845947396672,,,
120,5.938003220611916,13.083735909822867,1.90552871712292,48.678207192699944,10.258990874932904,5.428073000536768,0.12077294685990338,9.245840042941492,3.294417606011809,2.046430488459474,,,
121,5.964841653247451,13.043478260869565,1.9659151905528718,48.61782071926999,10.258990874932904,5.441492216854535,0.1610305958132045,9.245840042941492,3.2541599570585076,2.046430488459474,,,
122,5.964841653247451,13.030059044551798,1.9659151905528718,48.429951690821255,10.19189479334407,5.615942028985507,0.1610305958132045,9.151905528717123,3.3011272141706924,2.187332259796028,,,
123,5.998389694041868,12.439613526570048,1.9659151905528718,47.40338164251208,11.023886205045626,5.58239398819109,0.1610305958132045,9.802737520128824,3.408480944712829,2.214170692431562,,,
124,6.072195383789587,12.392646269457863,1.9659151905528718,46.85319377348363,11.399624261943103,5.5756843800322065,0.1610305958132045,9.749060654857756,3.535963499731616,2.2946859903381642,,,
125,6.072195383789587,12.305421363392378,1.9659151905528718,46.07487922705314,11.486849168008588,6.333870101986044,0.1610305958132045,9.722222222222221,3.515834675254965,2.3617820719269993,,,
126,6.166129898013956,12.278582930756844,2.01959205582394,45.108695652173914,11.446591519055287,7.0383789586688135,0.19457863660762212,9.655126140633387,3.6634460547504024,2.395330112721417,0.03354804079441761,,
127,6.340579710144928,12.265163714439076,2.0128824476650564,45.02147074610843,11.372785829307569,7.0383789586688135,0.2885131508319914,9.561191626409018,3.6366076221148687,2.462426194310252,,,
128,6.387546967257112,12.238325281803542,2.0128824476650564,45.02147074610843,11.3593666129898,7.0383789586688135,0.2885131508319914,9.561191626409018,3.6366076221148687,2.4557165861513686,,,
129,5.857487922705314,11.560654857756306,2.0128824476650564,46.47745571658615,10.983628556092324,7.125603864734299,0.2885131508319914,9.554482018250134,3.656736446591519,2.4825550187869028,,,
130,5.911164787976382,11.292270531400966,2.1269457863660763,46.63848631239936,10.829307568438002,7.092055823939882,0.2885131508319914,9.608158883521202,3.730542136339238,2.4825550187869028,,,
131,5.213365539452496,11.017176596886742,2.657004830917874,50.24825550187869,8.99087493290392,7.0450885668276975,0.2885131508319914,8.93719806763285,3.2877079978529253,2.314814814814815,,,
132,4.49543746645196,10.111379495437467,2.046430488459474,58.06494900697799,6.146001073537305,6.756575415995706,0.24154589371980675,7.461084272678476,3.0059044551798175,1.6706924315619969,,,
133,4.5960815888352125,10.091250670960816,2.046430488459474,57.991143317230275,6.146001073537305,6.749865807836822,0.2147074610842727,7.313472893183038,3.0394524959742353,1.8115942028985508,,,
134,4.696725711218465,10.077831454643048,2.046430488459474,57.8166935050993,6.119162640901771,6.66935050993022,0.2147074610842727,7.300053676865271,3.2474503488996245,1.8115942028985508,,,
135,4.750402576489533,10.017444981213098,2.1739130434782608,57.588566827697264,6.119162640901771,6.66935050993022,0.2147074610842727,7.273215244229737,3.3816425120772946,1.8115942028985508,,,
136,4.824208266237251,10.00402576489533,2.187332259796028,57.50134192163178,6.085614600107354,6.66935050993022,0.2147074610842727,7.306763285024155,3.3950617283950617,1.8115942028985508,,,
137,4.898013955984971,9.990606548577563,2.187332259796028,57.44095544820183,6.085614600107354,6.66935050993022,0.2147074610842727,7.306763285024155,3.3950617283950617,1.8115942028985508,,,
138,4.394793344068707,9.75577026301664,2.187332259796028,56.5552871712292,7.595276435856146,6.729736983360172,0.2147074610842727,7.27992485238862,3.475577026301664,1.8115942028985508,,,
139,4.51556629092861,9.708803005904455,2.187332259796028,56.42109500805153,7.548309178743962,6.776704240472356,0.2147074610842727,7.27992485238862,3.535963499731616,1.8115942028985508,,,
140,4.5960815888352125,9.708803005904455,2.187332259796028,56.29361245303274,7.521470746108427,6.769994632313473,0.24154589371980675,7.246376811594203,3.6500268384326353,1.7847557702630166,,,
141,4.441760601180891,9.084809447128288,3.8848631239935587,52.50939345142244,9.668545356951155,7.575147611379496,0.24154589371980675,7.192699946323135,3.616478797638218,1.7847557702630166,,,
142,4.49543746645196,9.084809447128288,3.8714439076757916,52.43558776167472,9.634997316156737,7.615405260332796,0.24154589371980675,7.192699946323135,3.643317230273752,1.7847557702630166,,,
143,4.40150295222759,9.084809447128288,6.327160493827161,50.91250670960816,9.480676328502415,7.5348899624261945,0.24154589371980675,6.582125603864735,3.6097691894793345,1.8250134192163177,,,
144,4.488727858293076,9.064680622651638,6.286902844873859,50.79173376274826,9.453837895866881,7.481213097155126,0.24154589371980675,6.582125603864735,3.7573805689747717,1.8250134192163177,0.026838432635534086,,
145,4.582662372517445,9.064680622651638,6.260064412238325,50.758185721953836,9.453837895866881,7.481213097155126,0.24154589371980675,6.515029522275899,3.7909286097691894,1.8250134192163177,0.026838432635534086,,
146,4.736983360171766,9.05126140633387,6.260064412238325,50.67096081588835,9.420289855072463,7.467793880837359,0.24154589371980675,6.508319914117015,3.7909286097691894,1.8250134192163177,0.026838432635534086,,
147,4.777241009125067,9.05126140633387,6.1929683306494905,50.34219001610306,9.420289855072463,7.434245840042942,0.24154589371980675,6.541867954911433,4.0995705850778315,1.8115942028985508,0.08722490606548577,,
148,4.824208266237251,9.03113258185722,7.159151905528717,49.25523349436393,9.420289855072463,7.501341921631776,0.24154589371980675,6.541867954911433,4.126409017713366,1.8115942028985508,0.08722490606548577,,
149,4.8376274825550185,8.930488459473967,7.159151905528717,48.960010735373054,9.420289855072463,7.7361782071927,0.24154589371980675,6.541867954911433,4.274020397208803,1.8115942028985508,0.08722490606548577,,
150,4.9651100375738055,8.930488459473967,7.125603864734299,48.510466988727856,9.420289855072463,7.709339774557166,0.24154589371980675,6.521739130434782,4.676596886741814,1.8115942028985508,0.08722490606548577,,
151,4.998658078368224,8.876811594202898,7.092055823939882,48.450080515297905,9.39345142243693,7.809983896940419,0.2952227589908749,6.521739130434782,4.663177670424047,1.8115942028985508,0.08722490606548577,,
152,5.065754159957058,8.876811594202898,6.146001073537305,49.17471819645733,9.346484165324744,8.011272141706923,0.2683843263553409,6.407675791733762,4.696725711218465,1.9189479334406871,0.08722490606548577,,
153,5.10601180891036,7.957595276435856,7.232957595276436,49.00697799248524,9.232420826623725,8.044820182501342,0.2683843263553409,6.407675791733762,4.736983360171766,1.9189479334406871,0.08722490606548577,,
154,5.186527106816962,7.950885668276973,7.219538378958669,48.91975308641975,9.205582393988191,8.132045088566828,0.2683843263553409,6.407675791733762,4.703435319377348,1.9189479334406871,0.08722490606548577,,
155,5.267042404723564,7.944176060118089,7.092055823939882,48.75872249060655,9.192163177670425,7.96430488459474,0.19457863660762212,6.736446591519055,4.8443370907139025,1.9189479334406871,0.08722490606548577,,
156,5.287171229200215,7.944176060118089,6.951154052603328,48.57756307031669,9.192163177670425,7.997852925389157,0.19457863660762212,6.736446591519055,4.9718196457326895,1.9189479334406871,0.2281266774020397,,
157,5.340848094471283,7.944176060118089,6.951154052603328,48.409822866344605,9.192163177670425,7.98443370907139,0.19457863660762212,6.723027375201288,5.132850241545894,1.8988191089640365,0.2281266774020397,,
158,4.488727858293076,7.863660762211487,6.655931293612453,49.93961352657005,8.299785292538916,6.884057971014493,0.19457863660762212,10.305958132045088,3.7775093934514223,1.3620504562533549,0.2281266774020397,,
159,4.582662372517445,7.85024154589372,7.14573268921095,49.83225979602791,7.897208803005904,6.850509930220075,0.19457863660762212,10.238862050456254,3.7775093934514223,1.402308105206656,0.2281266774020397,,
160,4.602791196994096,7.9106280193236715,7.118894256575416,49.745034889962426,7.897208803005904,6.937734836285561,0.19457863660762212,10.124798711755233,3.750670960815888,1.4895330112721417,0.2281266774020397,,
161,4.703435319377348,7.7898550724637685,7.118894256575416,49.47665056360709,7.897208803005904,7.0383789586688135,0.19457863660762212,10.124798711755233,3.938539989264627,1.4895330112721417,0.2281266774020397,,
162,4.817498658078368,7.7898550724637685,7.118894256575416,49.3491680085883,7.883789586688137,7.098765432098766,0.19457863660762212,10.124798711755233,3.9049919484702094,1.4895330112721417,0.2281266774020397,,
163,4.85775630703167,7.7898550724637685,7.071926999463232,48.83252818035427,7.87037037037037,7.615405260332796,0.19457863660762212,10.124798711755233,3.844605475040258,1.5230810520665594,0.27509393451422437,,
164,4.951690821256038,7.7898550724637685,7.071926999463232,48.7385936661299,7.836822329575953,7.648953301127214,0.19457863660762212,10.124798711755233,3.844605475040258,1.5230810520665594,0.27509393451422437,,
165,5.112721417069243,7.7898550724637685,6.957863660762212,48.611111111111114,7.9106280193236715,7.635534084809447,0.19457863660762212,10.11808910359635,3.911701556629093,1.5230810520665594,0.23483628556092323,,
166,5.186527106816962,7.7898550724637685,6.944444444444445,48.17498658078368,7.9106280193236715,7.62211486849168,0.19457863660762212,10.11808910359635,4.314278046162104,1.5096618357487923,0.23483628556092323,,
167,5.3274288781535155,7.729468599033816,7.078636607622115,47.99382716049383,7.856951154052603,7.608695652173913,0.19457863660762212,10.11808910359635,4.3478260869565215,1.5096618357487923,0.23483628556092323,,
168,5.387815351583468,6.957863660762212,9.581320450885668,46.55126140633387,7.856951154052603,7.561728395061729,0.19457863660762212,10.02415458937198,4.139828234031133,1.5096618357487923,0.23483628556092323,,
169,5.46833064949007,6.944444444444445,9.514224369296834,46.323134728931834,7.843531937734836,7.5348899624261945,0.23483628556092323,9.96376811594203,4.38137412775094,1.5096618357487923,0.28180354267310787,,
170,5.58239398819109,6.830381105743425,9.50751476113795,46.242619431025226,7.843531937734836,7.628824476650563,0.23483628556092323,9.957058507783145,4.38137412775094,1.5096618357487923,0.28180354267310787,,
171,5.60252281266774,6.716317767042405,9.614868491680086,46.202361782071925,7.843531937734836,7.648953301127214,0.2616747181964573,9.957058507783145,4.361245303274289,1.5096618357487923,0.28180354267310787,,
172,5.736714975845411,6.702898550724638,9.460547504025765,46.10842726784756,7.823403113258186,7.635534084809447,0.2616747181964573,9.957058507783145,4.488727858293076,1.5432098765432098,0.28180354267310787,,
173,5.8172302737520125,6.689479334406871,9.460547504025765,45.98765432098765,7.716049382716049,7.635534084809447,0.36902844873859364,9.903381642512077,4.5960815888352125,1.5432098765432098,0.28180354267310787,,
174,5.864197530864198,6.689479334406871,9.460547504025765,45.95410628019324,7.709339774557166,7.601986044015029,0.36902844873859364,9.903381642512077,4.5893719806763285,1.5767579173376274,0.28180354267310787,,
175,5.891035963499732,6.6827697262479875,9.460547504025765,45.75281803542673,7.709339774557166,7.7831454643048845,0.36902844873859364,9.903381642512077,4.5893719806763285,1.5767579173376274,0.28180354267310787,,
176,5.837359098228664,6.6827697262479875,10.111379495437467,43.27697262479871,7.192699946323135,7.769726247987117,0.36902844873859364,12.338969404186795,4.575952764358561,1.5767579173376274,0.2683843263553409,,
177,5.978260869565218,6.6827697262479875,10.071121846484166,43.25013419216318,7.179280730005368,7.763016639828234,0.36902844873859364,12.29200214707461,4.569243156199678,1.5767579173376274,0.2683843263553409,,
178,6.085614600107354,6.608964036500268,10.044283413848632,43.08239398819109,7.132313472893183,7.87037037037037,0.36902844873859364,12.432903918411165,4.502147074610843,1.5901771336553945,0.28180354267310787,,
179,6.206387546967257,6.400966183574879,10.406602254428341,42.592592592592595,7.112184648416532,7.87037037037037,0.47638217928073,12.419484702093397,4.64975845410628,1.583467525496511,0.28180354267310787,,
180,6.125872249060655,6.025228126677402,10.373054213633925,42.53220611916264,8.038110574342458,7.709339774557166,0.3824476650563607,12.372517444981213,4.7101449275362315,1.4492753623188406,0.28180354267310787,,
181,6.146001073537305,5.964841653247451,10.19189479334407,42.24369296833065,8.038110574342458,7.716049382716049,0.3824476650563607,12.647611379495437,4.938271604938271,1.4492753623188406,0.28180354267310787,,
182,6.226516371443908,5.9447128287707995,10.272410091250672,41.948470209339774,8.004562533548041,7.749597423510467,0.5300590445517982,12.473161567364466,5.119431025228127,1.4492753623188406,0.28180354267310787,,
183,6.3137412775093935,5.938003220611916,10.19189479334407,41.86795491143317,7.977724100912507,7.7361782071927,0.5300590445517982,12.4597423510467,5.193236714975845,1.5096618357487923,0.28180354267310787,,
184,6.353998926462695,5.938003220611916,10.19189479334407,41.6935050993022,7.977724100912507,7.729468599033816,0.5300590445517982,12.473161567364466,5.287171229200215,1.5096618357487923,0.28180354267310787,0.03354804079441761,
185,6.4345142243692965,5.938003220611916,10.19189479334407,41.4922168545357,7.977724100912507,7.769726247987117,0.5300590445517982,12.453032742887816,5.387815351583468,1.5096618357487923,0.28180354267310787,0.03354804079441761,
186,6.414385399892646,5.938003220611916,10.19189479334407,41.26409017713365,7.977724100912507,7.997852925389157,0.5568974771873323,12.426194310252281,5.347557702630167,1.570048309178744,0.28180354267310787,0.03354804079441761,
187,6.488191089640365,5.938003220611916,10.017444981213098,41.25067096081589,7.977724100912507,7.950885668276973,0.5568974771873323,12.426194310252281,5.488459473966721,1.570048309178744,0.30193236714975846,0.03354804079441761,
188,6.568706387546968,5.938003220611916,9.990606548577563,41.015834675254965,7.944176060118089,8.21256038647343,0.5568974771873323,12.385936661298981,5.501878690284487,1.5499194847020934,0.30193236714975846,0.03354804079441761,
189,6.662640901771336,5.917874396135265,9.990606548577563,40.98899624261943,7.944176060118089,8.199141170155663,0.5568974771873323,12.352388620504563,5.501878690284487,1.5499194847020934,0.30193236714975846,0.03354804079441761,
190,6.743156199677939,5.891035963499732,10.446859903381643,40.754159957058505,7.930756843800322,8.064949006977992,0.5568974771873323,12.278582930756844,5.448201825013419,1.5499194847020934,0.30193236714975846,0.03354804079441761,
191,6.91760601180891,5.844068706387547,10.406602254428341,40.687063875469676,7.816693505099302,8.21256038647343,0.4092860976918948,12.25174449812131,5.4549114331723025,1.6639828234031133,0.30193236714975846,0.03354804079441761,
192,6.964573268921095,5.844068706387547,10.406602254428341,40.653515834675254,7.809983896940419,8.219269994632313,0.4092860976918948,12.25174449812131,5.441492216854535,1.6639828234031133,0.30193236714975846,0.03354804079441761,
193,7.051798174986581,5.844068706387547,10.285829307568438,40.49248523886205,7.809983896940419,8.219269994632313,0.46296296296296297,12.184648416532475,5.555555555555555,1.6639828234031133,0.39586688137412773,0.03354804079441761,
194,7.159151905528717,5.844068706387547,10.21202361782072,40.365002683843265,7.7831454643048845,8.205850778314547,0.46296296296296297,12.124261943102523,5.636070853462158,1.751207729468599,0.4227053140096618,0.03354804079441761,
195,7.226247987117552,5.844068706387547,10.21202361782072,39.92887815351583,7.930756843800322,8.420558239398819,0.46296296296296297,12.110842726784755,5.656199677938808,1.751207729468599,0.4227053140096618,0.03354804079441761,
196,7.286634460547504,5.844068706387547,10.198604401502953,39.821524422973695,7.897208803005904,8.420558239398819,0.46296296296296297,12.110842726784755,5.750134192163178,1.751207729468599,0.4227053140096618,0.03354804079441761,
197,7.387278582930757,5.810520665593129,10.178475577026301,39.69404186795491,7.877079978529254,8.420558239398819,0.46296296296296297,12.06387546967257,5.776972624798712,1.8719806763285025,0.4227053140096618,0.03354804079441761,
198,7.39398819108964,5.810520665593129,10.178475577026301,39.60010735373054,7.863660762211487,8.420558239398819,0.46296296296296297,12.06387546967257,5.877616747181965,1.8719806763285025,0.4227053140096618,0.03354804079441761,
199,7.440955448201825,5.803811057434245,10.158346752549651,39.412238325281805,7.836822329575953,8.494363929146537,0.46296296296296297,12.04374664519592,5.964841653247451,1.9256575415995705,0.4227053140096618,0.03354804079441761,
200,7.50805152979066,5.803811057434245,10.21202361782072,39.19753086419753,7.709339774557166,8.756038647342995,0.46296296296296297,11.996779388083736,5.978260869565218,1.9189479334406871,0.4227053140096618,0.03354804079441761,
201,7.6623725174449815,5.803811057434245,9.896672034353195,39.110305958132045,7.897208803005904,8.749329039184111,0.4227053140096618,11.963231347289318,6.152710681696189,1.9524959742351047,0.35560923242082665,0.03354804079441761,
202,7.716049382716049,5.790391841116479,10.151637144390767,38.94927536231884,7.897208803005904,8.57487922705314,0.4227053140096618,11.963231347289318,6.1929683306494905,1.9524959742351047,0.35560923242082665,0.03354804079441761,
203,7.62211486849168,5.555555555555555,9.628287707997853,38.00993022007515,10.111379495437467,8.561460010735374,0.5568974771873323,11.453301127214171,6.280193236714976,1.8317230273752012,0.35560923242082665,0.03354804079441761,
204,7.709339774557166,5.548845947396672,9.581320450885668,37.86231884057971,10.0979602791197,8.59500805152979,0.5501878690284487,11.453301127214171,6.380837359098229,1.8317230273752012,0.35560923242082665,0.03354804079441761,
205,7.823403113258186,5.548845947396672,9.581320450885668,37.72141706924316,10.0979602791197,8.59500805152979,0.5501878690284487,11.419753086419753,6.4412238325281805,1.8317230273752012,0.35560923242082665,0.03354804079441761,
206,7.830112721417069,5.535426731078905,9.574610842726784,37.56038647342995,10.084541062801932,8.82313472893183,0.5770263016639828,11.392914653784219,6.400966183574879,1.8317230273752012,0.35560923242082665,0.03354804079441761,
207,7.769726247987117,5.401234567901234,9.957058507783145,37.34567901234568,10.084541062801932,8.668813741277509,0.5770263016639828,11.392914653784219,6.582125603864735,1.8317230273752012,0.35560923242082665,0.03354804079441761,
208,7.877079978529254,5.374396135265701,9.943639291465379,37.31884057971015,10.010735373054214,8.668813741277509,0.5770263016639828,11.392914653784219,6.582125603864735,1.865271068169619,0.35560923242082665,0.03354804079441761,
209,8.017981749865807,5.367686527106817,9.930220075147611,37.285292538915726,9.977187332259795,8.601717659688674,0.5770263016639828,11.392914653784219,6.582125603864735,1.8786902844873858,0.35560923242082665,0.03354804079441761,
210,8.017981749865807,5.280461621041331,10.02415458937198,37.124261943102525,9.977187332259795,8.608427267847558,0.5770263016639828,11.392914653784219,6.729736983360172,1.8786902844873858,0.35560923242082665,0.03354804079441761,
211,8.05823939881911,5.267042404723564,10.02415458937198,37.124261943102525,9.977187332259795,8.608427267847558,0.5770263016639828,11.372785829307569,6.723027375201288,1.8786902844873858,0.35560923242082665,0.03354804079441761,
212,8.064949006977992,5.267042404723564,10.071121846484166,37.09742351046699,9.977187332259795,8.601717659688674,0.5770263016639828,11.372785829307569,6.709608158883521,1.8719806763285025,0.35560923242082665,0.03354804079441761,
213,8.064949006977992,5.260332796564681,9.88996242619431,37.003488996242616,9.977187332259795,8.601717659688674,0.5770263016639828,11.66129898013956,6.702898550724638,1.8719806763285025,0.35560923242082665,0.03354804079441761,
214,8.09849704777241,5.260332796564681,9.88996242619431,36.83574879227053,9.96376811594203,8.601717659688674,0.5770263016639828,11.641170155662909,6.843800322061192,1.8988191089640365,0.35560923242082665,0.03354804079441761,
