,45,50,52,51,54,55,53,56,57
0,99.597423510467,0.4025764895330113,,,,,,,
1,97.07461084272678,2.589908749329039,0.33548040794417605,,,,,,
2,97.07461084272678,2.589908749329039,0.33548040794417605,,,,,,
3,94.73295759527643,4.931561996779388,0.33548040794417605,,,,,,
4,94.43102522812667,5.233494363929147,0.33548040794417605,,,,,,
5,78.86473429951691,20.799785292538918,0.33548040794417605,,,,,,
6,78.94524959742351,20.719269994632313,0.33548040794417605,,,,,,
7,78.22732152442298,20.303274288781534,0.33548040794417605,1.133923778851315,,,,,
8,78.22732152442298,20.303274288781534,0.33548040794417605,1.133923778851315,,,,,
9,78.28099838969405,20.249597423510465,0.33548040794417605,1.133923778851315,,,,,
10,71.35668276972625,26.56333870101986,0.33548040794417605,1.0332796564680622,0.7112184648416533,,,,
11,68.55206655931293,29.367954911433173,0.33548040794417605,1.0332796564680622,0.7112184648416533,,,,
12,68.63258185721953,29.28743961352657,0.33548040794417605,1.0332796564680622,0.7112184648416533,,,,
13,68.70638754696726,29.21363392377885,0.33548040794417605,1.0332796564680622,0.7112184648416533,,,,
14,68.57890499194848,29.341116478797638,0.33548040794417605,1.0332796564680622,0.7112184648416533,,,,
15,68.57890499194848,29.341116478797638,0.33548040794417605,1.0332796564680622,0.7112184648416533,,,,
16,63.727858293075684,34.19216317767042,0.33548040794417605,1.0332796564680622,0.7112184648416533,,,,
17,62.76838432635534,35.15163714439077,0.33548040794417605,1.0332796564680622,0.7112184648416533,,,,
18,62.82206119162641,35.0979602791197,0.33548040794417605,1.0332796564680622,0.7112184648416533,,,,
19,62.90257648953301,35.017444981213096,0.33548040794417605,1.0332796564680622,0.7112184648416533,,,,
20,63.00322061191626,34.94363929146538,0.33548040794417605,1.0064412238325282,0.7112184648416533,,,,
21,63.1105743424584,34.856414385399894,0.33548040794417605,0.9863123993558777,0.7112184648416533,,,,
22,63.34541062801932,34.62157809983897,0.33548040794417605,0.9863123993558777,0.7112184648416533,,,,
23,63.56682769726248,34.40016103059581,0.33548040794417605,0.9863123993558777,0.7112184648416533,,,,
24,60.20531400966183,35.25228126677402,0.33548040794417605,3.4957058507783145,0.7112184648416533,,,,
25,60.20531400966183,35.25228126677402,0.33548040794417605,3.4957058507783145,0.7112184648416533,,,,
26,56.53515834675255,38.92243692968331,0.33548040794417605,3.4957058507783145,0.7112184648416533,,,,
27,55.83064949006978,39.67391304347826,0.33548040794417605,3.4957058507783145,0.6642512077294686,,,,
28,53.69028448738594,42.25711218464841,0.020128824476650563,3.3682232957595275,0.6642512077294686,,,,
29,53.6231884057971,42.14975845410628,0.020128824476650563,3.3682232957595275,0.6642512077294686,0.17444981213097155,,,
30,53.656736446591516,42.11621041331186,0.020128824476650563,3.3682232957595275,0.6642512077294686,0.17444981213097155,,,
31,53.92512077294686,42.069243156199676,0.020128824476650563,3.1535158346752548,0.6575415995705851,0.17444981213097155,,,
32,54.01234567901235,41.98201825013419,0.020128824476650563,3.1535158346752548,0.6575415995705851,0.17444981213097155,,,
33,52.10681696188943,43.887546967257116,0.020128824476650563,3.1535158346752548,0.6575415995705851,0.17444981213097155,,,
34,52.15378421900161,43.84057971014493,0.020128824476650563,3.1535158346752548,0.6575415995705851,0.17444981213097155,,,
35,51.50295222758991,42.639559849704774,1.8719806763285025,3.1535158346752548,0.6575415995705851,0.17444981213097155,,,
36,51.63714439076758,42.50536768652711,1.8719806763285025,3.1535158346752548,0.6575415995705851,0.17444981213097155,,,
37,52.18733225979603,41.95517981749866,1.8719806763285025,3.1535158346752548,0.6575415995705851,0.17444981213097155,,,
38,52.20746108427268,41.93505099302201,1.8719806763285025,3.1535158346752548,0.6575415995705851,0.17444981213097155,,,
39,52.07326892109501,42.069243156199676,1.8719806763285025,3.1535158346752548,0.6575415995705851,0.17444981213097155,,,
40,52.00617283950617,41.2842190016103,1.8719806763285025,3.1535158346752548,0.6575415995705851,0.17444981213097155,0.8521202361782072,,
41,52.160493827160494,41.15002683843264,1.8719806763285025,3.1535158346752548,0.6374127750939346,0.17444981213097155,0.8521202361782072,,
42,52.341653247450346,41.0024154589372,1.8719806763285025,3.1199677938808374,0.6374127750939346,0.17444981213097155,0.8521202361782072,,
43,47.517444981213096,45.82662372517445,1.8719806763285025,3.1199677938808374,0.6374127750939346,0.17444981213097155,0.8521202361782072,,
44,47.54428341384863,45.799785292538914,1.8719806763285025,3.1199677938808374,0.6374127750939346,0.17444981213097155,0.8521202361782072,,
45,36.58749329039184,56.756575415995705,1.8719806763285025,3.1199677938808374,0.6374127750939346,0.17444981213097155,0.8521202361782072,,
46,36.808910359635,56.53515834675255,1.8719806763285025,3.1199677938808374,0.6374127750939346,0.17444981213097155,0.8521202361782072,,
47,36.44659151905529,55.66961889425657,1.8451422436929683,4.388083735909823,0.6374127750939346,0.17444981213097155,0.8387010198604401,,
48,35.21202361782072,56.90418679549114,1.8451422436929683,4.388083735909823,0.6374127750939346,0.17444981213097155,0.8387010198604401,,
49,35.44685990338164,56.756575415995705,1.8317230273752012,4.314278046162104,0.6374127750939346,0.17444981213097155,0.8387010198604401,,
50,35.39318303811057,54.71685453569511,1.8317230273752012,4.280730005367687,2.7643585614600106,0.17444981213097155,0.8387010198604401,,
51,35.53408480944713,54.64975845410628,1.8317230273752012,4.280730005367687,2.690552871712292,0.17444981213097155,0.8387010198604401,,
52,35.567632850241544,54.61621041331186,1.8317230273752012,4.280730005367687,2.690552871712292,0.17444981213097155,0.8387010198604401,,
53,35.61460010735373,52.274557165861516,4.1532474503489,4.280730005367687,2.6637144390767578,0.17444981213097155,0.8387010198604401,,
54,35.42002147074611,51.05340848094471,5.5689747718733225,4.280730005367687,2.6637144390767578,0.17444981213097155,0.8387010198604401,,
55,35.507246376811594,51.006441223832525,5.528717122920021,4.280730005367687,2.6637144390767578,0.17444981213097155,0.8387010198604401,,
56,35.54079441760601,50.97289318303811,5.528717122920021,4.280730005367687,2.6637144390767578,0.17444981213097155,0.8387010198604401,,
57,35.64143853998927,50.87224906065486,5.528717122920021,3.9989264626945786,2.6637144390767578,0.4562533548040794,0.8387010198604401,,
58,36.01717659688674,50.50993022007515,5.528717122920021,3.9989264626945786,2.6637144390767578,0.4428341384863124,0.8387010198604401,,
59,34.0378421900161,44.97450348899624,6.6760601180891035,5.515297906602254,4.951690821256038,0.4428341384863124,3.4017713365539453,,
60,32.67579173376275,46.18894256575416,6.6760601180891035,5.441492216854535,4.918142780461621,0.6977992485238862,3.4017713365539453,,
61,29.770531400966185,50.36231884057971,4.998658078368224,6.575415995705851,4.40150295222759,0.5367686527106817,3.3548040794417604,,
62,29.830917874396135,50.30864197530864,4.998658078368224,6.575415995705851,4.40150295222759,0.5367686527106817,3.3480944712828773,,
63,28.858024691358025,48.792270531400966,4.8443370907139025,8.024691358024691,5.253623188405797,0.5367686527106817,3.6902844873859366,,
64,28.992216854535695,48.65807836822329,4.8443370907139025,8.024691358024691,5.253623188405797,0.5367686527106817,3.6902844873859366,,
65,29.052603327965645,48.631239935587764,4.810789049919484,8.024691358024691,5.253623188405797,0.5367686527106817,3.6902844873859366,,
66,29.139828234031132,48.55072463768116,4.810789049919484,8.017981749865807,5.253623188405797,0.5367686527106817,3.6902844873859366,,
67,29.22705314009662,48.490338164251206,4.810789049919484,8.004562533548041,5.24020397208803,0.5367686527106817,3.6902844873859366,,
68,28.992216854535695,47.38996242619431,4.810789049919484,7.863660762211487,5.213365539452496,0.5367686527106817,5.193236714975845,,
69,29.159957058507782,46.97396672034353,4.810789049919484,7.856951154052603,5.2066559312936125,0.5367686527106817,5.4549114331723025,,
70,27.03972088030059,43.484970477724104,4.810789049919484,15.519323671497585,5.12614063338701,0.4227053140096618,3.5963499731615673,,
71,27.066559312936125,42.49194847020934,4.810789049919484,15.485775630703166,5.0791733762748255,0.4227053140096618,4.643048845947397,,
72,27.147074610842726,42.411433172302736,4.810789049919484,15.485775630703166,5.0791733762748255,0.4227053140096618,4.643048845947397,,
73,27.200751476113794,42.37788513150832,4.810789049919484,15.485775630703166,5.0791733762748255,0.4227053140096618,4.622920021470746,,
74,27.274557165861513,42.37788513150832,4.810789049919484,15.458937198067632,5.032206119162641,0.4227053140096618,4.622920021470746,,
75,27.120236178207193,42.53220611916264,4.810789049919484,15.190552871712292,5.032206119162641,0.6910896403650026,4.622920021470746,,
76,27.30139559849705,42.3845947396672,4.810789049919484,15.157004830917874,5.032206119162641,0.6910896403650026,4.622920021470746,,
77,27.334943639291467,42.371175523349436,4.810789049919484,15.136876006441224,5.032206119162641,0.6910896403650026,4.622920021470746,,
78,27.549651100375737,42.33762748255502,4.676596886741814,15.069779924852389,5.032206119162641,0.6105743424584005,4.5893719806763285,0.13419216317767044,
79,27.636876006441224,42.17659688674181,4.676596886741814,15.022812667740205,5.152979066022544,0.6105743424584005,4.5893719806763285,0.13419216317767044,
80,27.710681696188942,42.14975845410628,4.676596886741814,14.99597423510467,5.152979066022544,0.6105743424584005,4.569243156199678,0.13419216317767044,
81,27.932098765432098,42.09608158883521,4.64975845410628,14.861782071927,5.152979066022544,0.6105743424584005,4.562533548040794,0.13419216317767044,
82,28.22061191626409,42.049114331723025,4.53569511540526,14.734299516908212,5.152979066022544,0.6105743424584005,4.562533548040794,0.13419216317767044,
83,27.91867954911433,40.995705850778315,7.803274288781535,13.150831991411701,5.152979066022544,0.6105743424584005,4.233762748255502,0.13419216317767044,
84,28.019323671497585,40.264358561460014,7.320182501341922,14.264626945786366,5.152979066022544,0.6105743424584005,4.233762748255502,0.13419216317767044,
85,26.44927536231884,41.17015566290929,7.320182501341922,14.928878153515834,5.152979066022544,0.6105743424584005,4.233762748255502,0.13419216317767044,
86,15.445517981749866,68.23000536768653,4.012345679012346,7.353730542136339,2.7509393451422435,0.4227053140096618,1.7847557702630166,,
87,15.613258185721953,68.12265163714439,3.9989264626945786,7.326892109500805,2.737520128824477,0.4227053140096618,1.778046162104133,,
88,15.754159957058508,67.98174986580784,3.9989264626945786,7.326892109500805,2.737520128824477,0.4227053140096618,1.778046162104133,,
89,15.794417606011809,67.50536768652711,3.9989264626945786,7.326892109500805,2.737520128824477,0.8588298443370908,1.778046162104133,,
90,15.921900161030596,67.37788513150832,3.9989264626945786,7.326892109500805,2.737520128824477,0.8588298443370908,1.778046162104133,,
91,16.190284487385938,66.80085882984433,3.9989264626945786,7.326892109500805,3.1468062265163717,0.8588298443370908,1.6774020397208802,,
92,16.203703703703702,66.42512077294685,3.9989264626945786,7.326892109500805,3.1468062265163717,1.221148684916801,1.6774020397208802,,
93,14.224369296833064,69.7866344605475,3.9989264626945786,5.9447128287707995,3.1468062265163717,1.221148684916801,1.6774020397208802,,
94,14.325013419216317,69.68599033816425,3.9989264626945786,5.9447128287707995,3.1468062265163717,1.221148684916801,1.6774020397208802,,
95,14.418947933440688,69.61889425657542,3.9720880300590444,5.9447128287707995,3.1468062265163717,1.221148684916801,1.6774020397208802,,
96,15.056360708534621,68.8539989264627,3.9720880300590444,5.9447128287707995,3.1468062265163717,1.3553408480944713,1.6706924315619969,,
97,15.042941492216855,68.73322597960279,3.9720880300590444,6.078904991948471,3.1468062265163717,1.3553408480944713,1.6706924315619969,,
98,15.042941492216855,68.46484165324745,3.9452495974235107,6.078904991948471,3.1468062265163717,1.6505636070853462,1.6706924315619969,,
99,14.814814814814815,66.71363392377886,5.924584004294149,6.078904991948471,3.1468062265163717,1.6505636070853462,1.6706924315619969,,
100,13.674181427804616,68.29039184111647,5.924584004294149,5.776972624798712,3.4286097691894795,1.6505636070853462,1.2546967257112185,,
101,13.788244766505636,68.18974771873323,5.911164787976382,5.776972624798712,3.4286097691894795,1.6505636070853462,1.2546967257112185,,
102,14.224369296833064,67.78717122920021,5.911164787976382,5.756843800322061,3.4286097691894795,1.6371443907675791,1.2546967257112185,,
103,14.667203435319378,66.98201825013419,6.045356951154052,5.676328502415459,3.4286097691894795,1.9457863660762211,1.2546967257112185,,
104,14.841653247450349,66.59957058507783,6.045356951154052,5.676328502415459,3.4017713365539453,2.1806226516371443,1.2546967257112185,,
105,14.895330112721417,66.3714439076758,6.045356951154052,5.676328502415459,3.4017713365539453,2.3550724637681157,1.2546967257112185,,
106,14.371980676328503,64.66720343531938,6.031937734836285,5.340848094471283,3.388352120236178,2.6167471819645733,3.5829307568438002,,
107,14.150563607085346,62.84219001610306,6.031937734836285,7.407407407407407,3.388352120236178,2.6167471819645733,3.5628019323671496,,
108,14.459205582393988,61.922973698336016,6.031937734836285,7.37385936661299,3.388352120236178,3.3950617283950617,3.4286097691894795,,
109,14.774557165861514,60.88298443370907,6.011808910359635,7.266505636070853,4.703435319377348,3.193773483628556,3.166935050993022,,
110,14.861782071927,60.507246376811594,6.011808910359635,7.266505636070853,4.703435319377348,3.4822866344605474,3.166935050993022,,
111,14.875201288244767,60.507246376811594,5.998389694041868,7.266505636070853,4.703435319377348,3.4822866344605474,3.166935050993022,,
112,14.942297369833602,60.44015029522276,5.998389694041868,7.266505636070853,4.703435319377348,3.4822866344605474,3.166935050993022,,
113,15.210681696188942,60.39318303811057,5.790391841116479,7.333601717659689,4.676596886741814,3.4688674181427803,3.126677402039721,,
114,15.197262479871176,57.648953301127214,8.641975308641975,7.313472893183038,4.757112184648417,3.4688674181427803,2.9723564143853998,,
115,15.774288781535159,57.23966720343532,8.641975308641975,7.266505636070853,4.757112184648417,3.4151905528717124,2.9052603327965647,,
116,15.599838969404187,53.60305958132045,13.79495437466452,7.266505636070853,4.757112184648417,2.073268921095008,2.9052603327965647,,
117,15.854804079441761,53.42860976918948,13.714439076757918,7.266505636070853,4.757112184648417,2.073268921095008,2.9052603327965647,,
118,16.27079978529254,51.227858293075684,13.714439076757918,9.145195920558239,4.757112184648417,1.9793344068706387,2.9052603327965647,,
119,16.358024691358025,51.16076221148685,13.714439076757918,9.145195920558239,4.757112184648417,1.9592055823939882,2.9052603327965647,,
120,16.445249597423512,51.1003757380569,13.687600644122384,9.145195920558239,4.757112184648417,1.9592055823939882,2.9052603327965647,,
121,16.666666666666668,50.979602791196996,13.593666129898015,9.145195920558239,4.750402576489533,1.9592055823939882,2.9052603327965647,,
122,16.874664519592056,50.47638217928073,11.614331723027375,11.419753086419753,4.750402576489533,1.9592055823939882,2.9052603327965647,,
123,16.988727858293075,50.375738056897475,11.600912506709609,11.419753086419753,4.750402576489533,1.9592055823939882,2.9052603327965647,,
124,16.854535695115406,48.93317230273752,11.446591519055287,11.379495437466453,7.749597423510467,1.9524959742351047,1.6841116478797638,,
125,17.002147074610843,48.82581857219538,11.446591519055287,11.33923778851315,7.749597423510467,1.9524959742351047,1.6841116478797638,,
126,16.941760601180892,48.698336017176594,11.446591519055287,11.33923778851315,7.937466451959206,1.9524959742351047,1.6841116478797638,,
127,16.99543746645196,48.691626409017715,11.419753086419753,11.3191089640365,7.937466451959206,1.9524959742351047,1.6841116478797638,,
128,17.66639828234031,47.94685990338164,11.372785829307569,11.3191089640365,7.937466451959206,1.9524959742351047,1.6841116478797638,0.12077294685990338,
129,17.800590445517983,47.22893183038111,11.372785829307569,11.305689747718732,7.286634460547504,1.8317230273752012,3.052871712292002,0.12077294685990338,
130,17.726784755770264,47.10144927536232,11.372785829307569,11.305689747718732,7.1725711218464845,1.8317230273752012,3.3682232957595275,0.12077294685990338,
131,16.78743961352657,46.06816961889426,10.775630703166936,14.224369296833064,7.14573268921095,1.8250134192163177,3.052871712292002,0.12077294685990338,
132,17.102791196994094,45.8870101986044,10.721953837895867,14.170692431561998,7.14573268921095,1.8250134192163177,3.052871712292002,0.0939345142243693,
133,17.223564143854,45.813204508856685,10.674986580783683,14.170692431561998,7.14573268921095,1.8250134192163177,3.052871712292002,0.0939345142243693,
134,17.062533548040793,43.25684380032206,10.674986580783683,14.170692431561998,7.112184648416532,4.575952764358561,3.052871712292002,0.0939345142243693,
135,17.136339237788512,43.00858829844337,10.674986580783683,14.170692431561998,7.112184648416532,4.750402576489533,3.052871712292002,0.0939345142243693,
136,17.176596886741816,43.001878690284485,10.332796564680622,14.170692431561998,7.092055823939882,4.750402576489533,3.052871712292002,0.0939345142243693,0.32877079978529256
137,17.23027375201288,42.53891572732152,10.044283413848632,14.143853998926463,7.065217391304348,4.676596886741814,3.878153515834675,0.0939345142243693,0.32877079978529256
138,17.257112184648417,41.87466451959206,9.73564143853999,14.11701556629093,6.790123456790123,5.984970477724101,3.8177670424047236,0.0939345142243693,0.32877079978529256
139,17.364465915190554,41.8142780461621,9.73564143853999,14.076757917337627,6.790123456790123,5.984970477724101,3.81105743424584,0.0939345142243693,0.32877079978529256
140,17.324208266237253,41.646537842190014,9.71551261406334,14.036500268384327,6.763285024154589,5.984970477724101,4.106280193236715,0.0939345142243693,0.32877079978529256
141,16.99543746645196,41.6129898013956,9.71551261406334,13.399087493290391,6.763285024154589,6.213097155126141,4.884594739667204,0.08722490606548577,0.32877079978529256
142,16.935050993022006,39.88191089640365,9.688674181427805,12.915995705850777,8.856682769726248,6.421095008051529,4.884594739667204,0.08722490606548577,0.32877079978529256
143,16.23725174449812,40.5931293612453,9.688674181427805,12.915995705850777,8.856682769726248,6.421095008051529,4.884594739667204,0.08722490606548577,0.3153515834675255
144,16.337895866881375,40.56629092860977,9.426999463231347,12.795222758990874,9.178743961352657,6.407675791733762,4.884594739667204,0.08722490606548577,0.3153515834675255
145,16.854535695115406,40.21739130434783,9.426999463231347,12.781803542673108,9.064680622651638,6.367418142780462,4.884594739667204,0.08722490606548577,0.3153515834675255
146,17.19001610305958,39.62694578636608,10.185185185185185,12.76838432635534,8.76274825550188,6.233225979602791,4.830917874396135,0.08722490606548577,0.3153515834675255
147,17.257112184648417,39.58668813741278,10.165056360708535,12.5402576489533,8.749329039184111,6.468062265163715,4.830917874396135,0.08722490606548577,0.3153515834675255
148,16.82769726247987,38.097155126140635,10.165056360708535,12.245034889962426,10.258990874932904,6.468062265163715,5.535426731078905,0.08722490606548577,0.3153515834675255
149,17.08937198067633,37.86231884057971,10.111379495437467,12.245034889962426,10.258990874932904,6.494900697799249,5.535426731078905,0.08722490606548577,0.3153515834675255
150,17.2638217928073,37.78851315083199,10.030864197530864,12.245034889962426,10.258990874932904,6.494900697799249,5.515297906602254,0.08722490606548577,0.3153515834675255
151,17.45169082125604,37.78851315083199,9.98389694041868,12.198067632850242,10.165056360708535,6.494900697799249,5.515297906602254,0.08722490606548577,0.3153515834675255
152,17.55233494363929,37.734836285560924,9.98389694041868,12.171229200214707,10.165056360708535,6.474771873322598,5.515297906602254,0.08722490606548577,0.3153515834675255
153,17.612721417069242,37.67444981213097,9.73564143853999,12.13768115942029,10.493827160493828,6.427804616210413,5.515297906602254,0.08722490606548577,0.3153515834675255
154,17.67981749865808,37.66774020397209,9.73564143853999,12.110842726784755,10.46027911969941,6.427804616210413,5.515297906602254,0.08722490606548577,0.3153515834675255
155,18.095813204508858,37.4194847020934,9.73564143853999,11.943102522812667,10.46027911969941,6.427804616210413,5.515297906602254,0.08722490606548577,0.3153515834675255
156,18.230005367686527,37.05716586151369,9.601449275362318,12.198067632850242,10.46027911969941,6.561996779388084,5.488459473966721,0.08722490606548577,0.3153515834675255
157,18.38432635534085,36.95652173913044,9.554482018250134,12.191358024691358,10.46027911969941,6.561996779388084,5.488459473966721,0.08722490606548577,0.3153515834675255
158,18.766774020397207,36.42646269457864,9.534353193773484,12.184648416532475,10.762211486849168,6.4345142243692965,5.488459473966721,0.08722490606548577,0.3153515834675255
159,19.00161030595813,36.37278582930757,9.534353193773484,12.084004294149223,10.735373054213634,6.407675791733762,5.4616210413311865,0.08722490606548577,0.3153515834675255
160,19.142512077294686,36.2385936661299,9.50751476113795,12.06387546967257,10.560923242082662,6.407675791733762,5.676328502415459,0.08722490606548577,0.3153515834675255
161,18.988191089640367,36.07085346215781,10.869565217391305,12.04374664519592,10.071121846484166,6.394256575415996,5.159688674181428,0.08722490606548577,0.3153515834675255
162,19.182769726247987,35.07112184648417,10.7085346215781,12.037037037037036,11.252012882447666,6.273483628556092,5.159688674181428,,0.3153515834675255
163,19.182769726247987,35.07112184648417,10.7085346215781,12.037037037037036,11.252012882447666,6.273483628556092,5.159688674181428,,0.3153515834675255
164,19.33709071390231,34.977187332259795,10.7085346215781,12.037037037037036,11.225174449812132,6.239935587761675,5.159688674181428,,0.3153515834675255
165,19.652442297369834,34.75577026301664,10.7085346215781,11.949812130971551,11.218464841653248,6.239935587761675,5.159688674181428,,0.3153515834675255
166,19.961084272678477,34.70880300590446,10.560923242082662,11.922973698336017,11.178207192699947,6.1929683306494905,5.159688674181428,,0.3153515834675255
167,19.83360171765969,34.56119162640902,10.88298443370907,11.90955448201825,11.158078368223295,6.1929683306494905,5.146269457863661,,0.3153515834675255
168,19.97450348899624,34.5276435856146,10.856146001073537,11.90955448201825,11.077563070316694,6.1929683306494905,5.146269457863661,,0.3153515834675255
169,20.02818035426731,34.4873859366613,10.856146001073537,11.90955448201825,11.064143853998926,6.1929683306494905,5.146269457863661,,0.3153515834675255
170,19.994632313472895,33.53462157809984,13.191089640365004,11.124530327428879,11.057434245840042,6.1929683306494905,4.5893719806763285,,0.3153515834675255
171,20.276435856146,33.4272678475577,13.16425120772947,11.010466988727858,11.023886205045626,6.1929683306494905,4.5893719806763285,,0.3153515834675255
172,19.81347289318304,33.10520665593129,12.929414922168545,12.117552334943639,11.023886205045626,6.132581857219538,4.562533548040794,,0.3153515834675255
173,20.04830917874396,32.910628019323674,12.929414922168545,12.104133118625873,11.023886205045626,6.132581857219538,4.53569511540526,,0.3153515834675255
174,20.088566827697264,32.88378958668814,12.929414922168545,12.104133118625873,11.023886205045626,6.119162640901771,4.53569511540526,,0.3153515834675255
175,19.840311325818572,32.6556629092861,12.902576489533011,12.781803542673108,10.86285560923242,6.119162640901771,4.522275899087493,,0.3153515834675255
176,20.283145464304884,32.447665056360705,12.86231884057971,12.734836285560924,10.86285560923242,6.119162640901771,4.374664519592056,,0.3153515834675255
177,20.585077831454644,32.1658615136876,12.848899624261943,12.674449812130971,11.017176596886742,6.0587761674718195,4.334406870638754,,0.3153515834675255
178,20.88030059044552,32.05179817498658,12.848899624261943,12.654320987654321,10.929951690821255,5.991680085882985,4.327697262479871,,0.3153515834675255
179,20.967525496511005,32.05179817498658,12.848899624261943,12.593934514224369,10.903113258185721,5.991680085882985,4.327697262479871,,0.3153515834675255
180,21.021202361782073,32.024959742351044,12.822061191626409,12.593934514224369,10.903113258185721,5.991680085882985,4.327697262479871,,0.3153515834675255
181,21.16881374127751,32.00483091787439,12.694578636607622,12.593934514224369,10.903113258185721,5.991680085882985,4.327697262479871,,0.3153515834675255
182,21.504294149221685,31.924315619967793,12.580515297906603,12.546967257112184,10.82259796027912,5.978260869565218,4.327697262479871,,0.3153515834675255
183,21.497584541062803,31.736446591519055,12.486580783682234,12.473161567364466,10.82259796027912,6.139291465378422,4.62962962962963,,0.2147074610842727
184,21.87332259796028,31.629092860976918,12.419484702093397,12.379227053140097,10.748792270531402,6.139291465378422,4.5960815888352125,,0.2147074610842727
185,22.24235104669887,31.488191089640367,12.23161567364466,12.379227053140097,10.721953837895867,6.139291465378422,4.582662372517445,,0.2147074610842727
186,22.108158883521202,30.649490069779926,12.204777241009126,12.332259796027913,11.366076221148685,5.83064949006978,5.293880837359098,,0.2147074610842727
187,21.91358024691358,30.60252281266774,12.130971551261407,14.31159420289855,9.728931830381105,5.83064949006978,5.267042404723564,,0.2147074610842727
188,22.29602791196994,30.52871712292002,12.097423510466989,14.31159420289855,9.4873859366613,5.83064949006978,5.267042404723564,,0.18115942028985507
189,22.470477724100913,30.48174986580784,12.077294685990339,14.31159420289855,9.447128287707997,5.83064949006978,5.199946323134729,,0.18115942028985507
190,22.973698336017176,30.401234567901234,11.936392914653783,14.123725174449811,9.447128287707997,5.783682232957595,5.152979066022544,,0.18115942028985507
191,23.007246376811594,30.334138486312398,11.761943102522812,14.090177133655395,9.702093397745571,5.783682232957595,5.139559849704777,,0.18115942028985507
192,22.644927536231883,29.656468062265162,11.761943102522812,14.090177133655395,10.88298443370907,5.642780461621041,5.139559849704777,,0.18115942028985507
193,22.7187332259796,29.656468062265162,11.748523886205046,14.06333870101986,10.88298443370907,5.642780461621041,5.10601180891036,,0.18115942028985507
194,22.785829307568438,29.622920021470748,11.714975845410628,14.06333870101986,10.88298443370907,5.642780461621041,5.10601180891036,,0.18115942028985507
195,22.879763821792807,29.56924315619968,11.674718196457327,14.06333870101986,10.88298443370907,5.642780461621041,5.10601180891036,,0.18115942028985507
196,23.101180891035963,29.522275899087493,11.627750939345143,14.04320987654321,10.775630703166936,5.642780461621041,5.10601180891036,,0.18115942028985507
197,23.315888352120236,29.421631776704242,11.627750939345143,14.04320987654321,10.748792270531402,5.642780461621041,5.018786902844874,,0.18115942028985507
198,23.429951690821255,29.421631776704242,11.614331723027375,13.982823403113258,10.748792270531402,5.642780461621041,4.978529253891573,,0.18115942028985507
199,23.463499731615673,29.354535695115406,11.600912506709609,13.982823403113258,11.010466988727858,5.428073000536768,4.978529253891573,,0.18115942028985507
200,23.617820719269993,29.2337627482555,11.600912506709609,13.982823403113258,10.976918947933441,5.428073000536768,4.978529253891573,,0.18115942028985507
201,23.020665593129362,29.1532474503489,11.506977992485238,14.781266774020397,10.976918947933441,5.428073000536768,4.951690821256038,,0.18115942028985507
202,23.03408480944713,29.139828234031132,11.506977992485238,14.781266774020397,10.976918947933441,5.428073000536768,4.951690821256038,,0.18115942028985507
203,23.121309715512613,29.032474503488995,11.60762211486849,14.761137949543746,10.916532474503489,5.428073000536768,4.951690821256038,,0.18115942028985507
204,23.235373054213635,28.858024691358025,11.594202898550725,14.74771873322598,10.916532474503489,5.5756843800322065,4.891304347826087,,0.18115942028985507
205,23.07434245840043,27.95222758990875,11.574074074074074,14.942297369833602,10.903113258185721,6.575415995705851,4.797369833601718,,0.18115942028985507
206,23.483628556092324,27.885131508319915,11.574074074074074,14.606816961889425,10.903113258185721,6.575415995705851,4.790660225442834,,0.18115942028985507
207,23.752012882447666,27.690552871712292,11.43317230273752,14.579978529253891,11.003757380568974,6.575415995705851,4.783950617283951,,0.18115942028985507
208,24.08749329039184,27.200751476113794,11.43317230273752,14.579978529253891,10.983628556092324,6.8035426731078905,4.730273752012883,,0.18115942028985507
209,24.355877616747183,26.630434782608695,11.419753086419753,14.412238325281804,10.815888352120236,7.481213097155126,4.703435319377348,,0.18115942028985507
210,24.570585077831456,26.42914653784219,11.41304347826087,14.412238325281804,10.815888352120236,7.481213097155126,4.696725711218465,,0.18115942028985507
211,24.671229200214707,26.42914653784219,11.352657004830919,14.398819108964037,10.815888352120236,7.454374664519592,4.696725711218465,,0.18115942028985507
212,23.557434245840042,27.576489533011273,11.3191089640365,14.398819108964037,10.815888352120236,7.454374664519592,4.696725711218465,,0.18115942028985507
213,23.97342995169082,27.536231884057973,11.11111111111111,14.31159420289855,10.735373054213634,7.454374664519592,4.696725711218465,,0.18115942028985507
214,23.839237788513152,27.529522275899087,11.037305421363392,14.31159420289855,10.527375201288244,7.454374664519592,5.119431025228127,,0.18115942028985507
215,24.14117015566291,27.502683843263554,11.017176596886742,14.204240472356414,10.527375201288244,7.454374664519592,4.9718196457326895,,0.18115942028985507
216,24.40955448201825,27.4020397208803,10.970209339774557,14.190821256038648,10.527375201288244,7.387278582930757,4.931561996779388,,0.18115942028985507
217,24.516908212560388,27.4020397208803,10.943370907139023,14.190821256038648,10.50053676865271,7.387278582930757,4.87788513150832,,0.18115942028985507
218,24.490069779924852,27.2812667740204,10.943370907139023,14.31159420289855,10.735373054213634,7.387278582930757,4.669887278582931,,0.18115942028985507
219,24.651100375738057,27.2812667740204,10.923242082662373,14.304884594739667,10.668276972624799,7.387278582930757,4.602791196994096,,0.18115942028985507
220,24.92619431025228,27.13365539452496,10.923242082662373,14.304884594739667,10.654857756307031,7.2933440687063875,4.582662372517445,,0.18115942028985507
221,25.161030595813205,26.979334406870638,10.88298443370907,14.224369296833064,10.513955984970478,7.226247987117552,4.830917874396135,,0.18115942028985507
222,25.241545893719806,26.952495974235106,10.86285560923242,14.204240472356414,10.513955984970478,7.212828770799785,4.830917874396135,,0.18115942028985507
223,25.288513150831992,26.952495974235106,10.86285560923242,14.15727321524423,10.513955984970478,7.212828770799785,4.830917874396135,,0.18115942028985507
224,25.469672571121848,26.818303811057433,10.86285560923242,14.150563607085346,10.48040794417606,7.206119162640902,4.830917874396135,,0.18115942028985507
225,25.744766505636072,26.80488459473967,10.829307568438002,14.06333870101986,10.46027911969941,7.085346215780999,4.830917874396135,,0.18115942028985507
226,25.79844337090714,26.7914653784219,10.82259796027912,14.049919484702093,10.44015029522276,7.085346215780999,4.830917874396135,,0.18115942028985507
227,25.83870101986044,26.7512077294686,10.82259796027912,14.049919484702093,10.44015029522276,7.085346215780999,4.830917874396135,,0.18115942028985507
228,25.979602791196996,26.690821256038646,10.82259796027912,13.996242619431026,10.44015029522276,7.058507783145465,4.830917874396135,,0.18115942028985507
229,26.113794954374665,26.663982823403114,10.789049919484702,13.996242619431026,10.420021470746109,7.03166935050993,4.804079441760601,,0.18115942028985507
230,26.46940418679549,26.382179280730007,10.775630703166936,13.821792807300053,10.661567364465915,7.011540526033279,4.696725711218465,,0.18115942028985507
231,26.529790660225444,26.33521202361782,10.775630703166936,13.81508319914117,10.654857756307031,7.011540526033279,4.696725711218465,,0.18115942028985507
232,26.583467525496513,26.308373590982285,10.748792270531402,13.81508319914117,10.654857756307031,7.011540526033279,4.696725711218465,,0.18115942028985507
233,26.684111647879764,26.27482555018787,10.748792270531402,13.768115942028986,10.654857756307031,6.991411701556629,4.696725711218465,,0.18115942028985507
234,26.90552871712292,26.27482555018787,10.748792270531402,13.58695652173913,10.654857756307031,6.951154052603328,4.696725711218465,,0.18115942028985507
235,27.01959205582394,26.194310252281266,10.742082662372518,13.58695652173913,10.654857756307031,6.951154052603328,4.669887278582931,,0.18115942028985507
236,27.180622651637144,26.100375738056897,10.72866344605475,13.573537305421363,10.63472893183038,6.9310252281266775,4.669887278582931,,0.18115942028985507
237,27.194041867954912,25.999731615673646,10.72866344605475,13.56682769726248,10.789049919484702,6.776704240472356,4.7638217928073,,0.18115942028985507
238,27.408749329039185,25.97289318303811,10.72866344605475,13.56682769726248,10.601180891035963,6.776704240472356,4.7638217928073,,0.18115942028985507
239,27.47584541062802,25.91921631776704,10.72866344605475,13.56682769726248,10.601180891035963,6.763285024154589,4.7638217928073,,0.18115942028985507
240,27.34836285560923,25.764895330112722,11.647879763821793,13.117283950617283,10.520665593129362,6.702898550724638,4.7168545356951155,,0.18115942028985507
241,27.30810520665593,25.731347289318304,11.627750939345143,12.922705314009661,10.493827160493828,6.702898550724638,5.032206119162641,,0.18115942028985507
242,27.375201288244767,25.657541599570585,11.627750939345143,12.808641975308642,10.48040794417606,6.837090713902308,5.032206119162641,,0.18115942028985507
243,27.63016639828234,25.59044551798175,11.540526033279656,12.775093934514224,10.426731078904991,6.837090713902308,5.018786902844874,,0.18115942028985507
244,27.68384326355341,25.563607085346217,11.540526033279656,12.634192163177671,10.426731078904991,6.951154052603328,5.018786902844874,,0.18115942028985507
245,27.811325818572197,25.55018786902845,11.460010735373054,12.614063338701019,10.413311862587225,6.951154052603328,5.018786902844874,,0.18115942028985507
246,27.851583467525497,25.429414922168544,11.399624261943103,12.614063338701019,10.567632850241546,6.951154052603328,5.005367686527107,,0.18115942028985507
247,28.012614063338702,25.42270531400966,11.2788513150832,12.600644122383253,10.567632850241546,6.951154052603328,4.985238862050457,,0.18115942028985507
248,27.938808373590984,25.301932367149757,11.057434245840042,12.600644122383253,10.567632850241546,7.313472893183038,5.038915727321524,,0.18115942028985507
249,28.079710144927535,25.275093934514224,11.057434245840042,12.560386473429952,10.534084809447128,7.273215244229737,5.038915727321524,,0.18115942028985507
250,28.421900161030596,25.261674718196456,10.923242082662373,12.392646269457863,10.534084809447128,7.246376811594203,5.038915727321524,,0.18115942028985507
251,28.462157809983896,25.254965110037574,10.889694041867955,12.392646269457863,10.534084809447128,7.246376811594203,5.038915727321524,,0.18115942028985507
252,28.502415458937197,25.234836285560924,10.789049919484702,12.352388620504563,10.534084809447128,7.367149758454106,5.038915727321524,,0.18115942028985507
253,28.569511540526033,25.234836285560924,10.775630703166936,12.298711755233494,10.534084809447128,7.367149758454106,5.038915727321524,,0.18115942028985507
254,28.844605475040257,25.187869028448738,10.587761674718196,12.298711755233494,10.50053676865271,7.367149758454106,5.032206119162641,,0.18115942028985507
255,28.891572732152444,25.187869028448738,10.587761674718196,12.29200214707461,10.48040794417606,7.353730542136339,5.025496511003757,,0.18115942028985507
256,28.77079978529254,25.06038647342995,10.560923242082662,12.29200214707461,10.775630703166936,7.340311325818572,5.018786902844874,,0.18115942028985507
257,28.844605475040257,25.05367686527107,10.513955984970478,12.29200214707461,10.775630703166936,7.320182501341922,5.018786902844874,,0.18115942028985507
258,29.005636070853463,25.0402576489533,10.50053676865271,12.13768115942029,10.775630703166936,7.192699946323135,5.166398282340311,,0.18115942028985507
259,29.24718196457327,24.94632313472893,10.50053676865271,12.117552334943639,10.775630703166936,7.192699946323135,5.038915727321524,,0.18115942028985507
260,29.51556629092861,24.872517444981213,10.453569511540525,12.110842726784755,10.748792270531402,7.132313472893183,4.985238862050457,,0.18115942028985507
261,29.71014492753623,24.84567901234568,10.453569511540525,12.104133118625873,10.648148148148149,7.105475040257649,4.951690821256038,,0.18115942028985507
262,29.810789049919485,24.805421363392377,10.413311862587225,12.030327428878154,10.715244229736983,7.098765432098766,4.944981213097155,,0.18115942028985507
263,29.998658078368223,24.745034889962426,10.399892646269459,12.016908212560386,10.661567364465915,7.065217391304348,4.931561996779388,,0.18115942028985507
264,30.615942028985508,24.335748792270532,10.339506172839506,11.735104669887278,10.654857756307031,7.206119162640902,4.931561996779388,,0.18115942028985507
265,30.589103596349972,24.335748792270532,10.299248523886206,11.580783682232958,10.72866344605475,7.125603864734299,5.159688674181428,,0.18115942028985507
266,30.69645732689211,24.302200751476114,10.399892646269459,11.486849168008588,10.7085346215781,7.071926999463232,5.152979066022544,,0.18115942028985507
267,30.723295759527645,24.282071926999464,10.701825013419215,11.406333870101985,10.507246376811594,7.058507783145465,5.139559849704777,,0.18115942028985507
268,30.750134192163177,24.255233494363928,10.701825013419215,11.406333870101985,10.507246376811594,7.058507783145465,5.139559849704777,,0.18115942028985507
269,30.83064949006978,24.194847020933977,10.701825013419215,11.406333870101985,10.487117552334944,7.058507783145465,5.139559849704777,,0.18115942028985507
270,30.9044551798175,24.194847020933977,10.68840579710145,11.406333870101985,10.473698336017177,7.011540526033279,5.139559849704777,,0.18115942028985507
271,30.609232420826622,23.597691894793343,10.68840579710145,11.399624261943103,10.473698336017177,7.689210950080516,5.360976918947934,,0.18115942028985507
272,30.69645732689211,23.34272678475577,10.674986580783683,11.3191089640365,10.34621578099839,7.635534084809447,5.803811057434245,,0.18115942028985507
273,30.300590445517983,22.886473429951693,10.674986580783683,11.231884057971014,10.010735373054214,7.628824476650563,7.085346215780999,,0.18115942028985507
274,30.300590445517983,22.886473429951693,10.674986580783683,11.231884057971014,10.010735373054214,7.628824476650563,7.085346215780999,,0.18115942028985507
275,30.770263016639827,22.779119699409556,10.648148148148149,10.943370907139023,9.96376811594203,7.628824476650563,7.085346215780999,,0.18115942028985507
276,30.83064949006978,22.75228126677402,10.648148148148149,10.909822866344605,9.96376811594203,7.628824476650563,7.085346215780999,,0.18115942028985507
277,30.870907139023082,22.725442834138487,10.648148148148149,10.909822866344605,10.02415458937198,7.628824476650563,7.011540526033279,,0.18115942028985507
278,31.0654857756307,22.67176596886742,10.648148148148149,10.909822866344605,10.02415458937198,7.521470746108427,6.977992485238862,,0.18115942028985507
279,31.186258722490606,22.611379495437465,10.648148148148149,10.88298443370907,10.00402576489533,7.50805152979066,6.977992485238862,,0.18115942028985507
280,31.226516371443907,22.591250670960815,10.641438539989265,10.869565217391305,10.00402576489533,7.50805152979066,6.977992485238862,,0.18115942028985507
