,45,50,51,54,55,53,52,56,57,58,59
0,97.17525496511004,2.8247450348899625,,,,,,,,,
1,96.67203435319378,3.2139023081052067,0.11406333870101985,,,,,,,,
2,96.13526570048309,3.750670960815888,0.11406333870101985,,,,,,,,
3,95.54482018250134,4.341116478797638,0.11406333870101985,,,,,,,,
4,93.66612989801395,5.971551261406334,0.07380568974771873,0.2885131508319914,,,,,,,
5,93.59903381642512,6.038647342995169,0.07380568974771873,0.2885131508319914,,,,,,,
6,92.98174986580784,6.521739130434782,0.20799785292538917,0.2885131508319914,,,,,,,
7,91.53918411164788,7.96430488459474,0.20799785292538917,0.2885131508319914,,,,,,,
8,91.56602254428341,7.85024154589372,0.20799785292538917,0.2885131508319914,0.08722490606548577,,,,,,
9,91.45866881374128,7.957595276435856,0.20799785292538917,0.2885131508319914,0.08722490606548577,,,,,,
10,86.55394524959742,12.754965110037574,0.20799785292538917,0.28180354267310787,0.08722490606548577,0.11406333870101985,,,,,
11,79.92485238862051,19.155931293612454,0.16774020397208803,0.4092860976918948,0.08722490606548577,0.11406333870101985,0.14090177133655393,,,,
12,76.97262479871175,22.22222222222222,0.05367686527106817,0.4092860976918948,0.08722490606548577,0.11406333870101985,0.14090177133655393,,,,
13,73.06763285024155,26.006441223832528,0.05367686527106817,0.5300590445517982,0.08722490606548577,0.11406333870101985,0.14090177133655393,,,,
14,72.7187332259796,26.36876006441224,0.05367686527106817,0.5166398282340311,0.08722490606548577,0.11406333870101985,0.14090177133655393,,,,
15,72.89989264626946,25.91250670960816,0.05367686527106817,0.5166398282340311,0.06038647342995169,0.11406333870101985,0.4428341384863124,,,,
16,68.23671497584542,29.435050993022006,1.1003757380568975,0.5166398282340311,0.19457863660762212,0.11406333870101985,0.4025764895330113,,,,
17,66.72705314009661,30.9447128287708,1.1003757380568975,0.5166398282340311,0.19457863660762212,0.11406333870101985,0.4025764895330113,,,,
18,67.42485238862051,30.09259259259259,1.1003757380568975,0.6105743424584005,0.2616747181964573,0.11406333870101985,0.39586688137412773,,,,
19,65.72061191626409,30.320719269994633,2.6502952227589907,0.5703166935050993,0.2281266774020397,0.11406333870101985,0.39586688137412773,,,,
20,65.66693505099302,30.421363392377884,2.522812667740204,0.5636070853462157,0.2214170692431562,0.20799785292538917,0.39586688137412773,,,,
21,65.9151905528717,30.19994632313473,2.49597423510467,0.5636070853462157,0.2214170692431562,0.20799785292538917,0.39586688137412773,,,,
22,66.00912506709608,29.99194847020934,2.4892646269457863,0.5636070853462157,0.2214170692431562,0.32877079978529256,0.39586688137412773,,,,
23,60.35292538915727,35.668276972624795,2.4691358024691357,0.5636070853462157,0.2147074610842727,0.28180354267310787,0.4495437466451959,,,,
24,58.581588835212024,35.057702630166396,4.7168545356951155,0.5636070853462157,0.3488996242619431,0.28180354267310787,0.4495437466451959,,,,
25,58.55475040257649,34.916800858829845,4.790660225442834,0.5636070853462157,0.3488996242619431,0.3757380568974772,0.4495437466451959,,,,
26,58.65539452495974,34.6081588835212,4.770531400966184,0.6508319914117016,0.3488996242619431,0.5166398282340311,0.4495437466451959,,,,
27,58.48765432098765,34.47396672034353,4.696725711218465,0.6508319914117016,0.3488996242619431,0.9192163177670424,0.4227053140096618,,,,
28,58.675523349436396,34.326355340848096,4.669887278582931,0.6508319914117016,0.3488996242619431,0.9057971014492754,0.4227053140096618,,,,
29,58.1857219538379,31.608964036500268,4.643048845947397,2.368491680085883,0.33548040794417605,0.8387010198604401,2.01959205582394,,,,
30,57.6154052603328,31.924315619967793,4.690016103059581,2.341653247450349,0.6038647342995169,0.8387010198604401,1.9860440150295222,,,,
31,57.588566827697264,31.629092860976918,4.904723564143854,2.341653247450349,0.6038647342995169,0.8387010198604401,2.0933977455716586,,,,
32,56.50161030595813,31.09903381642512,6.541867954911433,2.200751476113795,0.7514761137949544,0.8387010198604401,2.0665593129361244,,,,
33,56.36741814278046,31.414385399892645,6.400966183574879,2.187332259796028,0.7514761137949544,0.8387010198604401,2.0397208803005906,,,,
34,52.19404186795491,34.78260869565217,7.239667203435319,2.15378421900161,0.7514761137949544,0.8387010198604401,2.0397208803005906,,,,
35,52.462426194310254,34.4873859366613,7.14573268921095,2.1068169618894257,0.9460547504025765,0.8387010198604401,2.0128824476650564,,,,
36,46.02120236178207,39.27804616210413,9.25925925925926,2.01959205582394,0.9393451422436929,0.6776704240472357,1.8048845947396672,,,,
37,46.39694041867955,38.83521202361782,9.205582393988191,2.01959205582394,0.9393451422436929,0.6776704240472357,1.9256575415995705,,,,
38,46.55797101449275,38.781535158346756,9.158615136876007,1.9927536231884058,0.9393451422436929,0.6776704240472357,1.892109500805153,,,,
39,47.175254965110035,38.1105743424584,9.125067096081589,2.1135265700483092,0.9326355340848095,0.785024154589372,1.7579173376274826,,,,
40,44.41089640365003,40.747450348899626,8.970746108427267,2.147074610842727,0.9192163177670424,1.0534084809447128,1.751207729468599,,,,
41,44.60547504025765,40.55958132045089,9.03113258185722,2.086688137412775,0.9125067096081588,1.0534084809447128,1.751207729468599,,,,
42,44.98121309715513,39.98926462694579,8.977455716586151,2.3483628556092326,0.9125067096081588,1.0534084809447128,1.737788513150832,,,,
43,41.532474503489,43.84057971014493,8.682232957595277,2.214170692431562,1.0534084809447128,0.9460547504025765,1.7310789049919484,,,,
44,41.86795491143317,43.47826086956522,8.655394524959743,2.2208803005904456,1.0534084809447128,1.0534084809447128,1.6706924315619969,,,,
45,40.24422973698336,45.20263016639828,8.57487922705314,2.2208803005904456,1.1741814278046163,1.0399892646269457,1.5432098765432098,,,,
46,39.231078904991946,46.792807300053674,8.440687063875469,1.9860440150295222,1.0466988727858293,1.1473429951690821,1.3553408480944713,,,,
47,38.747987117552334,45.35024154589372,10.420021470746109,1.9860440150295222,1.0869565217391304,1.0534084809447128,1.3553408480944713,,,,
48,38.157541599570585,45.82662372517445,10.332796564680622,1.8853998926462694,1.06682769726248,1.247987117552335,1.482823403113258,,,,
49,38.53327965646806,45.54482018250134,10.138217928073,1.8719806763285025,1.06682769726248,1.2278582930756843,1.482823403113258,0.13419216317767044,,,
50,38.727858293075684,44.24315619967794,10.138217928073,1.9524959742351047,1.2278582930756843,1.2144390767579174,2.3617820719269993,0.13419216317767044,,,
51,35.61460010735373,51.56333870101986,6.038647342995169,2.0799785292538915,0.9930220075147611,1.3486312399355878,2.227589908749329,0.13419216317767044,,,
52,35.889694041867955,51.12050456253355,6.105743424584004,2.15378421900161,1.0735373054213635,1.3217928073000538,2.200751476113795,0.13419216317767044,,,
53,36.594202898550726,50.295222758990874,5.958132045088567,2.15378421900161,1.2010198604401503,1.3217928073000538,2.2611379495437465,0.2147074610842727,,,
54,37.151100375738054,49.644390767579175,5.958132045088567,2.1403650026838434,1.2010198604401503,1.2949543746645196,2.395330112721417,0.2147074610842727,,,
55,34.94363929146538,46.39694041867955,11.18491680085883,2.26784755770263,1.2010198604401503,1.4358561460010735,2.3550724637681157,0.2147074610842727,,,
56,34.816156736446594,43.76677402039721,12.245034889962426,3.864734299516908,1.3217928073000538,1.4358561460010735,2.3349436392914655,0.2147074610842727,,,
57,34.286097691894796,41.58615136876006,15.378421900161031,3.8378958668813743,1.2010198604401503,1.2345679012345678,2.2611379495437465,0.2147074610842727,,,
58,33.32662372517445,42.3443370907139,15.747450348899624,3.911701556629093,1.1943102522812667,1.0265700483091786,2.2342995169082127,0.2147074610842727,,,
59,33.97745571658615,41.83440687063875,15.485775630703166,3.864734299516908,1.2949543746645196,1.0131508319914118,2.314814814814815,0.2147074610842727,,,
60,34.534353193773484,41.666666666666664,15.24422973698336,3.8043478260869565,1.2412775093934514,0.9997316156736447,2.301395598497048,0.20799785292538917,,,
61,34.75577026301664,41.237251744498124,15.123456790123457,3.938539989264627,1.4492753623188406,0.9863123993558777,2.301395598497048,0.20799785292538917,,,
62,35.10466988727858,40.9621578099839,14.935587761674718,4.025764895330113,1.5163714439076759,0.9863123993558777,2.2745571658615136,0.19457863660762212,,,
63,34.97047772410091,39.942297369833604,16.25067096081589,4.005636070853462,1.8451422436929683,0.9326355340848095,1.8585614600107354,0.19457863660762212,,,
64,35.547504025764894,39.472624798711756,16.035963499731615,3.8915727321524423,1.8786902844873858,1.0869565217391304,1.8317230273752012,0.2549651100375738,,,
65,35.789049919484704,39.23778851315083,15.94873859366613,3.9184111647879765,1.9390767579173376,1.0869565217391304,1.8317230273752012,0.24825550187869028,,,
66,35.970209339774556,37.3389694041868,15.666935050993022,4.4820182501341925,3.374932903918411,1.0869565217391304,1.8317230273752012,0.24825550187869028,,,
67,35.79575952764358,35.29253891572732,17.975040257648953,4.461889425657541,3.294417606011809,0.9460547504025765,1.7981749865807837,0.43612453032742887,,,
68,35.85614600107354,34.19887278582931,19.390767579173378,4.38137412775094,3.2340311325818574,0.8722490606548577,1.6304347826086956,0.43612453032742887,,,
69,36.272141706924316,32.67579173376275,19.290123456790123,4.200214707461084,2.9790660225442833,0.8722490606548577,3.2742887815351582,0.43612453032742887,,,
70,36.72168545356951,32.427536231884055,19.028448738593667,4.30756843800322,2.965646806226516,0.8722490606548577,3.240740740740741,0.43612453032742887,,,
71,36.81561996779388,30.71658615136876,18.753354804079443,4.723564143853999,2.898550724637681,2.442297369833602,3.240740740740741,0.4092860976918948,,,
72,37.21819645732689,30.381105743424584,18.585614600107355,4.723564143853999,2.9790660225442833,2.4691358024691357,3.2340311325818574,0.4092860976918948,,,
73,37.1309715512614,29.394793344068706,18.04213633923779,5.24020397208803,2.85829307568438,2.576489533011272,4.3478260869565215,0.4092860976918948,,,
74,37.60735373054214,29.052603327965645,17.793880837359097,5.407944176060118,2.9388083735909825,2.4825550187869028,4.320987654320987,0.39586688137412773,,,
75,38.06360708534621,28.30112721417069,17.612721417069242,5.374396135265701,2.831454643048846,3.166935050993022,4.253891572732153,0.39586688137412773,,,
76,38.56682769726248,27.81803542673108,17.384594739667204,5.280461621041331,3.207192699946323,3.166935050993022,4.180085882984434,0.39586688137412773,,,
77,38.486312399355874,26.77133655394525,20.041599570585078,5.314009661835748,2.1940418679549114,2.636876006441224,4.012345679012346,0.5434782608695652,,,
78,38.85534084809447,25.811862587224905,19.236446591519055,5.314009661835748,2.187332259796028,2.6167471819645733,5.434782608695652,0.5434782608695652,,,
79,38.93585614600107,25.59044551798175,18.47826086956522,5.360976918947934,2.2342995169082127,2.475845410628019,6.293612453032743,0.5166398282340311,0.11406333870101985,,
80,38.17096081588835,26.858561460010737,18.270263016639827,5.314009661835748,2.187332259796028,2.475845410628019,6.092324208266238,0.5166398282340311,0.11406333870101985,,
81,38.848631239935585,26.596886741814277,17.847557702630166,5.24020397208803,2.15378421900161,2.6704240472356413,6.011808910359635,0.5166398282340311,0.11406333870101985,,
82,32.15244229736983,19.41760601180891,36.70155662909286,3.7104133118625873,1.4895330112721417,2.033011272141707,3.770799785292539,0.6105743424584005,0.11406333870101985,,
83,32.56843800322061,19.43102522812668,36.39291465378422,3.589640365002684,1.4895330112721417,2.0665593129361244,3.6097691894793345,0.7380568974771873,0.11406333870101985,,
84,33.15888352120236,19.249865807836823,35.85614600107354,3.5628019323671496,1.6908212560386473,2.0665593129361244,3.5628019323671496,0.7380568974771873,0.11406333870101985,,
85,32.1256038647343,18.015297906602253,38.00322061191626,3.488996242619431,1.9122383252818036,2.15378421900161,3.408480944712829,0.8051529790660226,0.08722490606548577,,
86,28.495705850778315,28.710413311862588,30.938003220611915,2.15378421900161,1.8451422436929683,1.9122383252818036,5.166398282340311,0.6910896403650026,0.08722490606548577,,
87,29.186795491143318,28.247450348899623,30.381105743424584,2.2879763821792807,2.086688137412775,1.9122383252818036,5.119431025228127,0.6910896403650026,0.08722490606548577,,
88,29.938271604938272,28.026033279656467,29.978529253891573,2.227589908749329,2.0531400966183573,1.9122383252818036,5.0858829844337095,0.6910896403650026,0.08722490606548577,,
89,30.69645732689211,27.583199141170155,29.723564143854,2.368491680085883,2.006172839506173,1.892109500805153,4.951690821256038,0.6910896403650026,0.08722490606548577,,
90,31.05877616747182,26.54320987654321,28.918411164787976,4.052603327965647,1.9659151905528718,1.892109500805153,4.790660225442834,0.6910896403650026,0.08722490606548577,,
91,31.53515834675255,26.241277509393452,28.683574879227052,3.9586688137412773,2.033011272141707,1.8250134192163177,4.864465915190553,0.7716049382716049,0.08722490606548577,,
92,31.83709071390231,26.080246913580247,28.468867418142782,3.898282340311326,2.2342995169082127,1.7914653784219001,4.864465915190553,0.7380568974771873,0.08722490606548577,,
93,32.39398819108964,25.925925925925927,28.26086956521739,3.8848631239935587,2.214170692431562,1.7579173376274826,4.757112184648417,0.7179280730005367,0.08722490606548577,,
94,30.334138486312398,28.368223295759528,27.89855072463768,3.8714439076757916,2.214170692431562,1.737788513150832,4.703435319377348,0.785024154589372,0.08722490606548577,,
95,25.684380032206118,40.49248523886205,19.692699946323135,2.328234031132582,1.7914653784219001,1.6304347826086956,7.75630703166935,0.5367686527106817,0.08722490606548577,,
96,26.38888888888889,39.92887815351583,19.39747718733226,2.314814814814815,2.033011272141707,1.6304347826086956,7.682501341921632,0.5367686527106817,0.08722490606548577,,
97,26.670692431561996,38.868760064412236,18.733225979602793,2.428878153515835,2.1403650026838434,1.5901771336553945,8.943907675791733,0.5367686527106817,0.08722490606548577,,
98,27.012882447665056,38.399087493290395,18.686258722490606,2.428878153515835,2.3752012882447664,1.5901771336553945,8.809715512614064,0.5367686527106817,0.1610305958132045,,
99,27.49597423510467,38.1508319914117,18.54535695115405,2.4020397208803006,2.4892646269457863,1.5163714439076759,8.702361782071927,0.5367686527106817,0.1610305958132045,,
100,27.891841116478798,37.94283413848631,18.323939881910896,2.408749329039184,2.576489533011272,1.5163714439076759,8.655394524959743,0.5233494363929146,0.1610305958132045,,
101,28.44873859366613,37.285292538915726,18.203166935050994,2.4490069779924855,2.8381642512077296,1.6170155662909287,8.474235104669887,0.5233494363929146,0.1610305958132045,,
102,29.166666666666668,36.842458400429415,17.98845947396672,2.442297369833602,3.0931293612453032,1.5901771336553945,8.199141170155663,0.5233494363929146,0.15432098765432098,,
103,28.92512077294686,27.059849704777243,28.509125067096083,2.4221685453569513,2.804616210413312,1.5901771336553945,8.017981749865807,0.5233494363929146,0.14761137949543746,,
104,29.186795491143318,27.113526570048307,28.247450348899623,2.4221685453569513,2.7777777777777777,1.583467525496511,7.856951154052603,0.6642512077294686,0.14761137949543746,,
105,29.636339237788512,26.912238325281802,27.958937198067634,2.6033279656468062,2.657004830917874,1.6371443907675791,7.716049382716049,0.7313472893183038,0.14761137949543746,,
106,30.407944176060116,26.50966183574879,27.65029522275899,2.5697799248523885,2.677133655394525,1.6371443907675791,7.581857219538379,0.8185721953837896,0.14761137949543746,,
107,30.97826086956522,26.174181427804616,27.254428341384862,2.690552871712292,2.8113258185721954,1.6371443907675791,7.48792270531401,0.8185721953837896,0.14761137949543746,,
108,31.468062265163713,25.758185721953836,27.220880300590444,2.690552871712292,2.8113258185721954,1.6371443907675791,7.447665056360709,0.8185721953837896,0.14761137949543746,,
109,32.21282877079979,25.348899624261943,26.858561460010737,2.636876006441224,2.871712292002147,1.6371443907675791,7.340311325818572,0.9460547504025765,0.14761137949543746,,
110,32.51476113794954,25.167740203972087,26.67740203972088,2.589908749329039,3.0193236714975846,1.6371443907675791,7.300053676865271,0.9460547504025765,0.14761137949543746,,
111,29.448470209339774,20.74610842726785,37.775093934514224,2.0665593129361244,2.475845410628019,0.7917337627482555,5.810520665593129,0.7380568974771873,0.14761137949543746,,
112,29.998658078368223,20.598497047772412,37.40606548577563,2.0263016639828235,2.5295222758990876,0.7917337627482555,5.763553408480945,0.7380568974771873,0.14761137949543746,,
113,30.461621041331185,20.48443370907139,37.01690821256039,2.0128824476650564,2.5026838432635534,0.7917337627482555,5.756843800322061,0.8252818035426731,0.14761137949543746,,
114,30.71658615136876,20.21604938271605,36.81561996779388,2.2879763821792807,2.4490069779924855,0.7917337627482555,5.750134192163178,0.8252818035426731,0.14761137949543746,,
115,31.219806763285025,20.108695652173914,36.46672034353194,2.328234031132582,2.442297369833602,0.8990874932903918,5.562265163714439,0.8252818035426731,0.14761137949543746,,
116,31.508319914117017,20.108695652173914,35.950080515297905,2.4221685453569513,2.623456790123457,0.8990874932903918,5.515297906602254,0.8252818035426731,0.14761137949543746,,
117,31.76328502415459,19.85373054213634,35.63472893183038,2.462426194310252,3.026033279656468,0.8990874932903918,5.347557702630167,0.8990874932903918,0.11406333870101985,,
118,32.18599033816425,19.766505636070853,35.16505636070853,2.38191089640365,3.1333870101986045,1.0601180891035964,5.307300053676865,0.8856682769726248,0.11406333870101985,,
119,32.59527643585615,19.692699946323135,33.581588835212024,2.3215244229736984,4.455179817498658,1.0466988727858293,5.260332796564681,0.9326355340848095,0.11406333870101985,,
120,33.23268921095008,19.55179817498658,33.16559312936125,2.314814814814815,4.435050993022007,0.9125067096081588,5.273752012882448,0.9326355340848095,0.18115942028985507,,
121,33.85668276972625,19.216317767042405,32.86366076221149,2.341653247450349,4.435050993022007,0.9125067096081588,5.260332796564681,0.9326355340848095,0.18115942028985507,,
122,33.72920021470746,18.726516371443907,34.01100375738057,2.38191089640365,4.3478260869565215,0.9125067096081588,4.783950617283951,0.9259259259259259,0.18115942028985507,,
123,33.3064949006978,18.223295759527645,36.40633387010199,2.2745571658615136,4.294149221685454,0.9125067096081588,3.6231884057971016,0.7783145464304885,0.18115942028985507,,
124,33.09849704777241,17.881105743424584,34.17874396135266,2.3483628556092326,3.797638217928073,0.9125067096081588,6.743156199677939,0.8655394524959742,0.17444981213097155,,
125,32.56843800322061,16.686795491143318,36.79549114331723,2.281266774020397,3.603059581320451,0.9393451422436929,6.286902844873859,0.6642512077294686,0.17444981213097155,,
126,33.11862587224906,16.552603327965645,36.480139559849704,2.26784755770263,3.603059581320451,0.9393451422436929,6.199677938808374,0.6642512077294686,0.17444981213097155,,
127,33.541331186258724,16.49892646269458,36.231884057971016,2.254428341384863,3.535963499731616,0.9393451422436929,6.159420289855072,0.6642512077294686,0.17444981213097155,,
128,34.15861513687601,16.42512077294686,35.53408480944713,2.254428341384863,3.743961352657005,0.9393451422436929,6.146001073537305,0.6239935587761675,0.17444981213097155,,
129,33.943907675791735,15.874932903918411,36.292270531400966,2.24771873322598,3.7037037037037037,0.9326355340848095,6.0654857756307035,0.7648953301127214,0.17444981213097155,,
130,34.084809447128286,15.713902308105206,36.151368760064415,2.200751476113795,3.864734299516908,1.133923778851315,5.911164787976382,0.7648953301127214,0.17444981213097155,,
131,34.52093397745572,15.418679549114332,35.829307568438004,2.1269457863660763,3.7104133118625873,1.0869565217391304,6.333870101986044,0.8051529790660226,0.16774020397208803,,
132,34.936929683306495,15.116747181964573,35.63472893183038,2.200751476113795,3.911701556629093,1.0869565217391304,6.1929683306494905,0.7783145464304885,0.14090177133655393,,
133,35.46698872785829,14.982555018786902,34.957058507783145,2.1739130434782608,4.17337627482555,1.0869565217391304,6.1929683306494905,0.8252818035426731,0.14090177133655393,,
134,35.35963499731616,15.22410091250671,34.78260869565217,2.1739130434782608,4.17337627482555,1.1808910359634996,6.146001073537305,0.8252818035426731,0.13419216317767044,,
135,35.86285560923242,15.08990874932904,34.594739667203434,2.167203435319377,4.17337627482555,1.1540526033279657,6.092324208266238,0.7313472893183038,0.13419216317767044,,
136,36.36607622114869,14.962426194310252,34.20558239398819,2.147074610842727,4.139828234031133,1.1540526033279657,6.018518518518518,0.8722490606548577,0.13419216317767044,,
137,36.74852388620504,14.848362855609233,33.97745571658615,2.147074610842727,4.126409017713366,1.1473429951690821,6.005099302200751,0.8655394524959742,0.13419216317767044,,
138,36.822329575952764,14.841653247450349,33.373590982286636,2.2342995169082127,4.367954911433173,1.133923778851315,5.998389694041868,1.093666129898014,0.13419216317767044,,
139,37.03032742887815,14.834943639291465,33.2259796027912,2.167203435319377,4.4753086419753085,1.1003757380568975,5.958132045088567,1.0735373054213635,0.13419216317767044,,
140,36.8491680085883,14.734299516908212,30.246913580246915,2.1604938271604937,7.669082125603865,1.1205045625335481,5.810520665593129,1.1473429951690821,0.2616747181964573,,
141,37.25845410628019,14.647074610842727,30.04562533548041,2.1068169618894257,7.6556629092860975,1.1205045625335481,5.763553408480945,1.1406333870101986,0.2616747181964573,,
142,37.43961352657005,14.51959205582394,29.8040794417606,2.1068169618894257,7.722758990874933,1.2278582930756843,5.776972624798712,1.1406333870101986,0.2616747181964573,,
143,37.96967257112185,14.338432635534085,29.435050993022006,2.1068169618894257,6.541867954911433,1.2278582930756843,6.977992485238862,1.1406333870101986,0.2616747181964573,,
144,38.12399355877617,14.278046162104133,29.22705314009662,2.2410091250670963,6.508319914117015,1.2278582930756843,6.904186795491143,1.2278582930756843,0.2616747181964573,,
145,38.26489533011272,14.029790660225443,28.710413311862588,2.227589908749329,6.568706387546968,1.4559849704777241,6.91760601180891,1.4559849704777241,0.36902844873859364,,
146,38.52657004830918,13.915727321524423,28.629898013955984,2.328234031132582,6.481481481481482,1.4559849704777241,6.756575415995706,1.5633387010198605,0.3421900161030596,,
147,38.85534084809447,13.821792807300053,28.348094471282877,2.3215244229736984,6.494900697799249,1.5230810520665594,6.729736983360172,1.5633387010198605,0.3421900161030596,,
148,34.17874396135266,26.455984970477726,19.98792270531401,1.9726247987117553,5.723295759527644,1.221148684916801,9.151905528717123,1.1272141706924315,0.18115942028985507,,
149,34.655126140633385,26.27482555018787,19.847020933977454,1.9189479334406871,5.6964573268921095,1.221148684916801,9.078099838969404,1.1272141706924315,0.18115942028985507,,
150,34.42028985507246,26.127214170692433,20.50456253354804,1.9726247987117553,5.495169082125604,1.221148684916801,8.970746108427267,1.107085346215781,0.18115942028985507,,
151,34.27938808373591,24.9597423510467,20.189210950080515,1.9457863660762211,7.380568974771873,1.2077294685990339,8.816425120772946,1.0399892646269457,0.18115942028985507,,
152,34.77589908749329,24.778582930756844,20.00805152979066,1.8853998926462694,7.440955448201825,1.1741814278046163,8.722490606548577,1.0332796564680622,0.18115942028985507,,
153,34.20558239398819,24.376006441223833,19.296833064949006,1.9524959742351047,6.4345142243692965,3.965378421900161,8.682232957595277,0.9057971014492754,0.18115942028985507,,
154,34.77589908749329,24.134460547504027,19.04186795491143,1.9122383252818036,6.508319914117015,3.9452495974235107,8.59500805152979,0.9057971014492754,0.18115942028985507,,
155,34.38674181427805,23.356146001073537,18.71309715512614,1.8988191089640365,6.394256575415996,4.30756843800322,9.856414385399892,0.9057971014492754,0.18115942028985507,,
156,34.92351046698873,23.121309715512613,18.53864734299517,1.8719806763285025,6.400966183574879,4.274020397208803,9.728931830381105,0.9057971014492754,0.18115942028985507,0.05367686527106817,
157,35.63472893183038,22.71202361782072,18.243424584004295,1.8719806763285025,6.400966183574879,4.260601180891036,9.708803005904455,0.9326355340848095,0.18115942028985507,0.05367686527106817,
158,35.829307568438004,22.457058507783145,18.189747718733226,1.9860440150295222,6.535158346752549,4.247181964573269,9.588030059044552,0.9326355340848095,0.18115942028985507,0.05367686527106817,
159,36.312399355877616,22.262479871175522,18.04213633923779,1.8786902844873858,6.508319914117015,4.361245303274289,9.50751476113795,0.8923778851315083,0.18115942028985507,0.05367686527106817,
160,36.7686527106817,22.007514761137948,18.02871712292002,1.8719806763285025,6.454643048845948,4.327697262479871,9.480676328502415,0.8722490606548577,0.13419216317767044,0.05367686527106817,
161,36.81561996779388,21.66532474503489,18.719806763285025,1.7713365539452497,6.320450885668277,4.119699409554482,9.31964573268921,1.0802469135802468,0.13419216317767044,0.05367686527106817,
162,37.124261943102525,21.497584541062803,18.397745571658614,1.9659151905528718,6.615673644659152,3.8848631239935587,9.245840042941492,1.0802469135802468,0.13419216317767044,0.05367686527106817,
163,36.802200751476114,21.28287707997853,19.85373054213634,1.8585614600107354,6.481481481481482,3.851315083199141,8.608427267847558,1.1406333870101986,0.06709608158883522,0.05367686527106817,
164,36.10440150295223,20.90713902308105,21.175523349436393,1.8451422436929683,6.374127750939345,3.8177670424047236,8.420558239398819,1.2345679012345678,0.06709608158883522,0.05367686527106817,
165,36.41304347826087,20.799785292538918,20.967525496511005,1.865271068169619,6.461352657004831,3.750670960815888,8.246108427267847,1.3486312399355878,0.06709608158883522,0.08051529790660225,
166,37.30542136339238,20.564949006977994,20.457595276435857,1.8048845947396672,6.427804616210413,3.7238325281803544,8.272946859903382,1.2949543746645196,0.06709608158883522,0.08051529790660225,
167,37.5805152979066,20.457595276435857,20.41062801932367,1.932367149758454,6.427804616210413,3.569511540526033,8.179012345679013,1.2949543746645196,0.06709608158883522,0.08051529790660225,
168,36.33923778851315,18.82716049382716,20.497852925389157,4.294149221685454,6.166129898013956,3.569511540526033,8.943907675791733,1.2949543746645196,0.06709608158883522,,
169,36.4398819108964,18.471551261406333,20.511272141706925,4.555823939881911,6.072195383789587,3.569511540526033,8.910359634997317,1.402308105206656,0.06709608158883522,,
170,36.89613526570049,17.98174986580784,20.303274288781534,4.522275899087493,6.407675791733762,3.5628019323671496,8.856682769726248,1.402308105206656,0.06709608158883522,,
171,37.23832528180354,17.70665593129361,19.90740740740741,4.488727858293076,6.736446591519055,3.656736446591519,8.796296296296296,1.402308105206656,0.06709608158883522,,
172,37.01690821256039,17.156468062265162,19.612184648416534,4.1532474503489,6.756575415995706,4.958400429414922,8.789586688137414,1.4895330112721417,0.06709608158883522,,
173,37.31213097155126,17.008856682769725,19.424315619967793,4.1532474503489,6.696188942565755,4.951690821256038,8.59500805152979,1.7914653784219001,0.06709608158883522,,
174,37.76838432635534,16.982018250134193,19.229736983360173,4.045893719806763,6.662640901771336,4.904723564143854,8.548040794417606,1.7914653784219001,0.06709608158883522,,
175,38.00322061191626,16.901502952227588,19.209608158883523,4.05931293612453,6.602254428341385,4.891304347826087,8.474235104669887,1.7914653784219001,0.06709608158883522,,
176,38.479602791196996,16.686795491143318,19.14922168545357,4.032474503488996,6.5485775630703165,4.851046698872786,8.413848631239935,1.7713365539452497,0.06709608158883522,,
177,38.79495437466452,16.371443907675793,19.082125603864736,3.965378421900161,6.830381105743425,4.804079441760601,8.225979602791197,1.7713365539452497,0.15432098765432098,,
178,39.190821256038646,16.27750939345142,18.90096618357488,3.9184111647879765,6.796833064949007,4.804079441760601,8.07836822329576,1.7713365539452497,0.2616747181964573,,
179,39.57326892109501,16.19699409554482,18.753354804079443,3.851315083199141,6.749865807836822,4.790660225442834,8.064949006977992,1.7579173376274826,0.2616747181964573,,
180,40.29790660225443,16.0426731078905,18.431293612453032,3.6902844873859366,6.615673644659152,4.817498658078368,7.997852925389157,1.710950080515298,0.2616747181964573,0.13419216317767044,
181,40.633387010198604,15.827965646806227,18.49838969404187,3.8177670424047236,6.535158346752549,4.643048845947397,7.944176060118089,1.7042404723564144,0.2616747181964573,0.13419216317767044,
182,41.196994095544824,15.713902308105206,18.4044551798175,3.7909286097691894,6.447933440687064,4.555823939881911,7.843531937734836,1.6505636070853462,0.2616747181964573,0.13419216317767044,
183,41.358024691358025,15.599838969404187,18.323939881910896,3.864734299516908,6.414385399892646,4.4820182501341925,7.917337627482555,1.6438539989264627,0.2616747181964573,0.13419216317767044,
184,41.74047235641439,15.425389157273216,18.12265163714439,3.9318303811057436,6.447933440687064,4.549114331723027,7.763016639828234,1.6304347826086956,0.2549651100375738,0.13419216317767044,
185,41.646537842190014,15.177133655394526,17.693236714975846,4.072732152442297,6.266774020397209,5.662909286097692,7.615405260332796,1.5297906602254427,0.2549651100375738,0.08051529790660225,
186,41.7740203972088,15.157004830917874,17.612721417069242,4.045893719806763,6.260064412238325,5.662909286097692,7.64224369296833,1.5096618357487923,0.2549651100375738,0.08051529790660225,
187,42.00214707461084,15.042941492216855,17.498658078368223,4.03918411164788,6.226516371443908,5.629361245303274,7.75630703166935,1.4694041867954912,0.2549651100375738,0.08051529790660225,
188,42.169887278582934,14.88191089640365,17.458400429414922,4.159957058507783,6.1929683306494905,5.60252281266774,7.742887815351583,1.4559849704777241,0.2549651100375738,0.08051529790660225,
189,42.50536768652711,14.781266774020397,17.371175523349436,4.159957058507783,6.226516371443908,5.501878690284487,7.669082125603865,1.4492753623188406,0.2549651100375738,0.08051529790660225,
190,42.72007514761138,14.673913043478262,17.364465915190554,4.146537842190016,6.239935587761675,5.441492216854535,7.648953301127214,1.42914653784219,0.2549651100375738,0.08051529790660225,
191,43.01529790660226,14.647074610842727,17.156468062265162,4.133118625872249,6.172839506172839,5.360976918947934,7.749597423510467,1.42914653784219,0.2549651100375738,0.08051529790660225,
192,42.53891572732152,13.439345142243694,16.968599033816425,4.200214707461084,8.017981749865807,5.381105743424584,7.75630703166935,1.3620504562533549,0.2549651100375738,0.08051529790660225,
193,42.13633923778851,13.325281803542673,18.686258722490606,4.1532474503489,7.071926999463232,5.374396135265701,7.62211486849168,1.3150831991411702,0.2549651100375738,0.06038647342995169,
194,42.43827160493827,13.177670424047236,18.55877616747182,3.8714439076757916,7.185990338164252,5.340848094471283,7.568438003220612,1.3150831991411702,0.2549651100375738,0.06038647342995169,0.2281266774020397
195,42.70665593129361,13.01663982823403,18.203166935050994,3.9989264626945786,7.4006977992485234,5.414653784219001,7.461084272678476,1.3150831991411702,0.19457863660762212,0.06038647342995169,0.2281266774020397
196,42.48523886205046,12.130971551261407,18.02200751476114,3.9519592055823938,7.4208266237251745,6.890767579173376,7.39398819108964,1.2345679012345678,0.18115942028985507,0.06038647342995169,0.2281266774020397
197,42.76704240472356,11.922973698336017,17.538915727321523,3.92512077294686,7.501341921631776,7.4141170155662905,7.206119162640902,1.2546967257112185,0.18115942028985507,0.06038647342995169,0.2281266774020397
198,42.860976918947934,11.614331723027375,17.28395061728395,3.9586688137412773,8.179012345679013,7.212828770799785,7.1658615136876005,1.2546967257112185,0.18115942028985507,0.06038647342995169,0.2281266774020397
199,43.16961889425657,11.56736446591519,17.156468062265162,3.9452495974235107,8.199141170155663,7.092055823939882,7.14573268921095,1.2546967257112185,0.18115942028985507,0.06038647342995169,0.2281266774020397
200,42.46511003757381,11.252012882447666,18.45813204508857,3.7775093934514223,8.36688137412775,7.011540526033279,6.957863660762212,1.2412775093934514,0.18115942028985507,0.06038647342995169,0.2281266774020397
201,42.45840042941492,11.238593666129898,18.370907139023082,3.7640901771336552,8.36688137412775,6.977992485238862,6.9310252281266775,1.4224369296833066,0.18115942028985507,0.06038647342995169,0.2281266774020397
202,42.62614063338701,11.171497584541063,18.270263016639827,3.864734299516908,8.192431561996779,6.944444444444445,6.991411701556629,1.4224369296833066,0.18115942028985507,0.10735373054213634,0.2281266774020397
203,42.860976918947934,11.117820719269995,18.00187869028449,3.864734299516908,8.433977455716587,6.850509930220075,6.944444444444445,1.4090177133655395,0.18115942028985507,0.10735373054213634,0.2281266774020397
204,43.17632850241546,11.07085346215781,17.934782608695652,3.9049919484702094,8.387010198604402,6.756575415995706,6.843800322061192,1.4090177133655395,0.18115942028985507,0.10735373054213634,0.2281266774020397
205,43.37761674718197,10.909822866344605,17.834138486312398,3.9989264626945786,8.460815888352121,6.736446591519055,6.756575415995706,1.4090177133655395,0.18115942028985507,0.10735373054213634,0.2281266774020397
206,43.73993558776167,10.795759527643586,17.787171229200215,4.012345679012346,8.373590982286634,6.649221685453569,6.749865807836822,1.3955984970477724,0.18115942028985507,0.10735373054213634,0.20799785292538917
207,43.853998926462694,10.7085346215781,17.673107890499196,4.025764895330113,8.373590982286634,6.635802469135802,6.837090713902308,1.3955984970477724,0.18115942028985507,0.10735373054213634,0.20799785292538917
208,44.155931293612454,10.61460010735373,17.49194847020934,4.005636070853462,8.266237251744498,6.736446591519055,6.837090713902308,1.3955984970477724,0.18115942028985507,0.10735373054213634,0.20799785292538917
209,44.38405797101449,10.466988727858293,17.364465915190554,4.126409017713366,8.219269994632313,6.655931293612453,6.790123456790123,1.3754696725711217,0.30193236714975846,0.10735373054213634,0.20799785292538917
210,44.585346215781,10.446859903381643,17.310789049919485,4.092860976918948,8.185721953837897,6.649221685453569,6.776704240472356,1.3352120236178207,0.30193236714975846,0.10735373054213634,0.20799785292538917
211,44.71953837895867,10.420021470746109,17.163177670424048,4.186795491143317,8.044820182501342,6.635802469135802,6.877348362855609,1.3352120236178207,0.30193236714975846,0.10735373054213634,0.20799785292538917
212,45.05501878690284,10.379763821792807,17.04911433172303,4.166666666666667,7.930756843800322,6.689479334406871,6.796833064949007,1.3352120236178207,0.30193236714975846,0.10735373054213634,0.1878690284487386
213,45.24288781535159,10.359634997316157,16.881374127750938,4.200214707461084,7.917337627482555,6.743156199677939,6.743156199677939,1.3217928073000538,0.30193236714975846,0.10064412238325282,0.1878690284487386
214,45.3569511540526,10.285829307568438,16.6129898013956,4.119699409554482,8.024691358024691,6.6760601180891035,6.884057971014493,1.4492753623188406,0.30193236714975846,0.10064412238325282,0.1878690284487386
215,45.772946859903385,10.279119699409554,16.492216854535695,4.012345679012346,7.96430488459474,6.461352657004831,6.984702093397746,1.3754696725711217,0.36902844873859364,0.10064412238325282,0.1878690284487386
216,46.18894256575416,10.198604401502953,16.404991948470208,3.992216854535695,7.816693505099302,6.407675791733762,6.957863660762212,1.3754696725711217,0.36902844873859364,0.10064412238325282,0.1878690284487386
217,46.39023081052066,10.104669887278583,16.23725174449812,3.864734299516908,7.890499194847021,6.407675791733762,6.984702093397746,1.4761137949543746,0.35560923242082665,0.10064412238325282,0.1878690284487386
218,45.6857219538379,9.883252818035427,16.06280193236715,3.079710144927536,7.568438003220612,8.964036500268385,6.830381105743425,1.4694041867954912,0.35560923242082665,0.10064412238325282,
219,45.289855072463766,9.829575952764358,15.438808373590982,4.294149221685454,7.5348899624261945,8.917069243156199,6.823671497584541,1.415727321524423,0.35560923242082665,0.10064412238325282,
220,45.56494900697799,9.769189479334408,15.432098765432098,4.38137412775094,7.474503488996243,8.82313472893183,6.6827697262479875,1.415727321524423,0.35560923242082665,0.10064412238325282,
221,45.6857219538379,9.749060654857756,15.331454643048845,4.441760601180891,7.474503488996243,8.78287707997853,6.655931293612453,1.4224369296833066,0.35560923242082665,0.10064412238325282,
222,46.182232957595275,9.614868491680086,15.103327965646805,4.441760601180891,7.447665056360709,8.722490606548577,6.629092860976919,1.402308105206656,0.35560923242082665,0.10064412238325282,
223,46.3365539452496,9.520933977455716,14.908749329039184,4.428341384863124,7.50805152979066,8.863392377885132,6.602254428341385,1.402308105206656,0.32877079978529256,0.10064412238325282,
224,46.745840042941495,9.426999463231347,14.841653247450349,4.414922168545357,7.4141170155662905,8.742619431025227,6.602254428341385,1.3821792807300053,0.32877079978529256,0.10064412238325282,
225,46.95383789586688,9.380032206119163,14.660493827160494,4.394793344068707,7.474503488996243,8.729200214707461,6.595544820182502,1.3821792807300053,0.32877079978529256,0.10064412238325282,
226,47.22222222222222,9.185453569511541,14.472624798711756,4.408212560386473,7.722758990874933,8.601717659688674,6.468062265163715,1.3821792807300053,0.43612453032742887,0.10064412238325282,
227,47.25577026301664,9.138486312399356,14.486044015029522,4.408212560386473,7.716049382716049,8.501073537305421,6.595544820182502,1.3620504562533549,0.43612453032742887,0.10064412238325282,
228,47.5979602791197,9.064680622651638,14.392109500805153,4.361245303274289,7.501341921631776,8.635265700483092,6.588835212023618,1.3217928073000538,0.43612453032742887,0.10064412238325282,
229,47.765700483091784,9.044551798174986,14.40552871712292,4.3545356951154055,7.440955448201825,8.648684916800859,6.561996779388084,1.2412775093934514,0.43612453032742887,0.10064412238325282,
230,48.20182501341922,9.044551798174986,14.278046162104133,4.3478260869565215,7.333601717659689,8.480944712828771,6.5485775630703165,1.2278582930756843,0.43612453032742887,0.10064412238325282,
231,47.92002147074611,8.923778851315083,14.27133655394525,4.555823939881911,7.4006977992485234,8.635265700483092,6.528448738593666,1.2278582930756843,0.43612453032742887,0.10064412238325282,
232,48.11460010735373,8.870101986044014,14.17740203972088,4.51556629092861,7.427536231884058,8.57487922705314,6.588835212023618,1.1943102522812667,0.43612453032742887,0.10064412238325282,
233,48.57085346215781,8.84326355340848,13.996242619431026,4.488727858293076,7.353730542136339,8.480944712828771,6.461352657004831,1.2815351583467525,0.4227053140096618,0.10064412238325282,
234,48.718464841653244,8.863392377885132,13.92914653784219,4.435050993022007,7.326892109500805,8.581588835212024,6.461352657004831,1.2815351583467525,0.30193236714975846,0.10064412238325282,
235,48.70504562533548,8.796296296296296,14.110305958132045,4.388083735909823,7.246376811594203,8.568169618894256,6.454643048845948,1.328502415458937,0.30193236714975846,0.10064412238325282,
236,48.8593666129898,8.702361782071927,14.143853998926463,4.4820182501341925,7.212828770799785,8.427267847557703,6.4412238325281805,1.328502415458937,0.30193236714975846,0.10064412238325282,
