,45,50,51,52,55,56,53,59,54,57,58,60,61,62,66,63
0,99.38271604938272,0.6038647342995169,0.013419216317767043,,,,,,,,,,,,,
1,86.26543209876543,13.674181427804616,0.013419216317767043,0.013419216317767043,0.03354804079441761,,,,,,,,,,,
2,83.19243156199678,13.399087493290391,3.2877079978529253,0.013419216317767043,0.04696725711218465,0.06038647342995169,,,,,,,,,,
3,68.63258185721953,27.831454643048847,3.2139023081052067,0.013419216317767043,0.1878690284487386,0.12077294685990338,,,,,,,,,,
4,68.34406870638755,24.711486849168008,3.207192699946323,0.020128824476650563,0.2281266774020397,0.15432098765432098,3.3011272141706924,0.03354804079441761,,,,,,,,
5,64.44578636607622,28.435319377348364,3.2004830917874396,0.013419216317767043,0.322061191626409,0.15432098765432098,3.2675791733762747,0.06709608158883522,0.0939345142243693,,,,,,,
6,64.03650026838433,28.63660762211487,3.2206119162640903,0.013419216317767043,0.5099302200751477,0.15432098765432098,3.240740740740741,0.0939345142243693,0.0939345142243693,,,,,,,
7,54.05931293612453,39.20424047235642,2.5563607085346214,0.026838432635534086,0.6038647342995169,0.10735373054213634,3.2206119162640903,0.10735373054213634,0.11406333870101985,,,,,,,
8,50.0805152979066,34.98389694041868,10.225442834138486,0.040257648953301126,1.0131508319914118,0.13419216317767044,3.193773483628556,0.13419216317767044,0.19457863660762212,,,,,,,
9,49.7987117552335,35.158346752549654,10.225442834138486,0.08051529790660225,1.0399892646269457,0.17444981213097155,3.193773483628556,0.13419216317767044,0.19457863660762212,,,,,,,
10,49.43639291465379,30.48174986580784,8.467525496511003,6.729736983360172,0.8923778851315083,0.4562533548040794,3.1468062265163717,0.16774020397208803,0.20799785292538917,0.013419216317767043,,,,,,
11,49.080783682232955,30.723295759527645,8.454106280193237,6.6827697262479875,0.9728931830381106,0.5032206119162641,3.066290928609769,0.24825550187869028,0.20799785292538917,0.06038647342995169,,,,,,
12,48.90633387010199,30.709876543209877,8.333333333333334,6.568706387546968,1.1137949543746646,0.6977992485238862,3.0327428878153517,0.33548040794417605,0.20799785292538917,0.0939345142243693,,,,,,
13,48.44337090713902,31.052066559312937,8.387010198604402,6.588835212023618,1.1473429951690821,0.6977992485238862,3.046162104133119,0.33548040794417605,0.20799785292538917,0.0939345142243693,,,,,,
14,43.13607085346216,29.428341384863124,15.33816425120773,6.622383252818035,1.221148684916801,0.7045088566827697,2.9790660225442833,0.28180354267310787,0.19457863660762212,0.0939345142243693,,,,,,
15,42.93478260869565,28.79092860976919,16.545893719806763,6.347289318303811,1.3486312399355878,0.5434782608695652,2.9388083735909825,0.2952227589908749,0.19457863660762212,0.06038647342995169,,,,,,
16,41.55260332796565,31.629092860976918,14.573268921095009,6.199677938808374,1.3016639828234031,0.47638217928073,3.844605475040258,0.2281266774020397,0.13419216317767044,0.06038647342995169,,,,,,
17,41.418411164787976,31.5150295222759,14.573268921095009,6.179549114331723,1.3821792807300053,0.5300590445517982,3.8311862587224907,0.2281266774020397,0.2214170692431562,0.12077294685990338,,,,,,
18,36.64117015566291,37.567096081588836,13.056897477187333,6.152710681696189,1.4761137949543746,0.5434782608695652,3.81105743424584,0.24825550187869028,0.35560923242082665,0.14761137949543746,,,,,,
19,36.25872249060655,37.2987117552335,12.506709608158884,6.152710681696189,2.5563607085346214,0.7112184648416533,3.7775093934514223,0.2549651100375738,0.35560923242082665,0.1274825550187869,,,,,,
20,36.111111111111114,37.063875469672574,11.56736446591519,7.977724100912507,2.563070316693505,0.5904455179817498,3.4151905528717124,0.2549651100375738,0.35560923242082665,0.10064412238325282,,,,,,
21,35.45356951154053,37.513419216317764,11.54723564143854,7.977724100912507,2.7308105206655933,0.630703166935051,3.388352120236178,0.2683843263553409,0.35560923242082665,0.1274825550187869,0.0067096081588835215,,,,,
22,35.14492753623188,36.090982286634464,11.466720343531938,7.997852925389157,2.7509393451422435,0.7783145464304885,4.938271604938271,0.2683843263553409,0.35560923242082665,0.1610305958132045,0.04696725711218465,,,,,
23,35.03086419753087,36.04401502952228,11.392914653784219,8.071658615136876,2.918679549114332,0.785024154589372,4.931561996779388,0.2683843263553409,0.35560923242082665,0.1610305958132045,0.040257648953301126,,,,,
24,32.46108427267848,33.63526570048309,20.12211486849168,5.152979066022544,1.8317230273752012,0.5837359098228664,5.273752012882448,0.2683843263553409,0.35560923242082665,0.2549651100375738,0.06038647342995169,,,,,
25,24.44310252281267,44.498121309715515,19.981213097155127,4.126409017713366,2.15378421900161,0.6038647342995169,3.374932903918411,0.12077294685990338,0.36231884057971014,0.27509393451422437,0.06038647342995169,,,,,
26,24.322329575952764,44.36392914653784,19.94766505636071,4.012345679012346,2.5026838432635534,0.6508319914117016,3.374932903918411,0.12077294685990338,0.36902844873859364,0.27509393451422437,0.06038647342995169,,,,,
27,23.423242082662373,43.45813204508857,21.430488459473967,4.045893719806763,2.737520128824477,0.6709608158883521,3.3682232957595275,0.12077294685990338,0.39586688137412773,0.2885131508319914,0.06038647342995169,,,,,
28,23.315888352120236,43.29710144927536,21.430488459473967,4.005636070853462,2.8650026838432634,0.7246376811594203,3.3682232957595275,0.12077294685990338,0.49651100375738055,0.3153515834675255,0.06038647342995169,,,,,
29,19.80005367686527,45.30327428878154,22.940150295222757,3.978797638217928,2.9119699409554483,0.7179280730005367,3.3682232957595275,0.12077294685990338,0.4830917874396135,0.3153515834675255,0.06038647342995169,,,,,
30,19.659151905528716,43.76677402039721,22.564412238325282,3.9318303811057436,2.9388083735909825,0.8319914117015567,5.246913580246914,0.12077294685990338,0.48980139559849706,0.3488996242619431,0.10064412238325282,,,,,
31,18.095813204508858,45.833333333333336,19.04186795491143,8.447396672034353,2.281266774020397,0.6910896403650026,4.783950617283951,0.12077294685990338,0.24825550187869028,0.30193236714975846,0.15432098765432098,,,,,
32,18.095813204508858,45.4777241009125,18.968062265163713,8.373590982286634,2.636876006441224,0.7917337627482555,4.757112184648417,0.12077294685990338,0.2616747181964573,0.2885131508319914,0.2281266774020397,,,,,
33,17.860976918947934,43.25013419216318,21.67874396135266,7.729468599033816,2.7643585614600106,0.9326355340848095,4.918142780461621,0.13419216317767044,0.2616747181964573,0.2885131508319914,0.18115942028985507,,,,,
34,17.673107890499196,40.54616210413312,25.140901771336555,7.682501341921632,2.5496511003757383,1.0265700483091786,3.569511540526033,0.14090177133655393,1.1473429951690821,0.2885131508319914,0.2281266774020397,0.0067096081588835215,,,,
35,17.64626945786366,40.37842190016103,24.90606548577563,7.675791733762749,2.771068169618894,1.2345679012345678,3.4151905528717124,0.16774020397208803,1.2815351583467525,0.27509393451422437,0.24154589371980675,0.0067096081588835215,,,,
36,17.431561996779386,40.17042404723564,24.765163714439076,7.675791733762749,3.046162104133119,1.4962426194310252,3.388352120236178,0.18115942028985507,1.2546967257112185,0.27509393451422437,0.30864197530864196,0.0067096081588835215,,,,
37,17.398013955984972,39.28475577026302,24.52361782071927,7.675791733762749,3.92512077294686,1.751207729468599,3.374932903918411,0.18115942028985507,1.2681159420289856,0.27509393451422437,0.33548040794417605,0.0067096081588835215,,,,
38,16.190284487385938,38.56682769726248,31.414385399892645,3.535963499731616,3.515834675254965,2.059849704777241,2.9924852388620504,0.18115942028985507,1.1943102522812667,0.040257648953301126,0.2549651100375738,0.05367686527106817,,,,
39,16.150026838432634,38.54669887278583,31.253354804079443,3.5225442834138487,3.6366076221148687,2.167203435319377,2.9924852388620504,0.18115942028985507,1.1943102522812667,0.040257648953301126,0.2616747181964573,0.05367686527106817,,,,
40,10.02415458937198,48.55072463768116,27.84487385936661,3.4621578099838968,3.556092324208266,2.2410091250670963,2.690552871712292,0.2281266774020397,1.0466988727858293,0.040257648953301126,0.2616747181964573,0.05367686527106817,,,,
41,9.91009125067096,47.77241009125067,26.610305958132045,3.4621578099838968,3.9586688137412773,2.059849704777241,4.602791196994096,0.20799785292538917,1.0466988727858293,0.040257648953301126,0.27509393451422437,0.05367686527106817,,,,
42,9.842995169082126,47.0679012345679,26.02657004830918,3.3279656468062266,5.12614063338701,2.2208803005904456,4.74369296833065,0.20799785292538917,1.0399892646269457,0.040257648953301126,0.2683843263553409,0.05367686527106817,0.03354804079441761,,,
43,9.688674181427805,47.08132045088567,25.93263553408481,3.3279656468062266,5.233494363929147,2.328234031132582,4.736983360171766,0.20799785292538917,1.0534084809447128,0.05367686527106817,0.2683843263553409,0.05367686527106817,0.03354804079441761,,,
44,8.668813741277509,46.725711218464845,27.72410091250671,2.818035426731079,5.10601180891036,2.5831991411701556,4.669887278582931,0.19457863660762212,1.0534084809447128,0.05367686527106817,0.3153515834675255,0.05367686527106817,0.03354804079441761,,,
45,8.668813741277509,46.423778851315085,27.61003757380569,2.818035426731079,5.381105743424584,2.5831991411701556,4.669887278582931,0.19457863660762212,1.1540526033279657,0.08051529790660225,0.3153515834675255,0.05367686527106817,0.04696725711218465,,,
46,8.628556092324208,42.03569511540526,32.72275899087493,2.818035426731079,5.119431025228127,2.0531400966183573,4.622920021470746,0.19457863660762212,1.1473429951690821,0.06709608158883522,0.48980139559849706,0.05367686527106817,0.04696725711218465,,,
47,8.588298443370908,41.84782608695652,32.63553408480945,2.818035426731079,5.193236714975845,2.254428341384863,4.569243156199678,0.19457863660762212,1.221148684916801,0.06709608158883522,0.48980139559849706,0.07380568974771873,0.04696725711218465,,,
48,8.55475040257649,41.666666666666664,32.54159957058508,2.818035426731079,5.293880837359098,2.3752012882447664,4.656468062265164,0.19457863660762212,1.221148684916801,0.06709608158883522,0.48980139559849706,0.07380568974771873,0.04696725711218465,,,
49,8.239398819108963,34.09822866344606,43.42458400429415,2.757648953301127,3.5225442834138487,2.4490069779924855,3.5426731078904994,0.19457863660762212,1.133923778851315,0.08051529790660225,0.46967257112184646,0.07380568974771873,0.013419216317767043,,,
50,8.145464304884594,33.89023081052066,43.21658615136876,2.771068169618894,3.5628019323671496,2.6502952227589907,3.770799785292539,0.19457863660762212,1.1607622114868492,0.08051529790660225,0.46967257112184646,0.07380568974771873,0.013419216317767043,,,
51,8.05823939881911,33.47423510466989,43.001878690284485,2.7777777777777777,3.8915727321524423,2.918679549114332,3.8714439076757916,0.19457863660762212,1.1607622114868492,0.08051529790660225,0.4830917874396135,0.07380568974771873,0.013419216317767043,,,
52,8.011272141706923,32.83682232957595,45.70585077831455,2.6972624798711755,3.8311862587224907,3.260869565217391,1.7847557702630166,0.12077294685990338,1.1741814278046163,0.05367686527106817,0.43612453032742887,0.07380568974771873,0.013419216317767043,,,
53,7.830112721417069,32.729468599033815,45.37707997852925,2.636876006441224,4.086151368760064,3.535963499731616,1.8451422436929683,0.12077294685990338,1.2010198604401503,0.08722490606548577,0.4495437466451959,0.07380568974771873,0.026838432635534086,,,
54,7.742887815351583,32.50805152979066,45.17579173376275,2.690552871712292,4.280730005367687,3.7573805689747717,1.865271068169619,0.12077294685990338,1.2077294685990339,0.10064412238325282,0.4495437466451959,0.07380568974771873,0.026838432635534086,,,
55,7.716049382716049,32.32018250134192,45.07514761137949,2.6838432635534084,4.522275899087493,3.8378958668813743,1.8585614600107354,0.12077294685990338,1.2077294685990339,0.10064412238325282,0.4562533548040794,0.07380568974771873,0.026838432635534086,,,
56,6.863929146537842,29.965110037573805,49.91277509393451,2.5496511003757383,4.3545356951154055,2.5831991411701556,1.8250134192163177,0.12077294685990338,1.1808910359634996,0.08722490606548577,0.4562533548040794,0.07380568974771873,0.026838432635534086,,,
57,6.843800322061192,29.864465915190554,49.684648416532475,2.5496511003757383,4.555823939881911,2.703972088030059,1.8115942028985508,0.12077294685990338,1.2077294685990339,0.08722490606548577,0.46967257112184646,0.07380568974771873,0.026838432635534086,,,
58,6.716317767042405,27.9723564143854,52.18733225979603,1.9457863660762211,4.455179817498658,3.0730005367686526,1.724369296833065,0.12077294685990338,1.1808910359634996,0.08722490606548577,0.43612453032742887,0.07380568974771873,0.026838432635534086,,,
59,6.6827697262479875,27.84487385936661,51.99946323134729,1.9927536231884058,4.51556629092861,3.2474503488996245,1.7579173376274826,0.12077294685990338,1.1876006441223832,0.11406333870101985,0.43612453032742887,0.07380568974771873,0.026838432635534086,,,
60,6.6827697262479875,27.730810520665592,51.80488459473967,1.9927536231884058,4.656468062265164,3.4420289855072466,1.7176596886741815,0.12077294685990338,1.1876006441223832,0.11406333870101985,0.4495437466451959,0.07380568974771873,0.026838432635534086,,,
61,6.6827697262479875,27.623456790123456,51.51637144390767,1.9927536231884058,4.690016103059581,3.670155662909286,1.7646269457863661,0.12077294685990338,1.2077294685990339,0.13419216317767044,0.43612453032742887,0.07380568974771873,0.08722490606548577,,,
62,6.6827697262479875,27.542941492216855,51.04669887278583,1.9659151905528718,4.74369296833065,4.126409017713366,1.7646269457863661,0.12077294685990338,1.247987117552335,0.13419216317767044,0.46296296296296297,0.07380568974771873,0.08722490606548577,,,
63,6.66935050993022,27.361782071927,50.83870101986044,1.9927536231884058,4.8443370907139025,4.314278046162104,1.7847557702630166,0.1274825550187869,1.2748255501878691,0.15432098765432098,0.46296296296296297,0.08722490606548577,0.08722490606548577,,,
64,6.582125603864735,27.34836285560923,50.516639828234034,1.9927536231884058,4.951690821256038,4.569243156199678,1.8317230273752012,0.1274825550187869,1.2748255501878691,0.16774020397208803,0.46296296296296297,0.08722490606548577,0.08722490606548577,,,
65,6.528448738593666,27.120236178207193,50.17444981213097,1.9927536231884058,5.233494363929147,4.884594739667204,1.8317230273752012,0.1274825550187869,1.3150831991411702,0.16774020397208803,0.4495437466451959,0.08722490606548577,0.08722490606548577,,,
66,6.528448738593666,26.757917337627482,45.571658615136876,8.232689210950081,4.985238862050457,4.180085882984434,1.4626945786366077,0.1274825550187869,1.3955984970477724,0.18115942028985507,0.41599570585077833,0.07380568974771873,0.08722490606548577,,,
67,6.528448738593666,26.73107890499195,45.3166935050993,8.185721953837897,5.10601180891036,4.3478260869565215,1.4559849704777241,0.10064412238325282,1.3955984970477724,0.23483628556092323,0.43612453032742887,0.07380568974771873,0.08722490606548577,,,
68,6.494900697799249,26.637144390767578,44.16935050993022,8.031400966183575,5.22007514761138,4.636339237788513,2.408749329039184,0.14090177133655393,1.3888888888888888,0.27509393451422437,0.43612453032742887,0.07380568974771873,0.08722490606548577,,,
69,6.454643048845948,26.623725174449813,43.612453032742884,7.98443370907139,5.233494363929147,5.159688674181428,2.3349436392914655,0.14090177133655393,1.415727321524423,0.30193236714975846,0.5770263016639828,0.07380568974771873,0.08722490606548577,,,
70,6.454643048845948,25.986312399355878,43.43129361245303,7.924047235641439,4.9651100375738055,5.340848094471283,3.2340311325818574,0.14090177133655393,1.42914653784219,0.2885131508319914,0.6172839506172839,0.07380568974771873,0.11406333870101985,,,
71,6.427804616210413,25.05367686527107,37.34567901234568,15.405260332796564,4.8443370907139025,5.186527106816962,3.0327428878153517,0.14090177133655393,1.4492753623188406,0.30864197530864196,0.6172839506172839,0.07380568974771873,0.11406333870101985,,,
72,6.414385399892646,24.9597423510467,37.2987117552335,15.351583467525497,4.8443370907139025,5.226784755770263,3.026033279656468,0.14090177133655393,1.5163714439076759,0.38915727321524424,0.6172839506172839,0.10064412238325282,0.11406333870101985,,,
73,6.353998926462695,24.9194847020934,37.0907139023081,15.318035426731079,5.01207729468599,5.374396135265701,3.052871712292002,0.14090177133655393,1.570048309178744,0.33548040794417605,0.6172839506172839,0.10064412238325282,0.11406333870101985,,,
74,6.353998926462695,24.738325281803544,36.95652173913044,15.28448738593666,5.12614063338701,5.5756843800322065,3.052871712292002,0.14090177133655393,1.596886741814278,0.33548040794417605,0.6239935587761675,0.10064412238325282,0.11406333870101985,,,
75,6.347289318303811,24.718196457326894,36.882716049382715,15.250939345142244,5.179817498658078,5.642780461621041,3.0394524959742353,0.14090177133655393,1.596886741814278,0.36231884057971014,0.6239935587761675,0.10064412238325282,0.11406333870101985,,,
76,6.327160493827161,24.4699409554482,41.035963499731615,10.802469135802468,5.246913580246914,6.293612453032743,2.871712292002147,0.14090177133655393,1.6103059581320451,0.322061191626409,0.6642512077294686,0.10064412238325282,0.11406333870101985,,,
77,6.300322061191626,24.362587224906065,40.64009661835749,10.72866344605475,5.381105743424584,6.662640901771336,2.871712292002147,0.14090177133655393,1.6103059581320451,0.38915727321524424,0.6977992485238862,0.10064412238325282,0.11406333870101985,,,
78,6.213097155126141,24.322329575952764,40.33145464304884,10.681696188942565,5.508588298443371,6.971282877079979,2.8918411164787976,0.14090177133655393,1.6103059581320451,0.4294149221685454,0.6977992485238862,0.10064412238325282,0.10064412238325282,,,
79,3.1602254428341383,25.389157273215243,37.204777241009126,18.055555555555557,4.455179817498658,6.340579710144928,2.563070316693505,0.14090177133655393,1.2546967257112185,0.5032206119162641,0.6977992485238862,0.10064412238325282,0.13419216317767044,,,
80,3.1602254428341383,25.228126677402038,36.460010735373054,17.85426731078905,5.481749865807837,6.347289318303811,2.563070316693505,0.14090177133655393,1.2949543746645196,0.5099302200751477,0.7246376811594203,0.10064412238325282,0.13419216317767044,,,
81,3.066290928609769,25.140901771336555,36.030595813204506,17.8743961352657,5.548845947396672,6.716317767042405,2.576489533011272,0.14090177133655393,1.288244766505636,0.6038647342995169,0.7581857219538379,0.10735373054213634,0.14761137949543746,,,
82,2.818035426731079,22.416800858829845,39.33843263553408,17.270531400966185,5.293880837359098,6.300322061191626,4.012345679012346,0.08722490606548577,0.9997316156736447,0.6172839506172839,0.5971551261406334,0.11406333870101985,0.13419216317767044,,,
83,2.818035426731079,22.27589908749329,39.29817498658078,17.223564143854,5.555555555555555,6.3137412775093935,3.9184111647879765,0.08722490606548577,0.9863123993558777,0.6910896403650026,0.5837359098228664,0.11406333870101985,0.13419216317767044,,,
84,2.7979066022544283,22.262479871175522,39.04320987654321,17.14975845410628,5.562265163714439,6.588835212023618,3.851315083199141,0.0939345142243693,1.0198604401502953,0.7112184648416533,0.6508319914117016,0.13419216317767044,0.13419216317767044,,,
85,2.7979066022544283,22.041062801932366,38.788244766505635,17.122920021470748,5.971551261406334,6.468062265163715,3.864734299516908,0.0939345142243693,1.1943102522812667,0.7380568974771873,0.6508319914117016,0.13419216317767044,0.13419216317767044,,,
86,2.7844873859366612,20.699141170155663,38.66076221148685,16.606280193236714,5.9514224369296835,6.622383252818035,3.851315083199141,0.10064412238325282,2.985775630703167,0.8051529790660226,0.644122383252818,0.13419216317767044,0.15432098765432098,,,
87,2.7844873859366612,20.564949006977994,38.56682769726248,16.53918411164788,6.119162640901771,6.655931293612453,3.8311862587224907,0.10064412238325282,3.0193236714975846,0.8722490606548577,0.6575415995705851,0.13419216317767044,0.15432098765432098,,,
88,2.7844873859366612,20.37037037037037,38.399087493290395,16.485507246376812,6.239935587761675,6.790123456790123,3.7238325281803544,0.10064412238325282,3.2474503488996245,0.9259259259259259,0.644122383252818,0.13419216317767044,0.15432098765432098,,,
89,2.7844873859366612,20.222758990874933,37.39935587761675,16.150026838432634,6.327160493827161,7.333601717659689,3.515834675254965,0.10064412238325282,4.367954911433173,0.8856682769726248,0.630703166935051,0.1274825550187869,0.15432098765432098,,,
90,2.771068169618894,20.101986044015028,37.15780998389694,16.0426731078905,6.582125603864735,7.387278582930757,3.515834675254965,0.11406333870101985,4.394793344068707,0.95276435856146,0.6776704240472357,0.14761137949543746,0.15432098765432098,,,
91,2.771068169618894,20.081857219538378,37.07729468599034,15.96886741814278,6.575415995705851,7.447665056360709,3.5426731078904994,0.14761137949543746,4.40150295222759,0.9796027911969941,0.6776704240472357,0.14761137949543746,0.18115942028985507,,,
92,2.703972088030059,19.96779388083736,40.445517981749866,14.244498121309716,6.501610305958132,6.099033816425121,3.69699409554482,0.14761137949543746,4.367954911433173,0.8051529790660226,0.6776704240472357,0.1610305958132045,0.18115942028985507,,,
93,2.703972088030059,19.39747718733226,38.35882984433709,16.243961352657006,6.380837359098229,6.3070316693505095,3.9855072463768115,0.14761137949543746,4.49543746645196,0.8789586688137413,0.7581857219538379,0.1610305958132045,0.18115942028985507,,,
94,2.703972088030059,19.276704240472355,38.191089640365,16.13660762211487,6.468062265163715,6.541867954911433,3.9049919484702094,0.1610305958132045,4.4820182501341925,0.9796027911969941,0.798443370907139,0.17444981213097155,0.18115942028985507,,,
95,2.6838432635534084,19.142512077294686,37.9495437466452,15.854804079441761,6.78341384863124,6.9243156199677935,3.911701556629093,0.1878690284487386,4.428341384863124,0.9796027911969941,0.798443370907139,0.17444981213097155,0.18115942028985507,,,
96,2.6838432635534084,17.344337090713903,37.5,18.625872249060656,6.119162640901771,6.937734836285561,3.8915727321524423,0.1878690284487386,4.522275899087493,1.0332796564680622,0.798443370907139,0.17444981213097155,0.18115942028985507,,,
97,2.6838432635534084,17.310789049919485,37.38593666129898,18.511808910359633,6.125872249060655,7.051798174986581,3.8915727321524423,0.2147074610842727,4.488727858293076,1.1808910359634996,0.798443370907139,0.17444981213097155,0.18115942028985507,,,
98,2.6838432635534084,17.19001610305958,37.19135802469136,18.364197530864196,6.239935587761675,7.266505636070853,3.8848631239935587,0.2214170692431562,4.49543746645196,1.288244766505636,0.798443370907139,0.19457863660762212,0.18115942028985507,,,
99,2.6838432635534084,17.14975845410628,37.11084272678475,18.337359098228664,6.260064412238325,7.286634460547504,3.898282340311326,0.27509393451422437,4.53569511540526,1.3150831991411702,0.798443370907139,0.19457863660762212,0.15432098765432098,,,
100,2.677133655394525,17.008856682769725,36.95652173913044,18.189747718733226,6.394256575415996,7.474503488996243,3.938539989264627,0.2885131508319914,4.522275899087493,1.4224369296833066,0.7917337627482555,0.18115942028985507,0.15432098765432098,,,
101,2.6301663982823404,16.935050993022006,36.882716049382715,18.169618894256576,6.481481481481482,7.5348899624261945,3.938539989264627,0.24825550187869028,4.555823939881911,1.4492753623188406,0.8252818035426731,0.18115942028985507,0.16774020397208803,,,
102,2.1940418679549114,12.983091787439614,48.25550187869028,13.989533011272142,5.24020397208803,7.085346215780999,3.408480944712829,0.27509393451422437,4.3545356951154055,1.0735373054213635,0.8588298443370908,0.11406333870101985,0.14090177133655393,0.026838432635534086,,
103,2.1940418679549114,12.915995705850777,47.57112184648417,13.613794954374665,5.320719269994632,7.1725711218464845,3.3816425120772946,0.27509393451422437,5.300590445517981,1.1137949543746646,0.8588298443370908,0.11406333870101985,0.14090177133655393,0.026838432635534086,,
104,2.1604938271604937,17.236983360171767,43.82716049382716,16.586151368760063,4.468599033816425,6.796833064949007,2.428878153515835,0.2214170692431562,4.28743961352657,1.2278582930756843,0.6575415995705851,0.026838432635534086,0.04696725711218465,0.026838432635534086,,
105,2.1403650026838434,17.16988727858293,43.73322597960279,16.445249597423512,4.53569511540526,6.944444444444445,2.3752012882447664,0.23483628556092323,4.253891572732153,1.3821792807300053,0.6843800322061192,0.026838432635534086,0.04696725711218465,0.026838432635534086,,
106,2.1403650026838434,16.854535695115406,43.15619967793881,16.35131508319914,5.293880837359098,7.326892109500805,2.3752012882447664,0.2214170692431562,4.03918411164788,1.4559849704777241,0.6843800322061192,0.026838432635534086,0.04696725711218465,0.026838432635534086,,
107,2.1403650026838434,16.686795491143318,42.08266237251745,16.13660762211487,5.448201825013419,8.380300590445518,2.3886205045625335,0.2281266774020397,4.032474503488996,1.6706924315619969,0.6843800322061192,0.026838432635534086,0.06709608158883522,0.026838432635534086,,
108,2.1403650026838434,16.646537842190018,42.008856682769725,16.069511540526033,5.475040257648954,8.400429414922169,2.4020397208803006,0.24154589371980675,4.045893719806763,1.737788513150832,0.6843800322061192,0.05367686527106817,0.06709608158883522,0.026838432635534086,,
109,2.1403650026838434,16.49892646269458,41.928341384863124,15.908480944712828,5.622651637144391,8.454106280193237,2.428878153515835,0.24154589371980675,4.045893719806763,1.8988191089640365,0.6843800322061192,0.05367686527106817,0.06709608158883522,0.026838432635534086,,
110,2.1403650026838434,16.324476650563607,41.720343531937736,15.552871712292003,6.407675791733762,8.380300590445518,2.428878153515835,0.3153515834675255,4.012345679012346,1.8853998926462694,0.6709608158883521,0.06709608158883522,0.06709608158883522,0.026838432635534086,,
111,2.073268921095008,15.385131508319914,41.51905528717123,15.45222758990875,7.440955448201825,8.588298443370908,2.442297369833602,0.35560923242082665,3.9452495974235107,1.9726247987117553,0.6910896403650026,0.06709608158883522,0.040257648953301126,0.026838432635534086,,
112,2.073268921095008,15.331454643048845,40.915190552871714,15.378421900161031,7.474503488996243,9.158615136876007,2.4557165861513686,0.35560923242082665,3.978797638217928,2.046430488459474,0.6910896403650026,0.06709608158883522,0.04696725711218465,0.026838432635534086,,
113,2.073268921095008,15.277777777777779,40.693773483628554,15.33816425120773,7.575147611379496,9.326355340848094,2.428878153515835,0.35560923242082665,4.03918411164788,2.046430488459474,0.6508319914117016,0.12077294685990338,0.04696725711218465,0.026838432635534086,,
114,2.073268921095008,15.24422973698336,40.58641975308642,15.183843263553408,7.568438003220612,9.514224369296834,2.368491680085883,0.35560923242082665,4.05931293612453,2.120236178207193,0.7313472893183038,0.12077294685990338,0.04696725711218465,0.026838432635534086,,
115,2.0531400966183573,15.26435856146001,40.25093934514224,15.183843263553408,7.427536231884058,9.749060654857756,2.368491680085883,0.3421900161030596,4.17337627482555,2.2074610842726785,0.7380568974771873,0.16774020397208803,0.04696725711218465,0.026838432635534086,,
116,2.0531400966183573,15.22410091250671,39.97584541062802,15.049651100375739,7.474503488996243,9.856414385399892,2.442297369833602,0.3488996242619431,4.166666666666667,2.3752012882447664,0.7380568974771873,0.1878690284487386,0.08051529790660225,0.026838432635534086,,
117,2.0531400966183573,15.049651100375739,39.92887815351583,14.97584541062802,7.521470746108427,10.071121846484166,2.4154589371980677,0.3488996242619431,4.186795491143317,2.4154589371980677,0.7112184648416533,0.1878690284487386,0.08051529790660225,0.05367686527106817,,
118,2.01959205582394,14.99597423510467,39.44578636607622,14.915458937198068,7.5281803542673105,10.520665593129362,2.4355877616747184,0.3488996242619431,4.294149221685454,2.4490069779924855,0.7246376811594203,0.1878690284487386,0.08051529790660225,0.05367686527106817,,
119,2.01959205582394,14.955716586151368,39.130434782608695,14.928878153515834,7.6556629092860975,10.661567364465915,2.4355877616747184,0.30864197530864196,4.314278046162104,2.4825550187869028,0.785024154589372,0.1878690284487386,0.08051529790660225,0.05367686527106817,,
120,1.9994632313472893,14.841653247450349,47.22893183038111,11.2788513150832,8.474235104669887,6.8035426731078905,2.4355877616747184,0.2683843263553409,3.5829307568438002,2.0397208803005906,0.798443370907139,0.19457863660762212,0.020128824476650563,0.03354804079441761,,
121,1.9994632313472893,14.80810520665593,46.99409554482018,11.2788513150832,8.413848631239935,6.964573268921095,2.4355877616747184,0.2952227589908749,3.589640365002684,2.0397208803005906,0.8990874932903918,0.2147074610842727,0.03354804079441761,0.03354804079441761,,
122,1.9927536231884058,14.707461084272678,46.745840042941495,11.265432098765432,8.480944712828771,7.1658615136876005,2.4557165861513686,0.2952227589908749,3.643317230273752,2.033011272141707,0.8990874932903918,0.2281266774020397,0.05367686527106817,0.03354804079441761,,
123,1.9860440150295222,13.922436929683306,46.423778851315085,8.977455716586151,8.232689210950081,7.14573268921095,6.347289318303811,0.2952227589908749,3.569511540526033,1.7981749865807837,0.9393451422436929,0.27509393451422437,0.05367686527106817,0.03354804079441761,,
124,1.932367149758454,13.976113794954374,49.20155662909286,8.031400966183575,8.266237251744498,7.085346215780999,5.622651637144391,0.17444981213097155,3.0864197530864197,1.5297906602254427,0.7179280730005367,0.27509393451422437,0.06709608158883522,0.03354804079441761,,
125,1.932367149758454,13.955984970477724,49.033816425120776,8.031400966183575,8.313204508856682,7.266505636070853,5.555555555555555,0.17444981213097155,3.046162104133119,1.583467525496511,0.7313472893183038,0.27509393451422437,0.06709608158883522,0.03354804079441761,,
126,1.932367149758454,13.90901771336554,48.98684916800859,8.004562533548041,8.387010198604402,7.2933440687063875,5.515297906602254,0.1878690284487386,3.0394524959742353,1.596886741814278,0.7716049382716049,0.27509393451422437,0.06709608158883522,0.03354804079441761,,
127,1.932367149758454,13.862050456253355,48.78556092324208,8.004562533548041,8.454106280193237,7.461084272678476,5.515297906602254,0.1878690284487386,3.0394524959742353,1.596886741814278,0.785024154589372,0.27509393451422437,0.06709608158883522,0.03354804079441761,,
128,1.932367149758454,13.848631239935587,48.59769189479334,7.9106280193236715,8.581588835212024,7.48792270531401,5.495169082125604,0.1878690284487386,3.066290928609769,1.6908212560386473,0.8252818035426731,0.27509393451422437,0.06709608158883522,0.03354804079441761,,
129,1.932367149758454,13.761406333870102,48.38298443370907,7.9106280193236715,8.682232957595277,7.702630166398282,5.421363392377885,0.1878690284487386,3.099838969404187,1.6908212560386473,0.8521202361782072,0.27509393451422437,0.06709608158883522,0.03354804079441761,,
130,1.8988191089640365,13.79495437466452,47.68518518518518,7.769726247987117,8.675523349436393,7.7831454643048845,6.052066559312936,0.1878690284487386,3.2340311325818574,1.6908212560386473,0.8521202361782072,0.27509393451422437,0.06709608158883522,0.03354804079441761,,
131,1.8988191089640365,13.79495437466452,47.54428341384863,7.769726247987117,8.789586688137414,7.7361782071927,6.072195383789587,0.19457863660762212,3.2675791733762747,1.6908212560386473,0.8655394524959742,0.27509393451422437,0.06709608158883522,0.03354804079441761,,
132,1.8988191089640365,13.486312399355878,45.26301663982824,10.903113258185721,8.501073537305421,7.635534084809447,6.072195383789587,0.19457863660762212,3.099838969404187,1.6706924315619969,0.8655394524959742,0.30864197530864196,0.06709608158883522,0.03354804079441761,,
133,1.8988191089640365,11.292270531400966,51.55662909286098,9.54777241009125,7.944176060118089,7.474503488996243,4.4753086419753085,0.19457863660762212,3.0059044551798175,1.415727321524423,0.785024154589372,0.30864197530864196,0.06709608158883522,0.03354804079441761,,
134,1.8988191089640365,11.198336017176597,50.54347826086956,9.50751476113795,8.05823939881911,7.695920558239399,5.360976918947934,0.19457863660762212,2.9924852388620504,1.3754696725711217,0.7716049382716049,0.30864197530864196,0.06038647342995169,0.03354804079441761,,
135,1.8988191089640365,11.151368760064413,50.355609232420825,9.41358024691358,8.111916264090176,7.830112721417069,5.381105743424584,0.19457863660762212,3.0193236714975846,1.4492753623188406,0.7917337627482555,0.30864197530864196,0.06038647342995169,0.03354804079441761,,
136,1.892109500805153,11.158078368223295,46.9873859366613,8.641975308641975,8.09849704777241,7.561728395061729,9.782608695652174,0.19457863660762212,3.026033279656468,1.4224369296833066,0.8051529790660226,0.3153515834675255,0.07380568974771873,0.03354804079441761,0.0067096081588835215,
137,1.892109500805153,11.044015029522276,46.806226516371446,8.588298443370908,8.205850778314547,7.575147611379496,9.91009125067096,0.24154589371980675,3.1065485775630703,1.42914653784219,0.798443370907139,0.2885131508319914,0.07380568974771873,0.03354804079441761,0.0067096081588835215,
138,1.892109500805153,11.044015029522276,46.725711218464845,8.474235104669887,8.360171765968868,7.742887815351583,9.702093397745571,0.322061191626409,3.1065485775630703,1.42914653784219,0.798443370907139,0.2885131508319914,0.07380568974771873,0.03354804079441761,0.0067096081588835215,
139,1.892109500805153,10.916532474503489,46.31642512077295,8.467525496511003,8.293075684380032,7.7831454643048845,9.708803005904455,0.33548040794417605,3.656736446591519,1.5029522275899088,0.8051529790660226,0.20799785292538917,0.07380568974771873,0.03354804079441761,0.0067096081588835215,
140,1.892109500805153,10.171765968867419,45.779656468062264,8.494363929146537,8.407139023081053,7.924047235641439,9.581320450885668,0.4092860976918948,4.622920021470746,1.5432098765432098,0.8185721953837896,0.2214170692431562,0.0939345142243693,0.03354804079441761,0.0067096081588835215,
141,1.892109500805153,10.171765968867419,45.55823939881911,8.467525496511003,8.568169618894256,7.950885668276973,9.554482018250134,0.4092860976918948,4.663177670424047,1.556629092860977,0.8454106280193237,0.2281266774020397,0.0939345142243693,0.03354804079441761,0.0067096081588835215,
142,1.892109500805153,10.138217928073,45.209339774557165,8.400429414922169,8.205850778314547,7.950885668276973,9.54777241009125,0.41599570585077833,5.394524959742351,1.6706924315619969,0.8521202361782072,0.20799785292538917,0.08051529790660225,0.026838432635534086,0.0067096081588835215,
143,1.570048309178744,9.916800858829845,48.98684916800859,7.7361782071927,7.051798174986581,7.75630703166935,8.527911969940956,0.4092860976918948,5.300590445517981,1.5767579173376274,0.8923778851315083,0.17444981213097155,0.06709608158883522,0.026838432635534086,0.0067096081588835215,
144,0.7045088566827697,6.743156199677939,58.031400966183575,6.763285024154589,6.629092860976919,7.27992485238862,7.548309178743962,0.43612453032742887,3.488996242619431,1.3150831991411702,0.7917337627482555,0.16774020397208803,0.06709608158883522,0.026838432635534086,0.0067096081588835215,
145,0.6977992485238862,6.655931293612453,57.51476113794954,6.709608158883521,6.622383252818035,7.796564680622652,7.628824476650563,0.4562533548040794,3.4957058507783145,1.3352120236178207,0.8185721953837896,0.16774020397208803,0.06709608158883522,0.026838432635534086,0.0067096081588835215,
146,0.6977992485238862,6.655931293612453,57.07192699946323,6.6827697262479875,6.8035426731078905,8.017981749865807,7.5348899624261945,0.5099302200751477,3.589640365002684,1.3486312399355878,0.8185721953837896,0.16774020397208803,0.06709608158883522,0.026838432635534086,0.0067096081588835215,
147,0.6977992485238862,6.5485775630703165,56.89747718733226,6.649221685453569,6.944444444444445,8.05823939881911,7.48792270531401,0.5501878690284487,3.5963499731615673,1.442565754159957,0.8454106280193237,0.18115942028985507,0.06709608158883522,0.026838432635534086,0.0067096081588835215,
148,0.6709608158883521,6.528448738593666,56.80354267310789,6.608964036500268,6.91760601180891,8.132045088566828,7.575147611379496,0.5501878690284487,3.6231884057971016,1.4559849704777241,0.8521202361782072,0.18115942028985507,0.06709608158883522,0.026838432635534086,0.0067096081588835215,
149,0.6709608158883521,6.427804616210413,56.58212560386473,6.608964036500268,7.018250134192163,8.340042941492216,7.461084272678476,0.5770263016639828,3.616478797638218,1.4224369296833066,0.9930220075147611,0.18115942028985507,0.06709608158883522,0.026838432635534086,0.0067096081588835215,
150,0.6642512077294686,4.958400429414922,56.25335480407944,9.41358024691358,5.991680085882985,8.702361782071927,7.481213097155126,0.5233494363929146,3.475577026301664,1.3754696725711217,0.95276435856146,0.15432098765432098,0.026838432635534086,0.026838432635534086,,
151,0.6575415995705851,4.891304347826087,55.381105743424584,9.373322597960279,6.709608158883521,8.964036500268385,7.4208266237251745,0.49651100375738055,3.475577026301664,1.4358561460010735,0.9863123993558777,0.15432098765432098,0.026838432635534086,0.026838432635534086,,
152,0.6575415995705851,4.864465915190553,54.79736983360172,9.27938808373591,6.649221685453569,9.702093397745571,7.4208266237251745,0.49651100375738055,3.4822866344605474,1.442565754159957,0.9997316156736447,0.15432098765432098,0.026838432635534086,0.026838432635534086,,
153,0.6575415995705851,4.8443370907139025,54.166666666666664,9.151905528717123,7.118894256575416,9.950348899624261,7.105475040257649,0.46967257112184646,3.8043478260869565,1.4962426194310252,0.9997316156736447,0.18115942028985507,0.026838432635534086,0.026838432635534086,,
154,0.6575415995705851,4.817498658078368,53.87144390767579,9.104938271604938,7.152442297369833,10.245571658615138,7.058507783145465,0.48980139559849706,3.797638217928073,1.5365002683843263,1.0198604401502953,0.18115942028985507,0.026838432635534086,0.040257648953301126,,
155,0.6575415995705851,4.730273752012883,53.4621578099839,9.057971014492754,7.232957595276436,10.715244229736983,7.018250134192163,0.5233494363929146,3.8177670424047236,1.5499194847020934,0.9863123993558777,0.18115942028985507,0.026838432635534086,0.040257648953301126,,
156,0.6575415995705851,4.730273752012883,53.01932367149758,8.957326892109501,7.333601717659689,10.775630703166936,7.118894256575416,0.5367686527106817,4.025764895330113,1.6103059581320451,0.9863123993558777,0.18115942028985507,0.026838432635534086,0.040257648953301126,,
157,0.630703166935051,4.126409017713366,56.54857756307032,8.849973161567364,6.709608158883521,9.96376811594203,5.844068706387547,0.5233494363929146,3.8177670424047236,1.6841116478797638,1.0265700483091786,0.19457863660762212,0.040257648953301126,0.040257648953301126,,
158,0.630703166935051,4.126409017713366,56.23993558776167,8.84326355340848,6.655931293612453,10.238862050456254,5.857487922705314,0.5233494363929146,3.851315083199141,1.6975308641975309,1.0332796564680622,0.2214170692431562,0.040257648953301126,0.040257648953301126,,
159,0.6105743424584005,4.1129898013955986,55.75684380032206,8.789586688137414,6.66935050993022,10.601180891035963,5.83064949006978,0.5233494363929146,3.851315083199141,1.892109500805153,1.0601180891035964,0.2214170692431562,0.040257648953301126,0.040257648953301126,,
160,0.6105743424584005,4.092860976918948,55.57568438003221,8.722490606548577,6.743156199677939,10.775630703166936,5.810520665593129,0.5300590445517982,3.8848631239935587,1.8853998926462694,1.0601180891035964,0.2281266774020397,0.040257648953301126,0.040257648953301126,,
161,0.6105743424584005,3.7104133118625873,59.655126140633385,6.602254428341385,6.474771873322598,10.165056360708535,6.749865807836822,0.4562533548040794,2.5429414922168547,1.8384326355340848,0.95276435856146,0.18115942028985507,0.040257648953301126,0.020128824476650563,,
