,45,50,51,53,54,52,55,57,56,58
0,99.33574879227054,0.6642512077294686,,,,,,,,
1,99.12775093934515,0.8722490606548577,,,,,,,,
2,93.35077831454643,6.649221685453569,,,,,,,,
3,91.86124530327429,8.13875469672571,,,,,,,,
4,91.78073000536769,8.219269994632313,,,,,,,,
5,91.80756843800322,8.192431561996779,,,,,,,,
6,91.80756843800322,8.192431561996779,,,,,,,,
7,84.53435319377348,15.465646806226516,,,,,,,,
8,84.5679012345679,15.432098765432098,,,,,,,,
9,74.38271604938272,23.537305421363392,2.0799785292538915,,,,,,,
10,74.34245840042942,23.63123993558776,2.0263016639828235,,,,,,,
11,70.00134192163178,27.9723564143854,2.0263016639828235,,,,,,,
12,70.04830917874396,27.925389157273216,2.0263016639828235,,,,,,,
13,68.5654857756307,29.408212560386474,2.0263016639828235,,,,,,,
14,68.57890499194848,29.408212560386474,2.0128824476650564,,,,,,,
15,67.90794417606011,27.455716586151368,3.079710144927536,1.556629092860977,,,,,,
16,65.78770799785292,27.985775630703166,4.683306494900698,1.5432098765432098,,,,,,
17,65.30461621041331,28.468867418142782,4.683306494900698,1.5432098765432098,,,,,,
18,61.95652173913044,31.816961889425656,4.683306494900698,1.5432098765432098,,,,,,
19,60.23215244229737,33.541331186258724,4.683306494900698,1.5432098765432098,,,,,,
20,60.27241009125067,33.50107353730542,4.683306494900698,1.5432098765432098,,,,,,
21,59.15190552871712,34.66854535695116,4.663177670424047,1.5163714439076759,,,,,,
22,56.776704240472355,36.574074074074076,5.132850241545894,1.5163714439076759,,,,,,
23,56.816961889425656,36.600912506709605,5.065754159957058,1.5163714439076759,,,,,,
24,56.86392914653784,36.50697799248524,4.9718196457326895,1.5029522275899088,0.15432098765432098,,,,,
25,56.816961889425656,35.950080515297905,4.9718196457326895,1.5029522275899088,0.7581857219538379,,,,,
26,56.32716049382716,34.977187332259795,6.4345142243692965,1.5029522275899088,0.7581857219538379,,,,,
27,56.434514224369295,34.33977455716586,6.4345142243692965,1.415727321524423,0.7581857219538379,0.6172839506172839,,,,
28,56.72302737520129,34.064680622651636,6.421095008051529,1.415727321524423,0.7581857219538379,0.6172839506172839,,,,
29,52.77106816961889,42.42485238862051,3.1535158346752548,,0.6038647342995169,1.0466988727858293,,,,
30,49.17471819645733,46.62506709608159,3.1535158346752548,,,1.0466988727858293,,,,
31,41.639828234031135,54.63633923778851,3.1535158346752548,,,0.5703166935050993,,,,
32,41.666666666666664,54.39479334406871,3.1535158346752548,,,0.785024154589372,,,,
33,40.385131508319915,55.401234567901234,3.126677402039721,,,0.785024154589372,0.30193236714975846,,,
34,40.485775630703166,55.32742887815352,3.099838969404187,,,0.785024154589372,0.30193236714975846,,,
35,40.666935050993025,55.14626945786366,3.099838969404187,,,0.785024154589372,0.30193236714975846,,,
36,21.517713365539453,76.01315083199141,0.11406333870101985,,1.7176596886741815,0.2147074610842727,0.4227053140096618,,,
37,21.752549651100377,74.597423510467,0.11406333870101985,1.3821792807300053,1.402308105206656,0.2147074610842727,0.5367686527106817,,,
38,21.93370907139023,73.46349973161567,0.11406333870101985,1.7579173376274826,1.402308105206656,0.2147074610842727,1.1137949543746646,,,
39,21.91358024691358,72.6784755770263,1.133923778851315,1.7579173376274826,1.402308105206656,,1.1137949543746646,,,
40,22.067901234567902,68.39774557165862,1.133923778851315,5.884326355340848,1.402308105206656,,1.1137949543746646,,,
41,22.249060654857757,68.22329575952764,1.133923778851315,5.877616747181965,1.402308105206656,,1.1137949543746646,,,
42,22.69189479334407,67.7938808373591,1.133923778851315,5.877616747181965,1.402308105206656,,1.1003757380568975,,,
43,21.108427267847556,65.47906602254429,1.133923778851315,5.837359098228664,1.865271068169619,3.475577026301664,1.1003757380568975,,,
44,21.658615136876005,64.94900697799248,1.133923778851315,5.8172302737520125,1.865271068169619,3.475577026301664,1.1003757380568975,,,
45,20.9272678475577,59.977187332259795,1.133923778851315,12.922705314009661,0.46296296296296297,3.475577026301664,1.1003757380568975,,,
46,21.162104133118625,59.29951690821256,1.1272141706924315,12.855609232420827,0.46296296296296297,3.475577026301664,1.6170155662909287,,,
47,21.26274825550188,59.13848631239936,1.093666129898014,12.855609232420827,0.46296296296296297,3.475577026301664,1.710950080515298,,,
48,21.256038647342994,58.803005904455176,1.093666129898014,9.480676328502415,0.46296296296296297,7.219538378958669,1.6841116478797638,,,
49,21.631776704240472,58.46081588835212,1.0802469135802468,9.460547504025765,0.46296296296296297,7.219538378958669,1.6841116478797638,,,
50,21.390230810520666,57.2061191626409,1.0802469135802468,9.25925925925926,0.46296296296296297,8.917069243156199,1.6841116478797638,,,
51,20.82662372517445,57.58185721953838,1.0802469135802468,7.85024154589372,2.2745571658615136,8.702361782071927,1.6841116478797638,,,
52,20.8467525496511,54.43505099302201,1.0802469135802468,6.105743424584004,1.7176596886741815,14.130434782608695,1.6841116478797638,,,
53,20.994363929146537,54.3142780461621,1.0802469135802468,7.702630166398282,1.7176596886741815,12.506709608158884,1.6841116478797638,,,
54,21.128556092324207,52.37520128824477,1.06682769726248,7.6623725174449815,1.6505636070853462,12.453032742887816,3.6634460547504024,,,
55,21.38352120236178,52.24771873322598,1.06682769726248,7.628824476650563,1.6505636070853462,12.406065485775631,3.616478797638218,,,
56,21.72571121846484,52.012882447665056,1.0601180891035964,7.548309178743962,1.6505636070853462,12.385936661298981,3.616478797638218,,,
57,21.906870638754697,51.88539989264627,1.0534084809447128,7.454374664519592,1.6505636070853462,12.258454106280194,3.616478797638218,0.17444981213097155,,
58,22.061191626409016,51.81159420289855,1.0534084809447128,7.4208266237251745,1.6505636070853462,12.245034889962426,3.5829307568438002,0.17444981213097155,,
59,21.74584004294149,42.008856682769725,1.0534084809447128,7.320182501341922,1.6505636070853462,22.463768115942027,3.5829307568438002,0.17444981213097155,,
60,21.886741814278047,41.156736446591516,2.7643585614600106,7.185990338164252,1.6505636070853462,21.66532474503489,3.515834675254965,0.17444981213097155,,
61,22.067901234567902,40.90848094471283,2.7643585614600106,7.185990338164252,1.6505636070853462,21.64519592055824,3.603059581320451,0.17444981213097155,,
62,22.134997316156735,40.86822329575953,2.7643585614600106,7.179280730005368,1.6505636070853462,21.62506709608159,3.603059581320451,0.17444981213097155,,
63,22.12157809983897,40.351583467525494,3.3145464304884595,7.1725711218464845,1.6505636070853462,21.584809447128286,3.629898013955985,0.17444981213097155,,
64,21.22249060654858,37.513419216317764,3.280998389694042,6.769994632313473,1.6505636070853462,25.275093934514224,3.8714439076757916,0.41599570585077833,,
65,21.175523349436393,36.70826623725174,3.280998389694042,6.488191089640365,1.6505636070853462,23.96672034353194,6.3137412775093935,0.41599570585077833,,
66,19.35721953837896,29.21363392377885,13.298443370907139,7.9039184111647875,1.6505636070853462,22.134997316156735,6.025228126677402,0.41599570585077833,,
67,19.196188942565755,27.079978529253893,15.271068169618895,7.890499194847021,3.046162104133119,21.141975308641975,5.958132045088567,0.41599570585077833,,
68,19.404186795491142,27.053140096618357,15.230810520665592,7.890499194847021,3.046162104133119,21.048040794417606,5.938003220611916,0.38915727321524424,,
69,17.995169082125603,26.281535158346752,17.85426731078905,7.823403113258186,3.046162104133119,20.719269994632313,5.891035963499732,0.38915727321524424,,
70,18.12265163714439,26.234567901234566,17.85426731078905,7.769726247987117,3.046162104133119,20.719269994632313,5.864197530864198,0.38915727321524424,,
71,18.47826086956522,25.85212023617821,18.04884594739667,7.608695652173913,3.012614063338701,20.645464304884594,5.864197530864198,0.3824476650563607,0.10735373054213634,
72,18.47826086956522,25.77831454643049,21.658615136876005,6.454643048845948,2.9052603327965647,18.263553408480945,5.864197530864198,0.3824476650563607,0.2147074610842727,
73,17.236983360171767,27.046430488459475,21.423778851315085,6.387546967257112,2.9052603327965647,18.54535695115405,5.857487922705314,0.3824476650563607,0.2147074610842727,
74,12.681159420289855,33.8365539452496,20.88030059044552,6.172839506172839,2.9052603327965647,17.008856682769725,5.837359098228664,0.3824476650563607,0.2952227589908749,
75,12.86231884057971,33.02469135802469,18.820450885668276,6.172839506172839,2.9052603327965647,19.350509930220074,6.1862587224906065,0.3824476650563607,0.2952227589908749,
76,12.909286097691895,32.48121309715513,18.800322061191626,5.870907139023081,2.9924852388620504,20.38378958668814,5.884326355340848,0.3824476650563607,0.2952227589908749,
77,12.318840579710145,31.716317767042405,28.401771336553946,2.13365539452496,1.2412775093934514,17.767042404723565,5.938003220611916,0.2147074610842727,0.2683843263553409,
78,12.506709608158884,31.689479334406872,28.35480407944176,2.13365539452496,1.2412775093934514,17.673107890499196,5.917874396135265,0.2147074610842727,0.2683843263553409,
79,12.104133118625873,32.306763285024154,28.133387010198604,2.13365539452496,1.2412775093934514,17.21014492753623,6.387546967257112,0.2147074610842727,0.2683843263553409,
80,11.77536231884058,31.03864734299517,28.093129361245303,2.13365539452496,0.8655394524959742,19.176060118089104,6.4345142243692965,0.2147074610842727,0.2683843263553409,
81,12.037037037037036,30.897745571658614,28.046162104133117,2.1135265700483092,0.8655394524959742,19.16935050993022,6.387546967257112,0.2147074610842727,0.2683843263553409,
82,12.030327428878154,30.83064949006978,28.012614063338702,2.100107353730542,0.8655394524959742,18.552066559312937,6.387546967257112,0.2147074610842727,1.0064412238325282,
83,12.285292538915728,30.461621041331185,27.9723564143854,2.100107353730542,0.8655394524959742,18.511808910359633,6.608964036500268,0.2147074610842727,0.9796027911969941,
84,12.392646269457863,30.421363392377884,27.938808373590984,2.100107353730542,0.8655394524959742,18.47826086956522,6.608964036500268,0.2147074610842727,0.9796027911969941,
85,12.808641975308642,30.280461621041333,27.85829307568438,2.100107353730542,0.8655394524959742,18.417874396135264,6.474771873322598,0.2147074610842727,0.9796027911969941,
86,13.157541599570585,30.16639828234031,27.81803542673108,2.046430488459474,0.8655394524959742,18.290391841116477,6.474771873322598,0.20128824476650564,0.9796027911969941,
87,13.39237788513151,30.09259259259259,27.771068169618893,2.0397208803005906,0.8655394524959742,18.183038110574344,6.474771873322598,0.20128824476650564,0.9796027911969941,
88,13.539989264626946,30.02549651100376,27.771068169618893,2.0397208803005906,0.8655394524959742,18.129361245303276,6.447933440687064,0.20128824476650564,0.9796027911969941,
89,13.687600644122384,29.918142780461622,27.74422973698336,2.0397208803005906,0.8655394524959742,18.095813204508858,6.468062265163715,0.20128824476650564,0.9796027911969941,
90,13.855340848094471,29.830917874396135,27.67042404723564,2.0397208803005906,0.8655394524959742,18.089103596349972,6.468062265163715,0.20128824476650564,0.9796027911969941,
91,13.94927536231884,29.817498658078367,27.61003757380569,2.0397208803005906,0.8655394524959742,18.089103596349972,6.447933440687064,0.20128824476650564,0.9796027911969941,
92,14.170692431561998,29.54911433172303,27.529522275899087,2.2074610842726785,0.8655394524959742,18.055555555555557,6.4412238325281805,0.20128824476650564,0.9796027911969941,
93,14.486044015029522,29.414922168545356,27.4422973698336,2.1739130434782608,0.8655394524959742,18.015297906602253,6.421095008051529,0.20128824476650564,0.9796027911969941,
94,14.506172839506172,29.401502952227588,27.435587761674718,2.1739130434782608,0.7716049382716049,18.00187869028449,6.421095008051529,0.20128824476650564,0.9796027911969941,0.10735373054213634
95,14.720880300590446,29.320987654320987,27.38191089640365,2.167203435319377,0.7716049382716049,17.961621041331185,6.387546967257112,0.20128824476650564,0.9796027911969941,0.10735373054213634
96,14.774557165861514,29.314278046162105,27.36849168008588,2.167203435319377,0.7716049382716049,17.92807300053677,6.387546967257112,0.20128824476650564,0.9796027911969941,0.10735373054213634
97,15.365002683843263,28.945249597423512,27.3215244229737,2.1403650026838434,0.7716049382716049,17.780461621041333,6.387546967257112,0.20128824476650564,0.9796027911969941,0.10735373054213634
98,15.552871712292003,28.891572732152444,27.26113794954375,2.1403650026838434,0.7716049382716049,17.726784755770264,6.367418142780462,0.20128824476650564,0.9796027911969941,0.10735373054213634
99,15.693773483628556,28.710413311862588,27.220880300590444,2.1403650026838434,0.7716049382716049,17.67981749865808,6.494900697799249,0.20128824476650564,0.9796027911969941,0.10735373054213634
100,15.848094471282877,28.576221148684915,26.838432635534083,2.1403650026838434,0.7447665056360708,17.67981749865808,6.474771873322598,0.20128824476650564,1.3888888888888888,0.10735373054213634
101,15.673644659151906,28.884863123993558,26.80488459473967,2.1403650026838434,0.7447665056360708,17.62614063338701,6.427804616210413,0.20128824476650564,1.3888888888888888,0.10735373054213634
102,15.613258185721953,28.723832528180353,24.63768115942029,2.898550724637681,2.657004830917874,17.37788513150832,6.394256575415996,0.20128824476650564,1.3888888888888888,0.10735373054213634
103,15.767579173376275,28.65673644659152,24.58400429414922,2.898550724637681,2.6435856146001075,17.37788513150832,6.374127750939345,0.20128824476650564,1.3888888888888888,0.10735373054213634
104,15.767579173376275,28.64331723027375,24.570585077831456,2.898550724637681,2.6435856146001075,16.21712292002147,7.561728395061729,0.20128824476650564,1.3888888888888888,0.10735373054213634
105,15.854804079441761,28.61647879763822,24.48336017176597,2.952227589908749,2.6301663982823404,16.13660762211487,7.514761137949543,0.20128824476650564,1.5029522275899088,0.10735373054213634
106,16.015834675254965,28.442028985507246,24.208266237251745,2.952227589908749,2.6301663982823404,16.109769189479334,7.494632313472893,0.20128824476650564,1.8384326355340848,0.10735373054213634
107,16.1231884057971,28.166935050993022,24.18142780461621,3.207192699946323,2.61003757380569,16.089640365002683,7.474503488996243,0.20128824476650564,1.8384326355340848,0.10735373054213634
108,16.203703703703702,28.119967793880836,24.174718196457327,3.207192699946323,2.61003757380569,16.06280193236715,7.474503488996243,0.20128824476650564,1.8384326355340848,0.10735373054213634
109,16.451959205582394,28.10654857756307,24.134460547504027,3.2004830917874396,2.5563607085346214,16.035963499731615,7.387278582930757,0.20128824476650564,1.8183038110574343,0.10735373054213634
110,16.700214707461082,27.992485238862052,23.95330112721417,3.6097691894793345,2.5429414922168547,15.74074074074074,7.333601717659689,0.20128824476650564,1.8183038110574343,0.10735373054213634
111,16.720343531937736,27.72410091250671,23.698336017176597,3.6097691894793345,2.5161030595813205,15.74074074074074,7.863660762211487,0.20128824476650564,1.8183038110574343,0.10735373054213634
112,16.928341384863124,27.616747181964573,23.564143853998928,3.6097691894793345,2.5161030595813205,15.687063875469672,7.950885668276973,0.20128824476650564,1.8183038110574343,0.10735373054213634
113,16.780730005367687,26.663982823403114,23.349436392914654,3.5829307568438002,2.49597423510467,15.687063875469672,9.312936124530328,0.20128824476650564,1.8183038110574343,0.10735373054213634
114,16.06280193236715,25.469672571121848,25.087224906065487,3.5829307568438002,2.38191089640365,15.687063875469672,9.608158883521202,0.20128824476650564,1.8115942028985508,0.10735373054213634
115,16.089640365002683,25.174449812130973,25.013419216317768,3.5829307568438002,2.8918411164787976,15.693773483628556,9.433709071390231,0.20128824476650564,1.8115942028985508,0.10735373054213634
116,13.399087493290391,29.052603327965645,24.18142780461621,3.5091250670960816,2.8918411164787976,15.539452495974235,9.306226516371444,0.20128824476650564,1.8115942028985508,0.10735373054213634
117,13.627214170692431,28.99892646269458,24.020397208803004,3.5091250670960816,2.8918411164787976,15.432098765432098,9.286097691894794,0.20128824476650564,1.9256575415995705,0.10735373054213634
118,13.768115942028986,28.945249597423512,23.993558776167472,3.5091250670960816,2.8650026838432634,15.398550724637682,9.286097691894794,0.20128824476650564,1.9256575415995705,0.10735373054213634
119,13.90901771336554,28.931830381105744,23.96672034353194,3.5091250670960816,2.8650026838432634,15.33816425120773,9.245840042941492,0.20128824476650564,1.9256575415995705,0.10735373054213634
120,14.002952227589908,28.515834675254965,23.43666129898014,3.488996242619431,2.8650026838432634,15.734031132581856,9.192163177670425,0.20128824476650564,2.4557165861513686,0.10735373054213634
121,14.197530864197532,28.515834675254965,23.396403650026837,3.488996242619431,2.844873859366613,15.613258185721953,9.178743961352657,0.20128824476650564,2.4557165861513686,0.10735373054213634
122,14.358561460010735,28.462157809983896,23.382984433709073,3.488996242619431,2.831454643048846,15.593129361245303,9.118357487922705,0.20128824476650564,2.4557165861513686,0.10735373054213634
123,14.432367149758454,27.730810520665592,22.899892646269457,5.01207729468599,2.831454643048846,15.579710144927537,9.098228663446054,0.20128824476650564,2.1068169618894257,0.10735373054213634
124,14.620236178207193,27.657004830917874,22.839506172839506,5.01207729468599,2.8113258185721954,15.579710144927537,9.078099838969404,0.20128824476650564,2.0933977455716586,0.10735373054213634
125,14.895330112721417,27.428878153515836,22.839506172839506,5.005367686527107,2.7844873859366612,15.579710144927537,9.064680622651638,0.20128824476650564,2.0933977455716586,0.10735373054213634
126,15.063070316693505,27.4020397208803,22.81266774020397,4.99194847020934,2.7844873859366612,15.526033279656469,9.017713365539452,0.20128824476650564,2.0933977455716586,0.10735373054213634
127,15.197262479871176,27.34165324745035,22.758990874932906,4.99194847020934,2.7777777777777777,15.526033279656469,9.004294149221685,0.20128824476650564,2.0933977455716586,0.10735373054213634
128,15.150295222758992,26.637144390767578,22.69860440150295,4.99194847020934,2.7509393451422435,14.915458937198068,10.453569511540525,0.20128824476650564,2.0933977455716586,0.10735373054213634
129,15.385131508319914,26.603596349973163,22.638217928073,4.958400429414922,2.7308105206655933,14.861782071927,10.420021470746109,0.20128824476650564,2.0933977455716586,0.10735373054213634
130,12.050456253354804,20.061728395061728,18.19645732689211,4.133118625872249,4.28743961352657,35.72866344605475,4.361245303274289,0.20128824476650564,0.9796027911969941,
131,12.365807836822329,20.001341921631777,18.06897477187332,4.133118625872249,4.274020397208803,35.54079441760601,4.320987654320987,0.3153515834675255,0.9796027911969941,
132,12.493290391841116,19.900697799248523,18.04213633923779,4.133118625872249,4.388083735909823,35.43344068706388,4.314278046162104,0.3153515834675255,0.9796027911969941,
133,12.875738056897477,19.887278582930758,18.02200751476114,4.133118625872249,4.388083735909823,35.08454106280193,4.314278046162104,0.3153515834675255,0.9796027911969941,
134,11.882716049382717,18.276972624798713,28.005904455179817,3.7238325281803544,3.0730005367686526,30.595813204508858,3.4017713365539453,0.20799785292538917,0.8319914117015567,
135,11.969940955448202,18.250134192163177,27.958937198067634,3.7104133118625873,3.0730005367686526,30.595813204508858,3.4017713365539453,0.20799785292538917,0.8319914117015567,
136,12.037037037037036,17.96833064949007,27.737520128824478,4.334406870638754,3.0730005367686526,30.414653784219002,3.3950617283950617,0.20799785292538917,0.8319914117015567,
137,12.144390767579173,17.767042404723565,27.556360708534623,4.314278046162104,3.502415458937198,30.10601180891036,3.3816425120772946,0.20799785292538917,1.0198604401502953,
138,12.265163714439076,17.753623188405797,27.536231884057973,4.314278046162104,3.502415458937198,30.05233494363929,3.3480944712828773,0.20799785292538917,1.0198604401502953,
139,12.533548040794418,17.733494363929147,27.32823403113258,4.314278046162104,3.502415458937198,29.944981213097154,3.321256038647343,0.20799785292538917,1.1137949543746646,
140,11.714975845410628,17.599302200751477,32.79656468062265,4.26731078904992,2.7643585614600106,27.28797638217928,2.24771873322598,0.20799785292538917,1.1137949543746646,
141,11.876006441223833,17.559044551798173,30.971551261406333,4.26731078904992,2.7442297369833604,27.26784755770263,2.24771873322598,0.20799785292538917,2.85829307568438,
142,12.124261943102523,17.53220611916264,30.683038110574344,4.233762748255502,2.703972088030059,27.18733225979603,2.24771873322598,0.20799785292538917,3.079710144927536,
143,12.392646269457863,17.45169082125604,30.636070853462158,4.233762748255502,2.703972088030059,27.079978529253893,2.214170692431562,0.20799785292538917,3.079710144927536,
144,12.5402576489533,17.391304347826086,30.589103596349972,4.2270531400966185,2.690552871712292,27.059849704777243,2.214170692431562,0.20799785292538917,3.079710144927536,
145,12.077294685990339,16.566022544283413,32.9374664519592,3.670155662909286,2.6704240472356413,26.583467525496513,2.2074610842726785,0.20799785292538917,3.079710144927536,
146,12.00348899624262,16.451959205582394,30.83064949006978,3.6231884057971016,2.6637144390767578,26.529790660225444,4.703435319377348,0.11406333870101985,3.079710144927536,
147,11.83574879227053,16.27750939345142,31.904186795491142,2.999194847020934,2.6435856146001075,26.442565754159958,4.703435319377348,0.11406333870101985,3.079710144927536,
148,12.157809983896941,16.170155662909288,31.736446591519055,2.999194847020934,2.6435856146001075,26.41572732152442,4.683306494900698,0.11406333870101985,3.079710144927536,
149,12.453032742887816,16.129898013955984,31.676060118089104,2.9388083735909825,2.6435856146001075,26.308373590982285,4.656468062265164,0.11406333870101985,3.079710144927536,
150,12.654320987654321,16.089640365002683,31.5955448201825,2.9388083735909825,2.623456790123457,26.261406333870102,4.643048845947397,0.11406333870101985,3.079710144927536,
151,12.842190016103059,14.989264626945786,31.34728931830381,4.0995705850778315,2.61003757380569,26.194310252281266,4.643048845947397,0.11406333870101985,3.1602254428341383,
152,13.170960815888352,14.955716586151368,31.125872249060656,4.072732152442297,2.771068169618894,26.039989264626946,4.609500805152979,0.11406333870101985,3.140096618357488,
153,13.358829844337091,14.955716586151368,31.085614600107355,4.019055287171229,2.771068169618894,25.959473966720342,4.602791196994096,0.11406333870101985,3.1333870101986045,
154,13.600375738056897,14.928878153515834,30.9447128287708,4.019055287171229,2.771068169618894,25.885668276972623,4.602791196994096,0.11406333870101985,3.1333870101986045,
155,12.962962962962964,14.915458937198068,41.51234567901235,4.019055287171229,2.771068169618894,16.21712292002147,4.562533548040794,0.11406333870101985,2.9253891572732154,
156,13.097155126140633,14.855072463768115,40.03623188405797,3.9989264626945786,2.771068169618894,16.190284487385938,6.333870101986044,0.11406333870101985,2.6033279656468062,
157,13.197799248523886,14.841653247450349,39.98926462694579,3.9855072463768115,2.771068169618894,16.17686527106817,6.320450885668277,0.11406333870101985,2.6033279656468062,
158,13.33870101986044,14.841653247450349,39.9020397208803,3.9855072463768115,2.757648953301127,16.14331723027375,6.3137412775093935,0.11406333870101985,2.6033279656468062,
159,13.47289318303811,14.814814814814815,39.87520128824477,3.9855072463768115,2.757648953301127,16.076221148684915,6.3137412775093935,0.11406333870101985,2.589908749329039,
160,13.593666129898015,14.814814814814815,39.821524422973695,3.9855072463768115,2.7442297369833604,16.076221148684915,6.300322061191626,0.11406333870101985,2.5496511003757383,
161,13.6406333870102,14.814814814814815,39.80810520665593,3.9855072463768115,2.7442297369833604,16.076221148684915,6.300322061191626,0.08051529790660225,2.5496511003757383,
162,13.754696725711218,14.801395598497047,39.754428341384866,3.9855072463768115,2.7442297369833604,16.076221148684915,6.253354804079442,0.08051529790660225,2.5496511003757383,
163,14.13714439076758,14.74771873322598,39.57326892109501,3.9855072463768115,2.7442297369833604,16.049382716049383,6.239935587761675,0.08051529790660225,2.442297369833602,
164,14.251207729468598,14.741009125067096,39.47933440687064,3.9855072463768115,2.7442297369833604,16.035963499731615,6.239935587761675,0.08051529790660225,2.442297369833602,
165,14.486044015029522,14.714170692431562,39.31159420289855,3.9720880300590444,2.7442297369833604,16.009125067096083,6.239935587761675,0.08051529790660225,2.442297369833602,
166,14.754428341384862,14.714170692431562,39.190821256038646,3.965378421900161,2.7442297369833604,15.888352120236178,6.219806763285024,0.08051529790660225,2.442297369833602,
167,14.848362855609233,14.714170692431562,39.110305958132045,3.965378421900161,2.717391304347826,15.780998389694043,6.219806763285024,0.08051529790660225,2.563070316693505,
168,14.969135802469136,14.667203435319378,37.895866881374126,5.186527106816962,2.791196994095545,15.727321524422974,6.119162640901771,0.08051529790660225,2.563070316693505,
169,15.170424047235642,14.620236178207193,37.78851315083199,5.186527106816962,2.791196994095545,15.70048309178744,6.099033816425121,0.08051529790660225,2.563070316693505,
170,15.291196994095545,14.566559312936125,37.72141706924316,5.186527106816962,2.791196994095545,15.70048309178744,6.099033816425121,0.08051529790660225,2.563070316693505,
171,15.398550724637682,14.55984970477724,37.65432098765432,5.186527106816962,2.791196994095545,15.666935050993022,6.099033816425121,0.08051529790660225,2.563070316693505,
172,15.552871712292003,14.506172839506172,37.57380568974772,5.186527106816962,2.771068169618894,15.666935050993022,6.099033816425121,0.08051529790660225,2.563070316693505,
173,15.774288781535159,14.479334406870638,37.473161567364464,5.112721417069243,2.771068169618894,15.646806226516372,6.099033816425121,0.08051529790660225,2.563070316693505,
174,15.874932903918411,14.36527106816962,37.41277509393451,5.112721417069243,2.771068169618894,15.619967793880837,6.199677938808374,0.08051529790660225,2.563070316693505,
175,15.98899624261943,14.36527106816962,37.3389694041868,5.112721417069243,2.757648953301127,15.593129361245303,6.199677938808374,0.08051529790660225,2.563070316693505,
176,16.17686527106817,14.351851851851851,37.265163714439076,5.052334943639291,2.7509393451422435,15.579710144927537,6.199677938808374,0.08051529790660225,2.5429414922168547,
177,16.243961352657006,14.251207729468598,36.171497584541065,6.904186795491143,2.7308105206655933,15.579710144927537,5.508588298443371,0.08051529790660225,2.5295222758990876,
178,16.337895866881375,14.197530864197532,36.15807836822329,6.890767579173376,2.7308105206655933,15.579710144927537,5.508588298443371,0.08051529790660225,2.5161030595813205,
179,16.61969940955448,14.15727321524423,36.00375738056898,6.877348362855609,2.703972088030059,15.579710144927537,5.501878690284487,0.08051529790660225,2.475845410628019,
180,16.814278046162105,14.150563607085346,35.91653247450349,6.877348362855609,2.703972088030059,15.519323671497585,5.475040257648954,0.08051529790660225,2.462426194310252,
181,17.122920021470748,14.150563607085346,33.803005904455176,6.863929146537842,2.703972088030059,17.337627482555018,5.475040257648954,0.08051529790660225,2.462426194310252,
182,17.297369833601717,13.855340848094471,33.675523349436396,7.132313472893183,2.703972088030059,17.330917874396135,5.475040257648954,0.08051529790660225,2.4490069779924855,
183,17.196725711218466,13.654052603327965,33.13875469672571,7.004830917874396,2.703972088030059,19.545088566827697,4.2270531400966185,0.08051529790660225,2.4490069779924855,
184,17.478529253891573,13.539989264626946,33.07836822329576,7.004830917874396,2.703972088030059,19.47128287707998,4.2203435319377345,0.08051529790660225,2.4221685453569513,
185,17.257112184648417,13.117283950617283,32.75630703166935,6.971282877079979,2.703972088030059,19.45786366076221,5.233494363929147,0.08051529790660225,2.4221685453569513,
186,17.444981213097154,13.030059044551798,32.70263016639828,6.971282877079979,2.703972088030059,19.410896403650028,5.233494363929147,0.08051529790660225,2.4221685453569513,
187,17.713365539452496,12.969672571121846,32.55501878690284,6.951154052603328,2.703972088030059,19.370638754696724,5.233494363929147,0.08051529790660225,2.4221685453569513,
188,17.767042404723565,12.95625335480408,32.420826623725176,6.951154052603328,2.703972088030059,19.330381105743424,5.367686527106817,0.08051529790660225,2.4221685453569513,
189,17.975040257648953,12.949543746645196,32.387278582930755,7.004830917874396,2.703972088030059,19.236446591519055,5.24020397208803,0.08051529790660225,2.4221685453569513,
190,18.075684380032207,12.97638217928073,32.2866344605475,6.998121309715513,3.046162104133119,18.874127750939344,5.24020397208803,0.08051529790660225,2.4221685453569513,
191,18.17632850241546,12.962962962962964,32.23966720343532,6.984702093397746,3.046162104133119,18.874127750939344,5.213365539452496,0.08051529790660225,2.4221685453569513,
192,18.370907139023082,12.962962962962964,32.1256038647343,6.863929146537842,3.140096618357488,18.820450885668276,5.213365539452496,0.08051529790660225,2.4221685453569513,
193,18.42458400429415,12.634192163177671,31.568706387546968,7.6556629092860975,3.140096618357488,18.820450885668276,5.152979066022544,0.08051529790660225,2.522812667740204,
194,18.531937734836287,12.627482555018787,30.730005367686527,7.024959742351046,3.1333870101986045,20.30998389694042,5.038915727321524,0.08051529790660225,2.522812667740204,
195,18.230005367686527,12.614063338701019,29.911433172302736,6.977992485238862,2.6704240472356413,19.95437466451959,6.454643048845948,0.08051529790660225,3.1065485775630703,
196,18.5654857756307,12.587224906065487,29.7638217928073,6.971282877079979,2.6704240472356413,19.840311325818572,6.454643048845948,0.08051529790660225,3.066290928609769,
197,18.800322061191626,12.587224906065487,29.71014492753623,6.971282877079979,2.657004830917874,19.538378958668815,6.454643048845948,0.08051529790660225,3.2004830917874396,
198,18.840579710144926,12.587224906065487,29.696725711218466,6.971282877079979,2.657004830917874,19.618894256575416,6.347289318303811,0.08051529790660225,3.2004830917874396,
199,18.9747718733226,12.587224906065487,29.656468062265162,6.957863660762212,2.657004830917874,19.558507783145465,6.327160493827161,0.08051529790660225,3.2004830917874396,
200,18.894256575415994,12.580515297906603,29.522275899087493,6.0587761674718195,2.623456790123457,20.71256038647343,6.327160493827161,0.08051529790660225,3.2004830917874396,
201,19.07541599570585,12.560386473429952,29.461889425657542,6.0587761674718195,2.6033279656468062,20.658883521202362,6.3137412775093935,0.08051529790660225,3.1870638754696725,
202,19.0955448201825,12.560386473429952,28.804347826086957,7.87037037037037,2.5697799248523885,19.598765432098766,6.233225979602791,0.08051529790660225,3.1870638754696725,
203,19.16935050993022,12.513419216317766,28.69699409554482,7.823403113258186,2.717391304347826,19.578636607622116,6.233225979602791,0.08051529790660225,3.1870638754696725,
204,19.276704240472355,12.506709608158884,28.663446054750402,7.809983896940419,2.717391304347826,19.55179817498658,6.206387546967257,0.08051529790660225,3.1870638754696725,
205,19.0955448201825,12.5,27.38191089640365,7.803274288781535,4.4820182501341925,19.45115405260333,6.0587761674718195,0.08051529790660225,3.1468062265163717,
206,19.155931293612454,12.5,27.200751476113794,7.803274288781535,5.394524959742351,18.659420289855074,6.0587761674718195,0.08051529790660225,3.1468062265163717,
207,19.216317767042405,12.486580783682234,27.18733225979603,7.803274288781535,5.367686527106817,18.659420289855074,6.052066559312936,0.08051529790660225,3.1468062265163717,
208,19.484702093397747,12.305421363392378,26.986044015029524,7.722758990874933,5.750134192163178,18.659420289855074,5.864197530864198,0.08051529790660225,3.1468062265163717,
209,19.679280730005367,12.265163714439076,26.81159420289855,7.702630166398282,5.743424584004294,18.592324208266238,5.978260869565218,0.08051529790660225,3.1468062265163717,
210,19.746376811594203,12.25174449812131,26.757917337627482,7.575147611379496,5.891035963499732,18.572195383789587,5.978260869565218,0.08051529790660225,3.1468062265163717,
211,19.920826623725173,12.198067632850242,26.757917337627482,7.568438003220612,5.891035963499732,18.552066559312937,5.964841653247451,0.08051529790660225,3.066290928609769,
212,20.021470746108427,12.191358024691358,26.207729468599034,7.568438003220612,5.891035963499732,18.552066559312937,6.300322061191626,0.08051529790660225,3.1870638754696725,
213,20.242887815351583,12.157809983896941,26.120504562533547,7.555018786902845,5.844068706387547,18.51851851851852,6.293612453032743,0.08051529790660225,3.1870638754696725,
214,20.29656468062265,12.157809983896941,26.120504562533547,7.555018786902845,5.844068706387547,18.46484165324745,6.293612453032743,0.08051529790660225,3.1870638754696725,
215,20.471014492753625,12.144390767579173,26.08695652173913,7.548309178743962,5.844068706387547,18.42458400429415,6.219806763285024,0.08051529790660225,3.180354267310789,
216,20.48443370907139,12.016908212560386,26.073537305421365,7.494632313472893,6.0654857756307035,18.38432635534085,6.219806763285024,0.08051529790660225,3.180354267310789,
217,20.50456253354804,12.016908212560386,25.785024154589372,7.440955448201825,6.018518518518518,18.84728931830381,6.125872249060655,0.08051529790660225,3.180354267310789,
218,20.564949006977994,11.822329575952764,25.543478260869566,7.440955448201825,6.005099302200751,18.833870101986044,6.561996779388084,0.08051529790660225,3.1468062265163717,
219,20.75281803542673,11.81561996779388,25.43612453032743,7.440955448201825,5.891035963499732,18.753354804079443,6.6827697262479875,0.08051529790660225,3.1468062265163717,
220,20.8064949006978,11.81561996779388,25.42270531400966,7.273215244229737,5.891035963499732,18.726516371443907,6.6827697262479875,0.08051529790660225,3.3011272141706924,
221,20.50456253354804,11.439881910896403,25.328770799785293,7.273215244229737,7.185990338164252,18.706387546967257,6.179549114331723,0.08051529790660225,3.3011272141706924,
222,20.605206655931294,11.43317230273752,25.281803542673106,7.253086419753086,7.185990338164252,18.679549114331724,6.179549114331723,0.08051529790660225,3.3011272141706924,
223,20.75281803542673,11.41304347826087,25.241545893719806,7.253086419753086,7.179280730005368,18.63929146537842,6.146001073537305,0.08051529790660225,3.294417606011809,
224,20.92055823939882,11.399624261943103,25.174449812130973,7.212828770799785,7.139023081052066,18.63929146537842,6.139291465378422,0.08051529790660225,3.294417606011809,
225,20.377079978529252,10.668276972624799,24.724906065485776,7.212828770799785,8.682232957595277,19.0552871712292,6.052066559312936,0.08051529790660225,3.1468062265163717,
226,20.632045088566827,10.654857756307031,24.362587224906065,7.206119162640902,8.682232957595277,18.99490069779925,6.125872249060655,0.08051529790660225,3.260869565217391,
227,20.725979602791195,10.433440687063875,24.349168008588297,7.199409554482019,8.662104133118627,18.914385399892645,6.374127750939345,0.08051529790660225,3.260869565217391,
228,20.833333333333332,10.393183038110575,24.329039184111647,7.199409554482019,8.635265700483092,18.894256575415994,6.374127750939345,0.08051529790660225,3.260869565217391,
229,21.00107353730542,10.36634460547504,24.295491143317232,7.185990338164252,8.61513687600644,18.833870101986044,6.367418142780462,0.08051529790660225,3.2541599570585076,
230,21.061460010735374,10.326086956521738,24.22168545356951,7.1725711218464845,8.756038647342995,18.800322061191626,6.367418142780462,0.08051529790660225,3.2139023081052067,
231,21.30300590445518,10.238862050456254,24.168008588298445,7.125603864734299,8.756038647342995,18.753354804079443,6.367418142780462,0.07380568974771873,3.2139023081052067,
232,21.450617283950617,10.131508319914117,24.14117015566291,7.125603864734299,8.735909822866345,18.753354804079443,6.374127750939345,0.07380568974771873,3.2139023081052067,
233,21.732420826623724,10.0979602791197,24.020397208803004,7.051798174986581,8.923778851315083,18.511808910359633,6.374127750939345,0.07380568974771873,3.2139023081052067,
234,21.900161030595815,10.084541062801932,24.013687600644122,6.957863660762212,8.910359634997317,18.471551261406333,6.374127750939345,0.07380568974771873,3.2139023081052067,
235,22.034353193773484,10.057702630166398,23.97342995169082,6.957863660762212,8.896940418679549,18.417874396135264,6.374127750939345,0.07380568974771873,3.2139023081052067,
236,22.061191626409016,10.057702630166398,23.960010735373054,6.957863660762212,8.896940418679549,18.4044551798175,6.374127750939345,0.07380568974771873,3.2139023081052067,
237,22.31615673644659,9.977187332259795,23.866076221148685,6.957863660762212,8.870101986044014,18.243424584004295,6.374127750939345,0.07380568974771873,3.321256038647343,
238,22.282608695652176,9.816156736446592,23.718464841653248,8.158883521202362,8.272946859903382,18.08239398819109,6.273483628556092,0.07380568974771873,3.321256038647343,
239,22.52415458937198,9.77589908749329,23.61111111111111,8.158883521202362,8.319914117015566,18.04213633923779,6.172839506172839,0.07380568974771873,3.321256038647343,
240,22.75228126677402,9.601449275362318,23.49033816425121,8.145464304884594,8.266237251744498,18.00187869028449,6.360708534621578,0.07380568974771873,3.307836822329576,
241,22.73886205045625,9.554482018250134,23.121309715512613,9.03113258185722,7.856951154052603,17.96833064949007,6.360708534621578,0.07380568974771873,3.294417606011809,
242,22.14170692431562,9.534353193773484,25.577026301663984,9.03113258185722,7.716049382716049,16.398282340311326,6.340579710144928,0.07380568974771873,3.1870638754696725,
243,22.309447128287708,9.534353193773484,25.469672571121848,9.024422973698336,7.695920558239399,16.371443907675793,6.333870101986044,0.07380568974771873,3.1870638754696725,
244,22.41009125067096,9.534353193773484,25.40257648953301,9.024422973698336,7.682501341921632,16.364734299516908,6.333870101986044,0.07380568974771873,3.1736446591519054,
245,22.5577026301664,9.426999463231347,25.315351583467525,8.930488459473967,7.682501341921632,16.264090177133657,6.575415995705851,0.07380568974771873,3.1736446591519054,
246,22.765700483091788,9.346484165324744,25.268384326355342,8.903650026838433,7.689210950080516,16.15673644659152,6.622383252818035,0.07380568974771873,3.1736446591519054,
247,22.926731078904993,9.23913043478261,25.127482555018787,8.876811594202898,7.675791733762749,16.15673644659152,6.602254428341385,0.07380568974771873,3.321256038647343,
248,23.11460010735373,9.185453569511541,25.11406333870102,8.870101986044014,7.62211486849168,16.09634997316157,6.602254428341385,0.07380568974771873,3.321256038647343,
249,23.295759527643586,9.16532474503489,25.05367686527107,8.870101986044014,7.548309178743962,16.069511540526033,6.602254428341385,0.07380568974771873,3.321256038647343,
250,23.255501878690286,9.004294149221685,25.006709608158882,8.856682769726248,8.501073537305421,16.035963499731615,5.964841653247451,0.07380568974771873,3.3011272141706924,
251,23.362855609232422,8.99087493290392,24.973161567364468,8.856682769726248,8.480944712828771,15.995705850778315,5.964841653247451,0.07380568974771873,3.3011272141706924,
252,23.382984433709073,8.957326892109501,24.859098228663445,8.849973161567364,8.467525496511003,15.921900161030596,6.1862587224906065,0.07380568974771873,3.3011272141706924,
253,23.382984433709073,8.735909822866345,24.805421363392377,8.82313472893183,8.809715512614064,15.895061728395062,6.1862587224906065,0.07380568974771873,3.2877079978529253,
