,45,50,55,51,54,56,52,53,57,59,58,60
0,99.05394524959742,0.9460547504025765,,,,,,,,,,
1,92.02227589908749,7.977724100912507,,,,,,,,,,
2,91.99543746645196,8.004562533548041,,,,,,,,,,
3,74.16129898013956,25.697799248523886,0.14090177133655393,,,,,,,,,
4,56.62909286097692,43.23000536768653,0.14090177133655393,,,,,,,,,
5,56.64922168545357,43.00858829844337,0.3421900161030596,,,,,,,,,
6,52.75093934514224,45.793075684380035,0.4092860976918948,1.0466988727858293,,,,,,,,
7,44.37734836285561,41.156736446591516,0.4092860976918948,14.056629092860977,,,,,,,,
8,44.236446591519055,37.96296296296296,1.4694041867954912,16.33118625872249,,,,,,,,
9,43.974771873322595,37.848899624261946,1.4694041867954912,16.70692431561997,,,,,,,,
10,41.31105743424584,36.50697799248524,1.4694041867954912,20.29656468062265,0.3757380568974772,0.040257648953301126,,,,,,
11,40.98899624261943,36.70826623725174,1.5029522275899088,20.182501341921633,0.49651100375738055,0.12077294685990338,,,,,,
12,40.92860976918948,36.231884057971016,1.4694041867954912,17.726784755770264,0.5233494363929146,0.06038647342995169,1.415727321524423,1.6438539989264627,,,,
13,41.00912506709608,36.04401502952228,1.6304347826086956,17.639559849704778,0.5233494363929146,0.0939345142243693,1.415727321524423,1.6438539989264627,,,,
14,40.465646806226516,35.487117552334944,1.6170155662909287,17.559044551798173,0.5233494363929146,0.15432098765432098,1.3955984970477724,2.7979066022544283,,,,
15,39.781266774020395,35.94337090713902,1.6170155662909287,17.52549651100376,0.785024154589372,0.15432098765432098,1.3955984970477724,2.7979066022544283,,,,
16,36.94981213097155,34.74906065485776,1.6438539989264627,21.524422973698336,0.785024154589372,0.15432098765432098,1.3955984970477724,2.7979066022544283,,,,
17,36.13794954374664,32.63553408480945,1.6438539989264627,25.301932367149757,0.6105743424584005,0.12077294685990338,0.7313472893183038,2.818035426731079,,,,
18,36.191626409017715,29.777241009125067,1.415727321524423,25.241545893719806,0.6105743424584005,0.12077294685990338,0.7313472893183038,5.911164787976382,,,,
19,35.23215244229737,30.750134192163177,1.415727321524423,25.241545893719806,0.6105743424584005,0.12077294685990338,0.7313472893183038,5.897745571658615,,,,
20,35.245571658615134,30.589103596349972,1.4895330112721417,25.161030595813205,0.7380568974771873,0.12077294685990338,0.7514761137949544,5.897745571658615,0.0067096081588835215,,,
21,35.0979602791197,31.300322061191626,1.5901771336553945,24.9194847020934,0.5501878690284487,0.12077294685990338,0.7380568974771873,5.642780461621041,0.040257648953301126,,,
22,32.118894256575416,33.641975308641975,1.6572732152442298,25.503220611916262,0.5434782608695652,0.12077294685990338,0.7380568974771873,5.636070853462158,0.040257648953301126,,,
23,31.622383252818036,33.01798174986581,1.7914653784219001,26.737788513150832,0.5434782608695652,0.2281266774020397,0.7380568974771873,5.280461621041331,0.040257648953301126,,,
24,30.334138486312398,36.04401502952228,1.288244766505636,25.583735909822867,0.5099302200751477,0.2281266774020397,0.7380568974771873,5.233494363929147,0.040257648953301126,,,
25,30.273752012882447,35.95679012345679,1.288244766505636,25.45625335480408,0.5099302200751477,0.2885131508319914,0.7380568974771873,5.448201825013419,0.040257648953301126,,,
26,25.691089640365004,31.38083735909823,2.1604938271604937,34.35990338164251,0.3824476650563607,0.2281266774020397,0.7380568974771873,5.018786902844874,0.040257648953301126,,,
27,24.315619967793882,33.01798174986581,2.38191089640365,33.59500805152979,0.3824476650563607,0.5099302200751477,0.7380568974771873,5.018786902844874,0.040257648953301126,,,
28,24.362587224906065,32.890499194847024,2.475845410628019,33.581588835212024,0.3824476650563607,0.5099302200751477,0.7380568974771873,5.018786902844874,0.040257648953301126,,,
29,24.36929683306495,32.88378958668814,2.475845410628019,33.581588835212024,0.3824476650563607,0.5099302200751477,0.7380568974771873,5.018786902844874,0.040257648953301126,,,
30,24.18142780461621,33.13875469672571,2.4490069779924855,33.15888352120236,0.8185721953837896,0.5099302200751477,0.7380568974771873,4.9651100375738055,0.040257648953301126,,,
31,20.75281803542673,36.42646269457864,2.576489533011272,33.55475040257649,0.43612453032742887,0.5099302200751477,0.7380568974771873,4.9651100375738055,0.040257648953301126,,,
32,18.53864734299517,44.37063875469673,2.885131508319914,29.757112184648417,0.43612453032742887,0.3824476650563607,0.7380568974771873,2.885131508319914,0.0067096081588835215,,,
33,18.59903381642512,44.18947933440687,3.0059044551798175,29.64975845410628,0.5434782608695652,0.3824476650563607,0.7380568974771873,2.885131508319914,0.0067096081588835215,,,
34,18.4044551798175,40.55958132045089,3.026033279656468,29.09286097691895,0.5434782608695652,0.3824476650563607,6.4412238325281805,1.5432098765432098,0.0067096081588835215,,,
35,16.404991948470208,39.82823403113258,2.791196994095545,32.139023081052066,0.4294149221685454,0.3824476650563607,6.474771873322598,1.5432098765432098,0.0067096081588835215,,,
36,16.478797638217927,39.761137949543745,2.999194847020934,31.924315619967793,0.4294149221685454,0.4227053140096618,6.461352657004831,1.5163714439076759,0.0067096081588835215,,,
37,16.505636070853463,39.680622651637144,2.999194847020934,30.407944176060116,0.4294149221685454,0.4227053140096618,6.461352657004831,3.0864197530864197,0.0067096081588835215,,,
38,16.53918411164788,37.043746645195924,3.7238325281803544,32.25308641975309,0.4294149221685454,0.4562533548040794,6.461352657004831,3.0864197530864197,0.0067096081588835215,,,
39,16.61969940955448,36.91626409017714,4.025764895330113,32.139023081052066,0.4294149221685454,0.4562533548040794,6.454643048845948,2.952227589908749,0.0067096081588835215,,,
40,16.6129898013956,35.42002147074611,4.274020397208803,31.112453032742888,0.4294149221685454,0.4562533548040794,6.454643048845948,5.233494363929147,0.0067096081588835215,,,
41,16.472088030059044,35.560923242082666,4.3478260869565215,31.052066559312937,0.4294149221685454,0.4562533548040794,6.454643048845948,5.22007514761138,0.0067096081588835215,,,
42,16.53918411164788,35.52066559312936,4.334406870638754,31.031937734836287,0.4294149221685454,0.4562533548040794,6.454643048845948,5.226784755770263,0.0067096081588835215,,,
43,16.6129898013956,35.198604401502955,4.240472356414386,30.85077831454643,0.7380568974771873,0.5367686527106817,6.340579710144928,5.475040257648954,0.0067096081588835215,,,
44,16.109769189479334,35.057702630166396,4.3545356951154055,31.38083735909823,0.7380568974771873,0.5367686527106817,6.340579710144928,5.475040257648954,0.0067096081588835215,,,
45,16.404991948470208,34.93022007514761,4.314278046162104,31.300322061191626,0.7380568974771873,0.5367686527106817,6.293612453032743,5.475040257648954,0.0067096081588835215,,,
46,15.861513687600644,30.951422436929683,3.4151905528717124,37.0504562533548,0.7380568974771873,0.5367686527106817,5.984970477724101,5.4549114331723025,0.0067096081588835215,,,
47,15.881642512077295,30.891035963499732,3.7238325281803544,36.782071926999464,0.7380568974771873,0.5367686527106817,5.984970477724101,5.4549114331723025,0.0067096081588835215,,,
48,12.962962962962964,35.299248523886206,2.717391304347826,37.43961352657005,0.7380568974771873,0.41599570585077833,5.12614063338701,5.293880837359098,0.0067096081588835215,,,
49,13.003220611916264,34.957058507783145,3.1065485775630703,37.38593666129898,0.7380568974771873,0.41599570585077833,5.12614063338701,5.260332796564681,0.0067096081588835215,,,
50,8.380300590445518,46.32984433709071,2.9052603327965647,32.14573268921095,0.5166398282340311,0.3757380568974772,5.12614063338701,4.213633923778851,0.0067096081588835215,,,
51,7.977724100912507,43.565485775630705,2.6301663982823404,32.57514761137949,1.7914653784219001,0.4092860976918948,7.024959742351046,4.012345679012346,0.013419216317767043,,,
52,7.950885668276973,41.317767042404725,2.636876006441224,40.042941492216855,0.46296296296296297,0.4092860976918948,4.240472356414386,2.932098765432099,0.0067096081588835215,,,
53,5.233494363929147,35.35963499731616,2.1604938271604937,47.57783145464305,0.8051529790660226,1.710950080515298,4.461889425657541,2.6838432635534084,0.0067096081588835215,,,
54,3.488996242619431,24.651100375738057,1.8451422436929683,60.279119699409556,0.7783145464304885,1.737788513150832,4.904723564143854,2.3081052066559313,0.0067096081588835215,,,
55,3.502415458937198,22.423510466988727,3.3548040794417604,60.11808910359635,0.7783145464304885,1.737788513150832,4.488727858293076,3.589640365002684,0.0067096081588835215,,,
56,3.589640365002684,22.342995169082126,3.3480944712828773,58.87010198604401,0.7783145464304885,1.8853998926462694,4.488727858293076,4.690016103059581,0.0067096081588835215,,,
57,3.7372517444981215,22.282608695652176,3.361513687600644,56.414385399892645,1.90552871712292,1.9122383252818036,5.6964573268921095,4.683306494900698,0.0067096081588835215,,,
58,3.851315083199141,21.390230810520666,3.361513687600644,56.31374127750939,1.90552871712292,1.9524959742351047,5.609232420826624,5.522007514761138,0.0939345142243693,,,
59,3.294417606011809,21.336553945249598,3.4151905528717124,50.46967257112185,1.8988191089640365,1.9524959742351047,12.050456253354804,5.495169082125604,0.08722490606548577,,,
60,3.3413848631239937,20.544820182501343,3.4151905528717124,42.89452495974235,1.583467525496511,2.033011272141707,20.28985507246377,5.810520665593129,0.08722490606548577,,,
61,3.0193236714975846,18.50509930220075,1.710950080515298,38.33870101986044,1.1473429951690821,1.8988191089640365,31.64922168545357,3.643317230273752,0.08722490606548577,,,
62,3.140096618357488,18.45813204508857,1.710950080515298,38.28502415458937,1.1473429951690821,1.8988191089640365,31.629092860976918,3.643317230273752,0.08722490606548577,,,
63,3.2206119162640903,15.042941492216855,3.69699409554482,37.486580783682236,1.4626945786366077,1.8988191089640365,31.608964036500268,5.495169082125604,0.08722490606548577,,,
64,3.3145464304884595,14.351851851851851,3.851315083199141,36.231884057971016,1.5230810520665594,2.147074610842727,33.07836822329576,5.414653784219001,0.08722490606548577,,,
65,3.2206119162640903,14.237788513150832,3.81105743424584,33.40713902308105,1.5230810520665594,2.1269457863660763,36.41975308641975,5.166398282340311,0.08722490606548577,,,
66,3.4688674181427803,14.070048309178745,3.9586688137412773,33.1454643048846,1.5230810520665594,2.24771873322598,36.252012882447666,5.166398282340311,0.16774020397208803,,,
67,3.4420289855072466,13.828502415458937,4.1129898013955986,35.507246376811594,1.5230810520665594,2.214170692431562,33.964036500268385,5.152979066022544,0.2549651100375738,,,
68,2.9119699409554483,11.714975845410628,5.193236714975845,44.18276972624799,2.804616210413312,1.8853998926462694,26.932367149758456,4.159957058507783,0.2147074610842727,,,
69,2.9388083735909825,11.634460547504025,5.508588298443371,42.44498121309716,2.804616210413312,3.4957058507783145,26.798174986580783,4.159957058507783,0.2147074610842727,,,
70,3.0864197530864197,11.634460547504025,5.508588298443371,42.36446591519055,2.804616210413312,3.4688674181427803,26.73107890499195,4.159957058507783,0.2147074610842727,0.026838432635534086,,
71,3.193773483628556,11.634460547504025,5.35426731078905,42.270531400966185,2.4892646269457863,3.6231884057971016,25.831991411701555,5.360976918947934,0.2147074610842727,0.026838432635534086,,
72,3.193773483628556,11.634460547504025,5.35426731078905,42.24369296833065,2.4892646269457863,3.6902844873859366,25.764895330112722,5.253623188405797,0.3488996242619431,0.026838432635534086,,
73,3.2742887815351582,11.446591519055287,5.166398282340311,42.049114331723025,2.4892646269457863,3.864734299516908,25.228126677402038,6.105743424584004,0.3488996242619431,0.026838432635534086,,
74,3.4017713365539453,11.446591519055287,5.12614063338701,41.91492216854536,2.4892646269457863,3.9318303811057436,25.167740203972087,6.105743424584004,0.3488996242619431,0.06709608158883522,,
75,3.5762211486849167,11.41304347826087,5.12614063338701,41.86795491143317,2.4892646269457863,3.8848631239935587,25.13419216317767,6.092324208266238,0.3488996242619431,0.06709608158883522,,
76,3.629898013955985,11.386205045625335,5.12614063338701,41.35131508319914,2.4892646269457863,4.441760601180891,25.067096081588836,6.092324208266238,0.3488996242619431,0.06709608158883522,,
77,3.5292538915727323,11.372785829307569,5.032206119162641,41.438539989264626,2.462426194310252,3.8043478260869565,26.093666129898015,5.850778314546431,0.3488996242619431,0.06709608158883522,,
78,3.5963499731615673,11.352657004830919,5.032206119162641,41.237251744498124,2.462426194310252,4.012345679012346,25.999731615673646,5.8172302737520125,0.4227053140096618,0.06709608158883522,,
79,3.7640901771336552,11.292270531400966,5.166398282340311,41.10976918947934,2.442297369833602,3.9989264626945786,25.939345142243692,5.797101449275362,0.4227053140096618,0.06709608158883522,,
80,3.515834675254965,11.077563070316694,5.186527106816962,43.49838969404187,2.314814814814815,4.092860976918948,24.02710681696189,5.797101449275362,0.4227053140096618,0.06709608158883522,,
81,3.535963499731616,10.534084809447128,4.602791196994096,45.73939881910896,2.2946859903381642,4.3545356951154055,23.939881910896403,4.508856682769726,0.4227053140096618,0.06709608158883522,,
82,3.643317230273752,10.520665593129362,4.575952764358561,45.40391841116479,2.2946859903381642,4.602791196994096,23.62453032742888,4.508856682769726,0.7581857219538379,0.06709608158883522,,
83,3.629898013955985,10.205314009661835,5.01207729468599,45.128824476650564,2.26784755770263,4.884594739667204,23.483628556092324,4.502147074610843,0.7917337627482555,0.0939345142243693,,
84,3.7573805689747717,10.19189479334407,5.119431025228127,44.880568974771876,2.26784755770263,4.918142780461621,23.47691894793344,4.502147074610843,0.7917337627482555,0.0939345142243693,,
85,3.6366076221148687,8.59500805152979,4.797369833601718,44.316961889425656,1.932367149758454,4.770531400966184,27.113526570048307,3.8043478260869565,0.966183574879227,0.06709608158883522,,
86,3.589640365002684,8.454106280193237,4.938271604938271,44.69269994632314,1.932367149758454,4.488727858293076,27.073268921095007,3.797638217928073,0.966183574879227,0.06709608158883522,,
87,3.6634460547504024,8.413848631239935,4.931561996779388,44.518250134192165,1.9122383252818036,4.656468062265164,25.785024154589372,5.119431025228127,0.9326355340848095,0.06709608158883522,,
88,3.743961352657005,8.400429414922169,4.931561996779388,44.477992485238865,1.9122383252818036,4.62962962962963,25.751476113794954,5.119431025228127,0.966183574879227,0.06709608158883522,,
89,3.066290928609769,7.689210950080516,4.072732152442297,47.75228126677402,1.0198604401502953,4.012345679012346,27.690552871712292,3.6768652710681695,0.95276435856146,0.06709608158883522,,
90,3.113258185721954,7.675791733762749,4.066022544283414,46.66532474503489,0.7112184648416533,4.260601180891036,27.61003757380569,4.656468062265164,1.1741814278046163,0.06709608158883522,,
91,3.2675791733762747,7.6623725174449815,4.079441760601181,46.59151905528717,0.7112184648416533,4.253891572732153,27.563070316693505,4.62962962962963,1.1741814278046163,0.06709608158883522,,
92,2.831454643048846,6.890767579173376,4.30756843800322,48.65807836822329,0.5837359098228664,4.166666666666667,26.690821256038646,4.582662372517445,1.221148684916801,0.06709608158883522,,
93,2.737520128824477,6.884057971014493,4.327697262479871,47.43022007514761,0.5837359098228664,5.938003220611916,26.10708534621578,4.575952764358561,1.3486312399355878,0.06709608158883522,,
94,2.8247450348899625,6.884057971014493,4.327697262479871,47.376543209876544,0.5837359098228664,5.938003220611916,26.080246913580247,4.569243156199678,1.3486312399355878,0.06709608158883522,,
95,2.9388083735909825,6.884057971014493,4.327697262479871,47.32286634460547,0.5837359098228664,5.938003220611916,26.03327965646806,4.555823939881911,1.3486312399355878,0.06709608158883522,,
96,3.0327428878153517,6.615673644659152,4.5960815888352125,47.26247987117552,0.5837359098228664,5.938003220611916,25.89237788513151,4.555823939881911,1.4559849704777241,0.06709608158883522,,
97,3.2206119162640903,6.602254428341385,4.757112184648417,47.0276435856146,0.5837359098228664,5.971551261406334,25.731347289318304,4.488727858293076,1.5499194847020934,0.06709608158883522,,
98,3.488996242619431,6.488191089640365,4.703435319377348,46.9873859366613,0.5837359098228664,5.978260869565218,25.664251207729468,4.488727858293076,1.5499194847020934,0.06709608158883522,,
99,3.589640365002684,6.488191089640365,4.690016103059581,46.65190552871712,0.5837359098228664,6.454643048845948,25.43612453032743,4.461889425657541,1.5499194847020934,0.06709608158883522,0.026838432635534086,
100,3.69699409554482,6.488191089640365,4.690016103059581,46.57139023081052,0.5837359098228664,6.454643048845948,25.36231884057971,4.448470209339774,1.6103059581320451,0.06709608158883522,0.026838432635534086,
101,3.8177670424047236,6.488191089640365,4.690016103059581,46.27616747181965,0.8387010198604401,6.709608158883521,25.09393451422437,4.38137412775094,1.6103059581320451,0.06709608158883522,0.026838432635534086,
102,4.019055287171229,6.461352657004831,4.690016103059581,46.202361782071925,0.8387010198604401,6.6827697262479875,25.02012882447665,4.38137412775094,1.6103059581320451,0.06709608158883522,0.026838432635534086,
103,4.253891572732153,6.353998926462695,4.676596886741814,44.85373054213634,0.9863123993558777,6.850509930220075,24.93961352657005,5.273752012882448,1.6103059581320451,0.17444981213097155,0.026838432635534086,
104,4.30756843800322,6.353998926462695,4.64975845410628,43.65271068169619,0.9594739667203436,8.07836822329576,24.912775093934513,5.273752012882448,1.6103059581320451,0.17444981213097155,0.026838432635534086,
105,4.388083735909823,6.353998926462695,4.9651100375738055,43.243424584004295,0.9594739667203436,8.266237251744498,24.765163714439076,5.273752012882448,1.583467525496511,0.17444981213097155,0.026838432635534086,
106,4.414922168545357,5.924584004294149,4.985238862050457,42.619431025228124,0.9594739667203436,8.225979602791197,24.63768115942029,6.447933440687064,1.583467525496511,0.17444981213097155,0.026838432635534086,
107,4.549114331723027,5.897745571658615,4.898013955984971,42.46511003757381,0.9594739667203436,8.413848631239935,24.52361782071927,6.447933440687064,1.583467525496511,0.23483628556092323,0.026838432635534086,
108,4.64975845410628,5.897745571658615,4.898013955984971,42.08266237251745,1.2748255501878691,8.68894256575416,24.174718196457327,6.447933440687064,1.6237251744498122,0.23483628556092323,0.026838432635534086,
109,4.804079441760601,5.8172302737520125,5.12614063338701,41.95517981749866,1.2748255501878691,8.61513687600644,24.094202898550726,6.427804616210413,1.6237251744498122,0.23483628556092323,0.026838432635534086,
110,4.951690821256038,5.8172302737520125,5.139559849704777,41.87466451959206,1.2748255501878691,8.61513687600644,24.060654857756308,6.394256575415996,1.6103059581320451,0.23483628556092323,0.026838432635534086,
111,4.951690821256038,5.810520665593129,5.139559849704777,41.86124530327429,1.2748255501878691,8.064949006977992,24.44981213097155,6.394256575415996,1.7914653784219001,0.23483628556092323,0.026838432635534086,
112,5.005367686527107,5.810520665593129,5.159688674181428,41.706924315619965,1.0735373054213635,8.064949006977992,24.731615673644658,6.394256575415996,1.7914653784219001,0.23483628556092323,0.026838432635534086,
113,5.2066559312936125,5.803811057434245,5.3274288781535155,41.659957058507786,1.1473429951690821,8.051529790660226,24.476650563607084,6.374127750939345,1.6908212560386473,0.23483628556092323,0.026838432635534086,
114,5.401234567901234,5.803811057434245,5.3274288781535155,41.50563607085346,1.133923778851315,8.091787439613526,24.422973698336016,6.360708534621578,1.6908212560386473,0.23483628556092323,0.026838432635534086,
115,5.481749865807837,5.776972624798712,5.3274288781535155,41.06951154052604,1.133923778851315,8.487654320987655,24.40955448201825,6.360708534621578,1.6908212560386473,0.23483628556092323,0.026838432635534086,
116,5.662909286097692,5.776972624798712,5.488459473966721,40.90848094471283,1.133923778851315,8.702361782071927,23.906333870101985,6.340579710144928,1.8183038110574343,0.23483628556092323,0.026838432635534086,
117,5.669618894256575,5.683038110574342,5.360976918947934,40.41196994095545,1.1674718196457328,8.608427267847558,23.517176596886742,7.25979602791197,2.059849704777241,0.23483628556092323,0.026838432635534086,
118,5.6964573268921095,5.669618894256575,5.394524959742351,40.351583467525494,1.2077294685990339,8.729200214707461,23.101180891035963,7.25979602791197,2.328234031132582,0.23483628556092323,0.026838432635534086,
119,5.71658615136876,5.642780461621041,5.394524959742351,40.19055287171229,1.2077294685990339,8.896940418679549,23.101180891035963,7.25979602791197,2.328234031132582,0.23483628556092323,0.026838432635534086,
120,5.5756843800322065,5.642780461621041,5.226784755770263,45.65888352120236,1.1272141706924315,8.648684916800859,19.699409554482017,5.911164787976382,2.2745571658615136,0.23483628556092323,,
121,5.743424584004294,5.636070853462158,5.22007514761138,45.38378958668814,1.1272141706924315,8.997584541062801,19.585346215780998,5.810520665593129,2.2611379495437465,0.23483628556092323,,
122,5.495169082125604,5.636070853462158,5.22007514761138,47.55099302200752,1.1272141706924315,7.2933440687063875,19.565217391304348,5.615942028985507,2.2611379495437465,0.23483628556092323,,
123,5.508588298443371,5.636070853462158,5.22007514761138,47.38325281803543,1.1272141706924315,7.48792270531401,19.538378958668815,5.60252281266774,2.2611379495437465,0.23483628556092323,,
124,5.58239398819109,5.636070853462158,5.2066559312936125,47.1081588835212,1.1272141706924315,7.702630166398282,19.49812130971551,5.60252281266774,2.301395598497048,0.23483628556092323,,
125,5.5689747718733225,5.636070853462158,5.3341384863123995,45.53811057434246,1.1272141706924315,7.601986044015029,20.840042941492218,5.595813204508857,2.522812667740204,0.23483628556092323,,
126,5.615942028985507,5.320719269994632,5.193236714975845,45.18250134192163,1.1272141706924315,7.944176060118089,20.705850778314545,6.1862587224906065,2.4892646269457863,0.23483628556092323,,
127,5.8239398819108965,5.320719269994632,5.193236714975845,45.06172839506173,1.1272141706924315,7.944176060118089,20.638754696725712,6.1862587224906065,2.4691358024691357,0.23483628556092323,,
128,5.971551261406334,5.260332796564681,5.3274288781535155,44.65915190552872,1.3486312399355878,8.064949006977992,20.558239398819108,6.172839506172839,2.4020397208803006,0.23483628556092323,,
129,4.622920021470746,17.062533548040793,2.791196994095545,43.96135265700483,0.966183574879227,7.0383789586688135,17.827428878153516,3.965378421900161,1.6170155662909287,0.14761137949543746,,
130,4.7168545356951155,16.921631776704242,2.918679549114332,43.887546967257116,0.966183574879227,7.0383789586688135,17.820719269994633,3.965378421900161,1.6170155662909287,0.14761137949543746,,
131,4.736983360171766,16.921631776704242,2.9119699409554483,43.853998926462694,1.0064412238325282,7.018250134192163,17.820719269994633,3.965378421900161,1.6170155662909287,0.14761137949543746,,
132,4.871175523349437,16.55931293612453,3.408480944712829,43.55877616747182,0.9997316156736447,6.709608158883521,18.491680085882983,3.965378421900161,1.288244766505636,0.14761137949543746,,
133,4.777241009125067,15.257648953301127,3.388352120236178,43.43129361245303,2.086688137412775,6.072195383789587,18.431293612453032,5.132850241545894,1.2748255501878691,0.14761137949543746,,
134,4.810789049919484,15.163714439076758,3.3682232957595275,43.223295759527645,2.576489533011272,6.172839506172839,18.156199677938808,5.132850241545894,1.2748255501878691,0.12077294685990338,,
135,4.938271604938271,15.103327965646805,3.502415458937198,43.09581320450886,2.576489533011272,6.099033816425121,18.156199677938808,5.132850241545894,1.2748255501878691,0.12077294685990338,,
136,5.005367686527107,15.103327965646805,3.535963499731616,42.7536231884058,2.563070316693505,6.387546967257112,18.156199677938808,5.132850241545894,1.2412775093934514,0.12077294685990338,,
137,5.092592592592593,15.063070316693505,3.549382716049383,42.230273752012884,2.5295222758990876,6.179549114331723,18.156199677938808,5.837359098228664,1.2412775093934514,0.12077294685990338,,
138,5.2066559312936125,14.432367149758454,4.166666666666667,42.13633923778851,2.522812667740204,6.213097155126141,18.12265163714439,5.837359098228664,1.2412775093934514,0.12077294685990338,,
139,4.9651100375738055,13.130703166935051,4.180085882984434,42.74020397208803,2.5026838432635534,6.125872249060655,19.545088566827697,5.3274288781535155,1.3620504562533549,0.12077294685990338,,
140,5.059044551798175,13.130703166935051,4.180085882984434,42.20343531937735,2.7979066022544283,6.394256575415996,19.47799248523886,5.273752012882448,1.3620504562533549,0.12077294685990338,,
141,5.059044551798175,13.117283950617283,4.1532474503489,41.12989801395599,3.9452495974235107,6.394256575415996,19.444444444444443,5.273752012882448,1.3620504562533549,0.12077294685990338,,
142,5.24020397208803,13.103864734299517,4.086151368760064,41.04938271604938,3.9720880300590444,6.501610305958132,19.310252281266774,5.253623188405797,1.3620504562533549,0.12077294685990338,,
143,5.287171229200215,13.09044551798175,4.334406870638754,40.9621578099839,3.9720880300590444,6.5552871712292005,19.061996779388085,5.253623188405797,1.3620504562533549,0.12077294685990338,,
144,5.260332796564681,13.083735909822867,4.468599033816425,39.79468599033817,3.9720880300590444,6.421095008051529,18.98148148148148,6.474771873322598,1.4224369296833066,0.12077294685990338,,
145,5.414653784219001,13.070316693505099,4.468599033816425,39.720880300590444,3.9452495974235107,6.394256575415996,18.94122383252818,6.474771873322598,1.4492753623188406,0.12077294685990338,,
146,5.622651637144391,12.99651100375738,4.468599033816425,39.62023617820719,3.9049919484702094,6.407675791733762,18.94122383252818,6.474771873322598,1.442565754159957,0.12077294685990338,,
147,5.683038110574342,12.822061191626409,4.468599033816425,39.54643048845947,3.7640901771336552,6.568706387546968,18.894256575415994,6.380837359098229,1.751207729468599,0.12077294685990338,,
148,5.911164787976382,12.781803542673108,4.455179817498658,39.35856146001073,3.7238325281803544,6.763285024154589,18.753354804079443,6.380837359098229,1.751207729468599,0.12077294685990338,,
149,6.0587761674718195,12.781803542673108,4.468599033816425,39.32501341921632,3.69699409554482,6.756575415995706,18.659420289855074,6.380837359098229,1.751207729468599,0.12077294685990338,,
150,6.179549114331723,12.781803542673108,4.468599033816425,39.24449812130972,3.683574879227053,6.716317767042405,18.625872249060656,6.380837359098229,1.7981749865807837,0.12077294685990338,,
151,6.387546967257112,12.76838432635534,4.461889425657541,39.08346752549651,3.683574879227053,6.756575415995706,18.5654857756307,6.374127750939345,1.7981749865807837,0.12077294685990338,,
152,6.454643048845948,12.634192163177671,4.435050993022007,38.157541599570585,4.052603327965647,7.004830917874396,19.07541599570585,6.360708534621578,1.7042404723564144,0.12077294685990338,,
153,6.642512077294686,12.634192163177671,4.428341384863124,38.06360708534621,4.334406870638754,7.011540526033279,19.008319914117017,6.0654857756307035,1.6908212560386473,0.12077294685990338,,
154,6.736446591519055,12.634192163177671,4.414922168545357,38.04347826086956,4.30756843800322,7.011540526033279,19.008319914117017,6.031937734836285,1.6908212560386473,0.12077294685990338,,
155,6.984702093397746,12.560386473429952,4.414922168545357,37.96967257112185,4.30756843800322,6.971282877079979,18.95464304884595,6.025228126677402,1.6908212560386473,0.12077294685990338,,
156,7.078636607622115,12.533548040794418,4.408212560386473,37.80864197530864,4.522275899087493,6.944444444444445,18.95464304884595,5.938003220611916,1.6908212560386473,0.12077294685990338,,
157,6.716317767042405,12.533548040794418,4.300858829844337,32.46779388083736,4.508856682769726,6.239935587761675,26.38888888888889,5.179817498658078,1.5432098765432098,0.12077294685990338,,
158,6.763285024154589,12.533548040794418,4.300858829844337,32.420826623725176,4.508856682769726,6.239935587761675,26.34863123993559,5.179817498658078,1.583467525496511,0.12077294685990338,,
159,6.843800322061192,12.245034889962426,4.5893719806763285,32.33360171765969,4.53569511540526,6.353998926462695,26.214439076757916,5.179817498658078,1.583467525496511,0.12077294685990338,,
160,7.024959742351046,12.177938808373591,4.817498658078368,32.085346215781,4.53569511540526,6.273483628556092,26.20101986044015,5.179817498658078,1.583467525496511,0.12077294685990338,,
161,7.004830917874396,12.177938808373591,4.817498658078368,32.03166935050993,4.53569511540526,6.253354804079442,26.100375738056897,5.3341384863123995,1.583467525496511,0.1610305958132045,,
162,7.065217391304348,12.171229200214707,4.817498658078368,31.769994632313473,4.53569511540526,6.716317767042405,25.845410628019323,5.3341384863123995,1.583467525496511,0.1610305958132045,,
163,7.139023081052066,12.157809983896941,4.817498658078368,31.749865807836823,4.53569511540526,6.702898550724638,25.81857219538379,5.3341384863123995,1.583467525496511,0.1610305958132045,,
164,7.212828770799785,12.144390767579173,4.817498658078368,31.61567364465915,4.49543746645196,6.602254428341385,25.59044551798175,5.776972624798712,1.583467525496511,0.1610305958132045,,
165,7.212828770799785,12.144390767579173,4.904723564143854,31.28690284487386,4.49543746645196,6.843800322061192,25.5703166935051,5.776972624798712,1.6035963499731616,0.1610305958132045,,
166,7.159151905528717,11.855877616747183,4.777241009125067,31.00509930220075,4.461889425657541,6.863929146537842,26.29495437466452,5.750134192163178,1.6706924315619969,0.1610305958132045,,
167,7.226247987117552,11.748523886205046,4.998658078368224,30.951422436929683,4.361245303274289,6.863929146537842,26.1808910359635,5.750134192163178,1.7579173376274826,0.1610305958132045,,
168,7.333601717659689,11.748523886205046,5.119431025228127,30.770263016639827,4.361245303274289,7.0383789586688135,26.006441223832528,5.736714975845411,1.724369296833065,0.1610305958132045,,
169,7.514761137949543,11.58749329039184,4.931561996779388,30.595813204508858,4.9718196457326895,7.058507783145465,25.717928073000536,5.736714975845411,1.724369296833065,0.1610305958132045,,
170,7.340311325818572,11.58749329039184,6.3137412775093935,29.74369296833065,5.434782608695652,6.857219538378959,25.05367686527107,5.736714975845411,1.7713365539452497,0.1610305958132045,,
171,6.9310252281266775,11.017176596886742,6.0587761674718195,27.985775630703166,4.736983360171766,6.414385399892646,29.1935050993022,5.703166935050993,1.7713365539452497,0.1878690284487386,,
172,6.9310252281266775,10.809178743961352,6.253354804079442,27.985775630703166,4.723564143853999,6.414385399892646,29.166666666666668,5.730005367686527,1.7981749865807837,0.1878690284487386,,
173,6.890767579173376,10.68840579710145,6.172839506172839,27.78448738593666,4.891304347826087,6.1929683306494905,29.716854535695116,5.723295759527644,1.778046162104133,0.1610305958132045,,
174,7.0450885668276975,10.68840579710145,6.152710681696189,27.70397208803006,4.891304347826087,6.172839506172839,29.683306494900698,5.723295759527644,1.778046162104133,0.1610305958132045,,
175,7.152442297369833,10.567632850241546,6.474771873322598,27.42216854535695,4.851046698872786,6.233225979602791,29.64975845410628,5.709876543209877,1.778046162104133,0.1610305958132045,,
176,7.27992485238862,10.560923242082662,6.394256575415996,27.42216854535695,4.918142780461621,6.213097155126141,29.562533548040793,5.709876543209877,1.778046162104133,0.1610305958132045,,
177,7.2933440687063875,10.527375201288244,6.347289318303811,26.69753086419753,5.998389694041868,6.025228126677402,29.47530864197531,5.6964573268921095,1.778046162104133,0.1610305958132045,,
178,7.440955448201825,10.493827160493828,6.353998926462695,26.630434782608695,5.998389694041868,6.025228126677402,29.421631776704242,5.6964573268921095,1.778046162104133,0.1610305958132045,,
179,7.561728395061729,10.46027911969941,6.199677938808374,27.294685990338163,5.9514224369296835,6.031937734836285,28.63660762211487,5.971551261406334,1.7310789049919484,0.1610305958132045,,
180,7.648953301127214,10.446859903381643,6.172839506172839,27.26784755770263,5.9447128287707995,6.031937734836285,28.6231884057971,5.971551261406334,1.7310789049919484,0.1610305958132045,,
181,7.092055823939882,10.406602254428341,5.803811057434245,36.34594739667203,5.9447128287707995,5.555555555555555,21.524422973698336,5.649490069779925,1.5163714439076759,0.1610305958132045,,
182,7.1725711218464845,10.38647342995169,7.14573268921095,35.258990874932906,5.9447128287707995,5.683038110574342,21.24932903918411,5.615942028985507,1.3821792807300053,0.1610305958132045,,
183,7.306763285024155,10.34621578099839,7.226247987117552,35.19189479334407,5.9447128287707995,5.622651637144391,21.202361782071925,5.5756843800322065,1.3821792807300053,0.20128824476650564,,
184,7.320182501341922,10.34621578099839,7.212828770799785,34.4873859366613,5.9447128287707995,5.622651637144391,20.79307568438003,6.689479334406871,1.3821792807300053,0.20128824476650564,,
185,7.461084272678476,10.34621578099839,7.1725711218464845,34.37332259796028,5.931293612453032,5.6964573268921095,20.779656468062264,6.655931293612453,1.3821792807300053,0.20128824476650564,,
186,7.548309178743962,10.34621578099839,7.1658615136876005,34.31964573268921,5.911164787976382,5.6964573268921095,20.779656468062264,6.649221685453569,1.3821792807300053,0.20128824476650564,,
187,7.320182501341922,8.038110574342458,6.890767579173376,34.044551798174986,5.897745571658615,5.864197530864198,23.691626409017715,6.649221685453569,1.402308105206656,0.20128824476650564,,
188,7.387278582930757,7.85024154589372,7.648953301127214,33.9170692431562,5.8172302737520125,5.790391841116479,23.49033816425121,6.494900697799249,1.402308105206656,0.20128824476650564,,
189,7.226247987117552,7.85024154589372,7.601986044015029,32.8972088030059,5.293880837359098,5.340848094471283,24.610842726784757,7.595276435856146,1.3821792807300053,0.20128824476650564,,
190,7.25979602791197,7.836822329575953,7.588566827697263,32.83682232957595,5.293880837359098,5.669618894256575,24.335748792270532,7.595276435856146,1.3821792807300053,0.20128824476650564,,
191,7.333601717659689,7.809983896940419,7.588566827697263,32.789855072463766,5.293880837359098,5.703166935050993,24.335748792270532,7.561728395061729,1.3821792807300053,0.20128824476650564,,
192,7.575147611379496,7.809983896940419,7.555018786902845,32.6959205582394,5.293880837359098,6.018518518518518,24.194847020933977,7.206119162640902,1.4492753623188406,0.20128824476650564,,
193,7.722758990874933,7.796564680622652,7.555018786902845,32.67579173376275,5.293880837359098,5.9447128287707995,24.06736446591519,7.112184648416532,1.6304347826086956,0.20128824476650564,,
194,6.260064412238325,20.323403113258184,6.910896403650026,30.52871712292002,4.200214707461084,4.468599033816425,19.87385936661299,5.931293612453032,1.3083735909822867,0.15432098765432098,0.040257648953301126,
195,6.280193236714976,20.283145464304884,6.850509930220075,28.77750939345142,4.200214707461084,4.441760601180891,19.87385936661299,7.7898550724637685,1.3083735909822867,0.15432098765432098,0.040257648953301126,
196,6.347289318303811,20.283145464304884,6.816961889425658,28.388352120236178,4.200214707461084,4.797369833601718,19.87385936661299,7.7898550724637685,1.3083735909822867,0.15432098765432098,0.040257648953301126,
197,6.508319914117015,17.975040257648953,9.017713365539452,28.388352120236178,4.200214707461084,4.8443370907139025,19.773215244229736,7.7898550724637685,1.3083735909822867,0.15432098765432098,0.040257648953301126,
198,6.649221685453569,17.907944176060116,9.017713365539452,28.361513687600645,4.186795491143317,5.092592592592593,19.524959742351047,7.7898550724637685,1.2748255501878691,0.15432098765432098,0.040257648953301126,
199,6.769994632313473,17.85426731078905,9.017713365539452,27.992485238862052,4.186795491143317,5.394524959742351,19.524959742351047,7.7898550724637685,1.2748255501878691,0.15432098765432098,0.040257648953301126,
200,6.89747718733226,17.713365539452496,9.091519055287172,27.979066022544284,4.213633923778851,5.394524959742351,19.384057971014492,7.548309178743962,1.583467525496511,0.15432098765432098,0.040257648953301126,
201,7.25979602791197,17.579173376274827,9.111647879763822,27.79790660225443,4.186795491143317,5.434782608695652,19.35721953837896,7.501341921631776,1.5432098765432098,0.15432098765432098,0.07380568974771873,
202,7.380568974771873,17.518786902844873,9.091519055287172,27.72410091250671,4.186795491143317,5.4616210413311865,19.316961889425656,7.501341921631776,1.5901771336553945,0.15432098765432098,0.07380568974771873,
203,7.326892109500805,17.478529253891573,8.99087493290392,25.91921631776704,4.186795491143317,5.3341384863123995,19.236446591519055,9.728931830381105,1.570048309178744,0.15432098765432098,0.07380568974771873,
204,7.447665056360709,17.418142780461622,8.964036500268385,25.91921631776704,4.186795491143317,5.3341384863123995,19.202898550724637,9.695383789586689,1.6035963499731616,0.15432098765432098,0.07380568974771873,
205,7.5348899624261945,17.398013955984972,8.903650026838433,25.905797101449274,4.253891572732153,5.314009661835748,19.182769726247987,9.675254965110037,1.6035963499731616,0.15432098765432098,0.07380568974771873,
206,7.581857219538379,17.398013955984972,8.863392377885132,25.885668276972623,4.180085882984434,5.314009661835748,18.88083735909823,9.883252818035427,1.7847557702630166,0.15432098765432098,0.07380568974771873,
207,7.6623725174449815,17.398013955984972,8.863392377885132,25.483091787439612,4.2203435319377345,5.656199677938808,18.84728931830381,9.856414385399892,1.7847557702630166,0.15432098765432098,0.07380568974771873,
208,7.709339774557166,17.257112184648417,8.964036500268385,24.711486849168008,4.253891572732153,5.522007514761138,19.73966720343532,9.829575952764358,1.7847557702630166,0.15432098765432098,0.07380568974771873,
209,7.514761137949543,16.888083735909824,8.742619431025227,24.302200751476114,4.253891572732153,5.4549114331723025,21.034621578099838,9.876543209876543,1.7042404723564144,0.15432098765432098,0.07380568974771873,
210,7.461084272678476,16.888083735909824,8.742619431025227,24.08749329039184,4.253891572732153,5.166398282340311,22.41009125067096,9.185453569511541,1.5767579173376274,0.15432098765432098,0.07380568974771873,
211,7.575147611379496,16.888083735909824,8.917069243156199,24.02710681696189,4.247181964573269,5.152979066022544,22.20209339774557,9.185453569511541,1.5767579173376274,0.15432098765432098,0.07380568974771873,
212,7.742887815351583,16.861245303274288,8.917069243156199,24.020397208803004,4.247181964573269,5.22007514761138,22.014224369296834,9.172034353193773,1.5767579173376274,0.15432098765432098,0.07380568974771873,
213,7.924047235641439,16.82769726247987,9.064680622651638,23.906333870101985,4.166666666666667,5.199946323134729,21.93370907139023,9.172034353193773,1.5767579173376274,0.15432098765432098,0.07380568974771873,
214,8.004562533548041,16.82769726247987,9.057971014492754,23.906333870101985,4.166666666666667,5.186527106816962,21.886741814278047,9.158615136876007,1.5767579173376274,0.15432098765432098,0.07380568974771873,
215,8.085077831454644,16.82769726247987,9.245840042941492,23.852657004830917,4.166666666666667,5.132850241545894,21.70558239398819,9.145195920558239,1.6103059581320451,0.15432098765432098,0.07380568974771873,
216,8.145464304884594,16.70692431561997,9.07139023081052,23.839237788513152,4.159957058507783,5.132850241545894,21.591519055287172,9.4873859366613,1.6371443907675791,0.15432098765432098,0.07380568974771873,
