,45,50,53,52,51,54,56,55,57
0,92.44498121309715,7.555018786902845,,,,,,,
1,92.53891572732152,7.461084272678476,,,,,,,
2,92.56575415995705,7.434245840042942,,,,,,,
3,92.56575415995705,7.434245840042942,,,,,,,
4,92.57917337627482,7.4208266237251745,,,,,,,
5,91.12989801395598,8.870101986044014,,,,,,,
6,90.85480407944176,9.145195920558239,,,,,,,
7,85.64143853998927,12.466451959205582,1.892109500805153,,,,,,
8,83.46081588835212,14.647074610842727,1.892109500805153,,,,,,
9,81.69618894256575,16.411701556629094,1.892109500805153,,,,,,
10,81.69618894256575,16.411701556629094,1.892109500805153,,,,,,
11,81.69618894256575,16.411701556629094,1.892109500805153,,,,,,
12,80.43478260869566,17.673107890499196,1.892109500805153,,,,,,
13,79.46188942565755,18.646001073537306,1.892109500805153,,,,,,
14,63.27160493827161,34.836285560923244,1.892109500805153,,,,,,
15,63.43263553408481,34.675254965110035,1.892109500805153,,,,,,
16,61.73510466988728,29.21363392377885,1.892109500805153,7.159151905528717,,,,,
17,61.39291465378422,29.280730005367687,1.892109500805153,7.152442297369833,0.28180354267310787,,,,
18,61.52710681696189,29.180085882984432,1.892109500805153,7.14573268921095,0.2549651100375738,,,,
19,61.553945249597426,27.58990874932904,1.892109500805153,7.14573268921095,0.2549651100375738,1.5633387010198605,,,
20,60.06441223832528,25.85882984433709,5.112721417069243,7.14573268921095,0.2549651100375738,1.5633387010198605,,,
21,59.29951690821256,26.757917337627482,4.9718196457326895,7.065217391304348,0.3421900161030596,1.5633387010198605,,,
22,57.60198604401503,23.65136876006441,3.8043478260869565,1.093666129898014,12.285292538915728,1.5633387010198605,,,
23,57.340311325818575,23.718464841653248,3.784219001610306,1.093666129898014,12.553676865271068,1.5096618357487923,,,
24,57.360440150295226,22.79253891572732,3.784219001610306,1.093666129898014,13.459473966720344,1.5096618357487923,,,
25,57.25308641975309,22.61808910359635,3.784219001610306,1.093666129898014,13.741277509393452,1.5096618357487923,,,
26,56.68276972624799,23.21524422973698,3.784219001610306,1.093666129898014,13.714439076757918,1.5096618357487923,,,
27,55.3341384863124,24.590713902308106,3.770799785292539,1.093666129898014,13.70101986044015,1.5096618357487923,,,
28,55.401234567901234,24.52361782071927,3.770799785292539,1.093666129898014,13.70101986044015,1.5096618357487923,,,
29,54.50214707461084,25.489801395598498,3.361513687600644,1.093666129898014,12.969672571121846,2.5831991411701556,,,
30,54.5222758990875,25.563607085346217,3.361513687600644,1.093666129898014,12.895866881374127,2.563070316693505,,,
31,54.57595276435856,25.38244766505636,3.361513687600644,1.093666129898014,13.043478260869565,2.5429414922168547,,,
32,54.609500805152976,25.36231884057971,3.361513687600644,1.0802469135802468,13.043478260869565,2.5429414922168547,,,
33,52.91867954911433,27.160493827160494,3.361513687600644,1.0802469135802468,12.93612453032743,2.5429414922168547,,,
34,53.10654857756307,27.046430488459475,3.361513687600644,1.0802469135802468,12.86231884057971,2.5429414922168547,,,
35,53.535963499731615,26.78475577026302,3.361513687600644,1.0802469135802468,12.694578636607622,2.5429414922168547,,,
36,53.535963499731615,26.78475577026302,3.361513687600644,1.0802469135802468,12.694578636607622,2.5429414922168547,,,
37,51.77804616210413,28.609769189479334,3.3413848631239937,1.0802469135802468,11.916264090177133,3.2742887815351582,,,
38,51.84514224369297,27.126945786366075,4.804079441760601,1.0802469135802468,11.869296833064949,3.2742887815351582,,,
39,51.2211486849168,27.30139559849705,3.5762211486849167,2.8918411164787976,11.735104669887278,3.2742887815351582,,,
40,51.34192163177671,27.26113794954375,3.556092324208266,2.85829307568438,11.708266237251744,3.2742887815351582,,,
41,51.37546967257112,27.22758990874933,3.556092324208266,2.85829307568438,11.708266237251744,3.2742887815351582,,,
42,49.966451959205585,28.650026838432634,3.5426731078904994,2.85829307568438,11.708266237251744,3.2742887815351582,,,
43,48.429951690821255,30.24020397208803,3.5292538915727323,2.85829307568438,11.668008588298443,3.1535158346752548,0.12077294685990338,,
44,48.33601717659689,29.421631776704242,3.488996242619431,3.81105743424584,11.668008588298443,3.1535158346752548,0.12077294685990338,,
45,33.13204508856683,45.26301663982824,3.6231884057971016,3.81105743424584,10.929951690821255,3.1199677938808374,0.12077294685990338,,
46,33.20585077831455,45.21604938271605,3.6231884057971016,3.81105743424584,10.903113258185721,3.1199677938808374,0.12077294685990338,,
47,32.9374664519592,43.833870101986044,3.6231884057971016,3.81105743424584,8.57487922705314,3.099838969404187,0.12077294685990338,3.9989264626945786,
48,33.279656468062264,43.49838969404187,3.616478797638218,3.81105743424584,8.57487922705314,3.099838969404187,0.12077294685990338,3.9989264626945786,
49,33.42055823939882,43.35748792270532,3.616478797638218,3.81105743424584,8.57487922705314,3.099838969404187,0.12077294685990338,3.9989264626945786,
50,33.32662372517445,42.72007514761138,3.616478797638218,3.7775093934514223,9.346484165324744,3.0931293612453032,0.12077294685990338,3.9989264626945786,
51,33.76945786366076,42.40472356414385,3.502415458937198,3.7640901771336552,9.346484165324744,3.0931293612453032,0.12077294685990338,3.9989264626945786,
52,34.05797101449275,42.11621041331186,3.502415458937198,3.7640901771336552,9.346484165324744,3.0931293612453032,0.12077294685990338,3.9989264626945786,
53,33.02469135802469,40.083199141170155,3.911701556629093,6.421095008051529,9.346484165324744,3.0931293612453032,0.12077294685990338,3.9989264626945786,
54,33.12533548040794,40.002683843263554,3.898282340311326,6.414385399892646,9.346484165324744,3.0931293612453032,0.12077294685990338,3.9989264626945786,
55,33.400429414922165,39.92887815351583,3.898282340311326,6.387546967257112,9.225711218464841,3.0394524959742353,0.12077294685990338,3.9989264626945786,
56,33.762748255501876,38.08373590982286,3.898282340311326,6.374127750939345,9.225711218464841,3.026033279656468,0.12077294685990338,5.508588298443371,
57,33.65539452495974,37.15780998389694,3.294417606011809,9.292807300053678,9.225711218464841,1.778046162104133,0.08722490606548577,5.508588298443371,
58,33.70907139023081,35.909822866344605,3.294417606011809,9.292807300053678,9.178743961352657,1.778046162104133,0.08722490606548577,6.749865807836822,
59,31.568706387546968,28.005904455179817,3.294417606011809,9.172034353193773,20.377079978529252,1.778046162104133,0.08722490606548577,5.71658615136876,
60,31.769994632313473,27.958937198067634,3.294417606011809,9.172034353193773,20.2361782071927,1.778046162104133,0.08722490606548577,5.703166935050993,
61,32.098765432098766,27.85829307568438,4.394793344068707,9.05126140633387,19.0552871712292,1.778046162104133,0.08722490606548577,5.676328502415459,
62,32.17928073000537,27.81803542673108,4.394793344068707,9.05126140633387,19.0150295222759,1.778046162104133,0.08722490606548577,5.676328502415459,
63,32.2866344605475,27.375201288244767,4.394793344068707,8.970746108427267,18.9747718733226,2.2342995169082127,0.08722490606548577,5.676328502415459,
64,32.54830917874396,27.073268921095007,3.743961352657005,8.05823939881911,18.968062265163713,3.844605475040258,0.08722490606548577,5.676328502415459,
65,32.447665056360705,26.214439076757916,3.743961352657005,8.044820182501342,16.901502952227588,3.6768652710681695,0.08722490606548577,8.883521202361782,
66,32.55501878690284,26.133923778851315,3.743961352657005,8.044820182501342,16.659957058507782,3.6768652710681695,0.30193236714975846,8.883521202361782,
67,32.68250134192163,26.006441223832528,3.743961352657005,8.044820182501342,16.659957058507782,3.6768652710681695,0.30193236714975846,8.883521202361782,
68,32.99785292538916,25.946054750402578,3.743961352657005,7.957595276435856,16.659957058507782,3.5091250670960816,0.30193236714975846,8.883521202361782,
69,33.2662372517445,25.865539452495973,3.743961352657005,7.856951154052603,16.639828234031132,3.4688674181427803,0.30193236714975846,8.856682769726248,
70,33.76945786366076,25.77831454643049,3.743961352657005,7.776435856146001,16.59286097691895,3.4688674181427803,0.30193236714975846,8.568169618894256,
71,33.87010198604401,25.77831454643049,3.743961352657005,7.749597423510467,16.51905528717123,3.4688674181427803,0.30193236714975846,8.568169618894256,
72,34.326355340848096,25.603864734299517,3.670155662909286,7.7361782071927,16.418411164787976,3.4688674181427803,0.30193236714975846,8.474235104669887,
73,34.72222222222222,25.328770799785293,3.670155662909286,7.722758990874933,16.418411164787976,3.4688674181427803,0.30193236714975846,8.36688137412775,
74,34.876543209876544,24.188137412775095,3.5091250670960816,7.722758990874933,17.59259259259259,3.4688674181427803,0.27509393451422437,8.36688137412775,
75,34.366612989801396,23.57085346215781,3.5091250670960816,8.910359634997317,17.357756307031668,3.421900161030596,0.27509393451422437,8.588298443370908,
76,34.11835748792271,23.15485775630703,3.5091250670960816,8.870101986044014,18.06226516371444,3.421900161030596,0.27509393451422437,8.588298443370908,
77,34.333064949006975,23.11460010735373,3.475577026301664,8.80300590445518,17.98845947396672,3.421900161030596,0.27509393451422437,8.588298443370908,
78,34.09151905528717,22.665056360708533,4.549114331723027,8.789586688137414,17.98845947396672,3.3682232957595275,0.27509393451422437,8.272946859903382,
79,34.31964573268921,22.61808910359635,4.522275899087493,8.789586688137414,17.820719269994633,3.3682232957595275,0.38915727321524424,8.172302737520129,
80,33.52791196994095,23.423242082662373,4.488727858293076,8.789586688137414,17.579173376274827,3.3682232957595275,0.5971551261406334,8.225979602791197,
81,33.52791196994095,23.242082662372518,4.488727858293076,8.769457863660762,17.57246376811594,3.3682232957595275,0.5971551261406334,8.433977455716587,
82,33.81642512077295,23.081052066559312,4.488727858293076,8.769457863660762,17.465110037573805,3.3682232957595275,0.5770263016639828,8.433977455716587,
83,34.15190552871712,22.993827160493826,4.4753086419753085,8.742619431025227,17.351046698872786,3.3548040794417604,0.5770263016639828,8.353462157809984,
84,34.42028985507246,22.86634460547504,4.4753086419753085,8.709071390230811,17.257112184648417,3.3548040794417604,0.5770263016639828,8.340042941492216,
85,34.514224369296834,22.20209339774557,4.253891572732153,8.313204508856682,17.16988727858293,4.62962962962963,0.5770263016639828,8.340042941492216,
86,34.82286634460547,21.89345142243693,4.253891572732153,8.313204508856682,17.062533548040793,4.74369296833065,0.5770263016639828,8.333333333333334,
87,35.037573805689746,21.83977455716586,4.206924315619967,8.313204508856682,16.948470209339774,4.74369296833065,0.5770263016639828,8.333333333333334,
88,35.44015029522276,21.812936124530328,4.555823939881911,8.313204508856682,16.82769726247987,4.62962962962963,0.5770263016639828,7.843531937734836,
89,26.227858293075684,12.93612453032743,3.1199677938808374,3.361513687600644,45.2361782071927,3.2206119162640903,0.5770263016639828,5.320719269994632,
90,26.27482555018787,12.909286097691895,3.1199677938808374,3.361513687600644,45.21604938271605,3.2206119162640903,0.5770263016639828,5.320719269994632,
91,26.33521202361782,12.875738056897477,3.1199677938808374,2.9253891572732154,45.18250134192163,3.2206119162640903,0.5770263016639828,5.763553408480945,
92,26.40901771336554,12.875738056897477,3.1199677938808374,2.8918411164787976,45.14224369296833,3.2206119162640903,0.5770263016639828,5.763553408480945,
93,26.221148684916802,12.761674718196458,3.113258185721954,4.5960815888352125,42.975040257648956,3.992216854535695,0.5770263016639828,5.763553408480945,
94,26.241277509393452,13.003220611916264,5.864197530864198,4.180085882984434,40.163714439076756,3.992216854535695,0.5770263016639828,5.978260869565218,
95,26.382179280730007,12.99651100375738,5.756843800322061,4.166666666666667,40.15700483091788,3.9855072463768115,0.5770263016639828,5.978260869565218,
96,16.935050993022006,27.314814814814813,5.689747718733226,3.7037037037037037,35.96349973161568,3.797638217928073,0.5770263016639828,5.535426731078905,0.4830917874396135
97,17.24369296833065,27.294685990338163,5.515297906602254,3.7037037037037037,35.849436392914654,3.797638217928073,0.5770263016639828,5.535426731078905,0.4830917874396135
98,17.847557702630166,27.03972088030059,5.381105743424584,3.6768652710681695,35.37305421363392,4.367954911433173,0.5770263016639828,5.253623188405797,0.4830917874396135
99,17.787171229200215,26.96591519055287,5.381105743424584,3.6634460547504024,35.52066559312936,4.367954911433173,0.5770263016639828,5.253623188405797,0.4830917874396135
100,18.035426731078903,26.939076757917338,5.381105743424584,3.6634460547504024,35.32608695652174,4.367954911433173,0.5770263016639828,5.226784755770263,0.4830917874396135
101,18.431293612453032,26.912238325281802,5.347557702630167,3.6231884057971016,35.03086419753087,4.367954911433173,0.5770263016639828,5.226784755770263,0.4830917874396135
102,18.800322061191626,26.7914653784219,5.3274288781535155,3.515834675254965,34.936929683306495,4.3545356951154055,0.5770263016639828,5.213365539452496,0.4830917874396135
103,18.95464304884595,26.717659688674182,5.3274288781535155,3.5091250670960816,34.86312399355877,4.3545356951154055,0.5770263016639828,5.213365539452496,0.4830917874396135
104,19.330381105743424,26.516371443907676,5.314009661835748,3.5091250670960816,33.64868491680086,4.3545356951154055,0.5770263016639828,6.266774020397209,0.4830917874396135
105,14.432367149758454,42.80059044551798,4.676596886741814,4.663177670424047,24.88593666129898,2.4557165861513686,0.30193236714975846,5.300590445517981,0.4830917874396135
106,14.579978529253891,42.69994632313473,4.643048845947397,4.663177670424047,24.818840579710145,2.509393451422437,0.30193236714975846,5.300590445517981,0.4830917874396135
107,14.99597423510467,42.351046698872786,4.616210413311863,4.643048845947397,24.798711755233494,2.509393451422437,0.30193236714975846,5.300590445517981,0.4830917874396135
108,15.13016639828234,42.109500805152976,4.616210413311863,4.582662372517445,24.798711755233494,2.5026838432635534,0.30193236714975846,5.475040257648954,0.4830917874396135
109,15.445517981749866,41.84111647879764,4.5893719806763285,4.582662372517445,24.798711755233494,2.4825550187869028,0.30193236714975846,5.475040257648954,0.4830917874396135
110,15.68035426731079,41.720343531937736,4.562533548040794,4.582662372517445,24.711486849168008,2.4825550187869028,0.30193236714975846,5.475040257648954,0.4830917874396135
111,15.848094471282877,40.727321524422976,4.508856682769726,4.582662372517445,24.56387546967257,2.4825550187869028,0.30193236714975846,6.501610305958132,0.4830917874396135
112,15.814546430488459,40.042941492216855,5.629361245303274,4.575952764358561,22.23564143853999,2.4825550187869028,0.27509393451422437,8.460815888352121,0.4830917874396135
113,16.19699409554482,39.99597423510467,5.441492216854535,4.542404723564144,21.880032206119164,2.4825550187869028,0.27509393451422437,8.702361782071927,0.4830917874396135
114,16.17686527106817,39.130434782608695,5.441492216854535,4.542404723564144,20.544820182501343,2.4825550187869028,0.27509393451422437,10.923242082662373,0.4830917874396135
115,16.431830381105744,39.00295222758991,5.407944176060118,4.528985507246377,20.544820182501343,2.408749329039184,0.27509393451422437,10.916532474503489,0.4830917874396135
116,16.639828234031132,38.89559849704777,5.407944176060118,4.508856682769726,20.343531937734838,2.5429414922168547,0.27509393451422437,10.903113258185721,0.4830917874396135
117,16.700214707461082,38.56682769726248,6.508319914117015,4.723564143853999,19.35721953837896,2.5429414922168547,0.27509393451422437,10.84272678475577,0.4830917874396135
118,16.820987654320987,38.446054750402574,6.508319914117015,4.723564143853999,19.35721953837896,2.5429414922168547,0.27509393451422437,10.84272678475577,0.4830917874396135
119,16.901502952227588,38.258185721953836,6.447933440687064,4.7101449275362315,19.343800322061192,2.5429414922168547,0.27509393451422437,11.037305421363392,0.4830917874396135
120,17.270531400966185,38.1105743424584,6.347289318303811,4.7101449275362315,19.269994632313473,2.5429414922168547,0.27509393451422437,10.990338164251208,0.4830917874396135
121,17.53220611916264,37.42619431025228,6.347289318303811,4.7101449275362315,19.712828770799785,2.5429414922168547,0.27509393451422437,10.970209339774557,0.4830917874396135
122,17.659688674181428,37.32555018786903,6.333870101986044,4.7101449275362315,19.699409554482017,2.5429414922168547,0.27509393451422437,10.970209339774557,0.4830917874396135
123,18.169618894256576,36.922973698336016,6.286902844873859,4.7101449275362315,19.605475040257648,2.6637144390767578,0.27509393451422437,10.88298443370907,0.4830917874396135
124,17.975040257648953,36.78878153515835,6.280193236714976,5.770263016639828,18.887546967257112,2.6637144390767578,0.27509393451422437,10.876274825550189,0.4830917874396135
125,18.303811057434245,36.78878153515835,6.280193236714976,5.730005367686527,18.706387546967257,2.6637144390767578,0.27509393451422437,10.768921095008052,0.4830917874396135
126,18.344068706387546,36.70826623725174,6.280193236714976,5.730005367686527,18.183038110574344,2.61003757380569,0.27509393451422437,11.386205045625335,0.4830917874396135
127,18.793612453032743,36.594202898550726,6.280193236714976,5.709876543209877,17.98174986580784,2.5966183574879227,0.27509393451422437,11.285560923242082,0.4830917874396135
128,19.108964036500268,36.40633387010199,6.253354804079442,5.709876543209877,17.954911433172303,2.5966183574879227,0.23483628556092323,11.252012882447666,0.4830917874396135
129,18.746645195920557,35.74208266237252,6.119162640901771,5.475040257648954,18.773483628556093,3.69699409554482,0.23483628556092323,10.72866344605475,0.4830917874396135
130,18.96135265700483,35.54079441760601,6.119162640901771,5.4616210413311865,18.773483628556093,3.69699409554482,0.23483628556092323,10.72866344605475,0.4830917874396135
131,19.0150295222759,35.46698872785829,6.119162640901771,5.441492216854535,18.766774020397207,3.878153515834675,0.23483628556092323,10.59447128287708,0.4830917874396135
132,19.189479334406872,35.37305421363392,6.119162640901771,5.441492216854535,18.726516371443907,3.878153515834675,0.23483628556092323,10.554213633923778,0.4830917874396135
133,19.28341384863124,35.28582930756844,6.112453032742888,5.441492216854535,18.726516371443907,3.878153515834675,0.23483628556092323,10.554213633923778,0.4830917874396135
134,19.444444444444443,35.09125067096082,6.099033816425121,5.434782608695652,17.820719269994633,5.6964573268921095,0.23483628556092323,9.695383789586689,0.4830917874396135
135,20.316693505099302,34.58132045088567,5.9447128287707995,5.434782608695652,17.726784755770264,5.6964573268921095,0.23483628556092323,9.581320450885668,0.4830917874396135
136,20.618625872249062,34.58132045088567,5.9447128287707995,5.434782608695652,17.579173376274827,5.656199677938808,0.23483628556092323,9.46725711218465,0.4830917874396135
137,20.30998389694042,32.17257112184648,8.527911969940956,5.434782608695652,17.713365539452496,5.656199677938808,0.23483628556092323,9.46725711218465,0.4830917874396135
138,20.26972624798712,30.52200751476114,8.527911969940956,5.407944176060118,17.673107890499196,5.656199677938808,0.23483628556092323,11.225174449812132,0.4830917874396135
139,20.148953301127214,30.52200751476114,9.668545356951155,5.407944176060118,17.23027375201288,5.475040257648954,0.23483628556092323,10.829307568438002,0.4830917874396135
140,20.182501341921633,30.193236714975846,9.5276435856146,5.837359098228664,16.97530864197531,5.475040257648954,0.05367686527106817,11.285560923242082,0.46967257112184646
141,19.79334406870639,30.193236714975846,9.400161030595813,5.837359098228664,14.781266774020397,5.609232420826624,0.05367686527106817,13.862050456253355,0.46967257112184646
142,20.115405260332796,29.898013955984972,9.205582393988191,6.199677938808374,14.781266774020397,5.609232420826624,0.05367686527106817,14.13714439076758,
143,20.182501341921633,29.663177670424048,9.05126140633387,6.132581857219538,14.680622651637144,6.213097155126141,0.05367686527106817,14.023081052066559,
144,20.229468599033815,29.636339237788512,9.05126140633387,6.132581857219538,14.680622651637144,6.213097155126141,0.05367686527106817,14.002952227589908,
145,20.182501341921633,29.421631776704242,9.802737520128824,6.0654857756307035,14.606816961889425,5.870907139023081,0.05367686527106817,13.996242619431026,
146,20.538110574342458,29.320987654320987,9.782608695652174,6.038647342995169,14.526301663982823,5.790391841116479,0.05367686527106817,13.94927536231884,
147,21.034621578099838,28.965378421900162,9.77589908749329,5.938003220611916,14.506172839506172,5.783682232957595,0.05367686527106817,13.942565754159958,
148,21.135265700483092,28.904991948470208,9.749060654857756,5.904455179817498,14.774557165861514,5.71658615136876,0.05367686527106817,13.761406333870102,
149,21.370101986044016,28.858024691358025,9.749060654857756,5.877616747181965,14.667203435319378,5.71658615136876,0.05367686527106817,13.707729468599034,
150,21.524422973698336,28.858024691358025,9.695383789586689,5.877616747181965,14.593397745571659,5.689747718733226,0.05367686527106817,13.707729468599034,
151,21.752549651100377,28.817767042404725,9.380032206119163,5.877616747181965,14.459205582393988,5.615942028985507,0.38915727321524424,13.707729468599034,
152,21.93370907139023,28.73725174449812,9.353193773483628,5.877616747181965,14.459205582393988,5.615942028985507,0.38915727321524424,13.633923778851315,
153,20.571658615136876,26.261406333870102,8.950617283950617,5.810520665593129,17.907944176060116,7.628824476650563,0.38915727321524424,12.47987117552335,
154,20.202630166398283,25.89237788513151,8.950617283950617,5.770263016639828,17.780461621041333,9.494095544820183,0.38915727321524424,11.520397208803006,
155,20.343531937734838,25.764895330112722,8.950617283950617,5.770263016639828,17.47181964573269,9.66183574879227,0.38915727321524424,11.647879763821793,
156,20.517981749865807,25.764895330112722,8.910359634997317,5.770263016639828,17.431561996779386,9.601449275362318,0.36231884057971014,11.641170155662909,
157,20.598497047772412,25.704508856682768,8.910359634997317,5.770263016639828,17.411433172302736,9.601449275362318,0.36231884057971014,11.641170155662909,
158,16.97530864197531,21.484165324745035,8.816425120772946,22.128287707997853,11.131239935587761,9.212292002147075,0.36231884057971014,9.88996242619431,
159,17.54562533548041,21.443907675791735,8.776167471819646,22.128287707997853,10.742082662372518,9.16532474503489,0.36231884057971014,9.836285560923242,
160,16.982018250134193,19.28341384863124,8.776167471819646,22.128287707997853,9.708803005904455,9.145195920558239,0.36231884057971014,13.613794954374665,
161,17.002147074610843,19.28341384863124,8.776167471819646,22.128287707997853,9.708803005904455,9.145195920558239,0.36231884057971014,13.593666129898015,
162,17.156468062265162,19.28341384863124,8.709071390230811,22.088030059044552,9.708803005904455,9.145195920558239,0.36231884057971014,13.546698872785829,
163,17.324208266237253,19.28341384863124,8.709071390230811,21.994095544820183,9.695383789586689,9.145195920558239,0.36231884057971014,13.486312399355878,
164,17.28395061728395,19.223027375201287,8.68894256575416,21.75925925925926,10.064412238325282,9.145195920558239,0.36231884057971014,13.47289318303811,
165,17.05582393988191,17.800590445517983,8.675523349436393,21.72571121846484,9.930220075147611,9.091519055287172,0.36231884057971014,15.35829307568438,
166,17.01556629092861,17.753623188405797,9.54777241009125,21.72571121846484,9.681964573268921,8.400429414922169,0.36231884057971014,15.5126140633387,
167,17.465110037573805,17.68652710681696,9.50751476113795,21.450617283950617,9.655126140633387,8.387010198604402,0.36231884057971014,15.485775630703166,
168,17.11621041331186,15.150295222758992,9.373322597960279,21.450617283950617,9.614868491680086,11.60762211486849,0.2281266774020397,15.458937198067632,
169,17.223564143854,15.150295222758992,9.346484165324744,21.450617283950617,9.614868491680086,11.60762211486849,0.2281266774020397,15.378421900161031,
170,17.53220611916264,15.150295222758992,9.346484165324744,21.296296296296298,9.326355340848094,11.540526033279656,0.2281266774020397,15.579710144927537,
171,16.404991948470208,13.519860440150294,8.829844337090714,21.101717659688674,18.203166935050994,8.145464304884594,0.2281266774020397,13.56682769726248,
172,16.404991948470208,13.519860440150294,8.829844337090714,21.101717659688674,18.203166935050994,8.145464304884594,0.2281266774020397,13.56682769726248,
173,16.27079978529254,13.486312399355878,11.07085346215781,20.41062801932367,17.934782608695652,7.950885668276973,0.2147074610842727,12.661030595813205,
174,16.59286097691895,13.318572195383789,11.030595813204508,20.38378958668814,17.8743961352657,7.950885668276973,0.2147074610842727,12.634192163177671,
175,16.72705314009662,13.278314546430488,11.030595813204508,20.242887815351583,17.860976918947934,7.924047235641439,0.2147074610842727,12.580515297906603,0.14090177133655393
176,16.881374127750938,13.24476650563607,11.030595813204508,20.155662909286097,17.860976918947934,7.897208803005904,0.2147074610842727,12.573805689747719,0.14090177133655393
177,17.223564143854,13.197799248523886,11.030595813204508,20.095276435856146,17.746913580246915,7.877079978529254,0.2147074610842727,12.473161567364466,0.14090177133655393
178,17.236983360171767,13.197799248523886,11.023886205045626,20.189210950080515,17.693236714975846,7.830112721417069,0.2147074610842727,12.473161567364466,0.14090177133655393
179,17.579173376274827,13.170960815888352,10.856146001073537,20.075147611379496,17.673107890499196,7.830112721417069,0.4495437466451959,12.224906065485776,0.14090177133655393
180,17.163177670424048,13.150831991411701,9.306226516371444,20.075147611379496,20.02818035426731,7.7361782071927,0.4495437466451959,11.949812130971551,0.14090177133655393
181,17.62614063338701,13.01663982823403,9.25925925925926,19.961084272678477,20.00805152979066,7.7361782071927,0.4495437466451959,11.802200751476114,0.14090177133655393
182,17.767042404723565,12.983091787439614,9.25925925925926,19.961084272678477,19.940955448201827,7.695920558239399,0.4495437466451959,11.802200751476114,0.14090177133655393
183,17.787171229200215,12.983091787439614,9.25925925925926,19.940955448201827,19.940955448201827,7.695920558239399,0.4495437466451959,11.802200751476114,0.14090177133655393
184,17.914653784219002,12.983091787439614,9.232420826623725,19.900697799248523,19.90740740740741,7.695920558239399,0.4495437466451959,11.77536231884058,0.14090177133655393
185,18.19645732689211,12.97638217928073,9.212292002147075,19.87385936661299,19.77992485238862,7.695920558239399,0.4495437466451959,11.674718196457327,0.14090177133655393
186,18.632581857219538,12.962962962962964,9.31964573268921,19.612184648416534,19.712828770799785,7.635534084809447,0.4495437466451959,11.560654857756306,0.11406333870101985
187,18.968062265163713,12.882447665056361,9.27938808373591,19.43773483628556,19.712828770799785,7.628824476650563,0.4495437466451959,11.52710681696189,0.11406333870101985
188,19.269994632313473,12.795222758990874,9.25925925925926,19.410896403650028,19.665861513687602,7.628824476650563,0.4495437466451959,11.406333870101985,0.11406333870101985
189,19.558507783145465,12.640901771336553,9.25925925925926,19.316961889425656,19.6256038647343,7.628824476650563,0.4495437466451959,11.406333870101985,0.11406333870101985
190,20.02818035426731,12.5,9.192163177670425,19.26328502415459,19.464573268921097,7.588566827697263,0.4495437466451959,11.399624261943103,0.11406333870101985
191,20.222758990874933,12.493290391841116,9.192163177670425,19.155931293612454,19.39747718733226,7.581857219538379,0.4495437466451959,11.392914653784219,0.11406333870101985
192,20.585077831454644,12.493290391841116,9.125067096081589,19.04186795491143,19.330381105743424,7.568438003220612,0.4495437466451959,11.292270531400966,0.11406333870101985
193,20.658883521202362,12.47987117552335,9.125067096081589,19.04186795491143,19.276704240472355,7.568438003220612,0.4495437466451959,11.285560923242082,0.11406333870101985
194,20.819914117015568,12.4597423510467,9.125067096081589,19.03515834675255,19.243156199677937,7.568438003220612,0.4495437466451959,11.18491680085883,0.11406333870101985
195,20.987654320987655,12.4597423510467,9.111647879763822,18.907675791733762,19.236446591519055,7.548309178743962,0.4495437466451959,11.18491680085883,0.11406333870101985
196,21.081588835212024,12.453032742887816,9.111647879763822,18.867418142780462,19.202898550724637,7.548309178743962,0.4495437466451959,11.171497584541063,0.11406333870101985
197,21.18894256575416,12.453032742887816,9.05126140633387,18.867418142780462,19.16935050993022,7.306763285024155,0.4495437466451959,11.171497584541063,0.3421900161030596
198,21.329844337090712,12.439613526570048,9.749060654857756,18.00187869028449,18.968062265163713,8.313204508856682,0.4495437466451959,10.406602254428341,0.3421900161030596
199,21.564680622651636,12.419484702093397,9.73564143853999,17.914653784219002,18.733225979602793,8.259527643585615,0.6709608158883521,10.359634997316157,0.3421900161030596
200,21.517713365539453,12.25174449812131,9.73564143853999,17.914653784219002,18.592324208266238,8.61513687600644,0.6709608158883521,10.359634997316157,0.3421900161030596
201,22.228931830381107,12.25174449812131,9.594739667203436,17.894524959742352,18.129361245303276,8.527911969940956,0.6709608158883521,10.359634997316157,0.3421900161030596
202,22.322866344605476,12.218196457326892,9.574610842726784,17.894524959742352,18.115942028985508,8.527911969940956,0.6709608158883521,10.332796564680622,0.3421900161030596
203,22.765700483091788,12.151100375738057,9.39345142243693,17.713365539452496,18.089103596349972,8.722490606548577,0.6374127750939346,10.185185185185185,0.3421900161030596
204,22.75228126677402,12.070585077831455,9.39345142243693,17.713365539452496,18.06226516371444,8.709071390230811,0.6374127750939346,10.319377348362856,0.3421900161030596
205,23.020665593129362,12.050456253354804,9.339774557165862,17.713365539452496,18.02200751476114,8.709071390230811,0.6374127750939346,10.165056360708535,0.3421900161030596
206,23.289049919484704,12.050456253354804,9.326355340848094,17.67981749865808,17.961621041331185,8.702361782071927,0.6374127750939346,10.037573805689748,0.3153515834675255
207,23.470209339774556,11.943102522812667,9.326355340848094,17.66639828234031,17.652979066022546,8.702361782071927,0.8990874932903918,10.02415458937198,0.3153515834675255
208,23.65136876006441,11.916264090177133,9.581320450885668,17.58588298443371,17.62614063338701,8.400429414922169,0.8990874932903918,10.02415458937198,0.3153515834675255
209,23.879495437466453,11.829039184111648,9.567901234567902,17.57246376811594,17.579173376274827,8.380300590445518,0.8990874932903918,9.977187332259795,0.3153515834675255
210,23.993558776167472,11.788781535158346,9.567901234567902,17.505367686527105,17.57246376811594,8.380300590445518,0.8990874932903918,9.977187332259795,0.3153515834675255
211,24.188137412775095,11.748523886205046,9.561191626409018,17.465110037573805,17.498658078368223,8.36688137412775,0.8990874932903918,9.957058507783145,0.3153515834675255
212,24.58400429414922,11.701556629092861,9.473966720343531,17.438271604938272,17.3040794417606,8.360171765968868,0.8990874932903918,9.923510466988727,0.3153515834675255
213,24.859098228663445,11.701556629092861,9.312936124530328,17.438271604938272,17.2638217928073,8.333333333333334,0.8990874932903918,9.876543209876543,0.3153515834675255
214,25.241545893719806,11.574074074074074,9.272678475577026,17.270531400966185,17.19001610305958,8.313204508856682,0.8990874932903918,9.923510466988727,0.3153515834675255
215,16.982018250134193,34.99060654857756,5.897745571658615,11.768652710681696,12.983091787439614,7.950885668276973,0.8588298443370908,8.252818035426731,0.3153515834675255
216,17.183306494900698,34.88325281803543,5.884326355340848,11.768652710681696,12.949543746645196,7.950885668276973,0.8387010198604401,8.225979602791197,0.3153515834675255
217,17.324208266237253,34.66183574879227,5.803811057434245,11.761943102522812,12.855609232420827,8.21256038647343,0.8387010198604401,8.225979602791197,0.3153515834675255
218,17.022275899087493,34.14519592055824,5.783682232957595,11.728395061728396,12.855609232420827,9.66183574879227,0.6575415995705851,7.830112721417069,0.3153515834675255
219,17.19001610305958,33.9170692431562,5.71658615136876,11.728395061728396,12.828770799785293,9.66183574879227,0.6575415995705851,7.98443370907139,0.3153515834675255
220,16.371443907675793,30.05233494363929,5.703166935050993,9.829575952764358,19.83360171765969,9.380032206119163,0.6575415995705851,7.856951154052603,0.3153515834675255
221,16.458668813741276,29.985238862050455,5.689747718733226,9.822866344605474,19.83360171765969,9.380032206119163,0.6575415995705851,7.856951154052603,0.3153515834675255
222,16.6129898013956,29.985238862050455,5.649490069779925,9.809447128287708,19.786634460547504,9.353193773483628,0.6575415995705851,7.830112721417069,0.3153515834675255
223,16.961889425657542,29.8040794417606,5.649490069779925,9.75577026301664,19.75979602791197,9.353193773483628,0.6508319914117016,7.749597423510467,0.3153515834675255
224,17.19001610305958,29.602791196994094,5.649490069779925,9.728931830381105,19.75979602791197,9.353193773483628,0.6508319914117016,7.749597423510467,0.3153515834675255
225,17.391304347826086,29.54911433172303,5.649490069779925,9.728931830381105,19.726247987117553,9.346484165324744,0.6508319914117016,7.64224369296833,0.3153515834675255
226,17.68652710681696,29.53569511540526,5.542136339237788,9.728931830381105,19.57192699946323,9.326355340848094,0.6508319914117016,7.64224369296833,0.3153515834675255
227,17.793880837359097,29.53569511540526,5.528717122920021,9.722222222222221,19.504830917874397,9.326355340848094,0.6508319914117016,7.628824476650563,0.30864197530864196
228,17.8743961352657,29.468599033816425,5.528717122920021,9.722222222222221,19.49141170155663,9.326355340848094,0.6508319914117016,7.628824476650563,0.30864197530864196
229,17.98174986580784,29.401502952227588,5.528717122920021,9.71551261406334,19.49141170155663,9.312936124530328,0.6508319914117016,7.608695652173913,0.30864197530864196
230,18.169618894256576,29.280730005367687,5.528717122920021,9.688674181427805,19.49141170155663,9.286097691894794,0.6508319914117016,7.595276435856146,0.30864197530864196
231,18.344068706387546,29.280730005367687,5.528717122920021,9.66183574879227,19.39747718733226,9.272678475577026,0.6508319914117016,7.555018786902845,0.30864197530864196
232,17.98174986580784,28.6231884057971,7.192699946323135,9.567901234567902,19.088835212023618,9.03113258185722,0.6508319914117016,7.555018786902845,0.30864197530864196
233,18.08239398819109,28.529253891572733,7.192699946323135,9.567901234567902,18.98148148148148,9.03113258185722,0.7648953301127214,7.541599570585078,0.30864197530864196
234,18.451422436929683,28.44873859366613,7.092055823939882,9.567901234567902,18.947933440687063,8.876811594202898,0.7648953301127214,7.541599570585078,0.30864197530864196
235,18.69296833064949,28.408480944712828,7.092055823939882,9.554482018250134,18.90096618357488,8.876811594202898,0.7648953301127214,7.4006977992485234,0.30864197530864196
236,18.760064412238325,28.395061728395063,7.092055823939882,9.554482018250134,18.874127750939344,8.849973161567364,0.7648953301127214,7.4006977992485234,0.30864197530864196
237,19.0150295222759,28.381642512077295,7.085346215780999,9.447128287707997,18.84728931830381,8.849973161567364,0.7648953301127214,7.300053676865271,0.30864197530864196
238,19.14922168545357,28.341384863123995,7.0450885668276975,9.440418679549115,18.82716049382716,8.82313472893183,0.7648953301127214,7.300053676865271,0.30864197530864196
239,19.30354267310789,28.307836822329577,7.0450885668276975,9.366612989801396,18.80703166935051,8.82313472893183,0.7648953301127214,7.273215244229737,0.30864197530864196
240,19.51825013419216,28.046162104133117,7.0450885668276975,9.353193773483628,18.766774020397207,9.017713365539452,0.7648953301127214,7.179280730005368,0.30864197530864196
241,19.639023081052066,27.737520128824478,7.0383789586688135,9.353193773483628,18.47826086956522,9.232420826623725,1.0332796564680622,7.179280730005368,0.30864197530864196
242,19.85373054213634,27.462426194310254,7.0383789586688135,9.326355340848094,18.4447128287708,9.212292002147075,1.0332796564680622,7.320182501341922,0.30864197530864196
243,19.773215244229736,27.435587761674718,6.9310252281266775,9.219001610305957,18.431293612453032,9.212292002147075,1.3687600644122384,7.320182501341922,0.30864197530864196
244,20.021470746108427,27.36849168008588,6.863929146537842,9.192163177670425,18.411164787976382,9.219001610305957,1.3620504562533549,7.253086419753086,0.30864197530864196
245,20.182501341921633,27.220880300590444,6.863929146537842,9.192163177670425,18.203166935050994,9.198872785829307,1.5767579173376274,7.253086419753086,0.30864197530864196
246,20.564949006977994,27.120236178207193,6.850509930220075,9.192163177670425,18.075684380032207,9.091519055287172,1.5633387010198605,7.232957595276436,0.30864197530864196
247,20.571658615136876,27.120236178207193,6.843800322061192,9.192163177670425,18.075684380032207,9.091519055287172,1.5633387010198605,7.232957595276436,0.30864197530864196
248,20.625335480407944,27.120236178207193,6.843800322061192,9.192163177670425,18.06897477187332,9.064680622651638,1.5633387010198605,7.212828770799785,0.30864197530864196
249,20.73268921095008,26.053408480944714,6.743156199677939,9.192163177670425,18.035426731078903,9.064680622651638,1.5633387010198605,8.3064949006978,0.30864197530864196
250,20.90042941492217,26.01315083199141,6.736446591519055,9.151905528717123,18.00858829844337,9.01100375738057,1.5633387010198605,8.3064949006978,0.30864197530864196
251,21.027911969940956,25.939345142243692,6.736446591519055,9.151905528717123,18.00858829844337,9.01100375738057,1.5633387010198605,8.252818035426731,0.30864197530864196
252,21.081588835212024,25.925925925925927,6.736446591519055,9.145195920558239,17.98174986580784,9.01100375738057,1.5633387010198605,8.246108427267847,0.30864197530864196
253,21.182232957595275,25.543478260869566,6.716317767042405,9.118357487922705,17.867686527106816,9.01100375738057,1.5633387010198605,8.68894256575416,0.30864197530864196
254,21.336553945249598,25.42270531400966,6.716317767042405,9.118357487922705,17.834138486312398,9.01100375738057,1.5633387010198605,8.68894256575416,0.30864197530864196
255,21.74584004294149,25.288513150831992,6.716317767042405,8.977455716586151,17.733494363929147,8.99087493290392,1.5633387010198605,8.675523349436393,0.30864197530864196
256,21.93370907139023,25.288513150831992,6.716317767042405,9.158615136876007,17.58588298443371,8.769457863660762,1.5633387010198605,8.675523349436393,0.30864197530864196
257,22.000805152979066,25.234836285560924,6.494900697799249,10.782340311325818,17.465110037573805,7.722758990874933,1.5633387010198605,8.427267847557703,0.30864197530864196
258,22.25577026301664,25.207997852925388,6.400966183574879,10.748792270531402,17.364465915190554,7.722758990874933,1.5633387010198605,8.427267847557703,0.30864197530864196
259,22.29602791196994,25.207997852925388,6.400966183574879,10.748792270531402,17.337627482555018,7.722758990874933,1.5633387010198605,8.413848631239935,0.30864197530864196
260,22.356414385399894,25.174449812130973,6.400966183574879,10.748792270531402,17.310789049919485,7.722758990874933,1.5633387010198605,8.413848631239935,0.30864197530864196
261,22.423510466988727,25.15432098765432,6.400966183574879,10.735373054213634,17.277241009125067,7.722758990874933,1.5633387010198605,8.413848631239935,0.30864197530864196
262,22.564412238325282,25.107353730542137,6.400966183574879,10.68840579710145,16.881374127750938,7.716049382716049,1.932367149758454,8.400429414922169,0.30864197530864196
