,45,50,55,52,54,51,56,59,53,60,57,61,58,62,65,63
0,91.80085882984433,8.179012345679013,0.020128824476650563,,,,,,,,,,,,,
1,74.76516371443908,24.295491143317232,0.14090177133655393,0.026838432635534086,0.7716049382716049,,,,,,,,,,,
2,64.44578636607622,33.73590982286635,0.32877079978529256,0.026838432635534086,0.7716049382716049,0.6910896403650026,,,,,,,,,,
3,58.380300590445515,35.51395598497048,0.3757380568974772,0.2549651100375738,1.2815351583467525,4.159957058507783,0.020128824476650563,0.013419216317767043,,,,,,,,
4,50.67096081588835,42.901234567901234,0.6172839506172839,0.28180354267310787,1.261406333870102,4.180085882984434,0.026838432635534086,0.013419216317767043,0.026838432635534086,0.020128824476650563,,,,,,
5,45.70585077831455,36.66800858829844,0.5568974771873323,0.28180354267310787,0.7514761137949544,15.955448201825014,0.03354804079441761,,0.026838432635534086,0.020128824476650563,,,,,,
6,41.217122920021474,31.78341384863124,0.8588298443370908,0.2549651100375738,0.7514761137949544,25.026838432635532,0.06038647342995169,,0.026838432635534086,0.020128824476650563,,,,,,
7,40.49248523886205,31.407675791733762,1.1137949543746646,7.39398819108964,0.7514761137949544,18.719806763285025,0.06038647342995169,,0.026838432635534086,0.020128824476650563,0.013419216317767043,,,,,
8,39.03650026838432,31.17283950617284,1.3553408480944713,7.39398819108964,0.785024154589372,19.98792270531401,0.1878690284487386,,0.04696725711218465,0.020128824476650563,0.013419216317767043,,,,,
9,37.76167471819646,29.347826086956523,1.42914653784219,9.762479871175524,1.288244766505636,19.98792270531401,0.20128824476650564,,0.04696725711218465,0.06038647342995169,0.11406333870101985,,,,,
10,34.70880300590446,26.01315083199141,1.3553408480944713,15.794417606011809,1.2144390767579174,20.43075684380032,0.20128824476650564,0.03354804079441761,0.04696725711218465,0.06038647342995169,0.14090177133655393,,,,,
11,23.07434245840043,41.74047235641439,1.2546967257112185,15.063070316693505,0.6977992485238862,17.773752012882447,0.14761137949543746,,0.04696725711218465,0.06038647342995169,0.14090177133655393,,,,,
12,17.196725711218466,46.5378421900161,1.583467525496511,5.246913580246914,0.6977992485238862,28.388352120236178,0.20128824476650564,,0.04696725711218465,0.06038647342995169,0.040257648953301126,,,,,
13,17.10950080515298,43.84728931830381,1.5029522275899088,5.233494363929147,0.5837359098228664,31.387546967257112,0.1610305958132045,,0.04696725711218465,0.06038647342995169,0.06709608158883522,,,,,
14,17.102791196994094,43.18974771873322,2.167203435319377,5.092592592592593,0.5837359098228664,31.266774020397207,0.2952227589908749,,0.06709608158883522,0.06038647342995169,0.17444981213097155,,,,,
15,17.102791196994094,43.01529790660226,2.301395598497048,5.10601180891036,0.6172839506172839,31.15271068169619,0.39586688137412773,,0.07380568974771873,0.06038647342995169,0.17444981213097155,,,,,
16,10.7085346215781,49.28878153515835,4.777241009125067,4.542404723564144,0.6172839506172839,29.347826086956523,0.41599570585077833,,0.05367686527106817,0.06038647342995169,0.1878690284487386,,,,,
17,7.863660762211487,39.47933440687064,4.669887278582931,4.703435319377348,2.5161030595813205,39.31159420289855,0.4227053140096618,0.013419216317767043,0.8722490606548577,0.07380568974771873,0.06038647342995169,0.013419216317767043,,,,
18,7.4141170155662905,33.44739667203435,4.750402576489533,8.004562533548041,2.5295222758990876,42.58588298443371,0.30193236714975846,0.013419216317767043,0.8454106280193237,0.07380568974771873,,0.013419216317767043,0.020128824476650563,,,
19,7.380568974771873,33.313204508856685,4.770531400966184,7.991143317230274,1.4895330112721417,38.95598497047772,0.7581857219538379,,5.246913580246914,0.06038647342995169,,0.013419216317767043,0.020128824476650563,,,
20,6.816961889425658,27.76435856146001,4.884594739667204,5.776972624798712,4.213633923778851,44.37063875469673,0.8521202361782072,0.013419216317767043,5.173107890499195,0.06038647342995169,,0.013419216317767043,0.06038647342995169,,,
21,6.763285024154589,27.750939345142243,8.82313472893183,5.743424584004294,4.213633923778851,40.50590445517982,0.8319914117015567,0.013419216317767043,5.139559849704777,0.07380568974771873,0.03354804079441761,0.013419216317767043,0.0939345142243693,,,
22,6.756575415995706,27.596618357487923,8.715780998389693,5.71658615136876,4.274020397208803,40.4320987654321,1.0869565217391304,0.013419216317767043,5.166398282340311,0.07380568974771873,0.06038647342995169,0.013419216317767043,0.0939345142243693,,,
23,6.749865807836822,27.489264626945786,8.695652173913043,5.709876543209877,4.320987654320987,40.82125603864734,1.3150831991411702,0.08051529790660225,4.542404723564144,0.10735373054213634,0.06038647342995169,0.013419216317767043,0.0939345142243693,,,
24,2.4221685453569513,27.36849168008588,8.051529790660226,5.683038110574342,3.81105743424584,47.67176596886742,1.2278582930756843,0.06709608158883522,3.435319377348363,0.10735373054213634,0.07380568974771873,0.03354804079441761,0.04696725711218465,,,
25,1.3016639828234031,18.99490069779925,7.957595276435856,5.622651637144391,3.81105743424584,57.31347289318304,1.3955984970477724,0.06709608158883522,3.2675791733762747,0.10735373054213634,0.08051529790660225,0.03354804079441761,0.04696725711218465,,,
26,1.3016639828234031,18.833870101986044,8.044820182501342,5.548845947396672,3.7909286097691894,56.85050993022008,1.8317230273752012,0.06709608158883522,3.3413848631239937,0.12077294685990338,0.15432098765432098,0.06709608158883522,0.04696725711218465,,,
27,1.2278582930756843,18.552066559312937,8.252818035426731,5.501878690284487,3.7909286097691894,56.60896403650027,2.006172839506173,0.08051529790660225,3.4822866344605474,0.14761137949543746,0.20128824476650564,0.08051529790660225,0.06709608158883522,,,
28,1.2077294685990339,18.149490069779926,8.722490606548577,6.320450885668277,3.7909286097691894,55.59581320450886,2.15378421900161,0.08051529790660225,3.4822866344605474,0.14761137949543746,0.20128824476650564,0.08051529790660225,0.06709608158883522,,,
29,1.2077294685990339,17.98845947396672,8.984165324745035,6.300322061191626,3.8378958668813743,54.42163177670424,2.214170692431562,0.1274825550187869,4.435050993022007,0.1274825550187869,0.2214170692431562,0.06709608158883522,0.06709608158883522,,,
30,1.2077294685990339,17.384594739667204,9.01100375738057,5.917874396135265,3.8580246913580245,54.30085882984434,2.314814814814815,0.1274825550187869,5.387815351583468,0.15432098765432098,0.20128824476650564,0.06709608158883522,0.06709608158883522,,,
31,1.1876006441223832,16.243961352657006,8.662104133118627,5.676328502415459,3.6500268384326353,54.83762748255502,2.509393451422437,0.1274825550187869,6.575415995705851,0.16774020397208803,0.1878690284487386,0.06709608158883522,0.10735373054213634,,,
32,1.1876006441223832,10.950080515297907,8.272946859903382,9.406870638754697,3.569511540526033,51.09366612989801,2.509393451422437,0.1274825550187869,12.365807836822329,0.16774020397208803,0.14761137949543746,0.06709608158883522,0.13419216317767044,,,
33,0.8118625872249061,10.909822866344605,8.3467525496511,8.910359634997317,2.918679549114332,54.77724100912507,2.301395598497048,0.1274825550187869,10.393183038110575,0.16774020397208803,0.16774020397208803,0.08051529790660225,0.08722490606548577,,,
34,0.8118625872249061,6.850509930220075,6.702898550724638,8.863392377885132,2.3215244229736984,62.285292538915726,2.147074610842727,0.1274825550187869,9.366612989801396,0.1610305958132045,0.2147074610842727,0.05367686527106817,0.0939345142243693,,,
35,0.8118625872249061,6.823671497584541,6.716317767042405,8.863392377885132,2.3215244229736984,62.184648416532475,2.2342995169082127,0.1274825550187869,9.333064949006978,0.1610305958132045,0.2281266774020397,0.06709608158883522,0.1274825550187869,,,
36,0.7179280730005367,5.22007514761138,6.072195383789587,8.319914117015566,2.3215244229736984,63.35882984433709,2.6033279656468062,0.14761137949543746,10.527375201288244,0.14761137949543746,0.36902844873859364,0.05367686527106817,0.14090177133655393,,,
37,0.7179280730005367,5.119431025228127,6.206387546967257,8.252818035426731,2.1739130434782608,59.997316156736446,2.7777777777777777,0.17444981213097155,13.768115942028986,0.14761137949543746,0.4294149221685454,0.08051529790660225,0.15432098765432098,,,
38,0.7179280730005367,5.119431025228127,6.179549114331723,8.232689210950081,2.1604938271604937,59.60144927536232,3.5762211486849167,0.17444981213097155,13.358829844337091,0.14761137949543746,0.39586688137412773,0.08051529790660225,0.2549651100375738,,,
39,0.7179280730005367,5.119431025228127,6.132581857219538,8.225979602791197,2.120236178207193,59.23913043478261,3.8848631239935587,0.27509393451422437,13.358829844337091,0.14761137949543746,0.4428341384863124,0.08051529790660225,0.2549651100375738,,,
40,0.7179280730005367,5.119431025228127,6.1862587224906065,10.621309715512615,2.120236178207193,56.64251207729468,3.9989264626945786,0.30193236714975846,13.331991411701557,0.14761137949543746,0.4495437466451959,0.08051529790660225,0.28180354267310787,,,
41,0.7179280730005367,5.0993022007514766,5.609232420826624,10.581052066559312,1.5633387010198605,54.3545356951154,4.334406870638754,0.2683843263553409,16.505636070853463,0.14761137949543746,0.4562533548040794,0.08051529790660225,0.28180354267310787,,,
42,0.7179280730005367,5.0993022007514766,6.226516371443908,10.540794417606012,1.5365002683843263,54.93156199677939,4.455179817498658,0.28180354267310787,15.190552871712292,0.14761137949543746,0.49651100375738055,0.06709608158883522,0.30864197530864196,,,
43,0.6977992485238862,4.159957058507783,5.60252281266774,10.527375201288244,1.5365002683843263,58.61513687600644,4.958400429414922,0.2616747181964573,12.694578636607622,0.14090177133655393,0.5032206119162641,0.06709608158883522,0.23483628556092323,,,
44,0.6977992485238862,4.159957058507783,5.60252281266774,10.527375201288244,1.5365002683843263,58.32662372517445,5.246913580246914,0.30864197530864196,12.634192163177671,0.14090177133655393,0.5032206119162641,0.06709608158883522,0.24825550187869028,,,
45,0.6977992485238862,3.6500268384326353,5.548845947396672,14.371980676328503,1.5230810520665594,56.53515834675255,4.851046698872786,0.3153515834675255,11.386205045625335,0.14090177133655393,0.5501878690284487,0.06709608158883522,0.36231884057971014,,,
46,0.6910896403650026,3.6500268384326353,5.515297906602254,16.478797638217927,1.4761137949543746,54.3142780461621,4.938271604938271,0.35560923242082665,11.33923778851315,0.20128824476650564,0.5636070853462157,0.06709608158883522,0.4092860976918948,,,
47,0.6910896403650026,2.999194847020934,5.267042404723564,12.224906065485776,1.4626945786366077,59.86983360171766,5.367686527106817,0.33548040794417605,10.748792270531402,0.2281266774020397,0.3421900161030596,0.06709608158883522,0.39586688137412773,,,
48,0.6910896403650026,2.9924852388620504,5.307300053676865,12.171229200214707,1.5029522275899088,59.52093397745572,5.709876543209877,0.30864197530864196,10.72866344605475,0.24825550187869028,0.36902844873859364,0.06709608158883522,0.3824476650563607,,,
49,0.6910896403650026,2.9924852388620504,5.032206119162641,12.097423510466989,2.6167471819645733,58.41384863123994,5.917874396135265,0.24154589371980675,10.856146001073537,0.2549651100375738,0.36902844873859364,0.04696725711218465,0.46967257112184646,,,
50,0.6910896403650026,2.9924852388620504,5.038915727321524,12.117552334943639,2.563070316693505,58.24610842726785,6.072195383789587,0.24154589371980675,10.856146001073537,0.2549651100375738,0.36902844873859364,0.04696725711218465,0.5099302200751477,,,
51,0.6910896403650026,2.985775630703167,5.032206119162641,12.030327428878154,2.6033279656468062,57.930756843800324,6.374127750939345,0.2616747181964573,10.815888352120236,0.2616747181964573,0.39586688137412773,0.04696725711218465,0.5703166935050993,,,
52,0.6910896403650026,2.985775630703167,5.045625335480408,11.963231347289318,2.6301663982823404,57.70263016639828,6.568706387546968,0.2616747181964573,10.802469135802468,0.2616747181964573,0.4562533548040794,0.04696725711218465,0.5837359098228664,,,
53,0.6910896403650026,2.9723564143853998,4.904723564143854,13.66076221148685,2.6301663982823404,59.977187332259795,5.730005367686527,0.17444981213097155,7.836822329575953,0.2281266774020397,0.5300590445517982,0.04696725711218465,0.6172839506172839,,,
54,0.6910896403650026,2.9723564143853998,4.911433172302737,13.633923778851315,2.6033279656468062,59.80944712828771,5.850778314546431,0.20799785292538917,7.830112721417069,0.2281266774020397,0.5770263016639828,0.04696725711218465,0.6374127750939346,,,
55,0.6910896403650026,2.9723564143853998,4.824208266237251,14.660493827160494,2.5831991411701556,58.762748255501876,5.884326355340848,0.2281266774020397,7.950885668276973,0.2281266774020397,0.5636070853462157,0.040257648953301126,0.6105743424584005,,,
56,0.18115942028985507,7.843531937734836,3.9184111647879765,12.513419216317766,2.4892646269457863,56.15942028985507,4.542404723564144,0.17444981213097155,10.923242082662373,0.16774020397208803,0.4830917874396135,0.013419216317767043,0.5904455179817498,,,
57,0.18115942028985507,6.729736983360172,3.7775093934514223,13.81508319914117,2.428878153515835,56.03864734299517,4.64975845410628,0.17444981213097155,10.923242082662373,0.17444981213097155,0.48980139559849706,0.026838432635534086,0.5904455179817498,,,
58,0.18115942028985507,6.709608158883521,3.2206119162640903,13.620504562533547,3.140096618357488,57.118894256575416,4.663177670424047,0.17444981213097155,9.842995169082126,0.15432098765432098,0.5434782608695652,0.05367686527106817,0.5770263016639828,,,
59,0.18115942028985507,6.360708534621578,3.227321524422974,13.573537305421363,3.140096618357488,57.50805152979066,4.616210413311863,0.1878690284487386,9.829575952764358,0.15432098765432098,0.5904455179817498,0.05367686527106817,0.5770263016639828,,,
60,0.18115942028985507,6.360708534621578,3.33467525496511,13.573537305421363,3.1535158346752548,57.2061191626409,4.770531400966184,0.1878690284487386,9.816156736446592,0.14761137949543746,0.6038647342995169,0.05367686527106817,0.6105743424584005,,,
61,0.18115942028985507,6.333870101986044,3.2877079978529253,15.626677402039721,5.636070853462158,52.542941492216855,4.804079441760601,0.2281266774020397,9.789318303811058,0.17444981213097155,0.6709608158883521,0.05367686527106817,0.6709608158883521,,,
62,0.18115942028985507,6.320450885668277,2.3886205045625335,24.838969404186795,5.501878690284487,46.806226516371446,4.562533548040794,0.2281266774020397,7.977724100912507,0.06709608158883522,0.7045088566827697,0.05367686527106817,0.36902844873859364,,,
63,0.18115942028985507,6.320450885668277,2.3886205045625335,23.47691894793344,5.515297906602254,48.731884057971016,4.414922168545357,0.24154589371980675,7.4006977992485234,0.08051529790660225,0.8252818035426731,0.05367686527106817,0.36902844873859364,,,
64,0.18115942028985507,6.253354804079442,3.0931293612453032,24.053945249597422,5.381105743424584,46.51100375738057,4.38137412775094,0.24154589371980675,8.628556092324208,0.05367686527106817,0.8789586688137413,0.05367686527106817,0.2885131508319914,,,
65,0.18115942028985507,5.978260869565218,3.026033279656468,22.08132045088567,4.7168545356951155,51.08024691358025,4.40150295222759,0.16774020397208803,7.118894256575416,0.05367686527106817,0.798443370907139,0.05367686527106817,0.3421900161030596,,,
66,0.16774020397208803,5.978260869565218,3.0327428878153517,22.020933977455716,4.703435319377348,50.717928073000536,4.74369296833065,0.19457863660762212,7.118894256575416,0.05367686527106817,0.8387010198604401,0.07380568974771873,0.35560923242082665,,,
67,0.14090177133655393,4.092860976918948,3.6366076221148687,17.136339237788512,4.582662372517445,55.66961889425657,4.3545356951154055,0.18115942028985507,8.863392377885132,0.04696725711218465,0.8521202361782072,0.07380568974771873,0.36902844873859364,,,
68,0.14090177133655393,4.092860976918948,3.6366076221148687,19.276704240472355,4.3478260869565215,53.83118625872249,4.247181964573269,0.18115942028985507,8.796296296296296,0.04696725711218465,0.9192163177670424,0.07380568974771873,0.4025764895330113,0.0067096081588835215,,
69,0.14090177133655393,4.086151368760064,3.7104133118625873,19.202898550724637,4.374664519592056,53.60976918947934,4.341116478797638,0.16774020397208803,8.76274825550188,0.04696725711218465,1.0399892646269457,0.07380568974771873,0.43612453032742887,0.0067096081588835215,,
70,0.14090177133655393,2.227589908749329,3.6097691894793345,19.02173913043478,4.374664519592056,59.05126140633387,4.4753086419753085,0.15432098765432098,5.260332796564681,0.04696725711218465,1.1540526033279657,0.07380568974771873,0.4025764895330113,0.0067096081588835215,,
71,0.14090177133655393,2.2208803005904456,3.6097691894793345,19.008319914117017,4.40150295222759,58.99087493290392,4.555823939881911,0.16774020397208803,5.260332796564681,0.04696725711218465,1.1137949543746646,0.07380568974771873,0.4025764895330113,0.0067096081588835215,,
72,0.14090177133655393,2.2074610842726785,3.7573805689747717,18.21658615136876,4.414922168545357,56.58212560386473,4.669887278582931,0.17444981213097155,8.165593129361245,0.04696725711218465,1.1406333870101986,0.07380568974771873,0.4025764895330113,0.0067096081588835215,,
73,0.14090177133655393,1.9592055823939882,4.2270531400966185,15.881642512077295,4.683306494900698,60.34621578099839,4.28743961352657,0.0939345142243693,6.830381105743425,0.04696725711218465,1.0399892646269457,0.07380568974771873,0.3824476650563607,0.0067096081588835215,,
74,0.14090177133655393,1.9390767579173376,4.233762748255502,15.70048309178744,4.750402576489533,60.158346752549654,4.408212560386473,0.0939345142243693,6.776704240472356,0.04696725711218465,1.288244766505636,0.07380568974771873,0.3824476650563607,0.0067096081588835215,,
75,0.14090177133655393,1.9390767579173376,4.146537842190016,13.197799248523886,9.272678475577026,58.23939881910896,4.367954911433173,0.0939345142243693,6.66935050993022,0.04696725711218465,1.4090177133655395,0.07380568974771873,0.39586688137412773,0.0067096081588835215,,
76,0.14090177133655393,1.9390767579173376,3.5963499731615673,13.16425120772947,9.245840042941492,56.64922168545357,4.334406870638754,0.10735373054213634,8.715780998389693,0.04696725711218465,1.4492753623188406,0.07380568974771873,0.5300590445517982,0.0067096081588835215,,
77,0.14090177133655393,1.7310789049919484,2.0263016639828235,10.721953837895867,6.904186795491143,65.33816425120773,4.622920021470746,0.06038647342995169,6.877348362855609,0.013419216317767043,1.2077294685990339,0.03354804079441761,0.3153515834675255,0.0067096081588835215,,
78,0.14090177133655393,1.7310789049919484,2.0263016639828235,11.641170155662909,6.689479334406871,63.17096081588835,4.703435319377348,0.08051529790660225,8.205850778314547,0.013419216317767043,1.2412775093934514,0.03354804079441761,0.3153515834675255,0.0067096081588835215,,
79,0.14090177133655393,1.6841116478797638,2.0128824476650564,11.654589371980677,6.66935050993022,62.37251744498121,5.522007514761138,0.1274825550187869,8.179012345679013,0.026838432635534086,1.2546967257112185,0.03354804079441761,0.3153515834675255,0.0067096081588835215,,
80,0.14090177133655393,1.6706924315619969,1.9927536231884058,13.231347289318304,7.548309178743962,61.574074074074076,5.018786902844874,0.0939345142243693,7.253086419753086,0.026838432635534086,1.2412775093934514,0.04696725711218465,0.1610305958132045,,,
81,0.14090177133655393,1.6371443907675791,2.1135265700483092,13.170960815888352,8.340042941492216,57.86366076221149,6.629092860976919,0.10735373054213634,8.387010198604402,0.026838432635534086,1.2949543746645196,0.04696725711218465,0.24154589371980675,,,
82,0.14090177133655393,1.5901771336553945,2.85829307568438,13.16425120772947,8.32662372517445,57.09205582393988,6.702898550724638,0.10735373054213634,8.360171765968868,0.026838432635534086,1.2949543746645196,0.04696725711218465,0.2885131508319914,,,
83,0.14090177133655393,1.5901771336553945,2.985775630703167,14.888620504562533,8.252818035426731,55.30730005367686,6.588835212023618,0.14090177133655393,8.333333333333334,0.026838432635534086,1.3687600644122384,0.06038647342995169,0.3153515834675255,,,
84,0.14090177133655393,1.5901771336553945,2.965646806226516,14.888620504562533,8.373590982286634,55.173107890499196,6.588835212023618,0.14090177133655393,8.340042941492216,0.026838432635534086,1.3553408480944713,0.07380568974771873,0.3421900161030596,,,
85,0.14090177133655393,1.5901771336553945,3.079710144927536,14.76784755770263,8.628556092324208,54.62292002147075,6.729736983360172,0.18115942028985507,8.340042941492216,0.026838432635534086,1.415727321524423,0.08051529790660225,0.39586688137412773,,,
86,0.14090177133655393,1.5901771336553945,3.0864197530864197,14.955716586151368,8.494363929146537,54.428341384863124,6.863929146537842,0.15432098765432098,8.279656468062266,0.013419216317767043,1.4895330112721417,0.08051529790660225,0.4227053140096618,,,
87,0.14090177133655393,1.5901771336553945,3.0931293612453032,14.848362855609233,8.460815888352121,54.2740203972088,6.91760601180891,0.1878690284487386,8.3064949006978,0.040257648953301126,1.596886741814278,0.08051529790660225,0.46296296296296297,,,
88,0.14090177133655393,1.583467525496511,3.0595813204508855,17.183306494900698,7.407407407407407,52.95222758990875,6.776704240472356,0.2281266774020397,8.299785292538916,0.0939345142243693,1.7176596886741815,0.07380568974771873,0.4830917874396135,,,
89,0.14090177133655393,0.9728931830381106,2.9924852388620504,19.81347289318304,7.347020933977456,51.368760064412236,6.6760601180891035,0.27509393451422437,7.749597423510467,0.12077294685990338,1.6304347826086956,0.08722490606548577,0.8252818035426731,,,
90,0.14090177133655393,0.9728931830381106,3.0394524959742353,17.384594739667204,7.239667203435319,50.577026301663984,6.689479334406871,0.27509393451422437,11.238593666129898,0.13419216317767044,1.4090177133655395,0.08722490606548577,0.8118625872249061,,,
91,0.14090177133655393,0.9728931830381106,3.0394524959742353,17.08937198067633,7.1725711218464845,49.27536231884058,7.501341921631776,0.30193236714975846,11.98336017176597,0.13419216317767044,1.4694041867954912,0.08722490606548577,0.8319914117015567,,,
92,0.14090177133655393,0.9594739667203436,3.052871712292002,17.03569511540526,7.159151905528717,49.13446054750403,7.64224369296833,0.322061191626409,11.896135265700483,0.13419216317767044,1.5163714439076759,0.08722490606548577,0.9192163177670424,,,
93,0.14090177133655393,0.9594739667203436,2.1806226516371443,24.58400429414922,5.0993022007514766,46.9068706387547,7.071926999463232,0.23483628556092323,10.272410091250672,0.04696725711218465,1.442565754159957,0.08722490606548577,0.9728931830381106,,,
94,0.10064412238325282,0.9930220075147611,2.3349436392914655,24.57729468599034,5.0858829844337095,46.564680622651636,7.27992485238862,0.2616747181964573,10.245571658615138,0.04696725711218465,1.4358561460010735,0.0939345142243693,0.9796027911969941,,,
95,0.10064412238325282,0.9863123993558777,2.408749329039184,24.537037037037038,5.0993022007514766,45.99436392914654,7.7831454643048845,0.2616747181964573,10.198604401502953,0.04696725711218465,1.4694041867954912,0.0939345142243693,1.0198604401502953,,,
96,0.10064412238325282,0.9863123993558777,2.3617820719269993,24.14787976382179,8.387010198604402,43.263553408480945,7.50805152979066,0.23483628556092323,10.198604401502953,0.10735373054213634,1.5767579173376274,0.10735373054213634,1.0198604401502953,,,
97,0.10064412238325282,0.9863123993558777,2.3550724637681157,24.06736446591519,8.373590982286634,43.14949006977992,7.568438003220612,0.24825550187869028,10.198604401502953,0.10735373054213634,1.6774020397208802,0.13419216317767044,1.0332796564680622,,,
98,0.10064412238325282,0.9057971014492754,2.301395598497048,22.993827160493826,7.742887815351583,45.189210950080515,7.917337627482555,0.23483628556092323,9.541062801932368,0.14761137949543746,1.556629092860977,0.13419216317767044,1.2345679012345678,,,
99,0.0939345142243693,0.8789586688137413,2.368491680085883,22.86634460547504,7.709339774557166,44.639023081052066,8.514492753623188,0.24154589371980675,9.426999463231347,0.1610305958132045,1.6639828234031133,0.13419216317767044,1.3016639828234031,,,
100,0.0939345142243693,0.8789586688137413,2.522812667740204,22.799248523886206,10.406602254428341,42.250402576489535,8.28636607622115,0.2281266774020397,9.292807300053678,0.1610305958132045,1.6371443907675791,0.13419216317767044,1.3083735909822867,,,
101,0.0939345142243693,0.8789586688137413,2.522812667740204,22.75228126677402,10.34621578099839,42.15646806226516,8.380300590445518,0.27509393451422437,9.292807300053678,0.17444981213097155,1.6841116478797638,0.13419216317767044,1.3083735909822867,,,
102,0.0939345142243693,0.8789586688137413,1.8451422436929683,22.289318303811058,9.749060654857756,46.101717659688674,7.219538378958669,0.24154589371980675,8.373590982286634,0.15432098765432098,1.6170155662909287,0.10064412238325282,1.3352120236178207,,,
103,0.0939345142243693,0.8655394524959742,1.8451422436929683,22.15512614063339,9.749060654857756,45.9272678475577,7.39398819108964,0.24154589371980675,8.400429414922169,0.15432098765432098,1.737788513150832,0.10064412238325282,1.3352120236178207,,,
104,0.0939345142243693,0.8655394524959742,1.8719806763285025,22.114868491680085,9.71551261406334,45.74610842726785,7.575147611379496,0.24154589371980675,8.400429414922169,0.1878690284487386,1.737788513150832,0.10064412238325282,1.3486312399355878,,,
105,0.0939345142243693,0.8655394524959742,1.710950080515298,21.866612989801396,7.924047235641439,50.677670424047236,6.407675791733762,0.2616747181964573,6.984702093397746,0.15432098765432098,1.7176596886741815,0.07380568974771873,1.261406333870102,,,
106,0.0939345142243693,0.8655394524959742,1.724369296833065,22.25577026301664,7.9106280193236715,50.54347826086956,6.528448738593666,0.27509393451422437,6.508319914117015,0.16774020397208803,1.7981749865807837,0.07380568974771873,1.2546967257112185,,,
107,0.0939345142243693,0.8655394524959742,1.6841116478797638,22.15512614063339,9.916800858829845,49.422973698336016,5.9447128287707995,0.28180354267310787,6.367418142780462,0.20128824476650564,1.6572732152442298,0.07380568974771873,1.3352120236178207,,,
108,0.0939345142243693,0.8655394524959742,1.710950080515298,22.134997316156735,9.896672034353195,48.97342995169082,6.367418142780462,0.2885131508319914,6.3070316693505095,0.2147074610842727,1.6774020397208802,0.07380568974771873,1.3955984970477724,,,
109,0.0939345142243693,0.8655394524959742,1.737788513150832,22.020933977455716,9.91009125067096,48.76543209876543,6.528448738593666,0.2885131508319914,6.286902844873859,0.2147074610842727,1.8250134192163177,0.07380568974771873,1.3888888888888888,,,
110,0.0939345142243693,0.8655394524959742,1.737788513150832,21.62506709608159,9.742351046698873,48.57085346215781,6.595544820182502,0.2549651100375738,6.991411701556629,0.24825550187869028,1.7981749865807837,0.07380568974771873,1.402308105206656,,,
111,0.0939345142243693,0.8655394524959742,1.737788513150832,21.571390230810522,9.668545356951155,48.490338164251206,6.608964036500268,0.2549651100375738,6.957863660762212,0.2683843263553409,1.8317230273752012,0.07380568974771873,1.5767579173376274,,,
112,0.0939345142243693,0.8655394524959742,1.8048845947396672,21.531132581857218,9.574610842726784,48.35614600107354,6.702898550724638,0.2549651100375738,6.91760601180891,0.33548040794417605,1.8853998926462694,0.07380568974771873,1.6035963499731616,,,
113,0.0939345142243693,0.8655394524959742,1.8451422436929683,21.4573268921095,9.574610842726784,48.18840579710145,6.837090713902308,0.2683843263553409,6.910896403650026,0.33548040794417605,1.9592055823939882,0.07380568974771873,1.5901771336553945,,,
114,0.0939345142243693,0.8655394524959742,1.8183038110574343,21.115136876006442,9.480676328502415,50.5703166935051,6.219806763285024,0.2549651100375738,5.662909286097692,0.3488996242619431,2.033011272141707,0.07380568974771873,1.4626945786366077,,,
115,0.0939345142243693,0.8655394524959742,1.8183038110574343,20.994363929146537,9.601449275362318,50.2012882447665,6.481481481481482,0.28180354267310787,5.662909286097692,0.3488996242619431,2.1135265700483092,0.07380568974771873,1.4626945786366077,,,
116,0.0939345142243693,0.8655394524959742,1.8115942028985508,24.55716586151369,8.856682769726248,47.98040794417606,6.602254428341385,0.28180354267310787,5.005367686527107,0.3153515834675255,2.0799785292538915,0.0939345142243693,1.4559849704777241,,,
117,0.0939345142243693,0.8655394524959742,1.778046162104133,24.422973698336016,9.084809447128288,47.638217928073,6.816961889425658,0.17444981213097155,5.025496511003757,0.18115942028985507,2.3483628556092326,0.08722490606548577,1.482823403113258,,,
118,0.0939345142243693,0.8521202361782072,1.6706924315619969,35.789049919484704,6.78341384863124,40.98899624261943,5.421363392377885,0.19457863660762212,4.42163177670424,0.1610305958132045,2.1403650026838434,0.08722490606548577,1.3955984970477724,,,
119,0.0939345142243693,0.8521202361782072,1.6572732152442298,34.84299516908212,4.461889425657541,45.17579173376275,5.662909286097692,0.14090177133655393,3.535963499731616,0.1610305958132045,2.059849704777241,0.08722490606548577,1.2681159420289856,,,
120,0.0939345142243693,0.8521202361782072,1.6774020397208802,34.695383789586685,4.461889425657541,44.920826623725176,5.897745571658615,0.14090177133655393,3.535963499731616,0.1610305958132045,2.2074610842726785,0.08722490606548577,1.2681159420289856,,,
121,0.0939345142243693,0.8521202361782072,1.5432098765432098,34.01100375738057,3.294417606011809,46.65861513687601,5.964841653247451,0.1610305958132045,3.851315083199141,0.12077294685990338,2.2611379495437465,0.07380568974771873,1.1137949543746646,,,
122,0.0939345142243693,0.8185721953837896,1.6103059581320451,33.984165324745035,3.294417606011809,46.31642512077295,6.260064412238325,0.14761137949543746,3.851315083199141,0.12077294685990338,2.314814814814815,0.07380568974771873,1.1137949543746646,,,
123,0.0939345142243693,0.4428341384863124,1.5432098765432098,31.11916264090177,3.1736446591519054,50.91250670960816,5.542136339237788,0.11406333870101985,3.683574879227053,0.12077294685990338,2.100107353730542,0.07380568974771873,1.0802469135802468,,,
124,0.0939345142243693,0.4428341384863124,1.556629092860977,31.105743424584006,3.1736446591519054,50.76489533011272,5.676328502415459,0.11406333870101985,3.656736446591519,0.12077294685990338,2.1135265700483092,0.07380568974771873,1.107085346215781,,,
125,0.08722490606548577,0.4294149221685454,1.3754696725711217,28.23403113258186,3.2004830917874396,54.891304347826086,5.428073000536768,0.1274825550187869,3.227321524422974,0.11406333870101985,1.8048845947396672,0.07380568974771873,1.0064412238325282,,,
126,0.08722490606548577,0.4294149221685454,2.1269457863660763,27.77777777777778,3.2004830917874396,54.200214707461086,5.669618894256575,0.1274825550187869,3.227321524422974,0.11406333870101985,1.9592055823939882,0.07380568974771873,1.0064412238325282,,,
127,0.08722490606548577,0.4294149221685454,2.1269457863660763,27.455716586151368,3.2139023081052067,53.83118625872249,6.025228126677402,0.1274825550187869,3.2139023081052067,0.11406333870101985,2.26784755770263,0.07380568974771873,1.0332796564680622,,,
128,0.08722490606548577,0.4294149221685454,2.1604938271604937,27.26113794954375,3.227321524422974,53.9922168545357,5.964841653247451,0.1274825550187869,3.180354267310789,0.14761137949543746,2.3215244229736984,0.07380568974771873,1.0265700483091786,,,
129,0.08722490606548577,0.4294149221685454,2.2074610842726785,27.147074610842726,3.2340311325818574,53.60305958132045,6.293612453032743,0.14761137949543746,3.207192699946323,0.14761137949543746,2.395330112721417,0.07380568974771873,1.0265700483091786,,,
130,0.08722490606548577,0.4294149221685454,2.214170692431562,27.053140096618357,3.2675791733762747,53.35480407944176,6.5485775630703165,0.14761137949543746,3.207192699946323,0.1878690284487386,2.4154589371980677,0.07380568974771873,1.0131508319914118,,,
131,0.08722490606548577,0.4294149221685454,2.2074610842726785,26.878690284487387,3.280998389694042,52.48926462694579,6.642512077294686,0.14761137949543746,4.1129898013955986,0.2147074610842727,2.408749329039184,0.07380568974771873,1.0265700483091786,,,
132,0.08722490606548577,0.4294149221685454,2.2342995169082127,26.8317230273752,4.28743961352657,50.42270531400966,6.635802469135802,0.14761137949543746,5.213365539452496,0.2147074610842727,2.395330112721417,0.07380568974771873,1.0265700483091786,,,
133,0.08722490606548577,0.4294149221685454,2.2074610842726785,25.0,4.30756843800322,52.851583467525494,6.481481481481482,0.1610305958132045,5.018786902844874,0.20799785292538917,2.301395598497048,0.07380568974771873,0.8722490606548577,,,
134,0.08722490606548577,0.4294149221685454,2.0933977455716586,24.724906065485776,4.30756843800322,51.85856146001073,6.763285024154589,0.17444981213097155,5.803811057434245,0.20799785292538917,2.589908749329039,0.08051529790660225,0.8789586688137413,,,
135,0.08722490606548577,0.4294149221685454,2.1135265700483092,24.651100375738057,4.334406870638754,51.570048309178745,7.004830917874396,0.20799785292538917,5.730005367686527,0.20799785292538917,2.6838432635534084,0.06709608158883522,0.9125067096081588,,,
136,0.08722490606548577,0.4294149221685454,2.120236178207193,24.63768115942029,4.280730005367687,51.348631239935585,7.239667203435319,0.20799785292538917,5.763553408480945,0.20799785292538917,2.6972624798711755,0.06709608158883522,0.9125067096081588,,,
137,0.08722490606548577,0.4294149221685454,1.4358561460010735,21.564680622651636,3.066290928609769,57.07192699946323,6.743156199677939,0.1878690284487386,5.71658615136876,0.18115942028985507,2.536231884057971,0.06709608158883522,0.9125067096081588,,,
138,0.08722490606548577,0.39586688137412773,0.5434782608695652,20.685721953837895,2.952227589908749,59.03113258185722,6.119162640901771,0.14761137949543746,6.655931293612453,0.15432098765432098,2.26784755770263,0.08722490606548577,0.8722490606548577,,,
139,0.08722490606548577,0.39586688137412773,0.5703166935050993,22.376543209876544,2.932098765432099,57.78314546430489,6.320450885668277,0.1610305958132045,5.998389694041868,0.10735373054213634,2.3215244229736984,0.08722490606548577,0.8588298443370908,,,
140,0.08722490606548577,0.39586688137412773,0.6038647342995169,22.19538378958669,2.9589371980676327,57.71604938271605,6.360708534621578,0.1610305958132045,5.904455179817498,0.10735373054213634,2.442297369833602,0.08722490606548577,0.9796027911969941,,,
141,0.05367686527106817,0.3824476650563607,0.6508319914117016,22.128287707997853,2.965646806226516,57.098765432098766,6.9243156199677935,0.20128824476650564,5.870907139023081,0.10064412238325282,2.522812667740204,0.08722490606548577,1.0064412238325282,,0.0067096081588835215,
142,0.05367686527106817,0.3824476650563607,0.9057971014492754,22.054482018250134,2.999194847020934,56.80354267310789,6.944444444444445,0.20128824476650564,5.870907139023081,0.10064412238325282,2.5831991411701556,0.08722490606548577,1.0064412238325282,,0.0067096081588835215,
143,0.05367686527106817,0.3824476650563607,0.8387010198604401,23.53059581320451,3.851315083199141,54.629629629629626,7.105475040257649,0.20128824476650564,5.857487922705314,0.08722490606548577,2.328234031132582,0.08722490606548577,1.0399892646269457,,0.0067096081588835215,
144,0.05367686527106817,0.3824476650563607,0.8319914117015567,22.168545356951153,3.1736446591519054,56.696188942565755,7.139023081052066,0.1878690284487386,5.837359098228664,0.08722490606548577,2.3081052066559313,0.08722490606548577,1.0399892646269457,,0.0067096081588835215,
145,0.05367686527106817,0.3824476650563607,0.8655394524959742,22.054482018250134,3.1736446591519054,56.427804616210416,7.4141170155662905,0.16774020397208803,5.837359098228664,0.08722490606548577,2.428878153515835,0.08722490606548577,1.0131508319914118,,0.0067096081588835215,
146,0.05367686527106817,0.3824476650563607,0.8655394524959742,21.672034353193773,3.2004830917874396,56.353998926462694,7.494632313472893,0.16774020397208803,5.844068706387547,0.08722490606548577,2.771068169618894,0.08722490606548577,1.0131508319914118,,0.0067096081588835215,
147,0.05367686527106817,0.3824476650563607,0.8655394524959742,21.66532474503489,3.227321524422974,56.11916264090177,7.722758990874933,0.16774020397208803,5.797101449275362,0.08722490606548577,2.771068169618894,0.08722490606548577,1.0466988727858293,,0.0067096081588835215,
148,0.05367686527106817,0.3757380568974772,0.6776704240472357,30.347557702630166,3.1199677938808374,48.711755233494365,6.9310252281266775,0.13419216317767044,5.662909286097692,0.08722490606548577,2.737520128824477,0.05367686527106817,1.1003757380568975,,0.0067096081588835215,
149,0.05367686527106817,0.3757380568974772,0.6776704240472357,29.441760601180892,2.8247450348899625,48.37627482555019,8.011272141706923,0.13419216317767044,6.146001073537305,0.08722490606548577,2.7442297369833604,0.05367686527106817,1.06682769726248,,0.0067096081588835215,
150,0.05367686527106817,0.3757380568974772,0.644122383252818,29.26731078904992,2.831454643048846,43.565485775630705,7.461084272678476,0.13419216317767044,11.721685453569512,0.08722490606548577,2.717391304347826,0.06709608158883522,1.06682769726248,,0.0067096081588835215,
151,0.05367686527106817,0.3757380568974772,0.7313472893183038,29.159957058507782,2.7442297369833604,43.243424584004295,7.568438003220612,0.13419216317767044,11.916264090177133,0.08722490606548577,2.7509393451422435,0.06709608158883522,1.1473429951690821,0.013419216317767043,0.0067096081588835215,
152,0.05367686527106817,0.3757380568974772,0.8454106280193237,29.159957058507782,2.7241009125067097,43.00858829844337,7.689210950080516,0.13419216317767044,11.83574879227053,0.10735373054213634,2.7308105206655933,0.06709608158883522,1.247987117552335,0.013419216317767043,0.0067096081588835215,
153,0.05367686527106817,0.07380568974771873,0.5233494363929146,22.269189479334408,2.3752012882447664,54.146537842190014,5.877616747181965,0.1274825550187869,11.117820719269995,0.14761137949543746,2.3550724637681157,0.013419216317767043,0.8990874932903918,0.013419216317767043,0.0067096081588835215,
154,0.05367686527106817,0.07380568974771873,0.5367686527106817,20.739398819108963,2.3886205045625335,53.60305958132045,6.099033816425121,0.14090177133655393,12.942834138486312,0.15432098765432098,2.3081052066559313,0.013419216317767043,0.9259259259259259,0.013419216317767043,0.0067096081588835215,
155,0.05367686527106817,0.06038647342995169,0.5367686527106817,19.343800322061192,3.911701556629093,53.213902308105204,6.273483628556092,0.1878690284487386,12.895866881374127,0.15432098765432098,2.3752012882447664,0.013419216317767043,0.9594739667203436,0.013419216317767043,0.0067096081588835215,
156,0.05367686527106817,0.06038647342995169,0.5099302200751477,24.805421363392377,3.8714439076757916,50.295222758990874,5.958132045088567,0.2214170692431562,10.654857756307031,0.15432098765432098,2.4221685453569513,0.013419216317767043,0.9594739667203436,0.013419216317767043,0.0067096081588835215,
157,0.05367686527106817,0.06038647342995169,0.5099302200751477,24.771873322597962,3.844605475040258,50.1207729468599,6.132581857219538,0.27509393451422437,10.621309715512615,0.15432098765432098,2.462426194310252,0.013419216317767043,0.9594739667203436,0.013419216317767043,0.0067096081588835215,
158,0.05367686527106817,0.06038647342995169,0.5233494363929146,26.33521202361782,3.81105743424584,48.980139559849704,6.078904991948471,0.2683843263553409,10.359634997316157,0.15432098765432098,2.301395598497048,0.013419216317767043,1.0399892646269457,0.013419216317767043,0.0067096081588835215,
159,0.05367686527106817,0.06038647342995169,0.5904455179817498,26.288244766505635,3.844605475040258,48.792270531400966,6.132581857219538,0.28180354267310787,10.299248523886206,0.15432098765432098,2.408749329039184,0.013419216317767043,1.0601180891035964,0.013419216317767043,0.0067096081588835215,
