,45,50,51,53,52,54,55,57,56,59,58
0,99.77858293075684,0.2214170692431562,,,,,,,,,
1,57.971014492753625,38.89559849704777,3.1333870101986045,,,,,,,,
2,57.930756843800324,38.93585614600107,3.1333870101986045,,,,,,,,
3,51.23456790123457,45.6454643048846,3.1199677938808374,,,,,,,,
4,50.999731615673646,43.04884594739667,3.1199677938808374,2.831454643048846,,,,,,,
5,48.450080515297905,44.927536231884055,3.0931293612453032,2.831454643048846,0.644122383252818,0.05367686527106817,,,,,
6,48.148148148148145,45.229468599033815,3.0931293612453032,2.831454643048846,0.644122383252818,0.05367686527106817,,,,,
7,41.136607622114866,51.650563607085346,3.066290928609769,2.831454643048846,0.644122383252818,0.6709608158883521,,,,,
8,41.53918411164788,51.1003757380569,3.066290928609769,2.831454643048846,0.644122383252818,0.6709608158883521,0.14761137949543746,,,,
9,37.35909822866345,56.5552871712292,3.066290928609769,2.8113258185721954,0.020128824476650563,0.040257648953301126,0.14761137949543746,,,,
10,33.823134728931834,60.09125067096082,3.066290928609769,2.8113258185721954,0.020128824476650563,0.040257648953301126,0.14761137949543746,,,,
11,26.858561460010737,65.47906602254429,3.066290928609769,2.3752012882447664,0.020128824476650563,0.040257648953301126,1.596886741814278,0.5636070853462157,,,
12,27.15378421900161,65.06977992485238,3.066290928609769,2.3752012882447664,0.020128824476650563,0.040257648953301126,1.737788513150832,0.5367686527106817,,,
13,27.053140096618357,64.24449812130972,3.280998389694042,2.3752012882447664,0.7716049382716049,0.040257648953301126,1.6975308641975309,0.5367686527106817,,,
14,26.918947933440688,62.0504562533548,3.717122920021471,2.3752012882447664,0.7716049382716049,0.040257648953301126,3.589640365002684,0.5367686527106817,,,
15,27.408749329039185,61.73510466988728,3.717122920021471,2.3752012882447664,0.7716049382716049,0.040257648953301126,3.5091250670960816,0.4428341384863124,,,
16,27.95222758990875,60.44685990338164,3.717122920021471,2.2342995169082127,0.7716049382716049,0.040257648953301126,4.394793344068707,0.4428341384863124,,,
17,28.166935050993022,60.23215244229737,3.717122920021471,2.2342995169082127,0.7716049382716049,0.040257648953301126,4.394793344068707,0.4428341384863124,,,
18,26.99946323134729,56.42109500805153,8.695652173913043,2.2342995169082127,0.7716049382716049,0.040257648953301126,4.394793344068707,0.4428341384863124,,,
19,27.194041867954912,53.56280193236715,8.380300590445518,2.2342995169082127,0.7716049382716049,0.040257648953301126,7.37385936661299,0.4428341384863124,,,
20,24.993290391841118,45.14224369296833,19.404186795491142,2.2342995169082127,0.47638217928073,0.040257648953301126,7.266505636070853,0.4428341384863124,,,
21,25.32206119162641,44.93424584004294,18.96135265700483,2.2342995169082127,0.47638217928073,0.040257648953301126,7.266505636070853,0.4428341384863124,0.322061191626409,,
22,24.4699409554482,37.96296296296296,18.907675791733762,2.2342995169082127,9.816156736446592,0.03354804079441761,5.810520665593129,0.4428341384863124,0.322061191626409,,
23,24.812130971551262,37.915995705850776,18.78690284487386,2.2342995169082127,9.64170692431562,0.03354804079441761,5.810520665593129,0.4428341384863124,0.322061191626409,,
24,24.255233494363928,35.90311325818572,22.27589908749329,2.1739130434782608,9.16532474503489,0.03354804079441761,5.750134192163178,0.4428341384863124,,,
25,24.805421363392377,35.648148148148145,22.000805152979066,2.1739130434782608,8.917069243156199,0.03354804079441761,5.750134192163178,0.6709608158883521,,,
26,14.727589908749328,51.64385399892646,18.156199677938808,1.0601180891035964,8.917069243156199,0.03354804079441761,4.898013955984971,0.5636070853462157,,,
27,14.694041867954912,49.33574879227053,21.584809447128286,1.0601180891035964,8.80300590445518,0.03354804079441761,3.92512077294686,0.5636070853462157,,,
28,15.009393451422437,49.19484702093398,21.410359634997317,1.0601180891035964,8.80300590445518,0.03354804079441761,3.92512077294686,0.5636070853462157,,,
29,15.13016639828234,49.11433172302738,21.370101986044016,1.0601180891035964,8.21256038647343,0.03354804079441761,3.92512077294686,1.1540526033279657,,,
30,13.808373590982287,47.12157809983897,23.698336017176597,1.0601180891035964,8.21256038647343,0.17444981213097155,4.770531400966184,1.1540526033279657,,,
31,14.04320987654321,46.96725711218465,23.67149758454106,1.0601180891035964,8.185721953837897,0.17444981213097155,4.74369296833065,1.1540526033279657,,,
32,14.465915190552872,46.64519592055824,23.597691894793343,1.0601180891035964,8.158883521202362,0.17444981213097155,4.74369296833065,1.1540526033279657,,,
33,14.626945786366075,43.67283950617284,23.58427267847558,1.0601180891035964,8.158883521202362,2.999194847020934,4.74369296833065,1.1540526033279657,,,
34,10.46027911969941,32.306763285024154,40.04965110037574,1.0131508319914118,8.13875469672571,2.8918411164787976,3.9586688137412773,1.093666129898014,,0.08722490606548577,
35,10.641438539989265,32.17257112184648,39.821524422973695,1.0131508319914118,8.111916264090176,2.8918411164787976,3.9586688137412773,1.093666129898014,0.20799785292538917,0.08722490606548577,
36,10.829307568438002,30.797101449275363,36.37278582930757,5.770263016639828,8.085077831454644,2.8918411164787976,3.938539989264627,1.0198604401502953,0.20799785292538917,0.08722490606548577,
37,11.560654857756306,30.56226516371444,36.06414385399893,5.71658615136876,7.991143317230274,2.8918411164787976,3.898282340311326,1.0198604401502953,0.20799785292538917,0.08722490606548577,
38,11.976650563607086,30.475040257648953,35.809178743961354,5.703166935050993,7.944176060118089,2.8918411164787976,3.8848631239935587,1.0198604401502953,0.20799785292538917,0.08722490606548577,
39,12.345679012345679,30.16639828234031,35.78234031132582,5.703166935050993,7.937466451959206,2.8918411164787976,3.8848631239935587,0.9930220075147611,0.20799785292538917,0.08722490606548577,
40,12.681159420289855,25.47638217928073,35.42673107890499,11.399624261943103,7.937466451959206,1.0601180891035964,4.817498658078368,0.9930220075147611,0.20799785292538917,,
41,11.20504562533548,24.248523886205046,45.7259796027912,11.231884057971014,2.952227589908749,1.0265700483091786,3.0931293612453032,0.30864197530864196,0.20799785292538917,,
42,11.600912506709609,23.79898013955985,45.571658615136876,11.151368760064413,2.9388083735909825,1.0265700483091786,3.3950617283950617,0.30864197530864196,0.20799785292538917,,
43,11.43317230273752,23.79898013955985,45.128824476650564,10.943370907139023,2.9388083735909825,1.0265700483091786,4.361245303274289,0.1610305958132045,0.20799785292538917,,
44,11.446591519055287,20.799785292538918,44.91411701556629,10.782340311325818,6.206387546967257,1.0265700483091786,4.4820182501341925,0.1610305958132045,0.18115942028985507,,
45,11.916264090177133,20.632045088566827,41.78743961352657,10.352925389157273,8.749329039184111,1.0265700483091786,4.4820182501341925,0.1610305958132045,0.8923778851315083,,
46,12.607353730542137,19.773215244229736,41.458668813741276,10.312667740203972,8.568169618894256,1.0265700483091786,5.199946323134729,0.1610305958132045,0.8923778851315083,,
47,12.795222758990874,19.773215244229736,41.358024691358025,10.25228126677402,8.55475040257649,1.0265700483091786,5.186527106816962,0.1610305958132045,0.8923778851315083,,
48,12.962962962962964,19.618894256575416,41.15002683843264,10.25228126677402,8.487654320987655,1.0265700483091786,5.448201825013419,0.1610305958132045,0.8923778851315083,,
49,12.379227053140097,19.0955448201825,39.150563607085346,7.092055823939882,14.130434782608695,1.1808910359634996,5.448201825013419,0.1610305958132045,1.3620504562533549,,
50,12.070585077831455,17.881105743424584,37.043746645195924,7.065217391304348,17.827428878153516,1.1808910359634996,5.407944176060118,0.1610305958132045,1.3620504562533549,,
51,12.379227053140097,17.59259259259259,36.198336017176594,7.065217391304348,17.68652710681696,2.589908749329039,5.032206119162641,0.10064412238325282,1.3553408480944713,,
52,12.453032742887816,17.59259259259259,36.56736446591519,7.058507783145465,17.56575415995706,2.589908749329039,5.032206119162641,0.10064412238325282,1.0399892646269457,,
53,12.486580783682234,14.915458937198068,33.48765432098765,14.029790660225443,16.82769726247987,2.589908749329039,4.522275899087493,0.10064412238325282,1.0399892646269457,,
54,12.741545893719806,14.875201288244767,33.380300590445515,11.829039184111648,19.565217391304348,1.9457863660762211,4.522275899087493,0.10064412238325282,1.0399892646269457,,
55,12.989801395598498,14.78797638217928,33.279656468062264,11.829039184111648,19.51825013419216,1.932367149758454,4.522275899087493,0.10064412238325282,1.0399892646269457,,
56,13.285024154589372,14.78797638217928,33.13875469672571,11.829039184111648,19.196188942565755,1.932367149758454,4.690016103059581,0.10064412238325282,1.0399892646269457,,
57,13.895598497047773,14.143853998926463,33.08507783145464,11.43317230273752,19.03515834675255,3.280998389694042,3.9855072463768115,0.10064412238325282,1.0399892646269457,,
58,14.244498121309716,14.143853998926463,33.04482018250134,11.43317230273752,18.773483628556093,3.2474503488996245,3.9720880300590444,0.10064412238325282,1.0399892646269457,,
59,14.023081052066559,13.935856146001074,29.334406870638755,11.345947396672035,23.409822866344605,3.2004830917874396,3.9720880300590444,0.10064412238325282,0.6776704240472357,,
60,14.325013419216317,13.882179280730005,29.005636070853463,11.238593666129898,23.21524422973698,3.2004830917874396,4.247181964573269,0.2214170692431562,0.6642512077294686,,
61,14.626945786366075,13.862050456253355,34.88325281803543,11.124530327428879,16.525764895330113,3.2004830917874396,4.247181964573269,0.2214170692431562,1.3083735909822867,,
62,13.271604938271604,12.144390767579173,31.5150295222759,8.038110574342458,27.77777777777778,2.24771873322598,3.864734299516908,0.2281266774020397,0.9125067096081588,,
63,13.405797101449275,12.144390767579173,31.4345142243693,8.017981749865807,27.77777777777778,2.24771873322598,3.8311862587224907,0.2281266774020397,0.9125067096081588,,
64,14.090177133655395,11.936392914653783,31.21309715512614,7.957595276435856,27.569779924852387,2.1604938271604937,3.9318303811057436,0.2281266774020397,0.9125067096081588,,
65,14.244498121309716,11.922973698336017,31.125872249060656,7.957595276435856,27.536231884057973,2.1604938271604937,3.911701556629093,0.2281266774020397,0.9125067096081588,,
66,14.237788513150832,11.849168008588299,31.5552871712292,7.601986044015029,26.650563607085346,2.1604938271604937,4.05931293612453,0.2281266774020397,1.6572732152442298,,
67,14.600107353730541,11.849168008588299,31.548577563070317,7.514761137949543,26.382179280730007,2.1604938271604937,4.05931293612453,0.2281266774020397,1.6572732152442298,,
68,15.177133655394526,11.822329575952764,31.394256575415994,7.514761137949543,26.06682769726248,2.1604938271604937,4.025764895330113,0.2281266774020397,1.6103059581320451,,
69,12.513419216317766,7.481213097155126,30.300590445517983,6.890767579173376,34.97047772410091,2.073268921095008,3.9184111647879765,0.1274825550187869,1.724369296833065,,
70,12.741545893719806,7.474503488996243,26.724369296833064,10.292538915727322,33.9975845410628,2.046430488459474,4.62962962962963,0.36902844873859364,1.724369296833065,,
71,12.546967257112184,6.957863660762212,26.663982823403114,11.265432098765432,33.8365539452496,2.006172839506173,4.62962962962963,0.36902844873859364,1.724369296833065,,
72,12.962962962962964,6.957863660762212,26.476113794954376,11.20504562533548,33.66881374127751,2.006172839506173,4.62962962962963,0.36902844873859364,1.724369296833065,,
73,13.130703166935051,6.957863660762212,26.25469672571122,11.144659151905529,33.66881374127751,2.006172839506173,4.62962962962963,0.36902844873859364,1.8384326355340848,,
74,13.298443370907139,6.957863660762212,26.113794954374665,11.117820719269995,33.66881374127751,2.006172839506173,4.62962962962963,0.36902844873859364,1.8384326355340848,,
75,13.560118089103597,6.957863660762212,25.87224906065486,11.104401502952227,33.66881374127751,2.006172839506173,4.622920021470746,0.36902844873859364,1.8384326355340848,,
76,13.593666129898015,6.951154052603328,24.94632313472893,11.41304347826087,32.76301663982824,3.4151905528717124,4.62962962962963,0.36902844873859364,1.9189479334406871,,
77,13.372249060654857,6.588835212023618,20.987654320987655,8.071658615136876,41.06280193236715,3.3279656468062266,4.300858829844337,0.36902844873859364,1.9189479334406871,,
78,13.546698872785829,6.535158346752549,20.98094471282877,8.071658615136876,40.98899624261943,3.3279656468062266,4.300858829844337,0.35560923242082665,1.892109500805153,,
79,13.81508319914117,6.494900697799249,20.893719806763286,8.051529790660226,40.727321524422976,3.3279656468062266,4.300858829844337,0.35560923242082665,2.033011272141707,,
80,14.04320987654321,6.474771873322598,20.893719806763286,7.930756843800322,40.54616210413312,3.3279656468062266,4.502147074610843,0.35560923242082665,1.9256575415995705,,
81,14.472624798711756,6.447933440687064,20.78636607622115,7.930756843800322,40.25093934514224,3.3279656468062266,4.502147074610843,0.35560923242082665,1.9256575415995705,,
82,14.955716586151368,6.447933440687064,20.719269994632313,8.548040794417606,39.21765968867418,3.3279656468062266,4.502147074610843,0.35560923242082665,1.9256575415995705,,
83,14.673913043478262,5.911164787976382,24.60413311862587,8.548040794417606,36.34594739667203,3.3279656468062266,4.5893719806763285,0.1274825550187869,1.8719806763285025,,
84,15.391841116478798,5.911164787976382,24.3894256575416,8.548040794417606,35.849436392914654,3.3279656468062266,4.5893719806763285,0.12077294685990338,1.8719806763285025,,
85,15.874932903918411,5.911164787976382,24.134460547504027,8.548040794417606,35.45356951154053,3.280998389694042,4.5893719806763285,0.3421900161030596,1.865271068169619,,
86,16.076221148684915,5.911164787976382,23.738593666129898,8.541331186258722,35.35963499731616,3.280998389694042,4.522275899087493,0.3421900161030596,2.227589908749329,,
87,16.485507246376812,5.870907139023081,23.51046698872786,9.426999463231347,34.38003220611916,3.280998389694042,4.4753086419753085,0.3421900161030596,2.227589908749329,,
88,16.686795491143318,5.743424584004294,22.604669887278583,9.373322597960279,34.326355340848096,3.280998389694042,4.4753086419753085,0.3421900161030596,3.166935050993022,,
89,16.774020397208805,5.743424584004294,22.604669887278583,9.31964573268921,34.312936124530324,3.280998389694042,4.4753086419753085,0.3421900161030596,3.1468062265163717,,
90,17.2638217928073,5.656199677938808,22.510735373054214,9.232420826623725,34.16532474503489,3.280998389694042,4.40150295222759,0.3421900161030596,3.1468062265163717,,
91,15.660225442834138,5.428073000536768,31.13929146537842,8.413848631239935,28.549382716049383,3.2139023081052067,4.03918411164788,0.3421900161030596,3.2139023081052067,,
92,15.92860976918948,5.193236714975845,30.756843800322063,8.413848631239935,29.09286097691895,3.066290928609769,3.992216854535695,0.3421900161030596,3.2139023081052067,,
93,16.1231884057971,5.132850241545894,30.62265163714439,8.413848631239935,29.09286097691895,3.066290928609769,3.992216854535695,0.3421900161030596,3.2139023081052067,,
94,16.344605475040257,5.092592592592593,30.46833064949007,8.413848631239935,29.066022544283413,3.066290928609769,3.992216854535695,0.3421900161030596,3.2139023081052067,,
95,16.7337627482555,5.045625335480408,30.401234567901234,8.387010198604402,28.938539989264626,3.066290928609769,3.8714439076757916,0.3421900161030596,3.2139023081052067,,
96,17.11621041331186,4.998658078368224,30.099302200751477,8.380300590445518,28.938539989264626,3.066290928609769,3.8714439076757916,0.3421900161030596,3.1870638754696725,,
97,16.5727321524423,4.998658078368224,35.77563070316693,8.239398819108963,24.4296833064949,3.026033279656468,3.670155662909286,0.3421900161030596,2.945517981749866,,
98,17.10950080515298,4.958400429414922,35.581052066559316,8.179012345679013,24.288781535158346,3.026033279656468,3.670155662909286,0.3421900161030596,2.844873859366613,,
99,17.37788513150832,4.8443370907139025,35.35963499731616,7.924047235641439,24.18142780461621,3.026033279656468,3.992216854535695,0.3421900161030596,2.717391304347826,,0.23483628556092323
100,17.726784755770264,4.824208266237251,35.158346752549654,7.863660762211487,23.960010735373054,3.2474503488996245,3.92512077294686,0.3421900161030596,2.717391304347826,,0.23483628556092323
101,17.860976918947934,4.824208266237251,34.72893183038111,7.863660762211487,23.93317230273752,3.1870638754696725,3.92512077294686,0.3421900161030596,3.099838969404187,,0.23483628556092323
102,18.511808910359633,4.824208266237251,33.803005904455176,7.863660762211487,23.926462694578635,3.180354267310789,3.92512077294686,0.3421900161030596,3.388352120236178,,0.23483628556092323
103,18.96135265700483,4.824208266237251,33.57487922705314,7.863660762211487,23.765432098765434,3.166935050993022,3.878153515834675,0.3421900161030596,3.388352120236178,,0.23483628556092323
104,19.296833064949006,4.804079441760601,33.41384863123994,7.809983896940419,23.517176596886742,3.166935050993022,3.878153515834675,0.3421900161030596,3.535963499731616,,0.23483628556092323
105,18.69296833064949,4.49543746645196,32.55501878690284,7.809983896940419,25.617283950617285,3.455448201825013,3.7775093934514223,0.3421900161030596,3.0193236714975846,,0.23483628556092323
106,18.96135265700483,4.2203435319377345,32.29334406870639,7.709339774557166,25.389157273215243,4.294149221685454,3.5628019323671496,0.3421900161030596,2.9924852388620504,,0.23483628556092323
107,19.182769726247987,4.166666666666667,32.2463768115942,7.695920558239399,25.389157273215243,4.213633923778851,3.5628019323671496,0.32877079978529256,2.9790660225442833,,0.23483628556092323
108,19.223027375201287,4.166666666666667,32.23295759527644,7.695920558239399,25.37573805689748,4.213633923778851,3.549382716049383,0.32877079978529256,2.9790660225442833,,0.23483628556092323
109,19.80005367686527,4.159957058507783,32.00483091787439,7.561728395061729,25.221417069243156,4.213633923778851,3.4957058507783145,0.32877079978529256,2.9790660225442833,,0.23483628556092323
110,20.26972624798712,4.159957058507783,31.82367149758454,7.561728395061729,25.013419216317768,4.213633923778851,3.4420289855072466,0.32877079978529256,2.952227589908749,,0.23483628556092323
111,20.665593129361245,4.025764895330113,31.5955448201825,7.360440150295223,24.94632313472893,4.213633923778851,3.4017713365539453,0.32877079978529256,3.0864197530864197,,0.3757380568974772
112,20.71256038647343,3.992216854535695,30.26033279656468,7.098765432098766,26.52308105206656,4.213633923778851,3.616478797638218,0.32877079978529256,2.8784219001610305,,0.3757380568974772
113,20.645464304884594,3.938539989264627,25.11406333870102,12.775093934514224,26.50295222758991,4.119699409554482,3.5762211486849167,0.32877079978529256,2.623456790123457,,0.3757380568974772
114,20.081857219538378,3.066290928609769,25.006709608158882,15.28448738593666,25.13419216317767,4.1129898013955986,4.05931293612453,0.32877079978529256,2.5496511003757383,,0.3757380568974772
115,20.26972624798712,3.052871712292002,24.892646269457863,15.217391304347826,25.006709608158882,4.1129898013955986,4.05931293612453,0.32877079978529256,2.6838432635534084,,0.3757380568974772
116,20.189210950080515,3.046162104133119,24.416264090177133,15.177133655394526,24.48336017176597,4.1129898013955986,3.965378421900161,0.46967257112184646,3.7640901771336552,,0.3757380568974772
117,20.108695652173914,3.046162104133119,24.322329575952764,15.955448201825014,24.020397208803004,4.1129898013955986,3.844605475040258,0.4495437466451959,3.7640901771336552,,0.3757380568974772
118,20.30998389694042,3.046162104133119,24.40955448201825,15.895061728395062,23.845947396672035,4.05931293612453,3.844605475040258,0.4495437466451959,3.7640901771336552,,0.3757380568974772
119,20.43075684380032,3.046162104133119,24.329039184111647,15.881642512077295,23.8191089640365,4.05931293612453,3.844605475040258,0.4495437466451959,3.7640901771336552,,0.3757380568974772
120,20.69243156199678,3.046162104133119,24.168008588298445,15.881642512077295,23.79898013955985,4.05931293612453,3.7640901771336552,0.4495437466451959,3.7640901771336552,,0.3757380568974772
121,21.390230810520666,3.046162104133119,23.19511540526033,15.821256038647343,23.67149758454106,3.978797638217928,4.441760601180891,0.4495437466451959,3.629898013955985,,0.3757380568974772
122,21.77938808373591,3.046162104133119,23.081052066559312,15.747450348899624,23.49704777241009,3.978797638217928,4.441760601180891,0.4495437466451959,3.629898013955985,,0.3488996242619431
123,22.21551261406334,3.0059044551798175,22.430220075147613,17.28395061728395,23.409822866344605,2.8784219001610305,4.414922168545357,0.4495437466451959,3.5628019323671496,,0.3488996242619431
124,22.36983360171766,3.0059044551798175,22.41009125067096,17.236983360171767,23.32259796027912,2.8784219001610305,4.414922168545357,0.4495437466451959,3.5628019323671496,,0.3488996242619431
125,22.805958132045088,2.985775630703167,22.383252818035427,17.11621041331186,23.10789049919485,2.8784219001610305,4.388083735909823,0.4227053140096618,3.5628019323671496,,0.3488996242619431
126,22.69189479334407,2.985775630703167,22.19538378958669,17.028985507246375,23.05421363392378,3.3480944712828773,4.367954911433173,0.4227053140096618,3.5628019323671496,,0.3421900161030596
127,21.900161030595815,3.9049919484702094,22.134997316156735,17.022275899087493,22.84621578099839,3.33467525496511,4.300858829844337,0.4227053140096618,3.7909286097691894,,0.3421900161030596
128,22.289318303811058,3.9049919484702094,21.920289855072465,16.948470209339774,22.745571658615138,3.33467525496511,4.300858829844337,0.4227053140096618,3.7909286097691894,,0.3421900161030596
129,22.61808910359635,3.8580246913580245,21.920289855072465,16.700214707461082,22.745571658615138,3.33467525496511,4.26731078904992,0.4227053140096618,3.7909286097691894,,0.3421900161030596
130,21.39694041867955,3.730542136339238,23.97342995169082,16.680085882984432,22.21551261406334,3.33467525496511,4.247181964573269,0.4227053140096618,3.656736446591519,,0.3421900161030596
131,19.57192699946323,3.6500268384326353,33.21926999463231,15.92860976918948,16.888083735909824,3.113258185721954,4.2203435319377345,0.30193236714975846,2.7643585614600106,,0.3421900161030596
132,19.98792270531401,3.629898013955985,32.10547504025765,16.881374127750938,16.760601180891037,3.113258185721954,4.1129898013955986,0.30193236714975846,2.7643585614600106,,0.3421900161030596
133,20.135534084809446,3.535963499731616,32.21282877079979,16.841116478797638,16.639828234031132,3.113258185721954,4.1129898013955986,0.30193236714975846,2.7643585614600106,,0.3421900161030596
134,20.71256038647343,3.535963499731616,31.863929146537842,16.67337627482555,16.5727321524423,3.113258185721954,4.032474503488996,0.28180354267310787,2.871712292002147,,0.3421900161030596
135,20.94068706387547,3.535963499731616,31.723027375201287,16.67337627482555,16.532474503488995,3.079710144927536,4.032474503488996,0.28180354267310787,2.85829307568438,,0.3421900161030596
136,19.55179817498658,2.7777777777777777,41.46537842190016,12.419484702093397,14.49946323134729,2.999194847020934,3.240740740740741,0.28180354267310787,2.7643585614600106,,
137,20.095276435856146,2.7777777777777777,41.217122920021474,12.325550187869029,14.418947933440688,2.999194847020934,3.2340311325818574,0.28180354267310787,2.6502952227589907,,
138,20.377079978529252,2.7777777777777777,41.10976918947934,12.211486849168008,14.371980676328503,2.999194847020934,3.2206119162640903,0.28180354267310787,2.6502952227589907,,
139,20.8467525496511,2.757648953301127,40.83467525496511,12.211486849168008,14.237788513150832,2.999194847020934,3.207192699946323,0.28180354267310787,2.623456790123457,,
140,21.061460010735374,2.6972624798711755,40.25093934514224,12.211486849168008,13.882179280730005,3.844605475040258,3.1468062265163717,0.28180354267310787,2.623456790123457,,
141,21.430488459473967,2.6972624798711755,40.01610305958132,12.211486849168008,13.747987117552334,3.844605475040258,3.1468062265163717,0.28180354267310787,2.623456790123457,,
142,21.62506709608159,2.6972624798711755,39.90874932903918,12.211486849168008,13.707729468599034,3.844605475040258,3.1468062265163717,0.28180354267310787,2.576489533011272,,
143,21.62506709608159,2.6972624798711755,40.083199141170155,12.157809983896941,13.620504562533547,3.81105743424584,3.1468062265163717,0.28180354267310787,2.576489533011272,,
144,21.38352120236178,2.2946859903381642,38.10386473429951,11.98336017176597,16.794149221685455,3.5225442834138487,3.126677402039721,0.2147074610842727,2.576489533011272,,
145,21.67874396135266,2.2946859903381642,37.96296296296296,11.802200751476114,16.894793344068706,3.5225442834138487,3.052871712292002,0.2147074610842727,2.576489533011272,,
146,21.926999463231347,2.2946859903381642,37.64090177133655,11.802200751476114,16.76731078904992,3.5091250670960816,3.052871712292002,0.2147074610842727,2.791196994095545,,
147,22.20209339774557,2.2946859903381642,37.60735373054214,11.782071926999464,16.626409017713364,3.4286097691894795,3.052871712292002,0.2147074610842727,2.791196994095545,,
148,22.363123993558776,2.2208803005904456,37.553676865271065,11.782071926999464,16.6129898013956,3.4286097691894795,3.0327428878153517,0.2147074610842727,2.791196994095545,,
149,22.73886205045625,2.167203435319377,37.29200214707461,11.728395061728396,16.606280193236714,3.4286097691894795,3.0327428878153517,0.2147074610842727,2.791196994095545,,
150,22.893183038110575,2.167203435319377,37.17793880837359,11.708266237251744,16.606280193236714,3.408480944712829,3.0327428878153517,0.2147074610842727,2.791196994095545,,
151,23.161567364465917,2.167203435319377,37.104133118625874,11.647879763821793,16.606280193236714,3.408480944712829,2.918679549114332,0.2147074610842727,2.771068169618894,,
152,23.10789049919485,1.9524959742351047,36.8491680085883,11.647879763821793,16.53918411164788,4.052603327965647,2.8650026838432634,0.2147074610842727,2.771068169618894,,
153,23.64465915190553,1.9524959742351047,36.52710681696189,11.594202898550725,16.378153515834676,4.052603327965647,2.8650026838432634,0.2147074610842727,2.771068169618894,,
154,23.879495437466453,1.9524959742351047,36.22517444981213,11.594202898550725,16.23725174449812,4.052603327965647,2.818035426731079,0.2147074610842727,3.026033279656468,,
155,24.060654857756308,1.9524959742351047,34.836285560923244,11.466720343531938,16.223832528180353,5.401234567901234,2.818035426731079,0.2147074610842727,3.026033279656468,,
156,24.14787976382179,1.9390767579173376,33.93048845947396,11.466720343531938,15.693773483628556,5.401234567901234,3.475577026301664,0.2147074610842727,3.730542136339238,,
157,24.570585077831456,1.9256575415995705,33.81642512077295,11.198336017176597,15.640096618357488,5.501878690284487,3.475577026301664,0.2147074610842727,3.656736446591519,,
158,23.47691894793344,1.7713365539452497,32.950885668276975,10.359634997316157,18.63929146537842,5.414653784219001,3.421900161030596,0.2147074610842727,3.750670960815888,,
159,24.00697799248524,1.7646269457863661,32.709339774557165,10.279119699409554,18.438003220611915,5.414653784219001,3.421900161030596,0.2147074610842727,3.750670960815888,,
160,24.382716049382715,1.7646269457863661,32.44095544820183,9.997316156736447,18.411164787976382,5.535426731078905,3.33467525496511,0.2147074610842727,3.9184111647879765,,
161,24.644390767579175,1.7646269457863661,32.367149758454104,9.997316156736447,18.364197530864196,5.535426731078905,3.193773483628556,0.2147074610842727,3.9184111647879765,,
162,23.752012882447666,1.751207729468599,36.553945249597426,9.675254965110037,15.982286634460548,5.535426731078905,2.677133655394525,0.2147074610842727,3.8580246913580245,,
163,24.114331723027377,1.751207729468599,35.037573805689746,10.292538915727322,15.801127214170693,5.092592592592593,2.677133655394525,0.2147074610842727,5.018786902844874,,
164,24.362587224906065,1.737788513150832,34.88996242619431,10.23215244229737,15.774288781535159,5.092592592592593,2.677133655394525,0.2147074610842727,5.018786902844874,,
165,24.892646269457863,1.710950080515298,34.655126140633385,10.205314009661835,15.747450348899624,5.092592592592593,2.5026838432635534,0.2147074610842727,4.978529253891573,,
166,25.261674718196456,1.710950080515298,34.46054750402576,10.138217928073,15.666935050993022,5.0791733762748255,2.5026838432635534,0.2147074610842727,4.9651100375738055,,
167,25.711218464841654,1.710950080515298,34.29951690821256,10.044283413848632,15.593129361245303,5.0791733762748255,2.395330112721417,0.2147074610842727,4.951690821256038,,
168,25.95276435856146,1.710950080515298,34.07809983896941,10.030864197530864,15.593129361245303,5.0791733762748255,2.395330112721417,0.2147074610842727,4.944981213097155,,
169,26.019860440150296,1.710950080515298,34.064680622651636,10.030864197530864,15.539452495974235,5.0791733762748255,2.395330112721417,0.2147074610842727,4.944981213097155,,
170,26.56333870101986,1.710950080515298,33.843263553408484,9.997316156736447,15.344873859366613,4.998658078368224,2.38191089640365,0.2147074610842727,4.944981213097155,,
171,25.83870101986044,1.6975308641975309,32.88378958668814,9.943639291465379,17.3040794417606,4.790660225442834,2.38191089640365,0.2147074610842727,4.944981213097155,,
172,26.34863123993559,1.6975308641975309,32.60198604401503,9.883252818035427,17.143048845947398,4.783950617283951,2.38191089640365,0.2147074610842727,4.944981213097155,,
173,26.476113794954376,1.6841116478797638,31.910896403650028,6.763285024154589,20.73268921095008,4.777241009125067,2.49597423510467,0.2147074610842727,4.944981213097155,,
174,26.878690284487387,1.6841116478797638,31.776704240472355,6.763285024154589,20.37037037037037,4.777241009125067,2.475845410628019,0.2147074610842727,5.059044551798175,,
175,27.126945786366075,1.6706924315619969,31.709608158883523,6.702898550724638,20.336822329575952,4.757112184648417,2.475845410628019,0.2147074610842727,5.005367686527107,,
176,27.214170692431562,1.6706924315619969,31.622383252818036,6.629092860976919,19.612184648416534,4.757112184648417,3.307836822329576,0.2147074610842727,4.9718196457326895,,
177,27.462426194310254,1.6706924315619969,31.42109500805153,6.629092860976919,19.578636607622116,4.74369296833065,3.307836822329576,0.2147074610842727,4.9718196457326895,,
178,27.643585614600106,1.6706924315619969,31.233225979602793,6.582125603864735,19.196188942565755,4.7101449275362315,3.9049919484702094,0.2147074610842727,4.8443370907139025,,
179,28.488996242619432,1.6706924315619969,30.870907139023082,6.863929146537842,18.9747718733226,4.703435319377348,3.784219001610306,0.20799785292538917,4.435050993022007,,
180,28.663446054750402,1.6572732152442298,30.71658615136876,7.159151905528717,18.54535695115405,5.267042404723564,3.7640901771336552,0.10735373054213634,4.119699409554482,,
181,28.817767042404725,1.6572732152442298,30.609232420826622,7.139023081052066,18.53864734299517,5.267042404723564,3.7640901771336552,0.10735373054213634,4.0995705850778315,,
182,29.381374127750938,1.6572732152442298,30.327428878153516,7.0383789586688135,18.4447128287708,5.179817498658078,3.7640901771336552,0.10735373054213634,4.0995705850778315,,
183,29.61621041331186,1.6572732152442298,30.233494363929147,7.0383789586688135,18.377616747181964,5.179817498658078,3.7037037037037037,0.10735373054213634,4.086151368760064,,
184,30.193236714975846,1.6572732152442298,30.132850241545892,7.253086419753086,18.04213633923779,5.112721417069243,3.603059581320451,0.10735373054213634,3.898282340311326,,
185,30.50858829844337,1.6572732152442298,30.03220611916264,7.212828770799785,17.8743961352657,5.10601180891036,3.603059581320451,0.10735373054213634,3.898282340311326,,
186,31.03864734299517,1.6438539989264627,29.736983360171767,7.118894256575416,17.58588298443371,5.0858829844337095,3.8177670424047236,0.10735373054213634,3.864734299516908,,
187,31.40096618357488,1.6438539989264627,29.455179817498657,7.118894256575416,17.58588298443371,5.005367686527107,3.8177670424047236,0.10735373054213634,3.864734299516908,,
188,29.7638217928073,1.6438539989264627,28.5829307568438,7.139023081052066,21.464036500268385,4.133118625872249,3.5426731078904994,0.10735373054213634,3.6231884057971016,,
189,28.938539989264626,1.6438539989264627,27.073268921095007,7.139023081052066,23.79898013955985,4.133118625872249,3.5426731078904994,0.10735373054213634,3.6231884057971016,,
190,29.2337627482555,1.6438539989264627,26.92565754159957,7.139023081052066,23.66478797638218,4.133118625872249,3.5426731078904994,0.10735373054213634,3.6097691894793345,,
191,29.314278046162105,1.6438539989264627,26.90552871712292,7.139023081052066,23.66478797638218,4.133118625872249,3.4822866344605474,0.10735373054213634,3.6097691894793345,,
192,29.461889425657542,1.6438539989264627,26.82501341921632,7.112184648416532,23.62453032742888,4.133118625872249,3.4822866344605474,0.10735373054213634,3.6097691894793345,,
193,29.931561996779386,1.6438539989264627,26.69753086419753,7.098765432098766,23.362855609232422,4.133118625872249,3.4151905528717124,0.10735373054213634,3.6097691894793345,,
194,30.307300053676865,1.6438539989264627,26.46940418679549,6.998121309715513,23.336017176596886,4.1129898013955986,3.4151905528717124,0.10735373054213634,3.6097691894793345,,
195,31.159420289855074,1.6371443907675791,26.341921631776703,6.964573268921095,22.98040794417606,4.019055287171229,3.321256038647343,0.10735373054213634,3.4688674181427803,,
196,31.447933440687063,1.6371443907675791,25.623993558776167,6.89747718733226,22.81266774020397,4.019055287171229,3.321256038647343,0.10735373054213634,4.133118625872249,,
197,31.729736983360173,1.6371443907675791,25.55689747718733,6.823671497584541,22.77241009125067,3.9184111647879765,3.321256038647343,0.10735373054213634,4.133118625872249,,
198,32.045088566827694,1.6371443907675791,24.671229200214707,6.736446591519055,22.67176596886742,3.8378958668813743,4.233762748255502,0.10735373054213634,4.05931293612453,,
199,32.14573268921095,1.6371443907675791,24.422973698336016,6.736446591519055,22.67176596886742,3.8580246913580245,4.394793344068707,0.10735373054213634,4.025764895330113,,
200,32.39398819108964,1.6371443907675791,24.3894256575416,6.736446591519055,22.457058507783145,3.8580246913580245,4.394793344068707,0.10735373054213634,4.025764895330113,,
201,32.420826623725176,1.6371443907675791,24.362587224906065,6.736446591519055,22.457058507783145,3.8580246913580245,4.394793344068707,0.10735373054213634,4.025764895330113,,
202,32.10547504025765,1.6371443907675791,24.000268384326354,6.1862587224906065,24.06736446591519,3.7775093934514223,4.139828234031133,0.10735373054213634,3.978797638217928,,
203,32.48792270531401,1.6371443907675791,23.839237788513152,6.179549114331723,23.93317230273752,3.7775093934514223,4.066022544283414,0.10735373054213634,3.9720880300590444,,
204,32.67579173376275,1.6371443907675791,23.61111111111111,6.179549114331723,23.832528180354267,3.7775093934514223,4.066022544283414,0.10735373054213634,4.1129898013955986,,
205,32.608695652173914,1.6371443907675791,23.698336017176597,6.179549114331723,23.832528180354267,3.7775093934514223,4.045893719806763,0.10735373054213634,4.1129898013955986,,
206,32.6959205582394,1.6371443907675791,23.59098228663446,6.092324208266238,23.805689747718734,3.770799785292539,4.186795491143317,0.10735373054213634,4.1129898013955986,,
207,33.06494900697799,1.6371443907675791,23.49704777241009,6.085614600107354,23.637949543746647,3.6768652710681695,4.180085882984434,0.10735373054213634,4.1129898013955986,,
208,33.08507783145464,1.6371443907675791,23.483628556092324,6.085614600107354,23.637949543746647,3.6768652710681695,4.180085882984434,0.10735373054213634,4.106280193236715,,
209,33.32662372517445,1.6371443907675791,23.483628556092324,6.018518518518518,23.59098228663446,3.5426731078904994,4.206924315619967,0.10735373054213634,4.086151368760064,,
210,33.93719806763285,1.6035963499731616,23.34272678475577,5.917874396135265,23.429951690821255,3.5426731078904994,4.193505099302201,0.10735373054213634,3.92512077294686,,
211,34.35990338164251,1.6035963499731616,23.07434245840043,5.870907139023081,23.362855609232422,3.502415458937198,4.193505099302201,0.10735373054213634,3.92512077294686,,
212,34.72222222222222,1.6035963499731616,22.819377348362856,5.870907139023081,23.289049919484704,3.502415458937198,4.193505099302201,0.10735373054213634,3.8915727321524423,,
213,34.876543209876544,1.6035963499731616,22.799248523886206,5.870907139023081,23.15485775630703,3.502415458937198,4.193505099302201,0.10735373054213634,3.8915727321524423,,
214,35.42673107890499,1.6035963499731616,22.57783145464305,5.743424584004294,23.05421363392378,3.44873859366613,4.193505099302201,0.06038647342995169,3.8915727321524423,,
215,35.84272678475577,1.6035963499731616,22.430220075147613,5.743424584004294,23.03408480944713,3.3413848631239937,4.052603327965647,0.06038647342995169,3.8915727321524423,,
216,35.88298443370907,1.6035963499731616,22.262479871175522,5.723295759527644,22.832796564680624,3.3413848631239937,4.40150295222759,0.06038647342995169,3.8915727321524423,,
217,36.05743424584004,1.6035963499731616,22.23564143853999,5.709876543209877,22.832796564680624,3.3413848631239937,4.26731078904992,0.06038647342995169,3.8915727321524423,,
218,36.292270531400966,1.583467525496511,22.148416532474503,5.6964573268921095,22.530864197530864,3.2541599570585076,4.549114331723027,0.06038647342995169,3.8848631239935587,,
219,36.54723564143854,1.583467525496511,21.87332259796028,5.877616747181965,22.436929683306495,3.2541599570585076,4.4820182501341925,0.06038647342995169,3.8848631239935587,,
220,37.03703703703704,1.583467525496511,21.732420826623724,5.756843800322061,22.36983360171766,3.1333870101986045,4.4820182501341925,0.06038647342995169,3.844605475040258,,
221,37.151100375738054,1.583467525496511,21.651905528717123,5.750134192163178,22.342995169082126,3.1333870101986045,4.4820182501341925,0.06038647342995169,3.844605475040258,,
222,37.265163714439076,1.583467525496511,21.598228663446054,5.750134192163178,22.302737520128826,3.079710144927536,4.555823939881911,0.06038647342995169,3.8043478260869565,,
223,37.67444981213097,1.583467525496511,21.470746108427267,5.669618894256575,22.114868491680085,3.180354267310789,4.49543746645196,0.06038647342995169,3.750670960815888,,
224,37.996511003757384,1.583467525496511,21.22249060654858,5.669618894256575,22.074610842726784,3.1468062265163717,4.49543746645196,0.06038647342995169,3.750670960815888,,
225,38.38566827697262,1.583467525496511,21.121846484165324,5.669618894256575,21.79951690821256,3.1468062265163717,4.49543746645196,0.06038647342995169,3.7372517444981215,,
226,38.55340848094471,1.570048309178744,21.121846484165324,5.595813204508857,21.672034353193773,3.0595813204508855,4.62962962962963,0.06038647342995169,3.7372517444981215,,
227,38.73456790123457,1.570048309178744,20.96081588835212,5.448201825013419,21.584809447128286,3.0394524959742353,4.602791196994096,0.06038647342995169,3.9989264626945786,,
228,38.848631239935585,1.570048309178744,20.90713902308105,5.428073000536768,21.564680622651636,3.0394524959742353,4.602791196994096,0.06038647342995169,3.978797638217928,,
229,39.27133655394525,1.570048309178744,20.725979602791195,5.367686527106817,21.531132581857218,3.0394524959742353,4.569243156199678,0.06038647342995169,3.864734299516908,,
230,39.36527106816962,1.570048309178744,20.71256038647343,5.367686527106817,21.484165324745035,3.0059044551798175,4.569243156199678,0.06038647342995169,3.864734299516908,,
231,39.25791733762748,1.1808910359634996,20.336822329575952,5.622651637144391,22.363123993558776,2.8381642512077296,4.542404723564144,0.06038647342995169,3.797638217928073,,
232,36.312399355877616,1.1607622114868492,25.717928073000536,5.233494363929147,20.182501341921633,3.9184111647879765,4.086151368760064,0.04696725711218465,3.3413848631239937,,
