,45,50,52,55,54,51,56,53,60,57,58,59,62,61,46
0,88.98953301127214,10.923242082662373,0.07380568974771873,0.013419216317767043,,,,,,,,,,,
1,88.15754159957058,11.75523349436393,0.07380568974771873,0.013419216317767043,,,,,,,,,,,
2,87.3792270531401,12.533548040794418,0.07380568974771873,0.013419216317767043,,,,,,,,,,,
3,74.43639291465378,25.026838432635532,0.07380568974771873,0.11406333870101985,0.3488996242619431,,,,,,,,,,
4,61.782071926999464,37.98309178743961,0.07380568974771873,0.14761137949543746,0.013419216317767043,,,,,,,,,,
5,45.50456253354804,42.64626945786366,0.07380568974771873,0.4428341384863124,0.08722490606548577,11.245303274288782,,,,,,,,,
6,43.303811057434245,37.32555018786903,0.2147074610842727,0.5501878690284487,0.2147074610842727,18.33064949006978,0.06038647342995169,,,,,,,,
7,31.21309715512614,49.10762211486849,0.2147074610842727,0.7447665056360708,0.2147074610842727,18.156199677938808,0.06038647342995169,0.2885131508319914,,,,,,,
8,30.609232420826622,49.29549114331723,0.2683843263553409,0.9460547504025765,0.2147074610842727,18.317230273752013,0.06038647342995169,0.2885131508319914,,,,,,,
9,27.469135802469136,53.858024691358025,0.16774020397208803,1.2345679012345678,0.41599570585077833,16.794149221685455,0.06038647342995169,,,,,,,,
10,25.825281803542673,48.97342995169082,0.6172839506172839,1.737788513150832,0.2147074610842727,22.571121846484164,0.06038647342995169,,,,,,,,
11,23.765432098765434,48.49704777241009,0.3824476650563607,1.9524959742351047,0.2147074610842727,25.0402576489533,0.1274825550187869,,0.020128824476650563,,,,,,
12,23.443370907139023,45.65888352120236,0.5837359098228664,2.1403650026838434,0.2952227589908749,25.0402576489533,0.6575415995705851,2.1604938271604937,0.020128824476650563,,,,,,
13,23.403113258185723,42.77375201288245,1.4224369296833066,2.341653247450349,0.27509393451422437,26.90552871712292,0.6977992485238862,2.1604938271604937,0.020128824476650563,,,,,,
14,21.524422973698336,40.64009661835749,1.2949543746645196,2.536231884057971,0.27509393451422437,30.85077831454643,0.6977992485238862,2.1604938271604937,0.020128824476650563,,,,,,
15,21.470746108427267,40.41867954911433,1.2949543746645196,2.844873859366613,0.27509393451422437,30.414653784219002,1.0399892646269457,2.187332259796028,0.020128824476650563,0.03354804079441761,,,,,
16,21.450617283950617,40.385131508319915,1.2949543746645196,2.8515834675254963,0.322061191626409,30.394524959742352,1.0601180891035964,2.187332259796028,0.020128824476650563,0.03354804079441761,,,,,
17,21.30300590445518,40.385131508319915,1.2949543746645196,3.0059044551798175,0.36902844873859364,30.17981749865808,1.221148684916801,2.187332259796028,0.020128824476650563,0.03354804079441761,,,,,
18,21.32313472893183,40.002683843263554,1.2949543746645196,3.0327428878153517,0.7380568974771873,29.891304347826086,1.4559849704777241,2.2074610842726785,0.020128824476650563,0.03354804079441761,,,,,
19,18.46484165324745,36.63446054750403,2.3752012882447664,2.7241009125067097,0.7648953301127214,35.238862050456255,1.5230810520665594,2.2074610842726785,0.020128824476650563,0.04696725711218465,,,,,
20,18.33064949006978,36.3593666129898,2.4825550187869028,2.9723564143853998,0.7648953301127214,35.03086419753087,1.6572732152442298,2.3349436392914655,0.020128824476650563,0.04696725711218465,,,,,
21,18.14278046162104,36.533816425120776,2.4825550187869028,2.985775630703167,0.7648953301127214,34.735641438539986,1.8048845947396672,2.4825550187869028,0.020128824476650563,0.04696725711218465,,,,,
22,17.498658078368223,33.641975308641975,2.623456790123457,3.227321524422974,0.3757380568974772,38.0300590445518,1.932367149758454,2.6033279656468062,0.020128824476650563,0.04696725711218465,,,,,
23,16.203703703703702,32.2061191626409,2.61003757380569,3.8177670424047236,0.3757380568974772,40.264358561460014,1.865271068169619,2.6033279656468062,0.020128824476650563,0.03354804079441761,,,,,
24,14.418947933440688,31.30703166935051,2.536231884057971,3.556092324208266,0.3824476650563607,42.44498121309716,2.187332259796028,3.113258185721954,0.020128824476650563,0.03354804079441761,,,,,
25,11.708266237251744,35.35292538915727,2.5966183574879227,3.7037037037037037,0.36231884057971014,40.39855072463768,3.2877079978529253,2.5026838432635534,0.020128824476650563,0.03354804079441761,0.03354804079441761,,,,
26,11.446591519055287,30.360976918947934,2.5295222758990876,3.629898013955985,0.35560923242082665,45.8870101986044,3.207192699946323,2.3617820719269993,0.020128824476650563,0.03354804079441761,0.16774020397208803,,,,
27,11.265432098765432,30.03220611916264,2.5295222758990876,3.7573805689747717,0.35560923242082665,46.12855609232421,3.3480944712828773,2.3617820719269993,0.020128824476650563,0.03354804079441761,0.16774020397208803,,,,
28,10.077831454643048,27.15378421900161,2.3752012882447664,3.992216854535695,0.5703166935050993,49.75174449812131,3.4957058507783145,2.3617820719269993,0.020128824476650563,0.03354804079441761,0.16774020397208803,,,,
29,10.091250670960816,26.986044015029524,2.3752012882447664,4.139828234031133,0.5703166935050993,49.5101986044015,3.743961352657005,2.301395598497048,0.020128824476650563,0.0939345142243693,0.16774020397208803,,,,
30,10.104669887278583,25.15432098765432,6.273483628556092,4.005636070853462,1.1272141706924315,46.97396672034353,3.7775093934514223,2.301395598497048,0.020128824476650563,0.0939345142243693,0.16774020397208803,,,,
31,10.057702630166398,25.107353730542137,6.1862587224906065,4.274020397208803,1.1272141706924315,46.08829844337091,4.575952764358561,2.301395598497048,0.020128824476650563,0.0939345142243693,0.16774020397208803,,,,
32,10.091250670960816,25.026838432635532,6.1862587224906065,4.51556629092861,1.1272141706924315,45.75281803542673,4.7168545356951155,2.301395598497048,0.020128824476650563,0.0939345142243693,0.16774020397208803,,,,
33,10.124798711755233,23.376274825550187,9.66183574879227,4.408212560386473,1.1137949543746646,44.115673644659154,4.575952764358561,2.301395598497048,0.020128824476650563,0.13419216317767044,0.16774020397208803,,,,
34,10.057702630166398,20.02818035426731,9.386741814278047,4.461889425657541,1.1406333870101986,47.82608695652174,4.300858829844337,2.301395598497048,0.020128824476650563,0.30864197530864196,0.16774020397208803,,,,
35,9.272678475577026,22.550993022007514,8.742619431025227,4.723564143853999,1.2681159420289856,46.343263553408484,4.394793344068707,2.2074610842726785,0.020128824476650563,0.30864197530864196,0.16774020397208803,,,,
36,6.602254428341385,30.132850241545892,8.507783145464305,5.092592592592593,1.2681159420289856,41.59286097691895,4.052603327965647,2.1739130434782608,0.020128824476650563,0.35560923242082665,0.20128824476650564,,,,
37,6.508319914117015,29.998658078368223,11.352657004830919,4.911433172302737,1.3016639828234031,38.909017713365536,4.30756843800322,2.1739130434782608,0.020128824476650563,0.3153515834675255,0.20128824476650564,,,,
38,6.5485775630703165,29.770531400966185,11.245303274288782,5.186527106816962,1.3016639828234031,38.62050456253355,4.53569511540526,2.120236178207193,0.020128824476650563,0.4227053140096618,0.2281266774020397,,,,
39,6.427804616210413,29.59608158883521,11.211755233494364,5.340848094471283,1.3821792807300053,38.55340848094471,4.683306494900698,2.120236178207193,0.020128824476650563,0.43612453032742887,0.2281266774020397,,,,
40,6.427804616210413,29.26731078904992,10.19189479334407,5.5756843800322065,1.4761137949543746,39.36527106816962,4.51556629092861,2.4154589371980677,0.020128824476650563,0.4830917874396135,0.2281266774020397,0.03354804079441761,,,
41,4.871175523349437,32.52147074610843,10.21202361782072,5.307300053676865,1.4492753623188406,37.815351583467525,4.53569511540526,2.522812667740204,0.020128824476650563,0.4830917874396135,0.2281266774020397,0.03354804079441761,,,
42,3.656736446591519,27.47584541062802,8.735909822866345,4.951690821256038,1.3553408480944713,46.49087493290392,4.575952764358561,2.059849704777241,0.020128824476650563,0.4495437466451959,0.19457863660762212,0.03354804079441761,,,
43,3.1199677938808374,26.073537305421365,8.641975308641975,5.4549114331723025,1.3352120236178207,47.987117552334944,4.636339237788513,2.006172839506173,0.020128824476650563,0.49651100375738055,0.19457863660762212,0.03354804079441761,,,
44,3.2004830917874396,25.986312399355878,8.105206655931294,5.340848094471283,0.8655394524959742,48.79898013955985,4.978529253891573,1.9457863660762211,0.020128824476650563,0.46967257112184646,0.2549651100375738,0.03354804079441761,,,
45,3.2474503488996245,25.758185721953836,8.105206655931294,5.280461621041331,0.8655394524959742,48.64465915190553,5.381105743424584,1.8719806763285025,0.020128824476650563,0.46967257112184646,0.322061191626409,0.03354804079441761,,,
46,3.3011272141706924,25.657541599570585,8.09849704777241,5.508588298443371,0.8655394524959742,48.42324208266237,5.4549114331723025,1.8451422436929683,0.020128824476650563,0.46967257112184646,0.322061191626409,0.03354804079441761,,,
47,3.193773483628556,22.933440687063875,16.391572732152444,6.823671497584541,0.8856682769726248,43.545356951154055,3.307836822329576,1.9390767579173376,0.020128824476650563,0.6038647342995169,0.322061191626409,0.03354804079441761,,,
48,3.052871712292002,22.758990874932906,16.29092860976919,7.112184648416532,0.9057971014492754,43.41787439613527,3.3548040794417604,2.046430488459474,0.020128824476650563,0.6843800322061192,0.322061191626409,0.03354804079441761,,,
49,3.1535158346752548,22.685185185185187,16.223832528180353,7.273215244229737,0.9259259259259259,43.14949006977992,3.4621578099838968,2.0263016639828235,0.020128824476650563,0.7246376811594203,0.322061191626409,0.03354804079441761,,,
50,3.1870638754696725,22.550993022007514,16.0829307568438,7.4208266237251745,0.95276435856146,42.975040257648956,3.5963499731615673,2.0263016639828235,0.020128824476650563,0.8319914117015567,0.322061191626409,0.03354804079441761,,,
51,3.193773483628556,22.497316156736446,15.868223295759528,7.682501341921632,0.95276435856146,42.89452495974235,3.6097691894793345,2.0263016639828235,0.020128824476650563,0.8990874932903918,0.322061191626409,0.03354804079441761,,,
52,3.193773483628556,22.302737520128826,15.861513687600644,7.877079978529254,1.0601180891035964,42.58588298443371,3.7640901771336552,2.0263016639828235,0.020128824476650563,0.95276435856146,0.322061191626409,0.03354804079441761,,,
53,3.193773483628556,22.29602791196994,15.754159957058508,7.9039184111647875,1.0869565217391304,42.21685453569511,4.126409017713366,2.0531400966183573,0.020128824476650563,0.9930220075147611,0.322061191626409,0.03354804079441761,,,
54,3.066290928609769,22.014224369296834,13.16425120772947,8.467525496511003,1.1003757380568975,44.68599033816425,4.106280193236715,2.0531400966183573,0.020128824476650563,0.966183574879227,0.322061191626409,0.03354804079441761,,,
55,2.999194847020934,21.584809447128286,9.796027911969942,8.017981749865807,1.1003757380568975,49.624261943102525,3.9720880300590444,1.932367149758454,0.020128824476650563,0.5971551261406334,0.322061191626409,0.03354804079441761,,,
56,2.932098765432099,21.048040794417606,7.957595276435856,8.628556092324208,0.9863123993558777,51.731078904991946,3.8714439076757916,1.932367149758454,0.020128824476650563,0.5367686527106817,0.322061191626409,0.03354804079441761,,,
57,2.8918411164787976,19.26328502415459,10.11808910359635,7.809983896940419,1.06682769726248,51.247987117552334,4.133118625872249,2.5295222758990876,0.020128824476650563,0.5367686527106817,0.322061191626409,0.06038647342995169,,,
58,2.5295222758990876,15.076489533011273,11.674718196457327,6.293612453032743,1.1406333870101986,55.96484165324745,3.992216854535695,2.341653247450349,0.020128824476650563,0.5703166935050993,0.322061191626409,0.06038647342995169,0.013419216317767043,,
59,2.2611379495437465,12.13768115942029,14.31159420289855,5.615942028985507,0.6642512077294686,58.95061728395062,3.7909286097691894,1.3821792807300053,0.020128824476650563,0.5367686527106817,0.2549651100375738,0.06038647342995169,0.013419216317767043,,
60,2.2410091250670963,12.070585077831455,19.28341384863124,5.689747718733226,0.6642512077294686,53.576221148684915,3.864734299516908,1.3821792807300053,0.020128824476650563,0.8789586688137413,0.2549651100375738,0.06038647342995169,0.013419216317767043,,
61,2.214170692431562,11.969940955448202,25.731347289318304,5.756843800322061,0.7581857219538379,48.007246376811594,2.952227589908749,1.3821792807300053,0.020128824476650563,0.9192163177670424,0.2549651100375738,0.03354804079441761,,,
62,2.2946859903381642,11.936392914653783,25.72463768115942,5.790391841116479,0.7581857219538379,47.68518518518518,3.166935050993022,1.4694041867954912,0.020128824476650563,0.9259259259259259,0.19457863660762212,0.03354804079441761,,,
63,2.3550724637681157,11.929683306494901,25.603864734299517,5.83064949006978,0.785024154589372,47.42351046698873,3.2877079978529253,1.4694041867954912,0.020128824476650563,1.06682769726248,0.19457863660762212,0.03354804079441761,,,
64,2.3550724637681157,11.782071926999464,25.523349436392916,5.884326355340848,0.8454106280193237,47.20880300590446,3.4621578099838968,1.4694041867954912,0.020128824476650563,1.133923778851315,0.19457863660762212,0.12077294685990338,,,
65,2.3550724637681157,11.621041331186259,28.556092324208265,6.112453032742888,0.9125067096081588,43.96806226516372,3.435319377348363,1.4694041867954912,0.020128824476650563,1.2345679012345678,0.19457863660762212,0.12077294685990338,,,
66,2.4154589371980677,11.54723564143854,28.468867418142782,6.3070316693505095,0.9125067096081588,43.67954911433172,3.6097691894793345,1.42914653784219,0.020128824476650563,1.2949543746645196,0.19457863660762212,0.12077294685990338,,,
67,2.301395598497048,10.795759527643586,24.422973698336016,5.730005367686527,1.9390767579173376,48.94659151905529,3.2340311325818574,1.0802469135802468,0.020128824476650563,1.2412775093934514,0.16774020397208803,0.12077294685990338,,,
68,2.341653247450349,7.957595276435856,23.376274825550187,5.139559849704777,7.39398819108964,47.57783145464305,3.502415458937198,1.0802469135802468,0.020128824476650563,1.3217928073000538,0.16774020397208803,0.12077294685990338,,,
69,2.328234031132582,7.957595276435856,22.463768115942027,5.166398282340311,7.320182501341922,47.28260869565217,3.6231884057971016,2.0397208803005906,0.020128824476650563,1.3419216317767042,0.30864197530864196,0.14761137949543746,,,
70,2.2946859903381642,7.823403113258186,22.705314009661837,5.146269457863661,7.50805152979066,46.484165324745035,4.233762748255502,1.9994632313472893,0.04696725711218465,1.3016639828234031,0.30864197530864196,0.14761137949543746,,,
71,2.2208803005904456,6.535158346752549,25.033548040794418,5.092592592592593,10.319377348362856,42.49194847020934,4.502147074610843,1.9860440150295222,0.04696725711218465,1.3150831991411702,0.30864197530864196,0.14761137949543746,,,
72,2.2611379495437465,6.521739130434782,24.798711755233494,5.119431025228127,10.319377348362856,40.33816425120773,4.569243156199678,4.045893719806763,0.04696725711218465,1.5230810520665594,0.30864197530864196,0.14761137949543746,,,
73,2.3349436392914655,6.481481481481482,24.731615673644658,5.703166935050993,10.641438539989265,39.31830381105743,4.5960815888352125,4.045893719806763,0.04696725711218465,1.6438539989264627,0.30864197530864196,0.14761137949543746,,,
74,2.3752012882447664,6.481481481481482,24.54374664519592,5.709876543209877,10.674986580783683,39.22436929683307,4.609500805152979,4.045893719806763,0.04696725711218465,1.6975308641975309,0.4428341384863124,0.14761137949543746,,,
75,2.4020397208803006,6.468062265163715,24.261943102522814,5.857487922705314,10.61460010735373,38.91572732152442,4.898013955984971,4.019055287171229,0.04696725711218465,1.892109500805153,0.4428341384863124,0.18115942028985507,,,
76,2.428878153515835,6.468062265163715,24.14117015566291,5.9447128287707995,10.621309715512615,38.747987117552334,4.810789049919484,4.005636070853462,0.04696725711218465,1.9189479334406871,0.6172839506172839,0.24825550187869028,,,
77,2.38191089640365,6.3070316693505095,17.713365539452496,5.870907139023081,11.782071926999464,45.37707997852925,4.5893719806763285,3.9452495974235107,0.04696725711218465,1.2278582930756843,0.46296296296296297,0.2952227589908749,,,
78,2.4221685453569513,6.273483628556092,17.60601180891036,6.286902844873859,11.829039184111648,44.77321524422974,4.7101449275362315,3.9586688137412773,0.04696725711218465,1.3352120236178207,0.46296296296296297,0.2952227589908749,,,
79,2.4020397208803006,6.260064412238325,19.665861513687602,5.776972624798712,9.782608695652174,40.27106816961889,5.038915727321524,8.735909822866345,0.04696725711218465,1.482823403113258,0.38915727321524424,0.14761137949543746,,,
80,2.4221685453569513,6.112453032742888,19.28341384863124,5.9514224369296835,9.930220075147611,39.92887815351583,5.4549114331723025,8.68894256575416,0.04696725711218465,1.6438539989264627,0.38915727321524424,0.14761137949543746,,,
81,1.9390767579173376,3.69699409554482,18.149490069779926,4.918142780461621,9.31964573268921,47.82608695652174,4.05931293612453,7.977724100912507,0.013419216317767043,1.7713365539452497,0.2214170692431562,0.10735373054213634,,,
82,1.8786902844873858,3.784219001610306,17.357756307031668,4.669887278582931,7.427536231884058,50.68438003220612,4.0995705850778315,7.950885668276973,0.013419216317767043,1.8048845947396672,0.2214170692431562,0.10735373054213634,,,
83,1.9994632313472893,3.7372517444981215,16.894793344068706,4.944981213097155,7.709339774557166,49.89264626945786,4.777241009125067,7.695920558239399,0.013419216317767043,1.9994632313472893,0.2281266774020397,0.10735373054213634,,,
84,1.9726247987117553,3.7372517444981215,14.029790660225443,5.260332796564681,7.561728395061729,54.32769726247987,4.334406870638754,6.595544820182502,0.013419216317767043,1.8451422436929683,0.2147074610842727,0.10735373054213634,,,
85,2.033011272141707,3.7372517444981215,13.050187869028449,5.273752012882448,7.27992485238862,56.94444444444444,4.555823939881911,5.059044551798175,0.013419216317767043,1.7310789049919484,0.2147074610842727,0.10735373054213634,,,
86,2.1135265700483092,3.7372517444981215,13.023349436392914,5.260332796564681,7.232957595276436,56.54857756307032,4.911433172302737,5.072463768115942,0.013419216317767043,1.7310789049919484,0.2147074610842727,0.14090177133655393,,,
87,2.046430488459474,3.455448201825013,7.051798174986581,4.582662372517445,7.011540526033279,65.57300053676865,5.059044551798175,4.126409017713366,0.013419216317767043,0.8588298443370908,0.1878690284487386,0.03354804079441761,,,
88,2.046430488459474,3.4420289855072466,7.051798174986581,4.938271604938271,6.957863660762212,65.27777777777777,5.152979066022544,4.126409017713366,0.013419216317767043,0.7716049382716049,0.1878690284487386,0.03354804079441761,,,
89,1.5230810520665594,2.9388083735909825,7.051798174986581,3.878153515834675,6.092324208266238,70.00805152979066,3.824476650563607,3.898282340311326,,0.7447665056360708,0.040257648953301126,,,,
90,1.5365002683843263,2.9388083735909825,7.051798174986581,3.81105743424584,6.1929683306494905,69.87385936661299,3.911701556629093,3.898282340311326,,0.7447665056360708,0.040257648953301126,,,,
91,1.5163714439076759,2.9253891572732154,6.991411701556629,3.797638217928073,6.320450885668277,69.57863660762212,4.186795491143317,3.898282340311326,,0.7447665056360708,0.040257648953301126,,,,
92,1.583467525496511,2.9253891572732154,8.742619431025227,3.797638217928073,6.320450885668277,67.82742887815351,4.200214707461084,3.797638217928073,,0.7648953301127214,0.040257648953301126,,,,
93,1.6103059581320451,2.8784219001610305,8.722490606548577,3.992216854535695,6.105743424584004,67.27724100912506,4.62962962962963,3.938539989264627,,0.7648953301127214,0.040257648953301126,0.040257648953301126,,,
94,1.583467525496511,2.8784219001610305,8.655394524959743,3.992216854535695,6.099033816425121,67.04240472356415,4.938271604938271,3.938539989264627,,0.7648953301127214,0.040257648953301126,0.06709608158883522,,,
95,1.6371443907675791,2.818035426731079,8.648684916800859,3.9586688137412773,6.052066559312936,66.54589371980677,5.46833064949007,3.9318303811057436,0.0067096081588835215,0.8252818035426731,0.040257648953301126,0.06709608158883522,,,
96,1.710950080515298,2.818035426731079,8.608427267847558,3.9049919484702094,6.052066559312936,66.33789586688137,5.5756843800322065,3.992216854535695,0.0067096081588835215,0.8655394524959742,0.040257648953301126,0.08722490606548577,,,
97,1.7847557702630166,2.7777777777777777,8.581588835212024,3.9049919484702094,6.038647342995169,66.09634997316157,5.803811057434245,3.9519592055823938,0.0067096081588835215,0.8923778851315083,0.07380568974771873,0.08722490606548577,,,
98,1.7847557702630166,2.7509393451422435,8.487654320987655,3.9318303811057436,6.078904991948471,65.77428878153516,6.072195383789587,3.9519592055823938,0.0067096081588835215,0.9863123993558777,0.07380568974771873,0.08722490606548577,,0.013419216317767043,
99,1.7444981213097155,2.8784219001610305,8.266237251744498,4.019055287171229,5.984970477724101,65.39855072463769,6.528448738593666,3.9184111647879765,0.0067096081588835215,1.0802469135802468,0.07380568974771873,0.08722490606548577,,0.013419216317767043,
100,1.7713365539452497,2.7777777777777777,8.132045088566828,4.247181964573269,6.0654857756307035,64.86849168008588,6.91760601180891,3.9184111647879765,0.0067096081588835215,1.1272141706924315,0.07380568974771873,0.08051529790660225,,0.013419216317767043,
101,1.8384326355340848,2.7509393451422435,8.132045088566828,4.180085882984434,6.132581857219538,64.6604938271605,7.085346215780999,3.9184111647879765,0.0067096081588835215,1.1272141706924315,0.07380568974771873,0.08051529790660225,,0.013419216317767043,
102,1.7444981213097155,2.7509393451422435,18.867418142780462,4.186795491143317,6.199677938808374,55.703166935050994,6.508319914117015,2.871712292002147,0.0067096081588835215,0.9863123993558777,0.07380568974771873,0.08051529790660225,,0.020128824476650563,
103,1.6975308641975309,2.563070316693505,18.646001073537306,4.1129898013955986,6.494900697799249,55.85748792270532,6.5552871712292005,2.898550724637681,0.0067096081588835215,0.9594739667203436,0.07380568974771873,0.11406333870101985,,0.020128824476650563,
104,1.7176596886741815,2.509393451422437,18.63929146537842,4.146537842190016,6.461352657004831,55.52871712292002,6.763285024154589,3.066290928609769,0.0067096081588835215,0.9594739667203436,0.07380568974771873,0.10735373054213634,,0.020128824476650563,
105,1.7176596886741815,2.509393451422437,18.51851851851852,4.334406870638754,6.461352657004831,55.38781535158347,6.709608158883521,3.1065485775630703,0.0067096081588835215,1.0466988727858293,0.07380568974771873,0.10735373054213634,,0.020128824476650563,
106,1.7310789049919484,2.4892646269457863,18.290391841116477,4.42163177670424,6.407675791733762,55.22678475577026,6.823671497584541,3.1065485775630703,0.0067096081588835215,1.2949543746645196,0.07380568974771873,0.10735373054213634,,0.020128824476650563,
107,1.7646269457863661,2.4892646269457863,18.290391841116477,4.42163177670424,6.353998926462695,54.8040794417606,7.179280730005368,3.046162104133119,0.0067096081588835215,1.2949543746645196,0.14090177133655393,0.1878690284487386,,0.020128824476650563,
108,1.7713365539452497,2.4892646269457863,18.14278046162104,4.528985507246377,6.273483628556092,54.139828234031135,7.85024154589372,3.046162104133119,0.0067096081588835215,1.2949543746645196,0.2549651100375738,0.18115942028985507,,0.020128824476650563,
109,1.8518518518518519,2.4892646269457863,18.129361245303276,4.555823939881911,6.273483628556092,54.01905528717123,7.9039184111647875,3.0059044551798175,0.0067096081588835215,1.3083735909822867,0.2549651100375738,0.18115942028985507,,0.020128824476650563,
110,1.8384326355340848,2.4825550187869028,18.02871712292002,4.334406870638754,6.407675791733762,54.549114331723025,7.447665056360709,2.9790660225442833,0.0067096081588835215,1.3553408480944713,0.36902844873859364,0.18115942028985507,,0.020128824476650563,
111,1.8317230273752012,2.475845410628019,17.907944176060116,4.367954911433173,6.320450885668277,54.2740203972088,7.561728395061729,3.066290928609769,0.0067096081588835215,1.6170155662909287,0.36902844873859364,0.18115942028985507,,0.020128824476650563,
112,1.8317230273752012,2.395330112721417,17.659688674181428,4.622920021470746,6.561996779388084,53.596349973161566,8.105206655931294,3.0394524959742353,0.0067096081588835215,1.6103059581320451,0.36902844873859364,0.18115942028985507,,0.020128824476650563,
113,1.328502415458937,2.0531400966183573,19.85373054213634,3.7238325281803544,6.233225979602791,55.04562533548041,7.595276435856146,2.147074610842727,0.0067096081588835215,1.482823403113258,0.32877079978529256,0.18115942028985507,,0.020128824476650563,
114,1.328502415458937,2.0531400966183573,19.672571121846484,4.052603327965647,6.099033816425121,54.59608158883521,7.830112721417069,2.147074610842727,0.0067096081588835215,1.778046162104133,0.23483628556092323,0.18115942028985507,,0.020128824476650563,
115,1.3888888888888888,2.0531400966183573,19.343800322061192,4.139828234031133,6.078904991948471,53.93183038110574,8.004562533548041,2.576489533011272,0.0067096081588835215,2.0397208803005906,0.23483628556092323,0.18115942028985507,,0.020128824476650563,
116,1.42914653784219,2.0531400966183573,19.32367149758454,4.126409017713366,6.078904991948471,53.743961352657,8.145464304884594,2.576489533011272,0.0067096081588835215,2.0799785292538915,0.23483628556092323,0.18115942028985507,,0.020128824476650563,
117,1.328502415458937,2.033011272141707,18.968062265163713,3.5829307568438002,6.038647342995169,55.401234567901234,7.595276435856146,2.576489533011272,0.0067096081588835215,2.0531400966183573,0.23483628556092323,0.18115942028985507,,,
118,1.0332796564680622,1.9659151905528718,13.593666129898015,2.9924852388620504,3.535963499731616,65.18384326355341,6.816961889425658,2.408749329039184,,2.0531400966183573,0.23483628556092323,0.18115942028985507,,,
119,1.0466988727858293,1.9457863660762211,13.439345142243694,3.0394524959742353,3.535963499731616,64.49946323134729,7.608695652173913,2.4020397208803006,,2.0665593129361244,0.23483628556092323,0.18115942028985507,,,
120,1.06682769726248,1.9189479334406871,9.440418679549115,7.078636607622115,3.3011272141706924,65.47906602254429,7.340311325818572,2.4020397208803006,,1.583467525496511,0.23483628556092323,0.15432098765432098,,,
121,0.8789586688137413,1.261406333870102,7.588566827697263,6.092324208266238,2.791196994095545,72.38996242619432,6.4412238325281805,1.1272141706924315,,1.1406333870101986,0.13419216317767044,0.15432098765432098,,,
122,0.9594739667203436,1.261406333870102,7.568438003220612,6.213097155126141,2.791196994095545,71.8263553408481,6.776704240472356,1.247987117552335,0.0067096081588835215,1.0601180891035964,0.13419216317767044,0.15432098765432098,,,
123,1.0064412238325282,1.261406333870102,7.568438003220612,6.253354804079442,2.85829307568438,71.20236178207193,7.219538378958669,1.2815351583467525,0.0067096081588835215,1.0534084809447128,0.13419216317767044,0.15432098765432098,,,
124,1.107085346215781,1.261406333870102,7.568438003220612,6.273483628556092,2.85829307568438,70.06172839506173,8.239398819108963,1.2815351583467525,0.0067096081588835215,1.0534084809447128,0.13419216317767044,0.15432098765432098,,,
125,1.1473429951690821,1.261406333870102,7.568438003220612,6.421095008051529,2.85829307568438,69.4243156199678,8.588298443370908,1.2815351583467525,0.04696725711218465,1.1137949543746646,0.13419216317767044,0.15432098765432098,,,
126,1.1473429951690821,1.261406333870102,7.568438003220612,6.461352657004831,2.8515834675254963,69.12238325281804,8.883521202361782,1.2815351583467525,0.04696725711218465,1.1137949543746646,0.12077294685990338,0.14090177133655393,,,
127,1.2144390767579174,1.261406333870102,7.320182501341922,6.5485775630703165,2.8515834675254963,68.78019323671498,9.091519055287172,1.2815351583467525,0.07380568974771873,1.3150831991411702,0.12077294685990338,0.14090177133655393,,,
128,1.2010198604401503,1.2546967257112185,7.27992485238862,7.1725711218464845,2.8381642512077296,67.7536231884058,9.54777241009125,1.2949543746645196,0.08051529790660225,1.3150831991411702,0.12077294685990338,0.14090177133655393,,,
129,0.9594739667203436,0.8387010198604401,4.690016103059581,7.440955448201825,1.6438539989264627,73.92646269457863,8.011272141706923,1.1137949543746646,0.08051529790660225,1.1473429951690821,0.020128824476650563,0.1274825550187869,,,
130,1.0265700483091786,0.8387010198604401,4.690016103059581,7.481213097155126,1.7310789049919484,73.77214170692432,8.011272141706923,1.1137949543746646,0.08051529790660225,1.107085346215781,0.020128824476650563,0.1274825550187869,,,
131,1.0534084809447128,0.8387010198604401,4.683306494900698,7.682501341921632,1.7444981213097155,72.87305421363392,8.675523349436393,1.1137949543746646,0.08051529790660225,1.107085346215781,0.020128824476650563,0.1274825550187869,,,
132,1.0332796564680622,0.8387010198604401,4.663177670424047,7.856951154052603,1.8518518518518519,72.39667203435319,9.017713365539452,1.0064412238325282,0.08051529790660225,1.107085346215781,0.020128824476650563,0.1274825550187869,,,
133,1.0534084809447128,0.8387010198604401,4.64975845410628,7.897208803005904,1.8518518518518519,72.04777241009126,9.272678475577026,1.0399892646269457,0.08051529790660225,1.1205045625335481,0.020128824476650563,0.1274825550187869,,,
134,1.0869565217391304,0.8387010198604401,4.562533548040794,7.897208803005904,1.8451422436929683,68.42458400429415,9.420289855072463,4.569243156199678,0.08051529790660225,1.093666129898014,0.05367686527106817,0.1274825550187869,,,
135,1.1205045625335481,0.8387010198604401,4.51556629092861,8.413848631239935,1.8317230273752012,67.94820182501341,9.460547504025765,4.51556629092861,0.08051529790660225,1.093666129898014,0.05367686527106817,0.1274825550187869,,,
136,1.1674718196457328,0.8387010198604401,4.4820182501341925,8.55475040257649,1.8317230273752012,67.72678475577027,9.64170692431562,4.40150295222759,0.08051529790660225,1.093666129898014,0.05367686527106817,0.1274825550187869,,,
137,1.1741814278046163,0.8387010198604401,4.4820182501341925,8.454106280193237,1.8317230273752012,66.96188942565755,10.34621578099839,4.374664519592056,0.0939345142243693,1.2412775093934514,0.07380568974771873,0.1274825550187869,,,
138,1.2412775093934514,0.8185721953837896,4.4820182501341925,8.55475040257649,1.9122383252818036,66.72705314009661,10.50053676865271,4.253891572732153,0.0939345142243693,1.2144390767579174,0.07380568974771873,0.1274825550187869,,,
139,1.2010198604401503,0.8185721953837896,4.146537842190016,8.641975308641975,1.9122383252818036,68.17632850241546,9.500805152979066,4.26731078904992,0.08051529790660225,1.0534084809447128,0.07380568974771873,0.1274825550187869,,,
140,1.2546967257112185,0.8185721953837896,4.133118625872249,8.675523349436393,1.9256575415995705,67.42485238862051,10.178475577026301,4.26731078904992,0.08051529790660225,1.0399892646269457,0.07380568974771873,0.1274825550187869,,,
141,1.288244766505636,0.8185721953837896,4.133118625872249,8.836553945249598,1.9256575415995705,66.92163177670425,10.487117552334944,4.26731078904992,0.08051529790660225,1.0399892646269457,0.07380568974771873,0.1274825550187869,,,
142,1.328502415458937,0.8185721953837896,4.066022544283414,8.702361782071927,1.9256575415995705,66.62640901771337,10.674986580783683,4.3478260869565215,0.2281266774020397,1.0802469135802468,0.07380568974771873,0.1274825550187869,,,
143,1.3553408480944713,0.8185721953837896,4.066022544283414,8.964036500268385,1.9256575415995705,66.4922168545357,10.527375201288244,4.3478260869565215,0.2281266774020397,1.0802469135802468,0.07380568974771873,0.12077294685990338,,,
144,1.3352120236178207,0.8185721953837896,4.066022544283414,8.883521202361782,2.7643585614600106,65.17713365539453,11.124530327428879,4.30756843800322,0.2147074610842727,1.0802469135802468,0.11406333870101985,0.11406333870101985,,,
145,1.3620504562533549,0.8185721953837896,4.066022544283414,8.917069243156199,2.7643585614600106,65.0228126677402,11.211755233494364,4.206924315619967,0.2147074610842727,1.0802469135802468,0.2214170692431562,0.11406333870101985,,,
146,1.4224369296833066,0.8185721953837896,4.066022544283414,9.017713365539452,2.7643585614600106,64.31159420289855,11.714975845410628,4.180085882984434,0.1878690284487386,1.1540526033279657,0.24825550187869028,0.11406333870101985,,,
147,1.4962426194310252,0.8185721953837896,4.025764895330113,9.178743961352657,2.757648953301127,64.01637144390767,11.782071926999464,4.180085882984434,0.1878690284487386,1.1943102522812667,0.24825550187869028,0.11406333870101985,,,
148,1.5029522275899088,0.8185721953837896,3.965378421900161,9.41358024691358,2.757648953301127,63.53327965646806,12.097423510466989,4.045893719806763,0.1878690284487386,1.2278582930756843,0.33548040794417605,0.11406333870101985,,,
149,1.5163714439076759,0.8185721953837896,3.965378421900161,9.447128287707997,2.7844873859366612,63.0300590445518,12.526838432635534,4.045893719806763,0.1878690284487386,1.2278582930756843,0.33548040794417605,0.11406333870101985,,,
150,1.6035963499731616,0.7716049382716049,3.965378421900161,9.433709071390231,2.8784219001610305,62.65432098765432,12.76838432635534,4.032474503488996,0.1878690284487386,1.2278582930756843,0.36231884057971014,0.11406333870101985,,,
151,1.6371443907675791,0.7246376811594203,6.394256575415996,9.567901234567902,2.898550724637681,60.45356951154053,12.385936661298981,4.032474503488996,0.1878690284487386,1.2412775093934514,0.36231884057971014,0.11406333870101985,,,
152,1.482823403113258,0.7246376811594203,5.669618894256575,9.574610842726784,2.932098765432099,54.730273752012884,10.93666129898014,12.037037037037036,0.1878690284487386,1.1607622114868492,0.4227053140096618,0.14090177133655393,,,
153,1.4895330112721417,0.7246376811594203,5.622651637144391,9.883252818035427,2.9253891572732154,54.04589371980676,11.52710681696189,11.77536231884058,0.2147074610842727,1.2278582930756843,0.4227053140096618,0.14090177133655393,,,
154,1.5297906602254427,0.7246376811594203,5.542136339237788,9.702093397745571,2.918679549114332,53.837895866881375,11.58749329039184,11.788781535158346,0.2147074610842727,1.3083735909822867,0.5904455179817498,0.2549651100375738,,,
155,1.5767579173376274,0.7045088566827697,5.542136339237788,9.762479871175524,2.918679549114332,53.616478797638216,11.714975845410628,11.735104669887278,0.2147074610842727,1.3083735909822867,0.6508319914117016,0.2549651100375738,,,
156,1.596886741814278,0.7045088566827697,5.508588298443371,10.198604401502953,2.885131508319914,53.04616210413312,11.896135265700483,11.533816425120772,0.2147074610842727,1.402308105206656,0.7447665056360708,0.2683843263553409,,,
157,1.6841116478797638,0.7045088566827697,5.46833064949007,10.124798711755233,2.985775630703167,52.79119699409554,12.050456253354804,11.533816425120772,0.24154589371980675,1.402308105206656,0.7447665056360708,0.2683843263553409,,,
158,1.7176596886741815,0.7045088566827697,5.46833064949007,10.144927536231885,2.985775630703167,52.59661835748792,12.104133118625873,11.594202898550725,0.24154589371980675,1.42914653784219,0.7447665056360708,0.2683843263553409,,,
159,1.7176596886741815,0.7045088566827697,5.46833064949007,10.218733225979603,2.999194847020934,52.49597423510467,12.117552334943639,11.553945249597424,0.24154589371980675,1.42914653784219,0.785024154589372,0.2683843263553409,,,
160,1.7176596886741815,0.7045088566827697,5.46833064949007,10.245571658615138,4.85775630703167,50.99302200751476,11.782071926999464,11.54723564143854,0.24154589371980675,1.3821792807300053,0.7648953301127214,0.2952227589908749,,,
161,1.8115942028985508,0.7045088566827697,5.4549114331723025,10.36634460547504,4.830917874396135,50.78502415458937,11.869296833064949,11.520397208803006,0.24154589371980675,1.3620504562533549,0.7648953301127214,0.2885131508319914,,,
162,1.8384326355340848,0.7045088566827697,5.401234567901234,10.46027911969941,4.851046698872786,50.348899624261946,12.171229200214707,11.480139559849706,0.2281266774020397,1.482823403113258,0.7447665056360708,0.2885131508319914,,,
163,1.8988191089640365,0.7045088566827697,5.508588298443371,10.38647342995169,4.750402576489533,49.543746645195924,12.701288244766506,11.493558776167472,0.20128824476650564,1.6170155662909287,0.9057971014492754,0.2885131508319914,,,
164,1.9189479334406871,0.7045088566827697,5.508588298443371,10.540794417606012,4.723564143853999,49.2686527106817,12.627482555018787,11.580783682232958,0.20128824476650564,1.6639828234031133,0.9460547504025765,0.3153515834675255,,,
165,1.9524959742351047,0.7045088566827697,5.508588298443371,10.607890499194847,4.804079441760601,49.15458937198068,12.614063338701019,11.480139559849706,0.20128824476650564,1.6841116478797638,0.9728931830381106,0.3153515834675255,,,
166,2.046430488459474,0.6977992485238862,5.495169082125604,10.903113258185721,4.636339237788513,48.83252818035427,12.754965110037574,11.486849168008588,0.20128824476650564,1.6572732152442298,0.9728931830381106,0.3153515834675255,,,
167,2.0665593129361244,0.6977992485238862,5.387815351583468,11.2788513150832,4.575952764358561,48.148148148148145,13.083735909822867,11.399624261943103,0.20128824476650564,1.7981749865807837,1.0466988727858293,0.3153515834675255,,,
168,2.059849704777241,0.6977992485238862,5.387815351583468,11.41304347826087,4.575952764358561,47.43022007514761,13.687600644122384,11.386205045625335,0.20128824476650564,1.7981749865807837,1.0466988727858293,0.3153515834675255,,,
169,2.0665593129361244,0.6977992485238862,5.360976918947934,11.446591519055287,4.3545356951154055,46.947128287708,13.258185721953838,12.526838432635534,0.20128824476650564,1.778046162104133,1.0466988727858293,0.3153515834675255,,,
170,2.187332259796028,0.6977992485238862,5.314009661835748,11.406333870101985,4.64975845410628,46.55126140633387,13.231347289318304,12.526838432635534,0.20128824476650564,1.8518518518518519,1.0466988727858293,0.3153515834675255,,0.020128824476650563,
171,1.710950080515298,0.2281266774020397,23.07434245840043,9.091519055287172,3.7640901771336552,36.69484702093398,10.238862050456254,12.02361782071927,0.19457863660762212,1.7847557702630166,0.9393451422436929,0.2549651100375738,,,
172,1.724369296833065,0.2281266774020397,22.852925389157274,9.192163177670425,4.146537842190016,36.3996242619431,10.238862050456254,11.929683306494901,0.19457863660762212,1.8048845947396672,1.0332796564680622,0.2549651100375738,,,
173,1.7847557702630166,0.2281266774020397,22.832796564680624,9.333064949006978,4.2203435319377345,36.25872249060655,10.23215244229737,11.829039184111648,0.19457863660762212,1.7444981213097155,1.0869565217391304,0.2549651100375738,,,
174,1.8250134192163177,0.2281266774020397,22.82608695652174,9.742351046698873,4.280730005367687,35.668276972624795,10.319377348362856,11.829039184111648,0.19457863660762212,1.7444981213097155,1.0869565217391304,0.2549651100375738,,,
175,1.7981749865807837,0.2281266774020397,22.745571658615138,9.876543209876543,4.3545356951154055,35.46027911969941,10.21202361782072,11.956521739130435,0.2214170692431562,1.7981749865807837,1.0869565217391304,0.2549651100375738,,0.0067096081588835215,
176,1.7713365539452497,0.2281266774020397,22.188674181427803,8.07836822329576,3.3279656468062266,39.45920558239399,9.75577026301664,11.936392914653783,0.0067096081588835215,2.187332259796028,0.8588298443370908,0.19457863660762212,,0.0067096081588835215,
177,1.7713365539452497,0.2281266774020397,22.128287707997853,8.340042941492216,3.1199677938808374,39.29817498658078,9.856414385399892,11.902844873859367,0.0067096081588835215,2.2611379495437465,0.8856682769726248,0.19457863660762212,,0.0067096081588835215,
178,1.778046162104133,0.2281266774020397,22.074610842726784,8.641975308641975,3.1333870101986045,38.94927536231884,9.883252818035427,11.902844873859367,0.0067096081588835215,2.314814814814815,0.8856682769726248,0.19457863660762212,,0.0067096081588835215,
