,45,50,55,51,52,53,54,56
0,97.91331186258722,2.086688137412775,,,,,,
1,97.55099302200752,2.4490069779924855,,,,,,
2,97.55099302200752,2.4490069779924855,,,,,,
3,77.18733225979602,22.81266774020397,,,,,,
4,77.2007514761138,22.134997316156735,0.6642512077294686,,,,,
5,73.74530327428879,24.08749329039184,0.6642512077294686,0.17444981213097155,1.328502415458937,,,
6,72.89318303811058,23.027375201288244,0.6642512077294686,0.17444981213097155,3.240740740740741,,,
7,72.11486849168008,23.805689747718734,0.6642512077294686,0.17444981213097155,3.240740740740741,,,
8,70.70585077831454,25.214707461084274,0.6642512077294686,0.17444981213097155,3.240740740740741,,,
9,68.605743424584,26.684111647879764,1.2949543746645196,0.17444981213097155,3.240740740740741,,,
10,68.605743424584,26.684111647879764,1.2949543746645196,0.17444981213097155,3.240740740740741,,,
11,68.45813204508856,26.858561460010737,1.2681159420289856,0.17444981213097155,3.240740740740741,,,
12,68.45813204508856,26.778046162104133,1.2681159420289856,0.17444981213097155,3.227321524422974,0.0939345142243693,,
13,68.17632850241546,27.120236178207193,1.2412775093934514,0.17444981213097155,3.193773483628556,0.0939345142243693,,
14,68.25013419216317,27.046430488459475,1.2412775093934514,0.17444981213097155,3.193773483628556,0.0939345142243693,,
15,68.27697262479872,26.724369296833064,1.5365002683843263,0.17444981213097155,3.193773483628556,0.0939345142243693,,
16,66.25738056897477,28.415190552871714,1.5365002683843263,0.5032206119162641,3.193773483628556,0.0939345142243693,,
17,66.29763821792807,28.37493290391841,1.5365002683843263,0.5032206119162641,3.193773483628556,0.0939345142243693,,
18,66.35802469135803,28.327965646806227,1.5365002683843263,0.5032206119162641,3.180354267310789,0.0939345142243693,,
19,64.72088030059045,28.079710144927535,3.421900161030596,0.5032206119162641,3.180354267310789,0.0939345142243693,,
20,61.08427267847558,31.716317767042405,3.421900161030596,0.5032206119162641,3.180354267310789,0.0939345142243693,,
21,61.09769189479334,31.260064412238325,3.864734299516908,0.5032206119162641,3.180354267310789,0.0939345142243693,,
22,61.13794954374664,31.233225979602793,3.864734299516908,0.5032206119162641,3.166935050993022,0.0939345142243693,,
23,61.178207192699944,31.233225979602793,3.851315083199141,0.47638217928073,3.166935050993022,0.0939345142243693,,
24,49.29549114331723,43.11594202898551,3.851315083199141,0.47638217928073,3.166935050993022,0.0939345142243693,,
25,49.362587224906065,43.062265163714436,3.851315083199141,0.47638217928073,3.1535158346752548,0.0939345142243693,,
26,48.83923778851315,43.625872249060656,3.851315083199141,0.43612453032742887,3.1535158346752548,0.0939345142243693,,
27,48.28234031132582,42.88781535158347,4.804079441760601,0.7783145464304885,3.1535158346752548,0.0939345142243693,,
28,48.28234031132582,42.88781535158347,4.804079441760601,0.7783145464304885,3.1535158346752548,0.0939345142243693,,
29,45.45759527643585,43.43800322061192,4.9718196457326895,2.885131508319914,3.1535158346752548,0.0939345142243693,,
30,45.03488996242619,41.626409017713364,4.904723564143854,1.9659151905528718,4.824208266237251,1.6438539989264627,,
31,45.03488996242619,41.626409017713364,4.904723564143854,1.9659151905528718,4.824208266237251,1.6438539989264627,,
32,44.39076757917338,40.552871712292,4.904723564143854,3.683574879227053,4.824208266237251,1.6438539989264627,,
33,42.58588298443371,38.61379495437466,3.9452495974235107,3.683574879227053,8.910359634997317,2.2611379495437465,,
34,42.35775630703167,35.13150831991412,2.945517981749866,3.683574879227053,12.130971551261407,3.750670960815888,,
35,42.914653784219,34.95034889962426,2.945517981749866,3.683574879227053,11.75523349436393,3.750670960815888,,
36,41.0024154589372,36.882716049382715,2.9388083735909825,3.6768652710681695,11.75523349436393,3.743961352657005,,
37,40.61325818572195,36.35265700483092,2.9253891572732154,3.6634460547504024,13.466183574879228,2.9790660225442833,,
38,40.693773483628554,36.312399355877616,2.9253891572732154,3.6634460547504024,13.425925925925926,2.9790660225442833,,
39,38.801663982823406,36.65458937198068,2.9253891572732154,4.361245303274289,14.278046162104133,2.9790660225442833,,
40,37.11084272678475,37.74154589371981,3.1199677938808374,4.361245303274289,14.694041867954912,2.9723564143853998,,
41,37.19135802469136,37.043746645195924,2.7844873859366612,4.361245303274289,15.646806226516372,2.9723564143853998,,
42,35.08454106280193,39.170692431561996,2.7844873859366612,4.361245303274289,15.626677402039721,2.9723564143853998,,
43,34.574610842726784,39.60010735373054,2.7844873859366612,4.280730005367687,15.626677402039721,2.2879763821792807,0.8454106280193237,
44,33.964036500268385,39.754428341384866,2.7844873859366612,4.750402576489533,15.613258185721953,2.2879763821792807,0.8454106280193237,
45,34.0378421900161,39.44578636607622,3.0193236714975846,4.750402576489533,15.613258185721953,2.2879763821792807,0.8454106280193237,
46,30.730005367686527,41.76731078904992,3.0193236714975846,4.723564143853999,16.626409017713364,2.2879763821792807,0.8454106280193237,
47,30.790391841116477,41.136607622114866,3.0059044551798175,5.307300053676865,16.626409017713364,2.2879763821792807,0.8454106280193237,
48,30.743424584004295,40.45222758990875,2.1940418679549114,5.307300053676865,16.6129898013956,3.844605475040258,0.8454106280193237,
49,30.703166935050994,40.425389157273216,2.1940418679549114,5.307300053676865,16.680085882984432,3.844605475040258,0.8454106280193237,
50,30.615942028985508,40.27106816961889,2.1940418679549114,5.307300053676865,16.921631776704242,3.844605475040258,0.8454106280193237,
51,30.723295759527645,39.80810520665593,2.1940418679549114,5.226784755770263,16.867954911433173,4.334406870638754,0.8454106280193237,
52,30.857487922705314,39.69404186795491,2.1940418679549114,5.226784755770263,16.847826086956523,4.334406870638754,0.8454106280193237,
53,31.233225979602793,38.96269457863661,2.1940418679549114,5.736714975845411,16.70692431561997,4.327697262479871,0.8387010198604401,
54,29.24718196457327,40.94873859366613,2.3550724637681157,5.736714975845411,16.545893719806763,4.327697262479871,0.8387010198604401,
55,27.91867954911433,40.5126140633387,2.3550724637681157,8.11862587224906,15.995705850778315,4.274020397208803,0.8252818035426731,
56,27.95222758990875,40.49919484702093,2.3550724637681157,8.105206655931294,15.98899624261943,4.274020397208803,0.8252818035426731,
57,28.026033279656467,40.45893719806763,2.3550724637681157,8.105206655931294,15.96886741814278,4.260601180891036,0.8252818035426731,
58,28.166935050993022,40.344873859366615,2.3550724637681157,8.07836822329576,15.96886741814278,4.260601180891036,0.8252818035426731,
59,28.22061191626409,40.29790660225443,2.3550724637681157,8.071658615136876,15.96886741814278,4.260601180891036,0.8252818035426731,
60,28.401771336553946,40.22410091250671,2.3550724637681157,8.044820182501342,15.888352120236178,4.260601180891036,0.8252818035426731,
61,28.119967793880836,39.84836285560923,2.38191089640365,8.031400966183575,16.928341384863124,3.864734299516908,0.8252818035426731,
62,28.187063875469672,39.52630166398282,2.38191089640365,8.454106280193237,16.760601180891037,3.864734299516908,0.8252818035426731,
63,28.35480407944176,39.398819108964034,2.38191089640365,8.454106280193237,16.720343531937736,3.864734299516908,0.8252818035426731,
64,28.23403113258186,38.08373590982286,2.38191089640365,8.447396672034353,18.16290928609769,3.864734299516908,0.8252818035426731,
65,28.33467525496511,36.74852388620504,2.2410091250670963,8.387010198604402,20.303274288781534,3.7909286097691894,0.19457863660762212,
66,27.556360708534623,38.097155126140635,2.2410091250670963,8.360171765968868,19.766505636070853,3.784219001610306,0.19457863660762212,
67,27.771068169618893,37.815351583467525,2.4557165861513686,8.340042941492216,19.679280730005367,3.743961352657005,0.19457863660762212,
68,27.388620504562535,35.85614600107354,2.442297369833602,10.735373054213634,19.639023081052066,3.743961352657005,0.19457863660762212,
69,27.502683843263554,35.809178743961354,2.442297369833602,10.681696188942565,19.6256038647343,3.743961352657005,0.19457863660762212,
70,27.583199141170155,35.74208266237252,2.442297369833602,10.674986580783683,19.618894256575416,3.743961352657005,0.19457863660762212,
71,27.985775630703166,35.69511540526033,2.442297369833602,10.34621578099839,19.592055823939884,3.743961352657005,0.19457863660762212,
72,27.81803542673108,34.68867418142781,2.442297369833602,11.79549114331723,19.753086419753085,3.33467525496511,0.16774020397208803,
73,27.79790660225443,33.95061728395062,2.3752012882447664,11.79549114331723,18.337359098228664,3.33467525496511,2.408749329039184,
74,27.509393451422437,33.85668276972625,2.3752012882447664,14.9020397208803,15.626677402039721,3.33467525496511,2.395330112721417,
75,27.992485238862052,33.62855609232421,2.3752012882447664,14.9020397208803,15.371712292002147,3.33467525496511,2.395330112721417,
76,27.791196994095547,32.32018250134192,2.2745571658615136,14.895330112721417,14.774557165861514,5.548845947396672,2.395330112721417,
77,27.89855072463768,32.2866344605475,2.2745571658615136,14.855072463768115,14.741009125067096,5.548845947396672,2.395330112721417,
78,28.052871712292003,32.25979602791197,2.2745571658615136,14.814814814814815,14.680622651637144,5.522007514761138,2.395330112721417,
79,28.227321524422972,32.19269994632314,2.2745571658615136,14.78797638217928,14.61352657004831,5.522007514761138,2.38191089640365,
80,28.27428878153516,31.367418142780462,2.2745571658615136,14.754428341384862,14.61352657004831,5.508588298443371,3.207192699946323,
81,26.798174986580783,32.94417606011809,2.2745571658615136,14.741009125067096,14.533011272141707,5.501878690284487,3.207192699946323,
82,27.066559312936125,32.94417606011809,2.254428341384863,14.727589908749328,14.298174986580785,5.501878690284487,3.207192699946323,
83,27.160493827160494,32.88378958668814,2.254428341384863,14.727589908749328,14.264626945786366,5.501878690284487,3.207192699946323,
84,27.126945786366075,32.10547504025765,2.254428341384863,14.700751476113794,13.647342995169081,6.253354804079442,3.911701556629093,
85,27.395330112721417,32.058507783145465,2.254428341384863,14.61352657004831,13.539989264626946,6.226516371443908,3.911701556629093,
86,27.34836285560923,30.20665593129361,2.254428341384863,16.21712292002147,12.895866881374127,7.192699946323135,3.8848631239935587,
87,27.449006977992486,30.12614063338701,2.2342995169082127,16.21712292002147,12.895866881374127,7.192699946323135,3.8848631239935587,
88,27.576489533011273,29.817498658078367,2.2342995169082127,15.767579173376275,12.573805689747719,8.145464304884594,3.8848631239935587,
89,27.576489533011273,29.817498658078367,2.2342995169082127,15.767579173376275,12.573805689747719,8.145464304884594,3.8848631239935587,
90,27.26113794954375,29.05931293612453,2.2342995169082127,16.854535695115406,12.573805689747719,8.132045088566828,3.8848631239935587,
91,27.361782071927,28.965378421900162,2.2342995169082127,16.854535695115406,12.567096081588835,8.132045088566828,3.8848631239935587,
92,27.36849168008588,28.965378421900162,2.2342995169082127,16.847826086956523,12.567096081588835,8.132045088566828,3.8848631239935587,
93,27.147074610842726,28.938539989264626,2.2342995169082127,15.237520128824476,14.42565754159957,8.132045088566828,3.8848631239935587,
94,27.529522275899087,28.59634997316157,2.2342995169082127,15.197262479871176,14.42565754159957,8.132045088566828,3.8848631239935587,
95,27.596618357487923,28.522544283413847,2.2342995169082127,15.11003757380569,14.546430488459475,8.132045088566828,3.8580246913580245,
96,27.20746108427268,27.791196994095547,2.1940418679549114,14.432367149758454,16.076221148684915,8.132045088566828,4.166666666666667,
97,27.012882447665056,26.80488459473967,2.0665593129361244,14.714170692431562,16.344605475040257,7.1658615136876005,5.891035963499732,
98,27.180622651637144,26.73107890499195,2.0397208803005906,14.694041867954912,16.297638217928075,7.1658615136876005,5.891035963499732,
99,27.234299516908212,26.670692431561996,1.90552871712292,14.694041867954912,16.264090177133657,7.360440150295223,5.870907139023081,
100,27.355072463768117,26.56333870101986,1.90552871712292,14.694041867954912,16.264090177133657,7.360440150295223,5.857487922705314,
101,27.066559312936125,26.27482555018787,1.90552871712292,15.297906602254429,16.264090177133657,7.360440150295223,5.83064949006978,
102,27.32823403113258,26.187600644122384,1.90552871712292,15.257648953301127,16.163446054750402,7.347020933977456,5.810520665593129,
103,27.49597423510467,26.154052603327965,1.90552871712292,15.230810520665592,15.432098765432098,7.347020933977456,5.810520665593129,0.6239935587761675
104,27.509393451422437,26.154052603327965,1.90552871712292,15.217391304347826,15.432098765432098,7.347020933977456,5.810520665593129,0.6239935587761675
105,27.603327965646805,26.140633387010197,1.90552871712292,15.163714439076758,15.432098765432098,7.320182501341922,5.810520665593129,0.6239935587761675
106,27.78448738593666,26.053408480944714,2.0263016639828235,15.163714439076758,15.318035426731079,7.219538378958669,5.810520665593129,0.6239935587761675
107,27.81803542673108,26.04669887278583,2.0263016639828235,15.150295222758992,15.304616210413311,7.219538378958669,5.810520665593129,0.6239935587761675
108,27.13365539452496,26.986044015029524,2.0263016639828235,14.908749329039184,15.291196994095545,7.219538378958669,5.810520665593129,0.6239935587761675
109,26.96591519055287,25.764895330112722,1.8384326355340848,14.908749329039184,15.03623188405797,6.89747718733226,7.96430488459474,0.6239935587761675
110,26.39559849704777,27.01959205582394,1.8384326355340848,13.238056897477188,16.25067096081589,6.709608158883521,7.930756843800322,0.6172839506172839
111,26.529790660225444,27.01959205582394,1.7713365539452497,13.20450885668277,16.23054213633924,6.696188942565755,7.930756843800322,0.6172839506172839
112,26.435856146001072,26.221148684916802,1.751207729468599,13.197799248523886,16.029253891572733,8.68894256575416,7.4208266237251745,0.2549651100375738
113,26.120504562533547,25.77831454643049,1.6975308641975309,14.009661835748792,16.029253891572733,8.68894256575416,7.4208266237251745,0.2549651100375738
114,26.160762211486848,25.38244766505636,2.1135265700483092,13.976113794954374,16.015834675254965,8.68894256575416,7.407407407407407,0.2549651100375738
115,26.301663982823403,25.308641975308642,2.1135265700483092,13.976113794954374,15.982286634460548,8.68894256575416,7.37385936661299,0.2549651100375738
116,26.33521202361782,24.838969404186795,2.1135265700483092,13.976113794954374,15.955448201825014,9.151905528717123,7.37385936661299,0.2549651100375738
117,26.476113794954376,24.765163714439076,2.1135265700483092,13.935856146001074,15.92860976918948,9.151905528717123,7.37385936661299,0.2549651100375738
118,26.670692431561996,24.476650563607084,2.1135265700483092,13.922436929683306,15.53274288781535,9.41358024691358,7.615405260332796,0.2549651100375738
119,26.724369296833064,24.422973698336016,2.1135265700483092,13.875469672571121,15.49248523886205,9.500805152979066,7.615405260332796,0.2549651100375738
120,26.643853998926463,24.27536231884058,2.1135265700483092,13.58695652173913,15.438808373590982,9.655126140633387,8.031400966183575,0.2549651100375738
121,26.878690284487387,24.18142780461621,2.1135265700483092,13.560118089103597,15.405260332796564,9.655126140633387,7.950885668276973,0.2549651100375738
122,26.878690284487387,24.14117015566291,2.01959205582394,13.560118089103597,15.318035426731079,9.876543209876543,7.950885668276973,0.2549651100375738
123,26.878690284487387,24.14117015566291,2.01959205582394,13.560118089103597,15.318035426731079,9.876543209876543,7.950885668276973,0.2549651100375738
124,26.918947933440688,23.859366612989803,2.01959205582394,13.828502415458937,14.928878153515834,9.655126140633387,8.53462157809984,0.2549651100375738
125,25.11406333870102,20.967525496511005,2.006172839506173,20.41062801932367,13.788244766505636,9.151905528717123,8.3064949006978,0.2549651100375738
126,25.228126677402038,20.799785292538918,1.9592055823939882,20.041599570585078,13.633923778851315,9.802737520128824,8.279656468062266,0.2549651100375738
127,25.32206119162641,20.779656468062264,1.9592055823939882,20.034889962426195,13.627214170692431,9.802737520128824,8.219269994632313,0.2549651100375738
128,25.449543746645197,20.73268921095008,1.9592055823939882,19.961084272678477,13.620504562533547,9.802737520128824,8.219269994632313,0.2549651100375738
129,25.543478260869566,20.699141170155663,1.9592055823939882,19.92753623188406,13.593666129898015,9.802737520128824,8.219269994632313,0.2549651100375738
130,25.644122383252817,20.638754696725712,1.9592055823939882,19.887278582930758,13.593666129898015,9.802737520128824,8.219269994632313,0.2549651100375738
131,25.99302200751476,20.363660762211488,1.9592055823939882,19.81347289318304,13.593666129898015,9.802737520128824,8.219269994632313,0.2549651100375738
132,26.03327965646806,20.336822329575952,1.9592055823939882,19.81347289318304,13.593666129898015,9.802737520128824,8.205850778314547,0.2549651100375738
133,25.503220611916262,22.114868491680085,1.9592055823939882,19.719538378958667,12.473161567364466,9.802737520128824,8.172302737520129,0.2549651100375738
134,25.670960815888353,21.70558239398819,1.9592055823939882,19.699409554482017,13.278314546430488,9.333064949006978,8.09849704777241,0.2549651100375738
135,24.496779388083738,21.477455716586153,1.9592055823939882,21.35668276972625,13.023349436392914,9.333064949006978,8.09849704777241,0.2549651100375738
136,24.65780998389694,21.4573268921095,1.9592055823939882,21.256038647342994,13.009930220075148,9.306226516371444,8.09849704777241,0.2549651100375738
137,24.86580783682233,21.450617283950617,1.9592055823939882,21.202361782071925,12.895866881374127,9.292807300053678,8.07836822329576,0.2549651100375738
138,24.9194847020934,21.423778851315085,1.9592055823939882,21.202361782071925,12.895866881374127,9.265968867418144,8.07836822329576,0.2549651100375738
139,25.013419216317768,21.390230810520666,1.9592055823939882,21.14868491680086,12.889157273215245,9.265968867418144,8.07836822329576,0.2549651100375738
140,24.671229200214707,21.26274825550188,1.9592055823939882,21.00107353730542,13.976113794954374,8.796296296296296,8.07836822329576,0.2549651100375738
141,24.88593666129898,21.141975308641975,1.892109500805153,20.893719806763286,14.888620504562533,8.145464304884594,7.897208803005904,0.2549651100375738
142,24.89935587761675,21.07487922705314,1.892109500805153,20.813204508856682,14.855072463768115,8.59500805152979,7.615405260332796,0.2549651100375738
143,22.953569511540525,20.90042941492217,1.892109500805153,24.416264090177133,14.774557165861514,7.192699946323135,7.615405260332796,0.2549651100375738
144,23.181696188942567,20.853462157809982,1.8853998926462694,24.3894256575416,14.774557165861514,7.0450885668276975,7.615405260332796,0.2549651100375738
145,23.262211486849168,20.833333333333332,1.8719806763285025,24.36929683306495,14.754428341384862,7.0383789586688135,7.615405260332796,0.2549651100375738
146,23.289049919484704,20.833333333333332,1.8719806763285025,23.738593666129898,15.385131508319914,7.011540526033279,7.615405260332796,0.2549651100375738
147,23.47691894793344,20.833333333333332,1.8719806763285025,23.64465915190553,15.365002683843263,7.004830917874396,7.548309178743962,0.2549651100375738
148,23.57085346215781,20.79307568438003,1.8719806763285025,23.62453032742888,15.365002683843263,7.004830917874396,7.514761137949543,0.2549651100375738
149,22.920021470746107,20.283145464304884,1.8719806763285025,24.248523886205046,15.5126140633387,6.977992485238862,7.930756843800322,0.2549651100375738
150,20.37037037037037,34.50751476113795,0.6105743424584005,20.652173913043477,11.386205045625335,5.293880837359098,6.9243156199677935,0.2549651100375738
151,20.343531937734838,34.13177670424047,0.6105743424584005,20.618625872249062,11.929683306494901,5.186527106816962,6.9243156199677935,0.2549651100375738
152,20.42404723564144,34.05126140633387,0.6105743424584005,20.618625872249062,11.929683306494901,5.186527106816962,6.9243156199677935,0.2549651100375738
153,20.69243156199678,33.93048845947396,0.6038647342995169,20.618625872249062,11.889425657541599,5.0993022007514766,6.9243156199677935,0.24154589371980675
154,20.719269994632313,33.923778851315085,0.6038647342995169,20.598497047772412,11.889425657541599,5.0993022007514766,6.9243156199677935,0.24154589371980675
155,21.07487922705314,33.84997316156736,0.5904455179817498,20.50456253354804,12.124261943102523,4.690016103059581,6.9243156199677935,0.24154589371980675
156,21.07487922705314,33.80971551261406,0.5904455179817498,20.477724100912507,12.191358024691358,4.690016103059581,6.9243156199677935,0.24154589371980675
157,21.121846484165324,33.803005904455176,0.5904455179817498,20.45088566827697,12.177938808373591,4.690016103059581,6.9243156199677935,0.24154589371980675
158,21.26945786366076,33.49436392914654,0.785024154589372,20.417337627482556,12.177938808373591,4.690016103059581,6.9243156199677935,0.24154589371980675
159,21.370101986044016,33.45410628019324,0.785024154589372,20.37037037037037,12.177938808373591,4.690016103059581,6.910896403650026,0.24154589371980675
160,22.061191626409016,33.4272678475577,0.785024154589372,19.726247987117553,12.157809983896941,4.690016103059581,6.910896403650026,0.24154589371980675
161,22.034353193773484,32.971014492753625,0.785024154589372,20.209339774557165,12.157809983896941,4.690016103059581,6.910896403650026,0.24154589371980675
162,22.128287707997853,32.91733762748255,0.785024154589372,20.169082125603865,12.157809983896941,4.690016103059581,6.910896403650026,0.24154589371980675
163,22.148416532474503,32.91733762748255,0.785024154589372,20.148953301127214,12.157809983896941,4.690016103059581,6.910896403650026,0.24154589371980675
164,22.29602791196994,32.910628019323674,0.785024154589372,20.115405260332796,12.130971551261407,4.609500805152979,6.910896403650026,0.24154589371980675
165,22.450348899624263,32.84353193773484,0.785024154589372,20.115405260332796,12.090713902308105,4.5960815888352125,6.877348362855609,0.24154589371980675
166,22.544283413848632,32.84353193773484,0.785024154589372,20.088566827697264,12.037037037037036,4.5960815888352125,6.863929146537842,0.24154589371980675
167,11.842458400429415,54.67659688674181,0.9259259259259259,14.673913043478262,9.668545356951155,4.3545356951154055,3.616478797638218,0.24154589371980675
168,11.782071926999464,54.388083735909824,0.9259259259259259,15.022812667740205,9.668545356951155,4.3545356951154055,3.616478797638218,0.24154589371980675
169,11.862587224906065,53.09983896940419,2.1739130434782608,15.022812667740205,9.668545356951155,4.320987654320987,3.6097691894793345,0.24154589371980675
170,11.996779388083736,52.804616210413315,2.3349436392914655,15.022812667740205,9.668545356951155,4.320987654320987,3.6097691894793345,0.24154589371980675
171,12.06387546967257,52.73752012882448,2.3349436392914655,15.022812667740205,9.668545356951155,4.320987654320987,3.6097691894793345,0.24154589371980675
172,12.265163714439076,51.039989264626946,2.563070316693505,16.33118625872249,9.66183574879227,4.320987654320987,3.5762211486849167,0.24154589371980675
173,12.580515297906603,51.006441223832525,2.563070316693505,16.11647879763822,9.608158883521202,4.320987654320987,3.5628019323671496,0.24154589371980675
174,12.607353730542137,50.79173376274826,2.771068169618894,16.11647879763822,9.588030059044552,4.320987654320987,3.5628019323671496,0.24154589371980675
175,12.667740203972087,50.77831454643049,2.771068169618894,16.089640365002683,9.588030059044552,4.314278046162104,3.549382716049383,0.24154589371980675
176,12.889157273215245,50.71121846484165,2.771068169618894,15.982286634460548,9.588030059044552,4.28743961352657,3.5292538915727323,0.24154589371980675
177,12.70799785292539,50.375738056897475,2.771068169618894,15.827965646806227,10.258990874932904,4.28743961352657,3.5292538915727323,0.24154589371980675
178,12.808641975308642,50.32877079978529,2.771068169618894,15.801127214170693,10.23215244229737,4.28743961352657,3.5292538915727323,0.24154589371980675
179,12.855609232420827,49.9194847020934,2.4355877616747184,15.418679549114332,10.198604401502953,4.280730005367687,4.64975845410628,0.24154589371980675
180,13.036768652710682,49.73832528180354,2.4355877616747184,15.331454643048845,10.285829307568438,4.280730005367687,4.64975845410628,0.24154589371980675
181,13.117283950617283,49.73161567364466,2.4355877616747184,15.304616210413311,10.02415458937198,4.49543746645196,4.64975845410628,0.24154589371980675
182,12.889157273215245,49.49006977992485,2.4355877616747184,15.297906602254429,11.057434245840042,4.253891572732153,4.334406870638754,0.24154589371980675
183,13.110574342458401,47.054482018250134,4.770531400966184,15.297906602254429,11.057434245840042,4.253891572732153,4.213633923778851,0.24154589371980675
184,13.123993558776167,47.04106280193237,4.770531400966184,15.297906602254429,11.057434245840042,4.253891572732153,4.213633923778851,0.24154589371980675
185,13.291733762748256,46.93370907139023,4.7638217928073,15.257648953301127,11.057434245840042,4.240472356414386,4.213633923778851,0.24154589371980675
186,13.519860440150294,46.752549651100374,5.347557702630167,14.640365002683843,11.057434245840042,4.240472356414386,4.200214707461084,0.24154589371980675
187,13.687600644122384,46.59151905528717,5.347557702630167,14.63365539452496,11.057434245840042,4.240472356414386,4.200214707461084,0.24154589371980675
188,13.741277509393452,46.57809983896941,5.347557702630167,14.593397745571659,11.057434245840042,4.240472356414386,4.200214707461084,0.24154589371980675
189,13.902308105206655,46.3365539452496,5.347557702630167,13.754696725711218,12.016908212560386,4.200214707461084,4.200214707461084,0.24154589371980675
190,13.935856146001074,46.303005904455176,5.347557702630167,13.754696725711218,12.016908212560386,4.200214707461084,4.200214707461084,0.24154589371980675
191,13.942565754159958,46.303005904455176,5.347557702630167,13.747987117552334,12.016908212560386,4.200214707461084,4.200214707461084,0.24154589371980675
192,14.459205582393988,46.242619431025226,5.213365539452496,13.506441223832528,11.949812130971551,4.200214707461084,4.186795491143317,0.24154589371980675
193,14.51959205582394,46.182232957595275,5.213365539452496,13.506441223832528,11.949812130971551,4.200214707461084,4.186795491143317,0.24154589371980675
194,14.754428341384862,46.0077831454643,5.199946323134729,13.285024154589372,11.949812130971551,4.200214707461084,4.361245303274289,0.24154589371980675
195,14.754428341384862,46.0077831454643,5.199946323134729,13.285024154589372,11.949812130971551,4.200214707461084,4.361245303274289,0.24154589371980675
196,15.009393451422437,45.94739667203435,5.193236714975845,13.20450885668277,11.842458400429415,4.200214707461084,4.361245303274289,0.24154589371980675
197,14.855072463768115,45.40391841116479,5.434782608695652,14.197530864197532,11.466720343531938,4.03918411164788,4.361245303274289,0.24154589371980675
198,14.955716586151368,43.84728931830381,6.977992485238862,14.184111647879764,11.392914653784219,4.03918411164788,4.361245303274289,0.24154589371980675
199,15.042941492216855,43.82045088566828,6.957863660762212,14.143853998926463,11.392914653784219,4.03918411164788,4.361245303274289,0.24154589371980675
200,15.257648953301127,43.69296833064949,6.9310252281266775,14.11701556629093,11.3593666129898,4.03918411164788,4.361245303274289,0.24154589371980675
201,15.271068169618895,43.65271068169619,6.9310252281266775,14.11701556629093,11.11111111111111,4.314278046162104,4.361245303274289,0.24154589371980675
202,15.405260332796564,43.303811057434245,6.9310252281266775,14.351851851851851,11.366076221148685,4.03918411164788,4.361245303274289,0.24154589371980675
203,15.546162104133119,41.47208803005905,7.206119162640902,14.231078904991948,11.366076221148685,4.03918411164788,5.897745571658615,0.24154589371980675
204,15.58641975308642,41.52576489533011,7.192699946323135,14.231078904991948,11.285560923242082,4.03918411164788,5.897745571658615,0.24154589371980675
205,15.734031132581856,40.96886741814278,7.588566827697263,14.163982823403114,11.41304347826087,3.992216854535695,5.897745571658615,0.24154589371980675
206,15.841384863123993,40.89506172839506,7.675791733762749,14.04320987654321,11.41304347826087,3.992216854535695,5.897745571658615,0.24154589371980675
207,16.25738056897477,40.61996779388084,7.615405260332796,14.029790660225443,11.3191089640365,3.992216854535695,5.924584004294149,0.24154589371980675
208,16.411701556629094,40.54616210413312,7.615405260332796,13.94927536231884,11.3191089640365,3.992216854535695,5.924584004294149,0.24154589371980675
209,16.6129898013956,40.5126140633387,7.601986044015029,13.915727321524423,11.3191089640365,3.992216854535695,5.803811057434245,0.24154589371980675
210,16.6129898013956,39.79468599033817,7.991143317230274,15.08990874932904,10.661567364465915,3.8043478260869565,5.803811057434245,0.24154589371980675
211,16.847826086956523,39.72758990874933,7.991143317230274,15.042941492216855,10.567632850241546,3.8043478260869565,5.776972624798712,0.24154589371980675
212,16.928341384863124,39.680622651637144,7.991143317230274,15.01610305958132,10.567632850241546,3.8043478260869565,5.770263016639828,0.24154589371980675
213,17.01556629092861,39.680622651637144,7.991143317230274,14.794685990338165,10.567632850241546,4.025764895330113,5.683038110574342,0.24154589371980675
214,17.196725711218466,39.56655931293612,7.991143317230274,14.727589908749328,10.567632850241546,4.025764895330113,5.683038110574342,0.24154589371980675
215,17.45169082125604,39.452495974235106,7.96430488459474,14.707461084272678,10.540794417606012,4.025764895330113,5.615942028985507,0.24154589371980675
216,17.814009661835748,39.35856146001073,7.803274288781535,14.600107353730541,10.540794417606012,4.025764895330113,5.615942028985507,0.24154589371980675
217,17.887815351583466,39.29817498658078,7.803274288781535,14.600107353730541,10.527375201288244,4.025764895330113,5.615942028985507,0.24154589371980675
218,17.901234567901234,39.27133655394525,7.803274288781535,14.546430488459475,10.815888352120236,3.9519592055823938,5.46833064949007,0.24154589371980675
219,17.94820182501342,39.170692431561996,7.7831454643048845,14.687332259796028,10.755501878690284,3.9452495974235107,5.46833064949007,0.24154589371980675
220,17.2638217928073,38.71443907675792,7.702630166398282,13.81508319914117,11.124530327428879,3.911701556629093,7.226247987117552,0.24154589371980675
221,17.277241009125067,38.71443907675792,7.689210950080516,13.81508319914117,11.124530327428879,3.911701556629093,7.226247987117552,0.24154589371980675
222,17.424852388620504,38.62050456253355,7.689210950080516,13.788244766505636,11.097691894793345,3.911701556629093,7.226247987117552,0.24154589371980675
223,17.47181964573269,38.60708534621578,7.689210950080516,13.768115942028986,11.084272678475577,3.911701556629093,7.226247987117552,0.24154589371980675
224,17.498658078368223,38.1508319914117,7.226247987117552,13.526570048309178,11.560654857756306,4.7101449275362315,7.085346215780999,0.24154589371980675
225,17.921363392377884,37.2987117552335,7.6556629092860975,13.526570048309178,11.560654857756306,4.7101449275362315,7.085346215780999,0.24154589371980675
226,17.94820182501342,37.2987117552335,7.6556629092860975,13.526570048309178,11.533816425120772,4.7101449275362315,7.085346215780999,0.24154589371980675
227,18.02200751476114,37.27858293075684,7.6556629092860975,13.519860440150294,11.486849168008588,4.7101449275362315,7.085346215780999,0.24154589371980675
228,18.075684380032207,37.27858293075684,7.6556629092860975,13.499731615673644,11.453301127214171,4.7101449275362315,7.085346215780999,0.24154589371980675
229,18.23671497584541,37.17122920021471,7.6556629092860975,13.499731615673644,11.446591519055287,4.683306494900698,7.065217391304348,0.24154589371980675
230,18.256843800322063,37.17122920021471,7.6556629092860975,13.499731615673644,11.439881910896403,4.683306494900698,7.051798174986581,0.24154589371980675
231,18.323939881910896,37.17122920021471,7.64224369296833,13.499731615673644,11.419753086419753,4.64975845410628,7.051798174986581,0.24154589371980675
232,18.263553408480945,36.963231347289316,7.62211486849168,13.385668276972625,12.392646269457863,4.528985507246377,6.602254428341385,0.24154589371980675
233,18.451422436929683,36.91626409017714,7.615405260332796,13.271604938271604,12.372517444981213,4.528985507246377,6.602254428341385,0.24154589371980675
234,18.55877616747182,36.882716049382715,7.575147611379496,13.271604938271604,12.338969404186795,4.528985507246377,6.602254428341385,0.24154589371980675
235,18.679549114331724,36.862587224906065,7.561728395061729,13.24476650563607,12.050456253354804,4.468599033816425,6.890767579173376,0.24154589371980675
236,18.726516371443907,36.842458400429415,7.5348899624261945,13.24476650563607,12.050456253354804,4.468599033816425,6.890767579173376,0.24154589371980675
237,18.800322061191626,36.81561996779388,7.5348899624261945,13.22463768115942,12.02361782071927,4.468599033816425,6.890767579173376,0.24154589371980675
238,18.773483628556093,36.79549114331723,7.5348899624261945,13.110574342458401,12.164519592055823,4.468599033816425,6.910896403650026,0.24154589371980675
239,18.840579710144926,36.79549114331723,7.494632313472893,12.989801395598498,12.030327428878154,4.696725711218465,6.910896403650026,0.24154589371980675
240,18.98148148148148,36.7686527106817,7.481213097155126,12.922705314009661,11.996779388083736,4.696725711218465,6.910896403650026,0.24154589371980675
241,19.02173913043478,36.54723564143854,7.481213097155126,12.869028448738593,11.990069779924852,4.938271604938271,6.910896403650026,0.24154589371980675
242,19.176060118089104,36.44659151905529,7.474503488996243,12.842190016103059,11.98336017176597,4.938271604938271,6.89747718733226,0.24154589371980675
243,19.196188942565755,36.030595813204506,7.2933440687063875,12.828770799785293,11.929683306494901,4.938271604938271,7.541599570585078,0.24154589371980675
244,19.310252281266774,35.43344068706388,7.816693505099302,12.808641975308642,11.916264090177133,4.938271604938271,7.5348899624261945,0.24154589371980675
245,19.155931293612454,35.04428341384863,8.333333333333334,12.808641975308642,11.969940955448202,4.938271604938271,7.50805152979066,0.24154589371980675
246,19.236446591519055,34.92351046698873,8.333333333333334,12.808641975308642,11.943102522812667,5.971551261406334,6.541867954911433,0.24154589371980675
247,19.30354267310789,34.90338164251208,8.3064949006978,12.808641975308642,11.943102522812667,5.964841653247451,6.528448738593666,0.24154589371980675
248,19.32367149758454,34.88325281803543,8.3064949006978,12.808641975308642,11.943102522812667,5.964841653247451,6.528448738593666,0.24154589371980675
249,19.41760601180891,34.84970477724101,8.3064949006978,12.808641975308642,11.916264090177133,5.964841653247451,6.494900697799249,0.24154589371980675
250,19.47128287707998,34.66183574879227,8.487654320987655,12.808641975308642,11.916264090177133,5.931293612453032,6.481481481481482,0.24154589371980675
251,19.223027375201287,33.541331186258724,9.943639291465379,12.795222758990874,11.916264090177133,5.931293612453032,6.407675791733762,0.24154589371980675
252,19.290123456790123,33.52791196994095,9.943639291465379,12.775093934514224,11.882716049382717,5.931293612453032,6.407675791733762,0.24154589371980675
253,19.464573268921097,33.49436392914654,9.943639291465379,12.775093934514224,11.741814278046162,5.931293612453032,6.407675791733762,0.24154589371980675
254,19.672571121846484,33.467525496511,9.923510466988727,12.667740203972087,11.09098228663446,6.541867954911433,6.394256575415996,0.24154589371980675
255,20.041599570585078,32.54830917874396,10.72866344605475,12.587224906065487,11.09098228663446,6.407675791733762,6.353998926462695,0.24154589371980675
256,20.175791733762747,31.736446591519055,11.580783682232958,12.52012882447665,11.077563070316694,6.347289318303811,6.320450885668277,0.24154589371980675
257,20.531400966183575,31.40096618357488,11.580783682232958,12.278582930756844,11.044015029522276,6.622383252818035,6.300322061191626,0.24154589371980675
258,20.564949006977994,31.387546967257112,11.574074074074074,12.278582930756844,11.044015029522276,6.622383252818035,6.286902844873859,0.24154589371980675
259,20.759527643585614,31.219806763285025,11.574074074074074,12.278582930756844,11.044015029522276,6.622383252818035,6.260064412238325,0.24154589371980675
260,20.67230273752013,30.9447128287708,11.540526033279656,12.27187332259796,11.500268384326356,6.568706387546968,6.260064412238325,0.24154589371980675
261,20.819914117015568,30.92458400429415,11.540526033279656,12.245034889962426,11.426462694578637,6.568706387546968,6.233225979602791,0.24154589371980675
262,21.021202361782073,30.73671497584541,11.614331723027375,12.218196457326892,11.392914653784219,6.5485775630703165,6.226516371443908,0.24154589371980675
263,21.22249060654858,30.67632850241546,11.473429951690822,12.218196457326892,11.392914653784219,6.5485775630703165,6.226516371443908,0.24154589371980675
264,21.24261943102523,30.67632850241546,11.473429951690822,12.218196457326892,11.392914653784219,6.5485775630703165,6.206387546967257,0.24154589371980675
265,22.000805152979066,30.52200751476114,11.473429951690822,12.218196457326892,11.023886205045626,6.340579710144928,6.206387546967257,0.2147074610842727
266,22.061191626409016,30.515297906602253,11.29898013955985,12.177938808373591,11.003757380568974,6.333870101986044,6.394256575415996,0.2147074610842727
267,22.12157809983897,30.515297906602253,11.29898013955985,12.177938808373591,10.983628556092324,6.293612453032743,6.394256575415996,0.2147074610842727
268,22.208803005904453,30.48174986580784,11.29898013955985,12.144390767579173,10.976918947933441,6.280193236714976,6.394256575415996,0.2147074610842727
269,22.21551261406334,30.48174986580784,11.29898013955985,12.144390767579173,10.970209339774557,6.280193236714976,6.394256575415996,0.2147074610842727
270,22.322866344605476,30.454911433172303,11.29898013955985,12.070585077831455,10.970209339774557,6.273483628556092,6.394256575415996,0.2147074610842727
271,22.510735373054214,30.407944176060116,10.748792270531402,12.070585077831455,10.963499731615673,6.689479334406871,6.394256575415996,0.2147074610842727
272,22.745571658615138,30.381105743424584,10.628019323671497,12.037037037037036,10.963499731615673,6.635802469135802,6.394256575415996,0.2147074610842727
273,22.81266774020397,30.347557702630166,10.628019323671497,12.00348899624262,10.963499731615673,6.635802469135802,6.394256575415996,0.2147074610842727
274,22.81266774020397,30.347557702630166,10.628019323671497,12.00348899624262,10.963499731615673,6.635802469135802,6.394256575415996,0.2147074610842727
275,22.96027911969941,30.307300053676865,10.581052066559312,11.976650563607086,10.929951690821255,6.635802469135802,6.394256575415996,0.2147074610842727
276,23.53059581320451,30.287171229200215,10.473698336017177,11.90955448201825,10.601180891035963,6.635802469135802,6.347289318303811,0.2147074610842727
277,23.557434245840042,30.273752012882447,10.473698336017177,11.90955448201825,10.587761674718196,6.635802469135802,6.347289318303811,0.2147074610842727
278,23.772141706924316,30.22007514761138,10.352925389157273,11.90955448201825,10.554213633923778,6.629092860976919,6.347289318303811,0.2147074610842727
279,23.637949543746647,30.407944176060116,10.352925389157273,11.90955448201825,10.547504025764896,6.582125603864735,6.347289318303811,0.2147074610842727
280,23.772141706924316,30.367686527106816,10.352925389157273,11.876006441223833,10.547504025764896,6.535158346752549,6.333870101986044,0.2147074610842727
281,23.886205045625335,30.20665593129361,10.413311862587225,11.876006441223833,10.547504025764896,6.528448738593666,6.327160493827161,0.2147074610842727
