,45,50,51,55,52,53,54,56,58,57
0,92.54562533548041,7.454374664519592,,,,,,,,
1,84.65512614063339,15.344873859366613,,,,,,,,
2,79.64304884594739,16.243961352657006,3.9519592055823938,0.1610305958132045,,,,,,
3,77.19404186795491,18.69296833064949,3.9519592055823938,0.1610305958132045,,,,,,
4,76.12050456253355,18.659420289855074,3.9519592055823938,0.1610305958132045,1.107085346215781,,,,,
5,57.1658615136876,36.81561996779388,4.750402576489533,0.1610305958132045,1.107085346215781,,,,,
6,57.1658615136876,36.81561996779388,4.750402576489533,0.1610305958132045,1.107085346215781,,,,,
7,56.66264090177134,37.25174449812131,4.750402576489533,0.2281266774020397,1.107085346215781,,,,,
8,56.11916264090177,37.795222758990874,4.750402576489533,0.2281266774020397,1.107085346215781,,,,,
9,51.529790660225444,42.46511003757381,4.736983360171766,0.1610305958132045,1.107085346215781,,,,,
10,51.710950080515296,42.3443370907139,4.676596886741814,0.1610305958132045,1.107085346215781,,,,,
11,51.75791733762748,40.19726247987118,4.663177670424047,2.2745571658615136,1.107085346215781,,,,,
12,51.549919484702095,35.89640365002684,4.663177670424047,2.2745571658615136,1.5096618357487923,4.106280193236715,,,,
13,51.81830381105743,35.628019323671495,4.663177670424047,2.2745571658615136,1.5096618357487923,4.106280193236715,,,,
14,51.77133655394525,35.74208266237252,4.5960815888352125,2.2745571658615136,1.5096618357487923,4.106280193236715,,,,
15,47.34299516908212,40.17042404723564,4.5960815888352125,2.2745571658615136,1.5096618357487923,4.106280193236715,,,,
16,47.43022007514761,40.17042404723564,4.5960815888352125,2.2745571658615136,1.4224369296833066,4.106280193236715,,,,
17,47.27589908749329,39.029790660225444,5.0858829844337095,2.26784755770263,1.4224369296833066,3.770799785292539,1.1473429951690821,,,
18,47.43022007514761,38.747987117552334,5.0858829844337095,2.395330112721417,1.4224369296833066,3.770799785292539,1.1473429951690821,,,
19,47.457058507783145,38.7211486849168,5.0858829844337095,2.395330112721417,1.4224369296833066,3.770799785292539,1.1473429951690821,,,
20,47.47047772410091,38.707729468599034,5.0858829844337095,2.395330112721417,1.4224369296833066,3.770799785292539,1.1473429951690821,,,
21,47.57112184648417,38.62050456253355,5.072463768115942,2.395330112721417,1.4224369296833066,3.770799785292539,1.1473429951690821,,,
22,47.58454106280193,38.00322061191626,5.045625335480408,1.6908212560386473,1.710950080515298,3.743961352657005,2.2208803005904456,,,
23,46.464036500268385,39.27133655394525,5.045625335480408,1.6572732152442298,1.710950080515298,3.629898013955985,2.2208803005904456,,,
24,46.4975845410628,39.23778851315083,5.045625335480408,1.6572732152442298,1.710950080515298,3.629898013955985,2.2208803005904456,,,
25,43.37090713902308,39.942297369833604,4.502147074610843,1.6572732152442298,1.6170155662909287,3.629898013955985,5.280461621041331,,,
26,43.042136339237786,40.284487385936664,4.488727858293076,1.6572732152442298,1.6170155662909287,3.629898013955985,5.280461621041331,,,
27,43.062265163714436,40.264358561460014,4.488727858293076,1.6572732152442298,1.6170155662909287,3.629898013955985,5.280461621041331,,,
28,43.142780461621044,40.21068169618894,4.488727858293076,1.6304347826086956,1.6170155662909287,3.629898013955985,5.280461621041331,,,
29,38.47289318303811,45.34353193773484,4.025764895330113,1.6304347826086956,1.6170155662909287,3.629898013955985,5.280461621041331,,,
30,38.60708534621578,45.276435856146,3.9855072463768115,1.6304347826086956,1.6170155662909287,3.629898013955985,5.253623188405797,,,
31,38.41250670960816,43.11594202898551,7.273215244229737,1.5096618357487923,1.6170155662909287,2.818035426731079,5.253623188405797,,,
32,38.446054750402574,43.11594202898551,7.239667203435319,1.5096618357487923,1.6170155662909287,2.818035426731079,5.253623188405797,,,
33,38.62050456253355,42.24369296833065,7.179280730005368,2.281266774020397,1.6170155662909287,2.818035426731079,5.24020397208803,,,
34,34.90338164251208,38.29844337090714,15.646806226516372,2.281266774020397,1.6170155662909287,2.818035426731079,4.435050993022007,,,
35,28.213902308105208,50.87224906065486,10.453569511540525,2.281266774020397,0.9259259259259259,2.818035426731079,4.435050993022007,,,
36,28.381642512077295,50.72463768115942,10.433440687063875,2.281266774020397,0.9259259259259259,2.818035426731079,4.435050993022007,,,
37,28.509125067096083,50.63070316693505,10.433440687063875,2.281266774020397,0.9259259259259259,2.7844873859366612,4.435050993022007,,,
38,28.683574879227052,48.87278582930757,10.332796564680622,3.992216854535695,0.8990874932903918,2.7844873859366612,4.435050993022007,,,
39,28.670155662909288,41.97530864197531,10.225442834138486,3.992216854535695,0.8990874932903918,9.802737520128824,4.435050993022007,,,
40,27.81803542673108,36.10440150295223,22.0276435856146,2.4221685453569513,0.2885131508319914,9.05126140633387,2.2879763821792807,,,
41,27.938808373590984,36.030595813204506,22.007514761137948,2.4221685453569513,0.2885131508319914,9.024422973698336,2.2879763821792807,,,
42,27.938808373590984,36.030595813204506,20.967525496511005,2.4221685453569513,0.2885131508319914,10.064412238325282,2.2879763821792807,,,
43,28.099838969404185,35.84272678475577,20.189210950080515,2.4221685453569513,1.288244766505636,9.86983360171766,2.2879763821792807,,,
44,28.133387010198604,35.53408480944713,20.189210950080515,2.717391304347826,1.288244766505636,9.849704777241008,2.2879763821792807,,,
45,22.537573805689746,41.136607622114866,20.182501341921633,2.717391304347826,1.288244766505636,9.849704777241008,2.2879763821792807,,,
46,19.860440150295222,36.05072463768116,27.49597423510467,2.717391304347826,1.8048845947396672,9.836285560923242,2.2342995169082127,,,
47,18.988191089640367,28.817767042404725,28.25415995705851,2.717391304347826,9.16532474503489,9.822866344605474,2.2342995169082127,,,
48,19.135802469135804,28.723832528180353,28.24074074074074,2.717391304347826,9.16532474503489,9.782608695652174,2.2342995169082127,,,
49,18.531937734836287,23.738593666129898,28.213902308105208,1.3754696725711217,9.138486312399356,18.840579710144926,0.1610305958132045,,,
50,18.874127750939344,23.68491680085883,27.76435856146001,1.6841116478797638,9.037842190016104,18.793612453032743,0.1610305958132045,,,
51,18.800322061191626,22.061191626409016,38.117283950617285,1.0265700483091786,8.259527643585615,11.574074074074074,0.1610305958132045,,,
52,17.223564143854,16.25738056897477,46.88003220611916,1.1406333870101986,3.589640365002684,14.61352657004831,0.1610305958132045,0.13419216317767044,,
53,17.357756307031668,16.25738056897477,46.792807300053674,1.093666129898014,3.589640365002684,14.61352657004831,0.1610305958132045,0.13419216317767044,,
54,17.894524959742352,16.183574879227052,46.14868491680086,1.093666129898014,3.589640365002684,14.593397745571659,0.1610305958132045,0.33548040794417605,,
55,16.358024691358025,15.271068169618895,41.6935050993022,1.093666129898014,10.849436392914654,14.237788513150832,0.1610305958132045,0.33548040794417605,,
56,16.49892646269458,15.217391304347826,41.646537842190014,1.093666129898014,10.829307568438002,14.224369296833064,0.1610305958132045,0.32877079978529256,,
57,15.975577026301664,15.056360708534621,43.35748792270532,1.093666129898014,10.829307568438002,13.197799248523886,0.1610305958132045,0.32877079978529256,,
58,16.13660762211487,15.143585614600108,43.162909286097694,1.0869565217391304,10.815888352120236,13.16425120772947,0.1610305958132045,0.32877079978529256,,
59,15.499194847020934,16.223832528180353,42.94820182501342,1.0869565217391304,10.789049919484702,12.962962962962964,0.1610305958132045,0.32877079978529256,,
60,15.660225442834138,16.21712292002147,42.86768652710682,1.0869565217391304,10.789049919484702,12.915995705850777,0.15432098765432098,0.30864197530864196,,
61,15.619967793880837,15.60654857756307,38.747987117552334,1.0869565217391304,10.681696188942565,17.800590445517983,0.15432098765432098,0.30193236714975846,,
62,15.559581320450885,15.593129361245303,38.84192163177671,1.0869565217391304,10.681696188942565,17.780461621041333,0.15432098765432098,0.30193236714975846,,
63,15.619967793880837,15.579710144927537,38.81508319914117,1.0869565217391304,10.681696188942565,17.76033279656468,0.15432098765432098,0.30193236714975846,,
64,15.083199141170155,15.774288781535159,39.26462694578637,1.0869565217391304,10.57434245840043,17.76033279656468,0.15432098765432098,0.30193236714975846,,
65,10.856146001073537,22.604669887278583,36.7686527106817,1.0802469135802468,10.560923242082662,17.673107890499196,0.15432098765432098,0.30193236714975846,,
66,11.010466988727858,22.517444981213096,36.70826623725174,1.0802469135802468,10.560923242082662,17.66639828234031,0.15432098765432098,0.30193236714975846,,
67,11.198336017176597,22.517444981213096,36.56736446591519,1.0802469135802468,10.513955984970478,17.66639828234031,0.15432098765432098,0.30193236714975846,,
68,11.41304347826087,22.50402576489533,36.36607622114869,1.0802469135802468,10.513955984970478,17.66639828234031,0.15432098765432098,0.30193236714975846,,
69,9.373322597960279,27.006172839506174,34.07809983896941,3.260869565217391,10.339506172839506,15.485775630703166,0.15432098765432098,0.30193236714975846,,
70,9.520933977455716,26.898819108964037,34.05797101449275,3.260869565217391,10.339506172839506,15.465646806226516,0.15432098765432098,0.30193236714975846,,
71,9.789318303811058,26.818303811057433,33.964036500268385,3.260869565217391,10.326086956521738,15.385131508319914,0.15432098765432098,0.30193236714975846,,
72,9.849704777241008,26.549919484702095,33.46081588835212,3.4151905528717124,10.299248523886206,15.291196994095545,0.15432098765432098,0.9796027911969941,,
73,9.98389694041868,26.48953301127214,33.42055823939882,3.4151905528717124,10.299248523886206,15.257648953301127,0.15432098765432098,0.9796027911969941,,
74,10.064412238325282,26.455984970477726,33.400429414922165,3.408480944712829,10.299248523886206,15.237520128824476,0.15432098765432098,0.9796027911969941,,
75,10.292538915727322,26.42914653784219,33.353462157809986,3.408480944712829,10.299248523886206,15.083199141170155,0.15432098765432098,0.9796027911969941,,
76,10.339506172839506,26.42914653784219,33.313204508856685,3.408480944712829,10.292538915727322,14.969135802469136,0.15432098765432098,0.9796027911969941,0.11406333870101985,
77,10.359634997316157,26.42914653784219,33.293075684380035,3.408480944712829,10.292538915727322,14.969135802469136,0.15432098765432098,0.9796027911969941,0.11406333870101985,
78,10.426731078904991,26.402308105206657,33.25952764358561,3.4017713365539453,10.292538915727322,14.969135802469136,0.15432098765432098,0.9796027911969941,0.11406333870101985,
79,9.534353193773484,26.34863123993559,43.10923242082662,2.120236178207193,6.367418142780462,11.272141706924316,0.15432098765432098,0.9796027911969941,0.11406333870101985,
80,9.681964573268921,26.053408480944714,42.92807300053677,2.1068169618894257,6.367418142780462,11.614331723027375,0.15432098765432098,0.9796027911969941,0.11406333870101985,
81,9.789318303811058,26.02657004830918,42.860976918947934,2.0933977455716586,6.367418142780462,11.614331723027375,0.15432098765432098,0.9796027911969941,0.11406333870101985,
82,10.00402576489533,25.966183574879228,42.72007514761138,2.0933977455716586,6.353998926462695,11.198336017176597,0.6843800322061192,0.9796027911969941,,
83,10.064412238325282,25.925925925925927,42.72007514761138,2.0933977455716586,6.353998926462695,11.178207192699947,0.6843800322061192,0.9796027911969941,,
84,10.185185185185185,25.885668276972623,42.69994632313473,2.0933977455716586,6.353998926462695,11.117820719269995,0.6843800322061192,0.9796027911969941,,
85,9.997316156736447,25.831991411701555,40.365002683843265,1.778046162104133,9.265968867418144,11.117820719269995,0.6642512077294686,0.9796027911969941,,
86,10.352925389157273,25.791733762748255,40.17042404723564,1.778046162104133,9.23913043478261,11.023886205045626,0.6642512077294686,0.9796027911969941,,
87,10.661567364465915,25.738056897477186,39.92216854535695,1.7713365539452497,9.23913043478261,11.023886205045626,0.6642512077294686,0.9796027911969941,,
88,10.748792270531402,25.697799248523886,39.9020397208803,1.7444981213097155,9.23913043478261,11.023886205045626,0.6642512077294686,0.9796027911969941,,
89,10.903113258185721,25.6105743424584,39.9020397208803,1.724369296833065,9.225711218464841,10.990338164251208,0.6642512077294686,0.9796027911969941,,
90,10.748792270531402,25.597155126140635,34.84299516908212,1.7176596886741815,14.989264626945786,10.755501878690284,0.6642512077294686,0.6843800322061192,,
91,10.815888352120236,25.5703166935051,33.373590982286636,1.7176596886741815,16.418411164787976,10.755501878690284,0.6642512077294686,0.6843800322061192,,
92,9.77589908749329,23.282340311325818,36.91626409017714,1.7176596886741815,16.358024691358025,10.601180891035963,0.6642512077294686,0.6843800322061192,,
93,9.883252818035427,23.2085346215781,36.91626409017714,1.7176596886741815,16.33118625872249,10.59447128287708,0.6642512077294686,0.6843800322061192,,
94,10.064412238325282,23.181696188942567,36.89613526570049,1.7176596886741815,16.317767042404725,10.473698336017177,0.6642512077294686,0.6843800322061192,,
95,10.265700483091788,23.14814814814815,36.822329575952764,1.7176596886741815,16.14331723027375,10.453569511540525,0.6642512077294686,0.785024154589372,,
96,10.339506172839506,23.141438539989263,36.7686527106817,1.7176596886741815,16.14331723027375,10.44015029522276,0.6642512077294686,0.785024154589372,,
97,10.601180891035963,22.953569511540525,36.70155662909286,1.710950080515298,16.14331723027375,10.44015029522276,0.6642512077294686,0.785024154589372,,
98,10.829307568438002,22.946859903381643,36.34594739667203,2.0531400966183573,15.935319377348362,10.44015029522276,0.6642512077294686,0.785024154589372,,
99,10.7085346215781,22.061191626409016,36.191626409017715,2.0531400966183573,17.444981213097154,10.091250670960816,0.6642512077294686,0.785024154589372,,
100,10.742082662372518,22.041062801932366,36.178207192699944,2.0531400966183573,17.444981213097154,10.091250670960816,0.6642512077294686,0.785024154589372,,
101,10.802469135802468,22.000805152979066,36.15807836822329,2.0531400966183573,17.444981213097154,10.091250670960816,0.6642512077294686,0.785024154589372,,
102,10.970209339774557,21.994095544820183,36.01717659688674,2.0531400966183573,17.444981213097154,10.071121846484166,0.6642512077294686,0.785024154589372,,
103,11.044015029522276,21.967257112184647,35.990338164251206,2.0531400966183573,17.444981213097154,10.050993022007514,0.6642512077294686,0.785024154589372,,
104,11.218464841653248,21.880032206119164,35.990338164251206,2.0531400966183573,17.398013955984972,10.010735373054214,0.6642512077294686,0.785024154589372,,
105,11.345947396672035,21.87332259796028,35.95679012345679,2.0531400966183573,17.310789049919485,10.010735373054214,0.6642512077294686,0.785024154589372,,
106,11.426462694578637,21.87332259796028,35.889694041867955,2.0531400966183573,17.297369833601717,10.010735373054214,0.6642512077294686,0.785024154589372,,
107,11.600912506709609,20.96081588835212,35.72866344605475,2.033011272141707,17.21014492753623,9.957058507783145,1.724369296833065,0.785024154589372,,
108,11.218464841653248,19.16935050993022,35.68169618894257,2.01959205582394,19.45786366076221,9.943639291465379,1.724369296833065,0.785024154589372,,
109,11.406333870101985,18.86070853462158,35.11808910359635,2.6838432635534084,19.216317767042405,9.943639291465379,1.9860440150295222,0.785024154589372,,
110,10.46027911969941,18.679549114331724,41.74047235641439,3.656736446591519,14.392109500805153,9.01100375738057,1.4559849704777241,0.6038647342995169,,
111,9.816156736446592,18.666129898013956,45.571658615136876,3.180354267310789,11.876006441223833,8.876811594202898,1.4090177133655395,0.6038647342995169,,
112,9.762479871175524,18.666129898013956,44.97450348899624,3.8378958668813743,11.869296833064949,8.876811594202898,1.4090177133655395,0.6038647342995169,,
113,9.749060654857756,18.364197530864196,44.80005367686527,3.8378958668813743,11.808910359634996,8.809715512614064,2.0263016639828235,0.6038647342995169,,
114,9.863123993558776,18.364197530864196,44.71282877079979,3.8378958668813743,11.782071926999464,8.809715512614064,2.0263016639828235,0.6038647342995169,,
115,10.044283413848632,18.364197530864196,44.598765432098766,3.8378958668813743,11.714975845410628,8.809715512614064,2.0263016639828235,0.6038647342995169,,
116,10.245571658615138,18.364197530864196,44.437734836285564,3.8378958668813743,11.714975845410628,8.769457863660762,2.0263016639828235,0.6038647342995169,,
117,10.36634460547504,18.055555555555557,43.96806226516372,4.522275899087493,11.714975845410628,8.742619431025227,2.0263016639828235,0.6038647342995169,,
118,10.399892646269459,17.793880837359097,43.914385399892645,4.804079441760601,11.714975845410628,8.742619431025227,2.0263016639828235,0.6038647342995169,,
119,10.587761674718196,17.787171229200215,43.82716049382716,4.777241009125067,11.688137412775093,8.709071390230811,2.0263016639828235,0.5971551261406334,,
120,10.581052066559312,17.787171229200215,43.19645732689211,4.757112184648417,11.668008588298443,8.709071390230811,2.0263016639828235,1.2748255501878691,,
121,10.802469135802468,17.787171229200215,42.961621041331185,4.723564143853999,11.641170155662909,8.863392377885132,2.0263016639828235,1.1943102522812667,,
122,10.983628556092324,17.713365539452496,42.90794417606012,4.723564143853999,11.58749329039184,8.863392377885132,2.0263016639828235,1.1943102522812667,,
123,10.768921095008052,17.659688674181428,42.51878690284487,4.723564143853999,12.245034889962426,8.863392377885132,2.0263016639828235,1.1943102522812667,,
124,10.86285560923242,17.659688674181428,42.48523886205046,4.696725711218465,12.245034889962426,8.829844337090714,2.0263016639828235,1.1943102522812667,,
125,10.93666129898014,17.659688674181428,42.43156199677939,4.696725711218465,12.224906065485776,8.829844337090714,2.0263016639828235,1.1943102522812667,,
126,11.084272678475577,17.652979066022546,42.33762748255502,4.696725711218465,12.224906065485776,8.829844337090714,2.0128824476650564,1.1607622114868492,,
127,11.258722490606548,17.55233494363929,42.32420826623725,4.696725711218465,12.224906065485776,8.829844337090714,1.9524959742351047,1.1607622114868492,,
128,11.305689747718732,17.538915727321523,42.3040794417606,4.696725711218465,12.224906065485776,8.816425120772946,1.9524959742351047,1.1607622114868492,,
129,11.399624261943103,17.498658078368223,42.270531400966185,4.696725711218465,12.204777241009126,8.816425120772946,1.9524959742351047,1.1607622114868492,,
130,11.869296833064949,17.438271604938272,42.04240472356415,4.696725711218465,12.191358024691358,8.675523349436393,1.9256575415995705,1.1607622114868492,,
131,11.936392914653783,17.438271604938272,42.04240472356415,4.676596886741814,12.191358024691358,8.628556092324208,1.9256575415995705,1.1607622114868492,,
132,12.06387546967257,17.37788513150832,41.97530864197531,4.676596886741814,12.191358024691358,8.628556092324208,1.9256575415995705,1.1607622114868492,,
133,12.285292538915728,17.337627482555018,41.888083735909824,4.676596886741814,12.097423510466989,8.628556092324208,1.9256575415995705,1.1607622114868492,,
134,12.359098228663447,17.337627482555018,41.39157273215244,4.656468062265164,12.057165861513688,8.61513687600644,1.9256575415995705,1.6572732152442298,,
135,12.526838432635534,17.310789049919485,41.297638217928075,4.636339237788513,12.030327428878154,8.61513687600644,1.9256575415995705,1.6572732152442298,,
136,12.52012882447665,17.042404723564143,41.06951154052604,4.636339237788513,14.31159420289855,6.998121309715513,1.5901771336553945,1.8317230273752012,,
137,12.754965110037574,16.982018250134193,41.0426731078905,4.636339237788513,14.163982823403114,6.998121309715513,1.5901771336553945,1.8317230273752012,,
138,12.567096081588835,16.982018250134193,40.56629092860977,4.636339237788513,14.828234031132581,6.998121309715513,1.5901771336553945,1.8317230273752012,,
139,12.714707461084272,16.908212560386474,40.5126140633387,4.622920021470746,14.821524422973699,6.998121309715513,1.5901771336553945,1.8317230273752012,,
140,11.889425657541599,15.841384863123993,42.169887278582934,4.85775630703167,14.821524422973699,6.998121309715513,1.5901771336553945,1.8317230273752012,,
141,11.560654857756306,15.727321524422974,46.98067632850242,4.770531400966184,12.922705314009661,4.74369296833065,1.4626945786366077,1.8317230273752012,,
142,11.735104669887278,15.391841116478798,46.75925925925926,4.770531400966184,12.573805689747719,5.535426731078905,1.402308105206656,1.8317230273752012,,
143,11.902844873859367,15.371712292002147,46.67874396135266,4.770531400966184,12.526838432635534,5.515297906602254,1.402308105206656,1.8317230273752012,,
144,11.929683306494901,15.344873859366613,46.67874396135266,4.770531400966184,12.526838432635534,5.515297906602254,1.402308105206656,1.8317230273752012,,
145,12.198067632850242,15.318035426731079,46.484165324745035,4.770531400966184,12.47987117552335,5.515297906602254,1.402308105206656,1.8317230273752012,,
146,12.432903918411165,15.291196994095545,46.28958668813741,4.770531400966184,12.47987117552335,5.515297906602254,1.402308105206656,1.8183038110574343,,
147,12.486580783682234,15.177133655394526,46.2157809983897,4.770531400966184,13.16425120772947,4.9651100375738055,1.402308105206656,1.8183038110574343,,
148,12.714707461084272,15.150295222758992,46.182232957595275,4.750402576489533,13.110574342458401,4.871175523349437,1.402308105206656,1.8183038110574343,,
149,12.714707461084272,15.150295222758992,46.182232957595275,4.750402576489533,13.110574342458401,4.871175523349437,1.402308105206656,1.8183038110574343,,
150,12.902576489533011,15.150295222758992,46.11513687600644,4.750402576489533,12.989801395598498,4.871175523349437,1.402308105206656,1.8183038110574343,,
151,13.137412775093935,15.123456790123457,46.11513687600644,4.7168545356951155,12.842190016103059,4.8443370907139025,1.402308105206656,1.8183038110574343,,
152,13.345410628019323,14.989264626945786,46.05475040257649,4.7168545356951155,12.842190016103059,4.830917874396135,1.402308105206656,1.8183038110574343,,
153,13.41250670960816,14.88191089640365,45.813204508856685,4.998658078368224,12.842190016103059,4.830917874396135,1.402308105206656,1.8183038110574343,,
154,13.560118089103597,14.593397745571659,45.74610842726785,4.830917874396135,12.801932367149758,4.830917874396135,1.8183038110574343,1.8183038110574343,,
155,13.734567901234568,14.55984970477724,45.28314546430489,4.7638217928073,12.788513150831992,4.824208266237251,1.8183038110574343,2.227589908749329,,
156,14.257917337627482,14.53972088030059,44.806763285024154,4.7638217928073,12.788513150831992,4.797369833601718,1.8183038110574343,2.227589908749329,,
157,14.392109500805153,14.53972088030059,44.71282877079979,4.7638217928073,12.761674718196458,4.797369833601718,1.8048845947396672,2.227589908749329,,
158,14.492753623188406,14.526301663982823,44.6256038647343,4.7638217928073,12.761674718196458,4.797369833601718,1.8048845947396672,2.227589908749329,,
159,14.600107353730541,14.506172839506172,44.57192699946323,4.7638217928073,12.72812667740204,4.797369833601718,1.8048845947396672,2.227589908749329,,
160,14.65378421900161,14.506172839506172,44.57192699946323,4.7638217928073,12.701288244766506,4.797369833601718,1.8048845947396672,2.200751476113795,,
161,14.794685990338165,14.445786366076222,44.40418679549114,4.757112184648417,12.68786902844874,4.797369833601718,1.7646269457863661,2.3483628556092326,,
162,15.002683843263553,14.278046162104133,44.37063875469673,4.750402576489533,12.68786902844874,4.797369833601718,1.7646269457863661,2.3483628556092326,,
163,15.13016639828234,14.251207729468598,44.31025228126678,4.750402576489533,12.661030595813205,4.797369833601718,1.7646269457863661,2.3349436392914655,,
164,15.177133655394526,14.251207729468598,44.28341384863124,4.750402576489533,12.661030595813205,4.797369833601718,1.7646269457863661,2.314814814814815,,
165,15.385131508319914,14.224369296833064,44.12238325281803,4.750402576489533,12.661030595813205,4.797369833601718,1.7646269457863661,2.2946859903381642,,
166,15.365002683843263,14.224369296833064,43.853998926462694,4.750402576489533,12.620772946859903,5.428073000536768,1.7310789049919484,2.0263016639828235,,
167,15.425389157273216,14.224369296833064,43.82045088566828,4.750402576489533,12.620772946859903,5.428073000536768,1.7310789049919484,1.9994632313472893,,
168,15.526033279656469,14.197530864197532,43.79361245303274,4.750402576489533,12.600644122383253,5.401234567901234,1.7310789049919484,1.9994632313472893,,
169,15.666935050993022,14.197530864197532,43.77348362855609,4.750402576489533,12.47987117552335,5.401234567901234,1.7310789049919484,1.9994632313472893,,
170,15.693773483628556,14.197530864197532,43.74664519592056,4.750402576489533,12.47987117552335,5.401234567901234,1.7310789049919484,1.9994632313472893,,
171,15.821256038647343,14.197530864197532,43.65271068169619,4.750402576489533,12.47987117552335,5.367686527106817,1.7310789049919484,1.9994632313472893,,
172,15.942028985507246,14.197530864197532,43.592324208266234,4.750402576489533,12.453032742887816,5.367686527106817,1.6975308641975309,1.9994632313472893,,
173,16.150026838432634,14.197530864197532,43.505099302200755,4.750402576489533,12.332259796027913,5.367686527106817,1.6975308641975309,1.9994632313472893,,
174,16.210413311862588,14.190821256038648,43.17632850241546,4.750402576489533,12.332259796027913,5.347557702630167,1.6975308641975309,2.2946859903381642,,
175,16.21712292002147,13.654052603327965,43.15619967793881,5.3274288781535155,12.305421363392378,5.347557702630167,1.6975308641975309,2.2946859903381642,,
176,16.21712292002147,13.6406333870102,41.40499194847021,5.300590445517981,14.096886741814279,5.347557702630167,1.6975308641975309,2.2946859903381642,,
177,16.06280193236715,12.453032742887816,41.26409017713365,4.488727858293076,14.096886741814279,5.347557702630167,3.992216854535695,2.2946859903381642,,
178,16.378153515834676,12.439613526570048,41.0426731078905,4.488727858293076,14.083467525496511,5.280461621041331,3.992216854535695,2.2946859903381642,,
179,16.659957058507782,12.426194310252281,40.60654857756307,4.488727858293076,14.083467525496511,5.280461621041331,3.992216854535695,2.462426194310252,,
180,16.76731078904992,12.426194310252281,40.55958132045089,4.461889425657541,13.982823403113258,5.280461621041331,4.05931293612453,2.462426194310252,,
181,17.07595276435856,12.426194310252281,40.264358561460014,4.448470209339774,13.982823403113258,5.280461621041331,4.05931293612453,2.462426194310252,,
182,17.06924315619968,12.412775093934513,39.97584541062802,4.414922168545357,13.875469672571121,5.495169082125604,4.05931293612453,2.6972624798711755,,
183,17.156468062265162,12.412775093934513,39.92887815351583,4.414922168545357,13.875469672571121,5.481749865807837,4.032474503488996,2.6972624798711755,,
184,17.236983360171767,12.372517444981213,39.472624798711756,4.414922168545357,13.841921631776705,5.931293612453032,4.032474503488996,2.6972624798711755,,
185,16.861245303274288,11.889425657541599,39.412238325281805,4.414922168545357,14.949006977992486,5.770263016639828,4.005636070853462,2.6972624798711755,,
186,17.07595276435856,11.788781535158346,39.371980676328505,4.374664519592056,14.935587761674718,5.750134192163178,4.005636070853462,2.6972624798711755,,
187,17.163177670424048,11.728395061728396,39.27804616210413,5.4616210413311865,13.915727321524423,5.750134192163178,4.005636070853462,2.6972624798711755,,
188,17.52549651100376,11.728395061728396,39.15727321524423,5.4616210413311865,13.774825550187868,5.750134192163178,3.9855072463768115,2.6167471819645733,,
189,17.56575415995706,11.728395061728396,39.11701556629093,5.4616210413311865,13.774825550187868,5.750134192163178,3.9855072463768115,2.6167471819645733,,
190,17.713365539452496,11.701556629092861,38.85534084809447,5.669618894256575,13.774825550187868,5.750134192163178,3.9855072463768115,2.5496511003757383,,
191,17.773752012882447,11.66129898013956,38.848631239935585,5.662909286097692,13.768115942028986,5.750134192163178,3.9855072463768115,2.5496511003757383,,
192,17.800590445517983,11.634460547504025,38.848631239935585,5.662909286097692,13.768115942028986,5.750134192163178,3.9855072463768115,2.5496511003757383,,
193,17.746913580246915,11.621041331186259,38.808373590982285,5.662909286097692,13.768115942028986,5.857487922705314,3.9855072463768115,2.5496511003757383,,
194,17.827428878153516,11.621041331186259,38.788244766505635,5.649490069779925,13.7211486849168,5.857487922705314,3.9855072463768115,2.5496511003757383,,
195,17.14975845410628,10.829307568438002,40.975577026301664,5.139559849704777,13.70101986044015,5.797101449275362,3.8580246913580245,2.5496511003757383,,
196,17.290660225442835,10.829307568438002,40.83467525496511,5.139559849704777,13.70101986044015,5.797101449275362,3.8580246913580245,2.5496511003757383,,
197,17.673107890499196,10.829307568438002,40.673644659151904,5.059044551798175,13.573537305421363,5.783682232957595,3.8580246913580245,2.5496511003757383,,
198,17.58588298443371,10.648148148148149,40.66022544283414,5.059044551798175,13.573537305421363,5.5756843800322065,4.3478260869565215,2.5496511003757383,,
199,17.579173376274827,10.63472893183038,40.60654857756307,5.132850241545894,13.573537305421363,5.5756843800322065,4.3478260869565215,2.5496511003757383,,
200,17.391304347826086,10.621309715512615,38.479602791196996,5.0858829844337095,13.768115942028986,5.5756843800322065,7.380568974771873,1.6975308641975309,,
201,17.478529253891573,10.61460010735373,38.459473966720346,5.0858829844337095,13.761406333870102,5.5756843800322065,7.326892109500805,1.6975308641975309,,
202,17.49194847020934,10.601180891035963,38.459473966720346,5.0858829844337095,13.761406333870102,5.5756843800322065,7.326892109500805,1.6975308641975309,,
203,17.827428878153516,10.601180891035963,38.238056897477186,5.065754159957058,13.754696725711218,5.542136339237788,7.273215244229737,1.6975308641975309,,
204,18.16290928609769,10.547504025764896,37.97638217928073,5.065754159957058,13.754696725711218,5.542136339237788,7.253086419753086,1.6975308641975309,,
205,18.243424584004295,10.547504025764896,37.94283413848631,5.038915727321524,13.754696725711218,5.522007514761138,7.253086419753086,1.6975308641975309,,
206,18.417874396135264,10.48040794417606,37.88915727321525,5.025496511003757,13.714439076757918,5.522007514761138,7.253086419753086,1.6975308641975309,,
207,18.4044551798175,9.863123993558776,37.82877079978529,5.763553408480945,13.714439076757918,5.488459473966721,7.253086419753086,1.6841116478797638,,
208,18.49838969404187,9.863123993558776,37.80193236714976,5.763553408480945,13.714439076757918,5.441492216854535,7.232957595276436,1.6841116478797638,,
209,18.592324208266238,9.816156736446592,37.76838432635534,5.750134192163178,13.714439076757918,5.441492216854535,7.232957595276436,1.6841116478797638,,
210,18.54535695115405,9.71551261406334,37.68115942028985,5.750134192163178,13.714439076757918,5.441492216854535,7.467793880837359,1.6841116478797638,,
211,18.632581857219538,9.71551261406334,37.66774020397209,5.750134192163178,13.687600644122384,5.434782608695652,7.447665056360709,1.6639828234031133,,
212,18.69296833064949,9.708803005904455,37.64761137949544,5.743424584004294,13.687600644122384,5.434782608695652,7.4208266237251745,1.6639828234031133,,
213,18.840579710144926,9.708803005904455,37.5805152979066,5.730005367686527,13.6808910359635,5.434782608695652,7.4141170155662905,1.6103059581320451,,
214,18.92109500805153,9.708803005904455,37.5805152979066,5.730005367686527,13.613794954374665,5.434782608695652,7.4006977992485234,1.6103059581320451,,
215,19.00161030595813,9.695383789586689,37.533548040794415,5.730005367686527,13.600375738056897,5.434782608695652,7.39398819108964,1.6103059581320451,,
216,18.96135265700483,9.668545356951155,37.35909822866345,5.730005367686527,13.600375738056897,5.434782608695652,7.635534084809447,1.6103059581320451,,
217,19.129092860976918,9.668545356951155,37.32555018786903,5.730005367686527,13.580246913580247,5.3341384863123995,7.62211486849168,1.6103059581320451,,
218,19.182769726247987,9.534353193773484,37.31213097155126,5.870907139023081,13.533279656468062,5.3341384863123995,7.62211486849168,1.6103059581320451,,
219,19.276704240472355,9.514224369296834,37.27187332259796,5.864197530864198,13.533279656468062,5.314009661835748,7.615405260332796,1.6103059581320451,,
220,19.370638754696724,9.4873859366613,37.27187332259796,5.8172302737520125,13.513150831991412,5.314009661835748,7.615405260332796,1.6103059581320451,,
221,19.51154052603328,9.447128287707997,37.17793880837359,5.8172302737520125,13.513150831991412,5.314009661835748,7.608695652173913,1.6103059581320451,,
222,19.43102522812668,9.145195920558239,36.01717659688674,5.8172302737520125,15.069779924852389,5.10601180891036,7.581857219538379,1.8317230273752012,,
223,19.350509930220074,9.118357487922705,35.487117552334944,6.702898550724638,15.042941492216855,5.059044551798175,7.581857219538379,1.6572732152442298,,
224,19.410896403650028,9.118357487922705,35.339506172839506,6.91760601180891,14.962426194310252,5.01207729468599,7.581857219538379,1.6572732152442298,,
225,19.39747718733226,9.118357487922705,35.339506172839506,6.944444444444445,14.962426194310252,4.998658078368224,7.581857219538379,1.6572732152442298,,
226,19.773215244229736,9.118357487922705,35.02415458937198,6.9243156199677935,14.949006977992486,4.9718196457326895,7.581857219538379,1.6572732152442298,,
227,19.867149758454108,9.104938271604938,34.96376811594203,6.9243156199677935,14.949006977992486,4.9651100375738055,7.568438003220612,1.6572732152442298,,
228,19.920826623725173,9.104938271604938,34.93022007514761,6.9243156199677935,14.949006977992486,4.944981213097155,7.568438003220612,1.6572732152442298,,
229,20.041599570585078,9.104938271604938,34.74906065485776,6.9243156199677935,14.875201288244767,4.944981213097155,7.501341921631776,1.8585614600107354,,
230,20.108695652173914,9.104938271604938,34.68867418142781,6.9243156199677935,14.868491680085883,4.944981213097155,7.501341921631776,1.8585614600107354,,
231,20.202630166398283,9.078099838969404,34.66183574879227,6.91760601180891,14.841653247450349,4.938271604938271,7.501341921631776,1.8585614600107354,,
232,20.48443370907139,9.07139023081052,34.54106280193237,6.816961889425658,14.814814814814815,4.931561996779388,7.494632313472893,1.8451422436929683,,
233,20.50456253354804,9.064680622651638,34.54106280193237,6.816961889425658,14.814814814814815,4.931561996779388,7.481213097155126,1.8451422436929683,,
234,20.52469135802469,9.064680622651638,34.47396672034353,6.816961889425658,14.922168545356952,4.931561996779388,7.481213097155126,1.7847557702630166,,
235,20.90713902308105,9.064680622651638,34.272678475577024,6.8035426731078905,14.895330112721417,4.864465915190553,7.481213097155126,1.710950080515298,,
236,21.108427267847556,9.064680622651638,34.18545356951154,6.8035426731078905,14.861782071927,4.864465915190553,7.4208266237251745,1.6908212560386473,,
237,21.235909822866343,8.964036500268385,34.10493827160494,6.904186795491143,14.861782071927,4.851046698872786,7.387278582930757,1.6908212560386473,,
238,21.276167471819647,8.957326892109501,34.09822866344606,6.904186795491143,14.834943639291465,4.851046698872786,7.387278582930757,1.6908212560386473,,
239,21.423778851315085,8.836553945249598,34.024422973698336,6.595544820182502,14.714170692431562,4.824208266237251,7.890499194847021,1.6908212560386473,,
240,21.20907139023081,8.836553945249598,34.01771336553945,6.561996779388084,14.579978529253891,4.824208266237251,8.279656468062266,1.6908212560386473,,
241,21.336553945249598,8.836553945249598,33.97745571658615,6.521739130434782,14.546430488459475,4.810789049919484,8.279656468062266,1.6908212560386473,,
242,21.511003757380568,8.80300590445518,33.97074610842727,6.501610305958132,14.465915190552872,4.810789049919484,8.246108427267847,1.6908212560386473,,
243,21.511003757380568,8.80300590445518,33.60842726784756,6.159420289855072,15.210681696188942,4.770531400966184,8.246108427267847,1.6908212560386473,,
244,21.584809447128286,8.80300590445518,33.56816961889426,6.152710681696189,15.183843263553408,4.770531400966184,8.246108427267847,1.6908212560386473,,
245,21.604938271604937,8.80300590445518,32.930756843800324,6.863929146537842,15.13016639828234,4.757112184648417,8.246108427267847,1.6639828234031133,,
246,21.370101986044016,8.568169618894256,32.87707997852925,7.14573268921095,15.5126140633387,4.616210413311863,8.246108427267847,1.6639828234031133,,
247,21.484165324745035,8.568169618894256,32.57514761137949,7.367149758454106,15.485775630703166,4.616210413311863,8.239398819108963,1.6639828234031133,,
248,21.584809447128286,8.568169618894256,32.50134192163178,7.353730542136339,15.4723564143854,4.616210413311863,8.239398819108963,1.6639828234031133,,
249,21.692163177670423,8.548040794417606,32.43424584004294,7.340311325818572,15.4723564143854,4.616210413311863,8.232689210950081,1.6639828234031133,,
250,21.91358024691358,8.454106280193237,32.33360171765969,7.340311325818572,15.4723564143854,4.5893719806763285,8.232689210950081,1.6639828234031133,,
251,21.947128287707997,8.454106280193237,32.31347289318304,7.340311325818572,15.4723564143854,4.5893719806763285,8.232689210950081,1.6505636070853462,,
252,22.25577026301664,8.440687063875469,32.118894256575416,7.340311325818572,15.432098765432098,4.5893719806763285,8.199141170155663,1.6237251744498122,,
253,22.63150831991412,8.407139023081053,31.91760601180891,7.326892109500805,15.304616210413311,4.5893719806763285,8.199141170155663,1.6237251744498122,,
254,22.779119699409556,8.407139023081053,31.790123456790123,7.326892109500805,15.28448738593666,4.5893719806763285,8.199141170155663,1.6237251744498122,,
255,22.893183038110575,8.373590982286634,31.743156199677937,7.320182501341922,15.277777777777779,4.569243156199678,8.199141170155663,1.6237251744498122,,
256,23.1280193236715,8.373590982286634,31.64922168545357,7.286634460547504,15.26435856146001,4.51556629092861,8.158883521202362,1.6237251744498122,,
257,23.242082662372518,8.373590982286634,31.608964036500268,7.286634460547504,15.22410091250671,4.51556629092861,8.132045088566828,1.6170155662909287,,
258,23.255501878690286,8.36688137412775,31.608964036500268,7.286634460547504,15.22410091250671,4.508856682769726,8.132045088566828,1.6170155662909287,,
259,23.470209339774556,8.319914117015566,31.588835212023618,7.273215244229737,15.096618357487923,4.508856682769726,8.125335480407944,1.6170155662909287,,
260,23.544015029522274,8.319914117015566,31.5150295222759,7.273215244229737,15.385131508319914,4.508856682769726,7.836822329575953,1.6170155662909287,,
261,23.60440150295223,8.299785292538916,31.488191089640367,7.273215244229737,15.371712292002147,4.508856682769726,7.836822329575953,1.6170155662909287,,
262,23.691626409017715,8.299785292538916,31.40096618357488,7.273215244229737,15.371712292002147,4.508856682769726,7.836822329575953,1.6170155662909287,,
263,23.765432098765434,8.299785292538916,31.36070853462158,7.266505636070853,15.344873859366613,4.508856682769726,7.836822329575953,1.6170155662909287,,
264,23.98684916800859,8.272946859903382,31.28690284487386,7.266505636070853,15.237520128824476,4.49543746645196,7.836822329575953,1.6170155662909287,,
265,22.228931830381107,8.272946859903382,36.81561996779388,7.004830917874396,14.895330112721417,4.42163177670424,4.985238862050457,1.3754696725711217,,
266,21.87332259796028,8.246108427267847,36.52710681696189,7.004830917874396,16.264090177133657,3.750670960815888,4.985238862050457,1.3486312399355878,,
267,21.953837895866883,8.239398819108963,36.46672034353194,6.991411701556629,16.264090177133657,3.750670960815888,4.985238862050457,1.3486312399355878,,
268,22.074610842726784,8.172302737520129,36.46672034353194,6.991411701556629,16.210413311862588,3.750670960815888,4.985238862050457,1.3486312399355878,,
