,45,50,54,51,53,52,55,56,57
0,89.24449812130972,10.755501878690284,,,,,,,
1,88.6406333870102,11.3593666129898,,,,,,,
2,88.2380568974772,11.761943102522812,,,,,,,
3,75.9393451422437,23.711755233494365,0.3488996242619431,,,,,,
4,63.459473966720346,36.52710681696189,0.013419216317767043,,,,,,
5,47.839506172839506,40.88164251207729,0.013419216317767043,11.265432098765432,,,,,
6,45.96081588835212,35.67498658078368,0.013419216317767043,18.35077831454643,,,,,
7,34.23242082662372,47.32957595276436,0.013419216317767043,18.136070853462158,0.2885131508319914,,,,
8,34.265968867418145,47.296027911969944,0.013419216317767043,18.136070853462158,0.2885131508319914,,,,
9,31.233225979602793,51.939076757917334,0.2147074610842727,16.6129898013956,,,,,
10,29.904723564143854,46.9068706387547,0.013419216317767043,22.403381642512077,,0.4495437466451959,0.322061191626409,,
11,28.039452495974235,46.51100375738057,0.013419216317767043,24.9194847020934,,0.2147074610842727,0.30193236714975846,,
12,28.576221148684915,43.63258185721954,0.013419216317767043,24.765163714439076,2.1604938271604937,0.41599570585077833,0.30193236714975846,0.13419216317767044,
13,28.73054213633924,40.76086956521739,0.0067096081588835215,26.650563607085346,2.1604938271604937,1.2546967257112185,0.30193236714975846,0.13419216317767044,
14,26.89210950080515,38.747987117552334,0.0067096081588835215,30.64278046162104,2.1604938271604937,1.1137949543746646,0.30193236714975846,0.13419216317767044,
15,27.375201288244767,38.62721417069243,0.0067096081588835215,30.06575415995706,2.13365539452496,1.1137949543746646,0.30193236714975846,0.3757380568974772,
16,27.449006977992486,38.57353730542136,0.0067096081588835215,30.04562533548041,2.13365539452496,1.1137949543746646,0.30193236714975846,0.3757380568974772,
17,27.79790660225443,38.405797101449274,0.0067096081588835215,29.864465915190554,2.13365539452496,1.1137949543746646,0.30193236714975846,0.3757380568974772,
18,28.08641975308642,37.9898013955985,0.3757380568974772,29.62962962962963,2.13365539452496,1.1137949543746646,0.30193236714975846,0.36902844873859364,
19,24.852388620504563,34.77589908749329,0.3757380568974772,34.99060654857756,2.13365539452496,2.2074610842726785,0.30193236714975846,0.36231884057971014,
20,25.348899624261943,34.4873859366613,0.3757380568974772,34.78260869565217,2.13365539452496,2.2074610842726785,0.30193236714975846,0.36231884057971014,
21,25.509930220075148,34.43370907139023,0.3757380568974772,34.5276435856146,2.281266774020397,2.2074610842726785,0.30193236714975846,0.36231884057971014,
22,25.389157273215243,31.561996779388085,0.0067096081588835215,37.855609232420825,2.214170692431562,2.1940418679549114,0.41599570585077833,0.36231884057971014,
23,24.12104133118626,30.293880837359097,0.0067096081588835215,40.163714439076756,2.214170692431562,2.1806226516371443,0.7514761137949544,0.2683843263553409,
24,22.04777241009125,29.716854535695116,0.0067096081588835215,42.31749865807837,2.7106816961889426,2.1806226516371443,0.7514761137949544,0.2683843263553409,
25,18.773483628556093,34.10493827160494,0.0067096081588835215,40.203972088030056,2.13365539452496,2.2410091250670963,0.8454106280193237,1.6908212560386473,
26,18.364197530864196,29.166666666666668,,45.69914117015566,1.9927536231884058,2.2410091250670963,0.8454106280193237,1.6908212560386473,
27,18.739935587761675,28.904991948470208,,45.60520665593129,1.9927536231884058,2.2410091250670963,0.8252818035426731,1.6908212560386473,
28,17.814009661835748,26.019860440150296,0.20799785292538917,49.22839506172839,1.9927536231884058,2.2410091250670963,0.8051529790660226,1.6908212560386473,
29,18.270263016639827,25.85882984433709,0.20799785292538917,48.993558776167475,1.932367149758454,2.2410091250670963,0.8051529790660226,1.6908212560386473,
30,18.223295759527645,24.02710681696189,0.7648953301127214,46.443907675791735,1.932367149758454,6.139291465378422,0.7783145464304885,1.6908212560386473,
31,18.988191089640367,23.960010735373054,0.7648953301127214,45.571658615136876,1.932367149758454,5.991680085882985,0.7783145464304885,2.0128824476650564,
32,19.363929146537842,23.879495437466453,0.7648953301127214,45.276435856146,1.932367149758454,5.991680085882985,0.7783145464304885,2.0128824476650564,
33,19.290123456790123,22.21551261406334,0.7648953301127214,43.67954911433172,1.932367149758454,9.426999463231347,0.7783145464304885,1.9122383252818036,
34,19.316961889425656,18.800322061191626,0.7648953301127214,47.376543209876544,1.932367149758454,9.151905528717123,0.7447665056360708,1.9122383252818036,
35,18.431293612453032,21.296296296296298,0.8923778851315083,46.05475040257649,1.932367149758454,8.507783145464305,0.9930220075147611,1.892109500805153,
36,15.076489533011273,29.55582393988191,0.8923778851315083,41.646537842190014,1.8988191089640365,8.28636607622115,0.8789586688137413,1.7646269457863661,
37,15.304616210413311,29.334406870638755,0.8454106280193237,38.96269457863661,1.8988191089640365,11.117820719269995,0.8789586688137413,1.6572732152442298,
38,15.942028985507246,29.106280193236714,0.8454106280193237,38.687600644122384,1.8719806763285025,11.010466988727858,0.8789586688137413,1.6572732152442298,
39,16.163446054750402,28.951959205582394,0.8454106280193237,38.63392377885131,1.8719806763285025,10.997047772410092,0.8789586688137413,1.6572732152442298,
40,16.478797638217927,28.63660762211487,0.8454106280193237,39.432367149758456,2.15378421900161,9.977187332259795,0.8454106280193237,1.6304347826086956,
41,14.63365539452496,31.95786366076221,0.8454106280193237,37.84219001610306,2.15378421900161,9.970477724100913,1.0869565217391304,1.5096618357487923,
42,13.345410628019323,26.88539989264627,0.8454106280193237,46.57139023081052,1.724369296833065,8.494363929146537,0.8252818035426731,1.3083735909822867,
43,12.47987117552335,25.691089640365004,0.8454106280193237,48.14143853998927,1.724369296833065,8.447396672034353,1.3620504562533549,1.3083735909822867,
44,12.567096081588835,25.603864734299517,0.3488996242619431,49.033816425120776,1.6639828234031133,7.9106280193236715,1.3620504562533549,1.5096618357487923,
45,12.76838432635534,25.41599570585078,0.3488996242619431,48.88620504562534,1.5901771336553945,7.9106280193236715,1.570048309178744,1.5096618357487923,
46,13.070316693505099,25.32206119162641,0.3488996242619431,48.678207192699944,1.5901771336553945,7.9106280193236715,1.570048309178744,1.5096618357487923,
47,11.621041331186259,22.5979602791197,0.3421900161030596,43.71309715512614,1.5901771336553945,16.183574879227052,3.193773483628556,0.7581857219538379,
48,12.057165861513688,22.41009125067096,0.3421900161030596,43.592324208266234,1.5633387010198605,16.0829307568438,3.193773483628556,0.7581857219538379,
49,12.385936661298981,22.342995169082126,0.3421900161030596,43.37090713902308,1.5633387010198605,16.0426731078905,3.193773483628556,0.7581857219538379,
50,12.68786902844874,22.208803005904453,0.3421900161030596,43.19645732689211,1.5633387010198605,15.935319377348362,3.307836822329576,0.7581857219538379,
51,13.043478260869565,22.16183574879227,0.3421900161030596,43.11594202898551,1.5633387010198605,15.72061191626409,3.294417606011809,0.7581857219538379,
52,13.600375738056897,21.967257112184647,0.3421900161030596,42.80730005367686,1.5633387010198605,15.666935050993022,3.294417606011809,0.7581857219538379,
53,14.083467525496511,21.960547504025765,0.3421900161030596,42.43827160493827,1.5633387010198605,15.559581320450885,3.294417606011809,0.7581857219538379,
54,13.902308105206655,21.692163177670423,0.3421900161030596,44.900697799248526,1.5633387010198605,12.95625335480408,3.8848631239935587,0.7581857219538379,
55,13.251476113794954,21.195652173913043,0.3421900161030596,49.85909822866345,1.5633387010198605,9.567901234567902,3.4621578099838968,0.7581857219538379,
56,12.929414922168545,20.7662372517445,0.3421900161030596,51.97933440687064,1.5633387010198605,7.702630166398282,3.9586688137412773,0.7581857219538379,
57,12.93612453032743,18.98148148148148,0.3421900161030596,51.55662909286098,2.1739130434782608,9.863123993558776,3.435319377348363,0.7112184648416533,
58,12.124261943102523,14.714170692431562,0.5032206119162641,56.28690284487386,1.9860440150295222,11.594202898550725,1.8786902844873858,0.9125067096081588,
59,11.225174449812132,11.808910359634996,0.30864197530864196,59.23913043478261,0.9192163177670424,14.231078904991948,1.570048309178744,0.6977992485238862,
60,11.822329575952764,11.802200751476114,0.30864197530864196,53.81105743424584,0.9192163177670424,19.122383252818036,1.570048309178744,0.644122383252818,
61,11.540526033279656,11.701556629092861,0.30864197530864196,48.168276972624795,0.9192163177670424,25.617283950617285,1.5633387010198605,0.18115942028985507,
62,11.882716049382717,11.668008588298443,0.30864197530864196,47.92673107890499,0.8588298443370908,25.6105743424584,1.5633387010198605,0.18115942028985507,
63,12.211486849168008,11.668008588298443,0.30864197530864196,47.698604401502955,0.8588298443370908,25.509930220075148,1.5633387010198605,0.18115942028985507,
64,12.68786902844874,11.520397208803006,0.30864197530864196,47.497316156736446,0.8588298443370908,25.44283413848631,1.5029522275899088,0.18115942028985507,
65,12.922705314009661,11.3593666129898,0.30864197530864196,44.256575415995705,0.8588298443370908,28.462157809983896,1.6505636070853462,0.18115942028985507,
66,13.352120236178207,11.292270531400966,0.30864197530864196,43.98148148148148,0.8588298443370908,28.37493290391841,1.6505636070853462,0.18115942028985507,
67,12.171229200214707,10.540794417606012,1.3888888888888888,49.12775093934514,0.5837359098228664,24.44981213097155,1.6103059581320451,0.1274825550187869,
68,12.25174449812131,7.695920558239399,6.843800322061192,47.78582930756844,0.5837359098228664,23.423242082662373,1.288244766505636,0.1274825550187869,
69,12.620772946859903,7.695920558239399,6.769994632313473,47.49060654857756,1.5432098765432098,22.490606548577563,1.261406333870102,0.1274825550187869,
70,12.875738056897477,7.561728395061729,6.769994632313473,46.69216317767042,1.5432098765432098,22.705314009661837,1.2345679012345678,0.5032206119162641,0.11406333870101985
71,12.567096081588835,6.286902844873859,9.702093397745571,42.673107890499196,1.5432098765432098,25.05367686527107,1.288244766505636,0.7716049382716049,0.11406333870101985
72,12.869028448738593,6.286902844873859,9.702093397745571,40.51932367149758,3.603059581320451,24.84567901234568,1.288244766505636,0.7716049382716049,0.11406333870101985
73,13.003220611916264,6.246645195920558,9.997316156736447,39.53301127214171,3.603059581320451,24.818840579710145,1.9122383252818036,0.7716049382716049,0.11406333870101985
74,13.264895330112722,6.246645195920558,9.997316156736447,39.472624798711756,3.603059581320451,24.630971551261407,1.8988191089640365,0.7716049382716049,0.11406333870101985
75,13.955984970477724,6.233225979602791,9.936929683306495,39.150563607085346,3.603059581320451,24.355877616747183,1.8786902844873858,0.7716049382716049,0.11406333870101985
76,14.412238325281804,6.233225979602791,9.829575952764358,38.98282340311326,3.603059581320451,24.235104669887278,1.8786902844873858,0.7112184648416533,0.11406333870101985
77,13.285024154589372,6.072195383789587,10.997047772410092,45.53811057434246,3.603059581320451,17.807300053676865,1.8719806763285025,0.7112184648416533,0.11406333870101985
78,13.24476650563607,6.038647342995169,10.983628556092324,44.96108427267848,3.69699409554482,17.773752012882447,2.301395598497048,0.8856682769726248,0.11406333870101985
79,13.425925925925926,6.031937734836285,8.93719806763285,40.45893719806763,8.474235104669887,19.83360171765969,1.8384326355340848,0.8856682769726248,0.11406333870101985
80,14.217659688674182,5.884326355340848,9.044551798174986,40.17042404723564,8.440687063875469,19.404186795491142,1.8384326355340848,0.8856682769726248,0.11406333870101985
81,10.929951690821255,3.4621578099838968,8.729200214707461,47.97369833601718,7.890499194847021,18.4044551798175,1.751207729468599,0.7447665056360708,0.11406333870101985
82,10.654857756307031,3.435319377348363,6.837090713902308,50.83199141170156,7.863660762211487,17.66639828234031,1.751207729468599,0.8454106280193237,0.11406333870101985
83,11.621041331186259,3.388352120236178,7.118894256575416,50.1207729468599,7.648953301127214,17.16988727858293,1.9726247987117553,0.8454106280193237,0.11406333870101985
84,11.379495437466453,3.388352120236178,6.984702093397746,54.53569511540526,6.5485775630703165,14.27133655394525,2.3349436392914655,0.4428341384863124,0.11406333870101985
85,11.60762211486849,3.388352120236178,6.702898550724638,57.22624798711755,5.01207729468599,13.278314546430488,2.227589908749329,0.4428341384863124,0.11406333870101985
86,12.02361782071927,3.388352120236178,6.66935050993022,56.857219538378956,4.998658078368224,13.278314546430488,2.227589908749329,0.4428341384863124,0.11406333870101985
87,10.869565217391305,3.0931293612453032,6.3070316693505095,65.9151905528717,3.992216854535695,7.219538378958669,2.01959205582394,0.5837359098228664,
88,11.218464841653248,3.0864197530864197,6.246645195920558,65.6333870101986,3.992216854535695,7.219538378958669,2.01959205582394,0.5837359098228664,
89,7.575147611379496,2.6435856146001075,5.60252281266774,70.35695115405261,3.851315083199141,7.219538378958669,1.6975308641975309,1.0534084809447128,
90,7.729468599033816,2.6435856146001075,5.60252281266774,70.24288781535158,3.851315083199141,7.219538378958669,1.6572732152442298,1.0534084809447128,
91,7.997852925389157,2.6435856146001075,5.730005367686527,69.9476650563607,3.851315083199141,7.118894256575416,1.6572732152442298,1.0534084809447128,
92,8.031400966183575,2.6435856146001075,5.730005367686527,68.26355340848094,3.750670960815888,8.870101986044014,1.6572732152442298,1.0534084809447128,
93,8.561460010735374,2.5966183574879227,5.535426731078905,67.69994632313472,3.8915727321524423,8.870101986044014,1.6572732152442298,1.1876006441223832,
94,8.917069243156199,2.5966183574879227,5.508588298443371,67.45840042941492,3.8915727321524423,8.78287707997853,1.6572732152442298,1.1876006441223832,
95,9.50751476113795,2.5429414922168547,5.475040257648954,66.98201825013419,3.8915727321524423,8.776167471819646,1.6572732152442298,1.1674718196457328,
96,9.722222222222221,2.5429414922168547,5.4549114331723025,66.82769726247987,3.8915727321524423,8.735909822866345,1.6572732152442298,1.1674718196457328,
97,9.856414385399892,2.5295222758990876,5.4549114331723025,66.59957058507783,3.8580246913580245,8.709071390230811,1.6572732152442298,1.3352120236178207,
98,10.312667740203972,2.5026838432635534,5.4549114331723025,66.27750939345142,3.8580246913580245,8.61513687600644,1.6572732152442298,1.3217928073000538,
99,11.084272678475577,2.5026838432635534,5.287171229200215,65.92860976918948,3.824476650563607,8.393719806763285,1.6572732152442298,1.3217928073000538,
100,11.741814278046162,2.395330112721417,5.367686527106817,65.4320987654321,3.824476650563607,8.259527643585615,1.6572732152442298,1.3217928073000538,
101,11.936392914653783,2.368491680085883,5.367686527106817,65.26435856146001,3.824476650563607,8.259527643585615,1.6572732152442298,1.3217928073000538,
102,11.513687600644122,2.368491680085883,5.434782608695652,56.26677402039721,2.7241009125067097,19.008319914117017,1.6438539989264627,1.0399892646269457,
103,11.29898013955985,2.368491680085883,5.683038110574342,56.474771873322595,2.7241009125067097,18.766774020397207,1.6438539989264627,1.0399892646269457,
104,11.75523349436393,2.314814814814815,5.649490069779925,56.146001073537306,2.6838432635534084,18.766774020397207,1.6438539989264627,1.0399892646269457,
105,12.016908212560386,2.314814814814815,5.649490069779925,55.97155126140633,2.6838432635534084,18.679549114331724,1.6438539989264627,1.0399892646269457,
106,12.466451959205582,2.2946859903381642,5.595813204508857,55.823939881910896,2.6838432635534084,18.451422436929683,1.6438539989264627,1.0399892646269457,
107,13.01663982823403,2.2946859903381642,5.515297906602254,55.421363392377884,2.6167471819645733,18.451422436929683,1.6438539989264627,1.0399892646269457,
108,13.79495437466452,2.2946859903381642,5.434782608695652,54.75711218464841,2.6167471819645733,18.303811057434245,1.7579173376274826,1.0399892646269457,
109,13.88888888888889,2.2946859903381642,5.434782608695652,54.67659688674181,2.6167471819645733,18.290391841116477,1.7579173376274826,1.0399892646269457,
110,13.553408480944713,2.2946859903381642,5.434782608695652,55.152979066022546,2.6167471819645733,18.223295759527645,1.6841116478797638,1.0399892646269457,
111,14.06333870101986,2.2879763821792807,5.347557702630167,54.8845947396672,2.6167471819645733,18.10252281266774,1.6572732152442298,1.0399892646269457,
112,14.928878153515834,2.2074610842726785,5.58239398819109,54.180085882984436,2.6167471819645733,17.881105743424584,1.596886741814278,1.0064412238325282,
113,12.52012882447665,1.8988191089640365,5.367686527106817,55.54884594739667,1.8853998926462694,20.041599570585078,1.596886741814278,1.1406333870101986,
114,12.929414922168545,1.8988191089640365,5.246913580246914,55.092592592592595,1.865271068169619,19.860440150295222,1.9659151905528718,1.1406333870101986,
115,13.493022007514762,1.8988191089640365,5.246913580246914,54.448470209339774,2.2946859903381642,19.51154052603328,1.9659151905528718,1.1406333870101986,
116,13.674181427804616,1.8988191089640365,5.246913580246914,54.28743961352657,2.2946859903381642,19.49141170155663,1.9659151905528718,1.1406333870101986,
117,13.264895330112722,1.8786902844873858,5.2066559312936125,55.87761674718197,2.2946859903381642,19.129092860976918,1.4090177133655395,0.9393451422436929,
118,11.81561996779388,1.8317230273752012,2.7643585614600106,65.48577563070317,2.214170692431562,13.774825550187868,1.3083735909822867,0.8051529790660226,
119,12.52012882447665,1.8115942028985508,2.7643585614600106,64.81481481481481,2.214170692431562,13.620504562533547,1.3083735909822867,0.9460547504025765,
120,11.77536231884058,1.7847557702630166,2.5295222758990876,65.80112721417069,2.214170692431562,9.608158883521202,5.340848094471283,0.9460547504025765,
121,9.581320450885668,1.1272141706924315,2.24771873322598,72.67176596886742,0.9259259259259259,7.695920558239399,4.804079441760601,0.9460547504025765,
122,10.037573805689748,1.1272141706924315,2.24771873322598,72.16854535695116,0.9259259259259259,7.695920558239399,4.804079441760601,0.9930220075147611,
123,10.63472893183038,1.1272141706924315,2.24771873322598,71.57139023081052,0.9259259259259259,7.695920558239399,4.804079441760601,0.9930220075147611,
124,10.654857756307031,1.1272141706924315,2.24771873322598,70.53140096618357,0.9259259259259259,7.695920558239399,4.804079441760601,2.0128824476650564,
125,11.16478797638218,1.1272141706924315,2.24771873322598,69.92753623188406,0.9259259259259259,7.695920558239399,4.898013955984971,2.0128824476650564,
126,11.473429951690822,1.1272141706924315,2.2410091250670963,69.6256038647343,0.9259259259259259,7.695920558239399,4.898013955984971,2.0128824476650564,
127,12.030327428878154,1.1272141706924315,2.2410091250670963,69.34380032206118,0.9259259259259259,7.447665056360709,4.871175523349437,2.0128824476650564,
128,12.526838432635534,1.1272141706924315,2.2410091250670963,68.31723027375202,0.9259259259259259,7.380568974771873,5.46833064949007,2.0128824476650564,
129,10.72866344605475,0.8923778851315083,1.107085346215781,74.53032742887815,0.9259259259259259,4.790660225442834,5.609232420826624,1.415727321524423,
130,10.889694041867955,0.8856682769726248,1.107085346215781,74.43639291465378,0.9259259259259259,4.790660225442834,5.548845947396672,1.415727321524423,
131,11.714975845410628,0.8856682769726248,1.107085346215781,73.56414385399893,0.9259259259259259,4.783950617283951,5.60252281266774,1.415727321524423,
132,12.224906065485776,0.8856682769726248,1.107085346215781,73.06092324208267,0.8185721953837896,4.7638217928073,5.60252281266774,1.5365002683843263,
133,12.567096081588835,0.8856682769726248,1.107085346215781,72.73215244229738,0.8185721953837896,4.750402576489533,5.60252281266774,1.5365002683843263,
134,12.607353730542137,0.8856682769726248,1.1003757380568975,69.12909286097693,4.3478260869565215,4.663177670424047,5.60252281266774,1.6639828234031133,
135,13.056897477187333,0.8856682769726248,1.1003757380568975,68.66612989801395,4.26731078904992,4.616210413311863,5.743424584004294,1.6639828234031133,
136,13.378958668813741,0.8856682769726248,1.1003757380568975,68.45813204508856,4.1532474503489,4.616210413311863,5.743424584004294,1.6639828234031133,
137,13.727858293075684,0.8856682769726248,1.1003757380568975,67.69994632313472,4.1129898013955986,4.616210413311863,5.642780461621041,2.214170692431562,
138,14.049919484702093,0.8655394524959742,1.1003757380568975,67.51878690284488,4.005636070853462,4.616210413311863,5.629361245303274,2.214170692431562,
139,12.97638217928073,0.8655394524959742,1.1003757380568975,68.94122383252818,4.005636070853462,4.26731078904992,5.629361245303274,2.214170692431562,
140,13.439345142243694,0.8655394524959742,1.1003757380568975,68.24342458400429,4.005636070853462,4.26731078904992,5.629361245303274,2.4490069779924855,
141,13.942565754159958,0.8655394524959742,1.1003757380568975,67.76704240472357,4.005636070853462,4.26731078904992,5.629361245303274,2.4221685453569513,
142,14.42565754159957,0.8655394524959742,1.1003757380568975,67.49865807836822,4.005636070853462,4.200214707461084,5.481749865807837,2.4221685453569513,
143,14.533011272141707,0.8655394524959742,1.1003757380568975,67.3913043478261,4.005636070853462,4.200214707461084,5.481749865807837,2.4221685453569513,
144,16.09634997316157,0.8655394524959742,1.093666129898014,66.04938271604938,3.965378421900161,4.200214707461084,5.307300053676865,2.4221685453569513,
145,16.304347826086957,0.8655394524959742,1.093666129898014,65.9151905528717,3.864734299516908,4.200214707461084,5.293880837359098,2.462426194310252,
146,16.888083735909824,0.8655394524959742,1.093666129898014,65.26435856146001,3.8378958668813743,4.200214707461084,5.246913580246914,2.6033279656468062,
147,17.196725711218466,0.8655394524959742,1.093666129898014,64.99597423510467,3.8378958668813743,4.159957058507783,5.246913580246914,2.6033279656468062,
148,17.881105743424584,0.8655394524959742,1.093666129898014,64.52630166398282,3.7037037037037037,4.079441760601181,5.246913580246914,2.6033279656468062,
149,18.21658615136876,0.8655394524959742,1.093666129898014,64.03650026838433,3.7037037037037037,4.079441760601181,5.246913580246914,2.757648953301127,
150,18.283682232957595,0.8185721953837896,1.093666129898014,63.747987117552334,3.7037037037037037,4.079441760601181,5.246913580246914,3.026033279656468,
151,18.183038110574344,0.7716049382716049,1.093666129898014,61.580783682232955,3.7037037037037037,6.494900697799249,5.381105743424584,2.791196994095545,
152,16.82769726247987,0.7716049382716049,1.06682769726248,55.723295759527645,11.708266237251744,5.770263016639828,5.636070853462158,2.49597423510467,
153,17.66639828234031,0.7716049382716049,1.06682769726248,55.03891572732152,11.446591519055287,5.723295759527644,5.790391841116479,2.49597423510467,
154,18.115942028985508,0.7716049382716049,1.06682769726248,54.851046698872786,11.446591519055287,5.642780461621041,5.609232420826624,2.49597423510467,
155,18.391035963499732,0.7514761137949544,1.06682769726248,54.6430488459474,11.426462694578637,5.642780461621041,5.609232420826624,2.4691358024691357,
156,18.82716049382716,0.7514761137949544,1.06682769726248,54.106280193236714,11.245303274288782,5.609232420826624,5.763553408480945,2.6301663982823404,
157,19.061996779388085,0.7514761137949544,1.06682769726248,53.918411164787976,11.245303274288782,5.589103596349974,5.736714975845411,2.6301663982823404,
158,19.236446591519055,0.7514761137949544,1.06682769726248,53.75067096081589,11.245303274288782,5.589103596349974,5.736714975845411,2.623456790123457,
159,19.37734836285561,0.7514761137949544,1.06682769726248,53.65002683843264,11.20504562533548,5.589103596349974,5.736714975845411,2.623456790123457,
160,19.082125603864736,0.7514761137949544,2.898550724637681,52.12023617820719,11.198336017176597,5.589103596349974,5.736714975845411,2.623456790123457,
161,19.39747718733226,0.7514761137949544,2.8515834675254963,51.972624798711756,11.171497584541063,5.5756843800322065,5.656199677938808,2.623456790123457,
162,19.92753623188406,0.7514761137949544,2.8515834675254963,51.549919484702095,11.064143853998926,5.522007514761138,5.709876543209877,2.623456790123457,
163,20.417337627482556,0.7514761137949544,2.8515834675254963,50.80515297906602,11.044015029522276,5.515297906602254,5.676328502415459,2.9388083735909825,
164,20.8467525496511,0.7514761137949544,2.8247450348899625,50.52334943639291,11.017176596886742,5.515297906602254,5.615942028985507,2.9052603327965647,
165,21.054750402576488,0.7514761137949544,2.8247450348899625,50.436124530327426,10.950080515297907,5.515297906602254,5.615942028985507,2.8515834675254963,
166,21.30300590445518,0.7447665056360708,2.636876006441224,50.18115942028985,10.943370907139023,5.515297906602254,5.615942028985507,3.0595813204508855,
167,22.067901234567902,0.7447665056360708,2.636876006441224,49.49677938808374,10.856146001073537,5.407944176060118,5.615942028985507,3.0595813204508855,0.11406333870101985
168,22.27589908749329,0.7447665056360708,2.636876006441224,48.75872249060655,10.856146001073537,5.407944176060118,5.60252281266774,3.603059581320451,0.11406333870101985
169,22.134997316156735,0.7447665056360708,2.4020397208803006,48.28234031132582,11.943102522812667,5.381105743424584,5.60252281266774,3.3950617283950617,0.11406333870101985
170,22.517444981213096,0.7447665056360708,2.38191089640365,47.95356951154053,11.943102522812667,5.367686527106817,5.60252281266774,3.374932903918411,0.11406333870101985
171,17.16988727858293,0.2281266774020397,1.932367149758454,37.82206119162641,11.688137412775093,23.1280193236715,4.891304347826087,3.026033279656468,0.11406333870101985
172,17.384594739667204,0.2281266774020397,2.314814814814815,37.5402576489533,11.594202898550725,22.906602254428343,4.891304347826087,3.026033279656468,0.11406333870101985
173,17.619431025228128,0.2281266774020397,2.314814814814815,37.4194847020934,11.493558776167472,22.893183038110575,4.891304347826087,3.026033279656468,0.11406333870101985
174,17.673107890499196,0.2281266774020397,2.314814814814815,36.8491680085883,11.493558776167472,22.893183038110575,5.407944176060118,3.026033279656468,0.11406333870101985
175,18.015297906602253,0.2281266774020397,2.314814814814815,36.62775093934514,11.493558776167472,22.81266774020397,5.367686527106817,3.026033279656468,0.11406333870101985
176,17.60601180891036,0.2281266774020397,1.1272141706924315,40.57300053676865,11.486849168008588,22.309447128287708,3.556092324208266,2.999194847020934,0.11406333870101985
177,17.867686527106816,0.2281266774020397,0.9863123993558777,40.41196994095545,11.453301127214171,22.249060654857757,3.7037037037037037,2.985775630703167,0.11406333870101985
178,18.344068706387546,0.2281266774020397,0.9863123993558777,40.06977992485239,11.453301127214171,22.19538378958669,3.7037037037037037,2.9052603327965647,0.11406333870101985
179,18.632581857219538,0.2281266774020397,0.9863123993558777,39.81481481481482,11.419753086419753,22.19538378958669,3.7037037037037037,2.9052603327965647,0.11406333870101985
180,19.43102522812668,0.2281266774020397,0.9863123993558777,39.18411164787977,11.419753086419753,22.094739667203434,3.6366076221148687,2.9052603327965647,0.11406333870101985
181,20.209339774557165,0.2281266774020397,0.9863123993558777,38.65405260332797,11.419753086419753,21.846484165324746,3.6366076221148687,2.9052603327965647,0.11406333870101985
182,20.558239398819108,0.2281266774020397,0.9863123993558777,38.53327965646806,11.372785829307569,21.69887278582931,3.6366076221148687,2.871712292002147,0.11406333870101985
183,20.893719806763286,0.2281266774020397,0.9863123993558777,38.33199141170156,11.345947396672035,21.658615136876005,3.6366076221148687,2.804616210413312,0.11406333870101985
184,19.75979602791197,0.2281266774020397,0.9460547504025765,44.578636607622116,9.73564143853999,17.619431025228128,4.0995705850778315,2.918679549114332,0.11406333870101985
185,20.001341921631777,0.2281266774020397,0.9460547504025765,44.29012345679013,9.73564143853999,17.538915727321523,4.0995705850778315,3.046162104133119,0.11406333870101985
186,20.135534084809446,0.2281266774020397,0.9460547504025765,44.015029522275896,9.73564143853999,17.538915727321523,4.0995705850778315,3.1870638754696725,0.11406333870101985
187,20.397208803005906,0.2281266774020397,1.3083735909822867,43.612453032742884,9.71551261406334,17.411433172302736,4.032474503488996,3.1870638754696725,0.10735373054213634
188,20.947396672034355,0.2281266774020397,1.3083735909822867,43.08910359634997,9.708803005904455,17.391304347826086,4.032474503488996,3.1870638754696725,0.10735373054213634
189,21.71900161030596,0.2147074610842727,1.6706924315619969,42.51207729468599,9.708803005904455,17.163177670424048,4.032474503488996,2.871712292002147,0.10735373054213634
190,22.21551261406334,0.2147074610842727,1.6572732152442298,42.04240472356415,9.420289855072463,17.163177670424048,4.320987654320987,2.85829307568438,0.10735373054213634
191,22.6784755770263,0.2147074610842727,1.6572732152442298,41.686795491143315,9.400161030595813,17.07595276435856,4.320987654320987,2.85829307568438,0.10735373054213634
192,22.23564143853999,0.2147074610842727,1.6572732152442298,39.76784755770263,9.292807300053678,19.77992485238862,4.320987654320987,2.623456790123457,0.10735373054213634
193,22.38996242619431,0.2147074610842727,1.6572732152442298,38.96269457863661,9.292807300053678,19.753086419753085,4.998658078368224,2.623456790123457,0.10735373054213634
194,22.490606548577563,0.2147074610842727,1.6572732152442298,38.95598497047772,9.27938808373591,19.672571121846484,4.998658078368224,2.623456790123457,0.10735373054213634
195,22.886473429951693,0.2147074610842727,1.6572732152442298,38.6003757380569,9.27938808373591,19.632313472893184,4.998658078368224,2.623456790123457,0.10735373054213634
196,23.255501878690286,0.2147074610842727,1.6572732152442298,38.35882984433709,9.27938808373591,19.565217391304348,4.958400429414922,2.6033279656468062,0.10735373054213634
197,23.62453032742888,0.2147074610842727,1.6572732152442298,38.036768652710684,9.27938808373591,19.558507783145465,4.958400429414922,2.563070316693505,0.10735373054213634
198,24.335748792270532,0.2147074610842727,1.6572732152442298,37.714707461084274,9.084809447128288,19.363929146537842,4.958400429414922,2.563070316693505,0.10735373054213634
199,24.738325281803544,0.2147074610842727,1.6572732152442298,37.40606548577563,9.064680622651638,19.296833064949006,4.958400429414922,2.5563607085346214,0.10735373054213634
200,25.207997852925388,0.2147074610842727,1.6572732152442298,36.983360171765966,9.138486312399356,19.256575415995705,4.87788513150832,2.5563607085346214,0.10735373054213634
201,24.46323134728932,0.2147074610842727,3.374932903918411,35.71524422973698,9.131776704240472,18.988191089640367,5.683038110574342,2.3215244229736984,0.10735373054213634
202,24.825550187869027,0.2147074610842727,3.361513687600644,35.14492753623188,8.923778851315083,18.894256575415994,6.280193236714976,2.24771873322598,0.10735373054213634
203,25.09393451422437,0.2147074610842727,3.3480944712828773,34.957058507783145,8.896940418679549,18.874127750939344,6.280193236714976,2.227589908749329,0.10735373054213634
204,25.308641975308642,0.2147074610842727,3.3279656468062266,34.86983360171766,8.883521202361782,18.840579710144926,6.219806763285024,2.227589908749329,0.10735373054213634
205,25.45625335480408,0.2147074610842727,3.3279656468062266,34.72222222222222,8.883521202361782,18.840579710144926,6.219806763285024,2.227589908749329,0.10735373054213634
206,25.577026301663984,0.2147074610842727,3.7372517444981215,34.447128287708,9.178743961352657,18.49838969404187,6.011808910359635,2.227589908749329,0.10735373054213634
207,26.207729468599034,0.2147074610842727,3.7372517444981215,33.923778851315085,9.172034353193773,18.47826086956522,5.998389694041868,2.1604938271604937,0.10735373054213634
208,26.570048309178745,0.2147074610842727,3.7372517444981215,33.69565217391305,9.111647879763822,18.417874396135264,5.998389694041868,2.147074610842727,0.10735373054213634
209,26.952495974235106,0.2147074610842727,3.7104133118625873,33.60842726784756,9.017713365539452,17.975040257648953,6.266774020397209,2.147074610842727,0.10735373054213634
210,27.274557165861513,0.2147074610842727,3.7104133118625873,33.48094471282877,8.849973161567364,17.975040257648953,6.239935587761675,2.147074610842727,0.10735373054213634
211,27.241009125067094,0.2147074610842727,3.7104133118625873,32.6154052603328,7.353730542136339,20.833333333333332,5.917874396135265,2.006172839506173,0.10735373054213634
212,27.623456790123456,0.2147074610842727,3.7104133118625873,32.347020933977454,7.333601717659689,20.779656468062264,5.877616747181965,2.006172839506173,0.10735373054213634
213,28.046162104133117,0.20128824476650564,3.7640901771336552,31.97128287707998,7.4141170155662905,20.739398819108963,5.763553408480945,1.9927536231884058,0.10735373054213634
214,28.30112721417069,0.20128824476650564,3.7640901771336552,31.944444444444443,7.246376811594203,20.679012345679013,5.763553408480945,1.9927536231884058,0.10735373054213634
215,26.90552871712292,0.20128824476650564,3.717122920021471,40.98899624261943,2.2208803005904456,18.5252281266774,5.381105743424584,1.9524959742351047,0.10735373054213634
216,26.979334406870638,0.20128824476650564,3.717122920021471,40.88835212023618,2.2208803005904456,18.391035963499732,5.381105743424584,2.1135265700483092,0.10735373054213634
217,27.361782071927,0.20128824476650564,3.717122920021471,40.687063875469676,2.2208803005904456,18.303811057434245,5.273752012882448,2.2342995169082127,
218,27.47584541062802,0.20128824476650564,3.717122920021471,40.29119699409554,2.2074610842726785,18.23671497584541,5.273752012882448,2.5966183574879227,
219,27.81803542673108,0.20128824476650564,3.670155662909286,40.15700483091788,2.2074610842726785,18.095813204508858,5.253623188405797,2.5966183574879227,
220,28.08641975308642,0.20128824476650564,3.3682232957595275,39.62023617820719,2.8784219001610305,18.06226516371444,5.2066559312936125,2.576489533011272,
221,28.16022544283414,0.20128824476650564,3.515834675254965,39.40552871712292,2.8784219001610305,18.06226516371444,5.199946323134729,2.576489533011272,
222,28.415190552871714,0.20128824476650564,3.515834675254965,39.34514224369297,2.8784219001610305,17.961621041331185,5.199946323134729,2.4825550187869028,
223,28.683574879227052,0.20128824476650564,3.3950617283950617,39.23778851315083,2.8784219001610305,17.934782608695652,5.186527106816962,2.4825550187869028,
224,28.958668813741276,0.20128824476650564,3.321256038647343,39.05662909286098,2.8784219001610305,17.914653784219002,5.186527106816962,2.4825550187869028,
225,29.2337627482555,0.20128824476650564,3.321256038647343,38.88217928073001,2.8784219001610305,17.881105743424584,5.152979066022544,2.4490069779924855,
226,29.56924315619968,0.20128824476650564,3.321256038647343,38.6406333870102,2.818035426731079,17.67981749865808,5.360976918947934,2.408749329039184,
227,29.777241009125067,0.20128824476650564,3.321256038647343,38.439345142243695,2.818035426731079,17.67981749865808,5.35426731078905,2.408749329039184,
228,29.904723564143854,0.20128824476650564,3.321256038647343,38.36553945249597,2.818035426731079,17.62614063338701,5.35426731078905,2.408749329039184,
229,30.307300053676865,0.20128824476650564,3.321256038647343,38.22463768115942,2.818035426731079,17.411433172302736,5.307300053676865,2.408749329039184,
230,30.454911433172303,0.20128824476650564,3.321256038647343,38.137412775093935,2.818035426731079,17.411433172302736,5.293880837359098,2.3617820719269993,
231,30.589103596349972,0.20128824476650564,3.321256038647343,38.06360708534621,2.818035426731079,17.391304347826086,5.253623188405797,2.3617820719269993,
232,30.931293612453032,0.20128824476650564,3.321256038647343,37.9495437466452,2.818035426731079,17.223564143854,5.246913580246914,2.3081052066559313,
233,31.21309715512614,0.20128824476650564,3.2675791733762747,37.82877079978529,2.818035426731079,17.21014492753623,5.166398282340311,2.2946859903381642,
234,29.777241009125067,0.20128824476650564,3.2206119162640903,42.632850241545896,2.4221685453569513,14.861782071927,5.10601180891036,1.778046162104133,
235,29.824208266237253,0.20128824476650564,3.2206119162640903,42.58588298443371,2.4221685453569513,14.861782071927,5.10601180891036,1.778046162104133,
236,30.213365539452496,0.20128824476650564,3.1333870101986045,42.51207729468599,2.4221685453569513,14.687332259796028,5.0858829844337095,1.7444981213097155,
237,30.3743961352657,0.20128824476650564,3.099838969404187,42.290660225442835,2.563070316693505,14.358561460010735,5.052334943639291,2.059849704777241,
238,30.750134192163177,0.20128824476650564,3.099838969404187,42.129629629629626,2.563070316693505,14.143853998926463,5.052334943639291,2.059849704777241,
239,31.15271068169619,0.20128824476650564,3.079710144927536,41.968599033816425,2.563070316693505,14.096886741814279,4.87788513150832,2.059849704777241,
240,31.776704240472355,0.20128824476650564,3.0730005367686526,40.72061191626409,2.536231884057971,13.955984970477724,5.676328502415459,2.059849704777241,
241,31.89747718733226,0.20128824476650564,3.046162104133119,40.61996779388084,3.099838969404187,13.519860440150294,5.676328502415459,1.9390767579173376,
242,32.024959742351044,0.20128824476650564,2.932098765432099,40.56629092860977,3.3145464304884595,13.519860440150294,5.501878690284487,1.9390767579173376,
243,32.25308641975309,0.20128824476650564,2.932098765432099,40.31132581857219,3.3145464304884595,13.493022007514762,5.501878690284487,1.9927536231884058,
244,32.88378958668814,0.20128824476650564,2.932098765432099,39.92216854535695,3.3145464304884595,13.331991411701557,5.4549114331723025,1.9592055823939882,
245,33.11862587224906,0.20128824476650564,2.932098765432099,39.78797638217928,3.294417606011809,13.291733762748256,5.414653784219001,1.9592055823939882,
246,33.581588835212024,0.20128824476650564,2.9253891572732154,39.398819108964034,3.294417606011809,13.264895330112722,5.374396135265701,1.9592055823939882,
247,33.9170692431562,0.20128824476650564,2.8515834675254963,39.18411164787977,3.294417606011809,13.217928073000536,5.374396135265701,1.9592055823939882,
248,34.21229200214707,0.20128824476650564,2.999194847020934,38.90230810520666,3.294417606011809,13.16425120772947,5.3274288781535155,1.8988191089640365,
249,34.66183574879227,0.20128824476650564,2.999194847020934,38.63392377885131,3.294417606011809,13.070316693505099,5.3274288781535155,1.8115942028985508,
250,34.936929683306495,0.20128824476650564,2.918679549114332,38.378958668813745,3.294417606011809,13.01663982823403,5.3274288781535155,1.9256575415995705,
251,35.41331186258722,0.20128824476650564,2.918679549114332,38.157541599570585,3.280998389694042,12.801932367149758,5.3274288781535155,1.8988191089640365,
252,35.83601717659689,0.20128824476650564,2.871712292002147,37.80193236714976,3.280998389694042,12.795222758990874,5.314009661835748,1.8988191089640365,
253,35.82259796027912,0.20128824476650564,2.871712292002147,37.23832528180354,3.280998389694042,12.72812667740204,5.515297906602254,2.341653247450349,
254,36.24530327428878,0.20128824476650564,2.7777777777777777,36.943102522812666,3.280998389694042,12.72812667740204,5.481749865807837,2.341653247450349,
255,36.540526033279654,0.20128824476650564,2.6704240472356413,36.41304347826087,3.2541599570585076,13.123993558776167,5.46833064949007,2.328234031132582,
256,37.2987117552335,0.20128824476650564,2.7509393451422435,35.98362855609233,3.1602254428341383,12.969672571121846,5.314009661835748,2.3215244229736984,
257,37.62748255501879,0.20128824476650564,2.7509393451422435,35.76221148684917,3.1602254428341383,12.93612453032743,5.307300053676865,2.254428341384863,
