,45,50,53,55,54,51,52,56,57,58
0,99.85238862050456,0.14761137949543746,,,,,,,,
1,85.35963499731616,14.640365002683843,,,,,,,,
2,85.60118089103597,14.398819108964037,,,,,,,,
3,82.93075684380032,16.921631776704242,0.14761137949543746,,,,,,,
4,77.26113794954375,22.73886205045625,,,,,,,,
5,69.44444444444444,30.555555555555557,,,,,,,,
6,67.94149221685454,31.93773483628556,,0.12077294685990338,,,,,,
7,68.02871712292003,31.850509930220074,,0.12077294685990338,,,,,,
8,57.96430488459474,41.91492216854536,,0.12077294685990338,,,,,,
9,58.071658615136876,40.693773483628554,0.24154589371980675,0.2683843263553409,0.7246376811594203,,,,,
10,54.63633923778851,43.79361245303274,0.24154589371980675,0.3488996242619431,0.9796027911969941,,,,,
11,46.47745571658615,52.47584541062802,0.24154589371980675,0.08051529790660225,0.7246376811594203,,,,,
12,44.80005367686527,47.12157809983897,0.24154589371980675,0.08051529790660225,0.7246376811594203,7.03166935050993,,,,
13,39.680622651637144,52.33494363929147,0.24154589371980675,0.08051529790660225,0.6575415995705851,7.004830917874396,,,,
14,39.734299516908216,52.19404186795491,0.24154589371980675,0.16774020397208803,0.6575415995705851,7.004830917874396,,,,
15,39.94900697799248,51.98604401502952,0.24154589371980675,0.16774020397208803,0.6508319914117016,7.004830917874396,,,,
16,37.37251744498121,54.54240472356415,0.24154589371980675,0.30193236714975846,0.6508319914117016,6.890767579173376,,,,
17,37.78851315083199,53.90499194847021,0.24154589371980675,0.5434782608695652,0.6508319914117016,6.870638754696726,,,,
18,27.750939345142243,63.98282340311326,0.24154589371980675,0.38915727321524424,0.6508319914117016,6.857219538378959,0.1274825550187869,,,
19,19.585346215780998,64.03650026838433,0.24154589371980675,0.5501878690284487,0.7045088566827697,14.794685990338165,,0.08722490606548577,,
20,19.87385936661299,63.828502415458935,0.24154589371980675,0.6374127750939346,0.7045088566827697,14.465915190552872,,0.24825550187869028,,
21,16.901502952227588,58.80971551261406,0.24154589371980675,0.5233494363929146,0.5501878690284487,22.725442834138487,,0.24825550187869028,,
22,17.09608158883521,58.70907139023081,0.24154589371980675,0.5233494363929146,0.5501878690284487,22.63150831991412,,0.24825550187869028,,
23,16.029253891572733,54.97852925389157,0.24154589371980675,0.5233494363929146,0.5501878690284487,21.638486312399355,5.790391841116479,0.24825550187869028,,
24,16.069511540526033,54.227053140096615,0.2281266774020397,3.260869565217391,0.5501878690284487,19.39747718733226,5.790391841116479,0.47638217928073,,
25,16.532474503488995,53.455448201825014,0.3824476650563607,3.4688674181427803,0.8856682769726248,19.162640901771336,5.636070853462158,0.47638217928073,,
26,16.780730005367687,52.43558776167472,0.3824476650563607,4.126409017713366,1.0265700483091786,19.135802469135804,5.636070853462158,0.47638217928073,,
27,17.062533548040793,50.234836285560924,4.045893719806763,3.9184111647879765,1.0265700483091786,17.659688674181428,5.5756843800322065,0.47638217928073,,
28,15.136876006441224,46.47745571658615,3.730542136339238,4.166666666666667,1.0265700483091786,24.020397208803004,4.9651100375738055,0.47638217928073,,
29,15.58641975308642,46.32984433709071,3.730542136339238,4.247181964573269,1.0265700483091786,23.67149758454106,4.931561996779388,0.47638217928073,,
30,15.438808373590982,41.18357487922705,3.5762211486849167,4.106280193236715,0.6038647342995169,31.602254428341386,3.012614063338701,0.47638217928073,,
31,15.593129361245303,40.727321524422976,3.5762211486849167,4.441760601180891,0.9460547504025765,31.226516371443907,3.012614063338701,0.47638217928073,,
32,15.962157809983896,40.485775630703166,3.5762211486849167,4.40150295222759,0.9460547504025765,30.938003220611915,2.9924852388620504,0.6977992485238862,,
33,16.512345679012345,39.63365539452496,3.5762211486849167,4.233762748255502,1.6505636070853462,30.703166935050994,2.9924852388620504,0.6977992485238862,,
34,16.968599033816425,39.2914653784219,3.5762211486849167,4.3478260869565215,1.6505636070853462,30.48845947396672,2.9790660225442833,0.6977992485238862,,
35,13.251476113794954,43.853998926462694,3.8378958668813743,4.180085882984434,1.6505636070853462,29.57595276435856,2.831454643048846,0.8185721953837896,,
36,13.821792807300053,43.53864734299517,3.9519592055823938,4.166666666666667,1.6304347826086956,29.294149221685455,2.7777777777777777,0.8185721953837896,,
37,14.150563607085346,43.04884594739667,3.9519592055823938,4.159957058507783,1.9659151905528718,29.126409017713364,2.7777777777777777,0.8185721953837896,,
38,14.553140096618357,42.76033279656468,3.9519592055823938,4.159957058507783,1.9659151905528718,28.710413311862588,3.079710144927536,0.8185721953837896,,
39,14.2914653784219,42.04240472356415,6.327160493827161,4.374664519592056,1.892109500805153,27.74422973698336,2.509393451422437,0.8185721953837896,,
40,14.432367149758454,42.03569511540526,6.3070316693505095,4.374664519592056,1.892109500805153,27.67042404723564,2.509393451422437,0.7783145464304885,,
41,14.9020397208803,41.317767042404725,6.776704240472356,4.2203435319377345,1.892109500805153,27.24771873322598,2.509393451422437,1.133923778851315,,
42,15.01610305958132,39.35856146001073,6.662640901771336,3.8177670424047236,1.5432098765432098,30.005367686527105,2.475845410628019,1.1205045625335481,,
43,14.834943639291465,38.7614063338701,6.662640901771336,4.911433172302737,2.086688137412775,29.280730005367687,2.475845410628019,0.9863123993558777,,
44,15.371712292002147,38.519860440150296,6.662640901771336,4.7168545356951155,2.086688137412775,29.186795491143318,2.475845410628019,0.9796027911969941,,
45,15.45222758990875,38.33870101986044,6.662640901771336,4.884594739667204,2.059849704777241,28.918411164787976,2.4355877616747184,1.247987117552335,,
46,15.767579173376275,37.9495437466452,6.649221685453569,4.64975845410628,2.5697799248523885,28.75067096081589,2.428878153515835,1.2345679012345678,,
47,15.807836822329575,37.895866881374126,6.816961889425658,4.643048845947397,2.5697799248523885,28.629898013955984,2.428878153515835,1.2077294685990339,,
48,15.901771336553946,37.875738056897475,6.816961889425658,4.643048845947397,2.5697799248523885,28.556092324208265,2.428878153515835,1.2077294685990339,,
49,15.955448201825014,37.98309178743961,6.816961889425658,4.643048845947397,2.5697799248523885,28.395061728395063,2.428878153515835,1.2077294685990339,,
50,16.31105743424584,37.69457863660762,6.810252281266774,4.643048845947397,2.509393451422437,28.395061728395063,2.428878153515835,1.2077294685990339,,
51,16.800858829844337,37.3792270531401,6.810252281266774,4.7101449275362315,2.509393451422437,28.173644659151904,2.428878153515835,1.1876006441223832,,
52,15.787707997852925,32.588566827697264,6.810252281266774,4.669887278582931,2.341653247450349,34.18545356951154,2.428878153515835,1.1876006441223832,,
53,15.96886741814278,32.31347289318304,6.890767579173376,4.951690821256038,2.2611379495437465,33.9975845410628,2.428878153515835,1.1876006441223832,,
54,16.25067096081589,32.1256038647343,6.890767579173376,4.898013955984971,2.408749329039184,33.8365539452496,2.428878153515835,1.1607622114868492,,
55,16.881374127750938,31.588835212023618,6.890767579173376,4.891304347826087,2.408749329039184,33.5077831454643,2.428878153515835,1.402308105206656,,
56,15.049651100375739,27.811325818572197,4.4753086419753085,2.831454643048846,2.2611379495437465,44.12238325281803,2.428878153515835,1.0198604401502953,,
57,15.13016639828234,27.87842190016103,4.448470209339774,2.831454643048846,2.2611379495437465,44.00161030595813,2.428878153515835,1.0198604401502953,,
58,15.539452495974235,27.113526570048307,4.394793344068707,2.9119699409554483,2.536231884057971,42.33762748255502,4.159957058507783,1.0064412238325282,,
59,14.358561460010735,17.85426731078905,2.3215244229736984,2.589908749329039,1.3083735909822867,56.48148148148148,4.079441760601181,1.0064412238325282,,
60,15.022812667740205,17.753623188405797,2.26784755770263,2.831454643048846,1.3083735909822867,55.85748792270532,3.9519592055823938,1.0064412238325282,,
61,15.157004830917874,17.72007514761138,2.26784755770263,2.831454643048846,1.3083735909822867,55.75684380032206,3.9519592055823938,1.0064412238325282,,
62,14.573268921095009,16.445249597423512,2.4892646269457863,2.442297369833602,3.683574879227053,55.421363392377884,3.9519592055823938,0.9930220075147611,,
63,14.673913043478262,16.33118625872249,2.4490069779924855,2.442297369833602,5.991680085882985,53.173644659151904,3.9452495974235107,0.9930220075147611,,
64,15.13016639828234,16.317767042404725,2.4490069779924855,2.395330112721417,5.978260869565218,52.85829307568438,3.878153515834675,0.9930220075147611,,
65,12.567096081588835,12.466451959205582,2.4221685453569513,2.214170692431562,5.5756843800322065,61.24530327428878,2.8113258185721954,0.6977992485238862,,
66,13.09044551798175,12.332259796027913,2.4221685453569513,2.2074610842726785,5.5756843800322065,60.86285560923242,2.8113258185721954,0.6977992485238862,,
67,13.285024154589372,12.070585077831455,2.4221685453569513,2.4557165861513686,5.5756843800322065,60.68840579710145,2.804616210413312,0.6977992485238862,,
68,13.45276435856146,12.070585077831455,2.4221685453569513,3.421900161030596,5.5756843800322065,59.614868491680085,2.7442297369833604,0.6977992485238862,,
69,13.768115942028986,12.050456253354804,2.4221685453569513,3.5292538915727323,5.488459473966721,58.964036500268385,2.737520128824477,1.0399892646269457,,
70,13.365539452495975,11.922973698336017,2.395330112721417,3.361513687600644,5.488459473966721,57.326892109500804,5.0993022007514766,1.0399892646269457,,
71,14.331723027375201,11.75523349436393,2.395330112721417,3.361513687600644,5.428073000536768,56.70289855072464,5.052334943639291,0.9728931830381106,,
72,14.53972088030059,11.654589371980677,2.9790660225442833,3.361513687600644,5.280461621041331,56.18625872249061,5.052334943639291,0.9460547504025765,,
73,14.761137949543746,11.647879763821793,2.871712292002147,3.4688674181427803,5.260332796564681,56.13929146537842,4.904723564143854,0.9460547504025765,,
74,14.949006977992486,11.66129898013956,2.8650026838432634,3.69699409554482,5.092592592592593,55.95142243692968,4.8376274825550185,0.9460547504025765,,
75,15.103327965646805,11.647879763821793,2.8515834675254963,3.69699409554482,5.092592592592593,55.823939881910896,4.8376274825550185,0.9460547504025765,,
76,13.050187869028449,11.506977992485238,3.1468062265163717,3.0059044551798175,4.502147074610843,49.033816425120776,14.982555018786902,0.7716049382716049,,
77,13.365539452495975,11.372785829307569,3.0931293612453032,3.1736446591519054,4.5893719806763285,48.651368760064415,14.982555018786902,0.7716049382716049,,
78,14.002952227589908,11.198336017176597,5.924584004294149,3.140096618357488,4.5893719806763285,45.6857219538379,14.687332259796028,0.7716049382716049,,
79,14.546430488459475,11.198336017176597,5.797101449275362,3.1199677938808374,4.508856682769726,45.471014492753625,14.586688137412775,0.7716049382716049,,
80,15.136876006441224,11.117820719269995,7.7898550724637685,2.8784219001610305,4.341116478797638,43.67283950617284,14.163982823403114,0.7447665056360708,0.15432098765432098,
81,15.432098765432098,11.097691894793345,7.7898550724637685,2.791196994095545,4.42163177670424,43.43129361245303,14.13714439076758,0.7447665056360708,0.15432098765432098,
82,13.123993558776167,7.494632313472893,4.736983360171766,2.4825550187869028,3.3548040794417604,52.01959205582394,16.109769189479334,0.5233494363929146,0.15432098765432098,
83,13.378958668813741,7.306763285024155,4.736983360171766,2.4355877616747184,3.3480944712828773,52.01959205582394,16.09634997316157,0.5233494363929146,0.15432098765432098,
84,13.768115942028986,7.27992485238862,4.736983360171766,2.6637144390767578,3.240740740740741,51.43585614600107,16.056092324208265,0.6642512077294686,0.15432098765432098,
85,14.130434782608695,7.192699946323135,4.810789049919484,2.6502952227589907,3.2139023081052067,50.899087493290395,16.022544283413847,0.9259259259259259,0.15432098765432098,
86,14.573268921095009,7.192699946323135,4.683306494900698,2.6502952227589907,3.2139023081052067,50.6508319914117,15.955448201825014,0.9259259259259259,0.15432098765432098,
87,15.505904455179817,7.078636607622115,4.683306494900698,2.623456790123457,3.1468062265163717,49.6309715512614,15.780998389694043,1.3955984970477724,0.15432098765432098,
88,16.002415458937197,6.944444444444445,4.676596886741814,2.690552871712292,3.1333870101986045,49.17471819645733,15.713902308105206,1.5096618357487923,0.15432098765432098,
89,16.11647879763822,6.850509930220075,4.676596886741814,3.3480944712828773,3.113258185721954,48.33601717659689,15.640096618357488,1.7646269457863661,0.15432098765432098,
90,16.532474503488995,6.810252281266774,4.663177670424047,3.4420289855072466,3.2139023081052067,47.91331186258722,14.955716586151368,2.314814814814815,0.15432098765432098,
91,16.928341384863124,6.749865807836822,4.643048845947397,3.6231884057971016,3.1870638754696725,47.81266774020397,14.61352657004831,2.2879763821792807,0.15432098765432098,
92,17.07595276435856,6.689479334406871,4.884594739667204,3.6231884057971016,3.1870638754696725,47.64492753623188,14.586688137412775,2.15378421900161,0.15432098765432098,
93,17.485238862050455,6.655931293612453,4.851046698872786,3.603059581320451,3.1333870101986045,47.40338164251208,14.452495974235104,2.2611379495437465,0.15432098765432098,
94,17.800590445517983,6.615673644659152,4.851046698872786,3.7238325281803544,3.4017713365539453,47.18867418142781,13.922436929683306,2.2611379495437465,0.23483628556092323,
95,18.095813204508858,6.602254428341385,4.851046698872786,3.717122920021471,3.3950617283950617,46.846484165324746,13.862050456253355,2.395330112721417,0.23483628556092323,
96,18.08239398819109,6.568706387546968,5.072463768115942,3.717122920021471,3.388352120236178,46.77938808373591,13.761406333870102,2.395330112721417,0.23483628556092323,
97,16.99543746645196,8.179012345679013,5.072463768115942,3.750670960815888,3.3682232957595275,46.222490606548575,13.6808910359635,2.49597423510467,0.23483628556092323,
98,17.277241009125067,8.024691358024691,5.072463768115942,3.683574879227053,3.864734299516908,45.840042941492214,13.298443370907139,2.703972088030059,0.23483628556092323,
99,17.76033279656468,7.950885668276973,5.072463768115942,3.6231884057971016,3.864734299516908,45.63204508856683,13.070316693505099,2.791196994095545,0.23483628556092323,
100,17.867686527106816,7.930756843800322,5.300590445517981,3.5426731078904994,3.8580246913580245,45.44417606011809,13.036768652710682,2.7844873859366612,0.23483628556092323,
101,17.659688674181428,7.883789586688137,4.944981213097155,3.3548040794417604,3.717122920021471,47.14170692431562,11.889425657541599,3.0394524959742353,0.23483628556092323,0.13419216317767044
102,17.317498658078367,7.856951154052603,4.26731078904992,3.240740740740741,4.159957058507783,48.98684916800859,10.755501878690284,3.126677402039721,0.15432098765432098,0.13419216317767044
103,17.579173376274827,7.7831454643048845,4.26731078904992,3.227321524422974,4.159957058507783,48.678207192699944,10.755501878690284,3.260869565217391,0.15432098765432098,0.13419216317767044
104,17.485238862050455,7.575147611379496,4.119699409554482,3.227321524422974,4.455179817498658,49.121041331186255,10.487117552334944,3.307836822329576,0.08722490606548577,0.13419216317767044
105,17.69994632313473,7.555018786902845,4.0995705850778315,3.643317230273752,4.455179817498658,48.530595813204506,10.487117552334944,3.307836822329576,0.08722490606548577,0.13419216317767044
106,17.8743961352657,7.555018786902845,4.0995705850778315,3.643317230273752,4.42163177670424,48.27563070316693,10.487117552334944,3.421900161030596,0.08722490606548577,0.13419216317767044
107,18.035426731078903,7.555018786902845,4.0995705850778315,3.643317230273752,4.42163177670424,48.15485775630703,10.446859903381643,3.421900161030596,0.08722490606548577,0.13419216317767044
108,18.075684380032207,7.555018786902845,4.086151368760064,3.6366076221148687,4.394793344068707,47.85292538915727,10.446859903381643,3.730542136339238,0.08722490606548577,0.13419216317767044
109,18.357487922705314,7.454374664519592,4.03918411164788,3.6366076221148687,4.394793344068707,47.725442834138484,10.44015029522276,3.730542136339238,0.08722490606548577,0.13419216317767044
110,18.71309715512614,7.454374664519592,4.03918411164788,3.6366076221148687,5.005367686527107,46.71900161030596,10.36634460547504,3.844605475040258,0.08722490606548577,0.13419216317767044
111,18.84728931830381,7.253086419753086,3.9049919484702094,3.9318303811057436,5.005367686527107,46.07487922705314,10.36634460547504,4.334406870638754,0.08722490606548577,0.19457863660762212
112,19.310252281266774,7.219538378958669,3.9049919484702094,3.9318303811057436,4.998658078368224,45.71926999463231,10.299248523886206,4.334406870638754,0.08722490606548577,0.19457863660762212
113,19.464573268921097,7.14573268921095,3.9049919484702094,4.193505099302201,5.119431025228127,45.1959205582394,10.02415458937198,4.669887278582931,0.08722490606548577,0.19457863660762212
114,19.746376811594203,7.14573268921095,3.8714439076757916,4.186795491143317,5.0858829844337095,45.00134192163178,10.02415458937198,4.669887278582931,0.07380568974771873,0.19457863660762212
115,19.826892109500804,7.051798174986581,3.8714439076757916,4.408212560386473,5.360976918947934,44.56521739130435,9.997316156736447,4.64975845410628,0.07380568974771873,0.19457863660762212
116,20.014761137949545,6.944444444444445,3.8043478260869565,4.38137412775094,5.3341384863123995,44.16264090177134,10.010735373054214,5.0791733762748255,0.07380568974771873,0.19457863660762212
117,20.283145464304884,6.9310252281266775,4.186795491143317,4.133118625872249,5.267042404723564,43.927804616210416,9.923510466988727,5.0791733762748255,0.07380568974771873,0.19457863660762212
118,20.477724100912507,6.823671497584541,4.1129898013955986,4.455179817498658,5.246913580246914,43.69296833064949,9.842995169082126,5.0791733762748255,0.07380568974771873,0.19457863660762212
119,20.517981749865807,6.823671497584541,4.106280193236715,5.307300053676865,5.246913580246914,42.82071926999463,9.829575952764358,5.0791733762748255,0.07380568974771873,0.19457863660762212
120,20.598497047772412,6.823671497584541,4.106280193236715,5.528717122920021,5.246913580246914,42.60601180891036,9.77589908749329,5.045625335480408,0.07380568974771873,0.19457863660762212
121,21.195652173913043,6.823671497584541,4.03918411164788,5.528717122920021,5.246913580246914,42.08266237251745,9.601449275362318,5.213365539452496,0.07380568974771873,0.19457863660762212
122,21.484165324745035,6.8035426731078905,4.025764895330113,5.528717122920021,5.24020397208803,41.626409017713364,9.54777241009125,5.475040257648954,0.07380568974771873,0.19457863660762212
123,18.183038110574344,3.9989264626945786,3.9519592055823938,5.065754159957058,4.126409017713366,49.785292538915726,9.5276435856146,5.092592592592593,0.07380568974771873,0.19457863660762212
124,18.632581857219538,3.9989264626945786,3.911701556629093,5.166398282340311,4.126409017713366,49.382716049382715,9.480676328502415,5.032206119162641,0.07380568974771873,0.19457863660762212
125,18.894256575415994,3.9989264626945786,3.898282340311326,5.159688674181428,4.126409017713366,49.18813741277509,9.480676328502415,4.985238862050457,0.07380568974771873,0.19457863660762212
126,19.612184648416534,3.9855072463768115,3.8915727321524423,5.038915727321524,4.126409017713366,48.66478797638218,9.426999463231347,4.985238862050457,0.07380568974771873,0.19457863660762212
127,19.43102522812668,3.9855072463768115,3.8915727321524423,6.723027375201288,4.119699409554482,47.12157809983897,9.426999463231347,5.032206119162641,0.07380568974771873,0.19457863660762212
128,19.786634460547504,3.9855072463768115,3.8915727321524423,6.608964036500268,4.119699409554482,46.947128287708,9.326355340848094,5.065754159957058,0.07380568974771873,0.19457863660762212
129,20.12211486849168,3.9586688137412773,3.8915727321524423,6.595544820182502,4.0995705850778315,46.75925925925926,9.172034353193773,5.132850241545894,0.07380568974771873,0.19457863660762212
130,20.38378958668814,3.9519592055823938,3.8915727321524423,6.4412238325281805,4.126409017713366,46.39023081052066,9.473966720343531,5.132850241545894,0.013419216317767043,0.19457863660762212
131,20.538110574342458,3.9452495974235107,3.8378958668813743,6.414385399892646,4.1129898013955986,46.3365539452496,9.473966720343531,5.132850241545894,0.013419216317767043,0.19457863660762212
132,20.954106280193237,3.9452495974235107,3.8378958668813743,6.380837359098229,4.106280193236715,45.91384863123994,9.353193773483628,5.300590445517981,0.013419216317767043,0.19457863660762212
133,21.182232957595275,3.9184111647879765,3.8378958668813743,6.3137412775093935,4.032474503488996,45.75952764358561,9.353193773483628,5.394524959742351,0.013419216317767043,0.19457863660762212
134,21.68545356951154,3.9184111647879765,3.824476650563607,6.1929683306494905,4.139828234031133,45.430756843800324,9.286097691894794,5.314009661835748,0.013419216317767043,0.19457863660762212
135,21.83977455716586,3.8043478260869565,3.824476650563607,6.179549114331723,4.05931293612453,45.37707997852925,9.420289855072463,5.287171229200215,0.013419216317767043,0.19457863660762212
136,22.15512614063339,3.8043478260869565,3.824476650563607,6.092324208266238,4.045893719806763,44.73295759527644,9.406870638754697,5.730005367686527,0.013419216317767043,0.19457863660762212
137,22.21551261406334,3.8043478260869565,3.8177670424047236,6.085614600107354,4.314278046162104,44.518250134192165,9.346484165324744,5.689747718733226,0.013419216317767043,0.19457863660762212
138,22.5577026301664,3.7909286097691894,3.7640901771336552,6.367418142780462,4.28743961352657,43.45142243692968,9.29951690821256,6.273483628556092,0.013419216317767043,0.19457863660762212
139,23.101180891035963,3.7909286097691894,3.7640901771336552,6.353998926462695,4.28743961352657,43.06897477187332,9.212292002147075,6.213097155126141,0.013419216317767043,0.19457863660762212
140,23.1682769726248,3.7640901771336552,3.7640901771336552,6.340579710144928,4.28743961352657,43.042136339237786,9.212292002147075,6.213097155126141,0.013419216317767043,0.19457863660762212
141,23.785560923242084,3.7573805689747717,3.683574879227053,6.340579710144928,4.28743961352657,42.552334943639295,9.185453569511541,6.213097155126141,0.013419216317767043,0.18115942028985507
142,24.22168545356951,3.7573805689747717,3.7909286097691894,6.380837359098229,4.280730005367687,42.089371980676326,9.185453569511541,6.099033816425121,0.013419216317767043,0.18115942028985507
143,24.58400429414922,3.7573805689747717,3.750670960815888,6.515029522275899,4.280730005367687,41.36473429951691,9.145195920558239,6.407675791733762,0.013419216317767043,0.18115942028985507
144,24.805421363392377,3.7573805689747717,3.750670960815888,6.629092860976919,4.260601180891036,40.82125603864734,8.943907675791733,6.837090713902308,0.013419216317767043,0.18115942028985507
145,25.026838432635532,3.7372517444981215,3.750670960815888,6.863929146537842,4.233762748255502,40.45222758990875,8.943907675791733,6.796833064949007,0.013419216317767043,0.18115942028985507
146,25.483091787439612,3.643317230273752,3.7238325281803544,6.756575415995706,4.186795491143317,40.13687600644123,8.870101986044014,7.004830917874396,0.013419216317767043,0.18115942028985507
147,25.717928073000536,3.643317230273752,3.7238325281803544,6.816961889425658,4.186795491143317,39.64707461084273,8.856682769726248,7.212828770799785,0.013419216317767043,0.18115942028985507
148,25.87895866881374,3.643317230273752,3.69699409554482,6.8035426731078905,4.186795491143317,39.53972088030059,8.84326355340848,7.212828770799785,0.013419216317767043,0.18115942028985507
149,26.576757917337627,3.6366076221148687,3.69699409554482,6.823671497584541,3.9989264626945786,39.049919484702095,8.742619431025227,7.27992485238862,0.013419216317767043,0.18115942028985507
150,27.066559312936125,3.6366076221148687,3.69699409554482,6.823671497584541,3.9989264626945786,38.7614063338701,8.641975308641975,7.179280730005368,0.013419216317767043,0.18115942028985507
151,27.58990874932904,3.6366076221148687,3.629898013955985,6.454643048845948,4.139828234031133,38.62721417069243,8.568169618894256,7.159151905528717,0.013419216317767043,0.18115942028985507
152,27.79790660225443,3.6366076221148687,3.629898013955985,6.4345142243692965,4.119699409554482,38.49302200751476,8.548040794417606,7.14573268921095,0.013419216317767043,0.18115942028985507
153,28.14009661835749,3.6366076221148687,3.5963499731615673,6.407675791733762,4.119699409554482,38.238056897477186,8.548040794417606,7.118894256575416,0.013419216317767043,0.18115942028985507
154,28.502415458937197,3.6366076221148687,3.6768652710681695,6.380837359098229,4.119699409554482,37.98309178743961,8.474235104669887,7.03166935050993,0.013419216317767043,0.18115942028985507
155,29.394793344068706,3.4286097691894795,3.455448201825013,6.763285024154589,3.9989264626945786,37.27858293075684,8.340042941492216,7.14573268921095,0.013419216317767043,0.18115942028985507
156,29.797369833601717,3.4151905528717124,3.455448201825013,6.729736983360172,3.978797638217928,37.01690821256039,8.340042941492216,7.071926999463232,0.013419216317767043,0.18115942028985507
157,29.824208266237253,3.4151905528717124,3.455448201825013,6.729736983360172,3.978797638217928,37.003488996242616,8.340042941492216,7.058507783145465,0.013419216317767043,0.18115942028985507
158,30.159688674181428,3.4151905528717124,3.44873859366613,6.66935050993022,4.079441760601181,36.822329575952764,8.32662372517445,6.884057971014493,0.013419216317767043,0.18115942028985507
159,30.253623188405797,3.408480944712829,3.44873859366613,6.655931293612453,4.079441760601181,36.74852388620504,8.32662372517445,6.884057971014493,0.013419216317767043,0.18115942028985507
160,30.414653784219002,3.408480944712829,3.44873859366613,6.608964036500268,4.079441760601181,36.63446054750403,8.32662372517445,6.884057971014493,0.013419216317767043,0.18115942028985507
161,30.730005367686527,3.408480944712829,3.435319377348363,6.6760601180891035,4.052603327965647,36.41304347826087,8.205850778314547,6.884057971014493,0.013419216317767043,0.18115942028985507
162,31.052066559312937,3.408480944712829,3.435319377348363,6.6760601180891035,4.052603327965647,36.09769189479334,8.205850778314547,6.877348362855609,0.013419216317767043,0.18115942028985507
163,31.112453032742888,3.408480944712829,3.435319377348363,6.971282877079979,4.052603327965647,35.85614600107354,8.179012345679013,6.790123456790123,0.013419216317767043,0.18115942028985507
164,31.50161030595813,3.408480944712829,3.3950617283950617,6.843800322061192,4.052603327965647,35.66156736446592,8.179012345679013,6.776704240472356,0.013419216317767043,0.16774020397208803
165,31.52173913043478,3.408480944712829,3.3950617283950617,6.843800322061192,4.052603327965647,35.648148148148145,8.172302737520129,6.776704240472356,0.013419216317767043,0.16774020397208803
166,31.682769726247987,3.408480944712829,3.3950617283950617,6.837090713902308,4.032474503488996,35.57434245840043,8.172302737520129,6.716317767042405,0.013419216317767043,0.16774020397208803
167,31.528448738593667,3.408480944712829,3.3950617283950617,7.971014492753623,3.992216854535695,34.70880300590446,8.044820182501342,6.769994632313473,0.013419216317767043,0.16774020397208803
168,31.97799248523886,3.4017713365539453,3.388352120236178,7.9106280193236715,3.965378421900161,34.44041867954911,7.997852925389157,6.736446591519055,0.013419216317767043,0.16774020397208803
169,31.904186795491142,3.388352120236178,3.388352120236178,7.877079978529254,4.2203435319377345,34.27938808373591,7.96430488459474,6.796833064949007,0.013419216317767043,0.16774020397208803
170,32.13231347289318,3.388352120236178,3.388352120236178,7.856951154052603,4.2203435319377345,34.17874396135266,7.917337627482555,6.769994632313473,0.013419216317767043,0.13419216317767044
171,32.427536231884055,3.388352120236178,3.3279656468062266,7.856951154052603,4.300858829844337,33.87010198604401,7.917337627482555,6.763285024154589,0.013419216317767043,0.13419216317767044
172,32.749597423510465,3.388352120236178,3.3145464304884595,8.011272141706923,4.28743961352657,33.25952764358561,7.863660762211487,6.977992485238862,0.013419216317767043,0.13419216317767044
173,32.8972088030059,3.3480944712828773,3.3145464304884595,8.011272141706923,4.28743961352657,33.15888352120236,7.856951154052603,6.977992485238862,0.013419216317767043,0.13419216317767044
174,32.608695652173914,3.307836822329576,3.1870638754696725,7.98443370907139,4.213633923778851,32.950885668276975,8.68894256575416,6.910896403650026,0.013419216317767043,0.13419216317767044
175,32.82340311325819,3.2004830917874396,2.7106816961889426,7.944176060118089,4.186795491143317,32.60198604401503,8.68894256575416,7.729468599033816,0.013419216317767043,0.10064412238325282
176,32.910628019323674,3.2004830917874396,2.6838432635534084,7.917337627482555,4.186795491143317,32.57514761137949,8.68894256575416,7.722758990874933,0.013419216317767043,0.10064412238325282
177,33.1454643048846,3.180354267310789,2.657004830917874,7.87037037037037,4.186795491143317,32.47450348899624,8.662104133118627,7.709339774557166,0.013419216317767043,0.10064412238325282
178,33.62855609232421,3.1736446591519054,2.657004830917874,7.856951154052603,4.166666666666667,32.29334406870639,8.514492753623188,7.595276435856146,0.013419216317767043,0.10064412238325282
179,31.89747718733226,3.1065485775630703,2.9589371980676327,7.232957595276436,3.8848631239935587,35.158346752549654,8.400429414922169,7.246376811594203,0.013419216317767043,0.10064412238325282
180,32.19269994632314,3.099838969404187,2.9589371980676327,7.185990338164252,3.878153515834675,35.07112184648417,8.333333333333334,7.1658615136876005,0.013419216317767043,0.10064412238325282
181,32.53488996242619,3.079710144927536,2.9589371980676327,7.118894256575416,3.8580246913580245,34.91009125067096,8.313204508856682,7.112184648416532,0.013419216317767043,0.10064412238325282
182,32.971014492753625,3.079710144927536,2.945517981749866,7.011540526033279,3.8378958668813743,34.84970477724101,8.105206655931294,7.098765432098766,0.013419216317767043,0.08722490606548577
183,33.12533548040794,3.079710144927536,2.945517981749866,6.998121309715513,3.8378958668813743,34.72222222222222,8.09849704777241,7.092055823939882,0.013419216317767043,0.08722490606548577
184,33.313204508856685,3.079710144927536,3.0931293612453032,6.998121309715513,3.8043478260869565,34.38003220611916,8.071658615136876,7.159151905528717,0.013419216317767043,0.08722490606548577
185,33.21256038647343,3.079710144927536,3.0931293612453032,6.984702093397746,4.274020397208803,34.064680622651636,8.071658615136876,7.118894256575416,0.013419216317767043,0.08722490606548577
186,33.74932903918411,2.8515834675254963,2.965646806226516,6.957863660762212,4.260601180891036,33.943907675791735,8.071658615136876,7.098765432098766,0.013419216317767043,0.08722490606548577
187,34.41358024691358,2.8515834675254963,2.8918411164787976,6.716317767042405,4.260601180891036,33.70907139023081,8.011272141706923,7.0450885668276975,0.013419216317767043,0.08722490606548577
188,34.447128287708,2.885131508319914,2.8918411164787976,6.461352657004831,4.260601180891036,33.20585077831455,8.789586688137414,6.957863660762212,0.013419216317767043,0.08722490606548577
189,34.68196457326892,2.885131508319914,2.8918411164787976,6.4345142243692965,4.200214707461084,33.15888352120236,8.695652173913043,6.951154052603328,0.013419216317767043,0.08722490606548577
190,34.84299516908212,2.871712292002147,2.8918411164787976,6.374127750939345,4.200214707461084,32.991143317230275,8.809715512614064,6.91760601180891,0.013419216317767043,0.08722490606548577
191,34.75577026301664,2.871712292002147,2.8918411164787976,6.374127750939345,4.414922168545357,32.9777241009125,8.709071390230811,6.91760601180891,,0.08722490606548577
192,34.54106280193237,2.8113258185721954,3.6231884057971016,6.152710681696189,4.38137412775094,32.6556629092861,8.776167471819646,7.024959742351046,,0.03354804079441761
193,34.80273752012882,2.791196994095545,3.743961352657005,6.139291465378422,4.38137412775094,32.420826623725176,8.756038647342995,6.9310252281266775,,0.03354804079441761
194,34.88996242619431,2.7777777777777777,3.743961352657005,6.159420289855072,4.64975845410628,32.09205582393988,8.729200214707461,6.9243156199677935,,0.03354804079441761
195,35.07783145464305,2.7643585614600106,3.743961352657005,6.159420289855072,4.824208266237251,31.776704240472355,8.641975308641975,6.977992485238862,,0.03354804079441761
196,35.265700483091784,2.7509393451422435,3.683574879227053,6.407675791733762,4.804079441760601,31.53515834675255,8.541331186258722,6.977992485238862,,0.03354804079441761
197,35.507246376811594,2.7308105206655933,3.643317230273752,6.347289318303811,4.804079441760601,31.320450885668276,8.53462157809984,7.078636607622115,,0.03354804079441761
198,35.48040794417606,2.7308105206655933,3.643317230273752,6.327160493827161,4.64975845410628,30.891035963499732,9.037842190016104,7.078636607622115,0.1274825550187869,0.03354804079441761
199,35.39989264626946,2.6704240472356413,3.81105743424584,6.327160493827161,4.683306494900698,30.844068706387546,9.03113258185722,7.071926999463232,0.1274825550187869,0.03354804079441761
200,35.54079441760601,2.6704240472356413,3.797638217928073,6.253354804079442,4.676596886741814,30.817230273752013,9.03113258185722,7.071926999463232,0.10735373054213634,0.03354804079441761
201,33.7962962962963,2.522812667740204,2.9790660225442833,6.132581857219538,4.341116478797638,34.31964573268921,8.876811594202898,6.890767579173376,0.10735373054213634,0.03354804079441761
202,33.9170692431562,2.509393451422437,2.9723564143853998,7.078636607622115,4.341116478797638,33.44739667203435,8.856682769726248,6.736446591519055,0.10735373054213634,0.03354804079441761
203,34.25925925925926,2.509393451422437,2.9723564143853998,7.065217391304348,4.253891572732153,33.25952764358561,8.856682769726248,6.6827697262479875,0.10735373054213634,0.03354804079441761
204,34.272678475577024,2.5026838432635534,2.8784219001610305,6.696188942565755,6.239935587761675,32.427536231884055,8.601717659688674,6.239935587761675,0.10735373054213634,0.03354804079441761
205,34.25925925925926,2.5026838432635534,2.8784219001610305,7.246376811594203,6.461352657004831,31.89747718733226,8.588298443370908,6.025228126677402,0.10735373054213634,0.03354804079441761
206,34.292807300053674,2.5026838432635534,2.8381642512077296,7.461084272678476,6.662640901771336,31.42109500805153,8.682232957595277,5.998389694041868,0.10735373054213634,0.03354804079441761
207,34.50080515297907,2.5026838432635534,2.804616210413312,7.360440150295223,6.662640901771336,31.374127750939344,8.662104133118627,5.991680085882985,0.10735373054213634,0.03354804079441761
208,35.12479871175523,2.368491680085883,2.7509393451422435,7.447665056360709,6.535158346752549,31.125872249060656,8.601717659688674,5.904455179817498,0.10735373054213634,0.03354804079441761
209,35.30595813204509,2.368491680085883,2.9790660225442833,7.555018786902845,6.333870101986044,31.031937734836287,8.474235104669887,5.810520665593129,0.10735373054213634,0.03354804079441761
210,35.50053676865271,2.368491680085883,3.0864197530864197,7.39398819108964,6.3070316693505095,30.931293612453032,8.467525496511003,5.810520665593129,0.10064412238325282,0.03354804079441761
211,35.50053676865271,2.3617820719269993,3.046162104133119,7.615405260332796,6.286902844873859,30.656199677938808,8.635265700483092,5.763553408480945,0.10064412238325282,0.03354804079441761
212,35.72195383789587,2.3617820719269993,2.9589371980676327,7.769726247987117,6.273483628556092,30.54884594739667,8.480944712828771,5.756843800322061,0.0939345142243693,0.03354804079441761
213,35.72195383789587,2.1604938271604937,3.2340311325818574,7.75630703166935,6.266774020397209,30.54884594739667,8.427267847557703,5.756843800322061,0.0939345142243693,0.03354804079441761
214,36.030595813204506,2.1604938271604937,3.193773483628556,7.75630703166935,6.246645195920558,30.50187869028449,8.3064949006978,5.676328502415459,0.0939345142243693,0.03354804079441761
215,36.04401502952228,2.1604938271604937,3.321256038647343,7.716049382716049,6.139291465378422,30.48845947396672,8.105206655931294,5.709876543209877,0.28180354267310787,0.03354804079441761
216,36.24530327428878,2.1604938271604937,3.321256038647343,7.615405260332796,6.112453032742888,30.42807300053677,8.105206655931294,5.6964573268921095,0.28180354267310787,0.03354804079441761
217,36.553945249597426,2.1604938271604937,3.307836822329576,7.514761137949543,6.112453032742888,30.340848094471284,8.004562533548041,5.689747718733226,0.28180354267310787,0.03354804079441761
218,36.70155662909286,2.1604938271604937,3.307836822329576,7.50805152979066,6.085614600107354,30.26033279656468,8.004562533548041,5.656199677938808,0.28180354267310787,0.03354804079441761
219,36.8894256575416,2.147074610842727,3.307836822329576,7.50805152979066,6.085614600107354,30.152979066022546,7.944176060118089,5.649490069779925,0.28180354267310787,0.03354804079441761
220,37.063875469672574,2.147074610842727,3.294417606011809,7.461084272678476,6.078904991948471,30.08588298443371,7.930756843800322,5.622651637144391,0.28180354267310787,0.03354804079441761
221,37.13768115942029,2.147074610842727,3.2877079978529253,7.461084272678476,6.0654857756307035,29.898013955984972,7.917337627482555,5.770263016639828,0.28180354267310787,0.03354804079441761
222,37.124261943102525,2.147074610842727,3.4151905528717124,7.447665056360709,6.0654857756307035,29.864465915190554,7.85024154589372,5.770263016639828,0.28180354267310787,0.03354804079441761
223,37.42619431025228,2.147074610842727,3.4151905528717124,7.326892109500805,6.011808910359635,29.528985507246375,7.843531937734836,5.984970477724101,0.28180354267310787,0.03354804079441761
224,37.69457863660762,2.147074610842727,3.4151905528717124,7.306763285024155,5.984970477724101,29.448470209339774,7.6623725174449815,6.078904991948471,0.2281266774020397,0.03354804079441761
225,38.0300590445518,2.147074610842727,3.388352120236178,7.306763285024155,5.978260869565218,29.334406870638755,7.494632313472893,6.0587761674718195,0.2281266774020397,0.03354804079441761
226,38.08373590982286,2.1269457863660763,3.388352120236178,7.353730542136339,5.931293612453032,29.146537842190018,7.669082125603865,6.038647342995169,0.2281266774020397,0.03354804079441761
227,38.22463768115942,2.120236178207193,3.421900161030596,7.353730542136339,5.904455179817498,29.012345679012345,7.669082125603865,6.031937734836285,0.2281266774020397,0.03354804079441761
228,38.258185721953836,2.086688137412775,3.3950617283950617,7.1658615136876005,6.78341384863124,28.482286634460547,7.669082125603865,5.897745571658615,0.2281266774020397,0.03354804079441761
229,38.36553945249597,2.086688137412775,3.3950617283950617,7.152442297369833,6.904186795491143,28.37493290391841,7.648953301127214,5.810520665593129,0.2281266774020397,0.03354804079441761
230,38.781535158346756,2.086688137412775,3.227321524422974,7.132313472893183,7.0383789586688135,28.14680622651637,7.494632313472893,5.83064949006978,0.2281266774020397,0.03354804079441761
231,39.15727321524423,2.086688137412775,3.2139023081052067,7.132313472893183,7.0383789586688135,27.636876006441224,7.467793880837359,6.005099302200751,0.2281266774020397,0.03354804079441761
232,39.418947933440684,2.086688137412775,3.2139023081052067,7.071926999463232,7.0383789586688135,27.4422973698336,7.467793880837359,5.998389694041868,0.2281266774020397,0.03354804079441761
233,39.60010735373054,2.086688137412775,3.361513687600644,6.877348362855609,6.937734836285561,27.30139559849705,7.749597423510467,5.8239398819108965,0.2281266774020397,0.03354804079441761
234,39.87520128824477,2.086688137412775,3.321256038647343,6.870638754696726,6.89747718733226,27.126945786366075,7.749597423510467,5.810520665593129,0.2281266774020397,0.03354804079441761
