,45,50,55,51,52,53,54,56,58,57,60,61,59
0,96.44390767579173,3.556092324208266,,,,,,,,,,,
1,96.4170692431562,3.5829307568438002,,,,,,,,,,,
2,84.38674181427804,15.613258185721953,,,,,,,,,,,
3,61.171497584541065,38.808373590982285,0.020128824476650563,,,,,,,,,,
4,61.13794954374664,38.77482555018787,0.08722490606548577,,,,,,,,,,
5,60.07112184648417,33.964036500268385,0.1610305958132045,5.783682232957595,0.020128824476650563,,,,,,,,
6,60.017444981213096,34.01771336553945,0.1610305958132045,5.783682232957595,0.020128824476650563,,,,,,,,
7,60.017444981213096,31.964573268921097,2.214170692431562,5.783682232957595,0.020128824476650563,,,,,,,,
8,59.82957595276436,31.95786366076221,2.4557165861513686,5.736714975845411,0.020128824476650563,,,,,,,,
9,51.64385399892646,30.02549651100376,2.4154589371980677,13.593666129898015,2.3215244229736984,,,,,,,,
10,49.15458937198068,33.58829844337091,1.3083735909822867,12.855609232420827,3.0931293612453032,,,,,,,,
11,49.14117015566291,33.48765432098765,1.4224369296833066,12.855609232420827,3.0931293612453032,,,,,,,,
12,46.66532474503489,33.272946859903385,1.3083735909822867,13.955984970477724,0.9192163177670424,3.569511540526033,0.2885131508319914,0.013419216317767043,0.0067096081588835215,,,,
13,46.45061728395062,31.48148148148148,0.8118625872249061,16.451959205582394,0.9192163177670424,3.569511540526033,0.2885131508319914,0.020128824476650563,0.0067096081588835215,,,,
14,39.55314009661836,31.48148148148148,0.95276435856146,22.86634460547504,0.8990874932903918,3.556092324208266,0.5233494363929146,0.11406333870101985,0.0067096081588835215,0.020128824476650563,0.026838432635534086,,
15,37.714707461084274,27.113526570048307,1.0131508319914118,28.958668813741276,0.8990874932903918,3.455448201825013,0.6776704240472357,0.11406333870101985,0.0067096081588835215,0.020128824476650563,0.026838432635534086,,
16,37.546967257112186,26.241277509393452,1.0131508319914118,31.93102522812668,0.49651100375738055,2.4892646269457863,0.15432098765432098,0.0939345142243693,0.0067096081588835215,,0.026838432635534086,,
17,35.29253891572732,24.241814278046164,0.9594739667203436,38.378958668813745,0.49651100375738055,0.2885131508319914,0.15432098765432098,0.15432098765432098,0.0067096081588835215,,0.026838432635534086,,
18,35.258990874932906,23.55072463768116,0.785024154589372,35.98362855609233,3.7573805689747717,0.2885131508319914,0.15432098765432098,0.1878690284487386,0.0067096081588835215,0.026838432635534086,,,
19,28.29441760601181,27.569779924852387,0.6642512077294686,38.727858293075684,3.730542136339238,0.27509393451422437,0.47638217928073,0.20128824476650564,0.0067096081588835215,0.05367686527106817,,,
20,23.617820719269993,22.020933977455716,0.4025764895330113,49.241814278046164,3.730542136339238,0.4227053140096618,0.32877079978529256,0.17444981213097155,0.0067096081588835215,0.05367686527106817,,,
21,23.470209339774556,22.148416532474503,0.4294149221685454,49.18142780461621,3.730542136339238,0.4227053140096618,0.32877079978529256,0.2281266774020397,0.0067096081588835215,0.05367686527106817,,,
22,23.423242082662373,22.269189479334408,0.6709608158883521,48.8593666129898,3.730542136339238,0.4227053140096618,0.32877079978529256,0.23483628556092323,0.0067096081588835215,0.05367686527106817,,,
23,21.571390230810522,22.20209339774557,0.7313472893183038,50.536768652710684,3.730542136339238,0.4227053140096618,0.32877079978529256,0.41599570585077833,0.0067096081588835215,0.05367686527106817,,,
24,18.833870101986044,18.55877616747182,0.6575415995705851,57.407407407407405,3.2541599570585076,0.4227053140096618,0.32877079978529256,0.47638217928073,0.0067096081588835215,0.05367686527106817,,,
25,18.80703166935051,18.297101449275363,0.6172839506172839,57.39398819108964,3.2541599570585076,0.4227053140096618,0.32877079978529256,0.8185721953837896,0.0067096081588835215,0.05367686527106817,,,
26,14.620236178207193,8.494363929146537,0.4294149221685454,72.59125067096082,2.341653247450349,0.30864197530864196,0.322061191626409,0.8319914117015567,0.0067096081588835215,0.05367686527106817,,,
27,14.626945786366075,8.494363929146537,0.4294149221685454,72.54428341384863,2.341653247450349,0.30864197530864196,0.322061191626409,0.8722490606548577,0.0067096081588835215,0.05367686527106817,,,
28,14.331723027375201,8.293075684380032,0.6239935587761675,72.60466988727859,2.341653247450349,0.30864197530864196,0.322061191626409,1.1137949543746646,0.0067096081588835215,0.05367686527106817,,,
29,14.331723027375201,8.293075684380032,0.6239935587761675,72.53757380568975,2.341653247450349,0.30864197530864196,0.322061191626409,1.1808910359634996,0.0067096081588835215,0.05367686527106817,,,
30,11.124530327428879,7.48792270531401,0.630703166935051,68.00858829844337,7.87037037037037,4.052603327965647,0.013419216317767043,0.7581857219538379,,0.05367686527106817,,,
31,11.124530327428879,7.360440150295223,0.8118625872249061,66.88137412775095,7.87037037037037,4.052603327965647,0.013419216317767043,1.8317230273752012,,0.05367686527106817,,,
32,11.124530327428879,7.340311325818572,0.8319914117015567,65.98899624261944,7.494632313472893,4.03918411164788,1.4559849704777241,1.6706924315619969,,0.05367686527106817,,,
33,11.158078368223295,7.2933440687063875,0.8789586688137413,65.8346752549651,7.494632313472893,4.03918411164788,1.4559849704777241,1.7914653784219001,,0.05367686527106817,,,
34,9.265968867418144,29.47530864197531,0.6239935587761675,45.551529790660226,6.488191089640365,7.313472893183038,0.5703166935050993,0.6843800322061192,,0.026838432635534086,,,
35,9.292807300053678,29.414922168545356,0.6709608158883521,45.511272141706925,6.488191089640365,7.313472893183038,0.5703166935050993,0.7112184648416533,,0.026838432635534086,,,
36,9.312936124530328,29.361245303274288,0.7246376811594203,45.4777241009125,6.488191089640365,7.313472893183038,0.5703166935050993,0.7246376811594203,,0.026838432635534086,,,
37,9.339774557165862,29.220343531937736,0.8051529790660226,45.44417606011809,6.488191089640365,7.380568974771873,0.5703166935050993,0.7246376811594203,,0.026838432635534086,,,
38,9.306226516371444,29.1532474503489,0.8387010198604401,45.46430488459474,6.488191089640365,7.380568974771873,0.5703166935050993,0.7716049382716049,,0.026838432635534086,,,
39,8.964036500268385,27.81803542673108,2.2342995169082127,45.04159957058508,5.495169082125604,7.380568974771873,2.214170692431562,0.8118625872249061,,0.040257648953301126,,,
40,8.84326355340848,27.690552871712292,2.13365539452496,51.81830381105743,1.7579173376274826,6.723027375201288,0.5568974771873323,0.43612453032742887,,0.040257648953301126,,,
41,7.239667203435319,24.349168008588297,2.086688137412775,56.94444444444444,1.7579173376274826,6.622383252818035,0.5568974771873323,0.4025764895330113,,0.040257648953301126,,,
42,7.239667203435319,22.376543209876544,2.0799785292538915,60.7487922705314,1.7579173376274826,5.320719269994632,0.020128824476650563,0.41599570585077833,,0.040257648953301126,,,
43,7.266505636070853,22.356414385399894,2.0799785292538915,57.32018250134192,5.045625335480408,5.320719269994632,0.03354804079441761,0.5367686527106817,,0.040257648953301126,,,
44,7.286634460547504,22.356414385399894,2.0799785292538915,58.984165324745035,3.3950617283950617,5.320719269994632,0.03354804079441761,0.5032206119162641,,0.040257648953301126,,,
45,7.326892109500805,22.356414385399894,2.1068169618894257,58.87010198604401,3.3816425120772946,5.260332796564681,0.03354804079441761,0.5434782608695652,0.040257648953301126,0.08051529790660225,,,
46,7.340311325818572,21.121846484165324,3.361513687600644,58.77616747181965,3.3816425120772946,5.260332796564681,0.03354804079441761,0.6038647342995169,0.040257648953301126,0.08051529790660225,,,
47,7.37385936661299,21.054750402576488,3.374932903918411,58.762748255501876,3.3816425120772946,5.260332796564681,0.03354804079441761,0.6038647342995169,0.040257648953301126,0.08051529790660225,,0.03354804079441761,
48,7.4141170155662905,21.027911969940956,3.374932903918411,58.74932903918411,3.3816425120772946,5.233494363929147,0.03354804079441761,0.6038647342995169,0.06709608158883522,0.08051529790660225,,0.03354804079441761,
49,7.4141170155662905,21.027911969940956,3.374932903918411,58.7157809983897,3.3816425120772946,5.213365539452496,0.040257648953301126,0.630703166935051,0.08722490606548577,0.08051529790660225,,0.03354804079441761,
50,7.440955448201825,21.014492753623188,3.3480944712828773,58.55475040257649,3.3816425120772946,5.213365539452496,0.040257648953301126,0.7648953301127214,0.08722490606548577,0.0939345142243693,,0.06038647342995169,
51,7.440955448201825,16.472088030059044,2.073268921095008,58.47423510466989,9.272678475577026,5.193236714975845,0.040257648953301126,0.8319914117015567,0.10735373054213634,0.0939345142243693,,,
52,7.139023081052066,16.391572732152444,2.13365539452496,58.87010198604401,9.272678475577026,5.193236714975845,0.040257648953301126,0.7581857219538379,0.10735373054213634,0.0939345142243693,,,
53,7.152442297369833,16.391572732152444,2.13365539452496,58.756038647343,9.25925925925926,5.193236714975845,0.040257648953301126,0.8722490606548577,0.10735373054213634,0.0939345142243693,,,
54,7.185990338164252,16.364734299516908,2.24771873322598,58.56816961889426,9.232420826623725,5.0791733762748255,0.040257648953301126,1.0534084809447128,0.10735373054213634,0.12077294685990338,,,
55,7.1725711218464845,16.344605475040257,2.24771873322598,57.306763285024154,9.118357487922705,6.280193236714976,0.040257648953301126,1.1473429951690821,0.10735373054213634,0.23483628556092323,,,
56,7.179280730005368,16.31105743424584,2.281266774020397,57.30005367686527,9.118357487922705,6.280193236714976,0.040257648953301126,1.1473429951690821,0.10735373054213634,0.23483628556092323,,,
57,7.192699946323135,16.25067096081589,2.314814814814815,57.23966720343532,9.118357487922705,6.260064412238325,0.040257648953301126,1.2077294685990339,0.10735373054213634,0.2683843263553409,,,
58,7.1725711218464845,16.25738056897477,2.314814814814815,57.340311325818575,9.118357487922705,6.260064412238325,0.040257648953301126,1.1205045625335481,0.10735373054213634,0.2683843263553409,,,
59,7.1725711218464845,16.25067096081589,2.3215244229736984,57.22624798711755,9.118357487922705,6.239935587761675,0.040257648953301126,1.2345679012345678,0.1274825550187869,0.2683843263553409,,,
60,7.1725711218464845,16.035963499731615,2.536231884057971,56.24664519592056,9.118357487922705,6.1862587224906065,0.040257648953301126,2.26784755770263,0.1274825550187869,0.2683843263553409,,,
61,7.212828770799785,16.009125067096083,2.536231884057971,56.03193773483628,9.091519055287172,6.125872249060655,0.040257648953301126,2.4355877616747184,0.1274825550187869,0.38915727321524424,,,
62,7.273215244229737,15.955448201825014,2.5697799248523885,55.99838969404187,9.064680622651638,6.119162640901771,0.08051529790660225,2.3752012882447664,0.1274825550187869,0.43612453032742887,,,
63,7.2933440687063875,15.915190552871712,2.5697799248523885,55.9447128287708,9.064680622651638,6.119162640901771,0.0939345142243693,2.4355877616747184,0.1274825550187869,0.43612453032742887,,,
64,7.266505636070853,15.942028985507246,2.5697799248523885,55.91787439613527,9.064680622651638,6.092324208266238,0.0939345142243693,2.462426194310252,0.15432098765432098,0.43612453032742887,,,
65,7.273215244229737,15.734031132581856,2.7777777777777777,54.146537842190014,8.172302737520129,8.789586688137414,0.0939345142243693,2.4691358024691357,0.15432098765432098,0.38915727321524424,,,
66,7.286634460547504,15.734031132581856,2.7777777777777777,53.958668813741276,8.044820182501342,8.776167471819646,0.0939345142243693,2.6301663982823404,0.15432098765432098,0.5166398282340311,,0.026838432635534086,
67,7.347020933977456,15.693773483628556,2.7643585614600106,53.76409017713365,7.997852925389157,8.675523349436393,0.0939345142243693,2.6301663982823404,0.20799785292538917,0.798443370907139,,0.026838432635534086,
68,7.387278582930757,15.385131508319914,2.737520128824477,53.68357487922705,8.319914117015566,8.675523349436393,0.0939345142243693,2.6637144390767578,0.20128824476650564,0.8252818035426731,,0.026838432635534086,
69,7.440955448201825,15.324745034889963,2.804616210413312,53.656736446591516,8.219269994632313,8.648684916800859,0.0939345142243693,2.677133655394525,0.20128824476650564,0.9057971014492754,,0.026838432635534086,
70,7.481213097155126,15.324745034889963,2.804616210413312,53.455448201825014,8.219269994632313,8.467525496511003,0.0939345142243693,2.7241009125067097,0.20128824476650564,1.1674718196457328,,0.026838432635534086,0.03354804079441761
71,7.50805152979066,15.22410091250671,2.9052603327965647,50.80515297906602,8.031400966183575,11.33923778851315,0.11406333870101985,2.589908749329039,0.2214170692431562,1.1607622114868492,,0.026838432635534086,0.07380568974771873
72,7.206119162640902,15.22410091250671,2.9052603327965647,50.5300590445518,8.501073537305421,11.332528180354267,0.11406333870101985,2.690552871712292,0.2214170692431562,1.1741814278046163,,0.026838432635534086,0.07380568974771873
73,7.246376811594203,15.22410091250671,2.9052603327965647,50.42270531400966,8.501073537305421,11.245303274288782,0.11406333870101985,2.757648953301127,0.30864197530864196,1.1741814278046163,,0.026838432635534086,0.07380568974771873
74,7.326892109500805,15.170424047235642,2.945517981749866,50.34219001610306,8.501073537305421,11.231884057971014,0.11406333870101985,2.757648953301127,0.30864197530864196,1.2010198604401503,,0.026838432635534086,0.07380568974771873
75,6.843800322061192,15.526033279656469,3.099838969404187,49.986580783682236,8.487654320987655,11.231884057971014,0.11406333870101985,3.099838969404187,0.30864197530864196,1.2010198604401503,,0.026838432635534086,0.07380568974771873
76,6.937734836285561,15.485775630703166,3.113258185721954,49.77858293075684,8.474235104669887,11.16478797638218,0.11406333870101985,3.280998389694042,0.33548040794417605,1.2144390767579174,,0.026838432635534086,0.07380568974771873
77,3.770799785292539,13.22463768115942,3.052871712292002,56.64922168545357,7.461084272678476,11.124530327428879,0.10735373054213634,2.9589371980676327,0.33548040794417605,1.2144390767579174,,0.026838432635534086,0.07380568974771873
78,3.844605475040258,13.063607085346217,3.3145464304884595,56.474771873322595,7.461084272678476,11.057434245840042,0.10735373054213634,3.026033279656468,0.33548040794417605,1.2144390767579174,,0.026838432635534086,0.07380568974771873
79,3.8580246913580245,13.063607085346217,3.3145464304884595,56.26006441223833,7.4208266237251745,11.057434245840042,0.10735373054213634,3.240740740740741,0.322061191626409,1.2546967257112185,,0.026838432635534086,0.07380568974771873
80,3.8848631239935587,13.050187869028449,3.3279656468062266,55.77026301663983,7.4208266237251745,11.030595813204508,0.10735373054213634,3.717122920021471,0.322061191626409,1.2546967257112185,,0.026838432635534086,0.08722490606548577
81,3.280998389694042,12.889157273215245,3.321256038647343,56.977992485238865,7.407407407407407,10.950080515297907,0.08722490606548577,3.3816425120772946,0.322061191626409,1.2681159420289856,,0.026838432635534086,0.08722490606548577
82,3.3279656468062266,12.889157273215245,3.321256038647343,56.91760601180891,7.407407407407407,10.950080515297907,0.08722490606548577,3.3950617283950617,0.322061191626409,1.2681159420289856,,0.026838432635534086,0.08722490606548577
83,3.3548040794417604,12.781803542673108,3.4286097691894795,56.89747718733226,7.407407407407407,10.84272678475577,0.08722490606548577,3.3950617283950617,0.4227053140096618,1.2681159420289856,,0.026838432635534086,0.08722490606548577
84,3.294417606011809,12.801932367149758,3.549382716049383,56.756575415995705,7.407407407407407,10.84272678475577,0.08722490606548577,3.455448201825013,0.4227053140096618,1.2681159420289856,,0.026838432635534086,0.08722490606548577
85,1.4358561460010735,32.68250134192163,2.5697799248523885,43.33735909822866,6.172839506172839,8.863392377885132,0.07380568974771873,3.5829307568438002,0.20128824476650564,0.966183574879227,,0.026838432635534086,0.08722490606548577
86,1.4492753623188406,30.656199677938808,4.830917874396135,43.08910359634997,6.125872249060655,8.863392377885132,0.07380568974771873,3.5829307568438002,0.20128824476650564,0.9460547504025765,0.06709608158883522,0.026838432635534086,0.08722490606548577
87,1.442565754159957,23.57085346215781,4.26731078904992,42.7938808373591,14.083467525496511,8.789586688137414,0.04696725711218465,3.5829307568438002,0.27509393451422437,0.966183574879227,0.06709608158883522,0.026838432635534086,0.08722490606548577
88,1.42914653784219,23.282340311325818,4.28743961352657,41.6532474503489,14.083467525496511,8.722490606548577,1.6371443907675791,3.549382716049383,0.2616747181964573,0.9125067096081588,0.06709608158883522,0.026838432635534086,0.08722490606548577
89,1.42914653784219,23.242082662372518,4.327697262479871,41.6532474503489,14.083467525496511,8.722490606548577,1.6371443907675791,3.549382716049383,0.2616747181964573,0.9125067096081588,0.06709608158883522,0.026838432635534086,0.08722490606548577
90,1.4559849704777241,23.121309715512613,4.42163177670424,41.646537842190014,14.049919484702093,8.722490606548577,1.6371443907675791,3.549382716049383,0.30193236714975846,0.9125067096081588,0.06709608158883522,0.026838432635534086,0.08722490606548577
91,1.4559849704777241,23.121309715512613,4.42163177670424,41.57944176060118,14.049919484702093,8.682232957595277,1.6371443907675791,3.5829307568438002,0.30193236714975846,0.9863123993558777,0.06709608158883522,0.026838432635534086,0.08722490606548577
92,1.4694041867954912,23.10789049919485,4.42163177670424,41.55260332796565,14.049919484702093,8.621846484165324,1.6371443907675791,3.683574879227053,0.30193236714975846,0.9728931830381106,0.06709608158883522,0.026838432635534086,0.08722490606548577
93,1.482823403113258,23.10789049919485,4.42163177670424,41.458668813741276,14.036500268384327,8.621846484165324,1.6371443907675791,3.7640901771336552,0.30193236714975846,0.9863123993558777,0.06709608158883522,0.026838432635534086,0.08722490606548577
94,1.482823403113258,23.03408480944713,4.455179817498658,40.98899624261943,13.962694578636608,8.514492753623188,1.6371443907675791,4.455179817498658,0.30193236714975846,0.9863123993558777,0.06709608158883522,0.026838432635534086,0.08722490606548577
95,1.3888888888888888,19.07541599570585,4.30756843800322,35.28582930756844,13.955984970477724,19.216317767042405,1.6371443907675791,3.8848631239935587,0.28180354267310787,0.785024154589372,0.06709608158883522,0.026838432635534086,0.08722490606548577
96,1.3955984970477724,19.07541599570585,4.294149221685454,35.25228126677402,13.942565754159958,19.216317767042405,1.6371443907675791,3.911701556629093,0.28180354267310787,0.798443370907139,0.08051529790660225,0.026838432635534086,0.08722490606548577
97,1.415727321524423,19.068706387546968,4.294149221685454,35.07112184648417,13.92914653784219,19.16935050993022,1.6371443907675791,4.092860976918948,0.3153515834675255,0.798443370907139,0.08051529790660225,0.026838432635534086,0.10064412238325282
98,1.4090177133655395,19.068706387546968,4.294149221685454,34.88325281803543,13.79495437466452,19.082125603864736,1.932367149758454,4.092860976918948,0.36902844873859364,0.8655394524959742,0.08051529790660225,0.026838432635534086,0.10064412238325282
99,1.4090177133655395,19.0552871712292,4.448470209339774,34.70209339774557,13.741277509393452,19.068706387546968,1.932367149758454,4.133118625872249,0.3824476650563607,0.9192163177670424,0.08051529790660225,0.026838432635534086,0.10064412238325282
100,1.4559849704777241,19.0150295222759,5.669618894256575,34.675254965110035,13.714439076757918,17.85426731078905,1.932367149758454,4.146537842190016,0.3824476650563607,0.9460547504025765,0.08051529790660225,0.026838432635534086,0.10064412238325282
101,1.482823403113258,19.0150295222759,5.703166935050993,34.648416532474506,13.707729468599034,17.793880837359097,1.892109500805153,4.146537842190016,0.3824476650563607,0.9728931830381106,0.08051529790660225,0.026838432635534086,0.14761137949543746
102,1.5096618357487923,19.0150295222759,5.703166935050993,34.58803005904455,13.654052603327965,17.793880837359097,1.892109500805153,4.17337627482555,0.3824476650563607,1.0332796564680622,0.08051529790660225,0.026838432635534086,0.14761137949543746
103,1.5163714439076759,18.98148148148148,5.730005367686527,34.52093397745572,13.6406333870102,17.793880837359097,1.892109500805153,4.206924315619967,0.3824476650563607,1.0802469135802468,0.08051529790660225,0.026838432635534086,0.14761137949543746
104,1.2949543746645196,18.914385399892645,5.770263016639828,38.60708534621578,13.573537305421363,15.076489533011273,1.8853998926462694,3.5426731078904994,0.36231884057971014,0.8118625872249061,0.08051529790660225,0.026838432635534086,0.05367686527106817
105,1.288244766505636,18.894256575415994,5.83064949006978,38.57353730542136,13.573537305421363,15.03623188405797,1.8853998926462694,3.5426731078904994,0.4025764895330113,0.8118625872249061,0.08051529790660225,0.026838432635534086,0.05367686527106817
106,1.2748255501878691,18.06226516371444,6.696188942565755,38.399087493290395,13.22463768115942,15.03623188405797,1.8853998926462694,3.6097691894793345,0.4562533548040794,1.1607622114868492,0.08051529790660225,0.06038647342995169,0.05367686527106817
107,1.2949543746645196,18.02871712292002,6.696188942565755,38.33199141170156,13.22463768115942,14.915458937198068,1.865271068169619,3.6634460547504024,0.5367686527106817,1.1607622114868492,0.08051529790660225,0.06038647342995169,0.14090177133655393
108,1.3083735909822867,17.693236714975846,6.394256575415996,38.17096081588835,14.076757917337627,14.700751476113794,1.865271068169619,3.7037037037037037,0.5367686527106817,1.1607622114868492,0.08051529790660225,0.06038647342995169,0.24825550187869028
109,0.9192163177670424,15.08990874932904,5.5756843800322065,38.66076221148685,17.961621041331185,14.700751476113794,1.6170155662909287,3.2474503488996245,0.5367686527106817,1.3016639828234031,0.08051529790660225,0.06038647342995169,0.24825550187869028
110,0.966183574879227,14.97584541062802,5.689747718733226,38.6003757380569,17.961621041331185,14.660493827160494,1.6170155662909287,3.2877079978529253,0.5636070853462157,1.3016639828234031,0.08051529790660225,0.06038647342995169,0.23483628556092323
111,0.9930220075147611,14.915458937198068,5.676328502415459,38.58695652173913,17.934782608695652,14.660493827160494,1.6170155662909287,3.3480944712828773,0.5636070853462157,1.328502415458937,0.08051529790660225,0.06038647342995169,0.23483628556092323
112,0.9594739667203436,13.58695652173913,5.092592592592593,48.55072463768116,17.92807300053677,6.857219538378959,1.6170155662909287,3.3548040794417604,0.3488996242619431,1.328502415458937,0.08051529790660225,0.06038647342995169,0.23483628556092323
113,1.0131508319914118,13.58695652173913,5.092592592592593,48.470209339774556,17.92807300053677,6.850509930220075,1.6170155662909287,3.388352120236178,0.3488996242619431,1.328502415458937,0.08051529790660225,0.06038647342995169,0.23483628556092323
114,0.9997316156736447,13.58695652173913,5.0791733762748255,48.43666129898014,17.887815351583466,6.837090713902308,1.6170155662909287,3.455448201825013,0.3824476650563607,1.3150831991411702,0.0939345142243693,0.07380568974771873,0.23483628556092323
115,1.0265700483091786,13.58695652173913,5.045625335480408,48.41653247450349,17.887815351583466,6.830381105743425,1.6170155662909287,3.455448201825013,0.41599570585077833,1.3150831991411702,0.0939345142243693,0.07380568974771873,0.23483628556092323
116,1.0802469135802468,13.573537305421363,5.032206119162641,48.32259796027912,17.881105743424584,6.830381105743425,1.6438539989264627,3.502415458937198,0.41599570585077833,1.3150831991411702,0.0939345142243693,0.07380568974771873,0.23483628556092323
117,1.06682769726248,13.24476650563607,5.032206119162641,45.779656468062264,20.75281803542673,6.830381105743425,1.6438539989264627,3.515834675254965,0.41599570585077833,1.3150831991411702,0.0939345142243693,0.07380568974771873,0.23483628556092323
118,1.0869565217391304,11.553945249597424,7.03166935050993,45.63204508856683,20.611916264090176,6.749865807836822,1.6438539989264627,3.5225442834138487,0.46967257112184646,1.3016639828234031,0.0939345142243693,0.07380568974771873,0.2281266774020397
119,1.107085346215781,11.52710681696189,7.065217391304348,41.82098765432099,20.611916264090176,6.66935050993022,5.4616210413311865,3.5963499731615673,0.46967257112184646,1.2748255501878691,0.0939345142243693,0.07380568974771873,0.2281266774020397
120,1.1406333870101986,11.52710681696189,7.0450885668276975,41.80756843800322,20.491143317230275,6.662640901771336,5.441492216854535,3.6097691894793345,0.4830917874396135,1.3553408480944713,0.11406333870101985,0.07380568974771873,0.24825550187869028
121,1.1674718196457328,11.52710681696189,7.0450885668276975,41.7337627482555,20.491143317230275,6.649221685453569,5.441492216854535,3.670155662909286,0.4830917874396135,1.3553408480944713,0.11406333870101985,0.07380568974771873,0.24825550187869028
122,1.2815351583467525,11.513687600644122,7.0450885668276975,41.659957058507786,20.37037037037037,6.635802469135802,5.441492216854535,3.69699409554482,0.4830917874396135,1.4358561460010735,0.11406333870101985,0.07380568974771873,0.24825550187869028
123,1.3687600644122384,11.473429951690822,7.051798174986581,41.6532474503489,20.303274288781534,6.602254428341385,5.441492216854535,3.69699409554482,0.5099302200751477,1.4626945786366077,0.11406333870101985,0.07380568974771873,0.24825550187869028
124,1.3687600644122384,11.473429951690822,7.0450885668276975,41.646537842190014,20.1959205582394,6.602254428341385,5.441492216854535,3.7037037037037037,0.5099302200751477,1.570048309178744,0.11406333870101985,0.08051529790660225,0.24825550187869028
125,1.3754696725711217,11.473429951690822,7.011540526033279,41.606280193236714,20.04830917874396,6.602254428341385,5.434782608695652,3.717122920021471,0.5099302200751477,1.7444981213097155,0.14761137949543746,0.08051529790660225,0.24825550187869028
126,1.42914653784219,11.426462694578637,7.004830917874396,41.532474503489,20.04830917874396,6.595544820182502,5.421363392377885,3.7573805689747717,0.5099302200751477,1.7713365539452497,0.14761137949543746,0.10735373054213634,0.24825550187869028
127,1.4559849704777241,11.426462694578637,7.004830917874396,41.458668813741276,20.02818035426731,6.568706387546968,5.421363392377885,3.8311862587224907,0.5300590445517982,1.7713365539452497,0.14761137949543746,0.10735373054213634,0.24825550187869028
128,1.4559849704777241,11.3593666129898,7.071926999463232,41.378153515834676,20.001341921631777,6.568706387546968,5.421363392377885,3.9049919484702094,0.5300590445517982,1.8048845947396672,0.14761137949543746,0.10735373054213634,0.24825550187869028
129,1.4962426194310252,11.332528180354267,7.03166935050993,41.337895866881375,19.97450348899624,6.568706387546968,5.421363392377885,3.9452495974235107,0.5434782608695652,1.8183038110574343,0.17444981213097155,0.10735373054213634,0.24825550187869028
130,1.556629092860977,11.332528180354267,6.984702093397746,41.29092860976919,19.692699946323135,6.5485775630703165,5.434782608695652,3.9855072463768115,0.5434782608695652,2.100107353730542,0.17444981213097155,0.10735373054213634,0.24825550187869028
131,1.5633387010198605,11.332528180354267,7.085346215780999,41.22383252818035,19.692699946323135,6.541867954911433,5.434782608695652,3.9519592055823938,0.5434782608695652,2.100107353730542,0.17444981213097155,0.10735373054213634,0.24825550187869028
132,1.583467525496511,11.265432098765432,7.132313472893183,41.19028448738594,19.57192699946323,6.4412238325281805,5.434782608695652,4.086151368760064,0.5434782608695652,2.2208803005904456,0.17444981213097155,0.10735373054213634,0.24825550187869028
133,1.6505636070853462,11.238593666129898,7.159151905528717,41.0829307568438,19.565217391304348,6.4412238325281805,5.448201825013419,4.119699409554482,0.5434782608695652,2.2208803005904456,0.17444981213097155,0.10735373054213634,0.24825550187869028
134,1.6908212560386473,10.23215244229737,6.763285024154589,40.76086956521739,18.370907139023082,8.467525496511003,5.448201825013419,5.481749865807837,0.5703166935050993,1.6841116478797638,0.17444981213097155,0.10735373054213634,0.24825550187869028
135,1.6371443907675791,7.729468599033816,5.139559849704777,40.747450348899626,23.503757380568974,8.467525496511003,5.441492216854535,5.01207729468599,0.4830917874396135,1.4358561460010735,0.04696725711218465,0.10735373054213634,0.24825550187869028
136,1.6572732152442298,7.695920558239399,5.280461621041331,40.64680622651637,23.396403650026837,8.32662372517445,5.441492216854535,4.9718196457326895,0.46296296296296297,1.7176596886741815,0.04696725711218465,0.10735373054213634,0.24825550187869028
137,1.7914653784219001,7.575147611379496,5.280461621041331,40.53274288781535,22.966988727858293,8.340042941492216,5.414653784219001,5.535426731078905,0.46296296296296297,1.6975308641975309,0.04696725711218465,0.10735373054213634,0.24825550187869028
138,1.778046162104133,6.837090713902308,5.703166935050993,44.93424584004294,22.490606548577563,6.340579710144928,3.9989264626945786,5.4616210413311865,0.4227053140096618,1.6371443907675791,0.04696725711218465,0.10735373054213634,0.24154589371980675
139,1.7847557702630166,6.823671497584541,5.71658615136876,44.887278582930755,22.490606548577563,6.340579710144928,3.9989264626945786,5.501878690284487,0.4227053140096618,1.6371443907675791,0.04696725711218465,0.10735373054213634,0.24154589371980675
140,1.7713365539452497,6.816961889425658,5.71658615136876,44.82018250134192,22.309447128287708,6.340579710144928,4.012345679012346,5.5689747718733225,0.41599570585077833,1.8317230273752012,0.04696725711218465,0.10735373054213634,0.24154589371980675
141,1.6706924315619969,6.816961889425658,5.71658615136876,40.633387010198604,26.603596349973163,6.273483628556092,4.012345679012346,5.629361245303274,0.41599570585077833,1.8317230273752012,0.04696725711218465,0.10735373054213634,0.24154589371980675
142,1.6706924315619969,6.796833064949007,5.709876543209877,40.633387010198604,26.576757917337627,6.273483628556092,4.012345679012346,5.642780461621041,0.41599570585077833,1.8719806763285025,0.04696725711218465,0.10735373054213634,0.24154589371980675
143,1.6841116478797638,6.763285024154589,5.756843800322061,40.57971014492754,26.52308105206656,6.260064412238325,3.9989264626945786,5.6964573268921095,0.41599570585077833,1.90552871712292,0.04696725711218465,0.10735373054213634,0.2616747181964573
144,1.6908212560386473,6.763285024154589,6.689479334406871,40.49919484702093,25.791733762748255,6.246645195920558,3.9989264626945786,5.71658615136876,0.4092860976918948,1.778046162104133,0.04696725711218465,0.10735373054213634,0.2616747181964573
145,1.6237251744498122,6.407675791733762,5.421363392377885,39.45920558239399,28.576221148684915,6.246645195920558,3.9989264626945786,5.71658615136876,0.4092860976918948,1.7579173376274826,0.04696725711218465,0.07380568974771873,0.2616747181964573
146,1.6371443907675791,6.407675791733762,5.414653784219001,39.392109500805155,28.569511540526033,6.239935587761675,3.9989264626945786,5.776972624798712,0.4092860976918948,1.7713365539452497,0.04696725711218465,0.07380568974771873,0.2616747181964573
147,1.6639828234031133,6.407675791733762,5.414653784219001,39.38539989264627,28.569511540526033,6.239935587761675,3.9989264626945786,5.776972624798712,0.38915727321524424,1.7713365539452497,0.04696725711218465,0.07380568974771873,0.2616747181964573
148,1.6908212560386473,6.407675791733762,5.481749865807837,39.26462694578637,28.529253891572733,6.239935587761675,3.9989264626945786,5.844068706387547,0.38915727321524424,1.7713365539452497,0.04696725711218465,0.07380568974771873,0.2616747181964573
149,1.6237251744498122,6.407675791733762,5.475040257648954,36.29898013955985,31.407675791733762,6.233225979602791,3.9989264626945786,5.9447128287707995,0.38915727321524424,1.8384326355340848,0.04696725711218465,0.07380568974771873,0.2616747181964573
150,1.6505636070853462,6.374127750939345,5.475040257648954,36.26543209876543,31.367418142780462,6.233225979602791,3.9989264626945786,6.025228126677402,0.38915727321524424,1.8384326355340848,0.04696725711218465,0.07380568974771873,0.2616747181964573
151,1.7310789049919484,6.374127750939345,5.434782608695652,36.24530327428878,31.280193236714975,6.199677938808374,3.9989264626945786,6.038647342995169,0.38915727321524424,1.9256575415995705,0.04696725711218465,0.07380568974771873,0.2616747181964573
152,1.8115942028985508,6.374127750939345,5.441492216854535,36.171497584541065,31.21309715512614,6.199677938808374,3.7372517444981215,6.085614600107354,0.38915727321524424,1.9256575415995705,0.04696725711218465,0.07380568974771873,0.5300590445517982
153,1.8451422436929683,6.374127750939345,5.46833064949007,36.10440150295223,31.092324208266238,6.199677938808374,3.7372517444981215,6.119162640901771,0.38915727321524424,2.046430488459474,0.020128824476650563,0.07380568974771873,0.5300590445517982
154,1.9793344068706387,6.3137412775093935,5.46833064949007,35.94337090713902,30.9849704777241,6.166129898013956,3.7037037037037037,6.3137412775093935,0.4227053140096618,2.0665593129361244,0.020128824476650563,0.07380568974771873,0.5434782608695652
155,1.9793344068706387,6.3137412775093935,5.414653784219001,35.88298443370907,30.03220611916264,6.166129898013956,4.696725711218465,6.340579710144928,0.4227053140096618,2.1068169618894257,0.020128824476650563,0.08051529790660225,0.5434782608695652
156,1.9927536231884058,6.3137412775093935,5.414653784219001,35.88298443370907,29.985238862050455,6.152710681696189,4.696725711218465,6.340579710144928,0.4227053140096618,2.15378421900161,0.020128824476650563,0.08051529790660225,0.5434782608695652
157,1.9927536231884058,6.260064412238325,5.46833064949007,35.85614600107354,29.97181964573269,6.152710681696189,4.696725711218465,6.394256575415996,0.4227053140096618,2.1403650026838434,0.020128824476650563,0.08051529790660225,0.5434782608695652
158,2.0128824476650564,6.1862587224906065,5.421363392377885,35.78234031132582,29.911433172302736,6.152710681696189,4.851046698872786,6.427804616210413,0.4227053140096618,2.187332259796028,0.020128824476650563,0.08051529790660225,0.5434782608695652
159,1.9189479334406871,5.213365539452496,4.455179817498658,35.78234031132582,32.1658615136876,6.152710681696189,4.851046698872786,6.353998926462695,0.4227053140096618,2.046430488459474,0.020128824476650563,0.07380568974771873,0.5434782608695652
160,1.932367149758454,5.213365539452496,4.441760601180891,35.71524422973698,32.1256038647343,6.152710681696189,4.87788513150832,6.394256575415996,0.4227053140096618,2.086688137412775,0.020128824476650563,0.07380568974771873,0.5434782608695652
161,1.9927536231884058,5.213365539452496,4.441760601180891,35.648148148148145,32.06521739130435,6.152710681696189,4.864465915190553,6.387546967257112,0.4227053140096618,2.147074610842727,0.020128824476650563,0.10064412238325282,0.5434782608695652
162,1.8853998926462694,5.173107890499195,4.388083735909823,38.1508319914117,31.66935050993022,5.12614063338701,4.723564143853999,6.045356951154052,0.3153515834675255,1.8585614600107354,0.020128824476650563,0.10064412238325282,0.5434782608695652
163,1.9189479334406871,5.173107890499195,4.388083735909823,38.10386473429951,31.66935050993022,5.10601180891036,4.723564143853999,5.931293612453032,0.3153515834675255,2.006172839506173,0.020128824476650563,0.10064412238325282,0.5434782608695652
164,1.90552871712292,5.173107890499195,4.388083735909823,38.04347826086956,31.66935050993022,4.99194847020934,4.7168545356951155,5.971551261406334,0.4294149221685454,2.046430488459474,0.020128824476650563,0.10064412238325282,0.5434782608695652
165,1.932367149758454,5.146269457863661,4.414922168545357,38.00993022007515,31.4345142243693,4.978529253891573,4.790660225442834,6.199677938808374,0.4294149221685454,2.046430488459474,0.020128824476650563,0.10064412238325282,0.49651100375738055
166,1.90552871712292,5.146269457863661,4.133118625872249,37.80864197530864,31.273483628556093,4.978529253891573,4.790660225442834,6.374127750939345,0.4294149221685454,2.2074610842726785,0.35560923242082665,0.10064412238325282,0.49651100375738055
167,1.9390767579173376,5.146269457863661,4.133118625872249,37.62748255501879,31.239935587761675,4.978529253891573,4.817498658078368,6.528448738593666,0.4294149221685454,2.2074610842726785,0.35560923242082665,0.10064412238325282,0.49651100375738055
168,1.9994632313472893,5.139559849704777,4.139828234031133,37.58722490606549,31.239935587761675,4.978529253891573,4.797369833601718,6.521739130434782,0.4294149221685454,2.24771873322598,0.35560923242082665,0.10064412238325282,0.46296296296296297
169,2.0397208803005906,5.139559849704777,4.139828234031133,37.39264626945786,31.219806763285025,4.978529253891573,4.830917874396135,6.642512077294686,0.4294149221685454,2.26784755770263,0.35560923242082665,0.10064412238325282,0.46296296296296297
170,2.0531400966183573,5.0993022007514766,4.180085882984434,37.21819645732689,31.219806763285025,4.944981213097155,4.830917874396135,6.837090713902308,0.4294149221685454,2.26784755770263,0.35560923242082665,0.10064412238325282,0.46296296296296297
171,2.0397208803005906,5.0993022007514766,4.180085882984434,37.21819645732689,31.199677938808374,4.944981213097155,4.830917874396135,6.823671497584541,0.4562533548040794,2.2879763821792807,0.35560923242082665,0.10064412238325282,0.46296296296296297
172,2.0263016639828235,5.0993022007514766,4.193505099302201,37.19135802469136,31.17283950617284,4.904723564143854,4.891304347826087,6.843800322061192,0.4227053140096618,2.3081052066559313,0.35560923242082665,0.10064412238325282,0.48980139559849706
173,1.9994632313472893,5.0993022007514766,5.381105743424584,35.99704777241009,31.11916264090177,4.904723564143854,4.891304347826087,6.830381105743425,0.4227053140096618,2.38191089640365,0.3824476650563607,0.10064412238325282,0.48980139559849706
174,2.01959205582394,5.0993022007514766,5.381105743424584,35.99704777241009,31.112453032742888,4.904723564143854,4.891304347826087,6.816961889425658,0.4227053140096618,2.38191089640365,0.3824476650563607,0.10064412238325282,0.48980139559849706
175,2.0665593129361244,5.0858829844337095,5.381105743424584,35.86285560923242,31.07890499194847,4.891304347826087,4.871175523349437,6.9310252281266775,0.43612453032742887,2.442297369833602,0.3824476650563607,0.10064412238325282,0.46967257112184646
176,2.086688137412775,5.0858829844337095,5.381105743424584,35.84272678475577,31.0654857756307,4.891304347826087,4.871175523349437,6.944444444444445,0.43612453032742887,2.442297369833602,0.3824476650563607,0.10064412238325282,0.46967257112184646
177,2.120236178207193,5.0858829844337095,5.381105743424584,35.809178743961354,31.031937734836287,4.830917874396135,4.918142780461621,6.910896403650026,0.49651100375738055,2.462426194310252,0.3824476650563607,0.10064412238325282,0.46967257112184646
178,2.147074610842727,5.0858829844337095,5.381105743424584,35.75550187869028,30.870907139023082,4.8443370907139025,4.904723564143854,6.910896403650026,0.5233494363929146,2.623456790123457,0.3824476650563607,0.10064412238325282,0.46967257112184646
179,2.1739130434782608,5.0858829844337095,5.381105743424584,35.68169618894257,30.656199677938808,4.777241009125067,4.904723564143854,7.071926999463232,0.5099302200751477,2.804616210413312,0.3824476650563607,0.10064412238325282,0.46967257112184646
180,2.200751476113795,5.0858829844337095,5.381105743424584,35.66156736446592,30.64278046162104,4.777241009125067,4.904723564143854,7.092055823939882,0.5099302200751477,2.791196994095545,0.3824476650563607,0.10064412238325282,0.46967257112184646
181,2.2611379495437465,5.0858829844337095,5.367686527106817,35.59447128287708,30.50187869028449,4.777241009125067,4.904723564143854,7.232957595276436,0.5300590445517982,2.804616210413312,0.3824476650563607,0.10064412238325282,0.4562533548040794
