,45,50,55,51,53,52,56,54,57,59,60,58,61,47,62,46
0,88.13070316693505,11.869296833064949,,,,,,,,,,,,,,
1,83.35346215780999,16.626409017713364,0.020128824476650563,,,,,,,,,,,,,
2,69.04857756307031,23.409822866344605,0.026838432635534086,7.514761137949543,,,,,,,,,,,,
3,68.27697262479872,23.946591519055286,0.2952227589908749,7.461084272678476,0.020128824476650563,,,,,,,,,,,
4,67.90123456790124,24.208266237251745,0.4092860976918948,7.461084272678476,0.020128824476650563,,,,,,,,,,,
5,66.09634997316157,23.74530327428878,0.4092860976918948,7.461084272678476,0.020128824476650563,2.26784755770263,,,,,,,,,,
6,60.76221148684917,23.389694041867955,0.16774020397208803,13.278314546430488,0.020128824476650563,2.26784755770263,0.11406333870101985,,,,,,,,,
7,60.55421363392378,23.523886205045624,0.16774020397208803,13.325281803542673,0.020128824476650563,2.2946859903381642,0.11406333870101985,,,,,,,,,
8,60.46698872785829,23.61111111111111,0.16774020397208803,13.325281803542673,0.020128824476650563,2.2946859903381642,0.11406333870101985,,,,,,,,,
9,58.21256038647343,24.745034889962426,1.3754696725711217,13.18438003220612,0.020128824476650563,2.2946859903381642,0.16774020397208803,,,,,,,,,
10,57.95759527643585,24.06736446591519,1.4090177133655395,12.909286097691895,0.020128824476650563,3.4688674181427803,0.16774020397208803,,,,,,,,,
11,57.729468599033815,23.765432098765434,1.4492753623188406,15.559581320450885,0.020128824476650563,1.261406333870102,0.2147074610842727,,,,,,,,,
12,57.608695652173914,23.040794417606012,1.7579173376274826,16.09634997316157,0.020128824476650563,1.261406333870102,0.2147074610842727,,,,,,,,,
13,57.35373054213634,23.22866344605475,1.7579173376274826,16.09634997316157,0.020128824476650563,1.261406333870102,0.2147074610842727,0.06709608158883522,,,,,,,,
14,51.368760064412236,26.764626945786365,1.8048845947396672,15.418679549114332,0.020128824476650563,4.367954911433173,0.19457863660762212,0.06038647342995169,,,,,,,,
15,48.980139559849704,28.911701556629094,1.9189479334406871,15.566290928609769,0.020128824476650563,4.334406870638754,0.20799785292538917,0.06038647342995169,,,,,,,,
16,48.59769189479334,29.1532474503489,2.046430488459474,15.445517981749866,0.020128824476650563,4.334406870638754,0.3421900161030596,0.06038647342995169,,,,,,,,
17,41.92163177670424,36.00375738056898,1.9793344068706387,15.385131508319914,,4.30756843800322,0.3421900161030596,0.06038647342995169,,,,,,,,
18,36.922973698336016,34.044551798174986,2.26784755770263,19.80005367686527,,3.549382716049383,0.43612453032742887,2.9790660225442833,,,,,,,,
19,35.567632850241544,35.057702630166396,2.3752012882447664,20.021470746108427,,3.549382716049383,0.4495437466451959,2.9790660225442833,,,,,,,,
20,35.14492753623188,35.35963499731616,2.4020397208803006,19.94766505636071,,3.7104133118625873,0.46967257112184646,2.965646806226516,,,,,,,,
21,34.957058507783145,34.46725711218465,2.314814814814815,20.12211486849168,,4.569243156199678,0.5703166935050993,2.965646806226516,0.03354804079441761,,,,,,,
22,34.594739667203434,34.655126140633385,2.314814814814815,20.115405260332796,,4.696725711218465,0.5904455179817498,2.999194847020934,0.03354804079441761,,,,,,,
23,33.051529790660226,37.01690821256039,2.4154589371980677,19.35721953837896,,4.522275899087493,0.5904455179817498,2.999194847020934,0.04696725711218465,,,,,,,
24,32.971014492753625,37.043746645195924,2.4557165861513686,19.35721953837896,,4.53569511540526,0.5904455179817498,2.999194847020934,0.04696725711218465,,,,,,,
25,32.930756843800324,36.99006977992485,2.5429414922168547,19.276704240472355,0.026838432635534086,4.53569511540526,0.6508319914117016,2.999194847020934,0.04696725711218465,,,,,,,
26,28.56280193236715,40.81454643048846,2.7442297369833604,19.108964036500268,0.026838432635534086,4.931561996779388,0.7648953301127214,2.999194847020934,0.04696725711218465,,,,,,,
27,28.535963499731615,40.68035426731079,2.6502952227589907,19.04186795491143,0.026838432635534086,4.918142780461621,0.7648953301127214,3.321256038647343,0.06038647342995169,,,,,,,
28,28.535963499731615,40.666935050993025,2.6704240472356413,19.03515834675255,0.026838432635534086,4.918142780461621,0.7648953301127214,3.321256038647343,0.06038647342995169,,,,,,,
29,27.355072463768117,39.418947933440684,2.3349436392914655,19.229736983360173,0.026838432635534086,4.918142780461621,0.7514761137949544,5.904455179817498,0.06038647342995169,,,,,,,
30,26.10708534621578,40.41196994095545,2.5563607085346214,19.129092860976918,0.026838432635534086,4.918142780461621,0.7783145464304885,6.011808910359635,0.06038647342995169,,,,,,,
31,14.586688137412775,72.37654320987654,0.9796027911969941,10.00402576489533,,0.11406333870101985,0.06709608158883522,1.8719806763285025,,,,,,,,
32,14.526301663982823,72.16183574879227,1.0265700483091786,10.178475577026301,,0.11406333870101985,0.06709608158883522,1.9256575415995705,,,,,,,,
33,14.27133655394525,69.71953837895867,1.261406333870102,12.734836285560924,,0.04696725711218465,0.06709608158883522,1.8988191089640365,,,,,,,,
34,13.828502415458937,68.37761674718196,1.2681159420289856,14.647074610842727,,0.04696725711218465,0.040257648953301126,1.7914653784219001,,,,,,,,
35,11.916264090177133,69.75979602791197,1.3888888888888888,14.962426194310252,,0.03354804079441761,0.14761137949543746,1.7914653784219001,,,,,,,,
36,11.822329575952764,61.41975308641975,1.583467525496511,15.03623188405797,5.998389694041868,2.187332259796028,0.1610305958132045,1.7914653784219001,,,,,,,,
37,11.822329575952764,61.16478797638218,1.8451422436929683,14.868491680085883,5.998389694041868,2.2946859903381642,0.2147074610842727,1.7914653784219001,,,,,,,,
38,11.808910359634996,59.86983360171766,2.2074610842726785,15.640096618357488,5.998389694041868,2.2946859903381642,0.30193236714975846,1.8786902844873858,,,,,,,,
39,11.808910359634996,59.86983360171766,2.2074610842726785,15.526033279656469,5.984970477724101,2.2946859903381642,0.41599570585077833,1.8786902844873858,,0.013419216317767043,,,,,,
40,11.808910359634996,57.367149758454104,4.7101449275362315,15.5126140633387,5.984970477724101,2.2611379495437465,0.46296296296296297,1.8786902844873858,,0.013419216317767043,,,,,,
41,11.406333870101985,56.87734836285561,4.864465915190553,14.170692431561998,8.59500805152979,2.2611379495437465,0.48980139559849706,1.288244766505636,,0.026838432635534086,0.020128824476650563,,,,,
42,11.386205045625335,56.52173913043478,5.340848094471283,14.070048309178745,8.59500805152979,2.24771873322598,0.48980139559849706,1.288244766505636,0.013419216317767043,0.026838432635534086,0.020128824476650563,,,,,
43,11.372785829307569,56.17283950617284,5.649490069779925,14.036500268384327,8.568169618894256,2.301395598497048,0.5501878690284487,1.288244766505636,0.013419216317767043,0.026838432635534086,0.020128824476650563,,,,,
44,11.399624261943103,55.93800322061192,5.857487922705314,13.969404186795492,8.53462157809984,2.301395598497048,0.6172839506172839,1.288244766505636,0.013419216317767043,0.06038647342995169,0.020128824476650563,,,,,
45,9.366612989801396,50.315351583467525,5.615942028985507,23.778851315083198,7.608695652173913,2.301395598497048,0.5501878690284487,0.36902844873859364,0.013419216317767043,0.06038647342995169,0.020128824476650563,,,,,
46,9.31964573268921,50.32877079978529,5.622651637144391,23.778851315083198,7.561728395061729,2.301395598497048,0.5501878690284487,0.39586688137412773,0.013419216317767043,0.10735373054213634,0.020128824476650563,,,,,
47,9.292807300053678,49.9597423510467,5.924584004294149,23.61111111111111,7.467793880837359,2.301395598497048,0.5971551261406334,0.5904455179817498,0.03354804079441761,0.20128824476650564,0.020128824476650563,,,,,
48,9.198872785829307,49.69806763285024,6.280193236714976,23.577563070316693,7.467793880837359,2.301395598497048,0.630703166935051,0.5904455179817498,0.03354804079441761,0.20128824476650564,0.020128824476650563,,,,,
49,8.964036500268385,49.094202898550726,6.850509930220075,23.597691894793343,7.286634460547504,2.368491680085883,0.8118625872249061,0.5904455179817498,0.03354804079441761,0.18115942028985507,0.020128824476650563,0.20128824476650564,,,,
50,8.970746108427267,48.960010735373054,6.944444444444445,23.58427267847558,7.286634460547504,2.368491680085883,0.8588298443370908,0.5904455179817498,0.03354804079441761,0.18115942028985507,0.020128824476650563,0.20128824476650564,,,,
51,8.903650026838433,48.59769189479334,6.89747718733226,21.410359634997317,7.105475040257649,4.106280193236715,0.6038647342995169,1.6304347826086956,0.20799785292538917,0.3153515834675255,0.020128824476650563,0.20128824476650564,,,,
52,8.923778851315083,47.90660225442834,7.601986044015029,20.82662372517445,7.219538378958669,4.985238862050457,0.6172839506172839,1.2010198604401503,0.18115942028985507,0.3153515834675255,0.020128824476650563,0.20128824476650564,,,,
53,8.93719806763285,47.70531400966183,7.581857219538379,20.652173913043477,7.206119162640902,4.9718196457326895,0.7917337627482555,1.2010198604401503,0.4025764895330113,0.3153515834675255,0.020128824476650563,0.2147074610842727,,,,
54,8.917069243156199,46.81964573268921,5.790391841116479,20.652173913043477,9.856414385399892,4.9718196457326895,0.8722490606548577,1.1876006441223832,0.3757380568974772,0.3153515834675255,0.013419216317767043,0.2281266774020397,,,,
55,8.890230810520666,44.89398819108964,5.6964573268921095,26.496242619431026,9.567901234567902,2.49597423510467,0.7246376811594203,0.43612453032742887,0.2281266774020397,0.3153515834675255,0.013419216317767043,0.24154589371980675,,,,
56,8.796296296296296,44.75308641975309,5.8239398819108965,26.42914653784219,9.567901234567902,2.5295222758990876,0.8655394524959742,0.43612453032742887,0.2281266774020397,0.3153515834675255,0.013419216317767043,0.24154589371980675,,,,
57,8.655394524959743,44.45115405260333,6.112453032742888,26.44927536231884,9.54777241009125,2.5026838432635534,0.9594739667203436,0.43612453032742887,0.2281266774020397,0.3757380568974772,0.013419216317767043,0.2683843263553409,,,,
58,8.588298443370908,44.41089640365003,6.199677938808374,22.725442834138487,13.291733762748256,2.5026838432635534,0.9594739667203436,0.43612453032742887,0.2147074610842727,0.3757380568974772,0.013419216317767043,0.28180354267310787,,,,
59,8.588298443370908,44.015029522275896,6.508319914117015,22.638217928073,13.291733762748256,2.5026838432635534,0.9594739667203436,0.644122383252818,0.2147074610842727,0.3421900161030596,0.013419216317767043,0.28180354267310787,,,,
60,8.588298443370908,44.015029522275896,6.622383252818035,22.470477724100913,13.291733762748256,2.395330112721417,1.1272141706924315,0.644122383252818,0.2147074610842727,0.3421900161030596,0.013419216317767043,0.27509393451422437,,,,
61,8.588298443370908,43.86741814278046,6.769994632313473,22.376543209876544,13.385668276972625,2.395330112721417,1.1272141706924315,0.644122383252818,0.2147074610842727,0.3421900161030596,0.013419216317767043,0.27509393451422437,,,,
62,7.112184648416532,41.44524959742351,6.629092860976919,22.356414385399894,17.337627482555018,2.395330112721417,1.1943102522812667,0.6843800322061192,0.2147074610842727,0.3421900161030596,0.013419216317767043,0.27509393451422437,,,,
63,7.118894256575416,41.38486312399356,6.6827697262479875,22.356414385399894,17.24369296833065,2.395330112721417,1.1943102522812667,0.6843800322061192,0.2147074610842727,0.3421900161030596,0.013419216317767043,0.36902844873859364,,,,
64,7.132313472893183,41.30434782608695,6.769994632313473,22.302737520128826,17.196725711218466,2.4221685453569513,1.2278582930756843,0.6843800322061192,0.2147074610842727,0.36231884057971014,0.013419216317767043,0.36902844873859364,,,,
65,6.494900697799249,39.20424047235642,6.561996779388084,25.174449812130973,17.09608158883521,2.3349436392914655,1.3016639828234031,0.6843800322061192,0.2147074610842727,0.4495437466451959,0.013419216317767043,0.46967257112184646,,,,
66,6.508319914117015,39.20424047235642,6.5485775630703165,25.174449812130973,16.982018250134193,2.3349436392914655,1.3016639828234031,0.6843800322061192,0.32877079978529256,0.4495437466451959,0.013419216317767043,0.46967257112184646,,,,
67,6.347289318303811,39.331723027375205,6.575415995705851,25.127482555018787,16.908212560386474,2.3349436392914655,1.3217928073000538,0.7045088566827697,0.4428341384863124,0.4294149221685454,0.013419216317767043,0.46296296296296297,,,,
68,6.333870101986044,39.17740203972088,6.763285024154589,25.067096081588836,16.680085882984432,2.3349436392914655,1.3687600644122384,0.785024154589372,0.49651100375738055,0.5166398282340311,0.013419216317767043,0.46296296296296297,,,,
69,6.340579710144928,36.198336017176594,6.447933440687064,24.92619431025228,16.27750939345142,2.2946859903381642,1.556629092860977,4.414922168545357,0.49651100375738055,0.5166398282340311,0.013419216317767043,0.5166398282340311,,,,
70,5.9514224369296835,37.432903918411164,6.494900697799249,24.188137412775095,15.982286634460548,2.2946859903381642,1.5767579173376274,4.374664519592056,0.49651100375738055,0.6642512077294686,0.026838432635534086,0.5166398282340311,,,,
71,5.723295759527644,40.11674718196457,7.803274288781535,22.04777241009125,15.157004830917874,2.214170692431562,1.1272141706924315,4.086151368760064,0.4562533548040794,0.6977992485238862,0.026838432635534086,0.5434782608695652,,,,
72,5.065754159957058,39.46591519055287,8.21256038647343,21.24261943102523,15.157004830917874,3.9184111647879765,1.1272141706924315,4.086151368760064,0.4562533548040794,0.6977992485238862,0.026838432635534086,0.5434782608695652,,,,
73,5.10601180891036,39.12372517444981,8.480944712828771,21.175523349436393,15.01610305958132,3.9049919484702094,1.2681159420289856,4.086151368760064,0.4562533548040794,0.8118625872249061,0.026838432635534086,0.5434782608695652,,,,
74,5.12614063338701,38.94927536231884,8.655394524959743,20.336822329575952,15.633387010198604,3.9049919484702094,1.3821792807300053,4.086151368760064,0.5434782608695652,0.8118625872249061,0.026838432635534086,0.5434782608695652,,,,
75,5.12614063338701,38.0300590445518,9.574610842726784,20.33011272141707,15.58641975308642,3.9049919484702094,1.3955984970477724,4.1129898013955986,0.5166398282340311,0.8118625872249061,0.026838432635534086,0.5837359098228664,,,,
76,4.7168545356951155,31.5955448201825,9.205582393988191,27.851583467525497,15.4723564143854,3.9049919484702094,1.3553408480944713,4.1129898013955986,0.5300590445517982,0.8252818035426731,0.026838432635534086,0.4025764895330113,,,,
77,4.723564143853999,31.548577563070317,9.225711218464841,27.81803542673108,15.4723564143854,3.878153515834675,1.42914653784219,4.1129898013955986,0.5568974771873323,0.8252818035426731,0.026838432635534086,0.3824476650563607,,,,
78,4.1129898013955986,30.253623188405797,10.567632850241546,28.864734299516908,15.190552871712292,3.5091250670960816,1.3955984970477724,4.052603327965647,0.7917337627482555,0.8252818035426731,0.05367686527106817,0.3824476650563607,,,,
79,4.133118625872249,30.038915727321523,10.695115405260333,28.75067096081589,15.163714439076758,3.5963499731615673,1.4895330112721417,4.052603327965647,0.7917337627482555,0.8252818035426731,0.05367686527106817,0.4092860976918948,,,,
80,4.126409017713366,29.95169082125604,10.782340311325818,28.589640365002683,15.136876006441224,3.5963499731615673,1.6572732152442298,4.052603327965647,0.7917337627482555,0.8252818035426731,0.05367686527106817,0.43612453032742887,,,,
81,4.133118625872249,29.468599033816425,10.802469135802468,28.884863123993558,15.03623188405797,3.5628019323671496,1.8183038110574343,4.052603327965647,0.8252818035426731,0.7917337627482555,0.05367686527106817,0.5703166935050993,,,,
82,4.146537842190016,29.21363392377885,11.064143853998926,28.59634997316157,15.022812667740205,3.5628019323671496,1.9927536231884058,4.159957058507783,0.8252818035426731,0.7917337627482555,0.05367686527106817,0.5703166935050993,,,,
83,4.079441760601181,29.186795491143318,11.16478797638218,28.515834675254965,14.99597423510467,3.6097691894793345,2.0128824476650564,4.159957058507783,0.8252818035426731,0.7917337627482555,0.05367686527106817,0.5971551261406334,0.0067096081588835215,,,
84,4.079441760601181,29.1129898013956,11.198336017176597,28.401771336553946,14.99597423510467,3.6097691894793345,2.167203435319377,4.159957058507783,0.8252818035426731,0.7917337627482555,0.05367686527106817,0.5971551261406334,0.0067096081588835215,,,
85,4.05931293612453,28.837895866881375,11.18491680085883,28.401771336553946,14.002952227589908,4.978529253891573,2.2745571658615136,4.17337627482555,0.5971551261406334,0.7917337627482555,0.040257648953301126,0.6374127750939346,0.020128824476650563,,,
86,4.072732152442297,28.824476650563607,11.33923778851315,28.12667740203972,13.94927536231884,4.978529253891573,2.38191089640365,4.17337627482555,0.6105743424584005,0.8454106280193237,0.040257648953301126,0.6374127750939346,0.020128824476650563,,,
87,4.072732152442297,28.79092860976919,11.325818572195384,28.12667740203972,13.976113794954374,4.730273752012883,2.38191089640365,4.435050993022007,0.5971551261406334,0.8454106280193237,0.040257648953301126,0.6374127750939346,0.040257648953301126,,,
88,3.9989264626945786,28.63660762211487,11.29898013955985,28.052871712292003,13.882179280730005,4.87788513150832,2.6167471819645733,4.4753086419753085,0.5971551261406334,0.8722490606548577,0.040257648953301126,0.6105743424584005,0.040257648953301126,,,
89,3.9989264626945786,27.979066022544284,11.124530327428879,27.865002683843265,12.647611379495437,7.447665056360709,2.677133655394525,4.4753086419753085,0.6239935587761675,0.6239935587761675,0.040257648953301126,0.4428341384863124,0.05367686527106817,,,
90,3.9989264626945786,27.89855072463768,11.345947396672035,27.831454643048847,12.486580783682234,7.266505636070853,2.677133655394525,4.528985507246377,0.785024154589372,0.6172839506172839,0.040257648953301126,0.46967257112184646,0.05367686527106817,,,
91,4.005636070853462,27.78448738593666,11.379495437466453,27.771068169618893,12.486580783682234,7.266505636070853,2.7844873859366612,4.528985507246377,0.785024154589372,0.6172839506172839,0.040257648953301126,0.46967257112184646,0.08051529790660225,,,
92,4.005636070853462,26.86527106816962,10.198604401502953,27.49597423510467,14.465915190552872,7.266505636070853,3.1333870101986045,4.575952764358561,0.8118625872249061,0.6172839506172839,0.040257648953301126,0.46967257112184646,0.05367686527106817,,,
93,4.005636070853462,26.704240472356414,9.648416532474503,26.8719806763285,15.827965646806227,7.266505636070853,2.945517981749866,4.582662372517445,0.8051529790660226,0.5904455179817498,0.07380568974771873,0.6374127750939346,0.040257648953301126,,,
94,3.938539989264627,26.704240472356414,9.648416532474503,26.73107890499195,15.96886741814278,7.266505636070853,3.0059044551798175,4.582662372517445,0.8051529790660226,0.5904455179817498,0.07380568974771873,0.644122383252818,0.040257648953301126,,,
95,3.9452495974235107,25.187869028448738,9.111647879763822,26.67740203972088,15.96886741814278,7.246376811594203,3.046162104133119,6.515029522275899,0.8051529790660226,0.5904455179817498,0.2214170692431562,0.644122383252818,0.040257648953301126,,,
96,3.9184111647879765,24.50348899624262,8.923778851315083,30.441492216854535,14.459205582393988,5.870907139023081,3.2139023081052067,6.515029522275899,0.7313472893183038,0.6105743424584005,0.2214170692431562,0.5501878690284487,0.040257648953301126,,,
97,3.9452495974235107,24.40955448201825,12.332259796027913,27.34165324745035,14.445786366076222,5.83064949006978,2.965646806226516,6.515029522275899,0.7581857219538379,0.644122383252818,0.2214170692431562,0.5434782608695652,0.040257648953301126,0.0067096081588835215,,
98,3.9318303811057436,23.49033816425121,12.070585077831455,27.180622651637144,17.008856682769725,5.83064949006978,3.026033279656468,5.3274288781535155,0.7581857219538379,0.6910896403650026,0.08722490606548577,0.5501878690284487,0.040257648953301126,0.0067096081588835215,,
99,3.9318303811057436,23.43666129898014,12.090713902308105,26.959205582393988,17.03569511540526,5.8239398819108965,3.2206119162640903,5.3274288781535155,0.7648953301127214,0.6977992485238862,0.11406333870101985,0.5501878690284487,0.040257648953301126,0.0067096081588835215,,
100,3.2340311325818574,22.436929683306495,11.18491680085883,35.0979602791197,13.083735909822867,5.71658615136876,2.2946859903381642,5.152979066022544,0.5971551261406334,0.6642512077294686,0.1274825550187869,0.4025764895330113,,0.0067096081588835215,,
101,3.294417606011809,22.403381642512077,11.191626409017713,35.08454106280193,13.077026301663983,5.676328502415459,2.3081052066559313,5.152979066022544,0.6239935587761675,0.630703166935051,0.15432098765432098,0.39586688137412773,,0.0067096081588835215,,
102,3.3279656468062266,22.396672034353195,11.178207192699947,34.91009125067096,13.063607085346217,5.662909286097692,2.4825550187869028,5.0993022007514766,0.6239935587761675,0.630703166935051,0.20799785292538917,0.4092860976918948,,0.0067096081588835215,,
103,3.33467525496511,22.31615673644659,11.064143853998926,34.836285560923244,13.063607085346217,5.629361245303274,2.657004830917874,5.166398282340311,0.6776704240472357,0.630703166935051,0.20799785292538917,0.4092860976918948,,0.0067096081588835215,,
104,3.33467525496511,22.249060654857757,11.104401502952227,34.836285560923244,12.989801395598498,5.60252281266774,2.657004830917874,5.166398282340311,0.7917337627482555,0.630703166935051,0.20799785292538917,0.4227053140096618,,0.0067096081588835215,,
105,3.3548040794417604,21.967257112184647,11.372785829307569,34.78931830381106,12.942834138486312,5.535426731078905,2.677133655394525,5.199946323134729,0.8588298443370908,0.630703166935051,0.20799785292538917,0.4562533548040794,,0.0067096081588835215,,
106,3.3548040794417604,21.967257112184647,11.54723564143854,34.6081588835212,12.942834138486312,5.381105743424584,2.8113258185721954,5.226784755770263,0.8588298443370908,0.630703166935051,0.20799785292538917,0.4562533548040794,,0.0067096081588835215,,
107,3.260869565217391,22.108158883521202,11.54723564143854,34.54777241009125,12.855609232420827,5.381105743424584,2.85829307568438,5.24020397208803,0.8588298443370908,0.630703166935051,0.20799785292538917,0.49651100375738055,,0.0067096081588835215,,
108,3.2877079978529253,22.0276435856146,11.600912506709609,34.38674181427805,12.969672571121846,5.374396135265701,2.9119699409554483,5.233494363929147,0.8588298443370908,0.6374127750939346,0.20799785292538917,0.49651100375738055,,0.0067096081588835215,,
109,3.2139023081052067,21.91358024691358,11.191626409017713,33.843263553408484,12.902576489533011,5.958132045088567,2.8784219001610305,5.877616747181965,0.8387010198604401,0.7179280730005367,0.20799785292538917,0.4495437466451959,,0.0067096081588835215,,
110,3.2139023081052067,21.772678475577028,11.54723564143854,32.340311325818575,14.264626945786366,5.750134192163178,3.0059044551798175,5.870907139023081,0.8387010198604401,0.6910896403650026,0.23483628556092323,0.46296296296296297,,0.0067096081588835215,,
111,3.2474503488996245,21.68545356951154,11.634460547504025,32.27992485238862,14.170692431561998,5.743424584004294,3.0394524959742353,5.870907139023081,0.8387010198604401,0.6910896403650026,0.23483628556092323,0.5568974771873323,,0.0067096081588835215,,
112,3.2004830917874396,21.67874396135266,11.466720343531938,27.254428341384862,16.982018250134193,8.467525496511003,2.871712292002147,5.723295759527644,0.8789586688137413,0.6910896403650026,0.23483628556092323,0.5501878690284487,,,,
113,3.2004830917874396,21.66532474503489,11.466720343531938,27.180622651637144,16.948470209339774,8.393719806763285,2.9589371980676327,5.6964573268921095,0.9594739667203436,0.7179280730005367,0.23483628556092323,0.5770263016639828,,,,
114,3.2004830917874396,21.55126140633387,11.493558776167472,27.086688137412775,16.854535695115406,8.393719806763285,3.052871712292002,5.750134192163178,0.9863123993558777,0.7179280730005367,0.23483628556092323,0.6776704240472357,,,,
115,3.227321524422974,21.484165324745035,11.540526033279656,27.033011272141707,16.841116478797638,8.387010198604402,3.1065485775630703,5.71658615136876,0.9863123993558777,0.7179280730005367,0.2683843263553409,0.6910896403650026,,,,
116,3.227321524422974,21.450617283950617,11.621041331186259,26.952495974235106,16.834406870638755,8.319914117015566,3.180354267310789,5.71658615136876,1.0399892646269457,0.7179280730005367,0.2683843263553409,0.6709608158883521,,,,
117,2.408749329039184,22.77241009125067,11.721685453569512,26.38888888888889,16.794149221685455,8.293075684380032,3.2541599570585076,5.656199677938808,1.0534084809447128,0.7179280730005367,0.2683843263553409,0.6709608158883521,,,,
118,2.3886205045625335,22.22222222222222,12.399355877616747,26.34863123993559,16.61969940955448,8.293075684380032,3.2877079978529253,5.656199677938808,1.0534084809447128,0.7380568974771873,0.2549651100375738,0.7380568974771873,,,,
119,2.4221685453569513,22.20209339774557,12.399355877616747,26.308373590982285,16.5727321524423,8.293075684380032,3.3279656468062266,5.629361245303274,1.0534084809447128,0.7380568974771873,0.28180354267310787,0.7716049382716049,,,,
120,2.4221685453569513,22.18196457326892,12.426194310252281,26.308373590982285,16.438539989264626,8.293075684380032,3.2742887815351582,5.629361245303274,1.0534084809447128,0.7783145464304885,0.32877079978529256,0.8655394524959742,,,,
121,2.4154589371980677,22.14170692431562,12.842190016103059,25.865539452495973,16.29092860976919,8.232689210950081,3.408480944712829,5.562265163714439,1.0534084809447128,0.7313472893183038,0.39586688137412773,1.0601180891035964,,,,
122,2.408749329039184,22.088030059044552,13.003220611916264,25.764895330112722,16.29092860976919,8.051529790660226,3.549382716049383,5.595813204508857,1.06682769726248,0.7380568974771873,0.39586688137412773,1.0466988727858293,,,,
123,2.3752012882447664,22.034353193773484,13.063607085346217,31.80354267310789,11.735104669887278,7.313472893183038,3.421900161030596,5.656199677938808,0.8990874932903918,0.5703166935050993,0.39586688137412773,0.7313472893183038,,,,
124,2.3081052066559313,21.866612989801396,13.003220611916264,31.964573268921097,11.735104669887278,7.232957595276436,3.5292538915727323,5.662909286097692,0.9728931830381106,0.5703166935050993,0.4227053140096618,0.7313472893183038,,,,
125,2.3215244229736984,21.62506709608159,10.943370907139023,34.46725711218465,11.66129898013956,7.092055823939882,3.4017713365539453,5.649490069779925,1.2345679012345678,0.5099302200751477,0.35560923242082665,0.7313472893183038,0.0067096081588835215,,,
126,1.570048309178744,20.759527643585614,11.231884057971014,37.39935587761675,11.480139559849706,6.025228126677402,3.240740740740741,5.508588298443371,1.2010198604401503,0.5099302200751477,0.35560923242082665,0.7112184648416533,0.0067096081588835215,,,
127,1.5432098765432098,20.48443370907139,11.829039184111648,36.75523349436393,11.480139559849706,6.025228126677402,3.629898013955985,5.441492216854535,1.2010198604401503,0.5367686527106817,0.35560923242082665,0.7112184648416533,0.0067096081588835215,,,
128,1.556629092860977,20.471014492753625,12.117552334943639,36.61433172302738,11.292270531400966,5.891035963499732,3.824476650563607,5.360976918947934,1.261406333870102,0.5367686527106817,0.35560923242082665,0.7112184648416533,0.0067096081588835215,,,
129,1.556629092860977,20.37037037037037,12.298711755233494,34.88996242619431,12.815351583467525,5.837359098228664,3.824476650563607,5.501878690284487,1.2546967257112185,0.5636070853462157,0.35560923242082665,0.7246376811594203,0.0067096081588835215,,,
130,1.4962426194310252,18.773483628556093,11.56736446591519,31.816961889425656,14.579978529253891,10.00402576489533,3.4286097691894795,5.495169082125604,1.2077294685990339,0.5770263016639828,0.35560923242082665,0.6910896403650026,0.0067096081588835215,,,
131,1.5096618357487923,18.760064412238325,11.560654857756306,31.49490069779925,14.398819108964037,10.00402576489533,3.851315083199141,5.58239398819109,1.2077294685990339,0.6575415995705851,0.35560923242082665,0.6105743424584005,0.0067096081588835215,,,
132,1.5096618357487923,18.726516371443907,11.594202898550725,31.36070853462158,14.278046162104133,9.856414385399892,3.8311862587224907,5.884326355340848,1.328502415458937,0.6575415995705851,0.35560923242082665,0.6105743424584005,0.0067096081588835215,,,
133,1.5029522275899088,18.55877616747182,11.735104669887278,31.300322061191626,14.257917337627482,9.856414385399892,3.9184111647879765,5.891035963499732,1.3553408480944713,0.6508319914117016,0.35560923242082665,0.6105743424584005,0.0067096081588835215,,,
134,1.5096618357487923,18.397745571658614,11.956521739130435,30.95813204508857,14.210950080515298,9.836285560923242,4.0995705850778315,5.803811057434245,1.3553408480944713,0.8990874932903918,0.35560923242082665,0.6105743424584005,0.0067096081588835215,,,
135,1.5096618357487923,18.377616747181964,11.990069779924852,30.783682232957595,14.210950080515298,9.836285560923242,4.186795491143317,5.884326355340848,1.3553408480944713,0.8923778851315083,0.35560923242082665,0.6105743424584005,0.0067096081588835215,,,
136,1.4962426194310252,18.297101449275363,12.198067632850242,30.589103596349972,14.184111647879764,9.77589908749329,4.274020397208803,5.877616747181965,1.415727321524423,0.9192163177670424,0.35560923242082665,0.6105743424584005,0.0067096081588835215,,,
137,1.5499194847020934,18.256843800322063,12.191358024691358,30.56897477187332,14.278046162104133,9.75577026301664,4.253891572732153,5.8239398819108965,1.415727321524423,0.9192163177670424,0.3488996242619431,0.630703166935051,0.0067096081588835215,,,
138,1.5432098765432098,18.183038110574344,12.258454106280194,30.52200751476114,14.278046162104133,9.728931830381105,4.26731078904992,5.917874396135265,1.415727321524423,0.8990874932903918,0.3488996242619431,0.630703166935051,0.0067096081588835215,,,
139,1.5230810520665594,18.149490069779926,12.318840579710145,30.50858829844337,14.251207729468598,9.500805152979066,4.26731078904992,5.917874396135265,1.6170155662909287,0.8990874932903918,0.3757380568974772,0.6642512077294686,0.0067096081588835215,,,
140,1.2748255501878691,17.54562533548041,12.5402576489533,30.233494363929147,14.264626945786366,10.923242082662373,4.146537842190016,5.6964573268921095,1.6170155662909287,0.8118625872249061,0.30864197530864196,0.630703166935051,0.0067096081588835215,,,
141,0.7716049382716049,16.33118625872249,12.419484702093397,31.890767579173378,14.566559312936125,10.789049919484702,4.2270531400966185,5.622651637144391,1.6035963499731616,0.7648953301127214,0.30864197530864196,0.6977992485238862,0.0067096081588835215,,,
142,0.7716049382716049,16.317767042404725,12.379227053140097,31.696188942565755,14.53972088030059,10.648148148148149,4.300858829844337,5.857487922705314,1.6438539989264627,0.785024154589372,0.30864197530864196,0.7447665056360708,0.0067096081588835215,,,
143,0.7581857219538379,16.29092860976919,12.406065485775631,31.54186795491143,14.486044015029522,10.648148148148149,4.30756843800322,5.958132045088567,1.6438539989264627,0.7783145464304885,0.33548040794417605,0.8387010198604401,0.0067096081588835215,,,
144,0.7783145464304885,16.21712292002147,12.466451959205582,31.34728931830381,14.486044015029522,10.641438539989265,4.49543746645196,5.870907139023081,1.6304347826086956,0.7783145464304885,0.33548040794417605,0.9460547504025765,0.0067096081588835215,,,
145,0.8051529790660226,16.21712292002147,12.546967257112184,31.246645195920557,14.338432635534085,10.641438539989265,4.5893719806763285,5.857487922705314,1.6304347826086956,0.7783145464304885,0.36902844873859364,0.9728931830381106,0.0067096081588835215,,,
146,0.8118625872249061,16.21712292002147,12.546967257112184,31.092324208266238,14.278046162104133,10.601180891035963,4.7638217928073,5.857487922705314,1.6438539989264627,0.8252818035426731,0.36902844873859364,0.9863123993558777,0.0067096081588835215,,,
147,0.8387010198604401,16.089640365002683,12.694578636607622,31.04535695115405,14.251207729468598,10.59447128287708,4.7638217928073,5.884326355340848,1.6304347826086956,0.8252818035426731,0.36902844873859364,1.0064412238325282,0.0067096081588835215,,,
148,0.8521202361782072,15.895061728395062,12.4597423510467,30.575684380032207,14.224369296833064,10.527375201288244,5.260332796564681,6.273483628556092,1.6975308641975309,0.8252818035426731,0.36902844873859364,1.0332796564680622,0.0067096081588835215,,,
149,0.8588298443370908,15.895061728395062,12.453032742887816,30.475040257648953,14.15727321524423,10.836017176596886,5.12614063338701,6.246645195920558,1.710950080515298,0.8387010198604401,0.36902844873859364,1.0265700483091786,0.0067096081588835215,,,
150,0.8722490606548577,15.881642512077295,12.453032742887816,30.394524959742352,14.15727321524423,10.836017176596886,5.2066559312936125,6.246645195920558,1.710950080515298,0.8387010198604401,0.36902844873859364,1.0265700483091786,0.0067096081588835215,,,
151,0.8789586688137413,15.801127214170693,12.52012882447665,30.26033279656468,14.184111647879764,10.836017176596886,5.287171229200215,6.253354804079442,1.737788513150832,0.8387010198604401,0.36902844873859364,1.0265700483091786,0.0067096081588835215,,,
152,0.7648953301127214,15.365002683843263,12.090713902308105,32.44095544820183,13.264895330112722,10.782340311325818,5.24020397208803,6.146001073537305,1.737788513150832,0.8118625872249061,0.36902844873859364,0.9796027911969941,0.0067096081588835215,,,
153,0.7648953301127214,15.365002683843263,12.090713902308105,32.380568974771876,13.264895330112722,10.715244229736983,5.347557702630167,6.146001073537305,1.7579173376274826,0.8118625872249061,0.36902844873859364,0.9796027911969941,0.0067096081588835215,,,
154,0.7648953301127214,15.304616210413311,12.084004294149223,32.326892109500804,13.264895330112722,10.715244229736983,5.401234567901234,6.213097155126141,1.7579173376274826,0.8185721953837896,0.36902844873859364,0.9728931830381106,0.0067096081588835215,,,
155,0.7648953301127214,15.217391304347826,12.164519592055823,32.11218464841653,13.278314546430488,10.681696188942565,5.642780461621041,6.213097155126141,1.7579173376274826,0.8185721953837896,0.36902844873859364,0.9728931830381106,0.0067096081588835215,,,
156,0.785024154589372,15.136876006441224,12.117552334943639,32.045088566827694,13.385668276972625,10.681696188942565,5.689747718733226,6.119162640901771,1.7646269457863661,0.8185721953837896,0.46296296296296297,0.9728931830381106,0.020128824476650563,,,
157,0.7648953301127214,15.08990874932904,12.164519592055823,31.676060118089104,13.41250670960816,10.681696188942565,6.0587761674718195,6.112453032742888,1.7646269457863661,0.8185721953837896,0.46296296296296297,0.9728931830381106,0.020128824476650563,,,
158,0.7648953301127214,15.083199141170155,12.332259796027913,31.588835212023618,13.231347289318304,10.681696188942565,6.0587761674718195,6.112453032742888,1.8183038110574343,0.8722490606548577,0.46296296296296297,0.9728931830381106,0.020128824476650563,,,
159,0.8252818035426731,15.029522275899087,12.325550187869029,31.588835212023618,13.09044551798175,10.628019323671497,6.052066559312936,6.099033816425121,1.8451422436929683,0.8722490606548577,0.46296296296296297,1.1607622114868492,0.020128824476650563,,,
160,0.8319914117015567,15.029522275899087,12.318840579710145,31.548577563070317,13.09044551798175,10.628019323671497,6.0654857756307035,6.105743424584004,1.8384326355340848,0.8722490606548577,0.46296296296296297,1.1876006441223832,0.020128824476650563,,,
161,0.8319914117015567,14.949006977992486,12.198067632850242,31.233225979602793,14.190821256038648,9.64170692431562,6.092324208266238,6.4412238325281805,1.8048845947396672,0.9460547504025765,0.46296296296296297,1.1876006441223832,0.020128824476650563,,,
162,0.8185721953837896,14.861782071927,12.245034889962426,29.911433172302736,14.036500268384327,11.104401502952227,6.085614600107354,6.367418142780462,1.9256575415995705,0.9393451422436929,0.46296296296296297,1.221148684916801,0.020128824476650563,,,
163,0.8118625872249061,14.841653247450349,12.258454106280194,29.78395061728395,13.828502415458937,11.030595813204508,6.246645195920558,6.488191089640365,2.073268921095008,0.9393451422436929,0.46296296296296297,1.2144390767579174,0.020128824476650563,,,
164,0.8118625872249061,14.80810520665593,12.204777241009126,29.69001610305958,13.79495437466452,11.023886205045626,6.414385399892646,6.4345142243692965,2.073268921095008,0.9393451422436929,0.5166398282340311,1.2681159420289856,0.020128824476650563,,,
165,0.8252818035426731,14.734299516908212,12.29200214707461,29.683306494900698,13.79495437466452,11.023886205045626,6.421095008051529,6.421095008051529,2.059849704777241,0.9393451422436929,0.5166398282340311,1.2681159420289856,0.020128824476650563,,,
166,0.8387010198604401,14.727589908749328,12.285292538915728,29.676596886741816,13.841921631776705,11.023886205045626,6.333870101986044,6.4345142243692965,2.059849704777241,0.9393451422436929,0.5233494363929146,1.2949543746645196,0.020128824476650563,,,
167,0.8521202361782072,14.660493827160494,12.010198604401502,29.62962962962963,13.862050456253355,11.023886205045626,6.340579710144928,6.823671497584541,2.059849704777241,0.9393451422436929,0.4830917874396135,1.2949543746645196,0.020128824476650563,,,
168,0.8521202361782072,14.593397745571659,11.922973698336017,29.542404723564143,13.92914653784219,11.104401502952227,6.367418142780462,6.830381105743425,2.1068169618894257,0.9393451422436929,0.4830917874396135,1.2681159420289856,0.06038647342995169,,,
169,0.8655394524959742,14.526301663982823,11.936392914653783,29.32769726247987,13.902308105206655,11.084272678475577,6.561996779388084,6.890767579173376,2.15378421900161,0.9125067096081588,0.48980139559849706,1.288244766505636,0.06038647342995169,,,
170,0.8655394524959742,14.486044015029522,12.037037037037036,29.294149221685455,13.801663982823403,11.044015029522276,6.904186795491143,6.78341384863124,2.15378421900161,0.8856682769726248,0.48980139559849706,1.1943102522812667,0.06038647342995169,,,
171,0.8923778851315083,14.42565754159957,11.943102522812667,29.1129898013956,13.788244766505636,11.345947396672035,6.937734836285561,6.776704240472356,2.15378421900161,0.8789586688137413,0.48980139559849706,1.1943102522812667,0.06038647342995169,,,
172,0.8588298443370908,12.72812667740204,13.976113794954374,29.005636070853463,13.761406333870102,11.345947396672035,6.904186795491143,6.689479334406871,2.15378421900161,0.8454106280193237,0.48980139559849706,1.1808910359634996,0.06038647342995169,,,
173,0.8588298443370908,12.72812667740204,15.022812667740205,28.31454643048846,13.761406333870102,11.345947396672035,6.837090713902308,6.4345142243692965,2.1403650026838434,0.8252818035426731,0.48980139559849706,1.1808910359634996,0.06038647342995169,,,
174,0.8588298443370908,12.701288244766506,14.88191089640365,28.193773483628558,13.727858293075684,11.345947396672035,7.004830917874396,6.447933440687064,2.15378421900161,0.8252818035426731,0.5837359098228664,1.2144390767579174,0.06038647342995169,,,
175,0.8789586688137413,12.580515297906603,14.989264626945786,28.187063875469672,13.627214170692431,11.43317230273752,7.051798174986581,6.421095008051529,2.1604938271604937,0.8252818035426731,0.5837359098228664,1.2010198604401503,0.06038647342995169,,,
176,0.9125067096081588,12.5402576489533,14.989264626945786,27.95222758990875,13.613794954374665,11.460010735373054,7.212828770799785,6.414385399892646,2.254428341384863,0.8185721953837896,0.5837359098228664,1.1876006441223832,0.06038647342995169,,,
177,0.9393451422436929,12.453032742887816,15.069779924852389,27.851583467525497,13.56682769726248,11.386205045625335,7.39398819108964,6.407675791733762,2.227589908749329,0.8789586688137413,0.5837359098228664,1.1808910359634996,0.06038647342995169,,,
178,0.9460547504025765,12.298711755233494,14.989264626945786,27.81803542673108,13.546698872785829,11.3191089640365,7.360440150295223,6.655931293612453,2.281266774020397,0.8789586688137413,0.5971551261406334,1.247987117552335,0.06038647342995169,,,
