,45,50,53,51,55,52,54,56
0,100.0,,,,,,,
1,98.15485775630704,1.8451422436929683,,,,,,
2,97.99382716049382,2.006172839506173,,,,,,
3,95.97423510466989,4.025764895330113,,,,,,
4,95.33011272141707,4.669887278582931,,,,,,
5,95.26301663982824,4.736983360171766,,,,,,
6,94.99463231347289,4.830917874396135,0.17444981213097155,,,,,
7,94.99463231347289,4.830917874396135,0.17444981213097155,,,,,
8,94.99463231347289,4.830917874396135,0.17444981213097155,,,,,
9,95.04159957058508,4.783950617283951,0.17444981213097155,,,,,
10,95.04159957058508,4.783950617283951,0.17444981213097155,,,,,
11,93.90096618357488,5.924584004294149,0.17444981213097155,,,,,
12,93.42458400429415,6.400966183574879,0.17444981213097155,,,,,
13,93.57219538378959,6.253354804079442,0.17444981213097155,,,,,
14,90.99570585077832,8.829844337090714,0.17444981213097155,,,,,
15,88.82850241545894,10.997047772410092,0.17444981213097155,,,,,
16,88.82179280730006,10.762211486849168,0.41599570585077833,,,,,
17,87.40606548577563,12.177938808373591,0.41599570585077833,,,,,
18,87.26516371443908,12.318840579710145,0.41599570585077833,,,,,
19,80.77026301663983,16.941760601180892,0.41599570585077833,1.8719806763285025,,,,
20,80.52871712292003,17.196725711218466,0.41599570585077833,1.8585614600107354,,,,
21,80.40123456790124,17.324208266237253,0.41599570585077833,1.8585614600107354,,,,
22,80.55555555555556,17.16988727858293,0.41599570585077833,1.8585614600107354,,,,
23,80.55555555555556,17.16988727858293,0.41599570585077833,1.8585614600107354,,,,
24,73.51717659688674,24.208266237251745,0.41599570585077833,1.8585614600107354,,,,
25,73.57085346215781,24.18142780461621,0.41599570585077833,1.8317230273752012,,,,
26,73.63794954374664,24.134460547504027,0.41599570585077833,1.8115942028985508,,,,
27,71.90016103059581,25.469672571121848,0.8252818035426731,1.8048845947396672,,,,
28,68.71309715512614,28.61647879763822,0.7380568974771873,1.8048845947396672,0.1274825550187869,,,
29,69.11567364465915,27.905260332796566,0.7380568974771873,1.8048845947396672,0.1274825550187869,0.30864197530864196,,
30,69.1358024691358,27.70397208803006,0.7380568974771873,1.8048845947396672,0.1274825550187869,0.48980139559849706,,
31,68.84728931830381,27.697262479871174,0.7380568974771873,1.8048845947396672,0.1274825550187869,0.785024154589372,,
32,68.39103596349973,28.153515834675254,0.7380568974771873,1.8048845947396672,0.1274825550187869,0.785024154589372,,
33,68.37090713902307,27.81803542673108,0.7380568974771873,1.5297906602254427,0.1274825550187869,1.415727321524423,,
34,68.4044551798175,27.811325818572197,0.7380568974771873,1.5297906602254427,0.10064412238325282,1.415727321524423,,
35,68.6862587224906,27.529522275899087,0.7380568974771873,1.5297906602254427,0.10064412238325282,1.415727321524423,,
36,68.67283950617283,25.831991411701555,0.7380568974771873,1.5297906602254427,0.10064412238325282,3.126677402039721,,
37,67.8743961352657,25.603864734299517,0.7380568974771873,2.5563607085346214,0.10064412238325282,3.126677402039721,,
38,67.63955984970478,25.51663982823403,0.8319914117015567,2.5563607085346214,0.10064412238325282,3.1199677938808374,0.23483628556092323,
39,67.69323671497584,25.462962962962962,0.8319914117015567,2.5563607085346214,0.10064412238325282,3.1199677938808374,0.23483628556092323,
40,67.73349436392914,25.42270531400966,0.8319914117015567,2.5563607085346214,0.10064412238325282,3.1199677938808374,0.23483628556092323,
41,67.8341384863124,25.32206119162641,0.8319914117015567,2.5563607085346214,0.10064412238325282,3.1199677938808374,0.23483628556092323,
42,64.80810520665594,26.435856146001072,0.8319914117015567,4.488727858293076,0.10064412238325282,3.099838969404187,0.23483628556092323,
43,64.9422973698336,26.33521202361782,0.8185721953837896,4.468599033816425,0.10064412238325282,3.099838969404187,0.23483628556092323,
44,63.18438003220612,28.119967793880836,0.8185721953837896,4.441760601180891,0.10064412238325282,3.099838969404187,0.23483628556092323,
45,62.224906065485776,29.07944176060118,0.8185721953837896,4.441760601180891,0.10064412238325282,3.099838969404187,0.23483628556092323,
46,61.480139559849704,28.884863123993558,0.8185721953837896,6.005099302200751,0.10064412238325282,2.475845410628019,0.23483628556092323,
47,61.61433172302738,29.09286097691895,0.8185721953837896,5.709876543209877,0.10064412238325282,2.428878153515835,0.23483628556092323,
48,61.37949543746645,29.2337627482555,0.8185721953837896,5.609232420826624,0.10064412238325282,2.623456790123457,0.23483628556092323,
49,60.138217928073,30.347557702630166,0.8185721953837896,5.750134192163178,0.10064412238325282,2.61003757380569,0.23483628556092323,
50,59.07809983896941,31.48148148148148,0.8185721953837896,5.347557702630167,0.10064412238325282,2.9388083735909825,0.23483628556092323,
51,50.966183574879224,39.59339774557166,0.8185721953837896,5.347557702630167,0.10064412238325282,2.9388083735909825,0.23483628556092323,
52,50.28851315083199,40.04965110037574,0.8185721953837896,5.5689747718733225,0.10064412238325282,2.9388083735909825,0.23483628556092323,
53,50.14090177133655,40.19726247987118,0.8185721953837896,5.5689747718733225,0.10064412238325282,2.9388083735909825,0.23483628556092323,
54,49.91277509393451,40.425389157273216,0.8185721953837896,5.5689747718733225,0.10064412238325282,2.9388083735909825,0.23483628556092323,
55,50.02012882447665,40.344873859366615,0.8185721953837896,5.542136339237788,0.10064412238325282,2.9388083735909825,0.23483628556092323,
56,50.053676865271065,40.43880837359098,0.7380568974771873,5.495169082125604,0.10064412238325282,2.9388083735909825,0.23483628556092323,
57,47.32957595276436,41.46537842190016,0.7380568974771873,7.333601717659689,0.10064412238325282,2.7979066022544283,0.23483628556092323,
58,47.356414385399894,41.217122920021474,0.6843800322061192,7.333601717659689,0.10064412238325282,3.0730005367686526,0.23483628556092323,
59,47.839506172839506,40.60654857756307,0.6843800322061192,7.313472893183038,0.10064412238325282,3.2206119162640903,0.23483628556092323,
60,47.87305421363392,40.5931293612453,0.6843800322061192,7.2933440687063875,0.10064412238325282,3.2206119162640903,0.23483628556092323,
61,48.007246376811594,40.22410091250671,0.6843800322061192,7.2933440687063875,0.10064412238325282,3.455448201825013,0.23483628556092323,
62,47.638217928073,39.87520128824477,0.8923778851315083,7.2933440687063875,0.10064412238325282,3.965378421900161,0.23483628556092323,
63,47.65163714439077,39.66720343531938,0.8923778851315083,7.25979602791197,0.10064412238325282,3.965378421900161,0.46296296296296297,
64,45.96081588835212,42.03569511540526,0.8923778851315083,6.857219538378959,0.10064412238325282,3.69699409554482,0.4562533548040794,
65,44.357219538378956,43.17632850241546,0.8051529790660226,7.407407407407407,0.10064412238325282,3.69699409554482,0.4562533548040794,
66,43.96135265700483,43.86070853462158,0.6910896403650026,7.232957595276436,0.10064412238325282,3.69699409554482,0.4562533548040794,
67,43.994900697799245,43.82716049382716,0.6910896403650026,7.232957595276436,0.10064412238325282,3.69699409554482,0.4562533548040794,
68,41.639828234031135,45.8467525496511,0.6843800322061192,7.232957595276436,0.10064412238325282,3.69699409554482,0.798443370907139,
69,40.425389157273216,47.148416532474506,0.6843800322061192,6.776704240472356,0.10064412238325282,4.066022544283414,0.798443370907139,
70,40.00939345142244,44.44444444444444,1.8115942028985508,8.293075684380032,0.4025764895330113,3.965378421900161,1.0735373054213635,
71,39.60010735373054,44.437734836285564,2.791196994095545,6.984702093397746,0.14761137949543746,3.911701556629093,2.1269457863660763,
72,39.83494363929147,44.236446591519055,2.791196994095545,6.951154052603328,0.14761137949543746,3.911701556629093,2.1269457863660763,
73,40.11003757380569,43.927804616210416,2.6167471819645733,6.9243156199677935,0.14761137949543746,4.146537842190016,2.1269457863660763,
74,39.861782071927,43.552066559312934,3.052871712292002,7.03166935050993,0.14761137949543746,4.2270531400966185,2.1269457863660763,
75,40.022812667740205,42.74691358024691,3.026033279656468,6.91760601180891,0.7716049382716049,4.388083735909823,2.1269457863660763,
76,40.08990874932904,42.619431025228124,2.871712292002147,7.132313472893183,0.7716049382716049,4.388083735909823,2.1269457863660763,
77,40.344873859366615,42.391304347826086,2.871712292002147,7.132313472893183,0.7716049382716049,4.388083735909823,2.100107353730542,
78,40.61325818572195,42.12292002147075,2.871712292002147,7.132313472893183,0.7716049382716049,4.388083735909823,2.100107353730542,
79,40.27106816961889,41.646537842190014,2.871712292002147,8.293075684380032,0.7716049382716049,4.045893719806763,2.100107353730542,
80,40.13016639828234,41.90150295222759,2.871712292002147,8.266237251744498,0.7716049382716049,3.9586688137412773,2.100107353730542,
81,40.552871712292,41.6935050993022,2.8381642512077296,8.071658615136876,0.7716049382716049,4.206924315619967,1.865271068169619,
82,38.94256575415996,39.81481481481482,2.4355877616747184,11.83574879227053,0.9125067096081588,4.193505099302201,1.865271068169619,
83,37.815351583467525,40.57300053676865,2.509393451422437,12.741545893719806,0.9057971014492754,3.589640365002684,1.865271068169619,
84,37.915995705850776,40.49248523886205,2.509393451422437,12.721417069243156,0.9057971014492754,3.589640365002684,1.865271068169619,
85,37.9495437466452,40.4723564143854,2.509393451422437,12.70799785292539,0.9057971014492754,3.589640365002684,1.865271068169619,
86,38.00322061191626,40.39855072463768,2.509393451422437,12.453032742887816,0.9057971014492754,3.589640365002684,2.1403650026838434,
87,38.02334943639291,40.39855072463768,2.509393451422437,12.453032742887816,0.9057971014492754,3.589640365002684,2.120236178207193,
88,38.191089640365,39.962426194310254,2.4892646269457863,12.5,0.9057971014492754,3.8311862587224907,2.120236178207193,
89,38.21121846484165,39.53972088030059,2.462426194310252,12.5,0.8990874932903918,4.0995705850778315,2.2879763821792807,
90,38.506441223832525,39.15727321524423,2.717391304347826,12.332259796027913,0.8990874932903918,4.0995705850778315,2.2879763821792807,
91,37.72812667740204,39.95571658615137,2.5496511003757383,12.721417069243156,0.8990874932903918,3.8915727321524423,2.254428341384863,
92,37.714707461084274,39.96913580246913,2.5496511003757383,12.721417069243156,0.8990874932903918,3.8915727321524423,2.254428341384863,
93,37.164519592055825,40.552871712292,2.5429414922168547,12.714707461084272,0.8789586688137413,3.8915727321524423,2.254428341384863,
94,37.2987117552335,40.4320987654321,2.5429414922168547,12.714707461084272,0.8789586688137413,3.8848631239935587,2.24771873322598,
95,37.19806763285024,40.385131508319915,2.5429414922168547,12.714707461084272,1.0265700483091786,3.8848631239935587,2.24771873322598,
96,37.25845410628019,39.28475577026302,2.5429414922168547,13.768115942028986,1.0265700483091786,3.8714439076757916,2.24771873322598,
97,37.02361782071927,39.34514224369297,2.5429414922168547,13.942565754159958,1.0265700483091786,3.8714439076757916,2.24771873322598,
98,36.842458400429415,38.439345142243695,2.0397208803005906,14.754428341384862,1.0265700483091786,4.64975845410628,2.24771873322598,
99,36.4398819108964,38.84192163177671,2.0397208803005906,14.640365002683843,1.1406333870101986,4.64975845410628,2.24771873322598,
100,36.66129898013956,38.808373590982285,1.892109500805153,14.600107353730541,1.1406333870101986,4.64975845410628,2.24771873322598,
101,37.13768115942029,38.36553945249597,1.892109500805153,14.593397745571659,1.1406333870101986,4.636339237788513,2.2342995169082127,
102,37.41277509393451,38.18438003220612,1.892109500805153,14.566559312936125,1.107085346215781,4.636339237788513,2.200751476113795,
103,37.506709608158886,38.238056897477186,1.892109500805153,14.418947933440688,1.107085346215781,4.636339237788513,2.200751476113795,
104,37.69457863660762,38.117283950617285,1.8786902844873858,14.36527106816962,1.107085346215781,4.636339237788513,2.200751476113795,
105,37.82206119162641,37.63419216317767,2.2208803005904456,14.2914653784219,1.1943102522812667,4.636339237788513,2.200751476113795,
106,37.835480407944175,37.52012882447665,2.187332259796028,14.2914653784219,1.1943102522812667,4.770531400966184,2.200751476113795,
107,37.1309715512614,36.65458937198068,2.3215244229736984,14.251207729468598,1.1943102522812667,6.266774020397209,2.1806226516371443,
108,37.553676865271065,36.41975308641975,2.3215244229736984,14.06333870101986,1.1943102522812667,6.266774020397209,2.1806226516371443,
109,37.65432098765432,36.3191089640365,2.3215244229736984,14.06333870101986,1.1943102522812667,6.266774020397209,2.1806226516371443,
110,37.815351583467525,35.97691894793344,2.3081052066559313,14.016371443907676,1.1943102522812667,6.199677938808374,2.4892646269457863,
111,37.67444981213097,35.929951690821255,2.301395598497048,14.210950080515298,1.1943102522812667,6.199677938808374,2.4892646269457863,
112,37.64090177133655,36.06414385399893,2.4892646269457863,13.955984970477724,1.1943102522812667,6.166129898013956,2.4892646269457863,
113,38.10386473429951,36.10440150295223,2.4825550187869028,13.499731615673644,1.1943102522812667,6.125872249060655,2.4892646269457863,
114,38.197799248523886,36.010466988727856,2.4825550187869028,13.499731615673644,1.1943102522812667,6.125872249060655,2.4892646269457863,
115,36.97665056360709,37.27187332259796,2.4825550187869028,13.39237788513151,1.3016639828234031,6.085614600107354,2.4892646269457863,
116,36.8894256575416,37.084004294149224,2.4825550187869028,13.18438003220612,1.3016639828234031,6.253354804079442,2.804616210413312,
117,36.2788513150832,35.96349973161568,2.4825550187869028,14.217659688674182,1.3016639828234031,6.964573268921095,2.791196994095545,
118,35.61460010735373,35.42673107890499,2.4355877616747184,15.465646806226516,1.3016639828234031,6.964573268921095,2.791196994095545,
119,35.178475577026305,34.88996242619431,2.4355877616747184,16.35131508319914,1.3016639828234031,6.957863660762212,2.885131508319914,
120,32.86366076221149,35.29253891572732,2.368491680085883,16.243961352657006,1.7444981213097155,8.829844337090714,2.657004830917874,
121,33.04482018250134,34.86312399355877,2.3617820719269993,16.203703703703702,1.7444981213097155,8.80300590445518,2.9790660225442833,
122,33.13875469672571,34.84299516908212,2.4691358024691357,16.129898013955984,1.7444981213097155,8.695652173913043,2.9790660225442833,
123,33.272946859903385,34.265968867418145,2.509393451422437,16.451959205582394,2.073268921095008,8.125335480407944,3.3011272141706924,
124,33.43397745571659,34.13177670424047,2.509393451422437,16.438539989264626,2.059849704777241,8.125335480407944,3.3011272141706924,
125,32.96430488459474,33.54804079441761,2.4221685453569513,16.17686527106817,2.059849704777241,9.5276435856146,3.3011272141706924,
126,30.555555555555557,40.33145464304884,1.6572732152442298,14.969135802469136,1.751207729468599,7.742887815351583,2.9924852388620504,
127,30.461621041331185,38.93585614600107,1.6908212560386473,14.861782071927,1.751207729468599,9.306226516371444,2.9924852388620504,
128,30.461621041331185,38.69431025228127,1.9524959742351047,14.848362855609233,1.751207729468599,9.306226516371444,2.985775630703167,
129,30.48845947396672,37.97638217928073,1.6505636070853462,15.94873859366613,1.751207729468599,9.225711218464841,2.9589371980676327,
130,30.233494363929147,37.6610305958132,1.6505636070853462,14.989264626945786,1.751207729468599,11.057434245840042,2.657004830917874,
131,25.0402576489533,46.423778851315085,1.6438539989264627,11.681427804616211,1.751207729468599,10.68840579710145,2.771068169618894,
132,24.510198604401502,47.16854535695116,1.9256575415995705,11.60762211486849,1.7310789049919484,10.285829307568438,2.771068169618894,
133,24.60413311862587,47.10144927536232,1.9256575415995705,11.600912506709609,1.7310789049919484,10.279119699409554,2.757648953301127,
134,21.846484165324746,49.40955448201825,2.147074610842727,12.338969404186795,1.6438539989264627,9.73564143853999,2.8784219001610305,
135,21.584809447128286,44.73295759527644,2.086688137412775,21.24261943102523,1.2010198604401503,6.595544820182502,2.5563607085346214,
136,21.64519592055824,44.36392914653784,2.3550724637681157,21.20907139023081,1.442565754159957,6.5552871712292005,2.428878153515835,
137,21.73913043478261,44.176060118089104,2.3550724637681157,21.175523349436393,1.570048309178744,6.5552871712292005,2.428878153515835,
138,22.29602791196994,43.51180891035963,2.3550724637681157,21.155394524959743,1.4761137949543746,6.796833064949007,2.408749329039184,
139,22.007514761137948,42.49194847020934,2.254428341384863,21.101717659688674,1.4761137949543746,8.28636607622115,2.38191089640365,
140,22.322866344605476,42.33762748255502,2.254428341384863,20.725979602791195,1.4761137949543746,8.252818035426731,2.6301663982823404,
141,22.490606548577563,42.169887278582934,2.254428341384863,20.725979602791195,1.4761137949543746,8.252818035426731,2.6301663982823404,
142,22.611379495437465,42.05582393988191,2.254428341384863,20.625335480407944,1.4761137949543746,8.252818035426731,2.7241009125067097,
143,22.873054213633925,42.008856682769725,2.254428341384863,20.517981749865807,1.4761137949543746,8.145464304884594,2.7241009125067097,
144,22.98040794417606,41.42512077294686,2.254428341384863,19.719538378958667,2.7777777777777777,8.132045088566828,2.7106816961889426,
145,23.17498658078368,41.297638217928075,2.254428341384863,19.484702093397747,2.7777777777777777,8.132045088566828,2.7106816961889426,0.16774020397208803
146,22.128287707997853,40.90848094471283,2.254428341384863,20.987654320987655,2.7777777777777777,8.064949006977992,2.7106816961889426,0.16774020397208803
147,22.168545356951153,40.90848094471283,2.254428341384863,20.96081588835212,2.7777777777777777,8.051529790660226,2.7106816961889426,0.16774020397208803
148,22.289318303811058,40.81454643048846,2.254428341384863,20.96081588835212,2.7777777777777777,8.024691358024691,2.7106816961889426,0.16774020397208803
149,22.342995169082126,40.31132581857219,2.4825550187869028,20.96081588835212,2.7777777777777777,7.991143317230274,2.965646806226516,0.16774020397208803
150,22.416800858829845,40.25093934514224,2.4825550187869028,20.96081588835212,2.7777777777777777,7.977724100912507,2.965646806226516,0.16774020397208803
151,22.5577026301664,40.03623188405797,2.7979066022544283,20.873590982286636,2.7777777777777777,7.742887815351583,3.046162104133119,0.16774020397208803
152,22.604669887278583,40.022812667740205,2.7979066022544283,20.8467525496511,2.771068169618894,7.742887815351583,3.046162104133119,0.16774020397208803
153,22.665056360708533,39.99597423510467,2.771068169618894,20.40391841116479,2.771068169618894,7.769726247987117,3.361513687600644,0.2616747181964573
154,22.819377348362856,39.92887815351583,2.771068169618894,20.363660762211488,2.771068169618894,7.729468599033816,3.3548040794417604,0.2616747181964573
155,22.96027911969941,39.76784755770263,2.771068169618894,20.249597423510465,2.9253891572732154,7.709339774557166,3.3548040794417604,0.2616747181964573
156,22.899892646269457,39.2512077294686,2.703972088030059,20.2361782071927,2.9253891572732154,8.36688137412775,3.3548040794417604,0.2616747181964573
157,22.799248523886206,39.09688674181428,2.6033279656468062,20.189210950080515,2.9253891572732154,8.769457863660762,3.3548040794417604,0.2616747181964573
158,22.0276435856146,38.1105743424584,2.6033279656468062,21.786097691894792,3.0931293612453032,8.76274825550188,3.3548040794417604,0.2616747181964573
159,22.128287707997853,37.875738056897475,2.6033279656468062,21.712292002147073,3.2340311325818574,8.668813741277509,3.515834675254965,0.2616747181964573
160,22.403381642512077,37.41277509393451,2.8113258185721954,21.16881374127751,3.4822866344605474,8.943907675791733,3.515834675254965,0.2616747181964573
161,22.571121846484164,37.23832528180354,2.7979066022544283,21.141975308641975,3.435319377348363,8.917069243156199,3.6366076221148687,0.2616747181964573
162,22.69189479334407,37.23161567364466,3.44873859366613,20.471014492753625,3.435319377348363,8.917069243156199,3.6366076221148687,0.16774020397208803
163,22.73886205045625,36.9699409554482,3.44873859366613,20.43075684380032,3.69699409554482,9.057971014492754,3.488996242619431,0.16774020397208803
164,22.879763821792807,36.89613526570049,3.44873859366613,20.40391841116479,3.6902844873859366,9.024422973698336,3.488996242619431,0.16774020397208803
165,20.611916264090176,43.71980676328502,3.126677402039721,17.57246376811594,3.280998389694042,8.105206655931294,3.4151905528717124,0.16774020397208803
166,21.034621578099838,43.33735909822866,3.126677402039721,17.56575415995706,3.280998389694042,8.071658615136876,3.4151905528717124,0.16774020397208803
167,21.22920021470746,43.14949006977992,3.435319377348363,17.45169082125604,3.1870638754696725,8.071658615136876,3.307836822329576,0.16774020397208803
168,21.16881374127751,41.29092860976919,3.4286097691894795,17.431561996779386,3.0193236714975846,8.064949006977992,5.428073000536768,0.16774020397208803
169,20.135534084809446,42.14975845410628,3.4286097691894795,17.04911433172303,3.3413848631239937,8.064949006977992,5.662909286097692,0.16774020397208803
170,20.323403113258184,42.07595276435856,3.4286097691894795,17.002147074610843,3.3413848631239937,8.064949006977992,5.595813204508857,0.16774020397208803
171,20.377079978529252,42.028985507246375,3.4286097691894795,16.99543746645196,3.3413848631239937,8.064949006977992,5.595813204508857,0.16774020397208803
172,20.618625872249062,41.97530864197531,3.4017713365539453,16.881374127750938,3.3413848631239937,8.038110574342458,5.5756843800322065,0.16774020397208803
173,20.75281803542673,41.86124530327429,3.4017713365539453,16.861245303274288,3.3413848631239937,8.038110574342458,5.5756843800322065,0.16774020397208803
174,20.88030059044552,41.83440687063875,3.4017713365539453,16.794149221685455,3.307836822329576,8.038110574342458,5.5756843800322065,0.16774020397208803
175,21.034621578099838,41.458668813741276,3.5963499731615673,16.680085882984432,3.307836822329576,7.883789586688137,5.870907139023081,0.16774020397208803
176,20.893719806763286,40.425389157273216,3.5963499731615673,16.566022544283413,3.629898013955985,9.125067096081589,5.595813204508857,0.16774020397208803
177,20.967525496511005,40.23081052066559,3.8177670424047236,16.532474503488995,3.5628019323671496,9.125067096081589,5.595813204508857,0.16774020397208803
178,20.96081588835212,40.163714439076756,4.119699409554482,16.431830381105744,3.5628019323671496,9.078099838969404,5.515297906602254,0.16774020397208803
179,20.98094471282877,39.92887815351583,4.1129898013955986,16.42512077294686,3.5628019323671496,9.078099838969404,5.743424584004294,0.16774020397208803
180,20.96081588835212,39.67391304347826,4.320987654320987,16.324476650563607,3.992216854535695,9.098228663446054,5.4616210413311865,0.16774020397208803
181,20.967525496511005,39.942297369833604,4.2270531400966185,16.163446054750402,3.9720880300590444,9.098228663446054,5.4616210413311865,0.16774020397208803
182,21.16881374127751,39.31159420289855,4.2270531400966185,15.942028985507246,3.797638217928073,9.064680622651638,6.320450885668277,0.16774020397208803
183,21.410359634997317,39.170692431561996,4.2270531400966185,15.881642512077295,3.7775093934514223,9.064680622651638,6.300322061191626,0.16774020397208803
184,21.651905528717123,39.110305958132045,4.180085882984434,15.787707997852925,3.7775093934514223,9.064680622651638,6.260064412238325,0.16774020397208803
185,21.72571121846484,38.99624261943102,4.180085882984434,15.693773483628556,3.7775093934514223,9.198872785829307,6.260064412238325,0.16774020397208803
186,21.833064949006978,38.45276435856146,5.0791733762748255,15.593129361245303,3.730542136339238,9.057971014492754,6.085614600107354,0.16774020397208803
187,21.973966720343533,38.31857219538379,5.0791733762748255,15.593129361245303,3.730542136339238,9.057971014492754,6.078904991948471,0.16774020397208803
188,22.0276435856146,38.1508319914117,5.0791733762748255,15.593129361245303,3.844605475040258,9.057971014492754,6.078904991948471,0.16774020397208803
189,22.188674181427803,37.92941492216855,5.387815351583468,15.277777777777779,3.911701556629093,9.057971014492754,6.078904991948471,0.16774020397208803
190,22.457058507783145,37.74825550187869,5.374396135265701,15.277777777777779,3.911701556629093,9.03113258185722,6.031937734836285,0.16774020397208803
191,22.5979602791197,37.66774020397209,5.374396135265701,15.277777777777779,3.911701556629093,8.970746108427267,6.031937734836285,0.16774020397208803
192,23.07434245840043,37.56038647342995,5.374396135265701,14.908749329039184,3.911701556629093,8.970746108427267,6.031937734836285,0.16774020397208803
193,23.47691894793344,37.42619431025228,5.374396135265701,14.51959205582394,3.911701556629093,8.943907675791733,6.179549114331723,0.16774020397208803
194,23.832528180354267,37.1309715512614,5.58239398819109,14.452495974235104,4.032474503488996,8.68894256575416,6.112453032742888,0.16774020397208803
195,23.752012882447666,37.21148684916801,5.58239398819109,14.452495974235104,4.032474503488996,8.662104133118627,6.038647342995169,0.2683843263553409
196,23.74530327428878,37.19806763285024,5.58239398819109,14.432367149758454,4.032474503488996,8.648684916800859,6.092324208266238,0.2683843263553409
197,23.691626409017715,35.57434245840043,5.58239398819109,14.593397745571659,5.542136339237788,8.655394524959743,6.092324208266238,0.2683843263553409
198,23.906333870101985,35.18518518518518,5.542136339237788,14.586688137412775,5.844068706387547,8.608427267847558,6.0587761674718195,0.2683843263553409
199,24.261943102522814,34.82286634460547,5.542136339237788,14.479334406870638,5.938003220611916,8.756038647342995,5.931293612453032,0.2683843263553409
200,24.335748792270532,34.76247987117552,5.542136339237788,14.472624798711756,5.938003220611916,8.756038647342995,5.924584004294149,0.2683843263553409
201,24.54374664519592,34.675254965110035,5.508588298443371,14.358561460010735,5.938003220611916,8.729200214707461,5.864197530864198,0.3824476650563607
202,25.0,34.312936124530324,5.495169082125604,14.358561460010735,5.924584004294149,8.702361782071927,5.8239398819108965,0.3824476650563607
203,24.825550187869027,34.21229200214707,5.495169082125604,13.6808910359635,5.844068706387547,9.73564143853999,5.8239398819108965,0.3824476650563607
204,24.86580783682233,33.23268921095008,5.589103596349974,13.352120236178207,5.743424584004294,10.25228126677402,6.582125603864735,0.3824476650563607
205,24.912775093934513,33.091787439613526,5.589103596349974,13.251476113794954,5.743424584004294,10.25228126677402,6.776704240472356,0.3824476650563607
206,25.02012882447665,32.50805152979066,6.535158346752549,13.33870101986044,5.6964573268921095,10.017444981213098,6.501610305958132,0.3824476650563607
207,24.805421363392377,31.756575415995705,6.535158346752549,14.304884594739667,5.810520665593129,9.923510466988727,6.481481481481482,0.3824476650563607
208,24.93961352657005,31.528448738593667,6.535158346752549,14.163982823403114,5.797101449275362,10.171765968867419,6.481481481481482,0.3824476650563607
209,24.859098228663445,31.407675791733762,6.6827697262479875,13.915727321524423,5.770263016639828,10.426731078904991,6.5552871712292005,0.3824476650563607
210,24.9194847020934,31.313741277509394,6.776704240472356,13.868760064412239,5.770263016639828,10.413311862587225,6.5552871712292005,0.3824476650563607
211,21.987385936661298,28.31454643048846,6.3137412775093935,21.947128287707997,5.213365539452496,9.668545356951155,6.266774020397209,0.2885131508319914
212,22.21551261406334,28.08641975308642,6.3137412775093935,21.833064949006978,5.213365539452496,9.66183574879227,6.266774020397209,0.4092860976918948
213,22.36983360171766,27.871712292002147,6.400966183574879,21.786097691894792,5.166398282340311,9.749060654857756,6.260064412238325,0.39586688137412773
214,22.69860440150295,27.616747181964573,6.400966183574879,21.786097691894792,5.119431025228127,9.802737520128824,6.179549114331723,0.39586688137412773
215,20.40391841116479,35.25228126677402,5.9447128287707995,19.49141170155663,4.817498658078368,7.689210950080516,6.005099302200751,0.39586688137412773
216,20.46430488459474,34.88996242619431,5.9447128287707995,19.45115405260333,4.9651100375738055,7.890499194847021,5.998389694041868,0.39586688137412773
217,19.545088566827697,34.09151905528717,5.917874396135265,21.28287707997853,4.884594739667204,7.890499194847021,5.991680085882985,0.39586688137412773
218,19.77992485238862,33.97074610842727,5.897745571658615,21.22920021470746,4.871175523349437,7.890499194847021,5.964841653247451,0.39586688137412773
219,20.088566827697264,33.65539452495974,5.897745571658615,21.054750402576488,4.74369296833065,7.823403113258186,6.199677938808374,0.5367686527106817
220,20.45088566827697,33.3467525496511,5.958132045088567,20.71256038647343,4.74369296833065,7.716049382716049,6.374127750939345,0.6977992485238862
221,20.8467525496511,32.91733762748255,5.864197530864198,20.632045088566827,4.74369296833065,7.924047235641439,6.374127750939345,0.6977992485238862
222,20.967525496511005,32.88378958668814,5.8172302737520125,20.591787439613526,4.74369296833065,7.924047235641439,6.374127750939345,0.6977992485238862
223,20.90042941492217,32.59527643585615,5.8172302737520125,20.544820182501343,4.669887278582931,8.400429414922169,6.374127750939345,0.6977992485238862
224,20.994363929146537,32.41411701556629,5.8172302737520125,20.517981749865807,4.669887278582931,8.400429414922169,6.488191089640365,0.6977992485238862
225,21.24932903918411,32.33360171765969,5.857487922705314,20.491143317230275,4.663177670424047,8.340042941492216,6.367418142780462,0.6977992485238862
226,21.336553945249598,32.23966720343532,5.857487922705314,20.42404723564144,4.663177670424047,8.521202361782072,6.260064412238325,0.6977992485238862
227,21.578099838969404,32.1658615136876,5.857487922705314,20.26972624798712,4.64975845410628,8.521202361782072,6.260064412238325,0.6977992485238862
228,21.64519592055824,32.1256038647343,5.857487922705314,20.242887815351583,4.64975845410628,8.521202361782072,6.260064412238325,0.6977992485238862
229,21.638486312399355,31.843800322061192,5.736714975845411,20.242887815351583,4.931561996779388,8.648684916800859,6.260064412238325,0.6977992485238862
230,21.732420826623724,31.702898550724637,5.736714975845411,20.229468599033815,4.99194847020934,8.648684916800859,6.260064412238325,0.6977992485238862
231,21.20907139023081,30.897745571658614,5.730005367686527,20.50456253354804,6.092324208266238,8.641975308641975,6.226516371443908,0.6977992485238862
232,21.235909822866343,30.776972624798713,5.730005367686527,20.50456253354804,6.213097155126141,8.641975308641975,6.199677938808374,0.6977992485238862
233,21.329844337090712,30.750134192163177,5.709876543209877,20.50456253354804,6.213097155126141,8.59500805152979,6.199677938808374,0.6977992485238862
234,21.464036500268385,30.730005367686527,5.676328502415459,20.48443370907139,6.152710681696189,8.59500805152979,6.199677938808374,0.6977992485238862
235,21.537842190016104,30.69645732689211,5.669618894256575,20.471014492753625,6.152710681696189,8.57487922705314,6.199677938808374,0.6977992485238862
236,21.651905528717123,30.454911433172303,5.669618894256575,20.437466451959207,6.018518518518518,8.55475040257649,6.515029522275899,0.6977992485238862
237,21.786097691894792,30.360976918947934,5.669618894256575,20.437466451959207,6.018518518518518,8.514492753623188,6.515029522275899,0.6977992485238862
238,21.792807300053678,30.26033279656468,5.790391841116479,20.417337627482556,6.018518518518518,8.514492753623188,6.508319914117015,0.6977992485238862
239,21.87332259796028,30.03220611916264,6.0587761674718195,20.343531937734838,5.971551261406334,8.514492753623188,6.508319914117015,0.6977992485238862
240,21.947128287707997,29.837627482555018,5.897745571658615,20.29656468062265,5.971551261406334,8.655394524959743,6.696188942565755,0.6977992485238862
241,21.980676328502415,29.716854535695116,6.125872249060655,20.175791733762747,5.971551261406334,8.635265700483092,6.696188942565755,0.6977992485238862
242,22.23564143853999,29.64975845410628,6.085614600107354,20.162372517444982,5.971551261406334,8.601717659688674,6.696188942565755,0.5971551261406334
243,22.302737520128826,29.62962962962963,6.085614600107354,19.920826623725173,5.971551261406334,8.601717659688674,6.696188942565755,0.7917337627482555
244,22.69860440150295,29.468599033816425,5.971551261406334,19.900697799248523,5.971551261406334,8.501073537305421,6.696188942565755,0.7917337627482555
245,22.584541062801932,29.320987654320987,6.273483628556092,19.612184648416534,5.964841653247451,8.78287707997853,6.66935050993022,0.7917337627482555
246,22.61808910359635,29.300858829844337,6.273483628556092,19.605475040257648,5.958132045088567,8.78287707997853,6.66935050993022,0.7917337627482555
247,22.98040794417606,29.180085882984432,6.273483628556092,19.390767579173378,5.958132045088567,8.76274825550188,6.662640901771336,0.7917337627482555
248,23.09447128287708,29.126409017713364,6.588835212023618,19.07541599570585,5.911164787976382,8.749329039184111,6.662640901771336,0.7917337627482555
249,23.242082662372518,28.871443907675793,6.588835212023618,19.061996779388085,5.743424584004294,9.037842190016104,6.662640901771336,0.7917337627482555
250,23.463499731615673,28.69699409554482,6.5552871712292005,19.008319914117017,5.669618894256575,9.004294149221685,6.810252281266774,0.7917337627482555
251,23.718464841653248,28.307836822329577,6.4412238325281805,18.800322061191626,5.615942028985507,9.265968867418144,7.085346215780999,0.7648953301127214
252,24.10762211486849,27.945517981749866,6.427804616210413,18.679549114331724,5.8239398819108965,9.16532474503489,7.085346215780999,0.7648953301127214
253,24.14787976382179,27.91867954911433,6.105743424584004,18.679549114331724,5.8239398819108965,9.151905528717123,7.407407407407407,0.7648953301127214
254,24.22168545356951,27.851583467525497,5.998389694041868,18.632581857219538,5.8239398819108965,9.29951690821256,7.407407407407407,0.7648953301127214
255,24.295491143317232,27.77777777777778,5.998389694041868,18.632581857219538,5.8239398819108965,9.29951690821256,7.407407407407407,0.7648953301127214
256,24.174718196457327,27.992485238862052,5.971551261406334,18.61916264090177,5.810520665593129,9.25925925925926,7.407407407407407,0.7648953301127214
257,24.302200751476114,27.979066022544284,5.924584004294149,18.4849704777241,5.763553408480945,9.192163177670425,7.454374664519592,0.8990874932903918
258,24.416264090177133,27.89855072463768,5.924584004294149,18.4849704777241,5.763553408480945,9.192163177670425,7.4208266237251745,0.8990874932903918
259,24.67793880837359,27.61003757380569,5.924584004294149,18.451422436929683,5.938003220611916,9.078099838969404,7.4208266237251745,0.8990874932903918
260,24.859098228663445,27.375201288244767,5.924584004294149,18.42458400429415,6.347289318303811,8.917069243156199,7.253086419753086,0.8990874932903918
261,24.986580783682232,27.294685990338163,5.924584004294149,18.411164787976382,6.340579710144928,8.903650026838433,7.239667203435319,0.8990874932903918
262,25.315351583467525,27.24771873322598,5.924584004294149,18.263553408480945,6.286902844873859,8.849973161567364,7.212828770799785,0.8990874932903918
263,25.409286097691894,27.24771873322598,5.924584004294149,18.169618894256576,6.286902844873859,8.849973161567364,7.212828770799785,0.8990874932903918
264,25.81857219538379,27.17391304347826,5.743424584004294,18.14278046162104,6.280193236714976,8.796296296296296,7.14573268921095,0.8990874932903918
265,25.805152979066023,26.90552871712292,5.803811057434245,18.115942028985508,6.528448738593666,8.796296296296296,7.14573268921095,0.8990874932903918
266,25.999731615673646,26.84514224369297,5.783682232957595,18.06897477187332,6.528448738593666,8.78287707997853,7.105475040257649,0.8856682769726248
267,26.321792807300053,26.724369296833064,5.783682232957595,18.02200751476114,6.528448738593666,8.735909822866345,6.998121309715513,0.8856682769726248
268,26.48953301127214,26.610305958132045,5.783682232957595,17.995169082125603,6.528448738593666,8.709071390230811,6.998121309715513,0.8856682769726248
269,26.48953301127214,26.516371443907676,5.743424584004294,17.673107890499196,6.823671497584541,8.870101986044014,6.998121309715513,0.8856682769726248
270,24.879227053140095,29.461889425657542,5.488459473966721,16.680085882984432,7.011540526033279,8.59500805152979,6.998121309715513,0.8856682769726248
271,25.207997852925388,29.374664519592056,5.488459473966721,16.61969940955448,6.971282877079979,8.59500805152979,6.884057971014493,0.8588298443370908
272,25.140901771336555,29.274020397208805,5.488459473966721,15.774288781535159,6.937734836285561,9.936929683306495,6.857219538378959,0.5904455179817498
273,25.39586688137413,28.972088030059044,5.46833064949007,15.660225442834138,7.179280730005368,9.876543209876543,6.857219538378959,0.5904455179817498
274,25.429414922168544,28.945249597423512,5.35426731078905,15.646806226516372,7.179280730005368,10.02415458937198,6.830381105743425,0.5904455179817498
275,25.275093934514224,28.85131508319914,5.407944176060118,15.579710144927537,7.152442297369833,10.010735373054214,7.132313472893183,0.5904455179817498
276,25.32206119162641,28.576221148684915,5.401234567901234,15.579710144927537,6.957863660762212,9.990606548577563,7.581857219538379,0.5904455179817498
277,25.489801395598498,28.495705850778315,5.401234567901234,15.5126140633387,6.957863660762212,9.98389694041868,7.568438003220612,0.5904455179817498
278,25.79844337090714,28.341384863123995,5.287171229200215,15.479066022544284,6.957863660762212,9.977187332259795,7.568438003220612,0.5904455179817498
279,25.771604938271604,28.28099838969404,5.287171229200215,15.479066022544284,6.957863660762212,9.977187332259795,7.6556629092860975,0.5904455179817498
280,25.83870101986044,28.119967793880836,5.287171229200215,15.438808373590982,7.098765432098766,9.970477724100913,7.6556629092860975,0.5904455179817498
281,25.85882984433709,28.119967793880836,5.287171229200215,15.432098765432098,7.098765432098766,9.970477724100913,7.64224369296833,0.5904455179817498
282,25.905797101449274,28.10654857756307,5.287171229200215,15.411969940955448,7.092055823939882,9.970477724100913,7.635534084809447,0.5904455179817498
283,26.006441223832528,28.10654857756307,5.287171229200215,15.35829307568438,7.092055823939882,9.950348899624261,7.608695652173913,0.5904455179817498
284,26.053408480944714,27.985775630703166,5.287171229200215,14.304884594739667,6.736446591519055,11.312399355877616,7.749597423510467,0.5703166935050993
285,26.1808910359635,27.945517981749866,5.246913580246914,14.197530864197532,6.729736983360172,11.379495437466453,7.776435856146001,0.5434782608695652
286,26.341921631776703,27.80461621041331,5.246913580246914,14.029790660225443,6.6827697262479875,11.379495437466453,8.044820182501342,0.46967257112184646
287,26.482823403113258,27.717391304347824,5.246913580246914,14.002952227589908,6.6827697262479875,11.366076221148685,8.031400966183575,0.46967257112184646
288,26.556629092860977,27.583199141170155,5.246913580246914,13.982823403113258,6.78341384863124,11.366076221148685,8.011272141706923,0.46967257112184646
289,26.610305958132045,27.583199141170155,5.22007514761138,13.982823403113258,6.78341384863124,11.366076221148685,7.98443370907139,0.46967257112184646
290,26.724369296833064,27.563070316693505,5.22007514761138,13.969404186795492,6.702898550724638,11.366076221148685,7.98443370907139,0.46967257112184646
291,26.878690284487387,27.563070316693505,5.22007514761138,13.81508319914117,6.702898550724638,11.366076221148685,7.98443370907139,0.46967257112184646
292,26.972624798711756,27.502683843263554,5.35426731078905,13.808373590982287,6.702898550724638,11.245303274288782,7.944176060118089,0.46967257112184646
293,27.012882447665056,27.42216854535695,5.35426731078905,13.808373590982287,6.9310252281266775,11.231884057971014,7.769726247987117,0.46967257112184646
