,45,50,52,53,51,55,54,56,57
0,95.59178743961353,4.408212560386473,,,,,,,
1,95.59178743961353,4.408212560386473,,,,,,,
2,94.23644659151906,5.763553408480945,,,,,,,
3,80.51529790660226,19.484702093397747,,,,,,,
4,77.71739130434783,22.282608695652176,,,,,,,
5,61.520397208803004,36.89613526570049,1.583467525496511,,,,,,
6,52.99248523886205,43.98148148148148,1.583467525496511,1.442565754159957,,,,,
7,49.7987117552335,47.175254965110035,1.583467525496511,1.442565754159957,,,,,
8,48.32259796027912,46.92699946323135,1.583467525496511,0.013419216317767043,3.1535158346752548,,,,
9,46.31642512077295,48.93317230273752,1.583467525496511,0.013419216317767043,3.1535158346752548,,,,
10,45.62533548040794,41.7337627482555,9.473966720343531,0.013419216317767043,3.1535158346752548,,,,
11,42.659688674181425,43.022007514761135,13.47289318303811,0.0067096081588835215,0.8387010198604401,,,,
12,40.304616210413315,43.47155126140633,13.41250670960816,0.0067096081588835215,2.804616210413312,,,,
13,40.31132581857219,43.53193773483628,13.345410628019323,0.0067096081588835215,2.804616210413312,,,,
14,39.982555018786904,43.43800322061192,13.539989264626946,0.0067096081588835215,2.7979066022544283,0.23483628556092323,,,
15,37.526838432635536,44.69940955448202,13.479602791196994,0.0067096081588835215,4.052603327965647,0.23483628556092323,,,
16,33.70907139023081,48.51717659688674,13.479602791196994,0.0067096081588835215,4.052603327965647,0.23483628556092323,,,
17,32.306763285024154,43.592324208266234,13.45276435856146,0.0067096081588835215,10.406602254428341,0.23483628556092323,,,
18,32.387278582930755,43.552066559312934,13.419216317767042,0.0067096081588835215,10.399892646269459,0.23483628556092323,,,
19,32.43424584004294,43.505099302200755,13.419216317767042,0.0067096081588835215,10.399892646269459,0.23483628556092323,,,
20,31.21309715512614,40.163714439076756,19.028448738593667,2.0128824476650564,7.347020933977456,0.23483628556092323,,,
21,30.951422436929683,38.92243692968331,18.57890499194847,2.0128824476650564,8.635265700483092,0.23483628556092323,0.6642512077294686,,
22,30.837359098228664,36.58749329039184,19.96779388083736,2.0128824476650564,9.695383789586689,0.23483628556092323,0.6642512077294686,,
23,30.24020397208803,37.3389694041868,19.840311325818572,1.9927536231884058,9.688674181427805,0.23483628556092323,0.6642512077294686,,
24,30.267042404723565,37.204777241009126,19.840311325818572,1.0601180891035964,10.72866344605475,0.23483628556092323,0.6642512077294686,,
25,29.57595276435856,37.895866881374126,19.840311325818572,1.0601180891035964,10.72866344605475,0.23483628556092323,0.6642512077294686,,
26,29.918142780461622,37.8690284487386,19.840311325818572,0.9997316156736447,10.473698336017177,0.23483628556092323,0.6642512077294686,,
27,30.20665593129361,37.78851315083199,19.746376811594203,0.9997316156736447,10.446859903381643,0.23483628556092323,0.5770263016639828,,
28,30.005367686527105,37.6207729468599,19.45115405260333,0.9997316156736447,11.11111111111111,0.23483628556092323,0.5770263016639828,,
29,29.522275899087493,38.35212023617821,19.202898550724637,0.9997316156736447,11.11111111111111,0.23483628556092323,0.5770263016639828,,
30,24.67793880837359,42.41814278046162,19.142512077294686,1.8585614600107354,11.11111111111111,0.23483628556092323,0.5568974771873323,,
31,24.52361782071927,41.80085882984434,19.92753623188406,1.8585614600107354,11.097691894793345,0.23483628556092323,0.5568974771873323,,
32,24.36929683306495,41.95517981749866,19.92753623188406,1.8585614600107354,11.097691894793345,0.23483628556092323,0.5568974771873323,,
33,23.678207192699947,42.53891572732152,20.538110574342458,1.8585614600107354,10.59447128287708,0.23483628556092323,0.5568974771873323,,
34,23.845947396672035,39.48604401502952,20.41062801932367,1.093666129898014,14.371980676328503,0.23483628556092323,0.5568974771873323,,
35,23.879495437466453,39.452495974235106,20.41062801932367,1.093666129898014,14.371980676328503,0.23483628556092323,0.5568974771873323,,
36,23.60440150295223,39.85507246376812,20.283145464304884,1.093666129898014,14.371980676328503,0.23483628556092323,0.5568974771873323,,
37,23.617820719269993,39.20424047235642,20.283145464304884,1.0802469135802468,15.022812667740205,0.23483628556092323,0.5568974771873323,,
38,23.752012882447666,39.16398282340311,20.26972624798712,1.0802469135802468,14.942297369833602,0.23483628556092323,0.5568974771873323,,
39,23.282340311325818,37.68786902844874,19.82018250134192,1.0802469135802468,17.384594739667204,0.23483628556092323,0.5099302200751477,,
40,23.523886205045624,37.63419216317767,19.692699946323135,1.0802469135802468,17.324208266237253,0.23483628556092323,0.5099302200751477,,
41,23.758722490606548,37.43961352657005,19.665861513687602,1.0802469135802468,17.310789049919485,0.23483628556092323,0.5099302200751477,,
42,23.382984433709073,34.76247987117552,19.484702093397747,1.0802469135802468,20.564949006977994,0.23483628556092323,0.48980139559849706,,
43,24.074074074074073,33.49436392914654,19.43102522812668,1.0802469135802468,21.195652173913043,0.23483628556092323,0.48980139559849706,,
44,23.30246913580247,34.29951690821256,19.14922168545357,1.0802469135802468,21.195652173913043,0.23483628556092323,0.7380568974771873,,
45,23.450080515297905,33.28636607622115,18.276972624798713,1.0802469135802468,22.933440687063875,0.23483628556092323,0.7380568974771873,,
46,23.060923242082662,32.92404723564144,15.103327965646805,1.4895330112721417,26.44927536231884,0.23483628556092323,0.7380568974771873,,
47,23.22866344605475,32.64224369296833,15.076489533011273,1.7847557702630166,26.29495437466452,0.23483628556092323,0.7380568974771873,,
48,23.081052066559312,30.723295759527645,17.834138486312398,1.7713365539452497,25.617283950617285,0.23483628556092323,0.7380568974771873,,
49,23.040794417606012,30.495169082125603,17.827428878153516,1.7713365539452497,25.181159420289855,0.9460547504025765,0.7380568974771873,,
50,23.11460010735373,30.26033279656468,17.485238862050455,1.7713365539452497,25.046967257112186,0.9460547504025765,1.3754696725711217,,
51,23.1682769726248,29.723564143854,18.46484165324745,1.7713365539452497,23.812399355877616,0.9460547504025765,2.1135265700483092,,
52,22.383252818035427,27.522812667740205,17.505367686527105,3.180354267310789,26.37546967257112,0.9460547504025765,2.086688137412775,,
53,22.14170692431562,26.637144390767578,18.894256575415994,3.180354267310789,26.154052603327965,0.9460547504025765,2.046430488459474,,
54,22.490606548577563,26.341921631776703,18.753354804079443,2.5831991411701556,26.96591519055287,0.8185721953837896,2.046430488459474,,
55,22.29602791196994,25.046967257112186,18.5654857756307,2.5831991411701556,26.737788513150832,1.1473429951690821,3.6231884057971016,,
56,22.571121846484164,25.02012882447665,18.552066559312937,2.5831991411701556,26.50295222758991,1.1473429951690821,3.6231884057971016,,
57,22.805958132045088,24.92619431025228,18.53864734299517,2.5697799248523885,26.38888888888889,1.1473429951690821,3.6231884057971016,,
58,22.940150295222757,24.92619431025228,18.4044551798175,2.5697799248523885,26.38888888888889,1.1473429951690821,3.6231884057971016,,
59,23.07434245840043,24.86580783682233,18.21658615136876,2.5697799248523885,26.35534084809447,1.2949543746645196,3.6231884057971016,,
60,23.242082662372518,24.838969404186795,18.183038110574344,2.5697799248523885,26.247987117552334,1.2949543746645196,3.6231884057971016,,
61,23.43666129898014,24.805421363392377,18.08239398819109,2.5697799248523885,26.187600644122384,1.2949543746645196,3.6231884057971016,,
62,23.59098228663446,24.792002147074612,18.00187869028449,2.5697799248523885,26.127214170692433,1.2949543746645196,3.6231884057971016,,
63,23.68491680085883,24.590713902308106,17.277241009125067,2.5496511003757383,26.247987117552334,1.2949543746645196,4.3545356951154055,,
64,23.926462694578635,24.52361782071927,17.156468062265162,2.5496511003757383,26.194310252281266,1.2949543746645196,4.3545356951154055,,
65,24.282071926999464,24.46323134728932,16.99543746645196,2.5496511003757383,26.060118089103597,1.2949543746645196,4.3545356951154055,,
66,23.752012882447666,24.20155662909286,17.8743961352657,2.5496511003757383,25.811862587224905,1.6103059581320451,4.200214707461084,,
67,23.899624261943103,24.114331723027377,17.840848094471284,2.5496511003757383,25.785024154589372,1.6103059581320451,4.200214707461084,,
68,22.82608695652174,23.886205045625335,17.840848094471284,2.5496511003757383,27.086688137412775,1.6103059581320451,4.200214707461084,,
69,22.886473429951693,23.852657004830917,17.840848094471284,2.5496511003757383,27.059849704777243,1.6103059581320451,4.200214707461084,,
70,22.544283413848632,24.060654857756308,17.840848094471284,2.5429414922168547,27.200751476113794,1.6103059581320451,4.200214707461084,,
71,22.6784755770263,24.040526033279658,17.840848094471284,2.5429414922168547,27.086688137412775,1.6103059581320451,4.200214707461084,,
72,21.443907675791735,23.49704777241009,17.01556629092861,2.522812667740204,29.57595276435856,1.7444981213097155,4.200214707461084,,
73,21.584809447128286,23.242082662372518,16.150026838432634,2.522812667740204,30.870907139023082,1.7444981213097155,3.8848631239935587,,
74,21.69887278582931,23.242082662372518,16.06280193236715,2.522812667740204,30.844068706387546,1.7444981213097155,3.8848631239935587,,
75,21.91358024691358,23.201825013419217,16.06280193236715,2.522812667740204,30.669618894256576,1.7444981213097155,3.8848631239935587,,
76,22.020933977455716,23.201825013419217,16.022544283413847,2.522812667740204,30.60252281266774,1.7444981213097155,3.8848631239935587,,
77,22.067901234567902,22.86634460547504,15.633387010198604,2.522812667740204,31.293612453032743,1.7310789049919484,3.8848631239935587,,
78,22.128287707997853,22.423510466988727,15.559581320450885,2.522812667740204,31.76328502415459,1.7176596886741815,3.8848631239935587,,
79,22.128287707997853,21.55126140633387,15.559581320450885,3.7372517444981215,31.427804616210413,1.7176596886741815,3.878153515834675,,
80,22.309447128287708,21.4573268921095,15.505904455179817,3.7372517444981215,31.394256575415994,1.7176596886741815,3.878153515834675,,
81,22.584541062801932,21.32313472893183,15.371712292002147,3.7372517444981215,31.340579710144926,1.7646269457863661,3.878153515834675,,
82,21.62506709608159,22.940150295222757,15.371712292002147,3.502415458937198,30.917874396135264,1.7646269457863661,3.878153515834675,,
83,21.74584004294149,22.940150295222757,15.365002683843263,3.502415458937198,30.857487922705314,1.7646269457863661,3.824476650563607,,
84,21.926999463231347,22.805958132045088,15.257648953301127,3.502415458937198,30.931293612453032,1.7646269457863661,3.81105743424584,,
85,22.007514761137948,22.785829307568438,15.257648953301127,3.488996242619431,30.891035963499732,1.7646269457863661,3.8043478260869565,,
86,22.14170692431562,22.75228126677402,15.24422973698336,3.488996242619431,30.803811057434245,1.7646269457863661,3.8043478260869565,,
87,22.282608695652176,22.75228126677402,15.183843263553408,3.488996242619431,30.803811057434245,1.7646269457863661,3.7238325281803544,,
88,22.34970477724101,22.75228126677402,15.13016639828234,3.488996242619431,30.790391841116477,1.7646269457863661,3.7238325281803544,,
89,22.41009125067096,22.705314009661837,15.13016639828234,3.488996242619431,30.776972624798713,1.7646269457863661,3.7238325281803544,,
90,22.094739667203434,22.416800858829845,15.304616210413311,3.488996242619431,31.206387546967257,1.7646269457863661,3.7238325281803544,,
91,21.349973161567366,22.08132045088567,19.102254428341386,3.488996242619431,28.509125067096083,1.7444981213097155,3.7238325281803544,,
92,17.478529253891573,31.944444444444443,16.27079978529254,4.361245303274289,24.698067632850243,1.5230810520665594,3.7238325281803544,,
93,17.56575415995706,31.910896403650028,16.27079978529254,4.3478260869565215,24.65780998389694,1.5230810520665594,3.7238325281803544,,
94,17.66639828234031,31.89747718733226,16.23725174449812,4.3478260869565215,24.60413311862587,1.5230810520665594,3.7238325281803544,,
95,17.74020397208803,31.843800322061192,16.23725174449812,4.3478260869565215,24.58400429414922,1.5230810520665594,3.7238325281803544,,
96,17.807300053676865,31.810252281266774,16.21712292002147,4.3478260869565215,24.570585077831456,1.5230810520665594,3.7238325281803544,,
97,17.934782608695652,31.64922168545357,16.17686527106817,4.3478260869565215,24.54374664519592,1.5230810520665594,3.824476650563607,,
98,18.035426731078903,31.112453032742888,16.17686527106817,4.3478260869565215,24.52361782071927,1.9793344068706387,3.824476650563607,,
99,18.183038110574344,31.031937734836287,16.17686527106817,4.3478260869565215,24.476650563607084,1.9592055823939882,3.824476650563607,,
100,18.23671497584541,29.770531400966185,15.143585614600108,5.018786902844874,26.04669887278583,1.9592055823939882,3.824476650563607,,
101,18.364197530864196,29.146537842190018,15.08990874932904,4.978529253891573,25.751476113794954,1.9592055823939882,4.7101449275362315,,
102,18.746645195920557,28.911701556629094,14.97584541062802,4.978529253891573,25.738056897477186,1.9390767579173376,4.7101449275362315,,
103,18.766774020397207,27.61003757380569,14.97584541062802,5.488459473966721,24.872517444981213,1.90552871712292,6.380837359098229,,
104,17.56575415995706,26.227858293075684,13.754696725711218,5.488459473966721,30.10601180891036,1.4761137949543746,5.381105743424584,,
105,18.115942028985508,26.227858293075684,13.754696725711218,5.488459473966721,29.582662372517444,1.4761137949543746,5.35426731078905,,
106,16.941760601180892,32.05179817498658,13.613794954374665,4.931561996779388,26.35534084809447,1.4761137949543746,4.62962962962963,,
107,16.867954911433173,31.66935050993022,15.53274288781535,4.931561996779388,26.08695652173913,1.3486312399355878,3.5628019323671496,,
108,16.57944176060118,31.608964036500268,17.223564143854,4.931561996779388,24.745034889962426,1.3486312399355878,3.5628019323671496,,
109,17.04911433172303,31.32716049382716,17.19001610305958,4.8443370907139025,24.691358024691358,1.3352120236178207,3.5628019323671496,,
110,17.28395061728395,31.11916264090177,17.163177670424048,4.8443370907139025,24.691358024691358,1.3352120236178207,3.5628019323671496,,
111,17.310789049919485,31.092324208266238,17.163177670424048,4.8443370907139025,24.691358024691358,1.3352120236178207,3.5628019323671496,,
112,17.371175523349436,30.35426731078905,16.586151368760063,4.8443370907139025,25.999731615673646,1.2949543746645196,3.549382716049383,,
113,17.310789049919485,30.24020397208803,15.49248523886205,4.092860976918948,28.019323671497585,1.2949543746645196,3.549382716049383,,
114,17.351046698872786,29.57595276435856,15.405260332796564,3.643317230273752,29.180085882984432,1.2949543746645196,3.549382716049383,,
115,17.498658078368223,29.428341384863124,15.405260332796564,3.643317230273752,29.180085882984432,1.2949543746645196,3.549382716049383,,
116,17.330917874396135,29.817498658078367,15.378421900161031,3.616478797638218,29.012345679012345,1.2949543746645196,3.549382716049383,,
117,17.767042404723565,29.60950080515298,15.304616210413311,3.515834675254965,28.958668813741276,1.2949543746645196,3.549382716049383,,
118,17.767042404723565,29.60950080515298,15.304616210413311,3.515834675254965,28.958668813741276,1.2949543746645196,3.549382716049383,,
119,17.847557702630166,29.53569511540526,15.271068169618895,3.515834675254965,28.844605475040257,1.4358561460010735,3.549382716049383,,
120,18.04884594739667,29.441760601180892,15.271068169618895,3.4420289855072466,28.824476650563607,1.4358561460010735,3.535963499731616,,
121,18.276972624798713,29.347826086956523,15.257648953301127,3.4420289855072466,28.703703703703702,1.4358561460010735,3.535963499731616,,
122,18.370907139023082,29.26731078904992,15.24422973698336,3.4420289855072466,28.703703703703702,1.4358561460010735,3.535963499731616,,
123,18.310520665593128,29.01905528717123,15.170424047235642,3.1468062265163717,28.650026838432634,1.4358561460010735,4.26731078904992,,
124,18.391035963499732,28.978797638217927,15.170424047235642,3.1468062265163717,28.153515834675254,1.4358561460010735,4.723564143853999,,
125,18.552066559312937,28.972088030059044,15.076489533011273,3.140096618357488,28.113258185721953,1.4358561460010735,4.7101449275362315,,
126,18.5654857756307,28.08641975308642,14.935587761674718,3.140096618357488,28.113258185721953,2.4490069779924855,4.7101449275362315,,
127,18.719806763285025,28.073000536768653,14.9020397208803,3.140096618357488,28.073000536768653,2.4490069779924855,4.643048845947397,,
128,19.39747718733226,27.643585614600106,14.875201288244767,3.140096618357488,28.073000536768653,2.4490069779924855,4.42163177670424,,
129,19.578636607622116,27.509393451422437,14.875201288244767,3.140096618357488,28.046162104133117,2.4490069779924855,4.40150295222759,,
130,19.618894256575416,27.509393451422437,14.875201288244767,3.140096618357488,28.046162104133117,2.408749329039184,4.40150295222759,,
131,19.840311325818572,27.428878153515836,14.848362855609233,3.140096618357488,27.932098765432098,2.408749329039184,4.40150295222759,,
132,19.639023081052066,27.079978529253893,16.59957058507783,3.140096618357488,27.408749329039185,2.368491680085883,3.7640901771336552,,
133,19.585346215780998,26.92565754159957,16.42512077294686,3.4688674181427803,27.30139559849705,2.5295222758990876,3.7640901771336552,,
134,19.612184648416534,26.596886741814277,16.384863123993558,4.146537842190016,26.690821256038646,2.804616210413312,3.7640901771336552,,
135,19.75979602791197,26.570048309178745,16.31105743424584,4.126409017713366,26.67740203972088,2.791196994095545,3.7640901771336552,,
136,19.80005367686527,26.570048309178745,16.284219001610307,4.126409017713366,26.663982823403114,2.791196994095545,3.7640901771336552,,
137,19.900697799248523,26.54320987654321,16.485507246376812,3.911701556629093,26.603596349973163,2.791196994095545,3.7640901771336552,,
138,19.867149758454108,25.013419216317768,17.236983360171767,5.267042404723564,26.281535158346752,3.5762211486849167,2.757648953301127,,
139,20.108695652173914,24.92619431025228,17.216854535695116,5.267042404723564,26.147342995169083,3.5762211486849167,2.757648953301127,,
140,20.26972624798712,24.530327428878152,17.19001610305958,5.246913580246914,26.039989264626946,3.5762211486849167,3.1468062265163717,,
141,20.377079978529252,24.376006441223833,17.176596886741816,5.199946323134729,25.99302200751476,3.730542136339238,3.1468062265163717,,
142,20.39049919484702,24.36929683306495,17.176596886741816,5.199946323134729,25.986312399355878,3.730542136339238,3.1468062265163717,,
143,20.46430488459474,24.355877616747183,17.176596886741816,5.199946323134729,25.925925925925927,3.730542136339238,3.1468062265163717,,
144,20.585077831454644,24.295491143317232,17.156468062265162,5.186527106816962,25.89908749329039,3.730542136339238,3.1468062265163717,,
145,20.90042941492217,24.08749329039184,17.122920021470748,5.186527106816962,25.89908749329039,3.730542136339238,3.0730005367686526,,
146,21.00107353730542,23.98684916800859,17.122920021470748,5.186527106816962,25.89908749329039,3.730542136339238,3.0730005367686526,,
147,20.799785292538918,24.9597423510467,17.01556629092861,5.186527106816962,25.45625335480408,3.730542136339238,2.8515834675254963,,
148,20.98094471282877,24.859098228663445,17.01556629092861,5.159688674181428,25.268384326355342,3.730542136339238,2.8515834675254963,0.13419216317767044,
149,21.068169618894256,24.838969404186795,16.982018250134193,5.159688674181428,25.254965110037574,3.717122920021471,2.844873859366613,0.13419216317767044,
150,21.22920021470746,24.832259796027913,16.961889425657542,5.159688674181428,25.167740203972087,3.717122920021471,2.7979066022544283,0.13419216317767044,
151,19.97450348899624,24.402844873859365,16.06280193236715,3.549382716049383,29.414922168545356,3.7037037037037037,2.757648953301127,0.13419216317767044,
152,19.95437466451959,23.926462694578635,16.049382716049383,3.515834675254965,30.05233494363929,3.7037037037037037,2.6637144390767578,0.13419216317767044,
153,19.95437466451959,23.926462694578635,16.049382716049383,3.515834675254965,30.05233494363929,3.7037037037037037,2.6637144390767578,0.13419216317767044,
154,19.652442297369834,23.087761674718198,15.72061191626409,3.515834675254965,31.52173913043478,3.7037037037037037,2.6637144390767578,0.13419216317767044,
155,19.85373054213634,23.03408480944713,15.780998389694043,3.515834675254965,31.313741277509394,3.7037037037037037,2.6637144390767578,0.13419216317767044,
156,19.93424584004294,23.020665593129362,15.754159957058508,3.515834675254965,31.300322061191626,3.7037037037037037,2.636876006441224,0.13419216317767044,
157,20.242887815351583,23.00053676865271,15.53274288781535,3.515834675254965,31.246645195920557,3.6902844873859366,2.636876006441224,0.13419216317767044,
158,20.397208803005906,22.50402576489533,15.53274288781535,3.515834675254965,31.04535695115405,3.4621578099838968,3.408480944712829,0.13419216317767044,
159,20.52469135802469,22.423510466988727,15.116747181964573,4.119699409554482,30.931293612453032,3.4621578099838968,3.2877079978529253,0.13419216317767044,
160,20.638754696725712,22.356414385399894,15.083199141170155,4.119699409554482,30.917874396135264,3.4621578099838968,3.2877079978529253,0.13419216317767044,
161,20.699141170155663,22.33628556092324,15.291196994095545,4.274020397208803,30.689747718733226,3.2877079978529253,3.2877079978529253,0.13419216317767044,
162,21.101717659688674,22.32957595276436,15.143585614600108,4.240472356414386,30.609232420826622,3.2742887815351582,3.166935050993022,0.13419216317767044,
163,21.088298443370906,21.994095544820183,15.143585614600108,4.240472356414386,30.609232420826622,3.0595813204508855,3.730542136339238,0.13419216317767044,
164,21.108427267847556,21.973966720343533,15.143585614600108,4.240472356414386,30.609232420826622,3.0595813204508855,3.730542136339238,0.13419216317767044,
165,21.410359634997317,21.947128287707997,14.97584541062802,4.2270531400966185,30.54884594739667,3.0327428878153517,3.7238325281803544,0.13419216317767044,
166,21.67874396135266,21.886741814278047,14.915458937198068,4.213633923778851,30.42807300053677,3.026033279656468,3.717122920021471,0.13419216317767044,
167,21.611647879763822,21.886741814278047,14.915458937198068,4.213633923778851,29.53569511540526,3.9989264626945786,3.7037037037037037,0.13419216317767044,
168,21.712292002147073,21.85990338164251,14.875201288244767,4.200214707461084,29.51556629092861,3.9989264626945786,3.7037037037037037,0.13419216317767044,
169,21.450617283950617,21.524422973698336,14.942297369833602,5.542136339237788,28.904991948470208,3.9989264626945786,3.502415458937198,0.13419216317767044,
170,21.22920021470746,21.135265700483092,14.915458937198068,5.387815351583468,29.71014492753623,3.9989264626945786,3.488996242619431,0.13419216317767044,
171,21.430488459473967,20.799785292538918,14.49946323134729,5.280461621041331,30.50187869028449,3.9989264626945786,3.3548040794417604,0.13419216317767044,
172,21.477455716586153,20.799785292538918,14.452495974235104,5.280461621041331,30.50187869028449,3.9989264626945786,3.3548040794417604,0.13419216317767044,
173,21.423778851315085,20.78636607622115,15.13016639828234,5.280461621041331,30.018786902844873,3.8714439076757916,3.3548040794417604,0.13419216317767044,
174,20.108695652173914,19.216317767042405,16.800858829844337,6.8035426731078905,29.736983360171767,3.851315083199141,3.3480944712828773,0.13419216317767044,
175,20.8064949006978,18.800322061191626,16.861245303274288,6.696188942565755,29.508856682769725,3.844605475040258,3.3480944712828773,0.13419216317767044,
176,20.860171765968868,18.800322061191626,16.861245303274288,6.696188942565755,29.455179817498657,3.844605475040258,3.3480944712828773,0.13419216317767044,
177,20.96081588835212,18.800322061191626,16.80756843800322,6.689479334406871,29.428341384863124,3.8311862587224907,3.3480944712828773,0.13419216317767044,
178,21.162104133118625,18.780193236714975,16.6935050993022,6.662640901771336,29.401502952227588,3.8177670424047236,3.3480944712828773,0.13419216317767044,
179,21.256038647342994,18.726516371443907,16.666666666666668,6.662640901771336,29.388083735909824,3.8177670424047236,3.3480944712828773,0.13419216317767044,
180,21.22920021470746,18.706387546967257,15.888352120236178,6.595544820182502,30.407944176060116,3.81105743424584,3.227321524422974,0.13419216317767044,
181,21.4170692431562,18.706387546967257,15.888352120236178,6.595544820182502,30.24020397208803,3.8043478260869565,3.2139023081052067,0.13419216317767044,
182,21.69887278582931,18.67283950617284,15.888352120236178,6.595544820182502,29.998658078368223,3.797638217928073,3.2139023081052067,0.13419216317767044,
183,22.074610842726784,18.57890499194847,16.0829307568438,6.5552871712292005,29.562533548040793,3.797638217928073,3.2139023081052067,0.13419216317767044,
184,22.188674181427803,17.921363392377884,16.022544283413847,6.5485775630703165,29.562533548040793,3.797638217928073,3.824476650563607,0.13419216317767044,
185,22.29602791196994,17.881105743424584,16.022544283413847,6.5485775630703165,29.542404723564143,3.797638217928073,3.7775093934514223,0.13419216317767044,
186,22.33628556092324,17.767042404723565,15.98899624261943,6.541867954911433,29.71014492753623,3.770799785292539,3.750670960815888,0.13419216317767044,
187,22.463768115942027,17.767042404723565,15.901771336553946,6.541867954911433,29.66988727858293,3.770799785292539,3.750670960815888,0.13419216317767044,
188,22.490606548577563,17.767042404723565,15.901771336553946,6.541867954911433,29.643048845947398,3.770799785292539,3.750670960815888,0.13419216317767044,
189,22.27589908749329,17.753623188405797,16.75389157273215,6.521739130434782,29.07944176060118,3.730542136339238,3.750670960815888,0.13419216317767044,
190,22.430220075147613,17.753623188405797,16.7337627482555,6.488191089640365,28.978797638217927,3.730542136339238,3.750670960815888,0.13419216317767044,
191,22.403381642512077,17.753623188405797,16.566022544283413,6.870638754696726,28.79092860976919,3.730542136339238,3.750670960815888,0.13419216317767044,
192,22.69189479334407,17.74020397208803,16.51905528717123,6.837090713902308,28.69699409554482,3.6366076221148687,3.743961352657005,0.13419216317767044,
193,23.18840579710145,17.371175523349436,16.076221148684915,6.253354804079442,29.656468062265162,3.603059581320451,3.717122920021471,0.13419216317767044,
194,23.309178743961354,17.364465915190554,16.069511540526033,6.246645195920558,29.55582393988191,3.603059581320451,3.717122920021471,0.13419216317767044,
195,23.396403650026837,17.317498658078367,16.056092324208265,6.246645195920558,29.528985507246375,3.603059581320451,3.717122920021471,0.13419216317767044,
196,23.72517444981213,17.257112184648417,16.009125067096083,6.085614600107354,29.482018250134193,3.603059581320451,3.7037037037037037,0.13419216317767044,
197,23.19511540526033,16.472088030059044,16.09634997316157,5.998389694041868,31.749865807836823,2.6502952227589907,3.7037037037037037,0.13419216317767044,
198,23.309178743961354,16.472088030059044,16.029253891572733,5.998389694041868,31.702898550724637,2.6502952227589907,3.7037037037037037,0.13419216317767044,
199,23.409822866344605,16.458668813741276,15.98899624261943,5.998389694041868,31.53515834675255,2.771068169618894,3.7037037037037037,0.13419216317767044,
200,23.718464841653248,16.458668813741276,15.888352120236178,5.998389694041868,31.340579710144926,2.771068169618894,3.6902844873859366,0.13419216317767044,
201,23.812399355877616,16.458668813741276,15.841384863123993,5.998389694041868,31.293612453032743,2.771068169618894,3.6902844873859366,0.13419216317767044,
202,22.550993022007514,16.163446054750402,15.385131508319914,5.971551261406334,33.333333333333336,2.771068169618894,3.6902844873859366,0.13419216317767044,
203,22.940150295222757,16.069511540526033,15.217391304347826,5.917874396135265,33.15888352120236,2.7308105206655933,3.8311862587224907,0.13419216317767044,
204,23.09447128287708,16.056092324208265,15.103327965646805,5.917874396135265,33.13204508856683,2.7308105206655933,3.8311862587224907,0.13419216317767044,
205,23.21524422973698,16.056092324208265,15.096618357487923,6.031937734836285,32.90391841116479,2.7308105206655933,3.8311862587224907,0.13419216317767044,
206,23.409822866344605,16.009125067096083,15.096618357487923,5.984970477724101,32.80327428878154,2.7308105206655933,3.8311862587224907,0.13419216317767044,
207,23.564143853998928,16.009125067096083,15.096618357487923,5.984970477724101,32.749597423510465,2.6301663982823404,3.8311862587224907,0.13419216317767044,
208,23.785560923242084,15.921900161030596,15.049651100375739,5.984970477724101,32.669082125603865,2.6301663982823404,3.824476650563607,0.13419216317767044,
209,23.785560923242084,15.921900161030596,15.049651100375739,5.984970477724101,32.669082125603865,2.6301663982823404,3.824476650563607,0.13419216317767044,
210,23.678207192699947,15.68035426731079,14.821524422973699,5.978260869565218,33.467525496511,2.428878153515835,3.81105743424584,0.13419216317767044,
211,23.866076221148685,15.666935050993022,14.80810520665593,5.931293612453032,33.42055823939882,2.3617820719269993,3.81105743424584,0.13419216317767044,
212,24.04723564143854,15.653515834675256,14.694041867954912,5.904455179817498,33.40713902308105,2.3617820719269993,3.797638217928073,0.13419216317767044,
213,24.134460547504027,15.599838969404187,14.801395598497047,5.904455179817498,33.28636607622115,2.3550724637681157,3.784219001610306,0.13419216317767044,
214,23.66478797638218,15.291196994095545,15.277777777777779,5.904455179817498,33.95061728395062,2.033011272141707,3.743961352657005,0.13419216317767044,
215,23.812399355877616,15.271068169618895,15.277777777777779,5.877616747181965,33.84997316156736,2.033011272141707,3.743961352657005,0.13419216317767044,
216,23.939881910896403,15.230810520665592,15.277777777777779,5.850778314546431,33.78958668813741,2.033011272141707,3.743961352657005,0.13419216317767044,
217,23.95330112721417,15.230810520665592,15.277777777777779,5.850778314546431,33.77616747181965,2.033011272141707,3.743961352657005,0.13419216317767044,
218,24.14117015566291,15.157004830917874,15.230810520665592,5.850778314546431,33.70907139023081,2.033011272141707,3.743961352657005,0.13419216317767044,
219,24.282071926999464,15.123456790123457,15.203972088030058,5.850778314546431,33.50107353730542,2.1604938271604937,3.743961352657005,0.13419216317767044,
220,24.496779388083738,15.042941492216855,15.203972088030058,5.850778314546431,33.36688137412775,2.1604938271604937,3.743961352657005,0.13419216317767044,
221,24.510198604401502,14.78797638217928,15.136876006441224,6.454643048845948,33.091787439613526,2.1604938271604937,3.7238325281803544,0.13419216317767044,
222,24.06736446591519,13.627214170692431,15.136876006441224,8.21256038647343,32.8166935050993,2.1604938271604937,3.844605475040258,0.13419216317767044,
223,24.214975845410628,13.533279656468062,15.136876006441224,8.21256038647343,32.769726247987116,2.1604938271604937,3.8378958668813743,0.13419216317767044,
224,24.268652710681696,13.533279656468062,15.136876006441224,8.21256038647343,32.71604938271605,2.1604938271604937,3.8378958668813743,0.13419216317767044,
225,24.342458400429415,13.519860440150294,15.116747181964573,8.21256038647343,32.67579173376275,2.1604938271604937,3.8378958668813743,0.13419216317767044,
226,24.14117015566291,13.325281803542673,15.103327965646805,8.641975308641975,32.6556629092861,2.1604938271604937,3.8378958668813743,0.13419216317767044,
227,24.288781535158346,13.278314546430488,15.096618357487923,8.641975308641975,32.56172839506173,2.1604938271604937,3.8378958668813743,0.13419216317767044,
228,24.510198604401502,13.24476650563607,15.210681696188942,8.641975308641975,32.25979602791197,2.1604938271604937,3.8378958668813743,0.13419216317767044,
229,24.610842726784757,13.211218464841654,15.210681696188942,8.57487922705314,32.25979602791197,2.1604938271604937,3.8378958668813743,0.13419216317767044,
230,24.84567901234568,13.097155126140633,15.170424047235642,8.57487922705314,32.17928073000537,2.1604938271604937,3.8378958668813743,0.13419216317767044,
231,24.785292538915726,13.003220611916264,15.807836822329575,8.57487922705314,31.696188942565755,2.1604938271604937,3.8378958668813743,0.13419216317767044,
232,24.90606548577563,13.003220611916264,15.807836822329575,8.57487922705314,31.57541599570585,2.1604938271604937,3.8378958668813743,0.13419216317767044,
233,24.92619431025228,12.99651100375738,15.807836822329575,8.57487922705314,31.561996779388085,2.1604938271604937,3.8378958668813743,0.13419216317767044,
234,24.953032742887814,12.99651100375738,15.801127214170693,8.55475040257649,31.561996779388085,2.1604938271604937,3.8378958668813743,0.13419216317767044,
235,25.281803542673106,12.99651100375738,15.673644659151906,8.514492753623188,31.40096618357488,2.1604938271604937,3.8378958668813743,0.13419216317767044,
236,25.697799248523886,12.983091787439614,15.579710144927537,8.514492753623188,31.092324208266238,2.1604938271604937,3.8378958668813743,0.13419216317767044,
237,25.53676865271068,12.674449812130971,15.552871712292003,9.024422973698336,31.07890499194847,2.1604938271604937,3.8378958668813743,0.13419216317767044,
238,25.623993558776167,12.647611379495437,15.526033279656469,9.024422973698336,31.05877616747182,2.147074610842727,3.8378958668813743,0.13419216317767044,
239,25.42270531400966,12.614063338701019,15.08990874932904,9.943639291465379,30.844068706387546,2.1135265700483092,3.8378958668813743,0.13419216317767044,
240,25.543478260869566,12.614063338701019,15.042941492216855,9.883252818035427,30.83064949006978,2.1135265700483092,3.8378958668813743,0.13419216317767044,
241,25.966183574879228,12.573805689747719,14.969135802469136,9.681964573268921,30.723295759527645,2.1135265700483092,3.8378958668813743,0.13419216317767044,
242,26.100375738056897,12.573805689747719,14.922168545356952,9.681964573268921,30.636070853462158,2.1135265700483092,3.8378958668813743,0.13419216317767044,
243,26.69753086419753,12.573805689747719,14.472624798711756,9.655126140633387,30.595813204508858,2.033011272141707,3.8378958668813743,0.13419216317767044,
244,26.623725174449813,12.573805689747719,14.472624798711756,9.936929683306495,30.387815351583466,2.033011272141707,3.8378958668813743,0.13419216317767044,
245,26.435856146001072,12.560386473429952,14.982555018786902,9.722222222222221,30.387815351583466,2.033011272141707,3.743961352657005,0.13419216317767044,
246,26.133923778851315,12.533548040794418,14.821524422973699,10.641438539989265,29.958400429414922,2.033011272141707,3.743961352657005,0.13419216317767044,
247,26.06682769726248,12.533548040794418,14.814814814814815,11.312399355877616,29.361245303274288,2.033011272141707,3.743961352657005,0.13419216317767044,
248,25.617283950617285,12.533548040794418,14.761137949543746,11.245303274288782,29.978529253891573,2.033011272141707,3.69699409554482,0.13419216317767044,
249,25.711218464841654,12.486580783682234,14.761137949543746,11.231884057971014,29.944981213097154,2.033011272141707,3.69699409554482,0.13419216317767044,
250,25.89237788513151,12.446323134728932,14.727589908749328,11.225174449812132,29.844337090713903,2.033011272141707,3.69699409554482,0.13419216317767044,
251,25.97289318303811,12.432903918411165,14.727589908749328,11.225174449812132,29.837627482555018,2.033011272141707,3.6366076221148687,0.13419216317767044,
252,26.006441223832528,12.419484702093397,14.700751476113794,11.225174449812132,29.757112184648417,2.033011272141707,3.7238325281803544,0.13419216317767044,
253,26.154052603327965,12.419484702093397,14.700751476113794,11.20504562533548,29.66988727858293,2.033011272141707,3.683574879227053,0.13419216317767044,
254,26.288244766505635,12.392646269457863,14.700751476113794,11.137949543746645,29.62962962962963,2.033011272141707,3.683574879227053,0.13419216317767044,
255,25.72463768115942,12.392646269457863,14.298174986580785,11.037305421363392,30.703166935050994,2.033011272141707,3.6768652710681695,0.13419216317767044,
256,25.865539452495973,12.392646269457863,14.2914653784219,10.950080515297907,30.656199677938808,2.033011272141707,3.6768652710681695,0.13419216317767044,
257,25.946054750402578,12.365807836822329,14.257917337627482,10.950080515297907,30.649490069779926,2.01959205582394,3.6768652710681695,0.13419216317767044,
258,25.95276435856146,12.365807836822329,14.257917337627482,10.815888352120236,30.649490069779926,2.01959205582394,3.670155662909286,0.13419216317767044,0.13419216317767044
259,26.187600644122384,12.332259796027913,14.15727321524423,10.815888352120236,30.54884594739667,2.01959205582394,3.670155662909286,0.13419216317767044,0.13419216317767044
260,26.207729468599034,12.31213097155126,14.15727321524423,10.815888352120236,30.54884594739667,2.01959205582394,3.670155662909286,0.13419216317767044,0.13419216317767044
261,26.36876006441224,12.285292538915728,14.15727321524423,10.775630703166936,30.454911433172303,2.01959205582394,3.670155662909286,0.13419216317767044,0.13419216317767044
262,26.382179280730007,12.285292538915728,14.15727321524423,10.775630703166936,30.441492216854535,2.01959205582394,3.670155662909286,0.13419216317767044,0.13419216317767044
263,26.50295222758991,12.265163714439076,14.123725174449811,10.768921095008052,30.407944176060116,1.9927536231884058,3.670155662909286,0.13419216317767044,0.13419216317767044
264,26.50966183574879,12.224906065485776,14.123725174449811,10.762211486849168,30.307300053676865,1.9927536231884058,3.81105743424584,0.13419216317767044,0.13419216317767044
265,26.623725174449813,12.218196457326892,14.11701556629093,10.72866344605475,30.24020397208803,1.9927536231884058,3.81105743424584,0.13419216317767044,0.13419216317767044
266,26.838432635534083,12.164519592055823,14.11701556629093,10.72866344605475,30.079173376274827,1.9927536231884058,3.81105743424584,0.13419216317767044,0.13419216317767044
267,27.03972088030059,12.13768115942029,14.009661835748792,10.695115405260333,30.059044551798173,1.9927536231884058,3.797638217928073,0.13419216317767044,0.13419216317767044
268,27.160493827160494,12.097423510466989,14.009661835748792,10.674986580783683,29.884594739667204,1.9927536231884058,3.911701556629093,0.13419216317767044,0.13419216317767044
269,27.160493827160494,12.097423510466989,14.009661835748792,10.674986580783683,29.884594739667204,1.9927536231884058,3.911701556629093,0.13419216317767044,0.13419216317767044
270,27.355072463768117,12.090713902308105,13.962694578636608,10.61460010735373,29.8040794417606,1.9927536231884058,3.911701556629093,0.13419216317767044,0.13419216317767044
271,27.388620504562535,12.090713902308105,13.962694578636608,10.61460010735373,29.78395061728395,1.9927536231884058,3.898282340311326,0.13419216317767044,0.13419216317767044
272,27.58990874932904,11.976650563607086,13.94927536231884,10.560923242082662,29.7638217928073,1.9927536231884058,3.898282340311326,0.13419216317767044,0.13419216317767044
273,27.76435856146001,11.976650563607086,13.92914653784219,10.554213633923778,29.61621041331186,1.9927536231884058,3.898282340311326,0.13419216317767044,0.13419216317767044
274,28.046162104133117,11.855877616747183,13.895598497047773,10.554213633923778,29.49543746645196,1.9927536231884058,3.8915727321524423,0.13419216317767044,0.13419216317767044
275,28.35480407944176,11.855877616747183,13.88888888888889,10.326086956521738,29.421631776704242,1.9927536231884058,3.8915727321524423,0.13419216317767044,0.13419216317767044
276,28.35480407944176,11.855877616747183,13.88888888888889,10.326086956521738,29.421631776704242,1.9927536231884058,3.8915727321524423,0.13419216317767044,0.13419216317767044
277,28.44873859366613,11.842458400429415,13.88888888888889,10.326086956521738,29.374664519592056,1.9860440150295222,3.864734299516908,0.13419216317767044,0.13419216317767044
278,28.663446054750402,11.842458400429415,13.788244766505636,10.279119699409554,29.30756843800322,1.9860440150295222,3.864734299516908,0.13419216317767044,0.13419216317767044
