,45,50,51,55,54,56,52,53,57
0,94.1760601180891,5.8239398819108965,,,,,,,
1,94.29012345679013,5.709876543209877,,,,,,,
2,93.35748792270532,6.642512077294686,,,,,,,
3,91.44524959742351,8.55475040257649,,,,,,,
4,91.44524959742351,8.55475040257649,,,,,,,
5,90.21068169618894,9.789318303811058,,,,,,,
6,68.9345142243693,31.0654857756307,,,,,,,
7,68.96806226516371,31.031937734836287,,,,,,,
8,58.64868491680086,41.35131508319914,,,,,,,
9,58.7157809983897,41.2842190016103,,,,,,,
10,58.43397745571659,41.56602254428341,,,,,,,
11,58.48094471282877,41.51905528717123,,,,,,,
12,58.52120236178207,41.47879763821793,,,,,,,
13,53.03945249597424,36.842458400429415,10.11808910359635,,,,,,
14,52.844873859366615,37.03703703703704,10.11808910359635,,,,,,
15,50.32877079978529,37.996511003757384,11.406333870101985,0.2683843263553409,,,,,
16,48.121309715512616,40.203972088030056,11.406333870101985,0.2683843263553409,,,,,
17,48.047504025764894,40.324745034889965,11.3593666129898,0.2683843263553409,,,,,
18,48.25550187869028,39.962426194310254,11.3593666129898,0.4227053140096618,,,,,
19,48.35614600107354,39.94900697799248,11.272141706924316,0.4227053140096618,,,,,
20,47.75228126677402,40.552871712292,11.272141706924316,0.4227053140096618,,,,,
21,47.85292538915727,40.21068169618894,11.218464841653248,0.4227053140096618,0.2952227589908749,,,,
22,47.85292538915727,40.002683843263554,11.211755233494364,0.4227053140096618,0.5099302200751477,,,,
23,47.987117552334944,39.86849168008588,11.211755233494364,0.4227053140096618,0.5099302200751477,,,,
24,46.55797101449275,41.297638217928075,11.211755233494364,0.4227053140096618,0.5099302200751477,,,,
25,46.61835748792271,41.237251744498124,11.211755233494364,0.4227053140096618,0.5099302200751477,,,,
26,46.01449275362319,41.6935050993022,11.16478797638218,0.6172839506172839,0.5099302200751477,,,,
27,45.209339774557165,42.49865807836822,11.16478797638218,0.6172839506172839,0.5099302200751477,,,,
28,45.3166935050993,42.09608158883521,10.88298443370907,0.9728931830381106,0.5099302200751477,0.2214170692431562,,,
29,43.14949006977992,44.26328502415459,10.601180891035963,0.9728931830381106,0.5099302200751477,0.5032206119162641,,,
30,42.29736983360172,42.3845947396672,9.594739667203436,0.9728931830381106,0.5099302200751477,0.5032206119162641,2.6301663982823404,1.107085346215781,
31,40.94202898550725,43.79361245303274,9.594739667203436,0.9192163177670424,0.5099302200751477,0.5032206119162641,2.6301663982823404,1.107085346215781,
32,41.0024154589372,40.61996779388084,9.581320450885668,4.045893719806763,0.5099302200751477,0.5032206119162641,2.6301663982823404,1.107085346215781,
33,40.29790660225443,39.32501341921632,9.561191626409018,4.045893719806763,0.5099302200751477,0.5032206119162641,4.64975845410628,1.107085346215781,
34,40.15029522275899,39.34514224369297,9.5276435856146,4.2203435319377345,0.5099302200751477,0.5032206119162641,4.636339237788513,1.107085346215781,
35,40.21068169618894,38.6406333870102,8.977455716586151,4.126409017713366,1.892109500805153,0.5032206119162641,4.542404723564144,1.107085346215781,
36,37.493290391841114,41.6935050993022,9.433709071390231,4.119699409554482,1.892109500805153,0.5032206119162641,4.542404723564144,0.322061191626409,
37,36.16478797638218,43.08910359634997,9.406870638754697,4.092860976918948,1.892109500805153,0.5032206119162641,4.528985507246377,0.322061191626409,
38,35.72866344605475,43.53864734299517,9.406870638754697,4.092860976918948,1.892109500805153,0.5032206119162641,4.51556629092861,0.322061191626409,
39,34.99060654857756,42.0222758990875,11.674718196457327,4.079441760601181,1.892109500805153,0.5032206119162641,4.51556629092861,0.322061191626409,
40,35.03086419753087,41.988727858293075,9.856414385399892,4.052603327965647,3.92512077294686,0.30864197530864196,4.51556629092861,0.322061191626409,
41,35.07112184648417,41.948470209339774,9.856414385399892,4.052603327965647,3.92512077294686,0.30864197530864196,4.51556629092861,0.322061191626409,
42,35.10466988727858,41.948470209339774,9.856414385399892,4.025764895330113,3.9184111647879765,0.30864197530864196,4.51556629092861,0.322061191626409,
43,35.68840579710145,41.02254428341385,9.749060654857756,4.616210413311863,3.9184111647879765,0.30864197530864196,4.455179817498658,0.24154589371980675,
44,35.63472893183038,40.64009661835749,9.594739667203436,4.750402576489533,3.9184111647879765,0.30864197530864196,4.911433172302737,0.24154589371980675,
45,35.63472893183038,40.64009661835749,9.594739667203436,4.750402576489533,3.9184111647879765,0.30864197530864196,4.911433172302737,0.24154589371980675,
46,35.10466988727858,38.6808910359635,9.514224369296834,4.750402576489533,3.9184111647879765,0.30864197530864196,7.481213097155126,0.24154589371980675,
47,35.547504025764894,38.25147611379496,9.500805152979066,4.750402576489533,3.9184111647879765,0.30864197530864196,7.481213097155126,0.24154589371980675,
48,35.7487922705314,38.20450885668277,9.346484165324744,4.750402576489533,3.9184111647879765,0.30864197530864196,7.481213097155126,0.24154589371980675,
49,35.80246913580247,38.1508319914117,9.346484165324744,4.750402576489533,3.9184111647879765,0.30864197530864196,7.481213097155126,0.24154589371980675,
50,35.73537305421363,37.32555018786903,9.292807300053678,5.642780461621041,3.9720880300590444,0.30864197530864196,7.481213097155126,0.24154589371980675,
51,35.57434245840043,36.43317230273752,10.507246376811594,5.642780461621041,3.9720880300590444,0.30864197530864196,7.320182501341922,0.24154589371980675,
52,35.78234031132582,36.252012882447666,10.48040794417606,5.642780461621041,3.9720880300590444,0.30864197530864196,7.320182501341922,0.24154589371980675,
53,35.81588835212023,35.27241009125067,10.272410091250672,5.233494363929147,5.548845947396672,0.30864197530864196,7.306763285024155,0.24154589371980675,
54,35.63472893183038,35.0979602791197,10.272410091250672,5.233494363929147,5.904455179817498,0.30864197530864196,7.306763285024155,0.24154589371980675,
55,36.10440150295223,34.82957595276436,10.272410091250672,5.226784755770263,5.864197530864198,0.30864197530864196,7.152442297369833,0.24154589371980675,
56,35.68840579710145,33.964036500268385,11.292270531400966,5.501878690284487,5.850778314546431,0.30864197530864196,7.152442297369833,0.24154589371980675,
57,35.73537305421363,33.93719806763285,11.292270531400966,5.501878690284487,5.83064949006978,0.30864197530864196,6.884057971014493,0.5099302200751477,
58,35.87627482555019,33.903650026838434,11.292270531400966,5.414653784219001,5.810520665593129,0.30864197530864196,6.884057971014493,0.5099302200751477,
59,36.24530327428878,33.69565217391305,11.272141706924316,5.414653784219001,5.676328502415459,0.30864197530864196,6.877348362855609,0.5099302200751477,
60,36.33923778851315,33.601717659688674,11.272141706924316,5.414653784219001,5.676328502415459,0.30864197530864196,6.877348362855609,0.5099302200751477,
61,36.68813741277509,33.24610842726785,11.252012882447666,5.730005367686527,5.676328502415459,0.30864197530864196,6.588835212023618,0.5099302200751477,
62,36.822329575952764,31.82367149758454,11.252012882447666,5.555555555555555,5.649490069779925,0.30864197530864196,6.588835212023618,1.9994632313472893,
63,36.90955448201825,31.790123456790123,11.252012882447666,5.548845947396672,5.642780461621041,0.30864197530864196,6.5485775630703165,1.9994632313472893,
64,37.07729468599034,31.548577563070317,11.252012882447666,5.4549114331723025,5.642780461621041,0.30864197530864196,6.4345142243692965,2.281266774020397,
65,36.580783682232955,31.984702093397747,11.131239935587761,5.434782608695652,5.642780461621041,0.30864197530864196,6.635802469135802,2.281266774020397,
66,36.37278582930757,31.629092860976918,11.084272678475577,5.0993022007514766,7.561728395061729,0.30864197530864196,5.662909286097692,2.281266774020397,
67,36.37949543746645,31.49490069779925,11.07085346215781,5.24020397208803,7.561728395061729,0.30864197530864196,5.662909286097692,2.281266774020397,
68,36.621041331186255,31.49490069779925,10.829307568438002,5.24020397208803,7.561728395061729,0.30864197530864196,5.662909286097692,2.281266774020397,
69,36.782071926999464,31.36070853462158,10.668276972624799,5.032206119162641,7.9039184111647875,0.30864197530864196,5.662909286097692,2.281266774020397,
70,35.39989264626946,32.74288781535159,10.668276972624799,5.032206119162641,7.9039184111647875,0.30864197530864196,5.662909286097692,2.281266774020397,
71,35.527375201288244,32.6154052603328,10.668276972624799,5.032206119162641,7.9039184111647875,0.30864197530864196,5.662909286097692,2.281266774020397,
72,35.23215244229737,32.49463231347289,9.339774557165862,5.018786902844874,7.9039184111647875,0.30864197530864196,5.662909286097692,4.03918411164788,
73,35.31266774020397,32.46108427267848,9.306226516371444,5.005367686527107,7.9039184111647875,0.30864197530864196,5.662909286097692,4.03918411164788,
74,35.52066559312936,32.340311325818575,9.27938808373591,5.005367686527107,7.87037037037037,0.30864197530864196,5.662909286097692,4.012345679012346,
75,35.94337090713902,32.07192699946323,9.131776704240472,5.005367686527107,7.87037037037037,0.30864197530864196,5.656199677938808,4.012345679012346,
76,36.22517444981213,31.57541599570585,9.084809447128288,5.3341384863123995,7.863660762211487,0.30864197530864196,5.595813204508857,4.012345679012346,
77,36.41304347826087,31.561996779388085,9.084809447128288,5.3341384863123995,7.689210950080516,0.30864197530864196,5.595813204508857,4.012345679012346,
78,36.45330112721417,31.53515834675255,9.084809447128288,5.320719269994632,7.689210950080516,0.30864197530864196,5.595813204508857,4.012345679012346,
79,36.553945249597426,31.38083735909823,9.084809447128288,5.307300053676865,7.87037037037037,0.30864197530864196,5.481749865807837,4.012345679012346,
80,36.533816425120776,31.186258722490606,8.876811594202898,5.307300053676865,7.87037037037037,0.30864197530864196,5.58239398819109,4.334406870638754,
81,35.85614600107354,28.348094471282877,8.876811594202898,4.1532474503489,7.427536231884058,0.30864197530864196,10.695115405260333,4.334406870638754,
82,31.414385399892645,32.87707997852925,8.816425120772946,4.1532474503489,7.4141170155662905,0.30864197530864196,10.681696188942565,4.334406870638754,
83,31.5955448201825,32.79656468062265,8.749329039184111,4.1532474503489,7.4141170155662905,0.30864197530864196,10.648148148148149,4.334406870638754,
84,31.159420289855074,32.10547504025765,8.749329039184111,4.126409017713366,7.4141170155662905,0.30864197530864196,10.63472893183038,5.501878690284487,
85,31.07890499194847,32.18599033816425,8.749329039184111,4.126409017713366,7.4141170155662905,0.30864197530864196,10.63472893183038,5.501878690284487,
86,31.374127750939344,31.91760601180891,8.729200214707461,4.126409017713366,7.601986044015029,0.30864197530864196,10.607890499194847,5.3341384863123995,
87,31.5955448201825,31.146001073537306,8.729200214707461,4.126409017713366,8.340042941492216,0.30864197530864196,10.420021470746109,5.3341384863123995,
88,31.50161030595813,31.260064412238325,8.729200214707461,4.126409017713366,8.333333333333334,0.30864197530864196,10.420021470746109,5.320719269994632,
89,31.32716049382716,31.4345142243693,8.729200214707461,4.126409017713366,8.333333333333334,0.30864197530864196,10.420021470746109,5.320719269994632,
90,31.333870101986044,31.427804616210413,8.729200214707461,4.126409017713366,8.333333333333334,0.30864197530864196,10.292538915727322,5.448201825013419,
91,31.38083735909823,31.394256575415994,8.729200214707461,4.126409017713366,8.333333333333334,0.30864197530864196,10.279119699409554,5.448201825013419,
92,30.85077831454643,30.797101449275363,8.729200214707461,4.126409017713366,8.333333333333334,0.30864197530864196,11.876006441223833,4.978529253891573,
93,30.776972624798713,31.01851851851852,8.729200214707461,4.012345679012346,8.313204508856682,0.30864197530864196,11.862587224906065,4.978529253891573,
94,30.870907139023082,30.414653784219002,8.729200214707461,3.8714439076757916,9.822866344605474,0.30864197530864196,11.218464841653248,4.7638217928073,
95,30.9849704777241,30.287171229200215,8.729200214707461,3.8043478260869565,9.903381642512077,0.30864197530864196,11.218464841653248,4.7638217928073,
96,30.931293612453032,30.14626945786366,8.729200214707461,3.8043478260869565,9.903381642512077,0.30864197530864196,11.218464841653248,4.958400429414922,
97,31.07890499194847,30.03220611916264,8.729200214707461,3.770799785292539,9.957058507783145,0.2549651100375738,11.218464841653248,4.958400429414922,
98,31.15271068169619,29.978529253891573,8.588298443370908,3.770799785292539,9.957058507783145,0.3757380568974772,11.218464841653248,4.958400429414922,
99,31.300322061191626,29.857756307031668,8.588298443370908,3.770799785292539,9.957058507783145,0.3757380568974772,11.191626409017713,4.958400429414922,
100,31.30703166935051,29.300858829844337,8.521202361782072,4.072732152442297,10.272410091250672,0.3757380568974772,11.191626409017713,4.958400429414922,
101,31.0252281266774,28.482286634460547,8.474235104669887,4.052603327965647,10.272410091250672,0.3757380568974772,12.359098228663447,4.958400429414922,
102,31.052066559312937,28.475577026301664,8.474235104669887,4.052603327965647,10.265700483091788,0.3757380568974772,12.345679012345679,4.958400429414922,
103,30.22007514761138,29.508856682769725,8.252818035426731,3.9586688137412773,10.399892646269459,0.3757380568974772,12.345679012345679,4.938271604938271,
104,30.421363392377884,29.488727858293075,8.252818035426731,3.9586688137412773,10.238862050456254,0.3757380568974772,12.325550187869029,4.938271604938271,
105,30.60252281266774,27.690552871712292,8.152173913043478,3.8714439076757916,12.144390767579173,0.3757380568974772,12.25174449812131,4.911433172302737,
106,30.703166935050994,27.616747181964573,8.145464304884594,3.864734299516908,12.130971551261407,0.3757380568974772,12.25174449812131,4.911433172302737,
107,30.938003220611915,27.428878153515836,8.145464304884594,3.8177670424047236,12.144390767579173,0.3757380568974772,12.238325281803542,4.911433172302737,
108,30.951422436929683,27.415458937198068,8.145464304884594,3.8177670424047236,12.144390767579173,0.3757380568974772,12.238325281803542,4.911433172302737,
109,31.17283950617284,27.220880300590444,8.132045088566828,3.8177670424047236,12.130971551261407,0.3757380568974772,12.238325281803542,4.911433172302737,
110,31.45464304884595,27.220880300590444,7.883789586688137,3.9318303811057436,12.097423510466989,0.3757380568974772,12.238325281803542,4.797369833601718,
111,31.031937734836287,27.3215244229737,7.863660762211487,3.9318303811057436,11.949812130971551,0.3757380568974772,12.734836285560924,4.790660225442834,
112,30.99838969404187,27.22758990874933,7.863660762211487,3.9184111647879765,11.916264090177133,0.36231884057971014,12.942834138486312,4.770531400966184,
113,31.09903381642512,27.167203435319376,7.863660762211487,3.9184111647879765,11.902844873859367,0.36231884057971014,12.93612453032743,4.750402576489533,
114,31.11916264090177,27.15378421900161,7.863660762211487,3.9184111647879765,11.902844873859367,0.36231884057971014,12.93612453032743,4.74369296833065,
115,31.166129898013956,27.13365539452496,7.823403113258186,3.9184111647879765,12.385936661298981,0.36231884057971014,12.466451959205582,4.74369296833065,
116,31.05877616747182,26.99946323134729,8.09849704777241,3.9184111647879765,12.352388620504563,0.36231884057971014,12.466451959205582,4.74369296833065,
117,30.71658615136876,26.54320987654321,8.319914117015566,3.9184111647879765,12.04374664519592,0.36231884057971014,13.352120236178207,4.74369296833065,
118,26.583467525496513,32.11218464841653,8.299785292538916,3.9184111647879765,11.963231347289318,0.36231884057971014,12.184648416532475,4.575952764358561,
119,26.88539989264627,32.11218464841653,8.13875469672571,3.9184111647879765,11.943102522812667,0.36231884057971014,12.090713902308105,4.549114331723027,
120,27.100107353730543,31.964573268921097,7.883789586688137,3.824476650563607,11.922973698336017,0.644122383252818,11.876006441223833,4.783950617283951,
121,27.006172839506174,31.300322061191626,8.662104133118627,3.824476650563607,11.902844873859367,0.644122383252818,11.876006441223833,4.783950617283951,
122,26.939076757917338,31.273483628556093,8.641975308641975,3.8043478260869565,12.117552334943639,0.644122383252818,11.79549114331723,4.783950617283951,
123,24.362587224906065,29.07944176060118,19.612184648416534,3.3548040794417604,8.440687063875469,0.28180354267310787,11.688137412775093,3.180354267310789,
124,24.362587224906065,29.07944176060118,19.612184648416534,3.3548040794417604,8.440687063875469,0.28180354267310787,11.688137412775093,3.180354267310789,
125,24.40955448201825,29.032474503488995,19.612184648416534,3.3548040794417604,8.440687063875469,0.28180354267310787,11.688137412775093,3.180354267310789,
126,24.48336017176597,28.992216854535695,19.612184648416534,3.3548040794417604,8.440687063875469,0.28180354267310787,11.688137412775093,3.1468062265163717,
127,24.59742351046699,28.985507246376812,19.612184648416534,3.321256038647343,8.393719806763285,0.28180354267310787,11.668008588298443,3.140096618357488,
128,24.718196457326894,28.978797638217927,19.53166935050993,3.321256038647343,8.393719806763285,0.28180354267310787,11.634460547504025,3.140096618357488,
129,24.90606548577563,28.938539989264626,19.47128287707998,3.321256038647343,8.393719806763285,0.28180354267310787,11.54723564143854,3.140096618357488,
130,24.798711755233494,29.186795491143318,19.444444444444443,3.321256038647343,8.393719806763285,0.28180354267310787,11.43317230273752,3.140096618357488,
131,24.84567901234568,29.1129898013956,19.363929146537842,3.321256038647343,8.501073537305421,0.28180354267310787,11.43317230273752,3.140096618357488,
132,25.05367686527107,29.0727321524423,19.196188942565755,3.321256038647343,8.501073537305421,0.28180354267310787,11.43317230273752,3.140096618357488,
133,25.268384326355342,29.03918411164788,19.162640901771336,3.321256038647343,8.487654320987655,0.28180354267310787,11.29898013955985,3.140096618357488,
134,25.509930220075148,29.03918411164788,18.746645195920557,3.4957058507783145,8.487654320987655,0.28180354267310787,11.29898013955985,3.140096618357488,
135,25.637412775093935,28.92512077294686,18.746645195920557,3.4957058507783145,8.487654320987655,0.28180354267310787,11.29898013955985,3.126677402039721,
136,25.805152979066023,28.6231884057971,18.71309715512614,3.81105743424584,8.353462157809984,0.28180354267310787,11.292270531400966,3.1199677938808374,
137,25.946054750402578,28.535963499731615,18.659420289855074,3.81105743424584,8.353462157809984,0.28180354267310787,11.292270531400966,3.1199677938808374,
138,25.999731615673646,28.482286634460547,18.659420289855074,3.81105743424584,8.353462157809984,0.28180354267310787,11.292270531400966,3.1199677938808374,
139,26.113794954374665,28.44873859366613,18.659420289855074,3.81105743424584,8.3467525496511,0.28180354267310787,11.231884057971014,3.1065485775630703,
140,26.268115942028984,28.361513687600645,18.625872249060656,3.81105743424584,8.340042941492216,0.28180354267310787,11.20504562533548,3.1065485775630703,
141,25.744766505636072,27.58990874932904,18.276972624798713,3.6500268384326353,7.977724100912507,0.28180354267310787,13.39237788513151,3.0864197530864197,
142,25.979602791196996,27.4422973698336,18.256843800322063,3.6500268384326353,7.96430488459474,0.28180354267310787,13.358829844337091,3.066290928609769,
143,26.234567901234566,27.294685990338163,18.21658615136876,3.6500268384326353,7.96430488459474,0.28180354267310787,13.305152979066023,3.052871712292002,
144,25.583735909822867,28.08641975308642,18.109232420826622,3.6500268384326353,7.930756843800322,0.28180354267310787,13.305152979066023,3.052871712292002,
145,25.55689747718733,28.046162104133117,18.109232420826622,3.6500268384326353,7.930756843800322,0.28180354267310787,13.372249060654857,3.052871712292002,
146,25.523349436392916,28.026033279656467,16.59957058507783,5.314009661835748,7.930756843800322,0.28180354267310787,13.271604938271604,3.052871712292002,
147,25.55689747718733,28.026033279656467,16.59957058507783,5.314009661835748,7.930756843800322,0.28180354267310787,13.238056897477188,3.052871712292002,
148,25.650831991411703,27.979066022544284,16.42512077294686,5.300590445517981,7.930756843800322,0.28180354267310787,13.378958668813741,3.052871712292002,
149,25.91921631776704,27.38191089640365,16.42512077294686,5.515297906602254,7.930756843800322,0.28180354267310787,13.493022007514762,3.052871712292002,
150,26.29495437466452,27.140365002683843,16.411701556629094,5.515297906602254,7.836822329575953,0.28180354267310787,13.466183574879228,3.052871712292002,
151,26.48953301127214,27.100107353730543,16.411701556629094,5.515297906602254,7.575147611379496,0.28180354267310787,13.573537305421363,3.052871712292002,
152,25.87224906065486,26.992753623188406,17.52549651100376,5.515297906602254,7.50805152979066,0.28180354267310787,13.251476113794954,3.052871712292002,
153,25.664251207729468,27.24771873322598,17.498658078368223,5.515297906602254,7.50805152979066,0.28180354267310787,13.238056897477188,3.046162104133119,
154,25.697799248523886,27.22758990874933,17.498658078368223,5.515297906602254,7.494632313472893,0.28180354267310787,13.238056897477188,3.046162104133119,
155,25.785024154589372,27.180622651637144,17.485238862050455,5.515297906602254,7.467793880837359,0.28180354267310787,13.238056897477188,3.046162104133119,
156,25.717928073000536,27.059849704777243,17.485238862050455,5.515297906602254,7.6556629092860975,0.28180354267310787,13.238056897477188,3.046162104133119,
157,25.83870101986044,26.99946323134729,17.438271604938272,5.515297906602254,7.64224369296833,0.28180354267310787,13.238056897477188,3.046162104133119,
158,25.429414922168544,26.992753623188406,17.424852388620504,5.495169082125604,7.64224369296833,0.28180354267310787,13.41250670960816,3.321256038647343,
159,25.5300590445518,26.959205582393988,17.398013955984972,5.495169082125604,7.62211486849168,0.28180354267310787,13.39237788513151,3.321256038647343,
160,25.805152979066023,26.717659688674182,17.37788513150832,5.428073000536768,7.555018786902845,0.19457863660762212,13.39237788513151,3.5292538915727323,
161,25.825281803542673,26.69753086419753,17.37788513150832,5.428073000536768,7.555018786902845,0.19457863660762212,13.39237788513151,3.5292538915727323,
162,25.905797101449274,26.643853998926463,17.37788513150832,5.428073000536768,7.5348899624261945,0.19457863660762212,13.385668276972625,3.5292538915727323,
163,26.227858293075684,26.643853998926463,17.324208266237253,5.428073000536768,7.5348899624261945,0.19457863660762212,13.117283950617283,3.5292538915727323,
164,26.308373590982285,26.630434782608695,17.324208266237253,5.387815351583468,7.2933440687063875,0.19457863660762212,12.99651100375738,3.864734299516908,
165,26.321792807300053,26.630434782608695,17.324208266237253,5.387815351583468,7.514761137949543,0.19457863660762212,12.761674718196458,3.864734299516908,
166,26.69753086419753,26.50966183574879,17.297369833601717,5.387815351583468,7.4208266237251745,0.19457863660762212,12.647611379495437,3.844605475040258,
167,26.77133655394525,26.50966183574879,17.270531400966185,5.374396135265701,7.4208266237251745,0.19457863660762212,12.614063338701019,3.844605475040258,
168,26.81159420289855,26.10708534621578,17.24369296833065,5.300590445517981,8.071658615136876,0.19457863660762212,12.587224906065487,3.683574879227053,
169,26.939076757917338,25.939345142243692,17.163177670424048,5.300590445517981,8.413848631239935,0.19457863660762212,12.365807836822329,3.683574879227053,
170,26.617015566290927,24.194847020933977,19.189479334406872,4.911433172302737,7.105475040257649,0.19457863660762212,14.371980676328503,3.4151905528717124,
171,26.724369296833064,24.16129898013956,19.155931293612454,4.911433172302737,7.065217391304348,0.19457863660762212,14.371980676328503,3.4151905528717124,
172,26.82501341921632,23.96672034353194,19.155931293612454,4.898013955984971,7.300053676865271,0.19457863660762212,14.244498121309716,3.4151905528717124,
173,26.88539989264627,23.960010735373054,19.14922168545357,4.884594739667204,7.2933440687063875,0.19457863660762212,14.217659688674182,3.4151905528717124,
174,26.952495974235106,23.946591519055286,19.142512077294686,4.871175523349437,7.25979602791197,0.19457863660762212,14.217659688674182,3.4151905528717124,
175,27.006172839506174,23.93317230273752,19.11567364465915,4.871175523349437,7.25979602791197,0.19457863660762212,14.204240472356414,3.4151905528717124,
176,27.13365539452496,23.60440150295223,19.290123456790123,5.166398282340311,7.206119162640902,0.19457863660762212,13.989533011272142,3.4151905528717124,
177,27.167203435319376,23.59098228663446,19.243156199677937,5.072463768115942,7.39398819108964,0.19457863660762212,13.935856146001074,3.4017713365539453,
178,27.214170692431562,23.58427267847558,19.243156199677937,5.072463768115942,7.39398819108964,0.19457863660762212,13.895598497047773,3.4017713365539453,
179,27.26784755770263,23.544015029522274,19.229736983360173,5.072463768115942,7.39398819108964,0.19457863660762212,13.895598497047773,3.4017713365539453,
180,27.26784755770263,23.382984433709073,19.229736983360173,5.267042404723564,7.360440150295223,0.19457863660762212,13.895598497047773,3.4017713365539453,
181,27.28797638217928,23.369565217391305,19.229736983360173,5.267042404723564,7.360440150295223,0.19457863660762212,13.88888888888889,3.4017713365539453,
182,27.449006977992486,23.21524422973698,19.229736983360173,5.267042404723564,7.360440150295223,0.19457863660762212,13.88888888888889,3.3950617283950617,
183,27.643585614600106,23.21524422973698,19.229736983360173,5.267042404723564,7.27992485238862,0.19457863660762212,13.774825550187868,3.3950617283950617,
184,27.965646806226516,23.1280193236715,18.988191089640367,5.092592592592593,7.27992485238862,0.19457863660762212,13.955984970477724,3.3950617283950617,
185,28.119967793880836,22.973698336017176,18.988191089640367,5.092592592592593,7.27992485238862,0.19457863660762212,13.955984970477724,3.3950617283950617,
186,28.133387010198604,22.96027911969941,18.988191089640367,5.092592592592593,7.27992485238862,0.19457863660762212,13.955984970477724,3.3950617283950617,
187,28.267579173376276,22.933440687063875,18.947933440687063,5.092592592592593,7.253086419753086,0.19457863660762212,13.94927536231884,3.361513687600644,
188,28.32125603864734,22.906602254428343,18.947933440687063,5.092592592592593,7.226247987117552,0.19457863660762212,13.94927536231884,3.361513687600644,
189,28.60305958132045,22.685185185185187,18.894256575415994,5.0858829844337095,7.226247987117552,0.19457863660762212,13.94927536231884,3.361513687600644,
190,28.710413311862588,22.685185185185187,18.874127750939344,5.0858829844337095,7.226247987117552,0.19457863660762212,13.862050456253355,3.361513687600644,
191,28.77079978529254,22.584541062801932,18.84728931830381,5.0858829844337095,7.226247987117552,0.19457863660762212,13.92914653784219,3.361513687600644,
192,28.938539989264626,22.457058507783145,18.80703166935051,5.0858829844337095,7.226247987117552,0.19457863660762212,13.92914653784219,3.361513687600644,
193,28.978797638217927,22.383252818035427,18.397745571658614,5.5756843800322065,7.219538378958669,0.19457863660762212,13.88888888888889,3.361513687600644,
194,29.1129898013956,22.322866344605476,18.357487922705314,5.562265163714439,7.219538378958669,0.19457863660762212,13.868760064412239,3.361513687600644,
195,29.139828234031132,22.322866344605476,18.149490069779926,5.407944176060118,7.575147611379496,0.19457863660762212,13.848631239935587,3.361513687600644,
196,29.280730005367687,22.14170692431562,17.941492216854535,5.407944176060118,7.300053676865271,0.19457863660762212,14.049919484702093,3.683574879227053,
197,29.300858829844337,22.128287707997853,17.934782608695652,5.407944176060118,7.300053676865271,0.19457863660762212,14.049919484702093,3.683574879227053,
198,29.334406870638755,22.108158883521202,17.934782608695652,5.394524959742351,7.300053676865271,0.19457863660762212,14.049919484702093,3.683574879227053,
199,29.066022544283413,21.752549651100377,17.807300053676865,5.132850241545894,7.1658615136876005,0.19457863660762212,13.238056897477188,5.642780461621041,
200,29.220343531937736,21.72571121846484,17.753623188405797,5.132850241545894,7.1658615136876005,0.19457863660762212,13.20450885668277,5.60252281266774,
201,29.25389157273215,21.72571121846484,17.753623188405797,5.132850241545894,7.139023081052066,0.19457863660762212,13.197799248523886,5.60252281266774,
202,29.300858829844337,21.618357487922705,17.834138486312398,5.132850241545894,7.118894256575416,0.19457863660762212,13.197799248523886,5.60252281266774,
203,29.522275899087493,21.591519055287172,17.74020397208803,5.119431025228127,7.098765432098766,0.19457863660762212,13.144122383252817,5.589103596349974,
204,29.70343531937735,21.484165324745035,17.74020397208803,5.052334943639291,7.098765432098766,0.19457863660762212,13.137412775093935,5.589103596349974,
205,29.898013955984972,21.410359634997317,17.659688674181428,5.045625335480408,7.098765432098766,0.19457863660762212,13.103864734299517,5.589103596349974,
206,29.87788513150832,21.329844337090712,17.60601180891036,5.045625335480408,7.004830917874396,0.19457863660762212,13.352120236178207,5.589103596349974,
207,29.911433172302736,21.30300590445518,17.60601180891036,5.045625335480408,6.998121309715513,0.19457863660762212,13.352120236178207,5.589103596349974,
208,29.97181964573269,21.28287707997853,17.59259259259259,5.340848094471283,6.951154052603328,0.1878690284487386,13.083735909822867,5.589103596349974,
209,30.01207729468599,21.4573268921095,17.364465915190554,5.340848094471283,6.937734836285561,0.1878690284487386,14.06333870101986,4.636339237788513,
210,30.05233494363929,21.450617283950617,17.364465915190554,5.307300053676865,6.937734836285561,0.1878690284487386,14.06333870101986,4.636339237788513,
211,30.56897477187332,21.349973161567366,17.028985507246375,5.253623188405797,6.937734836285561,0.1610305958132045,14.06333870101986,4.636339237788513,
212,30.743424584004295,21.336553945249598,17.028985507246375,5.253623188405797,6.937734836285561,0.1610305958132045,14.036500268384327,4.502147074610843,
213,30.790391841116477,21.336553945249598,17.002147074610843,5.253623188405797,6.91760601180891,0.1610305958132045,14.036500268384327,4.502147074610843,
214,30.877616747181964,21.26274825550188,17.002147074610843,5.24020397208803,6.944444444444445,0.1610305958132045,14.036500268384327,4.4753086419753085,
215,31.052066559312937,21.22249060654858,16.968599033816425,5.193236714975845,6.91760601180891,0.1610305958132045,14.036500268384327,4.448470209339774,
216,31.0654857756307,21.20907139023081,16.968599033816425,5.193236714975845,6.91760601180891,0.1610305958132045,14.036500268384327,4.448470209339774,
217,31.15271068169619,21.141975308641975,16.968599033816425,5.193236714975845,6.91760601180891,0.1610305958132045,14.016371443907676,4.448470209339774,
218,31.53515834675255,21.088298443370906,16.948470209339774,5.112721417069243,6.904186795491143,0.1610305958132045,13.801663982823403,4.448470209339774,
219,31.863929146537842,21.088298443370906,16.760601180891037,5.112721417069243,6.877348362855609,0.1610305958132045,13.687600644122384,4.448470209339774,
220,31.82367149758454,21.088298443370906,16.472088030059044,5.428073000536768,6.877348362855609,0.1610305958132045,13.580246913580247,4.569243156199678,
221,31.387546967257112,22.624798711755233,15.546162104133119,5.428073000536768,6.877348362855609,0.1610305958132045,13.425925925925926,4.549114331723027,
222,30.99838969404187,22.544283413848632,14.694041867954912,6.910896403650026,6.508319914117015,0.1610305958132045,13.20450885668277,4.978529253891573,
223,31.031937734836287,22.52415458937198,14.680622651637144,6.910896403650026,6.508319914117015,0.1610305958132045,13.20450885668277,4.978529253891573,
224,30.273752012882447,23.30246913580247,14.660493827160494,6.910896403650026,6.508319914117015,0.1610305958132045,13.20450885668277,4.978529253891573,
225,30.394524959742352,23.181696188942567,14.660493827160494,6.910896403650026,6.508319914117015,0.1610305958132045,13.20450885668277,4.978529253891573,
226,30.555555555555557,23.060923242082662,14.660493827160494,6.910896403650026,6.508319914117015,0.1610305958132045,13.18438003220612,4.958400429414922,
227,30.56226516371444,23.05421363392378,14.660493827160494,6.910896403650026,6.508319914117015,0.1610305958132045,13.18438003220612,4.958400429414922,
228,30.54213633923779,22.819377348362856,14.660493827160494,7.125603864734299,6.474771873322598,0.1610305958132045,13.110574342458401,5.10601180891036,
229,30.62265163714439,22.75228126677402,14.660493827160494,7.125603864734299,6.461352657004831,0.1610305958132045,13.110574342458401,5.10601180891036,
230,30.636070853462158,22.7187332259796,14.660493827160494,7.085346215780999,6.300322061191626,0.1610305958132045,12.99651100375738,5.441492216854535,
231,30.73671497584541,22.6784755770263,14.660493827160494,7.085346215780999,6.246645195920558,0.1610305958132045,12.989801395598498,5.441492216854535,
232,30.85077831454643,22.571121846484164,14.660493827160494,7.085346215780999,6.031937734836285,0.1610305958132045,12.942834138486312,5.6964573268921095,
233,30.877616747181964,22.571121846484164,14.660493827160494,7.085346215780999,6.018518518518518,0.1610305958132045,12.929414922168545,5.6964573268921095,
234,31.031937734836287,22.6784755770263,14.492753623188406,7.085346215780999,6.018518518518518,0.1610305958132045,12.86231884057971,5.669618894256575,
235,31.239935587761675,22.6784755770263,14.210950080515298,7.185990338164252,6.018518518518518,0.1610305958132045,12.835480407944177,5.669618894256575,
236,31.219806763285025,22.564412238325282,14.056629092860977,7.185990338164252,6.018518518518518,0.1610305958132045,13.123993558776167,5.669618894256575,
237,31.34728931830381,22.396672034353195,14.056629092860977,7.065217391304348,6.018518518518518,0.1610305958132045,13.285024154589372,5.669618894256575,
238,31.40096618357488,22.342995169082126,14.056629092860977,7.065217391304348,6.018518518518518,0.1610305958132045,13.285024154589372,5.669618894256575,
239,31.447933440687063,22.302737520128826,14.056629092860977,7.065217391304348,6.018518518518518,0.1610305958132045,13.285024154589372,5.662909286097692,
240,31.280193236714975,22.497316156736446,14.029790660225443,7.065217391304348,6.018518518518518,0.1610305958132045,13.285024154589372,5.662909286097692,
241,31.30703166935051,22.477187332259795,14.023081052066559,7.065217391304348,6.018518518518518,0.1610305958132045,13.285024154589372,5.662909286097692,
242,31.280193236714975,22.41009125067096,13.976113794954374,7.058507783145465,5.917874396135265,0.1610305958132045,13.271604938271604,5.924584004294149,
243,31.36070853462158,22.38996242619431,13.976113794954374,7.058507783145465,5.904455179817498,0.1610305958132045,13.22463768115942,5.924584004294149,
244,31.387546967257112,22.36983360171766,13.976113794954374,7.058507783145465,5.904455179817498,0.1610305958132045,13.217928073000536,5.924584004294149,
245,31.5552871712292,22.289318303811058,13.976113794954374,7.058507783145465,5.857487922705314,0.1610305958132045,13.191089640365004,5.911164787976382,
246,31.568706387546968,22.17525496511004,14.096886741814279,7.051798174986581,5.857487922705314,0.1610305958132045,13.18438003220612,5.904455179817498,
247,31.374127750939344,21.89345142243693,12.93612453032743,5.475040257648954,6.099033816425121,0.1610305958132045,16.163446054750402,5.897745571658615,
248,31.561996779388085,21.89345142243693,12.93612453032743,5.475040257648954,6.099033816425121,0.1610305958132045,16.150026838432634,5.723295759527644,
249,31.602254428341386,21.87332259796028,12.93612453032743,5.475040257648954,6.078904991948471,0.1610305958132045,16.150026838432634,5.723295759527644,
250,31.635802469135804,21.83977455716586,12.93612453032743,5.475040257648954,6.078904991948471,0.1610305958132045,16.150026838432634,5.723295759527644,
251,31.414385399892645,21.73913043478261,13.264895330112722,5.300590445517981,6.320450885668277,0.1610305958132045,16.10305958132045,5.6964573268921095,
252,31.45464304884595,21.69887278582931,13.264895330112722,5.300590445517981,6.320450885668277,0.1610305958132045,16.10305958132045,5.6964573268921095,
253,31.61567364465915,21.618357487922705,13.264895330112722,5.267042404723564,6.320450885668277,0.1610305958132045,16.069511540526033,5.683038110574342,
254,31.76328502415459,21.598228663446054,13.20450885668277,5.226784755770263,6.3137412775093935,0.1610305958132045,15.801127214170693,5.931293612453032,
255,31.80354267310789,21.490874932903917,13.20450885668277,5.407944176060118,6.286902844873859,0.1610305958132045,15.72061191626409,5.924584004294149,
256,31.830381105743424,21.443907675791735,13.20450885668277,5.3274288781535155,6.400966183574879,0.1610305958132045,15.707192699946322,5.924584004294149,
257,31.890767579173378,21.43719806763285,13.20450885668277,5.3274288781535155,6.347289318303811,0.1610305958132045,15.707192699946322,5.924584004294149,
258,32.07192699946323,21.39694041867955,13.09044551798175,5.3274288781535155,6.347289318303811,0.1610305958132045,15.707192699946322,5.897745571658615,
259,32.085346215781,21.390230810520666,13.050187869028449,5.3274288781535155,6.320450885668277,0.1610305958132045,15.499194847020934,6.166129898013956,
260,32.098765432098766,21.390230810520666,13.050187869028449,5.3274288781535155,6.320450885668277,0.1610305958132045,15.485775630703166,6.166129898013956,
261,32.27992485238862,21.36339237788513,12.969672571121846,5.320719269994632,6.320450885668277,0.1610305958132045,15.465646806226516,6.119162640901771,
262,32.26650563607085,21.276167471819647,12.942834138486312,5.320719269994632,6.320450885668277,0.1610305958132045,15.593129361245303,6.119162640901771,
263,32.27321524422974,21.276167471819647,12.942834138486312,5.320719269994632,6.320450885668277,0.1610305958132045,15.593129361245303,6.112453032742888,
264,32.62211486849168,21.182232957595275,12.835480407944177,5.260332796564681,6.320450885668277,0.1610305958132045,15.505904455179817,6.112453032742888,
265,32.367149758454104,21.477455716586153,12.828770799785293,5.260332796564681,6.3070316693505095,0.1610305958132045,15.505904455179817,6.092324208266238,
266,32.085346215781,21.336553945249598,12.828770799785293,5.173107890499195,5.636070853462158,0.1610305958132045,16.861245303274288,5.917874396135265,
267,32.118894256575416,21.32313472893183,12.828770799785293,5.173107890499195,5.636070853462158,0.1610305958132045,16.841116478797638,5.917874396135265,
268,31.97799248523886,21.32313472893183,12.701288244766506,5.173107890499195,5.917874396135265,0.1610305958132045,16.82769726247987,5.917874396135265,
269,32.15915190552872,21.296296296296298,12.68786902844874,5.173107890499195,5.917874396135265,0.1610305958132045,16.760601180891037,5.844068706387547,
270,32.14573268921095,21.296296296296298,12.5,5.414653784219001,5.877616747181965,0.1610305958132045,16.760601180891037,5.844068706387547,
271,32.17257112184648,21.28287707997853,12.27187332259796,5.649490069779925,5.877616747181965,0.1610305958132045,16.740472356414386,5.844068706387547,
272,32.360440150295226,21.22249060654858,12.157809983896941,5.636070853462158,5.877616747181965,0.1610305958132045,16.740472356414386,5.844068706387547,
273,32.50805152979066,21.121846484165324,12.130971551261407,5.636070853462158,5.877616747181965,0.1610305958132045,16.67337627482555,5.891035963499732,
274,32.52818035426731,21.121846484165324,12.130971551261407,5.622651637144391,5.877616747181965,0.2549651100375738,16.57944176060118,5.884326355340848,
275,32.52147074610843,21.101717659688674,12.124261943102523,5.548845947396672,5.877616747181965,0.2549651100375738,16.364734299516908,6.206387546967257,
276,32.55501878690284,21.088298443370906,12.04374664519592,5.548845947396672,5.877616747181965,0.2549651100375738,16.438539989264626,6.1929683306494905,
