,45,50,55,51,52,53,54,56,57,58,60,59,61
0,93.98819108964037,6.011808910359635,,,,,,,,,,,
1,90.70048309178743,9.29951690821256,,,,,,,,,,,
2,89.76784755770262,10.185185185185185,0.04696725711218465,,,,,,,,,,
3,89.32501341921632,10.560923242082662,0.11406333870101985,,,,,,,,,,
4,89.09688674181427,10.789049919484702,0.11406333870101985,,,,,,,,,,
5,81.23993558776168,18.531937734836287,0.2281266774020397,,,,,,,,,,
6,80.32071926999463,19.370638754696724,0.2281266774020397,0.08051529790660225,,,,,,,,,
7,76.06682769726248,23.544015029522274,0.30864197530864196,0.08051529790660225,,,,,,,,,
8,75.71792807300054,23.89291465378422,0.30864197530864196,0.08051529790660225,,,,,,,,,
9,75.06709608158883,23.738593666129898,0.30864197530864196,0.08051529790660225,0.8051529790660226,,,,,,,,
10,73.87278582930757,24.644390767579175,0.30864197530864196,0.2214170692431562,0.8051529790660226,0.04696725711218465,0.10064412238325282,,,,,,
11,73.5373054213634,24.67793880837359,0.30864197530864196,0.2214170692431562,1.107085346215781,0.04696725711218465,0.10064412238325282,,,,,,
12,72.91331186258722,24.832259796027913,0.2683843263553409,0.2214170692431562,1.6170155662909287,0.04696725711218465,0.10064412238325282,,,,,,
13,70.7662372517445,26.979334406870638,0.2683843263553409,0.2214170692431562,1.6170155662909287,0.04696725711218465,0.10064412238325282,,,,,,
14,69.87385936661299,27.83816425120773,0.2683843263553409,0.2214170692431562,1.6170155662909287,0.08051529790660225,0.10064412238325282,,,,,,
15,69.57863660762212,28.052871712292003,0.2683843263553409,0.2214170692431562,1.6975308641975309,0.08051529790660225,0.10064412238325282,,,,,,
16,69.4645732689211,27.83816425120773,0.2683843263553409,0.2214170692431562,1.6975308641975309,0.2683843263553409,0.24154589371980675,,,,,,
17,68.63258185721953,28.556092324208265,0.2683843263553409,0.33548040794417605,1.6975308641975309,0.2683843263553409,0.24154589371980675,,,,,,
18,68.23671497584542,27.710681696188942,0.30193236714975846,0.6172839506172839,1.5432098765432098,1.3217928073000538,0.2683843263553409,,,,,,
19,67.98174986580784,27.730810520665592,0.41599570585077833,0.7112184648416533,1.570048309178744,1.3217928073000538,0.2683843263553409,,,,,,
20,67.08937198067633,26.663982823403114,0.41599570585077833,2.703972088030059,1.5365002683843263,1.3217928073000538,0.2683843263553409,,,,,,
21,66.95517981749866,26.7512077294686,0.41599570585077833,2.7509393451422435,1.5365002683843263,1.3217928073000538,0.2683843263553409,,,,,,
22,66.78743961352657,26.88539989264627,0.41599570585077833,2.7442297369833604,1.5365002683843263,1.3620504562533549,0.2683843263553409,,,,,,
23,65.98228663446055,27.603327965646805,0.5032206119162641,2.7442297369833604,1.5365002683843263,1.3620504562533549,0.2683843263553409,,,,,,
24,65.73403113258186,27.710681696188942,0.5032206119162641,2.7442297369833604,1.4090177133655395,1.5029522275899088,0.39586688137412773,,,,,,
25,65.57971014492753,27.865002683843265,0.5367686527106817,2.7442297369833604,1.4492753623188406,1.4761137949543746,0.3488996242619431,,,,,,
26,64.6604938271605,28.63660762211487,0.5367686527106817,2.8918411164787976,1.4492753623188406,1.4761137949543746,0.3488996242619431,,,,,,
27,64.50617283950618,28.71712292002147,0.5636070853462157,2.8918411164787976,1.4492753623188406,1.4761137949543746,0.39586688137412773,,,,,,
28,64.4524959742351,28.64331723027375,0.5636070853462157,2.932098765432099,1.4492753623188406,1.5633387010198605,0.39586688137412773,,,,,,
29,63.58695652173913,28.864734299516908,0.5636070853462157,3.535963499731616,1.4492753623188406,1.5230810520665594,0.47638217928073,,,,,,
30,62.52012882447665,29.542404723564143,0.6172839506172839,3.8714439076757916,1.4492753623188406,1.5230810520665594,0.47638217928073,,,,,,
31,61.37949543746645,30.595813204508858,0.6172839506172839,3.8714439076757916,1.5365002683843263,1.5230810520665594,0.47638217928073,,,,,,
32,59.4068706387547,27.891841116478798,0.4294149221685454,8.353462157809984,1.5365002683843263,1.5230810520665594,0.8588298443370908,,,,,,
33,58.662104133118625,28.475577026301664,0.5233494363929146,8.340042941492216,1.6170155662909287,1.5230810520665594,0.8588298443370908,,,,,,
34,49.00697799248524,38.22463768115942,0.49651100375738055,8.252818035426731,1.5297906602254427,1.4090177133655395,1.0802469135802468,,,,,,
35,48.90633387010199,38.0300590445518,0.49651100375738055,8.252818035426731,1.6438539989264627,1.3419216317767042,1.328502415458937,,,,,,
36,48.25550187869028,38.18438003220612,0.5501878690284487,8.447396672034353,1.8988191089640365,1.3419216317767042,1.3217928073000538,,,,,,
37,47.678475577026305,38.425925925925924,0.6105743424584005,8.433977455716587,1.8988191089640365,1.3419216317767042,1.6103059581320451,,,,,,
38,46.3365539452496,40.33816425120773,0.6709608158883521,7.937466451959206,1.7310789049919484,1.2681159420289856,1.6908212560386473,0.026838432635534086,,,,,
39,46.27616747181965,39.56655931293612,0.6374127750939346,7.843531937734836,2.408749329039184,1.4090177133655395,1.8317230273752012,0.026838432635534086,,,,,
40,45.75281803542673,36.05072463768116,0.644122383252818,9.359903381642512,5.139559849704777,1.3553408480944713,1.6706924315619969,0.026838432635534086,,,,,
41,45.57836822329576,35.909822866344605,0.6843800322061192,9.695383789586689,5.139559849704777,1.2949543746645196,1.6706924315619969,0.026838432635534086,,,,,
42,45.148953301127214,35.82259796027912,0.7917337627482555,10.084541062801932,5.199946323134729,1.3888888888888888,1.5365002683843263,0.026838432635534086,,,,,
43,44.96779388083736,35.80246913580247,0.8051529790660226,9.829575952764358,5.441492216854535,1.5901771336553945,1.5365002683843263,0.026838432635534086,,,,,
44,44.598765432098766,36.02388620504563,0.8789586688137413,9.816156736446592,5.374396135265701,1.6035963499731616,1.6103059581320451,0.026838432635534086,0.06709608158883522,,,,
45,37.90257648953301,45.42404723564144,0.785024154589372,9.017713365539452,5.0993022007514766,0.5233494363929146,1.1540526033279657,0.026838432635534086,0.06709608158883522,,,,
46,37.68115942028985,45.309983896940416,0.7783145464304885,9.172034353193773,5.320719269994632,0.5770263016639828,1.0534084809447128,0.040257648953301126,0.06709608158883522,,,,
47,35.84272678475577,40.707192699946326,0.7246376811594203,16.6935050993022,4.441760601180891,0.5434782608695652,0.9125067096081588,0.13419216317767044,,,,,
48,35.73537305421363,40.31132581857219,1.1137949543746646,16.80756843800322,4.441760601180891,0.5434782608695652,0.9125067096081588,0.13419216317767044,,,,,
49,35.66156736446592,40.27777777777778,1.3419216317767042,16.740472356414386,4.388083735909823,0.5434782608695652,0.9125067096081588,0.13419216317767044,,,,,
50,35.14492753623188,40.49919484702093,1.5633387010198605,16.700214707461082,4.4753086419753085,0.5837359098228664,0.8990874932903918,0.13419216317767044,,,,,
51,35.20531400966183,40.284487385936664,1.6035963499731616,16.606280193236714,4.408212560386473,0.8588298443370908,0.8990874932903918,0.13419216317767044,,,,,
52,33.662104133118625,40.673644659151904,2.0397208803005906,17.357756307031668,4.374664519592056,0.8588298443370908,0.8990874932903918,0.13419216317767044,,,,,
53,33.071658615136876,40.063070316693505,2.1604938271604937,17.183306494900698,5.542136339237788,0.8588298443370908,0.9863123993558777,0.13419216317767044,,,,,
54,33.13875469672571,39.64707461084273,2.0799785292538915,17.176596886741816,5.622651637144391,1.2144390767579174,0.9863123993558777,0.13419216317767044,,,,,
55,32.347020933977454,40.31132581857219,2.006172839506173,17.09608158883521,5.46833064949007,1.2077294685990339,1.3821792807300053,0.18115942028985507,,,,,
56,32.15915190552872,40.163714439076756,1.9659151905528718,17.659688674181428,5.293880837359098,1.2077294685990339,1.3486312399355878,0.20128824476650564,,,,,
57,31.57541599570585,40.51932367149758,2.301395598497048,17.47181964573269,5.347557702630167,1.2077294685990339,1.3754696725711217,0.20128824476650564,,,,,
58,31.52173913043478,40.13687600644123,2.2611379495437465,17.612721417069242,5.387815351583468,1.1876006441223832,1.6908212560386473,0.20128824476650564,,,,,
59,31.447933440687063,40.15029522275899,2.38191089640365,17.505367686527105,5.35426731078905,1.288244766505636,1.6908212560386473,0.18115942028985507,,,,,
60,31.260064412238325,39.512882447665056,2.38191089640365,17.458400429414922,6.092324208266238,1.3150831991411702,1.6908212560386473,0.2885131508319914,,,,,
61,30.971551261406333,39.65378421900161,2.395330112721417,17.51207729468599,6.159420289855072,1.3553408480944713,1.6639828234031133,0.2885131508319914,,,,,
62,30.776972624798713,39.680622651637144,2.576489533011272,17.498658078368223,6.159420289855072,1.3553408480944713,1.6639828234031133,0.2885131508319914,,,,,
63,30.797101449275363,39.680622651637144,2.563070316693505,17.28395061728395,6.266774020397209,1.3553408480944713,1.7176596886741815,0.33548040794417605,,,,,
64,30.763553408480945,39.60681696188943,2.7241009125067097,17.122920021470748,6.266774020397209,1.3553408480944713,1.8518518518518519,0.30864197530864196,,,,,
65,30.730005367686527,39.432367149758456,2.831454643048846,17.10950080515298,6.266774020397209,1.3217928073000538,1.9994632313472893,0.30864197530864196,,,,,
66,30.575684380032207,39.190821256038646,2.945517981749866,17.277241009125067,6.139291465378422,1.5230810520665594,1.9994632313472893,0.3488996242619431,,,,,
67,30.56226516371444,38.7614063338701,3.260869565217391,17.236983360171767,6.380837359098229,1.4626945786366077,1.9860440150295222,0.3488996242619431,,,,,
68,30.58239398819109,38.61379495437466,3.260869565217391,17.183306494900698,6.333870101986044,1.4626945786366077,2.214170692431562,0.3488996242619431,,,,,
69,30.615942028985508,38.58024691358025,3.2340311325818574,17.16988727858293,6.333870101986044,1.4626945786366077,2.254428341384863,0.3488996242619431,,,,,
70,30.60252281266774,38.21121846484165,3.2004830917874396,17.143048845947398,6.622383252818035,1.4626945786366077,2.408749329039184,0.3488996242619431,,,,,
71,30.287171229200215,37.11084272678475,3.1736446591519054,17.404723564143854,7.803274288781535,1.3754696725711217,2.6033279656468062,0.24154589371980675,,,,,
72,29.7638217928073,36.560654857756305,3.4017713365539453,19.712828770799785,6.367418142780462,1.3754696725711217,2.5429414922168547,0.27509393451422437,,,,,
73,29.857756307031668,35.92324208266237,3.294417606011809,19.223027375201287,7.48792270531401,1.5163714439076759,2.4221685453569513,0.27509393451422437,,,,,
74,29.482018250134193,35.38647342995169,3.3413848631239937,19.961084272678477,7.481213097155126,1.6505636070853462,2.408749329039184,0.2885131508319914,,,,,
75,29.1532474503489,35.46027911969941,3.3413848631239937,20.148953301127214,7.481213097155126,1.6505636070853462,2.408749329039184,0.35560923242082665,,,,,
76,29.186795491143318,34.95034889962426,4.032474503488996,19.93424584004294,7.481213097155126,1.6505636070853462,2.408749329039184,0.35560923242082665,,,,,
77,29.166666666666668,34.876543209876544,4.005636070853462,19.89398819108964,7.467793880837359,1.7310789049919484,2.5026838432635534,0.35560923242082665,,,,,
78,29.1532474503489,34.896672034353195,4.30756843800322,19.672571121846484,7.353730542136339,1.6505636070853462,2.5831991411701556,0.35560923242082665,0.026838432635534086,,,,
79,27.093397745571657,39.28475577026302,4.414922168545357,17.559044551798173,7.071926999463232,1.6103059581320451,2.5831991411701556,0.35560923242082665,0.026838432635534086,,,,
80,27.053140096618357,39.28475577026302,4.414922168545357,17.559044551798173,7.071926999463232,1.6505636070853462,2.5831991411701556,0.35560923242082665,0.026838432635534086,,,,
81,26.81159420289855,39.412238325281805,4.408212560386473,17.559044551798173,6.991411701556629,1.8115942028985508,2.623456790123457,0.35560923242082665,0.026838432635534086,,,,
82,26.878690284487387,38.73456790123457,4.5960815888352125,17.53220611916264,6.937734836285561,2.1068169618894257,2.791196994095545,0.39586688137412773,0.026838432635534086,,,,
83,26.710950080515296,38.7614063338701,4.783950617283951,17.444981213097154,6.937734836285561,2.120236178207193,2.818035426731079,0.39586688137412773,0.026838432635534086,,,,
84,25.275093934514224,40.76086956521739,4.810789049919484,17.156468062265162,6.816961889425658,2.0531400966183573,2.703972088030059,0.39586688137412773,0.026838432635534086,,,,
85,25.268384326355342,40.41196994095545,5.059044551798175,17.21014492753623,6.816961889425658,2.0799785292538915,2.703972088030059,0.4227053140096618,0.026838432635534086,,,,
86,24.060654857756308,41.888083735909824,5.213365539452496,16.968599033816425,6.608964036500268,2.147074610842727,2.6637144390767578,0.4227053140096618,0.026838432635534086,,,,
87,23.832528180354267,40.84809447128288,5.199946323134729,17.09608158883521,6.575415995705851,2.147074610842727,3.851315083199141,0.4227053140096618,0.026838432635534086,,,,
88,23.845947396672035,40.666935050993025,5.394524959742351,17.082662372517444,6.508319914117015,2.147074610842727,3.851315083199141,0.47638217928073,0.026838432635534086,,,,
89,23.980139559849704,40.54616210413312,5.475040257648954,17.062533548040793,6.508319914117015,2.147074610842727,3.7775093934514223,0.47638217928073,0.026838432635534086,,,,
90,23.872785829307567,40.425389157273216,5.864197530864198,16.935050993022006,6.474771873322598,2.147074610842727,3.7775093934514223,0.47638217928073,0.026838432635534086,,,,
91,23.859366612989803,40.29119699409554,5.776972624798712,16.74718196457327,6.649221685453569,2.2342995169082127,3.938539989264627,0.47638217928073,0.026838432635534086,,,,
92,23.852657004830917,40.24422973698336,5.776972624798712,16.639828234031132,6.5485775630703165,2.395330112721417,3.9720880300590444,0.5434782608695652,0.026838432635534086,,,,
93,23.483628556092324,40.61996779388084,5.763553408480945,16.485507246376812,6.541867954911433,2.8381642512077296,3.69699409554482,0.5434782608695652,0.026838432635534086,,,,
94,22.779119699409556,41.378153515834676,5.730005367686527,16.478797638217927,6.488191089640365,2.8784219001610305,3.69699409554482,0.5434782608695652,0.026838432635534086,,,,
95,22.758990874932906,41.31105743424584,5.669618894256575,16.57944176060118,6.400966183574879,2.8784219001610305,3.7573805689747717,0.6239935587761675,0.020128824476650563,,,,
96,22.799248523886206,41.14331723027375,5.475040257648954,16.337895866881375,6.400966183574879,2.999194847020934,4.200214707461084,0.6239935587761675,0.020128824476650563,,,,
97,22.805958132045088,41.035963499731615,5.273752012882448,16.076221148684915,6.387546967257112,3.1333870101986045,4.643048845947397,0.6239935587761675,0.020128824476650563,,,,
98,22.745571658615138,40.80112721417069,5.488459473966721,16.002415458937197,6.380837359098229,3.1333870101986045,4.777241009125067,0.6508319914117016,0.020128824476650563,,,,
99,22.879763821792807,40.74074074074074,5.4616210413311865,15.814546430488459,6.374127750939345,3.2742887815351582,4.797369833601718,0.6374127750939346,0.020128824476650563,,,,
100,22.906602254428343,40.734031132581855,5.4616210413311865,15.814546430488459,6.166129898013956,3.2742887815351582,4.797369833601718,0.7045088566827697,0.14090177133655393,,,,
101,22.819377348362856,40.371712292002144,5.501878690284487,15.713902308105206,6.461352657004831,3.2742887815351582,4.891304347826087,0.8252818035426731,0.14090177133655393,,,,
102,22.65834675254965,40.53945249597424,5.401234567901234,15.666935050993022,6.353998926462695,3.3145464304884595,5.059044551798175,0.8655394524959742,0.14090177133655393,,,,
103,22.537573805689746,40.351583467525494,5.374396135265701,15.801127214170693,6.387546967257112,3.3145464304884595,5.199946323134729,0.8655394524959742,0.16774020397208803,,,,
104,22.262479871175522,39.76784755770263,5.46833064949007,16.700214707461082,6.387546967257112,3.2340311325818574,5.018786902844874,0.8655394524959742,0.2952227589908749,,,,
105,22.20209339774557,39.754428341384866,5.360976918947934,16.901502952227588,6.266774020397209,3.2340311325818574,5.01207729468599,0.9728931830381106,0.2952227589908749,,,,
106,22.17525496511004,39.231078904991946,5.159688674181428,16.881374127750938,7.246376811594203,3.1065485775630703,4.931561996779388,0.9728931830381106,0.2952227589908749,,,,
107,22.269189479334408,38.519860440150296,5.233494363929147,16.720343531937736,7.206119162640902,3.099838969404187,5.649490069779925,1.0064412238325282,0.2952227589908749,,,,
108,21.26274825550188,35.46027911969941,4.0995705850778315,23.060923242082662,7.051798174986581,2.7643585614600106,4.810789049919484,1.1943102522812667,0.2952227589908749,,,,
109,20.94068706387547,33.675523349436396,3.851315083199141,26.02657004830918,6.910896403650026,2.7241009125067097,4.4820182501341925,1.1205045625335481,0.2683843263553409,,,,
110,19.77992485238862,34.447128287708,4.119699409554482,25.0402576489533,6.769994632313473,4.139828234031133,4.314278046162104,1.1205045625335481,0.2683843263553409,,,,
111,19.80005367686527,34.38674181427805,4.119699409554482,24.785292538915726,6.756575415995706,4.086151368760064,4.314278046162104,1.482823403113258,0.2683843263553409,,,,
112,19.618894256575416,34.5679012345679,4.146537842190016,24.490069779924852,6.689479334406871,4.186795491143317,4.28743961352657,1.7444981213097155,0.2683843263553409,,,,
113,19.008319914117017,35.29253891572732,4.146537842190016,24.46323134728932,6.380837359098229,4.019055287171229,4.388083735909823,1.7444981213097155,0.5568974771873323,,,,
114,18.50509930220075,34.614868491680085,4.1532474503489,24.496779388083738,7.4141170155662905,4.159957058507783,4.4753086419753085,1.6237251744498122,0.5568974771873323,,,,
115,18.5252281266774,34.58132045088567,4.3478260869565215,24.40955448201825,7.4141170155662905,4.072732152442297,4.468599033816425,1.6237251744498122,0.5568974771873323,,,,
116,18.511808910359633,34.265968867418145,4.280730005367687,24.46323134728932,7.50805152979066,4.072732152442297,4.5893719806763285,1.751207729468599,0.5568974771873323,,,,
117,18.54535695115405,34.245840042941495,4.280730005367687,24.416264090177133,7.50805152979066,4.05931293612453,4.5893719806763285,1.7981749865807837,0.5568974771873323,,,,
118,18.54535695115405,33.93048845947396,3.9586688137412773,24.154589371980677,7.447665056360709,4.656468062265164,4.998658078368224,1.751207729468599,0.5568974771873323,,,,
119,18.297101449275363,33.89023081052066,3.9989264626945786,24.295491143317232,7.340311325818572,4.817498658078368,4.9718196457326895,1.8317230273752012,0.5568974771873323,,,,
120,18.310520665593128,33.78958668813741,3.9989264626945786,24.288781535158346,7.340311325818572,4.851046698872786,5.032206119162641,1.8317230273752012,0.5568974771873323,,,,
121,18.276972624798713,33.12533548040794,3.992216854535695,24.812130971551262,7.179280730005368,4.851046698872786,5.032206119162641,2.1739130434782608,0.5568974771873323,,,,
122,18.33064949006978,33.031400966183575,3.938539989264627,24.84567901234568,7.219538378958669,4.904723564143854,5.018786902844874,2.15378421900161,0.5568974771873323,,,,
123,18.364197530864196,33.051529790660226,3.92512077294686,24.825550187869027,7.212828770799785,4.938271604938271,4.998658078368224,2.1269457863660763,0.5568974771873323,,,,
124,18.33064949006978,32.74288781535159,3.9049919484702094,24.912775093934513,7.434245840042942,4.931561996779388,5.059044551798175,2.1269457863660763,0.5568974771873323,,,,
125,18.189747718733226,32.420826623725176,3.844605475040258,24.362587224906065,7.467793880837359,6.045356951154052,4.978529253891573,2.13365539452496,0.5568974771873323,,,,
126,17.438271604938272,32.41411701556629,3.784219001610306,25.543478260869566,7.4208266237251745,5.723295759527644,4.911433172302737,2.2074610842726785,0.5568974771873323,,,,
127,17.505367686527105,32.25308641975309,3.898282340311326,25.429414922168544,7.4208266237251745,5.723295759527644,4.904723564143854,2.3081052066559313,0.5568974771873323,,,,
128,12.352388620504563,49.61084272678475,2.8918411164787976,19.90740740740741,6.072195383789587,4.542404723564144,2.965646806226516,1.5297906602254427,0.1274825550187869,,,,
129,11.768652710681696,50.006709608158886,3.099838969404187,19.766505636070853,6.1929683306494905,4.542404723564144,2.965646806226516,1.5297906602254427,0.1274825550187869,,,,
130,11.761943102522812,49.77858293075684,3.294417606011809,19.639023081052066,6.340579710144928,4.4753086419753085,3.026033279656468,1.556629092860977,0.1274825550187869,,,,
131,11.79549114331723,49.604133118625874,3.435319377348363,19.639023081052066,6.340579710144928,4.4753086419753085,3.026033279656468,1.556629092860977,0.1274825550187869,,,,
132,11.876006441223833,49.5101986044015,3.5292538915727323,19.598765432098766,6.3070316693505095,4.468599033816425,3.026033279656468,1.556629092860977,0.1274825550187869,,,,
133,11.916264090177133,49.15458937198068,3.7104133118625873,19.545088566827697,6.3070316693505095,4.468599033816425,3.3145464304884595,1.4559849704777241,0.1274825550187869,,,,
134,11.956521739130435,48.82581857219538,3.797638217928073,19.692699946323135,6.253354804079442,4.723564143853999,3.2675791733762747,1.3553408480944713,0.1274825550187869,,,,
135,12.030327428878154,48.530595813204506,3.797638217928073,19.639023081052066,6.5485775630703165,4.723564143853999,3.2340311325818574,1.3687600644122384,0.1274825550187869,,,,
136,12.151100375738057,48.289049919484704,3.8177670424047236,19.578636607622116,6.736446591519055,4.7168545356951155,3.1870638754696725,1.3955984970477724,0.1274825550187869,,,,
137,12.238325281803542,48.23537305421363,3.8378958668813743,19.592055823939884,6.702898550724638,4.696725711218465,3.1736446591519054,1.3955984970477724,0.1274825550187869,,,,
138,12.325550187869029,47.93344068706388,3.938539989264627,19.55179817498658,6.702898550724638,4.85775630703167,3.166935050993022,1.3955984970477724,0.1274825550187869,,,,
139,12.218196457326892,47.77241009125067,4.186795491143317,19.37734836285561,6.9310252281266775,4.797369833601718,3.166935050993022,1.4224369296833066,0.1274825550187869,,,,
140,12.218196457326892,47.71202361782072,4.314278046162104,19.256575415995705,6.904186795491143,4.750402576489533,3.3413848631239937,1.3754696725711217,0.1274825550187869,,,,
141,11.929683306494901,47.658346752549654,4.522275899087493,19.95437466451959,6.810252281266774,4.193505099302201,3.4957058507783145,1.3083735909822867,0.1274825550187869,,,,
142,11.963231347289318,47.49060654857756,4.555823939881911,19.85373054213634,6.716317767042405,4.334406870638754,3.488996242619431,1.4694041867954912,0.1274825550187869,,,,
143,11.996779388083736,47.06119162640902,4.924852388620504,19.867149758454108,6.769994632313473,4.30756843800322,3.475577026301664,1.4694041867954912,0.1274825550187869,,,,
144,11.748523886205046,47.235641438539986,5.032206119162641,19.652442297369834,6.763285024154589,4.200214707461084,3.81105743424584,1.42914653784219,0.1274825550187869,,,,
145,11.728395061728396,47.25577026301664,5.018786902844874,19.652442297369834,6.78341384863124,4.200214707461084,3.8043478260869565,1.42914653784219,0.1274825550187869,,,,
146,11.802200751476114,46.71900161030596,5.515297906602254,19.47799248523886,6.769994632313473,4.294149221685454,3.8043478260869565,1.4895330112721417,0.1274825550187869,,,,
147,11.855877616747183,46.51771336553945,5.5689747718733225,19.699409554482017,6.6827697262479875,4.26731078904992,3.8043478260869565,1.4761137949543746,0.1274825550187869,,,,
148,11.802200751476114,46.20907139023081,5.803811057434245,19.753086419753085,6.723027375201288,4.300858829844337,3.8043478260869565,1.4761137949543746,0.1274825550187869,,,,
149,11.896135265700483,46.03462157809984,5.938003220611916,19.712828770799785,6.736446591519055,4.280730005367687,3.797638217928073,1.4761137949543746,0.1274825550187869,,,,
150,11.876006441223833,45.78636607622115,6.112453032742888,19.840311325818572,6.716317767042405,4.280730005367687,3.784219001610306,1.4761137949543746,0.1274825550187869,,,,
151,11.721685453569512,45.9272678475577,6.112453032742888,19.83360171765969,6.810252281266774,4.2270531400966185,3.7640901771336552,1.4761137949543746,0.1274825550187869,,,,
152,11.802200751476114,45.793075684380035,6.1862587224906065,19.77992485238862,6.796833064949007,4.274020397208803,3.7640901771336552,1.4761137949543746,0.1274825550187869,,,,
153,11.788781535158346,45.75952764358561,6.1862587224906065,18.47826086956522,8.004562533548041,4.42163177670424,3.6097691894793345,1.6237251744498122,0.1274825550187869,,,,
154,11.748523886205046,44.10896403650027,7.877079978529254,18.47826086956522,8.004562533548041,4.42163177670424,3.6097691894793345,1.6237251744498122,0.1274825550187869,,,,
155,11.701556629092861,43.73993558776167,8.3467525496511,18.364197530864196,8.004562533548041,4.42163177670424,3.6902844873859366,1.6035963499731616,0.1274825550187869,,,,
156,11.701556629092861,43.74664519592056,8.3467525496511,18.323939881910896,8.004562533548041,4.42163177670424,3.6902844873859366,1.6371443907675791,0.1274825550187869,,,,
157,11.761943102522812,43.63929146537842,8.447396672034353,18.12265163714439,8.219269994632313,4.40150295222759,3.643317230273752,1.6371443907675791,0.1274825550187869,,,,
158,11.708266237251744,43.042136339237786,8.769457863660762,18.06226516371444,8.205850778314547,4.817498658078368,3.629898013955985,1.6371443907675791,0.1274825550187869,,,,
159,11.701556629092861,42.70665593129361,8.789586688137414,17.773752012882447,8.185721953837897,5.112721417069243,4.019055287171229,1.583467525496511,0.1274825550187869,,,,
160,11.198336017176597,41.928341384863124,8.541331186258722,19.592055823939884,7.863660762211487,5.052334943639291,4.092860976918948,1.6035963499731616,0.1274825550187869,,,,
161,11.312399355877616,41.74718196457327,8.53462157809984,19.47799248523886,7.957595276435856,5.032206119162641,4.092860976918948,1.7176596886741815,0.1274825550187869,,,,
162,11.453301127214171,41.50563607085346,8.715780998389693,19.370638754696724,7.944176060118089,5.005367686527107,4.146537842190016,1.7310789049919484,0.1274825550187869,,,,
163,11.439881910896403,41.056092324208265,9.078099838969404,19.290123456790123,7.843531937734836,4.944981213097155,4.40150295222759,1.8183038110574343,0.1274825550187869,,,,
164,11.473429951690822,40.11674718196457,10.104669887278583,18.96135265700483,7.863660762211487,4.924852388620504,4.562533548040794,1.8384326355340848,0.1274825550187869,0.026838432635534086,,,
165,11.54723564143854,40.103327965646805,9.990606548577563,18.96135265700483,7.816693505099302,4.911433172302737,4.562533548040794,1.8384326355340848,0.24154589371980675,0.026838432635534086,,,
166,11.345947396672035,39.92216854535695,10.198604401502953,19.102254428341386,7.816693505099302,4.884594739667204,4.542404723564144,1.8384326355340848,0.322061191626409,0.026838432635534086,,,
167,11.238593666129898,39.774557165861516,10.379763821792807,19.129092860976918,7.816693505099302,4.884594739667204,4.414922168545357,1.8853998926462694,0.3153515834675255,0.026838432635534086,0.13419216317767044,,
168,11.372785829307569,39.439076757917334,10.59447128287708,19.11567364465915,7.7898550724637685,4.931561996779388,4.394793344068707,1.8853998926462694,0.3153515834675255,0.026838432635534086,0.13419216317767044,,
169,11.43317230273752,39.090177133655395,10.869565217391305,19.102254428341386,7.595276435856146,5.166398282340311,4.38137412775094,1.8853998926462694,0.3153515834675255,0.026838432635534086,0.13419216317767044,,
170,11.540526033279656,38.439345142243695,11.2788513150832,19.236446591519055,7.588566827697263,5.0858829844337095,4.441760601180891,1.8853998926462694,0.3421900161030596,0.026838432635534086,0.13419216317767044,,
171,11.446591519055287,37.855609232420825,11.553945249597424,19.484702093397747,7.588566827697263,5.0791733762748255,4.609500805152979,1.8786902844873858,0.3421900161030596,0.026838432635534086,0.13419216317767044,,
172,11.56736446591519,37.84219001610306,11.553945249597424,19.464573268921097,7.501341921631776,5.0791733762748255,4.609500805152979,1.8786902844873858,0.3421900161030596,0.026838432635534086,0.13419216317767044,,
173,11.768652710681696,37.285292538915726,11.466720343531938,19.216317767042405,8.232689210950081,5.0791733762748255,4.569243156199678,1.8786902844873858,0.3421900161030596,0.026838432635534086,0.13419216317767044,,
174,11.77536231884058,37.19135802469136,11.493558776167472,19.202898550724637,8.272946859903382,5.0791733762748255,4.569243156199678,1.9122383252818036,0.3421900161030596,0.026838432635534086,0.13419216317767044,,
175,11.761943102522812,36.963231347289316,11.580783682232958,19.196188942565755,8.393719806763285,5.0791733762748255,4.609500805152979,1.9122383252818036,0.3421900161030596,0.026838432635534086,0.13419216317767044,,
176,11.81561996779388,36.64787976382179,11.735104669887278,19.196188942565755,8.319914117015566,5.193236714975845,4.676596886741814,1.9122383252818036,0.3421900161030596,0.026838432635534086,0.13419216317767044,,
177,11.822329575952764,36.4398819108964,11.694847020933977,19.182769726247987,8.319914117015566,5.394524959742351,4.730273752012883,1.9390767579173376,0.3153515834675255,0.026838432635534086,0.13419216317767044,,
178,11.862587224906065,36.29898013955985,11.782071926999464,19.061996779388085,8.28636607622115,5.421363392377885,4.871175523349437,1.9390767579173376,0.3153515834675255,0.026838432635534086,0.13419216317767044,,
179,11.882716049382717,36.218464841653244,11.855877616747183,19.04186795491143,8.252818035426731,5.421363392377885,4.871175523349437,1.9793344068706387,0.3153515834675255,0.026838432635534086,0.13419216317767044,,
180,11.956521739130435,36.18491680085883,11.896135265700483,19.00161030595813,8.199141170155663,5.562265163714439,4.74369296833065,1.9793344068706387,0.3153515834675255,0.026838432635534086,0.13419216317767044,,
181,10.856146001073537,27.85829307568438,9.205582393988191,26.73107890499195,15.734031132581856,4.186795491143317,3.294417606011809,1.8585614600107354,0.14090177133655393,,0.13419216317767044,,
182,10.923242082662373,27.811325818572197,9.306226516371444,26.556629092860977,15.599838969404187,4.30756843800322,3.2474503488996245,1.8384326355340848,0.27509393451422437,,0.13419216317767044,,
183,10.997047772410092,27.78448738593666,9.306226516371444,26.455984970477726,15.599838969404187,4.280730005367687,3.2474503488996245,1.9189479334406871,0.27509393451422437,,0.13419216317767044,,
184,10.943370907139023,27.30810520665593,9.064680622651638,26.34863123993559,15.573000536768653,4.2270531400966185,4.206924315619967,1.9189479334406871,0.27509393451422437,,0.13419216317767044,,
185,10.990338164251208,27.26784755770263,9.111647879763822,26.227858293075684,15.479066022544284,4.30756843800322,4.139828234031133,1.9189479334406871,0.4227053140096618,,0.13419216317767044,,
186,11.057434245840042,27.26784755770263,9.212292002147075,25.99302200751476,15.49248523886205,4.30756843800322,4.126409017713366,1.9189479334406871,0.48980139559849706,,0.13419216317767044,,
187,11.057434245840042,27.147074610842726,9.420289855072463,25.89237788513151,15.49248523886205,4.274020397208803,4.126409017713366,1.9659151905528718,0.48980139559849706,,0.13419216317767044,,
188,10.997047772410092,26.8317230273752,9.54777241009125,25.986312399355878,15.653515834675256,4.274020397208803,4.126409017713366,1.9592055823939882,0.48980139559849706,,0.13419216317767044,,
189,10.789049919484702,26.36876006441224,9.66183574879227,26.710950080515296,15.277777777777779,4.28743961352657,4.2270531400966185,1.8853998926462694,0.4495437466451959,,0.13419216317767044,0.20799785292538917,
190,10.829307568438002,26.160762211486848,9.728931830381105,26.455984970477726,15.24422973698336,4.461889425657541,4.2203435319377345,2.1068169618894257,0.4495437466451959,,0.13419216317767044,0.20799785292538917,
191,10.943370907139023,26.154052603327965,9.681964573268921,26.321792807300053,15.217391304347826,4.461889425657541,4.206924315619967,2.2208803005904456,0.4495437466451959,,0.13419216317767044,0.20799785292538917,
192,10.976918947933441,26.06682769726248,9.796027911969942,26.247987117552334,15.197262479871176,4.441760601180891,4.206924315619967,2.254428341384863,0.46967257112184646,,0.13419216317767044,0.20799785292538917,
193,11.010466988727858,25.805152979066023,10.272410091250672,26.04669887278583,14.955716586151368,4.441760601180891,4.435050993022007,2.2208803005904456,0.46967257112184646,,0.13419216317767044,0.20799785292538917,
194,10.976918947933441,25.5703166935051,10.466988727858293,25.966183574879228,14.88191089640365,4.575952764358561,4.4820182501341925,2.2342995169082127,0.46967257112184646,,0.16774020397208803,0.20799785292538917,
195,10.943370907139023,25.462962962962962,10.34621578099839,25.966183574879228,14.861782071927,4.703435319377348,4.488727858293076,2.227589908749329,0.6239935587761675,,0.16774020397208803,0.20799785292538917,
196,10.976918947933441,25.42270531400966,10.279119699409554,25.717928073000536,14.861782071927,4.777241009125067,4.488727858293076,2.475845410628019,0.6239935587761675,,0.16774020397208803,0.20799785292538917,
197,10.950080515297907,25.234836285560924,10.59447128287708,25.577026301663984,14.834943639291465,4.777241009125067,4.461889425657541,2.5161030595813205,0.6776704240472357,,0.16774020397208803,0.20799785292538917,
198,11.010466988727858,25.228126677402038,10.560923242082662,25.429414922168544,14.834943639291465,4.777241009125067,4.448470209339774,2.6435856146001075,0.6910896403650026,,0.16774020397208803,0.20799785292538917,
199,10.976918947933441,24.94632313472893,10.7085346215781,26.039989264626946,14.533011272141707,4.64975845410628,4.448470209339774,2.6301663982823404,0.6642512077294686,,0.16774020397208803,0.23483628556092323,
200,11.05072463768116,24.852388620504563,10.72866344605475,25.99302200751476,14.53972088030059,4.690016103059581,4.42163177670424,2.657004830917874,0.6642512077294686,,0.16774020397208803,0.23483628556092323,
201,10.86285560923242,24.61755233494364,10.943370907139023,26.02657004830918,14.325013419216317,4.817498658078368,4.461889425657541,2.8784219001610305,0.6642512077294686,,0.16774020397208803,0.23483628556092323,
202,10.990338164251208,24.59742351046699,10.909822866344605,25.677670424047236,14.237788513150832,4.864465915190553,4.461889425657541,3.1602254428341383,0.6977992485238862,,0.16774020397208803,0.23483628556092323,
203,10.976918947933441,24.58400429414922,10.909822866344605,25.5703166935051,14.17740203972088,4.864465915190553,4.488727858293076,3.3279656468062266,0.6977992485238862,,0.16774020397208803,0.23483628556092323,
204,11.057434245840042,24.248523886205046,11.117820719269995,24.691358024691358,13.499731615673644,4.9651100375738055,5.6964573268921095,3.3279656468062266,0.8118625872249061,0.18115942028985507,0.16774020397208803,0.23483628556092323,
205,11.017176596886742,24.14787976382179,10.896403650026839,24.55716586151369,13.513150831991412,5.46833064949007,5.6964573268921095,3.307836822329576,0.8118625872249061,0.18115942028985507,0.16774020397208803,0.23483628556092323,
206,11.057434245840042,24.134460547504027,10.896403650026839,24.55716586151369,13.47289318303811,5.4549114331723025,5.6964573268921095,3.307836822329576,0.8387010198604401,0.18115942028985507,0.16774020397208803,0.23483628556092323,
207,11.064143853998926,23.98684916800859,10.775630703166936,24.12104133118626,13.539989264626946,5.448201825013419,5.917874396135265,3.7238325281803544,0.8387010198604401,0.18115942028985507,0.16774020397208803,0.23483628556092323,
208,11.104401502952227,23.839237788513152,10.648148148148149,24.094202898550726,13.526570048309178,5.535426731078905,6.146001073537305,3.683574879227053,0.8387010198604401,0.18115942028985507,0.16774020397208803,0.23483628556092323,
209,11.16478797638218,23.738593666129898,10.48040794417606,24.094202898550726,13.627214170692431,5.407944176060118,6.347289318303811,3.7037037037037037,0.8252818035426731,0.18115942028985507,0.16774020397208803,0.2616747181964573,
210,11.151368760064413,23.63123993558776,10.420021470746109,23.872785829307567,13.526570048309178,5.656199677938808,6.374127750939345,3.851315083199141,0.8252818035426731,0.18115942028985507,0.16774020397208803,0.3421900161030596,
211,11.285560923242082,23.557434245840042,10.466988727858293,23.65136876006441,13.47289318303811,5.642780461621041,6.561996779388084,3.844605475040258,0.8252818035426731,0.18115942028985507,0.16774020397208803,0.3421900161030596,
212,11.2788513150832,23.429951690821255,10.218733225979603,23.483628556092324,13.425925925925926,5.783682232957595,6.964573268921095,3.851315083199141,0.8722490606548577,0.18115942028985507,0.16774020397208803,0.3421900161030596,
213,11.238593666129898,23.2487922705314,10.399892646269459,23.47691894793344,13.43263553408481,5.8172302737520125,6.984702093397746,3.8378958668813743,0.8722490606548577,0.18115942028985507,0.16774020397208803,0.3421900161030596,
214,11.453301127214171,23.081052066559312,10.393183038110575,23.30246913580247,13.425925925925926,5.730005367686527,7.232957595276436,3.8177670424047236,0.8722490606548577,0.18115942028985507,0.16774020397208803,0.3421900161030596,
215,11.419753086419753,23.020665593129362,10.379763821792807,23.2487922705314,13.318572195383789,5.683038110574342,7.333601717659689,4.045893719806763,0.8588298443370908,0.18115942028985507,0.16774020397208803,0.3421900161030596,
216,11.533816425120772,22.832796564680624,10.399892646269459,23.11460010735373,13.258185721953838,5.897745571658615,7.4006977992485234,4.019055287171229,0.8588298443370908,0.18115942028985507,0.16774020397208803,0.33548040794417605,
217,11.594202898550725,22.7187332259796,10.433440687063875,23.22866344605475,13.117283950617283,5.917874396135265,7.353730542136339,4.092860976918948,0.8588298443370908,0.18115942028985507,0.16774020397208803,0.33548040794417605,
218,11.668008588298443,22.550993022007514,10.433440687063875,23.17498658078368,13.325281803542673,5.904455179817498,7.320182501341922,4.079441760601181,0.8588298443370908,0.18115942028985507,0.16774020397208803,0.33548040794417605,
219,11.782071926999464,22.497316156736446,10.473698336017177,23.11460010735373,13.298443370907139,5.904455179817498,7.306763285024155,4.079441760601181,0.8588298443370908,0.18115942028985507,0.16774020397208803,0.33548040794417605,
220,11.849168008588299,22.282608695652176,10.158346752549651,22.966988727858293,13.298443370907139,6.199677938808374,7.387278582930757,4.314278046162104,0.8588298443370908,0.18115942028985507,0.16774020397208803,0.33548040794417605,
221,11.902844873859367,22.282608695652176,10.144927536231885,22.953569511540525,13.271604938271604,6.199677938808374,7.387278582930757,4.314278046162104,0.8588298443370908,0.18115942028985507,0.16774020397208803,0.33548040794417605,
222,12.016908212560386,22.134997316156735,10.205314009661835,22.758990874932906,13.197799248523886,6.293612453032743,7.37385936661299,4.569243156199678,0.8588298443370908,0.08722490606548577,0.16774020397208803,0.33548040794417605,
223,12.077294685990339,22.088030059044552,9.923510466988727,22.530864197530864,13.18438003220612,6.327160493827161,7.924047235641439,4.49543746645196,0.8588298443370908,0.08722490606548577,0.16774020397208803,0.33548040794417605,
224,12.13768115942029,21.947128287707997,10.010735373054214,22.477187332259795,13.18438003220612,6.387546967257112,7.883789586688137,4.522275899087493,0.8588298443370908,0.08722490606548577,0.16774020397208803,0.33548040794417605,
225,12.130971551261407,21.89345142243693,9.990606548577563,22.41009125067096,13.385668276972625,6.3137412775093935,7.883789586688137,4.569243156199678,0.8319914117015567,0.08722490606548577,0.16774020397208803,0.33548040794417605,
226,12.151100375738057,21.692163177670423,10.292538915727322,22.705314009661837,13.318572195383789,6.213097155126141,7.64224369296833,4.562533548040794,0.8319914117015567,0.08722490606548577,0.16774020397208803,0.33548040794417605,
227,12.130971551261407,21.584809447128286,10.379763821792807,22.423510466988727,13.43263553408481,6.105743424584004,7.695920558239399,4.8376274825550185,0.8185721953837896,0.08722490606548577,0.16774020397208803,0.33548040794417605,
