,45,50,51,55,52,53,54,56,59,57,58
0,97.62479871175523,2.3752012882447664,,,,,,,,,
1,92.42485238862051,7.575147611379496,,,,,,,,,
2,92.48523886205045,7.514761137949543,,,,,,,,,
3,92.10950080515298,7.890499194847021,,,,,,,,,
4,92.10950080515298,7.890499194847021,,,,,,,,,
5,91.24396135265701,6.884057971014493,1.8719806763285025,,,,,,,,
6,91.25738056897477,5.636070853462158,3.1065485775630703,,,,,,,,
7,90.58641975308642,6.3070316693505095,3.1065485775630703,,,,,,,,
8,80.58239398819109,15.344873859366613,3.9184111647879765,0.15432098765432098,,,,,,,
9,79.83091787439614,16.163446054750402,3.851315083199141,0.15432098765432098,,,,,,,
10,53.5024154589372,46.343263553408484,,0.15432098765432098,,,,,,,
11,53.0931293612453,46.752549651100374,,0.15432098765432098,,,,,,,
12,53.234031132581855,46.61164787976382,,0.15432098765432098,,,,,,,
13,53.56280193236715,46.282877079978526,,0.15432098765432098,,,,,,,
14,49.094202898550726,50.637412775093935,,0.2683843263553409,,,,,,,
15,49.19484702093398,50.536768652710684,,0.2683843263553409,,,,,,,
16,44.49141170155663,55.24020397208803,,0.2683843263553409,,,,,,,
17,44.64573268921095,55.08588298443371,,0.2683843263553409,,,,,,,
18,40.56629092860977,46.55126140633387,12.090713902308105,0.7917337627482555,,,,,,,
19,36.460010735373054,42.914653784219,19.83360171765969,0.7917337627482555,,,,,,,
20,33.964036500268385,40.4723564143854,24.771873322597962,0.7917337627482555,,,,,,,
21,33.7157809983897,38.53327965646806,26.959205582393988,0.7917337627482555,,,,,,,
22,32.830112721417066,39.492753623188406,26.88539989264627,0.7917337627482555,,,,,,,
23,32.776435856146,39.31830381105743,26.36876006441224,0.7917337627482555,0.7447665056360708,,,,,,
24,32.749597423510465,39.21765968867418,25.187869028448738,0.7917337627482555,0.7447665056360708,0.28180354267310787,1.0265700483091786,,,,
25,32.94417606011809,39.07675791733763,25.13419216317767,0.7917337627482555,0.7447665056360708,0.28180354267310787,1.0265700483091786,,,,
26,31.904186795491142,37.533548040794415,26.174181427804616,0.7917337627482555,0.1878690284487386,2.38191089640365,1.0265700483091786,,,,
27,32.078636607622116,37.31213097155126,24.376006441223833,0.7917337627482555,0.1878690284487386,3.7372517444981215,1.5163714439076759,,,,
28,32.25308641975309,37.151100375738054,24.36929683306495,0.7917337627482555,0.1878690284487386,3.730542136339238,1.5163714439076759,,,,
29,32.54830917874396,36.83574879227053,24.879227053140095,1.2278582930756843,0.1878690284487386,2.7308105206655933,1.5901771336553945,,,,
30,32.57514761137949,36.83574879227053,24.879227053140095,1.2278582930756843,0.1878690284487386,2.703972088030059,1.5901771336553945,,,,
31,32.56843800322061,36.10440150295223,24.778582930756844,1.4492753623188406,0.15432098765432098,2.6972624798711755,2.24771873322598,,,,
32,32.70263016639828,36.00375738056898,24.745034889962426,1.4492753623188406,0.15432098765432098,2.6972624798711755,2.24771873322598,,,,
33,32.80327428878154,35.10466988727858,24.56387546967257,2.442297369833602,0.15432098765432098,2.6972624798711755,2.2342995169082127,,,,
34,32.09205582393988,35.87627482555019,24.510198604401502,2.4355877616747184,0.15432098765432098,2.6972624798711755,2.2342995169082127,,,,
35,32.306763285024154,35.601180891035966,24.436392914653783,2.4355877616747184,0.15432098765432098,2.167203435319377,2.898550724637681,,,,
36,31.749865807836823,31.394256575415994,20.544820182501343,1.442565754159957,7.454374664519592,4.750402576489533,2.6637144390767578,,,,
37,31.91760601180891,31.320450885668276,20.497852925389157,1.42914653784219,7.4208266237251745,4.750402576489533,2.6637144390767578,,,,
38,24.879227053140095,60.09125067096082,11.11111111111111,0.9057971014492754,,2.13365539452496,0.8789586688137413,,,,
39,25.07380568974772,59.5276435856146,11.104401502952227,1.3016639828234031,,2.1135265700483092,0.8789586688137413,,,,
40,24.86580783682233,54.05260332796565,11.023886205045626,1.2681159420289856,6.1929683306494905,1.7310789049919484,0.8655394524959742,,,,
41,25.07380568974772,53.91170155662909,10.983628556092324,1.2681159420289856,6.166129898013956,1.7310789049919484,0.8655394524959742,,,,
42,25.43612453032743,53.6634460547504,10.929951690821255,1.2681159420289856,6.119162640901771,1.7310789049919484,0.8521202361782072,,,,
43,25.5703166935051,53.52925389157273,10.929951690821255,1.2681159420289856,6.119162640901771,1.7310789049919484,0.8521202361782072,,,,
44,25.63070316693505,53.495705850778315,10.929951690821255,1.2681159420289856,6.092324208266238,1.7310789049919484,0.8521202361782072,,,,
45,25.83870101986044,53.193773483628554,10.86285560923242,1.2681159420289856,4.777241009125067,3.207192699946323,0.8521202361782072,,,,
46,23.389694041867955,52.67713365539453,14.264626945786366,1.415727321524423,4.777241009125067,2.9119699409554483,0.5636070853462157,,,,
47,23.356146001073537,48.83252818035427,14.231078904991948,3.5829307568438002,4.777241009125067,2.9119699409554483,2.3081052066559313,,,,
48,23.201825013419217,47.08132045088567,14.40552871712292,5.314009661835748,4.777241009125067,2.9119699409554483,2.3081052066559313,,,,
49,23.235373054213635,47.06119162640902,14.40552871712292,5.300590445517981,4.777241009125067,2.9119699409554483,2.3081052066559313,,,,
50,23.389694041867955,46.91358024691358,14.40552871712292,5.293880837359098,4.777241009125067,2.9119699409554483,2.3081052066559313,,,,
51,23.67149758454106,46.752549651100374,14.338432635534085,5.260332796564681,4.777241009125067,2.9119699409554483,2.2879763821792807,,,,
52,23.637949543746647,46.061460010735374,14.009661835748792,5.998389694041868,4.777241009125067,3.227321524422974,2.2879763821792807,,,,
53,23.637949543746647,45.94068706387547,14.002952227589908,5.998389694041868,4.904723564143854,3.227321524422974,2.2879763821792807,,,,
54,23.409822866344605,44.578636607622116,15.5126140633387,5.998389694041868,4.810789049919484,3.0595813204508855,2.6301663982823404,,,,
55,23.658078368223297,44.357219538378956,15.5126140633387,5.998389694041868,4.783950617283951,3.0595813204508855,2.6301663982823404,,,,
56,23.8191089640365,44.296833064949006,15.45222758990875,5.958132045088567,4.783950617283951,3.0595813204508855,2.6301663982823404,,,,
57,23.68491680085883,37.11755233494364,15.425389157273216,4.072732152442297,14.009661835748792,3.0595813204508855,2.6301663982823404,,,,
58,24.020397208803004,36.882716049382715,15.425389157273216,4.05931293612453,13.92914653784219,3.052871712292002,2.6301663982823404,,,,
59,24.241814278046164,36.82903918411165,15.351583467525497,4.05931293612453,13.862050456253355,3.0327428878153517,2.623456790123457,,,,
60,24.4296833064949,36.741814278046164,15.297906602254429,4.025764895330113,13.848631239935587,3.0327428878153517,2.623456790123457,,,,
61,24.778582930756844,36.37278582930757,15.083199141170155,4.025764895330113,13.808373590982287,3.0327428878153517,2.898550724637681,,,,
62,25.140901771336555,36.29898013955985,14.801395598497047,4.025764895330113,13.808373590982287,3.026033279656468,2.898550724637681,,,,
63,23.617820719269993,29.891304347826086,14.74771873322598,3.864734299516908,23.067632850241544,2.073268921095008,2.737520128824477,,,,
64,23.812399355877616,29.790660225442835,14.720880300590446,3.864734299516908,23.00053676865271,2.073268921095008,2.737520128824477,,,,
65,17.820719269994633,63.539989264626946,14.378690284487385,1.751207729468599,0.13419216317767044,0.46296296296296297,1.9122383252818036,,,,
66,18.035426731078903,63.32528180354267,14.378690284487385,1.751207729468599,0.13419216317767044,0.46296296296296297,1.9122383252818036,,,,
67,18.115942028985508,62.94283413848631,14.358561460010735,2.073268921095008,0.13419216317767044,0.46296296296296297,1.9122383252818036,,,,
68,18.397745571658614,62.70799785292539,14.351851851851851,2.033011272141707,0.13419216317767044,0.46296296296296297,1.9122383252818036,,,,
69,18.686258722490606,60.99704777241009,14.325013419216317,3.4822866344605474,0.13419216317767044,0.46296296296296297,1.9122383252818036,,,,
70,18.894256575415994,60.74208266237252,14.264626945786366,3.589640365002684,0.13419216317767044,0.46296296296296297,1.9122383252818036,,,,
71,19.129092860976918,60.54079441760601,14.231078904991948,3.589640365002684,0.13419216317767044,0.46296296296296297,1.9122383252818036,,,,
72,19.229736983360173,59.044551798174986,14.210950080515298,5.005367686527107,0.13419216317767044,0.46296296296296297,1.9122383252818036,,,,
73,14.351851851851851,54.29414922168545,23.07434245840043,5.931293612453032,,0.43612453032742887,1.9122383252818036,,,,
74,14.412238325281804,54.24718196457327,23.060923242082662,5.931293612453032,,0.43612453032742887,1.9122383252818036,,,,
75,14.754428341384862,50.335480407944175,23.060923242082662,5.475040257648954,,0.43612453032742887,5.938003220611916,,,,
76,14.9020397208803,49.39613526570049,22.497316156736446,6.052066559312936,,1.221148684916801,5.931293612453032,,,,
77,15.170424047235642,48.97342995169082,21.524422973698336,6.206387546967257,,1.221148684916801,5.931293612453032,0.9728931830381106,,,
78,15.26435856146001,48.960010735373054,21.517713365539453,6.1862587224906065,,1.221148684916801,5.877616747181965,0.9728931830381106,,,
79,15.68035426731079,48.631239935587764,21.443907675791735,6.179549114331723,,1.221148684916801,5.870907139023081,0.9728931830381106,,,
80,14.51959205582394,49.88593666129898,21.349973161567366,6.179549114331723,,1.221148684916801,5.870907139023081,0.9728931830381106,,,
81,14.566559312936125,49.3894256575416,21.336553945249598,6.642512077294686,,1.221148684916801,5.870907139023081,0.9728931830381106,,,
82,14.640365002683843,47.82608695652174,20.98094471282877,8.514492753623188,,1.1943102522812667,5.870907139023081,0.9728931830381106,,,
83,15.076489533011273,47.60466988727858,20.799785292538918,8.487654320987655,,1.1943102522812667,5.864197530864198,0.9728931830381106,,,
84,15.49248523886205,46.9068706387547,20.71256038647343,8.870101986044014,,1.1943102522812667,5.850778314546431,0.9728931830381106,,,
85,15.385131508319914,46.59151905528717,21.162104133118625,8.729200214707461,,1.1943102522812667,5.964841653247451,0.9728931830381106,,,
86,16.06280193236715,46.16881374127751,21.027911969940956,8.729200214707461,,1.1876006441223832,5.850778314546431,0.9728931830381106,,,
87,16.371443907675793,45.90713902308105,20.652173913043477,8.682232957595277,,1.1540526033279657,6.038647342995169,1.1943102522812667,,,
88,16.63311862587225,45.793075684380035,20.517981749865807,8.668813741277509,,1.1540526033279657,6.038647342995169,1.1943102522812667,,,
89,16.908212560386474,45.63204508856683,20.497852925389157,8.668813741277509,,1.1540526033279657,5.9447128287707995,1.1943102522812667,,,
90,17.163177670424048,45.52469135802469,20.491143317230275,8.53462157809984,,1.1540526033279657,5.938003220611916,1.1943102522812667,,,
91,17.297369833601717,45.46430488459474,20.45088566827697,8.514492753623188,,1.1540526033279657,5.924584004294149,1.1943102522812667,,,
92,17.599302200751477,45.35024154589372,20.343531937734838,8.454106280193237,,1.1540526033279657,5.904455179817498,1.1943102522812667,,,
93,17.76033279656468,44.860440150295226,19.51825013419216,8.333333333333334,0.7313472893183038,1.6975308641975309,5.904455179817498,1.1943102522812667,,,
94,17.941492216854535,44.639023081052066,19.51154052603328,8.413848631239935,0.7313472893183038,1.6975308641975309,5.870907139023081,1.1943102522812667,,,
95,17.94820182501342,43.907675791733766,19.30354267310789,9.346484165324744,0.7313472893183038,1.6975308641975309,5.870907139023081,1.1943102522812667,,,
96,18.203166935050994,43.78019323671498,19.276704240472355,9.245840042941492,0.7313472893183038,1.6975308641975309,5.870907139023081,1.1943102522812667,,,
97,18.323939881910896,43.67954911433172,19.26328502415459,9.23913043478261,0.7313472893183038,1.6975308641975309,5.870907139023081,1.1943102522812667,,,
98,18.377616747181964,43.646001073537306,18.96135265700483,9.520933977455716,0.7313472893183038,1.6975308641975309,5.870907139023081,1.1943102522812667,,,
99,18.833870101986044,43.263553408480945,18.907675791733762,9.514224369296834,0.7179280730005367,1.6975308641975309,5.870907139023081,1.1943102522812667,,,
100,18.632581857219538,40.633387010198604,18.370907139023082,11.829039184111648,0.7179280730005367,2.01959205582394,6.608964036500268,1.1876006441223832,,,
101,18.833870101986044,40.52603327965647,18.310520665593128,11.829039184111648,0.7179280730005367,2.01959205582394,6.575415995705851,1.1876006441223832,,,
102,18.65271068169619,38.22463768115942,18.250134192163177,14.439076757917338,0.7179280730005367,1.9927536231884058,6.5485775630703165,1.1741814278046163,,,
103,18.592324208266238,38.06360708534621,19.135802469135804,14.439076757917338,0.7179280730005367,1.3419216317767042,6.5485775630703165,1.1607622114868492,,,
104,18.760064412238325,38.02334943639291,19.135802469135804,14.31159420289855,0.7179280730005367,1.3419216317767042,6.5485775630703165,1.1607622114868492,,,
105,18.914385399892645,37.92270531400966,19.0955448201825,14.31159420289855,0.7179280730005367,1.3419216317767042,6.535158346752549,1.1607622114868492,,,
106,16.25067096081589,44.96779388083736,15.68035426731079,14.2914653784219,0.7179280730005367,1.2345679012345678,6.535158346752549,0.322061191626409,,,
107,16.27079978529254,44.71953837895867,15.646806226516372,14.566559312936125,0.7179280730005367,1.221148684916801,6.535158346752549,0.322061191626409,,,
108,16.53918411164788,44.55179817498658,15.599838969404187,14.512882447665056,0.7179280730005367,1.221148684916801,6.535158346752549,0.322061191626409,,,
109,16.505636070853463,44.00161030595813,15.425389157273216,15.351583467525497,0.7179280730005367,1.221148684916801,6.535158346752549,0.24154589371980675,,,
110,16.914922168545356,43.86070853462158,15.371712292002147,15.096618357487923,0.7179280730005367,1.221148684916801,6.367418142780462,0.24154589371980675,0.20799785292538917,,
111,17.06924315619968,43.77348362855609,15.331454643048845,15.069779924852389,0.7179280730005367,1.221148684916801,6.367418142780462,0.24154589371980675,0.20799785292538917,,
112,17.28395061728395,43.364197530864196,15.318035426731079,15.042941492216855,0.7179280730005367,1.221148684916801,6.280193236714976,0.5636070853462157,0.20799785292538917,,
113,17.424852388620504,43.263553408480945,15.318035426731079,15.042941492216855,0.7179280730005367,1.221148684916801,6.239935587761675,0.5636070853462157,0.20799785292538917,,
114,17.834138486312398,42.7133655394525,15.150295222758992,13.81508319914117,0.7112184648416533,2.8381642512077296,6.166129898013956,0.5636070853462157,0.20799785292538917,,
115,17.290660225442835,42.0625335480408,13.895598497047773,13.81508319914117,3.1602254428341383,2.8381642512077296,6.166129898013956,0.5636070853462157,0.20799785292538917,,
116,16.680085882984432,40.264358561460014,14.150563607085346,13.09044551798175,3.1602254428341383,2.8381642512077296,9.044551798174986,0.5636070853462157,0.20799785292538917,,
117,16.881374127750938,40.163714439076756,14.130434782608695,13.036768652710682,3.1602254428341383,2.8381642512077296,9.017713365539452,0.5636070853462157,0.20799785292538917,,
118,17.257112184648417,39.88191089640365,14.103596349973161,12.848899624261943,3.1602254428341383,2.999194847020934,8.977455716586151,0.5636070853462157,0.20799785292538917,,
119,17.357756307031668,39.81481481481482,14.076757917337627,12.842190016103059,3.1602254428341383,2.999194847020934,8.977455716586151,0.5636070853462157,0.20799785292538917,,
120,18.370907139023082,38.868760064412236,14.070048309178745,12.822061191626409,3.1602254428341383,2.9790660225442833,8.957326892109501,0.5636070853462157,0.20799785292538917,,
121,18.47826086956522,37.80193236714976,14.029790660225443,14.224369296833064,3.1602254428341383,2.9790660225442833,8.816425120772946,0.30193236714975846,0.20799785292538917,,
122,18.552066559312937,37.74825550187869,14.009661835748792,14.224369296833064,3.1602254428341383,2.9790660225442833,8.816425120772946,0.30193236714975846,0.20799785292538917,,
123,18.471551261406333,35.30595813204509,13.962694578636608,17.163177670424048,3.1468062265163717,2.9790660225442833,8.460815888352121,0.30193236714975846,0.20799785292538917,,
124,18.04213633923779,35.88298443370907,13.88888888888889,17.11621041331186,3.1468062265163717,2.965646806226516,8.447396672034353,0.30193236714975846,0.20799785292538917,,
125,17.62614063338701,34.91009125067096,13.996242619431026,18.4447128287708,3.1468062265163717,2.945517981749866,8.420558239398819,0.30193236714975846,0.20799785292538917,,
126,17.773752012882447,34.78931830381106,13.996242619431026,18.431293612453032,3.1468062265163717,2.932098765432099,8.420558239398819,0.30193236714975846,0.20799785292538917,,
127,17.894524959742352,34.76247987117552,13.996242619431026,18.397745571658614,3.012614063338701,3.052871712292002,8.373590982286634,0.30193236714975846,0.20799785292538917,,
128,18.08239398819109,34.54106280193237,13.996242619431026,18.203166935050994,3.012614063338701,3.0394524959742353,8.61513687600644,0.30193236714975846,0.20799785292538917,,
129,18.397745571658614,34.41358024691358,13.848631239935587,18.19645732689211,3.012614063338701,3.0394524959742353,8.581588835212024,0.30193236714975846,0.20799785292538917,,
130,18.438003220611915,34.265968867418145,13.83521202361782,17.780461621041333,3.012614063338701,3.656736446591519,8.501073537305421,0.30193236714975846,0.20799785292538917,,
131,18.391035963499732,34.25925925925926,13.83521202361782,17.780461621041333,3.012614063338701,3.656736446591519,7.897208803005904,0.30193236714975846,0.20799785292538917,0.6575415995705851,
132,18.00187869028449,33.675523349436396,12.560386473429952,17.176596886741816,2.952227589908749,5.5756843800322065,8.903650026838433,0.2885131508319914,0.20799785292538917,0.6575415995705851,
133,17.941492216854535,33.621846484165324,12.68786902844874,17.176596886741816,2.952227589908749,5.5756843800322065,8.890230810520666,0.2885131508319914,0.20799785292538917,0.6575415995705851,
134,18.075684380032207,33.55475040257649,12.654320987654321,17.250402576489535,2.952227589908749,5.475040257648954,8.883521202361782,0.2885131508319914,0.20799785292538917,0.6575415995705851,
135,18.263553408480945,33.48094471282877,12.620772946859903,17.20343531937735,2.9253891572732154,5.46833064949007,8.883521202361782,0.2885131508319914,0.20799785292538917,0.6575415995705851,
136,18.686258722490606,32.91733762748255,12.5402576489533,17.70665593129361,2.898550724637681,5.267042404723564,8.829844337090714,0.2885131508319914,0.20799785292538917,0.6575415995705851,
137,18.699677938808374,32.769726247987116,12.533548040794418,17.673107890499196,2.898550724637681,5.267042404723564,8.353462157809984,0.9393451422436929,0.20799785292538917,0.6575415995705851,
138,17.404723564143854,32.689210950080515,8.32662372517445,17.424852388620504,8.514492753623188,5.199946323134729,8.635265700483092,0.9393451422436929,0.20799785292538917,0.6575415995705851,
139,17.49194847020934,32.66237251744498,8.319914117015566,17.398013955984972,8.501073537305421,5.186527106816962,8.635265700483092,0.9393451422436929,0.20799785292538917,0.6575415995705851,
140,17.746913580246915,32.588566827697264,8.313204508856682,17.344337090713903,8.467525496511003,5.186527106816962,8.561460010735374,0.9259259259259259,0.20799785292538917,0.6575415995705851,
141,18.04884594739667,32.360440150295226,8.313204508856682,17.290660225442835,8.467525496511003,5.179817498658078,8.548040794417606,0.9259259259259259,0.20799785292538917,0.6575415995705851,
142,18.270263016639827,32.29334406870639,8.3064949006978,17.216854535695116,8.467525496511003,5.139559849704777,8.527911969940956,0.9259259259259259,0.20799785292538917,0.644122383252818,
143,18.659420289855074,31.850509930220074,8.3064949006978,16.874664519592056,8.427267847557703,5.139559849704777,8.964036500268385,0.9259259259259259,0.20799785292538917,0.644122383252818,
144,18.894256575415994,31.736446591519055,8.272946859903382,16.82769726247987,8.427267847557703,5.139559849704777,8.93719806763285,0.9125067096081588,0.20799785292538917,0.644122383252818,
145,19.176060118089104,31.662640901771336,8.225979602791197,16.78743961352657,8.413848631239935,5.0858829844337095,8.883521202361782,0.9125067096081588,0.20799785292538917,0.644122383252818,
146,19.37734836285561,31.394256575415994,8.158883521202362,16.6935050993022,8.413848631239935,5.387815351583468,8.876811594202898,0.8454106280193237,0.20799785292538917,0.644122383252818,
147,19.578636607622116,31.32716049382716,8.158883521202362,16.63311862587225,8.373590982286634,5.387815351583468,8.84326355340848,0.8454106280193237,0.20799785292538917,0.644122383252818,
148,19.665861513687602,31.21309715512614,8.259527643585615,16.566022544283413,8.373590982286634,5.387815351583468,8.836553945249598,0.8454106280193237,0.20799785292538917,0.644122383252818,
149,19.806763285024154,30.9447128287708,8.199141170155663,16.861245303274288,8.36688137412775,5.320719269994632,8.809715512614064,0.8454106280193237,0.20799785292538917,0.6374127750939346,
150,19.49812130971551,30.347557702630166,6.662640901771336,16.57944176060118,11.379495437466453,5.267042404723564,8.729200214707461,0.6910896403650026,0.20799785292538917,0.6374127750939346,
151,20.1959205582394,30.307300053676865,6.078904991948471,16.53918411164788,10.896403650026839,5.267042404723564,8.702361782071927,0.6910896403650026,0.20799785292538917,1.1137949543746646,
152,20.397208803005906,30.233494363929147,6.052066559312936,16.512345679012345,10.876274825550189,5.24020397208803,8.702361782071927,0.6910896403650026,0.20799785292538917,1.0869565217391304,
153,20.50456253354804,30.12614063338701,6.152710681696189,16.485507246376812,10.876274825550189,5.186527106816962,8.682232957595277,0.6910896403650026,0.20799785292538917,1.0869565217391304,
154,20.86688137412775,30.04562533548041,6.152710681696189,16.284219001610307,10.869565217391305,5.152979066022544,8.662104133118627,0.6709608158883521,0.20799785292538917,1.0869565217391304,
155,20.974235104669887,29.95169082125604,6.152710681696189,16.183574879227052,10.869565217391305,5.152979066022544,8.53462157809984,0.8856682769726248,0.20799785292538917,1.0869565217391304,
156,21.088298443370906,29.911433172302736,6.139291465378422,16.14331723027375,10.869565217391305,5.152979066022544,8.53462157809984,0.8856682769726248,0.20799785292538917,1.06682769726248,
157,21.195652173913043,29.736983360171767,6.139291465378422,15.821256038647343,10.856146001073537,5.045625335480408,9.044551798174986,0.8856682769726248,0.20799785292538917,1.06682769726248,
158,21.26274825550188,29.73027375201288,6.119162640901771,15.807836822329575,10.829307568438002,5.2066559312936125,9.044551798174986,0.8856682769726248,0.20799785292538917,0.9057971014492754,
159,21.64519592055824,29.602791196994094,6.0587761674718195,15.72061191626409,10.742082662372518,5.2066559312936125,9.024422973698336,0.8856682769726248,0.20799785292538917,0.9057971014492754,
160,21.960547504025765,29.455179817498657,6.031937734836285,15.68035426731079,10.701825013419215,5.186527106816962,8.984165324745035,0.8856682769726248,0.20799785292538917,0.9057971014492754,
161,22.128287707997853,29.435050993022006,6.031937734836285,15.666935050993022,10.567632850241546,5.186527106816962,8.984165324745035,0.8856682769726248,0.20799785292538917,0.9057971014492754,
162,22.403381642512077,29.341116478797638,5.9447128287707995,15.660225442834138,10.547504025764896,5.139559849704777,8.964036500268385,0.8856682769726248,0.20799785292538917,0.9057971014492754,
163,22.61808910359635,28.911701556629094,5.938003220611916,15.962157809983896,10.493827160493828,5.119431025228127,8.957326892109501,0.8856682769726248,0.20799785292538917,0.9057971014492754,
164,22.69189479334407,28.69699409554482,5.931293612453032,16.183574879227052,10.453569511540525,5.0993022007514766,8.943907675791733,0.8856682769726248,0.20799785292538917,0.9057971014492754,
165,22.879763821792807,28.56280193236715,5.924584004294149,16.14331723027375,10.453569511540525,5.0993022007514766,8.93719806763285,0.8856682769726248,0.20799785292538917,0.9057971014492754,
166,23.10789049919485,28.556092324208265,5.924584004294149,15.98899624261943,10.453569511540525,5.0993022007514766,8.883521202361782,0.8722490606548577,0.20799785292538917,0.9057971014492754,
167,23.14814814814815,28.361513687600645,5.924584004294149,15.821256038647343,10.426731078904991,5.032206119162641,9.29951690821256,0.8722490606548577,0.20799785292538917,0.9057971014492754,
168,23.483628556092324,28.267579173376276,5.904455179817498,15.713902308105206,10.399892646269459,4.99194847020934,9.252549651100376,0.8722490606548577,0.20799785292538917,0.9057971014492754,
169,23.537305421363392,28.247450348899623,5.904455179817498,15.687063875469672,10.399892646269459,4.99194847020934,9.245840042941492,0.8722490606548577,0.20799785292538917,0.9057971014492754,
170,23.637949543746647,28.193773483628558,5.870907139023081,15.687063875469672,10.38647342995169,4.99194847020934,9.245840042941492,0.8722490606548577,0.20799785292538917,0.9057971014492754,
171,23.859366612989803,28.113258185721953,5.756843800322061,15.673644659151906,10.373054213633925,4.99194847020934,9.245840042941492,0.8722490606548577,0.20799785292538917,0.9057971014492754,
172,24.060654857756308,27.965646806226516,5.730005367686527,15.660225442834138,10.359634997316157,4.99194847020934,9.245840042941492,0.8722490606548577,0.20799785292538917,0.9057971014492754,
173,23.852657004830917,27.51610305958132,5.730005367686527,14.163982823403114,10.332796564680622,4.99194847020934,11.426462694578637,0.8722490606548577,0.20799785292538917,0.9057971014492754,
174,24.013687600644122,27.469135802469136,5.689747718733226,14.150563607085346,10.319377348362856,4.99194847020934,11.399624261943103,0.8722490606548577,0.20799785292538917,0.8856682769726248,
175,24.241814278046164,27.4422973698336,5.689747718733226,14.150563607085346,10.111379495437467,4.99194847020934,11.238593666129898,1.0399892646269457,0.20799785292538917,0.8856682769726248,
176,24.261943102522814,27.38191089640365,5.5689747718733225,14.150563607085346,10.037573805689748,4.9651100375738055,11.18491680085883,1.0399892646269457,0.5434782608695652,0.8655394524959742,
177,24.67793880837359,27.361782071927,5.5689747718733225,14.11701556629093,10.037573805689748,4.9651100375738055,11.097691894793345,1.0399892646269457,0.5434782608695652,0.5904455179817498,
178,24.698067632850243,27.254428341384862,5.5689747718733225,13.761406333870102,10.131508319914117,4.9651100375738055,11.506977992485238,0.9796027911969941,0.5434782608695652,0.5904455179817498,
179,24.818840579710145,27.214170692431562,5.5689747718733225,13.727858293075684,10.11808910359635,4.9651100375738055,11.473429951690822,0.9796027911969941,0.5434782608695652,0.5904455179817498,
180,24.785292538915726,26.858561460010737,5.5689747718733225,14.11701556629093,10.11808910359635,4.9651100375738055,11.473429951690822,0.9796027911969941,0.5434782608695652,0.5904455179817498,
181,25.248255501878692,26.704240472356414,5.4549114331723025,14.707461084272678,9.96376811594203,4.944981213097155,10.86285560923242,0.9796027911969941,0.5434782608695652,0.5904455179817498,
182,25.44283413848631,26.663982823403114,5.4549114331723025,14.694041867954912,9.856414385399892,4.931561996779388,10.849436392914654,0.9796027911969941,0.5434782608695652,0.5837359098228664,
183,25.59044551798175,26.650563607085346,5.4549114331723025,14.63365539452496,9.782608695652174,4.931561996779388,10.849436392914654,0.9796027911969941,0.5434782608695652,0.5837359098228664,
184,25.738056897477186,26.610305958132045,5.441492216854535,14.61352657004831,9.769189479334408,4.891304347826087,10.829307568438002,0.9796027911969941,0.5434782608695652,0.5837359098228664,
185,25.959473966720342,26.576757917337627,5.407944176060118,14.49946323134729,9.769189479334408,4.87788513150832,10.802469135802468,0.9796027911969941,0.5434782608695652,0.5837359098228664,
186,26.261406333870102,26.247987117552334,5.360976918947934,14.51959205582394,9.722222222222221,4.978529253891573,10.802469135802468,0.9796027911969941,0.5434782608695652,0.5837359098228664,
187,26.39559849704777,25.704508856682768,5.340848094471283,14.418947933440688,9.708803005904455,5.548845947396672,10.775630703166936,0.9796027911969941,0.5434782608695652,0.5837359098228664,
188,26.630434782608695,25.637412775093935,5.340848094471283,14.398819108964037,9.695383789586689,5.508588298443371,10.721953837895867,0.9796027911969941,0.5032206119162641,0.5837359098228664,
189,27.113526570048307,25.55018786902845,5.3341384863123995,14.345142243692969,9.534353193773484,5.401234567901234,10.654857756307031,0.9796027911969941,0.5032206119162641,0.5837359098228664,
190,26.86527106816962,25.026838432635532,5.3341384863123995,14.096886741814279,9.500805152979066,5.401234567901234,11.708266237251744,0.9796027911969941,0.5032206119162641,0.5837359098228664,
191,27.01959205582394,24.9194847020934,5.293880837359098,14.096886741814279,9.500805152979066,5.394524959742351,11.708266237251744,0.9796027911969941,0.5032206119162641,0.5837359098228664,
192,27.033011272141707,24.818840579710145,5.293880837359098,13.875469672571121,9.500805152979066,5.394524959742351,12.016908212560386,0.9796027911969941,0.5032206119162641,0.5837359098228664,
193,27.126945786366075,24.765163714439076,5.287171229200215,13.841921631776705,9.500805152979066,5.394524959742351,12.016908212560386,0.9796027911969941,0.5032206119162641,0.5837359098228664,
194,24.94632313472893,20.94068706387547,4.8376274825550185,12.560386473429952,9.098228663446054,13.781535158346752,11.3593666129898,1.402308105206656,0.5032206119162641,0.5703166935050993,
195,25.046967257112186,20.8870101986044,4.8376274825550185,12.5402576489533,9.098228663446054,13.781535158346752,11.332528180354267,1.402308105206656,0.5032206119162641,0.5703166935050993,
196,25.107353730542137,20.86688137412775,4.327697262479871,12.4597423510467,9.098228663446054,14.479334406870638,11.20504562533548,1.402308105206656,0.4830917874396135,0.5703166935050993,
197,25.221417069243156,20.8467525496511,4.327697262479871,12.419484702093397,9.084809447128288,14.452495974235104,11.198336017176597,1.3955984970477724,0.4830917874396135,0.5703166935050993,
198,25.409286097691894,20.799785292538918,4.327697262479871,12.419484702093397,9.044551798174986,14.371980676328503,11.178207192699947,1.3955984970477724,0.4830917874396135,0.5703166935050993,
199,25.711218464841654,20.397208803005906,4.320987654320987,12.265163714439076,8.997584541062801,14.694041867954912,11.16478797638218,1.3955984970477724,0.4830917874396135,0.5703166935050993,
200,25.95276435856146,20.25630703166935,4.320987654320987,12.265163714439076,8.970746108427267,14.63365539452496,11.151368760064413,1.3955984970477724,0.4830917874396135,0.5703166935050993,
201,26.127214170692433,20.25630703166935,4.294149221685454,12.265163714439076,8.970746108427267,14.761137949543746,10.876274825550189,1.3955984970477724,0.4830917874396135,0.5703166935050993,
202,26.120504562533547,20.2361782071927,4.294149221685454,12.13768115942029,8.836553945249598,14.754428341384862,10.849436392914654,1.7176596886741815,0.4830917874396135,0.5703166935050993,
203,26.35534084809447,20.21604938271605,4.294149221685454,12.110842726784755,8.80300590445518,14.74771873322598,10.721953837895867,1.7176596886741815,0.46296296296296297,0.5703166935050993,
204,26.341921631776703,20.162372517444982,4.294149221685454,12.084004294149223,9.03113258185722,14.626945786366075,10.721953837895867,1.7176596886741815,0.4562533548040794,0.5636070853462157,
205,26.39559849704777,20.148953301127214,4.294149221685454,12.084004294149223,9.024422973698336,14.626945786366075,10.68840579710145,1.7176596886741815,0.4562533548040794,0.5636070853462157,
206,26.455984970477726,20.101986044015028,4.294149221685454,11.842458400429415,9.024422973698336,14.593397745571659,10.668276972624799,1.9994632313472893,0.4562533548040794,0.5636070853462157,
207,26.52308105206656,20.04830917874396,4.294149221685454,11.842458400429415,9.01100375738057,14.593397745571659,10.668276972624799,1.9994632313472893,0.4562533548040794,0.5636070853462157,
208,26.120504562533547,19.860440150295222,4.005636070853462,11.936392914653783,10.084541062801932,14.331723027375201,10.587761674718196,1.865271068169619,0.4562533548040794,0.5636070853462157,0.1878690284487386
209,26.33521202361782,19.83360171765969,3.9855072463768115,11.929683306494901,9.970477724100913,14.298174986580785,10.587761674718196,1.8518518518518519,0.4562533548040794,0.5636070853462157,0.1878690284487386
210,26.44927536231884,19.773215244229736,3.9855072463768115,11.902844873859367,9.970477724100913,14.298174986580785,10.560923242082662,1.8518518518518519,0.4562533548040794,0.5636070853462157,0.1878690284487386
211,26.757917337627482,19.746376811594203,3.9855072463768115,11.902844873859367,9.86983360171766,14.204240472356414,10.473698336017177,1.8518518518518519,0.4562533548040794,0.5636070853462157,0.1878690284487386
212,26.939076757917338,19.726247987117553,3.9720880300590444,11.83574879227053,9.86983360171766,14.13714439076758,10.46027911969941,1.8518518518518519,0.4562533548040794,0.5636070853462157,0.1878690284487386
213,26.96591519055287,19.618894256575416,3.9519592055823938,11.688137412775093,9.708803005904455,14.103596349973161,10.72866344605475,2.0263016639828235,0.4562533548040794,0.5636070853462157,0.1878690284487386
214,27.033011272141707,19.592055823939884,3.9519592055823938,11.305689747718732,10.158346752549651,13.996242619431026,10.72866344605475,2.0263016639828235,0.4562533548040794,0.5636070853462157,0.1878690284487386
215,27.26113794954375,19.538378958668815,3.9318303811057436,11.305689747718732,10.124798711755233,13.92914653784219,10.7085346215781,2.0263016639828235,0.4227053140096618,0.5636070853462157,0.1878690284487386
216,27.012882447665056,19.981213097155127,3.878153515834675,11.218464841653248,10.124798711755233,13.902308105206655,10.681696188942565,2.0263016639828235,0.4227053140096618,0.5636070853462157,0.1878690284487386
217,27.093397745571657,19.95437466451959,3.911701556629093,11.218464841653248,10.124798711755233,13.902308105206655,10.621309715512615,1.9994632313472893,0.4227053140096618,0.5636070853462157,0.1878690284487386
218,27.17391304347826,19.94766505636071,3.911701556629093,11.20504562533548,10.0979602791197,13.875469672571121,10.621309715512615,1.9927536231884058,0.4227053140096618,0.5636070853462157,0.1878690284487386
219,27.34836285560923,19.51154052603328,3.8915727321524423,10.950080515297907,10.064412238325282,13.747987117552334,11.3191089640365,1.9927536231884058,0.4227053140096618,0.5636070853462157,0.1878690284487386
220,27.42216854535695,19.484702093397747,3.8915727321524423,10.950080515297907,10.030864197530864,13.734567901234568,11.3191089640365,1.9927536231884058,0.4227053140096618,0.5636070853462157,0.1878690284487386
221,27.30139559849705,18.907675791733762,3.8848631239935587,11.694847020933977,10.030864197530864,13.7211486849168,11.292270531400966,1.9927536231884058,0.4227053140096618,0.5636070853462157,0.1878690284487386
222,27.42216854535695,18.867418142780462,3.8848631239935587,11.688137412775093,10.030864197530864,13.687600644122384,11.252012882447666,1.9927536231884058,0.4227053140096618,0.5636070853462157,0.1878690284487386
223,27.24771873322598,18.867418142780462,4.676596886741814,11.66129898013956,9.50751476113795,13.633923778851315,11.238593666129898,1.9927536231884058,0.4227053140096618,0.5636070853462157,0.1878690284487386
224,27.42216854535695,18.746645195920557,4.676596886741814,11.641170155662909,9.473966720343531,13.633923778851315,11.238593666129898,1.9927536231884058,0.4227053140096618,0.5636070853462157,0.1878690284487386
225,27.334943639291467,18.719806763285025,4.663177670424047,11.426462694578637,8.984165324745035,14.492753623188406,11.211755233494364,1.9927536231884058,0.4227053140096618,0.5636070853462157,0.1878690284487386
226,27.542941492216855,18.666129898013956,4.616210413311863,11.419753086419753,8.950617283950617,14.472624798711756,11.16478797638218,1.9927536231884058,0.4227053140096618,0.5636070853462157,0.1878690284487386
227,27.563070316693505,18.471551261406333,4.616210413311863,11.057434245840042,8.950617283950617,15.08990874932904,11.084272678475577,1.9927536231884058,0.4227053140096618,0.5636070853462157,0.1878690284487386
228,27.84487385936661,18.337359098228664,4.616210413311863,11.003757380568974,8.923778851315083,14.727589908749328,11.07085346215781,1.9927536231884058,0.4227053140096618,0.8722490606548577,0.1878690284487386
229,28.073000536768653,18.263553408480945,4.5893719806763285,10.976918947933441,8.923778851315083,14.640365002683843,11.057434245840042,1.9927536231884058,0.4227053140096618,0.8722490606548577,0.1878690284487386
230,28.14680622651637,18.263553408480945,4.5893719806763285,10.976918947933441,8.910359634997317,14.579978529253891,11.057434245840042,1.9927536231884058,0.4227053140096618,0.8722490606548577,0.1878690284487386
231,28.381642512077295,18.21658615136876,4.582662372517445,10.970209339774557,8.910359634997317,14.579978529253891,10.943370907139023,1.9927536231884058,0.39586688137412773,0.8387010198604401,0.1878690284487386
232,28.428609769189478,18.21658615136876,4.555823939881911,10.970209339774557,8.910359634997317,14.55984970477724,10.943370907139023,1.9927536231884058,0.39586688137412773,0.8387010198604401,0.1878690284487386
233,28.60305958132045,18.169618894256576,4.555823939881911,10.95679012345679,8.896940418679549,14.51959205582394,10.88298443370907,1.9927536231884058,0.39586688137412773,0.8387010198604401,0.1878690284487386
234,28.864734299516908,18.089103596349972,4.448470209339774,10.95679012345679,8.896940418679549,14.445786366076222,10.88298443370907,1.9927536231884058,0.39586688137412773,0.8387010198604401,0.1878690284487386
235,29.01905528717123,18.04213633923779,4.448470209339774,10.896403650026839,8.896940418679549,14.40552871712292,10.876274825550189,1.9927536231884058,0.39586688137412773,0.8387010198604401,0.1878690284487386
236,29.09957058507783,18.02871712292002,4.448470209339774,10.896403650026839,8.896940418679549,14.338432635534085,10.876274825550189,1.9927536231884058,0.39586688137412773,0.8387010198604401,0.1878690284487386
237,29.166666666666668,18.02871712292002,4.42163177670424,10.896403650026839,8.890230810520666,14.338432635534085,10.849436392914654,1.9860440150295222,0.39586688137412773,0.8387010198604401,0.1878690284487386
238,29.2337627482555,18.00858829844337,4.42163177670424,10.889694041867955,8.890230810520666,14.452495974235104,10.715244229736983,1.9659151905528718,0.39586688137412773,0.8387010198604401,0.1878690284487386
239,29.334406870638755,17.96833064949007,4.42163177670424,10.889694041867955,8.890230810520666,14.452495974235104,10.668276972624799,1.9659151905528718,0.39586688137412773,0.8252818035426731,0.1878690284487386
240,29.408212560386474,17.96833064949007,4.414922168545357,10.876274825550189,8.876811594202898,14.445786366076222,10.63472893183038,1.9659151905528718,0.39586688137412773,0.8252818035426731,0.1878690284487386
241,29.542404723564143,17.961621041331185,4.408212560386473,10.876274825550189,8.849973161567364,14.371980676328503,10.61460010735373,1.9659151905528718,0.39586688137412773,0.8252818035426731,0.1878690284487386
242,29.05931293612453,17.404723564143854,4.408212560386473,10.782340311325818,8.849973161567364,14.17740203972088,11.956521739130435,1.9524959742351047,0.39586688137412773,0.8252818035426731,0.1878690284487386
243,29.186795491143318,17.384594739667204,4.374664519592056,10.782340311325818,8.82313472893183,14.150563607085346,11.943102522812667,1.9524959742351047,0.39586688137412773,0.8185721953837896,0.1878690284487386
244,29.260601180891037,17.371175523349436,4.374664519592056,10.775630703166936,8.82313472893183,14.13714439076758,11.902844873859367,1.9524959742351047,0.39586688137412773,0.8185721953837896,0.1878690284487386
