,45,50,53,51,54,55,52,56,58
0,85.91653247450348,13.747987117552334,0.33548040794417605,,,,,,
1,85.99704777241008,13.667471819645733,0.33548040794417605,,,,,,
2,68.62587224906065,29.180085882984432,0.322061191626409,0.8655394524959742,1.0064412238325282,,,,
3,65.24422973698336,30.609232420826622,0.322061191626409,2.818035426731079,1.0064412238325282,,,,
4,63.6406333870102,32.25308641975309,0.322061191626409,2.7777777777777777,1.0064412238325282,,,,
5,60.628019323671495,35.69511540526033,,2.6704240472356413,1.0064412238325282,,,,
6,58.319914117015564,38.00322061191626,,2.6704240472356413,1.0064412238325282,,,,
7,58.46081588835212,37.86231884057971,,2.6704240472356413,1.0064412238325282,,,,
8,58.722490606548575,37.38593666129898,0.32877079978529256,2.657004830917874,0.8521202361782072,0.05367686527106817,,,
9,58.61513687600644,37.493290391841114,0.32877079978529256,2.657004830917874,0.8521202361782072,0.05367686527106817,,,
10,58.68894256575416,37.285292538915726,0.32877079978529256,2.804616210413312,0.8387010198604401,0.05367686527106817,,,
11,50.4495437466452,30.112721417069242,0.10064412238325282,12.473161567364466,0.4092860976918948,0.05367686527106817,6.400966183574879,,
12,43.947933440687066,36.00375738056898,1.8451422436929683,12.473161567364466,0.4092860976918948,0.05367686527106817,5.267042404723564,,
13,40.79441760601181,34.326355340848096,1.7847557702630166,17.364465915190554,0.4092860976918948,0.05367686527106817,5.267042404723564,,
14,41.10976918947934,34.286097691894796,1.7646269457863661,17.10950080515298,0.4092860976918948,0.05367686527106817,5.267042404723564,,
15,37.003488996242616,38.479602791196996,1.7646269457863661,17.028985507246375,0.4092860976918948,0.05367686527106817,5.260332796564681,,
16,36.030595813204506,37.084004294149224,1.7646269457863661,19.424315619967793,0.4092860976918948,0.05367686527106817,5.233494363929147,,
17,31.32716049382716,31.159420289855074,0.785024154589372,32.340311325818575,0.14090177133655393,,4.247181964573269,,
18,31.696188942565755,30.9044551798175,0.7380568974771873,32.27321524422974,0.14090177133655393,,4.247181964573269,,
19,31.54186795491143,31.186258722490606,0.7380568974771873,32.18599033816425,0.14090177133655393,,4.206924315619967,,
20,31.61567364465915,30.629361245303276,1.8719806763285025,31.40096618357488,0.020128824476650563,,4.193505099302201,0.2683843263553409,
21,31.83709071390231,28.63660762211487,1.865271068169619,31.072195383789587,0.24154589371980675,,6.078904991948471,0.2683843263553409,
22,32.347020933977454,28.368223295759528,1.865271068169619,30.844068706387546,0.24154589371980675,,6.0654857756307035,0.2683843263553409,
23,32.10547504025765,27.992485238862052,1.8585614600107354,31.54186795491143,0.24154589371980675,,6.011808910359635,0.24825550187869028,
24,32.407407407407405,27.905260332796566,1.8317230273752012,31.387546967257112,0.24154589371980675,,5.978260869565218,0.24825550187869028,
25,32.30005367686527,27.34165324745035,1.8250134192163177,32.1256038647343,0.24154589371980675,,5.917874396135265,0.24825550187869028,
26,32.56843800322061,27.126945786366075,2.871712292002147,32.024959742351044,0.24154589371980675,,4.918142780461621,0.24825550187869028,
27,32.1256038647343,26.207729468599034,2.8113258185721954,33.48765432098765,0.24154589371980675,,4.87788513150832,0.24825550187869028,
28,32.41411701556629,26.10708534621578,2.8113258185721954,33.36688137412775,0.24154589371980675,,4.810789049919484,0.24825550187869028,
29,32.39398819108964,26.630434782608695,2.7844873859366612,32.98443370907139,0.24154589371980675,,4.7168545356951155,0.24825550187869028,
30,33.10520665593129,26.147342995169083,2.7844873859366612,32.87707997852925,0.24154589371980675,,4.5960815888352125,0.24825550187869028,
31,33.32662372517445,26.08695652173913,2.7442297369833604,32.6556629092861,0.24154589371980675,0.10064412238325282,4.5960815888352125,0.24825550187869028,
32,29.180085882984432,27.428878153515836,2.7442297369833604,34.634997316156735,0.24154589371980675,0.10064412238325282,5.421363392377885,0.24825550187869028,
33,28.455448201825014,26.41572732152442,1.0869565217391304,39.861782071927,0.24154589371980675,,3.6902844873859366,0.24825550187869028,
34,28.878153515834676,26.241277509393452,1.0869565217391304,39.61352657004831,0.24154589371980675,,3.6902844873859366,0.24825550187869028,
35,22.832796564680624,31.696188942565755,5.870907139023081,35.507246376811594,0.15432098765432098,,3.643317230273752,0.2952227589908749,
36,22.094739667203434,31.266774020397207,4.51556629092861,37.875738056897475,0.15432098765432098,,3.797638217928073,0.2952227589908749,
37,22.52415458937198,30.95813204508857,4.488727858293076,37.0504562533548,0.9259259259259259,,3.797638217928073,0.2549651100375738,
38,22.819377348362856,30.844068706387546,2.636876006441224,36.81561996779388,0.9259259259259259,,5.703166935050993,0.2549651100375738,
39,22.73215244229737,30.24020397208803,2.6301663982823404,35.43344068706388,0.9259259259259259,,7.7831454643048845,0.2549651100375738,
40,22.48389694041868,29.871175523349436,2.5295222758990876,31.89747718733226,0.5837359098228664,0.20799785292538917,12.23161567364466,0.19457863660762212,
41,22.893183038110575,29.78395061728395,2.522812667740204,31.53515834675255,0.5703166935050993,0.20799785292538917,12.157809983896941,0.32877079978529256,
42,23.403113258185723,29.55582393988191,2.522812667740204,31.300322061191626,0.5703166935050993,0.20799785292538917,12.124261943102523,0.3153515834675255,
43,23.711755233494365,29.414922168545356,2.522812667740204,31.105743424584006,0.8454106280193237,0.20799785292538917,11.876006441223833,0.3153515834675255,
44,22.5577026301664,26.402308105206657,2.7844873859366612,35.06441223832528,0.8387010198604401,0.20799785292538917,11.829039184111648,0.3153515834675255,
45,20.947396672034355,28.046162104133117,2.7643585614600106,35.07783145464305,0.8387010198604401,0.20799785292538917,11.802200751476114,0.3153515834675255,
46,20.853462157809982,27.730810520665592,2.7509393451422435,35.507246376811594,0.8319914117015567,0.20799785292538917,11.802200751476114,0.3153515834675255,
47,21.651905528717123,27.47584541062802,2.737520128824477,35.06441223832528,0.8319914117015567,0.20799785292538917,11.714975845410628,0.3153515834675255,
48,18.92109500805153,32.910628019323674,2.7106816961889426,29.958400429414922,0.8252818035426731,0.20799785292538917,14.150563607085346,0.3153515834675255,
49,19.51154052603328,32.628824476650564,2.7106816961889426,28.61647879763822,0.8118625872249061,0.20799785292538917,15.197262479871176,0.3153515834675255,
50,19.98792270531401,32.306763285024154,2.6637144390767578,28.348094471282877,1.0802469135802468,0.20799785292538917,15.08990874932904,0.3153515834675255,
51,20.169082125603865,31.756575415995705,2.6637144390767578,27.616747181964573,2.536231884057971,0.20799785292538917,14.734299516908212,0.3153515834675255,
52,19.189479334406872,35.621309715512616,2.623456790123457,25.43612453032743,2.536231884057971,0.20799785292538917,14.070048309178745,0.3153515834675255,
53,19.484702093397747,35.41331186258722,2.623456790123457,25.36231884057971,2.536231884057971,0.20799785292538917,14.056629092860977,0.3153515834675255,
54,19.176060118089104,34.93022007514761,4.53569511540526,25.369028448738593,2.522812667740204,0.0067096081588835215,13.144122383252817,0.3153515834675255,
55,15.921900161030596,28.37493290391841,2.073268921095008,34.31964573268921,2.952227589908749,0.0067096081588835215,16.15673644659152,0.19457863660762212,
56,16.532474503488995,28.099838969404185,3.180354267310789,33.44739667203435,2.7442297369833604,0.0067096081588835215,15.794417606011809,0.19457863660762212,
57,17.330917874396135,27.851583467525497,3.180354267310789,33.24610842726785,2.4490069779924855,0.0067096081588835215,15.74074074074074,0.19457863660762212,
58,17.807300053676865,27.529522275899087,3.180354267310789,33.12533548040794,2.120236178207193,0.0067096081588835215,16.035963499731615,0.19457863660762212,
59,18.5252281266774,27.113526570048307,3.180354267310789,32.910628019323674,2.1068169618894257,0.0067096081588835215,15.962157809983896,0.19457863660762212,
60,18.411164787976382,26.932367149758456,2.147074610842727,34.628287707997856,2.0531400966183573,0.0067096081588835215,15.626677402039721,0.19457863660762212,
61,18.853998926462694,26.724369296833064,2.1269457863660763,34.534353193773484,2.0128824476650564,0.0067096081588835215,15.546162104133119,0.19457863660762212,
62,19.545088566827697,26.56333870101986,2.1269457863660763,34.044551798174986,2.3349436392914655,0.0067096081588835215,15.183843263553408,0.19457863660762212,
63,16.646537842190018,34.88996242619431,2.254428341384863,30.079173376274827,2.2946859903381642,0.0067096081588835215,13.633923778851315,0.19457863660762212,
64,16.941760601180892,34.80273752012882,2.2208803005904456,29.99194847020934,2.2946859903381642,0.0067096081588835215,13.546698872785829,0.19457863660762212,
65,17.05582393988191,34.42028985507246,2.214170692431562,31.884057971014492,1.7176596886741815,0.0067096081588835215,12.513419216317766,0.1878690284487386,
66,11.896135265700483,43.303811057434245,1.9659151905528718,28.609769189479334,1.6639828234031133,0.6709608158883521,11.701556629092861,0.1878690284487386,
67,12.392646269457863,43.08910359634997,1.9659151905528718,28.361513687600645,1.6639828234031133,0.6709608158883521,11.668008588298443,0.1878690284487386,
68,11.325818572195384,41.71363392377885,1.9659151905528718,30.67632850241546,1.6035963499731616,0.644122383252818,11.882716049382717,0.1878690284487386,
69,12.030327428878154,41.43183038110574,1.9592055823939882,30.35426731078905,1.6035963499731616,0.644122383252818,11.788781535158346,0.1878690284487386,
70,12.379227053140097,41.14331723027375,2.589908749329039,29.582662372517444,1.6035963499731616,0.8185721953837896,11.694847020933977,0.1878690284487386,
71,12.674449812130971,41.035963499731615,2.5697799248523885,29.334406870638755,1.6035963499731616,1.06682769726248,11.52710681696189,0.1878690284487386,
72,12.661030595813205,33.943907675791735,9.655126140633387,28.85131508319914,2.227589908749329,1.0534084809447128,11.419753086419753,0.1878690284487386,
73,12.848899624261943,33.7962962962963,9.655126140633387,28.482286634460547,2.227589908749329,1.3821792807300053,11.419753086419753,0.1878690284487386,
74,13.318572195383789,33.621846484165324,9.594739667203436,28.30112721417069,2.227589908749329,1.3821792807300053,11.366076221148685,0.1878690284487386,
75,14.351851851851851,32.8972088030059,9.453837895866881,28.133387010198604,2.227589908749329,1.3821792807300053,11.366076221148685,0.1878690284487386,
76,13.305152979066023,27.999194847020934,9.219001610305957,22.591250670960815,3.33467525496511,0.8856682769726248,22.29602791196994,0.1878690284487386,0.18115942028985507
77,14.110305958132045,27.697262479871174,7.03166935050993,22.208803005904453,3.3279656468062266,0.8856682769726248,24.530327428878152,0.1878690284487386,0.020128824476650563
78,14.700751476113794,27.462426194310254,7.018250134192163,21.631776704240472,3.307836822329576,1.2278582930756843,24.44310252281267,0.1878690284487386,0.020128824476650563
79,15.009393451422437,27.15378421900161,7.9106280193236715,20.79307568438003,3.3011272141706924,1.2278582930756843,24.302200751476114,0.28180354267310787,0.020128824476650563
80,15.291196994095545,27.012882447665056,8.07836822329576,20.263016639828233,3.2742887815351582,1.5096618357487923,24.268652710681696,0.28180354267310787,0.020128824476650563
81,15.371712292002147,24.060654857756308,8.917069243156199,18.699677938808374,7.675791733762749,1.5096618357487923,23.463499731615673,0.28180354267310787,0.020128824476650563
82,15.83467525496511,23.859366612989803,8.883521202361782,18.61916264090177,7.64224369296833,1.5096618357487923,23.349436392914654,0.28180354267310787,0.020128824476650563
83,16.358024691358025,23.72517444981213,8.870101986044014,18.54535695115405,7.615405260332796,1.4895330112721417,23.09447128287708,0.28180354267310787,0.020128824476650563
84,16.6935050993022,23.698336017176597,8.829844337090714,18.491680085882983,7.5281803542673105,1.4895330112721417,22.966988727858293,0.28180354267310787,0.020128824476650563
85,17.09608158883521,23.637949543746647,8.769457863660762,18.42458400429415,7.4006977992485234,1.4895330112721417,22.879763821792807,0.28180354267310787,0.020128824476650563
86,16.659957058507782,20.155662909286097,8.541331186258722,30.797101449275363,6.78341384863124,1.4626945786366077,15.297906602254429,0.28180354267310787,0.020128824476650563
87,16.76731078904992,18.813741277509394,8.527911969940956,27.690552871712292,11.285560923242082,1.4626945786366077,15.163714439076758,0.2683843263553409,0.020128824476650563
88,16.780730005367687,18.760064412238325,8.501073537305421,27.831454643048847,11.252012882447666,1.4626945786366077,14.855072463768115,0.5434782608695652,0.013419216317767043
89,16.21712292002147,18.491680085882983,8.085077831454644,27.536231884057973,11.017176596886742,1.4626945786366077,16.63311862587225,0.5434782608695652,0.013419216317767043
90,16.75389157273215,18.397745571658614,7.950885668276973,27.388620504562535,10.970209339774557,1.4626945786366077,16.532474503488995,0.5300590445517982,0.013419216317767043
91,16.646537842190018,18.766774020397207,7.863660762211487,27.34165324745035,10.909822866344605,1.4626945786366077,16.465378421900162,0.5300590445517982,0.013419216317767043
92,16.72705314009662,18.14278046162104,4.05931293612453,26.482823403113258,10.654857756307031,1.4626945786366077,21.940418679549115,0.5300590445517982,
93,15.445517981749866,15.271068169618895,3.911701556629093,20.705850778314545,8.038110574342458,2.563070316693505,33.53462157809984,0.5300590445517982,
94,15.841384863123993,15.11003757380569,3.911701556629093,20.632045088566827,8.017981749865807,2.563070316693505,33.40713902308105,0.5166398282340311,
95,16.25067096081589,15.002683843263553,3.911701556629093,20.52469135802469,7.98443370907139,2.563070316693505,33.24610842726785,0.5166398282340311,
96,16.834406870638755,15.002683843263553,3.911701556629093,20.45088566827697,7.722758990874933,2.5429414922168547,33.01798174986581,0.5166398282340311,
97,17.042404723564143,14.982555018786902,4.106280193236715,20.155662909286097,7.702630166398282,2.5429414922168547,32.628824476650564,0.8387010198604401,
98,17.538915727321523,14.908749329039184,3.9720880300590444,20.155662909286097,7.595276435856146,2.5161030595813205,32.47450348899624,0.8387010198604401,
99,18.12265163714439,14.680622651637144,3.9720880300590444,20.021470746108427,7.561728395061729,2.5026838432635534,32.30005367686527,0.8387010198604401,
100,18.59903381642512,14.492753623188406,3.9720880300590444,20.001341921631777,7.541599570585078,2.5026838432635534,32.05179817498658,0.8387010198604401,
101,17.2638217928073,11.83574879227053,6.427804616210413,29.159957058507782,3.8714439076757916,1.8585614600107354,28.99892646269458,0.5837359098228664,
102,14.486044015029522,7.320182501341922,5.844068706387547,40.74074074074074,3.488996242619431,0.9393451422436929,26.596886741814277,0.5837359098228664,
103,14.741009125067096,7.320182501341922,5.776972624798712,39.412238325281805,3.488996242619431,0.9393451422436929,26.56333870101986,1.7579173376274826,
104,15.136876006441224,7.313472893183038,5.71658615136876,39.07675791733763,3.4688674181427803,0.9393451422436929,26.40901771336554,1.9390767579173376,
105,15.68035426731079,7.27992485238862,5.71658615136876,38.93585614600107,3.33467525496511,0.9393451422436929,26.194310252281266,1.9189479334406871,
106,15.962157809983896,7.253086419753086,5.683038110574342,38.2313472893183,3.2742887815351582,0.9393451422436929,26.06682769726248,2.589908749329039,
107,16.458668813741276,7.226247987117552,5.387815351583468,38.117283950617285,3.260869565217391,0.9125067096081588,26.04669887278583,2.589908749329039,
108,16.6935050993022,7.212828770799785,5.991680085882985,37.80864197530864,3.079710144927536,0.8990874932903918,25.731347289318304,2.5831991411701556,
109,17.57246376811594,7.118894256575416,5.964841653247451,37.063875469672574,3.784219001610306,0.8990874932903918,25.013419216317768,2.5831991411701556,
110,18.08239398819109,6.857219538378959,5.448201825013419,35.43344068706388,3.6366076221148687,0.8990874932903918,26.214439076757916,3.4286097691894795,
111,17.98845947396672,6.723027375201288,5.441492216854535,34.56119162640902,3.6097691894793345,2.3215244229736984,25.925925925925927,3.4286097691894795,
112,17.954911433172303,6.723027375201288,7.917337627482555,33.682232957595275,3.6097691894793345,2.3081052066559313,25.006709608158882,2.7979066022544283,
113,18.793612453032743,6.588835212023618,7.9039184111647875,33.17901234567901,3.603059581320451,2.2879763821792807,24.84567901234568,2.7979066022544283,
114,19.0552871712292,6.5485775630703165,7.843531937734836,32.930756843800324,3.589640365002684,2.522812667740204,24.718196457326894,2.791196994095545,
115,19.45786366076221,6.488191089640365,7.816693505099302,32.729468599033815,3.569511540526033,2.844873859366613,24.308910359634996,2.7844873859366612,
116,19.93424584004294,6.461352657004831,7.769726247987117,32.31347289318304,3.535963499731616,2.831454643048846,24.208266237251745,2.945517981749866,
117,18.894256575415994,6.005099302200751,17.09608158883521,31.32716049382716,2.952227589908749,2.945517981749866,18.99490069779925,1.7847557702630166,
118,18.417874396135264,5.971551261406334,17.028985507246375,31.17283950617284,2.952227589908749,3.180354267310789,19.49141170155663,1.7847557702630166,
119,19.384057971014492,5.924584004294149,16.928341384863124,30.790391841116477,2.9388083735909825,3.1199677938808374,19.129092860976918,1.7847557702630166,
120,20.108695652173914,5.850778314546431,13.150831991411701,30.54884594739667,2.898550724637681,3.099838969404187,22.5577026301664,1.7847557702630166,
121,20.35024154589372,5.837359098228664,13.110574342458401,30.461621041331185,2.885131508319914,3.046162104133119,22.52415458937198,1.7847557702630166,
122,20.819914117015568,5.837359098228664,12.99651100375738,30.19994632313473,2.885131508319914,3.046162104133119,22.450348899624263,1.7646269457863661,
123,21.26274825550188,5.837359098228664,12.848899624261943,29.810789049919485,2.9924852388620504,3.0394524959742353,21.866612989801396,2.341653247450349,
124,19.685990338164252,5.837359098228664,12.184648416532475,34.99060654857756,2.5966183574879227,2.9723564143853998,19.390767579173378,2.341653247450349,
125,20.041599570585078,5.750134192163178,12.084004294149223,34.66183574879227,2.5831991411701556,3.307836822329576,19.229736983360173,2.341653247450349,
126,18.4849704777241,4.643048845947397,10.138217928073,38.29173376274826,2.200751476113795,3.3011272141706924,20.974235104669887,1.9659151905528718,
127,19.00161030595813,4.643048845947397,10.091250670960816,37.88915727321525,2.1739130434782608,3.3011272141706924,20.933977455716587,1.9659151905528718,
128,19.538378958668815,4.643048845947397,10.091250670960816,37.78851315083199,2.1739130434782608,3.2340311325818574,20.598497047772412,1.932367149758454,
129,15.70048309178744,3.743961352657005,10.373054213633925,50.046967257112186,1.6505636070853462,2.885131508319914,14.016371443907676,1.583467525496511,
130,12.74825550187869,3.535963499731616,10.044283413848632,60.66156736446592,1.2144390767579174,1.8183038110574343,9.232420826623725,0.7447665056360708,
131,12.25174449812131,3.321256038647343,11.05072463768116,61.70826623725174,1.2144390767579174,1.6170155662909287,8.588298443370908,0.24825550187869028,
132,12.661030595813205,3.307836822329576,11.017176596886742,61.40633387010199,1.2144390767579174,1.6170155662909287,8.527911969940956,0.24825550187869028,
133,12.560386473429952,3.3011272141706924,10.171765968867419,62.02361782071927,1.1473429951690821,3.8915727321524423,6.655931293612453,0.24825550187869028,
134,12.815351583467525,3.3011272141706924,10.158346752549651,61.78878153515835,1.1473429951690821,3.8848631239935587,6.655931293612453,0.24825550187869028,
135,13.56682769726248,3.3011272141706924,10.138217928073,60.61460010735373,1.1473429951690821,4.341116478797638,6.642512077294686,0.24825550187869028,
136,13.741277509393452,3.3011272141706924,15.827965646806227,53.77079978529254,1.1473429951690821,5.152979066022544,6.608964036500268,0.4495437466451959,
137,14.083467525496511,3.294417606011809,15.774288781535159,53.535963499731615,1.1473429951690821,5.10601180891036,6.608964036500268,0.4495437466451959,
138,14.432367149758454,3.0595813204508855,11.721685453569512,52.321524422973695,1.4559849704777241,5.10601180891036,11.453301127214171,0.4495437466451959,
139,13.768115942028986,2.1068169618894257,11.688137412775093,52.19404186795491,1.1473429951690821,5.065754159957058,13.580246913580247,0.4495437466451959,
140,14.38539989264627,2.1068169618894257,11.439881910896403,51.939076757917334,1.1473429951690821,5.052334943639291,13.479602791196994,0.4495437466451959,
141,13.821792807300053,2.073268921095008,11.701556629092861,52.39533011272142,1.1473429951690821,4.998658078368224,13.419216317767042,0.4428341384863124,
142,12.526838432635534,2.073268921095008,8.561460010735374,57.447665056360705,2.0128824476650564,4.602791196994096,12.352388620504563,0.4227053140096618,
143,9.5276435856146,0.6910896403650026,7.85024154589372,64.30488459473966,1.9994632313472893,4.052603327965647,11.151368760064413,0.4227053140096618,
144,9.883252818035427,0.6910896403650026,7.843531937734836,64.00966183574879,1.9994632313472893,4.052603327965647,11.097691894793345,0.4227053140096618,
145,10.131508319914117,0.6910896403650026,7.843531937734836,63.828502415458935,1.9994632313472893,4.045893719806763,11.037305421363392,0.4227053140096618,
146,10.567632850241546,0.6910896403650026,7.749597423510467,63.62050456253355,1.9994632313472893,4.032474503488996,10.963499731615673,0.3757380568974772,
147,10.768921095008052,0.6910896403650026,8.53462157809984,63.0300590445518,1.9994632313472893,3.9184111647879765,10.299248523886206,0.7581857219538379,
148,11.3593666129898,0.6910896403650026,8.487654320987655,62.09742351046699,2.2745571658615136,3.9049919484702094,10.299248523886206,0.8856682769726248,
149,11.674718196457327,0.6910896403650026,8.433977455716587,60.31266774020397,2.428878153515835,3.878153515834675,10.23215244229737,2.3483628556092326,
150,12.238325281803542,0.6910896403650026,8.433977455716587,59.76247987117552,2.3617820719269993,4.019055287171229,10.171765968867419,2.3215244229736984,
151,12.734836285560924,0.6910896403650026,8.427267847557703,59.33977455716586,2.3617820719269993,3.9989264626945786,10.124798711755233,2.3215244229736984,
152,13.513150831991412,0.6843800322061192,8.407139023081053,58.68894256575416,2.3617820719269993,3.9720880300590444,10.050993022007514,2.3215244229736984,
153,13.841921631776705,0.6843800322061192,8.99087493290392,57.84353193773484,2.5496511003757383,3.797638217928073,9.970477724100913,2.3215244229736984,
154,14.11701556629093,0.6843800322061192,8.870101986044014,57.6959205582394,2.5496511003757383,3.797638217928073,9.96376811594203,2.3215244229736984,
155,14.97584541062802,0.6843800322061192,8.829844337090714,56.76999463231347,2.5496511003757383,4.005636070853462,9.88996242619431,2.2946859903381642,
156,14.794685990338165,0.5837359098228664,8.387010198604402,57.058507783145465,2.509393451422437,3.9452495974235107,10.426731078904991,2.2946859903381642,
157,15.029522275899087,0.5367686527106817,8.380300590445518,56.74986580783682,2.509393451422437,4.1129898013955986,10.38647342995169,2.2946859903381642,
158,15.499194847020934,0.5367686527106817,8.293075684380032,56.105743424584006,3.6366076221148687,4.1129898013955986,9.534353193773484,2.281266774020397,
159,16.109769189479334,0.5367686527106817,8.232689210950081,55.75013419216318,3.6097691894793345,4.072732152442297,9.520933977455716,2.167203435319377,
160,16.411701556629094,0.5300590445517982,8.232689210950081,55.28046162104133,3.844605475040258,4.072732152442297,9.4873859366613,2.1403650026838434,
161,16.774020397208805,0.5300590445517982,8.192431561996779,55.02549651100376,3.844605475040258,4.052603327965647,9.440418679549115,2.1403650026838434,
162,17.216854535695116,0.5300590445517982,8.13875469672571,54.73698336017176,3.8378958668813743,4.032474503488996,9.386741814278047,2.120236178207193,
163,17.98845947396672,0.5300590445517982,8.09849704777241,54.106280193236714,3.8043478260869565,4.005636070853462,9.346484165324744,2.120236178207193,
164,18.4044551798175,0.5166398282340311,7.877079978529254,53.72383252818035,3.797638217928073,4.2270531400966185,9.333064949006978,2.120236178207193,
165,19.082125603864736,0.5166398282340311,7.769726247987117,53.33467525496511,3.797638217928073,4.2270531400966185,9.151905528717123,2.120236178207193,
166,19.618894256575416,0.5166398282340311,7.6623725174449815,52.93880837359098,3.7640901771336552,4.2270531400966185,9.151905528717123,2.120236178207193,
167,19.665861513687602,0.5166398282340311,8.004562533548041,52.41545893719807,3.992216854535695,4.1532474503489,9.131776704240472,2.120236178207193,
168,20.088566827697264,0.5166398282340311,7.957595276435856,52.14707461084273,3.9318303811057436,4.133118625872249,9.104938271604938,2.120236178207193,
169,21.021202361782073,0.5166398282340311,7.877079978529254,51.42243692968331,3.911701556629093,4.106280193236715,9.057971014492754,2.086688137412775,
170,21.24261943102523,0.5166398282340311,7.62211486849168,50.89237788513151,3.878153515834675,4.2270531400966185,9.561191626409018,2.059849704777241,
171,21.40365002683843,0.5166398282340311,7.62211486849168,50.09393451422437,4.62962962962963,4.159957058507783,9.514224369296834,2.059849704777241,
172,21.370101986044016,0.5166398282340311,7.27992485238862,49.88593666129898,4.4753086419753085,4.005636070853462,10.406602254428341,2.059849704777241,
173,21.692163177670423,0.5166398282340311,7.273215244229737,49.65780998389694,4.435050993022007,3.9989264626945786,10.36634460547504,2.059849704777241,
174,21.920289855072465,0.5166398282340311,7.25979602791197,49.5504562533548,4.435050993022007,3.9720880300590444,10.285829307568438,2.059849704777241,
175,21.70558239398819,0.5166398282340311,7.192699946323135,48.75872249060655,5.669618894256575,3.9720880300590444,10.124798711755233,2.059849704777241,
176,22.356414385399894,0.5166398282340311,7.159151905528717,48.168276972624795,5.669618894256575,3.965378421900161,10.124798711755233,2.0397208803005906,
177,22.396672034353195,0.5166398282340311,7.159151905528717,47.98040794417606,5.669618894256575,3.9318303811057436,10.305958132045088,2.0397208803005906,
178,22.36983360171766,0.5166398282340311,8.59500805152979,47.0276435856146,5.669618894256575,3.8915727321524423,9.628287707997853,2.301395598497048,
179,22.356414385399894,0.5166398282340311,8.541331186258722,45.74610842726785,5.662909286097692,5.280461621041331,9.594739667203436,2.301395598497048,
180,20.38378958668814,0.27509393451422437,8.433977455716587,49.785292538915726,5.307300053676865,4.374664519592056,9.138486312399356,2.301395598497048,
181,20.699141170155663,0.2683843263553409,8.420558239398819,49.44981213097155,5.508588298443371,4.274020397208803,9.091519055287172,2.2879763821792807,
182,20.96081588835212,0.2683843263553409,8.400429414922169,49.22839506172839,5.508588298443371,4.274020397208803,9.07139023081052,2.2879763821792807,
183,20.77294685990338,0.2683843263553409,8.373590982286634,50.63070316693505,4.4753086419753085,4.240472356414386,8.957326892109501,2.281266774020397,
184,20.933977455716587,0.2683843263553409,8.460815888352121,50.42270531400966,4.468599033816425,4.233762748255502,8.930488459473967,2.281266774020397,
185,21.00107353730542,0.2683843263553409,8.729200214707461,49.382716049382715,4.327697262479871,4.186795491143317,9.903381642512077,2.200751476113795,
186,21.256038647342994,0.2683843263553409,8.199141170155663,48.78556092324208,5.300590445517981,4.126409017713366,9.903381642512077,2.1604938271604937,
187,21.464036500268385,0.2683843263553409,8.11862587224906,48.61782071926999,5.374396135265701,4.126409017713366,9.86983360171766,2.1604938271604937,
188,21.450617283950617,0.2683843263553409,7.635534084809447,48.22866344605475,5.374396135265701,4.05931293612453,10.829307568438002,2.15378421900161,
189,21.484165324745035,0.2683843263553409,7.575147611379496,47.36983360171766,6.568706387546968,3.92512077294686,10.654857756307031,2.15378421900161,
190,21.672034353193773,0.24154589371980675,7.575147611379496,47.04777241009125,6.568706387546968,3.92512077294686,10.63472893183038,2.3349436392914655,
191,22.208803005904453,0.24154589371980675,7.548309178743962,46.70558239398819,6.488191089640365,3.8848631239935587,10.587761674718196,2.3349436392914655,
192,22.32957595276436,0.24154589371980675,7.058507783145465,46.4975845410628,6.488191089640365,3.8848631239935587,11.16478797638218,2.3349436392914655,
193,22.77241009125067,0.24154589371980675,6.991411701556629,45.8870101986044,6.8035426731078905,3.8848631239935587,11.084272678475577,2.3349436392914655,
194,23.007246376811594,0.24154589371980675,6.971282877079979,45.73268921095008,6.78341384863124,3.844605475040258,11.084272678475577,2.3349436392914655,
195,23.396403650026837,0.24154589371980675,6.944444444444445,45.48443370907139,6.769994632313473,3.844605475040258,10.997047772410092,2.3215244229736984,
196,23.792270531400966,0.24154589371980675,6.9310252281266775,45.169082125603865,6.756575415995706,3.8378958668813743,10.950080515297907,2.3215244229736984,
197,24.08078368223296,0.23483628556092323,6.884057971014493,44.947665056360705,6.756575415995706,3.8378958668813743,10.93666129898014,2.3215244229736984,
198,24.416264090177133,0.23483628556092323,6.863929146537842,44.57192699946323,6.723027375201288,4.012345679012346,10.889694041867955,2.2879763821792807,
199,24.84567901234568,0.23483628556092323,6.810252281266774,44.29012345679013,6.66935050993022,4.012345679012346,10.849436392914654,2.2879763821792807,
200,22.564412238325282,0.23483628556092323,5.636070853462158,50.28180354267311,5.743424584004294,3.9855072463768115,9.380032206119163,2.1739130434782608,
201,23.101180891035963,0.23483628556092323,5.589103596349974,49.77858293075684,5.481749865807837,4.320987654320987,9.31964573268921,2.1739130434782608,
202,23.45679012345679,0.23483628556092323,5.589103596349974,49.47665056360709,5.4616210413311865,4.320987654320987,9.286097691894794,2.1739130434782608,
203,23.597691894793343,0.23483628556092323,5.501878690284487,49.16129898013956,5.441492216854535,4.609500805152979,9.27938808373591,2.1739130434782608,
204,24.06736446591519,0.23483628556092323,5.488459473966721,48.74530327428878,5.407944176060118,4.602791196994096,9.27938808373591,2.1739130434782608,
205,24.22168545356951,0.23483628556092323,5.441492216854535,47.14170692431562,5.381105743424584,4.40150295222759,11.003757380568974,2.1739130434782608,
206,24.698067632850243,0.23483628556092323,5.381105743424584,46.89345142243693,5.253623188405797,4.394793344068707,10.976918947933441,2.167203435319377,
207,25.046967257112186,0.23483628556092323,5.35426731078905,46.77938808373591,5.253623188405797,4.361245303274289,10.802469135802468,2.167203435319377,
208,25.509930220075148,0.23483628556092323,5.347557702630167,46.423778851315085,5.038915727321524,4.341116478797638,10.748792270531402,2.3550724637681157,
209,25.738056897477186,0.2281266774020397,5.320719269994632,46.121846484165324,5.038915727321524,4.341116478797638,10.86285560923242,2.3483628556092326,
210,26.268115942028984,0.2281266774020397,5.246913580246914,45.799785292538914,5.025496511003757,4.300858829844337,10.782340311325818,2.3483628556092326,
211,26.623725174449813,0.2281266774020397,5.22007514761138,45.61862587224906,5.01207729468599,4.247181964573269,10.701825013419215,2.3483628556092326,
212,27.167203435319376,0.20799785292538917,5.213365539452496,45.370370370370374,4.978529253891573,4.2270531400966185,10.487117552334944,2.3483628556092326,
213,27.086688137412775,0.20799785292538917,5.501878690284487,45.229468599033815,4.938271604938271,4.2270531400966185,10.46027911969941,2.3483628556092326,
214,27.522812667740205,0.20799785292538917,5.501878690284487,44.947665056360705,4.85775630703167,4.193505099302201,10.433440687063875,2.3349436392914655,
215,27.77777777777778,0.20799785292538917,5.622651637144391,44.77992485238862,4.723564143853999,4.186795491143317,10.406602254428341,2.2946859903381642,
216,28.079710144927535,0.20799785292538917,5.58239398819109,44.59205582393988,4.676596886741814,4.159957058507783,10.406602254428341,2.2946859903381642,
217,28.32125603864734,0.20799785292538917,5.555555555555555,44.20960815888352,4.676596886741814,4.159957058507783,10.352925389157273,2.5161030595813205,
218,28.743961352657006,0.20799785292538917,5.528717122920021,44.02173913043478,4.643048845947397,4.1129898013955986,10.25228126677402,2.4892646269457863,
219,29.01905528717123,0.20799785292538917,5.515297906602254,43.874127750939344,4.810789049919484,4.0995705850778315,10.010735373054214,2.462426194310252,
220,29.448470209339774,0.20799785292538917,5.844068706387547,43.223295759527645,4.750402576489533,4.072732152442297,9.990606548577563,2.462426194310252,
221,29.53569511540526,0.14761137949543746,6.743156199677939,42.579173376274824,4.528985507246377,4.072732152442297,9.96376811594203,2.428878153515835,
222,29.70343531937735,0.14761137949543746,6.709608158883521,42.310789049919485,4.750402576489533,4.072732152442297,9.876543209876543,2.428878153515835,
223,29.414922168545356,0.14761137949543746,6.709608158883521,41.968599033816425,4.690016103059581,4.622920021470746,10.017444981213098,2.428878153515835,
224,29.70343531937735,0.14761137949543746,6.991411701556629,41.720343531937736,4.5893719806763285,4.549114331723027,9.936929683306495,2.3617820719269993,
225,29.750402576489535,0.14761137949543746,6.937734836285561,40.552871712292,4.3478260869565215,5.233494363929147,10.681696188942565,2.3483628556092326,
226,29.87788513150832,0.14761137949543746,6.9243156199677935,40.371712292002144,4.3478260869565215,5.340848094471283,10.641438539989265,2.3483628556092326,
227,30.18652710681696,0.14761137949543746,6.890767579173376,40.24422973698336,4.28743961352657,5.293880837359098,10.628019323671497,2.3215244229736984,
228,30.300590445517983,0.14761137949543746,7.14573268921095,39.91545893719807,4.28743961352657,5.293880837359098,10.607890499194847,2.301395598497048,
229,30.401234567901234,0.14761137949543746,7.132313472893183,39.85507246376812,4.280730005367687,5.287171229200215,10.601180891035963,2.2946859903381642,
230,30.67632850241546,0.14761137949543746,7.098765432098766,39.63365539452496,4.280730005367687,5.287171229200215,10.581052066559312,2.2946859903381642,
231,30.83064949006978,0.14761137949543746,6.91760601180891,39.492753623188406,4.327697262479871,5.22007514761138,10.768921095008052,2.2946859903381642,
232,31.226516371443907,0.14761137949543746,6.870638754696726,39.29817498658078,4.253891572732153,5.193236714975845,10.715244229736983,2.2946859903381642,
233,31.642512077294686,0.14761137949543746,6.863929146537842,39.05662909286098,4.139828234031133,5.159688674181428,10.61460010735373,2.3752012882447664,
234,31.769994632313473,0.14761137949543746,6.837090713902308,39.00295222758991,4.139828234031133,5.139559849704777,10.601180891035963,2.3617820719269993,
235,31.99812130971551,0.14761137949543746,6.837090713902308,38.95598497047772,4.139828234031133,5.139559849704777,10.554213633923778,2.227589908749329,
236,31.340579710144926,0.14761137949543746,6.837090713902308,39.86849168008588,4.139828234031133,4.951690821256038,10.487117552334944,2.227589908749329,
237,31.53515834675255,0.14761137949543746,6.837090713902308,39.61352657004831,4.139828234031133,5.0791733762748255,10.44015029522276,2.2074610842726785,
238,31.984702093397747,0.14761137949543746,6.8035426731078905,39.27133655394525,4.139828234031133,5.045625335480408,10.44015029522276,2.167203435319377,
239,32.058507783145465,0.14761137949543746,6.8035426731078905,38.75469672571122,4.4753086419753085,5.233494363929147,10.379763821792807,2.147074610842727,
240,32.37385936661299,0.14761137949543746,6.8035426731078905,38.446054750402574,4.4753086419753085,5.233494363929147,10.379763821792807,2.1403650026838434,
241,32.11218464841653,0.14761137949543746,6.702898550724638,38.26489533011272,4.233762748255502,5.233494363929147,11.16478797638218,2.1403650026838434,
242,32.15244229736983,0.14761137949543746,8.655394524959743,36.272141706924316,4.233762748255502,5.233494363929147,11.16478797638218,2.1403650026838434,
243,32.31347289318304,0.14761137949543746,8.655394524959743,36.10440150295223,4.488727858293076,5.213365539452496,10.970209339774557,2.1068169618894257,
244,32.54159957058508,0.14761137949543746,8.561460010735374,36.05743424584004,4.455179817498658,5.199946323134729,10.929951690821255,2.1068169618894257,
245,32.52818035426731,0.14761137949543746,8.521202361782072,35.20531400966183,4.26731078904992,5.199946323134729,12.050456253354804,2.0799785292538915,
246,32.608695652173914,0.14761137949543746,8.480944712828771,35.017444981213096,4.435050993022007,5.199946323134729,12.030327428878154,2.0799785292538915,
247,32.88378958668814,0.14761137949543746,8.433977455716587,34.91009125067096,4.435050993022007,5.146269457863661,11.98336017176597,2.059849704777241,
248,33.19243156199678,0.14761137949543746,8.407139023081053,34.72222222222222,4.435050993022007,5.0858829844337095,11.956521739130435,2.0531400966183573,
249,33.77616747181965,0.14761137949543746,8.313204508856682,34.306226516371446,4.42163177670424,5.072463768115942,11.936392914653783,2.0263016639828235,
250,34.11835748792271,0.14761137949543746,8.266237251744498,34.17874396135266,4.367954911433173,5.038915727321524,11.862587224906065,2.01959205582394,
251,34.56119162640902,0.14761137949543746,8.111916264090176,34.064680622651636,4.3545356951154055,4.998658078368224,11.79549114331723,1.9659151905528718,
252,34.62157809983897,0.14761137949543746,8.105206655931294,33.91035963499731,4.528985507246377,4.985238862050457,11.748523886205046,1.9524959742351047,
253,34.78931830381106,0.14761137949543746,8.09849704777241,33.82984433709071,4.508856682769726,4.9718196457326895,11.701556629092861,1.9524959742351047,
254,35.17176596886742,0.14761137949543746,8.038110574342458,33.373590982286636,4.4753086419753085,4.958400429414922,11.674718196457327,2.1604938271604937,
255,35.30595813204509,0.14761137949543746,8.038110574342458,33.07836822329576,4.468599033816425,5.186527106816962,11.647879763821793,2.1269457863660763,
256,35.41331186258722,0.14761137949543746,8.031400966183575,33.011272141706925,4.468599033816425,5.166398282340311,11.647879763821793,2.1135265700483092,
257,35.54079441760601,0.14761137949543746,8.011272141706923,32.94417606011809,4.448470209339774,5.159688674181428,11.634460547504025,2.1135265700483092,
258,35.74208266237252,0.14761137949543746,8.004562533548041,32.90391841116479,4.388083735909823,5.132850241545894,11.580783682232958,2.100107353730542,
259,35.99704777241009,0.14761137949543746,7.971014492753623,32.83682232957595,4.341116478797638,5.132850241545894,11.480139559849706,2.0933977455716586,
260,36.02388620504563,0.14761137949543746,8.923778851315083,32.024959742351044,4.247181964573269,5.0993022007514766,11.439881910896403,2.0933977455716586,
261,36.272141706924316,0.14761137949543746,8.829844337090714,31.93102522812668,4.247181964573269,5.0858829844337095,11.392914653784219,2.0933977455716586,
262,36.16478797638218,0.14761137949543746,8.722490606548577,31.843800322061192,4.186795491143317,5.045625335480408,11.81561996779388,2.073268921095008,
263,36.39291465378422,0.14761137949543746,8.675523349436393,31.76328502415459,4.186795491143317,5.045625335480408,11.714975845410628,2.073268921095008,
264,36.81561996779388,0.14761137949543746,8.662104133118627,31.44122383252818,4.1532474503489,5.038915727321524,11.668008588298443,2.073268921095008,
265,37.1309715512614,0.14761137949543746,8.648684916800859,31.15271068169619,4.139828234031133,5.038915727321524,11.668008588298443,2.073268921095008,
