,45,50,55,51,52,53,54,58,56,57,60,63,62,61,59,64
0,89.83494363929147,10.050993022007514,0.11406333870101985,,,,,,,,,,,,,
1,85.2589908749329,14.626945786366075,0.11406333870101985,,,,,,,,,,,,,
2,84.6886741814278,15.150295222758992,0.1610305958132045,,,,,,,,,,,,,
3,84.63499731615674,15.203972088030058,0.1610305958132045,,,,,,,,,,,,,
4,82.93746645195921,14.546430488459475,0.1610305958132045,2.341653247450349,0.013419216317767043,,,,,,,,,,,
5,80.7836822329576,16.6935050993022,0.17444981213097155,2.3349436392914655,0.013419216317767043,,,,,,,,,,,
6,79.48201825013419,17.995169082125603,0.17444981213097155,2.3349436392914655,0.013419216317767043,,,,,,,,,,,
7,79.1532474503489,18.089103596349972,0.17444981213097155,2.5697799248523885,0.013419216317767043,,,,,,,,,,,
8,75.13419216317767,22.108158883521202,0.17444981213097155,2.5697799248523885,0.013419216317767043,,,,,,,,,,,
9,74.73832528180354,22.470477724100913,0.17444981213097155,2.6033279656468062,0.013419216317767043,,,,,,,,,,,
10,73.13472893183038,24.074074074074073,0.17444981213097155,2.6033279656468062,0.013419216317767043,,,,,,,,,,,
11,71.3768115942029,25.6105743424584,0.322061191626409,1.8451422436929683,0.7716049382716049,0.07380568974771873,,,,,,,,,,
12,66.06951154052604,31.085614600107355,0.33548040794417605,1.6639828234031133,0.7716049382716049,0.07380568974771873,,,,,,,,,,
13,65.9151905528717,31.13929146537842,0.43612453032742887,1.6639828234031133,0.7716049382716049,0.07380568974771873,,,,,,,,,,
14,65.21739130434783,31.76328502415459,0.5099302200751477,1.6639828234031133,0.7716049382716049,0.07380568974771873,,,,,,,,,,
15,65.04965110037574,31.870638754696724,0.5434782608695652,1.6639828234031133,0.798443370907139,0.07380568974771873,,,,,,,,,,
16,63.65405260332797,33.319914117015564,0.5636070853462157,1.6639828234031133,0.798443370907139,,,,,,,,,,,
17,63.33870101986044,32.95759527643585,0.5636070853462157,1.6639828234031133,0.798443370907139,0.6776704240472357,,,,,,,,,,
18,60.81588835212023,35.339506172839506,0.5904455179817498,1.6908212560386473,0.8856682769726248,0.6776704240472357,,,,,,,,,,
19,60.77563070316693,35.23215244229737,0.6709608158883521,1.6908212560386473,0.9125067096081588,0.6776704240472357,0.040257648953301126,,,,,,,,,
20,60.71524422973698,35.218733225979605,0.7313472893183038,1.7042404723564144,0.9125067096081588,0.6776704240472357,0.040257648953301126,,,,,,,,,
21,59.42699946323135,36.493558776167475,0.8588298443370908,1.6170155662909287,0.9125067096081588,0.6776704240472357,0.013419216317767043,,,,,,,,,
22,53.50912506709608,42.28395061728395,0.9192163177670424,1.6170155662909287,0.9125067096081588,0.6776704240472357,0.08051529790660225,,,,,,,,,
23,53.44202898550725,42.31749865807837,0.9326355340848095,1.6371443907675791,0.9125067096081588,0.6776704240472357,0.08051529790660225,,,,,,,,,
24,53.207192699946326,42.290660225442835,1.1473429951690821,1.6371443907675791,0.9125067096081588,0.7246376811594203,0.08051529790660225,,,,,,,,,
25,53.11996779388084,41.418411164787976,2.0263016639828235,1.6371443907675791,0.9930220075147611,0.7246376811594203,0.08051529790660225,,,,,,,,,
26,53.07300053676865,41.0426731078905,2.328234031132582,1.6371443907675791,1.0198604401502953,0.7246376811594203,0.17444981213097155,,,,,,,,,
27,52.99919484702093,41.08964036500269,2.328234031132582,1.6371443907675791,1.0198604401502953,0.7447665056360708,0.18115942028985507,,,,,,,,,
28,52.81803542673108,41.1231884057971,2.475845410628019,1.6371443907675791,1.0198604401502953,0.7447665056360708,0.18115942028985507,,,,,,,,,
29,52.54965110037574,41.33118625872249,2.536231884057971,1.6371443907675791,1.0198604401502953,0.7447665056360708,0.18115942028985507,,,,,,,,,
30,52.38862050456253,41.19028448738594,2.7241009125067097,1.6371443907675791,1.0198604401502953,0.7447665056360708,0.2952227589908749,,,,,,,,,
31,52.234299516908216,41.31105743424584,2.737520128824477,1.6572732152442298,1.0198604401502953,0.7447665056360708,0.2952227589908749,,,,,,,,,
32,52.20746108427268,41.2842190016103,2.791196994095545,1.6572732152442298,1.0198604401502953,0.7179280730005367,0.2952227589908749,0.026838432635534086,,,,,,,,
33,48.41653247450349,46.182232957595275,2.3617820719269993,0.9393451422436929,0.8923778851315083,0.785024154589372,0.3824476650563607,0.026838432635534086,0.013419216317767043,,,,,,,
34,48.268921095008054,46.32984433709071,2.3550724637681157,0.9393451422436929,0.8923778851315083,0.785024154589372,0.3824476650563607,0.026838432635534086,0.013419216317767043,0.0067096081588835215,,,,,,
35,48.128019323671495,46.37010198604401,2.395330112721417,0.8655394524959742,0.8923778851315083,0.9192163177670424,0.3824476650563607,0.026838432635534086,0.013419216317767043,0.0067096081588835215,,,,,,
36,48.09447128287708,46.2157809983897,2.4154589371980677,0.8655394524959742,0.8923778851315083,0.8722490606548577,0.5501878690284487,0.07380568974771873,0.013419216317767043,0.0067096081588835215,,,,,,
37,47.94015029522276,46.30971551261406,2.4355877616747184,0.8655394524959742,0.9057971014492754,0.8990874932903918,0.5501878690284487,0.07380568974771873,0.013419216317767043,0.0067096081588835215,,,,,,
38,47.0679012345679,47.014224369296834,2.4490069779924855,0.7447665056360708,0.3757380568974772,0.8990874932903918,1.3553408480944713,0.07380568974771873,0.013419216317767043,0.0067096081588835215,,,,,,
39,32.63553408480945,65.15029522275898,0.7179280730005367,0.3421900161030596,0.11406333870101985,0.7581857219538379,0.19457863660762212,0.07380568974771873,0.013419216317767043,,,,,,,
40,32.306763285024154,51.78475577026302,2.395330112721417,12.090713902308105,0.11406333870101985,0.7581857219538379,0.19457863660762212,0.07380568974771873,0.1878690284487386,0.06038647342995169,0.026838432635534086,0.0067096081588835215,,,,
41,31.723027375201287,41.53918411164788,1.6639828234031133,5.5689747718733225,18.21658615136876,0.41599570585077833,0.19457863660762212,0.05367686527106817,0.1610305958132045,0.4294149221685454,0.026838432635534086,0.0067096081588835215,,,,
42,29.78395061728395,42.19672571121846,1.7176596886741815,5.441492216854535,19.45786366076221,0.39586688137412773,0.19457863660762212,0.05367686527106817,0.18115942028985507,0.5434782608695652,0.026838432635534086,0.0067096081588835215,,,,
43,29.7638217928073,42.1027911969941,1.8317230273752012,5.428073000536768,19.45786366076221,0.39586688137412773,0.19457863660762212,0.05367686527106817,0.19457863660762212,0.5434782608695652,0.026838432635534086,0.0067096081588835215,,,,
44,29.7638217928073,41.90150295222759,2.0263016639828235,5.407944176060118,19.484702093397747,0.39586688137412773,0.19457863660762212,0.05367686527106817,0.19457863660762212,0.5434782608695652,0.026838432635534086,0.0067096081588835215,,,,
45,29.71014492753623,41.95517981749866,2.0263016639828235,5.407944176060118,19.45786366076221,0.39586688137412773,0.19457863660762212,0.05367686527106817,0.19457863660762212,0.5703166935050993,0.026838432635534086,0.0067096081588835215,,,,
46,29.502147074610843,40.25093934514224,2.0799785292538915,5.407944176060118,19.732957595276435,0.39586688137412773,0.19457863660762212,0.05367686527106817,0.19457863660762212,2.15378421900161,0.026838432635534086,0.0067096081588835215,,,,
47,29.314278046162105,40.24422973698336,2.1068169618894257,5.407944176060118,18.276972624798713,0.39586688137412773,2.147074610842727,0.05367686527106817,0.19457863660762212,1.8250134192163177,0.026838432635534086,0.0067096081588835215,,,,
48,29.274020397208805,40.23081052066559,2.1068169618894257,5.4616210413311865,18.263553408480945,0.39586688137412773,2.147074610842727,0.05367686527106817,0.19457863660762212,1.8048845947396672,0.026838432635534086,0.0067096081588835215,0.03354804079441761,,,
49,29.260601180891037,40.19726247987118,2.15378421900161,5.4616210413311865,18.263553408480945,0.39586688137412773,2.147074610842727,0.05367686527106817,0.19457863660762212,1.8048845947396672,0.026838432635534086,0.0067096081588835215,0.03354804079441761,,,
50,29.24718196457327,40.15029522275899,2.791196994095545,5.4616210413311865,18.16290928609769,0.39586688137412773,1.6505636070853462,0.05367686527106817,0.19457863660762212,1.8250134192163177,0.026838432635534086,0.0067096081588835215,0.03354804079441761,,,
51,27.549651100375737,41.76060118089104,2.8784219001610305,5.4616210413311865,18.02200751476114,0.39586688137412773,1.6505636070853462,0.05367686527106817,0.19457863660762212,1.9659151905528718,0.026838432635534086,0.0067096081588835215,0.03354804079441761,,,
52,27.522812667740205,41.74047235641439,2.885131508319914,5.448201825013419,18.02200751476114,0.43612453032742887,1.6505636070853462,0.05367686527106817,0.3153515834675255,1.8585614600107354,0.026838432635534086,0.0067096081588835215,0.03354804079441761,,,
53,27.522812667740205,41.58615136876006,3.0327428878153517,5.367686527106817,18.00858829844337,0.43612453032742887,1.6505636070853462,0.05367686527106817,0.39586688137412773,1.8786902844873858,0.026838432635534086,0.0067096081588835215,0.03354804079441761,,,
54,27.36849168008588,41.680085882984436,3.0931293612453032,5.367686527106817,17.975040257648953,0.43612453032742887,1.6505636070853462,0.05367686527106817,0.39586688137412773,1.9122383252818036,0.026838432635534086,0.0067096081588835215,0.03354804079441761,,,
55,27.36849168008588,41.639828234031135,3.1736446591519054,5.340848094471283,17.780461621041333,0.43612453032742887,1.6505636070853462,0.05367686527106817,0.3824476650563607,2.1068169618894257,0.026838432635534086,0.0067096081588835215,0.03354804079441761,,,
56,27.32823403113258,41.59286097691895,3.260869565217391,5.340848094471283,17.767042404723565,0.43612453032742887,1.6505636070853462,0.05367686527106817,0.3824476650563607,2.120236178207193,0.026838432635534086,0.0067096081588835215,0.03354804079441761,,,
57,27.120236178207193,38.258185721953836,5.508588298443371,6.642512077294686,17.726784755770264,0.43612453032742887,1.570048309178744,0.05367686527106817,0.4830917874396135,2.13365539452496,0.026838432635534086,0.0067096081588835215,0.03354804079441761,,,
58,27.100107353730543,38.077026301663984,5.6964573268921095,6.642512077294686,17.364465915190554,0.43612453032742887,1.570048309178744,0.05367686527106817,0.5636070853462157,2.4154589371980677,0.040257648953301126,0.0067096081588835215,0.03354804079441761,,,
59,27.100107353730543,38.0300590445518,5.736714975845411,6.629092860976919,17.330917874396135,0.43612453032742887,1.5767579173376274,0.05367686527106817,0.630703166935051,2.368491680085883,0.040257648953301126,0.0067096081588835215,0.03354804079441761,0.026838432635534086,,
60,26.88539989264627,38.18438003220612,5.797101449275362,6.629092860976919,17.317498658078367,0.43612453032742887,1.5767579173376274,0.05367686527106817,0.630703166935051,2.38191089640365,0.040257648953301126,0.0067096081588835215,0.03354804079441761,0.026838432635534086,,
61,26.778046162104133,38.056897477187334,5.850778314546431,6.723027375201288,17.404723564143854,0.4092860976918948,1.5767579173376274,0.05367686527106817,0.630703166935051,2.395330112721417,0.05367686527106817,0.0067096081588835215,0.03354804079441761,0.026838432635534086,,
62,26.77133655394525,38.06360708534621,6.662640901771336,5.984970477724101,17.364465915190554,0.4092860976918948,1.5767579173376274,0.05367686527106817,0.5166398282340311,2.4355877616747184,0.08051529790660225,0.0067096081588835215,0.03354804079441761,0.040257648953301126,,
63,25.469672571121848,29.180085882984432,5.528717122920021,18.250134192163177,16.284219001610307,0.4092860976918948,1.5767579173376274,0.05367686527106817,0.6776704240472357,2.4355877616747184,0.05367686527106817,0.0067096081588835215,0.03354804079441761,0.040257648953301126,,
64,25.45625335480408,29.186795491143318,5.522007514761138,18.250134192163177,16.284219001610307,0.4092860976918948,1.5767579173376274,0.05367686527106817,0.6776704240472357,2.4355877616747184,0.06709608158883522,0.0067096081588835215,0.03354804079441761,0.040257648953301126,,
65,25.449543746645197,29.13311862587225,5.5756843800322065,18.230005367686527,16.170155662909288,0.4092860976918948,1.5767579173376274,0.05367686527106817,0.6776704240472357,2.576489533011272,0.06709608158883522,0.0067096081588835215,0.03354804079441761,0.040257648953301126,,
66,25.43612453032743,28.824476650563607,5.911164787976382,18.21658615136876,16.170155662909288,0.4092860976918948,1.5767579173376274,0.05367686527106817,0.6776704240472357,2.576489533011272,0.06709608158883522,0.0067096081588835215,0.03354804079441761,0.040257648953301126,,
67,25.43612453032743,28.683574879227052,6.052066559312936,18.156199677938808,16.049382716049383,0.4092860976918948,1.5767579173376274,0.05367686527106817,0.7380568974771873,2.6972624798711755,0.06709608158883522,0.0067096081588835215,0.03354804079441761,0.040257648953301126,,
68,25.38244766505636,28.60305958132045,6.172839506172839,18.02871712292002,16.009125067096083,0.4092860976918948,1.570048309178744,0.05367686527106817,0.8923778851315083,2.7308105206655933,0.06709608158883522,0.0067096081588835215,0.03354804079441761,0.040257648953301126,,
69,25.38244766505636,28.576221148684915,6.1862587224906065,17.98845947396672,15.982286634460548,0.4092860976918948,1.570048309178744,0.05367686527106817,0.8923778851315083,2.6838432635534084,0.06709608158883522,0.0067096081588835215,0.04696725711218465,0.040257648953301126,0.11406333870101985,
70,25.348899624261943,28.556092324208265,6.1929683306494905,17.954911433172303,15.92860976918948,0.41599570585077833,1.570048309178744,0.08722490606548577,0.9326355340848095,2.737520128824477,0.06709608158883522,0.0067096081588835215,0.04696725711218465,0.040257648953301126,0.11406333870101985,
71,25.281803542673106,28.609769189479334,6.1929683306494905,17.941492216854535,15.787707997852925,0.4294149221685454,1.583467525496511,0.08722490606548577,0.9460547504025765,2.8650026838432634,0.06709608158883522,0.0067096081588835215,0.04696725711218465,0.040257648953301126,0.11406333870101985,
72,25.281803542673106,28.576221148684915,6.139291465378422,17.8743961352657,15.841384863123993,0.4294149221685454,1.583467525496511,0.08722490606548577,0.9930220075147611,2.8918411164787976,0.0939345142243693,0.0067096081588835215,0.04696725711218465,0.040257648953301126,0.11406333870101985,
73,25.241545893719806,28.549382716049383,6.146001073537305,17.330917874396135,15.827965646806227,0.4294149221685454,1.583467525496511,0.08722490606548577,1.6035963499731616,2.898550724637681,0.0939345142243693,0.0067096081588835215,0.04696725711218465,0.040257648953301126,0.11406333870101985,
74,25.234836285560924,28.522544283413847,6.119162640901771,17.330917874396135,15.827965646806227,0.4495437466451959,1.583467525496511,0.08722490606548577,1.6035963499731616,2.918679549114332,0.0939345142243693,0.0067096081588835215,0.04696725711218465,0.06038647342995169,0.11406333870101985,
75,25.221417069243156,28.522544283413847,6.078904991948471,17.330917874396135,15.787707997852925,0.4495437466451959,1.583467525496511,0.08722490606548577,1.6237251744498122,2.9589371980676327,0.0939345142243693,0.0067096081588835215,0.04696725711218465,0.0939345142243693,0.11406333870101985,
76,21.732420826623724,34.366612989801396,6.105743424584004,16.888083735909824,13.318572195383789,0.35560923242082665,2.328234031132582,0.040257648953301126,1.6774020397208802,2.831454643048846,0.0939345142243693,0.0067096081588835215,0.04696725711218465,0.0939345142243693,0.11406333870101985,
77,21.71900161030596,34.326355340848096,6.159420289855072,16.888083735909824,13.298443370907139,0.35560923242082665,2.2946859903381642,0.07380568974771873,1.6774020397208802,2.818035426731079,0.0939345142243693,0.0067096081588835215,0.04696725711218465,0.0939345142243693,0.14761137949543746,
78,20.873590982286636,35.09125067096082,6.246645195920558,16.881374127750938,13.150831991411701,0.35560923242082665,2.2946859903381642,0.07380568974771873,1.6774020397208802,2.965646806226516,0.0939345142243693,0.0067096081588835215,0.04696725711218465,0.0939345142243693,0.14761137949543746,
79,20.799785292538918,34.977187332259795,6.340579710144928,16.820987654320987,13.144122383252817,0.35560923242082665,2.368491680085883,0.07380568974771873,1.751207729468599,2.952227589908749,0.0939345142243693,0.0067096081588835215,0.04696725711218465,0.12077294685990338,0.14761137949543746,
80,20.67230273752013,33.943907675791735,7.37385936661299,16.867954911433173,13.144122383252817,0.3757380568974772,2.368491680085883,0.07380568974771873,1.8115942028985508,2.952227589908749,0.0939345142243693,0.0067096081588835215,0.04696725711218465,0.12077294685990338,0.14761137949543746,
81,20.611916264090176,33.93048845947396,7.239667203435319,16.988727858293075,13.110574342458401,0.36902844873859364,2.509393451422437,0.07380568974771873,1.7981749865807837,2.952227589908749,0.0939345142243693,0.0067096081588835215,0.04696725711218465,0.12077294685990338,0.14761137949543746,
82,20.04830917874396,30.951422436929683,6.776704240472356,23.43666129898014,11.137949543746645,0.32877079978529256,2.49597423510467,0.07380568974771873,1.6371443907675791,2.7308105206655933,0.06709608158883522,,0.04696725711218465,0.12077294685990338,0.14761137949543746,
83,20.04830917874396,30.917874396135264,6.810252281266774,23.429951690821255,11.11111111111111,0.32877079978529256,2.49597423510467,0.07380568974771873,1.6706924315619969,2.7308105206655933,0.06709608158883522,,0.04696725711218465,0.12077294685990338,0.14761137949543746,
84,20.04830917874396,30.870907139023082,6.837090713902308,23.369565217391305,11.044015029522276,0.32877079978529256,2.49597423510467,0.07380568974771873,1.8048845947396672,2.7442297369833604,0.06709608158883522,,0.04696725711218465,0.12077294685990338,0.14761137949543746,
85,20.04830917874396,28.931830381105744,6.723027375201288,20.625335480407944,17.12962962962963,0.32877079978529256,1.5901771336553945,0.07380568974771873,1.7914653784219001,2.408749329039184,0.06709608158883522,,0.04696725711218465,0.12077294685990338,0.11406333870101985,
86,19.880568974771872,26.972624798711756,6.582125603864735,20.068438003220614,14.150563607085346,7.608695652173913,1.5901771336553945,0.03354804079441761,1.5767579173376274,1.247987117552335,0.06709608158883522,,0.013419216317767043,0.0939345142243693,0.11406333870101985,
87,19.75979602791197,27.01959205582394,6.649221685453569,20.068438003220614,14.150563607085346,7.595276435856146,1.5901771336553945,0.04696725711218465,1.5767579173376274,1.247987117552335,0.07380568974771873,,0.013419216317767043,0.0939345142243693,0.11406333870101985,
88,19.706119162640903,26.986044015029524,6.716317767042405,20.055018786902846,14.110305958132045,7.5348899624261945,1.5901771336553945,0.1274825550187869,1.6103059581320451,1.2681159420289856,0.07380568974771873,,0.013419216317767043,0.0939345142243693,0.11406333870101985,
89,19.43102522812668,25.670960815888353,6.568706387546968,21.66532474503489,14.023081052066559,7.5348899624261945,1.7444981213097155,0.1274825550187869,1.6371443907675791,1.3016639828234031,0.07380568974771873,,0.013419216317767043,0.0939345142243693,0.11406333870101985,
90,19.390767579173378,25.670960815888353,6.561996779388084,21.64519592055824,14.049919484702093,7.541599570585078,1.7444981213097155,0.14090177133655393,1.6438539989264627,1.3016639828234031,0.07380568974771873,,0.013419216317767043,0.10735373054213634,0.11406333870101985,
91,18.63929146537842,24.570585077831456,8.890230810520666,21.034621578099838,15.660225442834138,6.286902844873859,1.7444981213097155,0.1274825550187869,1.42914653784219,1.3083735909822867,0.07380568974771873,,0.013419216317767043,0.10735373054213634,0.11406333870101985,
92,17.954911433172303,24.04723564143854,8.856682769726248,22.188674181427803,15.660225442834138,6.253354804079442,1.7444981213097155,0.1610305958132045,1.482823403113258,1.3419216317767042,0.07380568974771873,,0.013419216317767043,0.10735373054213634,0.11406333870101985,
93,17.860976918947934,24.134460547504027,8.856682769726248,22.168545356951153,15.573000536768653,6.253354804079442,1.7444981213097155,0.1610305958132045,1.5365002683843263,1.402308105206656,0.07380568974771873,,0.013419216317767043,0.10735373054213634,0.11406333870101985,
94,17.47181964573269,23.792270531400966,8.856682769726248,22.873054213633925,15.573000536768653,6.253354804079442,1.737788513150832,0.1610305958132045,1.570048309178744,1.402308105206656,0.07380568974771873,,0.013419216317767043,0.10735373054213634,0.11406333870101985,
95,17.444981213097154,23.792270531400966,8.856682769726248,22.859634997316157,15.5126140633387,6.253354804079442,1.737788513150832,0.1610305958132045,1.6103059581320451,1.4626945786366077,0.07380568974771873,,0.013419216317767043,0.10735373054213634,0.11406333870101985,
96,17.324208266237253,23.91304347826087,8.82313472893183,22.839506172839506,19.048577563070317,3.7372517444981215,1.5633387010198605,0.1610305958132045,1.583467525496511,0.8118625872249061,0.08722490606548577,,,0.10735373054213634,,
97,17.176596886741816,23.26892109500805,8.809715512614064,23.64465915190553,19.048577563070317,3.7238325281803544,1.583467525496511,0.17444981213097155,1.5633387010198605,0.8118625872249061,0.08722490606548577,,,0.10735373054213634,,
98,17.136339237788512,23.262211486849168,8.655394524959743,22.819377348362856,19.048577563070317,3.7104133118625873,2.4892646269457863,0.1878690284487386,1.6841116478797638,0.8118625872249061,0.08722490606548577,,,0.10735373054213634,,
99,17.136339237788512,23.262211486849168,8.655394524959743,22.785829307568438,19.00161030595813,3.7104133118625873,2.4892646269457863,0.1878690284487386,1.7176596886741815,0.8588298443370908,0.08722490606548577,,,0.10735373054213634,,
100,17.102791196994094,23.242082662372518,8.709071390230811,22.785829307568438,18.80703166935051,3.7104133118625873,2.4892646269457863,0.1878690284487386,1.8317230273752012,0.9393451422436929,0.08722490606548577,,,0.10735373054213634,,
101,17.03569511540526,22.987117552334944,8.964036500268385,22.765700483091788,18.53864734299517,3.7573805689747717,2.4892646269457863,0.19457863660762212,1.8317230273752012,1.2077294685990339,0.12077294685990338,,,0.10735373054213634,,
102,17.03569511540526,22.987117552334944,8.950617283950617,22.71202361782072,18.397745571658614,3.7573805689747717,2.475845410628019,0.19457863660762212,2.0128824476650564,1.221148684916801,0.14761137949543746,,,0.10735373054213634,,
103,17.01556629092861,22.946859903381643,8.903650026838433,22.6784755770263,18.19645732689211,3.8714439076757916,2.4557165861513686,0.19457863660762212,2.046430488459474,1.4358561460010735,0.14761137949543746,,,0.10735373054213634,,
104,17.002147074610843,22.899892646269457,8.930488459473967,22.530864197530864,18.095813204508858,3.8311862587224907,2.4825550187869028,0.24154589371980675,2.167203435319377,1.5633387010198605,0.14761137949543746,,,0.10735373054213634,,
105,16.988727858293075,22.799248523886206,9.01100375738057,22.544283413848632,18.06226516371444,3.8311862587224907,2.4825550187869028,0.24154589371980675,2.167203435319377,1.596886741814278,0.16774020397208803,,,0.10735373054213634,,
106,16.894793344068706,22.77241009125067,9.41358024691358,22.23564143853999,18.06226516371444,3.69699409554482,2.462426194310252,0.3757380568974772,2.147074610842727,1.596886741814278,0.20799785292538917,,,0.10735373054213634,0.026838432635534086,
107,16.894793344068706,22.7187332259796,9.373322597960279,22.19538378958669,18.06226516371444,3.7238325281803544,2.6301663982823404,0.3757380568974772,2.1135265700483092,1.583467525496511,0.20799785292538917,,,0.0939345142243693,0.026838432635534086,
108,16.820987654320987,22.705314009661837,9.333064949006978,22.18196457326892,17.961621041331185,3.730542136339238,2.6301663982823404,0.4025764895330113,2.1940418679549114,1.710950080515298,0.20799785292538917,,,0.0939345142243693,0.026838432635534086,
109,16.80756843800322,22.67176596886742,9.359903381642512,22.061191626409016,17.98174986580784,3.730542136339238,2.6301663982823404,0.4025764895330113,2.3081052066559313,1.7176596886741815,0.20799785292538917,,,0.0939345142243693,0.026838432635534086,
110,16.67337627482555,22.77241009125067,9.373322597960279,22.007514761137948,17.954911433172303,3.730542136339238,2.636876006441224,0.4025764895330113,2.3617820719269993,1.7444981213097155,0.20799785292538917,,,0.10735373054213634,0.026838432635534086,
111,16.63311862587225,22.745571658615138,9.29951690821256,22.000805152979066,17.881105743424584,3.6902844873859366,2.657004830917874,0.41599570585077833,2.3617820719269993,1.8518518518518519,0.20799785292538917,,,0.10735373054213634,0.14761137949543746,
112,16.626409017713364,22.705314009661837,9.500805152979066,21.826355340848096,17.881105743424584,3.6902844873859366,2.677133655394525,0.41599570585077833,2.38191089640365,1.8317230273752012,0.20799785292538917,,,0.10735373054213634,0.14761137949543746,
113,16.57944176060118,22.75228126677402,9.473966720343531,21.81964573268921,17.834138486312398,3.656736446591519,2.677133655394525,0.46967257112184646,2.368491680085883,1.8786902844873858,0.23483628556092323,,,0.10735373054213634,0.14761137949543746,
114,16.566022544283413,22.765700483091788,9.473966720343531,21.812936124530328,17.807300053676865,3.656736446591519,2.703972088030059,0.46967257112184646,2.3483628556092326,1.90552871712292,0.23483628556092323,,,0.10735373054213634,0.14761137949543746,
115,16.55931293612453,22.73886205045625,9.50751476113795,21.772678475577028,18.739935587761675,2.85829307568438,2.6972624798711755,0.4025764895330113,2.3752012882447664,1.8518518518518519,0.23483628556092323,,,0.10735373054213634,0.15432098765432098,
116,15.579710144927537,22.007514761137948,9.420289855072463,23.47691894793344,18.726516371443907,2.9052603327965647,2.677133655394525,0.41599570585077833,2.4490069779924855,1.8451422436929683,0.23483628556092323,,,0.10735373054213634,0.15432098765432098,
117,15.566290928609769,21.940418679549115,9.541062801932368,23.30246913580247,18.5654857756307,2.9052603327965647,2.6972624798711755,0.41599570585077833,2.509393451422437,1.9860440150295222,0.23483628556092323,,,0.10735373054213634,0.2281266774020397,
118,15.5126140633387,21.987385936661298,9.54777241009125,23.19511540526033,18.531937734836287,2.9052603327965647,2.6972624798711755,0.41599570585077833,2.6167471819645733,2.01959205582394,0.23483628556092323,,,0.10735373054213634,0.2281266774020397,
119,15.499194847020934,22.000805152979066,9.567901234567902,23.181696188942567,18.438003220611915,2.9052603327965647,2.7308105206655933,0.41599570585077833,2.5966183574879227,2.0933977455716586,0.23483628556092323,,,0.10735373054213634,0.2281266774020397,
120,15.438808373590982,22.034353193773484,9.581320450885668,23.1682769726248,18.438003220611915,2.9052603327965647,2.7643585614600106,0.41599570585077833,2.576489533011272,2.0933977455716586,0.24825550187869028,,,0.10735373054213634,0.2281266774020397,
121,15.405260332796564,21.973966720343533,9.668545356951155,23.03408480944713,18.42458400429415,2.9924852388620504,2.7308105206655933,0.41599570585077833,2.690552871712292,2.0799785292538915,0.24825550187869028,,,0.10735373054213634,0.2281266774020397,
122,14.935587761674718,21.833064949006978,9.594739667203436,23.020665593129362,19.142512077294686,2.9924852388620504,2.690552871712292,0.41599570585077833,2.6435856146001075,2.147074610842727,0.24825550187869028,,,0.10735373054213634,0.2281266774020397,
123,14.922168545356952,21.712292002147073,9.73564143853999,22.913311862587225,19.102254428341386,2.885131508319914,2.703972088030059,0.49651100375738055,2.8113258185721954,2.13365539452496,0.24825550187869028,,,0.10735373054213634,0.2281266774020397,
124,14.888620504562533,21.591519055287172,9.903381642512077,22.785829307568438,19.0150295222759,2.885131508319914,2.677133655394525,0.5099302200751477,2.918679549114332,2.2208803005904456,0.23483628556092323,,,0.10735373054213634,0.2616747181964573,
125,14.298174986580785,21.410359634997317,9.883252818035427,23.450080515297905,19.00161030595813,2.8918411164787976,2.677133655394525,0.5099302200751477,3.052871712292002,2.2208803005904456,0.23483628556092323,,,0.10735373054213634,0.2616747181964573,
126,14.298174986580785,21.061460010735374,10.171765968867419,23.450080515297905,19.00161030595813,2.8784219001610305,2.7509393451422435,0.5099302200751477,3.052871712292002,2.2208803005904456,0.23483628556092323,,,0.10735373054213634,0.2616747181964573,
127,14.170692431561998,21.121846484165324,10.158346752549651,23.282340311325818,18.874127750939344,2.898550724637681,2.737520128824477,0.5099302200751477,3.1602254428341383,2.408749329039184,0.20799785292538917,,,0.10735373054213634,0.36231884057971014,
128,14.13714439076758,21.135265700483092,10.23215244229737,23.255501878690286,18.874127750939344,2.898550724637681,2.737520128824477,0.5099302200751477,3.1468062265163717,2.395330112721417,0.20799785292538917,,,0.10735373054213634,0.36231884057971014,
129,13.875469672571121,21.128556092324207,10.50053676865271,23.275630703166936,18.726516371443907,2.898550724637681,2.818035426731079,0.5099302200751477,3.046162104133119,2.5295222758990876,0.2214170692431562,,,0.10735373054213634,0.36231884057971014,
130,13.841921631776705,21.128556092324207,10.84272678475577,23.376274825550187,18.552066559312937,2.871712292002147,2.6637144390767578,0.5501878690284487,3.079710144927536,2.4020397208803006,0.2214170692431562,,,0.10735373054213634,0.36231884057971014,
131,13.841921631776705,21.07487922705314,10.88298443370907,23.356146001073537,18.4044551798175,2.871712292002147,2.6033279656468062,0.5501878690284487,3.3413848631239937,2.38191089640365,0.2214170692431562,,,0.10735373054213634,0.36231884057971014,
132,13.613794954374665,20.71256038647343,10.849436392914654,23.356146001073537,18.089103596349972,3.556092324208266,2.589908749329039,0.5233494363929146,3.5628019323671496,2.428878153515835,0.23483628556092323,,,0.10735373054213634,0.3757380568974772,
133,13.533279656468062,20.71256038647343,10.849436392914654,23.349436392914654,18.089103596349972,3.556092324208266,2.6637144390767578,0.5233494363929146,3.5762211486849167,2.428878153515835,0.23483628556092323,,,0.10735373054213634,0.3757380568974772,
134,13.533279656468062,20.67230273752013,10.82259796027912,23.30246913580247,18.089103596349972,3.5762211486849167,2.7844873859366612,0.5233494363929146,3.4822866344605474,2.49597423510467,0.23483628556092323,,,0.10735373054213634,0.3757380568974772,
135,13.144122383252817,21.021202361782073,10.963499731615673,23.289049919484704,18.055555555555557,3.4688674181427803,2.7777777777777777,0.5233494363929146,3.5628019323671496,2.475845410628019,0.23483628556092323,,,0.10735373054213634,0.3757380568974772,
136,13.144122383252817,21.014492753623188,10.943370907139023,23.289049919484704,18.06226516371444,3.4688674181427803,2.7777777777777777,0.5233494363929146,3.5628019323671496,2.475845410628019,0.23483628556092323,,,0.1274825550187869,0.3757380568974772,
137,13.023349436392914,20.987654320987655,10.93666129898014,23.336017176596886,18.06226516371444,3.4822866344605474,2.7777777777777777,0.5233494363929146,3.643317230273752,2.475845410628019,0.24825550187869028,,,0.1274825550187869,0.3757380568974772,
138,13.023349436392914,20.98094471282877,10.943370907139023,23.295759527643586,18.00187869028449,3.4822866344605474,2.7509393451422435,0.5233494363929146,3.683574879227053,2.563070316693505,0.24825550187869028,,,0.1274825550187869,0.3757380568974772,
139,9.98389694041868,25.45625335480408,10.775630703166936,22.490606548577563,17.961621041331185,2.932098765432099,2.6502952227589907,0.7045088566827697,3.683574879227053,2.576489533011272,0.2683843263553409,,,0.1274825550187869,0.38915727321524424,
140,9.98389694041868,25.429414922168544,10.775630703166936,22.403381642512077,17.92807300053677,2.932098765432099,2.6502952227589907,0.7045088566827697,3.8311862587224907,2.576489533011272,0.2683843263553409,,,0.1274825550187869,0.38915727321524424,
141,9.930220075147611,25.469672571121848,10.829307568438002,22.33628556092324,17.887815351583466,2.9119699409554483,2.6502952227589907,0.7045088566827697,3.8311862587224907,2.6502952227589907,0.28180354267310787,,,0.1274825550187869,0.38915727321524424,
142,9.01100375738057,18.21658615136876,10.560923242082662,31.031937734836287,17.867686527106816,2.8515834675254963,2.6167471819645733,0.7246376811594203,3.629898013955985,2.690552871712292,0.28180354267310787,,,0.1274825550187869,0.38915727321524424,
143,6.622383252818035,20.605206655931294,10.433440687063875,30.991680085882983,17.60601180891036,2.8784219001610305,2.6301663982823404,0.7246376811594203,3.656736446591519,2.9253891572732154,0.4092860976918948,,,0.1274825550187869,0.38915727321524424,
144,6.561996779388084,20.645464304884594,10.48040794417606,30.763553408480945,17.59259259259259,2.8515834675254963,2.6301663982823404,0.7179280730005367,3.8714439076757916,2.9589371980676327,0.4092860976918948,,,0.1274825550187869,0.38915727321524424,
145,6.5485775630703165,20.658883521202362,10.534084809447128,28.77750939345142,17.59259259259259,4.736983360171766,2.657004830917874,0.7179280730005367,3.8714439076757916,2.9589371980676327,0.4092860976918948,,,0.1274825550187869,0.4092860976918948,
146,6.5485775630703165,20.52469135802469,10.527375201288244,28.764090177133657,17.559044551798173,4.723564143853999,2.657004830917874,0.8387010198604401,3.8848631239935587,2.9924852388620504,0.4428341384863124,,,0.1274825550187869,0.4092860976918948,
147,6.5485775630703165,20.417337627482556,10.540794417606012,28.73054213633924,17.559044551798173,4.85775630703167,2.6637144390767578,0.8387010198604401,3.8848631239935587,2.965646806226516,0.4428341384863124,,,0.13419216317767044,0.41599570585077833,
148,6.515029522275899,20.128824476650564,10.453569511540525,28.690284487385938,17.934782608695652,4.851046698872786,2.771068169618894,0.8387010198604401,3.92512077294686,2.932098765432099,0.4428341384863124,,,0.13419216317767044,0.3824476650563607,
149,6.515029522275899,20.088566827697264,10.513955984970478,28.690284487385938,17.887815351583466,4.851046698872786,2.7509393451422435,0.8387010198604401,3.92512077294686,2.999194847020934,0.4227053140096618,,,0.13419216317767044,0.3824476650563607,
150,6.515029522275899,20.075147611379496,10.527375201288244,28.67686527106817,17.8743961352657,4.8443370907139025,2.7509393451422435,0.8387010198604401,3.965378421900161,2.9924852388620504,0.4227053140096618,,,0.13419216317767044,0.3824476650563607,
151,6.508319914117015,20.02818035426731,10.44015029522276,27.294685990338163,19.504830917874397,4.8443370907139025,2.7509393451422435,0.8387010198604401,3.8580246913580245,3.0059044551798175,0.4092860976918948,,,0.13419216317767044,0.3824476650563607,
152,6.494900697799249,20.014761137949545,10.44015029522276,27.234299516908212,19.49141170155663,4.8443370907139025,2.7509393451422435,0.8387010198604401,3.9184111647879765,3.0327428878153517,0.4092860976918948,,0.013419216317767043,0.13419216317767044,0.3824476650563607,
153,6.494900697799249,19.95437466451959,10.50053676865271,27.20746108427268,19.45786366076221,4.8443370907139025,2.7509393451422435,0.8387010198604401,3.9452495974235107,3.066290928609769,0.4092860976918948,,0.013419216317767043,0.13419216317767044,0.3824476650563607,
154,6.494900697799249,19.92753623188406,10.238862050456254,26.78475577026302,19.404186795491142,5.656199677938808,2.7509393451422435,0.8387010198604401,3.9184111647879765,3.113258185721954,0.3757380568974772,,0.013419216317767043,0.13419216317767044,0.3488996242619431,
155,6.494900697799249,19.92753623188406,10.238862050456254,26.78475577026302,19.37734836285561,5.656199677938808,2.7509393451422435,0.8319914117015567,3.911701556629093,3.1535158346752548,0.3757380568974772,,0.013419216317767043,0.13419216317767044,0.3488996242619431,
156,6.4412238325281805,18.9747718733226,10.205314009661835,27.831454643048847,19.32367149758454,5.642780461621041,2.7777777777777777,0.8319914117015567,3.9452495974235107,3.1535158346752548,0.3757380568974772,,0.013419216317767043,0.13419216317767044,0.3488996242619431,
157,6.387546967257112,18.94122383252818,10.178475577026301,27.905260332796566,19.182769726247987,5.629361245303274,2.7777777777777777,0.8588298443370908,3.9586688137412773,3.294417606011809,0.3757380568974772,,0.013419216317767043,0.13419216317767044,0.36231884057971014,
158,6.387546967257112,18.9345142243693,10.171765968867419,27.831454643048847,19.142512077294686,5.629361245303274,2.8113258185721954,0.8588298443370908,4.012345679012346,3.33467525496511,0.3757380568974772,,0.013419216317767043,0.13419216317767044,0.36231884057971014,
159,6.380837359098229,18.914385399892645,10.21202361782072,27.750939345142243,19.0955448201825,5.629361245303274,2.7777777777777777,0.8588298443370908,4.133118625872249,3.361513687600644,0.3757380568974772,,0.013419216317767043,0.13419216317767044,0.36231884057971014,
160,6.380837359098229,18.840579710144926,10.225442834138486,27.750939345142243,19.0955448201825,5.669618894256575,2.7442297369833604,0.8655394524959742,4.146537842190016,3.361513687600644,0.4092860976918948,,0.013419216317767043,0.13419216317767044,0.36231884057971014,
161,6.380837359098229,18.773483628556093,10.171765968867419,27.61003757380569,19.088835212023618,5.709876543209877,2.8113258185721954,0.8655394524959742,4.28743961352657,3.3682232957595275,0.4227053140096618,,0.013419216317767043,0.13419216317767044,0.36231884057971014,
162,6.380837359098229,18.753354804079443,10.19189479334407,27.160493827160494,19.048577563070317,5.709876543209877,2.8113258185721954,0.8655394524959742,4.723564143853999,3.421900161030596,0.4227053140096618,,0.013419216317767043,0.13419216317767044,0.36231884057971014,
163,6.380837359098229,18.625872249060656,10.654857756307031,26.8719806763285,19.0150295222759,5.6964573268921095,2.8381642512077296,0.8655394524959742,4.676596886741814,3.4420289855072466,0.4227053140096618,,0.013419216317767043,0.13419216317767044,0.36231884057971014,
164,6.380837359098229,18.53864734299517,10.661567364465915,26.637144390767578,19.0150295222759,5.662909286097692,2.9790660225442833,0.8722490606548577,4.85775630703167,3.4420289855072466,0.4428341384863124,,0.013419216317767043,0.13419216317767044,0.36231884057971014,
165,6.374127750939345,18.491680085882983,10.668276972624799,26.690821256038646,19.008319914117017,5.662909286097692,2.965646806226516,0.8990874932903918,4.8443370907139025,3.4420289855072466,0.4428341384863124,,0.013419216317767043,0.13419216317767044,0.36231884057971014,
166,6.367418142780462,18.491680085882983,10.668276972624799,26.637144390767578,19.008319914117017,5.662909286097692,2.965646806226516,0.8990874932903918,4.904723564143854,3.4420289855072466,0.4428341384863124,,0.013419216317767043,0.13419216317767044,0.36231884057971014,
167,6.347289318303811,18.46484165324745,10.319377348362856,26.48953301127214,18.99490069779925,6.1929683306494905,2.9723564143853998,1.0198604401502953,4.891304347826087,3.3413848631239937,0.4294149221685454,,0.013419216317767043,0.14090177133655393,0.3824476650563607,
168,6.3070316693505095,18.4849704777241,10.258990874932904,26.455984970477726,18.94122383252818,6.1929683306494905,2.9723564143853998,1.0198604401502953,4.911433172302737,3.4621578099838968,0.4562533548040794,,0.013419216317767043,0.14090177133655393,0.3824476650563607,
169,6.300322061191626,18.491680085882983,10.258990874932904,25.47638217928073,19.96779388083736,6.159420289855072,2.9723564143853998,1.0131508319914118,4.884594739667204,3.4822866344605474,0.4562533548040794,,0.013419216317767043,0.14090177133655393,0.3824476650563607,
170,6.300322061191626,18.491680085882983,10.299248523886206,25.295222758990874,19.96779388083736,6.1862587224906065,2.9723564143853998,1.0131508319914118,5.005367686527107,3.475577026301664,0.4562533548040794,,0.013419216317767043,0.14090177133655393,0.3824476650563607,
171,6.300322061191626,18.4849704777241,10.326086956521738,25.241545893719806,19.94766505636071,6.1929683306494905,2.9723564143853998,1.0131508319914118,4.99194847020934,3.5091250670960816,0.4562533548040794,,0.013419216317767043,0.14090177133655393,0.4092860976918948,
