,45,50,53,55,51,52,54
0,99.59071390230811,0.4092860976918948,,,,,
1,99.59071390230811,0.4092860976918948,,,,,
2,99.59071390230811,0.4092860976918948,,,,,
3,99.59071390230811,0.4092860976918948,,,,,
4,99.59071390230811,0.4092860976918948,,,,,
5,95.92055823939882,4.079441760601181,,,,,
6,95.95410628019323,4.045893719806763,,,,,
7,95.97423510466989,4.025764895330113,,,,,
8,95.86688137412776,4.133118625872249,,,,,
9,94.20289855072464,5.797101449275362,,,,,
10,94.20289855072464,5.797101449275362,,,,,
11,91.3714439076758,8.628556092324208,,,,,
12,91.39157273215244,8.608427267847558,,,,,
13,79.5558239398819,20.44417606011809,,,,,
14,79.44847020933977,20.551529790660226,,,,,
15,74.76516371443908,25.234836285560924,,,,,
16,72.57783145464305,27.314814814814813,0.10735373054213634,,,,
17,72.638217928073,27.254428341384862,0.10735373054213634,,,,
18,70.1556629092861,29.468599033816425,0.10735373054213634,0.2683843263553409,,,
19,70.04830917874396,29.57595276435856,0.10735373054213634,0.2683843263553409,,,
20,69.59205582393989,30.03220611916264,0.10735373054213634,0.2683843263553409,,,
21,69.65915190552872,29.965110037573805,0.10735373054213634,0.2683843263553409,,,
22,69.75979602791197,27.791196994095547,0.10735373054213634,0.2683843263553409,2.073268921095008,,
23,69.86044015029522,27.697262479871174,0.10735373054213634,0.2683843263553409,2.0665593129361244,,
24,69.75308641975309,27.17391304347826,0.7380568974771873,0.2683843263553409,2.0665593129361244,,
25,69.7866344605475,27.140365002683843,0.7380568974771873,0.2683843263553409,2.0665593129361244,,
26,69.55179817498659,27.375201288244767,0.7380568974771873,0.2683843263553409,2.0665593129361244,,
27,69.67928073000537,27.24771873322598,0.7380568974771873,0.2683843263553409,2.0665593129361244,,
28,69.8268921095008,27.100107353730543,0.7380568974771873,0.2683843263553409,2.0665593129361244,,
29,69.83360171765969,26.992753623188406,0.7246376811594203,0.2683843263553409,2.0665593129361244,0.11406333870101985,
30,69.45786366076221,27.36849168008588,0.7246376811594203,0.2683843263553409,2.0665593129361244,0.11406333870101985,
31,69.55850778314546,27.294685990338163,0.7246376811594203,0.2683843263553409,2.0397208803005906,0.11406333870101985,
32,67.10279119699409,30.26033279656468,0.7246376811594203,0.2683843263553409,1.5297906602254427,0.11406333870101985,
33,67.19001610305958,30.173107890499196,0.7246376811594203,0.2683843263553409,1.5297906602254427,0.11406333870101985,
34,67.2638217928073,30.112721417069242,0.7112184648416533,0.2683843263553409,1.5297906602254427,0.11406333870101985,
35,67.3040794417606,30.07246376811594,0.7112184648416533,0.2683843263553409,1.5297906602254427,0.11406333870101985,
36,65.22410091250671,31.04535695115405,0.7112184648416533,1.3754696725711217,1.5297906602254427,0.11406333870101985,
37,63.98282340311326,30.683038110574344,0.7112184648416533,1.3754696725711217,3.1333870101986045,0.11406333870101985,
38,59.346484165324746,25.89908749329039,0.7112184648416533,1.3754696725711217,12.553676865271068,0.11406333870101985,
39,44.44444444444444,41.84111647879764,0.7112184648416533,1.3754696725711217,11.627750939345143,,
40,44.57192699946323,41.71363392377885,0.7112184648416533,1.3754696725711217,11.627750939345143,,
41,44.02844873859367,42.25711218464841,0.7112184648416533,1.3754696725711217,11.627750939345143,,
42,44.16935050993022,42.169887278582934,0.6843800322061192,1.3754696725711217,11.600912506709609,,
43,42.639559849704774,43.69967793880837,0.6843800322061192,1.3754696725711217,11.600912506709609,,
44,42.981749865807835,43.47155126140633,0.6843800322061192,1.3486312399355878,11.513687600644122,,
45,43.142780461621044,43.31052066559313,0.6843800322061192,1.3486312399355878,11.513687600644122,,
46,41.02254428341385,43.887546967257116,0.6843800322061192,1.3486312399355878,13.056897477187333,,
47,41.2037037037037,43.80703166935051,0.6843800322061192,1.3486312399355878,12.95625335480408,,
48,41.06951154052604,43.505099302200755,0.6843800322061192,1.3150831991411702,12.4597423510467,,0.966183574879227
49,41.23054213633924,43.364197530864196,0.6709608158883521,1.3150831991411702,12.453032742887816,,0.966183574879227
50,41.37144390767579,43.223295759527645,0.6709608158883521,1.3150831991411702,12.453032742887816,,0.966183574879227
51,41.35131508319914,43.04884594739667,0.6709608158883521,1.3150831991411702,12.453032742887816,,1.1607622114868492
52,41.48550724637681,42.92807300053677,0.6709608158883521,1.3150831991411702,12.439613526570048,,1.1607622114868492
53,41.55260332796565,42.881105743424584,0.6709608158883521,1.3083735909822867,12.426194310252281,,1.1607622114868492
54,40.98899624261943,43.4447128287708,0.6709608158883521,1.3083735909822867,12.426194310252281,,1.1607622114868492
55,41.08964036500269,43.364197530864196,0.6709608158883521,1.3083735909822867,12.419484702093397,,1.1473429951690821
56,41.243961352657,43.223295759527645,0.6709608158883521,1.2949543746645196,12.419484702093397,,1.1473429951690821
57,41.015834675254965,42.169887278582934,0.6709608158883521,1.2949543746645196,12.392646269457863,1.402308105206656,1.0534084809447128
58,41.06280193236715,41.75389157273215,0.6709608158883521,1.6841116478797638,12.372517444981213,1.402308105206656,1.0534084809447128
59,41.14331723027375,41.6935050993022,0.6709608158883521,1.6639828234031133,12.372517444981213,1.402308105206656,1.0534084809447128
60,41.176865271068166,41.680085882984436,0.6709608158883521,1.6639828234031133,12.352388620504563,1.402308105206656,1.0534084809447128
61,41.22383252818035,41.63311862587225,0.6709608158883521,1.6639828234031133,12.352388620504563,1.402308105206656,1.0534084809447128
62,41.237251744498124,41.619699409554485,0.6709608158883521,1.6639828234031133,12.352388620504563,1.402308105206656,1.0534084809447128
63,41.532474503489,41.33118625872249,0.6709608158883521,1.6639828234031133,12.345679012345679,1.402308105206656,1.0534084809447128
64,41.59286097691895,41.2842190016103,0.6709608158883521,1.6639828234031133,12.332259796027913,1.402308105206656,1.0534084809447128
65,41.1231884057971,40.82796564680623,0.6709608158883521,1.6371443907675791,13.298443370907139,1.3888888888888888,1.0534084809447128
66,37.96967257112185,40.79441760601181,1.5297906602254427,1.3083735909822867,16.06280193236715,1.2815351583467525,1.0534084809447128
67,38.27831454643049,40.54616210413312,1.5297906602254427,1.3083735909822867,16.002415458937197,1.2815351583467525,1.0534084809447128
68,38.446054750402574,40.425389157273216,1.5297906602254427,1.3083735909822867,15.982286634460548,1.2546967257112185,1.0534084809447128
69,38.506441223832525,40.365002683843265,1.5297906602254427,1.3083735909822867,15.982286634460548,1.2546967257112185,1.0534084809447128
70,38.5601180891036,40.351583467525494,1.5297906602254427,1.2681159420289856,15.982286634460548,1.2546967257112185,1.0534084809447128
71,38.768115942028984,40.25764895330113,1.5297906602254427,1.2681159420289856,15.895061728395062,1.2278582930756843,1.0534084809447128
72,39.25791733762748,40.02952227589909,1.5096618357487923,1.2681159420289856,15.653515834675256,1.2278582930756843,1.0534084809447128
73,39.44578636607622,39.841653247450346,1.5096618357487923,1.2681159420289856,15.653515834675256,1.2278582930756843,1.0534084809447128
74,39.52630166398282,39.81481481481482,1.5096618357487923,1.2681159420289856,15.599838969404187,1.2278582930756843,1.0534084809447128
75,39.190821256038646,39.48604401502952,1.3687600644122384,1.2681159420289856,16.404991948470208,1.2278582930756843,1.0534084809447128
76,39.2914653784219,39.418947933440684,1.3687600644122384,1.2546967257112185,16.384863123993558,1.2278582930756843,1.0534084809447128
77,39.34514224369297,39.378690284487384,1.3687600644122384,1.2412775093934514,16.384863123993558,1.2278582930756843,1.0534084809447128
78,39.398819108964034,39.331723027375205,1.3687600644122384,1.2345679012345678,16.384863123993558,1.2278582930756843,1.0534084809447128
79,38.57353730542136,40.15700483091788,1.3687600644122384,1.2345679012345678,16.384863123993558,1.2278582930756843,1.0534084809447128
80,38.61379495437466,40.183843263553406,1.3620504562533549,1.2278582930756843,16.33118625872249,1.2278582930756843,1.0534084809447128
81,38.7614063338701,40.083199141170155,1.3620504562533549,1.2278582930756843,16.284219001610307,1.2278582930756843,1.0534084809447128
82,38.89559849704777,40.00939345142244,1.3620504562533549,1.2278582930756843,16.223832528180353,1.2278582930756843,1.0534084809447128
83,39.01637144390767,39.942297369833604,1.3620504562533549,1.2278582930756843,16.170155662909288,1.2278582930756843,1.0534084809447128
84,39.06333870101986,39.89533011272142,1.3620504562533549,1.2278582930756843,16.170155662909288,1.2278582930756843,1.0534084809447128
85,39.08346752549651,39.87520128824477,1.3620504562533549,1.2278582930756843,16.170155662909288,1.2278582930756843,1.0534084809447128
86,39.11701556629093,39.781266774020395,1.3620504562533549,1.3016639828234031,16.15673644659152,1.2278582930756843,1.0534084809447128
87,39.25791733762748,39.720880300590444,1.3419216317767042,1.3016639828234031,16.109769189479334,1.2278582930756843,1.0399892646269457
88,39.371980676328505,39.60681696188943,1.3419216317767042,1.3016639828234031,16.109769189479334,1.2278582930756843,1.0399892646269457
89,39.418947933440684,39.56655931293612,1.3419216317767042,1.3016639828234031,16.10305958132045,1.2278582930756843,1.0399892646269457
90,39.492753623188406,39.492753623188406,1.3419216317767042,1.3016639828234031,16.10305958132045,1.2278582930756843,1.0399892646269457
91,39.680622651637144,39.35856146001073,1.3419216317767042,1.288244766505636,16.06280193236715,1.2278582930756843,1.0399892646269457
92,39.741009125067094,39.29817498658078,1.3419216317767042,1.288244766505636,16.06280193236715,1.2278582930756843,1.0399892646269457
93,39.801395598497045,39.2512077294686,1.3419216317767042,1.288244766505636,16.049382716049383,1.2278582930756843,1.0399892646269457
94,39.371980676328505,37.473161567364464,1.3150831991411702,1.288244766505636,18.317230273752013,1.2144390767579174,1.0198604401502953
95,36.86929683306495,40.15029522275899,1.3150831991411702,1.288244766505636,18.149490069779926,1.2077294685990339,1.0198604401502953
96,37.003488996242616,40.02952227589909,1.3150831991411702,1.288244766505636,18.136070853462158,1.2077294685990339,1.0198604401502953
97,37.0504562533548,40.01610305958132,1.3150831991411702,1.288244766505636,18.109232420826622,1.2010198604401503,1.0198604401502953
98,37.184648416532475,39.91545893719807,1.3150831991411702,1.288244766505636,18.075684380032207,1.2010198604401503,1.0198604401502953
99,37.32555018786903,39.734299516908216,1.3150831991411702,1.288244766505636,17.68652710681696,1.3419216317767042,1.3083735909822867
100,37.493290391841114,39.60010735373054,1.3150831991411702,1.288244766505636,17.652979066022546,1.3419216317767042,1.3083735909822867
101,37.52012882447665,39.45920558239399,1.3150831991411702,1.288244766505636,17.216854535695116,1.7914653784219001,1.4090177133655395
102,37.714707461084274,39.38539989264627,1.2815351583467525,1.288244766505636,17.176596886741816,1.7914653784219001,1.3620504562533549
103,37.8690284487386,39.27804616210413,1.2815351583467525,1.288244766505636,17.143048845947398,1.778046162104133,1.3620504562533549
104,36.7686527106817,38.21121846484165,1.2748255501878691,1.288244766505636,19.316961889425656,1.778046162104133,1.3620504562533549
105,35.08454106280193,39.90874932903918,1.2748255501878691,1.288244766505636,19.30354267310789,1.778046162104133,1.3620504562533549
106,35.18518518518518,39.88191089640365,1.2748255501878691,1.288244766505636,19.243156199677937,1.778046162104133,1.3486312399355878
107,35.265700483091784,39.82823403113258,1.2748255501878691,1.288244766505636,19.229736983360173,1.778046162104133,1.3352120236178207
108,35.41331186258722,39.63365539452496,1.2748255501878691,1.3821792807300053,19.182769726247987,1.778046162104133,1.3352120236178207
109,35.44685990338164,39.472624798711756,1.3888888888888888,1.3553408480944713,19.082125603864736,1.9189479334406871,1.3352120236178207
110,35.39318303811057,39.720880300590444,1.3888888888888888,1.3553408480944713,18.914385399892645,1.9189479334406871,1.3083735909822867
111,35.0979602791197,39.08346752549651,1.4090177133655395,1.328502415458937,17.47181964573269,4.300858829844337,1.3083735909822867
112,30.139559849704778,43.98819108964037,1.4090177133655395,1.42914653784219,17.424852388620504,4.300858829844337,1.3083735909822867
113,30.253623188405797,43.92109500805153,1.4090177133655395,1.42914653784219,17.391304347826086,4.28743961352657,1.3083735909822867
114,30.475040257648953,43.77348362855609,1.4090177133655395,1.42914653784219,17.337627482555018,4.26731078904992,1.3083735909822867
115,30.434782608695652,43.39103596349973,1.4090177133655395,1.5029522275899088,17.76033279656468,4.193505099302201,1.3083735909822867
116,30.669618894256576,43.11594202898551,1.4090177133655395,1.9256575415995705,17.37788513150832,4.193505099302201,1.3083735909822867
117,30.790391841116477,43.001878690284485,1.4090177133655395,1.9256575415995705,17.371175523349436,4.193505099302201,1.3083735909822867
118,31.0654857756307,42.84084809447128,1.4090177133655395,1.9256575415995705,17.257112184648417,4.193505099302201,1.3083735909822867
119,31.146001073537306,42.80059044551798,1.4090177133655395,1.9256575415995705,17.23027375201288,4.180085882984434,1.3083735909822867
120,31.253354804079443,42.70665593129361,1.4090177133655395,1.9256575415995705,17.216854535695116,4.180085882984434,1.3083735909822867
121,31.32716049382716,42.659688674181425,1.4090177133655395,1.9256575415995705,17.19001610305958,4.180085882984434,1.3083735909822867
122,31.186258722490606,41.90150295222759,2.1135265700483092,1.892109500805153,17.807300053676865,3.7909286097691894,1.3083735909822867
123,31.30703166935051,41.80756843800322,2.1135265700483092,1.892109500805153,17.787171229200215,3.7909286097691894,1.3016639828234031
124,31.468062265163713,41.74047235641439,2.1135265700483092,1.892109500805153,17.693236714975846,3.7909286097691894,1.3016639828234031
125,31.52173913043478,41.6935050993022,2.1135265700483092,1.892109500805153,17.693236714975846,3.7909286097691894,1.2949543746645196
126,31.78341384863124,41.55260332796565,2.1135265700483092,1.8786902844873858,17.612721417069242,3.7640901771336552,1.2949543746645196
127,31.850509930220074,41.458668813741276,2.086688137412775,1.8786902844873858,17.58588298443371,3.7640901771336552,1.3754696725711217
128,32.03166935050993,41.41170155662909,2.046430488459474,1.8786902844873858,17.51207729468599,3.743961352657005,1.3754696725711217
129,31.810252281266774,40.304616210413315,1.9592055823939882,2.033011272141707,16.75389157273215,5.776972624798712,1.3620504562533549
130,32.03166935050993,40.123456790123456,1.9592055823939882,2.033011272141707,16.75389157273215,5.736714975845411,1.3620504562533549
131,32.07192699946323,40.123456790123456,1.9592055823939882,2.033011272141707,16.75389157273215,5.6964573268921095,1.3620504562533549
132,32.32018250134192,40.01610305958132,1.865271068169619,2.033011272141707,16.7337627482555,5.669618894256575,1.3620504562533549
133,32.52818035426731,39.87520128824477,1.865271068169619,2.033011272141707,16.666666666666668,5.669618894256575,1.3620504562533549
134,32.669082125603865,39.761137949543745,1.865271068169619,2.033011272141707,16.659957058507782,5.649490069779925,1.3620504562533549
135,32.83682232957595,39.680622651637144,1.865271068169619,2.033011272141707,16.606280193236714,5.615942028985507,1.3620504562533549
136,32.910628019323674,39.61352657004831,1.865271068169619,2.033011272141707,16.59957058507783,5.615942028985507,1.3620504562533549
137,32.950885668276975,39.53972088030059,1.865271068169619,2.0263016639828235,16.13660762211487,6.119162640901771,1.3620504562533549
138,33.111916264090176,39.49946323134729,1.865271068169619,2.0263016639828235,16.049382716049383,6.105743424584004,1.3419216317767042
139,33.21926999463231,39.40552871712292,1.865271068169619,2.0263016639828235,16.049382716049383,6.105743424584004,1.328502415458937
140,33.333333333333336,38.969404186795494,1.865271068169619,2.0263016639828235,16.049382716049383,6.427804616210413,1.328502415458937
141,33.44068706387547,38.70101986044015,1.865271068169619,1.9659151905528718,16.022544283413847,6.427804616210413,1.5767579173376274
142,33.16559312936125,38.405797101449274,1.865271068169619,1.9659151905528718,16.59286097691895,6.427804616210413,1.5767579173376274
143,32.749597423510465,37.714707461084274,1.865271068169619,1.9659151905528718,17.753623188405797,6.374127750939345,1.5767579173376274
144,32.86366076221149,37.60735373054214,1.865271068169619,1.9592055823939882,17.753623188405797,6.374127750939345,1.5767579173376274
145,32.96430488459474,37.513419216317764,1.8585614600107354,1.9592055823939882,17.753623188405797,6.374127750939345,1.5767579173376274
146,29.461889425657542,44.20289855072464,1.8585614600107354,1.9390767579173376,15.801127214170693,5.159688674181428,1.5767579173376274
147,29.55582393988191,44.135802469135804,1.8585614600107354,1.9390767579173376,15.774288781535159,5.159688674181428,1.5767579173376274
148,29.64975845410628,43.92109500805153,1.8585614600107354,1.9390767579173376,15.774288781535159,5.139559849704777,1.7176596886741815
149,29.830917874396135,43.80032206119163,1.8585614600107354,1.9390767579173376,15.747450348899624,5.10601180891036,1.7176596886741815
150,29.87788513150832,43.73993558776167,1.8585614600107354,1.9390767579173376,15.693773483628556,5.10601180891036,1.7847557702630166
151,29.931561996779386,43.71980676328502,1.8585614600107354,1.9390767579173376,15.687063875469672,5.10601180891036,1.7579173376274826
152,29.998658078368223,43.67283950617284,1.8585614600107354,1.9390767579173376,15.666935050993022,5.10601180891036,1.7579173376274826
153,30.226784755770264,43.47155126140633,1.8585614600107354,1.9390767579173376,15.640096618357488,5.10601180891036,1.7579173376274826
154,30.421363392377884,43.29039184111648,1.8585614600107354,1.9390767579173376,15.640096618357488,5.0993022007514766,1.751207729468599
155,30.52871712292002,43.183038110574344,1.8585614600107354,1.9390767579173376,15.640096618357488,5.0993022007514766,1.751207729468599
156,30.609232420826622,43.10252281266774,1.8585614600107354,1.9390767579173376,15.640096618357488,5.0993022007514766,1.751207729468599
157,30.823939881910896,42.975040257648956,1.8451422436929683,1.9390767579173376,15.566290928609769,5.0993022007514766,1.751207729468599
158,30.709876543209877,42.592592592592595,1.8451422436929683,2.046430488459474,15.559581320450885,5.528717122920021,1.7176596886741815
159,30.857487922705314,42.50536768652711,1.8451422436929683,2.033011272141707,15.5126140633387,5.528717122920021,1.7176596886741815
160,30.911164787976382,42.47181964573269,1.8451422436929683,2.033011272141707,15.5126140633387,5.508588298443371,1.7176596886741815
161,30.9849704777241,42.41814278046162,1.8451422436929683,2.033011272141707,15.49248523886205,5.508588298443371,1.7176596886741815
162,31.179549114331724,42.35775630703167,1.8384326355340848,2.033011272141707,15.378421900161031,5.508588298443371,1.7042404723564144
163,31.57541599570585,41.99543746645196,1.8384326355340848,2.033011272141707,15.371712292002147,5.488459473966721,1.6975308641975309
164,31.588835212023618,41.948470209339774,1.8384326355340848,2.033011272141707,15.271068169618895,5.622651637144391,1.6975308641975309
165,31.635802469135804,41.94176060118089,1.8384326355340848,2.033011272141707,15.24422973698336,5.609232420826624,1.6975308641975309
166,31.57541599570585,41.74718196457327,1.5365002683843263,2.033011272141707,15.22410091250671,5.60252281266774,2.281266774020397
167,31.642512077294686,41.6935050993022,1.5365002683843263,2.033011272141707,15.210681696188942,5.60252281266774,2.281266774020397
168,31.716317767042405,41.53918411164788,1.5365002683843263,2.033011272141707,15.163714439076758,5.60252281266774,2.408749329039184
169,31.816961889425656,41.4922168545357,2.006172839506173,2.01959205582394,14.74771873322598,5.508588298443371,2.408749329039184
170,31.95115405260333,41.358024691358025,2.006172839506173,2.01959205582394,14.74771873322598,5.508588298443371,2.408749329039184
171,32.13231347289318,41.29092860976919,2.006172839506173,2.01959205582394,14.63365539452496,5.508588298443371,2.408749329039184
172,32.18599033816425,41.27079978529254,2.006172839506173,2.01959205582394,14.600107353730541,5.508588298443371,2.408749329039184
173,32.32018250134192,41.176865271068166,2.006172839506173,2.01959205582394,14.600107353730541,5.46833064949007,2.408749329039184
174,32.44095544820183,41.136607622114866,2.006172839506173,2.01959205582394,14.566559312936125,5.421363392377885,2.408749329039184
175,32.60198604401503,41.0024154589372,2.006172839506173,2.01959205582394,14.53972088030059,5.421363392377885,2.408749329039184
176,32.88378958668814,40.80783682232958,2.006172839506173,2.01959205582394,14.452495974235104,5.421363392377885,2.408749329039184
177,33.20585077831455,40.61996779388084,2.006172839506173,1.9927536231884058,14.38539989264627,5.407944176060118,2.38191089640365
178,33.360171765968865,40.52603327965647,2.006172839506173,1.9927536231884058,14.38539989264627,5.347557702630167,2.38191089640365
179,33.581588835212024,40.43880837359098,1.9994632313472893,1.9793344068706387,14.278046162104133,5.347557702630167,2.3752012882447664
180,33.3064949006978,40.15029522275899,2.636876006441224,1.9793344068706387,14.264626945786366,5.287171229200215,2.3752012882447664
181,33.40713902308105,40.083199141170155,2.636876006441224,1.9793344068706387,14.231078904991948,5.287171229200215,2.3752012882447664
182,33.44739667203435,40.13687600644123,2.636876006441224,1.9793344068706387,14.217659688674182,5.2066559312936125,2.3752012882447664
183,33.3467525496511,40.022812667740205,2.636876006441224,1.9659151905528718,14.452495974235104,5.199946323134729,2.3752012882447664
184,28.589640365002683,48.90633387010199,2.5026838432635534,1.9659151905528718,10.970209339774557,4.790660225442834,2.2745571658615136
185,28.69699409554482,48.812399355877616,2.5026838432635534,1.9659151905528718,10.95679012345679,4.790660225442834,2.2745571658615136
186,29.032474503488995,48.52388620504563,2.5026838432635534,1.9659151905528718,10.923242082662373,4.777241009125067,2.2745571658615136
187,28.515834675254965,47.799248523886206,3.0059044551798175,1.9659151905528718,12.546967257112184,3.8915727321524423,2.2745571658615136
188,28.650026838432634,47.1081588835212,3.0059044551798175,2.5429414922168547,12.5402576489533,3.8915727321524423,2.2611379495437465
189,28.5829307568438,46.765968867418145,3.0059044551798175,2.509393451422437,12.52012882447665,4.3545356951154055,2.2611379495437465
190,28.79092860976919,46.59822866344606,3.0059044551798175,2.509393451422437,12.238325281803542,4.3545356951154055,2.5026838432635534
191,29.025764895330113,46.41035963499731,2.999194847020934,2.5026838432635534,12.204777241009126,4.3545356951154055,2.5026838432635534
192,29.045893719806763,46.39023081052066,2.999194847020934,2.5026838432635534,12.204777241009126,4.3545356951154055,2.5026838432635534
193,29.07944176060118,46.01449275362319,2.999194847020934,2.5026838432635534,12.204777241009126,4.3545356951154055,2.844873859366613
194,29.180085882984432,45.94739667203435,2.999194847020934,2.5026838432635534,12.198067632850242,4.327697262479871,2.844873859366613
195,29.428341384863124,45.8064949006978,2.999194847020934,2.5026838432635534,12.151100375738057,4.327697262479871,2.7844873859366612
196,29.62962962962963,45.65217391304348,2.985775630703167,2.5026838432635534,12.117552334943639,4.327697262479871,2.7844873859366612
197,29.622920021470748,45.52469135802469,2.985775630703167,2.5026838432635534,12.117552334943639,4.327697262479871,2.918679549114332
198,29.696725711218466,45.3972088030059,2.9723564143853998,2.61003757380569,12.090713902308105,4.314278046162104,2.918679549114332
199,28.938539989264626,45.08185721953838,2.9723564143853998,2.61003757380569,13.20450885668277,4.274020397208803,2.918679549114332
200,29.03918411164788,45.02818035426731,2.9723564143853998,2.61003757380569,13.177670424047236,4.274020397208803,2.898550724637681
201,29.11969940955448,44.927536231884055,3.408480944712829,2.61003757380569,12.775093934514224,4.274020397208803,2.885131508319914
202,29.22705314009662,44.840311325818575,3.408480944712829,2.61003757380569,12.754965110037574,4.274020397208803,2.885131508319914
203,29.294149221685455,44.806763285024154,3.408480944712829,2.61003757380569,12.721417069243156,4.274020397208803,2.885131508319914
204,29.448470209339774,44.7061191626409,3.408480944712829,2.61003757380569,12.721417069243156,4.2203435319377345,2.885131508319914
205,29.716854535695116,44.50483091787439,3.408480944712829,2.576489533011272,12.714707461084272,4.193505099302201,2.885131508319914
206,28.442028985507246,42.619431025228124,3.066290928609769,2.120236178207193,18.089103596349972,3.388352120236178,2.2745571658615136
207,28.63660762211487,42.50536768652711,3.066290928609769,2.1068169618894257,18.02200751476114,3.388352120236178,2.2745571658615136
208,28.703703703703702,42.24369296833065,3.066290928609769,2.1068169618894257,18.00858829844337,3.361513687600644,2.509393451422437
209,28.884863123993558,42.19672571121846,3.066290928609769,2.1068169618894257,17.921363392377884,3.3145464304884595,2.509393451422437
210,29.17337627482555,41.82098765432099,3.066290928609769,2.0799785292538915,17.921363392377884,3.435319377348363,2.5026838432635534
211,29.24718196457327,41.80756843800322,3.0327428878153517,2.0799785292538915,17.921363392377884,3.408480944712829,2.5026838432635534
212,29.361245303274288,41.79414922168545,3.0327428878153517,2.0799785292538915,17.834138486312398,3.408480944712829,2.4892646269457863
213,29.401502952227588,41.75389157273215,3.0327428878153517,2.0799785292538915,17.834138486312398,3.408480944712829,2.4892646269457863
214,29.602791196994094,41.58615136876006,3.0327428878153517,2.0799785292538915,17.800590445517983,3.408480944712829,2.4892646269457863
215,29.938271604938272,41.418411164787976,3.0327428878153517,2.0799785292538915,17.70665593129361,3.361513687600644,2.462426194310252
216,30.119431025228128,41.337895866881375,3.0327428878153517,2.0799785292538915,17.639559849704778,3.361513687600644,2.428878153515835
217,30.08588298443371,41.257380568974774,3.1602254428341383,2.1739130434782608,17.53220611916264,3.361513687600644,2.428878153515835
218,30.159688674181428,41.18357487922705,3.1602254428341383,2.1739130434782608,17.53220611916264,3.361513687600644,2.428878153515835
219,30.307300053676865,41.12989801395599,3.1602254428341383,2.1739130434782608,17.438271604938272,3.361513687600644,2.428878153515835
220,29.367954911433173,40.35829307568438,3.1602254428341383,2.1739130434782608,19.162640901771336,3.361513687600644,2.4154589371980677
221,29.528985507246375,40.284487385936664,3.1535158346752548,2.1739130434782608,19.0955448201825,3.361513687600644,2.4020397208803006
222,29.388083735909824,39.680622651637144,3.1535158346752548,2.1739130434782608,19.088835212023618,4.1129898013955986,2.4020397208803006
223,29.602791196994094,39.57997852925389,3.1468062265163717,2.1739130434782608,19.008319914117017,4.1129898013955986,2.3752012882447664
224,29.56924315619968,39.009661835748794,3.1468062265163717,2.7844873859366612,19.008319914117017,4.106280193236715,2.3752012882447664
225,29.60950080515298,38.91572732152442,3.1468062265163717,2.7844873859366612,18.98148148148148,4.106280193236715,2.4557165861513686
226,29.7638217928073,38.7614063338701,3.1468062265163717,2.7844873859366612,18.98148148148148,4.106280193236715,2.4557165861513686
227,29.891304347826086,38.67418142780462,3.1468062265163717,2.7844873859366612,18.947933440687063,4.106280193236715,2.4490069779924855
228,29.998658078368223,38.6406333870102,3.099838969404187,2.7844873859366612,18.94122383252818,4.086151368760064,2.4490069779924855
229,30.152979066022546,38.58695652173913,3.099838969404187,2.7844873859366612,18.840579710144926,4.086151368760064,2.4490069779924855
230,30.300590445517983,38.53327965646806,3.066290928609769,2.737520128824477,18.82716049382716,4.086151368760064,2.4490069779924855
231,30.441492216854535,38.499731615673646,3.066290928609769,2.737520128824477,18.739935587761675,4.086151368760064,2.428878153515835
232,30.54884594739667,38.43263553408481,3.066290928609769,2.7106816961889426,18.726516371443907,4.086151368760064,2.428878153515835
233,30.69645732689211,38.31857219538379,3.046162104133119,2.7106816961889426,18.726516371443907,4.072732152442297,2.428878153515835
234,30.810520665593128,38.238056897477186,3.046162104133119,2.7106816961889426,18.706387546967257,4.05931293612453,2.428878153515835
235,30.931293612453032,38.16425120772947,3.046162104133119,2.6972624798711755,18.686258722490606,4.045893719806763,2.428878153515835
236,31.105743424584006,38.16425120772947,3.046162104133119,2.6704240472356413,18.53864734299517,4.045893719806763,2.428878153515835
237,31.179549114331724,38.12399355877617,3.046162104133119,2.6704240472356413,18.5252281266774,4.025764895330113,2.428878153515835
238,31.30703166935051,38.04347826086956,3.012614063338701,2.6704240472356413,18.511808910359633,4.025764895330113,2.428878153515835
239,31.45464304884595,37.9495437466452,3.012614063338701,2.6704240472356413,18.46484165324745,4.025764895330113,2.4221685453569513
240,31.622383252818036,37.875738056897475,2.9924852388620504,2.6435856146001075,18.417874396135264,4.025764895330113,2.4221685453569513
241,31.944444444444443,37.67444981213097,2.9790660225442833,2.6435856146001075,18.344068706387546,4.025764895330113,2.3886205045625335
242,31.776704240472355,37.996511003757384,2.9790660225442833,2.6435856146001075,18.203166935050994,4.012345679012346,2.3886205045625335
243,31.78341384863124,37.9898013955985,2.9790660225442833,2.6435856146001075,18.203166935050994,4.012345679012346,2.3886205045625335
244,31.83709071390231,37.9495437466452,2.9790660225442833,2.6435856146001075,18.189747718733226,4.012345679012346,2.3886205045625335
245,31.93102522812668,37.68115942028985,2.9790660225442833,2.8918411164787976,18.14278046162104,3.992216854535695,2.38191089640365
246,32.17928073000537,37.60735373054214,2.9790660225442833,2.885131508319914,17.995169082125603,3.992216854535695,2.3617820719269993
247,32.25979602791197,37.567096081588836,2.9790660225442833,2.844873859366613,17.995169082125603,3.992216854535695,2.3617820719269993
248,32.306763285024154,37.546967257112186,2.9790660225442833,2.844873859366613,17.96833064949007,3.992216854535695,2.3617820719269993
249,32.420826623725176,37.23832528180354,2.952227589908749,2.737520128824477,17.94820182501342,3.992216854535695,2.7106816961889426
250,32.588566827697264,37.164519592055825,2.952227589908749,2.737520128824477,17.860976918947934,3.9855072463768115,2.7106816961889426
251,32.75630703166935,36.8491680085883,3.3682232957595275,2.737520128824477,17.793880837359097,3.784219001610306,2.7106816961889426
252,33.11862587224906,36.71497584541063,3.361513687600644,2.737520128824477,17.612721417069242,3.770799785292539,2.6838432635534084
253,33.24610842726785,36.480139559849704,3.361513687600644,2.871712292002147,17.599302200751477,3.7573805689747717,2.6838432635534084
254,33.299785292538914,36.45330112721417,3.361513687600644,2.871712292002147,17.599302200751477,3.7573805689747717,2.657004830917874
255,33.4272678475577,36.3593666129898,3.361513687600644,2.8650026838432634,17.599302200751477,3.7573805689747717,2.6301663982823404
256,33.675523349436396,36.22517444981213,3.361513687600644,2.844873859366613,17.505367686527105,3.7573805689747717,2.6301663982823404
257,33.843263553408484,36.08427267847558,3.361513687600644,2.844873859366613,17.478529253891573,3.7573805689747717,2.6301663982823404
258,34.01771336553945,35.98362855609233,3.361513687600644,2.844873859366613,17.424852388620504,3.7372517444981215,2.6301663982823404
259,33.93048845947396,35.92324208266237,3.361513687600644,2.8381642512077296,17.102791196994094,3.7238325281803544,3.1199677938808374
260,34.01771336553945,35.829307568438004,3.361513687600644,2.8113258185721954,17.082662372517444,3.717122920021471,3.180354267310789
261,34.11835748792271,35.789049919484704,3.361513687600644,2.8113258185721954,17.05582393988191,3.683574879227053,3.180354267310789
262,34.306226516371446,35.69511540526033,3.361513687600644,2.8113258185721954,16.99543746645196,3.6500268384326353,3.180354267310789
263,34.49409554482018,35.567632850241544,3.361513687600644,2.8113258185721954,16.968599033816425,3.6231884057971016,3.1736446591519054
264,34.534353193773484,35.567632850241544,3.361513687600644,2.8113258185721954,16.935050993022006,3.6231884057971016,3.166935050993022
265,34.82957595276436,35.299248523886206,3.307836822329576,2.9388083735909825,16.834406870638755,3.6231884057971016,3.166935050993022
266,35.01073537305421,35.198604401502955,3.307836822329576,2.9388083735909825,16.780730005367687,3.5963499731615673,3.166935050993022
267,35.06441223832528,35.11137949543747,3.3011272141706924,2.9388083735909825,16.646537842190018,3.5963499731615673,3.3413848631239937
268,35.17176596886742,35.05099302200752,3.3011272141706924,2.9388083735909825,16.626409017713364,3.5963499731615673,3.3145464304884595
269,35.258990874932906,34.977187332259795,3.3011272141706924,2.9388083735909825,16.6129898013956,3.5963499731615673,3.3145464304884595
270,35.31266774020397,34.94363929146538,3.3011272141706924,2.9388083735909825,16.606280193236714,3.5963499731615673,3.3011272141706924
271,35.55421363392378,34.796027911969944,3.2675791733762747,2.9253891572732154,16.55931293612453,3.5963499731615673,3.3011272141706924
272,35.607890499194845,34.796027911969944,3.2541599570585076,2.9253891572732154,16.552603327965645,3.5963499731615673,3.2675791733762747
273,35.65485775630703,34.74906065485776,3.2541599570585076,2.9253891572732154,16.552603327965645,3.5963499731615673,3.2675791733762747
274,35.80246913580247,34.70880300590446,3.240740740740741,2.9253891572732154,16.532474503488995,3.556092324208266,3.2340311325818574
275,35.81588835212023,34.31964573268921,3.227321524422974,2.9253891572732154,16.512345679012345,3.556092324208266,3.643317230273752
276,35.91653247450349,34.245840042941495,3.227321524422974,2.9253891572732154,16.485507246376812,3.556092324208266,3.643317230273752
277,36.07085346215781,34.19887278582931,3.227321524422974,2.9119699409554483,16.404991948470208,3.556092324208266,3.629898013955985
278,36.29898013955985,34.16532474503489,3.166935050993022,2.9119699409554483,16.324476650563607,3.502415458937198,3.629898013955985
279,36.38620504562534,33.903650026838434,3.1602254428341383,3.0193236714975846,16.31105743424584,3.502415458937198,3.717122920021471
280,36.20504562533548,33.68894256575416,3.1602254428341383,3.0193236714975846,16.75389157273215,3.4688674181427803,3.7037037037037037
281,36.20504562533548,33.66881374127751,3.1468062265163717,3.1535158346752548,16.6532474503489,3.4688674181427803,3.7037037037037037
282,36.30568974771873,33.621846484165324,3.1468062265163717,3.140096618357488,16.6129898013956,3.4688674181427803,3.7037037037037037
283,36.50697799248524,33.561460010735374,3.1065485775630703,3.140096618357488,16.53918411164788,3.4688674181427803,3.6768652710681695
284,36.66129898013956,33.45410628019324,3.0931293612453032,3.140096618357488,16.512345679012345,3.4688674181427803,3.670155662909286
285,36.67471819645733,33.340042941492214,3.0931293612453032,3.280998389694042,16.472088030059044,3.4688674181427803,3.670155662909286
286,36.7686527106817,33.25281803542673,3.0931293612453032,3.280998389694042,16.465378421900162,3.4688674181427803,3.670155662909286
287,36.822329575952764,33.2259796027912,3.0931293612453032,3.280998389694042,16.451959205582394,3.4688674181427803,3.656736446591519
288,36.52710681696189,32.31347289318304,3.079710144927536,2.677133655394525,16.418411164787976,5.407944176060118,3.5762211486849167
289,36.574074074074076,32.29334406870639,3.079710144927536,2.677133655394525,16.404991948470208,5.394524959742351,3.5762211486849167
290,36.79549114331723,32.098765432098766,3.0730005367686526,2.677133655394525,16.25738056897477,5.394524959742351,3.7037037037037037
291,36.963231347289316,32.038378958668815,3.0730005367686526,2.6704240472356413,16.17686527106817,5.381105743424584,3.69699409554482
292,37.17793880837359,31.944444444444443,3.0730005367686526,2.6704240472356413,16.13660762211487,5.381105743424584,3.616478797638218
293,37.224906065485776,31.93102522812668,3.0595813204508855,2.6704240472356413,16.11647879763822,5.381105743424584,3.616478797638218
294,37.27187332259796,31.890767579173378,3.0595813204508855,2.6704240472356413,16.109769189479334,5.381105743424584,3.616478797638218
295,37.3792270531401,31.83709071390231,3.0595813204508855,2.6704240472356413,16.09634997316157,5.367686527106817,3.589640365002684
296,37.453032742887814,31.82367149758454,3.0595813204508855,2.6704240472356413,16.0426731078905,5.360976918947934,3.589640365002684
297,37.60064412238325,31.743156199677937,3.0595813204508855,2.6704240472356413,15.975577026301664,5.360976918947934,3.589640365002684
298,37.66774020397209,31.729736983360173,3.0595813204508855,2.6704240472356413,15.921900161030596,5.360976918947934,3.589640365002684
299,37.72141706924316,31.709608158883523,3.0595813204508855,2.6704240472356413,15.921900161030596,5.3274288781535155,3.589640365002684
300,37.78180354267311,31.702898550724637,3.0595813204508855,2.6704240472356413,15.895061728395062,5.300590445517981,3.589640365002684
301,37.80864197530864,31.689479334406872,3.0595813204508855,2.6704240472356413,15.76086956521739,5.421363392377885,3.589640365002684
302,37.915995705850776,31.602254428341386,3.0595813204508855,2.6704240472356413,15.74074074074074,5.421363392377885,3.589640365002684
303,38.177670424047236,31.53515834675255,3.0193236714975846,2.657004830917874,15.646806226516372,5.394524959742351,3.569511540526033
304,38.25147611379496,31.488191089640367,3.0193236714975846,2.6435856146001075,15.646806226516372,5.394524959742351,3.556092324208266
305,38.32528180354267,31.447933440687063,3.0193236714975846,2.6435856146001075,15.633387010198604,5.381105743424584,3.549382716049383
306,38.405797101449274,31.394256575415994,3.012614063338701,2.636876006441224,15.633387010198604,5.367686527106817,3.549382716049383
307,38.486312399355874,31.34728931830381,2.985775630703167,2.636876006441224,15.633387010198604,5.360976918947934,3.549382716049383
308,38.66076221148685,31.280193236714975,2.985775630703167,2.636876006441224,15.552871712292003,5.3341384863123995,3.549382716049383
309,38.888888888888886,31.15271068169619,2.985775630703167,2.636876006441224,15.479066022544284,5.3341384863123995,3.5225442834138487
310,38.97611379495437,31.112453032742888,2.952227589908749,2.636876006441224,15.479066022544284,5.320719269994632,3.5225442834138487
311,39.03650026838432,31.072195383789587,2.952227589908749,2.6167471819645733,15.479066022544284,5.320719269994632,3.5225442834138487
312,39.16398282340311,30.991680085882983,2.952227589908749,2.6167471819645733,15.45222758990875,5.300590445517981,3.5225442834138487
313,39.21765968867418,30.95813204508857,2.952227589908749,2.6167471819645733,15.432098765432098,5.300590445517981,3.5225442834138487
314,39.30488459473967,30.897745571658614,2.952227589908749,2.6167471819645733,15.405260332796564,5.300590445517981,3.5225442834138487
315,39.40552871712292,30.823939881910896,2.952227589908749,2.6167471819645733,15.378421900161031,5.300590445517981,3.5225442834138487
316,39.47933440687064,30.776972624798713,2.952227589908749,2.6167471819645733,15.365002683843263,5.300590445517981,3.5091250670960816
317,39.57326892109501,30.709876543209877,2.952227589908749,2.6167471819645733,15.365002683843263,5.300590445517981,3.4822866344605474
318,39.781266774020395,30.669618894256576,2.952227589908749,2.589908749329039,15.24422973698336,5.280461621041331,3.4822866344605474
