,45,50,55,54,53,52,51,56,57
0,100.0,,,,,,,,
1,97.69189479334406,2.3081052066559313,,,,,,,
2,94.73295759527643,5.267042404723564,,,,,,,
3,52.05314009661836,46.03462157809984,1.9122383252818036,,,,,,
4,50.577026301663984,47.51073537305421,1.9122383252818036,,,,,,
5,49.77858293075684,48.309178743961354,1.9122383252818036,,,,,,
6,50.026838432635536,48.060923242082666,1.9122383252818036,,,,,,
7,47.92002147074611,50.16774020397209,1.9122383252818036,,,,,,
8,48.20182501341922,49.89935587761675,1.8988191089640365,,,,,,
9,45.799785292538914,51.16747181964573,1.8988191089640365,1.133923778851315,,,,,
10,46.081588835212024,50.717928073000536,2.0665593129361244,1.133923778851315,,,,,
11,46.12855609232421,48.88620504562534,2.0665593129361244,0.7112184648416533,2.2074610842726785,,,,
12,44.7463768115942,50.5300590445518,1.9524959742351047,0.6239935587761675,2.147074610842727,,,,
13,44.87385936661299,50.26167471819646,2.0933977455716586,0.6239935587761675,2.147074610842727,,,,
14,45.02147074610843,50.19457863660762,2.0933977455716586,0.6239935587761675,2.0665593129361244,,,,
15,45.276435856146,47.396672034353195,2.0397208803005906,0.8722490606548577,4.414922168545357,,,,
16,45.67230273752013,47.114868491680085,1.9524959742351047,0.8454106280193237,4.414922168545357,,,,
17,46.2157809983897,46.70558239398819,1.9524959742351047,0.8252818035426731,4.300858829844337,,,,
18,46.20907139023081,42.169887278582934,5.535426731078905,1.932367149758454,4.1532474503489,,,,
19,46.303005904455176,41.458668813741276,4.864465915190553,1.8250134192163177,5.548845947396672,,,,
20,46.343263553408484,40.54616210413312,5.776972624798712,1.8250134192163177,5.508588298443371,,,,
21,46.43719806763285,40.45222758990875,5.776972624798712,1.8250134192163177,5.508588298443371,,,,
22,46.63177670424047,38.62050456253355,7.4141170155662905,1.8250134192163177,5.508588298443371,,,,
23,46.584809447128286,37.82206119162641,7.367149758454106,2.717391304347826,5.508588298443371,,,,
24,45.78636607622115,32.18599033816425,4.488727858293076,12.875738056897477,4.663177670424047,,,,
25,45.45759527643585,31.548577563070317,4.374664519592056,12.86231884057971,4.663177670424047,1.093666129898014,,,
26,45.69914117015566,31.159420289855074,4.374664519592056,13.009930220075148,4.663177670424047,1.093666129898014,,,
27,45.65888352120236,29.294149221685455,4.260601180891036,12.929414922168545,7.078636607622115,0.7783145464304885,,,
28,45.70585077831455,29.280730005367687,4.260601180891036,12.895866881374127,7.078636607622115,0.7783145464304885,,,
29,46.15539452495974,29.01905528717123,3.603059581320451,12.654320987654321,7.7898550724637685,0.7783145464304885,,,
30,46.47074610842727,28.703703703703702,3.603059581320451,12.654320987654321,7.7898550724637685,0.7783145464304885,,,
31,46.4975845410628,27.730810520665592,3.603059581320451,13.6406333870102,7.749597423510467,0.7783145464304885,,,
32,43.86741814278046,28.683574879227052,2.791196994095545,13.942565754159958,9.936929683306495,0.7783145464304885,,,
33,40.82796564680623,30.938003220611915,2.059849704777241,13.922436929683306,11.553945249597424,0.6977992485238862,,,
34,41.14331723027375,30.750134192163177,2.059849704777241,13.922436929683306,11.426462694578637,0.6977992485238862,,,
35,41.257380568974774,30.683038110574344,2.059849704777241,13.875469672571121,11.426462694578637,0.6977992485238862,,,
36,40.27106816961889,31.682769726247987,2.059849704777241,13.862050456253355,11.426462694578637,0.6977992485238862,,,
37,38.258185721953836,30.334138486312398,2.046430488459474,13.352120236178207,11.352657004830919,4.656468062265164,,,
38,38.29173376274826,30.62265163714439,2.0128824476650564,13.278314546430488,11.137949543746645,4.656468062265164,,,
39,38.35212023617821,30.56226516371444,2.0128824476650564,13.278314546430488,11.137949543746645,4.656468062265164,,,
40,38.35882984433709,30.703166935050994,2.0128824476650564,13.191089640365004,11.137949543746645,4.5960815888352125,,,
41,38.47289318303811,30.615942028985508,2.0128824476650564,13.191089640365004,11.11111111111111,4.5960815888352125,,,
42,38.53327965646806,30.56897477187332,2.0128824476650564,13.191089640365004,11.097691894793345,4.5960815888352125,,,
43,36.56736446591519,30.96484165324745,2.0128824476650564,10.077831454643048,10.997047772410092,7.763016639828234,1.6170155662909287,,
44,36.54723564143854,30.152979066022546,1.6237251744498122,10.02415458937198,12.325550187869029,7.763016639828234,1.5633387010198605,,
45,35.44015029522276,31.320450885668276,1.7646269457863661,9.916800858829845,12.325550187869029,7.669082125603865,1.5633387010198605,,
46,35.99704777241009,31.17283950617284,1.7646269457863661,9.708803005904455,12.23161567364466,7.561728395061729,1.5633387010198605,,
47,36.37278582930757,31.05877616747182,1.751207729468599,9.695383789586689,12.06387546967257,7.561728395061729,1.4962426194310252,,
48,30.656199677938808,36.802200751476114,1.751207729468599,10.02415458937198,11.694847020933977,7.232957595276436,1.8384326355340848,,
49,29.542404723564143,34.75577026301664,1.6103059581320451,4.74369296833065,10.701825013419215,16.80756843800322,1.8384326355340848,,
50,29.8040794417606,34.614868491680085,1.9189479334406871,4.74369296833065,10.701825013419215,16.378153515834676,1.8384326355340848,,
51,30.609232420826622,34.17203435319377,1.737788513150832,4.74369296833065,10.527375201288244,16.371443907675793,1.8384326355340848,,
52,30.018786902844873,26.35534084809447,1.737788513150832,4.958400429414922,10.527375201288244,16.344605475040257,10.057702630166398,,
53,26.89210950080515,34.715512614063336,1.8853998926462694,4.958400429414922,10.527375201288244,16.344605475040257,4.676596886741814,,
54,27.046430488459475,34.68196457326892,1.8853998926462694,4.944981213097155,10.420021470746109,16.344605475040257,4.676596886741814,,
55,26.67740203972088,34.366612989801396,1.7176596886741815,5.166398282340311,9.816156736446592,17.746913580246915,4.455179817498658,0.05367686527106817,
56,26.85185185185185,34.20558239398819,1.7176596886741815,5.166398282340311,9.802737520128824,17.746913580246915,4.455179817498658,0.05367686527106817,
57,27.24771873322598,33.89694041867955,1.7042404723564144,5.387815351583468,9.769189479334408,17.52549651100376,4.414922168545357,0.05367686527106817,
58,27.006172839506174,32.749597423510465,1.6908212560386473,7.118894256575416,9.480676328502415,17.518786902844873,4.38137412775094,0.05367686527106817,
59,27.126945786366075,32.23966720343532,1.6371443907675791,6.689479334406871,9.400161030595813,16.17686527106817,6.6760601180891035,0.05367686527106817,
60,27.603327965646805,31.884057971014492,1.6371443907675791,6.541867954911433,9.400161030595813,16.23725174449812,6.642512077294686,0.05367686527106817,
61,28.213902308105208,31.608964036500268,1.6371443907675791,6.541867954911433,9.219001610305957,16.23054213633924,6.494900697799249,0.05367686527106817,
62,28.63660762211487,30.03220611916264,1.5633387010198605,6.454643048845948,10.63472893183038,16.23054213633924,6.394256575415996,0.05367686527106817,
63,29.17337627482555,29.757112184648417,1.5633387010198605,6.454643048845948,10.493827160493828,16.109769189479334,6.394256575415996,0.05367686527106817,
64,29.448470209339774,28.475577026301664,2.6838432635534084,7.320182501341922,10.332796564680622,15.177133655394526,6.394256575415996,0.16774020397208803,
65,29.066022544283413,26.8317230273752,2.61003757380569,5.367686527106817,10.279119699409554,17.022275899087493,8.655394524959743,0.16774020397208803,
66,28.824476650563607,26.288244766505635,2.1806226516371443,5.193236714975845,8.984165324745035,16.874664519592056,11.654589371980677,,
67,28.92512077294686,26.27482555018787,2.1604938271604937,5.132850241545894,8.984165324745035,16.867954911433173,11.654589371980677,,
68,29.341116478797638,26.154052603327965,2.1604938271604937,5.065754159957058,8.890230810520666,16.82769726247987,11.560654857756306,,
69,29.891304347826086,23.939881910896403,2.0933977455716586,4.9718196457326895,11.137949543746645,16.438539989264626,11.52710681696189,,
70,30.42807300053677,22.497316156736446,2.033011272141707,7.367149758454106,10.61460010735373,15.76086956521739,11.29898013955985,,
71,30.67632850241546,22.396672034353195,2.01959205582394,7.353730542136339,10.493827160493828,15.76086956521739,11.29898013955985,,
72,30.897745571658614,22.24235104669887,2.01959205582394,7.320182501341922,10.426731078904991,16.27750939345142,10.815888352120236,,
73,31.085614600107355,21.76596886741814,2.01959205582394,6.823671497584541,10.359634997316157,17.391304347826086,10.554213633923778,,
74,31.226516371443907,21.672034353193773,2.006172839506173,6.749865807836822,10.46027911969941,17.391304347826086,10.493827160493828,,
75,31.635802469135804,21.557971014492754,2.006172839506173,6.749865807836822,10.426731078904991,17.12962962962963,10.493827160493828,,
76,31.87734836285561,21.464036500268385,2.006172839506173,6.736446591519055,10.379763821792807,17.09608158883521,10.44015029522276,,
77,32.21282877079979,21.3768115942029,2.006172839506173,6.622383252818035,10.379763821792807,17.082662372517444,10.319377348362856,,
78,32.628824476650564,21.329844337090712,2.147074610842727,6.4345142243692965,10.265700483091788,16.982018250134193,10.21202361782072,,
79,33.15217391304348,20.954106280193237,2.120236178207193,6.4345142243692965,10.44015029522276,16.794149221685455,10.104669887278583,,
80,33.43397745571659,20.893719806763286,2.120236178207193,6.400966183574879,10.44015029522276,16.606280193236714,10.104669887278583,,
81,32.88378958668814,19.45115405260333,1.1876006441223832,9.708803005904455,9.88996242619431,16.888083735909824,9.990606548577563,,
82,33.46081588835212,19.45115405260333,1.1876006441223832,9.25925925925926,9.836285560923242,16.888083735909824,9.916800858829845,,
83,33.56816961889426,19.424315619967793,1.1876006441223832,9.25925925925926,9.75577026301664,16.888083735909824,9.916800858829845,,
84,33.84997316156736,19.343800322061192,1.1876006441223832,9.098228663446054,9.749060654857756,16.854535695115406,9.916800858829845,,
85,34.12506709608159,19.16935050993022,1.1876006441223832,9.064680622651638,9.749060654857756,16.78743961352657,9.916800858829845,,
86,32.05179817498658,16.17686527106817,3.2742887815351582,8.903650026838433,9.420289855072463,16.5727321524423,13.45276435856146,0.14761137949543746,
87,32.18599033816425,16.13660762211487,3.2742887815351582,8.903650026838433,9.420289855072463,16.55931293612453,13.372249060654857,0.14761137949543746,
88,32.68250134192163,15.995705850778315,3.260869565217391,8.903650026838433,9.29951690821256,16.445249597423512,13.264895330112722,0.14761137949543746,
89,32.88378958668814,15.921900161030596,3.240740740740741,7.139023081052066,9.27938808373591,18.270263016639827,13.264895330112722,,
90,33.393719806763286,15.780998389694043,2.1403650026838434,7.071926999463232,9.27938808373591,19.182769726247987,12.983091787439614,0.16774020397208803,
91,32.85024154589372,15.599838969404187,2.073268921095008,6.769994632313473,8.59500805152979,20.679012345679013,13.264895330112722,0.16774020397208803,
92,32.51476113794954,15.33816425120773,1.8988191089640365,6.769994632313473,9.634997316156737,20.598497047772412,13.077026301663983,0.16774020397208803,
93,32.59527643585615,15.311325818572195,1.8988191089640365,6.702898550724638,9.634997316156737,20.48443370907139,13.070316693505099,0.30193236714975846,
94,32.82340311325819,15.311325818572195,1.8988191089640365,6.635802469135802,9.628287707997853,20.33011272141707,13.070316693505099,0.30193236714975846,
95,32.689210950080515,14.459205582393988,1.8988191089640365,7.669082125603865,9.876543209876543,20.061728395061728,13.043478260869565,0.30193236714975846,
96,32.88378958668814,14.439076757917338,1.8988191089640365,7.6623725174449815,9.876543209876543,19.981213097155127,12.95625335480408,0.30193236714975846,
97,33.333333333333336,14.27133655394525,1.8988191089640365,7.635534084809447,9.75577026301664,19.93424584004294,12.95625335480408,0.2147074610842727,
98,33.78958668813741,14.150563607085346,1.8988191089640365,7.749597423510467,9.567901234567902,19.773215244229736,12.855609232420827,0.2147074610842727,
99,34.43370907139023,14.096886741814279,1.8988191089640365,7.689210950080516,9.440418679549115,19.585346215780998,12.640901771336553,0.2147074610842727,
100,34.514224369296834,14.096886741814279,1.8988191089640365,7.64224369296833,9.380032206119163,19.484702093397747,12.640901771336553,0.2147074610842727,0.1274825550187869
101,34.43370907139023,14.27133655394525,1.8786902844873858,7.628824476650563,9.380032206119163,19.45786366076221,12.607353730542137,0.2147074610842727,0.1274825550187869
102,33.52791196994095,13.996242619431026,1.8786902844873858,7.232957595276436,8.400429414922169,18.417874396135264,16.21712292002147,0.20128824476650564,0.1274825550187869
103,33.99087493290392,13.83521202361782,1.8786902844873858,7.219538378958669,8.319914117015566,18.317230273752013,16.109769189479334,0.20128824476650564,0.1274825550187869
104,32.27992485238862,13.177670424047236,1.8115942028985508,6.400966183574879,7.306763285024155,17.632850241545892,21.061460010735374,0.20128824476650564,0.1274825550187869
105,32.37385936661299,13.16425120772947,1.8719806763285025,6.655931293612453,6.615673644659152,17.364465915190554,21.62506709608159,0.20128824476650564,0.1274825550187869
106,32.776435856146,13.16425120772947,1.8719806763285025,6.629092860976919,6.568706387546968,17.24369296833065,21.4170692431562,0.20128824476650564,0.1274825550187869
107,31.97128287707998,12.808641975308642,2.8784219001610305,6.608964036500268,6.561996779388084,18.800322061191626,20.041599570585078,0.20128824476650564,0.1274825550187869
108,32.84353193773484,12.714707461084272,2.844873859366613,6.568706387546968,6.320450885668277,18.50509930220075,19.887278582930758,0.1878690284487386,0.1274825550187869
109,33.42055823939882,12.506709608158884,2.8247450348899625,6.561996779388084,6.260064412238325,18.411164787976382,19.712828770799785,0.17444981213097155,0.1274825550187869
110,33.621846484165324,12.466451959205582,2.985775630703167,6.474771873322598,6.260064412238325,18.203166935050994,19.685990338164252,0.17444981213097155,0.1274825550187869
111,34.15861513687601,12.25174449812131,2.985775630703167,6.736446591519055,6.219806763285024,17.907944176060116,19.43773483628556,0.17444981213097155,0.1274825550187869
112,34.286097691894796,12.204777241009126,2.9589371980676327,6.837090713902308,6.172839506172839,17.907944176060116,19.330381105743424,0.17444981213097155,0.1274825550187869
113,34.695383789586685,12.171229200214707,2.952227589908749,6.776704240472356,6.072195383789587,17.69994632313473,19.330381105743424,0.17444981213097155,0.1274825550187869
114,34.74906065485776,12.157809983896941,2.952227589908749,6.776704240472356,6.045356951154052,17.69994632313473,19.316961889425656,0.17444981213097155,0.1274825550187869
115,34.96376811594203,12.157809983896941,2.952227589908749,6.776704240472356,5.958132045088567,17.673107890499196,19.216317767042405,0.17444981213097155,0.1274825550187869
116,35.44685990338164,12.057165861513688,2.952227589908749,6.776704240472356,5.958132045088567,17.56575415995706,18.94122383252818,0.17444981213097155,0.1274825550187869
117,35.73537305421363,11.855877616747183,3.1870638754696725,6.749865807836822,5.857487922705314,18.183038110574344,18.129361245303276,0.17444981213097155,0.1274825550187869
118,35.99704777241009,11.842458400429415,3.321256038647343,6.629092860976919,5.783682232957595,18.08239398819109,18.04213633923779,0.17444981213097155,0.1274825550187869
119,36.36607622114869,11.761943102522812,3.321256038647343,6.602254428341385,5.756843800322061,17.961621041331185,17.92807300053677,0.17444981213097155,0.1274825550187869
120,36.10440150295223,11.66129898013956,2.4892646269457863,7.87037037037037,5.394524959742351,17.673107890499196,18.511808910359633,0.16774020397208803,0.1274825550187869
121,35.7487922705314,11.647879763821793,2.4221685453569513,7.702630166398282,5.038915727321524,18.88083735909823,18.391035963499732,0.16774020397208803,
122,35.279119699409556,11.506977992485238,2.4221685453569513,7.2933440687063875,4.85775630703167,19.95437466451959,18.51851851851852,0.16774020397208803,
123,36.06414385399893,11.386205045625335,2.4221685453569513,7.246376811594203,4.824208266237251,19.887278582930758,18.00187869028449,0.16774020397208803,
124,36.09769189479334,10.775630703166936,2.4221685453569513,7.092055823939882,4.770531400966184,19.887278582930758,18.78690284487386,0.16774020397208803,
125,36.560654857756305,10.715244229736983,2.4221685453569513,6.944444444444445,4.663177670424047,19.806763285024154,18.719806763285025,0.16774020397208803,
126,36.95652173913044,10.61460010735373,2.38191089640365,7.118894256575416,4.64975845410628,19.51154052603328,18.59903381642512,0.16774020397208803,
127,37.43961352657005,10.473698336017177,2.38191089640365,7.004830917874396,4.636339237788513,19.41760601180891,18.47826086956522,0.16774020397208803,
128,37.31213097155126,10.453569511540525,2.38191089640365,6.790123456790123,4.636339237788513,19.32367149758454,18.9345142243693,0.16774020397208803,
129,37.80193236714976,10.279119699409554,2.2879763821792807,6.8035426731078905,4.616210413311863,19.16935050993022,18.753354804079443,0.2885131508319914,
130,38.00322061191626,10.084541062801932,2.2879763821792807,6.615673644659152,4.582662372517445,19.135802469135804,19.00161030595813,0.2885131508319914,
131,37.92941492216855,9.98389694041868,2.2879763821792807,6.421095008051529,5.119431025228127,19.0955448201825,18.874127750939344,0.2885131508319914,
132,38.137412775093935,9.977187332259795,2.2745571658615136,6.333870101986044,5.119431025228127,19.088835212023618,18.780193236714975,0.2885131508319914,
133,38.67418142780462,9.96376811594203,2.24771873322598,6.3137412775093935,5.092592592592593,19.028448738593667,18.4044551798175,0.27509393451422437,
134,39.03650026838432,9.802737520128824,2.2410091250670963,6.239935587761675,5.0791733762748255,18.92109500805153,18.4044551798175,0.27509393451422437,
135,39.418947933440684,9.681964573268921,2.2410091250670963,6.119162640901771,5.0791733762748255,18.646001073537306,18.397745571658614,0.41599570585077833,
136,39.68733225979603,9.681964573268921,2.2410091250670963,6.119162640901771,5.0791733762748255,18.438003220611915,18.337359098228664,0.41599570585077833,
137,40.103327965646805,9.54777241009125,2.2410091250670963,6.119162640901771,5.0791733762748255,18.33064949006978,18.16290928609769,0.41599570585077833,
138,40.29790660225443,9.406870638754697,2.2410091250670963,6.119162640901771,5.689747718733226,17.847557702630166,17.995169082125603,0.4025764895330113,
139,40.90177133655394,9.339774557165862,2.2342995169082127,6.421095008051529,5.689747718733226,17.176596886741816,17.834138486312398,0.4025764895330113,
140,40.89506172839506,9.306226516371444,2.2342995169082127,6.387546967257112,6.635802469135802,16.391572732152444,17.746913580246915,0.4025764895330113,
141,41.1231884057971,9.292807300053678,2.2342995169082127,6.327160493827161,6.635802469135802,16.384863123993558,17.599302200751477,0.4025764895330113,
142,41.297638217928075,9.225711218464841,2.2342995169082127,6.300322061191626,6.635802469135802,16.378153515834676,17.52549651100376,0.4025764895330113,
143,41.38486312399356,9.111647879763822,2.2342995169082127,6.300322061191626,6.964573268921095,16.31105743424584,17.290660225442835,0.4025764895330113,
144,41.52576489533011,9.07139023081052,2.2342995169082127,6.266774020397209,6.964573268921095,16.27079978529254,17.2638217928073,0.4025764895330113,
145,41.948470209339774,8.977455716586151,2.1403650026838434,6.266774020397209,6.957863660762212,16.210413311862588,17.102791196994094,0.39586688137412773,
146,42.351046698872786,8.964036500268385,2.086688137412775,6.266774020397209,6.957863660762212,16.0426731078905,16.935050993022006,0.39586688137412773,
147,42.40472356414385,9.23913043478261,2.059849704777241,6.246645195920558,6.870638754696726,15.854804079441761,16.928341384863124,0.39586688137412773,
148,42.05582393988191,9.07139023081052,2.059849704777241,6.213097155126141,7.796564680622652,15.53274288781535,16.874664519592056,0.39586688137412773,
149,42.15646806226516,9.05126140633387,2.059849704777241,6.172839506172839,7.796564680622652,15.83467525496511,16.532474503488995,0.39586688137412773,
150,42.53220611916264,9.03113258185722,2.059849704777241,6.172839506172839,7.796564680622652,15.814546430488459,16.19699409554482,0.39586688137412773,
151,42.901234567901234,8.977455716586151,2.0128824476650564,6.166129898013956,7.776435856146001,15.640096618357488,16.129898013955984,0.39586688137412773,
152,43.10252281266774,8.863392377885132,2.0128824476650564,6.166129898013956,7.776435856146001,15.573000536768653,16.109769189479334,0.39586688137412773,
153,42.93478260869565,8.849973161567364,1.9659151905528718,5.904455179817498,7.742887815351583,15.479066022544284,16.72705314009662,0.39586688137412773,
154,43.01529790660226,8.849973161567364,1.9659151905528718,5.904455179817498,7.742887815351583,15.398550724637682,16.72705314009662,0.39586688137412773,
155,41.888083735909824,10.856146001073537,1.9659151905528718,5.904455179817498,7.595276435856146,15.344873859366613,16.049382716049383,0.39586688137412773,
156,42.190016103059584,10.856146001073537,1.9659151905528718,5.891035963499732,7.595276435856146,15.271068169618895,15.83467525496511,0.39586688137412773,
157,42.049114331723025,10.849436392914654,3.629898013955985,5.891035963499732,7.454374664519592,14.65378421900161,15.076489533011273,0.39586688137412773,
158,42.23698336017176,10.802469135802468,3.629898013955985,5.877616747181965,7.434245840042942,14.63365539452496,14.989264626945786,0.39586688137412773,
159,41.297638217928075,10.7085346215781,3.5963499731615673,5.864197530864198,6.89747718733226,14.204240472356414,17.03569511540526,0.39586688137412773,
160,41.46537842190016,10.641438539989265,3.5963499731615673,5.83064949006978,6.89747718733226,14.190821256038648,16.982018250134193,0.39586688137412773,
161,41.337895866881375,10.701825013419215,3.556092324208266,5.736714975845411,6.045356951154052,13.506441223832528,18.746645195920557,0.36902844873859364,
162,41.358024691358025,10.701825013419215,3.556092324208266,5.736714975845411,6.045356951154052,13.506441223832528,18.726516371443907,0.36902844873859364,
163,41.57944176060118,10.57434245840043,3.5091250670960816,5.736714975845411,6.045356951154052,13.506441223832528,18.679549114331724,0.36902844873859364,
164,41.84111647879764,10.540794417606012,3.4420289855072466,5.736714975845411,6.119162640901771,13.466183574879228,18.4849704777241,0.36902844873859364,
165,42.028985507246375,10.540794417606012,3.408480944712829,5.736714975845411,6.119162640901771,13.405797101449275,18.391035963499732,0.36902844873859364,
166,42.250402576489535,10.540794417606012,3.408480944712829,5.709876543209877,6.119162640901771,13.399087493290391,18.203166935050994,0.36902844873859364,
167,41.458668813741276,10.279119699409554,3.2742887815351582,5.743424584004294,6.635802469135802,14.163982823403114,18.075684380032207,0.36902844873859364,
168,41.88137412775094,10.171765968867419,3.2139023081052067,5.743424584004294,6.588835212023618,14.163982823403114,17.867686527106816,0.36902844873859364,
169,41.97530864197531,10.171765968867419,3.2139023081052067,5.743424584004294,6.588835212023618,14.163982823403114,17.773752012882447,0.36902844873859364,
170,42.290660225442835,10.124798711755233,3.2139023081052067,5.743424584004294,6.535158346752549,14.016371443907676,17.70665593129361,0.36902844873859364,
171,42.391304347826086,9.151905528717123,3.2139023081052067,5.743424584004294,6.494900697799249,15.042941492216855,17.59259259259259,0.36902844873859364,
172,42.70665593129361,9.151905528717123,3.1870638754696725,5.6964573268921095,6.374127750939345,15.022812667740205,17.49194847020934,0.36902844873859364,
173,42.941492216854535,9.084809447128288,3.140096618357488,5.683038110574342,6.374127750939345,15.01610305958132,17.391304347826086,0.36902844873859364,
174,43.25684380032206,9.078099838969404,3.1333870101986045,5.676328502415459,6.374127750939345,14.761137949543746,17.351046698872786,0.36902844873859364,
175,43.71980676328502,8.849973161567364,3.280998389694042,5.669618894256575,6.293612453032743,14.586688137412775,17.297369833601717,0.30193236714975846,
176,44.08883521202362,8.78287707997853,3.1199677938808374,5.669618894256575,6.273483628556092,14.553140096618357,17.21014492753623,0.30193236714975846,
177,44.316961889425656,8.756038647342995,3.1199677938808374,5.669618894256575,6.273483628556092,14.465915190552872,17.09608158883521,0.30193236714975846,
178,41.908212560386474,8.145464304884594,2.8784219001610305,5.736714975845411,5.917874396135265,14.143853998926463,20.967525496511005,0.30193236714975846,
179,41.47879763821793,8.145464304884594,2.7844873859366612,5.736714975845411,5.917874396135265,15.801127214170693,19.83360171765969,0.30193236714975846,
180,41.74718196457327,8.145464304884594,2.7844873859366612,5.730005367686527,5.71658615136876,15.780998389694043,19.79334406870639,0.30193236714975846,
181,42.028985507246375,8.09849704777241,2.7844873859366612,5.730005367686527,5.683038110574342,15.767579173376275,19.605475040257648,0.30193236714975846,
182,40.90848094471283,8.004562533548041,2.7442297369833604,5.5689747718733225,5.60252281266774,15.68035426731079,21.18894256575416,0.30193236714975846,
183,41.1231884057971,7.877079978529254,2.7442297369833604,5.5689747718733225,5.595813204508857,15.653515834675256,21.135265700483092,0.30193236714975846,
184,41.418411164787976,7.830112721417069,2.7442297369833604,5.5689747718733225,5.5689747718733225,15.49248523886205,21.07487922705314,0.30193236714975846,
185,41.6532474503489,7.776435856146001,2.717391304347826,5.515297906602254,5.5689747718733225,15.432098765432098,21.034621578099838,0.30193236714975846,
186,41.90150295222759,7.6556629092860975,2.717391304347826,5.495169082125604,5.5689747718733225,15.398550724637682,20.96081588835212,0.30193236714975846,
187,41.888083735909824,7.64224369296833,2.690552871712292,5.448201825013419,5.501878690284487,15.787707997852925,20.739398819108963,0.30193236714975846,
188,42.28395061728395,7.64224369296833,2.690552871712292,5.448201825013419,5.481749865807837,15.499194847020934,20.652173913043477,0.30193236714975846,
189,42.652979066022546,7.581857219538379,2.690552871712292,5.340848094471283,5.387815351583468,15.425389157273216,20.618625872249062,0.30193236714975846,
190,43.07568438003221,7.581857219538379,2.690552871712292,5.307300053676865,5.367686527106817,15.210681696188942,20.46430488459474,0.30193236714975846,
191,43.29039184111648,7.555018786902845,2.677133655394525,5.287171229200215,5.307300053676865,15.210681696188942,20.37037037037037,0.30193236714975846,
192,43.45142243692968,7.501341921631776,2.6502952227589907,5.287171229200215,5.307300053676865,15.13016639828234,20.37037037037037,0.30193236714975846,
193,43.71980676328502,7.501341921631776,2.6502952227589907,5.280461621041331,5.307300053676865,15.056360708534621,20.1959205582394,0.2885131508319914,
194,43.94122383252818,7.461084272678476,2.6502952227589907,5.280461621041331,5.280461621041331,15.03623188405797,20.061728395061728,0.2885131508319914,
195,44.45115405260333,7.440955448201825,2.636876006441224,5.179817498658078,5.273752012882448,14.922168545356952,19.806763285024154,0.2885131508319914,
196,45.06843800322061,7.306763285024155,2.636876006441224,5.132850241545894,5.273752012882448,14.687332259796028,19.605475040257648,0.2885131508319914,
197,45.30327428878154,7.232957595276436,2.636876006441224,4.978529253891573,5.267042404723564,14.687332259796028,19.605475040257648,0.2885131508319914,
198,43.43800322061192,6.957863660762212,2.522812667740204,5.059044551798175,5.414653784219001,16.968599033816425,19.35721953837896,0.28180354267310787,
199,43.86741814278046,6.944444444444445,2.522812667740204,5.045625335480408,5.414653784219001,16.780730005367687,19.142512077294686,0.28180354267310787,
200,43.914385399892645,6.944444444444445,2.522812667740204,5.139559849704777,5.414653784219001,16.67337627482555,18.9747718733226,0.41599570585077833,
201,43.84728931830381,6.91760601180891,2.522812667740204,5.226784755770263,5.394524959742351,16.646537842190018,19.028448738593667,0.41599570585077833,
202,44.04186795491143,6.877348362855609,2.5161030595813205,5.159688674181428,5.374396135265701,16.646537842190018,18.968062265163713,0.41599570585077833,
203,44.24315619967794,6.843800322061192,2.5161030595813205,4.985238862050457,5.374396135265701,16.532474503488995,18.968062265163713,0.5367686527106817,
204,44.24986580783682,6.756575415995706,2.5161030595813205,4.978529253891573,5.615942028985507,16.472088030059044,18.874127750939344,0.5367686527106817,
205,44.860440150295226,6.602254428341385,2.5161030595813205,4.978529253891573,5.615942028985507,16.049382716049383,18.840579710144926,0.5367686527106817,
206,44.91411701556629,6.602254428341385,2.5161030595813205,4.958400429414922,5.615942028985507,16.015834675254965,18.840579710144926,0.5367686527106817,
207,45.229468599033815,6.535158346752549,2.4825550187869028,5.139559849704777,5.495169082125604,15.935319377348362,18.67283950617284,0.5099302200751477,
208,45.571658615136876,6.508319914117015,2.462426194310252,5.038915727321524,5.448201825013419,15.921900161030596,18.53864734299517,0.5099302200751477,
209,45.880300590445515,6.414385399892646,2.462426194310252,5.01207729468599,5.448201825013419,15.861513687600644,18.411164787976382,0.5099302200751477,
210,45.06172839506173,5.958132045088567,2.462426194310252,5.01207729468599,4.575952764358561,15.693773483628556,20.725979602791195,0.5099302200751477,
211,45.35024154589372,5.958132045088567,2.462426194310252,4.9651100375738055,4.575952764358561,15.653515834675256,20.571658615136876,0.46296296296296297,
212,45.82662372517445,5.9447128287707995,2.462426194310252,4.931561996779388,4.528985507246377,15.559581320450885,20.283145464304884,0.46296296296296297,
213,45.94068706387547,5.9447128287707995,2.4557165861513686,4.931561996779388,4.528985507246377,15.546162104133119,20.189210950080515,0.46296296296296297,
214,46.30971551261406,5.891035963499732,2.4557165861513686,4.931561996779388,4.528985507246377,15.318035426731079,20.101986044015028,0.46296296296296297,
215,46.57139023081052,5.884326355340848,2.4557165861513686,4.87788513150832,4.468599033816425,15.291196994095545,19.98792270531401,0.46296296296296297,
216,46.752549651100374,5.884326355340848,2.4557165861513686,4.87788513150832,4.468599033816425,15.136876006441224,19.961084272678477,0.46296296296296297,
217,46.95383789586688,5.884326355340848,2.4355877616747184,4.87788513150832,4.367954911433173,15.11003757380569,19.90740740740741,0.46296296296296297,
218,47.36983360171766,5.837359098228664,2.4355877616747184,4.783950617283951,4.26731078904992,15.029522275899087,19.81347289318304,0.46296296296296297,
219,47.62479871175523,5.810520665593129,2.428878153515835,4.750402576489533,4.233762748255502,15.01610305958132,19.672571121846484,0.46296296296296297,
220,45.26301663982824,5.542136339237788,2.328234031132582,4.562533548040794,6.984702093397746,14.546430488459475,20.437466451959207,0.33548040794417605,
221,45.69243156199678,5.522007514761138,2.2879763821792807,4.53569511540526,6.810252281266774,14.53972088030059,20.276435856146,0.33548040794417605,
222,45.7662372517445,5.501878690284487,2.2879763821792807,4.53569511540526,6.810252281266774,14.533011272141707,20.229468599033815,0.33548040794417605,
223,44.37734836285561,6.340579710144928,2.26784755770263,4.213633923778851,6.723027375201288,14.184111647879764,21.557971014492754,0.33548040794417605,
224,43.88083735909823,6.273483628556092,2.26784755770263,4.146537842190016,6.622383252818035,15.24422973698336,21.256038647342994,0.30864197530864196,
225,44.29012345679013,6.260064412238325,2.2410091250670963,4.03918411164788,6.568706387546968,15.24422973698336,21.048040794417606,0.30864197530864196,
226,44.59205582393988,6.260064412238325,2.2342995169082127,4.03918411164788,6.568706387546968,15.13016639828234,20.86688137412775,0.30864197530864196,
227,44.907407407407405,6.233225979602791,2.2074610842726785,4.508856682769726,6.568706387546968,15.063070316693505,20.202630166398283,0.30864197530864196,
228,44.53166935050993,6.125872249060655,2.3550724637681157,4.320987654320987,7.6556629092860975,14.472624798711756,20.229468599033815,0.30864197530864196,
229,44.61218464841653,5.991680085882985,2.341653247450349,4.320987654320987,7.6556629092860975,14.432367149758454,20.336822329575952,0.30864197530864196,
230,44.89398819108964,5.877616747181965,2.341653247450349,4.294149221685454,7.6556629092860975,14.331723027375201,20.29656468062265,0.30864197530864196,
231,45.16237251744498,5.877616747181965,2.341653247450349,4.294149221685454,7.6556629092860975,14.231078904991948,20.128824476650564,0.30864197530864196,
232,45.1959205582394,5.877616747181965,2.200751476113795,4.294149221685454,7.883789586688137,14.13714439076758,20.101986044015028,0.30864197530864196,
233,45.571658615136876,5.877616747181965,2.200751476113795,4.28743961352657,7.883789586688137,13.90901771336554,19.961084272678477,0.30864197530864196,
234,45.853462157809986,5.783682232957595,2.200751476113795,4.240472356414386,7.87037037037037,13.902308105206655,19.840311325818572,0.30864197530864196,
235,45.967525496511,5.750134192163178,2.200751476113795,4.213633923778851,7.843531937734836,13.875469672571121,19.840311325818572,0.30864197530864196,
236,46.061460010735374,5.730005367686527,2.1739130434782608,4.213633923778851,7.843531937734836,13.83521202361782,19.83360171765969,0.30864197530864196,
237,46.256038647343,5.723295759527644,2.1604938271604937,4.213633923778851,7.843531937734836,13.828502415458937,19.665861513687602,0.30864197530864196,
238,46.55797101449275,5.703166935050993,2.1604938271604937,4.106280193236715,7.836822329575953,13.747987117552334,19.578636607622116,0.30864197530864196,
239,46.64519592055824,5.703166935050993,2.1604938271604937,4.106280193236715,7.809983896940419,13.808373590982287,19.45786366076221,0.30864197530864196,
240,46.49087493290392,5.703166935050993,2.1604938271604937,4.092860976918948,7.7361782071927,13.519860440150294,19.98792270531401,0.30864197530864196,
241,46.51771336553945,5.703166935050993,2.147074610842727,4.079441760601181,7.803274288781535,13.506441223832528,19.93424584004294,0.30864197530864196,
242,46.765968867418145,5.676328502415459,2.147074610842727,4.019055287171229,7.803274288781535,13.593666129898015,19.685990338164252,0.30864197530864196,
243,47.128287707997856,5.662909286097692,2.147074610842727,4.019055287171229,7.769726247987117,13.419216317767042,19.545088566827697,0.30864197530864196,
244,47.40338164251208,5.595813204508857,2.147074610842727,4.012345679012346,7.75630703166935,13.285024154589372,19.49812130971551,0.30193236714975846,
245,47.47047772410091,5.595813204508857,2.147074610842727,4.012345679012346,7.75630703166935,13.22463768115942,19.49141170155663,0.30193236714975846,
246,47.765700483091784,5.495169082125604,2.147074610842727,4.012345679012346,7.722758990874933,13.09044551798175,19.47799248523886,0.2885131508319914,
247,47.86634460547504,5.481749865807837,2.147074610842727,4.012345679012346,7.722758990874933,13.003220611916264,19.47799248523886,0.2885131508319914,
248,48.03408480944713,5.481749865807837,2.147074610842727,3.9452495974235107,7.722758990874933,12.969672571121846,19.410896403650028,0.2885131508319914,
249,48.2487922705314,5.46833064949007,2.147074610842727,3.9452495974235107,7.675791733762749,12.828770799785293,19.404186795491142,0.28180354267310787,
250,48.46349973161568,5.46833064949007,2.147074610842727,3.9049919484702094,7.635534084809447,12.714707461084272,19.384057971014492,0.28180354267310787,
251,48.75872249060655,5.340848094471283,2.147074610842727,3.898282340311326,7.635534084809447,12.654320987654321,19.28341384863124,0.28180354267310787,
252,48.87278582930757,5.340848094471283,2.147074610842727,3.844605475040258,7.635534084809447,12.640901771336553,19.236446591519055,0.28180354267310787,
253,48.993558776167475,5.320719269994632,2.13365539452496,3.978797638217928,7.615405260332796,12.634192163177671,19.04186795491143,0.28180354267310787,
254,49.013687600644126,5.320719269994632,2.13365539452496,3.978797638217928,7.615405260332796,12.627482555018787,19.028448738593667,0.28180354267310787,
255,48.91304347826087,5.320719269994632,2.0397208803005906,3.978797638217928,7.595276435856146,12.855609232420827,19.0150295222759,0.28180354267310787,
256,48.78556092324208,5.260332796564681,2.0263016639828235,3.8915727321524423,7.5281803542673105,13.687600644122384,18.53864734299517,0.28180354267310787,
257,49.074074074074076,5.260332796564681,1.9994632313472893,3.8915727321524423,7.467793880837359,13.687600644122384,18.35077831454643,0.2683843263553409,
258,49.4296833064949,5.2066559312936125,1.9524959742351047,3.864734299516908,7.407407407407407,13.593666129898015,18.276972624798713,0.2683843263553409,
259,49.543746645195924,5.179817498658078,1.9524959742351047,3.864734299516908,7.367149758454106,13.560118089103597,18.263553408480945,0.2683843263553409,
260,49.67793880837359,5.052334943639291,1.9524959742351047,3.864734299516908,7.367149758454106,13.553408480944713,18.263553408480945,0.2683843263553409,
261,49.71148684916801,5.052334943639291,1.9524959742351047,3.864734299516908,7.575147611379496,13.539989264626946,18.035426731078903,0.2683843263553409,
262,49.946323134728935,5.025496511003757,1.9524959742351047,3.864734299516908,7.561728395061729,13.506441223832528,17.8743961352657,0.2683843263553409,
263,50.10064412238325,5.025496511003757,1.9524959742351047,3.864734299516908,7.561728395061729,13.506441223832528,17.72007514761138,0.2683843263553409,
264,50.275093934514224,4.978529253891573,1.9524959742351047,3.864734299516908,7.561728395061729,13.45276435856146,17.64626945786366,0.2683843263553409,
265,50.44283413848631,4.9718196457326895,1.9524959742351047,3.864734299516908,7.541599570585078,13.45276435856146,17.505367686527105,0.2683843263553409,
266,50.7313472893183,4.9651100375738055,1.9524959742351047,3.824476650563607,7.5281803542673105,13.439345142243694,17.290660225442835,0.2683843263553409,
267,50.60386473429951,4.864465915190553,1.932367149758454,3.7909286097691894,7.608695652173913,13.761406333870102,17.16988727858293,0.2683843263553409,
268,50.81857219538379,4.864465915190553,1.9189479334406871,3.7909286097691894,7.561728395061729,13.667471819645733,17.10950080515298,0.2683843263553409,
269,51.019860440150296,4.864465915190553,1.8585614600107354,3.784219001610306,7.5281803542673105,13.66076221148685,17.01556629092861,0.2683843263553409,
270,51.15405260332797,4.8376274825550185,1.8585614600107354,3.784219001610306,7.514761137949543,13.633923778851315,16.948470209339774,0.2683843263553409,
271,51.288244766505635,4.810789049919484,1.8384326355340848,3.750670960815888,7.548309178743962,13.607085346215781,16.888083735909824,0.2683843263553409,
272,51.368760064412236,4.810789049919484,1.8384326355340848,3.7372517444981215,7.253086419753086,14.204240472356414,16.532474503488995,0.2549651100375738,
273,51.2614063338701,4.810789049919484,1.8115942028985508,3.7372517444981215,7.239667203435319,14.392109500805153,16.492216854535695,0.2549651100375738,
274,51.529790660225444,4.783950617283951,1.8115942028985508,3.717122920021471,7.239667203435319,14.378690284487385,16.284219001610307,0.2549651100375738,
275,51.86527106816962,4.683306494900698,1.7042404723564144,3.643317230273752,7.239667203435319,14.338432635534085,16.27079978529254,0.2549651100375738,
276,51.94578636607622,4.669887278582931,1.8585614600107354,3.6366076221148687,7.185990338164252,14.204240472356414,16.243961352657006,0.2549651100375738,
277,52.241009125067094,4.636339237788513,1.8115942028985508,3.6366076221148687,7.185990338164252,13.989533011272142,16.243961352657006,0.2549651100375738,
