,45,50,54,53,55,52,51,57,56
0,95.83333333333333,4.166666666666667,,,,,,,
1,95.83333333333333,4.166666666666667,,,,,,,
2,95.7259796027912,4.274020397208803,,,,,,,
3,95.7259796027912,4.274020397208803,,,,,,,
4,95.7259796027912,4.274020397208803,,,,,,,
5,95.65217391304348,4.3478260869565215,,,,,,,
6,95.45759527643585,4.542404723564144,,,,,,,
7,95.45759527643585,4.542404723564144,,,,,,,
8,92.0558239398819,7.816693505099302,0.1274825550187869,,,,,,
9,92.06924315619968,7.803274288781535,0.1274825550187869,,,,,,
10,92.16317767042405,7.709339774557166,0.1274825550187869,,,,,,
11,92.20343531937735,7.669082125603865,0.1274825550187869,,,,,,
12,92.10279119699409,7.769726247987117,0.1274825550187869,,,,,,
13,91.98872785829307,7.883789586688137,0.1274825550187869,,,,,,
14,92.00214707461085,7.87037037037037,0.1274825550187869,,,,,,
15,91.94847020933977,7.924047235641439,0.1274825550187869,,,,,,
16,70.967525496511,28.904991948470208,0.1274825550187869,,,,,,
17,69.45115405260333,27.730810520665592,0.1274825550187869,2.5161030595813205,0.17444981213097155,,,,
18,69.43102522812667,27.70397208803006,0.1274825550187869,2.475845410628019,0.2616747181964573,,,,
19,66.96859903381643,30.16639828234031,0.1274825550187869,2.475845410628019,0.2616747181964573,,,,
20,67.0558239398819,30.079173376274827,0.1274825550187869,2.475845410628019,0.2616747181964573,,,,
21,66.49892646269458,25.81857219538379,0.1274825550187869,2.4355877616747184,0.2616747181964573,4.85775630703167,,,
22,66.54589371980677,25.771604938271604,0.1274825550187869,2.4355877616747184,0.2616747181964573,4.85775630703167,,,
23,66.60628019323671,25.751476113794954,0.1274825550187869,2.395330112721417,0.2616747181964573,4.85775630703167,,,
24,66.51234567901234,25.85212023617821,0.1274825550187869,2.395330112721417,0.2616747181964573,4.851046698872786,,,
25,66.61969940955449,25.77831454643049,0.1274825550187869,2.3617820719269993,0.2616747181964573,4.851046698872786,,,
26,66.74047235641439,24.94632313472893,0.1274825550187869,2.2879763821792807,0.5837359098228664,3.2139023081052067,2.100107353730542,,
27,66.70692431561997,24.97987117552335,0.1274825550187869,2.2879763821792807,0.5837359098228664,3.2139023081052067,2.100107353730542,,
28,66.7740203972088,24.932903918411164,0.1274825550187869,2.2879763821792807,0.5837359098228664,3.193773483628556,2.100107353730542,,
29,56.76328502415459,34.84299516908212,0.1274825550187869,2.2879763821792807,0.7045088566827697,3.193773483628556,2.0799785292538915,,
30,56.82367149758454,34.54106280193237,0.1274825550187869,2.5295222758990876,0.7045088566827697,3.193773483628556,2.0799785292538915,,
31,54.79736983360172,36.600912506709605,0.1274825550187869,2.49597423510467,0.7045088566827697,3.193773483628556,2.0799785292538915,,
32,54.79736983360172,36.61433172302738,0.1274825550187869,2.49597423510467,0.7045088566827697,3.180354267310789,2.0799785292538915,,
33,54.911433172302736,36.540526033279654,0.1274825550187869,2.4691358024691357,0.7045088566827697,3.166935050993022,2.0799785292538915,,
34,51.268115942028984,40.19726247987118,0.1274825550187869,2.4691358024691357,0.6910896403650026,3.166935050993022,2.0799785292538915,,
35,51.35534084809447,39.80810520665593,0.1274825550187869,2.4691358024691357,1.0601180891035964,3.166935050993022,2.0128824476650564,,
36,51.549919484702095,39.66720343531938,0.1274825550187869,2.4691358024691357,1.0601180891035964,3.1468062265163717,1.9793344068706387,,
37,42.109500805152976,50.64412238325282,0.36902844873859364,2.086688137412775,0.6910896403650026,2.9052603327965647,1.1943102522812667,,
38,40.29119699409554,52.462426194310254,0.36902844873859364,2.086688137412775,0.6910896403650026,2.9052603327965647,1.1943102522812667,,
39,40.365002683843265,52.4020397208803,0.36902844873859364,2.086688137412775,0.6776704240472357,2.9052603327965647,1.1943102522812667,,
40,40.57971014492754,52.24771873322598,0.36902844873859364,2.0531400966183573,0.6508319914117016,2.9052603327965647,1.1943102522812667,,
41,40.713902308105204,51.80488459473967,0.36902844873859364,2.0531400966183573,0.9997316156736447,2.8650026838432634,1.1943102522812667,,
42,41.1634460547504,51.36205045625336,0.36902844873859364,2.0531400966183573,0.9930220075147611,2.8650026838432634,1.1943102522812667,,
43,41.317767042404725,50.691089640365,0.36902844873859364,2.0531400966183573,0.9930220075147611,3.3816425120772946,1.1943102522812667,,
44,41.26409017713365,50.50322061191626,0.36902844873859364,1.9793344068706387,0.9930220075147611,3.3816425120772946,1.5096618357487923,,
45,41.30434782608695,50.067096081588836,0.36902844873859364,1.9793344068706387,1.3150831991411702,3.455448201825013,1.5096618357487923,,
46,39.89533011272142,49.463231347289316,0.36902844873859364,1.9793344068706387,1.3150831991411702,3.4286097691894795,3.549382716049383,,
47,40.163714439076756,49.25523349436393,0.36902844873859364,1.9793344068706387,1.3150831991411702,3.3950617283950617,3.5225442834138487,,
48,40.264358561460014,49.16800858829844,0.36902844873859364,1.9793344068706387,1.3150831991411702,3.3816425120772946,3.5225442834138487,,
49,40.371712292002144,49.060654857756305,0.36902844873859364,1.9793344068706387,1.3150831991411702,3.616478797638218,3.2877079978529253,,
50,40.68035426731079,48.76543209876543,0.36902844873859364,1.9659151905528718,1.3150831991411702,3.616478797638218,3.2877079978529253,,
51,40.5931293612453,48.91975308641975,0.36902844873859364,1.9659151905528718,1.3150831991411702,3.569511540526033,3.2675791733762747,,
52,39.96913580246913,48.718464841653244,0.36902844873859364,1.9659151905528718,1.3150831991411702,3.569511540526033,4.092860976918948,,
53,39.962426194310254,47.819377348362856,0.36902844873859364,1.9659151905528718,2.2410091250670963,3.549382716049383,4.092860976918948,,
54,40.08990874932904,47.745571658615134,0.36902844873859364,1.9524959742351047,2.2410091250670963,3.5091250670960816,4.092860976918948,,
55,38.20450885668277,47.678475577026305,2.3886205045625335,1.9524959742351047,2.227589908749329,3.4822866344605474,4.066022544283414,,
56,38.29173376274826,47.63150831991412,2.3886205045625335,1.9457863660762211,2.227589908749329,3.4822866344605474,4.032474503488996,,
57,38.34541062801932,47.57783145464305,2.3886205045625335,1.9457863660762211,2.227589908749329,3.280998389694042,4.233762748255502,,
58,38.30515297906602,47.638217928073,2.3886205045625335,1.9457863660762211,2.214170692431562,3.2742887815351582,4.233762748255502,,
59,35.950080515297905,56.18625872249061,2.3886205045625335,0.2885131508319914,1.8317230273752012,1.9793344068706387,1.3754696725711217,,
60,36.030595813204506,56.105743424584006,2.3886205045625335,0.2885131508319914,1.8317230273752012,1.9793344068706387,1.3754696725711217,,
61,36.11782071926999,56.01851851851852,2.3886205045625335,0.2885131508319914,1.8317230273752012,1.8853998926462694,1.3754696725711217,0.0939345142243693,
62,36.30568974771873,55.85077831454643,2.368491680085883,0.2885131508319914,1.8317230273752012,1.8853998926462694,1.3754696725711217,0.0939345142243693,
63,35.19189479334407,56.96457326892109,2.368491680085883,0.2885131508319914,1.8317230273752012,1.8853998926462694,1.3754696725711217,0.0939345142243693,
64,35.258990874932906,56.91760601180891,2.3483628556092326,0.2885131508319914,1.8317230273752012,1.8853998926462694,1.3754696725711217,0.0939345142243693,
65,35.42673107890499,56.655931293612454,2.3483628556092326,0.27509393451422437,1.9390767579173376,1.8853998926462694,1.3754696725711217,0.0939345142243693,
66,35.52066559312936,56.56199677938808,2.3483628556092326,0.27509393451422437,1.9390767579173376,1.8853998926462694,1.3754696725711217,0.0939345142243693,
67,32.018250134192165,60.08454106280193,2.4825550187869028,0.2616747181964573,1.9390767579173376,1.8853998926462694,1.2345679012345678,0.0939345142243693,
68,32.06521739130435,59.82957595276436,2.4825550187869028,0.2616747181964573,2.147074610842727,1.8853998926462694,1.2345679012345678,0.0939345142243693,
69,32.14573268921095,59.74906065485776,2.4825550187869028,0.2616747181964573,2.147074610842727,1.8853998926462694,1.2345679012345678,0.0939345142243693,
70,32.17928073000537,59.715512614063336,2.4825550187869028,0.2616747181964573,2.147074610842727,1.8853998926462694,1.2345679012345678,0.0939345142243693,
71,32.26650563607085,59.27938808373591,2.462426194310252,0.2616747181964573,2.5831991411701556,1.8719806763285025,1.1808910359634996,0.0939345142243693,
72,32.33360171765969,59.17203435319377,2.462426194310252,0.2616747181964573,2.5831991411701556,1.9122383252818036,1.1808910359634996,0.0939345142243693,
73,32.387278582930755,59.15861513687601,2.4355877616747184,0.2616747181964573,2.5831991411701556,1.8988191089640365,1.1808910359634996,0.0939345142243693,
74,32.46108427267848,59.084809447128286,2.4355877616747184,0.2616747181964573,2.5831991411701556,1.8988191089640365,1.1808910359634996,0.0939345142243693,
75,32.669082125603865,58.89694041867955,2.4355877616747184,0.2616747181964573,2.5831991411701556,1.8786902844873858,1.1808910359634996,0.0939345142243693,
76,32.70263016639828,58.863392377885134,2.4355877616747184,0.2616747181964573,2.5831991411701556,1.8786902844873858,1.1808910359634996,0.0939345142243693,
77,32.749597423510465,58.3467525496511,2.4355877616747184,0.2616747181964573,3.052871712292002,1.8786902844873858,1.1808910359634996,0.0939345142243693,
78,32.90391841116479,58.19914117015566,2.4355877616747184,0.2616747181964573,3.052871712292002,1.8786902844873858,1.1741814278046163,0.0939345142243693,
79,31.28690284487386,57.83682232957595,2.4154589371980677,0.2616747181964573,3.012614063338701,3.9184111647879765,1.1741814278046163,0.0939345142243693,
80,31.387546967257112,57.729468599033815,2.5295222758990876,0.2616747181964573,2.9253891572732154,3.898282340311326,1.1741814278046163,0.0939345142243693,
81,30.911164787976382,56.68276972624799,2.509393451422437,0.2616747181964573,2.522812667740204,6.159420289855072,0.95276435856146,,
82,30.703166935050994,56.125872249060656,2.3349436392914655,0.2616747181964573,2.509393451422437,6.146001073537305,1.9189479334406871,,
83,30.917874396135264,55.91787439613527,2.3349436392914655,0.2616747181964573,2.5026838432635534,6.146001073537305,1.9189479334406871,,
84,31.04535695115405,55.662909286097694,2.3349436392914655,0.2616747181964573,2.6301663982823404,6.146001073537305,1.9189479334406871,,
85,31.239935587761675,55.381105743424584,2.3349436392914655,0.2616747181964573,2.737520128824477,6.125872249060655,1.9189479334406871,,
86,31.28690284487386,55.34755770263017,2.3349436392914655,0.2616747181964573,2.7241009125067097,6.125872249060655,1.9189479334406871,,
87,31.387546967257112,55.26704240472356,2.3349436392914655,0.2616747181964573,2.7241009125067097,6.125872249060655,1.8988191089640365,,
88,31.48148148148148,55.05904455179817,2.5429414922168547,0.2616747181964573,2.6704240472356413,6.125872249060655,1.8585614600107354,,
89,31.508319914117017,55.03220611916264,2.5429414922168547,0.2616747181964573,2.6704240472356413,6.125872249060655,1.8585614600107354,,
90,28.079710144927535,57.608695652173914,2.623456790123457,0.2549651100375738,3.4957058507783145,6.078904991948471,1.8585614600107354,,
91,28.187063875469672,57.55501878690284,2.623456790123457,0.2549651100375738,3.4822866344605474,6.038647342995169,1.8585614600107354,,
92,27.126945786366075,55.22007514761138,2.623456790123457,3.6500268384326353,3.4822866344605474,6.038647342995169,1.8585614600107354,,
93,27.194041867954912,55.152979066022546,2.623456790123457,3.6500268384326353,3.4822866344605474,6.038647342995169,1.8585614600107354,,
94,27.4422973698336,54.93156199677939,2.5831991411701556,3.6500268384326353,3.5091250670960816,6.038647342995169,1.8451422436929683,,
95,27.17391304347826,55.19994632313473,2.5831991411701556,3.6500268384326353,3.5091250670960816,6.038647342995169,1.8451422436929683,,
96,27.294685990338163,55.099302200751474,2.5831991411701556,3.6500268384326353,3.5091250670960816,6.031937734836285,1.8317230273752012,,
97,27.32823403113258,55.079173376274824,2.5831991411701556,3.6500268384326353,3.5091250670960816,6.018518518518518,1.8317230273752012,,
98,27.49597423510467,54.95169082125604,2.5831991411701556,3.6500268384326353,3.4957058507783145,5.998389694041868,1.8250134192163177,,
99,27.32823403113258,52.321524422973695,2.522812667740204,3.9452495974235107,3.6500268384326353,8.420558239398819,1.8115942028985508,,
100,27.36849168008588,52.07997852925389,2.522812667740204,3.9184111647879765,3.6634460547504024,8.373590982286634,2.073268921095008,,
101,27.4020397208803,52.07326892109501,2.509393451422437,3.9184111647879765,3.6634460547504024,8.360171765968868,2.073268921095008,,
102,27.576489533011273,51.95920558239399,2.509393451422437,3.8915727321524423,3.6634460547504024,8.360171765968868,2.0397208803005906,,
103,27.74422973698336,51.831723027375205,2.509393451422437,3.8714439076757916,3.643317230273752,8.360171765968868,2.0397208803005906,,
104,27.925389157273216,51.70424047235642,2.49597423510467,3.851315083199141,3.643317230273752,8.340042941492216,2.0397208803005906,,
105,27.831454643048847,51.21443907675792,2.4825550187869028,1.7914653784219001,3.643317230273752,8.742619431025227,4.294149221685454,,
106,25.758185721953836,52.234299516908216,2.1403650026838434,1.7914653784219001,3.784219001610306,10.00402576489533,4.28743961352657,,
107,25.91921631776704,52.12694578636608,2.1403650026838434,1.7713365539452497,3.784219001610306,9.970477724100913,4.28743961352657,,
108,26.01315083199141,52.03301127214171,2.1403650026838434,1.7713365539452497,3.784219001610306,9.970477724100913,4.28743961352657,,
109,26.120504562533547,51.92565754159957,2.1403650026838434,1.7713365539452497,3.784219001610306,9.970477724100913,4.28743961352657,,
110,26.35534084809447,51.78475577026302,2.1403650026838434,1.7713365539452497,3.750670960815888,9.936929683306495,4.260601180891036,,
111,26.35534084809447,51.898819108964034,2.1403650026838434,1.6908212560386473,3.750670960815888,9.936929683306495,4.2270531400966185,,
112,26.455984970477726,51.7914653784219,2.1403650026838434,1.6304347826086956,3.750670960815888,9.5276435856146,4.300858829844337,0.4025764895330113,
113,26.42914653784219,51.851851851851855,2.1403650026838434,1.6304347826086956,3.750670960815888,9.494095544820183,4.300858829844337,0.4025764895330113,
114,26.482823403113258,51.79817498658078,2.1403650026838434,1.6304347826086956,3.750670960815888,9.494095544820183,4.300858829844337,0.4025764895330113,
115,26.67740203972088,51.70424047235642,2.1269457863660763,1.6304347826086956,3.824476650563607,9.333064949006978,4.300858829844337,0.4025764895330113,
116,26.717659688674182,51.690821256038646,2.1269457863660763,1.6304347826086956,3.824476650563607,9.333064949006978,4.274020397208803,0.4025764895330113,
117,26.77133655394525,51.66398282340311,2.1269457863660763,1.6304347826086956,3.8043478260869565,9.333064949006978,4.26731078904992,0.4025764895330113,
118,26.81159420289855,51.207729468599034,2.1269457863660763,1.6304347826086956,3.8043478260869565,9.29951690821256,4.7168545356951155,0.4025764895330113,
119,26.959205582393988,51.13392377885131,2.1269457863660763,1.6304347826086956,3.7640901771336552,9.292807300053678,4.690016103059581,0.4025764895330113,
120,24.879227053140095,39.56655931293612,1.932367149758454,0.5770263016639828,3.294417606011809,6.910896403650026,22.436929683306495,0.4025764895330113,
121,25.09393451422437,39.48604401502952,1.932367149758454,0.5770263016639828,3.294417606011809,6.910896403650026,22.302737520128826,0.4025764895330113,
122,25.261674718196456,39.439076757917334,1.932367149758454,0.5770263016639828,3.294417606011809,6.910896403650026,22.18196457326892,0.4025764895330113,
123,25.469672571121848,39.130434782608695,1.932367149758454,0.5770263016639828,3.4420289855072466,6.910896403650026,22.134997316156735,0.4025764895330113,
124,25.543478260869566,39.10359634997316,1.932367149758454,0.5770263016639828,3.4420289855072466,6.910896403650026,22.088030059044552,0.4025764895330113,
125,24.08749329039184,37.27187332259796,1.9122383252818036,4.240472356414386,3.1535158346752548,6.904186795491143,22.0276435856146,0.4025764895330113,
126,24.134460547504027,37.23832528180354,1.9122383252818036,4.240472356414386,3.207192699946323,6.89747718733226,21.967257112184647,0.4025764895330113,
127,24.308910359634996,37.104133118625874,1.8988191089640365,4.240472356414386,3.207192699946323,6.884057971014493,21.953837895866883,0.4025764895330113,
128,24.456521739130434,37.043746645195924,1.8988191089640365,4.213633923778851,3.207192699946323,6.877348362855609,21.900161030595815,0.4025764895330113,
129,24.52361782071927,36.99006977992485,1.8988191089640365,4.213633923778851,3.207192699946323,6.877348362855609,21.886741814278047,0.4025764895330113,
130,24.644390767579175,36.842458400429415,1.8988191089640365,4.327697262479871,3.207192699946323,6.877348362855609,21.79951690821256,0.4025764895330113,
131,25.006709608158882,36.74852388620504,1.6639828234031133,4.327697262479871,3.193773483628556,6.877348362855609,21.77938808373591,0.4025764895330113,
132,25.0,36.8894256575416,1.6572732152442298,4.300858829844337,3.180354267310789,6.830381105743425,21.73913043478261,0.4025764895330113,
133,25.13419216317767,36.77536231884058,1.6505636070853462,4.300858829844337,3.180354267310789,6.830381105743425,21.72571121846484,0.4025764895330113,
134,24.986580783682232,36.560654857756305,3.515834675254965,4.300858829844337,3.180354267310789,5.683038110574342,21.370101986044016,0.4025764895330113,
135,25.09393451422437,36.460010735373054,3.515834675254965,4.361245303274289,3.140096618357488,5.656199677938808,21.370101986044016,0.4025764895330113,
136,25.194578636607623,36.43317230273752,3.5091250670960816,4.334406870638754,3.140096618357488,5.656199677938808,21.329844337090712,0.4025764895330113,
137,25.409286097691894,36.252012882447666,3.4957058507783145,4.334406870638754,3.140096618357488,5.656199677938808,21.309715512614062,0.4025764895330113,
138,25.462962962962962,36.22517444981213,3.4957058507783145,4.320987654320987,3.140096618357488,5.656199677938808,21.296296296296298,0.4025764895330113,
139,25.577026301663984,35.98362855609233,3.4822866344605474,4.542404723564144,3.140096618357488,5.615942028985507,21.256038647342994,0.4025764895330113,
140,25.63070316693505,35.88298443370907,3.4621578099838968,4.51556629092861,3.280998389694042,5.615942028985507,21.20907139023081,0.4025764895330113,
141,25.664251207729468,35.809178743961354,3.4420289855072466,4.40150295222759,3.4957058507783145,5.615942028985507,21.16881374127751,0.4025764895330113,
142,25.684380032206118,35.67498658078368,3.4420289855072466,4.40150295222759,3.4822866344605474,5.615942028985507,21.296296296296298,0.4025764895330113,
143,25.831991411701555,35.587761674718195,3.4420289855072466,4.51556629092861,3.475577026301664,5.535426731078905,21.20907139023081,0.4025764895330113,
144,25.85212023617821,35.567632850241544,3.656736446591519,4.51556629092861,3.475577026301664,5.488459473966721,21.041331186258724,0.4025764895330113,
145,25.95276435856146,35.39318303811057,3.797638217928073,4.51556629092861,3.4621578099838968,5.488459473966721,20.987654320987655,0.4025764895330113,
146,26.04669887278583,35.31266774020397,3.7909286097691894,4.51556629092861,3.4621578099838968,5.488459473966721,20.679012345679013,0.4025764895330113,0.30193236714975846
147,26.221148684916802,35.20531400966183,3.7775093934514223,4.508856682769726,3.4621578099838968,5.488459473966721,20.645464304884594,0.38915727321524424,0.30193236714975846
148,26.50966183574879,35.02415458937198,3.7573805689747717,4.508856682769726,3.4621578099838968,5.46833064949007,20.578368223295758,0.38915727321524424,0.30193236714975846
149,26.516371443907676,35.02415458937198,3.7573805689747717,4.508856682769726,3.4621578099838968,5.46833064949007,20.571658615136876,0.38915727321524424,0.30193236714975846
150,26.576757917337627,34.99060654857756,3.7573805689747717,4.408212560386473,3.44873859366613,5.46833064949007,20.52469135802469,0.38915727321524424,0.43612453032742887
151,21.490874932903917,41.76731078904992,3.0931293612453032,4.28743961352657,3.488996242619431,5.226784755770263,19.82018250134192,0.38915727321524424,0.43612453032742887
152,21.618357487922705,41.659957058507786,3.0931293612453032,4.28743961352657,3.488996242619431,5.226784755770263,19.80005367686527,0.38915727321524424,0.43612453032742887
153,21.846484165324746,41.47879763821793,3.0864197530864197,4.280730005367687,3.488996242619431,5.226784755770263,19.766505636070853,0.38915727321524424,0.43612453032742887
154,22.000805152979066,41.42512077294686,3.079710144927536,4.280730005367687,3.4621578099838968,5.226784755770263,19.699409554482017,0.38915727321524424,0.43612453032742887
155,22.0276435856146,41.398282340311326,3.079710144927536,4.280730005367687,3.4621578099838968,5.226784755770263,19.699409554482017,0.38915727321524424,0.43612453032742887
156,22.074610842726784,40.123456790123456,3.656736446591519,4.280730005367687,4.730273752012883,5.2066559312936125,19.102254428341386,0.38915727321524424,0.43612453032742887
157,22.15512614063339,40.042941492216855,3.629898013955985,4.280730005367687,4.783950617283951,5.2066559312936125,19.07541599570585,0.38915727321524424,0.43612453032742887
158,21.886741814278047,39.432367149758456,3.629898013955985,4.247181964573269,4.4753086419753085,6.4412238325281805,19.061996779388085,0.38915727321524424,0.43612453032742887
159,22.007514761137948,39.29817498658078,3.750670960815888,4.247181964573269,4.42163177670424,6.407675791733762,19.04186795491143,0.38915727321524424,0.43612453032742887
160,22.20209339774557,39.16398282340311,3.7104133118625873,4.247181964573269,4.40150295222759,6.407675791733762,19.04186795491143,0.38915727321524424,0.43612453032742887
161,22.396672034353195,39.04320987654321,3.7104133118625873,4.247181964573269,4.374664519592056,6.407675791733762,18.99490069779925,0.38915727321524424,0.43612453032742887
162,22.322866344605476,38.53327965646806,3.844605475040258,4.247181964573269,4.367954911433173,6.884057971014493,18.9747718733226,0.38915727321524424,0.43612453032742887
163,22.443639291465377,38.425925925925924,3.844605475040258,4.247181964573269,4.367954911433173,6.884057971014493,18.96135265700483,0.38915727321524424,0.43612453032742887
164,22.490606548577563,38.378958668813745,3.844605475040258,4.247181964573269,4.367954911433173,6.884057971014493,18.96135265700483,0.38915727321524424,0.43612453032742887
165,22.510735373054214,38.1105743424584,3.844605475040258,4.334406870638754,4.528985507246377,6.884057971014493,18.96135265700483,0.38915727321524424,0.43612453032742887
166,22.67176596886742,38.077026301663984,3.844605475040258,4.334406870638754,4.528985507246377,6.843800322061192,18.874127750939344,0.38915727321524424,0.43612453032742887
167,22.839506172839506,38.02334943639291,3.844605475040258,4.334406870638754,4.528985507246377,6.843800322061192,18.760064412238325,0.38915727321524424,0.43612453032742887
168,22.926731078904993,38.00993022007515,3.8177670424047236,4.334406870638754,4.51556629092861,6.843800322061192,18.726516371443907,0.38915727321524424,0.43612453032742887
169,23.201825013419217,37.84219001610306,3.8177670424047236,4.30756843800322,4.51556629092861,6.843800322061192,18.646001073537306,0.38915727321524424,0.43612453032742887
170,23.349436392914654,37.76167471819646,3.797638217928073,4.30756843800322,4.508856682769726,6.743156199677939,18.646001073537306,0.4495437466451959,0.43612453032742887
171,23.349436392914654,37.34567901234568,3.7640901771336552,4.294149221685454,5.428073000536768,6.723027375201288,18.209876543209877,0.4495437466451959,0.43612453032742887
172,23.53059581320451,37.265163714439076,3.7640901771336552,4.26731078904992,5.3274288781535155,6.702898550724638,18.149490069779926,0.5568974771873323,0.43612453032742887
173,23.678207192699947,37.17122920021471,3.7640901771336552,4.26731078904992,5.3274288781535155,6.689479334406871,18.109232420826622,0.5568974771873323,0.43612453032742887
174,20.28985507246377,32.84353193773484,3.1870638754696725,3.8580246913580245,5.032206119162641,3.3413848631239937,30.52871712292002,0.49651100375738055,0.4227053140096618
175,20.37037037037037,32.830112721417066,3.1870638754696725,3.8580246913580245,5.032206119162641,3.3413848631239937,30.3743961352657,0.49651100375738055,0.5099302200751477
176,20.46430488459474,32.78314546430489,3.1870638754696725,3.5628019323671496,5.032206119162641,3.3413848631239937,30.280461621041333,0.49651100375738055,0.8521202361782072
177,20.544820182501343,32.74288781535159,3.1870638754696725,3.535963499731616,5.032206119162641,3.3413848631239937,30.267042404723565,0.49651100375738055,0.8521202361782072
178,20.799785292538918,32.60198604401503,3.1870638754696725,3.435319377348363,5.032206119162641,3.3413848631239937,30.253623188405797,0.49651100375738055,0.8521202361782072
179,20.913848631239937,32.53488996242619,3.1870638754696725,3.435319377348363,5.032206119162641,3.3413848631239937,30.132850241545892,0.49651100375738055,0.9259259259259259
180,20.78636607622115,31.910896403650028,3.1870638754696725,3.435319377348363,5.032206119162641,3.240740740740741,30.9849704777241,0.49651100375738055,0.9259259259259259
181,20.954106280193237,31.82367149758454,3.1602254428341383,3.435319377348363,5.032206119162641,3.2340311325818574,30.938003220611915,0.49651100375738055,0.9259259259259259
182,21.095008051529792,31.743156199677937,3.1602254428341383,3.435319377348363,5.233494363929147,3.2340311325818574,30.67632850241546,0.49651100375738055,0.9259259259259259
183,21.195652173913043,31.709608158883523,3.1602254428341383,3.435319377348363,5.233494363929147,3.2139023081052067,30.629361245303276,0.49651100375738055,0.9259259259259259
184,21.329844337090712,31.66935050993022,3.1602254428341383,3.2877079978529253,5.387815351583468,3.2139023081052067,30.52871712292002,0.49651100375738055,0.9259259259259259
185,21.36339237788513,31.608964036500268,3.1602254428341383,3.421900161030596,5.387815351583468,3.2139023081052067,30.48845947396672,0.49651100375738055,0.8588298443370908
186,21.598228663446054,31.49490069779925,3.1535158346752548,3.421900161030596,5.387815351583468,3.207192699946323,30.381105743424584,0.49651100375738055,0.8588298443370908
187,21.544551798174986,31.49490069779925,3.1535158346752548,3.421900161030596,5.387815351583468,5.01207729468599,28.629898013955984,0.49651100375738055,0.8588298443370908
188,21.658615136876005,31.427804616210413,3.1535158346752548,3.421900161030596,5.347557702630167,5.01207729468599,28.6231884057971,0.49651100375738055,0.8588298443370908
189,21.692163177670423,31.40096618357488,3.1535158346752548,3.421900161030596,5.347557702630167,5.01207729468599,28.61647879763822,0.49651100375738055,0.8588298443370908
190,21.70558239398819,31.38083735909823,3.1535158346752548,3.421900161030596,5.347557702630167,5.01207729468599,28.6231884057971,0.49651100375738055,0.8588298443370908
191,21.73913043478261,30.9447128287708,4.03918411164788,3.3950617283950617,5.267042404723564,5.01207729468599,28.247450348899623,0.49651100375738055,0.8588298443370908
192,21.940418679549115,30.9044551798175,4.025764895330113,3.3548040794417604,5.267042404723564,5.01207729468599,28.14009661835749,0.49651100375738055,0.8588298443370908
193,22.014224369296834,30.877616747181964,4.019055287171229,3.3548040794417604,5.267042404723564,4.985238862050457,28.12667740203972,0.49651100375738055,0.8588298443370908
194,22.114868491680085,30.844068706387546,4.019055287171229,3.33467525496511,5.267042404723564,4.985238862050457,28.079710144927535,0.49651100375738055,0.8588298443370908
195,22.17525496511004,30.844068706387546,4.019055287171229,3.33467525496511,5.267042404723564,4.924852388620504,27.22758990874933,0.49651100375738055,1.710950080515298
196,22.36983360171766,30.776972624798713,3.9989264626945786,3.33467525496511,5.267042404723564,4.911433172302737,27.026301663982824,0.49651100375738055,1.8183038110574343
197,22.436929683306495,30.67632850241546,3.9989264626945786,3.33467525496511,5.340848094471283,4.797369833601718,27.012882447665056,0.5837359098228664,1.8183038110574343
198,22.624798711755233,30.58239398819109,3.9989264626945786,3.3145464304884595,5.394524959742351,4.783950617283951,26.898819108964037,0.5837359098228664,1.8183038110574343
199,23.09447128287708,30.50858829844337,3.9989264626945786,3.2877079978529253,5.374396135265701,4.783950617283951,26.549919484702095,0.5837359098228664,1.8183038110574343
200,23.1682769726248,30.421363392377884,3.9989264626945786,3.260869565217391,5.475040257648954,4.7638217928073,26.50966183574879,0.5837359098228664,1.8183038110574343
201,23.020665593129362,30.059044551798173,3.9989264626945786,3.2474503488996245,5.4616210413311865,5.300590445517981,26.50966183574879,0.5837359098228664,1.8183038110574343
202,23.1682769726248,29.99194847020934,3.9989264626945786,3.2474503488996245,5.4549114331723025,5.24020397208803,26.462694578636608,0.644122383252818,1.7914653784219001
203,23.30246913580247,29.958400429414922,3.9989264626945786,3.2474503488996245,5.4549114331723025,5.24020397208803,26.301663982823403,0.644122383252818,1.8518518518518519
204,23.463499731615673,29.891304347826086,3.9989264626945786,3.2340311325818574,5.562265163714439,5.199946323134729,26.160762211486848,0.6374127750939346,1.8518518518518519
205,23.57085346215781,29.871175523349436,3.9989264626945786,3.1870638754696725,5.562265163714439,5.199946323134729,26.120504562533547,0.6374127750939346,1.8518518518518519
206,23.26892109500805,29.30756843800322,3.9720880300590444,5.287171229200215,5.448201825013419,5.199946323134729,25.046967257112186,0.6374127750939346,1.8317230273752012
207,23.295759527643586,29.401502952227588,3.9720880300590444,5.287171229200215,5.448201825013419,5.193236714975845,24.973161567364468,0.6172839506172839,1.8115942028985508
208,23.523886205045624,29.21363392377885,3.9720880300590444,5.287171229200215,5.448201825013419,5.152979066022544,24.973161567364468,0.6172839506172839,1.8115942028985508
209,23.557434245840042,29.20692431561997,3.9720880300590444,5.280461621041331,5.448201825013419,5.112721417069243,24.62426194310252,0.6172839506172839,2.1806226516371443
210,23.74530327428878,29.159957058507782,3.9720880300590444,5.280461621041331,5.448201825013419,5.10601180891036,24.490069779924852,0.6172839506172839,2.1806226516371443
211,23.852657004830917,29.139828234031132,3.9720880300590444,5.280461621041331,5.689747718733226,5.072463768115942,24.208266237251745,0.6172839506172839,2.167203435319377
212,23.879495437466453,28.69699409554482,3.9720880300590444,5.22007514761138,6.226516371443908,5.072463768115942,24.14787976382179,0.6172839506172839,2.167203435319377
213,23.993558776167472,28.64331723027375,3.9720880300590444,5.193236714975845,6.206387546967257,5.072463768115942,24.134460547504027,0.6172839506172839,2.167203435319377
214,24.16129898013956,28.549382716049383,3.965378421900161,5.193236714975845,6.206387546967257,5.045625335480408,24.094202898550726,0.6172839506172839,2.167203435319377
215,24.10762211486849,28.187063875469672,4.414922168545357,5.193236714975845,6.206387546967257,5.045625335480408,24.060654857756308,0.6172839506172839,2.167203435319377
216,24.194847020933977,28.173644659151904,4.414922168545357,5.193236714975845,6.206387546967257,5.032206119162641,24.020397208803004,0.5971551261406334,2.167203435319377
217,24.194847020933977,27.865002683843265,4.414922168545357,5.166398282340311,6.602254428341385,5.018786902844874,23.97342995169082,0.5971551261406334,2.167203435319377
218,24.27536231884058,27.78448738593666,4.414922168545357,5.166398282340311,6.655931293612453,5.018786902844874,23.919753086419753,0.5971551261406334,2.167203435319377
219,24.396135265700483,27.76435856146001,4.38137412775094,5.166398282340311,6.655931293612453,5.018786902844874,23.872785829307567,0.5971551261406334,2.147074610842727
220,24.416264090177133,27.76435856146001,4.280730005367687,5.166398282340311,6.790123456790123,5.005367686527107,23.832528180354267,0.5971551261406334,2.147074610842727
221,24.44310252281267,27.75764895330113,4.280730005367687,5.166398282340311,6.790123456790123,5.005367686527107,23.812399355877616,0.5971551261406334,2.147074610842727
222,24.496779388083738,27.72410091250671,4.26731078904992,5.166398282340311,6.78341384863124,5.005367686527107,23.812399355877616,0.5971551261406334,2.147074610842727
223,24.785292538915726,27.58990874932904,4.26731078904992,5.146269457863661,6.763285024154589,4.958400429414922,23.772141706924316,0.5971551261406334,2.120236178207193
224,24.932903918411164,27.549651100375737,4.253891572732153,5.146269457863661,6.743156199677939,4.958400429414922,23.698336017176597,0.5971551261406334,2.120236178207193
225,25.11406333870102,27.522812667740205,4.240472356414386,5.146269457863661,6.743156199677939,4.958400429414922,23.58427267847558,0.5971551261406334,2.0933977455716586
226,25.181159420289855,27.01959205582394,4.240472356414386,4.998658078368224,6.588835212023618,4.924852388620504,24.355877616747183,0.5971551261406334,2.0933977455716586
227,25.187869028448738,26.46940418679549,4.012345679012346,4.99194847020934,6.521739130434782,5.783682232957595,24.342458400429415,0.5971551261406334,2.0933977455716586
228,25.328770799785293,26.41572732152442,4.012345679012346,4.9718196457326895,6.521739130434782,5.750134192163178,24.315619967793882,0.5971551261406334,2.086688137412775
229,25.543478260869566,26.41572732152442,4.012345679012346,4.9718196457326895,6.521739130434782,5.676328502415459,24.174718196457327,0.5971551261406334,2.086688137412775
230,25.617283950617285,26.382179280730007,4.012345679012346,4.9718196457326895,6.515029522275899,5.676328502415459,24.14787976382179,0.5904455179817498,2.086688137412775
231,25.805152979066023,26.02657004830918,3.9989264626945786,4.9718196457326895,6.743156199677939,5.662909286097692,24.114331723027377,0.5904455179817498,2.086688137412775
232,25.91250670960816,25.986312399355878,3.9989264626945786,4.9718196457326895,6.729736983360172,5.636070853462158,24.10762211486849,0.5703166935050993,2.086688137412775
233,25.939345142243692,25.986312399355878,3.9989264626945786,4.944981213097155,6.729736983360172,5.636070853462158,24.10762211486849,0.5703166935050993,2.086688137412775
234,26.006441223832528,25.97289318303811,3.9855072463768115,4.944981213097155,6.716317767042405,5.636070853462158,24.08749329039184,0.5703166935050993,2.0799785292538915
235,26.080246913580247,25.959473966720342,3.9855072463768115,4.924852388620504,6.696188942565755,5.622651637144391,24.08078368223296,0.5703166935050993,2.0799785292538915
236,26.154052603327965,25.93263553408481,3.9855072463768115,4.891304347826087,6.689479334406871,5.622651637144391,24.08078368223296,0.5703166935050993,2.073268921095008
237,25.99302200751476,25.44283413848631,3.9720880300590444,4.891304347826087,6.689479334406871,5.622651637144391,24.745034889962426,0.5703166935050993,2.073268921095008
238,26.154052603327965,25.38244766505636,3.9720880300590444,4.891304347826087,6.689479334406871,5.622651637144391,24.644390767579175,0.5703166935050993,2.073268921095008
239,26.227858293075684,25.355609232420825,3.965378421900161,4.85775630703167,6.689479334406871,5.622651637144391,24.63768115942029,0.5703166935050993,2.073268921095008
240,26.261406333870102,25.348899624261943,3.965378421900161,4.85775630703167,6.689479334406871,5.622651637144391,24.4699409554482,0.5703166935050993,2.214170692431562
241,25.55689747718733,25.201288244766506,3.911701556629093,4.85775630703167,6.689479334406871,5.622651637144391,25.37573805689748,0.5703166935050993,2.214170692431562
242,25.597155126140635,25.05367686527107,4.260601180891036,4.85775630703167,6.763285024154589,5.622651637144391,25.06038647342995,0.5703166935050993,2.214170692431562
243,25.791733762748255,24.879227053140095,4.247181964573269,4.85775630703167,6.8035426731078905,5.622651637144391,25.013419216317768,0.5703166935050993,2.214170692431562
244,25.77831454643049,24.859098228663445,4.247181964573269,4.85775630703167,6.776704240472356,5.609232420826624,25.087224906065487,0.5703166935050993,2.214170692431562
245,25.89237788513151,24.838969404186795,4.206924315619967,4.851046698872786,6.776704240472356,5.609232420826624,25.0402576489533,0.5703166935050993,2.214170692431562
246,25.946054750402578,24.838969404186795,4.206924315619967,4.851046698872786,6.776704240472356,5.60252281266774,24.993290391841118,0.5703166935050993,2.214170692431562
247,26.10708534621578,24.765163714439076,4.206924315619967,4.851046698872786,6.776704240472356,5.542136339237788,24.966451959205582,0.5703166935050993,2.214170692431562
248,26.321792807300053,24.731615673644658,4.193505099302201,4.851046698872786,6.810252281266774,5.448201825013419,24.859098228663445,0.5703166935050993,2.214170692431562
249,26.36876006441224,24.704777241009126,4.17337627482555,4.851046698872786,6.998121309715513,5.434782608695652,24.724906065485776,0.5703166935050993,2.1739130434782608
250,26.596886741814277,24.664519592055825,4.119699409554482,4.830917874396135,6.984702093397746,5.434782608695652,24.62426194310252,0.5703166935050993,2.1739130434782608
251,26.704240472356414,24.610842726784757,4.106280193236715,4.770531400966184,6.977992485238862,5.481749865807837,24.60413311862587,0.5703166935050993,2.1739130434782608
252,26.92565754159957,24.570585077831456,4.106280193236715,4.770531400966184,6.951154052603328,5.441492216854535,24.50348899624262,0.5703166935050993,2.1604938271604937
253,27.086688137412775,24.490069779924852,4.079441760601181,4.770531400966184,6.9310252281266775,5.441492216854535,24.4699409554482,0.5703166935050993,2.1604938271604937
254,27.214170692431562,24.362587224906065,4.03918411164788,4.7638217928073,7.065217391304348,5.441492216854535,24.382716049382715,0.5703166935050993,2.1604938271604937
255,27.428878153515836,24.355877616747183,4.03918411164788,4.7638217928073,7.024959742351046,5.360976918947934,24.322329575952764,0.5703166935050993,2.13365539452496
256,27.469135802469136,24.315619967793882,4.03918411164788,4.7638217928073,7.024959742351046,5.360976918947934,24.322329575952764,0.5703166935050993,2.13365539452496
257,27.536231884057973,24.315619967793882,4.012345679012346,4.7638217928073,7.105475040257649,5.3341384863123995,24.255233494363928,0.5703166935050993,2.1068169618894257
258,27.636876006441224,24.308910359634996,4.012345679012346,4.7638217928073,7.105475040257649,5.260332796564681,24.235104669887278,0.5703166935050993,2.1068169618894257
259,27.77777777777778,24.228395061728396,3.9855072463768115,4.7638217928073,7.092055823939882,5.253623188405797,24.22168545356951,0.5703166935050993,2.1068169618894257
260,27.84487385936661,24.074074074074073,3.9855072463768115,4.884594739667204,7.071926999463232,5.24020397208803,24.22168545356951,0.5703166935050993,2.1068169618894257
261,27.89855072463768,23.859366612989803,3.9519592055823938,4.998658078368224,7.159151905528717,5.24020397208803,24.214975845410628,0.5703166935050993,2.1068169618894257
262,27.938808373590984,23.859366612989803,3.9452495974235107,4.985238862050457,7.152442297369833,5.24020397208803,24.20155662909286,0.5703166935050993,2.1068169618894257
263,27.985775630703166,23.859366612989803,3.9049919484702094,4.985238862050457,7.219538378958669,5.24020397208803,24.12775093934514,0.5703166935050993,2.1068169618894257
264,27.999194847020934,23.785560923242084,3.8915727321524423,5.059044551798175,7.219538378958669,5.24020397208803,24.12775093934514,0.5703166935050993,2.1068169618894257
265,28.093129361245303,23.752012882447666,3.8915727321524423,5.032206119162641,7.219538378958669,5.213365539452496,24.12104133118626,0.5703166935050993,2.1068169618894257
266,28.25415995705851,23.70504562533548,3.8915727321524423,5.005367686527107,7.199409554482019,5.213365539452496,24.053945249597422,0.5703166935050993,2.1068169618894257
267,26.073537305421365,20.618625872249062,3.851315083199141,4.602791196994096,7.065217391304348,5.173107890499195,29.938271604938272,0.5703166935050993,2.1068169618894257
