,45,50,55,52,53,51,54,60,57,58,56,59,61
0,95.71256038647343,4.253891572732153,0.03354804079441761,,,,,,,,,,
1,92.02227589908749,7.944176060118089,0.03354804079441761,,,,,,,,,,
2,90.66022544283413,9.212292002147075,0.1274825550187869,,,,,,,,,,
3,90.24422973698336,9.608158883521202,0.10064412238325282,0.013419216317767043,0.03354804079441761,,,,,,,,
4,89.9020397208803,9.903381642512077,0.10064412238325282,0.03354804079441761,0.03354804079441761,0.026838432635534086,,,,,,,
5,85.97691894793344,13.103864734299517,0.1610305958132045,0.03354804079441761,0.13419216317767044,0.5904455179817498,,,,,,,
6,85.64143853998927,13.425925925925926,0.1610305958132045,0.03354804079441761,0.13419216317767044,0.6038647342995169,,,,,,,
7,82.13902308105207,16.867954911433173,0.1610305958132045,0.04696725711218465,0.13419216317767044,0.6508319914117016,,,,,,,
8,63.47289318303811,34.574610842726784,0.0939345142243693,0.040257648953301126,0.13419216317767044,0.6910896403650026,0.9930220075147611,,,,,,
9,63.62721417069243,34.20558239398819,0.2549651100375738,0.040257648953301126,0.13419216317767044,0.7447665056360708,0.9930220075147611,,,,,,
10,60.63472893183038,36.9699409554482,0.30864197530864196,0.040257648953301126,0.19457863660762212,0.7447665056360708,1.107085346215781,,,,,,
11,58.111916264090176,39.14385399892646,0.35560923242082665,0.03354804079441761,0.41599570585077833,0.8319914117015567,1.107085346215781,,,,,,
12,58.071658615136876,39.05662909286098,0.3824476650563607,0.03354804079441761,0.41599570585077833,0.8387010198604401,1.2010198604401503,,,,,,
13,57.57514761137949,39.53301127214171,0.36902844873859364,0.03354804079441761,0.41599570585077833,0.8521202361782072,1.2010198604401503,0.020128824476650563,,,,,
14,57.87707997852925,39.11701556629093,0.4830917874396135,0.04696725711218465,0.41599570585077833,0.8856682769726248,1.1741814278046163,,,,,,
15,53.76409017713365,43.08910359634997,0.5837359098228664,0.04696725711218465,0.41599570585077833,0.9259259259259259,1.1741814278046163,,,,,,
16,53.75067096081589,42.8743961352657,0.7246376811594203,0.04696725711218465,0.5233494363929146,0.9393451422436929,1.1406333870101986,,,,,,
17,53.797638217928075,42.673107890499196,0.8722490606548577,0.08722490606548577,0.5099302200751477,0.9192163177670424,1.1406333870101986,,,,,,
18,51.7914653784219,35.13150831991412,0.7917337627482555,10.668276972624799,0.48980139559849706,0.9326355340848095,0.19457863660762212,,,,,,
19,51.670692431561996,34.86983360171766,1.0735373054213635,9.205582393988191,0.5770263016639828,1.0265700483091786,1.5767579173376274,,,,,,
20,51.82501341921632,34.46725711218465,1.247987117552335,9.292807300053678,0.5770263016639828,0.9997316156736447,1.5633387010198605,,0.026838432635534086,,,,
21,47.16854535695116,35.909822866344605,0.8655394524959742,9.265968867418144,4.180085882984434,0.95276435856146,1.5767579173376274,,0.08051529790660225,,,,
22,47.34299516908212,35.668276972624795,0.9393451422436929,9.07139023081052,4.1129898013955986,1.0601180891035964,1.5767579173376274,,0.20128824476650564,0.026838432635534086,,,
23,47.44363929146538,35.52066559312936,0.9728931830381106,9.01100375738057,4.072732152442297,1.0466988727858293,1.6572732152442298,,0.23483628556092323,0.026838432635534086,0.013419216317767043,,
24,46.0077831454643,35.75550187869028,1.1406333870101986,8.970746108427267,4.012345679012346,2.1604938271604937,1.6774020397208802,,0.23483628556092323,0.026838432635534086,0.013419216317767043,,
25,46.121846484165324,35.55421363392378,1.2748255501878691,8.970746108427267,3.92512077294686,2.1806226516371443,1.6237251744498122,,0.28180354267310787,0.05367686527106817,0.013419216317767043,,
26,44.60547504025765,37.17122920021471,1.7646269457863661,8.829844337090714,3.3682232957595275,2.1739130434782608,1.6237251744498122,,0.39586688137412773,0.05367686527106817,0.013419216317767043,,
27,43.10923242082662,38.66076221148685,1.865271068169619,8.80300590445518,3.3548040794417604,2.1604938271604937,1.6035963499731616,,0.3757380568974772,0.05367686527106817,0.013419216317767043,,
28,43.12265163714439,35.73537305421363,1.9122383252818036,10.238862050456254,4.7638217928073,2.1806226516371443,1.6035963499731616,,0.3757380568974772,0.05367686527106817,0.013419216317767043,,
29,43.47826086956522,35.35963499731616,1.9860440150295222,10.131508319914117,4.7101449275362315,2.1739130434782608,1.6505636070853462,,0.4294149221685454,0.06709608158883522,0.013419216317767043,,
30,42.70665593129361,35.92324208266237,2.01959205582394,9.353193773483628,5.971551261406334,2.214170692431562,1.3016639828234031,,0.4025764895330113,0.0939345142243693,0.013419216317767043,,
31,42.56575415995706,36.178207192699944,1.9524959742351047,9.366612989801396,5.884326355340848,2.1940418679549114,1.3486312399355878,,0.4025764895330113,0.0939345142243693,0.013419216317767043,,
32,42.85426731078905,35.909822866344605,1.9659151905528718,9.225711218464841,5.763553408480945,2.2745571658615136,1.402308105206656,,0.4495437466451959,0.1274825550187869,0.026838432635534086,,
33,41.659957058507786,36.79549114331723,1.9390767579173376,9.084809447128288,5.730005367686527,2.690552871712292,1.4694041867954912,,0.4428341384863124,0.1274825550187869,0.06038647342995169,,
34,41.80085882984434,36.65458937198068,1.9793344068706387,9.037842190016104,5.662909286097692,2.6704240472356413,1.5096618357487923,,0.46967257112184646,0.15432098765432098,0.06038647342995169,,
35,41.48550724637681,36.231884057971016,1.8518518518518519,9.453837895866881,5.636070853462158,3.4420289855072466,1.2077294685990339,,0.47638217928073,0.15432098765432098,0.06038647342995169,,
36,32.23966720343532,46.88003220611916,1.7847557702630166,9.219001610305957,5.394524959742351,2.7241009125067097,1.0399892646269457,,0.47638217928073,0.18115942028985507,0.06038647342995169,,
37,32.52147074610843,46.3768115942029,2.006172839506173,9.192163177670425,5.394524959742351,2.7509393451422435,1.06682769726248,,0.4495437466451959,0.18115942028985507,0.06038647342995169,,
38,32.88378958668814,45.52469135802469,2.5295222758990876,9.131776704240472,5.421363392377885,2.7509393451422435,1.1272141706924315,,0.41599570585077833,0.15432098765432098,0.06038647342995169,,
39,33.05823939881911,34.66183574879227,1.8451422436929683,8.910359634997317,5.347557702630167,14.345142243692969,1.093666129898014,,0.4495437466451959,0.15432098765432098,0.13419216317767044,,
40,32.63553408480945,33.9975845410628,1.8518518518518519,8.836553945249598,5.407944176060118,15.398550724637682,1.1003757380568975,,0.4830917874396135,0.15432098765432098,0.13419216317767044,,
41,32.930756843800324,33.70907139023081,2.0263016639828235,8.789586688137414,5.394524959742351,15.318035426731079,1.0869565217391304,,0.46296296296296297,0.1274825550187869,0.15432098765432098,,
42,33.111916264090176,33.51449275362319,2.0665593129361244,8.729200214707461,5.428073000536768,15.197262479871176,1.1406333870101986,,0.5032206119162641,0.1274825550187869,0.18115942028985507,,
43,33.21256038647343,33.091787439613526,3.8378958668813743,8.943907675791733,5.428073000536768,13.45276435856146,1.1943102522812667,,0.5166398282340311,0.10064412238325282,0.2214170692431562,,
44,31.984702093397747,33.15217391304348,2.8918411164787976,9.145195920558239,6.957863660762212,13.774825550187868,1.1741814278046163,,0.5904455179817498,0.10064412238325282,0.2281266774020397,,
45,30.079173376274827,33.17901234567901,2.9723564143853998,5.307300053676865,6.850509930220075,20.041599570585078,0.9930220075147611,,0.2281266774020397,0.14090177133655393,0.20799785292538917,,
46,30.280461621041333,33.051529790660226,2.9723564143853998,5.24020397208803,6.810252281266774,20.021470746108427,1.0198604401502953,,0.2549651100375738,0.14090177133655393,0.20799785292538917,,
47,29.824208266237253,32.2463768115942,2.985775630703167,5.347557702630167,6.837090713902308,21.068169618894256,1.0466988727858293,,0.2549651100375738,0.14090177133655393,0.24825550187869028,,
48,30.005367686527105,31.97799248523886,3.0059044551798175,6.857219538378959,5.609232420826624,20.77294685990338,1.0399892646269457,0.040257648953301126,0.24154589371980675,0.11406333870101985,0.33548040794417605,,
49,30.246913580246915,31.884057971014492,4.361245303274289,6.830381105743425,4.542404723564144,20.37037037037037,1.0399892646269457,0.040257648953301126,0.24154589371980675,0.11406333870101985,0.32877079978529256,,
50,30.360976918947934,31.85721953837896,4.294149221685454,6.816961889425658,4.609500805152979,20.276435856146,0.9997316156736447,0.040257648953301126,0.2549651100375738,0.11406333870101985,0.3421900161030596,0.03354804079441761,
51,28.958668813741276,33.12533548040794,4.314278046162104,7.434245840042942,4.314278046162104,20.04830917874396,0.9997316156736447,0.040257648953301126,0.2549651100375738,0.11406333870101985,0.36231884057971014,0.03354804079441761,
52,29.11969940955448,32.98443370907139,3.066290928609769,8.82313472893183,4.280730005367687,19.97450348899624,0.9997316156736447,0.040257648953301126,0.2214170692431562,0.10735373054213634,0.3824476650563607,,
53,29.052603327965645,33.25281803542673,3.0864197530864197,8.735909822866345,4.240472356414386,19.860440150295222,1.0198604401502953,0.040257648953301126,0.24154589371980675,0.12077294685990338,0.3488996242619431,,
54,27.435587761674718,31.15271068169619,2.6637144390767578,4.012345679012346,3.0394524959742353,30.360976918947934,0.644122383252818,0.040257648953301126,0.05367686527106817,0.12077294685990338,0.47638217928073,,
55,27.15378421900161,30.08588298443371,2.657004830917874,3.656736446591519,3.3413848631239937,31.387546967257112,0.7380568974771873,0.040257648953301126,0.16774020397208803,0.12077294685990338,0.6508319914117016,,
56,27.30139559849705,29.871175523349436,2.6838432635534084,3.6231884057971016,3.4688674181427803,30.461621041331185,0.8588298443370908,0.040257648953301126,0.16774020397208803,0.12077294685990338,1.402308105206656,,
57,27.569779924852387,29.71014492753623,2.703972088030059,3.6097691894793345,3.44873859366613,30.300590445517983,0.8454106280193237,0.040257648953301126,0.16774020397208803,0.11406333870101985,1.4895330112721417,,
58,27.636876006441224,29.005636070853463,2.737520128824477,3.5091250670960816,3.4286097691894795,31.085614600107355,0.7716049382716049,0.040257648953301126,0.16774020397208803,0.0939345142243693,1.5230810520665594,,
59,27.79790660225443,28.958668813741276,2.737520128824477,3.5292538915727323,3.455448201825013,30.810520665593128,0.8521202361782072,0.040257648953301126,0.16774020397208803,0.0939345142243693,1.556629092860977,,
60,28.14009661835749,28.73054213633924,2.771068169618894,3.5292538915727323,3.4420289855072466,30.649490069779926,0.8521202361782072,0.040257648953301126,0.16774020397208803,0.0939345142243693,1.583467525496511,,
61,28.435319377348364,28.723832528180353,2.7241009125067097,3.4621578099838968,3.435319377348363,30.320719269994633,0.8856682769726248,0.040257648953301126,0.16774020397208803,0.08051529790660225,1.724369296833065,,
62,27.70397208803006,27.334943639291467,2.6033279656468062,3.455448201825013,3.421900161030596,32.58185721953838,0.8655394524959742,0.040257648953301126,0.16774020397208803,0.08051529790660225,1.7444981213097155,,
63,27.76435856146001,27.314814814814813,2.589908749329039,3.488996242619431,3.4151905528717124,32.46108427267848,0.8722490606548577,0.040257648953301126,0.16774020397208803,0.08051529790660225,1.8048845947396672,,
64,26.516371443907676,28.408480944712828,2.818035426731079,4.146537842190016,3.3950617283950617,31.689479334406872,0.9393451422436929,0.040257648953301126,0.16774020397208803,0.08051529790660225,1.7981749865807837,,
65,26.402308105206657,27.428878153515836,2.918679549114332,4.2270531400966185,3.3480944712828773,32.39398819108964,0.9863123993558777,0.040257648953301126,0.16774020397208803,0.08051529790660225,2.006172839506173,,
66,26.583467525496513,27.32823403113258,3.012614063338701,4.193505099302201,3.3480944712828773,32.07192699946323,1.06682769726248,0.040257648953301126,0.16774020397208803,0.08051529790660225,2.1068169618894257,,
67,26.912238325281802,26.99946323134729,3.2004830917874396,4.341116478797638,3.2742887815351582,31.736446591519055,1.0534084809447128,0.020128824476650563,0.15432098765432098,0.15432098765432098,2.15378421900161,,
68,25.885668276972623,29.830917874396135,2.918679549114332,4.03918411164788,3.1333870101986045,30.99838969404187,1.0131508319914118,0.020128824476650563,0.15432098765432098,0.15432098765432098,1.8518518518518519,,
69,25.731347289318304,28.5426731078905,3.1535158346752548,5.401234567901234,3.099838969404187,30.71658615136876,1.107085346215781,0.020128824476650563,0.15432098765432098,0.15432098765432098,1.9189479334406871,,
70,26.10708534621578,28.173644659151904,3.099838969404187,9.29951690821256,3.1468062265163717,27.234299516908212,1.221148684916801,0.020128824476650563,0.11406333870101985,0.15432098765432098,1.42914653784219,,
71,26.442565754159958,27.985775630703166,3.1602254428341383,8.682232957595277,3.1602254428341383,27.120236178207193,1.2077294685990339,0.020128824476650563,0.5971551261406334,0.15432098765432098,1.4694041867954912,,
72,26.77133655394525,27.70397208803006,3.193773483628556,8.715780998389693,3.180354267310789,26.932367149758456,1.221148684916801,0.020128824476650563,0.6239935587761675,0.14090177133655393,1.4694041867954912,,0.026838432635534086
73,26.82501341921632,27.388620504562535,3.2877079978529253,8.581588835212024,3.4286097691894795,26.952495974235106,1.2681159420289856,0.020128824476650563,0.6105743424584005,0.14090177133655393,1.4694041867954912,,0.026838432635534086
74,25.05367686527107,25.791733762748255,3.1333870101986045,5.24020397208803,3.2742887815351582,34.75577026301664,1.1540526033279657,0.020128824476650563,0.2214170692431562,0.14090177133655393,1.1876006441223832,,0.026838432635534086
75,25.120772946859905,25.49651100375738,3.193773483628556,5.213365539452496,5.22007514761138,32.8569511540526,1.2077294685990339,0.020128824476650563,0.2214170692431562,0.14090177133655393,1.2815351583467525,,0.026838432635534086
76,25.409286097691894,25.429414922168544,3.2541599570585076,5.199946323134729,5.213365539452496,32.60198604401503,1.2010198604401503,0.020128824476650563,0.23483628556092323,0.14090177133655393,1.2681159420289856,,0.026838432635534086
77,25.489801395598498,25.241545893719806,4.5960815888352125,4.9718196457326895,5.213365539452496,30.280461621041333,2.5966183574879227,0.020128824476650563,0.23483628556092323,0.14090177133655393,1.1876006441223832,,0.026838432635534086
78,25.89908749329039,25.09393451422437,4.74369296833065,4.9651100375738055,5.179817498658078,29.95169082125604,2.5295222758990876,0.020128824476650563,0.23483628556092323,0.15432098765432098,1.2010198604401503,,0.026838432635534086
79,26.167471819645733,24.993290391841118,4.690016103059581,4.904723564143854,5.146269457863661,29.837627482555018,2.5563607085346214,0.020128824476650563,0.27509393451422437,0.15432098765432098,1.221148684916801,0.0067096081588835215,0.026838432635534086
80,26.42914653784219,24.798711755233494,4.817498658078368,4.924852388620504,5.112721417069243,29.64975845410628,2.576489533011272,0.020128824476650563,0.27509393451422437,0.15432098765432098,1.2077294685990339,0.0067096081588835215,0.026838432635534086
81,26.764626945786365,24.50348899624262,5.3274288781535155,4.904723564143854,5.233494363929147,29.09286097691895,2.6033279656468062,0.020128824476650563,0.27509393451422437,0.14090177133655393,1.1003757380568975,0.0067096081588835215,0.026838432635534086
82,26.261406333870102,24.90606548577563,5.273752012882448,4.891304347826087,5.260332796564681,28.938539989264626,2.61003757380569,0.020128824476650563,0.27509393451422437,0.14090177133655393,1.3888888888888888,0.0067096081588835215,0.026838432635534086
83,25.43612453032743,25.85882984433709,5.776972624798712,4.924852388620504,5.387815351583468,28.267579173376276,2.5429414922168547,0.020128824476650563,0.2683843263553409,0.14090177133655393,1.3419216317767042,0.0067096081588835215,0.026838432635534086
84,25.764895330112722,25.650831991411703,5.783682232957595,4.951690821256038,5.146269457863661,28.052871712292003,2.7106816961889426,0.020128824476650563,0.24825550187869028,0.16774020397208803,1.4694041867954912,0.0067096081588835215,0.026838432635534086
85,25.657541599570585,25.167740203972087,5.797101449275362,5.649490069779925,5.0858829844337095,27.9723564143854,2.7106816961889426,0.020128824476650563,0.27509393451422437,0.16774020397208803,1.4626945786366077,0.0067096081588835215,0.026838432635534086
86,25.677670424047236,24.516908212560388,6.233225979602791,5.562265163714439,5.132850241545894,27.77777777777778,2.918679549114332,0.020128824476650563,0.30193236714975846,0.23483628556092323,1.5901771336553945,0.0067096081588835215,0.026838432635534086
87,24.20155662909286,24.188137412775095,5.528717122920021,13.157541599570585,4.723564143853999,23.91304347826087,2.5966183574879227,,0.2549651100375738,0.17444981213097155,1.247987117552335,0.0067096081588835215,0.0067096081588835215
88,24.114331723027377,23.43666129898014,5.515297906602254,12.983091787439614,4.723564143853999,24.751744498121308,2.7643585614600106,,0.2549651100375738,0.17444981213097155,1.2681159420289856,0.0067096081588835215,0.0067096081588835215
89,24.44310252281267,23.235373054213635,5.46833064949007,12.942834138486312,4.757112184648417,24.751744498121308,2.7442297369833604,,0.2549651100375738,0.1610305958132045,1.2278582930756843,0.0067096081588835215,0.0067096081588835215
90,24.63768115942029,22.993827160493826,5.374396135265701,12.721417069243156,4.636339237788513,23.731884057971016,4.119699409554482,,0.30864197530864196,0.19457863660762212,1.2412775093934514,0.03354804079441761,0.0067096081588835215
91,24.362587224906065,21.732420826623724,5.401234567901234,12.218196457326892,4.461889425657541,25.865539452495973,4.072732152442297,,0.38915727321524424,0.19457863660762212,1.261406333870102,0.03354804079441761,0.0067096081588835215
92,24.630971551261407,21.584809447128286,5.475040257648954,12.130971551261407,4.374664519592056,25.697799248523886,4.119699409554482,,0.46967257112184646,0.2147074610842727,1.261406333870102,0.03354804079441761,0.0067096081588835215
93,24.89935587761675,21.32313472893183,5.562265163714439,11.969940955448202,4.274020397208803,25.657541599570585,4.079441760601181,,0.6776704240472357,0.2147074610842727,1.3016639828234031,0.03354804079441761,0.0067096081588835215
94,25.09393451422437,21.256038647342994,5.515297906602254,11.83574879227053,4.193505099302201,25.53676865271068,4.0995705850778315,,0.6776704240472357,0.23483628556092323,1.5163714439076759,0.03354804079441761,0.0067096081588835215
95,25.577026301663984,21.07487922705314,5.535426731078905,11.77536231884058,4.213633923778851,25.288513150831992,4.092860976918948,,0.6508319914117016,0.23483628556092323,1.5163714439076759,0.03354804079441761,0.0067096081588835215
96,24.40955448201825,19.900697799248523,5.0791733762748255,11.553945249597424,4.180085882984434,28.408480944712828,4.052603327965647,,0.6843800322061192,0.16774020397208803,1.5230810520665594,0.03354804079441761,0.0067096081588835215
97,24.12104133118626,18.055555555555557,4.898013955984971,14.781266774020397,4.133118625872249,27.509393451422437,3.92512077294686,,0.6843800322061192,0.16774020397208803,1.6841116478797638,0.03354804079441761,0.0067096081588835215
98,24.06736446591519,17.847557702630166,6.421095008051529,14.727589908749328,4.1532474503489,25.905797101449274,4.200214707461084,,0.7112184648416533,0.16774020397208803,1.7579173376274826,0.03354804079441761,0.0067096081588835215
99,24.4699409554482,17.746913580246915,6.320450885668277,14.452495974235104,4.146537842190016,25.731347289318304,4.314278046162104,,0.798443370907139,0.20128824476650564,1.778046162104133,0.03354804079441761,0.0067096081588835215
100,24.62426194310252,17.56575415995706,6.273483628556092,14.472624798711756,4.2270531400966185,25.691089640365004,4.314278046162104,,0.7648953301127214,0.20128824476650564,1.8250134192163177,0.03354804079441761,0.0067096081588835215
101,24.711486849168008,17.51207729468599,5.991680085882985,14.338432635534085,4.30756843800322,25.38244766505636,4.770531400966184,,0.8252818035426731,0.20128824476650564,1.9189479334406871,0.03354804079441761,0.0067096081588835215
102,24.88593666129898,17.24369296833065,5.911164787976382,14.2914653784219,4.300858829844337,25.234836285560924,5.112721417069243,,0.8051529790660226,0.20128824476650564,1.9726247987117553,0.03354804079441761,0.0067096081588835215
103,24.496779388083738,16.378153515834676,5.8172302737520125,14.029790660225443,4.260601180891036,26.81159420289855,5.045625335480408,,0.8319914117015567,0.2952227589908749,1.932367149758454,0.0939345142243693,0.0067096081588835215
104,24.718196457326894,16.25738056897477,5.797101449275362,14.016371443907676,4.0995705850778315,26.798174986580783,5.005367686527107,,0.8185721953837896,0.4830917874396135,1.8786902844873858,0.12077294685990338,0.0067096081588835215
105,24.805421363392377,16.13660762211487,5.810520665593129,13.962694578636608,4.032474503488996,26.78475577026302,4.9651100375738055,,0.8051529790660226,0.5971551261406334,1.9726247987117553,0.12077294685990338,0.0067096081588835215
106,24.932903918411164,15.982286634460548,5.730005367686527,13.90901771336554,3.992216854535695,26.979334406870638,5.005367686527107,,0.8051529790660226,0.5971551261406334,1.9390767579173376,0.12077294685990338,0.0067096081588835215
107,24.966451959205582,15.841384863123993,5.964841653247451,13.647342995169081,4.019055287171229,26.798174986580783,5.01207729468599,,1.0869565217391304,0.5971551261406334,1.9390767579173376,0.12077294685990338,0.0067096081588835215
108,25.026838432635532,15.76086956521739,5.9514224369296835,13.345410628019323,3.9519592055823938,26.84514224369297,5.548845947396672,,0.9393451422436929,0.5837359098228664,1.9390767579173376,0.10064412238325282,0.0067096081588835215
109,25.07380568974772,15.821256038647343,5.924584004294149,13.352120236178207,3.938539989264627,26.496242619431026,5.750134192163178,,0.9393451422436929,0.5770263016639828,2.01959205582394,0.10064412238325282,0.0067096081588835215
110,25.369028448738593,15.734031132581856,5.904455179817498,13.325281803542673,3.978797638217928,26.37546967257112,5.622651637144391,,0.9259259259259259,0.6172839506172839,2.0397208803005906,0.10064412238325282,0.0067096081588835215
111,25.543478260869566,15.566290928609769,6.025228126677402,13.197799248523886,4.086151368760064,26.08695652173913,5.783682232957595,0.013419216317767043,0.966183574879227,0.6172839506172839,2.006172839506173,0.10064412238325282,0.0067096081588835215
112,25.825281803542673,15.405260332796564,5.958132045088567,13.123993558776167,4.072732152442297,25.905797101449274,5.884326355340848,0.03354804079441761,0.9930220075147611,0.6172839506172839,2.046430488459474,0.1274825550187869,0.0067096081588835215
113,25.785024154589372,15.311325818572195,6.018518518518518,13.097155126140633,4.086151368760064,24.92619431025228,7.118894256575416,0.03354804079441761,0.9930220075147611,0.5971551261406334,1.9189479334406871,0.10735373054213634,0.0067096081588835215
114,26.08695652173913,15.177133655394526,5.964841653247451,13.070316693505099,4.045893719806763,24.84567901234568,7.118894256575416,0.03354804079441761,1.0399892646269457,0.5971551261406334,1.90552871712292,0.10735373054213634,0.0067096081588835215
115,26.39559849704777,15.069779924852389,6.005099302200751,12.989801395598498,4.106280193236715,24.58400429414922,7.239667203435319,0.03354804079441761,1.0131508319914118,0.5971551261406334,1.8250134192163177,0.13419216317767044,0.0067096081588835215
116,26.56333870101986,15.056360708534621,6.1929683306494905,12.915995705850777,4.052603327965647,24.376006441223833,7.27992485238862,0.013419216317767043,0.9863123993558777,0.5837359098228664,1.8048845947396672,0.16774020397208803,0.0067096081588835215
117,26.623725174449813,15.083199141170155,6.246645195920558,12.848899624261943,4.05931293612453,24.214975845410628,7.212828770799785,0.013419216317767043,1.0198604401502953,0.5837359098228664,1.9189479334406871,0.16774020397208803,0.0067096081588835215
118,26.86527106816962,15.03623188405797,6.1862587224906065,12.822061191626409,4.186795491143317,23.95330112721417,7.239667203435319,0.013419216317767043,1.0198604401502953,0.5367686527106817,1.9390767579173376,0.19457863660762212,0.0067096081588835215
119,26.979334406870638,15.002683843263553,7.313472893183038,12.04374664519592,4.2270531400966185,23.678207192699947,7.159151905528717,0.013419216317767043,0.9796027911969941,0.5367686527106817,1.90552871712292,0.1610305958132045,
120,27.214170692431562,14.935587761674718,7.27992485238862,11.996779388083736,4.280730005367687,23.47691894793344,7.1725711218464845,0.013419216317767043,0.9796027911969941,0.5367686527106817,1.9524959742351047,0.1610305958132045,
121,26.690821256038646,14.331723027375201,7.340311325818572,11.446591519055287,4.247181964573269,24.537037037037038,7.957595276435856,0.013419216317767043,0.8454106280193237,0.5300590445517982,1.9256575415995705,0.13419216317767044,
122,26.496242619431026,14.304884594739667,8.467525496511003,11.392914653784219,4.334406870638754,23.63123993558776,7.890499194847021,0.040257648953301126,0.8454106280193237,0.5233494363929146,1.9390767579173376,0.13419216317767044,
123,26.308373590982285,14.190821256038648,8.071658615136876,12.352388620504563,4.468599033816425,23.221953837895867,8.011272141706923,0.040257648953301126,0.7783145464304885,0.5166398282340311,1.9122383252818036,0.1274825550187869,
124,25.670960815888353,14.002952227589908,9.400161030595813,12.184648416532475,4.341116478797638,22.98040794417606,7.971014492753623,0.040257648953301126,0.8252818035426731,0.5166398282340311,1.9390767579173376,0.1274825550187869,
125,25.885668276972623,13.902308105206655,9.373322597960279,12.144390767579173,4.468599033816425,22.81266774020397,7.924047235641439,0.040257648953301126,0.8655394524959742,0.5166398282340311,1.9390767579173376,0.1274825550187869,
126,26.10708534621578,13.828502415458937,9.594739667203436,12.097423510466989,4.441760601180891,22.57783145464305,7.924047235641439,0.040257648953301126,0.8319914117015567,0.5166398282340311,1.9122383252818036,0.1274825550187869,
127,26.120504562533547,13.788244766505636,9.520933977455716,12.13768115942029,4.4820182501341925,22.584541062801932,7.9039184111647875,0.05367686527106817,0.8319914117015567,0.5367686527106817,1.9122383252818036,0.1274825550187869,
128,25.36231884057971,13.372249060654857,9.39345142243693,11.922973698336017,4.367954911433173,23.980139559849704,8.064949006977992,0.040257648953301126,0.8319914117015567,0.5568974771873323,1.9524959742351047,0.1274825550187869,0.026838432635534086
129,25.758185721953836,13.298443370907139,9.292807300053678,11.90955448201825,4.388083735909823,23.839237788513152,7.991143317230274,0.040257648953301126,0.8118625872249061,0.5568974771873323,1.9592055823939882,0.1274825550187869,0.026838432635534086
130,25.308641975308642,12.754965110037574,8.917069243156199,11.842458400429415,5.280461621041331,24.335748792270532,8.085077831454644,0.040257648953301126,0.9259259259259259,0.5568974771873323,1.7981749865807837,0.1274825550187869,0.026838432635534086
131,25.328770799785293,12.714707461084272,8.84326355340848,11.922973698336017,5.300590445517981,24.261943102522814,8.105206655931294,0.040257648953301126,0.9393451422436929,0.5568974771873323,1.8317230273752012,0.1274825550187869,0.026838432635534086
132,25.34219001610306,12.734836285560924,8.997584541062801,11.708266237251744,5.280461621041331,24.22168545356951,8.031400966183575,0.040257648953301126,0.95276435856146,0.5837359098228664,1.9122383252818036,0.1878690284487386,0.0067096081588835215
133,25.5703166935051,12.640901771336553,8.957326892109501,11.668008588298443,5.2066559312936125,24.342458400429415,7.924047235641439,0.040257648953301126,0.9460547504025765,0.6172839506172839,1.892109500805153,0.1878690284487386,0.0067096081588835215
134,25.40257648953301,12.607353730542137,9.03113258185722,11.641170155662909,5.146269457863661,24.58400429414922,7.87037037037037,0.040257648953301126,0.9796027911969941,0.6508319914117016,1.8518518518518519,0.1878690284487386,0.0067096081588835215
135,25.644122383252817,12.580515297906603,8.964036500268385,11.647879763821793,5.12614063338701,24.402844873859365,7.950885668276973,0.040257648953301126,0.9796027911969941,0.630703166935051,1.8384326355340848,0.1878690284487386,0.0067096081588835215
136,25.45625335480408,12.788513150831992,9.037842190016104,11.54723564143854,5.2066559312936125,24.214975845410628,7.991143317230274,0.040257648953301126,1.0131508319914118,0.6575415995705851,1.8518518518518519,0.1878690284487386,0.0067096081588835215
137,25.670960815888353,12.573805689747719,9.178743961352657,11.439881910896403,5.152979066022544,24.000268384326354,7.997852925389157,0.040257648953301126,0.9863123993558777,0.6575415995705851,2.1068169618894257,0.1878690284487386,0.0067096081588835215
138,25.664251207729468,12.5402576489533,9.057971014492754,11.58749329039184,5.179817498658078,23.98684916800859,7.924047235641439,0.040257648953301126,0.9997316156736447,0.6843800322061192,2.1403650026838434,0.1878690284487386,0.0067096081588835215
139,25.429414922168544,12.00348899624262,9.057971014492754,11.231884057971014,6.9310252281266775,23.772141706924316,7.581857219538379,0.040257648953301126,0.9796027911969941,0.6843800322061192,2.100107353730542,0.18115942028985507,0.0067096081588835215
140,25.637412775093935,11.936392914653783,8.970746108427267,11.16478797638218,7.098765432098766,23.58427267847558,7.548309178743962,0.040257648953301126,1.0064412238325282,0.6843800322061192,2.1135265700483092,0.20799785292538917,0.0067096081588835215
141,25.771604938271604,11.936392914653783,8.917069243156199,12.211486849168008,7.004830917874396,22.450348899624263,7.62211486849168,0.08051529790660225,0.9930220075147611,0.6843800322061192,2.1269457863660763,0.1610305958132045,0.040257648953301126
142,26.060118089103597,11.936392914653783,8.890230810520666,12.184648416532475,6.957863660762212,22.36983360171766,7.548309178743962,0.08051529790660225,0.9930220075147611,0.7112184648416533,2.0665593129361244,0.1610305958132045,0.040257648953301126
143,26.362050456253353,11.83574879227053,8.789586688137414,12.130971551261407,6.977992485238862,22.20209339774557,7.635534084809447,0.10735373054213634,0.9997316156736447,0.7112184648416533,2.046430488459474,0.1610305958132045,0.040257648953301126
144,26.08695652173913,11.513687600644122,8.756038647342995,11.761943102522812,6.796833064949007,23.409822866344605,7.561728395061729,0.0939345142243693,1.0735373054213635,0.7045088566827697,2.0397208803005906,0.1610305958132045,0.040257648953301126
145,26.25469672571122,11.446591519055287,8.796296296296296,11.694847020933977,6.8035426731078905,23.34272678475577,7.5348899624261945,0.0939345142243693,1.107085346215781,0.7045088566827697,2.01959205582394,0.1610305958132045,0.040257648953301126
146,26.516371443907676,11.386205045625335,8.749329039184111,11.580783682232958,6.843800322061192,23.17498658078368,7.541599570585078,0.0939345142243693,1.1406333870101986,0.7045088566827697,2.0665593129361244,0.1610305958132045,0.040257648953301126
147,26.69753086419753,11.392914653784219,8.735909822866345,11.56736446591519,6.796833064949007,22.973698336017176,7.561728395061729,0.0939345142243693,1.1674718196457328,0.7447665056360708,2.0665593129361244,0.1610305958132045,0.040257648953301126
148,26.82501341921632,11.345947396672035,8.863392377885132,11.426462694578637,6.736446591519055,22.913311862587225,7.514761137949543,0.0939345142243693,1.2010198604401503,0.7447665056360708,2.073268921095008,0.2214170692431562,0.040257648953301126
149,27.194041867954912,11.2788513150832,8.789586688137414,11.372785829307569,6.696188942565755,22.84621578099839,7.39398819108964,0.1274825550187869,1.1808910359634996,0.7447665056360708,2.0799785292538915,0.2549651100375738,0.040257648953301126
150,27.254428341384862,11.258722490606548,8.756038647342995,11.963231347289318,6.689479334406871,22.73215244229737,6.9243156199677935,0.1274825550187869,1.2144390767579174,0.7783145464304885,2.059849704777241,0.20128824476650564,0.040257648953301126
151,27.274557165861513,11.151368760064413,8.876811594202898,11.77536231884058,6.857219538378959,22.517444981213096,7.1725711218464845,0.10735373054213634,1.2144390767579174,0.7783145464304885,2.033011272141707,0.20128824476650564,0.040257648953301126
152,27.42216854535695,11.124530327428879,8.836553945249598,11.75523349436393,6.823671497584541,22.31615673644659,7.313472893183038,0.10735373054213634,1.2010198604401503,0.7783145464304885,2.0799785292538915,0.20128824476650564,0.040257648953301126
153,27.82474503488996,11.044015029522276,8.76274825550188,11.621041331186259,6.877348362855609,22.24235104669887,7.25979602791197,0.10735373054213634,1.2010198604401503,0.7648953301127214,2.0531400966183573,0.20128824476650564,0.040257648953301126
154,27.522812667740205,11.218464841653248,8.59500805152979,11.493558776167472,7.749597423510467,22.041062801932366,7.105475040257649,0.10735373054213634,1.1473429951690821,0.7313472893183038,2.046430488459474,0.20128824476650564,0.040257648953301126
155,27.82474503488996,11.151368760064413,8.57487922705314,11.506977992485238,7.675791733762749,21.93370907139023,7.105475040257649,0.10735373054213634,1.1473429951690821,0.7447665056360708,2.006172839506173,0.18115942028985507,0.040257648953301126
156,28.079710144927535,11.104401502952227,8.561460010735374,11.513687600644122,7.675791733762749,21.806226516371442,7.024959742351046,0.10735373054213634,1.1003757380568975,0.7179280730005367,2.086688137412775,0.18115942028985507,0.040257648953301126
157,27.563070316693505,10.560923242082662,8.501073537305421,11.674718196457327,6.89747718733226,23.658078368223297,6.910896403650026,0.10735373054213634,1.1003757380568975,0.7179280730005367,2.086688137412775,0.18115942028985507,0.040257648953301126
158,27.30139559849705,9.86983360171766,8.454106280193237,11.60762211486849,6.8035426731078905,24.805421363392377,6.964573268921095,0.10735373054213634,1.1003757380568975,0.7179280730005367,2.046430488459474,0.18115942028985507,0.040257648953301126
159,27.388620504562535,9.77589908749329,8.393719806763285,11.52710681696189,6.8035426731078905,24.52361782071927,6.977992485238862,0.08722490606548577,1.0869565217391304,0.7045088566827697,2.509393451422437,0.18115942028985507,0.040257648953301126
160,27.63016639828234,9.749060654857756,8.199141170155663,11.446591519055287,6.816961889425658,24.510198604401502,6.937734836285561,0.08722490606548577,1.0869565217391304,0.7045088566827697,2.61003757380569,0.18115942028985507,0.040257648953301126
161,27.274557165861513,9.722222222222221,8.05823939881911,11.480139559849706,6.863929146537842,25.32206119162641,6.461352657004831,0.08722490606548577,1.0466988727858293,0.6642512077294686,2.7979066022544283,0.18115942028985507,0.040257648953301126
162,27.15378421900161,9.702093397745571,8.07836822329576,10.628019323671497,7.971014492753623,25.181159420289855,6.4345142243692965,0.08722490606548577,1.1137949543746646,0.6239935587761675,2.804616210413312,0.18115942028985507,0.040257648953301126
163,27.30810520665593,9.655126140633387,8.044820182501342,10.507246376811594,7.977724100912507,25.05367686527107,6.427804616210413,0.08722490606548577,1.1137949543746646,0.6172839506172839,2.985775630703167,0.18115942028985507,0.040257648953301126
164,27.355072463768117,9.655126140633387,8.111916264090176,10.59447128287708,8.024691358024691,24.86580783682233,6.394256575415996,0.08722490606548577,1.107085346215781,0.6172839506172839,2.985775630703167,0.18115942028985507,0.020128824476650563
165,27.455716586151368,9.621578099838969,8.105206655931294,10.352925389157273,7.997852925389157,24.838969404186795,6.508319914117015,0.08722490606548577,1.1808910359634996,0.6508319914117016,2.999194847020934,0.18115942028985507,0.020128824476650563
166,27.536231884057973,9.601449275362318,8.152173913043478,10.319377348362856,8.044820182501342,24.778582930756844,6.394256575415996,0.08722490606548577,1.1674718196457328,0.7045088566827697,3.012614063338701,0.18115942028985507,0.020128824476650563
167,27.771068169618893,9.588030059044552,8.158883521202362,10.225442834138486,8.031400966183575,24.67793880837359,6.387546967257112,0.08722490606548577,1.1674718196457328,0.7045088566827697,2.999194847020934,0.18115942028985507,0.020128824476650563
168,27.992485238862052,9.494095544820183,8.239398819108963,10.23215244229737,7.977724100912507,24.55716586151369,6.367418142780462,0.08722490606548577,1.1540526033279657,0.7045088566827697,2.9924852388620504,0.18115942028985507,0.020128824476650563
169,28.166935050993022,9.453837895866881,8.205850778314547,10.198604401502953,7.897208803005904,24.54374664519592,6.347289318303811,0.08722490606548577,1.1406333870101986,0.6642512077294686,3.0931293612453032,0.18115942028985507,0.020128824476650563
170,28.247450348899623,9.359903381642512,8.11862587224906,10.25228126677402,8.219269994632313,24.4296833064949,6.320450885668277,0.08722490606548577,1.06682769726248,0.6642512077294686,3.0327428878153517,0.18115942028985507,0.020128824476650563
171,28.44873859366613,9.272678475577026,8.017981749865807,10.225442834138486,8.219269994632313,24.335748792270532,6.3070316693505095,0.08722490606548577,1.0869565217391304,0.6374127750939346,3.1602254428341383,0.18115942028985507,0.020128824476650563
172,28.388352120236178,9.25925925925926,8.467525496511003,10.305958132045088,8.13875469672571,24.00697799248524,6.239935587761675,0.08722490606548577,1.0869565217391304,0.6374127750939346,3.1870638754696725,0.17444981213097155,0.020128824476650563
173,28.556092324208265,9.339774557165862,8.460815888352121,10.198604401502953,8.07836822329576,23.845947396672035,6.159420289855072,0.08722490606548577,1.0601180891035964,0.630703166935051,3.388352120236178,0.17444981213097155,0.020128824476650563
174,28.710413311862588,9.265968867418144,8.400429414922169,10.279119699409554,8.071658615136876,23.718464841653248,6.172839506172839,0.07380568974771873,1.0601180891035964,0.630703166935051,3.421900161030596,0.17444981213097155,0.020128824476650563
175,28.891572732152444,9.245840042941492,8.319914117015566,10.104669887278583,8.111916264090176,23.832528180354267,6.159420289855072,0.07380568974771873,1.0601180891035964,0.630703166935051,3.3413848631239937,0.20799785292538917,0.020128824476650563
176,29.1129898013956,9.192163177670425,8.333333333333334,10.071121846484166,8.038110574342458,23.825818572195384,6.099033816425121,0.07380568974771873,1.0869565217391304,0.630703166935051,3.3413848631239937,0.17444981213097155,0.020128824476650563
177,29.186795491143318,9.192163177670425,8.293075684380032,10.0979602791197,8.017981749865807,23.70504562533548,6.1929683306494905,0.07380568974771873,1.0802469135802468,0.630703166935051,3.3279656468062266,0.18115942028985507,0.020128824476650563
178,29.25389157273215,9.158615136876007,8.340042941492216,10.124798711755233,8.05823939881911,23.51046698872786,6.226516371443908,0.07380568974771873,1.0802469135802468,0.630703166935051,3.3413848631239937,0.18115942028985507,0.020128824476650563
179,29.455179817498657,9.131776704240472,8.400429414922169,10.077831454643048,8.085077831454644,23.295759527643586,6.266774020397209,0.07380568974771873,1.0802469135802468,0.6172839506172839,3.3279656468062266,0.16774020397208803,0.020128824476650563
180,29.60950080515298,9.044551798174986,8.3467525496511,10.037573805689748,8.199141170155663,23.161567364465917,6.293612453032743,0.07380568974771873,1.06682769726248,0.5770263016639828,3.388352120236178,0.18115942028985507,0.020128824476650563
181,29.824208266237253,9.004294149221685,8.319914117015566,10.00402576489533,8.152173913043478,23.201825013419217,6.213097155126141,0.07380568974771873,1.0534084809447128,0.5770263016639828,3.374932903918411,0.18115942028985507,0.020128824476650563
