,45,50,55,51,52,53,57,56,54,58,61,59,60,46,62,63,47,64
0,99.82555018786903,0.17444981213097155,,,,,,,,,,,,,,,,
1,97.42351046698873,2.576489533011272,,,,,,,,,,,,,,,,
2,94.14922168545357,5.837359098228664,0.013419216317767043,,,,,,,,,,,,,,,
3,93.86070853462158,5.991680085882985,0.14761137949543746,,,,,,,,,,,,,,,
4,93.79361245303274,4.904723564143854,0.14761137949543746,0.020128824476650563,1.133923778851315,,,,,,,,,,,,,
5,93.38432635534085,5.314009661835748,0.14761137949543746,0.020128824476650563,1.133923778851315,,,,,,,,,,,,,
6,88.5198604401503,10.158346752549651,0.14761137949543746,0.020128824476650563,1.1205045625335481,0.020128824476650563,0.013419216317767043,,,,,,,,,,,
7,88.24476650563606,10.433440687063875,0.14761137949543746,0.020128824476650563,1.1205045625335481,0.020128824476650563,0.013419216317767043,,,,,,,,,,,
8,84.84970477724102,13.801663982823403,0.17444981213097155,0.020128824476650563,1.1205045625335481,0.020128824476650563,0.013419216317767043,,,,,,,,,,,
9,83.25952764358561,15.351583467525497,0.20128824476650564,0.020128824476650563,1.1205045625335481,0.020128824476650563,0.013419216317767043,0.013419216317767043,,,,,,,,,,
10,78.91841116478798,19.672571121846484,0.2214170692431562,0.020128824476650563,1.1205045625335481,0.020128824476650563,0.013419216317767043,0.013419216317767043,,,,,,,,,,
11,78.77079978529254,19.77992485238862,0.2616747181964573,0.020128824476650563,1.1205045625335481,0.020128824476650563,0.013419216317767043,0.013419216317767043,,,,,,,,,,
12,77.27455716586151,21.26274825550188,0.2616747181964573,0.020128824476650563,1.107085346215781,0.020128824476650563,0.013419216317767043,0.040257648953301126,,,,,,,,,,
13,71.77938808373591,26.670692431561996,0.2952227589908749,0.04696725711218465,1.107085346215781,0.04696725711218465,0.013419216317767043,0.040257648953301126,,,,,,,,,,
14,71.40365002683843,25.691089640365004,0.28180354267310787,0.04696725711218465,2.475845410628019,0.04696725711218465,0.013419216317767043,0.040257648953301126,,,,,,,,,,
15,71.18223295759528,25.81857219538379,0.30193236714975846,0.04696725711218465,2.5496511003757383,0.04696725711218465,0.013419216317767043,0.040257648953301126,,,,,,,,,,
16,68.24342458400429,28.75067096081589,0.30193236714975846,0.04696725711218465,2.5496511003757383,0.04696725711218465,0.013419216317767043,0.040257648953301126,0.0067096081588835215,,,,,,,,,
17,67.96162104133118,28.401771336553946,0.30193236714975846,0.6508319914117016,2.576489533011272,0.04696725711218465,0.013419216317767043,0.040257648953301126,0.0067096081588835215,,,,,,,,,
18,67.55904455179818,28.804347826086957,0.30193236714975846,0.6508319914117016,2.576489533011272,0.04696725711218465,0.013419216317767043,0.040257648953301126,0.0067096081588835215,,,,,,,,,
19,59.306226516371446,37.41277509393451,0.30193236714975846,0.6776704240472357,2.0933977455716586,0.04696725711218465,0.040257648953301126,0.11406333870101985,0.0067096081588835215,,,,,,,,,
20,58.52791196994095,37.09742351046699,0.2885131508319914,2.5429414922168547,1.3955984970477724,0.04696725711218465,,0.0939345142243693,0.0067096081588835215,,,,,,,,,
21,56.045356951154055,39.52630166398282,0.35560923242082665,2.5295222758990876,1.3955984970477724,0.04696725711218465,,0.0939345142243693,0.0067096081588835215,,,,,,,,,
22,55.83064949006978,39.62694578636608,0.4025764895330113,2.563070316693505,1.3955984970477724,0.04696725711218465,,0.0939345142243693,0.040257648953301126,,,,,,,,,
23,48.329307568438004,46.95383789586688,0.5703166935050993,2.563070316693505,1.402308105206656,0.04696725711218465,,0.0939345142243693,0.040257648953301126,,,,,,,,,
24,48.34272678475577,46.464036500268385,1.0466988727858293,2.563070316693505,1.3754696725711217,0.04696725711218465,0.026838432635534086,0.0939345142243693,0.040257648953301126,,,,,,,,,
25,47.175254965110035,45.3569511540526,0.966183574879227,5.622651637144391,0.7581857219538379,0.06038647342995169,,0.020128824476650563,0.040257648953301126,,,,,,,,,
26,47.08803005904455,45.22275899087493,1.261406333870102,5.548845947396672,0.7581857219538379,0.06038647342995169,,0.020128824476650563,0.040257648953301126,,,,,,,,,
27,47.014224369296834,45.16237251744498,1.3486312399355878,5.595813204508857,0.7581857219538379,0.06038647342995169,,0.020128824476650563,0.040257648953301126,,,,,,,,,
28,45.65888352120236,44.28341384863124,1.556629092860977,7.877079978529254,0.5032206119162641,0.06038647342995169,,0.020128824476650563,0.040257648953301126,,,,,,,,,
29,45.61862587224906,44.24986580783682,1.6505636070853462,7.843531937734836,0.5032206119162641,0.07380568974771873,,0.020128824476650563,0.040257648953301126,,,,,,,,,
30,39.42565754159957,51.09366612989801,1.596886741814278,7.179280730005368,0.4830917874396135,0.07380568974771873,,0.06709608158883522,0.08051529790660225,,,,,,,,,
31,39.22436929683307,51.247987117552334,1.6438539989264627,7.152442297369833,0.4830917874396135,0.07380568974771873,,0.0939345142243693,0.08051529790660225,,,,,,,,,
32,38.90230810520666,51.47611379495437,1.6908212560386473,7.1658615136876005,0.48980139559849706,0.10064412238325282,,0.0939345142243693,0.08051529790660225,,,,,,,,,
33,38.399087493290395,50.85882984433709,1.7713365539452497,7.098765432098766,0.49651100375738055,0.10064412238325282,,0.13419216317767044,1.1406333870101986,,,,,,,,,
34,35.527375201288244,58.01798174986581,0.966183574879227,3.784219001610306,0.41599570585077833,0.10064412238325282,,0.06709608158883522,1.1205045625335481,,,,,,,,,
35,34.957058507783145,57.46779388083736,0.966183574879227,4.911433172302737,0.4092860976918948,0.07380568974771873,,0.0939345142243693,1.1205045625335481,,,,,,,,,
36,34.88996242619431,57.37385936661299,1.1272141706924315,4.911433172302737,0.4092860976918948,0.07380568974771873,,0.0939345142243693,1.1205045625335481,,,,,,,,,
37,24.9597423510467,68.10923242082663,1.288244766505636,3.6634460547504024,0.4092860976918948,0.36231884057971014,,0.0939345142243693,1.1137949543746646,,,,,,,,,
38,24.93961352657005,68.04213633923779,1.3553408480944713,3.6634460547504024,0.43612453032742887,0.35560923242082665,,0.0939345142243693,1.1137949543746646,,,,,,,,,
39,22.993827160493826,69.67257112184649,2.38191089640365,2.9790660225442833,0.4092860976918948,0.35560923242082665,,0.0939345142243693,1.1137949543746646,,,,,,,,,
40,22.450348899624263,67.3040794417606,2.6502952227589907,2.9052603327965647,3.0730005367686526,0.38915727321524424,0.026838432635534086,0.13419216317767044,1.06682769726248,,,,,,,,,
41,22.423510466988727,63.52657004830918,3.4017713365539453,2.7106816961889426,3.0730005367686526,2.6167471819645733,0.026838432635534086,0.3757380568974772,1.8317230273752012,0.013419216317767043,,,,,,,,
42,22.403381642512077,62.96967257112185,3.435319377348363,2.690552871712292,3.0595813204508855,1.6304347826086956,0.040257648953301126,0.3757380568974772,3.3816425120772946,0.013419216317767043,,,,,,,,
43,22.38996242619431,62.80864197530864,3.5963499731615673,2.690552871712292,3.0595813204508855,1.6304347826086956,0.040257648953301126,0.3757380568974772,3.3950617283950617,0.013419216317767043,,,,,,,,
44,22.04777241009125,62.895866881374126,3.8177670424047236,2.690552871712292,3.0931293612453032,1.6304347826086956,0.040257648953301126,0.3757380568974772,3.3950617283950617,0.013419216317767043,,,,,,,,
45,10.48040794417606,82.11889425657542,2.006172839506173,0.8722490606548577,0.3153515834675255,1.5901771336553945,,0.2952227589908749,2.3081052066559313,0.013419216317767043,,,,,,,,
46,10.473698336017177,81.99812130971551,2.073268921095008,0.8990874932903918,0.3153515834675255,1.5901771336553945,,0.2952227589908749,2.341653247450349,0.013419216317767043,,,,,,,,
47,9.930220075147611,78.82447665056361,2.2074610842726785,0.8990874932903918,0.3153515834675255,5.199946323134729,,0.2952227589908749,2.314814814814815,0.013419216317767043,,,,,,,,
48,9.957058507783145,78.75067096081588,2.2611379495437465,0.8521202361782072,0.3153515834675255,5.199946323134729,,0.33548040794417605,2.314814814814815,0.013419216317767043,,,,,,,,
49,9.970477724100913,75.93263553408481,5.065754159957058,0.8521202361782072,0.3153515834675255,5.199946323134729,,0.33548040794417605,2.314814814814815,0.013419216317767043,,,,,,,,
50,7.897208803005904,71.7860976918948,8.447396672034353,0.8722490606548577,0.3153515834675255,8.07836822329576,,0.33548040794417605,2.2342995169082127,0.013419216317767043,0.020128824476650563,,,,,,,
51,7.897208803005904,70.89371980676329,9.353193773483628,0.8655394524959742,0.30193236714975846,8.011272141706923,,0.33548040794417605,2.227589908749329,0.013419216317767043,0.020128824476650563,0.07380568974771873,0.0067096081588835215,,,,,
52,7.877079978529254,70.75952764358561,9.4873859366613,0.8856682769726248,0.30193236714975846,8.011272141706923,,0.33548040794417605,2.227589908749329,0.013419216317767043,0.020128824476650563,0.07380568974771873,0.0067096081588835215,,,,,
53,7.883789586688137,70.6857219538379,9.473966720343531,0.8856682769726248,0.30193236714975846,7.98443370907139,0.040257648953301126,0.33548040794417605,2.227589908749329,0.026838432635534086,0.020128824476650563,0.10064412238325282,0.03354804079441761,,,,,
54,7.883789586688137,66.02254428341385,9.245840042941492,0.8923778851315083,0.30193236714975846,10.547504025764896,0.040257648953301126,0.30864197530864196,4.549114331723027,0.05367686527106817,0.020128824476650563,0.10064412238325282,0.03354804079441761,,,,,
55,7.9039184111647875,65.61996779388083,9.500805152979066,0.8923778851315083,0.30193236714975846,10.547504025764896,0.3488996242619431,0.4227053140096618,4.253891572732153,0.05367686527106817,0.020128824476650563,0.10064412238325282,0.03354804079441761,,,,,
56,6.696188942565755,66.01583467525496,9.541062801932368,0.8789586688137413,1.0869565217391304,10.547504025764896,0.3488996242619431,0.4227053140096618,4.2203435319377345,0.05367686527106817,0.020128824476650563,0.10064412238325282,0.06709608158883522,,,,,
57,6.6827697262479875,65.8346752549651,9.702093397745571,0.8789586688137413,1.0869565217391304,10.547504025764896,0.3488996242619431,0.4227053140096618,4.2270531400966185,0.06709608158883522,0.03354804079441761,0.10064412238325282,0.06709608158883522,,,,,
58,6.66935050993022,64.75442834138487,10.735373054213634,0.8789586688137413,1.0534084809447128,10.507246376811594,0.43612453032742887,0.4227053140096618,4.206924315619967,0.08051529790660225,0.03354804079441761,0.15432098765432098,0.06709608158883522,,,,,
59,6.66935050993022,64.47262479871175,10.983628556092324,0.8789586688137413,1.06682769726248,10.48040794417606,0.4562533548040794,0.4227053140096618,4.206924315619967,0.08051529790660225,0.03354804079441761,0.18115942028985507,0.06709608158883522,,,,,
60,6.1929683306494905,65.11674718196457,11.05072463768116,0.8722490606548577,1.06682769726248,10.225442834138486,0.4562533548040794,0.4227053140096618,4.206924315619967,0.10735373054213634,0.03354804079441761,0.18115942028985507,0.06709608158883522,,,,,
61,5.877616747181965,62.815351583467525,11.124530327428879,3.4151905528717124,1.06682769726248,10.057702630166398,0.5636070853462157,0.4092860976918948,4.2203435319377345,0.15432098765432098,0.03354804079441761,0.19457863660762212,0.06709608158883522,,,,,
62,5.870907139023081,62.25845410628019,11.2788513150832,3.4420289855072466,1.06682769726248,10.050993022007514,0.5636070853462157,0.4092860976918948,4.562533548040794,0.16774020397208803,0.03354804079441761,0.2281266774020397,0.06709608158883522,,,,,
63,2.885131508319914,72.82608695652173,9.54777241009125,0.7112184648416533,0.9796027911969941,7.447665056360709,0.5636070853462157,0.4092860976918948,4.126409017713366,0.1878690284487386,0.03354804079441761,0.19457863660762212,0.08722490606548577,,,,,
64,2.8918411164787976,72.42351046698873,9.943639291465379,0.7112184648416533,0.9796027911969941,7.447665056360709,0.5636070853462157,0.4092860976918948,4.126409017713366,0.1878690284487386,0.03354804079441761,0.19457863660762212,0.08722490606548577,,,,,
65,2.8784219001610305,68.1159420289855,14.237788513150832,0.7112184648416533,0.9594739667203436,7.454374664519592,0.5636070853462157,0.4092860976918948,4.1129898013955986,0.1878690284487386,0.03354804079441761,0.19457863660762212,0.14090177133655393,,,,,
66,2.85829307568438,67.96162104133118,14.237788513150832,0.7112184648416533,0.9594739667203436,7.434245840042942,0.5636070853462157,0.5032206119162641,4.146537842190016,0.2281266774020397,0.06038647342995169,0.19457863660762212,0.14090177133655393,,,,,
67,2.871712292002147,67.89452495974236,14.257917337627482,0.7112184648416533,0.9594739667203436,7.434245840042942,0.5367686527106817,0.5032206119162641,4.180085882984434,0.2281266774020397,0.08722490606548577,0.19457863660762212,0.14090177133655393,,,,,
68,2.9119699409554483,67.78717122920021,14.325013419216317,0.7112184648416533,0.9594739667203436,7.434245840042942,0.5367686527106817,0.5032206119162641,4.180085882984434,0.2281266774020397,0.08722490606548577,0.19457863660762212,0.14090177133655393,,,,,
69,2.8650026838432634,61.9699409554482,12.661030595813205,0.7112184648416533,7.971014492753623,7.139023081052066,0.5367686527106817,0.5032206119162641,5.005367686527107,0.2147074610842727,0.08722490606548577,0.19457863660762212,0.14090177133655393,,,,,
70,2.871712292002147,58.13204508856683,15.72061191626409,3.294417606011809,7.816693505099302,5.8172302737520125,0.5501878690284487,0.5032206119162641,4.736983360171766,0.14761137949543746,0.08722490606548577,0.18115942028985507,0.14090177133655393,,,,,
71,2.871712292002147,57.79656468062265,16.035963499731615,3.294417606011809,7.816693505099302,5.8239398819108965,0.5501878690284487,0.5032206119162641,4.736983360171766,0.14761137949543746,0.08722490606548577,0.19457863660762212,0.14090177133655393,,,,,
72,1.1808910359634996,47.014224369296834,15.210681696188942,15.157004830917874,6.9243156199677935,8.433977455716587,0.5300590445517982,0.5099302200751477,4.394793344068707,0.14761137949543746,0.08722490606548577,0.24825550187869028,0.1610305958132045,,,,,
73,1.221148684916801,46.85990338164251,15.297906602254429,15.01610305958132,6.89747718733226,8.393719806763285,0.5568974771873323,0.6776704240472357,4.394793344068707,0.14761137949543746,0.08722490606548577,0.2885131508319914,0.1610305958132045,,,,,
74,1.1943102522812667,46.752549651100374,15.418679549114332,15.01610305958132,6.89747718733226,8.360171765968868,0.5703166935050993,0.6776704240472357,4.394793344068707,0.1610305958132045,0.08722490606548577,0.30864197530864196,0.1610305958132045,,,,,
75,1.2345679012345678,45.551529790660226,16.51905528717123,14.908749329039184,6.877348362855609,8.353462157809984,0.5904455179817498,0.7783145464304885,4.42163177670424,0.1610305958132045,0.08722490606548577,0.32877079978529256,0.1878690284487386,,,,,
76,1.2077294685990339,45.55823939881911,16.51905528717123,14.875201288244767,6.877348362855609,8.353462157809984,0.5904455179817498,0.8118625872249061,4.441760601180891,0.1610305958132045,0.08722490606548577,0.32877079978529256,0.1878690284487386,,,,,
77,1.2077294685990339,44.155931293612454,17.881105743424584,14.848362855609233,6.877348362855609,8.353462157809984,0.5904455179817498,0.8387010198604401,4.441760601180891,0.1610305958132045,0.1274825550187869,0.32877079978529256,0.1878690284487386,,,,,
78,1.2077294685990339,43.94122383252818,17.881105743424584,13.955984970477724,5.615942028985507,7.588566827697263,0.6038647342995169,0.8387010198604401,7.548309178743962,0.14761137949543746,0.1274825550187869,0.32877079978529256,0.2147074610842727,,,,,
79,1.2144390767579174,42.04240472356415,17.62614063338701,13.94927536231884,4.817498658078368,10.641438539989265,0.6709608158883521,0.8387010198604401,7.253086419753086,0.14761137949543746,0.15432098765432098,0.4092860976918948,0.23483628556092323,,,,,
80,1.2278582930756843,41.908212560386474,17.72007514761138,13.922436929683306,4.817498658078368,10.628019323671497,0.6709608158883521,0.9057971014492754,7.253086419753086,0.14761137949543746,0.15432098765432098,0.4092860976918948,0.23483628556092323,,,,,
81,1.2345679012345678,41.88137412775094,17.726784755770264,13.90901771336554,4.817498658078368,10.628019323671497,0.6709608158883521,0.9192163177670424,7.253086419753086,0.14761137949543746,0.16774020397208803,0.4092860976918948,0.23483628556092323,,,,,
82,1.3083735909822867,41.418411164787976,17.72007514761138,13.862050456253355,4.7638217928073,11.044015029522276,0.6977992485238862,0.9594739667203436,7.253086419753086,0.14761137949543746,0.16774020397208803,0.4227053140096618,0.23483628556092323,,,,,
83,1.3150831991411702,41.358024691358025,17.753623188405797,13.828502415458937,4.7638217928073,10.983628556092324,0.6977992485238862,1.0131508319914118,7.253086419753086,0.17444981213097155,0.16774020397208803,0.4562533548040794,0.23483628556092323,,,,,
84,1.3217928073000538,39.42565754159957,17.465110037573805,13.533279656468062,4.736983360171766,13.077026301663983,0.7246376811594203,1.0735373054213635,7.595276435856146,0.1878690284487386,0.16774020397208803,0.4562533548040794,0.23483628556092323,,,,,
85,1.3083735909822867,39.351851851851855,17.498658078368223,13.499731615673644,4.736983360171766,13.036768652710682,0.7581857219538379,1.107085346215781,7.595276435856146,0.2281266774020397,0.15432098765432098,0.48980139559849706,0.23483628556092323,,,,,
86,1.4224369296833066,39.18411164787977,17.424852388620504,13.446054750402576,4.696725711218465,13.003220611916264,0.7581857219538379,1.2815351583467525,7.568438003220612,0.2549651100375738,0.18115942028985507,0.5032206119162641,0.27509393451422437,,,,,
87,1.42914653784219,37.446323134728935,19.135802469135804,13.358829844337091,4.696725711218465,12.909286097691895,0.8588298443370908,1.3150831991411702,7.541599570585078,0.3153515834675255,0.18115942028985507,0.5367686527106817,0.27509393451422437,,,,,
88,1.3553408480944713,35.527375201288244,18.867418142780462,13.479602791196994,7.890499194847021,11.862587224906065,0.8655394524959742,1.3486312399355878,7.481213097155126,0.30864197530864196,0.18115942028985507,0.5568974771873323,0.27509393451422437,,,,,
89,1.3486312399355878,35.507246376811594,18.887546967257112,12.734836285560924,9.346484165324744,11.842458400429415,0.8655394524959742,1.2949543746645196,6.796833064949007,0.32877079978529256,0.18115942028985507,0.5904455179817498,0.27509393451422437,,,,,
90,1.3217928073000538,34.86983360171766,18.317230273752013,11.916264090177133,8.494363929146537,11.829039184111648,0.8588298443370908,1.5297906602254427,9.185453569511541,0.3421900161030596,0.18115942028985507,0.8789586688137413,0.27509393451422437,,,,,
91,1.3352120236178207,34.84299516908212,18.276972624798713,11.902844873859367,8.480944712828771,11.782071926999464,0.8588298443370908,1.5297906602254427,9.158615136876007,0.35560923242082665,0.2214170692431562,0.9259259259259259,0.32877079978529256,,,,,
92,1.3419216317767042,34.42699946323135,18.612453032742888,11.627750939345143,8.474235104669887,11.761943102522812,0.8588298443370908,1.8115942028985508,9.091519055287172,0.3757380568974772,0.2214170692431562,1.06682769726248,0.32877079978529256,,,,,
93,1.328502415458937,34.42699946323135,18.51851851851852,11.614331723027375,8.447396672034353,11.761943102522812,0.8856682769726248,1.8250134192163177,9.118357487922705,0.3757380568974772,0.2549651100375738,1.06682769726248,0.3757380568974772,,,,,
94,1.2144390767579174,29.086151368760063,17.028985507246375,17.53220611916264,8.447396672034353,12.72812667740204,0.6776704240472357,1.9189479334406871,9.098228663446054,0.4830917874396135,0.2616747181964573,1.0534084809447128,0.46967257112184646,,,,,
95,1.2278582930756843,27.2812667740204,16.74718196457327,17.559044551798173,8.447396672034353,12.211486849168008,0.7179280730005367,1.9189479334406871,11.735104669887278,0.3824476650563607,0.2616747181964573,1.0534084809447128,0.4562533548040794,,,,,
96,1.247987117552335,27.2812667740204,16.740472356414386,17.559044551798173,8.420558239398819,12.164519592055823,0.7447665056360708,1.9189479334406871,11.688137412775093,0.3824476650563607,0.2616747181964573,1.133923778851315,0.4562533548040794,,,,,
97,1.2546967257112185,27.254428341384862,16.774020397208805,17.55233494363929,8.420558239398819,12.164519592055823,0.7447665056360708,1.9189479334406871,11.674718196457327,0.3824476650563607,0.2616747181964573,1.1406333870101986,0.4562533548040794,,,,,
98,1.2278582930756843,27.17391304347826,17.136339237788512,16.700214707461082,8.36688137412775,12.164519592055823,0.7447665056360708,1.9927536231884058,12.27187332259796,0.3824476650563607,0.2616747181964573,1.1205045625335481,0.4562533548040794,,,,,
99,1.2748255501878691,26.88539989264627,17.297369833601717,16.6935050993022,8.266237251744498,12.177938808373591,0.7313472893183038,2.1739130434782608,12.25174449812131,0.39586688137412773,0.2616747181964573,1.133923778851315,0.4562533548040794,,,,,
100,1.3083735909822867,26.7512077294686,17.404723564143854,16.67337627482555,8.259527643585615,12.177938808373591,0.7313472893183038,2.1940418679549114,12.23161567364466,0.39586688137412773,0.2616747181964573,1.1540526033279657,0.4562533548040794,,,,,
101,1.3352120236178207,26.549919484702095,17.57246376811594,16.6129898013956,8.179012345679013,12.164519592055823,0.785024154589372,2.2611379495437465,12.177938808373591,0.4294149221685454,0.2616747181964573,1.2144390767579174,0.4562533548040794,,,,,
102,1.3955984970477724,26.536500268384327,17.55233494363929,16.606280193236714,8.132045088566828,12.164519592055823,0.8521202361782072,2.24771873322598,12.124261943102523,0.4428341384863124,0.2616747181964573,1.2278582930756843,0.4562533548040794,,,,,
103,1.4224369296833066,26.402308105206657,17.62614063338701,16.51905528717123,8.071658615136876,12.110842726784755,0.9125067096081588,2.368491680085883,12.077294685990339,0.4428341384863124,0.27509393451422437,1.2681159420289856,0.5032206119162641,,,,,
104,1.4358561460010735,26.37546967257112,17.56575415995706,16.49892646269458,8.071658615136876,12.090713902308105,0.9125067096081588,2.3886205045625335,12.117552334943639,0.4428341384863124,0.30864197530864196,1.288244766505636,0.5032206119162641,,,,,
105,1.442565754159957,26.25469672571122,17.66639828234031,16.49892646269458,8.071658615136876,12.070585077831455,0.9125067096081588,2.442297369833602,12.104133118625873,0.41599570585077833,0.30864197530864196,1.2815351583467525,0.5300590445517982,,,,,
106,1.442565754159957,26.174181427804616,17.733494363929147,16.49892646269458,8.05823939881911,12.070585077831455,0.9125067096081588,2.442297369833602,12.090713902308105,0.4294149221685454,0.322061191626409,1.2949543746645196,0.5300590445517982,,,,,
107,1.4559849704777241,26.113794954374665,17.746913580246915,16.465378421900162,8.024691358024691,12.084004294149223,0.9125067096081588,2.475845410628019,12.037037037037036,0.4495437466451959,0.33548040794417605,1.3687600644122384,0.5300590445517982,,,,,
108,1.4694041867954912,26.053408480944714,17.954911433172303,16.23725174449812,8.017981749865807,12.057165861513688,0.9125067096081588,2.328234031132582,12.037037037037036,0.47638217928073,0.3488996242619431,1.4895330112721417,0.6172839506172839,,,,,
109,1.482823403113258,25.637412775093935,17.887815351583466,15.143585614600108,8.017981749865807,12.037037037037036,0.9728931830381106,3.8848631239935587,12.030327428878154,0.4495437466451959,0.3488996242619431,1.4761137949543746,0.630703166935051,,,,,
110,1.482823403113258,25.577026301663984,17.921363392377884,15.069779924852389,7.997852925389157,12.030327428878154,0.9728931830381106,3.9318303811057436,12.016908212560386,0.4830917874396135,0.36902844873859364,1.4761137949543746,0.6709608158883521,,,,,
111,1.5029522275899088,25.503220611916262,17.907944176060116,14.868491680085883,7.997852925389157,11.81561996779388,1.221148684916801,4.17337627482555,12.016908212560386,0.4830917874396135,0.3824476650563607,1.4559849704777241,0.6709608158883521,,,,,
112,1.5297906602254427,25.44283413848631,17.96833064949007,14.821524422973699,7.997852925389157,11.788781535158346,1.2345679012345678,4.193505099302201,12.016908212560386,0.4830917874396135,0.39586688137412773,1.4559849704777241,0.6709608158883521,,,,,
113,1.5499194847020934,25.328770799785293,17.907944176060116,14.761137949543746,8.017981749865807,11.701556629092861,1.2345679012345678,4.435050993022007,11.990069779924852,0.4830917874396135,0.4495437466451959,1.4694041867954912,0.6709608158883521,,,,,
114,1.556629092860977,24.456521739130434,18.47826086956522,14.606816961889425,7.937466451959206,11.151368760064413,1.1808910359634996,4.602791196994096,13.150831991411701,0.46967257112184646,0.46296296296296297,1.3016639828234031,0.644122383252818,,,,,
115,1.583467525496511,24.20155662909286,18.67283950617284,14.573268921095009,7.937466451959206,10.997047772410092,1.3486312399355878,4.53569511540526,13.150831991411701,0.46967257112184646,0.5636070853462157,1.3016639828234031,0.6642512077294686,,,,,
116,1.570048309178744,24.020397208803004,18.209876543209877,14.573268921095009,8.789586688137414,10.990338164251208,1.402308105206656,4.51556629092861,12.741545893719806,0.47638217928073,0.5971551261406334,1.4492753623188406,0.6642512077294686,,,,,
117,1.583467525496511,23.859366612989803,18.38432635534085,14.55984970477724,8.76274825550188,10.963499731615673,1.402308105206656,4.528985507246377,12.734836285560924,0.47638217928073,0.5971551261406334,1.4761137949543746,0.6709608158883521,,,,,
118,1.5767579173376274,23.658078368223297,18.129361245303276,13.875469672571121,10.124798711755233,10.93666129898014,1.4224369296833066,4.4753086419753085,12.607353730542137,0.5032206119162641,0.5166398282340311,1.4761137949543746,0.6977992485238862,,,,,
119,1.5901771336553945,23.564143853998928,18.183038110574344,13.761406333870102,10.071121846484166,10.768921095008052,1.5029522275899088,4.602791196994096,12.674449812130971,0.630703166935051,0.5166398282340311,1.4626945786366077,0.6709608158883521,,,,,
120,1.5901771336553945,23.43666129898014,18.303811057434245,13.674181427804616,10.071121846484166,10.755501878690284,1.5029522275899088,4.64975845410628,12.627482555018787,0.6642512077294686,0.5300590445517982,1.4895330112721417,0.7045088566827697,,,,,
121,1.583467525496511,23.336017176596886,18.38432635534085,13.66076221148685,10.071121846484166,10.755501878690284,1.5029522275899088,4.663177670424047,12.627482555018787,0.6642512077294686,0.5300590445517982,1.4895330112721417,0.7313472893183038,,,,,
122,1.596886741814278,23.275630703166936,18.431293612453032,13.66076221148685,10.044283413848632,10.755501878690284,1.5499194847020934,4.643048845947397,12.587224906065487,0.6642512077294686,0.5300590445517982,1.4895330112721417,0.7716049382716049,,,,,
123,1.596886741814278,23.201825013419217,18.42458400429415,13.036768652710682,9.916800858829845,11.949812130971551,1.6170155662909287,4.180085882984434,12.453032742887816,0.7179280730005367,0.5703166935050993,1.4962426194310252,0.8387010198604401,,,,,
124,1.5365002683843263,21.054750402576488,18.109232420826622,11.802200751476114,15.861513687600644,11.399624261943103,1.6304347826086956,3.4017713365539453,11.674718196457327,0.5300590445517982,0.5636070853462157,1.5767579173376274,0.8588298443370908,,,,,
125,1.5230810520665594,21.041331186258724,18.10252281266774,11.802200751476114,15.848094471282877,11.386205045625335,1.6572732152442298,3.4621578099838968,11.634460547504025,0.5501878690284487,0.5837359098228664,1.5499194847020934,0.8588298443370908,,,,,
126,1.5230810520665594,20.987654320987655,18.10252281266774,11.782071926999464,15.821256038647343,11.372785829307569,1.710950080515298,3.4822866344605474,11.647879763821793,0.5501878690284487,0.6105743424584005,1.5499194847020934,0.8588298443370908,,,,,
127,1.5499194847020934,20.96081588835212,18.109232420826622,11.782071926999464,15.74074074074074,11.33923778851315,1.7847557702630166,3.5762211486849167,11.533816425120772,0.5501878690284487,0.6105743424584005,1.583467525496511,0.8789586688137413,,,,,
128,1.5096618357487923,20.632045088566827,18.78690284487386,11.748523886205046,15.633387010198604,11.56736446591519,1.9457863660762211,3.1602254428341383,11.399624261943103,0.5434782608695652,0.644122383252818,1.5096618357487923,0.9192163177670424,,,,,
129,1.5163714439076759,20.1959205582394,17.10950080515298,14.090177133655395,16.17686527106817,11.258722490606548,1.9256575415995705,2.7979066022544283,11.272141706924316,0.5434782608695652,0.6843800322061192,1.5230810520665594,0.9057971014492754,,,,,
130,1.5633387010198605,20.169082125603865,17.082662372517444,14.090177133655395,16.1231884057971,11.238593666129898,2.0397208803005906,2.7979066022544283,11.272141706924316,0.5367686527106817,0.6843800322061192,1.5230810520665594,0.8789586688137413,,,,,
131,1.5432098765432098,20.155662909286097,17.008856682769725,15.103327965646805,16.076221148684915,11.20504562533548,2.167203435319377,2.5563607085346214,10.473698336017177,0.5367686527106817,0.6843800322061192,1.556629092860977,0.9326355340848095,,,,,
132,1.5163714439076759,19.122383252818036,16.27750939345142,19.296833064949006,14.734299516908212,10.654857756307031,2.1135265700483092,2.1269457863660763,10.420021470746109,0.5568974771873323,0.6910896403650026,1.556629092860977,0.9326355340848095,,,,,
133,1.5633387010198605,19.102254428341386,16.25067096081589,19.290123456790123,14.734299516908212,10.641438539989265,2.1135265700483092,2.167203435319377,10.426731078904991,0.5636070853462157,0.6910896403650026,1.5230810520665594,0.9326355340848095,,,,,
134,1.583467525496511,19.088835212023618,18.632581857219538,16.78743961352657,14.667203435319378,10.654857756307031,2.147074610842727,2.2611379495437465,10.426731078904991,0.5837359098228664,0.6910896403650026,1.5230810520665594,0.95276435856146,,,,,
135,1.6170155662909287,19.048577563070317,18.55877616747182,16.78743961352657,14.526301663982823,10.661567364465915,2.2745571658615136,2.227589908749329,10.493827160493828,0.6105743424584005,0.7514761137949544,1.4895330112721417,0.95276435856146,,,,,
136,1.6572732152442298,19.0150295222759,18.5252281266774,16.700214707461082,14.412238325281804,10.648148148148149,2.2745571658615136,2.3081052066559313,10.547504025764896,0.7179280730005367,0.7514761137949544,1.4895330112721417,0.95276435856146,,,,,
137,1.5432098765432098,17.69994632313473,17.92807300053677,16.25738056897477,14.398819108964037,10.648148148148149,2.395330112721417,2.1739130434782608,12.97638217928073,0.8521202361782072,0.630703166935051,1.5163714439076759,0.9796027911969941,,,,,
138,1.5432098765432098,17.57246376811594,17.941492216854535,16.25738056897477,14.392109500805153,10.621309715512615,2.4221685453569513,2.2879763821792807,12.97638217928073,0.8521202361782072,0.6508319914117016,1.5163714439076759,0.966183574879227,,,,,
139,1.5767579173376274,17.45169082125604,17.881105743424584,16.25738056897477,14.371980676328503,10.581052066559312,2.408749329039184,2.4557165861513686,12.97638217928073,0.8521202361782072,0.6642512077294686,1.556629092860977,0.966183574879227,,,,,
140,1.596886741814278,17.438271604938272,17.881105743424584,16.223832528180353,14.351851851851851,10.540794417606012,2.4355877616747184,2.4892646269457863,12.97638217928073,0.8521202361782072,0.6642512077294686,1.583467525496511,0.966183574879227,,,,,
141,1.6304347826086956,17.364465915190554,17.834138486312398,16.13660762211487,14.278046162104133,10.587761674718196,2.4691358024691357,2.6502952227589907,12.95625335480408,0.8789586688137413,0.6642512077294686,1.583467525496511,0.966183574879227,,,,,
142,1.6371443907675791,17.364465915190554,17.814009661835748,16.049382716049383,14.17740203972088,10.554213633923778,2.475845410628019,2.8784219001610305,12.929414922168545,0.8923778851315083,0.6843800322061192,1.556629092860977,0.9863123993558777,,,,,
143,1.6438539989264627,17.270531400966185,17.773752012882447,16.049382716049383,13.996242619431026,10.527375201288244,2.61003757380569,3.0394524959742353,12.754965110037574,0.9796027911969941,0.6843800322061192,1.6170155662909287,1.0534084809447128,,,,,
144,1.6774020397208802,17.2638217928073,17.72007514761138,16.049382716049383,13.694310252281268,10.527375201288244,2.6033279656468062,3.3548040794417604,12.741545893719806,1.0131508319914118,0.6843800322061192,1.6170155662909287,1.0534084809447128,,,,,
145,1.6639828234031133,17.250402576489535,17.673107890499196,17.887815351583466,13.050187869028449,9.822866344605474,2.5563607085346214,3.2206119162640903,12.506709608158884,0.95276435856146,0.7313472893183038,1.6170155662909287,1.06682769726248,,,,,
146,1.6639828234031133,15.982286634460548,17.028985507246375,17.008856682769725,16.1231884057971,9.73564143853999,2.5563607085346214,3.012614063338701,12.439613526570048,0.9863123993558777,0.7313472893183038,1.6706924315619969,1.0601180891035964,,,,,
147,1.6774020397208802,15.92860976918948,17.062533548040793,16.941760601180892,16.10305958132045,9.728931830381105,2.5831991411701556,3.066290928609769,12.392646269457863,1.0064412238325282,0.7447665056360708,1.6706924315619969,1.0869565217391304,0.0067096081588835215,,,,
148,1.6639828234031133,15.881642512077295,16.982018250134193,16.874664519592056,16.0829307568438,9.71551261406334,2.6435856146001075,3.2474503488996245,12.379227053140097,1.0064412238325282,0.7313472893183038,1.6975308641975309,1.0869565217391304,0.0067096081588835215,,,,
149,1.6774020397208802,15.874932903918411,17.002147074610843,16.874664519592056,15.975577026301664,9.73564143853999,2.7106816961889426,3.2474503488996245,12.359098228663447,1.0198604401502953,0.7179280730005367,1.6975308641975309,1.1003757380568975,0.0067096081588835215,,,,
150,1.3687600644122384,15.660225442834138,17.538915727321523,16.472088030059044,16.867954911433173,9.66183574879227,2.844873859366613,3.2742887815351582,11.98336017176597,0.9728931830381106,0.6843800322061192,1.6371443907675791,1.0265700483091786,0.0067096081588835215,,,,
151,1.4090177133655395,15.519323671497585,17.47181964573269,16.472088030059044,16.505636070853463,9.648416532474503,2.844873859366613,3.7640901771336552,11.996779388083736,0.9728931830381106,0.7179280730005367,1.6438539989264627,1.0265700483091786,0.0067096081588835215,,,,
152,1.4224369296833066,15.479066022544284,17.45169082125604,16.431830381105744,16.478797638217927,9.601449275362318,2.9589371980676327,3.8043478260869565,11.976650563607086,0.9997316156736447,0.7179280730005367,1.6438539989264627,1.0265700483091786,0.0067096081588835215,,,,
153,1.42914653784219,15.445517981749866,17.458400429414922,16.25738056897477,16.344605475040257,9.601449275362318,2.932098765432099,4.126409017713366,12.010198604401502,0.9997316156736447,0.7179280730005367,1.6438539989264627,1.0265700483091786,0.0067096081588835215,,,,
154,1.482823403113258,15.405260332796564,17.49194847020934,16.150026838432634,16.304347826086957,9.601449275362318,2.9052603327965647,4.233762748255502,11.842458400429415,1.1540526033279657,0.7179280730005367,1.6572732152442298,1.0466988727858293,0.0067096081588835215,,,,
155,1.482823403113258,15.28448738593666,17.47181964573269,15.98899624261943,15.49248523886205,9.634997316156737,2.932098765432099,4.2203435319377345,12.902576489533011,1.107085346215781,0.7313472893183038,1.6975308641975309,1.0466988727858293,0.0067096081588835215,,,,
156,1.482823403113258,15.029522275899087,17.223564143854,15.183843263553408,16.988727858293075,9.131776704240472,3.193773483628556,4.133118625872249,13.077026301663983,1.107085346215781,0.7313472893183038,1.6639828234031133,1.0466988727858293,0.0067096081588835215,,,,
157,1.5297906602254427,15.022812667740205,17.236983360171767,15.009393451422437,16.941760601180892,9.111647879763822,3.2139023081052067,4.30756843800322,13.077026301663983,1.093666129898014,0.7313472893183038,1.6841116478797638,1.0332796564680622,0.0067096081588835215,,,,
158,1.5230810520665594,14.97584541062802,17.250402576489535,15.009393451422437,16.23054213633924,10.02415458937198,3.1535158346752548,4.49543746645196,12.915995705850777,0.9863123993558777,0.7313472893183038,1.6639828234031133,1.0332796564680622,0.0067096081588835215,,,,
159,1.5230810520665594,14.861782071927,17.04911433172303,14.935587761674718,16.14331723027375,10.017444981213098,3.2877079978529253,4.51556629092861,13.077026301663983,1.1137949543746646,0.7179280730005367,1.6908212560386473,1.0601180891035964,0.0067096081588835215,,,,
160,1.583467525496511,14.834943639291465,16.6532474503489,14.895330112721417,16.11647879763822,10.165056360708535,3.3145464304884595,4.49543746645196,13.358829844337091,1.1741814278046163,0.6776704240472357,1.6639828234031133,1.0601180891035964,0.0067096081588835215,,,,
161,1.5297906602254427,14.63365539452496,17.3040794417606,14.875201288244767,16.0829307568438,10.165056360708535,3.240740740740741,4.455179817498658,13.144122383252817,1.1741814278046163,0.6642512077294686,1.6639828234031133,1.0601180891035964,0.0067096081588835215,,,,
162,1.5163714439076759,14.63365539452496,17.062533548040793,14.875201288244767,17.002147074610843,10.165056360708535,3.1736446591519054,4.394793344068707,12.640901771336553,1.1473429951690821,0.644122383252818,1.6572732152442298,1.0802469135802468,0.0067096081588835215,,,,
163,1.5633387010198605,14.63365539452496,17.008856682769725,14.848362855609233,16.908212560386474,10.131508319914117,3.1736446591519054,4.361245303274289,12.72812667740204,1.1943102522812667,0.6508319914117016,1.710950080515298,1.0802469135802468,0.0067096081588835215,,,,
164,1.5633387010198605,14.626945786366075,16.982018250134193,14.821524422973699,16.881374127750938,10.151637144390767,3.180354267310789,4.40150295222759,12.68786902844874,1.1943102522812667,0.6508319914117016,1.7444981213097155,1.107085346215781,0.0067096081588835215,,,,
165,1.5767579173376274,14.593397745571659,16.99543746645196,14.80810520665593,16.881374127750938,10.104669887278583,3.180354267310789,4.40150295222759,12.694578636607622,1.221148684916801,0.6709608158883521,1.7579173376274826,1.107085346215781,0.0067096081588835215,,,,
166,1.596886741814278,14.412238325281804,17.23027375201288,14.774557165861514,16.867954911433173,10.017444981213098,3.180354267310789,4.42163177670424,12.661030595813205,1.2546967257112185,0.6709608158883521,1.7713365539452497,1.133923778851315,0.0067096081588835215,,,,
167,1.6103059581320451,14.351851851851851,17.2638217928073,14.774557165861514,16.774020397208805,9.977187332259795,3.294417606011809,4.502147074610843,12.627482555018787,1.1808910359634996,0.6977992485238862,1.7914653784219001,1.1473429951690821,0.0067096081588835215,,,,
168,1.6237251744498122,14.325013419216317,17.216854535695116,14.774557165861514,16.760601180891037,10.017444981213098,3.307836822329576,4.53569511540526,12.614063338701019,1.1808910359634996,0.6977992485238862,1.7914653784219001,1.1473429951690821,0.0067096081588835215,,,,
169,1.6572732152442298,14.318303811057435,17.2638217928073,14.734299516908212,16.76731078904992,9.98389694041868,3.280998389694042,4.522275899087493,12.640901771336553,1.1808910359634996,0.6709608158883521,1.8250134192163177,1.1473429951690821,0.0067096081588835215,,,,
170,1.6774020397208802,14.090177133655395,17.364465915190554,14.51959205582394,17.652979066022546,9.896672034353195,3.2474503488996245,4.0995705850778315,12.526838432635534,1.1741814278046163,0.6977992485238862,1.8988191089640365,1.1473429951690821,0.0067096081588835215,,,,
171,1.6706924315619969,14.090177133655395,17.364465915190554,14.51959205582394,17.60601180891036,9.883252818035427,3.2474503488996245,4.0995705850778315,12.493290391841116,1.221148684916801,0.6977992485238862,1.9524959742351047,1.1473429951690821,0.0067096081588835215,,,,
172,1.7042404723564144,14.016371443907676,17.19001610305958,14.49946323134729,18.156199677938808,9.856414385399892,3.3548040794417604,4.146537842190016,12.057165861513688,1.1540526033279657,0.7380568974771873,1.9994632313472893,1.1205045625335481,0.0067096081588835215,,,,
173,1.724369296833065,13.976113794954374,17.371175523349436,14.465915190552872,17.834138486312398,9.856414385399892,3.3480944712828773,4.367954911433173,12.02361782071927,1.1540526033279657,0.7380568974771873,1.9927536231884058,1.1406333870101986,0.0067096081588835215,,,,
