,45,50,55,51,52,53,57,54,56,58,60,59,61
0,96.34997316156736,3.6500268384326353,,,,,,,,,,,
1,95.58507783145464,4.280730005367687,0.13419216317767044,,,,,,,,,,
2,91.7337627482555,8.031400966183575,0.1610305958132045,0.07380568974771873,,,,,,,,,
3,91.45866881374128,8.3064949006978,0.1610305958132045,0.07380568974771873,,,,,,,,,
4,91.35802469135803,8.407139023081053,0.1610305958132045,0.07380568974771873,,,,,,,,,
5,91.15673644659152,8.608427267847558,0.1610305958132045,0.07380568974771873,,,,,,,,,
6,90.53274288781535,9.232420826623725,0.1610305958132045,0.07380568974771873,,,,,,,,,
7,90.29119699409554,9.473966720343531,0.1610305958132045,0.07380568974771873,,,,,,,,,
8,90.04965110037574,9.71551261406334,0.1610305958132045,0.07380568974771873,,,,,,,,,
9,88.3185721953838,11.446591519055287,0.1610305958132045,0.07380568974771873,,,,,,,,,
10,88.02334943639292,11.741814278046162,0.1610305958132045,0.07380568974771873,,,,,,,,,
11,86.01717659688674,13.747987117552334,0.1610305958132045,0.07380568974771873,,,,,,,,,
12,81.9243156199678,17.807300053676865,0.1610305958132045,0.10735373054213634,,,,,,,,,
13,81.41438539989265,18.451422436929683,0.026838432635534086,0.10735373054213634,,,,,,,,,
14,81.38083735909822,18.4849704777241,0.026838432635534086,0.10735373054213634,,,,,,,,,
15,68.62587224906065,26.167471819645733,0.14090177133655393,0.10735373054213634,4.341116478797638,0.5837359098228664,0.03354804079441761,,,,,,
16,65.07648953301127,29.126409017713364,0.14090177133655393,0.7179280730005367,4.320987654320987,0.5837359098228664,0.03354804079441761,,,,,,
17,64.92216854535695,29.180085882984432,0.2616747181964573,0.7179280730005367,4.300858829844337,0.5837359098228664,0.03354804079441761,,,,,,
18,64.55984970477724,29.11969940955448,0.2616747181964573,0.9997316156736447,4.441760601180891,0.5837359098228664,0.03354804079441761,,,,,,
19,64.15727321524423,29.24718196457327,0.5099302200751477,0.9997316156736447,4.441760601180891,0.5837359098228664,0.03354804079441761,0.026838432635534086,,,,,
20,64.11701556629093,28.032742887815353,0.5099302200751477,2.2208803005904456,4.4753086419753085,0.5837359098228664,0.03354804079441761,0.026838432635534086,,,,,
21,60.59447128287708,31.642512077294686,0.5636070853462157,2.0799785292538915,4.4753086419753085,0.5837359098228664,0.03354804079441761,0.026838432635534086,,,,,
22,60.41331186258722,31.796833064949006,0.5904455179817498,2.0799785292538915,4.4753086419753085,0.5837359098228664,0.03354804079441761,0.026838432635534086,,,,,
23,59.46054750402576,32.50805152979066,0.6977992485238862,2.0397208803005906,4.461889425657541,0.6374127750939346,0.03354804079441761,0.1610305958132045,,,,,
24,58.11862587224906,31.57541599570585,0.785024154589372,4.186795491143317,4.461889425657541,0.6374127750939346,0.03354804079441761,0.1610305958132045,0.040257648953301126,,,,
25,57.9777241009125,30.88432635534085,0.8655394524959742,4.03918411164788,4.106280193236715,0.6374127750939346,0.10064412238325282,1.2010198604401503,0.1878690284487386,,,,
26,57.709339774557165,30.938003220611915,0.966183574879227,4.186795491143317,4.106280193236715,0.6374127750939346,0.10064412238325282,1.1674718196457328,0.1878690284487386,,,,
27,57.23966720343532,31.353998926462694,0.9997316156736447,4.206924315619967,4.106280193236715,0.6374127750939346,0.10064412238325282,1.1674718196457328,0.1878690284487386,,,,
28,57.326892109500804,31.387546967257112,0.9997316156736447,4.17337627482555,3.978797638217928,0.5501878690284487,0.10064412238325282,1.2546967257112185,0.2281266774020397,,,,
29,49.93961352657005,38.92914653784219,0.9997316156736447,4.0995705850778315,3.8311862587224907,0.5434782608695652,0.10064412238325282,1.1808910359634996,0.3757380568974772,,,,
30,50.053676865271065,38.59366612989801,1.247987117552335,4.066022544283414,3.824476650563607,0.6776704240472357,0.10064412238325282,1.0601180891035964,0.3757380568974772,,,,
31,33.60842726784756,59.80273752012882,0.8923778851315083,1.6304347826086956,1.9860440150295222,0.6776704240472357,0.013419216317767043,1.0601180891035964,0.32877079978529256,,,,
32,30.60252281266774,55.02549651100376,0.7783145464304885,4.62962962962963,1.9860440150295222,5.448201825013419,0.013419216317767043,1.1876006441223832,0.32877079978529256,,,,
33,30.73671497584541,54.59608158883521,1.0802469135802468,4.62962962962963,1.9860440150295222,5.441492216854535,0.013419216317767043,1.1876006441223832,0.32877079978529256,,,,
34,28.710413311862588,56.655931293612454,1.328502415458937,4.62962962962963,1.9793344068706387,5.0858829844337095,0.013419216317767043,1.1876006441223832,0.32877079978529256,0.08051529790660225,,,
35,28.764090177133657,56.40096618357488,1.4559849704777241,4.62962962962963,1.9793344068706387,5.0858829844337095,0.013419216317767043,1.1876006441223832,0.32877079978529256,0.15432098765432098,,,
36,28.83118625872249,55.92458400429415,1.9457863660762211,4.49543746645196,2.033011272141707,5.0858829844337095,0.013419216317767043,1.1876006441223832,0.32877079978529256,0.15432098765432098,,,
37,28.30112721417069,54.87788513150832,1.7914653784219001,4.49543746645196,3.7640901771336552,5.0858829844337095,0.013419216317767043,1.1876006441223832,0.32877079978529256,0.15432098765432098,,,
38,26.737788513150832,56.30703166935051,1.9592055823939882,4.49543746645196,3.743961352657005,5.0858829844337095,0.013419216317767043,1.1741814278046163,0.32877079978529256,0.15432098765432098,,,
39,26.912238325281802,56.052066559312934,2.0933977455716586,4.4820182501341925,3.717122920021471,5.072463768115942,0.013419216317767043,1.1741814278046163,0.32877079978529256,0.15432098765432098,,,
40,27.026301663982824,54.70343531937735,3.3480944712828773,4.488727858293076,3.7037037037037037,5.059044551798175,0.013419216317767043,1.1741814278046163,0.32877079978529256,0.15432098765432098,,,
41,25.811862587224905,55.40794417606012,3.797638217928073,4.64975845410628,3.5426731078904994,5.0858829844337095,0.013419216317767043,1.2077294685990339,0.32877079978529256,0.15432098765432098,,,
42,25.731347289318304,54.79736983360172,4.05931293612453,4.575952764358561,4.05931293612453,5.052334943639291,0.04696725711218465,1.2077294685990339,0.3153515834675255,0.15432098765432098,,,
43,25.89237788513151,54.38137412775094,4.260601180891036,4.502147074610843,4.05931293612453,4.931561996779388,0.08722490606548577,1.2345679012345678,0.38915727321524424,0.2616747181964573,,,
44,25.89908749329039,54.08615136876006,4.448470209339774,4.441760601180891,4.05931293612453,4.830917874396135,0.08722490606548577,1.442565754159957,0.38915727321524424,0.3153515834675255,,,
45,25.905797101449274,53.95195920558239,4.428341384863124,4.233762748255502,4.394793344068707,4.817498658078368,0.08722490606548577,1.4761137949543746,0.38915727321524424,0.3153515834675255,,,
46,25.865539452495973,53.31454643048846,4.361245303274289,4.1129898013955986,4.616210413311863,4.703435319377348,0.2214170692431562,2.100107353730542,0.38915727321524424,0.3153515834675255,,,
47,25.6105743424584,52.99919484702093,4.294149221685454,4.005636070853462,5.360976918947934,4.703435319377348,0.2214170692431562,2.073268921095008,0.41599570585077833,0.3153515834675255,,,
48,25.47638217928073,52.844873859366615,4.549114331723027,4.045893719806763,5.22007514761138,4.703435319377348,0.2214170692431562,2.2074610842726785,0.41599570585077833,0.3153515834675255,,,
49,24.228395061728396,53.91170155662909,4.609500805152979,4.045893719806763,5.199946323134729,4.656468062265164,0.2214170692431562,2.368491680085883,0.41599570585077833,0.3421900161030596,,,
50,24.355877616747183,53.777509393451425,4.757112184648417,4.045893719806763,5.152979066022544,4.656468062265164,0.24825550187869028,2.24771873322598,0.41599570585077833,0.3421900161030596,,,
51,24.288781535158346,53.5829307568438,4.944981213097155,4.025764895330113,5.280461621041331,4.656468062265164,0.24825550187869028,2.214170692431562,0.41599570585077833,0.3421900161030596,,,
52,23.752012882447666,53.918411164787976,5.4549114331723025,3.9720880300590444,5.025496511003757,4.74369296833065,0.24825550187869028,2.214170692431562,0.32877079978529256,0.3421900161030596,,,
53,23.66478797638218,51.851851851851855,4.891304347826087,4.904723564143854,6.984702093397746,2.871712292002147,0.18115942028985507,4.2203435319377345,0.32877079978529256,0.10064412238325282,,,
54,23.711755233494365,51.039989264626946,5.381105743424584,4.898013955984971,6.998121309715513,4.1532474503489,0.18115942028985507,3.2004830917874396,0.33548040794417605,0.10064412238325282,,,
55,23.691626409017715,50.63070316693505,5.615942028985507,5.488459473966721,6.602254428341385,4.1532474503489,0.18115942028985507,3.2004830917874396,0.33548040794417605,0.10064412238325282,,,
56,23.825818572195384,50.06038647342995,5.998389694041868,5.542136339237788,6.5552871712292005,4.052603327965647,0.16774020397208803,3.2340311325818574,0.46296296296296297,0.10064412238325282,,,
57,23.832528180354267,49.69135802469136,6.213097155126141,5.475040257648954,6.736446591519055,3.750670960815888,0.46296296296296297,3.2742887815351582,0.46296296296296297,0.10064412238325282,,,
58,23.778851315083198,48.22866344605475,7.37385936661299,5.441492216854535,6.629092860976919,4.294149221685454,0.46296296296296297,3.0931293612453032,0.5971551261406334,0.10064412238325282,,,
59,23.517176596886742,48.62453032742888,7.326892109500805,5.387815351583468,6.608964036500268,4.3545356951154055,0.46296296296296297,3.046162104133119,0.5703166935050993,0.10064412238325282,,,
60,23.450080515297905,47.36983360171766,7.615405260332796,5.387815351583468,7.628824476650563,4.159957058507783,0.4092860976918948,3.3011272141706924,0.5434782608695652,0.0939345142243693,0.040257648953301126,,
61,23.315888352120236,45.26301663982824,9.695383789586689,5.387815351583468,7.7831454643048845,4.2203435319377345,0.4428341384863124,3.2206119162640903,0.5367686527106817,0.0939345142243693,0.040257648953301126,,
62,23.49033816425121,45.1154052603328,9.769189479334408,5.340848094471283,7.7831454643048845,4.180085882984434,0.4428341384863124,3.1535158346752548,0.5636070853462157,0.0939345142243693,0.06709608158883522,,
63,23.557434245840042,44.93424584004294,9.75577026301664,5.340848094471283,7.776435856146001,4.180085882984434,0.48980139559849706,3.240740740740741,0.5636070853462157,0.0939345142243693,0.06709608158883522,,
64,22.779119699409556,44.36392914653784,10.218733225979603,6.561996779388084,7.347020933977456,4.30756843800322,0.5233494363929146,3.1736446591519054,0.5636070853462157,0.0939345142243693,0.06709608158883522,,
65,22.81266774020397,44.12909286097692,10.205314009661835,6.582125603864735,6.769994632313473,4.388083735909823,0.6172839506172839,3.8311862587224907,0.4294149221685454,0.16774020397208803,0.06709608158883522,,
66,22.987117552334944,43.833870101986044,10.077831454643048,6.582125603864735,6.769994632313473,4.388083735909823,0.5703166935050993,4.126409017713366,0.4294149221685454,0.16774020397208803,0.06709608158883522,,
67,23.05421363392378,43.51851851851852,9.936929683306495,6.5485775630703165,6.769994632313473,4.388083735909823,0.6575415995705851,4.468599033816425,0.4227053140096618,0.16774020397208803,0.06709608158883522,,
68,23.19511540526033,43.37761674718197,9.930220075147611,6.521739130434782,6.696188942565755,4.388083735909823,0.7581857219538379,4.408212560386473,0.4227053140096618,0.23483628556092323,0.06709608158883522,,
69,23.396403650026837,43.27697262479871,9.91009125067096,6.461352657004831,6.696188942565755,4.374664519592056,0.7581857219538379,4.40150295222759,0.4227053140096618,0.23483628556092323,0.06709608158883522,,
70,23.49033816425121,42.92807300053677,9.916800858829845,6.447933440687064,6.6827697262479875,4.361245303274289,0.7313472893183038,4.7168545356951155,0.4227053140096618,0.23483628556092323,0.06709608158883522,,
71,23.336017176596886,42.72007514761138,10.030864197530864,6.447933440687064,6.870638754696726,4.361245303274289,0.8319914117015567,4.676596886741814,0.4227053140096618,0.23483628556092323,0.06709608158883522,,
72,23.21524422973698,41.4922168545357,9.98389694041868,6.427804616210413,6.823671497584541,4.052603327965647,0.7783145464304885,6.427804616210413,0.4562533548040794,0.27509393451422437,0.06709608158883522,,
73,22.73886205045625,41.86795491143317,9.77589908749329,6.347289318303811,7.454374664519592,4.03918411164788,0.7716049382716049,6.206387546967257,0.4562533548040794,0.27509393451422437,0.06709608158883522,,
74,22.893183038110575,41.720343531937736,9.708803005904455,6.340579710144928,7.454374664519592,4.119699409554482,0.7716049382716049,6.1929683306494905,0.4562533548040794,0.27509393451422437,0.06709608158883522,,
75,23.101180891035963,41.58615136876006,9.73564143853999,6.119162640901771,7.427536231884058,4.206924315619967,0.7716049382716049,6.253354804079442,0.4562533548040794,0.27509393451422437,0.06709608158883522,,
76,23.362855609232422,41.0426731078905,10.00402576489533,6.099033816425121,7.890499194847021,4.166666666666667,0.6977992485238862,5.938003220611916,0.4562533548040794,0.27509393451422437,0.06709608158883522,,
77,23.21524422973698,40.60654857756307,9.789318303811058,5.931293612453032,7.7898550724637685,5.314009661835748,0.7514761137949544,5.844068706387547,0.41599570585077833,0.27509393451422437,0.06709608158883522,,
78,23.07434245840043,40.425389157273216,9.728931830381105,5.911164787976382,7.930756843800322,5.421363392377885,0.7514761137949544,5.998389694041868,0.41599570585077833,0.27509393451422437,0.06709608158883522,,
79,22.886473429951693,39.130434782608695,10.84272678475577,5.884326355340848,7.997852925389157,5.407944176060118,0.7514761137949544,6.340579710144928,0.41599570585077833,0.27509393451422437,0.06709608158883522,,
80,22.41009125067096,37.64090177133655,10.93666129898014,8.225979602791197,7.863660762211487,5.367686527106817,0.7514761137949544,6.045356951154052,0.41599570585077833,0.27509393451422437,0.06709608158883522,,
81,22.36983360171766,37.473161567364464,10.990338164251208,8.13875469672571,7.7831454643048845,5.367686527106817,0.8252818035426731,6.159420289855072,0.5233494363929146,0.27509393451422437,0.0939345142243693,,
82,22.309447128287708,37.23832528180354,10.943370907139023,8.13875469672571,7.481213097155126,5.797101449275362,0.7716049382716049,6.394256575415996,0.5233494363929146,0.30864197530864196,0.0939345142243693,,
83,21.504294149221685,39.65378421900161,11.131239935587761,6.152710681696189,7.306763285024155,5.595813204508857,0.7716049382716049,6.957863660762212,0.5233494363929146,0.30864197530864196,0.0939345142243693,,
84,21.651905528717123,39.36527106816962,11.386205045625335,6.105743424584004,7.1725711218464845,5.736714975845411,0.8051529790660226,6.991411701556629,0.39586688137412773,0.2952227589908749,0.0939345142243693,,
85,21.66532474503489,38.08373590982286,10.695115405260333,8.07836822329576,5.897745571658615,5.71658615136876,0.6172839506172839,8.460815888352121,0.39586688137412773,0.2952227589908749,0.0939345142243693,,
86,21.631776704240472,37.67444981213097,10.95679012345679,8.272946859903382,5.911164787976382,5.676328502415459,0.5837359098228664,8.353462157809984,0.5501878690284487,0.2952227589908749,0.0939345142243693,,
87,21.571390230810522,37.61406333870102,10.762211486849168,8.272946859903382,6.031937734836285,5.8239398819108965,0.5837359098228664,8.319914117015566,0.6575415995705851,0.2683843263553409,0.0939345142243693,,
88,21.866612989801396,37.453032742887814,10.923242082662373,7.856951154052603,6.078904991948471,5.964841653247451,0.6843800322061192,8.199141170155663,0.6575415995705851,0.2214170692431562,0.0939345142243693,,
89,22.074610842726784,37.25845410628019,10.809178743961352,7.856951154052603,6.045356951154052,5.9514224369296835,0.6843800322061192,8.3467525496511,0.6575415995705851,0.2214170692431562,0.0939345142243693,,
90,22.20209339774557,36.93639291465379,10.809178743961352,7.816693505099302,6.078904991948471,6.011808910359635,0.6843800322061192,8.400429414922169,0.8722490606548577,0.0939345142243693,0.0939345142243693,,
91,21.672034353193773,34.72893183038111,11.681427804616211,7.877079978529254,7.5348899624261945,6.5552871712292005,0.6843800322061192,8.199141170155663,0.8856682769726248,0.08722490606548577,0.0939345142243693,,
92,21.68545356951154,34.68196457326892,11.681427804616211,7.749597423510467,7.434245840042942,6.602254428341385,0.6843800322061192,8.185721953837897,1.1137949543746646,0.08722490606548577,0.0939345142243693,,
93,21.578099838969404,34.52093397745572,11.60762211486849,8.957326892109501,7.4208266237251745,5.864197530864198,0.6843800322061192,8.038110574342458,1.1473429951690821,0.08722490606548577,0.0939345142243693,,
94,21.511003757380568,34.44041867954911,11.634460547504025,8.957326892109501,7.50805152979066,5.864197530864198,0.6843800322061192,8.011272141706923,1.2077294685990339,0.08722490606548577,0.0939345142243693,,
95,21.638486312399355,34.14519592055824,11.560654857756306,8.856682769726248,7.628824476650563,5.850778314546431,0.7179280730005367,8.145464304884594,1.2345679012345678,0.08722490606548577,0.0939345142243693,0.040257648953301126,
96,21.66532474503489,33.80971551261406,11.81561996779388,9.05126140633387,7.541599570585078,5.743424584004294,0.7514761137949544,8.071658615136876,1.2949543746645196,0.08722490606548577,0.1274825550187869,0.040257648953301126,
97,21.470746108427267,33.3870101986044,9.675254965110037,8.695652173913043,7.286634460547504,9.426999463231347,0.7246376811594203,7.856951154052603,1.2546967257112185,0.08722490606548577,0.0939345142243693,0.040257648953301126,
98,21.557971014492754,33.360171765968865,9.708803005904455,8.695652173913043,7.219538378958669,9.400161030595813,0.7246376811594203,7.856951154052603,1.2546967257112185,0.08722490606548577,0.0939345142243693,0.040257648953301126,
99,21.43719806763285,32.51476113794954,9.581320450885668,8.668813741277509,7.085346215780999,11.654589371980677,0.8319914117015567,6.796833064949007,1.133923778851315,0.12077294685990338,0.0939345142243693,0.08051529790660225,
100,21.43719806763285,32.23295759527644,9.608158883521202,8.776167471819646,6.998121309715513,11.513687600644122,0.8319914117015567,6.91760601180891,1.133923778851315,0.3757380568974772,0.0939345142243693,0.08051529790660225,
101,21.309715512614062,30.54213633923779,11.406333870101985,8.76274825550188,6.957863660762212,11.41304347826087,0.8319914117015567,7.078636607622115,1.1205045625335481,0.4025764895330113,0.0939345142243693,0.08051529790660225,
102,21.3768115942029,30.360976918947934,11.533816425120772,8.756038647342995,6.615673644659152,11.372785829307569,0.8990874932903918,7.253086419753086,1.2546967257112185,0.4025764895330113,0.0939345142243693,0.08051529790660225,
103,21.370101986044016,30.159688674181428,11.808910359634996,8.57487922705314,6.629092860976919,11.480139559849706,0.8051529790660226,7.340311325818572,1.2546967257112185,0.4025764895330113,0.0939345142243693,0.08051529790660225,
104,21.524422973698336,29.864465915190554,11.627750939345143,8.32662372517445,6.407675791733762,11.057434245840042,1.0466988727858293,8.521202361782072,1.0399892646269457,0.3824476650563607,0.12077294685990338,0.08051529790660225,
105,21.584809447128286,29.770531400966185,11.741814278046162,8.266237251744498,6.266774020397209,10.990338164251208,1.0332796564680622,8.635265700483092,1.1272141706924315,0.3824476650563607,0.12077294685990338,0.08051529790660225,
106,21.651905528717123,29.414922168545356,11.735104669887278,8.145464304884594,7.092055823939882,10.38647342995169,1.0332796564680622,8.890230810520666,1.2010198604401503,0.24825550187869028,0.12077294685990338,0.08051529790660225,
107,16.841116478797638,52.683843263553406,7.555018786902845,3.9989264626945786,6.031937734836285,6.099033816425121,0.35560923242082665,5.401234567901234,0.7514761137949544,0.08051529790660225,0.12077294685990338,0.08051529790660225,
108,17.102791196994094,52.20746108427268,7.776435856146001,3.9989264626945786,6.025228126677402,6.0587761674718195,0.4562533548040794,5.360976918947934,0.7313472893183038,0.08051529790660225,0.12077294685990338,0.08051529790660225,
109,16.935050993022006,51.939076757917334,7.689210950080516,4.072732152442297,6.857219538378959,5.756843800322061,0.4562533548040794,5.360976918947934,0.6508319914117016,0.08051529790660225,0.12077294685990338,0.08051529790660225,
110,17.01556629092861,51.308373590982285,8.132045088566828,4.0995705850778315,6.78341384863124,5.844068706387547,0.5300590445517982,5.360976918947934,0.644122383252818,0.08051529790660225,0.12077294685990338,0.08051529790660225,
111,17.196725711218466,51.15405260332797,8.11862587224906,4.0995705850778315,6.863929146537842,5.750134192163178,0.5300590445517982,5.360976918947934,0.644122383252818,0.08051529790660225,0.12077294685990338,0.08051529790660225,
112,17.317498658078367,50.88566827697262,8.28636607622115,4.086151368760064,6.850509930220075,5.756843800322061,0.5300590445517982,5.4549114331723025,0.5501878690284487,0.08051529790660225,0.12077294685990338,0.08051529790660225,
113,17.53220611916264,50.436124530327426,8.433977455716587,4.05931293612453,6.843800322061192,5.844068706387547,0.5300590445517982,5.501878690284487,0.5501878690284487,0.06709608158883522,0.12077294685990338,0.08051529790660225,
114,17.693236714975846,49.67793880837359,9.078099838969404,4.05931293612453,6.843800322061192,5.810520665593129,0.5300590445517982,5.488459473966721,0.5501878690284487,0.06709608158883522,0.12077294685990338,0.08051529790660225,
115,17.92807300053677,49.4296833064949,8.957326892109501,4.05931293612453,6.823671497584541,5.810520665593129,0.5032206119162641,5.488459473966721,0.6575415995705851,0.06709608158883522,0.19457863660762212,0.08051529790660225,
116,17.941492216854535,48.92646269457864,9.265968867418144,4.300858829844337,6.743156199677939,5.803811057434245,0.5568974771873323,5.428073000536768,0.6910896403650026,0.06709608158883522,0.19457863660762212,0.08051529790660225,
117,18.115942028985508,48.53730542136339,9.534353193773484,4.300858829844337,6.696188942565755,5.756843800322061,0.5568974771873323,5.428073000536768,0.7313472893183038,0.06709608158883522,0.19457863660762212,0.08051529790660225,
118,18.035426731078903,48.44337090713902,9.66183574879227,4.253891572732153,6.769994632313473,5.776972624798712,0.5568974771873323,5.428073000536768,0.7313472893183038,0.06709608158883522,0.19457863660762212,0.08051529790660225,
119,18.149490069779926,48.27563070316693,9.722222222222221,4.17337627482555,6.769994632313473,5.770263016639828,0.5568974771873323,5.428073000536768,0.8252818035426731,0.06709608158883522,0.18115942028985507,0.08051529790660225,
120,17.310789049919485,50.026838432635536,9.601449275362318,3.938539989264627,6.5485775630703165,5.367686527106817,0.6508319914117016,5.508588298443371,0.7179280730005367,0.06709608158883522,0.18115942028985507,0.08051529790660225,
121,17.08937198067633,48.43666129898014,9.500805152979066,3.9318303811057436,6.461352657004831,5.199946323134729,0.6508319914117016,7.702630166398282,0.7179280730005367,0.06709608158883522,0.18115942028985507,0.06038647342995169,
122,17.337627482555018,48.04079441760601,9.722222222222221,3.92512077294686,6.421095008051529,5.199946323134729,0.6508319914117016,7.675791733762749,0.7179280730005367,0.06709608158883522,0.18115942028985507,0.06038647342995169,
123,17.317498658078367,47.58454106280193,9.997316156736447,3.7640901771336552,6.367418142780462,5.642780461621041,0.6508319914117016,7.568438003220612,0.798443370907139,0.06709608158883522,0.18115942028985507,0.06038647342995169,
124,17.612721417069242,47.416800858829845,9.950348899624261,3.7640901771336552,6.3070316693505095,5.642780461621041,0.6508319914117016,7.440955448201825,0.798443370907139,0.06709608158883522,0.18115942028985507,0.16774020397208803,
125,17.28395061728395,45.63204508856683,10.72866344605475,3.7640901771336552,6.213097155126141,7.071926999463232,0.6508319914117016,7.440955448201825,0.798443370907139,0.06709608158883522,0.18115942028985507,0.16774020397208803,
126,17.250402576489535,45.289855072463766,10.809178743961352,4.28743961352657,6.105743424584004,6.977992485238862,0.6508319914117016,7.440955448201825,0.798443370907139,0.06709608158883522,0.15432098765432098,0.16774020397208803,
127,17.351046698872786,44.887278582930755,10.943370907139023,4.28743961352657,6.052066559312936,7.14573268921095,0.644122383252818,7.555018786902845,0.798443370907139,0.020128824476650563,0.14761137949543746,0.16774020397208803,
128,17.24369296833065,44.44444444444444,11.332528180354267,3.44873859366613,7.575147611379496,6.863929146537842,0.644122383252818,7.4006977992485234,0.7112184648416533,0.020128824476650563,0.14761137949543746,0.16774020397208803,
129,17.297369833601717,44.115673644659154,11.520397208803006,3.4151905528717124,7.326892109500805,6.89747718733226,0.6239935587761675,7.6623725174449815,0.8051529790660226,0.020128824476650563,0.14761137949543746,0.16774020397208803,
130,17.176596886741816,43.14949006977992,11.399624261943103,3.388352120236178,8.507783145464305,6.910896403650026,0.5434782608695652,7.769726247987117,0.8185721953837896,0.020128824476650563,0.14761137949543746,0.16774020397208803,
131,17.324208266237253,42.84755770263017,11.553945249597424,3.388352120236178,8.507783145464305,6.837090713902308,0.5434782608695652,7.816693505099302,0.8454106280193237,0.020128824476650563,0.14761137949543746,0.16774020397208803,
132,17.60601180891036,42.54562533548041,11.574074074074074,3.388352120236178,8.447396672034353,6.837090713902308,0.6038647342995169,7.816693505099302,0.8454106280193237,0.020128824476650563,0.14761137949543746,0.16774020397208803,
133,17.52549651100376,42.129629629629626,11.77536231884058,3.3480944712828773,8.507783145464305,8.460815888352121,0.5904455179817498,6.407675791733762,0.9259259259259259,0.020128824476650563,0.14761137949543746,0.1610305958132045,
134,17.773752012882447,41.928341384863124,11.889425657541599,3.374932903918411,8.507783145464305,8.393719806763285,0.5904455179817498,6.300322061191626,0.9125067096081588,0.020128824476650563,0.14761137949543746,0.1610305958132045,
135,17.820719269994633,41.706924315619965,11.728395061728396,3.374932903918411,8.789586688137414,8.225979602791197,0.5568974771873323,6.293612453032743,1.0466988727858293,0.020128824476650563,0.27509393451422437,0.1610305958132045,
136,17.69994632313473,40.284487385936664,11.996779388083736,4.441760601180891,8.68894256575416,8.185721953837897,0.5434782608695652,6.655931293612453,1.0466988727858293,0.020128824476650563,0.27509393451422437,0.1610305958132045,
137,17.793880837359097,39.94900697799248,12.144390767579173,4.5960815888352125,8.662104133118627,8.179012345679013,0.5434782608695652,6.629092860976919,1.0466988727858293,0.020128824476650563,0.27509393451422437,0.1610305958132045,
138,17.901234567901234,39.741009125067094,12.198067632850242,4.582662372517445,8.561460010735374,8.11862587224906,0.5434782608695652,6.823671497584541,1.0735373054213635,0.020128824476650563,0.27509393451422437,0.1610305958132045,
139,18.055555555555557,39.512882447665056,12.13768115942029,4.609500805152979,8.735909822866345,8.111916264090176,0.5434782608695652,6.723027375201288,1.0735373054213635,0.020128824476650563,0.27509393451422437,0.20128824476650564,
140,18.109232420826622,39.31159420289855,12.110842726784755,5.374396135265701,8.715780998389693,7.521470746108427,0.5636070853462157,6.723027375201288,1.0735373054213635,0.020128824476650563,0.27509393451422437,0.20128824476650564,
141,18.115942028985508,39.00295222758991,12.097423510466989,5.542136339237788,8.648684916800859,7.575147611379496,0.5971551261406334,6.723027375201288,1.2412775093934514,0.020128824476650563,0.27509393451422437,0.1610305958132045,
142,18.06897477187332,36.218464841653244,14.982555018786902,5.542136339237788,8.608427267847558,7.575147611379496,0.5971551261406334,6.709608158883521,1.2412775093934514,0.020128824476650563,0.27509393451422437,0.1610305958132045,
143,15.83467525496511,45.75281803542673,14.700751476113794,2.200751476113795,5.964841653247451,7.206119162640902,0.5971551261406334,6.005099302200751,1.288244766505636,0.013419216317767043,0.27509393451422437,0.1610305958132045,
144,15.94873859366613,45.531400966183575,14.626945786366075,2.200751476113795,5.964841653247451,7.206119162640902,0.5971551261406334,5.703166935050993,1.288244766505636,0.013419216317767043,0.27509393451422437,0.644122383252818,
145,16.15673644659152,45.108695652173914,14.774557165861514,2.200751476113795,5.971551261406334,7.14573268921095,0.5971551261406334,5.662909286097692,1.3217928073000538,0.013419216317767043,0.4092860976918948,0.6374127750939346,
146,16.049382716049383,44.51154052603328,15.197262479871176,2.771068169618894,5.971551261406334,7.1658615136876005,0.5971551261406334,5.662909286097692,1.0399892646269457,0.013419216317767043,0.4092860976918948,0.6105743424584005,
147,16.13660762211487,44.457863660762214,15.123456790123457,2.771068169618894,5.971551261406334,7.192699946323135,0.5971551261406334,5.83064949006978,0.9393451422436929,0.013419216317767043,0.4092860976918948,0.5568974771873323,
148,15.72061191626409,42.981749865807835,16.794149221685455,3.0931293612453032,5.991680085882985,7.152442297369833,0.6239935587761675,5.723295759527644,0.9393451422436929,0.013419216317767043,0.4092860976918948,0.5568974771873323,
149,15.895061728395062,42.73349436392915,16.841116478797638,3.079710144927536,5.958132045088567,7.0450885668276975,0.5837359098228664,5.9514224369296835,0.9326355340848095,0.013419216317767043,0.4092860976918948,0.5568974771873323,
150,15.311325818572195,42.223564143854,16.74718196457327,4.824208266237251,5.360976918947934,7.03166935050993,0.7179280730005367,5.884326355340848,0.9192163177670424,0.013419216317767043,0.4092860976918948,0.5568974771873323,
151,15.250939345142244,42.310789049919485,16.854535695115406,4.8376274825550185,5.22007514761138,6.964573268921095,0.7179280730005367,5.783682232957595,1.1540526033279657,0.04696725711218465,0.4092860976918948,0.4495437466451959,
152,15.593129361245303,40.123456790123456,18.438003220611915,4.804079441760601,5.179817498658078,6.964573268921095,0.7648953301127214,6.099033816425121,1.1272141706924315,0.04696725711218465,0.4092860976918948,0.4495437466451959,
153,15.344873859366613,39.50617283950617,18.61916264090177,5.314009661835748,5.193236714975845,6.944444444444445,0.8588298443370908,6.112453032742888,1.2345679012345678,0.013419216317767043,0.4092860976918948,0.4495437466451959,
154,15.445517981749866,39.12372517444981,18.572195383789587,5.307300053676865,5.186527106816962,7.27992485238862,0.8588298443370908,6.119162640901771,1.2345679012345678,0.013419216317767043,0.4092860976918948,0.4495437466451959,
155,15.640096618357488,38.747987117552334,18.632581857219538,5.199946323134729,5.173107890499195,7.454374664519592,0.8319914117015567,6.213097155126141,1.2345679012345678,0.013419216317767043,0.4092860976918948,0.4495437466451959,
156,15.438808373590982,37.7012882447665,17.404723564143854,5.173107890499195,4.884594739667204,7.447665056360709,0.6910896403650026,9.091519055287172,1.2546967257112185,0.06709608158883522,0.4092860976918948,0.43612453032742887,
157,15.593129361245303,37.526838432635536,17.371175523349436,5.0858829844337095,4.871175523349437,7.39398819108964,0.6910896403650026,9.29951690821256,1.247987117552335,0.06709608158883522,0.4092860976918948,0.41599570585077833,0.026838432635534086
158,15.653515834675256,37.043746645195924,17.579173376274827,5.0858829844337095,4.8443370907139025,7.467793880837359,0.6910896403650026,9.460547504025765,1.2815351583467525,0.06709608158883522,0.4092860976918948,0.41599570585077833,
159,15.445517981749866,37.11755233494364,17.09608158883521,5.870907139023081,4.951690821256038,7.14573268921095,0.6910896403650026,9.386741814278047,1.2412775093934514,0.2147074610842727,0.4227053140096618,0.41599570585077833,
160,15.28448738593666,35.81588835212023,15.754159957058508,5.911164787976382,4.951690821256038,7.085346215780999,0.9259259259259259,12.010198604401502,1.2345679012345678,0.2147074610842727,0.39586688137412773,0.41599570585077833,
161,15.633387010198604,34.594739667203434,16.80756843800322,5.870907139023081,4.938271604938271,7.0383789586688135,0.8722490606548577,11.949812130971551,1.2681159420289856,0.2147074610842727,0.39586688137412773,0.41599570585077833,
162,15.526033279656469,33.80971551261406,16.935050993022006,6.213097155126141,5.314009661835748,7.1658615136876005,0.8521202361782072,11.889425657541599,1.2681159420289856,0.2147074610842727,0.39586688137412773,0.41599570585077833,
163,15.807836822329575,33.19243156199678,16.814278046162105,6.166129898013956,6.085614600107354,6.991411701556629,0.8521202361782072,11.79549114331723,1.2681159420289856,0.2147074610842727,0.39586688137412773,0.41599570585077833,
164,15.96886741814278,32.75630703166935,16.955179817498657,6.166129898013956,6.0587761674718195,7.132313472893183,0.8521202361782072,11.788781535158346,1.2949543746645196,0.2147074610842727,0.39586688137412773,0.41599570585077833,
165,16.13660762211487,32.407407407407405,16.908212560386474,6.132581857219538,6.0587761674718195,7.058507783145465,0.8521202361782072,12.097423510466989,1.3553408480944713,0.2147074610842727,0.39586688137412773,0.3824476650563607,
166,16.25738056897477,32.35373054213634,16.814278046162105,6.025228126677402,6.0587761674718195,7.14573268921095,0.8521202361782072,12.144390767579173,1.3553408480944713,0.2147074610842727,0.39586688137412773,0.3824476650563607,
167,16.485507246376812,32.03166935050993,16.97530864197531,5.998389694041868,6.045356951154052,7.118894256575416,0.8521202361782072,12.144390767579173,1.3553408480944713,0.2147074610842727,0.39586688137412773,0.3824476650563607,
168,16.512345679012345,31.810252281266774,16.968599033816425,5.797101449275362,6.105743424584004,7.48792270531401,0.8454106280193237,12.124261943102523,1.3553408480944713,0.2147074610842727,0.39586688137412773,0.3824476650563607,
169,16.505636070853463,31.622383252818036,16.955179817498657,5.790391841116479,6.0587761674718195,7.447665056360709,0.8454106280193237,12.318840579710145,1.4626945786366077,0.2147074610842727,0.39586688137412773,0.3824476650563607,
170,16.532474503488995,31.052066559312937,16.800858829844337,5.790391841116479,6.011808910359635,7.675791733762749,0.8454106280193237,12.030327428878154,2.4154589371980677,0.2147074610842727,0.39586688137412773,0.23483628556092323,
171,16.33118625872249,29.656468062265162,18.04884594739667,5.803811057434245,6.005099302200751,7.427536231884058,0.8454106280193237,12.385936661298981,2.6502952227589907,0.2147074610842727,0.39586688137412773,0.23483628556092323,
172,16.0829307568438,28.415190552871714,19.26328502415459,5.978260869565218,6.910896403650026,7.14573268921095,0.7648953301127214,11.916264090177133,2.5831991411701556,0.1610305958132045,0.39586688137412773,0.35560923242082665,0.026838432635534086
173,16.472088030059044,28.16022544283414,19.236446591519055,6.072195383789587,6.8035426731078905,7.14573268921095,0.7648953301127214,11.83574879227053,2.5697799248523885,0.1610305958132045,0.39586688137412773,0.35560923242082665,0.026838432635534086
174,16.57944176060118,27.992485238862052,19.07541599570585,6.072195383789587,6.8035426731078905,7.14573268921095,0.7648953301127214,11.902844873859367,2.5697799248523885,0.28180354267310787,0.39586688137412773,0.38915727321524424,0.026838432635534086
175,16.646537842190018,27.911969940955448,19.04186795491143,6.199677938808374,6.830381105743425,7.078636607622115,0.7514761137949544,11.916264090177133,2.563070316693505,0.24825550187869028,0.39586688137412773,0.38915727321524424,0.026838432635534086
176,16.74718196457327,27.80461621041331,19.00161030595813,6.146001073537305,6.830381105743425,7.118894256575416,0.7917337627482555,11.949812130971551,2.563070316693505,0.24825550187869028,0.3824476650563607,0.38915727321524424,0.026838432635534086
177,16.914922168545356,27.569779924852387,18.793612453032743,6.112453032742888,6.8035426731078905,7.427536231884058,0.7917337627482555,11.996779388083736,2.563070316693505,0.23483628556092323,0.3757380568974772,0.38915727321524424,0.026838432635534086
178,16.982018250134193,27.522812667740205,18.739935587761675,6.233225979602791,6.763285024154589,7.333601717659689,0.7648953301127214,11.990069779924852,2.6435856146001075,0.23483628556092323,0.3757380568974772,0.38915727321524424,0.026838432635534086
179,16.921631776704242,27.24771873322598,19.03515834675255,6.233225979602791,6.743156199677939,9.017713365539452,0.5300590445517982,10.63472893183038,2.61003757380569,0.23483628556092323,0.3757380568974772,0.38915727321524424,0.026838432635534086
180,17.183306494900698,27.126945786366075,18.874127750939344,6.219806763285024,6.743156199677939,8.84326355340848,0.5300590445517982,10.61460010735373,2.61003757380569,0.46296296296296297,0.3757380568974772,0.38915727321524424,0.026838432635534086
181,17.612721417069242,26.838432635534083,18.679549114331724,6.139291465378422,6.884057971014493,8.849973161567364,0.5300590445517982,10.695115405260333,2.61003757380569,0.36902844873859364,0.3757380568974772,0.38915727321524424,0.026838432635534086
182,17.995169082125603,26.455984970477726,18.71309715512614,6.139291465378422,6.796833064949007,8.749329039184111,0.5300590445517982,10.748792270531402,2.5966183574879227,0.4562533548040794,0.3757380568974772,0.41599570585077833,0.026838432635534086
183,17.8743961352657,25.623993558776167,19.706119162640903,6.085614600107354,6.6760601180891035,8.84326355340848,0.6709608158883521,10.681696188942565,2.5966183574879227,0.32877079978529256,0.46967257112184646,0.41599570585077833,0.026838432635534086
184,14.673913043478262,22.544283413848632,16.78743961352657,5.790391841116479,23.483628556092324,5.508588298443371,0.5703166935050993,7.937466451959206,1.5432098765432098,0.43612453032742887,0.46967257112184646,0.2281266774020397,0.026838432635534086
185,14.566559312936125,22.765700483091788,16.867954911433173,5.709876543209877,23.14814814814815,5.515297906602254,0.6843800322061192,7.924047235641439,1.5163714439076759,0.5770263016639828,0.46967257112184646,0.2281266774020397,0.026838432635534086
186,14.687332259796028,22.67176596886742,16.888083735909824,5.595813204508857,22.785829307568438,5.4616210413311865,0.9057971014492754,8.011272141706923,1.6170155662909287,0.6508319914117016,0.46967257112184646,0.2281266774020397,0.026838432635534086
187,14.620236178207193,21.672034353193773,16.794149221685455,5.8239398819108965,23.49704777241009,5.475040257648954,1.0399892646269457,7.957595276435856,1.7444981213097155,0.6508319914117016,0.46967257112184646,0.2281266774020397,0.026838432635534086
188,14.680622651637144,21.531132581857218,16.774020397208805,5.656199677938808,23.70504562533548,5.5756843800322065,1.093666129898014,7.830112721417069,1.7444981213097155,0.6508319914117016,0.46967257112184646,0.2616747181964573,0.026838432635534086
189,14.875201288244767,21.464036500268385,16.686795491143318,5.548845947396672,23.577563070316693,5.475040257648954,1.221148684916801,7.9039184111647875,1.8719806763285025,0.6508319914117016,0.46967257112184646,0.2281266774020397,0.026838432635534086
190,14.97584541062802,21.390230810520666,16.59957058507783,5.515297906602254,23.64465915190553,5.4549114331723025,1.2077294685990339,7.9039184111647875,1.932367149758454,0.6508319914117016,0.46967257112184646,0.2281266774020397,0.026838432635534086
191,15.116747181964573,21.135265700483092,16.59286097691895,5.495169082125604,23.523886205045624,5.421363392377885,1.261406333870102,8.064949006977992,2.01959205582394,0.644122383252818,0.46967257112184646,0.2281266774020397,0.026838432635534086
192,15.324745034889963,21.041331186258724,16.53918411164788,5.488459473966721,23.15485775630703,5.4616210413311865,1.5633387010198605,7.9039184111647875,2.01959205582394,0.7783145464304885,0.46967257112184646,0.2281266774020397,0.026838432635534086
