,45,50,54,51,55,52,53,56,57,58
0,92.223564143854,7.776435856146001,,,,,,,,
1,75.43612453032743,23.792270531400966,0.7716049382716049,,,,,,,
2,65.4320987654321,32.87707997852925,0.7716049382716049,0.6910896403650026,0.2281266774020397,,,,,
3,59.74235104669887,34.58803005904455,1.2815351583467525,4.159957058507783,0.2281266774020397,,,,,
4,52.31481481481482,42.0222758990875,1.2815351583467525,4.1532474503489,0.2281266774020397,,,,,
5,47.53086419753087,35.768921095008054,0.7716049382716049,15.92860976918948,,,,,,
6,43.16961889425657,30.97826086956522,0.7716049382716049,24.986580783682232,0.0939345142243693,,,,,
7,42.72678475577026,30.595813204508858,0.7716049382716049,18.699677938808374,0.0939345142243693,7.112184648416532,,,,
8,41.52576489533011,30.367686527106816,0.7716049382716049,20.001341921631777,0.24154589371980675,7.092055823939882,,,,
9,40.58641975308642,28.44873859366613,1.2815351583467525,19.981213097155127,0.24154589371980675,9.460547504025765,,,,
10,37.5,25.087224906065487,1.2077294685990339,20.397208803005906,0.3153515834675255,15.49248523886205,,,,
11,25.241545893719806,40.94202898550725,0.6910896403650026,17.787171229200215,0.3153515834675255,15.022812667740205,,,,
12,19.16935050993022,46.08829844337091,0.6910896403650026,28.401771336553946,0.4428341384863124,5.2066559312936125,,,,
13,19.202898550724637,43.35077831454643,0.5770263016639828,31.38083735909823,0.2952227589908749,5.193236714975845,,,,
14,19.49141170155663,42.76704240472356,0.5770263016639828,31.260064412238325,0.8521202361782072,5.052334943639291,,,,
15,19.766505636070853,42.579173376274824,0.5770263016639828,31.17283950617284,0.8521202361782072,5.052334943639291,,,,
16,13.030059044551798,49.04723564143854,0.5770263016639828,29.394793344068706,3.421900161030596,4.528985507246377,,,,
17,9.977187332259795,39.38539989264627,2.475845410628019,39.36527106816962,3.294417606011809,4.676596886741814,0.8252818035426731,,,
18,9.514224369296834,33.353462157809986,2.2611379495437465,42.62614063338701,3.475577026301664,7.96430488459474,0.8051529790660226,,,
19,9.66183574879227,33.21256038647343,1.1876006441223832,39.029790660225444,3.475577026301664,7.950885668276973,5.173107890499195,0.30864197530864196,,
20,9.198872785829307,27.636876006441224,4.119699409554482,44.42431561996779,3.475577026301664,5.709876543209877,5.12614063338701,0.30864197530864196,,
21,9.185453569511541,27.63016639828234,4.119699409554482,40.47906602254428,7.50805152979066,5.676328502415459,5.092592592592593,0.30864197530864196,,
22,9.440418679549115,27.482555018786904,4.119699409554482,40.4320987654321,7.353730542136339,5.656199677938808,5.092592592592593,0.4227053140096618,,
23,9.849704777241008,27.388620504562535,4.119699409554482,40.82796564680623,7.273215244229737,5.649490069779925,4.468599033816425,0.4227053140096618,,
24,4.851046698872786,27.415458937198068,3.629898013955985,47.765700483091784,6.78341384863124,5.642780461621041,3.388352120236178,0.5233494363929146,,
25,3.784219001610306,19.068706387546968,3.629898013955985,57.400697799248526,6.78341384863124,5.609232420826624,3.2340311325818574,0.48980139559849706,,
26,4.361245303274289,18.894256575415994,3.629898013955985,56.95115405260333,6.749865807836822,5.535426731078905,3.2340311325818574,0.644122383252818,,
27,4.622920021470746,18.646001073537306,3.629898013955985,56.736446591519055,6.729736983360172,5.488459473966721,3.374932903918411,0.7716049382716049,,
28,4.911433172302737,18.243424584004295,3.629898013955985,55.77026301663983,6.991411701556629,6.3070316693505095,3.374932903918411,0.7716049382716049,,
29,5.139559849704777,18.08239398819109,3.629898013955985,54.59608158883521,7.179280730005368,6.286902844873859,4.314278046162104,0.7716049382716049,,
30,5.280461621041331,17.49194847020934,3.629898013955985,54.5222758990875,7.118894256575416,5.904455179817498,5.280461621041331,0.7716049382716049,,
31,5.495169082125604,16.35131508319914,3.421900161030596,55.03220611916264,6.790123456790123,5.669618894256575,6.468062265163715,0.7716049382716049,,
32,5.065754159957058,10.970209339774557,3.421900161030596,51.288244766505635,6.790123456790123,9.39345142243693,12.298711755233494,0.7716049382716049,,
33,4.4753086419753085,10.970209339774557,2.7979066022544283,54.93827160493827,6.790123456790123,8.896940418679549,10.359634997316157,0.7716049382716049,,
34,4.086151368760064,6.850509930220075,2.2208803005904456,62.446323134728935,5.656199677938808,8.849973161567364,9.333064949006978,0.5568974771873323,,
35,4.247181964573269,6.823671497584541,2.2208803005904456,62.34567901234568,5.642780461621041,8.849973161567364,9.312936124530328,0.5568974771873323,,
36,4.361245303274289,5.2066559312936125,2.2208803005904456,63.55340848094471,5.132850241545894,8.313204508856682,10.48040794417606,0.7313472893183038,,
37,4.656468062265164,5.10601180891036,2.059849704777241,60.245571658615134,5.24020397208803,8.246108427267847,13.754696725711218,0.6910896403650026,,
38,5.018786902844874,5.10601180891036,2.046430488459474,59.91009125067096,5.213365539452496,8.225979602791197,13.345410628019323,1.133923778851315,,
39,5.495169082125604,5.10601180891036,1.9793344068706387,59.574610842726784,5.139559849704777,8.225979602791197,13.345410628019323,1.133923778851315,,
40,5.495169082125604,5.10601180891036,1.9793344068706387,56.957863660762214,5.139559849704777,10.621309715512615,13.291733762748256,1.4090177133655395,,
41,5.770263016639828,5.0858829844337095,1.3955984970477724,54.6430488459474,4.64975845410628,10.581052066559312,16.478797638217927,1.3955984970477724,,
42,5.917874396135265,5.0858829844337095,1.3821792807300053,55.2536231884058,5.246913580246914,10.554213633923778,15.163714439076758,1.3955984970477724,,
43,5.857487922705314,4.1129898013955986,1.3821792807300053,58.89694041867955,4.736983360171766,10.554213633923778,12.654320987654321,1.8048845947396672,,
44,6.078904991948471,4.1129898013955986,1.3821792807300053,58.601717659688674,4.736983360171766,10.554213633923778,12.593934514224369,1.9390767579173376,,
45,5.938003220611916,3.603059581320451,1.3821792807300053,56.776704240472355,4.703435319377348,14.398819108964037,11.332528180354267,1.865271068169619,,
46,6.293612453032743,3.603059581320451,1.2345679012345678,54.58266237251745,4.676596886741814,16.51905528717123,11.285560923242082,1.8048845947396672,,
47,6.233225979602791,2.9388083735909825,1.2345679012345678,60.178475577026305,4.522275899087493,12.265163714439076,10.695115405260333,1.932367149758454,,
48,6.528448738593666,2.932098765432099,1.2345679012345678,59.82957595276436,4.502147074610843,12.211486849168008,10.641438539989265,2.120236178207193,,
49,6.582125603864735,2.932098765432099,2.3752012882447664,58.74932903918411,4.294149221685454,12.13768115942029,10.809178743961352,2.120236178207193,,
50,6.749865807836822,2.932098765432099,2.341653247450349,58.61513687600644,4.294149221685454,12.13768115942029,10.809178743961352,2.120236178207193,,
51,7.098765432098766,2.9253891572732154,2.341653247450349,58.3064949006978,4.28743961352657,12.050456253354804,10.775630703166936,2.214170692431562,,
52,7.367149758454106,2.9253891572732154,2.341653247450349,58.09849704777241,4.28743961352657,11.990069779924852,10.775630703166936,2.214170692431562,,
53,7.112184648416532,2.9119699409554483,2.341653247450349,60.299248523886206,4.139828234031133,13.687600644122384,7.763016639828234,1.7444981213097155,,
54,7.266505636070853,2.9119699409554483,2.341653247450349,60.14492753623188,4.139828234031133,13.674181427804616,7.729468599033816,1.7914653784219001,,
55,7.326892109500805,2.9119699409554483,2.3215244229736984,59.09822866344606,4.005636070853462,14.687332259796028,7.856951154052603,1.7914653784219001,,
56,5.320719269994632,7.816693505099302,2.3215244229736984,56.454643048845945,3.126677402039721,12.560386473429952,10.869565217391305,1.5297906602254427,,
57,5.287171229200215,6.702898550724638,2.3215244229736984,56.34728931830381,3.0730005367686526,13.868760064412239,10.869565217391305,1.5297906602254427,,
58,5.35426731078905,6.6827697262479875,3.0595813204508855,57.387278582930755,2.522812667740204,13.687600644122384,9.77589908749329,1.5297906602254427,,
59,5.381105743424584,6.320450885668277,3.0595813204508855,57.78314546430489,2.522812667740204,13.6406333870102,9.762479871175524,1.5297906602254427,,
60,5.683038110574342,6.320450885668277,3.0595813204508855,57.50134192163178,2.5161030595813205,13.6406333870102,9.749060654857756,1.5297906602254427,,
61,5.964841653247451,6.293612453032743,5.528717122920021,52.83145464304884,2.4490069779924855,15.693773483628556,9.708803005904455,1.5297906602254427,,
62,5.407944176060118,6.280193236714976,5.35426731078905,47.08803005904455,1.7042404723564144,24.93961352657005,7.897208803005904,1.328502415458937,,
63,5.5689747718733225,6.280193236714976,5.3274288781535155,49.020397208803004,1.7042404723564144,23.577563070316693,7.320182501341922,1.2010198604401503,,
64,5.481749865807837,6.213097155126141,5.213365539452496,46.75925925925926,2.4154589371980677,24.18142780461621,8.53462157809984,1.2010198604401503,,
65,5.3274288781535155,5.938003220611916,4.569243156199678,51.348631239935585,2.4154589371980677,22.19538378958669,7.024959742351046,1.1808910359634996,,
66,5.636070853462158,5.938003220611916,4.542404723564144,50.986312399355874,2.4154589371980677,22.134997316156735,7.011540526033279,1.3352120236178207,,
67,5.441492216854535,4.012345679012346,4.441760601180891,55.92458400429415,3.0730005367686526,17.223564143854,8.756038647342995,0.9997316156736447,0.1274825550187869,
68,5.448201825013419,4.012345679012346,4.186795491143317,54.09286097691895,3.0730005367686526,19.370638754696724,8.68894256575416,0.9997316156736447,0.1274825550187869,
69,5.803811057434245,4.005636070853462,4.166666666666667,53.87144390767579,3.0730005367686526,19.296833064949006,8.655394524959743,0.9997316156736447,0.1274825550187869,
70,5.911164787976382,2.147074610842727,4.166666666666667,59.33977455716586,3.0730005367686526,19.11567364465915,5.152979066022544,0.966183574879227,0.1274825550187869,
71,5.984970477724101,2.1403650026838434,4.1532474503489,59.312936124530324,3.0730005367686526,19.088835212023618,5.152979066022544,0.966183574879227,0.1274825550187869,
72,6.152710681696189,2.1269457863660763,4.139828234031133,56.93102522812668,3.193773483628556,18.297101449275363,8.064949006977992,0.966183574879227,0.1274825550187869,
73,5.24020397208803,1.8786902844873858,4.488727858293076,60.65485775630703,3.8714439076757916,15.921900161030596,6.763285024154589,1.0534084809447128,0.1274825550187869,
74,5.589103596349974,1.8719806763285025,4.461889425657541,60.48040794417606,3.8714439076757916,15.754159957058508,6.709608158883521,1.0265700483091786,0.23483628556092323,
75,5.515297906602254,1.8719806763285025,9.01100375738057,58.57487922705314,3.7640901771336552,13.251476113794954,6.615673644659152,1.0265700483091786,0.36902844873859364,
76,5.709876543209877,1.8719806763285025,8.984165324745035,56.957863660762214,3.1870638754696725,13.217928073000536,8.675523349436393,1.0265700483091786,0.36902844873859364,
77,5.0791733762748255,1.6639828234031133,6.655931293612453,65.60654857756307,1.8048845947396672,10.782340311325818,6.837090713902308,1.2010198604401503,0.36902844873859364,
78,5.199946323134729,1.6639828234031133,6.4345142243692965,63.459473966720346,1.8048845947396672,11.701556629092861,8.165593129361245,1.2010198604401503,0.36902844873859364,
79,5.528717122920021,1.6170155662909287,6.414385399892646,62.6610305958132,1.7646269457863661,11.701556629092861,8.13875469672571,1.8048845947396672,0.36902844873859364,
80,5.052334943639291,1.6170155662909287,7.347020933977456,61.83574879227053,1.7646269457863661,13.264895330112722,7.199409554482019,1.5499194847020934,0.36902844873859364,
81,5.367686527106817,1.583467525496511,8.152173913043478,58.111916264090176,1.7646269457863661,13.20450885668277,8.333333333333334,3.113258185721954,0.36902844873859364,
82,5.488459473966721,1.5365002683843263,8.152173913043478,57.35373054213634,2.475845410628019,13.20450885668277,8.3064949006978,3.113258185721954,0.36902844873859364,
83,5.615942028985507,1.5365002683843263,8.091787439613526,55.56897477187332,2.6167471819645733,14.935587761674718,8.279656468062266,2.985775630703167,0.36902844873859364,
84,5.877616747181965,1.5365002683843263,8.21256038647343,55.43478260869565,2.4557165861513686,14.935587761674718,8.252818035426731,2.9253891572732154,0.36902844873859364,
85,6.146001073537305,1.5365002683843263,8.487654320987655,54.90472356414385,2.5697799248523885,14.814814814814815,8.252818035426731,2.918679549114332,0.36902844873859364,
86,6.179549114331723,1.5365002683843263,8.420558239398819,54.730273752012884,2.563070316693505,15.022812667740205,8.205850778314547,2.9052603327965647,0.43612453032742887,
87,6.5485775630703165,1.5230810520665594,8.387010198604402,54.589371980676326,2.536231884057971,14.9020397208803,8.179012345679013,2.898550724637681,0.43612453032742887,
88,6.843800322061192,1.5230810520665594,7.333601717659689,53.29441760601181,2.49597423510467,17.23027375201288,8.152173913043478,2.5831991411701556,0.5434782608695652,
89,6.743156199677939,0.9125067096081588,7.253086419753086,51.690821256038646,2.4825550187869028,19.85373054213634,7.601986044015029,2.576489533011272,0.5434782608695652,0.3421900161030596
90,6.763285024154589,0.9125067096081588,7.14573268921095,50.905797101449274,2.4825550187869028,17.398013955984972,11.077563070316694,2.536231884057971,0.43612453032742887,0.3421900161030596
91,6.870638754696726,0.9125067096081588,7.078636607622115,49.604133118625874,2.4825550187869028,17.07595276435856,11.802200751476114,3.3950617283950617,0.43612453032742887,0.3421900161030596
92,7.14573268921095,0.9125067096081588,7.051798174986581,49.483360171765966,2.475845410628019,17.022275899087493,11.735104669887278,3.3950617283950617,0.43612453032742887,0.3421900161030596
93,6.964573268921095,0.9125067096081588,4.978529253891573,47.25577026301664,1.6035963499731616,24.60413311862587,10.0979602791197,2.804616210413312,0.43612453032742887,0.3421900161030596
94,7.407407407407407,0.9125067096081588,4.951690821256038,46.92699946323135,1.6035963499731616,24.60413311862587,10.071121846484166,2.7844873859366612,0.43612453032742887,0.30193236714975846
95,7.722758990874933,0.8923778851315083,4.951690821256038,46.35668276972625,1.596886741814278,24.590713902308106,10.02415458937198,3.126677402039721,0.43612453032742887,0.30193236714975846
96,7.568438003220612,0.8923778851315083,8.259527643585615,43.605743424584006,1.583467525496511,24.20155662909286,10.02415458937198,3.126677402039721,0.43612453032742887,0.30193236714975846
97,7.823403113258186,0.8923778851315083,8.246108427267847,43.49168008588298,1.5767579173376274,24.12104133118626,10.010735373054214,3.099838969404187,0.43612453032742887,0.30193236714975846
98,8.091787439613526,0.8118625872249061,7.581857219538379,45.511272141706925,1.556629092860977,23.047504025764894,9.406870638754697,3.2541599570585076,0.43612453032742887,0.30193236714975846
99,8.360171765968868,0.785024154589372,7.548309178743962,44.96108427267848,1.556629092860977,22.920021470746107,9.333064949006978,3.797638217928073,0.43612453032742887,0.30193236714975846
100,8.225979602791197,0.785024154589372,10.25228126677402,42.58588298443371,1.6841116478797638,22.839506172839506,9.198872785829307,3.6902844873859366,0.43612453032742887,0.30193236714975846
101,8.427267847557703,0.785024154589372,10.19189479334407,42.49194847020934,1.6841116478797638,22.79253891572732,9.198872785829307,3.6902844873859366,0.43612453032742887,0.30193236714975846
102,8.085077831454644,0.785024154589372,9.621578099838969,46.403650026838434,0.9997316156736447,22.32957595276436,8.279656468062266,2.757648953301127,0.43612453032742887,0.30193236714975846
103,8.3064949006978,0.785024154589372,9.621578099838969,46.22920021470746,0.9997316156736447,22.208803005904453,8.279656468062266,2.831454643048846,0.43612453032742887,0.30193236714975846
104,8.521202361782072,0.785024154589372,9.588030059044552,46.04804079441761,0.9997316156736447,22.208803005904453,8.279656468062266,2.831454643048846,0.43612453032742887,0.30193236714975846
105,7.48792270531401,0.785024154589372,7.796564680622652,50.925925925925924,0.9863123993558777,21.960547504025765,6.863929146537842,2.4557165861513686,0.43612453032742887,0.30193236714975846
106,7.695920558239399,0.785024154589372,7.796564680622652,50.80515297906602,0.9863123993558777,22.34970477724101,6.387546967257112,2.4557165861513686,0.43612453032742887,0.30193236714975846
107,7.575147611379496,0.785024154589372,9.796027911969942,49.69806763285024,0.9863123993558777,22.269189479334408,6.246645195920558,2.0128824476650564,0.32877079978529256,0.30193236714975846
108,7.836822329575953,0.785024154589372,9.77589908749329,49.261943102522814,0.9863123993558777,22.249060654857757,6.1929683306494905,2.281266774020397,0.32877079978529256,0.30193236714975846
109,8.11862587224906,0.785024154589372,9.77589908749329,49.094202898550726,0.9863123993558777,22.15512614063339,6.172839506172839,2.281266774020397,0.32877079978529256,0.30193236714975846
110,8.185721953837897,0.785024154589372,9.588030059044552,48.90633387010199,0.9863123993558777,21.75925925925926,6.877348362855609,2.281266774020397,0.32877079978529256,0.30193236714975846
111,8.467525496511003,0.785024154589372,9.514224369296834,48.82581857219538,0.9863123993558777,21.69887278582931,6.810252281266774,2.281266774020397,0.32877079978529256,0.30193236714975846
112,8.776167471819646,0.785024154589372,9.420289855072463,48.691626409017715,0.9863123993558777,21.64519592055824,6.78341384863124,2.281266774020397,0.32877079978529256,0.30193236714975846
113,9.017713365539452,0.785024154589372,9.420289855072463,48.54401502952228,0.9863123993558777,21.571390230810522,6.776704240472356,2.281266774020397,0.32877079978529256,0.2885131508319914
114,8.507783145464305,0.785024154589372,9.339774557165862,50.88566827697262,0.9863123993558777,21.24261943102523,5.542136339237788,2.0933977455716586,0.32877079978529256,0.2885131508319914
115,8.997584541062801,0.785024154589372,9.339774557165862,50.5300590445518,0.9863123993558777,21.135265700483092,5.542136339237788,2.0665593129361244,0.32877079978529256,0.2885131508319914
116,8.997584541062801,0.785024154589372,8.59500805152979,48.329307568438004,0.9863123993558777,24.698067632850243,4.830917874396135,2.1604938271604937,0.32877079978529256,0.2885131508319914
117,9.078099838969404,0.785024154589372,8.78287707997853,48.027375201288244,0.966183574879227,24.57729468599034,4.830917874396135,2.3349436392914655,0.32877079978529256,0.2885131508319914
118,7.924047235641439,0.7716049382716049,6.461352657004831,41.2842190016103,0.966183574879227,35.950080515297905,4.2270531400966185,1.8048845947396672,0.322061191626409,0.2885131508319914
119,8.017981749865807,0.7716049382716049,4.1532474503489,45.4777241009125,0.966183574879227,35.00402576489533,3.3279656468062266,1.8048845947396672,0.1878690284487386,0.2885131508319914
120,8.353462157809984,0.7716049382716049,4.1532474503489,45.289855072463766,0.966183574879227,34.856414385399894,3.3279656468062266,1.8048845947396672,0.1878690284487386,0.2885131508319914
121,8.239398819108963,0.7716049382716049,3.0193236714975846,47.034353193773484,0.8454106280193237,34.18545356951154,3.629898013955985,1.7981749865807837,0.1878690284487386,0.2885131508319914
122,8.655394524959743,0.7380568974771873,3.0193236714975846,46.70558239398819,0.8185721953837896,34.15861513687601,3.629898013955985,1.7981749865807837,0.1878690284487386,0.2885131508319914
123,8.004562533548041,0.35560923242082665,2.932098765432099,51.24127750939345,0.7045088566827697,31.28690284487386,3.5426731078904994,1.4559849704777241,0.1878690284487386,0.2885131508319914
124,8.165593129361245,0.35560923242082665,2.932098765432099,51.12050456253355,0.7045088566827697,31.273483628556093,3.515834675254965,1.4559849704777241,0.1878690284487386,0.2885131508319914
125,7.5348899624261945,0.3421900161030596,2.8784219001610305,55.22007514761138,0.7045088566827697,28.368223295759528,3.140096618357488,1.4559849704777241,0.06709608158883522,0.2885131508319914
126,7.930756843800322,0.3421900161030596,2.8784219001610305,54.528985507246375,1.4559849704777241,27.911969940955448,3.140096618357488,1.4559849704777241,0.06709608158883522,0.2885131508319914
127,8.380300590445518,0.3421900161030596,2.8784219001610305,54.21363392377885,1.4559849704777241,27.596618357487923,3.126677402039721,1.6505636070853462,0.06709608158883522,0.2885131508319914
128,8.601717659688674,0.3421900161030596,2.8784219001610305,54.32769726247987,1.4492753623188406,27.4422973698336,3.126677402039721,1.4761137949543746,0.06709608158883522,0.2885131508319914
129,8.970746108427267,0.3421900161030596,2.8784219001610305,53.958668813741276,1.4492753623188406,27.34836285560923,3.126677402039721,1.570048309178744,0.06709608158883522,0.2885131508319914
130,9.339774557165862,0.3421900161030596,2.8381642512077296,53.717122920021474,1.4492753623188406,27.26113794954375,3.126677402039721,1.570048309178744,0.06709608158883522,0.2885131508319914
131,9.433709071390231,0.3421900161030596,2.8381642512077296,52.87842190016103,1.4224369296833066,27.093397745571657,4.005636070853462,1.6304347826086956,0.06709608158883522,0.2885131508319914
132,9.473966720343531,0.3421900161030596,3.844605475040258,50.81857219538379,1.4224369296833066,27.046430488459475,5.092592592592593,1.6035963499731616,0.06709608158883522,0.2885131508319914
133,9.178743961352657,0.3421900161030596,3.8311862587224907,53.26757917337628,1.4224369296833066,25.207997852925388,4.898013955984971,1.4962426194310252,0.06709608158883522,0.2885131508319914
134,9.594739667203436,0.3421900161030596,3.8311862587224907,52.281266774020395,1.328502415458937,24.973161567364468,5.656199677938808,1.4895330112721417,0.2147074610842727,0.2885131508319914
135,9.91009125067096,0.3421900161030596,3.8311862587224907,51.992753623188406,1.328502415458937,24.89935587761675,5.58239398819109,1.6103059581320451,0.2147074610842727,0.2885131508319914
136,10.171765968867419,0.3421900161030596,3.8311862587224907,51.77133655394525,1.328502415458937,24.859098228663445,5.58239398819109,1.6103059581320451,0.2147074610842727,0.2885131508319914
137,9.4873859366613,0.3421900161030596,2.6637144390767578,57.43424584004294,0.644122383252818,21.812936124530328,5.515297906602254,1.596886741814278,0.2147074610842727,0.2885131508319914
138,8.28636607622115,0.30864197530864196,2.6301663982823404,59.326355340848096,0.10064412238325282,20.9272678475577,6.494900697799249,1.570048309178744,0.06709608158883522,0.2885131508319914
139,8.3064949006978,0.30864197530864196,2.7241009125067097,58.05823939881911,0.10064412238325282,22.638217928073,5.83064949006978,1.6774020397208802,0.06709608158883522,0.2885131508319914
140,8.57487922705314,0.30864197530864196,2.7241009125067097,57.991143317230275,0.10064412238325282,22.457058507783145,5.730005367686527,1.6774020397208802,0.15432098765432098,0.28180354267310787
141,9.219001610305957,0.30864197530864196,2.7106816961889426,57.35373054213634,0.10064412238325282,22.38996242619431,5.709876543209877,1.7713365539452497,0.15432098765432098,0.28180354267310787
142,9.594739667203436,0.30864197530864196,2.7106816961889426,57.05179817498658,0.10064412238325282,22.31615673644659,5.709876543209877,1.7713365539452497,0.15432098765432098,0.28180354267310787
143,9.46725711218465,0.30864197530864196,3.6231884057971016,54.89801395598497,0.06038647342995169,23.752012882447666,5.709876543209877,1.7444981213097155,0.15432098765432098,0.28180354267310787
144,9.460547504025765,0.30864197530864196,2.9589371980676327,56.977992485238865,0.06038647342995169,22.403381642512077,5.689747718733226,1.7042404723564144,0.15432098765432098,0.28180354267310787
145,9.728931830381105,0.30864197530864196,2.9589371980676327,56.716317767042405,0.06038647342995169,22.302737520128826,5.662909286097692,1.8250134192163177,0.15432098765432098,0.28180354267310787
146,9.903381642512077,0.30864197530864196,2.9589371980676327,56.655931293612454,0.06038647342995169,21.91358024691358,5.662909286097692,1.8250134192163177,0.4294149221685454,0.28180354267310787
147,10.218733225979603,0.30864197530864196,2.9589371980676327,56.407675791733766,0.06038647342995169,21.906870638754697,5.615942028985507,1.8115942028985508,0.4294149221685454,0.28180354267310787
148,9.265968867418144,0.30193236714975846,2.9253891572732154,48.94659151905529,0.06038647342995169,30.56897477187332,5.542136339237788,1.6774020397208802,0.4294149221685454,0.28180354267310787
149,9.31964573268921,0.30193236714975846,2.61003757380569,48.611111111111114,0.06038647342995169,29.663177670424048,6.025228126677402,2.6972624798711755,0.4294149221685454,0.28180354267310787
150,8.756038647342995,0.30193236714975846,2.61003757380569,43.76677402039721,0.06038647342995169,29.51556629092861,11.60762211486849,2.6704240472356413,0.4294149221685454,0.28180354267310787
151,8.977455716586151,0.30193236714975846,2.49597423510467,43.47826086956522,0.06038647342995169,29.448470209339774,11.77536231884058,2.6704240472356413,0.4294149221685454,0.36231884057971014
152,9.312936124530328,0.30193236714975846,2.475845410628019,43.25684380032206,0.06038647342995169,29.448470209339774,11.681427804616211,2.6704240472356413,0.4294149221685454,0.36231884057971014
153,7.877079978529254,,2.214170692431562,54.3142780461621,,22.537573805689746,10.990338164251208,1.6438539989264627,0.36231884057971014,0.06038647342995169
154,7.991143317230274,,2.214170692431562,53.76409017713365,,21.014492753623188,12.801932367149758,1.7914653784219001,0.36231884057971014,0.06038647342995169
155,8.3064949006978,,3.7104133118625873,53.37493290391841,,19.652442297369834,12.741545893719806,1.7914653784219001,0.36231884057971014,0.06038647342995169
156,8.011272141706923,,3.683574879227053,50.44283413848631,,25.11406333870102,10.534084809447128,1.7914653784219001,0.36231884057971014,0.06038647342995169
157,8.266237251744498,,3.656736446591519,50.28180354267311,,25.0805152979066,10.50053676865271,1.7914653784219001,0.36231884057971014,0.06038647342995169
158,8.192431561996779,,3.6097691894793345,49.14787976382179,,26.643853998926463,10.258990874932904,1.724369296833065,0.36231884057971014,0.06038647342995169
159,8.3467525496511,,3.6097691894793345,48.993558776167475,,26.596886741814277,10.19189479334407,1.724369296833065,0.47638217928073,0.06038647342995169
160,7.474503488996243,,3.589640365002684,50.77160493827161,,25.0402576489533,10.165056360708535,2.4221685453569513,0.47638217928073,0.06038647342995169
161,7.682501341921632,,3.589640365002684,46.725711218464845,,25.02012882447665,10.158346752549651,6.286902844873859,0.47638217928073,0.06038647342995169
162,8.085077831454644,,3.589640365002684,46.27616747181965,0.1274825550187869,24.90606548577563,10.0979602791197,6.380837359098229,0.47638217928073,0.06038647342995169
163,8.225979602791197,,3.589640365002684,46.08829844337091,0.1274825550187869,24.90606548577563,10.084541062801932,6.4412238325281805,0.47638217928073,0.06038647342995169
164,8.55475040257649,,3.556092324208266,45.8870101986044,0.1274825550187869,24.818840579710145,10.077831454643048,6.4412238325281805,0.47638217928073,0.06038647342995169
165,8.36688137412775,,3.5292538915727323,51.489533011272144,0.1274825550187869,20.02818035426731,10.057702630166398,5.864197530864198,0.47638217928073,0.06038647342995169
166,8.360171765968868,,3.5292538915727323,50.64412238325282,0.1274825550187869,19.176060118089104,11.761943102522812,5.864197530864198,0.47638217928073,0.06038647342995169
167,8.729200214707461,,3.5292538915727323,50.436124530327426,0.1274825550187869,19.142512077294686,11.708266237251744,5.790391841116479,0.47638217928073,0.06038647342995169
168,9.01100375738057,,3.5091250670960816,50.335480407944175,0.1274825550187869,19.068706387546968,11.647879763821793,5.763553408480945,0.47638217928073,0.06038647342995169
169,8.172302737520129,,3.026033279656468,44.59205582393988,0.23483628556092323,27.82474503488996,9.614868491680086,5.998389694041868,0.47638217928073,0.06038647342995169
170,8.199141170155663,,3.026033279656468,43.84728931830381,1.0466988727858293,29.716854535695116,7.769726247987117,5.857487922705314,0.47638217928073,0.06038647342995169
171,8.467525496511003,,3.026033279656468,43.71980676328502,1.0466988727858293,29.663177670424048,7.709339774557166,5.857487922705314,0.4495437466451959,0.06038647342995169
172,8.682232957595277,,3.026033279656468,43.69967793880837,1.0466988727858293,29.57595276435856,7.682501341921632,5.776972624798712,0.4495437466451959,0.06038647342995169
173,8.917069243156199,,3.026033279656468,43.585614600107355,1.0466988727858293,29.488727858293075,7.682501341921632,5.743424584004294,0.4495437466451959,0.06038647342995169
174,9.192163177670425,,2.985775630703167,45.94068706387547,1.0466988727858293,26.006441223832528,8.57487922705314,5.743424584004294,0.4495437466451959,0.06038647342995169
175,8.84326355340848,,2.985775630703167,43.505099302200755,1.0466988727858293,24.704777241009126,13.003220611916264,5.5756843800322065,0.33548040794417605,
176,8.970746108427267,,2.985775630703167,43.45813204508857,1.0466988727858293,24.691358024691358,12.989801395598498,5.522007514761138,0.33548040794417605,
177,9.098228663446054,,2.985775630703167,42.94820182501342,1.7579173376274826,24.67793880837359,12.889157273215245,5.307300053676865,0.33548040794417605,
178,9.440418679549115,,2.9790660225442833,42.70665593129361,1.7579173376274826,24.65780998389694,12.86231884057971,5.260332796564681,0.33548040794417605,
179,9.708803005904455,,2.965646806226516,42.58588298443371,1.7579173376274826,24.65780998389694,12.72812667740204,5.260332796564681,0.33548040794417605,
180,9.420289855072463,,2.9790660225442833,46.64519592055824,1.6304347826086956,24.537037037037038,12.52012882447665,1.932367149758454,0.33548040794417605,
181,9.50751476113795,,2.9790660225442833,44.357219538378956,1.6304347826086956,25.201288244766506,12.057165861513688,3.9318303811057436,0.33548040794417605,
182,9.91009125067096,,2.9790660225442833,44.0552871712292,1.6304347826086956,24.97987117552335,12.02361782071927,4.086151368760064,0.33548040794417605,
183,10.02415458937198,,2.9790660225442833,43.994900697799245,1.6304347826086956,24.93961352657005,12.010198604401502,4.086151368760064,0.33548040794417605,
184,10.285829307568438,,2.9790660225442833,43.86070853462158,1.6304347826086956,24.838969404186795,12.010198604401502,4.05931293612453,0.33548040794417605,
185,10.245571658615138,,2.918679549114332,42.371175523349436,1.6304347826086956,26.362050456253353,12.00348899624262,4.133118625872249,0.33548040794417605,
186,10.406602254428341,,2.918679549114332,42.28395061728395,1.6304347826086956,26.321792807300053,11.969940955448202,4.133118625872249,0.33548040794417605,
187,10.540794417606012,,2.918679549114332,42.190016103059584,1.6304347826086956,26.167471819645733,11.943102522812667,4.274020397208803,0.33548040794417605,
188,10.721953837895867,,2.918679549114332,41.706924315619965,1.6304347826086956,26.167471819645733,11.943102522812667,4.575952764358561,0.33548040794417605,
189,10.95679012345679,,2.9052603327965647,41.639828234031135,1.6304347826086956,26.073537305421365,11.882716049382717,4.575952764358561,0.33548040794417605,
190,11.352657004830919,,2.9052603327965647,40.935319377348364,1.6304347826086956,25.939345142243692,11.842458400429415,5.059044551798175,0.33548040794417605,
191,11.75523349436393,,2.9052603327965647,40.754159957058505,1.8317230273752012,25.503220611916262,11.77536231884058,5.112721417069243,0.36231884057971014,
192,11.956521739130435,,2.898550724637681,40.54616210413312,1.8048845947396672,25.449543746645197,11.768652710681696,5.213365539452496,0.36231884057971014,
193,12.27187332259796,,2.898550724637681,40.405260332796566,1.8048845947396672,25.348899624261943,11.741814278046162,5.186527106816962,0.3421900161030596,
194,12.714707461084272,,2.898550724637681,40.264358561460014,2.059849704777241,25.15432098765432,11.594202898550725,4.99194847020934,0.322061191626409,
195,13.09044551798175,,2.885131508319914,40.17042404723564,2.059849704777241,25.07380568974772,11.473429951690822,4.924852388620504,0.322061191626409,
196,13.39237788513151,,3.227321524422974,40.02952227589909,2.01959205582394,24.825550187869027,11.265432098765432,4.918142780461621,0.322061191626409,
197,13.788244766505636,,3.193773483628556,39.83494363929147,2.1135265700483092,24.644390767579175,11.18491680085883,4.918142780461621,0.322061191626409,
198,13.935856146001074,,3.193773483628556,38.91572732152442,1.9189479334406871,24.476650563607084,12.359098228663447,4.87788513150832,0.322061191626409,
199,14.351851851851851,,3.193773483628556,38.727858293075684,2.24771873322598,24.020397208803004,12.278582930756844,4.85775630703167,0.322061191626409,
200,14.606816961889425,,3.193773483628556,38.479602791196996,2.24771873322598,24.000268384326354,12.245034889962426,4.904723564143854,0.322061191626409,
201,14.49946323134729,,3.307836822329576,37.835480407944175,2.24771873322598,23.15485775630703,13.81508319914117,4.891304347826087,0.24825550187869028,
202,14.231078904991948,,2.8650026838432634,36.83574879227053,2.24771873322598,22.148416532474503,16.55931293612453,4.864465915190553,0.24825550187869028,
203,14.197530864197532,,3.8378958668813743,36.131239935587764,2.2342995169082127,22.061191626409016,16.42512077294686,4.864465915190553,0.24825550187869028,
204,14.231078904991948,,4.978529253891573,35.560923242082666,2.2342995169082127,21.91358024691358,16.015834675254965,4.817498658078368,0.24825550187869028,
205,14.439076757917338,,4.978529253891573,35.487117552334944,2.2208803005904456,21.846484165324746,15.982286634460548,4.797369833601718,0.24825550187869028,
206,14.814814814814815,,4.9718196457326895,35.37305421363392,2.2208803005904456,21.77938808373591,15.83467525496511,4.757112184648417,0.24825550187869028,
207,14.99597423510467,,5.032206119162641,35.299248523886206,2.1940418679549114,21.68545356951154,15.787707997852925,4.757112184648417,0.24825550187869028,
208,15.13016639828234,,5.025496511003757,35.25228126677402,2.1940418679549114,21.672034353193773,15.727321524422974,4.750402576489533,0.24825550187869028,
209,15.324745034889963,,4.9718196457326895,35.07112184648417,2.1940418679549114,21.64519592055824,15.707192699946322,4.8376274825550185,0.24825550187869028,
210,15.727321524422974,,4.9718196457326895,34.91009125067096,2.1940418679549114,21.477455716586153,15.693773483628556,4.804079441760601,0.2214170692431562,
211,16.009125067096083,,4.924852388620504,34.816156736446594,2.1806226516371443,21.349973161567366,15.693773483628556,4.804079441760601,0.2214170692431562,
212,16.27750939345142,,4.918142780461621,34.66854535695116,2.1806226516371443,21.296296296296298,15.633387010198604,4.804079441760601,0.2214170692431562,
213,16.404991948470208,,5.676328502415459,34.39345142243693,2.1806226516371443,20.8870101986044,15.445517981749866,4.797369833601718,0.2147074610842727,
214,16.478797638217927,,5.783682232957595,34.35319377348363,2.1269457863660763,20.813204508856682,15.445517981749866,4.783950617283951,0.2147074610842727,
215,16.586151368760063,,5.776972624798712,34.33977455716586,2.1269457863660763,20.779656468062264,15.398550724637682,4.777241009125067,0.2147074610842727,
216,16.80756843800322,,5.736714975845411,34.27938808373591,2.1269457863660763,20.658883521202362,15.398550724637682,4.777241009125067,0.2147074610842727,
217,17.07595276435856,,5.683038110574342,34.252549651100374,2.1269457863660763,20.517981749865807,15.351583467525497,4.777241009125067,0.2147074610842727,
218,17.344337090713903,,5.683038110574342,34.11835748792271,2.1269457863660763,20.42404723564144,15.33816425120773,4.750402576489533,0.2147074610842727,
219,17.599302200751477,,5.662909286097692,33.9170692431562,2.1269457863660763,20.108695652173914,15.304616210413311,4.810789049919484,0.46967257112184646,
220,17.498658078368223,,6.280193236714976,33.12533548040794,2.2074610842726785,20.471014492753625,15.250939345142244,4.696725711218465,0.46967257112184646,
221,17.814009661835748,,6.233225979602791,33.08507783145464,2.2074610842726785,20.39049919484702,15.11003757380569,4.690016103059581,0.46967257112184646,
222,17.894524959742352,,6.374127750939345,33.05823939881911,2.1806226516371443,20.2361782071927,15.103327965646805,4.683306494900698,0.46967257112184646,
223,18.08239398819109,,6.360708534621578,32.9777241009125,2.1806226516371443,20.209339774557165,15.03623188405797,4.683306494900698,0.46967257112184646,
224,18.47826086956522,,6.333870101986044,32.83682232957595,2.1806226516371443,20.02818035426731,15.002683843263553,4.669887278582931,0.46967257112184646,
225,18.632581857219538,,6.333870101986044,32.809983896940416,2.1739130434782608,19.57192699946323,15.33816425120773,4.669887278582931,0.46967257112184646,
226,18.927804616210413,,6.3070316693505095,32.689210950080515,2.1739130434782608,19.45786366076221,15.33816425120773,4.636339237788513,0.46967257112184646,
227,19.068706387546968,,6.260064412238325,32.51476113794954,2.1739130434782608,19.330381105743424,15.24422973698336,4.871175523349437,0.5367686527106817,
228,19.216317767042405,,6.206387546967257,32.43424584004294,2.1604938271604937,19.330381105743424,15.24422973698336,4.871175523349437,0.5367686527106817,
229,19.02173913043478,,6.179549114331723,32.380568974771876,2.1604938271604937,20.397208803005906,14.452495974235104,4.871175523349437,0.5367686527106817,
230,19.0955448201825,,6.146001073537305,32.340311325818575,2.2410091250670963,20.202630166398283,14.412238325281804,4.871175523349437,0.6910896403650026,
231,19.108964036500268,,6.146001073537305,31.54186795491143,3.1199677938808374,20.108695652173914,14.257917337627482,5.025496511003757,0.6910896403650026,
232,19.330381105743424,,6.112453032742888,31.45464304884595,3.1199677938808374,20.02818035426731,14.237788513150832,5.025496511003757,0.6910896403650026,
233,19.659151905528716,,6.112453032742888,31.36070853462158,3.1065485775630703,19.85373054213634,14.070048309178745,5.146269457863661,0.6910896403650026,
234,19.91411701556629,,6.199677938808374,31.159420289855074,3.1065485775630703,19.826892109500804,13.982823403113258,5.119431025228127,0.6910896403650026,
235,20.135534084809446,,6.1862587224906065,31.0252281266774,3.1065485775630703,19.786634460547504,13.94927536231884,5.119431025228127,0.6910896403650026,
236,20.242887815351583,,6.649221685453569,30.83064949006978,3.0931293612453032,19.49812130971551,13.882179280730005,5.112721417069243,0.6910896403650026,
237,20.531400966183575,,6.642512077294686,30.776972624798713,3.0931293612453032,19.43102522812668,13.7211486849168,5.112721417069243,0.6910896403650026,
238,20.69243156199678,,6.642512077294686,30.730005367686527,3.0931293612453032,19.343800322061192,13.707729468599034,5.112721417069243,0.6776704240472357,
239,20.860171765968868,,6.642512077294686,30.703166935050994,3.0730005367686526,19.249865807836823,13.6808910359635,5.112721417069243,0.6776704240472357,
240,20.954106280193237,,6.642512077294686,30.64278046162104,3.0730005367686526,19.216317767042405,13.6808910359635,5.112721417069243,0.6776704240472357,
241,21.155394524959743,,6.588835212023618,30.595813204508858,2.918679549114332,19.142512077294686,13.828502415458937,5.092592592592593,0.6776704240472357,
242,21.410359634997317,,6.582125603864735,30.54213633923779,2.918679549114332,19.04186795491143,13.754696725711218,5.072463768115942,0.6776704240472357,
243,21.195652173913043,,6.4345142243692965,32.72275899087493,2.918679549114332,17.53220611916264,13.647342995169081,5.025496511003757,0.5233494363929146,
244,21.410359634997317,,7.212828770799785,32.45437466451959,2.918679549114332,17.03569511540526,13.439345142243694,5.005367686527107,0.5233494363929146,
245,21.71900161030596,,7.206119162640902,32.27992485238862,2.8918411164787976,17.03569511540526,13.365539452495975,4.978529253891573,0.5233494363929146,
