,45,50,52,51,55,53,54,56,57,58
0,99.53703703703704,0.46296296296296297,,,,,,,,
1,99.11433172302738,0.8856682769726248,,,,,,,,
2,97.71202361782072,2.2879763821792807,,,,,,,,
3,94.8268921095008,5.173107890499195,,,,,,,,
4,91.94847020933977,8.051529790660226,,,,,,,,
5,87.89586688137413,12.104133118625873,,,,,,,,
6,87.76838432635535,12.23161567364466,,,,,,,,
7,87.45303274288781,12.546967257112184,,,,,,,,
8,87.51341921631777,12.486580783682234,,,,,,,,
9,84.86312399355877,15.136876006441224,,,,,,,,
10,75.90579710144928,24.094202898550726,,,,,,,,
11,75.9393451422437,24.060654857756308,,,,,,,,
12,72.55099302200752,24.476650563607084,2.9723564143853998,,,,,,,
13,70.20263016639828,26.82501341921632,2.9723564143853998,,,,,,,
14,69.36392914653784,26.536500268384327,2.9723564143853998,1.1272141706924315,,,,,,
15,68.14278046162104,27.76435856146001,3.1602254428341383,0.9326355340848095,,,,,,
16,65.51932367149759,30.88432635534085,2.6637144390767578,0.9326355340848095,,,,,,
17,63.727858293075684,32.6556629092861,2.6033279656468062,0.9326355340848095,0.08051529790660225,,,,,
18,63.75469672571122,32.64224369296833,2.6033279656468062,0.9192163177670424,0.08051529790660225,,,,,
19,63.868760064412236,32.46108427267848,2.5831991411701556,0.9192163177670424,0.16774020397208803,,,,,
20,59.60144927536232,32.6959205582394,4.126409017713366,3.408480944712829,0.16774020397208803,,,,,
21,59.252549651100374,33.08507783145464,4.086151368760064,3.408480944712829,0.16774020397208803,,,,,
22,59.292807300053674,33.05823939881911,4.086151368760064,3.3950617283950617,0.16774020397208803,,,,,
23,58.99087493290392,33.36688137412775,4.079441760601181,3.3950617283950617,0.16774020397208803,,,,,
24,51.321792807300056,40.747450348899626,4.079441760601181,3.3682232957595275,0.4830917874396135,,,,,
25,50.48309178743961,40.425389157273216,4.079441760601181,4.528985507246377,0.4830917874396135,,,,,
26,50.34219001610306,38.70101986044015,4.045893719806763,4.528985507246377,0.7514761137949544,1.6304347826086956,,,,
27,49.16129898013956,36.37949543746645,4.045893719806763,7.776435856146001,0.8185721953837896,1.596886741814278,0.2214170692431562,,,
28,49.17471819645733,33.87010198604401,6.367418142780462,7.595276435856146,1.0735373054213635,1.6975308641975309,0.2214170692431562,,,
29,48.92646269457864,32.60198604401503,4.74369296833065,7.595276435856146,1.0735373054213635,1.8719806763285025,3.1870638754696725,,,
30,49.08749329039184,32.52818035426731,4.74369296833065,7.568438003220612,1.0735373054213635,1.865271068169619,3.1333870101986045,,,
31,49.322329575952764,32.347020933977454,4.74369296833065,7.568438003220612,1.0735373054213635,1.8317230273752012,3.113258185721954,,,
32,49.31561996779388,32.39398819108964,4.74369296833065,7.548309178743962,1.0735373054213635,1.8317230273752012,3.0931293612453032,,,
33,48.20182501341922,31.716317767042405,4.126409017713366,9.762479871175524,1.0735373054213635,1.8317230273752012,3.2877079978529253,,,
34,48.268921095008054,30.595813204508858,5.173107890499195,9.668545356951155,1.0735373054213635,2.1135265700483092,3.1065485775630703,,,
35,48.18169618894257,30.441492216854535,5.146269457863661,9.856414385399892,1.0735373054213635,2.1135265700483092,3.1870638754696725,,,
36,48.59769189479334,30.152979066022546,5.132850241545894,9.856414385399892,1.0735373054213635,2.1135265700483092,3.0730005367686526,,,
37,48.61782071926999,30.139559849704778,6.213097155126141,9.829575952764358,1.0735373054213635,1.9457863660762211,2.1806226516371443,,,
38,46.08829844337091,32.50805152979066,6.159420289855072,10.077831454643048,1.0735373054213635,1.9457863660762211,2.147074610842727,,,
39,42.50536768652711,35.31266774020397,6.125872249060655,10.889694041867955,1.0735373054213635,1.9457863660762211,2.147074610842727,,,
40,42.49194847020934,35.39318303811057,6.119162640901771,10.86285560923242,1.06682769726248,1.9457863660762211,2.120236178207193,,,
41,42.51207729468599,35.37305421363392,6.119162640901771,10.86285560923242,1.06682769726248,1.9457863660762211,2.120236178207193,,,
42,41.1634460547504,36.41975308641975,6.025228126677402,10.050993022007514,1.3486312399355878,2.1940418679549114,2.7979066022544283,,,
43,41.2037037037037,35.7487922705314,6.025228126677402,10.050993022007514,1.5163714439076759,2.442297369833602,3.012614063338701,,,
44,40.22410091250671,33.843263553408484,6.025228126677402,12.674449812130971,1.5096618357487923,2.509393451422437,3.2139023081052067,,,
45,38.419216317767045,34.75577026301664,5.984970477724101,13.607085346215781,1.5096618357487923,2.509393451422437,3.2139023081052067,,,
46,38.52657004830918,34.68867418142781,5.971551261406334,13.580246913580247,1.5096618357487923,2.509393451422437,3.2139023081052067,,,
47,36.54723564143854,30.54213633923779,2.8650026838432634,24.074074074074073,1.710950080515298,2.5026838432635534,1.7579173376274826,,,
48,36.520397208803004,30.669618894256576,2.8247450348899625,24.053945249597422,1.6975308641975309,2.5026838432635534,1.7310789049919484,,,
49,36.09769189479334,30.48845947396672,2.8247450348899625,24.57729468599034,1.778046162104133,2.5026838432635534,1.7310789049919484,,,
50,35.621309715512616,28.764090177133657,5.3341384863123995,24.704777241009126,1.7646269457863661,2.341653247450349,1.4694041867954912,,,
51,25.925925925925927,37.775093934514224,4.797369833601718,24.329039184111647,1.482823403113258,4.42163177670424,1.2681159420289856,,,
52,26.20101986044015,37.5805152979066,4.797369833601718,24.255233494363928,1.482823403113258,4.42163177670424,1.261406333870102,,,
53,24.188137412775095,45.471014492753625,3.227321524422974,20.94068706387547,0.8387010198604401,4.74369296833065,0.5904455179817498,,,
54,24.235104669887278,45.3166935050993,3.193773483628556,20.933977455716587,1.0735373054213635,4.656468062265164,0.5904455179817498,,,
55,24.362587224906065,45.10198604401503,3.589640365002684,20.497852925389157,1.2144390767579174,4.643048845947397,0.5904455179817498,,,
56,24.570585077831456,44.65244229736983,3.589640365002684,20.44417606011809,1.5230810520665594,4.636339237788513,0.5837359098228664,,,
57,24.456521739130434,44.6658615136876,3.5628019323671496,20.705850778314545,1.5096618357487923,4.51556629092861,0.5837359098228664,,,
58,24.476650563607084,44.498121309715515,3.5292538915727323,20.685721953837895,1.5096618357487923,4.51556629092861,0.785024154589372,,,
59,24.61755233494364,44.37734836285561,3.515834675254965,20.679012345679013,1.5096618357487923,4.51556629092861,0.785024154589372,,,
60,24.00697799248524,43.55877616747182,3.488996242619431,22.08132045088567,1.5901771336553945,4.488727858293076,0.785024154589372,,,
61,23.899624261943103,39.85507246376812,3.488996242619431,21.960547504025765,1.5029522275899088,7.326892109500805,1.9659151905528718,,,
62,22.913311862587225,37.915995705850776,3.488996242619431,25.087224906065487,1.3821792807300053,7.25979602791197,1.9524959742351047,,,
63,22.228931830381107,36.9699409554482,3.4688674181427803,26.422436929683307,1.6975308641975309,7.25979602791197,1.9524959742351047,,,
64,22.20209339774557,34.01771336553945,3.7775093934514223,26.382179280730007,4.441760601180891,7.226247987117552,1.9524959742351047,,,
65,22.289318303811058,33.64868491680086,3.7775093934514223,26.341921631776703,5.58239398819109,5.964841653247451,2.187332259796028,0.20799785292538917,,
66,22.591250670960815,33.48094471282877,3.7775093934514223,26.234567901234566,5.562265163714439,5.958132045088567,2.187332259796028,0.20799785292538917,,
67,22.75228126677402,33.41384863123994,3.7573805689747717,26.187600644122384,5.562265163714439,5.931293612453032,2.187332259796028,0.20799785292538917,,
68,22.940150295222757,33.1857219538379,4.40150295222759,25.5703166935051,5.595813204508857,5.911164787976382,2.187332259796028,0.20799785292538917,,
69,22.96027911969941,30.22007514761138,4.40150295222759,25.509930220075148,8.675523349436393,5.837359098228664,2.187332259796028,0.20799785292538917,,
70,22.82608695652174,29.602791196994094,8.340042941492216,22.21551261406334,8.856682769726248,5.837359098228664,2.1135265700483092,0.20799785292538917,,
71,22.966988727858293,29.562533548040793,8.05823939881911,22.148416532474503,9.118357487922705,5.8239398819108965,2.1135265700483092,0.20799785292538917,,
72,20.67230273752013,32.13231347289318,8.051529790660226,21.93370907139023,9.091519055287172,5.810520665593129,1.865271068169619,0.4428341384863124,,
73,20.86688137412775,32.078636607622116,8.017981749865807,21.91358024691358,9.064680622651638,5.750134192163178,1.865271068169619,0.4428341384863124,,
74,20.39049919484702,32.45437466451959,9.205582393988191,21.900161030595815,9.03113258185722,4.723564143853999,1.865271068169619,0.4294149221685454,,
75,20.739398819108963,32.35373054213634,9.064680622651638,21.786097691894792,9.064680622651638,4.7101449275362315,1.865271068169619,0.41599570585077833,,
76,20.82662372517445,31.266774020397207,9.017713365539452,22.71202361782072,9.064680622651638,4.7101449275362315,1.9860440150295222,0.41599570585077833,,
77,20.7662372517445,31.19296833064949,9.23913043478261,22.624798711755233,9.064680622651638,4.7101449275362315,1.9860440150295222,0.41599570585077833,,
78,21.041331186258724,30.9447128287708,9.131776704240472,21.69887278582931,9.03113258185722,5.750134192163178,1.9860440150295222,0.41599570585077833,,
79,21.36339237788513,30.870907139023082,9.098228663446054,21.26945786366076,9.017713365539452,6.038647342995169,1.8451422436929683,0.49651100375738055,,
80,21.638486312399355,30.763553408480945,8.93719806763285,21.36339237788513,8.984165324745035,5.904455179817498,1.8451422436929683,0.5636070853462157,,
81,21.74584004294149,30.709876543209877,8.923778851315083,21.336553945249598,8.984165324745035,5.891035963499732,1.8451422436929683,0.5636070853462157,,
82,21.604938271604937,31.04535695115405,8.863392377885132,21.235909822866343,8.977455716586151,5.870907139023081,1.8451422436929683,0.5568974771873323,,
83,21.30300590445518,33.843263553408484,8.259527643585615,19.732957595276435,8.849973161567364,5.609232420826624,1.8451422436929683,0.5568974771873323,,
84,21.35668276972625,33.051529790660226,8.232689210950081,18.10252281266774,11.386205045625335,5.508588298443371,1.8451422436929683,0.5166398282340311,,
85,21.524422973698336,32.99785292538916,8.192431561996779,18.10252281266774,11.352657004830919,5.46833064949007,1.8451422436929683,0.5166398282340311,,
86,21.410359634997317,32.26650563607085,8.011272141706923,18.250134192163177,12.278582930756844,5.421363392377885,1.8451422436929683,0.5166398282340311,,
87,19.847020933977454,29.374664519592056,5.891035963499732,27.831454643048847,9.41358024691358,5.280461621041331,1.8451422436929683,0.5166398282340311,,
88,20.2361782071927,29.180085882984432,5.857487922705314,27.76435856146001,9.044551798174986,5.555555555555555,1.8451422436929683,0.5166398282340311,,
89,20.356951154052602,29.1532474503489,5.743424584004294,27.17391304347826,9.044551798174986,5.857487922705314,1.8451422436929683,0.8252818035426731,,
90,20.397208803005906,28.931830381105744,5.911164787976382,26.80488459473967,9.339774557165862,5.83064949006978,1.9592055823939882,0.8252818035426731,,
91,20.658883521202362,28.878153515834676,5.911164787976382,26.623725174449813,9.312936124530328,5.83064949006978,1.9592055823939882,0.8252818035426731,,
92,20.779656468062264,28.650026838432634,6.112453032742888,26.549919484702095,9.312936124530328,5.810520665593129,1.9592055823939882,0.8252818035426731,,
93,18.5654857756307,31.629092860976918,7.118894256575416,25.389157273215243,9.138486312399356,5.367686527106817,1.9659151905528718,0.8252818035426731,,
94,18.71309715512614,31.588835212023618,7.105475040257649,25.315351583467525,9.118357487922705,5.367686527106817,1.9659151905528718,0.8252818035426731,,
95,18.78690284487386,31.49490069779925,7.078636607622115,25.36231884057971,9.118357487922705,5.367686527106817,1.9659151905528718,0.8252818035426731,,
96,18.9747718733226,31.407675791733762,7.051798174986581,25.107353730542137,9.064680622651638,5.367686527106817,2.200751476113795,0.8252818035426731,,
97,19.182769726247987,31.38083735909823,7.018250134192163,25.033548040794418,9.017713365539452,5.314009661835748,2.227589908749329,0.8252818035426731,,
98,19.504830917874397,31.246645195920557,7.051798174986581,24.912775093934513,8.984165324745035,5.273752012882448,2.200751476113795,0.8252818035426731,,
99,19.766505636070853,31.052066559312937,7.051798174986581,24.872517444981213,8.984165324745035,5.246913580246914,2.200751476113795,0.8252818035426731,,
100,19.97450348899624,30.911164787976382,7.024959742351046,24.731615673644658,9.098228663446054,5.233494363929147,2.200751476113795,0.8252818035426731,,
101,20.229468599033815,30.595813204508858,7.018250134192163,24.510198604401502,9.084809447128288,5.421363392377885,2.1806226516371443,0.9594739667203436,,
102,20.242887815351583,30.683038110574344,7.004830917874396,24.44981213097155,9.064680622651638,5.414653784219001,2.1806226516371443,0.9594739667203436,,
103,20.652173913043477,30.535426731078903,6.857219538378959,24.376006441223833,9.01100375738057,5.2066559312936125,2.1806226516371443,0.9460547504025765,0.23483628556092323,
104,20.739398819108963,30.347557702630166,6.843800322061192,24.490069779924852,9.004294149221685,5.032206119162641,2.167203435319377,0.9460547504025765,0.23483628556092323,0.19457863660762212
105,20.987654320987655,29.26731078904992,6.843800322061192,24.27536231884058,9.145195920558239,5.978260869565218,2.167203435319377,0.9057971014492754,0.23483628556092323,0.19457863660762212
106,21.115136876006442,28.871443907675793,6.702898550724638,24.168008588298445,9.473966720343531,5.9514224369296835,2.38191089640365,0.9057971014492754,0.23483628556092323,0.19457863660762212
107,20.48443370907139,27.61003757380569,6.689479334406871,26.194310252281266,9.440418679549115,5.9514224369296835,2.2946859903381642,0.9057971014492754,0.23483628556092323,0.19457863660762212
108,20.82662372517445,27.542941492216855,6.6827697262479875,26.006441223832528,9.339774557165862,5.844068706387547,2.2946859903381642,1.0332796564680622,0.23483628556092323,0.19457863660762212
109,20.77294685990338,26.86527106816962,6.481481481481482,27.066559312936125,9.312936124530328,5.844068706387547,2.006172839506173,1.221148684916801,0.23483628556092323,0.19457863660762212
110,20.699141170155663,25.42270531400966,6.6827697262479875,26.90552871712292,9.064680622651638,7.635534084809447,1.9793344068706387,1.1808910359634996,0.23483628556092323,0.19457863660762212
111,20.779656468062264,24.825550187869027,6.6827697262479875,26.86527106816962,9.286097691894794,7.816693505099302,2.1403650026838434,1.1741814278046163,0.23483628556092323,0.19457863660762212
112,20.679012345679013,24.684648416532475,6.642512077294686,26.744498121309714,9.25925925925926,7.816693505099302,2.328234031132582,1.415727321524423,0.23483628556092323,0.19457863660762212
113,20.853462157809982,24.342458400429415,6.642512077294686,26.912238325281802,9.333064949006978,7.769726247987117,2.3215244229736984,1.3955984970477724,0.23483628556092323,0.19457863660762212
114,21.095008051529792,24.282071926999464,6.5485775630703165,26.838432635534083,9.25925925925926,7.769726247987117,2.3215244229736984,1.4559849704777241,0.23483628556092323,0.19457863660762212
115,20.8467525496511,23.403113258185723,6.528448738593666,26.82501341921632,8.467525496511003,9.426999463231347,2.3215244229736984,1.751207729468599,0.23483628556092323,0.19457863660762212
116,20.994363929146537,23.329307568438004,7.185990338164252,26.120504562533547,8.467525496511003,9.41358024691358,2.3081052066559313,1.751207729468599,0.23483628556092323,0.19457863660762212
117,21.215780998389693,23.309178743961354,7.185990338164252,26.01315083199141,8.440687063875469,9.380032206119163,2.2745571658615136,1.751207729468599,0.23483628556092323,0.19457863660762212
118,21.450617283950617,23.2487922705314,7.152442297369833,25.939345142243692,8.433977455716587,9.346484165324744,2.24771873322598,1.751207729468599,0.23483628556092323,0.19457863660762212
119,21.792807300053678,23.07434245840043,7.105475040257649,25.83870101986044,8.420558239398819,9.346484165324744,2.2410091250670963,1.751207729468599,0.23483628556092323,0.19457863660762212
120,21.880032206119164,22.879763821792807,7.39398819108964,25.623993558776167,8.527911969940956,9.272678475577026,2.2410091250670963,1.751207729468599,0.23483628556092323,0.19457863660762212
121,22.094739667203434,22.6784755770263,7.37385936661299,25.462962962962962,8.527911969940956,9.400161030595813,2.2208803005904456,1.724369296833065,0.23483628556092323,0.28180354267310787
122,22.29602791196994,22.24235104669887,7.340311325818572,25.34219001610306,8.420558239398819,9.91009125067096,2.2074610842726785,1.724369296833065,0.23483628556092323,0.28180354267310787
123,22.530864197530864,22.208803005904453,7.320182501341922,25.214707461084274,8.387010198604402,9.903381642512077,2.1940418679549114,1.724369296833065,0.23483628556092323,0.28180354267310787
124,22.69860440150295,22.12157809983897,7.320182501341922,25.174449812130973,8.3467525496511,9.903381642512077,2.1940418679549114,1.724369296833065,0.23483628556092323,0.28180354267310787
125,22.584541062801932,21.980676328502415,7.300053676865271,25.174449812130973,8.80300590445518,9.722222222222221,2.1940418679549114,1.724369296833065,0.23483628556092323,0.28180354267310787
126,22.65163714439077,21.973966720343533,7.300053676865271,25.174449812130973,8.80300590445518,9.695383789586689,2.167203435319377,1.724369296833065,0.23483628556092323,0.27509393451422437
127,22.25577026301664,21.537842190016104,8.232689210950081,25.046967257112186,8.923778851315083,9.695383789586689,1.9390767579173376,1.8585614600107354,0.23483628556092323,0.27509393451422437
128,22.322866344605476,21.524422973698336,8.232689210950081,24.993290391841118,8.923778851315083,9.695383789586689,1.9390767579173376,1.8585614600107354,0.23483628556092323,0.27509393451422437
129,22.517444981213096,21.464036500268385,8.360171765968868,24.771873322597962,8.917069243156199,9.681964573268921,1.9390767579173376,1.8384326355340848,0.23483628556092323,0.27509393451422437
130,22.65163714439077,21.430488459473967,8.360171765968868,24.765163714439076,8.876811594202898,9.64170692431562,1.9390767579173376,1.8250134192163177,0.23483628556092323,0.27509393451422437
131,22.839506172839506,21.390230810520666,8.340042941492216,24.738325281803544,8.816425120772946,9.601449275362318,1.9390767579173376,1.8250134192163177,0.23483628556092323,0.27509393451422437
132,22.946859903381643,21.32313472893183,8.28636607622115,24.496779388083738,9.098228663446054,9.574610842726784,1.9390767579173376,1.7847557702630166,0.27509393451422437,0.27509393451422437
133,23.121309715512613,21.135265700483092,8.28636607622115,24.27536231884058,9.31964573268921,9.520933977455716,1.9390767579173376,1.8518518518518519,0.27509393451422437,0.27509393451422437
134,22.041062801932366,19.618894256575416,11.272141706924316,27.17391304347826,7.769726247987117,8.299785292538916,1.8786902844873858,1.737788513150832,0.11406333870101985,0.0939345142243693
135,22.08132045088567,19.659151905528716,11.252012882447666,27.113526570048307,7.769726247987117,8.299785292538916,1.8786902844873858,1.737788513150832,0.11406333870101985,0.0939345142243693
136,22.262479871175522,19.64573268921095,11.231884057971014,27.006172839506174,7.763016639828234,8.28636607622115,1.865271068169619,1.7310789049919484,0.11406333870101985,0.0939345142243693
137,22.20209339774557,19.524959742351047,11.225174449812132,27.200751476113794,7.763016639828234,8.279656468062266,1.865271068169619,1.7310789049919484,0.11406333870101985,0.0939345142243693
138,20.873590982286636,18.65271068169619,10.943370907139023,30.656199677938808,7.763016639828234,7.695920558239399,1.6170155662909287,1.5901771336553945,0.11406333870101985,0.0939345142243693
139,21.021202361782073,18.632581857219538,10.916532474503489,30.589103596349972,7.763016639828234,7.6623725174449815,1.6170155662909287,1.5901771336553945,0.11406333870101985,0.0939345142243693
140,20.90713902308105,18.54535695115405,10.86285560923242,30.60252281266774,7.75630703166935,7.62211486849168,1.6035963499731616,1.892109500805153,0.11406333870101985,0.0939345142243693
141,20.840042941492218,18.49838969404187,10.829307568438002,30.50858829844337,7.997852925389157,7.62211486849168,1.6035963499731616,1.892109500805153,0.11406333870101985,0.0939345142243693
142,21.061460010735374,18.45813204508857,10.809178743961352,30.293880837359097,8.064949006977992,7.608695652173913,1.6035963499731616,1.892109500805153,0.11406333870101985,0.0939345142243693
143,21.276167471819647,18.38432635534085,10.782340311325818,30.213365539452496,8.064949006977992,7.541599570585078,1.6371443907675791,1.892109500805153,0.11406333870101985,0.0939345142243693
144,21.410359634997317,18.317230273752013,10.762211486849168,30.213365539452496,7.877079978529254,7.474503488996243,1.8451422436929683,1.892109500805153,0.11406333870101985,0.0939345142243693
145,21.39694041867955,18.156199677938808,10.68840579710145,30.18652710681696,7.856951154052603,7.306763285024155,2.38191089640365,1.892109500805153,0.040257648953301126,0.0939345142243693
146,21.517713365539453,18.129361245303276,10.68840579710145,30.04562533548041,7.930756843800322,7.27992485238862,2.38191089640365,1.892109500805153,0.040257648953301126,0.0939345142243693
147,21.638486312399355,18.089103596349972,10.68840579710145,29.958400429414922,7.924047235641439,7.320182501341922,2.38191089640365,1.865271068169619,0.040257648953301126,0.0939345142243693
148,21.806226516371442,18.06226516371444,10.641438539989265,29.931561996779386,7.9039184111647875,7.320182501341922,2.38191089640365,1.8183038110574343,0.040257648953301126,0.0939345142243693
149,21.93370907139023,18.055555555555557,10.641438539989265,29.857756307031668,7.9039184111647875,7.273215244229737,2.38191089640365,1.8183038110574343,0.040257648953301126,0.0939345142243693
150,21.980676328502415,17.834138486312398,10.641438539989265,29.8040794417606,8.132045088566828,7.273215244229737,2.38191089640365,1.8183038110574343,0.040257648953301126,0.0939345142243693
151,22.148416532474503,17.773752012882447,10.641438539989265,29.70343531937735,8.28636607622115,7.139023081052066,2.38191089640365,1.7914653784219001,0.040257648953301126,0.0939345142243693
152,22.188674181427803,17.693236714975846,10.621309715512615,29.69001610305958,8.225979602791197,7.219538378958669,2.2745571658615136,1.7914653784219001,0.040257648953301126,0.2549651100375738
153,21.926999463231347,16.894793344068706,10.621309715512615,30.750134192163177,8.360171765968868,7.219538378958669,2.26784755770263,1.6639828234031133,0.040257648953301126,0.2549651100375738
154,22.0276435856146,16.894793344068706,10.601180891035963,30.401234567901234,8.219269994632313,7.112184648416532,2.408749329039184,2.0397208803005906,0.040257648953301126,0.2549651100375738
155,22.15512614063339,16.820987654320987,10.59447128287708,30.367686527106816,8.205850778314547,7.112184648416532,2.408749329039184,2.0397208803005906,0.040257648953301126,0.2549651100375738
156,21.786097691894792,16.17686527106817,10.326086956521738,30.099302200751477,8.299785292538916,6.602254428341385,4.448470209339774,1.8719806763285025,0.040257648953301126,0.3488996242619431
157,21.886741814278047,16.11647879763822,10.326086956521738,29.864465915190554,8.279656468062266,6.602254428341385,4.448470209339774,2.086688137412775,0.040257648953301126,0.3488996242619431
158,22.04777241009125,16.009125067096083,10.312667740203972,29.676596886741816,8.21256038647343,6.884057971014493,4.38137412775094,2.086688137412775,0.040257648953301126,0.3488996242619431
159,22.134997316156735,15.982286634460548,10.292538915727322,29.421631776704242,8.179012345679013,6.870638754696726,4.38137412775094,2.3483628556092326,0.040257648953301126,0.3488996242619431
160,22.322866344605476,15.94873859366613,10.292538915727322,29.381374127750938,8.091787439613526,6.843800322061192,4.38137412775094,2.3483628556092326,0.040257648953301126,0.3488996242619431
161,22.517444981213096,15.92860976918948,10.205314009661835,29.280730005367687,8.07836822329576,6.756575415995706,4.38137412775094,2.462426194310252,0.040257648953301126,0.3488996242619431
162,22.65834675254965,15.92860976918948,10.205314009661835,29.146537842190018,8.031400966183575,6.729736983360172,4.448470209339774,2.462426194310252,0.040257648953301126,0.3488996242619431
163,22.920021470746107,15.895061728395062,10.205314009661835,29.05931293612453,7.977724100912507,6.6760601180891035,4.414922168545357,2.462426194310252,0.040257648953301126,0.3488996242619431
164,23.00053676865271,15.74074074074074,10.144927536231885,29.086151368760063,8.172302737520129,6.528448738593666,4.414922168545357,2.4490069779924855,0.040257648953301126,0.4227053140096618
165,22.953569511540525,15.304616210413311,10.111379495437467,28.71712292002147,8.28636607622115,6.468062265163715,5.374396135265701,2.3215244229736984,0.040257648953301126,0.4227053140096618
166,23.13472893183038,15.271068169618895,10.064412238325282,28.6231884057971,8.252818035426731,6.461352657004831,5.374396135265701,2.3550724637681157,0.040257648953301126,0.4227053140096618
167,23.15485775630703,15.157004830917874,10.064412238325282,28.482286634460547,8.3064949006978,6.4412238325281805,5.60252281266774,2.3550724637681157,0.040257648953301126,0.39586688137412773
168,23.403113258185723,15.116747181964573,10.030864197530864,28.368223295759528,8.279656468062266,6.414385399892646,5.60252281266774,2.3483628556092326,0.040257648953301126,0.39586688137412773
169,23.49704777241009,15.08990874932904,10.0979602791197,28.28099838969404,8.266237251744498,6.400966183574879,5.58239398819109,2.3483628556092326,0.040257648953301126,0.39586688137412773
170,23.62453032742888,14.99597423510467,10.178475577026301,28.173644659151904,8.219269994632313,6.501610305958132,5.522007514761138,2.3483628556092326,0.040257648953301126,0.39586688137412773
171,23.711755233494365,14.928878153515834,10.178475577026301,27.965646806226516,8.085077831454644,6.481481481481482,5.864197530864198,2.3483628556092326,0.040257648953301126,0.39586688137412773
172,23.866076221148685,14.895330112721417,10.21202361782072,27.49597423510467,8.185721953837897,6.407675791733762,5.837359098228664,2.6637144390767578,0.040257648953301126,0.39586688137412773
173,24.00697799248524,14.888620504562533,10.205314009661835,27.42216854535695,8.158883521202362,6.387546967257112,5.837359098228664,2.657004830917874,0.040257648953301126,0.39586688137412773
174,24.194847020933977,14.78797638217928,10.171765968867419,27.395330112721417,8.252818035426731,6.387546967257112,5.71658615136876,2.657004830917874,0.040257648953301126,0.39586688137412773
175,24.02710681696189,14.694041867954912,10.171765968867419,27.435587761674718,8.185721953837897,6.716317767042405,5.71658615136876,2.6167471819645733,0.040257648953301126,0.39586688137412773
176,24.040526033279658,14.694041867954912,10.165056360708535,27.435587761674718,8.179012345679013,6.716317767042405,5.71658615136876,2.6167471819645733,0.040257648953301126,0.39586688137412773
177,24.08749329039184,14.694041867954912,10.165056360708535,27.408749329039185,8.158883521202362,6.716317767042405,5.71658615136876,2.6167471819645733,0.040257648953301126,0.39586688137412773
178,24.214975845410628,14.63365539452496,10.138217928073,27.395330112721417,8.158883521202362,6.716317767042405,5.703166935050993,2.6033279656468062,0.040257648953301126,0.39586688137412773
179,24.402844873859365,14.526301663982823,10.104669887278583,27.388620504562535,8.145464304884594,6.716317767042405,5.676328502415459,2.6033279656468062,0.040257648953301126,0.39586688137412773
180,24.456521739130434,14.331723027375201,10.084541062801932,27.32823403113258,8.105206655931294,6.615673644659152,5.83064949006978,2.8381642512077296,0.013419216317767043,0.39586688137412773
181,24.644390767579175,14.27133655394525,10.077831454643048,27.314814814814813,8.091787439613526,6.615673644659152,5.736714975845411,2.8381642512077296,0.013419216317767043,0.39586688137412773
182,24.711486849168008,14.231078904991948,9.883252818035427,27.200751476113794,8.011272141706923,7.004830917874396,5.723295759527644,2.8247450348899625,0.013419216317767043,0.39586688137412773
183,24.892646269457863,14.217659688674182,9.86983360171766,26.979334406870638,8.145464304884594,6.998121309715513,5.703166935050993,2.7844873859366612,0.013419216317767043,0.39586688137412773
184,24.973161567364468,14.217659688674182,9.842995169082126,26.959205582393988,8.132045088566828,6.984702093397746,5.6964573268921095,2.7844873859366612,0.013419216317767043,0.39586688137412773
185,24.892646269457863,14.217659688674182,9.782608695652174,26.88539989264627,8.125335480407944,7.219538378958669,5.6964573268921095,2.771068169618894,0.013419216317767043,0.39586688137412773
186,24.973161567364468,14.17740203972088,9.762479871175524,26.88539989264627,8.105206655931294,7.219538378958669,5.6964573268921095,2.771068169618894,0.013419216317767043,0.39586688137412773
187,24.751744498121308,14.761137949543746,9.64170692431562,26.583467525496513,8.279656468062266,7.139023081052066,5.6964573268921095,2.737520128824477,0.013419216317767043,0.39586688137412773
188,24.86580783682233,14.741009125067096,9.621578099838969,26.549919484702095,8.259527643585615,7.139023081052066,5.6964573268921095,2.717391304347826,0.013419216317767043,0.39586688137412773
189,24.97987117552335,14.714170692431562,9.621578099838969,26.482823403113258,8.252818035426731,7.132313472893183,5.689747718733226,2.717391304347826,0.013419216317767043,0.39586688137412773
190,25.201288244766506,14.700751476113794,9.494095544820183,26.48953301127214,8.252818035426731,7.078636607622115,5.662909286097692,2.7106816961889426,0.013419216317767043,0.39586688137412773
191,25.389157273215243,14.586688137412775,9.762479871175524,26.39559849704777,8.225979602791197,7.065217391304348,5.4549114331723025,2.7106816961889426,0.013419216317767043,0.39586688137412773
192,25.5703166935051,14.579978529253891,9.742351046698873,26.227858293075684,8.185721953837897,7.004830917874396,5.414653784219001,2.8650026838432634,0.013419216317767043,0.39586688137412773
193,25.5300590445518,14.512882447665056,9.73564143853999,26.207729468599034,8.179012345679013,7.004830917874396,5.555555555555555,2.8650026838432634,0.013419216317767043,0.39586688137412773
194,25.623993558776167,14.512882447665056,9.73564143853999,26.140633387010197,8.179012345679013,6.984702093397746,5.555555555555555,2.8650026838432634,0.013419216317767043,0.38915727321524424
195,25.59044551798175,14.486044015029522,9.990606548577563,26.194310252281266,7.98443370907139,6.9310252281266775,5.508588298443371,2.932098765432099,0.013419216317767043,0.36902844873859364
196,25.805152979066023,14.392109500805153,9.970477724100913,26.04669887278583,8.044820182501342,6.91760601180891,5.508588298443371,2.932098765432099,0.013419216317767043,0.36902844873859364
197,25.87224906065486,14.204240472356414,9.943639291465379,25.81857219538379,7.883789586688137,7.4006977992485234,5.649490069779925,2.844873859366613,0.013419216317767043,0.36902844873859364
198,25.89237788513151,14.184111647879764,9.943639291465379,25.717928073000536,8.011272141706923,7.37385936661299,5.649490069779925,2.844873859366613,0.013419216317767043,0.36902844873859364
199,25.744766505636072,14.163982823403114,9.930220075147611,26.261406333870102,7.87037037037037,7.367149758454106,5.434782608695652,2.844873859366613,0.013419216317767043,0.36902844873859364
200,25.825281803542673,14.110305958132045,10.426731078904991,26.053408480944714,7.843531937734836,7.185990338164252,5.166398282340311,3.0059044551798175,0.013419216317767043,0.36902844873859364
201,26.160762211486848,14.217659688674182,10.406602254428341,25.825281803542673,7.709339774557166,7.105475040257649,5.139559849704777,3.052871712292002,0.013419216317767043,0.36902844873859364
202,26.207729468599034,14.190821256038648,10.701825013419215,25.738056897477186,7.635534084809447,7.085346215780999,5.01207729468599,3.046162104133119,0.013419216317767043,0.36902844873859364
203,26.38888888888889,14.170692431561998,10.621309715512615,25.684380032206118,7.628824476650563,7.085346215780999,4.99194847020934,3.046162104133119,0.013419216317767043,0.36902844873859364
204,26.462694578636608,14.244498121309716,10.621309715512615,25.603864734299517,7.608695652173913,7.071926999463232,4.99194847020934,3.012614063338701,0.013419216317767043,0.36902844873859364
205,26.442565754159958,14.231078904991948,10.493827160493828,25.597155126140635,7.608695652173913,7.159151905528717,5.119431025228127,2.965646806226516,0.013419216317767043,0.36902844873859364
206,26.549919484702095,14.023081052066559,10.352925389157273,25.704508856682768,7.608695652173913,7.14573268921095,5.267042404723564,2.965646806226516,0.013419216317767043,0.36902844873859364
207,26.596886741814277,14.002952227589908,10.312667740203972,25.523349436392916,7.809983896940419,7.139023081052066,5.267042404723564,2.965646806226516,0.013419216317767043,0.36902844873859364
208,26.69753086419753,13.982823403113258,10.292538915727322,25.489801395598498,7.7831454643048845,7.018250134192163,5.253623188405797,2.965646806226516,0.013419216317767043,0.5032206119162641
209,26.757917337627482,13.982823403113258,10.292538915727322,25.489801395598498,7.7831454643048845,6.957863660762212,5.253623188405797,2.965646806226516,0.013419216317767043,0.5032206119162641
210,26.84514224369297,13.969404186795492,10.379763821792807,25.462962962962962,7.669082125603865,6.951154052603328,5.253623188405797,2.965646806226516,0.013419216317767043,0.48980139559849706
211,26.838432635534083,13.955984970477724,11.010466988727858,25.026838432635532,7.6623725174449815,6.944444444444445,5.119431025228127,2.9388083735909825,0.013419216317767043,0.48980139559849706
212,27.073268921095007,13.895598497047773,10.943370907139023,24.94632313472893,7.6623725174449815,6.944444444444445,5.10601180891036,2.9253891572732154,0.013419216317767043,0.48980139559849706
213,27.18733225979603,13.88888888888889,10.889694041867955,24.932903918411164,7.648953301127214,6.9243156199677935,5.10601180891036,2.918679549114332,0.013419216317767043,0.48980139559849706
214,27.502683843263554,13.875469672571121,10.876274825550189,24.58400429414922,7.62211486849168,7.018250134192163,5.10601180891036,2.9119699409554483,0.013419216317767043,0.48980139559849706
215,27.68384326355341,13.821792807300053,10.836017176596886,24.550456253354803,7.608695652173913,7.058507783145465,5.052334943639291,2.885131508319914,0.013419216317767043,0.48980139559849706
216,27.81803542673108,13.801663982823403,10.789049919484702,24.295491143317232,7.85024154589372,7.058507783145465,4.998658078368224,2.885131508319914,0.013419216317767043,0.48980139559849706
217,27.42216854535695,13.519860440150294,10.789049919484702,24.805421363392377,7.695920558239399,7.058507783145465,5.3341384863123995,2.871712292002147,0.013419216317767043,0.48980139559849706
218,27.690552871712292,13.499731615673644,10.789049919484702,24.711486849168008,7.62211486849168,7.004830917874396,5.307300053676865,2.871712292002147,0.013419216317767043,0.48980139559849706
219,27.710681696188942,13.439345142243694,10.715244229736983,24.751744498121308,7.575147611379496,6.977992485238862,5.307300053676865,2.932098765432099,0.10064412238325282,0.48980139559849706
220,27.958937198067634,13.43263553408481,10.681696188942565,24.59742351046699,7.575147611379496,6.951154052603328,5.307300053676865,2.9052603327965647,0.10064412238325282,0.48980139559849706
221,27.737520128824478,13.318572195383789,11.446591519055287,24.322329575952764,7.440955448201825,6.951154052603328,5.307300053676865,2.885131508319914,0.10064412238325282,0.48980139559849706
222,27.925389157273216,13.278314546430488,11.735104669887278,24.040526033279658,7.440955448201825,6.910896403650026,5.2066559312936125,2.871712292002147,0.10064412238325282,0.48980139559849706
223,28.16022544283414,13.278314546430488,11.708266237251744,23.66478797638218,7.367149758454106,6.910896403650026,5.448201825013419,2.871712292002147,0.10064412238325282,0.48980139559849706
224,28.267579173376276,13.238056897477188,11.694847020933977,23.637949543746647,7.360440150295223,6.910896403650026,5.428073000536768,2.871712292002147,0.10064412238325282,0.48980139559849706
225,27.938808373590984,13.238056897477188,11.533816425120772,23.060923242082662,7.219538378958669,8.420558239398819,5.428073000536768,2.5697799248523885,0.10064412238325282,0.48980139559849706
226,28.29441760601181,12.95625335480408,11.460010735373054,22.926731078904993,7.139023081052066,8.373590982286634,5.736714975845411,2.536231884057971,0.10064412238325282,0.47638217928073
227,28.408480944712828,12.949543746645196,11.426462694578637,22.913311862587225,7.139023081052066,8.353462157809984,5.6964573268921095,2.536231884057971,0.10064412238325282,0.47638217928073
228,28.488996242619432,12.93612453032743,11.372785829307569,22.81266774020397,7.132313472893183,8.313204508856682,5.6964573268921095,2.6704240472356413,0.10064412238325282,0.47638217928073
229,28.428609769189478,12.788513150831992,11.198336017176597,22.973698336017176,7.219538378958669,8.474235104669887,5.683038110574342,2.6704240472356413,0.10064412238325282,0.46296296296296297
230,28.556092324208265,12.74825550187869,11.097691894793345,22.886473429951693,7.1658615136876005,8.628556092324208,5.683038110574342,2.6704240472356413,0.10064412238325282,0.46296296296296297
231,28.797638217928075,12.72812667740204,11.057434245840042,22.873054213633925,7.098765432098766,8.55475040257649,5.656199677938808,2.6704240472356413,0.10064412238325282,0.46296296296296297
232,28.978797638217927,12.694578636607622,11.20504562533548,22.77241009125067,7.0450885668276975,8.494363929146537,5.5756843800322065,2.6704240472356413,0.10064412238325282,0.46296296296296297
233,29.13311862587225,12.694578636607622,11.077563070316694,22.69860440150295,7.0450885668276975,8.440687063875469,5.555555555555555,2.7979066022544283,0.10064412238325282,0.4562533548040794
234,29.347826086956523,12.694578636607622,11.064143853998926,22.584541062801932,7.004830917874396,8.440687063875469,5.508588298443371,2.7979066022544283,0.10064412238325282,0.4562533548040794
235,29.482018250134193,12.694578636607622,11.044015029522276,22.497316156736446,6.991411701556629,8.427267847557703,5.508588298443371,2.7979066022544283,0.10064412238325282,0.4562533548040794
236,29.582662372517444,12.667740203972087,11.037305421363392,22.436929683306495,6.991411701556629,8.427267847557703,5.508588298443371,2.791196994095545,0.10064412238325282,0.4562533548040794
237,29.394793344068706,12.446323134728932,10.923242082662373,22.32957595276436,6.971282877079979,8.876811594202898,5.508588298443371,2.9924852388620504,0.10064412238325282,0.4562533548040794
238,29.347826086956523,12.084004294149223,10.923242082662373,22.061191626409016,7.112184648416532,8.695652173913043,6.099033816425121,2.952227589908749,0.2683843263553409,0.4562533548040794
239,29.220343531937736,11.922973698336017,10.815888352120236,21.89345142243693,7.682501341921632,8.514492753623188,6.099033816425121,3.126677402039721,0.2683843263553409,0.4562533548040794
240,29.361245303274288,11.855877616747183,10.815888352120236,21.66532474503489,7.682501341921632,8.440687063875469,6.327160493827161,3.126677402039721,0.2683843263553409,0.4562533548040794
241,29.508856682769725,11.81561996779388,10.815888352120236,21.631776704240472,7.635534084809447,8.427267847557703,6.327160493827161,3.113258185721954,0.2683843263553409,0.4562533548040794
242,29.51556629092861,11.77536231884058,10.809178743961352,21.4170692431562,7.809983896940419,8.407139023081053,6.300322061191626,3.240740740740741,0.2683843263553409,0.4562533548040794
243,29.482018250134193,11.748523886205046,10.513955984970478,21.32313472893183,7.763016639828234,8.299785292538916,6.8035426731078905,3.3413848631239937,0.2683843263553409,0.4562533548040794
