,45,50,53,52,51,55,54,56
0,95.83333333333333,4.166666666666667,,,,,,
1,95.83333333333333,4.166666666666667,,,,,,
2,95.7259796027912,4.274020397208803,,,,,,
3,95.7259796027912,4.274020397208803,,,,,,
4,95.7259796027912,4.274020397208803,,,,,,
5,95.7259796027912,4.274020397208803,,,,,,
6,95.53140096618357,4.468599033816425,,,,,,
7,95.53140096618357,4.468599033816425,,,,,,
8,92.25711218464842,7.742887815351583,,,,,,
9,92.27053140096618,7.729468599033816,,,,,,
10,92.35775630703166,7.64224369296833,,,,,,
11,92.39801395598496,7.601986044015029,,,,,,
12,92.41814278046162,7.581857219538379,,,,,,
13,92.3040794417606,7.695920558239399,,,,,,
14,92.31749865807836,7.682501341921632,,,,,,
15,92.31749865807836,7.682501341921632,,,,,,
16,71.30971551261406,28.690284487385938,,,,,,
17,69.96108427267848,27.522812667740205,2.5161030595813205,,,,,
18,70.0281803542673,27.49597423510467,2.475845410628019,,,,,
19,67.56575415995705,29.958400429414922,2.475845410628019,,,,,
20,67.60601180891035,29.918142780461622,2.475845410628019,,,,,
21,67.02227589908749,25.677670424047236,2.442297369833602,4.85775630703167,,,,
22,67.06924315619968,25.63070316693505,2.442297369833602,4.85775630703167,,,,
23,67.11621041331186,25.623993558776167,2.4020397208803006,4.85775630703167,,,,
24,66.98201825013419,25.758185721953836,2.4020397208803006,4.85775630703167,,,,
25,67.08937198067633,25.684380032206118,2.368491680085883,4.85775630703167,,,,
26,67.18330649490069,24.879227053140095,2.2946859903381642,3.2206119162640903,2.100107353730542,0.322061191626409,,
27,67.20343531937735,24.859098228663445,2.2946859903381642,3.2206119162640903,2.100107353730542,0.322061191626409,,
28,67.33762748255502,24.745034889962426,2.2946859903381642,3.2004830917874396,2.100107353730542,0.322061191626409,,
29,57.46779388083736,34.634997316156735,2.2946859903381642,3.2004830917874396,2.0799785292538915,0.322061191626409,,
30,57.52818035426731,34.333064949006975,2.536231884057971,3.2004830917874396,2.0799785292538915,0.322061191626409,,
31,55.481749865807835,36.41304347826087,2.5026838432635534,3.2004830917874396,2.0799785292538915,0.322061191626409,,
32,55.562265163714436,36.34594739667203,2.5026838432635534,3.1870638754696725,2.0799785292538915,0.322061191626409,,
33,55.642780461621044,36.292270531400966,2.475845410628019,3.1870638754696725,2.0799785292538915,0.322061191626409,,
34,52.17391304347826,39.761137949543745,2.475845410628019,3.1870638754696725,2.0799785292538915,0.322061191626409,,
35,52.274557165861516,39.35856146001073,2.475845410628019,3.1870638754696725,2.0128824476650564,0.6910896403650026,,
36,52.44900697799248,39.23778851315083,2.475845410628019,3.166935050993022,1.9793344068706387,0.6910896403650026,,
37,43.27697262479871,50.18786902844874,2.0933977455716586,2.9253891572732154,1.1943102522812667,0.322061191626409,,
38,41.40499194847021,52.05984970477724,2.0933977455716586,2.9253891572732154,1.1943102522812667,0.322061191626409,,
39,41.458668813741276,52.00617283950617,2.0933977455716586,2.9253891572732154,1.1943102522812667,0.322061191626409,,
40,41.6129898013956,51.898819108964034,2.059849704777241,2.9119699409554483,1.1943102522812667,0.322061191626409,,
41,41.74047235641439,51.46269457863661,2.059849704777241,2.871712292002147,1.1943102522812667,0.6709608158883521,,
42,42.17659688674181,51.03327965646806,2.059849704777241,2.871712292002147,1.1943102522812667,0.6642512077294686,,
43,42.330917874396135,50.36231884057971,2.059849704777241,3.388352120236178,1.1943102522812667,0.6642512077294686,,
44,42.250402576489535,50.2012882447665,1.9860440150295222,3.388352120236178,1.5096618357487923,0.6642512077294686,,
45,42.3443370907139,49.7987117552335,1.9860440150295222,3.374932903918411,1.5096618357487923,0.9863123993558777,,
46,40.87493290391841,49.20826623725174,1.9860440150295222,3.374932903918411,3.569511540526033,0.9863123993558777,,
47,41.136607622114866,49.00697799248524,1.9860440150295222,3.3413848631239937,3.5426731078904994,0.9863123993558777,,
48,41.22383252818035,48.91975308641975,1.9860440150295222,3.3413848631239937,3.5426731078904994,0.9863123993558777,,
49,41.33118625872249,48.812399355877616,1.9860440150295222,3.5762211486849167,3.307836822329576,0.9863123993558777,,
50,41.6129898013956,48.54401502952228,1.9726247987117553,3.5762211486849167,3.307836822329576,0.9863123993558777,,
51,41.49892646269458,48.711755233494365,1.9726247987117553,3.5426731078904994,3.2877079978529253,0.9863123993558777,,
52,40.85480407944176,48.530595813204506,1.9726247987117553,3.5426731078904994,4.1129898013955986,0.9863123993558777,,
53,40.92860976918948,47.64492753623188,1.9726247987117553,3.5225442834138487,4.1129898013955986,1.8183038110574343,,
54,40.98899624261943,47.58454106280193,1.9726247987117553,3.5225442834138487,4.1129898013955986,1.8183038110574343,,
55,39.11701556629093,47.50402576489533,1.9726247987117553,3.4957058507783145,4.086151368760064,1.8048845947396672,2.01959205582394,
56,39.20424047235642,47.457058507783145,1.9659151905528718,3.4957058507783145,4.052603327965647,1.8048845947396672,2.01959205582394,
57,39.23778851315083,47.42351046698873,1.9659151905528718,3.294417606011809,4.253891572732153,1.8048845947396672,2.01959205582394,
58,39.2914653784219,47.38996242619431,1.9659151905528718,3.2877079978529253,4.253891572732153,1.7914653784219001,2.01959205582394,
59,36.99677938808374,55.91787439613527,0.2885131508319914,1.9256575415995705,1.3754696725711217,1.4761137949543746,2.01959205582394,
60,37.07729468599034,55.83735909822866,0.2885131508319914,1.9256575415995705,1.3754696725711217,1.4761137949543746,2.01959205582394,
61,37.23832528180354,55.77026301663983,0.2885131508319914,1.8317230273752012,1.3754696725711217,1.4761137949543746,2.01959205582394,
62,37.38593666129898,55.642780461621044,0.2885131508319914,1.8317230273752012,1.3754696725711217,1.4761137949543746,1.9994632313472893,
63,36.2385936661299,56.79012345679013,0.2885131508319914,1.8317230273752012,1.3754696725711217,1.4761137949543746,1.9994632313472893,
64,36.2788513150832,56.74986580783682,0.2885131508319914,1.8317230273752012,1.3754696725711217,1.4761137949543746,1.9994632313472893,
65,36.520397208803004,56.52173913043478,0.27509393451422437,1.8317230273752012,1.3754696725711217,1.4761137949543746,1.9994632313472893,
66,36.60762211486849,56.434514224369295,0.27509393451422437,1.8317230273752012,1.3754696725711217,1.4761137949543746,1.9994632313472893,
67,33.23939881910896,59.957058507783145,0.2616747181964573,1.8317230273752012,1.2345679012345678,1.4761137949543746,1.9994632313472893,
68,33.48094471282877,59.715512614063336,0.2616747181964573,1.8317230273752012,1.2345679012345678,1.4761137949543746,1.9994632313472893,
69,33.561460010735374,59.634997316156735,0.2616747181964573,1.8317230273752012,1.2345679012345678,1.4761137949543746,1.9994632313472893,
70,33.59500805152979,59.60144927536232,0.2616747181964573,1.8317230273752012,1.2345679012345678,1.4761137949543746,1.9994632313472893,
71,33.64868491680086,59.17874396135266,0.2616747181964573,1.8183038110574343,1.1808910359634996,1.9122383252818036,1.9994632313472893,
72,33.70907139023081,59.084809447128286,0.2616747181964573,1.8518518518518519,1.1808910359634996,1.9122383252818036,1.9994632313472893,
73,33.84997316156736,58.984165324745035,0.2616747181964573,1.8384326355340848,1.1808910359634996,1.9122383252818036,1.9726247987117553,
74,33.89694041867955,58.93719806763285,0.2616747181964573,1.8384326355340848,1.1808910359634996,1.9122383252818036,1.9726247987117553,
75,34.11164787976382,58.722490606548575,0.2616747181964573,1.8384326355340848,1.1808910359634996,1.9122383252818036,1.9726247987117553,
76,34.13177670424047,58.7157809983897,0.2616747181964573,1.8384326355340848,1.1808910359634996,1.9122383252818036,1.9592055823939882,
77,34.14519592055824,58.23268921095008,0.2616747181964573,1.8384326355340848,1.1808910359634996,2.38191089640365,1.9592055823939882,
78,34.252549651100374,58.13204508856683,0.2616747181964573,1.8384326355340848,1.1741814278046163,2.38191089640365,1.9592055823939882,
79,32.57514761137949,57.769726247987116,0.2616747181964573,3.878153515834675,1.1741814278046163,2.38191089640365,1.9592055823939882,
80,32.769726247987116,57.67579173376275,0.2616747181964573,3.8580246913580245,1.1741814278046163,2.301395598497048,1.9592055823939882,
81,32.45437466451959,56.374127750939344,0.2616747181964573,6.099033816425121,0.95276435856146,1.8988191089640365,1.9592055823939882,
82,32.038378958668815,55.83735909822866,0.2616747181964573,6.099033816425121,1.9189479334406871,1.8853998926462694,1.9592055823939882,
83,32.2463768115942,55.63607085346216,0.2616747181964573,6.099033816425121,1.9189479334406871,1.8786902844873858,1.9592055823939882,
84,32.50134192163178,55.381105743424584,0.2616747181964573,6.099033816425121,1.9189479334406871,1.8786902844873858,1.9592055823939882,
85,32.67579173376275,55.119431025228124,0.2616747181964573,6.078904991948471,1.9189479334406871,1.9860440150295222,1.9592055823939882,
86,32.689210950080515,55.10601180891036,0.2616747181964573,6.078904991948471,1.9189479334406871,1.9860440150295222,1.9592055823939882,
87,32.729468599033815,55.06575415995706,0.2616747181964573,6.078904991948471,1.9189479334406871,1.9860440150295222,1.9592055823939882,
88,32.74288781535159,54.8443370907139,0.2616747181964573,6.078904991948471,1.9189479334406871,1.9860440150295222,2.167203435319377,
89,32.769726247987116,54.81749865807837,0.2616747181964573,6.078904991948471,1.9189479334406871,1.9860440150295222,2.167203435319377,
90,29.448470209339774,57.347020933977454,0.2616747181964573,6.045356951154052,1.9189479334406871,2.8113258185721954,2.167203435319377,
91,29.522275899087493,57.31347289318304,0.2616747181964573,6.018518518518518,1.9189479334406871,2.7979066022544283,2.167203435319377,
92,28.73725174449812,54.71685453569511,3.656736446591519,6.005099302200751,1.9189479334406871,2.7979066022544283,2.167203435319377,
93,28.804347826086957,54.64975845410628,3.656736446591519,6.005099302200751,1.9189479334406871,2.7979066022544283,2.167203435319377,
94,29.045893719806763,54.448470209339774,3.656736446591519,6.005099302200751,1.90552871712292,2.7979066022544283,2.1403650026838434,
95,28.75738056897477,54.73698336017176,3.656736446591519,6.005099302200751,1.90552871712292,2.7979066022544283,2.1403650026838434,
96,28.817767042404725,54.6833064949007,3.656736446591519,5.998389694041868,1.90552871712292,2.7979066022544283,2.1403650026838434,
97,28.83118625872249,54.669887278582934,3.656736446591519,5.998389694041868,1.90552871712292,2.7979066022544283,2.1403650026838434,
98,28.985507246376812,54.55582393988191,3.656736446591519,5.978260869565218,1.8988191089640365,2.7844873859366612,2.1403650026838434,
99,28.71712292002147,51.898819108964034,3.9519592055823938,8.387010198604402,1.8853998926462694,3.0193236714975846,2.1403650026838434,
100,28.945249597423512,51.72436929683307,3.9519592055823938,8.36688137412775,1.8853998926462694,2.985775630703167,2.1403650026838434,
101,28.985507246376812,51.69753086419753,3.9519592055823938,8.353462157809984,1.8853998926462694,2.985775630703167,2.1403650026838434,
102,29.106280193236714,51.61701556629093,3.9519592055823938,8.340042941492216,1.8585614600107354,2.985775630703167,2.1403650026838434,
103,29.220343531937736,51.54320987654321,3.9318303811057436,8.340042941492216,1.8585614600107354,2.965646806226516,2.1403650026838434,
104,29.374664519592056,51.42914653784219,3.911701556629093,8.319914117015566,1.8585614600107354,2.965646806226516,2.1403650026838434,
105,29.414922168545356,50.83199141170156,1.8250134192163177,8.722490606548577,4.1129898013955986,2.965646806226516,2.1269457863660763,
106,27.30810520665593,51.932367149758456,1.8250134192163177,9.98389694041868,4.1129898013955986,2.945517981749866,1.892109500805153,
107,27.435587761674718,51.82501341921632,1.8048845947396672,9.98389694041868,4.1129898013955986,2.945517981749866,1.892109500805153,
108,27.529522275899087,51.731078904991946,1.8048845947396672,9.98389694041868,4.1129898013955986,2.945517981749866,1.892109500805153,
109,27.603327965646805,51.65727321524423,1.8048845947396672,9.98389694041868,4.1129898013955986,2.945517981749866,1.892109500805153,
110,27.831454643048847,51.51637144390767,1.8048845947396672,9.950348899624261,4.086151368760064,2.918679549114332,1.892109500805153,
111,27.999194847020934,51.46269457863661,1.724369296833065,9.950348899624261,4.052603327965647,2.918679549114332,1.892109500805153,
112,28.488996242619432,51.348631239935585,1.6639828234031133,9.541062801932368,4.146537842190016,2.918679549114332,1.892109500805153,
113,28.6231884057971,51.247987117552334,1.6639828234031133,9.50751476113795,4.146537842190016,2.918679549114332,1.892109500805153,
114,28.663446054750402,51.207729468599034,1.6639828234031133,9.50751476113795,4.146537842190016,2.918679549114332,1.892109500805153,
115,28.951959205582394,51.09366612989801,1.6639828234031133,9.346484165324744,4.146537842190016,2.918679549114332,1.8786902844873858,
116,29.005636070853463,51.06682769726248,1.6639828234031133,9.346484165324744,4.119699409554482,2.918679549114332,1.8786902844873858,
117,29.01905528717123,51.05340848094471,1.6639828234031133,9.346484165324744,4.119699409554482,2.918679549114332,1.8786902844873858,
118,29.03918411164788,50.617283950617285,1.6639828234031133,9.312936124530328,4.569243156199678,2.918679549114332,1.8786902844873858,
119,29.1532474503489,50.55018786902845,1.6639828234031133,9.306226516371444,4.569243156199678,2.8784219001610305,1.8786902844873858,
120,27.079978529253893,38.848631239935585,0.5837359098228664,6.910896403650026,22.289318303811058,2.408749329039184,1.8786902844873858,
121,27.26784755770263,38.74127750939345,0.5837359098228664,6.910896403650026,22.208803005904453,2.408749329039184,1.8786902844873858,
122,27.36849168008588,38.69431025228127,0.5837359098228664,6.910896403650026,22.15512614063339,2.408749329039184,1.8786902844873858,
123,27.74422973698336,38.405797101449274,0.5837359098228664,6.910896403650026,22.108158883521202,2.38191089640365,1.865271068169619,
124,27.771068169618893,38.378958668813745,0.5837359098228664,6.910896403650026,22.108158883521202,2.38191089640365,1.865271068169619,
125,26.194310252281266,36.62775093934514,4.247181964573269,6.910896403650026,22.04777241009125,2.1068169618894257,1.865271068169619,
126,26.31508319914117,36.574074074074076,4.247181964573269,6.904186795491143,21.987385936661298,2.1068169618894257,1.865271068169619,
127,26.476113794954376,36.4398819108964,4.247181964573269,6.890767579173376,21.973966720343533,2.1068169618894257,1.865271068169619,
128,26.529790660225444,36.41304347826087,4.2203435319377345,6.890767579173376,21.973966720343533,2.1068169618894257,1.865271068169619,
129,26.603596349973163,36.35265700483092,4.2203435319377345,6.890767579173376,21.960547504025765,2.1068169618894257,1.865271068169619,
130,26.86527106816962,36.20504562533548,4.193505099302201,6.890767579173376,21.87332259796028,2.1068169618894257,1.865271068169619,
131,27.200751476113794,36.11782071926999,4.193505099302201,6.890767579173376,21.87332259796028,2.0933977455716586,1.6304347826086956,
132,27.556360708534623,35.889694041867955,4.166666666666667,6.843800322061192,21.833064949006978,2.0799785292538915,1.6304347826086956,
133,27.65029522275899,35.80246913580247,4.166666666666667,6.843800322061192,21.833064949006978,2.0799785292538915,1.6237251744498122,
134,27.482555018786904,35.587761674718195,4.166666666666667,5.6964573268921095,21.497584541062803,2.0799785292538915,3.488996242619431,
135,27.623456790123456,35.48040794417606,4.133118625872249,5.6964573268921095,21.497584541062803,2.0799785292538915,3.488996242619431,
136,27.697262479871174,35.47369833601718,4.106280193236715,5.6964573268921095,21.4573268921095,2.0799785292538915,3.488996242619431,
137,27.89855072463768,35.30595813204509,4.106280193236715,5.6964573268921095,21.43719806763285,2.0799785292538915,3.475577026301664,
138,27.992485238862052,35.238862050456255,4.092860976918948,5.6964573268921095,21.423778851315085,2.0799785292538915,3.475577026301664,
139,28.119967793880836,34.98389694041868,4.327697262479871,5.656199677938808,21.3768115942029,2.0799785292538915,3.455448201825013,
140,28.327965646806227,34.876543209876544,4.294149221685454,5.656199677938808,21.329844337090712,2.0799785292538915,3.435319377348363,
141,28.341384863123995,34.80944712828771,4.180085882984434,5.656199677938808,21.30300590445518,2.2946859903381642,3.4151905528717124,
142,28.267579173376276,34.75577026301664,4.180085882984434,5.656199677938808,21.430488459473967,2.2946859903381642,3.4151905528717124,
143,28.495705850778315,34.70209339774557,4.180085882984434,5.5689747718733225,21.34326355340848,2.2946859903381642,3.4151905528717124,
144,28.509125067096083,34.68867418142781,4.180085882984434,5.522007514761138,21.175523349436393,2.2946859903381642,3.629898013955985,
145,28.6231884057971,34.514224369296834,4.180085882984434,5.522007514761138,21.108427267847556,2.281266774020397,3.770799785292539,
146,28.710413311862588,34.43370907139023,4.180085882984434,5.522007514761138,20.799785292538918,2.281266774020397,3.770799785292539,0.30193236714975846
147,28.824476650563607,34.38003220611916,4.17337627482555,5.522007514761138,20.759527643585614,2.281266774020397,3.7573805689747717,0.30193236714975846
148,29.106280193236714,34.20558239398819,4.17337627482555,5.501878690284487,20.69243156199678,2.281266774020397,3.7372517444981215,0.30193236714975846
149,29.1129898013956,34.20558239398819,4.17337627482555,5.501878690284487,20.685721953837895,2.281266774020397,3.7372517444981215,0.30193236714975846
150,29.274020397208805,34.17874396135266,4.072732152442297,5.501878690284487,20.652173913043477,2.281266774020397,3.7372517444981215,0.30193236714975846
151,24.04723564143854,41.19028448738594,4.045893719806763,5.246913580246914,19.860440150295222,2.24771873322598,3.0595813204508855,0.30193236714975846
152,24.174718196457327,41.0829307568438,4.045893719806763,5.246913580246914,19.840311325818572,2.24771873322598,3.0595813204508855,0.30193236714975846
153,24.376006441223833,40.915190552871714,4.045893719806763,5.246913580246914,19.806763285024154,2.24771873322598,3.0595813204508855,0.30193236714975846
154,24.496779388083738,40.88164251207729,4.045893719806763,5.246913580246914,19.753086419753085,2.2208803005904456,3.052871712292002,0.30193236714975846
155,24.52361782071927,40.85480407944176,4.045893719806763,5.246913580246914,19.753086419753085,2.2208803005904456,3.052871712292002,0.30193236714975846
156,24.44310252281267,39.57326892109501,4.045893719806763,5.226784755770263,19.176060118089104,3.5829307568438002,3.6500268384326353,0.30193236714975846
157,24.57729468599034,39.492753623188406,4.045893719806763,5.226784755770263,19.14922168545357,3.5829307568438002,3.6231884057971016,0.30193236714975846
158,24.188137412775095,38.85534084809447,4.012345679012346,6.461352657004831,19.14922168545357,3.408480944712829,3.6231884057971016,0.30193236714975846
159,24.335748792270532,38.7211486849168,4.012345679012346,6.454643048845948,19.142512077294686,3.408480944712829,3.6231884057971016,0.30193236714975846
160,24.516908212560388,38.6003757380569,4.012345679012346,6.454643048845948,19.142512077294686,3.388352120236178,3.5829307568438002,0.30193236714975846
161,24.671229200214707,38.499731615673646,4.012345679012346,6.454643048845948,19.11567364465915,3.361513687600644,3.5829307568438002,0.30193236714975846
162,24.745034889962426,37.96296296296296,4.012345679012346,6.9310252281266775,19.102254428341386,3.361513687600644,3.5829307568438002,0.30193236714975846
163,24.832259796027913,37.88915727321525,4.012345679012346,6.9310252281266775,19.088835212023618,3.361513687600644,3.5829307568438002,0.30193236714975846
164,24.879227053140095,37.84219001610306,4.012345679012346,6.9310252281266775,19.088835212023618,3.361513687600644,3.5829307568438002,0.30193236714975846
165,24.986580783682232,37.57380568974772,4.012345679012346,6.9310252281266775,19.088835212023618,3.5225442834138487,3.5829307568438002,0.30193236714975846
166,25.127482555018787,37.5402576489533,4.012345679012346,6.890767579173376,19.02173913043478,3.5225442834138487,3.5829307568438002,0.30193236714975846
167,25.281803542673106,37.5,4.012345679012346,6.890767579173376,18.907675791733762,3.5225442834138487,3.5829307568438002,0.30193236714975846
168,25.355609232420825,37.5,4.012345679012346,6.890767579173376,18.874127750939344,3.5091250670960816,3.556092324208266,0.30193236714975846
169,25.543478260869566,37.36580783682233,4.012345679012346,6.890767579173376,18.820450885668276,3.5091250670960816,3.556092324208266,0.30193236714975846
170,25.751476113794954,37.27858293075684,4.012345679012346,6.790123456790123,18.820450885668276,3.5091250670960816,3.535963499731616,0.30193236714975846
171,25.711218464841654,36.87600644122383,4.012345679012346,6.78341384863124,18.38432635534085,4.428341384863124,3.502415458937198,0.30193236714975846
172,25.999731615673646,36.79549114331723,3.9855072463768115,6.763285024154589,18.323939881910896,4.327697262479871,3.502415458937198,0.30193236714975846
173,26.147342995169083,36.70155662909286,3.9855072463768115,6.749865807836822,18.283682232957595,4.327697262479871,3.502415458937198,0.30193236714975846
174,22.168545356951153,32.6556629092861,3.6500268384326353,3.3682232957595275,30.683038110574344,4.139828234031133,3.0327428878153517,0.30193236714975846
175,22.33628556092324,32.64224369296833,3.6500268384326353,3.3682232957595275,30.52871712292002,4.139828234031133,3.0327428878153517,0.30193236714975846
176,22.705314009661837,32.62211486849168,3.3548040794417604,3.3682232957595275,30.475040257648953,4.139828234031133,3.0327428878153517,0.30193236714975846
177,22.799248523886206,32.58185721953838,3.3279656468062266,3.3682232957595275,30.44820182501342,4.139828234031133,3.0327428878153517,0.30193236714975846
178,23.040794417606012,32.46779388083736,3.227321524422974,3.3548040794417604,30.434782608695652,4.139828234031133,3.0327428878153517,0.30193236714975846
179,23.22866344605475,32.400697799248526,3.227321524422974,3.3548040794417604,30.314009661835748,4.139828234031133,3.0327428878153517,0.30193236714975846
180,23.087761674718198,31.796833064949006,3.227321524422974,3.2474503488996245,31.166129898013956,4.139828234031133,3.0327428878153517,0.30193236714975846
181,23.242082662372518,31.709608158883523,3.227321524422974,3.240740740740741,31.132581857219538,4.139828234031133,3.0059044551798175,0.30193236714975846
182,23.309178743961354,31.676060118089104,3.227321524422974,3.240740740740741,30.897745571658614,4.341116478797638,3.0059044551798175,0.30193236714975846
183,23.43666129898014,31.61567364465915,3.227321524422974,3.2206119162640903,30.85077831454643,4.341116478797638,3.0059044551798175,0.30193236714975846
184,23.785560923242084,31.548577563070317,3.079710144927536,3.2206119162640903,30.73671497584541,4.320987654320987,3.0059044551798175,0.30193236714975846
185,23.758722490606548,31.488191089640367,3.207192699946323,3.2206119162640903,30.69645732689211,4.320987654320987,3.0059044551798175,0.30193236714975846
186,24.033816425120772,31.36070853462158,3.207192699946323,3.2004830917874396,30.56897477187332,4.320987654320987,3.0059044551798175,0.30193236714975846
187,23.980139559849704,31.36070853462158,3.207192699946323,5.005367686527107,28.817767042404725,4.320987654320987,3.0059044551798175,0.30193236714975846
188,24.06736446591519,31.32716049382716,3.207192699946323,5.005367686527107,28.81105743424584,4.274020397208803,3.0059044551798175,0.30193236714975846
189,24.094202898550726,31.30703166935051,3.207192699946323,5.005367686527107,28.804347826086957,4.274020397208803,3.0059044551798175,0.30193236714975846
190,24.188137412775095,31.273483628556093,3.207192699946323,5.005367686527107,28.743961352657006,4.274020397208803,3.0059044551798175,0.30193236714975846
191,24.20155662909286,30.85077831454643,3.180354267310789,5.005367686527107,28.368223295759528,4.200214707461084,3.8915727321524423,0.30193236714975846
192,24.3894256575416,30.810520665593128,3.140096618357488,5.005367686527107,28.26086956521739,4.200214707461084,3.8915727321524423,0.30193236714975846
193,24.44310252281267,30.776972624798713,3.140096618357488,4.985238862050457,28.26086956521739,4.200214707461084,3.8915727321524423,0.30193236714975846
194,24.55716586151369,30.743424584004295,3.1199677938808374,4.985238862050457,28.20048309178744,4.200214707461084,3.8915727321524423,0.30193236714975846
195,24.54374664519592,30.743424584004295,3.1199677938808374,4.951690821256038,27.395330112721417,4.200214707461084,3.8915727321524423,1.1540526033279657
196,24.966451959205582,30.669618894256576,3.1199677938808374,4.938271604938271,27.20746108427268,4.200214707461084,3.8714439076757916,1.0265700483091786
197,25.194578636607623,30.56897477187332,3.1199677938808374,4.824208266237251,27.20746108427268,4.186795491143317,3.8714439076757916,1.0265700483091786
198,25.41599570585078,30.46833064949007,3.0864197530864197,4.810789049919484,27.13365539452496,4.186795491143317,3.8714439076757916,1.0265700483091786
199,25.865539452495973,30.434782608695652,3.0595813204508855,4.810789049919484,26.764626945786365,4.166666666666667,3.8714439076757916,1.0265700483091786
200,25.95276435856146,30.347557702630166,3.0327428878153517,4.790660225442834,26.710950080515296,4.26731078904992,3.8714439076757916,1.0265700483091786
201,26.32850241545894,30.018786902844873,3.0193236714975846,4.757112184648417,26.710950080515296,4.26731078904992,3.8714439076757916,1.0265700483091786
202,26.52308105206656,29.938271604938272,3.0193236714975846,4.696725711218465,26.663982823403114,4.260601180891036,3.8714439076757916,1.0265700483091786
203,26.717659688674182,29.904723564143854,3.0193236714975846,4.696725711218465,26.50295222758991,4.260601180891036,3.8714439076757916,1.0265700483091786
204,27.086688137412775,29.7638217928073,3.0059044551798175,4.669887278582931,26.33521202361782,4.240472356414386,3.8714439076757916,1.0265700483091786
205,27.15378421900161,29.74369296833065,2.9589371980676327,4.669887278582931,26.33521202361782,4.240472356414386,3.8714439076757916,1.0265700483091786
206,26.8719806763285,29.159957058507782,5.059044551798175,4.669887278582931,25.261674718196456,4.126409017713366,3.844605475040258,1.0064412238325282
207,26.82501341921632,29.28743961352657,5.059044551798175,4.663177670424047,25.187869028448738,4.126409017713366,3.844605475040258,1.0064412238325282
208,27.012882447665056,29.09957058507783,5.059044551798175,4.663177670424047,25.187869028448738,4.126409017713366,3.844605475040258,1.0064412238325282
209,27.38191089640365,29.09286097691895,5.059044551798175,4.656468062265164,24.832259796027913,4.126409017713366,3.844605475040258,1.0064412238325282
210,27.563070316693505,29.052603327965645,5.059044551798175,4.64975845410628,24.698067632850243,4.126409017713366,3.844605475040258,1.0064412238325282
211,27.657004830917874,29.032474503488995,5.059044551798175,4.616210413311863,24.416264090177133,4.367954911433173,3.844605475040258,1.0064412238325282
212,27.70397208803006,28.569511540526033,4.998658078368224,4.616210413311863,24.355877616747183,4.904723564143854,3.844605475040258,1.0064412238325282
213,27.81803542673108,28.515834675254965,4.9718196457326895,4.616210413311863,24.342458400429415,4.884594739667204,3.844605475040258,1.0064412238325282
214,27.9723564143854,28.455448201825014,4.9718196457326895,4.5893719806763285,24.302200751476114,4.884594739667204,3.8177670424047236,1.0064412238325282
215,27.965646806226516,28.046162104133117,4.9718196457326895,4.5893719806763285,24.268652710681696,4.884594739667204,4.26731078904992,1.0064412238325282
216,27.985775630703166,28.046162104133117,4.9718196457326895,4.5893719806763285,24.248523886205046,4.884594739667204,4.26731078904992,1.0064412238325282
217,28.032742887815353,27.70397208803006,4.944981213097155,4.575952764358561,24.188137412775095,5.280461621041331,4.26731078904992,1.0064412238325282
218,28.166935050993022,27.623456790123456,4.944981213097155,4.575952764358561,24.134460547504027,5.280461621041331,4.26731078904992,1.0064412238325282
219,28.27428878153516,27.596618357487923,4.944981213097155,4.575952764358561,24.08749329039184,5.280461621041331,4.233762748255502,1.0064412238325282
220,28.28099838969404,27.596618357487923,4.944981213097155,4.575952764358561,24.04723564143854,5.414653784219001,4.133118625872249,1.0064412238325282
221,28.31454643048846,27.596618357487923,4.944981213097155,4.575952764358561,24.013687600644122,5.414653784219001,4.133118625872249,1.0064412238325282
222,28.368223295759528,27.563070316693505,4.944981213097155,4.575952764358561,24.013687600644122,5.407944176060118,4.119699409554482,1.0064412238325282
223,28.56280193236715,27.455716586151368,4.924852388620504,4.575952764358561,23.97342995169082,5.407944176060118,4.119699409554482,0.9796027911969941
224,28.69699409554482,27.415458937198068,4.924852388620504,4.575952764358561,23.899624261943103,5.401234567901234,4.106280193236715,0.9796027911969941
225,28.85131508319914,27.388620504562535,4.924852388620504,4.575952764358561,23.785560923242084,5.401234567901234,4.092860976918948,0.9796027911969941
226,28.73054213633924,26.878690284487387,4.777241009125067,4.542404723564144,24.55716586151369,5.441492216854535,4.092860976918948,0.9796027911969941
227,28.63660762211487,26.33521202361782,4.777241009125067,5.401234567901234,24.55716586151369,5.428073000536768,3.8848631239935587,0.9796027911969941
228,28.73054213633924,26.288244766505635,4.757112184648417,5.401234567901234,24.530327428878152,5.428073000536768,3.8848631239935587,0.9796027911969941
229,28.898282340311326,26.288244766505635,4.757112184648417,5.374396135265701,24.3894256575416,5.428073000536768,3.8848631239935587,0.9796027911969941
230,28.958668813741276,26.247987117552334,4.757112184648417,5.367686527106817,24.376006441223833,5.428073000536768,3.8848631239935587,0.9796027911969941
231,29.139828234031132,25.91250670960816,4.757112184648417,5.340848094471283,24.342458400429415,5.656199677938808,3.8714439076757916,0.9796027911969941
232,29.21363392377885,25.87224906065486,4.757112184648417,5.314009661835748,24.335748792270532,5.656199677938808,3.8714439076757916,0.9796027911969941
233,29.21363392377885,25.87224906065486,4.757112184648417,5.314009661835748,24.335748792270532,5.656199677938808,3.8714439076757916,0.9796027911969941
234,29.280730005367687,25.85882984433709,4.757112184648417,5.314009661835748,24.315619967793882,5.642780461621041,3.8580246913580245,0.9728931830381106
235,29.32769726247987,25.845410628019323,4.736983360171766,5.300590445517981,24.315619967793882,5.642780461621041,3.8580246913580245,0.9728931830381106
236,29.381374127750938,25.825281803542673,4.703435319377348,5.300590445517981,24.315619967793882,5.642780461621041,3.8580246913580245,0.9728931830381106
237,29.21363392377885,25.34219001610306,4.703435319377348,5.300590445517981,24.97987117552335,5.642780461621041,3.844605475040258,0.9728931830381106
238,29.361245303274288,25.32206119162641,4.703435319377348,5.300590445517981,24.852388620504563,5.642780461621041,3.844605475040258,0.9728931830381106
239,29.408212560386474,25.295222758990874,4.696725711218465,5.300590445517981,24.84567901234568,5.642780461621041,3.8378958668813743,0.9728931830381106
240,29.441760601180892,25.288513150831992,4.696725711218465,5.300590445517981,24.67793880837359,5.642780461621041,3.8378958668813743,1.1137949543746646
241,28.73054213633924,25.140901771336555,4.696725711218465,5.300590445517981,25.59044551798175,5.642780461621041,3.784219001610306,1.1137949543746646
242,28.844605475040257,24.993290391841118,4.696725711218465,5.300590445517981,25.275093934514224,5.642780461621041,4.133118625872249,1.1137949543746646
243,29.07944176060118,24.84567901234568,4.696725711218465,5.300590445517981,25.228126677402038,5.615942028985507,4.119699409554482,1.1137949543746646
244,29.0727321524423,24.825550187869027,4.696725711218465,5.300590445517981,25.281803542673106,5.589103596349974,4.119699409554482,1.1137949543746646
245,29.180085882984432,24.805421363392377,4.696725711218465,5.300590445517981,25.234836285560924,5.589103596349974,4.079441760601181,1.1137949543746646
246,29.2337627482555,24.805421363392377,4.696725711218465,5.293880837359098,25.187869028448738,5.589103596349974,4.079441760601181,1.1137949543746646
247,29.388083735909824,24.745034889962426,4.696725711218465,5.233494363929147,25.15432098765432,5.589103596349974,4.079441760601181,1.1137949543746646
248,29.64975845410628,24.724906065485776,4.696725711218465,5.139559849704777,25.046967257112186,5.562265163714439,4.066022544283414,1.1137949543746646
249,29.810789049919485,24.711486849168008,4.696725711218465,5.12614063338701,24.912775093934513,5.622651637144391,4.045893719806763,1.0735373054213635
250,29.99194847020934,24.671229200214707,4.676596886741814,5.12614063338701,24.84567901234568,5.622651637144391,3.992216854535695,1.0735373054213635
251,30.10601180891036,24.60413311862587,4.616210413311863,5.173107890499195,24.825550187869027,5.622651637144391,3.978797638217928,1.0735373054213635
252,30.314009661835748,24.57729468599034,4.616210413311863,5.132850241545894,24.711486849168008,5.595813204508857,3.978797638217928,1.0735373054213635
253,30.454911433172303,24.496779388083738,4.616210413311863,5.132850241545894,24.698067632850243,5.5756843800322065,3.9519592055823938,1.0735373054213635
254,30.636070853462158,24.416264090177133,4.616210413311863,5.132850241545894,24.63768115942029,5.5689747718733225,3.9184111647879765,1.0735373054213635
255,30.931293612453032,24.416264090177133,4.616210413311863,5.052334943639291,24.590713902308106,5.428073000536768,3.9184111647879765,1.0466988727858293
256,30.97826086956522,24.376006441223833,4.616210413311863,5.045625335480408,24.590713902308106,5.428073000536768,3.9184111647879765,1.0466988727858293
257,31.09903381642512,24.376006441223833,4.616210413311863,5.018786902844874,24.52361782071927,5.428073000536768,3.9184111647879765,1.0198604401502953
258,31.239935587761675,24.36929683306495,4.575952764358561,4.944981213097155,24.50348899624262,5.428073000536768,3.9184111647879765,1.0198604401502953
259,31.340579710144926,24.295491143317232,4.575952764358561,4.944981213097155,24.490069779924852,5.414653784219001,3.9184111647879765,1.0198604401502953
260,31.447933440687063,24.194847020933977,4.575952764358561,4.944981213097155,24.490069779924852,5.407944176060118,3.9184111647879765,1.0198604401502953
261,31.54186795491143,23.993558776167472,4.690016103059581,4.944981213097155,24.48336017176597,5.407944176060118,3.9184111647879765,1.0198604401502953
262,31.582125603864736,23.993558776167472,4.676596886741814,4.944981213097155,24.4699409554482,5.401234567901234,3.911701556629093,1.0198604401502953
263,31.702898550724637,23.993558776167472,4.676596886741814,4.944981213097155,24.3894256575416,5.401234567901234,3.8714439076757916,1.0198604401502953
264,31.78341384863124,23.926462694578635,4.676596886741814,4.944981213097155,24.3894256575416,5.401234567901234,3.8580246913580245,1.0198604401502953
265,31.850509930220074,23.89291465378422,4.64975845410628,4.944981213097155,24.382716049382715,5.401234567901234,3.8580246913580245,1.0198604401502953
266,32.01154052603328,23.845947396672035,4.622920021470746,4.944981213097155,24.315619967793882,5.381105743424584,3.8580246913580245,1.0198604401502953
267,29.844337090713903,20.551529790660226,4.334406870638754,4.944981213097155,30.19994632313473,5.287171229200215,3.8177670424047236,1.0198604401502953
268,29.978529253891573,20.52469135802469,4.327697262479871,4.944981213097155,30.112721417069242,5.273752012882448,3.8177670424047236,1.0198604401502953
269,30.213365539452496,20.202630166398283,4.327697262479871,4.944981213097155,30.005367686527105,5.273752012882448,4.012345679012346,1.0198604401502953
270,30.293880837359097,20.142243692968332,4.327697262479871,4.944981213097155,29.985238862050455,5.273752012882448,4.012345679012346,1.0198604401502953
271,30.314009661835748,19.994632313472895,4.51556629092861,4.918142780461621,29.95169082125604,5.273752012882448,4.012345679012346,1.0198604401502953
272,30.347557702630166,19.994632313472895,4.830917874396135,4.918142780461621,29.61621041331186,5.260332796564681,4.012345679012346,1.0198604401502953
273,30.246913580246915,19.73966720343532,4.830917874396135,4.884594739667204,29.61621041331186,4.951690821256038,4.7101449275362315,1.0198604401502953
274,30.26033279656468,19.73966720343532,4.830917874396135,4.884594739667204,29.61621041331186,4.938271604938271,4.7101449275362315,1.0198604401502953
275,30.367686527106816,19.712828770799785,4.797369833601718,4.884594739667204,29.61621041331186,4.891304347826087,4.7101449275362315,1.0198604401502953
276,30.461621041331185,19.712828770799785,4.797369833601718,4.830917874396135,29.60950080515298,4.85775630703167,4.7101449275362315,1.0198604401502953
277,30.797101449275363,19.639023081052066,4.7638217928073,4.669887278582931,29.57595276435856,4.8376274825550185,4.696725711218465,1.0198604401502953
278,30.917874396135264,19.57192699946323,4.7638217928073,4.669887278582931,29.562533548040793,4.8376274825550185,4.663177670424047,1.0131508319914118
279,30.97826086956522,19.57192699946323,4.7638217928073,4.663177670424047,29.53569511540526,4.830917874396135,4.643048845947397,1.0131508319914118
280,31.092324208266238,19.444444444444443,4.736983360171766,4.663177670424047,29.274020397208805,4.830917874396135,4.944981213097155,1.0131508319914118
281,31.246645195920557,19.363929146537842,4.736983360171766,4.663177670424047,29.20692431561997,4.824208266237251,4.944981213097155,1.0131508319914118
282,31.46135265700483,19.296833064949006,4.736983360171766,5.347557702630167,28.515834675254965,4.683306494900698,4.944981213097155,1.0131508319914118
283,31.749865807836823,19.296833064949006,4.736983360171766,5.3341384863123995,28.415190552871714,4.683306494900698,4.770531400966184,1.0131508319914118
284,31.776704240472355,19.296833064949006,4.87788513150832,5.3341384863123995,28.247450348899623,4.683306494900698,4.770531400966184,1.0131508319914118
285,31.904186795491142,19.269994632313473,4.87788513150832,5.3341384863123995,28.14680622651637,4.683306494900698,4.770531400966184,1.0131508319914118
286,32.018250134192165,19.26328502415459,4.87788513150832,5.3341384863123995,28.039452495974235,4.683306494900698,4.770531400966184,1.0131508319914118
287,32.058507783145465,19.249865807836823,4.87788513150832,5.3341384863123995,28.012614063338702,4.683306494900698,4.770531400966184,1.0131508319914118
288,32.1256038647343,19.229736983360173,4.87788513150832,5.3341384863123995,27.979066022544284,4.669887278582931,4.770531400966184,1.0131508319914118
289,32.420826623725176,19.129092860976918,4.8376274825550185,5.280461621041331,27.87842190016103,4.669887278582931,4.770531400966184,1.0131508319914118
290,32.52818035426731,19.129092860976918,4.804079441760601,5.267042404723564,27.81803542673108,4.669887278582931,4.770531400966184,1.0131508319914118
291,32.64224369296833,19.0552871712292,4.804079441760601,5.267042404723564,27.78448738593666,4.663177670424047,4.770531400966184,1.0131508319914118
292,32.9374664519592,19.0552871712292,4.777241009125067,5.267042404723564,27.51610305958132,4.663177670424047,4.770531400966184,1.0131508319914118
293,32.98443370907139,19.0552871712292,4.777241009125067,5.267042404723564,27.469135802469136,4.663177670424047,4.770531400966184,1.0131508319914118
294,33.091787439613526,19.028448738593667,4.777241009125067,5.260332796564681,27.42216854535695,4.663177670424047,4.74369296833065,1.0131508319914118
295,32.87707997852925,19.256575415995705,4.777241009125067,5.246913580246914,27.42216854535695,4.663177670424047,4.74369296833065,1.0131508319914118
296,32.930756843800324,19.256575415995705,4.777241009125067,5.246913580246914,27.36849168008588,4.663177670424047,4.74369296833065,1.0131508319914118
