,45,50,55,51,52,54,53,56,57,58,60,59
0,99.68464841653247,0.3153515834675255,,,,,,,,,,
1,99.68464841653247,0.3153515834675255,,,,,,,,,,
2,90.62667740203972,9.373322597960279,,,,,,,,,,
3,83.95061728395062,16.049382716049383,,,,,,,,,,
4,77.9723564143854,22.0276435856146,,,,,,,,,,
5,71.57139023081052,28.428609769189478,,,,,,,,,,
6,71.03462157809984,28.965378421900162,,,,,,,,,,
7,57.2463768115942,41.7740203972088,0.9796027911969941,,,,,,,,,
8,50.919216317767045,35.30595813204509,0.30193236714975846,13.47289318303811,,,,,,,,
9,47.48389694041868,38.74127750939345,0.30193236714975846,13.47289318303811,,,,,,,,
10,32.400697799248526,53.58964036500269,0.8051529790660226,13.20450885668277,,,,,,,,
11,31.54186795491143,49.25523349436393,0.7246376811594203,16.27750939345142,2.200751476113795,,,,,,,
12,21.926999463231347,60.668276972624795,0.7246376811594203,14.224369296833064,2.200751476113795,0.2549651100375738,,,,,,
13,22.0276435856146,59.326355340848096,0.7246376811594203,14.224369296833064,2.200751476113795,1.4962426194310252,,,,,,
14,20.585077831454644,62.446323134728935,0.9594739667203436,10.990338164251208,2.200751476113795,0.8118625872249061,2.006172839506173,,,,,
15,20.591787439613526,57.15915190552872,0.8454106280193237,16.06280193236715,2.254428341384863,1.1137949543746646,1.9726247987117553,,,,,
16,20.658883521202362,56.74986580783682,1.1876006441223832,16.06280193236715,2.254428341384863,1.1137949543746646,1.9726247987117553,,,,,
17,19.102254428341386,55.3743961352657,1.1876006441223832,18.99490069779925,2.254428341384863,1.1137949543746646,1.9726247987117553,,,,,
18,15.713902308105206,53.65002683843264,1.5163714439076759,18.927804616210413,7.219538378958669,1.0332796564680622,1.9390767579173376,,,,,
19,14.667203435319378,32.8166935050993,0.8521202361782072,36.01717659688674,7.219538378958669,6.588835212023618,1.8384326355340848,,,,,
20,11.882716049382717,31.756575415995705,0.6374127750939346,43.887546967257116,4.253891572732153,5.743424584004294,1.8384326355340848,,,,,
21,11.084272678475577,27.26113794954375,0.9259259259259259,51.227858293075684,1.9994632313472893,5.555555555555555,1.8384326355340848,0.10735373054213634,,,,
22,9.977187332259795,26.8317230273752,0.9192163177670424,51.21443907675792,3.556092324208266,5.555555555555555,1.8384326355340848,0.10735373054213634,,,,
23,10.19189479334407,26.650563607085346,0.9192163177670424,51.1808910359635,3.556092324208266,5.555555555555555,1.8384326355340848,0.10735373054213634,,,,
24,10.037573805689748,26.006441223832528,0.8923778851315083,52.03301127214171,3.5292538915727323,5.555555555555555,1.8384326355340848,0.10735373054213634,,,,
25,10.077831454643048,26.006441223832528,0.8923778851315083,51.992753623188406,3.5292538915727323,5.555555555555555,1.8384326355340848,0.10735373054213634,,,,
26,7.407407407407407,19.316961889425656,0.1878690284487386,52.02630166398282,18.19645732689211,1.2077294685990339,1.5499194847020934,0.10735373054213634,,,,
27,7.5348899624261945,19.316961889425656,0.1878690284487386,51.912238325281805,18.183038110574344,1.2077294685990339,1.5499194847020934,0.10735373054213634,,,,
28,6.400966183574879,14.338432635534085,0.026838432635534086,60.82259796027912,16.015834675254965,0.7380568974771873,1.5499194847020934,0.10735373054213634,,,,
29,6.568706387546968,14.284755770263017,0.026838432635534086,60.7085346215781,16.015834675254965,0.7380568974771873,1.5499194847020934,0.10735373054213634,,,,
30,6.333870101986044,13.191089640365004,0.2952227589908749,66.22383252818035,11.56736446591519,0.7380568974771873,1.5432098765432098,0.10735373054213634,,,,
31,6.468062265163715,12.909286097691895,0.6105743424584005,65.23752012882447,11.33923778851315,1.1473429951690821,1.5432098765432098,0.7447665056360708,,,,
32,6.515029522275899,12.909286097691895,0.6105743424584005,64.84836285560924,11.33923778851315,1.1473429951690821,1.5432098765432098,1.0869565217391304,,,,
33,6.622383252818035,12.895866881374127,0.6105743424584005,64.6202361782072,10.72866344605475,2.0799785292538915,1.0869565217391304,1.3553408480944713,,,,
34,7.0450885668276975,12.822061191626409,0.5837359098228664,64.37869028448739,10.648148148148149,2.0799785292538915,1.0869565217391304,1.3553408480944713,,,,
35,7.273215244229737,12.144390767579173,0.5703166935050993,59.916800858829845,16.129898013955984,1.5230810520665594,1.0869565217391304,1.3553408480944713,,,,
36,7.306763285024155,12.110842726784755,0.7447665056360708,59.5679012345679,16.056092324208265,1.5230810520665594,1.3352120236178207,1.3553408480944713,,,,
37,7.380568974771873,12.104133118625873,0.7447665056360708,59.346484165324746,15.962157809983896,1.5230810520665594,1.3352120236178207,1.6035963499731616,,,,
38,7.232957595276436,9.695383789586689,0.7447665056360708,62.34567901234568,15.646806226516372,1.2010198604401503,1.3352120236178207,1.7981749865807837,,,,
39,7.467793880837359,9.681964573268921,0.7447665056360708,62.21819645732689,15.552871712292003,1.2010198604401503,1.3352120236178207,1.7981749865807837,,,,
40,6.944444444444445,9.561191626409018,0.4428341384863124,66.59957058507783,11.104401502952227,1.0064412238325282,2.5429414922168547,1.7981749865807837,,,,
41,7.024959742351046,9.561191626409018,0.4428341384863124,65.52603327965647,11.044015029522276,1.8518518518518519,2.5429414922168547,2.006172839506173,,,,
42,6.78341384863124,9.192163177670425,0.4428341384863124,63.73456790123457,13.45276435856146,1.8518518518518519,2.5429414922168547,1.9994632313472893,,,,
43,6.353998926462695,7.065217391304348,0.4428341384863124,60.601180891035966,13.45276435856146,1.7444981213097155,8.340042941492216,1.9994632313472893,,,,
44,6.293612453032743,6.830381105743425,0.4428341384863124,56.454643048845945,18.115942028985508,2.1604938271604937,7.924047235641439,1.778046162104133,,,,
45,5.71658615136876,5.864197530864198,0.4428341384863124,60.037573805689746,16.076221148684915,2.1604938271604937,7.924047235641439,1.778046162104133,,,,
46,5.723295759527644,5.864197530864198,0.5636070853462157,58.93048845947396,16.076221148684915,2.1604938271604937,7.924047235641439,2.757648953301127,,,,
47,5.844068706387547,5.864197530864198,0.5636070853462157,58.82984433709071,16.056092324208265,2.1604938271604937,7.924047235641439,2.757648953301127,,,,
48,5.8172302737520125,5.864197530864198,0.5636070853462157,58.662104133118625,15.861513687600644,2.1604938271604937,7.924047235641439,3.1468062265163717,,,,
49,5.864197530864198,5.864197530864198,0.5636070853462157,58.62855609232421,15.861513687600644,2.1604938271604937,7.924047235641439,3.1333870101986045,,,,
50,5.750134192163178,5.864197530864198,0.5636070853462157,63.6808910359635,10.929951690821255,2.1604938271604937,7.917337627482555,3.1333870101986045,,,,
51,5.938003220611916,5.864197530864198,0.8789586688137413,63.18438003220612,10.929951690821255,2.1604938271604937,7.917337627482555,3.126677402039721,,,,
52,5.891035963499732,5.803811057434245,0.7179280730005367,65.7139023081052,9.923510466988727,1.5432098765432098,7.729468599033816,2.677133655394525,,,,
53,5.649490069779925,5.770263016639828,0.7045088566827697,65.66022544283413,9.816156736446592,1.5432098765432098,7.729468599033816,3.126677402039721,,,,
54,5.60252281266774,5.770263016639828,0.7045088566827697,65.90848094471284,8.836553945249598,1.5432098765432098,10.185185185185185,1.4492753623188406,,,,
55,5.649490069779925,5.770263016639828,0.6910896403650026,65.88164251207729,8.836553945249598,1.5365002683843263,10.185185185185185,1.4492753623188406,,,,
56,5.662909286097692,5.770263016639828,0.6910896403650026,65.86822329575953,8.836553945249598,1.5365002683843263,10.185185185185185,1.4492753623188406,,,,
57,5.984970477724101,5.743424584004294,0.6910896403650026,65.68035426731079,8.816425120772946,1.5365002683843263,10.0979602791197,1.4492753623188406,,,,
58,5.6964573268921095,5.642780461621041,0.5703166935050993,68.84057971014492,6.300322061191626,1.4492753623188406,9.836285560923242,1.6639828234031133,,,,
59,5.803811057434245,5.642780461621041,0.5703166935050993,68.4044551798175,6.085614600107354,1.9927536231884058,9.836285560923242,1.6639828234031133,,,,
60,5.971551261406334,5.642780461621041,0.8387010198604401,67.94820182501341,6.085614600107354,1.9122383252818036,9.762479871175524,1.8384326355340848,,,,
61,5.622651637144391,5.0858829844337095,2.5161030595813205,64.5330112721417,8.769457863660762,1.9122383252818036,9.762479871175524,1.7981749865807837,,,,
62,5.032206119162641,5.025496511003757,2.4892646269457863,58.46081588835212,16.378153515834676,1.2681159420289856,9.762479871175524,1.583467525496511,,,,
63,4.770531400966184,4.247181964573269,2.475845410628019,58.641975308641975,19.85373054213634,1.2681159420289856,7.159151905528717,1.583467525496511,,,,
64,4.944981213097155,4.247181964573269,2.475845410628019,58.641975308641975,19.679280730005367,1.2681159420289856,7.159151905528717,1.583467525496511,,,,
65,5.159688674181428,4.2203435319377345,2.4490069779924855,58.19914117015566,19.605475040257648,1.2681159420289856,7.159151905528717,1.9390767579173376,,,,
66,5.253623188405797,4.2203435319377345,2.4490069779924855,54.41492216854536,24.12775093934514,1.2681159420289856,6.327160493827161,1.9390767579173376,,,,
67,5.4616210413311865,4.2203435319377345,2.4490069779924855,53.87144390767579,23.60440150295223,1.2681159420289856,6.293612453032743,2.6704240472356413,0.1610305958132045,,,
68,5.495169082125604,4.2203435319377345,2.4154589371980677,57.018250134192165,21.027911969940956,1.0802469135802468,6.239935587761675,2.341653247450349,0.1610305958132045,,,
69,4.213633923778851,12.352388620504563,2.15378421900161,54.851046698872786,18.800322061191626,0.7648953301127214,4.361245303274289,2.341653247450349,0.1610305958132045,,,
70,3.8177670424047236,11.245303274288782,2.0531400966183573,56.394256575415994,18.646001073537306,0.7648953301127214,4.361245303274289,2.5563607085346214,0.1610305958132045,,,
71,3.44873859366613,11.225174449812132,1.9726247987117553,61.36607622114869,14.579978529253891,0.8454106280193237,4.361245303274289,2.0397208803005906,0.1610305958132045,,,
72,3.502415458937198,11.225174449812132,1.9726247987117553,61.131239935587764,14.579978529253891,0.8454106280193237,4.3545356951154055,2.227589908749329,0.1610305958132045,,,
73,3.7372517444981215,11.225174449812132,1.9726247987117553,61.761943102522814,13.519860440150294,0.8454106280193237,4.3545356951154055,2.4221685453569513,0.1610305958132045,,,
74,3.8311862587224907,9.930220075147611,1.9726247987117553,61.621041331186255,13.506441223832528,0.7917337627482555,5.763553408480945,2.4221685453569513,0.1610305958132045,,,
75,3.938539989264627,9.930220075147611,1.9726247987117553,61.52710681696189,13.499731615673644,0.7917337627482555,5.763553408480945,2.4154589371980677,0.1610305958132045,,,
76,4.1532474503489,9.930220075147611,1.9726247987117553,58.762748255501876,13.499731615673644,0.7917337627482555,5.662909286097692,5.065754159957058,0.1610305958132045,,,
77,4.2270531400966185,9.91009125067096,1.9726247987117553,58.722490606548575,13.486312399355878,0.7917337627482555,5.662909286097692,5.065754159957058,0.1610305958132045,,,
78,4.314278046162104,9.91009125067096,1.9726247987117553,58.313204508856685,13.47289318303811,0.7917337627482555,5.662909286097692,5.401234567901234,0.1610305958132045,,,
79,4.508856682769726,9.863123993558776,1.9726247987117553,57.9374664519592,13.446054750402576,0.7917337627482555,5.649490069779925,5.669618894256575,0.1610305958132045,,,
80,4.622920021470746,9.863123993558776,2.38191089640365,55.89774557165862,13.271604938271604,0.7917337627482555,7.340311325818572,5.669618894256575,0.1610305958132045,,,
81,4.730273752012883,9.796027911969942,2.38191089640365,55.89774557165862,13.271604938271604,0.7917337627482555,7.313472893183038,5.656199677938808,0.1610305958132045,,,
82,3.851315083199141,7.749597423510467,1.0466988727858293,63.177670424047236,10.265700483091788,0.7917337627482555,7.313472893183038,5.642780461621041,0.1610305958132045,,,
83,4.086151368760064,7.749597423510467,1.247987117552335,63.077026301663984,10.050993022007514,0.7917337627482555,7.192699946323135,5.642780461621041,0.1610305958132045,,,
84,4.253891572732153,7.722758990874933,1.247987117552335,63.0300590445518,10.050993022007514,0.7917337627482555,7.139023081052066,5.60252281266774,0.1610305958132045,,,
85,4.944981213097155,7.669082125603865,1.6035963499731616,62.084004294149224,10.050993022007514,0.7917337627482555,7.139023081052066,5.555555555555555,0.1610305958132045,,,
86,5.213365539452496,7.669082125603865,1.6035963499731616,60.487117552334944,9.990606548577563,0.7917337627482555,8.970746108427267,5.112721417069243,0.1610305958132045,,,
87,5.421363392377885,7.669082125603865,1.6035963499731616,60.29253891572732,9.88996242619431,0.9259259259259259,8.93719806763285,5.0993022007514766,0.1610305958132045,,,
88,5.669618894256575,7.669082125603865,1.778046162104133,59.78931830381106,9.88996242619431,1.5029522275899088,8.668813741277509,4.871175523349437,0.1610305958132045,,,
89,5.891035963499732,7.481213097155126,1.778046162104133,59.77589908749329,9.86983360171766,1.5029522275899088,8.668813741277509,4.871175523349437,0.1610305958132045,,,
90,5.522007514761138,7.481213097155126,1.3419216317767042,63.117283950617285,9.789318303811058,1.5029522275899088,8.085077831454644,3.0595813204508855,0.10064412238325282,,,
91,5.642780461621041,7.461084272678476,1.8451422436929683,62.68115942028985,9.789318303811058,1.5029522275899088,8.07836822329576,2.898550724637681,0.10064412238325282,,,
92,5.83064949006978,7.434245840042942,1.8451422436929683,61.493558776167475,9.769189479334408,1.5029522275899088,9.125067096081589,2.898550724637681,0.10064412238325282,,,
93,5.964841653247451,7.434245840042942,1.8451422436929683,61.3996242619431,9.728931830381105,1.5029522275899088,9.125067096081589,2.898550724637681,0.10064412238325282,,,
94,6.052066559312936,7.434245840042942,3.2541599570585076,60.12479871175523,9.534353193773484,1.5029522275899088,9.098228663446054,2.898550724637681,0.10064412238325282,,,
95,6.112453032742888,5.9447128287707995,3.2541599570585076,59.312936124530324,9.400161030595813,1.5029522275899088,11.513687600644122,2.85829307568438,0.10064412238325282,,,
96,6.300322061191626,5.9447128287707995,3.2541599570585076,59.13848631239936,9.400161030595813,1.5029522275899088,11.513687600644122,2.844873859366613,0.10064412238325282,,,
97,6.052066559312936,5.897745571658615,1.9524959742351047,63.539989264626946,7.0450885668276975,1.1808910359634996,11.513687600644122,2.818035426731079,,,,
98,6.031937734836285,5.897745571658615,1.90552871712292,61.151368760064415,9.500805152979066,1.1808910359634996,11.513687600644122,2.818035426731079,,,,
99,6.239935587761675,5.884326355340848,1.8853998926462694,61.05743424584004,9.453837895866881,1.1808910359634996,11.480139559849706,2.818035426731079,,,,
100,6.340579710144928,5.884326355340848,1.8853998926462694,60.98362855609233,9.453837895866881,1.1808910359634996,11.480139559849706,2.791196994095545,,,,
101,6.099033816425121,5.870907139023081,1.8853998926462694,55.56897477187332,15.177133655394526,1.1607622114868492,11.453301127214171,2.7844873859366612,,,,
102,6.521739130434782,5.864197530864198,1.8853998926462694,55.2536231884058,15.177133655394526,1.1607622114868492,11.352657004830919,2.7844873859366612,,,,
103,7.078636607622115,5.864197530864198,1.8853998926462694,54.750402576489535,15.123456790123457,1.1607622114868492,11.352657004830919,2.7844873859366612,,,,
104,7.286634460547504,5.864197530864198,1.5297906602254427,54.119699409554485,15.60654857756307,1.1607622114868492,11.211755233494364,3.2206119162640903,,,,
105,7.501341921631776,5.864197530864198,1.5297906602254427,54.032474503489,15.566290928609769,1.1607622114868492,11.124530327428879,3.2206119162640903,,,,
106,7.6623725174449815,4.066022544283414,1.710950080515298,52.49597423510467,17.404723564143854,2.38191089640365,11.09098228663446,3.1870638754696725,,,,
107,8.085077831454644,4.03918411164788,1.9189479334406871,51.80488459473967,17.37788513150832,2.38191089640365,11.05072463768116,3.3413848631239937,,,,
108,8.360171765968868,3.9452495974235107,1.7914653784219001,50.54347826086956,18.605743424584006,2.38191089640365,11.030595813204508,3.3413848631239937,,,,
109,8.373590982286634,2.1806226516371443,1.7914653784219001,50.415995705850776,20.974235104669887,2.38191089640365,10.540794417606012,3.3413848631239937,,,,
110,8.36688137412775,2.1806226516371443,1.7914653784219001,50.1610305958132,20.719269994632313,2.3617820719269993,10.540794417606012,3.878153515834675,,,,
111,8.621846484165324,2.167203435319377,1.7914653784219001,49.77187332259796,20.12211486849168,2.3617820719269993,11.366076221148685,3.797638217928073,,,,
112,8.709071390230811,2.167203435319377,1.778046162104133,49.69806763285024,20.12211486849168,2.3617820719269993,11.366076221148685,3.797638217928073,,,,
113,8.648684916800859,2.167203435319377,1.737788513150832,49.644390767579175,20.095276435856146,2.61003757380569,11.366076221148685,3.730542136339238,,,,
114,8.61513687600644,2.167203435319377,1.737788513150832,49.14787976382179,20.095276435856146,3.140096618357488,11.366076221148685,3.730542136339238,,,,
115,8.789586688137414,2.15378421900161,1.737788513150832,48.711755233494365,20.081857219538378,3.1199677938808374,11.366076221148685,4.03918411164788,,,,
116,8.863392377885132,2.15378421900161,2.1269457863660763,48.45679012345679,20.041599570585078,3.0059044551798175,11.312399355877616,4.03918411164788,,,,
117,8.205850778314547,2.15378421900161,1.5499194847020934,49.02710681696189,21.76596886741814,2.757648953301127,10.701825013419215,3.8378958668813743,,,,
118,8.80300590445518,2.15378421900161,1.5499194847020934,48.65807836822329,21.69887278582931,2.9924852388620504,10.332796564680622,3.81105743424584,,,,
119,8.997584541062801,2.15378421900161,1.5499194847020934,48.55072463768116,21.611647879763822,2.9924852388620504,10.332796564680622,3.81105743424584,,,,
120,8.910359634997317,2.15378421900161,1.5499194847020934,48.41653247450349,21.557971014492754,3.374932903918411,10.305958132045088,3.730542136339238,,,,
121,9.017713365539452,2.100107353730542,1.5365002683843263,47.88647342995169,21.537842190016104,3.374932903918411,10.19189479334407,4.3545356951154055,,,,
122,9.064680622651638,2.100107353730542,1.5365002683843263,44.887278582930755,24.530327428878152,3.33467525496511,10.19189479334407,4.3545356951154055,,,,
123,9.064680622651638,2.086688137412775,1.5365002683843263,44.87385936661299,24.282071926999464,3.33467525496511,10.131508319914117,4.690016103059581,,,,
124,9.265968867418144,2.059849704777241,1.5365002683843263,44.37063875469673,24.248523886205046,3.770799785292539,10.091250670960816,4.656468062265164,,,,
125,2.3081052066559313,78.44202898550725,0.38915727321524424,6.884057971014493,4.864465915190553,0.785024154589372,5.622651637144391,0.7045088566827697,,,,
126,2.49597423510467,78.28099838969405,0.38915727321524424,6.884057971014493,4.864465915190553,0.785024154589372,5.595813204508857,0.7045088566827697,,,,
127,3.2004830917874396,65.01610305958133,12.97638217928073,6.884057971014493,4.864465915190553,0.785024154589372,5.5689747718733225,0.7045088566827697,,,,
128,3.4420289855072466,64.90874932903918,12.915995705850777,6.823671497584541,4.864465915190553,0.785024154589372,5.555555555555555,0.7045088566827697,,,,
129,3.5091250670960816,62.94283413848631,14.814814814814815,6.823671497584541,4.864465915190553,0.785024154589372,5.555555555555555,0.7045088566827697,,,,
130,3.2742887815351582,59.876543209876544,14.781266774020397,6.454643048845948,11.272141706924316,0.6977992485238862,3.435319377348363,0.20799785292538917,,,,
131,3.3682232957595275,59.82957595276436,14.781266774020397,6.421095008051529,11.265432098765432,0.6977992485238862,3.4286097691894795,0.20799785292538917,,,,
132,3.5292538915727323,55.89103596349973,18.572195383789587,6.421095008051529,11.265432098765432,0.6843800322061192,3.4286097691894795,0.20799785292538917,,,,
133,3.5963499731615673,55.823939881910896,18.572195383789587,6.421095008051529,11.265432098765432,0.6843800322061192,3.4286097691894795,0.20799785292538917,,,,
134,3.643317230273752,55.77697262479871,18.572195383789587,6.421095008051529,11.178207192699947,0.6843800322061192,3.4286097691894795,0.2952227589908749,,,,
135,3.9452495974235107,55.73000536768653,18.53864734299517,6.380837359098229,10.997047772410092,0.6843800322061192,3.4286097691894795,0.2952227589908749,,,,
136,4.019055287171229,55.662909286097694,18.53864734299517,6.327160493827161,10.742082662372518,0.8856682769726248,3.4151905528717124,0.2952227589908749,0.11406333870101985,,,
137,4.045893719806763,55.64949006977992,18.53864734299517,6.327160493827161,10.72866344605475,0.8856682769726248,3.4151905528717124,0.2952227589908749,0.11406333870101985,,,
138,4.193505099302201,55.52871712292002,18.53864734299517,6.300322061191626,10.72866344605475,0.8856682769726248,3.4151905528717124,0.2952227589908749,0.11406333870101985,,,
139,4.3478260869565215,55.38781535158347,18.53864734299517,6.286902844873859,10.59447128287708,0.8856682769726248,3.4151905528717124,0.2952227589908749,0.24825550187869028,,,
140,4.42163177670424,55.26704240472356,18.223295759527645,6.286902844873859,10.57434245840043,1.2815351583467525,3.4151905528717124,0.28180354267310787,0.24825550187869028,,,
141,4.414922168545357,54.89801395598497,18.209876543209877,6.286902844873859,10.57434245840043,1.2815351583467525,3.8043478260869565,0.28180354267310787,0.24825550187869028,,,
142,4.797369833601718,54.71685453569511,18.109232420826622,6.273483628556092,10.487117552334944,1.2815351583467525,3.8043478260869565,0.28180354267310787,0.24825550187869028,,,
143,4.958400429414922,54.62292002147075,18.04213633923779,6.273483628556092,10.487117552334944,1.2815351583467525,3.8043478260869565,0.28180354267310787,0.24825550187869028,,,
144,5.226784755770263,54.49543746645196,18.00858829844337,6.146001073537305,9.849704777241008,1.9390767579173376,3.8043478260869565,0.28180354267310787,0.24825550187869028,,,
145,5.501878690284487,53.938539989264626,18.290391841116477,6.146001073537305,9.849704777241008,1.9390767579173376,3.8043478260869565,0.28180354267310787,0.24825550187869028,,,
146,5.642780461621041,53.797638217928075,18.290391841116477,6.146001073537305,9.849704777241008,1.9390767579173376,3.8043478260869565,0.28180354267310787,0.24825550187869028,,,
147,5.998389694041868,53.4621578099839,18.290391841116477,5.9514224369296835,9.842995169082126,1.9390767579173376,3.8043478260869565,0.46296296296296297,0.24825550187869028,,,
148,6.944444444444445,52.99248523886205,17.800590445517983,5.736714975845411,9.842995169082126,1.9390767579173376,3.8043478260869565,0.6910896403650026,0.24825550187869028,,,
149,7.152442297369833,45.8064949006978,18.12265163714439,3.717122920021471,9.842995169082126,1.9390767579173376,12.52012882447665,0.6508319914117016,0.24825550187869028,,,
150,7.266505636070853,45.73268921095008,18.10252281266774,3.717122920021471,9.842995169082126,1.9189479334406871,12.52012882447665,0.6508319914117016,0.24825550187869028,,,
151,7.347020933977456,45.73268921095008,18.075684380032207,3.6634460547504024,9.842995169082126,1.9189479334406871,12.52012882447665,0.6508319914117016,0.24825550187869028,,,
152,7.467793880837359,45.67230273752013,18.04213633923779,3.6634460547504024,9.842995169082126,1.9189479334406871,12.493290391841116,0.6508319914117016,0.24825550187869028,,,
153,7.595276435856146,45.63875469672571,17.72007514761138,3.6634460547504024,9.782608695652174,1.9189479334406871,12.4597423510467,0.6508319914117016,0.24825550187869028,0.322061191626409,,
154,7.648953301127214,45.58507783145464,17.72007514761138,3.6634460547504024,9.782608695652174,1.9189479334406871,12.4597423510467,0.6508319914117016,0.24825550187869028,0.322061191626409,,
155,7.675791733762749,45.571658615136876,17.70665593129361,3.6634460547504024,9.782608695652174,1.9189479334406871,12.4597423510467,0.6508319914117016,0.24825550187869028,0.322061191626409,,
156,7.64224369296833,45.28314546430489,17.64626945786366,3.6634460547504024,9.75577026301664,2.428878153515835,12.359098228663447,0.6508319914117016,0.24825550187869028,0.322061191626409,,
157,7.729468599033816,45.269726247987116,17.632850241545892,3.6634460547504024,9.50751476113795,2.428878153515835,12.298711755233494,0.6508319914117016,0.49651100375738055,0.322061191626409,,
158,8.038110574342458,45.01476113794954,17.632850241545892,3.6634460547504024,9.494095544820183,2.428878153515835,12.258454106280194,0.6508319914117016,0.49651100375738055,0.322061191626409,,
159,7.98443370907139,44.50483091787439,18.49838969404187,3.6634460547504024,9.024422973698336,2.5966183574879227,12.258454106280194,0.6508319914117016,0.49651100375738055,0.322061191626409,,
160,8.28636607622115,44.30354267310789,18.4447128287708,3.6634460547504024,8.99087493290392,2.5966183574879227,12.245034889962426,0.6508319914117016,0.49651100375738055,0.322061191626409,,
161,8.279656468062266,43.67283950617284,18.290391841116477,3.616478797638218,8.279656468062266,2.341653247450349,14.049919484702093,0.6508319914117016,0.49651100375738055,0.322061191626409,,
162,8.293075684380032,43.65942028985507,18.290391841116477,3.616478797638218,8.279656468062266,2.623456790123457,13.768115942028986,0.6508319914117016,0.49651100375738055,0.322061191626409,,
163,8.433977455716587,43.625872249060656,18.290391841116477,3.616478797638218,8.279656468062266,2.623456790123457,13.66076221148685,0.6508319914117016,0.49651100375738055,0.322061191626409,,
164,8.561460010735374,43.303811057434245,18.54535695115405,3.616478797638218,8.279656468062266,2.623456790123457,13.600375738056897,0.6508319914117016,0.49651100375738055,0.322061191626409,,
165,8.225979602791197,43.25684380032206,18.54535695115405,3.5829307568438002,8.246108427267847,3.0730005367686526,13.600375738056897,0.6508319914117016,0.49651100375738055,0.322061191626409,,
166,8.299785292538916,43.25684380032206,18.54535695115405,3.5829307568438002,8.246108427267847,3.0730005367686526,13.526570048309178,0.6508319914117016,0.49651100375738055,0.322061191626409,,
167,8.387010198604402,43.25013419216318,18.54535695115405,3.5829307568438002,8.165593129361245,3.0730005367686526,13.526570048309178,0.6508319914117016,0.49651100375738055,0.322061191626409,,
168,8.641975308641975,42.68652710681696,18.88083735909823,3.5829307568438002,8.13875469672571,3.0730005367686526,13.526570048309178,0.6508319914117016,0.49651100375738055,0.322061191626409,,
169,9.514224369296834,42.17659688674181,19.04186795491143,3.5628019323671496,8.07836822329576,2.7509393451422435,13.43263553408481,0.6508319914117016,0.46967257112184646,0.322061191626409,,
170,9.581320450885668,42.16317767042405,18.99490069779925,3.5628019323671496,8.07836822329576,2.7509393451422435,13.030059044551798,0.6508319914117016,0.8655394524959742,0.322061191626409,,
171,10.010735373054214,41.8142780461621,18.947933440687063,3.5628019323671496,8.07836822329576,2.7442297369833604,13.003220611916264,0.6508319914117016,0.8655394524959742,0.322061191626409,,
172,10.205314009661835,41.706924315619965,18.914385399892645,3.556092324208266,8.05823939881911,2.7442297369833604,13.003220611916264,0.6239935587761675,0.8655394524959742,0.322061191626409,,
173,10.258990874932904,41.6935050993022,18.887546967257112,3.556092324208266,8.044820182501342,2.7442297369833604,13.003220611916264,0.6239935587761675,0.8655394524959742,0.322061191626409,,
174,10.339506172839506,41.666666666666664,18.84728931830381,3.556092324208266,8.044820182501342,2.7442297369833604,12.989801395598498,0.6239935587761675,0.8655394524959742,0.322061191626409,,
175,10.520665593129362,41.51905528717123,18.739935587761675,3.556092324208266,8.011272141706923,2.7442297369833604,12.989801395598498,0.6239935587761675,0.8655394524959742,0.322061191626409,0.10735373054213634,
176,10.554213633923778,41.51905528717123,18.739935587761675,3.5225442834138487,8.011272141706923,2.7442297369833604,12.989801395598498,0.6239935587761675,0.8655394524959742,0.322061191626409,0.10735373054213634,
177,10.57434245840043,41.51905528717123,18.719806763285025,3.5225442834138487,8.011272141706923,2.7442297369833604,12.989801395598498,0.6239935587761675,0.8655394524959742,0.322061191626409,0.10735373054213634,
178,10.513955984970478,41.06951154052604,19.243156199677937,3.5225442834138487,8.011272141706923,2.831454643048846,12.889157273215245,0.6239935587761675,0.8655394524959742,0.322061191626409,0.10735373054213634,
179,10.57434245840043,41.00912506709608,19.243156199677937,3.5225442834138487,8.011272141706923,2.831454643048846,12.889157273215245,0.6239935587761675,0.8655394524959742,0.322061191626409,0.10735373054213634,
180,10.748792270531402,40.94202898550725,19.202898550724637,3.455448201825013,8.011272141706923,2.831454643048846,12.889157273215245,0.6239935587761675,0.8655394524959742,0.322061191626409,0.10735373054213634,
181,11.137949543746645,40.56629092860977,19.578636607622116,3.321256038647343,7.971014492753623,2.6301663982823404,12.875738056897477,0.6239935587761675,0.8655394524959742,0.322061191626409,0.10735373054213634,
182,10.802469135802468,40.163714439076756,19.860440150295222,3.294417606011809,9.212292002147075,2.328234031132582,12.419484702093397,0.6239935587761675,0.8655394524959742,0.322061191626409,0.10735373054213634,
183,10.829307568438002,40.083199141170155,19.826892109500804,3.294417606011809,9.212292002147075,2.328234031132582,12.506709608158884,0.6239935587761675,0.8655394524959742,0.322061191626409,0.10735373054213634,
184,11.023886205045626,39.91545893719807,19.826892109500804,3.280998389694042,9.212292002147075,2.328234031132582,12.493290391841116,0.6239935587761675,0.8655394524959742,0.322061191626409,0.10735373054213634,
185,11.41304347826087,39.62694578636608,19.79334406870639,3.280998389694042,9.198872785829307,2.328234031132582,12.453032742887816,0.6239935587761675,0.8521202361782072,0.322061191626409,0.10735373054213634,
186,11.500268384326356,39.27133655394525,20.128824476650564,3.280998389694042,9.16532474503489,2.328234031132582,12.432903918411165,0.6105743424584005,0.8521202361782072,0.322061191626409,0.10735373054213634,
187,11.533816425120772,39.12372517444981,20.242887815351583,3.280998389694042,9.16532474503489,2.328234031132582,12.432903918411165,0.6105743424584005,0.8521202361782072,0.322061191626409,0.10735373054213634,
188,11.701556629092861,39.110305958132045,20.175791733762747,3.2340311325818574,9.138486312399356,2.328234031132582,12.419484702093397,0.6105743424584005,0.8521202361782072,0.322061191626409,0.10735373054213634,
189,11.741814278046162,39.07675791733763,20.175791733762747,3.2340311325818574,9.138486312399356,2.3215244229736984,12.419484702093397,0.6105743424584005,0.8521202361782072,0.322061191626409,0.10735373054213634,
190,11.929683306494901,38.989533011272144,20.128824476650564,3.2340311325818574,9.111647879763822,2.3215244229736984,12.406065485775631,0.6105743424584005,0.8521202361782072,0.30864197530864196,0.10735373054213634,
191,11.943102522812667,38.989533011272144,20.115405260332796,3.2340311325818574,9.111647879763822,2.3215244229736984,12.406065485775631,0.6105743424584005,0.8521202361782072,0.30864197530864196,0.10735373054213634,
192,12.057165861513688,38.95598497047772,20.034889962426195,3.2340311325818574,9.111647879763822,2.3215244229736984,12.406065485775631,0.6105743424584005,0.8521202361782072,0.30864197530864196,0.10735373054213634,
193,12.104133118625873,38.92243692968331,19.732957595276435,3.2340311325818574,9.091519055287172,2.3215244229736984,12.406065485775631,0.6105743424584005,0.8521202361782072,0.30864197530864196,0.10735373054213634,0.30864197530864196
194,12.4597423510467,38.66747181964573,19.732957595276435,3.2340311325818574,8.99087493290392,2.3215244229736984,12.406065485775631,0.6105743424584005,0.8521202361782072,0.30864197530864196,0.10735373054213634,0.30864197530864196
195,12.392646269457863,38.45276435856146,19.732957595276435,3.2139023081052067,8.99087493290392,2.7643585614600106,12.298711755233494,0.5770263016639828,0.8521202361782072,0.30864197530864196,0.10735373054213634,0.30864197530864196
196,12.72812667740204,38.27831454643049,19.665861513687602,3.2139023081052067,8.93719806763285,2.7643585614600106,12.258454106280194,0.5770263016639828,0.8521202361782072,0.30864197530864196,0.10735373054213634,0.30864197530864196
197,12.754965110037574,37.5805152979066,20.531400966183575,3.1065485775630703,8.93719806763285,2.690552871712292,12.258454106280194,0.5636070853462157,0.8521202361782072,0.30864197530864196,0.10735373054213634,0.30864197530864196
198,12.801932367149758,37.5805152979066,20.511272141706925,3.1065485775630703,8.93719806763285,2.6637144390767578,12.258454106280194,0.5636070853462157,0.8521202361782072,0.30864197530864196,0.10735373054213634,0.30864197530864196
199,12.942834138486312,37.5,20.511272141706925,3.099838969404187,8.923778851315083,2.6301663982823404,12.258454106280194,0.5568974771873323,0.8521202361782072,0.30864197530864196,0.10735373054213634,0.30864197530864196
200,13.16425120772947,37.34567901234568,20.48443370907139,3.0730005367686526,8.923778851315083,2.6167471819645733,12.258454106280194,0.5568974771873323,0.8521202361782072,0.30864197530864196,0.10735373054213634,0.30864197530864196
201,13.238056897477188,37.31213097155126,20.45088566827697,3.0730005367686526,8.923778851315083,2.6167471819645733,12.25174449812131,0.5568974771873323,0.8521202361782072,0.30864197530864196,0.10735373054213634,0.30864197530864196
202,13.560118089103597,37.23832528180354,20.42404723564144,3.0730005367686526,8.729200214707461,2.61003757380569,12.23161567364466,0.5568974771873323,0.8521202361782072,0.30864197530864196,0.10735373054213634,0.30864197530864196
203,13.311862587224907,37.21148684916801,20.397208803005906,3.066290928609769,9.380032206119163,2.61003757380569,11.889425657541599,0.5568974771873323,0.8521202361782072,0.30864197530864196,0.10735373054213634,0.30864197530864196
204,13.197799248523886,37.204777241009126,20.638754696725712,2.985775630703167,9.366612989801396,2.61003757380569,11.862587224906065,0.5568974771873323,0.8521202361782072,0.30864197530864196,0.10735373054213634,0.30864197530864196
205,13.479602791196994,37.11084272678475,20.511272141706925,2.985775630703167,9.333064949006978,2.5831991411701556,11.862587224906065,0.5568974771873323,0.8521202361782072,0.30864197530864196,0.10735373054213634,0.30864197530864196
206,13.553408480944713,36.822329575952764,20.323403113258184,2.985775630703167,8.715780998389693,2.5831991411701556,11.862587224906065,0.9125067096081588,1.5163714439076759,0.30864197530864196,0.10735373054213634,0.30864197530864196
207,13.66076221148685,36.822329575952764,20.26972624798712,2.985775630703167,8.715780998389693,2.5295222758990876,11.862587224906065,0.9125067096081588,1.5163714439076759,0.30864197530864196,0.10735373054213634,0.30864197530864196
208,13.486312399355878,36.802200751476114,20.477724100912507,2.9723564143853998,8.715780998389693,2.5295222758990876,11.862587224906065,0.9125067096081588,1.5163714439076759,0.30864197530864196,0.10735373054213634,0.30864197530864196
209,13.808373590982287,36.802200751476114,20.41062801932367,2.9723564143853998,8.460815888352121,2.5295222758990876,11.305689747718732,0.9125067096081588,1.4895330112721417,0.8923778851315083,0.10735373054213634,0.30864197530864196
210,13.915727321524423,36.761943102522814,20.356951154052602,2.9723564143853998,8.460815888352121,2.5161030595813205,11.305689747718732,0.9125067096081588,1.4895330112721417,0.8923778851315083,0.10735373054213634,0.30864197530864196
211,13.915727321524423,36.73510466988728,20.343531937734838,2.945517981749866,8.561460010735374,2.5161030595813205,11.272141706924316,0.9125067096081588,1.4895330112721417,0.8923778851315083,0.10735373054213634,0.30864197530864196
212,13.935856146001074,36.72839506172839,20.343531937734838,2.945517981749866,8.561460010735374,2.5161030595813205,11.07085346215781,0.9125067096081588,1.4895330112721417,1.0802469135802468,0.10735373054213634,0.30864197530864196
213,14.002952227589908,36.46672034353194,20.343531937734838,2.9253891572732154,8.561460010735374,2.7308105206655933,11.07085346215781,0.9125067096081588,1.4895330112721417,1.0802469135802468,0.10735373054213634,0.30864197530864196
214,14.190821256038648,36.460010735373054,20.26972624798712,2.918679549114332,8.460815888352121,2.7308105206655933,11.07085346215781,0.9125067096081588,1.4895330112721417,1.0802469135802468,0.10735373054213634,0.30864197530864196
215,14.345142243692969,36.33252818035427,19.94766505636071,2.918679549114332,8.427267847557703,3.2206119162640903,10.909822866344605,0.9125067096081588,1.4895330112721417,1.0802469135802468,0.10735373054213634,0.30864197530864196
216,14.546430488459475,36.30568974771873,19.94766505636071,2.918679549114332,8.413848631239935,3.2206119162640903,10.775630703166936,0.9125067096081588,1.4895330112721417,1.0534084809447128,0.10735373054213634,0.30864197530864196
217,14.586688137412775,36.272141706924316,19.94766505636071,2.918679549114332,8.413848631239935,3.2206119162640903,10.768921095008052,0.9125067096081588,1.4895330112721417,1.0534084809447128,0.10735373054213634,0.30864197530864196
218,14.714170692431562,36.2385936661299,19.900697799248523,2.918679549114332,8.393719806763285,3.2206119162640903,10.742082662372518,0.9125067096081588,1.4895330112721417,1.0534084809447128,0.10735373054213634,0.30864197530864196
219,14.949006977992486,36.010466988727856,19.900697799248523,2.918679549114332,8.393719806763285,3.2206119162640903,10.735373054213634,0.9125067096081588,1.4895330112721417,1.0534084809447128,0.10735373054213634,0.30864197530864196
220,15.056360708534621,35.970209339774556,19.867149758454108,2.918679549114332,8.393719806763285,3.2206119162640903,10.735373054213634,0.9125067096081588,1.4895330112721417,1.0198604401502953,0.10735373054213634,0.30864197530864196
221,15.123456790123457,35.94337090713902,19.826892109500804,2.918679549114332,8.393719806763285,3.2206119162640903,10.735373054213634,0.9125067096081588,1.4895330112721417,1.0198604401502953,0.10735373054213634,0.30864197530864196
222,15.210681696188942,35.91653247450349,19.826892109500804,2.918679549114332,8.333333333333334,3.2206119162640903,10.735373054213634,0.9125067096081588,1.4895330112721417,1.0198604401502953,0.10735373054213634,0.30864197530864196
223,15.210681696188942,35.76221148684917,19.981213097155127,2.918679549114332,8.333333333333334,3.2206119162640903,10.735373054213634,0.9125067096081588,1.4895330112721417,1.0198604401502953,0.10735373054213634,0.30864197530864196
224,14.828234031132581,35.37305421363392,19.80005367686527,2.3550724637681157,8.3064949006978,4.783950617283951,10.735373054213634,0.8923778851315083,1.4895330112721417,1.0198604401502953,0.10735373054213634,0.30864197530864196
225,14.97584541062802,35.265700483091784,19.773215244229736,2.3550724637681157,8.293075684380032,4.783950617283951,10.735373054213634,0.8923778851315083,1.4895330112721417,1.0198604401502953,0.10735373054213634,0.30864197530864196
226,14.99597423510467,35.218733225979605,19.766505636070853,2.3550724637681157,8.293075684380032,4.958400429414922,10.59447128287708,0.8923778851315083,1.4895330112721417,1.0198604401502953,0.10735373054213634,0.30864197530864196
227,15.08990874932904,35.178475577026305,19.746376811594203,2.3550724637681157,8.293075684380032,4.958400429414922,10.567632850241546,0.8923778851315083,1.4895330112721417,1.0131508319914118,0.10735373054213634,0.30864197530864196
228,15.083199141170155,35.01073537305421,19.920826623725173,2.3550724637681157,8.293075684380032,4.958400429414922,10.567632850241546,0.8923778851315083,1.4895330112721417,1.0131508319914118,0.10735373054213634,0.30864197530864196
229,15.217391304347826,34.95034889962426,19.920826623725173,2.3550724637681157,8.293075684380032,4.958400429414922,10.527375201288244,0.8923778851315083,1.4895330112721417,0.9796027911969941,0.10735373054213634,0.30864197530864196
