,45,50,55,54,52,51,56,53,57
0,95.61191626409018,4.388083735909823,,,,,,,
1,95.61191626409018,4.388083735909823,,,,,,,
2,93.18974771873323,6.414385399892646,0.39586688137412773,,,,,,
3,91.98201825013419,7.62211486849168,0.39586688137412773,,,,,,
4,78.38164251207729,19.236446591519055,0.39586688137412773,1.9860440150295222,,,,,
5,77.2410091250671,20.377079978529252,0.39586688137412773,1.9860440150295222,,,,,
6,68.96135265700484,28.65673644659152,0.39586688137412773,1.9860440150295222,,,,,
7,46.2157809983897,41.10976918947934,,0.0067096081588835215,12.667740203972087,,,,
8,46.3365539452496,41.096349973161566,,0.0067096081588835215,12.560386473429952,,,,
9,39.17740203972088,41.378153515834676,0.5703166935050993,0.0067096081588835215,12.258454106280194,6.608964036500268,,,
10,38.49302200751476,39.04320987654321,0.5703166935050993,0.0067096081588835215,7.071926999463232,14.814814814814815,,,
11,38.36553945249597,39.17740203972088,0.5703166935050993,0.0067096081588835215,7.071926999463232,14.80810520665593,,,
12,38.56682769726248,39.049919484702095,0.5703166935050993,0.0067096081588835215,7.071926999463232,14.734299516908212,,,
13,37.88915727321525,35.47369833601718,0.7447665056360708,0.0067096081588835215,11.580783682232958,14.304884594739667,,,
14,37.82206119162641,29.488727858293075,0.48980139559849706,0.0067096081588835215,7.581857219538379,24.610842726784757,,,
15,37.76167471819646,29.482018250134193,0.48980139559849706,0.48980139559849706,7.1658615136876005,24.610842726784757,,,
16,38.20450885668277,29.70343531937735,0.48980139559849706,0.48980139559849706,7.112184648416532,24.000268384326354,,,
17,38.2313472893183,29.388083735909824,0.8387010198604401,0.48980139559849706,7.051798174986581,24.000268384326354,,,
18,38.31857219538379,29.354535695115406,0.8387010198604401,0.48980139559849706,6.702898550724638,23.63123993558776,0.6642512077294686,,
19,34.70209339774557,34.10493827160494,0.8387010198604401,0.48980139559849706,6.702898550724638,22.497316156736446,0.6642512077294686,,
20,34.77589908749329,34.10493827160494,0.8387010198604401,0.48980139559849706,6.662640901771336,22.463768115942027,0.6642512077294686,,
21,33.923778851315085,34.38003220611916,0.8387010198604401,0.48980139559849706,7.300053676865271,22.403381642512077,0.6642512077294686,,
22,31.91760601180891,36.862587224906065,0.9594739667203436,0.48980139559849706,7.300053676865271,21.833064949006978,0.6374127750939346,,
23,29.78395061728395,35.44015029522276,0.9594739667203436,0.48980139559849706,7.024959742351046,25.577026301663984,0.7246376811594203,,
24,27.66371443907676,37.74154589371981,0.9259259259259259,0.48980139559849706,7.024959742351046,25.429414922168544,0.7246376811594203,,
25,28.08641975308642,37.19135802469136,0.9259259259259259,0.48980139559849706,6.977992485238862,25.603864734299517,0.7246376811594203,,
26,28.193773483628558,37.063875469672574,0.9259259259259259,0.46967257112184646,7.078636607622115,25.543478260869566,0.7246376811594203,,
27,27.80461621041331,33.85668276972625,0.8051529790660226,0.46967257112184646,7.0383789586688135,28.958668813741276,0.8387010198604401,0.2281266774020397,
28,20.021470746108427,34.35990338164251,0.5568974771873323,1.0466988727858293,6.5552871712292005,35.59447128287708,0.8387010198604401,1.0265700483091786,
29,20.075147611379496,34.333064949006975,0.5568974771873323,1.0466988727858293,6.528448738593666,35.59447128287708,0.8387010198604401,1.0265700483091786,
30,20.189210950080515,31.64922168545357,0.5568974771873323,1.0466988727858293,8.76274825550188,35.929951690821255,0.8387010198604401,1.0265700483091786,
31,19.994632313472895,31.072195383789587,0.5367686527106817,1.0466988727858293,8.749329039184111,36.218464841653244,0.966183574879227,1.415727321524423,
32,17.022275899087493,25.301932367149757,0.8521202361782072,1.5163714439076759,7.9039184111647875,45.73939881910896,0.6374127750939346,1.0265700483091786,
33,15.841384863123993,20.35024154589372,0.7313472893183038,1.5163714439076759,7.830112721417069,48.37627482555019,0.6105743424584005,4.74369296833065,
34,15.982286634460548,20.21604938271605,0.7313472893183038,1.402308105206656,7.830112721417069,47.987117552334944,1.107085346215781,4.74369296833065,
35,16.203703703703702,20.202630166398283,0.7313472893183038,1.3687600644122384,7.809983896940419,46.85990338164251,1.4895330112721417,5.3341384863123995,
36,16.284219001610307,20.142243692968332,0.7313472893183038,1.3687600644122384,7.809983896940419,45.74610842726785,2.5831991411701556,5.3341384863123995,
37,11.748523886205046,30.911164787976382,0.8722490606548577,1.583467525496511,6.045356951154052,44.44444444444444,1.9592055823939882,2.4355877616747184,
38,11.325818572195384,31.427804616210413,0.8722490606548577,1.583467525496511,6.045356951154052,44.20289855072464,2.1068169618894257,2.4355877616747184,
39,10.285829307568438,29.56924315619968,0.8722490606548577,0.9460547504025765,6.031937734836285,47.356414385399894,2.0933977455716586,2.844873859366613,
40,10.72866344605475,29.441760601180892,0.8722490606548577,1.415727321524423,6.031937734836285,46.63848631239936,2.0263016639828235,2.844873859366613,
41,7.541599570585078,36.822329575952764,0.8722490606548577,0.9057971014492754,5.448201825013419,43.53864734299517,2.0263016639828235,2.844873859366613,
42,7.521470746108427,36.7686527106817,0.95276435856146,0.9057971014492754,6.0587761674718195,43.323939881910896,2.0263016639828235,2.442297369833602,
43,7.595276435856146,29.562533548040793,0.95276435856146,1.261406333870102,9.05126140633387,48.84594739667203,2.0263016639828235,0.7045088566827697,
44,7.997852925389157,29.522275899087493,1.1741814278046163,1.6572732152442298,9.782608695652174,46.67874396135266,2.4825550187869028,0.7045088566827697,
45,8.051529790660226,29.522275899087493,1.7310789049919484,1.6572732152442298,9.681964573268921,46.222490606548575,2.4825550187869028,0.6508319914117016,
46,8.313204508856682,29.341116478797638,1.7310789049919484,1.6572732152442298,9.681964573268921,46.14868491680086,2.4825550187869028,0.644122383252818,
47,8.487654320987655,29.341116478797638,1.7176596886741815,1.6572732152442298,9.648416532474503,46.02120236178207,2.4825550187869028,0.644122383252818,
48,8.561460010735374,29.2337627482555,1.6975308641975309,2.1806226516371443,9.648416532474503,45.551529790660226,2.4825550187869028,0.644122383252818,
49,8.729200214707461,29.2337627482555,1.6975308641975309,2.1806226516371443,9.634997316156737,45.410628019323674,2.4691358024691357,0.644122383252818,
50,8.903650026838433,27.82474503488996,1.9927536231884058,3.4420289855072466,11.956521739130435,42.76704240472356,2.4691358024691357,0.644122383252818,
51,8.923778851315083,27.80461621041331,1.9927536231884058,3.911701556629093,11.681427804616211,42.60601180891036,2.4691358024691357,0.6105743424584005,
52,9.084809447128288,27.74422973698336,1.9927536231884058,3.911701556629093,11.654589371980677,42.40472356414385,2.5966183574879227,0.6105743424584005,
53,9.145195920558239,27.710681696188942,1.9927536231884058,3.911701556629093,11.654589371980677,42.37788513150832,2.5966183574879227,0.6105743424584005,
54,8.628556092324208,22.69189479334407,1.9927536231884058,3.911701556629093,10.601180891035963,48.96672034353194,2.5966183574879227,0.6105743424584005,
55,9.138486312399356,22.50402576489533,1.9927536231884058,3.8311862587224907,10.601180891035963,48.72517444981213,2.5966183574879227,0.6105743424584005,
56,9.004294149221685,21.55126140633387,1.9927536231884058,2.7979066022544283,20.71256038647343,41.378153515834676,1.9524959742351047,0.6105743424584005,
57,9.151905528717123,21.511003757380568,1.8786902844873858,3.0327428878153517,20.679012345679013,40.27777777777778,2.85829307568438,0.6105743424584005,
58,9.118357487922705,21.638486312399355,1.8786902844873858,3.0327428878153517,20.658883521202362,40.22410091250671,2.85829307568438,0.5904455179817498,
59,9.426999463231347,21.62506709608159,1.8786902844873858,3.4688674181427803,20.38378958668814,39.76784755770263,2.85829307568438,0.5904455179817498,
60,7.608695652173913,16.639828234031132,1.8585614600107354,2.9589371980676327,12.084004294149223,56.76328502415459,1.8853998926462694,0.20128824476650564,
61,7.6623725174449815,16.639828234031132,1.8585614600107354,2.9589371980676327,12.084004294149223,56.70960815888352,1.8853998926462694,0.20128824476650564,
62,7.702630166398282,16.49892646269458,2.4691358024691357,2.9589371980676327,11.681427804616211,56.54857756307032,1.5096618357487923,0.630703166935051,
63,7.742887815351583,15.908480944712828,2.9119699409554483,2.7241009125067097,11.654589371980677,55.58910359634997,1.4559849704777241,2.0128824476650564,
64,8.064949006977992,15.063070316693505,2.9119699409554483,2.5429414922168547,11.506977992485238,56.44122383252818,1.4559849704777241,2.0128824476650564,
65,8.373590982286634,14.492753623188406,3.7104133118625873,2.475845410628019,11.29898013955985,56.17954911433172,1.4559849704777241,2.0128824476650564,
66,8.507783145464305,14.492753623188406,3.6768652710681695,2.475845410628019,11.252012882447666,56.125872249060656,1.4559849704777241,2.0128824476650564,
67,7.4141170155662905,16.35131508319914,3.6768652710681695,6.749865807836822,9.98389694041868,52.47584541062802,1.442565754159957,1.90552871712292,
68,7.1725711218464845,15.136876006441224,4.17337627482555,2.475845410628019,7.776435856146001,59.614868491680085,1.778046162104133,1.8719806763285025,
69,7.300053676865271,15.069779924852389,4.690016103059581,2.475845410628019,7.615405260332796,59.19887278582931,1.778046162104133,1.8719806763285025,
70,7.367149758454106,15.069779924852389,4.690016103059581,2.475845410628019,7.615405260332796,59.13177670424047,1.778046162104133,1.8719806763285025,
71,7.353730542136339,15.217391304347826,4.690016103059581,2.475845410628019,7.575147611379496,59.07139023081052,1.7713365539452497,1.8451422436929683,
72,7.347020933977456,14.640365002683843,4.777241009125067,1.8719806763285025,9.353193773483628,58.393719806763286,1.7713365539452497,1.8451422436929683,
73,7.548309178743962,14.640365002683843,4.750402576489533,1.8719806763285025,9.353193773483628,58.10520665593129,1.8853998926462694,1.8451422436929683,
74,6.447933440687064,13.667471819645733,3.475577026301664,1.0802469135802468,5.6964573268921095,66.94176060118089,1.2748255501878691,1.415727321524423,
75,6.602254428341385,13.654052603327965,3.475577026301664,1.0802469135802468,5.6964573268921095,66.28421900161031,1.2748255501878691,1.932367149758454,
76,6.816961889425658,13.620504562533547,3.9989264626945786,1.0802469135802468,5.589103596349974,65.68706387546968,1.2748255501878691,1.932367149758454,
77,6.951154052603328,13.144122383252817,4.488727858293076,1.0802469135802468,5.548845947396672,65.57971014492753,1.2748255501878691,1.932367149758454,
78,7.326892109500805,13.077026301663983,4.488727858293076,1.0802469135802468,5.548845947396672,65.2710681696189,1.2748255501878691,1.932367149758454,
79,7.4141170155662905,13.077026301663983,6.729736983360172,0.8990874932903918,5.4549114331723025,62.8690284487386,1.6237251744498122,1.932367149758454,
80,7.50805152979066,13.070316693505099,6.320450885668277,3.3950617283950617,5.4549114331723025,60.69511540526033,1.6237251744498122,1.932367149758454,
81,7.407407407407407,12.104133118625873,6.414385399892646,3.9586688137412773,5.71658615136876,58.59500805152979,1.6237251744498122,4.180085882984434,
82,7.306763285024155,12.050456253354804,5.750134192163178,3.911701556629093,4.609500805152979,60.93666129898014,1.2748255501878691,4.159957058507783,
83,7.320182501341922,11.822329575952764,5.434782608695652,3.8848631239935587,4.609500805152979,59.94363929146538,1.2748255501878691,5.709876543209877,
84,7.628824476650563,11.788781535158346,5.401234567901234,3.8848631239935587,9.212292002147075,55.119431025228124,1.2546967257112185,5.709876543209877,
85,7.50805152979066,11.768652710681696,5.3341384863123995,3.193773483628556,8.252818035426731,56.977992485238865,1.2546967257112185,5.709876543209877,
86,6.843800322061192,11.768652710681696,4.522275899087493,3.1870638754696725,7.716049382716049,59.38674181427805,1.3687600644122384,5.2066559312936125,
87,6.91760601180891,11.768652710681696,4.522275899087493,3.180354267310789,7.716049382716049,59.21229200214707,1.4761137949543746,5.2066559312936125,
88,7.2933440687063875,11.238593666129898,5.307300053676865,3.2340311325818574,7.682501341921632,58.360171765968865,1.4761137949543746,5.407944176060118,
89,7.2933440687063875,11.178207192699947,5.307300053676865,6.951154052603328,7.675791733762749,54.723564143854,1.4626945786366077,5.407944176060118,
90,7.139023081052066,11.057434245840042,5.199946323134729,6.951154052603328,6.910896403650026,54.508856682769725,1.7847557702630166,6.447933440687064,
91,7.273215244229737,11.057434245840042,5.636070853462158,6.951154052603328,6.89747718733226,54.099570585077835,1.710950080515298,6.374127750939345,
92,7.353730542136339,11.003757380568974,5.622651637144391,7.065217391304348,6.89747718733226,53.97208803005905,1.710950080515298,6.374127750939345,
93,7.48792270531401,10.997047772410092,5.622651637144391,7.300053676865271,6.870638754696726,53.636607622114866,1.710950080515298,6.374127750939345,
94,5.770263016639828,6.823671497584541,3.421900161030596,6.367418142780462,14.090177133655395,55.46833064949007,1.6841116478797638,6.374127750939345,
95,5.347557702630167,18.50509930220075,2.677133655394525,4.045893719806763,13.056897477187333,48.470209339774556,1.6774020397208802,6.219806763285024,
96,5.488459473966721,18.4447128287708,2.677133655394525,5.01207729468599,13.056897477187333,47.42351046698873,1.6774020397208802,6.219806763285024,
97,5.71658615136876,18.06226516371444,2.623456790123457,5.448201825013419,12.962962962962964,46.3768115942029,1.6774020397208802,7.132313472893183,
98,5.83064949006978,18.02200751476114,2.623456790123457,5.448201825013419,12.949543746645196,46.31642512077295,1.6774020397208802,7.132313472893183,
99,5.8239398819108965,18.02200751476114,2.623456790123457,5.448201825013419,12.533548040794418,46.222490606548575,1.6774020397208802,7.132313472893183,0.5166398282340311
100,5.897745571658615,18.015297906602253,2.5563607085346214,5.381105743424584,16.6532474503489,42.51878690284487,1.6706924315619969,6.790123456790123,0.5166398282340311
101,5.35426731078905,17.47181964573269,1.9457863660762211,5.381105743424584,16.6532474503489,44.83360171765969,0.9057971014492754,6.937734836285561,0.5166398282340311
102,5.246913580246914,17.398013955984972,1.9457863660762211,4.414922168545357,16.566022544283413,46.2157809983897,0.9057971014492754,6.790123456790123,0.5166398282340311
103,5.360976918947934,17.398013955984972,1.9457863660762211,4.414922168545357,16.552603327965645,46.11513687600644,0.9057971014492754,6.790123456790123,0.5166398282340311
104,5.434782608695652,17.196725711218466,1.9457863660762211,4.414922168545357,16.552603327965645,45.8870101986044,1.2949543746645196,6.756575415995706,0.5166398282340311
105,5.71658615136876,17.16988727858293,1.9457863660762211,4.414922168545357,16.445249597423512,45.8064949006978,1.2949543746645196,6.756575415995706,0.4495437466451959
106,5.783682232957595,17.16988727858293,1.9457863660762211,4.502147074610843,16.411701556629094,45.6857219538379,1.2949543746645196,6.756575415995706,0.4495437466451959
107,5.884326355340848,16.72705314009662,1.932367149758454,4.502147074610843,16.935050993022006,45.53811057434246,1.2949543746645196,6.736446591519055,0.4495437466451959
108,6.139291465378422,16.72705314009662,1.8988191089640365,4.502147074610843,16.780730005367687,45.51798174986581,1.2949543746645196,6.689479334406871,0.4495437466451959
109,6.152710681696189,15.888352120236178,1.8853998926462694,4.502147074610843,16.74718196457327,45.370370370370374,1.2949543746645196,7.709339774557166,0.4495437466451959
110,6.0587761674718195,14.318303811057435,1.7310789049919484,5.3341384863123995,20.041599570585078,43.062265163714436,1.2949543746645196,7.709339774557166,0.4495437466451959
111,6.078904991948471,14.257917337627482,2.4221685453569513,5.3341384863123995,20.00805152979066,42.56575415995706,1.2949543746645196,7.588566827697263,0.4495437466451959
112,6.293612453032743,14.244498121309716,2.4221685453569513,5.3341384863123995,19.91411701556629,42.47181964573269,1.2949543746645196,7.575147611379496,0.4495437466451959
113,6.447933440687064,14.184111647879764,2.4221685453569513,5.307300053676865,19.860440150295222,42.45840042941492,1.2949543746645196,7.575147611379496,0.4495437466451959
114,6.776704240472356,14.150563607085346,2.4020397208803006,5.307300053676865,19.860440150295222,42.190016103059584,1.2949543746645196,7.568438003220612,0.4495437466451959
115,6.830381105743425,14.11701556629093,2.4020397208803006,4.978529253891573,19.860440150295222,42.15646806226516,1.2949543746645196,7.568438003220612,0.7917337627482555
116,6.977992485238862,14.036500268384327,2.4020397208803006,4.9651100375738055,19.82018250134192,42.08266237251745,1.3553408480944713,7.568438003220612,0.7917337627482555
117,7.152442297369833,14.009661835748792,2.9119699409554483,4.830917874396135,19.45786366076221,41.988727858293075,1.3419216317767042,7.568438003220612,0.7380568974771873
118,7.300053676865271,14.009661835748792,2.9119699409554483,4.810789049919484,19.424315619967793,41.948470209339774,1.3419216317767042,7.568438003220612,0.6843800322061192
119,7.595276435856146,13.969404186795492,2.9119699409554483,4.783950617283951,19.39747718733226,41.7740203972088,1.3419216317767042,7.541599570585078,0.6843800322061192
120,5.991680085882985,17.485238862050455,2.844873859366613,4.669887278582931,19.370638754696724,41.26409017713365,1.3419216317767042,6.347289318303811,0.6843800322061192
121,6.078904991948471,17.45169082125604,2.831454643048846,4.669887278582931,19.343800322061192,41.25067096081589,1.3419216317767042,6.347289318303811,0.6843800322061192
122,6.031937734836285,16.646537842190018,3.6768652710681695,4.575952764358561,20.8870101986044,39.26462694578637,1.8853998926462694,6.347289318303811,0.6843800322061192
123,5.421363392377885,15.982286634460548,3.6768652710681695,2.2611379495437465,26.422436929683307,37.76838432635534,1.724369296833065,6.347289318303811,0.39586688137412773
124,5.152979066022544,15.982286634460548,3.1468062265163717,5.844068706387547,24.188137412775095,37.30542136339238,1.724369296833065,6.347289318303811,0.30864197530864196
125,5.300590445517981,15.96886741814278,3.1333870101986045,5.8239398819108965,24.14787976382179,37.245034889962426,1.724369296833065,6.347289318303811,0.30864197530864196
126,4.810789049919484,14.512882447665056,3.0931293612453032,4.958400429414922,20.954106280193237,43.31052066559313,1.724369296833065,6.347289318303811,0.2885131508319914
127,4.17337627482555,12.117552334943639,1.5297906602254427,4.864465915190553,20.249597423510465,49.100912506709605,1.724369296833065,5.9514224369296835,0.2885131508319914
128,4.28743961352657,12.097423510466989,1.5297906602254427,4.408212560386473,20.249597423510465,48.97342995169082,1.724369296833065,6.4412238325281805,0.2885131508319914
129,4.388083735909823,12.097423510466989,1.5297906602254427,4.408212560386473,20.1959205582394,48.92646269457864,1.724369296833065,6.4412238325281805,0.2885131508319914
130,4.508856682769726,12.04374664519592,1.5297906602254427,4.408212560386473,20.1959205582394,48.87278582930757,1.710950080515298,6.4412238325281805,0.2885131508319914
131,4.730273752012883,11.855877616747183,1.4694041867954912,4.549114331723027,20.081857219538378,48.74530327428878,1.8384326355340848,6.4412238325281805,0.2885131508319914
132,4.810789049919484,11.855877616747183,1.4694041867954912,4.542404723564144,20.101986044015028,48.66478797638218,1.8384326355340848,6.427804616210413,0.2885131508319914
133,4.911433172302737,11.855877616747183,1.4694041867954912,4.542404723564144,16.928341384863124,51.60359634997316,1.9726247987117553,6.427804616210413,0.2885131508319914
134,3.9318303811057436,11.79549114331723,1.2077294685990339,4.367954911433173,15.157004830917874,57.628824476650564,0.6642512077294686,4.643048845947397,0.6038647342995169
135,4.012345679012346,11.79549114331723,1.2077294685990339,4.367954911433173,15.157004830917874,57.54830917874396,0.6642512077294686,4.643048845947397,0.6038647342995169
136,4.253891572732153,11.761943102522812,1.2077294685990339,4.367954911433173,15.143585614600108,57.35373054213634,0.6642512077294686,4.643048845947397,0.6038647342995169
137,4.3545356951154055,11.75523349436393,1.2077294685990339,4.367954911433173,15.083199141170155,57.32018250134192,0.6642512077294686,4.643048845947397,0.6038647342995169
138,4.461889425657541,11.741814278046162,1.2077294685990339,4.341116478797638,14.949006977992486,57.25308641975309,0.798443370907139,4.643048845947397,0.6038647342995169
139,4.575952764358561,11.694847020933977,1.2077294685990339,4.341116478797638,14.888620504562533,57.2463768115942,0.798443370907139,4.643048845947397,0.6038647342995169
140,4.51556629092861,11.674718196457327,1.2077294685990339,4.341116478797638,19.773215244229736,52.603327965646805,0.6508319914117016,4.62962962962963,0.6038647342995169
141,4.582662372517445,11.674718196457327,1.2077294685990339,4.341116478797638,19.773215244229736,52.53623188405797,0.6508319914117016,4.62962962962963,0.6038647342995169
142,4.891304347826087,11.674718196457327,1.2077294685990339,4.341116478797638,19.64573268921095,52.361782071927,0.644122383252818,4.62962962962963,0.6038647342995169
143,4.985238862050457,11.171497584541063,1.710950080515298,4.334406870638754,19.6256038647343,52.30810520665593,0.644122383252818,4.62962962962963,0.5904455179817498
144,5.0858829844337095,11.131239935587761,1.710950080515298,4.334406870638754,19.605475040257648,52.26784755770263,0.644122383252818,4.62962962962963,0.5904455179817498
145,5.300590445517981,11.131239935587761,1.710950080515298,4.327697262479871,19.47799248523886,52.200751476113794,0.644122383252818,4.616210413311863,0.5904455179817498
146,5.475040257648954,11.104401502952227,1.710950080515298,3.9184111647879765,21.490874932903917,50.76489533011272,0.7917337627482555,4.441760601180891,0.30193236714975846
147,5.528717122920021,11.097691894793345,1.710950080515298,3.9184111647879765,21.484165324745035,50.7313472893183,0.7917337627482555,4.435050993022007,0.30193236714975846
148,5.676328502415459,11.077563070316694,1.9860440150295222,3.9184111647879765,21.40365002683843,50.4092860976919,0.7917337627482555,4.435050993022007,0.30193236714975846
149,5.756843800322061,11.044015029522276,1.9860440150295222,3.9049919484702094,21.40365002683843,49.88593666129898,1.2815351583467525,4.435050993022007,0.30193236714975846
150,5.797101449275362,11.044015029522276,1.9860440150295222,3.9049919484702094,21.3768115942029,49.88593666129898,1.2815351583467525,4.42163177670424,0.30193236714975846
151,5.884326355340848,11.044015029522276,1.9860440150295222,5.736714975845411,21.095008051529792,48.56414385399893,1.2815351583467525,4.106280193236715,0.30193236714975846
152,5.870907139023081,11.030595813204508,1.9860440150295222,5.723295759527644,21.088298443370906,48.107890499194845,1.7981749865807837,4.092860976918948,0.30193236714975846
153,5.984970477724101,11.030595813204508,1.9860440150295222,5.723295759527644,21.041331186258724,48.04079441760601,1.7981749865807837,4.092860976918948,0.30193236714975846
154,6.072195383789587,11.023886205045626,1.9860440150295222,5.723295759527644,20.86688137412775,48.04079441760601,1.7981749865807837,4.092860976918948,0.39586688137412773
155,6.172839506172839,11.023886205045626,1.9860440150295222,5.723295759527644,20.840042941492218,47.96698872785829,1.7981749865807837,4.092860976918948,0.39586688137412773
156,6.253354804079442,10.976918947933441,1.9860440150295222,5.723295759527644,20.840042941492218,47.93344068706388,1.7981749865807837,4.092860976918948,0.39586688137412773
157,6.3070316693505095,10.976918947933441,1.9860440150295222,5.723295759527644,20.82662372517445,47.89318303811057,1.7981749865807837,4.092860976918948,0.39586688137412773
158,6.890767579173376,10.88298443370907,1.9524959742351047,5.676328502415459,20.77294685990338,47.81266774020397,1.7981749865807837,3.8177670424047236,0.39586688137412773
159,6.991411701556629,10.88298443370907,1.9524959742351047,5.676328502415459,20.679012345679013,47.68518518518518,1.9189479334406871,3.8177670424047236,0.39586688137412773
160,7.2933440687063875,10.815888352120236,1.9390767579173376,5.790391841116479,20.517981749865807,47.51073537305421,1.9189479334406871,3.8177670424047236,0.39586688137412773
161,7.434245840042942,10.789049919484702,1.9390767579173376,5.776972624798712,20.517981749865807,47.416800858829845,1.9122383252818036,3.8177670424047236,0.39586688137412773
162,7.575147611379496,10.789049919484702,1.9390767579173376,5.750134192163178,20.471014492753625,47.34970477724101,1.9122383252818036,3.8177670424047236,0.39586688137412773
163,7.588566827697263,10.789049919484702,1.9390767579173376,5.750134192163178,20.37037037037037,47.436929683306495,1.9122383252818036,3.8177670424047236,0.39586688137412773
164,8.333333333333334,10.775630703166936,1.932367149758454,5.750134192163178,20.21604938271605,46.866612989801396,1.9122383252818036,3.8177670424047236,0.39586688137412773
165,8.501073537305421,10.775630703166936,1.932367149758454,5.689747718733226,20.182501341921633,46.806226516371446,1.9122383252818036,3.8043478260869565,0.39586688137412773
166,8.68894256575416,10.762211486849168,1.932367149758454,5.689747718733226,20.041599570585078,46.772678475577024,1.9122383252818036,3.8043478260869565,0.39586688137412773
167,8.709071390230811,10.762211486849168,1.932367149758454,5.414653784219001,20.632045088566827,46.43719806763285,1.9122383252818036,3.8043478260869565,0.39586688137412773
168,8.756038647342995,10.701825013419215,1.932367149758454,5.488459473966721,20.632045088566827,46.3768115942029,1.9122383252818036,3.8043478260869565,0.39586688137412773
169,8.849973161567364,10.701825013419215,1.932367149758454,5.488459473966721,20.632045088566827,46.282877079978526,1.9122383252818036,3.8043478260869565,0.39586688137412773
170,7.823403113258186,6.723027375201288,2.6435856146001075,5.475040257648954,20.632045088566827,51.549919484702095,1.9927536231884058,2.7643585614600106,0.39586688137412773
171,7.890499194847021,6.723027375201288,2.6435856146001075,5.475040257648954,20.578368223295758,51.53650026838432,1.9927536231884058,2.7643585614600106,0.39586688137412773
172,7.957595276435856,6.723027375201288,2.6435856146001075,5.475040257648954,20.538110574342458,51.509661835748794,1.9927536231884058,2.7643585614600106,0.39586688137412773
173,7.897208803005904,6.723027375201288,2.6435856146001075,5.360976918947934,20.531400966183575,51.019860440150296,1.865271068169619,3.5628019323671496,0.39586688137412773
174,7.803274288781535,6.66935050993022,3.2675791733762747,5.360976918947934,19.940955448201827,50.85212023617821,2.147074610842727,3.5628019323671496,0.39586688137412773
175,7.96430488459474,6.66935050993022,3.2675791733762747,5.360976918947934,19.940955448201827,50.691089640365,2.147074610842727,3.5628019323671496,0.39586688137412773
176,8.111916264090176,6.66935050993022,3.2675791733762747,5.360976918947934,19.87385936661299,50.52334943639291,2.26784755770263,3.5292538915727323,0.39586688137412773
177,8.259527643585615,6.66935050993022,3.2474503488996245,5.360976918947934,19.847020933977454,50.42270531400966,2.26784755770263,3.5292538915727323,0.39586688137412773
178,8.293075684380032,6.66935050993022,3.2474503488996245,5.360976918947934,19.847020933977454,50.234836285560924,2.4221685453569513,3.5292538915727323,0.39586688137412773
179,8.340042941492216,5.964841653247451,3.2340311325818574,5.360976918947934,20.933977455716587,49.785292538915726,2.4221685453569513,3.6366076221148687,0.322061191626409
180,8.501073537305421,5.958132045088567,3.2340311325818574,5.360976918947934,20.8467525496511,49.73161567364466,2.4154589371980677,3.6366076221148687,0.3153515834675255
181,8.568169618894256,5.931293612453032,3.2340311325818574,4.602791196994096,21.712292002147073,49.59742351046699,2.4020397208803006,3.6366076221148687,0.3153515834675255
182,8.641975308641975,5.864197530864198,3.4957058507783145,4.602791196994096,21.598228663446054,49.49006977992485,2.4020397208803006,3.589640365002684,0.3153515834675255
183,8.68894256575416,5.837359098228664,3.4957058507783145,4.602791196994096,21.578099838969404,49.49006977992485,2.4020397208803006,3.589640365002684,0.3153515834675255
184,8.789586688137414,5.837359098228664,3.4957058507783145,4.5960815888352125,21.524422973698336,49.44981213097155,2.4020397208803006,3.589640365002684,0.3153515834675255
185,8.943907675791733,5.837359098228664,3.4957058507783145,4.5960815888352125,21.504294149221685,48.470209339774556,3.280998389694042,3.556092324208266,0.3153515834675255
186,8.950617283950617,5.837359098228664,3.4957058507783145,4.562533548040794,22.705314009661837,47.57112184648417,3.0059044551798175,3.556092324208266,0.3153515834675255
187,9.111647879763822,5.837359098228664,3.4957058507783145,4.522275899087493,22.685185185185187,47.47047772410091,3.0059044551798175,3.556092324208266,0.3153515834675255
188,9.192163177670425,5.776972624798712,3.4822866344605474,4.643048845947397,22.61808910359635,47.46376811594203,2.952227589908749,3.556092324208266,0.3153515834675255
189,9.400161030595813,5.656199677938808,3.4822866344605474,4.643048845947397,22.61808910359635,47.45034889962426,2.9388083735909825,3.4957058507783145,0.3153515834675255
190,9.648416532474503,5.656199677938808,3.4822866344605474,4.522275899087493,22.57783145464305,47.36312399355877,2.9388083735909825,3.4957058507783145,0.3153515834675255
191,9.896672034353195,5.629361245303274,3.280998389694042,5.01207729468599,22.074610842726784,46.806226516371446,2.9388083735909825,4.045893719806763,0.3153515834675255
192,10.044283413848632,5.555555555555555,3.280998389694042,5.394524959742351,21.68545356951154,46.60493827160494,3.3950617283950617,3.7238325281803544,0.3153515834675255
193,10.238862050456254,5.555555555555555,3.280998389694042,5.394524959742351,21.672034353193773,46.423778851315085,3.3950617283950617,3.7238325281803544,0.3153515834675255
194,10.359634997316157,5.555555555555555,3.280998389694042,5.381105743424584,21.631776704240472,46.363392377885134,3.388352120236178,3.7238325281803544,0.3153515834675255
195,10.540794417606012,5.555555555555555,3.2675791733762747,5.381105743424584,21.604938271604937,46.222490606548575,3.388352120236178,3.7238325281803544,0.3153515834675255
196,10.876274825550189,5.555555555555555,3.2675791733762747,5.340848094471283,21.3768115942029,45.7259796027912,3.8177670424047236,3.7238325281803544,0.3153515834675255
197,10.856146001073537,5.555555555555555,3.2675791733762747,5.340848094471283,21.256038647342994,45.02147074610843,4.663177670424047,3.7238325281803544,0.3153515834675255
198,10.943370907139023,5.555555555555555,3.2675791733762747,5.314009661835748,21.22920021470746,44.98792270531401,4.663177670424047,3.7238325281803544,0.3153515834675255
199,11.044015029522276,5.293880837359098,3.2675791733762747,5.709876543209877,21.162104133118625,44.82018250134192,4.663177670424047,3.7238325281803544,0.3153515834675255
200,11.332528180354267,5.260332796564681,3.2675791733762747,5.709876543209877,20.987654320987655,44.73966720343532,4.663177670424047,3.7238325281803544,0.3153515834675255
201,11.560654857756306,5.260332796564681,3.180354267310789,5.6964573268921095,20.947396672034355,44.68599033816425,4.663177670424047,3.6902844873859366,0.3153515834675255
202,10.903113258185721,5.260332796564681,3.099838969404187,5.387815351583468,16.606280193236714,50.08722490606549,4.64975845410628,3.6902844873859366,0.3153515834675255
203,10.929951690821255,5.260332796564681,3.099838969404187,5.387815351583468,16.606280193236714,49.52361782071927,5.2066559312936125,3.670155662909286,0.3153515834675255
204,9.54777241009125,5.173107890499195,2.8918411164787976,5.293880837359098,14.868491680085883,54.25389157273215,4.106280193236715,3.549382716049383,0.3153515834675255
205,9.728931830381105,5.173107890499195,2.8650026838432634,4.0995705850778315,13.915727321524423,53.918411164787976,4.072732152442297,5.911164787976382,0.3153515834675255
206,9.883252818035427,5.173107890499195,2.8650026838432634,4.0995705850778315,13.828502415458937,53.86473429951691,4.066022544283414,5.904455179817498,0.3153515834675255
207,9.96376811594203,5.173107890499195,2.8650026838432634,4.0995705850778315,13.828502415458937,53.817767042404725,4.03918411164788,5.897745571658615,0.3153515834675255
208,10.104669887278583,5.072463768115942,2.85829307568438,4.0995705850778315,13.828502415458937,53.7842190016103,4.03918411164788,5.897745571658615,0.3153515834675255
209,10.017444981213098,4.9718196457326895,3.1333870101986045,4.0995705850778315,14.378690284487385,53.173644659151904,4.012345679012346,5.897745571658615,0.3153515834675255
210,10.36634460547504,4.9718196457326895,3.1065485775630703,3.992216854535695,14.358561460010735,52.97906602254428,4.012345679012346,5.897745571658615,0.3153515834675255
211,10.399892646269459,4.9718196457326895,3.193773483628556,3.992216854535695,14.345142243692969,52.87842190016103,4.012345679012346,5.891035963499732,0.3153515834675255
212,10.44015029522276,4.944981213097155,3.193773483628556,3.992216854535695,14.345142243692969,52.865002683843265,4.012345679012346,5.891035963499732,0.3153515834675255
213,10.165056360708535,4.944981213097155,3.180354267310789,3.992216854535695,14.325013419216317,52.63687600644123,4.012345679012346,6.427804616210413,0.3153515834675255
214,10.245571658615138,4.944981213097155,3.180354267310789,3.978797638217928,14.325013419216317,52.56977992485239,4.012345679012346,6.427804616210413,0.3153515834675255
215,10.185185185185185,4.918142780461621,4.4820182501341925,3.978797638217928,14.298174986580785,51.55662909286098,3.8378958668813743,6.427804616210413,0.3153515834675255
216,10.473698336017177,4.918142780461621,4.4820182501341925,3.978797638217928,14.278046162104133,51.29495437466452,3.8311862587224907,6.427804616210413,0.3153515834675255
217,10.513955984970478,4.918142780461621,4.4820182501341925,3.978797638217928,14.278046162104133,51.25469672571122,3.8311862587224907,6.427804616210413,0.3153515834675255
218,10.534084809447128,4.918142780461621,4.4820182501341925,4.810789049919484,13.754696725711218,50.691089640365,4.072732152442297,6.421095008051529,0.3153515834675255
219,10.534084809447128,4.918142780461621,4.4820182501341925,4.810789049919484,13.754696725711218,50.691089640365,4.072732152442297,6.421095008051529,0.3153515834675255
220,10.487117552334944,4.918142780461621,4.4820182501341925,4.804079441760601,13.405797101449275,50.415995705850776,4.072732152442297,7.105475040257649,0.30864197530864196
221,10.641438539989265,4.918142780461621,4.4820182501341925,4.804079441760601,13.405797101449275,50.30193236714976,4.032474503488996,7.105475040257649,0.30864197530864196
222,10.674986580783683,4.830917874396135,4.4820182501341925,5.038915727321524,13.405797101449275,50.24825550187869,4.032474503488996,6.977992485238862,0.30864197530864196
223,10.279119699409554,4.830917874396135,4.374664519592056,8.53462157809984,13.405797101449275,46.69887278582931,4.5960815888352125,6.971282877079979,0.30864197530864196
224,10.38647342995169,4.824208266237251,4.341116478797638,8.514492753623188,13.405797101449275,46.65190552871712,4.5960815888352125,6.971282877079979,0.30864197530864196
225,10.554213633923778,4.817498658078368,4.341116478797638,8.514492753623188,13.399087493290391,46.4975845410628,4.5960815888352125,6.971282877079979,0.30864197530864196
226,10.715244229736983,4.817498658078368,4.341116478797638,8.474235104669887,13.358829844337091,46.423778851315085,4.5893719806763285,6.971282877079979,0.30864197530864196
227,10.983628556092324,4.817498658078368,4.341116478797638,8.460815888352121,13.271604938271604,46.262748255501876,4.582662372517445,6.971282877079979,0.30864197530864196
228,11.077563070316694,4.817498658078368,4.341116478797638,8.460815888352121,13.251476113794954,46.18894256575416,4.582662372517445,6.971282877079979,0.30864197530864196
229,11.238593666129898,4.810789049919484,4.2270531400966185,8.454106280193237,13.251476113794954,46.15539452495974,4.582662372517445,6.971282877079979,0.30864197530864196
230,11.647879763821793,4.810789049919484,4.2270531400966185,8.454106280193237,13.16425120772947,45.8467525496511,4.582662372517445,6.957863660762212,0.30864197530864196
231,12.037037037037036,4.810789049919484,4.2270531400966185,8.454106280193237,12.949543746645196,45.793075684380035,4.562533548040794,6.957863660762212,0.20799785292538917
232,12.298711755233494,4.790660225442834,4.2270531400966185,8.440687063875469,12.775093934514224,45.60520665593129,4.696725711218465,6.957863660762212,0.20799785292538917
233,12.392646269457863,4.757112184648417,4.2270531400966185,8.440687063875469,12.761674718196458,45.55823939881911,4.696725711218465,6.957863660762212,0.20799785292538917
234,12.513419216317766,4.757112184648417,4.2270531400966185,8.440687063875469,12.754965110037574,45.471014492753625,4.669887278582931,6.957863660762212,0.20799785292538917
235,12.627482555018787,4.757112184648417,4.3478260869565215,8.293075684380032,12.754965110037574,45.38378958668814,4.669887278582931,6.957863660762212,0.20799785292538917
236,12.788513150831992,4.757112184648417,4.3478260869565215,8.293075684380032,12.72812667740204,45.249597423510465,4.669887278582931,6.957863660762212,0.20799785292538917
237,12.822061191626409,4.757112184648417,4.3478260869565215,8.293075684380032,12.72812667740204,45.21604938271605,4.669887278582931,6.957863660762212,0.20799785292538917
238,12.95625335480408,4.757112184648417,4.3478260869565215,8.232689210950081,12.72812667740204,45.169082125603865,4.643048845947397,6.957863660762212,0.20799785292538917
239,13.137412775093935,4.757112184648417,4.3478260869565215,8.07836822329576,12.721417069243156,45.148953301127214,4.643048845947397,6.957863660762212,0.20799785292538917
240,12.600644122383253,4.730273752012883,4.341116478797638,7.924047235641439,11.003757380568974,49.08749329039184,4.643048845947397,5.4616210413311865,0.20799785292538917
241,12.681159420289855,4.730273752012883,4.341116478797638,7.924047235641439,11.003757380568974,49.00697799248524,4.643048845947397,5.4616210413311865,0.20799785292538917
242,12.493290391841116,4.656468062265164,4.757112184648417,7.769726247987117,11.003757380568974,48.369565217391305,4.602791196994096,6.139291465378422,0.20799785292538917
243,12.848899624261943,4.656468062265164,4.757112184648417,7.763016639828234,10.950080515297907,48.107890499194845,4.602791196994096,6.105743424584004,0.20799785292538917
244,12.828770799785293,4.656468062265164,4.757112184648417,7.763016639828234,10.889694041867955,48.00053676865271,4.602791196994096,6.293612453032743,0.20799785292538917
245,11.453301127214171,4.139828234031133,4.522275899087493,7.219538378958669,10.46027911969941,52.58990874932904,4.334406870638754,5.072463768115942,0.20799785292538917
246,11.446591519055287,4.139828234031133,4.522275899087493,7.48792270531401,10.46027911969941,52.32823403113258,4.334406870638754,5.072463768115942,0.20799785292538917
247,11.54723564143854,4.139828234031133,4.522275899087493,7.48792270531401,10.46027911969941,52.22758990874933,4.334406870638754,5.072463768115942,0.20799785292538917
248,11.674718196457327,4.139828234031133,4.522275899087493,7.48792270531401,10.44015029522276,52.12694578636608,4.334406870638754,5.065754159957058,0.20799785292538917
249,11.876006441223833,4.106280193236715,4.522275899087493,7.48792270531401,10.379763821792807,51.97933440687064,4.408212560386473,5.032206119162641,0.20799785292538917
250,11.882716049382717,4.092860976918948,4.522275899087493,7.709339774557166,10.373054213633925,51.42914653784219,4.750402576489533,5.032206119162641,0.20799785292538917
251,11.956521739130435,4.092860976918948,4.522275899087493,7.709339774557166,10.34621578099839,51.39559849704777,4.736983360171766,5.032206119162641,0.20799785292538917
