,45,50,55,51,53,52,54,58,56,57,59,61,60,63,62
0,99.90606548577563,0.0939345142243693,,,,,,,,,,,,,
1,99.53032742887815,0.46967257112184646,,,,,,,,,,,,,
2,99.45652173913044,0.5434782608695652,,,,,,,,,,,,,
3,98.86607622114869,1.133923778851315,,,,,,,,,,,,,
4,98.70504562533549,1.2949543746645196,,,,,,,,,,,,,
5,98.20182501341921,1.7981749865807837,,,,,,,,,,,,,
6,97.88647342995169,2.1135265700483092,,,,,,,,,,,,,
7,97.75228126677402,2.24771873322598,,,,,,,,,,,,,
8,84.46054750402577,15.539452495974235,,,,,,,,,,,,,
9,84.35990338164251,15.619967793880837,0.020128824476650563,,,,,,,,,,,,
10,84.06468062265164,15.901771336553946,0.020128824476650563,0.013419216317767043,,,,,,,,,,,
11,83.9170692431562,16.049382716049383,0.020128824476650563,0.013419216317767043,,,,,,,,,,,
12,76.36876006441224,23.450080515297905,0.16774020397208803,0.013419216317767043,,,,,,,,,,,
13,76.06682769726248,23.470209339774556,0.41599570585077833,0.013419216317767043,0.03354804079441761,,,,,,,,,,
14,75.99302200751477,23.503757380568974,0.43612453032742887,0.013419216317767043,0.03354804079441761,0.020128824476650563,,,,,,,,,
15,73.77214170692432,25.697799248523886,0.46296296296296297,0.013419216317767043,0.03354804079441761,0.020128824476650563,,,,,,,,,
16,72.8797638217928,26.570048309178745,0.4830917874396135,0.013419216317767043,0.03354804079441761,0.020128824476650563,,,,,,,,,
17,72.27589908749329,27.120236178207193,0.5367686527106817,0.013419216317767043,0.03354804079441761,0.020128824476650563,,,,,,,,,
18,63.768115942028984,34.88325281803543,0.5568974771873323,0.013419216317767043,0.03354804079441761,0.7447665056360708,,,,,,,,,
19,63.687600644122384,34.90338164251208,0.5971551261406334,0.03354804079441761,0.03354804079441761,0.7447665056360708,,,,,,,,,
20,63.51315083199141,34.816156736446594,0.8118625872249061,0.08051529790660225,0.03354804079441761,0.7447665056360708,,,,,,,,,
21,63.47289318303811,34.80273752012882,0.8387010198604401,0.08051529790660225,0.03354804079441761,0.7447665056360708,0.026838432635534086,,,,,,,,
22,63.425925925925924,34.84970477724101,0.8387010198604401,0.08051529790660225,0.03354804079441761,0.7447665056360708,0.026838432635534086,,,,,,,,
23,63.33199141170156,34.80944712828771,0.8722490606548577,0.08051529790660225,0.03354804079441761,0.8454106280193237,0.026838432635534086,,,,,,,,
24,62.96967257112185,35.138217928073,0.9057971014492754,0.08051529790660225,0.03354804079441761,0.8454106280193237,0.026838432635534086,,,,,,,,
25,62.533548040794415,35.55421363392378,0.9259259259259259,0.08051529790660225,0.03354804079441761,0.8454106280193237,0.026838432635534086,,,,,,,,
26,60.27241009125067,37.05716586151369,0.9594739667203436,0.05367686527106817,0.7447665056360708,0.8588298443370908,0.026838432635534086,0.026838432635534086,,,,,,,
27,58.70907139023081,35.68840579710145,0.9863123993558777,2.9589371980676327,0.7447665056360708,0.8588298443370908,0.026838432635534086,0.026838432635534086,,,,,,,
28,58.57487922705314,35.80246913580247,1.0064412238325282,2.9589371980676327,0.7447665056360708,0.8588298443370908,0.026838432635534086,0.026838432635534086,,,,,,,
29,51.90552871712292,42.45169082125604,0.9997316156736447,2.9589371980676327,0.7447665056360708,0.8588298443370908,0.05367686527106817,0.026838432635534086,,,,,,,
30,51.630434782608695,42.652979066022546,1.0064412238325282,2.9924852388620504,0.7447665056360708,0.8588298443370908,0.08722490606548577,0.026838432635534086,,,,,,,
31,50.939345142243695,43.162909286097694,1.1876006441223832,2.9924852388620504,0.7447665056360708,0.8588298443370908,0.08722490606548577,0.026838432635534086,,,,,,,
32,50.84541062801932,42.85426731078905,1.1876006441223832,2.918679549114332,1.06682769726248,0.8722490606548577,0.08722490606548577,0.026838432635534086,0.14090177133655393,,,,,,
33,50.70450885668277,42.96833064949007,1.1876006441223832,2.918679549114332,1.093666129898014,0.8722490606548577,0.08722490606548577,0.026838432635534086,0.14090177133655393,,,,,,
34,50.62399355877617,43.02871712292002,1.2077294685990339,2.918679549114332,1.093666129898014,0.8722490606548577,0.08722490606548577,0.026838432635534086,0.14090177133655393,,,,,,
35,50.348899624261946,43.303811057434245,1.2077294685990339,2.918679549114332,1.093666129898014,0.8722490606548577,0.08722490606548577,0.026838432635534086,0.14090177133655393,,,,,,
36,50.30864197530864,43.27026301663983,1.2412775093934514,2.918679549114332,1.093666129898014,0.8923778851315083,0.08722490606548577,0.026838432635534086,0.1610305958132045,,,,,,
37,50.24154589371981,43.23000536768653,1.3486312399355878,2.918679549114332,1.093666129898014,0.8923778851315083,0.08722490606548577,0.026838432635534086,0.1610305958132045,,,,,,
38,49.47665056360709,43.69296833064949,1.6505636070853462,2.918679549114332,1.0601180891035964,0.8923778851315083,0.12077294685990338,0.026838432635534086,0.1610305958132045,,,,,,
39,49.443102522812666,43.72651637144391,1.6505636070853462,2.918679549114332,1.0601180891035964,0.8923778851315083,0.12077294685990338,0.026838432635534086,0.1610305958132045,,,,,,
40,49.15458937198068,43.82716049382716,1.8115942028985508,2.281266774020397,1.0601180891035964,1.5767579173376274,0.12077294685990338,0.026838432635534086,0.14090177133655393,,,,,,
41,48.83923778851315,44.015029522275896,1.9457863660762211,2.2745571658615136,1.0601180891035964,1.5767579173376274,0.12077294685990338,0.026838432635534086,0.14090177133655393,,,,,,
42,44.60547504025765,48.87278582930757,1.1137949543746646,2.2611379495437465,1.0601180891035964,1.865271068169619,0.07380568974771873,0.026838432635534086,0.12077294685990338,,,,,,
43,44.437734836285564,48.98684916800859,1.1473429951690821,2.281266774020397,1.0601180891035964,1.865271068169619,0.07380568974771873,0.026838432635534086,0.12077294685990338,,,,,,
44,44.38405797101449,48.94659151905529,1.2412775093934514,2.281266774020397,1.0601180891035964,1.865271068169619,0.07380568974771873,0.026838432635534086,0.12077294685990338,,,,,,
45,43.42458400429415,45.819914117015564,1.2077294685990339,6.749865807836822,1.0332796564680622,1.570048309178744,0.0939345142243693,0.026838432635534086,0.07380568974771873,,,,,,
46,40.19055287171229,38.868760064412236,1.1137949543746646,17.67981749865808,0.9863123993558777,1.0064412238325282,0.0939345142243693,0.026838432635534086,0.03354804079441761,,,,,,
47,40.01610305958132,39.01637144390767,1.1406333870101986,17.67981749865808,0.9863123993558777,1.0064412238325282,0.0939345142243693,0.026838432635534086,0.03354804079441761,,,,,,
48,39.700751476113794,39.31159420289855,1.1607622114868492,17.659688674181428,0.9863123993558777,1.0064412238325282,0.0939345142243693,0.026838432635534086,0.05367686527106817,,,,,,
49,38.425925925925924,36.46672034353194,1.1205045625335481,21.786097691894792,0.9863123993558777,0.966183574879227,0.0939345142243693,0.026838432635534086,0.1274825550187869,,,,,,
50,38.425925925925924,36.3593666129898,1.2010198604401503,21.77938808373591,0.9863123993558777,0.9930220075147611,0.0939345142243693,0.026838432635534086,0.13419216317767044,,,,,,
51,38.405797101449274,36.24530327428878,1.4224369296833066,21.68545356951154,0.9863123993558777,0.9930220075147611,0.0939345142243693,0.026838432635534086,0.14090177133655393,,,,,,
52,38.33870101986044,36.090982286634464,1.4224369296833066,21.095008051529792,1.6304347826086956,0.9863123993558777,0.0939345142243693,0.026838432635534086,0.3153515834675255,,,,,,
53,38.33870101986044,36.03730542136339,1.4761137949543746,21.095008051529792,1.6304347826086956,0.9863123993558777,0.0939345142243693,0.026838432635534086,0.3153515834675255,,,,,,
54,38.25147611379496,36.07756307031669,1.5096618357487923,21.088298443370906,1.6304347826086956,0.9997316156736447,0.10735373054213634,0.026838432635534086,0.30864197530864196,,,,,,
55,38.20450885668277,36.12453032742888,1.5096618357487923,21.088298443370906,1.6304347826086956,0.9997316156736447,0.10735373054213634,0.026838432635534086,0.30864197530864196,,,,,,
56,37.063875469672574,36.178207192699944,1.5096618357487923,22.52415458937198,1.6304347826086956,0.6709608158883521,0.10735373054213634,0.026838432635534086,0.2885131508319914,,,,,,
57,36.963231347289316,36.131239935587764,1.6371443907675791,22.490606548577563,1.6438539989264627,0.6776704240472357,0.10735373054213634,0.026838432635534086,0.322061191626409,,,,,,
58,36.89613526570049,36.151368760064415,1.6572732152442298,22.470477724100913,1.6438539989264627,0.6776704240472357,0.13419216317767044,0.026838432635534086,0.3421900161030596,,,,,,
59,36.89613526570049,36.07756307031669,1.710950080515298,22.423510466988727,1.6438539989264627,0.6776704240472357,0.15432098765432098,0.026838432635534086,0.38915727321524424,,,,,,
60,36.37949543746645,35.869565217391305,1.6975308641975309,22.423510466988727,1.6706924315619969,1.3553408480944713,0.15432098765432098,0.026838432635534086,0.4227053140096618,,,,,,
61,35.16505636070853,33.353462157809986,1.6706924315619969,26.25469672571122,1.6706924315619969,1.3486312399355878,0.14090177133655393,0.026838432635534086,0.36902844873859364,,,,,,
62,35.16505636070853,33.353462157809986,1.6505636070853462,26.060118089103597,1.6774020397208802,1.3486312399355878,0.14090177133655393,0.026838432635534086,0.5636070853462157,0.013419216317767043,,,,,
63,34.77589908749329,33.08507783145464,1.6505636070853462,26.67740203972088,1.6774020397208802,1.3888888888888888,0.14090177133655393,0.026838432635534086,0.5636070853462157,0.013419216317767043,,,,,
64,34.735641438539986,31.280193236714975,1.6035963499731616,26.67740203972088,3.589640365002684,1.3955984970477724,0.11406333870101985,0.026838432635534086,0.5636070853462157,0.013419216317767043,,,,,
65,34.52093397745572,31.48148148148148,1.583467525496511,26.637144390767578,3.6097691894793345,1.3955984970477724,0.1274825550187869,0.026838432635534086,0.6038647342995169,0.013419216317767043,,,,,
66,34.4068706387547,31.5955448201825,1.583467525496511,26.536500268384327,3.6097691894793345,1.3955984970477724,0.1274825550187869,0.026838432635534086,0.7045088566827697,0.013419216317767043,,,,,
67,34.225711218464845,31.5955448201825,1.6103059581320451,24.684648416532475,3.569511540526033,3.435319377348363,0.1274825550187869,0.06709608158883522,0.6709608158883521,0.013419216317767043,,,,,
68,34.064680622651636,31.756575415995705,1.6035963499731616,24.570585077831456,3.5628019323671496,3.435319377348363,0.1274825550187869,0.06709608158883522,0.785024154589372,0.026838432635534086,,,,,
69,34.03113258185722,31.790123456790123,1.6035963499731616,24.54374664519592,3.589640365002684,3.435319377348363,0.1274825550187869,0.06709608158883522,0.785024154589372,0.026838432635534086,,,,,
70,31.052066559312937,34.634997316156735,1.6706924315619969,24.46323134728932,3.5091250670960816,3.435319377348363,0.27509393451422437,0.06709608158883522,0.8655394524959742,0.026838432635534086,,,,,
71,31.0252281266774,34.594739667203434,1.7042404723564144,24.416264090177133,3.3950617283950617,3.435319377348363,0.4227053140096618,0.0939345142243693,0.8856682769726248,0.026838432635534086,,,,,
72,30.99838969404187,34.58132045088567,1.7176596886741815,24.349168008588297,3.408480944712829,3.435319377348363,0.4092860976918948,0.0939345142243693,0.9796027911969941,0.026838432635534086,,,,,
73,27.469135802469136,37.31884057971015,1.7444981213097155,24.255233494363928,4.2203435319377345,3.408480944712829,0.4092860976918948,0.12077294685990338,1.0265700483091786,0.026838432635534086,,,,,
74,27.435587761674718,37.2987117552335,1.778046162104133,24.27536231884058,4.2203435319377345,3.408480944712829,0.4092860976918948,0.12077294685990338,1.0265700483091786,0.026838432635534086,,,,,
75,27.4020397208803,37.184648416532475,1.8585614600107354,24.295491143317232,4.133118625872249,3.435319377348363,0.5032206119162641,0.12077294685990338,1.0399892646269457,0.026838432635534086,,,,,
76,27.388620504562535,37.17122920021471,1.8853998926462694,24.295491143317232,4.133118625872249,3.4151905528717124,0.5032206119162641,0.12077294685990338,1.0399892646269457,0.04696725711218465,,,,,
77,27.26784755770263,37.204777241009126,1.8988191089640365,24.268652710681696,4.133118625872249,3.4151905528717124,0.6038647342995169,0.12077294685990338,1.0399892646269457,0.04696725711218465,,,,,
78,27.03972088030059,37.39935587761675,1.932367149758454,24.255233494363928,4.133118625872249,3.4151905528717124,0.6038647342995169,0.12077294685990338,1.0534084809447128,0.04696725711218465,,,,,
79,27.03972088030059,37.39264626945786,1.9390767579173376,24.255233494363928,4.133118625872249,3.408480944712829,0.6038647342995169,0.12077294685990338,1.0534084809447128,0.05367686527106817,,,,,
80,26.959205582393988,36.99677938808374,1.9390767579173376,24.255233494363928,4.159957058507783,3.844605475040258,0.6172839506172839,0.12077294685990338,1.0534084809447128,0.05367686527106817,,,,,
81,26.341921631776703,34.896672034353195,1.9390767579173376,26.94578636607622,4.139828234031133,3.844605475040258,0.644122383252818,0.12077294685990338,1.0735373054213635,0.05367686527106817,,,,,
82,26.31508319914117,34.876543209876544,2.100107353730542,26.932367149758456,4.005636070853462,3.844605475040258,0.644122383252818,0.12077294685990338,1.093666129898014,0.05367686527106817,0.013419216317767043,,,,
83,26.27482555018787,34.715512614063336,2.1940418679549114,26.8719806763285,4.045893719806763,3.911701556629093,0.644122383252818,0.12077294685990338,1.1540526033279657,0.05367686527106817,0.013419216317767043,,,,
84,26.261406333870102,34.554482018250134,2.4154589371980677,26.764626945786365,4.079441760601181,3.878153515834675,0.644122383252818,0.12077294685990338,1.1808910359634996,0.08722490606548577,0.013419216317767043,,,,
85,26.214439076757916,34.27938808373591,2.4154589371980677,26.764626945786365,4.394793344068707,3.878153515834675,0.644122383252818,0.1274825550187869,1.1808910359634996,0.08722490606548577,0.013419216317767043,,,,
86,26.187600644122384,34.265968867418145,2.4154589371980677,26.710950080515296,4.435050993022007,3.878153515834675,0.644122383252818,0.1274825550187869,1.2345679012345678,0.08722490606548577,0.013419216317767043,,,,
87,26.060118089103597,34.13177670424047,2.6435856146001075,26.737788513150832,4.435050993022007,3.8848631239935587,0.644122383252818,0.1274825550187869,1.2345679012345678,0.08722490606548577,0.013419216317767043,,,,
88,26.02657004830918,34.12506709608159,2.6838432635534084,26.643853998926463,4.435050993022007,3.8848631239935587,0.644122383252818,0.1274825550187869,1.328502415458937,0.08722490606548577,0.013419216317767043,,,,
89,26.02657004830918,34.10493827160494,2.690552871712292,26.590177133655395,4.320987654320987,3.878153515834675,0.7917337627482555,0.1274825550187869,1.3821792807300053,0.08722490606548577,,,,,
90,25.885668276972623,34.20558239398819,2.7308105206655933,26.590177133655395,4.320987654320987,3.878153515834675,0.7917337627482555,0.1274825550187869,1.3821792807300053,0.08722490606548577,,,,,
91,25.187869028448738,32.367149758454104,2.49597423510467,26.603596349973163,7.078636607622115,3.878153515834675,0.7917337627482555,0.1274825550187869,1.3821792807300053,0.08722490606548577,,,,,
92,25.140901771336555,32.2061191626409,2.475845410628019,28.67686527106817,5.233494363929147,3.797638217928073,0.8923778851315083,0.1274825550187869,1.3620504562533549,0.08722490606548577,,,,,
93,25.026838432635532,32.347020933977454,2.475845410628019,28.650026838432634,5.2066559312936125,3.770799785292539,0.8923778851315083,0.15432098765432098,1.3888888888888888,0.08722490606548577,,,,,
94,24.422973698336016,31.816961889425656,2.5161030595813205,29.757112184648417,5.072463768115942,3.7640901771336552,0.8923778851315083,0.15432098765432098,1.5163714439076759,0.08722490606548577,,,,,
95,24.134460547504027,30.770263016639827,2.5161030595813205,31.07890499194847,5.072463768115942,3.7640901771336552,0.8923778851315083,0.15432098765432098,1.5297906602254427,0.08722490606548577,,,,,
96,24.08749329039184,30.770263016639827,2.5161030595813205,31.0654857756307,5.01207729468599,3.7640901771336552,0.8923778851315083,0.15432098765432098,1.5432098765432098,0.19457863660762212,,,,,
97,23.919753086419753,30.897745571658614,2.5161030595813205,31.072195383789587,5.01207729468599,3.797638217928073,0.8923778851315083,0.15432098765432098,1.5432098765432098,0.19457863660762212,,,,,
98,23.919753086419753,30.870907139023082,2.5429414922168547,31.011808910359633,5.01207729468599,3.7909286097691894,0.8923778851315083,0.15432098765432098,1.6035963499731616,0.20128824476650564,,,,,
99,23.906333870101985,30.783682232957595,2.677133655394525,31.011808910359633,4.978529253891573,3.7909286097691894,0.8923778851315083,0.15432098765432098,1.6035963499731616,0.20128824476650564,,,,,
100,23.778851315083198,30.877616747181964,2.690552871712292,30.931293612453032,4.978529253891573,3.7909286097691894,0.9259259259259259,0.15432098765432098,1.6706924315619969,0.20128824476650564,,,,,
101,23.637949543746647,30.783682232957595,2.9119699409554483,30.9044551798175,4.9718196457326895,3.8043478260869565,0.9259259259259259,0.15432098765432098,1.6908212560386473,0.2147074610842727,,,,,
102,23.10789049919485,28.75067096081589,2.6502952227589907,34.23242082662372,4.62962962962963,3.7037037037037037,0.798443370907139,0.1274825550187869,1.7847557702630166,0.2147074610842727,,,,,
103,23.081052066559312,28.764090177133657,2.6637144390767578,34.18545356951154,4.62962962962963,3.69699409554482,0.798443370907139,0.1274825550187869,1.8317230273752012,0.2214170692431562,,,,,
104,23.00053676865271,28.64331723027375,2.677133655394525,34.18545356951154,4.502147074610843,3.844605475040258,0.9796027911969941,0.1274825550187869,1.8183038110574343,0.2214170692431562,,,,,
105,23.00053676865271,28.60305958132045,2.703972088030059,34.064680622651636,4.502147074610843,3.8580246913580245,0.9796027911969941,0.1274825550187869,1.9390767579173376,0.2214170692431562,,,,,
106,22.987117552334944,28.428609769189478,2.831454643048846,34.044551798174986,4.502147074610843,3.9184111647879765,0.9796027911969941,0.1274825550187869,1.9592055823939882,0.2214170692431562,,,,,
107,22.987117552334944,28.428609769189478,2.831454643048846,33.97745571658615,4.502147074610843,3.9184111647879765,0.9796027911969941,0.1274825550187869,2.0263016639828235,0.2214170692431562,,,,,
108,22.383252818035427,28.92512077294686,2.8113258185721954,34.03113258185722,4.502147074610843,3.844605475040258,1.0198604401502953,0.1274825550187869,2.13365539452496,0.2214170692431562,,,,,
109,22.249060654857757,28.60305958132045,2.791196994095545,32.1256038647343,7.185990338164252,3.7909286097691894,1.0332796564680622,0.1274825550187869,1.8518518518518519,0.2214170692431562,0.020128824476650563,,,,
110,22.22222222222222,28.37493290391841,2.9924852388620504,32.13231347289318,7.185990338164252,3.7573805689747717,1.1003757380568975,0.1274825550187869,1.8317230273752012,0.2549651100375738,0.020128824476650563,,,,
111,22.22222222222222,28.35480407944176,3.864734299516908,31.280193236714975,7.185990338164252,3.7573805689747717,1.1003757380568975,0.1274825550187869,1.8317230273752012,0.2549651100375738,0.020128824476650563,,,,
112,22.21551261406334,28.361513687600645,3.911701556629093,31.226516371443907,7.185990338164252,3.7573805689747717,1.1003757380568975,0.1274825550187869,1.8384326355340848,0.2549651100375738,0.020128824476650563,,,,
113,22.188674181427803,28.28099838969404,4.005636070853462,31.186258722490606,7.185990338164252,3.797638217928073,1.1003757380568975,0.1274825550187869,1.8518518518518519,0.2549651100375738,0.020128824476650563,,,,
114,22.17525496511004,28.28099838969404,4.019055287171229,30.96484165324745,7.185990338164252,3.797638217928073,1.3150831991411702,0.1274825550187869,1.8585614600107354,0.2549651100375738,0.020128824476650563,,,,
115,22.08132045088567,28.173644659151904,4.079441760601181,30.95813204508857,7.1658615136876005,3.8848631239935587,1.3419216317767042,0.14761137949543746,1.865271068169619,0.28180354267310787,0.020128824476650563,,,,
116,22.08132045088567,28.133387010198604,4.106280193236715,30.844068706387546,7.085346215780999,3.8580246913580245,1.3352120236178207,0.24154589371980675,1.9726247987117553,0.30864197530864196,0.03354804079441761,,,,
117,20.645464304884594,27.026301663982824,4.180085882984434,32.380568974771876,8.038110574342458,3.824476650563607,1.3352120236178207,0.24154589371980675,1.9860440150295222,0.30864197530864196,0.03354804079441761,,,,
118,20.611916264090176,27.059849704777243,4.180085882984434,32.35373054213634,8.038110574342458,3.824476650563607,1.3352120236178207,0.24154589371980675,2.0128824476650564,0.30864197530864196,0.03354804079441761,,,,
119,20.611916264090176,27.053140096618357,4.17337627482555,32.33360171765969,8.024691358024691,3.824476650563607,1.3486312399355878,0.2549651100375738,2.033011272141707,0.30864197530864196,0.03354804079441761,,,,
120,20.605206655931294,27.026301663982824,4.569243156199678,31.93102522812668,8.024691358024691,3.8177670424047236,1.3419216317767042,0.2683843263553409,2.0531400966183573,0.32877079978529256,0.03354804079441761,,,,
121,20.605206655931294,27.006172839506174,4.555823939881911,31.78341384863124,8.024691358024691,3.8177670424047236,1.442565754159957,0.2683843263553409,2.13365539452496,0.32877079978529256,0.03354804079441761,,,,
122,20.564949006977994,27.046430488459475,4.555823939881911,31.689479334406872,8.017981749865807,3.730542136339238,1.583467525496511,0.27509393451422437,2.1739130434782608,0.32877079978529256,0.03354804079441761,,,,
123,20.564949006977994,27.046430488459475,4.555823939881911,31.582125603864736,8.017981749865807,3.730542136339238,1.6170155662909287,0.27509393451422437,2.24771873322598,0.32877079978529256,0.03354804079441761,,,,
124,20.551529790660226,26.717659688674182,4.690016103059581,31.588835212023618,8.09849704777241,3.717122920021471,1.724369296833065,0.27509393451422437,2.2745571658615136,0.32877079978529256,0.03354804079441761,,,,
125,20.52469135802469,26.704240472356414,4.736983360171766,31.582125603864736,8.085077831454644,3.730542136339238,1.7042404723564144,0.2885131508319914,2.281266774020397,0.32877079978529256,0.03354804079441761,,,,
126,20.517981749865807,26.637144390767578,4.85775630703167,31.528448738593667,8.091787439613526,3.717122920021471,1.7042404723564144,0.2885131508319914,2.281266774020397,0.3421900161030596,0.03354804079441761,,,,
127,20.30998389694042,26.81159420289855,4.85775630703167,31.508319914117017,8.085077831454644,3.7238325281803544,1.7042404723564144,0.33548040794417605,2.281266774020397,0.3488996242619431,0.03354804079441761,,,,
128,20.162372517444982,26.959205582393988,4.85775630703167,31.4747718733226,8.085077831454644,3.7238325281803544,1.7042404723564144,0.33548040794417605,2.314814814814815,0.3488996242619431,0.03354804079441761,,,,
129,20.162372517444982,26.932367149758456,4.884594739667204,31.4747718733226,8.085077831454644,3.7238325281803544,1.7042404723564144,0.33548040794417605,2.314814814814815,0.3488996242619431,0.03354804079441761,,,,
130,20.148953301127214,26.744498121309714,4.891304347826087,31.46135265700483,8.293075684380032,3.7238325281803544,1.7042404723564144,0.33548040794417605,2.314814814814815,0.3488996242619431,0.03354804079441761,,,,
131,20.101986044015028,26.7914653784219,4.891304347826087,31.46135265700483,8.28636607622115,3.7238325281803544,1.7042404723564144,0.3421900161030596,2.314814814814815,0.3488996242619431,0.03354804079441761,,,,
132,20.088566827697264,26.80488459473967,4.891304347826087,31.387546967257112,8.28636607622115,3.7238325281803544,1.7042404723564144,0.3421900161030596,2.3886205045625335,0.3488996242619431,0.03354804079441761,,,,
133,20.088566827697264,26.710950080515296,4.904723564143854,31.36070853462158,8.266237251744498,3.717122920021471,1.7042404723564144,0.35560923242082665,2.475845410628019,0.36902844873859364,0.03354804079441761,0.013419216317767043,,,
134,20.075147611379496,26.69753086419753,4.904723564143854,31.340579710144926,8.266237251744498,3.743961352657005,1.7042404723564144,0.35560923242082665,2.49597423510467,0.36902844873859364,0.03354804079441761,0.013419216317767043,,,
135,20.034889962426195,26.704240472356414,4.938271604938271,31.32716049382716,8.266237251744498,3.743961352657005,1.7042404723564144,0.35560923242082665,2.509393451422437,0.36902844873859364,0.03354804079441761,0.013419216317767043,,,
136,19.95437466451959,26.764626945786365,4.931561996779388,31.313741277509394,8.272946859903382,3.743961352657005,1.710950080515298,0.35560923242082665,2.536231884057971,0.36902844873859364,0.03354804079441761,0.013419216317767043,,,
137,19.83360171765969,26.764626945786365,4.9718196457326895,31.407675791733762,8.259527643585615,3.743961352657005,1.7444981213097155,0.36902844873859364,2.4892646269457863,0.36902844873859364,0.03354804079441761,0.013419216317767043,,,
138,19.665861513687602,26.898819108964037,4.978529253891573,31.387546967257112,8.239398819108963,3.7640901771336552,1.7444981213097155,0.36902844873859364,2.509393451422437,0.39586688137412773,0.03354804079441761,0.013419216317767043,,,
139,19.598765432098766,26.858561460010737,4.951690821256038,31.353998926462694,8.3064949006978,3.81105743424584,1.7444981213097155,0.36902844873859364,2.563070316693505,0.39586688137412773,0.03354804079441761,0.013419216317767043,,,
140,19.585346215780998,26.82501341921632,5.199946323134729,31.387546967257112,8.071658615136876,3.81105743424584,1.7444981213097155,0.36902844873859364,2.563070316693505,0.39586688137412773,0.03354804079441761,0.013419216317767043,,,
141,19.578636607622116,26.80488459473967,5.213365539452496,31.367418142780462,8.071658615136876,3.81105743424584,1.7444981213097155,0.36902844873859364,2.5831991411701556,0.39586688137412773,0.03354804079441761,0.013419216317767043,0.013419216317767043,,
142,19.51154052603328,26.704240472356414,4.99194847020934,28.26086956521739,10.44015029522276,4.918142780461621,2.1068169618894257,0.36902844873859364,2.314814814814815,0.30864197530864196,0.03354804079441761,0.013419216317767043,0.026838432635534086,,
143,19.51154052603328,26.704240472356414,4.274020397208803,26.462694578636608,13.439345142243694,4.918142780461621,2.073268921095008,0.36231884057971014,1.8719806763285025,0.30864197530864196,0.03354804079441761,0.013419216317767043,0.026838432635534086,,
144,19.51154052603328,26.684111647879764,4.327697262479871,26.37546967257112,13.439345142243694,4.904723564143854,2.073268921095008,0.36231884057971014,1.9256575415995705,0.322061191626409,0.03354804079441761,0.013419216317767043,0.026838432635534086,,
145,19.484702093397747,26.69753086419753,4.327697262479871,26.362050456253353,13.41250670960816,4.904723564143854,2.073268921095008,0.4025764895330113,1.9122383252818036,0.3488996242619431,0.03354804079441761,0.013419216317767043,0.026838432635534086,,
146,19.41760601180891,26.737788513150832,4.341116478797638,26.37546967257112,13.405797101449275,4.87788513150832,2.073268921095008,0.4025764895330113,1.932367149758454,0.36231884057971014,0.03354804079441761,0.013419216317767043,0.026838432635534086,,
147,19.39747718733226,26.757917337627482,4.367954911433173,26.31508319914117,13.405797101449275,4.864465915190553,2.073268921095008,0.41599570585077833,1.9457863660762211,0.36231884057971014,0.05367686527106817,0.013419216317767043,0.026838432635534086,,
148,19.0955448201825,27.046430488459475,4.388083735909823,26.29495437466452,13.358829844337091,4.85775630703167,2.073268921095008,0.46296296296296297,1.9659151905528718,0.36231884057971014,0.05367686527106817,0.013419216317767043,0.026838432635534086,,
149,19.07541599570585,26.610305958132045,4.361245303274289,26.25469672571122,13.311862587224907,4.85775630703167,2.6033279656468062,0.49651100375738055,1.9726247987117553,0.36231884057971014,0.05367686527106817,0.013419216317767043,0.026838432635534086,,
150,19.068706387546968,26.610305958132045,4.428341384863124,26.25469672571122,13.177670424047236,4.85775630703167,2.6301663982823404,0.5434782608695652,1.9726247987117553,0.36231884057971014,0.05367686527106817,0.013419216317767043,0.026838432635534086,,
151,18.98148148148148,26.670692431561996,4.441760601180891,26.167471819645733,13.150831991411701,4.8376274825550185,2.6301663982823404,0.5703166935050993,2.073268921095008,0.3824476650563607,0.05367686527106817,0.013419216317767043,0.026838432635534086,,
152,18.95464304884595,26.54320987654321,4.367954911433173,26.08695652173913,13.466183574879228,4.810789049919484,2.623456790123457,0.5636070853462157,2.086688137412775,0.4025764895330113,0.05367686527106817,0.013419216317767043,0.026838432635534086,,
153,18.90096618357488,26.596886741814277,4.374664519592056,25.85212023617821,13.419216317767042,4.810789049919484,2.8515834675254963,0.6038647342995169,2.0933977455716586,0.4025764895330113,0.05367686527106817,0.013419216317767043,0.026838432635534086,,
154,18.90096618357488,26.516371443907676,4.42163177670424,25.85212023617821,13.419216317767042,4.810789049919484,2.885131508319914,0.6038647342995169,2.0933977455716586,0.4025764895330113,0.05367686527106817,0.013419216317767043,0.026838432635534086,,
155,18.887546967257112,26.48953301127214,4.461889425657541,25.83870101986044,13.425925925925926,4.810789049919484,2.885131508319914,0.6038647342995169,2.100107353730542,0.4025764895330113,0.05367686527106817,0.013419216317767043,0.026838432635534086,,
156,18.867418142780462,26.42914653784219,4.64975845410628,25.744766505636072,13.499731615673644,4.810789049919484,2.885131508319914,0.6038647342995169,2.0128824476650564,0.4025764895330113,0.05367686527106817,0.013419216317767043,0.026838432635534086,,
157,18.867418142780462,26.42914653784219,4.64975845410628,25.5300590445518,13.607085346215781,4.951690821256038,2.85829307568438,0.6038647342995169,2.006172839506173,0.4025764895330113,0.05367686527106817,0.013419216317767043,0.026838432635534086,,
158,18.853998926462694,26.133923778851315,4.958400429414922,25.51663982823403,13.607085346215781,4.951690821256038,2.85829307568438,0.6038647342995169,2.01959205582394,0.4025764895330113,0.05367686527106817,0.013419216317767043,0.026838432635534086,,
159,18.853998926462694,26.03327965646806,5.166398282340311,25.51663982823403,13.439345142243694,4.918142780461621,2.85829307568438,0.6776704240472357,2.01959205582394,0.4227053140096618,0.05367686527106817,0.013419216317767043,0.026838432635534086,,
160,18.853998926462694,25.731347289318304,5.46833064949007,25.45625335480408,13.439345142243694,4.918142780461621,2.85829307568438,0.6776704240472357,2.0799785292538915,0.4227053140096618,0.05367686527106817,0.013419216317767043,0.026838432635534086,,
161,18.853998926462694,25.691089640365004,5.3274288781535155,24.55716586151369,13.47289318303811,6.293612453032743,2.6502952227589907,0.6776704240472357,1.9457863660762211,0.43612453032742887,0.05367686527106817,0.013419216317767043,0.026838432635534086,,
162,18.853998926462694,25.677670424047236,5.340848094471283,24.537037037037038,13.459473966720344,6.293612453032743,2.6502952227589907,0.6776704240472357,1.9457863660762211,0.46967257112184646,0.05367686527106817,0.013419216317767043,0.026838432635534086,,
163,18.833870101986044,25.697799248523886,5.340848094471283,24.456521739130434,13.41250670960816,6.280193236714976,2.6502952227589907,0.7380568974771873,2.0263016639828235,0.46967257112184646,0.05367686527106817,0.013419216317767043,0.026838432635534086,,
164,18.820450885668276,25.684380032206118,5.3341384863123995,24.44310252281267,13.43263553408481,6.266774020397209,2.6502952227589907,0.7514761137949544,2.01959205582394,0.4830917874396135,0.05367686527106817,0.03354804079441761,0.026838432635534086,,
165,18.80703166935051,25.691089640365004,5.3341384863123995,24.4296833064949,13.45276435856146,6.239935587761675,2.6637144390767578,0.7514761137949544,1.9994632313472893,0.5166398282340311,0.05367686527106817,0.03354804079441761,0.026838432635534086,,
166,18.793612453032743,25.63070316693505,5.381105743424584,24.436392914653783,13.45276435856146,6.233225979602791,2.690552871712292,0.7514761137949544,1.9994632313472893,0.5166398282340311,0.05367686527106817,0.03354804079441761,0.026838432635534086,,
167,18.773483628556093,25.597155126140635,5.394524959742351,24.4699409554482,13.39237788513151,6.233225979602791,2.690552871712292,0.8051529790660226,2.0128824476650564,0.5166398282340311,0.05367686527106817,0.03354804079441761,0.026838432635534086,,
168,18.773483628556093,25.49651100375738,5.401234567901234,24.48336017176597,13.47289318303811,6.199677938808374,2.690552871712292,0.785024154589372,2.0128824476650564,0.5367686527106817,0.08722490606548577,0.03354804079441761,0.026838432635534086,,
169,18.753354804079443,25.503220611916262,5.387815351583468,24.48336017176597,13.493022007514762,6.1862587224906065,2.6838432635534084,0.8118625872249061,2.0128824476650564,0.5367686527106817,0.08722490606548577,0.03354804079441761,0.026838432635534086,,
170,18.699677938808374,25.509930220075148,5.414653784219001,24.54374664519592,13.493022007514762,6.146001073537305,2.6838432635534084,0.8185721953837896,2.006172839506173,0.5367686527106817,0.08722490606548577,0.03354804079441761,0.026838432635534086,,
171,18.699677938808374,24.832259796027913,4.9651100375738055,24.402844873859365,13.425925925925926,7.340311325818572,2.657004830917874,0.785024154589372,2.13365539452496,0.6105743424584005,0.08722490606548577,0.03354804079441761,0.026838432635534086,,
172,18.666129898013956,24.758454106280194,5.0993022007514766,24.282071926999464,13.419216317767042,7.340311325818572,2.657004830917874,0.7716049382716049,2.2342995169082127,0.6239935587761675,0.08722490606548577,0.03354804079441761,0.026838432635534086,,
173,18.646001073537306,24.778582930756844,5.112721417069243,24.214975845410628,13.385668276972625,7.333601717659689,2.657004830917874,0.8051529790660226,2.314814814814815,0.6038647342995169,0.08722490606548577,0.03354804079441761,0.026838432635534086,,
174,18.646001073537306,24.778582930756844,5.193236714975845,24.12775093934514,13.419216317767042,7.320182501341922,2.6435856146001075,0.798443370907139,2.3081052066559313,0.6172839506172839,0.08722490606548577,0.03354804079441761,0.026838432635534086,,
175,18.632581857219538,24.792002147074612,5.193236714975845,23.792270531400966,13.39237788513151,7.320182501341922,2.6435856146001075,0.8252818035426731,2.6435856146001075,0.6172839506172839,0.08722490606548577,0.03354804079441761,0.026838432635534086,,
176,18.632581857219538,24.738325281803544,5.2066559312936125,23.772141706924316,13.372249060654857,7.320182501341922,2.6704240472356413,0.8521202361782072,2.6704240472356413,0.6172839506172839,0.08722490606548577,0.03354804079441761,0.026838432635534086,,
177,18.632581857219538,24.704777241009126,5.226784755770263,23.772141706924316,13.372249060654857,7.320182501341922,2.6838432635534084,0.8521202361782072,2.6704240472356413,0.6172839506172839,0.08722490606548577,0.03354804079441761,0.026838432635534086,,
178,18.61916264090177,24.691358024691358,5.4549114331723025,23.53059581320451,13.385668276972625,7.347020933977456,2.677133655394525,0.8521202361782072,2.6704240472356413,0.6172839506172839,0.08722490606548577,0.03354804079441761,0.03354804079441761,,
179,18.5252281266774,24.664519592055825,5.495169082125604,23.483628556092324,13.647342995169081,7.266505636070853,2.6301663982823404,0.8521202361782072,2.6838432635534084,0.5971551261406334,0.08722490606548577,0.03354804079441761,0.03354804079441761,,
180,18.263553408480945,24.84567901234568,5.615942028985507,23.309178743961354,13.66076221148685,7.326892109500805,2.6301663982823404,0.8722490606548577,2.7241009125067097,0.5971551261406334,0.08722490606548577,0.03354804079441761,0.03354804079441761,,
181,18.109232420826622,25.0,5.642780461621041,23.235373054213635,13.66076221148685,7.313472893183038,2.6301663982823404,0.8722490606548577,2.7643585614600106,0.6172839506172839,0.08722490606548577,0.03354804079441761,0.03354804079441761,,
182,18.109232420826622,25.0,5.703166935050993,23.181696188942567,13.687600644122384,7.313472893183038,2.636876006441224,0.8655394524959742,2.7308105206655933,0.6172839506172839,0.08722490606548577,0.03354804079441761,0.03354804079441761,,
183,18.089103596349972,25.0,5.723295759527644,23.14814814814815,13.674181427804616,7.313472893183038,2.636876006441224,0.8789586688137413,2.7643585614600106,0.6172839506172839,0.08722490606548577,0.03354804079441761,0.03354804079441761,,
184,18.02871712292002,25.013419216317768,5.750134192163178,23.09447128287708,13.66076221148685,7.326892109500805,2.636876006441224,0.8923778851315083,2.818035426731079,0.6239935587761675,0.08722490606548577,0.03354804079441761,0.03354804079441761,,
185,17.98845947396672,24.88593666129898,5.877616747181965,23.087761674718198,13.633923778851315,7.353730542136339,2.6704240472356413,0.8923778851315083,2.818035426731079,0.6239935587761675,0.10064412238325282,0.03354804079441761,0.03354804079441761,,
186,17.98845947396672,24.84567901234568,5.924584004294149,23.067632850241544,13.580246913580247,7.27992485238862,2.717391304347826,0.9460547504025765,2.7979066022544283,0.6843800322061192,0.10064412238325282,0.03354804079441761,0.03354804079441761,,
187,17.814009661835748,24.973161567364468,6.018518518518518,22.96027911969941,13.580246913580247,7.27992485238862,2.717391304347826,0.9460547504025765,2.844873859366613,0.6843800322061192,0.10064412238325282,0.03354804079441761,0.04696725711218465,,
188,17.800590445517983,24.953032742887814,6.052066559312936,22.852925389157274,13.519860440150294,7.2933440687063875,2.717391304347826,0.9796027911969941,2.9253891572732154,0.7246376811594203,0.10064412238325282,0.03354804079441761,0.04696725711218465,,
189,17.800590445517983,24.9194847020934,6.0654857756307035,22.785829307568438,13.506441223832528,7.2933440687063875,2.737520128824477,0.9796027911969941,3.0059044551798175,0.7246376811594203,0.10064412238325282,0.03354804079441761,0.04696725711218465,,
190,17.800590445517983,24.892646269457863,6.0587761674718195,22.6784755770263,13.66076221148685,7.2933440687063875,2.737520128824477,0.95276435856146,3.0193236714975846,0.7246376811594203,0.10064412238325282,0.03354804079441761,0.04696725711218465,,
191,17.767042404723565,24.892646269457863,6.172839506172839,22.65163714439077,13.513150831991412,7.2933440687063875,2.844873859366613,0.9393451422436929,3.046162104133119,0.6977992485238862,0.10064412238325282,0.03354804079441761,0.04696725711218465,,
192,17.599302200751477,24.630971551261407,6.219806763285024,23.067632850241544,13.493022007514762,7.2933440687063875,2.831454643048846,0.9393451422436929,3.046162104133119,0.6977992485238862,0.10064412238325282,0.03354804079441761,0.04696725711218465,,
193,17.58588298443371,24.61755233494364,6.219806763285024,23.027375201288244,13.486312399355878,7.25979602791197,2.831454643048846,0.966183574879227,3.079710144927536,0.7380568974771873,0.10735373054213634,0.03354804079441761,0.04696725711218465,,
194,17.518786902844873,24.792002147074612,6.253354804079442,22.879763821792807,13.479602791196994,7.25979602791197,2.831454643048846,0.966183574879227,3.0931293612453032,0.7380568974771873,0.10735373054213634,0.03354804079441761,0.04696725711218465,,
195,17.505367686527105,24.771873322597962,6.286902844873859,22.86634460547504,13.405797101449275,7.239667203435319,2.831454643048846,1.0399892646269457,3.0931293612453032,0.7581857219538379,0.12077294685990338,0.03354804079441761,0.04696725711218465,,
196,17.47181964573269,24.792002147074612,6.260064412238325,22.879763821792807,13.378958668813741,7.239667203435319,2.831454643048846,1.0399892646269457,3.1065485775630703,0.7581857219538379,0.1610305958132045,0.03354804079441761,0.04696725711218465,,
197,17.47181964573269,24.751744498121308,6.152710681696189,22.873054213633925,13.519860440150294,7.226247987117552,2.831454643048846,1.0399892646269457,3.0864197530864197,0.7716049382716049,0.1610305958132045,0.06038647342995169,0.05367686527106817,,
