,45,50,54,55,52,51,53,56,57,58,59,60,61,62,63,64,66
0,91.7740203972088,8.225979602791197,,,,,,,,,,,,,,,
1,87.73483628556092,12.02361782071927,0.08051529790660225,0.1610305958132045,,,,,,,,,,,,,
2,87.47987117552334,12.211486849168008,0.08051529790660225,0.2281266774020397,,,,,,,,,,,,,
3,84.66854535695116,14.774557165861514,0.08051529790660225,0.3824476650563607,0.0939345142243693,,,,,,,,,,,,
4,82.89049919484702,15.975577026301664,0.08051529790660225,0.4092860976918948,0.0939345142243693,0.5501878690284487,,,,,,,,,,,
5,82.80998389694042,15.942028985507246,0.08051529790660225,0.5233494363929146,0.0939345142243693,0.5501878690284487,,,,,,,,,,,
6,82.56172839506173,16.17686527106817,0.08051529790660225,0.5367686527106817,0.0939345142243693,0.5501878690284487,,,,,,,,,,,
7,81.78341384863124,16.955179817498657,0.08051529790660225,0.5367686527106817,0.0939345142243693,0.5501878690284487,,,,,,,,,,,
8,76.55662909286097,22.12157809983897,0.08051529790660225,0.5703166935050993,0.0939345142243693,0.5770263016639828,,,,,,,,,,,
9,75.8185721953838,22.805958132045088,0.08051529790660225,0.6038647342995169,0.11406333870101985,0.5770263016639828,,,,,,,,,,,
10,72.75228126677402,21.72571121846484,0.35560923242082665,0.9460547504025765,0.11406333870101985,4.106280193236715,,,,,,,,,,,
11,71.98067632850241,22.38996242619431,0.35560923242082665,1.0198604401502953,0.11406333870101985,3.978797638217928,0.03354804079441761,0.1274825550187869,,,,,,,,,
12,71.60493827160494,22.423510466988727,0.35560923242082665,1.0198604401502953,0.11406333870101985,3.9452495974235107,0.3757380568974772,0.1610305958132045,,,,,,,,,
13,67.223564143854,24.872517444981213,0.35560923242082665,1.0332796564680622,0.11406333870101985,6.206387546967257,0.03354804079441761,0.1610305958132045,,,,,,,,,
14,65.96215780998389,25.93263553408481,0.35560923242082665,1.2345679012345678,0.11406333870101985,6.206387546967257,0.03354804079441761,0.1610305958132045,,,,,,,,,
15,61.66800858829844,29.891304347826086,0.35560923242082665,1.7444981213097155,0.11406333870101985,6.031937734836285,0.03354804079441761,0.1610305958132045,,,,,,,,,
16,60.198604401502955,29.622920021470748,0.35560923242082665,1.737788513150832,0.11406333870101985,7.709339774557166,0.10064412238325282,0.1610305958132045,,,,,,,,,
17,60.017444981213096,29.7638217928073,0.35560923242082665,1.778046162104133,0.11406333870101985,7.6556629092860975,0.10064412238325282,0.2147074610842727,,,,,,,,,
18,59.76247987117552,29.918142780461622,0.35560923242082665,1.8115942028985508,0.15432098765432098,7.682501341921632,0.10064412238325282,0.2147074610842727,,,,,,,,,
19,53.878153515834676,35.61460010735373,0.46967257112184646,1.8786902844873858,0.18115942028985507,7.601986044015029,0.10064412238325282,0.27509393451422437,,,,,,,,,
20,53.50912506709608,34.88325281803543,0.4562533548040794,1.8786902844873858,1.3016639828234031,7.581857219538379,0.10064412238325282,0.27509393451422437,0.013419216317767043,,,,,,,,
21,51.62372517444981,36.75523349436393,0.4562533548040794,1.892109500805153,1.3016639828234031,7.581857219538379,0.10064412238325282,0.27509393451422437,0.013419216317767043,,,,,,,,
22,48.48362855609233,40.465646806226516,0.4294149221685454,1.892109500805153,1.261406333870102,7.078636607622115,0.10064412238325282,0.27509393451422437,0.013419216317767043,,,,,,,,
23,48.121309715512616,38.61379495437466,0.3421900161030596,2.1604938271604937,0.6776704240472357,8.454106280193237,1.3419216317767042,0.27509393451422437,0.013419216317767043,,,,,,,,
24,47.30273752012882,39.378690284487384,0.3421900161030596,2.254428341384863,0.6374127750939346,8.427267847557703,1.3419216317767042,0.30193236714975846,0.013419216317767043,,,,,,,,
25,47.27589908749329,39.31830381105743,0.3421900161030596,2.341653247450349,0.6239935587761675,8.413848631239935,1.3419216317767042,0.3153515834675255,0.026838432635534086,,,,,,,,
26,44.55179817498658,41.968599033816425,0.3421900161030596,2.3886205045625335,0.6239935587761675,8.32662372517445,1.3821792807300053,0.38915727321524424,0.026838432635534086,,,,,,,,
27,40.66022544283414,43.65942028985507,0.3421900161030596,2.49597423510467,2.623456790123457,8.293075684380032,1.442565754159957,0.4562533548040794,0.026838432635534086,,,,,,,,
28,40.445517981749866,43.51851851851852,0.3421900161030596,2.831454643048846,2.623456790123457,8.279656468062266,1.442565754159957,0.48980139559849706,0.026838432635534086,,,,,,,,
29,39.23778851315083,43.46484165324745,0.4830917874396135,2.8515834675254963,2.623456790123457,9.339774557165862,1.442565754159957,0.5300590445517982,0.026838432635534086,,,,,,,,
30,19.363929146537842,69.49812130971551,2.6301663982823404,1.1674718196457328,1.42914653784219,4.42163177670424,1.3687600644122384,0.10735373054213634,0.013419216317767043,,,,,,,,
31,18.149490069779926,70.61862587224905,2.6301663982823404,1.3352120236178207,1.42914653784219,4.3478260869565215,1.3687600644122384,0.10735373054213634,0.013419216317767043,,,,,,,,
32,15.921900161030596,70.73939881910897,2.6972624798711755,3.4420289855072466,1.42914653784219,4.280730005367687,1.3687600644122384,0.10735373054213634,0.013419216317767043,,,,,,,,
33,15.794417606011809,68.63258185721953,2.6972624798711755,3.8177670424047236,3.683574879227053,4.3545356951154055,0.8118625872249061,0.10735373054213634,0.013419216317767043,0.08722490606548577,,,,,,,
34,15.794417606011809,68.45813204508856,2.6972624798711755,3.992216854535695,3.683574879227053,4.3545356951154055,0.8118625872249061,0.10735373054213634,0.013419216317767043,0.08722490606548577,,,,,,,
35,15.794417606011809,67.27053140096618,2.737520128824477,4.180085882984434,3.502415458937198,4.3545356951154055,1.9256575415995705,0.10735373054213634,0.040257648953301126,0.08722490606548577,,,,,,,
36,15.619967793880837,65.46564680622652,2.737520128824477,6.045356951154052,3.502415458937198,4.3545356951154055,2.0397208803005906,0.10735373054213634,0.040257648953301126,0.08722490606548577,,,,,,,
37,14.210950080515298,55.40794417606012,2.737520128824477,4.294149221685454,3.240740740740741,4.898013955984971,15.063070316693505,0.10735373054213634,0.040257648953301126,,,,,,,,
38,13.170960815888352,56.494900697799245,2.7241009125067097,4.3478260869565215,4.723564143853999,4.85775630703167,13.439345142243694,0.12077294685990338,0.040257648953301126,,0.08051529790660225,,,,,,
39,11.996779388083736,43.894256575415994,14.465915190552872,4.066022544283414,5.10601180891036,7.387278582930757,12.607353730542137,0.2616747181964573,0.08051529790660225,,0.13419216317767044,,,,,,
40,8.051529790660226,38.419216317767045,14.36527106816962,3.81105743424584,4.736983360171766,14.586688137412775,15.331454643048845,0.2616747181964573,0.2885131508319914,,0.14761137949543746,,,,,,
41,7.9106280193236715,36.513687600644126,14.217659688674182,4.079441760601181,5.052334943639291,10.02415458937198,21.296296296296298,0.2616747181964573,0.3153515834675255,,0.32877079978529256,,,,,,
42,7.9106280193236715,36.48684916800859,14.204240472356414,4.0995705850778315,5.032206119162641,10.02415458937198,21.296296296296298,0.2616747181964573,0.3153515834675255,0.020128824476650563,0.3488996242619431,,,,,,
43,7.897208803005904,36.3191089640365,14.170692431561998,4.26731078904992,5.032206119162641,10.017444981213098,21.289586688137412,0.27509393451422437,0.3153515834675255,0.04696725711218465,0.36902844873859364,,,,,,
44,7.890499194847021,34.66183574879227,14.170692431561998,8.36688137412775,5.032206119162641,9.997316156736447,18.739935587761675,0.30193236714975846,0.3153515834675255,0.04696725711218465,0.47638217928073,,,,,,
45,7.427536231884058,33.93048845947396,14.130434782608695,8.454106280193237,5.01207729468599,11.017176596886742,18.203166935050994,0.5233494363929146,0.322061191626409,0.1274825550187869,0.8319914117015567,0.020128824476650563,,,,,
46,7.427536231884058,33.272946859903385,14.398819108964037,8.769457863660762,5.005367686527107,11.017176596886742,18.183038110574344,0.5636070853462157,0.322061191626409,0.1274825550187869,0.8923778851315083,0.020128824476650563,,,,,
47,7.333601717659689,32.9777241009125,14.150563607085346,9.205582393988191,4.998658078368224,11.017176596886742,18.129361245303276,0.6105743424584005,0.28180354267310787,0.1274825550187869,1.133923778851315,0.03354804079441761,,,,,
48,7.011540526033279,32.21282877079979,14.278046162104133,9.212292002147075,8.849973161567364,12.04374664519592,14.278046162104133,0.6239935587761675,0.2683843263553409,0.026838432635534086,1.1607622114868492,0.03354804079441761,,,,,
49,6.870638754696726,30.991680085882983,14.217659688674182,9.386741814278047,8.890230810520666,11.889425657541599,15.351583467525497,0.6239935587761675,0.4025764895330113,0.11406333870101985,1.2278582930756843,0.03354804079441761,,,,,
50,6.870638754696726,30.864197530864196,14.600107353730541,9.5276435856146,8.816425120772946,11.473429951690822,15.257648953301127,0.6239935587761675,0.4562533548040794,0.11406333870101985,1.3620504562533549,0.03354804079441761,,,,,
51,4.931561996779388,37.35238862050456,13.848631239935587,8.84326355340848,10.21202361782072,7.937466451959206,14.412238325281804,0.47638217928073,0.43612453032742887,0.11406333870101985,1.3620504562533549,0.07380568974771873,,,,,
52,4.931561996779388,37.29200214707461,13.848631239935587,8.903650026838433,10.185185185185185,7.937466451959206,14.318303811057435,0.47638217928073,0.46296296296296297,0.2214170692431562,1.3486312399355878,0.07380568974771873,,,,,
53,4.931561996779388,35.06441223832528,14.875201288244767,10.72866344605475,10.077831454643048,7.937466451959206,13.674181427804616,0.47638217928073,0.5837359098228664,0.2214170692431562,1.3486312399355878,0.08051529790660225,,,,,
54,4.851046698872786,34.856414385399894,12.117552334943639,10.950080515297907,10.057702630166398,7.7361782071927,16.908212560386474,0.5032206119162641,0.6038647342995169,0.2214170692431562,1.1137949543746646,0.08051529790660225,,,,,
55,4.851046698872786,34.54106280193237,12.117552334943639,11.265432098765432,10.057702630166398,7.7361782071927,16.820987654320987,0.5032206119162641,0.6038647342995169,0.2952227589908749,1.1272141706924315,0.08051529790660225,,,,,
56,3.3816425120772946,35.71524422973698,11.98336017176597,11.41304347826087,11.211755233494364,7.6623725174449815,15.774288781535159,0.6508319914117016,0.6172839506172839,0.3824476650563607,1.1272141706924315,0.08051529790660225,,,,,
57,3.3816425120772946,35.601180891035966,10.88298443370907,11.500268384326356,15.103327965646805,7.380568974771873,13.16425120772947,0.9326355340848095,0.6172839506172839,0.33548040794417605,0.9930220075147611,0.10735373054213634,,,,,
58,3.3816425120772946,34.366612989801396,10.849436392914654,10.889694041867955,18.867418142780462,7.112184648416532,11.392914653784219,0.9326355340848095,0.7581857219538379,0.2683843263553409,0.9930220075147611,0.1878690284487386,,,,,
59,3.2742887815351582,33.46081588835212,10.976918947933441,10.896403650026839,20.578368223295758,7.004830917874396,10.641438539989265,0.966183574879227,0.7716049382716049,0.2683843263553409,0.9728931830381106,0.1878690284487386,,,,,
60,3.2742887815351582,33.19243156199678,11.151368760064413,10.93666129898014,20.558239398819108,7.004830917874396,10.63472893183038,0.966183574879227,0.8051529790660226,0.2683843263553409,1.0198604401502953,0.1878690284487386,,,,,
61,3.2742887815351582,33.02469135802469,11.16478797638218,11.064143853998926,20.558239398819108,6.998121309715513,10.57434245840043,0.9728931830381106,0.8051529790660226,0.30193236714975846,1.0735373054213635,0.1878690284487386,,,,,
62,3.2742887815351582,32.85024154589372,11.191626409017713,11.198336017176597,20.457595276435857,6.971282877079979,10.547504025764896,0.9930220075147611,0.8990874932903918,0.32877079978529256,1.093666129898014,0.19457863660762212,,,,,
63,3.2742887815351582,32.387278582930755,11.16478797638218,11.66129898013956,20.417337627482556,6.957863660762212,10.205314009661835,1.0466988727858293,0.8990874932903918,0.43612453032742887,1.3553408480944713,0.19457863660762212,,,,,
64,3.2675791733762747,31.34728931830381,10.976918947933441,11.849168008588299,20.142243692968332,6.025228126677402,12.157809983896941,1.288244766505636,0.8856682769726248,0.46296296296296297,1.402308105206656,0.19457863660762212,,,,,
65,3.193773483628556,31.13929146537842,10.943370907139023,12.124261943102523,20.115405260332796,5.864197530864198,11.802200751476114,1.8585614600107354,0.9259259259259259,0.4495437466451959,1.3888888888888888,0.19457863660762212,,,,,
66,2.536231884057971,49.85909822866345,9.863123993558776,9.366612989801396,14.398819108964037,3.207192699946323,6.843800322061192,1.4895330112721417,0.8252818035426731,0.36231884057971014,1.0534084809447128,0.19457863660762212,,,,,
67,2.536231884057971,46.31642512077295,13.761406333870102,9.628287707997853,14.264626945786366,3.193773483628556,6.347289318303811,1.5029522275899088,0.9594739667203436,0.30864197530864196,0.9728931830381106,0.20799785292538917,,,,,
68,2.536231884057971,45.65217391304348,13.647342995169081,10.292538915727322,14.264626945786366,3.166935050993022,6.333870101986044,1.5297906602254427,1.0399892646269457,0.30864197530864196,0.9728931830381106,0.2549651100375738,,,,,
69,2.536231884057971,45.6454643048846,13.613794954374665,10.44015029522276,13.83521202361782,3.166935050993022,6.320450885668277,1.4895330112721417,1.328502415458937,0.36231884057971014,1.0064412238325282,0.2549651100375738,,,,,
70,2.536231884057971,45.430756843800324,13.79495437466452,10.426731078904991,13.895598497047773,2.9924852388620504,6.260064412238325,1.6639828234031133,1.2681159420289856,0.36231884057971014,1.06682769726248,0.30193236714975846,,,,,
71,2.536231884057971,45.108695652173914,13.506441223832528,10.695115405260333,13.882179280730005,2.9924852388620504,6.260064412238325,1.6639828234031133,1.6170155662909287,0.36231884057971014,1.0601180891035964,0.3153515834675255,,,,,
72,2.536231884057971,42.50536768652711,13.58695652173913,13.18438003220612,13.882179280730005,2.985775630703167,6.260064412238325,1.6103059581320451,1.6170155662909287,0.36231884057971014,1.1473429951690821,0.322061191626409,,,,,
73,2.536231884057971,42.391304347826086,13.66076221148685,13.144122383252817,13.821792807300053,2.985775630703167,6.260064412238325,1.6438539989264627,1.6572732152442298,0.36231884057971014,1.1674718196457328,0.36902844873859364,,,,,
74,2.536231884057971,42.270531400966185,13.58695652173913,13.24476650563607,13.747987117552334,2.985775630703167,6.159420289855072,1.6438539989264627,1.6975308641975309,0.5770263016639828,1.1674718196457328,0.3824476650563607,,,,,
75,2.536231884057971,41.99543746645196,13.58695652173913,13.620504562533547,13.580246913580247,2.985775630703167,6.159420289855072,1.6975308641975309,1.710950080515298,0.5770263016639828,1.1674718196457328,0.3824476650563607,,,,,
76,2.536231884057971,41.908212560386474,13.58695652173913,13.674181427804616,13.506441223832528,2.9723564143853998,6.092324208266238,1.7914653784219001,1.724369296833065,0.6575415995705851,1.1674718196457328,0.3824476650563607,,,,,
77,2.536231884057971,41.7740203972088,13.90901771336554,13.6808910359635,13.056897477187333,2.690552871712292,6.139291465378422,2.0799785292538915,1.710950080515298,0.8655394524959742,1.1473429951690821,0.4092860976918948,,,,,
78,2.536231884057971,41.700214707461086,13.855340848094471,13.613794954374665,13.01663982823403,2.690552871712292,6.139291465378422,2.100107353730542,1.7914653784219001,0.8655394524959742,1.3016639828234031,0.38915727321524424,,,,,
79,2.5295222758990876,36.963231347289316,13.647342995169081,11.137949543746645,20.101986044015028,2.690552871712292,6.112453032742888,2.1739130434782608,1.9726247987117553,0.798443370907139,1.3687600644122384,0.5032206119162641,,,,,
80,2.5295222758990876,36.72839506172839,13.613794954374665,11.265432098765432,20.00805152979066,2.690552871712292,6.125872249060655,2.1739130434782608,2.1403650026838434,0.798443370907139,1.402308105206656,0.5233494363929146,,,,,
81,2.5295222758990876,36.72839506172839,14.163982823403114,11.104401502952227,19.95437466451959,2.690552871712292,5.709876543209877,1.9592055823939882,2.1604938271604937,0.798443370907139,1.5163714439076759,0.6843800322061192,,,,,
82,2.1403650026838434,33.279656468062264,12.701288244766506,9.453837895866881,18.270263016639827,9.883252818035427,7.581857219538379,1.6706924315619969,2.4355877616747184,0.7313472893183038,1.3821792807300053,0.46967257112184646,,,,,
83,2.086688137412775,33.24610842726785,12.640901771336553,9.5276435856146,18.270263016639827,9.883252818035427,7.581857219538379,1.6841116478797638,2.4355877616747184,0.7313472893183038,1.3821792807300053,0.5300590445517982,,,,,
84,2.073268921095008,33.08507783145464,12.76838432635534,9.668545356951155,18.19645732689211,9.883252818035427,7.434245840042942,1.8048845947396672,2.3752012882447664,0.7313472893183038,1.4492753623188406,0.5300590445517982,,,,,
85,2.073268921095008,33.04482018250134,12.835480407944177,9.581320450885668,18.189747718733226,9.883252818035427,7.353730542136339,1.9256575415995705,2.341653247450349,0.7581857219538379,1.4224369296833066,0.5904455179817498,,,,,
86,2.073268921095008,32.830112721417066,12.808641975308642,9.769189479334408,17.92807300053677,9.863123993558776,7.353730542136339,1.9726247987117553,2.5966183574879227,0.7581857219538379,1.4492753623188406,0.5971551261406334,,,,,
87,2.073268921095008,32.39398819108964,13.305152979066023,9.708803005904455,17.820719269994633,9.863123993558776,7.353730542136339,1.9726247987117553,2.6972624798711755,0.7581857219538379,1.4492753623188406,0.6038647342995169,,,,,
88,2.073268921095008,32.33360171765969,13.22463768115942,10.131508319914117,17.2638217928073,9.863123993558776,7.353730542136339,2.059849704777241,2.7777777777777777,0.7581857219538379,1.415727321524423,0.6709608158883521,0.07380568974771873,,,,
89,2.073268921095008,32.1658615136876,13.278314546430488,10.171765968867419,17.008856682769725,9.863123993558776,7.75630703166935,1.9524959742351047,2.9052603327965647,0.6776704240472357,1.402308105206656,0.6709608158883521,0.07380568974771873,,,,
90,2.046430488459474,31.97128287707998,13.238056897477188,10.151637144390767,16.948470209339774,9.802737520128824,7.816693505099302,2.1403650026838434,2.932098765432099,0.8118625872249061,1.402308105206656,0.6642512077294686,0.07380568974771873,,,,
91,2.046430488459474,31.80354267310789,13.238056897477188,10.238862050456254,16.921631776704242,9.728931830381105,7.7831454643048845,2.2611379495437465,2.932098765432099,0.8454106280193237,1.402308105206656,0.6910896403650026,0.10735373054213634,,,,
92,2.046430488459474,31.743156199677937,13.18438003220612,10.279119699409554,16.861245303274288,9.708803005904455,7.7831454643048845,2.3081052066559313,2.985775630703167,0.8454106280193237,1.4559849704777241,0.6910896403650026,0.10735373054213634,,,,
93,2.033011272141707,31.5150295222759,13.18438003220612,10.601180891035963,16.834406870638755,9.648416532474503,7.7361782071927,2.3215244229736984,3.012614063338701,0.8454106280193237,1.4559849704777241,0.6910896403650026,0.10735373054213634,0.013419216317767043,,,
94,2.033011272141707,31.38083735909823,13.855340848094471,10.654857756307031,16.78743961352657,9.648416532474503,7.179280730005368,2.38191089640365,3.1333870101986045,0.7716049382716049,1.4224369296833066,0.630703166935051,0.10735373054213634,0.013419216317767043,,,
95,2.033011272141707,31.280193236714975,13.801663982823403,10.742082662372518,16.686795491143318,9.648416532474503,7.058507783145465,2.341653247450349,3.421900161030596,0.7716049382716049,1.4224369296833066,0.6709608158883521,0.10735373054213634,0.013419216317767043,,,
96,2.033011272141707,30.139559849704778,13.66076221148685,11.117820719269995,16.015834675254965,9.648416532474503,8.53462157809984,2.3617820719269993,3.374932903918411,0.8252818035426731,1.4626945786366077,0.6843800322061192,0.10735373054213634,0.013419216317767043,0.020128824476650563,,
97,1.90552871712292,25.603864734299517,13.378958668813741,9.742351046698873,20.9272678475577,14.714170692431562,6.702898550724638,1.9390767579173376,2.147074610842727,0.6843800322061192,1.4626945786366077,0.6508319914117016,0.10735373054213634,0.013419216317767043,0.020128824476650563,,
98,1.892109500805153,25.34219001610306,14.325013419216317,9.970477724100913,20.38378958668814,14.707461084272678,6.360708534621578,1.9457863660762211,2.281266774020397,0.7112184648416533,1.2949543746645196,0.6508319914117016,0.10735373054213634,0.0067096081588835215,0.020128824476650563,,
99,1.892109500805153,25.127482555018787,14.264626945786366,10.0979602791197,20.363660762211488,14.707461084272678,6.353998926462695,2.0933977455716586,2.2745571658615136,0.7246376811594203,1.2949543746645196,0.6709608158883521,0.10735373054213634,0.0067096081588835215,0.020128824476650563,,
100,1.8719806763285025,21.77938808373591,13.88888888888889,9.118357487922705,23.429951690821255,17.424852388620504,6.018518518518518,1.5633387010198605,2.15378421900161,0.7246376811594203,1.2412775093934514,0.6843800322061192,0.07380568974771873,0.0067096081588835215,0.020128824476650563,,
101,1.8719806763285025,21.69887278582931,13.66076221148685,9.185453569511541,23.389694041867955,17.23027375201288,6.018518518518518,1.7444981213097155,2.4691358024691357,0.7112184648416533,1.221148684916801,0.6843800322061192,0.08722490606548577,0.0067096081588835215,0.020128824476650563,,
102,1.8719806763285025,20.35024154589372,15.13016639828234,8.709071390230811,23.30246913580247,17.216854535695116,6.119162640901771,1.9592055823939882,2.563070316693505,0.6910896403650026,1.2949543746645196,0.6776704240472357,0.08722490606548577,0.0067096081588835215,0.020128824476650563,,
103,1.8719806763285025,20.35024154589372,15.210681696188942,8.903650026838433,23.30246913580247,16.968599033816425,6.146001073537305,1.90552871712292,2.563070316693505,0.6910896403650026,1.2681159420289856,0.6776704240472357,0.08722490606548577,0.0067096081588835215,0.020128824476650563,0.026838432635534086,
104,1.8719806763285025,19.719538378958667,16.009125067096083,8.769457863660762,23.30246913580247,16.968599033816425,5.931293612453032,1.90552871712292,2.5831991411701556,0.9192163177670424,1.2345679012345678,0.644122383252818,0.08722490606548577,0.0067096081588835215,0.020128824476650563,0.026838432635534086,
105,1.8719806763285025,18.16290928609769,15.942028985507246,8.521202361782072,26.27482555018787,16.941760601180892,4.85775630703167,1.8384326355340848,2.636876006441224,0.9192163177670424,1.247987117552335,0.644122383252818,0.08722490606548577,0.0067096081588835215,0.020128824476650563,0.026838432635534086,
106,1.8719806763285025,18.02200751476114,16.029253891572733,8.856682769726248,25.41599570585078,14.506172839506172,7.716049382716049,1.7847557702630166,2.831454643048846,0.9460547504025765,1.247987117552335,0.644122383252818,0.07380568974771873,0.0067096081588835215,0.020128824476650563,0.026838432635534086,
107,1.8719806763285025,17.834138486312398,15.962157809983896,9.017713365539452,25.34219001610306,14.465915190552872,7.675791733762749,1.8786902844873858,2.8918411164787976,1.0131508319914118,1.2748255501878691,0.644122383252818,0.07380568974771873,0.0067096081588835215,0.020128824476650563,0.026838432635534086,
108,1.8719806763285025,17.70665593129361,15.915190552871712,9.01100375738057,25.087224906065487,14.465915190552872,7.648953301127214,2.187332259796028,2.9924852388620504,1.0131508319914118,1.328502415458937,0.644122383252818,0.07380568974771873,0.0067096081588835215,0.020128824476650563,0.026838432635534086,
109,1.8719806763285025,17.599302200751477,15.942028985507246,9.037842190016104,24.973161567364468,14.412238325281804,7.6623725174449815,2.301395598497048,3.0864197530864197,1.0131508319914118,1.328502415458937,0.644122383252818,0.07380568974771873,0.0067096081588835215,0.020128824476650563,0.026838432635534086,
110,1.8719806763285025,17.55233494363929,15.921900161030596,8.910359634997317,24.932903918411164,14.412238325281804,7.6556629092860975,2.38191089640365,3.113258185721954,1.0198604401502953,1.4358561460010735,0.6374127750939346,0.10064412238325282,0.0067096081588835215,0.020128824476650563,0.026838432635534086,
111,1.8719806763285025,16.015834675254965,18.907675791733762,8.507783145464305,24.731615673644658,14.412238325281804,7.25979602791197,2.100107353730542,3.1602254428341383,0.8051529790660226,1.4090177133655395,0.6642512077294686,0.10064412238325282,0.0067096081588835215,0.020128824476650563,0.026838432635534086,
112,1.8719806763285025,15.083199141170155,19.350509930220074,8.232689210950081,25.684380032206118,14.392109500805153,7.139023081052066,2.059849704777241,3.1535158346752548,0.8319914117015567,1.3687600644122384,0.6642512077294686,0.10064412238325282,0.020128824476650563,0.020128824476650563,0.026838432635534086,
113,1.8719806763285025,15.002683843263553,19.350509930220074,8.313204508856682,25.44283413848631,14.204240472356414,7.132313472893183,2.428878153515835,3.2206119162640903,0.8319914117015567,1.3687600644122384,0.6642512077294686,0.10064412238325282,0.020128824476650563,0.020128824476650563,0.026838432635534086,
114,1.8719806763285025,14.761137949543746,19.880568974771872,8.105206655931294,25.34219001610306,14.184111647879764,7.125603864734299,2.4490069779924855,3.1468062265163717,0.8252818035426731,1.4761137949543746,0.6642512077294686,0.10064412238325282,0.020128824476650563,0.020128824476650563,0.026838432635534086,
115,1.8719806763285025,14.761137949543746,19.81347289318304,8.105206655931294,25.10064412238325,14.184111647879764,7.118894256575416,2.4490069779924855,3.475577026301664,0.8118625872249061,1.4761137949543746,0.6642512077294686,0.10064412238325282,0.020128824476650563,0.020128824476650563,0.026838432635534086,
116,1.8719806763285025,14.512882447665056,19.30354267310789,7.628824476650563,25.0805152979066,14.143853998926463,8.601717659688674,2.2745571658615136,3.5426731078904994,0.8387010198604401,1.3888888888888888,0.644122383252818,0.10064412238325282,0.020128824476650563,0.020128824476650563,0.026838432635534086,
117,1.8719806763285025,14.452495974235104,19.243156199677937,7.702630166398282,25.067096081588836,14.11701556629093,8.548040794417606,2.2946859903381642,3.5426731078904994,0.9125067096081588,1.3821792807300053,0.6843800322061192,0.11406333870101985,0.020128824476650563,0.020128824476650563,0.026838432635534086,
118,1.8719806763285025,14.2914653784219,19.223027375201287,7.555018786902845,23.96672034353194,13.955984970477724,9.842995169082126,2.4355877616747184,3.589640365002684,0.9326355340848095,1.4694041867954912,0.6843800322061192,0.11406333870101985,0.020128824476650563,0.020128824476650563,0.026838432635534086,
119,1.8719806763285025,14.278046162104133,19.14922168545357,7.50805152979066,23.8191089640365,13.955984970477724,9.782608695652174,2.4355877616747184,3.8177670424047236,1.0332796564680622,1.482823403113258,0.6843800322061192,0.11406333870101985,0.020128824476650563,0.020128824476650563,0.026838432635534086,
120,1.8719806763285025,14.264626945786366,18.988191089640367,7.615405260332796,23.805689747718734,13.808373590982287,9.809447128287708,2.4825550187869028,3.824476650563607,1.06682769726248,1.583467525496511,0.6977992485238862,0.11406333870101985,0.020128824476650563,0.020128824476650563,0.026838432635534086,
121,1.8719806763285025,14.184111647879764,18.780193236714975,7.971014492753623,23.59098228663446,13.674181427804616,9.782608695652174,2.6972624798711755,3.938539989264627,1.0601180891035964,1.570048309178744,0.6977992485238862,0.11406333870101985,0.020128824476650563,0.020128824476650563,0.026838432635534086,
122,1.8719806763285025,14.110305958132045,18.88083735909823,7.971014492753623,23.557434245840042,13.580246913580247,9.75577026301664,2.791196994095545,3.9452495974235107,1.0869565217391304,1.570048309178744,0.6977992485238862,0.11406333870101985,0.020128824476650563,0.020128824476650563,0.026838432635534086,
123,1.8384326355340848,14.009661835748792,19.189479334406872,8.091787439613526,23.369565217391305,13.050187869028449,9.77589908749329,3.180354267310789,3.911701556629093,1.1943102522812667,1.4962426194310252,0.7112184648416533,0.11406333870101985,0.020128824476650563,0.020128824476650563,0.026838432635534086,
124,1.8384326355340848,13.955984970477724,19.182769726247987,8.185721953837897,23.289049919484704,13.023349436392914,9.75577026301664,3.1535158346752548,3.992216854535695,1.1943102522812667,1.5365002683843263,0.7112184648416533,0.11406333870101985,0.020128824476650563,0.020128824476650563,0.026838432635534086,
125,1.8317230273752012,13.942565754159958,19.11567364465915,8.279656468062266,23.255501878690286,13.01663982823403,9.749060654857756,3.1535158346752548,4.025764895330113,1.2010198604401503,1.5365002683843263,0.7112184648416533,0.11406333870101985,0.020128824476650563,0.020128824476650563,0.026838432635534086,
126,1.8317230273752012,13.942565754159958,19.16935050993022,8.279656468062266,22.993827160493826,13.009930220075148,9.742351046698873,3.3548040794417604,4.025764895330113,1.2077294685990339,1.5297906602254427,0.7313472893183038,0.11406333870101985,0.020128824476650563,0.020128824476650563,0.026838432635534086,
127,1.8317230273752012,13.935856146001074,19.008319914117017,8.252818035426731,22.953569511540525,12.962962962962964,9.742351046698873,3.488996242619431,4.05931293612453,1.2077294685990339,1.6371443907675791,0.7313472893183038,0.12077294685990338,0.020128824476650563,0.020128824476650563,0.026838432635534086,
128,1.8317230273752012,13.83521202361782,18.780193236714975,8.387010198604402,22.913311862587225,12.962962962962964,9.554482018250134,3.475577026301664,4.367954911433173,1.2077294685990339,1.7646269457863661,0.7313472893183038,0.12077294685990338,0.020128824476650563,0.020128824476650563,0.026838432635534086,
129,1.8317230273752012,13.768115942028986,18.250134192163177,8.407139023081053,22.48389694041868,12.842190016103059,10.265700483091788,3.6097691894793345,4.327697262479871,1.3821792807300053,1.90552871712292,0.7380568974771873,0.12077294685990338,0.020128824476650563,0.020128824476650563,0.026838432635534086,
130,1.8048845947396672,13.754696725711218,17.062533548040793,8.68894256575416,23.65136876006441,12.842190016103059,9.96376811594203,3.549382716049383,4.26731078904992,1.3620504562533549,2.1269457863660763,0.7380568974771873,0.12077294685990338,0.020128824476650563,0.020128824476650563,0.026838432635534086,
131,1.8048845947396672,13.754696725711218,16.80756843800322,8.735909822866345,23.59098228663446,12.775093934514224,9.96376811594203,3.603059581320451,4.26731078904992,1.3620504562533549,2.408749329039184,0.7380568974771873,0.12077294685990338,0.020128824476650563,0.020128824476650563,0.026838432635534086,
132,1.8048845947396672,13.593666129898015,16.881374127750938,8.917069243156199,23.483628556092324,12.754965110037574,9.916800858829845,3.535963499731616,4.314278046162104,1.4559849704777241,2.4020397208803006,0.7380568974771873,0.12077294685990338,0.020128824476650563,0.03354804079441761,0.026838432635534086,
133,1.8048845947396672,13.573537305421363,16.921631776704242,8.984165324745035,23.349436392914654,12.674449812130971,9.883252818035427,3.5963499731615673,4.414922168545357,1.4559849704777241,2.395330112721417,0.7380568974771873,0.12077294685990338,0.020128824476650563,0.040257648953301126,0.026838432635534086,
134,1.8048845947396672,13.466183574879228,16.841116478797638,9.078099838969404,23.15485775630703,12.674449812130971,9.836285560923242,3.6231884057971016,4.723564143853999,1.4626945786366077,2.3752012882447664,0.7514761137949544,0.12077294685990338,0.020128824476650563,0.040257648953301126,0.026838432635534086,
135,0.27509393451422437,18.531937734836287,16.485507246376812,9.024422973698336,23.10789049919485,10.856146001073537,9.252549651100376,2.945517981749866,4.64975845410628,1.5633387010198605,2.3752012882447664,0.7514761137949544,0.0939345142243693,0.020128824476650563,0.040257648953301126,0.026838432635534086,
136,0.27509393451422437,18.417874396135264,16.451959205582394,9.16532474503489,22.920021470746107,10.795759527643586,9.219001610305957,3.2675791733762747,4.643048845947397,1.5365002683843263,2.368491680085883,0.7581857219538379,0.0939345142243693,0.020128824476650563,0.040257648953301126,0.026838432635534086,
137,0.27509393451422437,18.391035963499732,14.814814814814815,9.16532474503489,25.181159420289855,10.628019323671497,9.219001610305957,3.2877079978529253,4.51556629092861,1.415727321524423,2.214170692431562,0.7313472893183038,0.0939345142243693,0.013419216317767043,0.026838432635534086,0.026838432635534086,
138,0.27509393451422437,18.370907139023082,14.76784755770263,9.185453569511541,25.087224906065487,10.61460010735373,9.219001610305957,3.3011272141706924,4.656468062265164,1.415727321524423,2.214170692431562,0.7313472893183038,0.0939345142243693,0.013419216317767043,0.026838432635534086,0.026838432635534086,
139,0.27509393451422437,18.364197530864196,14.74771873322598,9.212292002147075,25.05367686527107,10.607890499194847,9.212292002147075,3.3011272141706924,4.690016103059581,1.415727321524423,2.214170692431562,0.7313472893183038,0.10735373054213634,0.013419216317767043,0.026838432635534086,0.026838432635534086,
140,0.27509393451422437,17.58588298443371,15.653515834675256,9.265968867418144,24.92619431025228,10.59447128287708,9.198872785829307,3.3145464304884595,4.770531400966184,1.3955984970477724,2.1068169618894257,0.7447665056360708,0.10735373054213634,0.013419216317767043,0.020128824476650563,0.026838432635534086,
141,0.27509393451422437,17.57246376811594,15.45222758990875,9.23913043478261,24.912775093934513,10.581052066559312,9.185453569511541,3.4621578099838968,4.871175523349437,1.482823403113258,2.0397208803005906,0.7581857219538379,0.10735373054213634,0.013419216317767043,0.020128824476650563,0.026838432635534086,
142,0.27509393451422437,17.465110037573805,15.22410091250671,9.655126140633387,24.644390767579175,10.567632850241546,9.098228663446054,3.5091250670960816,5.246913580246914,1.3620504562533549,2.0263016639828235,0.7581857219538379,0.10735373054213634,0.013419216317767043,0.020128824476650563,0.026838432635534086,
143,0.27509393451422437,17.45169082125604,15.042941492216855,9.655126140633387,23.866076221148685,10.567632850241546,10.44015029522276,3.488996242619431,4.9718196457326895,1.3486312399355878,1.9793344068706387,0.7581857219538379,0.10735373054213634,0.013419216317767043,0.020128824476650563,0.013419216317767043,
144,0.27509393451422437,17.37788513150832,14.861782071927,10.0979602791197,23.778851315083198,11.58749329039184,9.219001610305957,3.4151905528717124,4.9651100375738055,1.4492753623188406,2.0128824476650564,0.8051529790660226,0.10735373054213634,0.013419216317767043,0.020128824476650563,0.013419216317767043,
145,0.27509393451422437,16.874664519592056,14.479334406870638,11.634460547504025,24.020397208803004,10.775630703166936,9.057971014492754,3.603059581320451,4.871175523349437,1.4895330112721417,1.9592055823939882,0.8051529790660226,0.10735373054213634,0.013419216317767043,0.020128824476650563,0.013419216317767043,
146,0.27509393451422437,16.867954911433173,14.472624798711756,11.580783682232958,23.93317230273752,10.775630703166936,9.057971014492754,3.7573805689747717,4.871175523349437,1.4895330112721417,1.9592055823939882,0.8051529790660226,0.10735373054213634,0.013419216317767043,0.020128824476650563,0.013419216317767043,
147,0.27509393451422437,16.867954911433173,14.36527106816962,11.654589371980677,23.79898013955985,10.748792270531402,8.816425120772946,4.019055287171229,5.005367686527107,1.5230810520665594,1.9726247987117553,0.8051529790660226,0.10735373054213634,0.0067096081588835215,0.020128824476650563,0.013419216317767043,
148,0.27509393451422437,16.67337627482555,14.251207729468598,11.741814278046162,23.691626409017715,10.748792270531402,8.876811594202898,4.019055287171229,5.132850241545894,1.6505636070853462,1.9726247987117553,0.8051529790660226,0.12077294685990338,0.0067096081588835215,0.020128824476650563,0.013419216317767043,
149,0.27509393451422437,16.606280193236714,14.251207729468598,11.936392914653783,23.960010735373054,10.621309715512615,8.769457863660762,4.019055287171229,4.9651100375738055,1.6572732152442298,1.9726247987117553,0.8051529790660226,0.12077294685990338,0.0067096081588835215,0.020128824476650563,0.013419216317767043,
150,0.27509393451422437,16.525764895330113,14.170692431561998,11.889425657541599,23.711755233494365,10.621309715512615,8.870101986044014,4.240472356414386,5.166398282340311,1.6304347826086956,1.9726247987117553,0.7380568974771873,0.14761137949543746,0.0067096081588835215,0.020128824476650563,0.013419216317767043,
151,0.27509393451422437,16.29092860976919,13.996242619431026,11.889425657541599,23.60440150295223,10.621309715512615,8.856682769726248,4.569243156199678,5.213365539452496,1.6304347826086956,2.13365539452496,0.7313472893183038,0.14761137949543746,0.0067096081588835215,0.020128824476650563,0.013419216317767043,
152,0.27509393451422437,16.109769189479334,13.875469672571121,12.245034889962426,23.503757380568974,10.59447128287708,8.856682769726248,4.5893719806763285,5.226784755770263,1.6304347826086956,2.1739130434782608,0.7313472893183038,0.14761137949543746,0.0067096081588835215,0.020128824476650563,0.013419216317767043,
153,0.27509393451422437,15.888352120236178,13.92914653784219,12.580515297906603,23.18840579710145,10.453569511540525,8.82313472893183,4.8443370907139025,5.293880837359098,1.6639828234031133,2.1604938271604937,0.7112184648416533,0.14761137949543746,0.0067096081588835215,0.020128824476650563,0.013419216317767043,
154,0.27509393451422437,15.271068169618895,13.841921631776705,11.668008588298443,23.72517444981213,10.426731078904991,10.057702630166398,4.64975845410628,5.260332796564681,1.6774020397208802,2.254428341384863,0.7112184648416533,0.14090177133655393,0.0067096081588835215,0.020128824476650563,0.013419216317767043,
155,0.27509393451422437,15.24422973698336,13.868760064412239,11.688137412775093,23.30246913580247,10.359634997316157,10.63472893183038,4.636339237788513,5.166398282340311,1.6908212560386473,2.2410091250670963,0.7112184648416533,0.14090177133655393,0.0067096081588835215,0.020128824476650563,0.013419216317767043,
156,0.27509393451422437,15.177133655394526,13.895598497047773,11.788781535158346,23.289049919484704,10.299248523886206,10.63472893183038,4.636339237788513,5.152979066022544,1.6908212560386473,2.24771873322598,0.7112184648416533,0.1610305958132045,0.0067096081588835215,0.020128824476650563,0.013419216317767043,
157,0.27509393451422437,15.063070316693505,13.821792807300053,11.889425657541599,23.275630703166936,10.299248523886206,10.63472893183038,4.636339237788513,5.166398282340311,1.7646269457863661,2.26784755770263,0.6910896403650026,0.17444981213097155,0.0067096081588835215,0.020128824476650563,0.013419216317767043,
158,0.27509393451422437,14.801395598497047,13.855340848094471,12.359098228663447,23.15485775630703,10.158346752549651,10.554213633923778,4.555823939881911,5.300590445517981,1.7914653784219001,2.2879763821792807,0.6910896403650026,0.17444981213097155,0.0067096081588835215,0.020128824476650563,0.013419216317767043,
159,0.27509393451422437,14.774557165861514,13.7211486849168,12.385936661298981,23.11460010735373,10.158346752549651,10.534084809447128,4.555823939881911,5.4616210413311865,1.8115942028985508,2.301395598497048,0.6910896403650026,0.17444981213097155,0.0067096081588835215,0.020128824476650563,0.013419216317767043,
160,0.27509393451422437,14.720880300590446,13.083735909822867,12.432903918411165,22.933440687063875,10.091250670960816,10.809178743961352,4.549114331723027,5.35426731078905,2.5496511003757383,2.2946859903381642,0.6910896403650026,0.17444981213097155,0.0067096081588835215,0.020128824476650563,0.013419216317767043,
161,0.27509393451422437,14.680622651637144,13.063607085346217,12.432903918411165,22.879763821792807,10.010735373054214,10.809178743961352,4.7101449275362315,5.367686527106817,2.5496511003757383,2.314814814814815,0.6910896403650026,0.17444981213097155,0.0067096081588835215,0.020128824476650563,0.013419216317767043,
