,45,50,52,51,55,53,54,56,58,57
0,99.53703703703704,0.46296296296296297,,,,,,,,
1,99.11433172302738,0.8856682769726248,,,,,,,,
2,97.82608695652173,2.1739130434782608,,,,,,,,
3,95.07514761137949,4.924852388620504,,,,,,,,
4,92.19672571121846,7.803274288781535,,,,,,,,
5,88.18438003220612,11.81561996779388,,,,,,,,
6,88.05689747718733,11.943102522812667,,,,,,,,
7,87.73483628556092,12.265163714439076,,,,,,,,
8,87.76167471819646,12.238325281803542,,,,,,,,
9,85.11137949543746,14.888620504562533,,,,,,,,
10,76.15405260332797,23.845947396672035,,,,,,,,
11,76.18760064412238,23.812399355877616,,,,,,,,
12,72.7992485238862,24.228395061728396,2.9723564143853998,,,,,,,
13,70.43075684380032,26.596886741814277,2.9723564143853998,,,,,,,
14,69.57192699946323,26.32850241545894,2.9723564143853998,1.1272141706924315,,,,,,
15,68.31723027375202,27.58990874932904,3.1602254428341383,0.9326355340848095,,,,,,
16,65.66022544283413,30.743424584004295,2.6637144390767578,0.9326355340848095,,,,,,
17,63.93585614600107,32.52818035426731,2.6033279656468062,0.9326355340848095,,,,,,
18,63.97611379495437,32.48792270531401,2.6033279656468062,0.9326355340848095,,,,,,
19,64.24449812130972,32.23966720343532,2.5831991411701556,0.9326355340848095,,,,,,
20,60.00402576489533,32.46108427267848,4.126409017713366,3.408480944712829,,,,,,
21,59.648416532474506,32.8569511540526,4.086151368760064,3.408480944712829,,,,,,
22,59.70209339774557,32.8166935050993,4.086151368760064,3.3950617283950617,,,,,,
23,59.594739667203434,32.930756843800324,4.079441760601181,3.3950617283950617,,,,,,
24,51.871980676328505,40.365002683843265,4.079441760601181,3.3682232957595275,0.3153515834675255,,,,,
25,50.97289318303811,40.103327965646805,4.079441760601181,4.528985507246377,0.3153515834675255,,,,,
26,51.05340848094471,38.157541599570585,4.045893719806763,4.528985507246377,0.5837359098228664,1.6304347826086956,,,,
27,50.55018786902845,35.67498658078368,4.045893719806763,7.595276435856146,0.3153515834675255,1.596886741814278,0.2214170692431562,,,
28,50.83199141170156,33.15217391304348,6.367418142780462,7.4141170155662905,0.3153515834675255,1.6975308641975309,0.2214170692431562,,,
29,50.60386473429951,31.863929146537842,4.74369296833065,7.4141170155662905,0.3153515834675255,1.8719806763285025,3.1870638754696725,,,
30,50.72463768115942,31.830381105743424,4.74369296833065,7.387278582930757,0.3153515834675255,1.865271068169619,3.1333870101986045,,,
31,50.91250670960816,31.696188942565755,4.74369296833065,7.387278582930757,0.3153515834675255,1.8317230273752012,3.113258185721954,,,
32,50.88566827697262,31.743156199677937,4.74369296833065,7.367149758454106,0.3153515834675255,1.8317230273752012,3.113258185721954,,,
33,50.12748255501879,30.750134192163177,4.146537842190016,9.601449275362318,0.3153515834675255,1.8317230273752012,3.227321524422974,,,
34,50.12748255501879,29.683306494900698,5.193236714975845,9.520933977455716,0.3153515834675255,2.1135265700483092,3.046162104133119,,,
35,50.0805152979066,29.716854535695116,5.166398282340311,9.480676328502415,0.3153515834675255,2.1135265700483092,3.126677402039721,,,
36,50.46296296296296,29.461889425657542,5.152979066022544,9.480676328502415,0.3153515834675255,2.1135265700483092,3.012614063338701,,,
37,50.48309178743961,29.448470209339774,6.233225979602791,9.453837895866881,0.3153515834675255,1.9457863660762211,2.120236178207193,,,
38,48.25550187869028,31.810252281266774,6.179549114331723,9.373322597960279,0.3153515834675255,1.9457863660762211,2.120236178207193,,,
39,44.840311325818575,34.43370907139023,6.146001073537305,10.198604401502953,0.3153515834675255,1.9457863660762211,2.120236178207193,,,
40,45.01476113794954,34.312936124530324,6.146001073537305,10.171765968867419,0.3153515834675255,1.9457863660762211,2.0933977455716586,,,
41,45.02818035426731,34.29951690821256,6.146001073537305,10.171765968867419,0.3153515834675255,1.9457863660762211,2.0933977455716586,,,
42,44.20960815888352,35.34621578099839,6.052066559312936,9.359903381642512,0.3153515834675255,1.9457863660762211,2.771068169618894,,,
43,44.24986580783682,34.675254965110035,6.052066559312936,9.359903381642512,0.4830917874396135,2.1940418679549114,2.985775630703167,,,
44,43.57890499194847,32.729468599033815,6.052066559312936,11.98336017176597,0.47638217928073,2.1940418679549114,2.985775630703167,,,
45,41.6129898013956,33.85668276972625,6.011808910359635,12.86231884057971,0.47638217928073,2.1940418679549114,2.985775630703167,,,
46,41.686795491143315,33.823134728931834,5.998389694041868,12.835480407944177,0.47638217928073,2.1940418679549114,2.985775630703167,,,
47,39.40552871712292,29.837627482555018,2.8918411164787976,23.382984433709073,0.7581857219538379,2.1940418679549114,1.5297906602254427,,,
48,39.35856146001073,29.965110037573805,2.8515834675254963,23.382984433709073,0.7447665056360708,2.1940418679549114,1.5029522275899088,,,
49,39.12372517444981,29.57595276435856,2.8515834675254963,23.926462694578635,0.8252818035426731,2.1940418679549114,1.5029522275899088,,,
50,38.67418142780462,27.831454643048847,5.360976918947934,24.06736446591519,0.8118625872249061,2.033011272141707,1.221148684916801,,,
51,28.23403113258186,36.93639291465379,4.757112184648417,23.926462694578635,0.8118625872249061,4.1129898013955986,1.221148684916801,,,
52,28.435319377348364,36.77536231884058,4.757112184648417,23.886205045625335,0.8118625872249061,4.1129898013955986,1.221148684916801,,,
53,25.97289318303811,44.87385936661299,3.1870638754696725,20.538110574342458,0.4495437466451959,4.435050993022007,0.5434782608695652,,,
54,26.100375738056897,44.71953837895867,3.166935050993022,20.531400966183575,0.5904455179817498,4.3478260869565215,0.5434782608695652,,,
55,26.382179280730007,44.50483091787439,3.5628019323671496,20.081857219538378,0.5904455179817498,4.334406870638754,0.5434782608695652,,,
56,26.744498121309714,44.06870638754697,3.5628019323671496,20.04830917874396,0.7045088566827697,4.334406870638754,0.5367686527106817,,,
57,26.596886741814277,44.10225442834138,3.535963499731616,20.30998389694042,0.7045088566827697,4.213633923778851,0.5367686527106817,,,
58,26.583467525496513,43.96806226516372,3.502415458937198,20.28985507246377,0.7045088566827697,4.213633923778851,0.7380568974771873,,,
59,26.704240472356414,43.86741814278046,3.488996242619431,20.283145464304884,0.7045088566827697,4.213633923778851,0.7380568974771873,,,
60,25.979602791196996,43.08910359634997,3.4621578099838968,21.672034353193773,0.8722490606548577,4.186795491143317,0.7380568974771873,,,
61,25.751476113794954,39.392109500805155,3.4621578099838968,21.578099838969404,0.8722490606548577,7.024959742351046,1.9189479334406871,,,
62,24.456521739130434,37.567096081588836,3.4621578099838968,24.711486849168008,0.8722490606548577,7.024959742351046,1.90552871712292,,,
63,23.95330112721417,36.74852388620504,3.4420289855072466,26.053408480944714,0.8722490606548577,7.024959742351046,1.90552871712292,,,
64,23.79898013955985,33.77616747181965,3.750670960815888,26.039989264626946,3.7372517444981215,6.991411701556629,1.90552871712292,,,
65,23.960010735373054,33.44739667203435,3.750670960815888,25.999731615673646,4.958400429414922,5.743424584004294,2.1403650026838434,,,
66,24.208266237251745,33.32662372517445,3.750670960815888,25.885668276972623,4.944981213097155,5.743424584004294,2.1403650026838434,,,
67,24.335748792270532,33.272946859903385,3.730542136339238,25.865539452495973,4.944981213097155,5.709876543209877,2.1403650026838434,,,
68,24.55716586151369,33.04482018250134,4.374664519592056,25.275093934514224,4.918142780461621,5.689747718733226,2.1403650026838434,,,
69,24.56387546967257,30.04562533548041,4.374664519592056,25.241545893719806,8.017981749865807,5.615942028985507,2.1403650026838434,,,
70,24.86580783682233,29.428341384863124,8.313204508856682,21.71900161030596,7.991143317230274,5.615942028985507,2.0665593129361244,,,
71,25.006709608158882,29.401502952227588,8.031400966183575,21.638486312399355,8.252818035426731,5.60252281266774,2.0665593129361244,,,
72,22.530864197530864,31.97799248523886,8.031400966183575,21.578099838969404,8.225979602791197,5.589103596349974,1.8317230273752012,0.23483628556092323,,
73,22.685185185185187,31.93773483628556,7.997852925389157,21.557971014492754,8.199141170155663,5.555555555555555,1.8317230273752012,0.23483628556092323,,
74,22.114868491680085,32.380568974771876,9.192163177670425,21.544551798174986,8.172302737520129,4.528985507246377,1.8317230273752012,0.23483628556092323,,
75,22.463768115942027,32.29334406870639,9.05126140633387,21.484165324745035,8.13875469672571,4.51556629092861,1.8317230273752012,0.2214170692431562,,
76,22.537573805689746,31.19296833064949,9.004294149221685,22.436929683306495,8.13875469672571,4.51556629092861,1.9524959742351047,0.2214170692431562,,
77,22.457058507783145,31.112453032742888,9.23913043478261,22.363123993558776,8.13875469672571,4.51556629092861,1.9524959742351047,0.2214170692431562,,
78,22.805958132045088,30.9044551798175,9.131776704240472,21.423778851315085,8.132045088566828,5.428073000536768,1.9524959742351047,0.2214170692431562,,
79,23.15485775630703,30.857487922705314,9.098228663446054,20.994363929146537,8.132045088566828,5.743424584004294,1.7981749865807837,0.2214170692431562,,
80,23.362855609232422,30.750134192163177,8.950617283950617,21.088298443370906,8.09849704777241,5.730005367686527,1.7981749865807837,0.2214170692431562,,
81,23.443370907139023,30.69645732689211,8.950617283950617,21.07487922705314,8.09849704777241,5.71658615136876,1.7981749865807837,0.2214170692431562,,
82,23.2487922705314,31.03864734299517,8.930488459473967,20.974235104669887,8.091787439613526,5.6964573268921095,1.7981749865807837,0.2214170692431562,,
83,23.013955984970476,33.823134728931834,8.293075684380032,19.43773483628556,7.98443370907139,5.428073000536768,1.7981749865807837,0.2214170692431562,,
84,23.040794417606012,33.071658615136876,8.266237251744498,17.793880837359097,10.466988727858293,5.340848094471283,1.7981749865807837,0.2214170692431562,,
85,23.2085346215781,33.01798174986581,8.225979602791197,17.793880837359097,10.433440687063875,5.300590445517981,1.7981749865807837,0.2214170692431562,,
86,23.11460010735373,32.27992485238862,8.044820182501342,17.92807300053677,11.3593666129898,5.253623188405797,1.7981749865807837,0.2214170692431562,,
87,21.833064949006978,29.367954911433173,5.924584004294149,27.489264626945786,8.252818035426731,5.112721417069243,1.7981749865807837,0.2214170692431562,,
88,22.20209339774557,29.17337627482555,5.891035963499732,27.462426194310254,7.890499194847021,5.360976918947934,1.7981749865807837,0.2214170692431562,,
89,22.63150831991412,29.146537842190018,5.776972624798712,26.8719806763285,7.890499194847021,5.662909286097692,1.7981749865807837,0.2214170692431562,,
90,23.060923242082662,28.92512077294686,5.9447128287707995,26.50966183574879,7.9039184111647875,5.636070853462158,1.7981749865807837,0.2214170692431562,,
91,23.32259796027912,28.871443907675793,5.9447128287707995,26.32850241545894,7.877079978529254,5.636070853462158,1.7981749865807837,0.2214170692431562,,
92,23.443370907139023,28.64331723027375,6.146001073537305,26.25469672571122,7.877079978529254,5.615942028985507,1.7981749865807837,0.2214170692431562,,
93,21.35668276972625,31.588835212023618,7.118894256575416,25.09393451422437,7.702630166398282,5.173107890499195,1.7444981213097155,0.2214170692431562,,
94,21.430488459473967,31.548577563070317,7.105475040257649,25.07380568974772,7.702630166398282,5.173107890499195,1.7444981213097155,0.2214170692431562,,
95,21.544551798174986,31.468062265163713,7.078636607622115,25.067096081588836,7.702630166398282,5.173107890499195,1.7444981213097155,0.2214170692431562,,
96,21.658615136876005,31.40096618357488,7.051798174986581,24.812130971551262,7.702630166398282,5.173107890499195,1.9793344068706387,0.2214170692431562,,
97,21.900161030595815,31.374127750939344,7.018250134192163,24.745034889962426,7.6556629092860975,5.10601180891036,1.9793344068706387,0.2214170692431562,,
98,22.18196457326892,31.239935587761675,7.065217391304348,24.62426194310252,7.62211486849168,5.065754159957058,1.9793344068706387,0.2214170692431562,,
99,22.430220075147613,31.05877616747182,7.065217391304348,24.58400429414922,7.62211486849168,5.038915727321524,1.9793344068706387,0.2214170692431562,,
100,22.63150831991412,30.917874396135264,7.0383789586688135,24.44310252281267,7.742887815351583,5.025496511003757,1.9793344068706387,0.2214170692431562,,
101,23.00053676865271,30.60252281266774,7.03166935050993,24.235104669887278,7.7361782071927,5.213365539452496,1.9592055823939882,0.2214170692431562,,
102,23.060923242082662,30.595813204508858,7.018250134192163,24.20155662909286,7.7361782071927,5.2066559312936125,1.9592055823939882,0.2214170692431562,,
103,23.658078368223297,30.461621041331185,6.870638754696726,24.14117015566291,7.682501341921632,5.005367686527107,1.9592055823939882,0.2214170692431562,,
104,23.919753086419753,30.280461621041333,6.857219538378959,24.255233494363928,7.675791733762749,4.830917874396135,1.9592055823939882,0.2214170692431562,,
105,24.12104133118626,29.166666666666668,6.857219538378959,24.033816425120772,7.897208803005904,5.783682232957595,1.9592055823939882,0.18115942028985507,,
106,24.570585077831456,28.77750939345142,6.716317767042405,23.926462694578635,7.897208803005904,5.756843800322061,2.1739130434782608,0.18115942028985507,,
107,23.899624261943103,27.51610305958132,6.702898550724638,25.966183574879228,7.890499194847021,5.756843800322061,2.086688137412775,0.18115942028985507,,
108,24.295491143317232,27.49597423510467,6.696188942565755,25.785024154589372,7.809983896940419,5.649490069779925,2.086688137412775,0.18115942028985507,,
109,24.268652710681696,26.82501341921632,6.494900697799249,26.81159420289855,7.7831454643048845,5.649490069779925,1.7981749865807837,0.36902844873859364,,
110,24.14787976382179,25.37573805689748,6.696188942565755,26.650563607085346,7.5348899624261945,7.467793880837359,1.7713365539452497,0.35560923242082665,,
111,24.4296833064949,24.818840579710145,6.696188942565755,26.617015566290927,7.501341921631776,7.648953301127214,1.932367149758454,0.35560923242082665,,
112,24.48336017176597,24.67793880837359,6.6827697262479875,26.516371443907676,7.474503488996243,7.648953301127214,1.9189479334406871,0.5971551261406334,,
113,24.84567901234568,24.335748792270532,6.6827697262479875,26.496242619431026,7.548309178743962,7.601986044015029,1.9122383252818036,0.5770263016639828,,
114,25.13419216317767,24.255233494363928,6.588835212023618,26.422436929683307,7.50805152979066,7.601986044015029,1.9122383252818036,0.5770263016639828,,
115,24.456521739130434,23.356146001073537,6.568706387546968,26.422436929683307,7.125603864734299,9.286097691894794,1.9122383252818036,0.8722490606548577,,
116,24.496779388083738,23.315888352120236,7.253086419753086,25.738056897477186,7.125603864734299,9.286097691894794,1.9122383252818036,0.8722490606548577,,
117,24.63768115942029,23.309178743961354,7.253086419753086,25.650831991411703,7.125603864734299,9.252549651100376,1.8988191089640365,0.8722490606548577,,
118,24.812130971551262,23.2487922705314,7.219538378958669,25.597155126140635,7.125603864734299,9.225711218464841,1.8988191089640365,0.8722490606548577,,
119,25.120772946859905,23.067632850241544,7.1725711218464845,25.53676865271068,7.112184648416532,9.225711218464841,1.892109500805153,0.8722490606548577,,
120,25.181159420289855,22.886473429951693,7.461084272678476,25.32206119162641,7.219538378958669,9.16532474503489,1.892109500805153,0.8722490606548577,,
121,25.47638217928073,22.665056360708533,7.440955448201825,25.161030595813205,7.219538378958669,9.312936124530328,1.8786902844873858,0.8454106280193237,,
122,25.925925925925927,22.208803005904453,7.407407407407407,25.0402576489533,7.212828770799785,9.480676328502415,1.8786902844873858,0.8454106280193237,,
123,26.160762211486848,22.17525496511004,7.387278582930757,24.912775093934513,7.179280730005368,9.473966720343531,1.865271068169619,0.8454106280193237,,
124,26.268115942028984,22.134997316156735,7.387278582930757,24.88593666129898,7.139023081052066,9.473966720343531,1.865271068169619,0.8454106280193237,,
125,26.174181427804616,21.967257112184647,7.367149758454106,24.88593666129898,7.595276435856146,9.29951690821256,1.865271068169619,0.8454106280193237,,
126,26.234567901234566,21.960547504025765,7.367149758454106,24.88593666129898,7.595276435856146,9.272678475577026,1.8384326355340848,0.8454106280193237,,
127,25.966183574879228,21.537842190016104,8.299785292538916,24.751744498121308,7.716049382716049,9.272678475577026,1.6103059581320451,0.8454106280193237,,
128,26.01315083199141,21.531132581857218,8.299785292538916,24.711486849168008,7.716049382716049,9.272678475577026,1.6103059581320451,0.8454106280193237,,
129,26.35534084809447,21.470746108427267,8.246108427267847,24.510198604401502,7.709339774557166,9.272678475577026,1.6103059581320451,0.8252818035426731,,
130,26.46940418679549,21.43719806763285,8.246108427267847,24.50348899624262,7.669082125603865,9.23913043478261,1.6103059581320451,0.8252818035426731,,
131,26.576757917337627,21.410359634997317,8.225979602791197,24.476650563607084,7.635534084809447,9.23913043478261,1.6103059581320451,0.8252818035426731,,
132,27.006172839506174,21.34326355340848,8.172302737520129,24.20155662909286,7.628824476650563,9.212292002147075,1.6103059581320451,0.8252818035426731,,
133,27.214170692431562,21.162104133118625,8.172302737520129,24.00697799248524,7.85024154589372,9.158615136876007,1.6103059581320451,0.8252818035426731,,
134,25.38244766505636,19.585346215780998,11.131239935587761,26.986044015029524,6.608964036500268,8.024691358024691,1.5163714439076759,0.7648953301127214,,
135,25.469672571121848,19.565217391304348,11.11111111111111,26.939076757917338,6.608964036500268,8.024691358024691,1.5163714439076759,0.7648953301127214,,
136,25.59044551798175,19.55179817498658,11.11111111111111,26.838432635534083,6.608964036500268,8.017981749865807,1.5163714439076759,0.7648953301127214,,
137,25.623993558776167,19.410896403650028,11.11111111111111,26.952495974235106,6.608964036500268,8.011272141706923,1.5163714439076759,0.7648953301127214,,
138,24.013687600644122,18.55877616747182,10.983628556092324,30.267042404723565,6.608964036500268,7.548309178743962,1.2748255501878691,0.7447665056360708,,
139,24.12104133118626,18.55877616747182,10.95679012345679,30.19994632313473,6.608964036500268,7.5348899624261945,1.2748255501878691,0.7447665056360708,,
140,24.248523886205046,18.45813204508857,10.903113258185721,30.267042404723565,6.608964036500268,7.50805152979066,1.261406333870102,0.7447665056360708,,
141,24.168008588298445,18.417874396135264,10.86285560923242,30.18652710681696,6.850509930220075,7.50805152979066,1.261406333870102,0.7447665056360708,,
142,24.362587224906065,18.377616747181964,10.84272678475577,29.998658078368223,6.91760601180891,7.494632313472893,1.261406333870102,0.7447665056360708,,
143,24.644390767579175,18.297101449275363,10.815888352120236,29.918142780461622,6.91760601180891,7.427536231884058,1.2345679012345678,0.7447665056360708,,
144,24.758454106280194,18.21658615136876,10.782340311325818,29.965110037573805,6.723027375201288,7.367149758454106,1.442565754159957,0.7447665056360708,,
145,24.691358024691358,18.04884594739667,10.7085346215781,29.938271604938272,6.702898550724638,7.185990338164252,1.9793344068706387,0.7447665056360708,,
146,24.912775093934513,18.02200751476114,10.7085346215781,29.770531400966185,6.702898550724638,7.159151905528717,1.9793344068706387,0.7447665056360708,,
147,25.02012882447665,17.98174986580784,10.7085346215781,29.683306494900698,6.696188942565755,7.185990338164252,1.9793344068706387,0.7447665056360708,,
148,25.120772946859905,17.941492216854535,10.681696188942565,29.683306494900698,6.6760601180891035,7.1725711218464845,1.9793344068706387,0.7447665056360708,,
149,25.248255501878692,17.934782608695652,10.681696188942565,29.60950080515298,6.6760601180891035,7.125603864734299,1.9793344068706387,0.7447665056360708,,
150,25.53676865271068,17.70665593129361,10.681696188942565,29.56924315619968,6.655931293612453,7.125603864734299,1.9793344068706387,0.7447665056360708,,
151,25.717928073000536,17.64626945786366,10.681696188942565,29.482018250134193,6.8035426731078905,6.944444444444445,1.9793344068706387,0.7447665056360708,,
152,25.89908749329039,17.57246376811594,10.661567364465915,29.482018250134193,6.743156199677939,7.024959742351046,1.8719806763285025,0.7447665056360708,,
153,25.691089640365004,16.780730005367687,10.661567364465915,30.609232420826622,6.743156199677939,7.024959742351046,1.8719806763285025,0.6172839506172839,,
154,26.187600644122384,16.780730005367687,10.641438539989265,30.267042404723565,6.608964036500268,6.89747718733226,2.0128824476650564,0.6038647342995169,,
155,26.301663982823403,16.70692431561997,10.641438539989265,30.24020397208803,6.595544820182502,6.89747718733226,2.0128824476650564,0.6038647342995169,,
156,25.87895866881374,16.076221148684915,10.373054213633925,29.97181964573269,6.595544820182502,6.360708534621578,4.052603327965647,0.5971551261406334,0.0939345142243693,
157,25.939345142243692,16.0426731078905,10.373054213633925,29.73027375201288,6.595544820182502,6.360708534621578,4.052603327965647,0.8118625872249061,0.0939345142243693,
158,26.053408480944714,15.942028985507246,10.359634997316157,29.53569511540526,6.528448738593666,6.649221685453569,4.025764895330113,0.8118625872249061,0.0939345142243693,
159,26.060118089103597,15.935319377348362,10.352925389157273,29.300858829844337,6.501610305958132,6.635802469135802,4.025764895330113,1.093666129898014,0.0939345142243693,
160,26.227858293075684,15.915190552871712,10.352925389157273,29.26731078904992,6.414385399892646,6.608964036500268,4.025764895330113,1.093666129898014,0.0939345142243693,
161,26.576757917337627,15.895061728395062,10.265700483091788,29.139828234031132,6.400966183574879,6.521739130434782,4.025764895330113,1.0802469135802468,0.0939345142243693,
162,26.704240472356414,15.895061728395062,10.265700483091788,29.05931293612453,6.380837359098229,6.494900697799249,4.025764895330113,1.0802469135802468,0.0939345142243693,
163,26.972624798711756,15.841384863123993,10.265700483091788,28.985507246376812,6.327160493827161,6.4412238325281805,3.992216854535695,1.0802469135802468,0.0939345142243693,
164,27.200751476113794,15.774288781535159,10.21202361782072,28.978797638217927,6.380837359098229,6.293612453032743,3.992216854535695,1.0735373054213635,0.0939345142243693,
165,26.932367149758456,15.324745034889963,10.178475577026301,28.609769189479334,6.494900697799249,6.239935587761675,5.052334943639291,1.0735373054213635,0.0939345142243693,
166,27.079978529253893,15.318035426731079,10.144927536231885,28.5426731078905,6.461352657004831,6.233225979602791,5.052334943639291,1.0735373054213635,0.0939345142243693,
167,27.24771873322598,15.170424047235642,10.144927536231885,28.401771336553946,6.353998926462695,6.233225979602791,5.280461621041331,1.0735373054213635,0.0939345142243693,
168,27.449006977992486,15.13016639828234,10.111379495437467,28.28099838969404,6.353998926462695,6.233225979602791,5.280461621041331,1.06682769726248,0.0939345142243693,
169,27.576489533011273,15.103327965646805,10.111379495437467,28.227321524422972,6.340579710144928,6.219806763285024,5.260332796564681,1.06682769726248,0.0939345142243693,
170,27.85829307568438,15.029522275899087,10.071121846484166,28.12667740203972,6.333870101986044,6.219806763285024,5.199946323134729,1.06682769726248,0.0939345142243693,
171,27.925389157273216,14.962426194310252,10.071121846484166,27.938808373590984,6.199677938808374,6.199677938808374,5.542136339237788,1.06682769726248,0.0939345142243693,
172,27.999194847020934,14.942297369833602,10.071121846484166,27.47584541062802,6.3070316693505095,6.179549114331723,5.515297906602254,1.415727321524423,0.0939345142243693,
173,28.119967793880836,14.928878153515834,10.071121846484166,27.4020397208803,6.3070316693505095,6.152710681696189,5.515297906602254,1.4090177133655395,0.0939345142243693,
174,28.327965646806227,14.828234031132581,10.037573805689748,27.355072463768117,6.400966183574879,6.152710681696189,5.394524959742351,1.4090177133655395,0.0939345142243693,
175,28.12667740203972,14.734299516908212,10.037573805689748,27.455716586151368,6.367418142780462,6.380837359098229,5.394524959742351,1.4090177133655395,0.0939345142243693,
176,28.133387010198604,14.734299516908212,10.037573805689748,27.449006977992486,6.367418142780462,6.380837359098229,5.394524959742351,1.4090177133655395,0.0939345142243693,
177,28.173644659151904,14.734299516908212,10.037573805689748,27.42216854535695,6.353998926462695,6.380837359098229,5.394524959742351,1.4090177133655395,0.0939345142243693,
178,28.287707997852927,14.673913043478262,10.010735373054214,27.408749329039185,6.353998926462695,6.380837359098229,5.381105743424584,1.4090177133655395,0.0939345142243693,
179,28.462157809983896,14.566559312936125,9.977187332259795,27.395330112721417,6.340579710144928,6.380837359098229,5.374396135265701,1.4090177133655395,0.0939345142243693,
180,28.65673644659152,14.371980676328503,9.957058507783145,27.34165324745035,6.333870101986044,6.233225979602791,5.360976918947934,1.6505636070853462,0.0939345142243693,
181,28.844605475040257,14.31159420289855,9.950348899624261,27.32823403113258,6.320450885668277,6.233225979602791,5.267042404723564,1.6505636070853462,0.0939345142243693,
182,28.898282340311326,14.27133655394525,9.75577026301664,27.214170692431562,6.239935587761675,6.622383252818035,5.253623188405797,1.6505636070853462,0.0939345142243693,
183,29.05931293612453,14.257917337627482,9.742351046698873,26.986044015029524,6.380837359098229,6.615673644659152,5.24020397208803,1.6237251744498122,0.0939345142243693,
184,29.1129898013956,14.257917337627482,9.742351046698873,26.96591519055287,6.367418142780462,6.602254428341385,5.233494363929147,1.6237251744498122,0.0939345142243693,
185,29.32769726247987,14.257917337627482,9.681964573268921,26.838432635534083,6.353998926462695,6.602254428341385,5.233494363929147,1.6103059581320451,0.0939345142243693,
186,29.441760601180892,14.217659688674182,9.668545356951155,26.798174986580783,6.333870101986044,6.602254428341385,5.233494363929147,1.6103059581320451,0.0939345142243693,
187,29.200214707461082,14.801395598497047,9.54777241009125,26.50966183574879,6.508319914117015,6.521739130434782,5.233494363929147,1.583467525496511,0.0939345142243693,
188,29.28743961352657,14.78797638217928,9.5276435856146,26.476113794954376,6.488191089640365,6.521739130434782,5.233494363929147,1.583467525496511,0.0939345142243693,
189,29.388083735909824,14.761137949543746,9.5276435856146,26.40901771336554,6.488191089640365,6.521739130434782,5.226784755770263,1.583467525496511,0.0939345142243693,
190,29.58937198067633,14.74771873322598,9.39345142243693,26.40901771336554,6.488191089640365,6.468062265163715,5.226784755770263,1.583467525496511,0.0939345142243693,
191,29.757112184648417,14.63365539452496,9.655126140633387,26.321792807300053,6.468062265163715,6.461352657004831,5.025496511003757,1.583467525496511,0.0939345142243693,
192,30.152979066022546,14.606816961889425,9.634997316156737,26.160762211486848,6.461352657004831,6.400966183574879,4.985238862050457,1.5029522275899088,0.0939345142243693,
193,30.267042404723565,14.53972088030059,9.628287707997853,26.133923778851315,6.447933440687064,6.400966183574879,4.985238862050457,1.5029522275899088,0.0939345142243693,
194,30.360976918947934,14.53972088030059,9.628287707997853,26.06682769726248,6.447933440687064,6.380837359098229,4.985238862050457,1.5029522275899088,0.08722490606548577,
195,30.287171229200215,14.512882447665056,9.883252818035427,26.154052603327965,6.253354804079442,6.360708534621578,4.9718196457326895,1.5029522275899088,0.07380568974771873,
196,30.54884594739667,14.40552871712292,9.863123993558776,26.03327965646806,6.253354804079442,6.347289318303811,4.9718196457326895,1.5029522275899088,0.07380568974771873,
197,30.50187869028449,14.244498121309716,9.863123993558776,25.81857219538379,6.132581857219538,6.837090713902308,5.112721417069243,1.415727321524423,0.07380568974771873,
198,30.683038110574344,14.244498121309716,9.863123993558776,25.704508856682768,6.078904991948471,6.823671497584541,5.112721417069243,1.415727321524423,0.07380568974771873,
199,30.495169082125603,14.224369296833064,9.849704777241008,26.20101986044015,6.031937734836285,6.816961889425658,4.891304347826087,1.415727321524423,0.07380568974771873,
200,30.683038110574344,14.17740203972088,10.399892646269459,25.986312399355878,6.005099302200751,6.635802469135802,4.622920021470746,1.415727321524423,0.07380568974771873,
201,31.132581857219538,14.298174986580785,10.399892646269459,25.758185721953836,5.870907139023081,6.5552871712292005,4.616210413311863,1.2949543746645196,0.07380568974771873,
202,31.146001073537306,14.27133655394525,10.721953837895867,25.677670424047236,5.797101449275362,6.535158346752549,4.488727858293076,1.288244766505636,0.07380568974771873,
203,31.273483628556093,14.264626945786366,10.654857756307031,25.623993558776167,5.797101449275362,6.535158346752549,4.488727858293076,1.288244766505636,0.07380568974771873,
204,31.32716049382716,14.338432635534085,10.654857756307031,25.543478260869566,5.776972624798712,6.508319914117015,4.488727858293076,1.288244766505636,0.07380568974771873,
205,31.367418142780462,14.325013419216317,10.527375201288244,25.543478260869566,5.776972624798712,6.508319914117015,4.616210413311863,1.261406333870102,0.07380568974771873,
206,31.46135265700483,14.11701556629093,10.379763821792807,25.670960815888353,5.776972624798712,6.494900697799249,4.7638217928073,1.261406333870102,0.07380568974771873,
207,31.508319914117017,14.096886741814279,10.34621578099839,25.483091787439612,5.978260869565218,6.488191089640365,4.7638217928073,1.261406333870102,0.07380568974771873,
208,31.61567364465915,14.076757917337627,10.326086956521738,25.44283413848631,5.9514224369296835,6.367418142780462,4.750402576489533,1.261406333870102,0.20799785292538917,
209,31.702898550724637,14.049919484702093,10.326086956521738,25.44283413848631,5.9514224369296835,6.3070316693505095,4.750402576489533,1.261406333870102,0.20799785292538917,
210,31.769994632313473,14.036500268384327,10.413311862587225,25.43612453032743,5.837359098228664,6.300322061191626,4.750402576489533,1.261406333870102,0.19457863660762212,
211,31.756575415995705,14.029790660225443,11.037305421363392,24.97987117552335,5.837359098228664,6.300322061191626,4.616210413311863,1.247987117552335,0.19457863660762212,
212,31.91760601180891,13.989533011272142,11.003757380568974,24.892646269457863,5.837359098228664,6.300322061191626,4.616210413311863,1.247987117552335,0.19457863660762212,
213,31.99141170155663,13.982823403113258,10.976918947933441,24.872517444981213,5.8239398819108965,6.293612453032743,4.616210413311863,1.247987117552335,0.19457863660762212,
214,32.31347289318304,13.969404186795492,10.963499731615673,24.52361782071927,5.783682232957595,6.387546967257112,4.616210413311863,1.247987117552335,0.19457863660762212,
215,32.52147074610843,13.915727321524423,10.923242082662373,24.490069779924852,5.770263016639828,6.360708534621578,4.575952764358561,1.247987117552335,0.19457863660762212,
216,32.59527643585615,13.895598497047773,10.876274825550189,24.27536231884058,6.018518518518518,6.360708534621578,4.53569511540526,1.247987117552335,0.19457863660762212,
217,32.2061191626409,13.593666129898015,10.876274825550189,24.818840579710145,5.857487922705314,6.360708534621578,4.871175523349437,1.221148684916801,0.19457863660762212,
218,32.39398819108964,13.573537305421363,10.876274825550189,24.718196457326894,5.844068706387547,6.320450885668277,4.85775630703167,1.221148684916801,0.19457863660762212,
219,32.48121309715513,13.513150831991412,10.775630703166936,24.771873322597962,5.797101449275362,6.300322061191626,4.85775630703167,1.221148684916801,0.19457863660762212,0.08722490606548577
220,32.689210950080515,13.506441223832528,10.742082662372518,24.644390767579175,5.797101449275362,6.273483628556092,4.85775630703167,1.2077294685990339,0.19457863660762212,0.08722490606548577
221,32.45437466451959,13.365539452495975,11.506977992485238,24.382716049382715,5.669618894256575,6.273483628556092,4.85775630703167,1.2077294685990339,0.19457863660762212,0.08722490606548577
222,32.407407407407405,13.331991411701557,11.849168008588299,24.16129898013956,5.669618894256575,6.233225979602791,4.85775630703167,1.2077294685990339,0.19457863660762212,0.08722490606548577
223,32.64224369296833,13.331991411701557,11.822329575952764,23.785560923242084,5.595813204508857,6.233225979602791,5.0993022007514766,1.2077294685990339,0.19457863660762212,0.08722490606548577
224,32.689210950080515,13.291733762748256,11.822329575952764,23.785560923242084,5.589103596349974,6.233225979602791,5.0993022007514766,1.2077294685990339,0.19457863660762212,0.08722490606548577
225,32.07192699946323,13.285024154589372,11.654589371980677,23.17498658078368,5.5756843800322065,7.843531937734836,5.0993022007514766,1.0131508319914118,0.19457863660762212,0.08722490606548577
226,32.29334406870639,13.023349436392914,11.58749329039184,23.040794417606012,5.5689747718733225,7.796564680622652,5.407944176060118,1.0131508319914118,0.18115942028985507,0.08722490606548577
227,32.427536231884055,12.99651100375738,11.553945249597424,23.027375201288244,5.5689747718733225,7.776435856146001,5.367686527106817,1.0131508319914118,0.18115942028985507,0.08722490606548577
228,32.68250134192163,12.983091787439614,11.486849168008588,22.906602254428343,5.5689747718733225,7.7361782071927,5.367686527106817,0.9997316156736447,0.18115942028985507,0.08722490606548577
229,32.74288781535159,12.835480407944177,11.3191089640365,23.07434245840043,5.508588298443371,7.897208803005904,5.35426731078905,0.9997316156736447,0.18115942028985507,0.08722490606548577
230,32.8166935050993,12.795222758990874,11.272141706924316,22.987117552334944,5.4549114331723025,8.051529790660226,5.35426731078905,0.9997316156736447,0.18115942028985507,0.08722490606548577
231,33.091787439613526,12.775093934514224,11.231884057971014,22.973698336017176,5.367686527106817,7.977724100912507,5.314009661835748,0.9997316156736447,0.18115942028985507,0.08722490606548577
232,33.2259796027912,12.761674718196458,11.372785829307569,22.873054213633925,5.35426731078905,7.917337627482555,5.226784755770263,0.9997316156736447,0.18115942028985507,0.08722490606548577
233,33.53462157809984,12.761674718196458,11.252012882447666,22.785829307568438,5.35426731078905,7.856951154052603,5.213365539452496,0.9728931830381106,0.18115942028985507,0.08722490606548577
234,33.702361782071925,12.761674718196458,11.238593666129898,22.685185185185187,5.347557702630167,7.856951154052603,5.166398282340311,0.9728931830381106,0.18115942028985507,0.08722490606548577
235,33.85668276972625,12.761674718196458,11.211755233494364,22.584541062801932,5.3341384863123995,7.843531937734836,5.166398282340311,0.9728931830381106,0.18115942028985507,0.08722490606548577
236,33.93048845947396,12.714707461084272,11.211755233494364,22.5577026301664,5.3341384863123995,7.843531937734836,5.166398282340311,0.9728931830381106,0.18115942028985507,0.08722490606548577
237,34.50080515297907,12.493290391841116,11.084272678475577,22.48389694041868,5.24020397208803,7.803274288781535,5.166398282340311,0.9594739667203436,0.18115942028985507,0.08722490606548577
238,34.634997316156735,12.097423510466989,11.077563070316694,22.20209339774557,5.374396135265701,7.635534084809447,5.756843800322061,0.95276435856146,0.18115942028985507,0.08722490606548577
239,34.534353193773484,11.902844873859367,10.970209339774557,22.054482018250134,6.132581857219538,7.440955448201825,5.743424584004294,0.95276435856146,0.18115942028985507,0.08722490606548577
240,34.66854535695116,11.83574879227053,10.970209339774557,21.81964573268921,6.132581857219538,7.367149758454106,5.984970477724101,0.95276435856146,0.18115942028985507,0.08722490606548577
241,34.80944712828771,11.782071926999464,10.970209339774557,21.786097691894792,6.092324208266238,7.353730542136339,5.984970477724101,0.95276435856146,0.18115942028985507,0.08722490606548577
242,35.14492753623188,11.741814278046162,10.970209339774557,21.564680622651636,6.092324208266238,7.353730542136339,5.958132045088567,0.9057971014492754,0.18115942028985507,0.08722490606548577
243,35.11137949543747,11.714975845410628,10.668276972624799,21.470746108427267,6.045356951154052,7.266505636070853,6.447933440687064,1.0064412238325282,0.18115942028985507,0.08722490606548577
244,35.17176596886742,11.714975845410628,10.668276972624799,21.443907675791735,6.045356951154052,7.266505636070853,6.421095008051529,0.9997316156736447,0.18115942028985507,0.08722490606548577
245,35.08454106280193,11.714975845410628,10.950080515297907,21.256038647342994,6.031937734836285,7.266505636070853,6.521739130434782,0.9057971014492754,0.18115942028985507,0.08722490606548577
246,35.14492753623188,11.688137412775093,11.017176596886742,21.24261943102523,5.971551261406334,7.266505636070853,6.494900697799249,0.9057971014492754,0.18115942028985507,0.08722490606548577
247,35.18518518518518,11.674718196457327,11.017176596886742,21.095008051529792,5.971551261406334,7.440955448201825,6.4412238325281805,0.9057971014492754,0.18115942028985507,0.08722490606548577
248,35.225442834138484,11.66129898013956,11.325818572195384,20.69243156199678,5.9447128287707995,7.608695652173913,6.367418142780462,0.9057971014492754,0.18115942028985507,0.08722490606548577
249,35.36634460547504,11.634460547504025,11.272141706924316,20.658883521202362,5.9447128287707995,7.601986044015029,6.353998926462695,0.8990874932903918,0.18115942028985507,0.08722490606548577
250,35.46698872785829,11.627750939345143,11.272141706924316,20.564949006977994,5.864197530864198,7.709339774557166,6.327160493827161,0.8990874932903918,0.18115942028985507,0.08722490606548577
251,35.44685990338164,11.500268384326356,11.198336017176597,20.517981749865807,5.763553408480945,7.568438003220612,6.521739130434782,1.2144390767579174,0.18115942028985507,0.08722490606548577
252,35.648148148148145,11.379495437466453,11.198336017176597,20.50456253354804,5.723295759527644,7.568438003220612,6.494900697799249,1.2144390767579174,0.18115942028985507,0.08722490606548577
253,35.72195383789587,11.379495437466453,11.198336017176597,20.497852925389157,5.709876543209877,7.514761137949543,6.494900697799249,1.2144390767579174,0.18115942028985507,0.08722490606548577
254,35.809178743961354,11.345947396672035,11.171497584541063,20.497852925389157,5.709876543209877,7.501341921631776,6.481481481481482,1.2144390767579174,0.18115942028985507,0.08722490606548577
255,35.94337090713902,11.345947396672035,11.882716049382717,19.746376811594203,5.689747718733226,7.467793880837359,6.4412238325281805,1.2144390767579174,0.18115942028985507,0.08722490606548577
256,36.06414385399893,11.18491680085883,11.842458400429415,19.330381105743424,5.683038110574342,7.447665056360709,6.629092860976919,1.5499194847020934,0.18115942028985507,0.08722490606548577
257,36.191626409017715,10.896403650026839,11.808910359634996,19.269994632313473,5.629361245303274,7.407407407407407,7.011540526033279,1.5163714439076759,0.18115942028985507,0.08722490606548577
258,35.43344068706388,10.889694041867955,14.110305958132045,18.06226516371444,5.481749865807837,7.407407407407407,6.843800322061192,1.5029522275899088,0.18115942028985507,0.08722490606548577
259,35.59447128287708,10.889694041867955,14.103596349973161,17.98174986580784,5.434782608695652,7.380568974771873,6.843800322061192,1.5029522275899088,0.18115942028985507,0.08722490606548577
260,35.44015029522276,11.010466988727858,14.103596349973161,17.860976918947934,5.434782608695652,7.380568974771873,6.8035426731078905,1.6975308641975309,0.18115942028985507,0.08722490606548577
261,34.447128287708,10.775630703166936,13.694310252281268,19.03515834675255,4.824208266237251,7.125603864734299,8.259527643585615,1.6304347826086956,0.12077294685990338,0.08722490606548577
