,45,50,55,51,52,54,56,53,57,60,59,58,61
0,89.76113794954375,10.238862050456254,,,,,,,,,,,
1,87.60064412238326,12.399355877616747,,,,,,,,,,,
2,84.06468062265164,15.935319377348362,,,,,,,,,,,
3,80.87090713902307,19.129092860976918,,,,,,,,,,,
4,77.19404186795491,22.79253891572732,0.013419216317767043,,,,,,,,,,
5,76.30837359098228,23.678207192699947,0.013419216317767043,,,,,,,,,,
6,76.01315083199141,21.081588835212024,0.15432098765432098,2.7509393451422435,,,,,,,,,
7,67.21014492753623,29.414922168545356,0.15432098765432098,2.7509393451422435,0.46967257112184646,,,,,,,,
8,66.8142780461621,29.70343531937735,0.2616747181964573,2.7509393451422435,0.46967257112184646,,,,,,,,
9,57.46779388083736,38.91572732152442,0.39586688137412773,2.7509393451422435,0.46967257112184646,,,,,,,,
10,53.495705850778315,41.22383252818035,0.4092860976918948,4.40150295222759,0.46967257112184646,,,,,,,,
11,52.234299516908216,40.88835212023618,0.5568974771873323,5.850778314546431,0.46967257112184646,,,,,,,,
12,48.63794954374664,44.518250134192165,0.5568974771873323,5.8172302737520125,0.46967257112184646,,,,,,,,
13,47.56441223832528,45.29656468062265,0.7045088566827697,5.964841653247451,0.46967257112184646,,,,,,,,
14,46.70558239398819,45.98094471282877,0.8185721953837896,5.810520665593129,0.46967257112184646,0.07380568974771873,0.14090177133655393,,,,,,
15,46.79951690821256,45.62533548040794,0.8185721953837896,5.615942028985507,0.9259259259259259,0.07380568974771873,0.14090177133655393,,,,,,
16,46.846484165324746,45.511272141706925,0.8856682769726248,5.615942028985507,0.9259259259259259,0.07380568974771873,0.14090177133655393,,,,,,
17,46.49087493290392,45.1154052603328,1.0869565217391304,5.535426731078905,1.4761137949543746,0.07380568974771873,0.2214170692431562,,,,,,
18,45.63875469672571,45.2361782071927,1.442565754159957,5.911164787976382,1.4761137949543746,0.07380568974771873,0.2214170692431562,,,,,,
19,42.78046162104133,46.222490606548575,1.3083735909822867,7.481213097155126,1.8384326355340848,0.07380568974771873,0.2952227589908749,,,,,,
20,37.82206119162641,49.80542136339238,1.482823403113258,7.27992485238862,2.0665593129361244,0.5099302200751477,0.2952227589908749,0.7380568974771873,,,,,
21,35.601180891035966,50.99302200751476,1.4761137949543746,7.152442297369833,3.113258185721954,0.630703166935051,0.2952227589908749,0.7380568974771873,,,,,
22,35.47369833601718,50.55018786902845,1.6572732152442298,7.125603864734299,3.44873859366613,0.630703166935051,0.2952227589908749,0.7380568974771873,0.08051529790660225,,,,
23,31.5150295222759,38.459473966720346,1.5163714439076759,18.203166935050994,7.139023081052066,0.5568974771873323,0.2952227589908749,2.2342995169082127,0.08051529790660225,,,,
24,31.64922168545357,36.480139559849704,1.5499194847020934,20.081857219538378,7.132313472893183,0.5568974771873323,0.3421900161030596,2.1269457863660763,0.08051529790660225,,,,
25,31.293612453032743,37.063875469672574,1.3888888888888888,20.034889962426195,7.112184648416532,0.5568974771873323,0.3421900161030596,2.1269457863660763,0.08051529790660225,,,,
26,31.112453032742888,37.23832528180354,1.3888888888888888,20.034889962426195,7.024959742351046,0.6508319914117016,0.3421900161030596,2.1269457863660763,0.08051529790660225,,,,
27,31.427804616210413,36.79549114331723,1.8250134192163177,19.726247987117553,7.024959742351046,0.6508319914117016,0.3421900161030596,2.1269457863660763,0.08051529790660225,,,,
28,31.233225979602793,35.829307568438004,1.5767579173376274,20.94068706387547,7.5281803542673105,0.9057971014492754,0.20128824476650564,1.7847557702630166,,,,,
29,19.182769726247987,56.42109500805153,1.0466988727858293,11.761943102522812,9.447128287707997,0.9057971014492754,0.1878690284487386,1.0466988727858293,,,,,
30,19.122383252818036,54.589371980676326,2.49597423510467,11.735104669887278,9.520933977455716,0.9057971014492754,0.1878690284487386,1.442565754159957,,,,,
31,19.41760601180891,52.02630166398282,4.817498658078368,11.694847020933977,9.500805152979066,0.9057971014492754,0.2281266774020397,1.4090177133655395,,,,,
32,19.860440150295222,51.68411164787977,4.864465915190553,11.627750939345143,9.420289855072463,0.9057971014492754,0.2281266774020397,1.4090177133655395,,,,,
33,19.98792270531401,47.89989264626946,4.797369833601718,15.411969940955448,9.406870638754697,0.9057971014492754,0.2281266774020397,1.3620504562533549,,,,,
34,19.129092860976918,44.43102522812668,5.146269457863661,17.176596886741816,11.486849168008588,0.9057971014492754,0.2281266774020397,1.3620504562533549,0.13419216317767044,,,,
35,18.773483628556093,41.74718196457327,5.246913580246914,18.209876543209877,9.91009125067096,3.2004830917874396,0.38915727321524424,2.3886205045625335,0.13419216317767044,,,,
36,18.766774020397207,40.03623188405797,5.669618894256575,17.498658078368223,10.25228126677402,4.804079441760601,0.5300590445517982,2.15378421900161,0.2885131508319914,,,,
37,18.5654857756307,39.55314009661836,5.864197530864198,17.518786902844873,10.21202361782072,4.804079441760601,1.0399892646269457,2.15378421900161,0.2885131508319914,,,,
38,16.72705314009662,41.29092860976919,5.938003220611916,16.67337627482555,11.064143853998926,4.757112184648417,1.0601180891035964,2.15378421900161,0.2885131508319914,0.04696725711218465,,,
39,16.700214707461082,40.58641975308642,5.917874396135265,17.10950080515298,11.064143853998926,5.072463768115942,1.0601180891035964,2.15378421900161,0.2885131508319914,0.04696725711218465,,,
40,16.740472356414386,38.24476650563607,5.689747718733226,17.746913580246915,11.037305421363392,7.105475040257649,0.9460547504025765,2.15378421900161,0.2885131508319914,0.04696725711218465,,,
41,16.264090177133657,38.62050456253355,6.280193236714976,17.941492216854535,10.95679012345679,6.5485775630703165,0.9460547504025765,2.15378421900161,0.2885131508319914,,,,
42,15.908480944712828,38.00993022007515,6.414385399892646,18.699677938808374,9.634997316156737,6.535158346752549,0.9192163177670424,3.589640365002684,0.2885131508319914,,,,
43,16.19699409554482,37.19135802469136,6.367418142780462,17.887815351583466,10.393183038110575,7.0450885668276975,1.0534084809447128,3.5762211486849167,0.2885131508319914,,,,
44,16.25738056897477,36.68813741277509,6.300322061191626,17.807300053676865,11.33923778851315,6.709608158883521,1.0534084809447128,3.556092324208266,0.2885131508319914,,,,
45,16.163446054750402,35.601180891035966,7.018250134192163,17.713365539452496,11.33923778851315,6.709608158883521,1.1473429951690821,4.019055287171229,0.2885131508319914,,,,
46,16.25067096081589,34.86312399355877,7.474503488996243,17.337627482555018,10.802469135802468,7.326892109500805,1.1473429951690821,4.51556629092861,0.15432098765432098,0.1274825550187869,,,
47,16.284219001610307,34.72893183038111,7.440955448201825,17.05582393988191,11.20504562533548,7.098765432098766,1.1473429951690821,4.51556629092861,0.15432098765432098,0.2214170692431562,0.14761137949543746,,
48,16.6129898013956,34.628287707997856,7.440955448201825,16.968599033816425,11.285560923242082,6.877348362855609,1.1473429951690821,4.51556629092861,0.15432098765432098,0.2214170692431562,0.14761137949543746,,
49,16.686795491143318,34.45383789586688,7.50805152979066,16.586151368760063,11.75523349436393,6.850509930220075,1.133923778851315,4.502147074610843,0.15432098765432098,0.2214170692431562,0.14761137949543746,,
50,16.72705314009662,34.31964573268921,7.675791733762749,16.51905528717123,11.75523349436393,6.843800322061192,1.133923778851315,4.502147074610843,0.15432098765432098,0.2214170692431562,0.14761137949543746,,
51,16.75389157273215,34.20558239398819,7.669082125603865,16.492216854535695,11.876006441223833,6.843800322061192,1.133923778851315,4.502147074610843,0.15432098765432098,0.2214170692431562,0.14761137949543746,,
52,15.955448201825014,34.23913043478261,7.695920558239399,16.431830381105744,12.587224906065487,6.964573268921095,1.133923778851315,4.468599033816425,0.15432098765432098,0.2214170692431562,0.14761137949543746,,
53,15.331454643048845,32.387278582930755,7.7361782071927,19.243156199677937,12.245034889962426,6.971282877079979,1.133923778851315,4.455179817498658,0.1274825550187869,0.2214170692431562,0.14761137949543746,,
54,15.45222758990875,31.82367149758454,7.776435856146001,17.860976918947934,14.070048309178745,6.91760601180891,1.133923778851315,4.414922168545357,0.18115942028985507,0.2214170692431562,0.14761137949543746,,
55,15.08990874932904,31.125872249060656,7.716049382716049,19.0552871712292,14.002952227589908,6.91760601180891,1.133923778851315,4.408212560386473,0.18115942028985507,0.2214170692431562,0.14761137949543746,,
56,15.304616210413311,30.475040257648953,8.360171765968868,18.95464304884595,13.90901771336554,6.857219538378959,1.1808910359634996,4.408212560386473,0.18115942028985507,0.2214170692431562,0.14761137949543746,,
57,15.35829307568438,30.233494363929147,7.481213097155126,18.19645732689211,13.808373590982287,7.253086419753086,1.1808910359634996,5.971551261406334,0.2281266774020397,0.14090177133655393,0.14761137949543746,,
58,15.45222758990875,28.388352120236178,9.339774557165862,17.659688674181428,13.734567901234568,7.763016639828234,1.261406333870102,5.837359098228664,0.27509393451422437,0.14090177133655393,0.14761137949543746,,
59,15.304616210413311,27.536231884057973,9.225711218464841,20.75281803542673,12.942834138486312,6.944444444444445,0.9930220075147611,5.837359098228664,0.27509393451422437,0.040257648953301126,0.14761137949543746,,
60,14.962426194310252,26.92565754159957,9.23913043478261,22.262479871175522,12.493290391841116,6.595544820182502,1.4895330112721417,5.58239398819109,0.27509393451422437,0.03354804079441761,0.14090177133655393,,
61,10.245571658615138,11.191626409017713,1.3016639828234031,60.37976382179281,6.246645195920558,6.481481481481482,1.1003757380568975,2.8381642512077296,0.2147074610842727,,,,
62,10.319377348362856,10.768921095008052,1.5297906602254427,59.38003220611916,6.213097155126141,6.481481481481482,2.254428341384863,2.8381642512077296,0.2147074610842727,,,,
63,10.701825013419215,10.742082662372518,1.4761137949543746,56.66935050993022,6.213097155126141,6.427804616210413,4.7168545356951155,2.8381642512077296,0.2147074610842727,,,,
64,10.84272678475577,10.715244229736983,1.4761137949543746,56.46135265700483,6.213097155126141,6.414385399892646,4.824208266237251,2.8381642512077296,0.2147074610842727,,,,
65,10.527375201288244,10.071121846484166,1.4761137949543746,59.38674181427805,4.17337627482555,6.790123456790123,4.750402576489533,2.7643585614600106,0.06038647342995169,,,,
66,9.16532474503489,11.627750939345143,1.4761137949543746,58.93048845947396,4.17337627482555,6.6827697262479875,5.119431025228127,2.7643585614600106,0.06038647342995169,,,,
67,9.245840042941492,11.627750939345143,1.4761137949543746,58.87010198604401,4.17337627482555,6.662640901771336,5.119431025228127,2.7643585614600106,0.06038647342995169,,,,
68,9.27938808373591,8.487654320987655,1.7042404723564144,61.58749329039184,4.146537842190016,6.662640901771336,5.307300053676865,2.7643585614600106,0.06038647342995169,,,,
69,9.50751476113795,8.487654320987655,1.7042404723564144,61.33923778851315,4.146537842190016,6.78341384863124,5.132850241545894,2.7643585614600106,0.13419216317767044,,,,
70,7.682501341921632,6.608964036500268,1.0265700483091786,76.73107890499195,3.784219001610306,2.2745571658615136,0.06038647342995169,1.7847557702630166,0.04696725711218465,,,,
71,7.9106280193236715,6.608964036500268,1.1473429951690821,76.2614063338701,3.7775093934514223,2.3215244229736984,0.06038647342995169,1.865271068169619,0.04696725711218465,,,,
72,8.038110574342458,6.561996779388084,1.2144390767579174,71.96054750402577,3.5829307568438002,6.6760601180891035,0.05367686527106817,1.865271068169619,0.04696725711218465,,,,
73,8.125335480407944,6.561996779388084,10.030864197530864,63.14412238325282,3.5628019323671496,6.622383252818035,0.05367686527106817,1.8518518518518519,0.04696725711218465,,,,
74,8.319914117015566,6.474771873322598,10.138217928073,62.875738056897475,3.629898013955985,6.615673644659152,0.05367686527106817,1.8451422436929683,0.04696725711218465,,,,
75,8.152173913043478,6.400966183574879,18.78690284487386,51.75791733762748,3.5426731078904994,9.25925925925926,0.05367686527106817,1.8317230273752012,0.04696725711218465,,,0.1274825550187869,0.040257648953301126
76,8.272946859903382,6.340579710144928,18.894256575415994,51.47611379495437,3.5426731078904994,9.23913043478261,0.05367686527106817,1.9659151905528718,0.04696725711218465,,,0.1274825550187869,0.040257648953301126
77,8.400429414922169,6.3070316693505095,22.363123993558776,47.765700483091784,3.5225442834138487,9.225711218464841,0.05367686527106817,2.01959205582394,0.04696725711218465,,,0.1274825550187869,0.16774020397208803
78,8.480944712828771,6.300322061191626,21.390230810520666,47.48389694041868,3.5225442834138487,10.399892646269459,0.05367686527106817,2.01959205582394,0.04696725711218465,,,0.1274825550187869,0.17444981213097155
79,8.601717659688674,6.300322061191626,20.175791733762747,45.33682232957595,3.5225442834138487,13.6406333870102,0.05367686527106817,2.01959205582394,0.04696725711218465,,,0.1274825550187869,0.17444981213097155
80,8.702361782071927,6.293612453032743,20.38378958668814,45.00134192163178,3.5091250670960816,13.627214170692431,0.05367686527106817,2.01959205582394,0.04696725711218465,,,0.1274825550187869,0.23483628556092323
81,8.970746108427267,6.273483628556092,20.40391841116479,44.55179817498658,3.5091250670960816,13.573537305421363,0.1878690284487386,2.01959205582394,0.16774020397208803,,,0.1274825550187869,0.2147074610842727
82,9.017713365539452,6.273483628556092,18.344068706387546,42.673107890499196,3.502415458937198,17.04911433172303,0.1878690284487386,2.4892646269457863,0.12077294685990338,,,0.1274825550187869,0.2147074610842727
83,9.091519055287172,6.273483628556092,17.257112184648417,41.619699409554485,3.502415458937198,16.190284487385938,0.1878690284487386,5.475040257648954,0.12077294685990338,,,0.1274825550187869,0.15432098765432098
84,9.312936124530328,6.092324208266238,18.136070853462158,40.83467525496511,3.502415458937198,16.17686527106817,0.1878690284487386,5.475040257648954,0.12077294685990338,,,0.0067096081588835215,0.15432098765432098
85,9.339774557165862,5.938003220611916,18.263553408480945,40.87493290391841,3.4822866344605474,16.14331723027375,0.1878690284487386,5.421363392377885,0.1878690284487386,,,0.0067096081588835215,0.15432098765432098
86,9.695383789586689,5.938003220611916,18.095813204508858,40.80112721417069,3.4822866344605474,16.069511540526033,0.18115942028985507,5.300590445517981,0.1878690284487386,,,0.0067096081588835215,0.24154589371980675
87,9.809447128287708,5.938003220611916,17.52549651100376,39.40552871712292,3.4822866344605474,18.08239398819109,0.18115942028985507,5.2066559312936125,0.12077294685990338,,,0.0067096081588835215,0.24154589371980675
88,9.614868491680086,6.125872249060655,19.49812130971551,36.34594739667203,3.4822866344605474,18.290391841116477,0.18115942028985507,5.2066559312936125,0.12077294685990338,0.06709608158883522,0.013419216317767043,0.8588298443370908,0.19457863660762212
89,9.73564143853999,6.125872249060655,19.350509930220074,36.218464841653244,3.4822866344605474,18.290391841116477,0.24825550187869028,5.119431025228127,0.12077294685990338,0.06709608158883522,0.013419216317767043,0.9460547504025765,0.28180354267310787
90,9.782608695652174,6.125872249060655,19.28341384863124,36.04401502952228,3.4822866344605474,18.270263016639827,0.24825550187869028,5.10601180891036,0.12077294685990338,0.2952227589908749,0.013419216317767043,0.9460547504025765,0.28180354267310787
91,9.842995169082126,6.125872249060655,19.32367149758454,35.789049919484704,3.5762211486849167,17.60601180891036,0.24825550187869028,5.10601180891036,0.8454106280193237,0.2952227589908749,0.013419216317767043,0.9460547504025765,0.28180354267310787
92,10.050993022007514,6.099033816425121,19.994632313472895,34.98389694041868,3.5762211486849167,17.599302200751477,0.24825550187869028,5.10601180891036,0.8454106280193237,0.2952227589908749,0.013419216317767043,0.9057971014492754,0.28180354267310787
93,9.990606548577563,6.099033816425121,18.323939881910896,34.80944712828771,3.5762211486849167,19.665861513687602,0.36231884057971014,4.736983360171766,0.8454106280193237,0.2952227589908749,0.013419216317767043,0.8923778851315083,0.38915727321524424
94,10.453569511540525,6.085614600107354,18.223295759527645,34.52093397745572,3.5762211486849167,19.665861513687602,0.36231884057971014,4.676596886741814,0.8454106280193237,0.2952227589908749,0.013419216317767043,0.8923778851315083,0.38915727321524424
95,10.59447128287708,5.971551261406334,17.94820182501342,34.997316156736446,3.5426731078904994,19.243156199677937,0.36231884057971014,4.51556629092861,0.8454106280193237,0.6843800322061192,0.013419216317767043,0.8923778851315083,0.38915727321524424
96,10.654857756307031,5.958132045088567,16.881374127750938,35.017444981213096,3.5426731078904994,19.558507783145465,0.36231884057971014,5.374396135265701,0.8454106280193237,0.5300590445517982,0.013419216317767043,0.8923778851315083,0.36902844873859364
97,9.66183574879227,5.501878690284487,16.6129898013956,33.85668276972625,6.957863660762212,19.51154052603328,0.36231884057971014,4.898013955984971,0.8454106280193237,0.5166398282340311,0.013419216317767043,0.8923778851315083,0.36902844873859364
98,9.96376811594203,5.314009661835748,17.20343531937735,33.1857219538379,6.863929146537842,19.504830917874397,0.36231884057971014,4.891304347826087,0.8454106280193237,0.5904455179817498,0.013419216317767043,0.8923778851315083,0.36902844873859364
99,9.822866344605474,5.515297906602254,18.17632850241546,32.25308641975309,6.837090713902308,19.484702093397747,0.4025764895330113,4.804079441760601,0.8454106280193237,0.5837359098228664,0.013419216317767043,0.8923778851315083,0.36902844873859364
100,9.829575952764358,4.810789049919484,18.129361245303276,33.77616747181965,6.447933440687064,19.26328502415459,0.4025764895330113,4.636339237788513,0.8454106280193237,0.5837359098228664,0.013419216317767043,0.8923778851315083,0.36902844873859364
101,10.0979602791197,4.810789049919484,18.223295759527645,33.47423510466989,6.447933440687064,19.202898550724637,0.4025764895330113,4.636339237788513,0.8454106280193237,0.5837359098228664,0.013419216317767043,0.8923778851315083,0.36902844873859364
102,10.064412238325282,4.7638217928073,17.921363392377884,32.9777241009125,9.151905528717123,17.934782608695652,0.7045088566827697,4.636339237788513,0.8319914117015567,0.5837359098228664,0.013419216317767043,0.08051529790660225,0.33548040794417605
103,10.44015029522276,4.7638217928073,17.793880837359097,32.769726247987116,9.118357487922705,17.793880837359097,0.8588298443370908,4.616210413311863,0.8319914117015567,0.5837359098228664,0.013419216317767043,0.08051529790660225,0.33548040794417605
104,10.352925389157273,4.7638217928073,17.787171229200215,33.313204508856685,9.078099838969404,17.478529253891573,0.8588298443370908,4.341116478797638,0.8319914117015567,0.6239935587761675,0.15432098765432098,0.08051529790660225,0.33548040794417605
105,9.567901234567902,6.66935050993022,17.55233494363929,32.360440150295226,8.970746108427267,16.203703703703702,0.7648953301127214,5.683038110574342,0.8319914117015567,0.6239935587761675,0.27509393451422437,0.08051529790660225,0.41599570585077833
106,9.77589908749329,6.655931293612453,17.478529253891573,32.2866344605475,8.876811594202898,16.170155662909288,0.7581857219538379,5.656199677938808,0.9796027911969941,0.5904455179817498,0.27509393451422437,0.08051529790660225,0.41599570585077833
107,9.883252818035427,6.038647342995169,17.317498658078367,31.716317767042405,10.426731078904991,15.874932903918411,0.7716049382716049,5.548845947396672,0.9796027911969941,0.5904455179817498,0.27509393451422437,0.1610305958132045,0.41599570585077833
108,9.970477724100913,5.864197530864198,16.780730005367687,30.891035963499732,9.702093397745571,17.639559849704778,0.7716049382716049,5.783682232957595,0.95276435856146,0.5904455179817498,0.27509393451422437,0.27509393451422437,0.5032206119162641
109,10.124798711755233,5.448201825013419,16.774020397208805,30.099302200751477,9.514224369296834,18.02200751476114,0.7581857219538379,6.602254428341385,0.95276435856146,0.5904455179817498,0.33548040794417605,0.27509393451422437,0.5032206119162641
110,10.61460010735373,5.394524959742351,16.391572732152444,29.985238862050455,9.46725711218465,18.02871712292002,0.6508319914117016,6.89747718733226,0.95276435856146,0.5904455179817498,0.33548040794417605,0.2147074610842727,0.47638217928073
111,10.527375201288244,5.394524959742351,16.861245303274288,29.64975845410628,9.46725711218465,18.00858829844337,0.6508319914117016,6.89747718733226,0.9259259259259259,0.5904455179817498,0.33548040794417605,0.2147074610842727,0.47638217928073
112,10.520665593129362,5.367686527106817,16.404991948470208,28.77750939345142,9.460547504025765,19.41760601180891,0.6508319914117016,6.830381105743425,1.0534084809447128,0.5501878690284487,0.33548040794417605,0.2147074610842727,0.41599570585077833
113,10.84272678475577,5.35426731078905,16.29092860976919,28.65673644659152,9.192163177670425,19.41760601180891,0.6508319914117016,6.9310252281266775,1.1473429951690821,0.5501878690284487,0.33548040794417605,0.2147074610842727,0.41599570585077833
114,10.668276972624799,5.340848094471283,16.317767042404725,28.59634997316157,9.16532474503489,19.672571121846484,0.6508319914117016,6.9310252281266775,1.1272141706924315,0.4294149221685454,0.46967257112184646,0.2147074610842727,0.41599570585077833
115,10.292538915727322,4.978529253891573,16.284219001610307,30.723295759527645,7.957595276435856,19.712828770799785,0.6508319914117016,6.743156199677939,1.1272141706924315,0.4294149221685454,0.46967257112184646,0.2147074610842727,0.41599570585077833
116,10.57434245840043,4.951690821256038,16.243961352657006,30.615942028985508,7.890499194847021,19.49812130971551,0.6508319914117016,6.743156199677939,1.1272141706924315,0.6172839506172839,0.46967257112184646,0.2147074610842727,0.4025764895330113
117,10.554213633923778,4.951690821256038,16.23725174449812,28.911701556629094,9.796027911969942,19.048577563070317,0.6172839506172839,7.051798174986581,1.1272141706924315,0.6172839506172839,0.46967257112184646,0.2147074610842727,0.4025764895330113
118,10.661567364465915,4.85775630703167,16.19699409554482,28.837895866881375,9.903381642512077,18.96135265700483,0.6172839506172839,7.0383789586688135,1.1876006441223832,0.5837359098228664,0.5367686527106817,0.2147074610842727,0.4025764895330113
119,9.178743961352657,4.817498658078368,12.070585077831455,46.162104133118625,8.514492753623188,11.728395061728396,0.46967257112184646,5.891035963499732,0.020128824476650563,0.2147074610842727,0.33548040794417605,0.23483628556092323,0.36231884057971014
120,9.380032206119163,4.750402576489533,12.130971551261407,46.01449275362319,8.172302737520129,11.674718196457327,0.4830917874396135,6.199677938808374,,0.2147074610842727,0.3824476650563607,0.23483628556092323,0.36231884057971014
121,9.25925925925926,4.575952764358561,12.31213097155126,43.46484165324745,8.152173913043478,14.65378421900161,0.5770263016639828,5.810520665593129,,0.2147074610842727,0.3824476650563607,0.23483628556092323,0.36231884057971014
122,9.098228663446054,4.62962962962963,12.04374664519592,42.89452495974235,9.01100375738057,14.472624798711756,0.9326355340848095,5.723295759527644,,0.2147074610842727,0.3824476650563607,0.23483628556092323,0.36231884057971014
123,9.333064949006978,4.62962962962963,11.990069779924852,42.639559849704774,9.01100375738057,14.42565754159957,1.0534084809447128,5.723295759527644,,0.2147074610842727,0.3824476650563607,0.23483628556092323,0.36231884057971014
124,9.628287707997853,4.562533548040794,11.889425657541599,43.18974771873322,8.454106280193237,14.392109500805153,1.0534084809447128,5.636070853462158,,0.2147074610842727,0.3824476650563607,0.23483628556092323,0.36231884057971014
125,9.561191626409018,4.461889425657541,11.943102522812667,43.35748792270532,8.433977455716587,14.392109500805153,1.0534084809447128,5.60252281266774,,0.2147074610842727,0.3824476650563607,0.23483628556092323,0.36231884057971014
126,9.809447128287708,4.461889425657541,11.949812130971551,43.20987654320987,8.360171765968868,14.298174986580785,1.0399892646269457,5.676328502415459,,0.2147074610842727,0.3824476650563607,0.23483628556092323,0.36231884057971014
127,10.084541062801932,4.461889425657541,11.922973698336017,43.04884594739667,8.340042941492216,14.143853998926463,1.0399892646269457,5.636070853462158,0.14090177133655393,0.2147074610842727,0.36902844873859364,0.23483628556092323,0.36231884057971014
128,9.970477724100913,4.461889425657541,11.849168008588299,42.13633923778851,8.319914117015566,13.915727321524423,1.0802469135802468,6.89747718733226,0.14090177133655393,0.2147074610842727,0.36902844873859364,0.28180354267310787,0.36231884057971014
129,9.876543209876543,4.461889425657541,11.728395061728396,41.646537842190014,7.695920558239399,13.580246913580247,1.570048309178744,7.96430488459474,0.14090177133655393,0.2147074610842727,0.47638217928073,0.28180354267310787,0.36231884057971014
130,9.930220075147611,4.428341384863124,12.23161567364466,41.1231884057971,7.695920558239399,13.627214170692431,1.570048309178744,7.96430488459474,0.14090177133655393,0.16774020397208803,0.47638217928073,0.28180354267310787,0.36231884057971014
131,10.225442834138486,4.428341384863124,12.13768115942029,40.9621578099839,7.695920558239399,13.613794954374665,1.4492753623188406,7.96430488459474,0.14090177133655393,0.16774020397208803,0.47638217928073,0.28180354267310787,0.4562533548040794
132,9.73564143853999,3.6500268384326353,11.493558776167472,43.45142243692968,7.669082125603865,13.197799248523886,2.3081052066559313,7.018250134192163,0.14090177133655393,0.07380568974771873,0.47638217928073,0.28180354267310787,0.5032206119162641
133,10.111379495437467,3.629898013955985,11.58749329039184,43.02871712292002,7.669082125603865,12.99651100375738,2.395330112721417,6.984702093397746,0.14090177133655393,0.07380568974771873,0.47638217928073,0.4025764895330113,0.5032206119162641
134,10.178475577026301,3.6231884057971016,11.627750939345143,41.67337627482555,7.669082125603865,12.95625335480408,3.69699409554482,6.984702093397746,0.14090177133655393,0.07380568974771873,0.47638217928073,0.4025764895330113,0.49651100375738055
135,10.379763821792807,3.5762211486849167,11.574074074074074,41.40499194847021,7.830112721417069,12.828770799785293,3.844605475040258,6.971282877079979,0.14090177133655393,0.07380568974771873,0.47638217928073,0.4025764895330113,0.49651100375738055
136,10.493827160493828,3.5762211486849167,11.641170155662909,41.27079978529254,7.809983896940419,12.801932367149758,3.844605475040258,6.971282877079979,0.14090177133655393,0.07380568974771873,0.47638217928073,0.4025764895330113,0.49651100375738055
137,10.695115405260333,3.556092324208266,11.600912506709609,41.1634460547504,7.689210950080516,12.694578636607622,3.844605475040258,6.951154052603328,0.14090177133655393,0.12077294685990338,0.47638217928073,0.4562533548040794,0.6105743424584005
138,10.701825013419215,3.5091250670960816,12.412775093934513,40.123456790123456,7.689210950080516,13.003220611916264,3.844605475040258,6.9243156199677935,0.14090177133655393,0.12077294685990338,0.47638217928073,0.4428341384863124,0.6105743424584005
139,10.983628556092324,3.502415458937198,12.486580783682234,39.734299516908216,7.709339774557166,12.915995705850777,3.92512077294686,6.790123456790123,0.14090177133655393,0.12077294685990338,0.47638217928073,0.6038647342995169,0.6105743424584005
140,11.191626409017713,3.4621578099838968,12.432903918411165,39.27133655394525,8.997584541062801,12.090713902308105,3.9184111647879765,6.709608158883521,0.14090177133655393,0.12077294685990338,0.47638217928073,0.5770263016639828,0.6105743424584005
141,11.379495437466453,3.4621578099838968,12.808641975308642,38.91572732152442,8.964036500268385,12.04374664519592,4.159957058507783,6.340579710144928,0.14090177133655393,0.12077294685990338,0.47638217928073,0.5770263016639828,0.6105743424584005
142,11.352657004830919,3.4621578099838968,12.842190016103059,38.399087493290395,8.964036500268385,11.98336017176597,4.736983360171766,6.340579710144928,0.14090177133655393,0.11406333870101985,0.47638217928073,0.5770263016639828,0.6105743424584005
143,11.533816425120772,3.4151905528717124,13.056897477187333,38.157541599570585,8.917069243156199,11.963231347289318,4.736983360171766,6.340579710144928,0.14090177133655393,0.11406333870101985,0.47638217928073,0.5770263016639828,0.5703166935050993
144,10.856146001073537,3.2877079978529253,12.298711755233494,37.144390767579175,8.856682769726248,10.916532474503489,4.736983360171766,10.0979602791197,0.1878690284487386,0.11406333870101985,0.47638217928073,0.4562533548040794,0.5703166935050993
145,10.93666129898014,3.260869565217391,12.218196457326892,37.1309715512614,8.856682769726248,10.889694041867955,4.804079441760601,10.0979602791197,0.1878690284487386,0.11406333870101985,0.47638217928073,0.4562533548040794,0.5703166935050993
146,11.097691894793345,3.260869565217391,12.110842726784755,36.69484702093398,8.849973161567364,10.815888352120236,5.233494363929147,10.017444981213098,0.1878690284487386,0.11406333870101985,0.47638217928073,0.4562533548040794,0.6843800322061192
147,11.18491680085883,3.260869565217391,10.795759527643586,36.14465915190553,8.849973161567364,13.7211486849168,4.998658078368224,9.125067096081589,0.1878690284487386,0.11406333870101985,0.47638217928073,0.4562533548040794,0.6843800322061192
148,10.896403650026839,3.113258185721954,10.856146001073537,36.50697799248524,8.829844337090714,13.647342995169081,4.985238862050457,9.185453569511541,0.1878690284487386,0.2549651100375738,0.41599570585077833,0.43612453032742887,0.6843800322061192
149,11.037305421363392,3.099838969404187,10.836017176596886,35.44015029522276,8.776167471819646,13.707729468599034,5.797101449275362,9.185453569511541,0.1878690284487386,0.4092860976918948,0.4025764895330113,0.43612453032742887,0.6843800322061192
150,11.3593666129898,3.099838969404187,10.742082662372518,35.01073537305421,8.668813741277509,13.600375738056897,6.085614600107354,9.312936124530328,0.1878690284487386,0.4092860976918948,0.4025764895330113,0.43612453032742887,0.6843800322061192
151,11.399624261943103,3.099838969404187,11.768652710681696,33.9975845410628,8.662104133118627,13.425925925925926,6.072195383789587,9.312936124530328,0.1878690284487386,0.4092860976918948,0.5434782608695652,0.43612453032742887,0.6843800322061192
152,11.560654857756306,3.0931293612453032,12.164519592055823,33.55475040257649,8.648684916800859,13.385668276972625,6.052066559312936,9.27938808373591,0.1878690284487386,0.4092860976918948,0.5434782608695652,0.43612453032742887,0.6843800322061192
153,11.681427804616211,3.066290928609769,12.177938808373591,33.50107353730542,8.621846484165324,13.915727321524423,5.998389694041868,8.722490606548577,0.1878690284487386,0.46296296296296297,0.5434782608695652,0.43612453032742887,0.6843800322061192
154,11.641170155662909,3.066290928609769,11.332528180354267,32.48121309715513,8.494363929146537,15.365002683843263,4.206924315619967,11.171497584541063,0.1878690284487386,0.4495437466451959,0.5434782608695652,0.6642512077294686,0.39586688137412773
155,11.929683306494901,3.066290928609769,11.18491680085883,32.39398819108964,8.494363929146537,15.324745034889963,4.206924315619967,11.158078368223295,0.1878690284487386,0.4495437466451959,0.5434782608695652,0.6642512077294686,0.39586688137412773
156,12.191358024691358,3.0595813204508855,10.990338164251208,32.23295759527644,8.427267847557703,15.405260332796564,4.26731078904992,11.097691894793345,0.1878690284487386,0.5367686527106817,0.5434782608695652,0.6642512077294686,0.39586688137412773
157,12.5,3.0595813204508855,10.909822866344605,32.078636607622116,8.400429414922169,15.391841116478798,4.26731078904992,11.064143853998926,0.1878690284487386,0.5367686527106817,0.5434782608695652,0.6642512077294686,0.39586688137412773
158,12.674449812130971,3.0595813204508855,10.909822866344605,31.95786366076221,8.400429414922169,15.391841116478798,4.26731078904992,11.010466988727858,0.1878690284487386,0.5367686527106817,0.5434782608695652,0.6642512077294686,0.39586688137412773
159,12.694578636607622,3.046162104133119,10.903113258185721,31.80354267310789,8.849973161567364,15.391841116478798,4.327697262479871,10.661567364465915,0.1878690284487386,0.5367686527106817,0.5434782608695652,0.6642512077294686,0.38915727321524424
160,12.97638217928073,3.046162104133119,10.829307568438002,31.333870101986044,8.796296296296296,15.324745034889963,4.274020397208803,11.097691894793345,0.1878690284487386,0.5367686527106817,0.5434782608695652,0.6642512077294686,0.38915727321524424
161,13.077026301663983,3.046162104133119,10.943370907139023,31.199677938808374,8.635265700483092,15.237520128824476,4.408212560386473,11.077563070316694,0.1878690284487386,0.5367686527106817,0.5971551261406334,0.6642512077294686,0.38915727321524424
162,13.325281803542673,3.0193236714975846,10.93666129898014,31.52173913043478,8.581588835212024,15.11003757380569,4.334406870638754,10.795759527643586,0.1878690284487386,0.5367686527106817,0.5971551261406334,0.6642512077294686,0.38915727321524424
163,13.519860440150294,2.999194847020934,10.976918947933441,31.468062265163713,8.581588835212024,14.949006977992486,4.334406870638754,10.795759527643586,0.1878690284487386,0.5367686527106817,0.5971551261406334,0.6642512077294686,0.38915727321524424
164,13.56682769726248,2.999194847020934,10.628019323671497,31.340579710144926,8.55475040257649,14.680622651637144,4.334406870638754,11.245303274288782,0.4562533548040794,0.5099302200751477,0.5837359098228664,0.7112184648416533,0.38915727321524424
165,12.546967257112184,2.791196994095545,10.030864197530864,34.916800858829845,8.252818035426731,13.291733762748256,4.4820182501341925,11.144659151905529,0.4562533548040794,0.5099302200751477,0.47638217928073,0.7112184648416533,0.38915727321524424
166,12.674449812130971,2.7777777777777777,10.466988727858293,34.594739667203434,8.239398819108963,13.18438003220612,4.99194847020934,10.513955984970478,0.4562533548040794,0.5099302200751477,0.47638217928073,0.7246376811594203,0.38915727321524424
167,13.01663982823403,2.7442297369833604,10.379763821792807,34.39345142243693,8.232689210950081,13.22463768115942,4.99194847020934,10.487117552334944,0.4562533548040794,0.5099302200751477,0.47638217928073,0.6977992485238862,0.38915727321524424
168,13.144122383252817,2.7241009125067097,10.36634460547504,34.21229200214707,8.199141170155663,13.24476650563607,5.213365539452496,10.44015029522276,0.4562533548040794,0.36902844873859364,0.5434782608695652,0.6977992485238862,0.38915727321524424
169,13.399087493290391,2.7241009125067097,10.352925389157273,33.93048845947396,8.199141170155663,13.157541599570585,5.280461621041331,10.426731078904991,0.4562533548040794,0.36902844873859364,0.5434782608695652,0.7716049382716049,0.38915727321524424
170,13.419216317767042,2.690552871712292,10.285829307568438,33.682232957595275,8.199141170155663,13.486312399355878,5.280461621041331,10.426731078904991,0.4562533548040794,0.36902844873859364,0.5434782608695652,0.7716049382716049,0.38915727321524424
171,13.519860440150294,2.677133655394525,10.406602254428341,33.58829844337091,8.044820182501342,13.325281803542673,5.3341384863123995,10.487117552334944,0.4562533548040794,0.36902844873859364,0.5233494363929146,0.8789586688137413,0.38915727321524424
172,13.144122383252817,2.442297369833602,10.373054213633925,33.49436392914654,8.608427267847558,11.520397208803006,5.152979066022544,12.647611379495437,0.4562533548040794,0.36902844873859364,0.5233494363929146,0.8789586688137413,0.38915727321524424
173,12.258454106280194,2.167203435319377,10.352925389157273,35.581052066559316,7.98443370907139,12.010198604401502,5.0791733762748255,11.936392914653783,0.49651100375738055,0.3421900161030596,0.5233494363929146,0.8789586688137413,0.38915727321524424
174,12.419484702093397,2.1068169618894257,10.339506172839506,35.601180891035966,7.883789586688137,11.963231347289318,4.931561996779388,12.050456253354804,0.5703166935050993,0.3421900161030596,0.5233494363929146,0.8789586688137413,0.38915727321524424
175,12.614063338701019,2.0933977455716586,10.433440687063875,35.50053676865271,7.7898550724637685,11.949812130971551,4.904723564143854,12.010198604401502,0.5703166935050993,0.3421900161030596,0.5233494363929146,0.8789586688137413,0.38915727321524424
176,12.788513150831992,2.0933977455716586,10.607890499194847,34.977187332259795,7.769726247987117,12.084004294149223,4.9718196457326895,12.00348899624262,0.5703166935050993,0.3421900161030596,0.5233494363929146,0.8789586688137413,0.38915727321524424
177,12.171229200214707,2.0933977455716586,9.849704777241008,34.82957595276436,7.769726247987117,11.151368760064413,4.87788513150832,14.620236178207193,0.5703166935050993,0.32877079978529256,0.5233494363929146,0.8252818035426731,0.38915727321524424
178,12.627482555018787,2.0531400966183573,9.822866344605474,34.594739667203434,7.763016639828234,11.030595813204508,4.944981213097155,14.553140096618357,0.5703166935050993,0.32877079978529256,0.5233494363929146,0.8252818035426731,0.36231884057971014
179,12.835480407944177,2.0128824476650564,9.936929683306495,34.35990338164251,7.7361782071927,11.211755233494364,4.871175523349437,14.42565754159957,0.5703166935050993,0.32877079978529256,0.5233494363929146,0.8252818035426731,0.36231884057971014
180,12.889157273215245,2.0128824476650564,9.936929683306495,34.35990338164251,7.7361782071927,11.18491680085883,4.871175523349437,14.398819108964037,0.5703166935050993,0.32877079978529256,0.5233494363929146,0.8252818035426731,0.36231884057971014
181,12.99651100375738,2.0128824476650564,9.916800858829845,34.12506709608159,7.722758990874933,11.151368760064413,5.0858829844337095,14.392109500805153,0.5703166935050993,0.32877079978529256,0.5099302200751477,0.8252818035426731,0.36231884057971014
182,13.110574342458401,2.006172839506173,9.789318303811058,33.84997316156736,7.514761137949543,11.077563070316694,5.038915727321524,15.056360708534621,0.5032206119162641,0.32877079978529256,0.5099302200751477,0.8521202361782072,0.36231884057971014
183,12.828770799785293,2.006172839506173,9.219001610305957,32.87707997852925,7.514761137949543,13.130703166935051,4.9718196457326895,14.855072463768115,0.5032206119162641,0.32877079978529256,0.46967257112184646,0.9728931830381106,0.322061191626409
184,12.842190016103059,1.9860440150295222,9.29951690821256,32.6959205582394,7.454374664519592,13.22463768115942,5.052334943639291,14.848362855609233,0.5032206119162641,0.32877079978529256,0.46967257112184646,0.9728931830381106,0.322061191626409
185,13.036768652710682,1.9793344068706387,9.272678475577026,32.66237251744498,7.360440150295223,13.22463768115942,5.059044551798175,14.80810520665593,0.5032206119162641,0.32877079978529256,0.46967257112184646,0.9728931830381106,0.322061191626409
186,13.050187869028449,1.9793344068706387,9.406870638754697,32.54159957058508,7.333601717659689,13.22463768115942,5.059044551798175,14.80810520665593,0.5032206119162641,0.32877079978529256,0.46967257112184646,0.9728931830381106,0.322061191626409
187,13.036768652710682,1.9793344068706387,9.494095544820183,31.582125603864736,7.749597423510467,13.211218464841654,4.898013955984971,15.331454643048845,0.6239935587761675,0.32877079978529256,0.46967257112184646,0.9728931830381106,0.322061191626409
188,13.103864734299517,1.9793344068706387,9.494095544820183,31.5552871712292,7.749597423510467,13.18438003220612,4.898013955984971,15.318035426731079,0.6239935587761675,0.32877079978529256,0.46967257112184646,0.9728931830381106,0.322061191626409
189,13.405797101449275,1.9793344068706387,9.480676328502415,31.19296833064949,8.152173913043478,13.070316693505099,4.9718196457326895,14.962426194310252,0.6910896403650026,0.32877079978529256,0.46967257112184646,0.9728931830381106,0.322061191626409
