,45,50,53,54,51,52,55,56,57,58
0,92.44498121309715,7.555018786902845,,,,,,,,
1,92.53891572732152,7.461084272678476,,,,,,,,
2,92.14304884594739,7.856951154052603,,,,,,,,
3,92.14304884594739,7.856951154052603,,,,,,,,
4,91.90150295222759,8.09849704777241,,,,,,,,
5,90.46564680622652,9.534353193773484,,,,,,,,
6,90.1905528717123,9.809447128287708,,,,,,,,
7,84.96376811594203,13.144122383252817,1.892109500805153,,,,,,,
8,82.6959205582394,15.411969940955448,1.892109500805153,,,,,,,
9,80.71658615136876,17.257112184648417,1.892109500805153,0.13419216317767044,,,,,,
10,80.60252281266774,17.371175523349436,1.892109500805153,0.13419216317767044,,,,,,
11,80.60252281266774,17.371175523349436,1.892109500805153,0.13419216317767044,,,,,,
12,79.38808373590982,18.585614600107355,1.892109500805153,0.13419216317767044,,,,,,
13,77.87842190016103,20.095276435856146,1.892109500805153,0.13419216317767044,,,,,,
14,61.86929683306495,36.10440150295223,1.892109500805153,0.13419216317767044,,,,,,
15,61.90955448201825,35.909822866344605,1.892109500805153,0.13419216317767044,0.15432098765432098,,,,,
16,60.178475577026305,30.48174986580784,1.892109500805153,0.13419216317767044,0.15432098765432098,7.159151905528717,,,,
17,59.84299516908212,30.54213633923779,1.892109500805153,0.13419216317767044,0.43612453032742887,7.152442297369833,,,,
18,59.94363929146538,30.407944176060116,1.892109500805153,0.13419216317767044,0.4092860976918948,7.14573268921095,0.06709608158883522,,,
19,59.97047772410091,28.817767042404725,1.892109500805153,1.6975308641975309,0.4092860976918948,7.14573268921095,0.06709608158883522,,,
20,58.467525496511,27.100107353730543,5.112721417069243,1.6975308641975309,0.4092860976918948,7.14573268921095,0.06709608158883522,,,
21,57.41411701556629,28.08641975308642,4.9718196457326895,1.6975308641975309,0.49651100375738055,7.065217391304348,0.2683843263553409,,,
22,55.743424584004295,25.02012882447665,3.938539989264627,1.5633387010198605,12.439613526570048,1.093666129898014,0.20128824476650564,,,
23,55.49516908212561,25.07380568974772,3.9184111647879765,1.5096618357487923,12.70799785292539,1.093666129898014,0.20128824476650564,,,
24,55.481749865807835,24.18142780461621,3.9184111647879765,1.5096618357487923,13.613794954374665,1.093666129898014,0.20128824476650564,,,
25,55.3743961352657,24.00697799248524,3.9184111647879765,1.5096618357487923,13.895598497047773,1.093666129898014,0.20128824476650564,,,
26,54.810789049919485,24.59742351046699,3.9184111647879765,1.5096618357487923,13.868760064412239,1.093666129898014,0.20128824476650564,,,
27,53.48228663446055,25.95276435856146,3.9049919484702094,1.5096618357487923,13.855340848094471,1.093666129898014,0.20128824476650564,,,
28,53.54938271604938,25.885668276972623,3.9049919484702094,1.5096618357487923,13.855340848094471,1.093666129898014,0.20128824476650564,,,
29,52.75093934514224,26.7512077294686,3.4957058507783145,2.5831991411701556,13.123993558776167,1.093666129898014,0.20128824476650564,,,
30,52.42887815351583,27.17391304347826,3.4957058507783145,2.563070316693505,13.043478260869565,1.093666129898014,0.20128824476650564,,,
31,52.482555018786904,26.992753623188406,3.4957058507783145,2.5429414922168547,13.191089640365004,1.093666129898014,0.20128824476650564,,,
32,52.542941492216855,26.959205582393988,3.4822866344605474,2.5429414922168547,13.191089640365004,1.0802469135802468,0.20128824476650564,,,
33,50.85212023617821,28.75738056897477,3.4822866344605474,2.5429414922168547,13.083735909822867,1.0802469135802468,0.20128824476650564,,,
34,50.95276435856146,28.723832528180353,3.4822866344605474,2.5429414922168547,13.01663982823403,1.0802469135802468,0.20128824476650564,,,
35,50.946054750402574,28.475577026301664,3.770799785292539,2.5429414922168547,12.848899624261943,1.0802469135802468,0.33548040794417605,,,
36,50.95276435856146,28.468867418142782,3.770799785292539,2.5429414922168547,12.848899624261943,1.0802469135802468,0.33548040794417605,,,
37,49.14787976382179,30.267042404723565,3.750670960815888,3.2742887815351582,12.070585077831455,1.0802469135802468,0.4092860976918948,,,
38,48.960010735373054,29.032474503488995,5.22007514761138,3.2742887815351582,12.02361782071927,1.0802469135802468,0.4092860976918948,,,
39,48.30246913580247,29.240472356414386,3.992216854535695,3.2742887815351582,11.889425657541599,2.8918411164787976,0.4092860976918948,,,
40,48.470209339774556,29.159957058507782,3.9720880300590444,3.2742887815351582,11.855877616747183,2.85829307568438,0.4092860976918948,,,
41,48.14143853998927,29.502147074610843,3.9720880300590444,3.2742887815351582,11.842458400429415,2.85829307568438,0.4092860976918948,,,
42,46.64519592055824,31.011808910359633,3.9586688137412773,3.2742887815351582,11.842458400429415,2.85829307568438,0.4092860976918948,,,
43,45.128824476650564,32.60198604401503,3.9452495974235107,3.1535158346752548,11.782071926999464,2.85829307568438,0.4092860976918948,0.12077294685990338,,
44,45.05501878690284,31.78341384863124,3.9049919484702094,3.1535158346752548,11.782071926999464,3.81105743424584,0.38915727321524424,0.12077294685990338,,
45,30.253623188405797,47.22222222222222,4.03918411164788,3.1199677938808374,11.044015029522276,3.81105743424584,0.38915727321524424,0.12077294685990338,,
46,30.340848094471284,47.16183574879227,4.03918411164788,3.1199677938808374,11.017176596886742,3.81105743424584,0.38915727321524424,0.12077294685990338,,
47,30.19994632313473,45.772946859903385,3.9720880300590444,3.099838969404187,8.709071390230811,3.81105743424584,4.314278046162104,0.12077294685990338,,
48,30.54213633923779,45.4374664519592,3.965378421900161,3.099838969404187,8.709071390230811,3.81105743424584,4.314278046162104,0.12077294685990338,,
49,30.589103596349972,45.309983896940416,3.965378421900161,3.099838969404187,8.709071390230811,3.8915727321524423,4.314278046162104,0.12077294685990338,,
50,30.555555555555557,44.65915190552872,3.9452495974235107,3.0730005367686526,9.473966720343531,3.8580246913580245,4.314278046162104,0.12077294685990338,,
51,30.9044551798175,44.33038110574343,3.8311862587224907,3.0730005367686526,9.433709071390231,3.844605475040258,4.461889425657541,0.12077294685990338,,
52,31.199677938808374,44.03515834675255,3.8311862587224907,3.0730005367686526,9.433709071390231,3.844605475040258,4.461889425657541,0.12077294685990338,,
53,30.327428878153516,42.00214707461084,4.240472356414386,3.066290928609769,9.27938808373591,6.501610305958132,4.461889425657541,0.12077294685990338,,
54,30.19994632313473,42.169887278582934,4.206924315619967,3.066290928609769,9.27938808373591,6.494900697799249,4.461889425657541,0.12077294685990338,,
55,30.381105743424584,42.0625335480408,4.206924315619967,3.012614063338701,9.158615136876007,6.468062265163715,4.461889425657541,0.24825550187869028,,
56,30.756843800322063,40.203972088030056,4.206924315619967,2.999194847020934,9.158615136876007,6.454643048845948,5.971551261406334,0.24825550187869028,,
57,30.434782608695652,39.492753623188406,3.5829307568438002,1.778046162104133,9.151905528717123,9.373322597960279,5.971551261406334,0.2147074610842727,,
58,30.60252281266774,38.13070316693505,3.5829307568438002,1.778046162104133,9.104938271604938,9.373322597960279,7.212828770799785,0.2147074610842727,,
59,28.589640365002683,30.14626945786366,3.5829307568438002,1.7579173376274826,20.303274288781534,9.252549651100376,6.152710681696189,0.2147074610842727,,
60,28.79092860976919,30.099302200751477,3.5829307568438002,1.7579173376274826,20.162372517444982,9.252549651100376,6.139291465378422,0.2147074610842727,,
61,29.11969940955448,29.998658078368223,4.690016103059581,1.7579173376274826,18.9747718733226,9.131776704240472,6.112453032742888,0.2147074610842727,,
62,29.26731078904992,29.918142780461622,4.690016103059581,1.7579173376274826,18.907675791733762,9.131776704240472,6.112453032742888,0.2147074610842727,,
63,29.300858829844337,29.47530864197531,4.663177670424047,2.214170692431562,18.867418142780462,9.151905528717123,6.112453032742888,0.2147074610842727,,
64,29.636339237788512,29.17337627482555,4.012345679012346,3.824476650563607,18.833870101986044,8.239398819108963,6.0654857756307035,0.2147074610842727,,
65,29.47530864197531,28.395061728395063,4.012345679012346,3.656736446591519,16.76731078904992,8.225979602791197,9.252549651100376,0.2147074610842727,,
66,29.61621041331186,28.287707997852927,4.012345679012346,3.656736446591519,16.51905528717123,8.225979602791197,9.252549651100376,0.4294149221685454,,
67,29.74369296833065,28.16022544283414,4.012345679012346,3.656736446591519,16.51905528717123,8.225979602791197,9.252549651100376,0.4294149221685454,,
68,29.891304347826086,28.099838969404185,4.012345679012346,3.656736446591519,16.51905528717123,8.13875469672571,9.252549651100376,0.4294149221685454,,
69,30.22007514761138,27.979066022544284,4.012345679012346,3.616478797638218,16.505636070853463,8.038110574342458,9.198872785829307,0.4294149221685454,,
70,30.723295759527645,27.891841116478798,4.012345679012346,3.616478797638218,16.458668813741276,7.957595276435856,8.910359634997317,0.4294149221685454,,
71,30.823939881910896,27.891841116478798,4.012345679012346,3.616478797638218,16.384863123993558,7.930756843800322,8.910359634997317,0.4294149221685454,,
72,31.293612453032743,27.70397208803006,3.938539989264627,3.616478797638218,16.284219001610307,7.917337627482555,8.816425120772946,0.4294149221685454,,
73,31.5955448201825,27.428878153515836,3.938539989264627,3.616478797638218,16.284219001610307,7.9039184111647875,8.695652173913043,0.5367686527106817,,
74,31.40096618357488,26.29495437466452,3.7775093934514223,3.616478797638218,17.485238862050455,7.9039184111647875,8.695652173913043,0.5099302200751477,0.3153515834675255,
75,31.13929146537842,25.55689747718733,3.750670960815888,3.569511540526033,17.250402576489535,9.078099838969404,8.917069243156199,0.4227053140096618,0.3153515834675255,
76,30.92458400429415,25.140901771336555,3.750670960815888,3.569511540526033,17.921363392377884,9.037842190016104,8.917069243156199,0.4227053140096618,0.3153515834675255,
77,31.04535695115405,25.10064412238325,3.7104133118625873,3.569511540526033,17.834138486312398,9.084809447128288,8.917069243156199,0.4227053140096618,0.3153515834675255,
78,30.770263016639827,24.65780998389694,4.783950617283951,3.515834675254965,17.834138486312398,9.07139023081052,8.628556092324208,0.4227053140096618,0.3153515834675255,
79,31.07890499194847,24.610842726784757,4.757112184648417,3.515834675254965,17.66639828234031,9.07139023081052,8.527911969940956,0.5367686527106817,0.23483628556092323,
80,30.401234567901234,25.335480407944175,4.723564143853999,3.515834675254965,17.391304347826086,9.07139023081052,8.581588835212024,0.7447665056360708,0.23483628556092323,
81,30.401234567901234,25.15432098765432,4.723564143853999,3.515834675254965,17.384594739667204,9.05126140633387,8.789586688137414,0.7447665056360708,0.23483628556092323,
82,30.454911433172303,24.993290391841118,4.723564143853999,3.515834675254965,17.277241009125067,9.31964573268921,8.756038647342995,0.7246376811594203,0.23483628556092323,
83,30.69645732689211,24.89935587761675,4.7101449275362315,3.502415458937198,17.163177670424048,9.39345142243693,8.675523349436393,0.7246376811594203,0.23483628556092323,
84,30.931293612453032,24.778582930756844,4.7101449275362315,3.502415458937198,17.09608158883521,9.359903381642512,8.662104133118627,0.7246376811594203,0.23483628556092323,
85,31.05877616747182,24.094202898550726,4.4820182501341925,4.777241009125067,17.008856682769725,8.957326892109501,8.662104133118627,0.7246376811594203,0.23483628556092323,
86,31.04535695115405,23.785560923242084,4.4820182501341925,5.2066559312936125,16.901502952227588,8.957326892109501,8.588298443370908,0.8051529790660226,0.2281266774020397,
87,31.146001073537306,23.731884057971016,4.435050993022007,5.2066559312936125,16.78743961352657,8.957326892109501,8.588298443370908,0.9192163177670424,0.2281266774020397,
88,31.233225979602793,23.698336017176597,4.783950617283951,5.072463768115942,16.666666666666668,8.957326892109501,8.440687063875469,0.9192163177670424,0.2281266774020397,
89,23.07434245840043,14.546430488459475,3.079710144927536,3.3480944712828773,45.08185721953838,4.005636070853462,5.864197530864198,0.7716049382716049,0.2281266774020397,
90,23.14814814814815,14.492753623188406,3.079710144927536,3.3480944712828773,45.06172839506173,4.005636070853462,5.864197530864198,0.7716049382716049,0.2281266774020397,
91,23.17498658078368,14.459205582393988,3.079710144927536,3.3480944712828773,44.98792270531401,3.569511540526033,6.3070316693505095,0.8454106280193237,0.2281266774020397,
92,23.369565217391305,14.371980676328503,3.079710144927536,3.3480944712828773,44.91411701556629,3.535963499731616,6.3070316693505095,0.8454106280193237,0.2281266774020397,
93,23.255501878690286,14.184111647879764,3.0730005367686526,4.119699409554482,42.74691358024691,5.24020397208803,6.3070316693505095,0.8454106280193237,0.2281266774020397,
94,23.19511540526033,14.42565754159957,5.8239398819108965,4.119699409554482,39.92216854535695,4.824208266237251,6.521739130434782,0.8454106280193237,0.322061191626409,
95,23.275630703166936,14.392109500805153,5.71658615136876,4.1129898013955986,39.90874932903918,4.810789049919484,6.508319914117015,0.8454106280193237,0.322061191626409,0.10735373054213634
96,14.573268921095009,28.012614063338702,5.649490069779925,3.92512077294686,35.71524422973698,4.334406870638754,6.031937734836285,0.8454106280193237,0.8051529790660226,0.10735373054213634
97,14.942297369833602,27.945517981749866,5.475040257648954,3.92512077294686,35.587761674718195,4.334406870638754,6.031937734836285,0.8454106280193237,0.8051529790660226,0.10735373054213634
98,15.485775630703166,27.690552871712292,5.340848094471283,4.49543746645196,35.0979602791197,4.30756843800322,5.8239398819108965,0.8454106280193237,0.8051529790660226,0.10735373054213634
99,15.45222758990875,27.616747181964573,5.340848094471283,4.49543746645196,35.218733225979605,4.294149221685454,5.8239398819108965,0.8454106280193237,0.8051529790660226,0.10735373054213634
100,15.72061191626409,27.569779924852387,5.340848094471283,4.49543746645196,35.02415458937198,4.294149221685454,5.797101449275362,0.8454106280193237,0.8051529790660226,0.10735373054213634
101,16.022544283413847,27.47584541062802,5.307300053676865,4.49543746645196,34.72893183038111,4.253891572732153,5.978260869565218,0.8454106280193237,0.785024154589372,0.10735373054213634
102,16.27079978529254,27.355072463768117,5.246913580246914,4.4820182501341925,34.6081588835212,4.146537842190016,6.045356951154052,0.8454106280193237,0.8923778851315083,0.10735373054213634
103,16.445249597423512,27.26113794954375,5.246913580246914,4.4820182501341925,34.534353193773484,4.139828234031133,6.045356951154052,0.8454106280193237,0.8923778851315083,0.10735373054213634
104,16.71363392377885,27.059849704777243,5.360976918947934,4.4820182501341925,33.3064949006978,4.139828234031133,7.092055823939882,0.8454106280193237,0.8923778851315083,0.10735373054213634
105,12.761674718196458,43.04884594739667,4.723564143853999,2.6033279656468062,24.55716586151369,4.998658078368224,5.837359098228664,0.5703166935050993,0.7917337627482555,0.10735373054213634
106,12.949543746645196,42.914653784219,4.690016103059581,2.657004830917874,24.48336017176597,4.998658078368224,5.837359098228664,0.5703166935050993,0.7917337627482555,0.10735373054213634
107,13.419216317767042,42.51207729468599,4.663177670424047,2.657004830917874,24.46323134728932,4.978529253891573,5.837359098228664,0.5703166935050993,0.7917337627482555,0.10735373054213634
108,13.647342995169081,42.24369296833065,4.663177670424047,2.6502952227589907,24.46323134728932,4.918142780461621,5.958132045088567,0.5703166935050993,0.7783145464304885,0.10735373054213634
109,14.002952227589908,41.95517981749866,4.636339237788513,2.623456790123457,24.44981213097155,4.918142780461621,5.958132045088567,0.5703166935050993,0.7783145464304885,0.10735373054213634
110,14.264626945786366,41.83440687063875,4.62962962962963,2.623456790123457,24.315619967793882,4.918142780461621,5.958132045088567,0.5703166935050993,0.7783145464304885,0.10735373054213634
111,14.492753623188406,40.78099838969404,4.575952764358561,2.623456790123457,24.168008588298445,4.918142780461621,6.984702093397746,0.5703166935050993,0.7783145464304885,0.10735373054213634
112,14.573268921095009,40.09661835748792,5.609232420826624,2.623456790123457,21.85319377348363,4.904723564143854,8.910359634997317,0.5434782608695652,0.7783145464304885,0.10735373054213634
113,14.942297369833602,39.99597423510467,5.421363392377885,2.623456790123457,21.470746108427267,4.871175523349437,9.252549651100376,0.5434782608695652,0.7716049382716049,0.10735373054213634
114,14.949006977992486,39.130434782608695,5.421363392377885,2.623456790123457,20.108695652173914,4.871175523349437,11.473429951690822,0.5434782608695652,0.7716049382716049,0.10735373054213634
115,15.217391304347826,38.989533011272144,5.387815351583468,2.5496511003757383,20.108695652173914,4.85775630703167,11.466720343531938,0.5434782608695652,0.7716049382716049,0.10735373054213634
116,15.297906602254429,38.88217928073001,5.387815351583468,2.6838432635534084,19.89398819108964,4.8376274825550185,11.372785829307569,0.7648953301127214,0.7716049382716049,0.10735373054213634
117,15.378421900161031,38.55340848094471,6.488191089640365,2.6838432635534084,18.92109500805153,5.052334943639291,11.312399355877616,0.7313472893183038,0.7716049382716049,0.10735373054213634
118,15.418679549114332,38.43263553408481,6.488191089640365,2.6838432635534084,18.887546967257112,5.052334943639291,11.43317230273752,0.7246376811594203,0.7716049382716049,0.10735373054213634
119,15.5126140633387,38.24476650563607,6.427804616210413,2.6838432635534084,18.874127750939344,5.038915727321524,11.614331723027375,0.7246376811594203,0.7716049382716049,0.10735373054213634
120,15.673644659151906,38.06360708534621,6.327160493827161,2.6838432635534084,18.800322061191626,5.038915727321524,11.694847020933977,0.7246376811594203,0.8856682769726248,0.10735373054213634
121,15.888352120236178,37.42619431025228,6.327160493827161,2.6838432635534084,19.243156199677937,5.038915727321524,11.674718196457327,0.7246376811594203,0.8856682769726248,0.10735373054213634
122,16.056092324208265,37.2987117552335,6.3137412775093935,2.6838432635534084,19.229736983360173,5.038915727321524,11.674718196457327,0.7112184648416533,0.8856682769726248,0.10735373054213634
123,16.545893719806763,36.87600644122383,6.353998926462695,2.804616210413312,19.122383252818036,5.038915727321524,11.58749329039184,0.6776704240472357,0.8856682769726248,0.10735373054213634
124,16.445249597423512,36.741814278046164,6.347289318303811,2.804616210413312,18.431293612453032,5.998389694041868,11.560654857756306,0.6776704240472357,0.8856682769726248,0.10735373054213634
125,16.545893719806763,36.72839506172839,6.347289318303811,2.804616210413312,18.250134192163177,5.931293612453032,11.453301127214171,0.8387010198604401,0.9930220075147611,0.10735373054213634
126,16.6129898013956,36.64787976382179,6.347289318303811,2.7509393451422435,17.69994632313473,5.931293612453032,12.070585077831455,0.8387010198604401,0.9930220075147611,0.10735373054213634
127,16.982018250134193,36.520397208803004,6.347289318303811,2.737520128824477,17.485238862050455,5.911164787976382,12.077294685990339,0.8387010198604401,0.9930220075147611,0.10735373054213634
128,16.961889425657542,36.69484702093398,6.300322061191626,2.737520128824477,17.458400429414922,5.904455179817498,12.04374664519592,0.798443370907139,0.9930220075147611,0.10735373054213634
129,16.841116478797638,35.83601717659689,6.139291465378422,3.8378958668813743,18.276972624798713,5.669618894256575,11.500268384326356,0.798443370907139,0.9930220075147611,0.10735373054213634
130,17.08937198067633,35.63472893183038,6.139291465378422,3.8378958668813743,18.276972624798713,5.656199677938808,11.473429951690822,0.7917337627482555,0.9930220075147611,0.10735373054213634
131,17.23027375201288,35.547504025764894,6.139291465378422,4.019055287171229,18.263553408480945,5.636070853462158,11.33923778851315,0.7246376811594203,0.9930220075147611,0.10735373054213634
132,17.404723564143854,35.42673107890499,6.139291465378422,4.019055287171229,18.250134192163177,5.636070853462158,11.29898013955985,0.7246376811594203,0.9930220075147611,0.10735373054213634
133,17.52549651100376,35.33279656468062,6.132581857219538,4.019055287171229,18.250134192163177,5.636070853462158,11.2788513150832,0.7246376811594203,0.9930220075147611,0.10735373054213634
134,17.59259259259259,35.11808910359635,6.092324208266238,5.958132045088567,17.371175523349436,5.629361245303274,10.420021470746109,0.7246376811594203,0.9863123993558777,0.10735373054213634
135,18.183038110574344,34.60144927536232,5.938003220611916,5.9447128287707995,17.257112184648417,5.709876543209877,10.547504025764896,0.7246376811594203,0.9863123993558777,0.10735373054213634
136,18.55877616747182,34.554482018250134,5.938003220611916,5.904455179817498,17.10950080515298,5.709876543209877,10.433440687063875,0.7246376811594203,0.9594739667203436,0.10735373054213634
137,18.417874396135264,32.18599033816425,8.521202361782072,5.897745571658615,17.24369296833065,5.709876543209877,10.23215244229737,0.7246376811594203,0.9594739667203436,0.10735373054213634
138,18.303811057434245,30.555555555555557,8.521202361782072,5.897745571658615,17.196725711218466,5.683038110574342,12.050456253354804,0.7246376811594203,0.9594739667203436,0.10735373054213634
139,18.089103596349972,30.52871712292002,9.66183574879227,5.71658615136876,16.7337627482555,5.931293612453032,11.654589371980677,0.6172839506172839,0.9594739667203436,0.10735373054213634
140,18.08239398819109,30.159688674181428,9.520933977455716,5.71658615136876,16.465378421900162,6.360708534621578,12.06387546967257,0.4294149221685454,1.093666129898014,0.10735373054213634
141,17.72007514761138,30.119431025228128,9.39345142243693,5.850778314546431,14.304884594739667,6.347289318303811,14.640365002683843,0.4294149221685454,1.0869565217391304,0.10735373054213634
142,18.06226516371444,29.8040794417606,9.212292002147075,5.837359098228664,14.304884594739667,6.709608158883521,14.915458937198068,0.4294149221685454,0.6172839506172839,0.10735373054213634
143,18.095813204508858,29.562533548040793,9.057971014492754,6.575415995705851,14.204240472356414,6.642512077294686,14.80810520665593,0.4294149221685454,0.5166398282340311,0.10735373054213634
144,18.183038110574344,29.53569511540526,9.057971014492754,6.541867954911433,14.204240472356414,6.642512077294686,14.78797638217928,0.4227053140096618,0.5166398282340311,0.10735373054213634
145,18.149490069779926,29.320987654320987,9.809447128287708,6.206387546967257,14.130434782608695,6.5552871712292005,14.875201288244767,0.4227053140096618,0.4227053140096618,0.10735373054213634
146,18.55877616747182,29.166666666666668,9.789318303811058,6.125872249060655,14.049919484702093,6.528448738593666,14.828234031132581,0.4227053140096618,0.4227053140096618,0.10735373054213634
147,19.0552871712292,28.844605475040257,9.782608695652174,6.119162640901771,14.029790660225443,6.427804616210413,14.78797638217928,0.4227053140096618,0.4227053140096618,0.10735373054213634
148,18.887546967257112,28.75738056897477,9.75577026301664,6.0587761674718195,14.298174986580785,6.394256575415996,14.915458937198068,0.4025764895330113,0.4227053140096618,0.10735373054213634
149,19.122383252818036,28.710413311862588,9.75577026301664,6.0587761674718195,14.190821256038648,6.367418142780462,14.861782071927,0.4025764895330113,0.4227053140096618,0.10735373054213634
150,19.256575415995705,28.683574879227052,9.702093397745571,6.031937734836285,14.11701556629093,6.367418142780462,14.855072463768115,0.4025764895330113,0.4227053140096618,0.1610305958132045
151,19.53166935050993,28.65673644659152,9.386741814278047,5.924584004294149,13.982823403113258,6.367418142780462,14.828234031132581,0.7380568974771873,0.4227053140096618,0.1610305958132045
152,19.706119162640903,28.576221148684915,9.373322597960279,5.924584004294149,13.982823403113258,6.360708534621578,14.754428341384862,0.7380568974771873,0.4227053140096618,0.1610305958132045
153,17.787171229200215,26.08695652173913,8.970746108427267,7.917337627482555,17.45169082125604,6.293612453032743,13.955984970477724,0.95276435856146,0.4227053140096618,0.1610305958132045
154,17.45169082125604,25.731347289318304,8.970746108427267,9.77589908749329,17.310789049919485,6.226516371443908,12.99651100375738,0.95276435856146,0.4227053140096618,0.1610305958132045
155,17.62614063338701,25.583735909822867,8.970746108427267,9.916800858829845,16.99543746645196,6.219806763285024,13.030059044551798,1.0735373054213635,0.4227053140096618,0.1610305958132045
156,17.76033279656468,25.583735909822867,8.930488459473967,9.856414385399892,16.955179817498657,6.199677938808374,13.009930220075148,1.0466988727858293,0.49651100375738055,0.1610305958132045
157,17.887815351583466,25.523349436392916,8.917069243156199,9.822866344605474,16.935050993022006,6.199677938808374,13.009930220075148,1.0466988727858293,0.49651100375738055,0.1610305958132045
158,14.76784755770263,21.276167471819647,8.82313472893183,9.433709071390231,10.68840579710145,22.416800858829845,11.05072463768116,0.9125067096081588,0.46967257112184646,0.1610305958132045
159,15.458937198067632,21.22249060654858,8.78287707997853,9.386741814278047,10.299248523886206,22.356414385399894,10.983628556092324,0.9125067096081588,0.43612453032742887,0.1610305958132045
160,14.875201288244767,19.196188942565755,8.78287707997853,9.353193773483628,9.292807300053678,22.356414385399894,14.63365539452496,0.9125067096081588,0.43612453032742887,0.1610305958132045
161,14.841653247450349,19.155931293612454,8.903650026838433,9.353193773483628,9.292807300053678,22.32957595276436,14.61352657004831,0.9125067096081588,0.43612453032742887,0.1610305958132045
162,15.009393451422437,19.155931293612454,8.836553945249598,9.353193773483628,9.292807300053678,22.289318303811058,14.553140096618357,0.9125067096081588,0.43612453032742887,0.1610305958132045
163,15.230810520665592,19.142512077294686,8.836553945249598,9.353193773483628,9.27938808373591,22.19538378958669,14.452495974235104,0.9125067096081588,0.43612453032742887,0.1610305958132045
164,15.197262479871176,19.082125603864736,8.816425120772946,9.353193773483628,9.648416532474503,21.960547504025765,14.432367149758454,0.9125067096081588,0.43612453032742887,0.1610305958132045
165,14.962426194310252,17.693236714975846,8.80300590445518,9.29951690821256,9.514224369296834,21.900161030595815,16.317767042404725,0.9125067096081588,0.43612453032742887,0.1610305958132045
166,15.136876006441224,17.64626945786366,9.64170692431562,8.608427267847558,9.286097691894794,21.866612989801396,16.33118625872249,0.9125067096081588,0.4092860976918948,0.1610305958132045
167,15.646806226516372,17.55233494363929,9.601449275362318,8.59500805152979,9.25925925925926,21.571390230810522,16.304347826086957,0.9125067096081588,0.39586688137412773,0.1610305958132045
168,15.318035426731079,15.116747181964573,9.46725711218465,11.808910359634996,9.192163177670425,21.591519055287172,16.170155662909288,0.7783145464304885,0.39586688137412773,0.1610305958132045
169,15.411969940955448,15.063070316693505,9.433709071390231,11.808910359634996,9.192163177670425,21.584809447128286,16.170155662909288,0.7783145464304885,0.39586688137412773,0.1610305958132045
170,15.546162104133119,15.063070316693505,9.433709071390231,11.741814278046162,8.970746108427267,21.430488459473967,16.371443907675793,0.7783145464304885,0.5032206119162641,0.1610305958132045
171,14.2914653784219,13.446054750402576,8.917069243156199,8.487654320987655,17.921363392377884,21.28287707997853,14.2914653784219,0.5770263016639828,0.6239935587761675,0.1610305958132045
172,14.331723027375201,13.446054750402576,8.917069243156199,8.487654320987655,17.894524959742352,21.26945786366076,14.2914653784219,0.5770263016639828,0.6239935587761675,0.1610305958132045
173,14.331723027375201,13.399087493290391,11.158078368223295,8.293075684380032,17.62614063338701,20.558239398819108,13.365539452495975,0.4830917874396135,0.6239935587761675,0.1610305958132045
174,14.700751476113794,13.22463768115942,11.117820719269995,8.28636607622115,17.559044551798173,20.50456253354804,13.33870101986044,0.4830917874396135,0.6239935587761675,0.1610305958132045
175,14.848362855609233,13.18438003220612,11.117820719269995,8.246108427267847,17.54562533548041,20.363660762211488,13.285024154589372,0.4830917874396135,0.7648953301127214,0.1610305958132045
176,15.002683843263553,13.16425120772947,11.117820719269995,8.219269994632313,17.54562533548041,20.263016639828233,13.278314546430488,0.4830917874396135,0.7648953301127214,0.1610305958132045
177,15.24422973698336,13.117283950617283,11.117820719269995,8.199141170155663,17.431561996779386,20.202630166398283,13.177670424047236,0.4830917874396135,0.7648953301127214,0.2616747181964573
178,15.371712292002147,13.117283950617283,11.09098228663446,8.132045088566828,17.37788513150832,20.316693505099302,13.177670424047236,0.4830917874396135,0.6709608158883521,0.2616747181964573
179,15.727321524422974,13.083735909822867,10.916532474503489,8.132045088566828,17.357756307031668,20.202630166398283,12.929414922168545,0.7179280730005367,0.6709608158883521,0.2616747181964573
180,15.371712292002147,13.063607085346217,9.406870638754697,8.05823939881911,19.786634460547504,20.202630166398283,12.68786902844874,0.48980139559849706,0.6709608158883521,0.2616747181964573
181,15.505904455179817,12.93612453032743,9.359903381642512,8.105206655931294,19.719538378958667,20.04830917874396,12.721417069243156,0.48980139559849706,0.785024154589372,0.32877079978529256
182,15.673644659151906,12.902576489533011,9.359903381642512,8.064949006977992,19.652442297369834,20.04830917874396,12.694578636607622,0.48980139559849706,0.785024154589372,0.32877079978529256
183,15.74074074074074,12.902576489533011,9.359903381642512,8.064949006977992,19.652442297369834,20.014761137949545,12.661030595813205,0.48980139559849706,0.785024154589372,0.32877079978529256
184,15.92860976918948,12.869028448738593,9.333064949006978,8.064949006977992,19.618894256575416,19.94766505636071,12.634192163177671,0.48980139559849706,0.785024154589372,0.32877079978529256
185,16.223832528180353,12.848899624261943,9.306226516371444,8.064949006977992,19.49141170155663,19.89398819108964,12.567096081588835,0.48980139559849706,0.785024154589372,0.32877079978529256
186,16.71363392377885,12.835480407944177,9.41358024691358,8.011272141706923,19.424315619967793,19.585346215780998,12.446323134728932,0.48980139559849706,0.7514761137949544,0.32877079978529256
187,16.935050993022006,12.754965110037574,9.373322597960279,8.004562533548041,19.424315619967793,19.43773483628556,12.399355877616747,0.48980139559849706,0.8521202361782072,0.32877079978529256
188,17.05582393988191,12.667740203972087,9.353193773483628,8.091787439613526,19.35721953837896,19.384057971014492,12.372517444981213,0.5367686527106817,0.8521202361782072,0.32877079978529256
189,17.297369833601717,12.513419216317766,9.333064949006978,8.091787439613526,19.310252281266774,19.290123456790123,12.446323134728932,0.5367686527106817,0.8521202361782072,0.32877079978529256
190,17.74020397208803,12.385936661298981,9.265968867418144,8.071658615136876,19.14922168545357,19.229736983360173,12.439613526570048,0.5367686527106817,0.8521202361782072,0.32877079978529256
191,17.941492216854535,12.379227053140097,9.265968867418144,8.064949006977992,19.082125603864736,19.122383252818036,12.432903918411165,0.5300590445517982,0.8521202361782072,0.32877079978529256
192,18.129361245303276,12.379227053140097,9.198872785829307,8.051529790660226,19.00161030595813,18.98148148148148,12.332259796027913,0.630703166935051,0.9863123993558777,0.30864197530864196
193,18.203166935050994,12.365807836822329,9.198872785829307,8.051529790660226,18.947933440687063,18.98148148148148,12.325550187869029,0.630703166935051,0.9863123993558777,0.30864197530864196
194,18.297101449275363,12.345679012345679,9.198872785829307,8.051529790660226,18.894256575415994,18.9747718733226,12.23161567364466,0.630703166935051,1.06682769726248,0.30864197530864196
195,18.364197530864196,12.345679012345679,9.185453569511541,8.031400966183575,18.887546967257112,18.82716049382716,12.218196457326892,0.630703166935051,1.2010198604401503,0.30864197530864196
196,18.471551261406333,12.338969404186795,9.185453569511541,8.031400966183575,18.853998926462694,18.78690284487386,12.204777241009126,0.6172839506172839,1.2010198604401503,0.30864197530864196
197,18.57890499194847,12.338969404186795,9.125067096081589,7.7898550724637685,18.820450885668276,18.78690284487386,12.204777241009126,0.6172839506172839,1.42914653784219,0.30864197530864196
198,18.51851851851852,12.332259796027913,9.822866344605474,8.796296296296296,18.61916264090177,17.921363392377884,11.439881910896403,0.5703166935050993,1.751207729468599,0.2281266774020397
199,18.67283950617284,12.29200214707461,9.802737520128824,8.856682769726248,18.38432635534085,17.834138486312398,11.392914653784219,0.7917337627482555,1.7444981213097155,0.2281266774020397
200,18.531937734836287,12.130971551261407,9.802737520128824,9.212292002147075,18.243424584004295,17.834138486312398,11.480139559849706,0.7917337627482555,1.7444981213097155,0.2281266774020397
201,18.800322061191626,12.130971551261407,9.66183574879227,9.125067096081589,17.820719269994633,17.814009661835748,11.473429951690822,1.221148684916801,1.724369296833065,0.2281266774020397
202,18.894256575415994,12.097423510466989,9.628287707997853,9.125067096081589,17.807300053676865,17.800590445517983,11.473429951690822,1.221148684916801,1.724369296833065,0.2281266774020397
203,19.03515834675255,12.030327428878154,9.668545356951155,9.31964573268921,17.767042404723565,17.619431025228128,11.325818572195384,1.1876006441223832,1.724369296833065,0.322061191626409
204,19.048577563070317,11.949812130971551,9.668545356951155,9.29951690821256,17.74020397208803,17.599302200751477,11.460010735373054,1.1876006441223832,1.724369296833065,0.322061191626409
205,19.370638754696724,11.929683306494901,9.601449275362318,9.29951690821256,17.69994632313473,17.599302200751477,11.2788513150832,1.1876006441223832,1.710950080515298,0.322061191626409
206,19.538378958668815,11.929683306494901,9.581320450885668,9.272678475577026,17.639559849704778,17.559044551798173,11.151368760064413,1.1876006441223832,1.8183038110574343,0.322061191626409
207,19.77992485238862,11.829039184111648,9.581320450885668,9.272678475577026,17.297369833601717,17.538915727321523,11.137949543746645,1.4492753623188406,1.7914653784219001,0.322061191626409
208,19.940955448201827,11.802200751476114,9.849704777241008,8.970746108427267,17.270531400966185,17.60601180891036,10.997047772410092,1.4492753623188406,1.7914653784219001,0.322061191626409
209,20.041599570585078,11.721685453569512,9.836285560923242,8.950617283950617,17.223564143854,17.57246376811594,11.09098228663446,1.4492753623188406,1.7914653784219001,0.322061191626409
210,20.142243692968332,11.681427804616211,9.930220075147611,8.950617283950617,17.20343531937735,17.505367686527105,11.05072463768116,1.4224369296833066,1.7914653784219001,0.322061191626409
211,20.356951154052602,11.654589371980677,9.923510466988727,8.903650026838433,17.12962962962963,17.465110037573805,11.030595813204508,1.4224369296833066,1.7914653784219001,0.322061191626409
212,20.67230273752013,11.60762211486849,9.836285560923242,8.883521202361782,16.948470209339774,17.438271604938272,10.990338164251208,1.4090177133655395,1.7914653784219001,0.4227053140096618
213,20.719269994632313,11.60762211486849,9.681964573268921,8.856682769726248,16.921631776704242,17.438271604938272,11.178207192699947,1.4090177133655395,1.7646269457863661,0.4227053140096618
214,21.07487922705314,11.480139559849706,9.64170692431562,8.836553945249598,16.847826086956523,17.297369833601717,11.225174449812132,1.4090177133655395,1.7646269457863661,0.4227053140096618
215,14.331723027375201,34.66854535695116,6.105743424584004,8.480944712828771,12.775093934514224,11.708266237251744,9.024422973698336,0.966183574879227,1.5163714439076759,0.4227053140096618
216,14.53972088030059,34.56119162640902,6.085614600107354,8.480944712828771,12.741545893719806,11.708266237251744,8.997584541062801,0.9460547504025765,1.5163714439076759,0.4227053140096618
217,14.78797638217928,34.35319377348363,6.005099302200751,8.742619431025227,12.647611379495437,11.681427804616211,8.896940418679549,0.9460547504025765,1.5163714439076759,0.4227053140096618
218,14.680622651637144,33.7962962962963,5.991680085882985,10.19189479334407,12.620772946859903,11.647879763821793,8.514492753623188,0.7783145464304885,1.5096618357487923,0.2683843263553409
219,14.754428341384862,33.56816961889426,5.917874396135265,10.19189479334407,12.593934514224369,11.647879763821793,8.668813741277509,0.8856682769726248,1.5029522275899088,0.2683843263553409
220,13.935856146001074,29.66988727858293,5.904455179817498,9.816156736446592,19.659151905528716,9.822866344605474,8.541331186258722,0.8856682769726248,1.4962426194310252,0.2683843263553409
221,14.103596349973161,29.602791196994094,5.891035963499732,9.816156736446592,19.659151905528716,9.816156736446592,8.527911969940956,0.8856682769726248,1.42914653784219,0.2683843263553409
222,14.31159420289855,29.57595276435856,5.850778314546431,9.77589908749329,19.612184648416534,9.802737520128824,8.501073537305421,0.8856682769726248,1.415727321524423,0.2683843263553409
223,14.687332259796028,29.394793344068706,5.850778314546431,9.77589908749329,19.585346215780998,9.749060654857756,8.393719806763285,0.8789586688137413,1.415727321524423,0.2683843263553409
224,14.707461084272678,29.21363392377885,5.850778314546431,9.77589908749329,19.558507783145465,9.722222222222221,8.608427267847558,0.8789586688137413,1.415727321524423,0.2683843263553409
225,14.955716586151368,29.13311862587225,5.850778314546431,9.769189479334408,19.524959742351047,9.722222222222221,8.480944712828771,0.8789586688137413,1.415727321524423,0.2683843263553409
226,15.190552871712292,29.11969940955448,5.8239398819108965,9.749060654857756,19.350509930220074,9.722222222222221,8.480944712828771,0.8789586688137413,1.415727321524423,0.2683843263553409
227,15.271068169618895,29.11969940955448,5.8239398819108965,9.749060654857756,19.28341384863124,9.71551261406334,8.480944712828771,0.8789586688137413,1.4090177133655395,0.2683843263553409
228,15.35829307568438,29.045893719806763,5.8239398819108965,9.749060654857756,19.269994632313473,9.71551261406334,8.480944712828771,0.8789586688137413,1.4090177133655395,0.2683843263553409
229,15.4723564143854,28.978797638217927,5.8239398819108965,9.73564143853999,19.269994632313473,9.708803005904455,8.460815888352121,0.8722490606548577,1.4090177133655395,0.2683843263553409
230,15.559581320450885,28.858024691358025,5.8239398819108965,9.708803005904455,19.269994632313473,9.681964573268921,8.548040794417606,0.8722490606548577,1.4090177133655395,0.2683843263553409
231,15.72061191626409,28.858024691358025,5.8239398819108965,9.681964573268921,19.176060118089104,9.681964573268921,8.507783145464305,0.8722490606548577,1.4090177133655395,0.2683843263553409
232,15.425389157273216,28.173644659151904,7.48792270531401,9.400161030595813,18.867418142780462,9.588030059044552,8.507783145464305,0.8722490606548577,1.4090177133655395,0.2683843263553409
233,15.566290928609769,28.059581320450885,7.48792270531401,9.400161030595813,18.746645195920557,9.581320450885668,8.494363929146537,0.9863123993558777,1.4090177133655395,0.2683843263553409
234,16.015834675254965,27.979066022544284,7.387278582930757,9.25925925925926,18.632581857219538,9.567901234567902,8.494363929146537,0.9863123993558777,1.4090177133655395,0.2683843263553409
235,16.183574879227052,27.938808373590984,7.514761137949543,9.252549651100376,18.585614600107355,9.554482018250134,8.3064949006978,0.9863123993558777,1.4090177133655395,0.2683843263553409
