,45,50,51,53,52,55,54,56,58,57
0,100.0,,,,,,,,,
1,100.0,,,,,,,,,
2,98.7788513150832,1.221148684916801,,,,,,,,
3,98.7788513150832,1.221148684916801,,,,,,,,
4,94.8671497584541,5.132850241545894,,,,,,,,
5,94.8671497584541,5.132850241545894,,,,,,,,
6,93.47155126140633,6.528448738593666,,,,,,,,
7,72.00751476113795,27.992485238862052,,,,,,,,
8,67.66639828234031,30.649490069779926,1.6841116478797638,,,,,,,
9,67.27053140096618,28.683574879227052,1.6841116478797638,2.3617820719269993,,,,,,
10,65.98899624261944,27.965646806226516,3.7372517444981215,2.3081052066559313,,,,,,
11,66.05609232420827,27.89855072463768,3.7372517444981215,2.3081052066559313,,,,,,
12,65.66022544283413,28.29441760601181,3.7372517444981215,2.3081052066559313,,,,,,
13,63.09044551798175,30.864197530864196,3.7372517444981215,2.3081052066559313,,,,,,
14,59.98389694041868,33.2259796027912,3.7104133118625873,2.3081052066559313,0.7716049382716049,,,,,
15,57.09205582393988,35.43344068706388,3.7104133118625873,2.3081052066559313,0.7716049382716049,0.6843800322061192,,,,
16,14.15727321524423,79.66317767042405,1.221148684916801,1.415727321524423,2.85829307568438,0.6843800322061192,,,,
17,7.581857219538379,90.89506172839506,,,0.8387010198604401,0.6843800322061192,,,,
18,7.689210950080516,88.05689747718733,,,0.8387010198604401,0.6843800322061192,2.7308105206655933,,,
19,5.595813204508857,87.85560923242083,,,0.8387010198604401,2.9790660225442833,2.7308105206655933,,,
20,6.005099302200751,87.47987117552334,,,0.8387010198604401,2.945517981749866,2.7308105206655933,,,
21,6.273483628556092,86.57407407407408,,1.2681159420289856,0.8387010198604401,2.314814814814815,2.7308105206655933,,,
22,6.622383252818035,86.27214170692432,,1.2681159420289856,0.8387010198604401,2.26784755770263,2.7308105206655933,,,
23,6.9243156199677935,85.76221148684917,,1.2681159420289856,0.8387010198604401,2.475845410628019,2.7308105206655933,,,
24,7.139023081052066,85.5475040257649,,1.2681159420289856,0.8387010198604401,2.475845410628019,2.7308105206655933,,,
25,7.615405260332796,84.88325281803543,,1.2681159420289856,0.798443370907139,2.7509393451422435,2.6838432635534084,,,
26,7.856951154052603,84.64170692431561,,1.2681159420289856,0.798443370907139,2.7509393451422435,2.6838432635534084,,,
27,7.950885668276973,82.3268921095008,,1.2681159420289856,0.798443370907139,2.7241009125067097,4.931561996779388,,,
28,8.3064949006978,82.01154052603329,,1.2681159420289856,0.798443370907139,2.7241009125067097,4.891304347826087,,,
29,8.313204508856682,81.42780461621041,,1.8451422436929683,0.798443370907139,2.7241009125067097,4.891304347826087,,,
30,7.709339774557166,80.56897477187333,,1.6706924315619969,2.442297369833602,2.717391304347826,4.891304347826087,,,
31,8.051529790660226,80.27375201288245,,1.6706924315619969,2.442297369833602,2.6704240472356413,4.891304347826087,,,
32,8.252818035426731,78.0126140633387,,1.6706924315619969,2.442297369833602,4.730273752012883,4.891304347826087,,,
33,8.628556092324208,77.6905528717123,,1.6706924315619969,2.3886205045625335,4.730273752012883,4.891304347826087,,,
34,8.849973161567364,77.49597423510467,,1.6706924315619969,2.3886205045625335,4.703435319377348,4.891304347826087,,,
35,9.084809447128288,77.28797638217928,,1.6706924315619969,2.3886205045625335,4.676596886741814,4.891304347826087,,,
36,9.406870638754697,75.23483628556092,,1.6706924315619969,2.3483628556092326,6.474771873322598,4.864465915190553,,,
37,9.567901234567902,73.23537305421364,,1.6438539989264627,2.341653247450349,6.890767579173376,6.320450885668277,,,
38,9.728931830381105,69.49141170155663,,4.985238862050457,2.328234031132582,5.280461621041331,8.185721953837897,,,
39,10.909822866344605,69.02173913043478,,4.985238862050457,2.3081052066559313,5.280461621041331,7.494632313472893,,,
40,11.312399355877616,68.00187869028449,,4.9718196457326895,2.3081052066559313,5.9514224369296835,7.454374664519592,,,
41,11.594202898550725,67.8341384863124,,4.891304347826087,2.3081052066559313,5.917874396135265,7.454374664519592,,,
42,11.721685453569512,67.72007514761138,,4.891304347826087,2.120236178207193,5.917874396135265,7.628824476650563,,,
43,11.869296833064949,67.59930220075148,,4.891304347826087,2.120236178207193,5.917874396135265,7.601986044015029,,,
44,12.070585077831455,67.14304884594739,,4.891304347826087,2.120236178207193,6.494900697799249,7.27992485238862,,,
45,12.359098228663447,66.72705314009661,,4.85775630703167,2.120236178207193,6.655931293612453,7.27992485238862,,,
46,12.607353730542137,66.48550724637681,,4.85775630703167,2.120236178207193,6.655931293612453,7.273215244229737,,,
47,12.815351583467525,66.2909286097692,,4.85775630703167,2.120236178207193,6.655931293612453,7.25979602791197,,,
48,13.117283950617283,66.06280193236715,,4.824208266237251,2.1135265700483092,6.655931293612453,7.226247987117552,,,
49,13.177670424047236,63.768115942028984,,4.7101449275362315,2.1135265700483092,7.1725711218464845,9.057971014492754,,,
50,13.291733762748256,61.01717659688674,,4.703435319377348,2.1135265700483092,9.856414385399892,9.017713365539452,,,
51,13.620504562533547,60.789049919484704,,4.703435319377348,2.1135265700483092,9.822866344605474,8.950617283950617,,,
52,13.747987117552334,60.68840579710145,,4.703435319377348,2.1135265700483092,9.796027911969942,8.950617283950617,,,
53,11.916264090177133,55.401234567901234,,6.414385399892646,4.810789049919484,12.513419216317766,8.943907675791733,,,
54,10.48040794417606,52.61003757380569,,6.414385399892646,6.884057971014493,14.754428341384862,8.856682769726248,,,
55,10.628019323671497,51.84514224369297,0.9326355340848095,6.414385399892646,6.622383252818035,14.707461084272678,8.849973161567364,,,
56,10.084541062801932,50.1207729468599,0.9326355340848095,6.414385399892646,6.622383252818035,14.707461084272678,11.117820719269995,,,
57,10.272410091250672,50.02012882447665,0.9326355340848095,6.414385399892646,6.622383252818035,14.65378421900161,11.084272678475577,,,
58,10.607890499194847,49.84567901234568,0.9326355340848095,6.400966183574879,6.608964036500268,14.51959205582394,11.084272678475577,,,
59,11.16478797638218,49.322329575952764,0.9326355340848095,6.400966183574879,6.595544820182502,14.49946323134729,11.084272678475577,,,
60,11.473429951690822,49.17471819645733,0.9326355340848095,6.353998926462695,6.5485775630703165,14.432367149758454,11.084272678475577,,,
61,11.540526033279656,48.792270531400966,0.9326355340848095,7.742887815351583,6.380837359098229,14.009661835748792,10.601180891035963,,,
62,11.708266237251744,48.75872249060655,0.9125067096081588,7.702630166398282,6.380837359098229,13.996242619431026,10.540794417606012,,,
63,11.882716049382717,48.62453032742888,0.8923778851315083,7.87037037037037,6.380837359098229,13.982823403113258,10.36634460547504,,,
64,11.52710681696189,46.256038647343,0.8923778851315083,7.863660762211487,6.018518518518518,17.12962962962963,10.312667740203972,,,
65,10.077831454643048,41.243961352657,21.517713365539453,1.3821792807300053,4.99194847020934,15.103327965646805,5.683038110574342,,,
66,9.473966720343531,40.07648953301127,17.008856682769725,1.2681159420289856,11.735104669887278,14.754428341384862,5.683038110574342,,,
67,9.789318303811058,39.962426194310254,16.914922168545356,1.261406333870102,11.647879763821793,14.741009125067096,5.683038110574342,,,
68,10.017444981213098,39.781266774020395,16.914922168545356,1.247987117552335,11.614331723027375,14.741009125067096,5.683038110574342,,,
69,9.809447128287708,38.02334943639291,16.364734299516908,1.247987117552335,11.553945249597424,17.344337090713903,5.656199677938808,,,
70,9.695383789586689,36.29898013955985,16.358024691358025,1.247987117552335,11.540526033279656,19.202898550724637,5.656199677938808,,,
71,8.413848631239935,31.488191089640367,16.358024691358025,0.16774020397208803,11.151368760064413,19.14922168545357,13.271604938271604,,,
72,8.789586688137414,31.488191089640367,16.317767042404725,0.16774020397208803,11.017176596886742,19.00161030595813,13.217928073000536,,,
73,8.668813741277509,30.864197530864196,16.190284487385938,0.16774020397208803,10.976918947933441,18.988191089640367,14.143853998926463,,,
74,8.836553945249598,30.770263016639827,16.190284487385938,0.16774020397208803,10.95679012345679,18.95464304884595,14.123725174449811,,,
75,9.024422973698336,30.67632850241546,16.15673644659152,0.16774020397208803,10.943370907139023,18.95464304884595,14.076757917337627,,,
76,9.245840042941492,30.595813204508858,16.129898013955984,0.16774020397208803,10.896403650026839,18.927804616210413,14.036500268384327,,,
77,9.433709071390231,30.58239398819109,16.0426731078905,0.16774020397208803,10.836017176596886,18.90096618357488,14.036500268384327,,,
78,9.75577026301664,30.50187869028449,15.599838969404187,0.16774020397208803,10.735373054213634,19.256575415995705,13.553408480944713,0.4294149221685454,,
79,10.044283413848632,30.401234567901234,15.505904455179817,0.16774020397208803,10.695115405260333,18.612453032742888,13.499731615673644,1.0735373054213635,,
80,10.373054213633925,30.293880837359097,15.331454643048845,0.16774020397208803,10.681696188942565,18.59903381642512,13.479602791196994,1.0735373054213635,,
81,10.748792270531402,30.059044551798173,15.291196994095545,0.16774020397208803,10.661567364465915,18.5252281266774,13.47289318303811,1.0735373054213635,,
82,10.909822866344605,29.978529253891573,15.257648953301127,0.16774020397208803,10.648148148148149,18.511808910359633,13.45276435856146,1.0735373054213635,,
83,11.124530327428879,29.965110037573805,15.217391304347826,0.16774020397208803,10.648148148148149,18.46484165324745,13.372249060654857,1.0399892646269457,,
84,10.359634997316157,26.630434782608695,23.70504562533548,0.013419216317767043,10.621309715512615,15.24422973698336,12.385936661298981,1.0399892646269457,,
85,10.721953837895867,26.56333870101986,21.62506709608159,0.013419216317767043,12.533548040794418,15.170424047235642,12.332259796027913,1.0399892646269457,,
86,11.41304347826087,26.476113794954376,21.571390230810522,0.013419216317767043,12.5,15.747450348899624,11.66129898013956,0.6172839506172839,,
87,11.808910359634996,26.36876006441224,21.477455716586153,0.013419216317767043,12.486580783682234,15.72061191626409,11.506977992485238,0.6172839506172839,,
88,11.996779388083736,26.288244766505635,21.464036500268385,0.013419216317767043,12.453032742887816,15.693773483628556,11.493558776167472,0.5971551261406334,,
89,12.4597423510467,26.053408480944714,21.3768115942029,0.013419216317767043,12.412775093934513,15.640096618357488,11.446591519055287,0.5971551261406334,,
90,12.714707461084272,25.959473966720342,21.336553945249598,0.013419216317767043,12.359098228663447,15.613258185721953,11.406333870101985,0.5971551261406334,,
91,12.942834138486312,25.87224906065486,21.26274825550188,0.013419216317767043,12.332259796027913,15.613258185721953,11.366076221148685,0.5971551261406334,,
92,13.150831991411701,25.79844337090714,21.195652173913043,0.013419216317767043,12.318840579710145,15.593129361245303,11.332528180354267,0.5971551261406334,,
93,13.358829844337091,25.751476113794954,21.155394524959743,0.013419216317767043,12.31213097155126,15.526033279656469,11.285560923242082,0.5971551261406334,,
94,13.92914653784219,25.5300590445518,21.014492753623188,0.013419216317767043,12.31213097155126,15.351583467525497,11.252012882447666,0.5971551261406334,,
95,14.083467525496511,25.49651100375738,20.82662372517445,0.013419216317767043,12.74825550187869,15.056360708534621,11.178207192699947,0.5971551261406334,,
96,14.351851851851851,25.49651100375738,20.79307568438003,0.013419216317767043,12.674449812130971,15.002683843263553,11.07085346215781,0.5971551261406334,,
97,14.566559312936125,24.510198604401502,20.42404723564144,0.013419216317767043,12.640901771336553,14.338432635534085,12.909286097691895,0.5971551261406334,,
98,13.150831991411701,21.631776704240472,30.26033279656468,0.0067096081588835215,8.883521202361782,12.560386473429952,12.909286097691895,0.5971551261406334,,
99,12.828770799785293,20.46430488459474,32.038378958668815,0.0067096081588835215,8.883521202361782,12.372517444981213,12.808641975308642,0.5971551261406334,,
100,13.117283950617283,20.40391841116479,31.964573268921097,0.0067096081588835215,8.816425120772946,12.345679012345679,12.74825550187869,0.5971551261406334,,
101,13.446054750402576,19.840311325818572,31.776704240472355,0.0067096081588835215,8.776167471819646,12.808641975308642,12.74825550187869,0.5971551261406334,,
102,14.284755770263017,19.719538378958667,31.46135265700483,0.0067096081588835215,8.735909822866345,12.47987117552335,12.714707461084272,0.5971551261406334,,
103,14.351851851851851,19.685990338164252,31.427804616210413,0.0067096081588835215,8.735909822866345,12.47987117552335,12.714707461084272,0.5971551261406334,,
104,14.486044015029522,19.558507783145465,31.320450885668276,0.0067096081588835215,8.695652173913043,12.634192163177671,12.701288244766506,0.5971551261406334,,
105,14.680622651637144,19.538378958668815,31.273483628556093,0.0067096081588835215,8.662104133118627,12.5402576489533,12.701288244766506,0.5971551261406334,,
106,14.707461084272678,19.538378958668815,31.273483628556093,0.0067096081588835215,8.662104133118627,12.5402576489533,12.674449812130971,0.5971551261406334,,
107,14.922168545356952,19.538378958668815,31.199677938808374,0.0067096081588835215,8.635265700483092,12.466451959205582,12.634192163177671,0.5971551261406334,,
108,15.157004830917874,19.43102522812668,29.696725711218466,0.0067096081588835215,8.05823939881911,12.412775093934513,14.640365002683843,0.5971551261406334,,
109,15.271068169618895,19.424315619967793,29.64975845410628,0.0067096081588835215,8.05823939881911,12.365807836822329,14.626945786366075,0.5971551261406334,,
110,15.49248523886205,19.39747718733226,29.49543746645196,0.0067096081588835215,7.98443370907139,12.365807836822329,14.103596349973161,0.5971551261406334,0.5568974771873323,
111,15.901771336553946,19.343800322061192,29.300858829844337,0.0067096081588835215,7.957595276435856,12.265163714439076,14.096886741814279,0.5971551261406334,0.5300590445517982,
112,16.049382716049383,19.30354267310789,29.280730005367687,0.0067096081588835215,7.944176060118089,12.238325281803542,13.895598497047773,0.5971551261406334,0.5300590445517982,0.15432098765432098
113,15.908480944712828,18.98148148148148,29.17337627482555,0.0067096081588835215,7.937466451959206,12.157809983896941,14.626945786366075,0.5971551261406334,0.4562533548040794,0.15432098765432098
114,16.11647879763822,18.867418142780462,29.126409017713364,0.0067096081588835215,7.75630703166935,12.13768115942029,14.573268921095009,0.5971551261406334,0.4562533548040794,0.36231884057971014
115,16.532474503488995,18.78690284487386,28.891572732152444,0.0067096081588835215,7.75630703166935,12.097423510466989,14.512882447665056,0.5971551261406334,0.4562533548040794,0.36231884057971014
116,16.820987654320987,18.706387546967257,28.69699409554482,0.0067096081588835215,7.75630703166935,12.097423510466989,14.49946323134729,0.5971551261406334,0.4562533548040794,0.36231884057971014
117,16.61969940955448,16.532474503488995,28.529253891572733,0.0067096081588835215,7.75630703166935,14.962426194310252,14.190821256038648,0.5971551261406334,0.4428341384863124,0.36231884057971014
118,16.31105743424584,15.693773483628556,28.415190552871714,0.0067096081588835215,7.75630703166935,14.680622651637144,15.76086956521739,0.5971551261406334,0.4428341384863124,0.33548040794417605
119,16.700214707461082,15.546162104133119,28.327965646806227,0.0067096081588835215,7.709339774557166,14.626945786366075,15.707192699946322,0.5971551261406334,0.4428341384863124,0.33548040794417605
120,17.07595276435856,15.465646806226516,28.14009661835749,0.0067096081588835215,7.709339774557166,15.183843263553408,15.063070316693505,0.5770263016639828,0.4428341384863124,0.33548040794417605
121,17.364465915190554,15.465646806226516,27.214170692431562,0.9728931830381106,7.62211486849168,15.123456790123457,14.9020397208803,0.5568974771873323,0.4428341384863124,0.33548040794417605
122,17.270531400966185,15.029522275899087,27.120236178207193,0.9728931830381106,7.62211486849168,15.747450348899624,14.9020397208803,0.5568974771873323,0.4428341384863124,0.33548040794417605
123,17.518786902844873,15.022812667740205,27.006172839506174,0.9728931830381106,7.601986044015029,15.713902308105206,14.828234031132581,0.5568974771873323,0.4428341384863124,0.33548040794417605
124,17.793880837359097,14.97584541062802,26.972624798711756,0.9728931830381106,7.541599570585078,15.599838969404187,14.80810520665593,0.5568974771873323,0.4428341384863124,0.33548040794417605
125,18.06897477187332,14.88191089640365,26.89210950080515,0.9728931830381106,7.501341921631776,15.579710144927537,14.794685990338165,0.5300590445517982,0.4428341384863124,0.33548040794417605
126,18.089103596349972,14.834943639291465,26.80488459473967,0.9393451422436929,8.964036500268385,14.97584541062802,14.083467525496511,0.5300590445517982,0.4428341384863124,0.33548040794417605
127,18.38432635534085,14.801395598497047,26.650563607085346,0.9393451422436929,8.950617283950617,14.935587761674718,14.029790660225443,0.5300590445517982,0.4428341384863124,0.33548040794417605
128,18.840579710144926,14.794685990338165,26.476113794954376,0.9393451422436929,8.950617283950617,14.741009125067096,13.94927536231884,0.5300590445517982,0.4428341384863124,0.33548040794417605
129,19.545088566827697,14.459205582393988,26.442565754159958,0.9393451422436929,8.93719806763285,14.553140096618357,13.81508319914117,0.5300590445517982,0.4428341384863124,0.33548040794417605
130,19.209608158883523,13.667471819645733,24.630971551261407,0.9326355340848095,12.010198604401502,14.553140096618357,13.687600644122384,0.5300590445517982,0.4428341384863124,0.33548040794417605
131,19.330381105743424,13.667471819645733,24.44310252281267,0.9326355340848095,11.949812130971551,14.553140096618357,13.674181427804616,0.6709608158883521,0.4428341384863124,0.33548040794417605
132,19.612184648416534,13.667471819645733,24.27536231884058,0.9326355340848095,11.929683306494901,14.506172839506172,13.627214170692431,0.6709608158883521,0.4428341384863124,0.33548040794417605
133,19.75979602791197,13.607085346215781,24.248523886205046,0.9259259259259259,11.902844873859367,14.506172839506172,13.600375738056897,0.6709608158883521,0.4428341384863124,0.33548040794417605
134,20.02818035426731,13.573537305421363,24.134460547504027,0.9259259259259259,11.902844873859367,14.459205582393988,13.526570048309178,0.6709608158883521,0.4428341384863124,0.33548040794417605
135,20.12211486849168,12.761674718196458,23.93317230273752,0.9259259259259259,11.842458400429415,14.103596349973161,14.861782071927,0.6709608158883521,0.4428341384863124,0.33548040794417605
136,19.867149758454108,12.325550187869029,23.812399355877616,0.9259259259259259,11.312399355877616,13.976113794954374,16.33118625872249,0.6709608158883521,0.4428341384863124,0.33548040794417605
137,20.2361782071927,12.285292538915728,23.738593666129898,0.9259259259259259,11.29898013955985,13.922436929683306,16.14331723027375,0.6709608158883521,0.4428341384863124,0.33548040794417605
138,20.397208803005906,12.285292538915728,23.698336017176597,0.9259259259259259,11.225174449812132,13.88888888888889,16.129898013955984,0.6709608158883521,0.4428341384863124,0.33548040794417605
139,20.77294685990338,12.285292538915728,23.58427267847558,0.6709608158883521,11.084272678475577,13.774825550187868,16.378153515834676,0.6709608158883521,0.4428341384863124,0.33548040794417605
140,20.994363929146537,12.218196457326892,23.49033816425121,0.6709608158883521,11.077563070316694,13.7211486849168,16.378153515834676,0.6709608158883521,0.4428341384863124,0.33548040794417605
141,20.77294685990338,12.198067632850242,22.20209339774557,0.6709608158883521,10.983628556092324,13.580246913580247,18.17632850241546,0.6709608158883521,0.41599570585077833,0.32877079978529256
142,20.9272678475577,12.184648416532475,22.17525496511004,0.6709608158883521,10.983628556092324,13.499731615673644,18.14278046162104,0.6709608158883521,0.41599570585077833,0.32877079978529256
143,21.26945786366076,12.164519592055823,22.134997316156735,0.6709608158883521,10.802469135802468,13.446054750402576,18.095813204508858,0.6709608158883521,0.41599570585077833,0.32877079978529256
144,21.62506709608159,12.070585077831455,22.088030059044552,0.6575415995705851,10.802469135802468,13.405797101449275,17.961621041331185,0.6709608158883521,0.38915727321524424,0.32877079978529256
145,21.866612989801396,12.030327428878154,22.061191626409016,0.6575415995705851,10.768921095008052,13.331991411701557,17.901234567901234,0.6642512077294686,0.38915727321524424,0.32877079978529256
146,22.108158883521202,11.896135265700483,22.000805152979066,0.6575415995705851,10.735373054213634,13.318572195383789,17.901234567901234,0.6642512077294686,0.38915727321524424,0.32877079978529256
147,22.322866344605476,11.81561996779388,21.980676328502415,0.6575415995705851,10.701825013419215,13.305152979066023,17.834138486312398,0.6642512077294686,0.38915727321524424,0.32877079978529256
148,22.48389694041868,11.79549114331723,21.866612989801396,0.6575415995705851,10.701825013419215,13.298443370907139,17.814009661835748,0.6642512077294686,0.38915727321524424,0.32877079978529256
149,22.67176596886742,11.79549114331723,21.85990338164251,0.630703166935051,10.668276972624799,13.298443370907139,17.713365539452496,0.644122383252818,0.38915727321524424,0.32877079978529256
150,22.34970477724101,11.43317230273752,21.79951690821256,2.3752012882447664,10.641438539989265,12.399355877616747,17.639559849704778,0.644122383252818,0.38915727321524424,0.32877079978529256
151,21.900161030595815,10.63472893183038,21.69887278582931,2.3752012882447664,10.61460010735373,10.997047772410092,20.44417606011809,0.6172839506172839,0.38915727321524424,0.32877079978529256
152,22.000805152979066,10.621309715512615,21.67874396135266,2.3483628556092326,10.59447128287708,10.997047772410092,20.42404723564144,0.6172839506172839,0.38915727321524424,0.32877079978529256
153,21.638486312399355,10.59447128287708,18.646001073537306,5.837359098228664,10.59447128287708,10.997047772410092,20.356951154052602,0.6172839506172839,0.38915727321524424,0.32877079978529256
154,21.89345142243693,10.587761674718196,18.61916264090177,5.837359098228664,10.50053676865271,10.976918947933441,20.26972624798712,0.5971551261406334,0.38915727321524424,0.32877079978529256
155,21.973966720343533,10.587761674718196,18.59903381642512,5.810520665593129,10.487117552334944,10.976918947933441,20.249597423510465,0.5971551261406334,0.38915727321524424,0.32877079978529256
156,22.10144927536232,10.587761674718196,18.59903381642512,5.810520665593129,10.46027911969941,10.889694041867955,20.2361782071927,0.5971551261406334,0.38915727321524424,0.32877079978529256
157,22.403381642512077,10.547504025764896,18.431293612453032,5.797101449275362,10.393183038110575,10.889694041867955,20.222758990874933,0.5971551261406334,0.38915727321524424,0.32877079978529256
158,22.497316156736446,10.547504025764896,18.397745571658614,5.797101449275362,10.393183038110575,10.889694041867955,20.162372517444982,0.5971551261406334,0.38915727321524424,0.32877079978529256
159,22.745571658615138,10.534084809447128,18.35077831454643,5.783682232957595,10.393183038110575,10.876274825550189,20.001341921631777,0.5971551261406334,0.38915727321524424,0.32877079978529256
160,22.852925389157274,10.433440687063875,18.323939881910896,5.756843800322061,10.36634460547504,10.950080515297907,20.001341921631777,0.5971551261406334,0.38915727321524424,0.32877079978529256
161,21.79951690821256,10.091250670960816,21.316425120772948,5.756843800322061,9.876543209876543,10.762211486849168,19.30354267310789,0.5636070853462157,0.20128824476650564,0.32877079978529256
162,22.19538378958669,10.050993022007514,21.128556092324207,5.736714975845411,9.809447128287708,10.762211486849168,19.223027375201287,0.5636070853462157,0.20128824476650564,0.32877079978529256
163,22.356414385399894,9.849704777241008,21.014492753623188,5.595813204508857,9.27938808373591,10.648148148148149,20.209339774557165,0.5434782608695652,0.17444981213097155,0.32877079978529256
164,22.443639291465377,9.849704777241008,20.96081588835212,5.595813204508857,9.272678475577026,10.648148148148149,20.182501341921633,0.5434782608695652,0.17444981213097155,0.32877079978529256
165,22.490606548577563,9.842995169082126,20.96081588835212,5.595813204508857,9.272678475577026,10.621309715512615,20.169082125603865,0.5434782608695652,0.17444981213097155,0.32877079978529256
166,22.6784755770263,9.816156736446592,20.913848631239937,5.5756843800322065,9.245840042941492,10.581052066559312,20.142243692968332,0.5434782608695652,0.17444981213097155,0.32877079978529256
167,22.69189479334407,9.708803005904455,20.558239398819108,5.5756843800322065,9.219001610305957,11.265432098765432,19.93424584004294,0.5434782608695652,0.17444981213097155,0.32877079978529256
168,22.819377348362856,9.695383789586689,20.316693505099302,5.4549114331723025,10.34621578099839,11.178207192699947,19.14922168545357,0.5434782608695652,0.17444981213097155,0.322061191626409
169,23.17498658078368,9.668545356951155,20.242887815351583,5.4549114331723025,10.292538915727322,11.137949543746645,19.00161030595813,0.5300590445517982,0.17444981213097155,0.322061191626409
170,23.22866344605475,9.668545356951155,20.2361782071927,5.4549114331723025,10.25228126677402,11.131239935587761,19.00161030595813,0.5300590445517982,0.17444981213097155,0.322061191626409
171,23.409822866344605,9.668545356951155,20.115405260332796,5.401234567901234,10.25228126677402,11.131239935587761,19.00161030595813,0.5300590445517982,0.17444981213097155,0.3153515834675255
172,23.852657004830917,9.655126140633387,20.00805152979066,5.401234567901234,10.138217928073,11.117820719269995,18.840579710144926,0.49651100375738055,0.17444981213097155,0.3153515834675255
173,24.194847020933977,9.588030059044552,19.94766505636071,5.401234567901234,10.091250670960816,11.064143853998926,18.726516371443907,0.49651100375738055,0.17444981213097155,0.3153515834675255
174,24.44981213097155,9.54777241009125,19.87385936661299,5.401234567901234,10.030864197530864,11.037305421363392,18.67283950617284,0.49651100375738055,0.17444981213097155,0.3153515834675255
175,24.060654857756308,8.943907675791733,19.81347289318304,5.401234567901234,9.77589908749329,10.829307568438002,20.189210950080515,0.49651100375738055,0.17444981213097155,0.3153515834675255
176,24.08078368223296,8.185721953837897,19.088835212023618,5.367686527106817,9.77589908749329,12.553676865271068,19.961084272678477,0.49651100375738055,0.17444981213097155,0.3153515834675255
177,24.134460547504027,8.185721953837897,19.07541599570585,5.367686527106817,9.77589908749329,12.513419216317766,19.961084272678477,0.49651100375738055,0.17444981213097155,0.3153515834675255
178,24.402844873859365,8.172302737520129,19.0150295222759,5.367686527106817,9.749060654857756,12.446323134728932,19.860440150295222,0.49651100375738055,0.17444981213097155,0.3153515834675255
179,24.59742351046699,8.172302737520129,18.988191089640367,5.3274288781535155,9.728931830381105,12.446323134728932,19.753086419753085,0.49651100375738055,0.17444981213097155,0.3153515834675255
180,24.805421363392377,8.158883521202362,18.90096618357488,5.3274288781535155,9.71551261406334,12.392646269457863,19.712828770799785,0.49651100375738055,0.17444981213097155,0.3153515834675255
181,25.15432098765432,8.105206655931294,18.867418142780462,5.3274288781535155,9.688674181427805,12.379227053140097,19.49141170155663,0.49651100375738055,0.17444981213097155,0.3153515834675255
182,25.38244766505636,8.031400966183575,18.833870101986044,5.3274288781535155,9.675254965110037,12.305421363392378,19.464573268921097,0.49651100375738055,0.17444981213097155,0.30864197530864196
183,25.483091787439612,8.031400966183575,18.800322061191626,5.307300053676865,9.668545356951155,12.278582930756844,19.45115405260333,0.49651100375738055,0.17444981213097155,0.30864197530864196
184,25.597155126140635,7.997852925389157,18.63929146537842,5.307300053676865,9.634997316156737,12.446323134728932,19.404186795491142,0.48980139559849706,0.17444981213097155,0.30864197530864196
185,25.77831454643049,7.991143317230274,18.612453032742888,5.260332796564681,9.574610842726784,12.439613526570048,19.370638754696724,0.48980139559849706,0.17444981213097155,0.30864197530864196
186,25.91250670960816,7.977724100912507,18.572195383789587,5.260332796564681,9.554482018250134,12.419484702093397,19.330381105743424,0.48980139559849706,0.17444981213097155,0.30864197530864196
187,26.127214170692433,7.96430488459474,18.50509930220075,5.233494363929147,9.534353193773484,12.379227053140097,19.28341384863124,0.48980139559849706,0.17444981213097155,0.30864197530864196
188,26.019860440150296,7.823403113258186,18.50509930220075,5.226784755770263,9.50751476113795,12.372517444981213,19.57192699946323,0.48980139559849706,0.17444981213097155,0.30864197530864196
189,26.060118089103597,7.769726247987117,18.46484165324745,5.213365539452496,9.480676328502415,12.72812667740204,19.316961889425656,0.4830917874396135,0.17444981213097155,0.30864197530864196
190,25.95276435856146,7.749597423510467,17.599302200751477,5.213365539452496,9.406870638754697,13.848631239935587,19.26328502415459,0.4830917874396135,0.17444981213097155,0.30864197530864196
191,26.060118089103597,7.427536231884058,17.411433172302736,5.213365539452496,9.380032206119163,14.412238325281804,19.129092860976918,0.4830917874396135,0.17444981213097155,0.30864197530864196
192,25.83870101986044,7.427536231884058,16.371443907675793,7.14573268921095,9.346484165324744,14.184111647879764,18.733225979602793,0.46967257112184646,0.17444981213097155,0.30864197530864196
193,25.731347289318304,7.427536231884058,16.371443907675793,7.14573268921095,10.077831454643048,13.647342995169081,18.646001073537306,0.46967257112184646,0.17444981213097155,0.30864197530864196
194,25.845410628019323,7.4208266237251745,16.23725174449812,7.440955448201825,9.96376811594203,13.801663982823403,18.337359098228664,0.46967257112184646,0.17444981213097155,0.30864197530864196
195,26.006441223832528,7.407407407407407,16.203703703703702,7.809983896940419,9.936929683306495,13.761406333870102,17.921363392377884,0.46967257112184646,0.17444981213097155,0.30864197530864196
196,26.073537305421365,7.407407407407407,16.17686527106817,7.809983896940419,9.930220075147611,13.741277509393452,17.907944176060116,0.46967257112184646,0.17444981213097155,0.30864197530864196
197,25.77831454643049,7.407407407407407,15.888352120236178,7.615405260332796,12.010198604401502,13.654052603327965,16.6935050993022,0.46967257112184646,0.17444981213097155,0.30864197530864196
198,25.89908749329039,7.37385936661299,15.841384863123993,7.595276435856146,12.010198604401502,13.633923778851315,16.6935050993022,0.46967257112184646,0.17444981213097155,0.30864197530864196
199,26.093666129898015,7.340311325818572,15.807836822329575,7.541599570585078,12.010198604401502,13.633923778851315,16.61969940955448,0.46967257112184646,0.17444981213097155,0.30864197530864196
200,26.241277509393452,7.340311325818572,15.767579173376275,7.541599570585078,11.902844873859367,13.633923778851315,16.61969940955448,0.46967257112184646,0.17444981213097155,0.30864197530864196
201,26.442565754159958,7.340311325818572,15.734031132581856,7.474503488996243,11.869296833064949,13.593666129898015,16.59286097691895,0.46967257112184646,0.17444981213097155,0.30864197530864196
202,26.549919484702095,7.333601717659689,15.713902308105206,7.474503488996243,11.869296833064949,13.593666129898015,16.512345679012345,0.46967257112184646,0.17444981213097155,0.30864197530864196
203,26.610305958132045,7.326892109500805,15.713902308105206,7.467793880837359,11.869296833064949,13.546698872785829,16.512345679012345,0.46967257112184646,0.17444981213097155,0.30864197530864196
204,26.757917337627482,7.326892109500805,15.687063875469672,7.454374664519592,11.849168008588299,13.519860440150294,16.451959205582394,0.46967257112184646,0.17444981213097155,0.30864197530864196
205,26.207729468599034,7.185990338164252,15.640096618357488,7.454374664519592,13.875469672571121,12.466451959205582,16.344605475040257,0.3421900161030596,0.17444981213097155,0.30864197530864196
206,26.50295222758991,7.179280730005368,15.552871712292003,7.440955448201825,13.81508319914117,12.426194310252281,16.25738056897477,0.3421900161030596,0.17444981213097155,0.30864197530864196
207,26.78475577026302,7.179280730005368,15.411969940955448,7.440955448201825,13.81508319914117,12.359098228663447,16.183574879227052,0.3421900161030596,0.17444981213097155,0.30864197530864196
208,26.88539989264627,7.179280730005368,15.398550724637682,7.4141170155662905,13.81508319914117,12.338969404186795,16.14331723027375,0.3421900161030596,0.17444981213097155,0.30864197530864196
209,27.314814814814813,7.152442297369833,15.257648953301127,7.39398819108964,13.633923778851315,12.325550187869029,16.09634997316157,0.3421900161030596,0.17444981213097155,0.30864197530864196
210,27.603327965646805,7.14573268921095,15.190552871712292,7.320182501341922,13.607085346215781,12.285292538915728,16.022544283413847,0.3421900161030596,0.17444981213097155,0.30864197530864196
211,27.70397208803006,7.118894256575416,15.190552871712292,7.2933440687063875,13.607085346215781,12.25174449812131,16.009125067096083,0.3421900161030596,0.17444981213097155,0.30864197530864196
212,27.891841116478798,7.118894256575416,15.08990874932904,7.25979602791197,13.600375738056897,12.211486849168008,16.002415458937197,0.3421900161030596,0.17444981213097155,0.30864197530864196
213,27.938808373590984,7.118894256575416,15.08990874932904,7.232957595276436,13.217928073000536,12.198067632850242,15.962157809983896,0.3421900161030596,0.17444981213097155,0.7246376811594203
214,27.979066022544284,7.112184648416532,15.063070316693505,7.232957595276436,13.238056897477188,12.191358024691358,15.942028985507246,0.3421900161030596,0.17444981213097155,0.7246376811594203
215,28.207192699946322,7.112184648416532,14.989264626945786,7.192699946323135,13.20450885668277,12.164519592055823,15.888352120236178,0.3421900161030596,0.17444981213097155,0.7246376811594203
216,28.119967793880836,7.065217391304348,14.989264626945786,7.192699946323135,14.398819108964037,12.097423510466989,14.895330112721417,0.3421900161030596,0.17444981213097155,0.7246376811594203
217,28.267579173376276,7.018250134192163,14.935587761674718,7.159151905528717,14.398819108964037,12.084004294149223,14.895330112721417,0.3421900161030596,0.17444981213097155,0.7246376811594203
218,28.113258185721953,6.790123456790123,14.855072463768115,8.011272141706923,14.398819108964037,11.694847020933977,14.895330112721417,0.3421900161030596,0.17444981213097155,0.7246376811594203
219,28.28099838969404,6.716317767042405,14.74771873322598,8.011272141706923,14.38539989264627,11.56736446591519,15.049651100375739,0.3421900161030596,0.17444981213097155,0.7246376811594203
220,28.44873859366613,6.709608158883521,14.680622651637144,7.997852925389157,14.338432635534085,11.553945249597424,15.049651100375739,0.33548040794417605,0.17444981213097155,0.7112184648416533
221,28.549382716049383,6.696188942565755,14.667203435319378,7.997852925389157,14.325013419216317,11.553945249597424,14.989264626945786,0.33548040794417605,0.17444981213097155,0.7112184648416533
222,28.965378421900162,6.689479334406871,14.626945786366075,7.85024154589372,14.298174986580785,11.52710681696189,14.821524422973699,0.33548040794417605,0.17444981213097155,0.7112184648416533
223,29.17337627482555,6.689479334406871,14.586688137412775,7.830112721417069,14.278046162104133,11.419753086419753,14.801395598497047,0.33548040794417605,0.17444981213097155,0.7112184648416533
224,29.71014492753623,6.642512077294686,14.53972088030059,7.796564680622652,13.915727321524423,11.386205045625335,14.78797638217928,0.33548040794417605,0.17444981213097155,0.7112184648416533
225,29.851046698872786,6.635802469135802,14.49946323134729,7.7831454643048845,13.915727321524423,11.379495437466453,14.714170692431562,0.33548040794417605,0.17444981213097155,0.7112184648416533
226,30.079173376274827,6.635802469135802,14.36527106816962,7.749597423510467,13.882179280730005,11.366076221148685,14.700751476113794,0.33548040794417605,0.17444981213097155,0.7112184648416533
227,30.17981749865808,6.629092860976919,14.31159420289855,7.749597423510467,13.862050456253355,11.366076221148685,14.680622651637144,0.33548040794417605,0.17444981213097155,0.7112184648416533
228,30.414653784219002,6.629092860976919,14.2914653784219,7.729468599033816,13.788244766505636,11.366076221148685,14.55984970477724,0.33548040794417605,0.17444981213097155,0.7112184648416533
229,30.60252281266774,6.629092860976919,14.251207729468598,7.695920558239399,13.788244766505636,11.285560923242082,14.526301663982823,0.33548040794417605,0.17444981213097155,0.7112184648416533
230,30.73671497584541,6.629092860976919,14.184111647879764,7.695920558239399,13.788244766505636,11.2788513150832,14.465915190552872,0.33548040794417605,0.17444981213097155,0.7112184648416533
231,30.96484165324745,6.608964036500268,14.15727321524423,7.695920558239399,13.781535158346752,11.20504562533548,14.378690284487385,0.33548040794417605,0.17444981213097155,0.6977992485238862
232,31.159420289855074,6.568706387546968,14.083467525496511,7.695920558239399,13.781535158346752,11.16478797638218,14.338432635534085,0.33548040794417605,0.17444981213097155,0.6977992485238862
233,31.273483628556093,6.568706387546968,14.06333870101986,7.695920558239399,13.768115942028986,11.151368760064413,14.2914653784219,0.33548040794417605,0.17444981213097155,0.6776704240472357
234,31.608964036500268,6.481481481481482,14.016371443907676,7.548309178743962,13.747987117552334,11.144659151905529,14.264626945786366,0.33548040794417605,0.17444981213097155,0.6776704240472357
235,31.729736983360173,6.468062265163715,13.976113794954374,7.548309178743962,13.694310252281268,11.137949543746645,14.257917337627482,0.33548040794417605,0.17444981213097155,0.6776704240472357
236,31.863929146537842,6.468062265163715,13.935856146001074,7.50805152979066,13.66076221148685,11.117820719269995,14.257917337627482,0.33548040794417605,0.17444981213097155,0.6776704240472357
237,32.00483091787439,6.461352657004831,13.915727321524423,7.50805152979066,13.607085346215781,11.09098228663446,14.257917337627482,0.33548040794417605,0.17444981213097155,0.644122383252818
238,32.1658615136876,6.461352657004831,13.895598497047773,7.481213097155126,13.546698872785829,11.084272678475577,14.210950080515298,0.33548040794417605,0.17444981213097155,0.644122383252818
239,32.400697799248526,6.461352657004831,13.79495437466452,7.461084272678476,13.486312399355878,11.077563070316694,14.163982823403114,0.33548040794417605,0.17444981213097155,0.644122383252818
240,32.56172839506173,6.461352657004831,13.761406333870102,7.427536231884058,13.486312399355878,11.05072463768116,14.096886741814279,0.33548040794417605,0.17444981213097155,0.644122383252818
241,32.6959205582394,6.461352657004831,13.6808910359635,7.360440150295223,13.560118089103597,11.023886205045626,14.076757917337627,0.33548040794417605,0.17444981213097155,0.630703166935051
242,32.82340311325819,6.461352657004831,13.674181427804616,7.340311325818572,13.479602791196994,11.017176596886742,14.076757917337627,0.33548040794417605,0.17444981213097155,0.6172839506172839
243,33.03811057434246,6.427804616210413,13.627214170692431,7.212828770799785,13.539989264626946,10.983628556092324,14.04320987654321,0.33548040794417605,0.17444981213097155,0.6172839506172839
244,33.12533548040794,6.421095008051529,13.627214170692431,7.212828770799785,13.499731615673644,10.950080515297907,14.04320987654321,0.33548040794417605,0.17444981213097155,0.6105743424584005
245,33.340042941492214,6.421095008051529,13.43263553408481,7.132313472893183,13.47289318303811,10.929951690821255,14.016371443907676,0.46967257112184646,0.17444981213097155,0.6105743424584005
