,45,50,51,55,52,57,53,54,56,58,59,61,60
0,92.54562533548041,7.454374664519592,,,,,,,,,,,
1,84.62828770799786,15.371712292002147,,,,,,,,,,,
2,79.62962962962963,16.25738056897477,3.9519592055823938,0.1610305958132045,,,,,,,,,
3,77.15378421900161,18.733225979602793,3.9519592055823938,0.1610305958132045,,,,,,,,,
4,75.95947396672034,18.760064412238325,3.9519592055823938,0.19457863660762212,1.107085346215781,0.026838432635534086,,,,,,,
5,56.957863660762214,36.963231347289316,4.750402576489533,0.19457863660762212,1.107085346215781,0.026838432635534086,,,,,,,
6,56.93102522812668,36.99006977992485,4.750402576489533,0.19457863660762212,1.107085346215781,0.026838432635534086,,,,,,,
7,56.427804616210416,37.42619431025228,4.750402576489533,0.2616747181964573,1.107085346215781,0.026838432635534086,,,,,,,
8,55.864197530864196,37.9898013955985,4.750402576489533,0.2616747181964573,1.107085346215781,0.026838432635534086,,,,,,,
9,51.12050456253355,42.659688674181425,4.736983360171766,0.3488996242619431,1.107085346215781,0.026838432635534086,,,,,,,
10,51.29495437466452,42.51878690284487,4.676596886741814,0.3757380568974772,1.107085346215781,0.026838432635534086,,,,,,,
11,51.35534084809447,40.35829307568438,4.663177670424047,2.4892646269457863,1.107085346215781,0.026838432635534086,,,,,,,
12,51.12050456253355,36.08427267847558,4.663177670424047,2.4892646269457863,1.5096618357487923,0.026838432635534086,4.106280193236715,,,,,,
13,51.05340848094471,35.89640365002684,4.663177670424047,2.442297369833602,1.5096618357487923,0.026838432635534086,4.106280193236715,0.30193236714975846,,,,,
14,50.939345142243695,36.010466988727856,4.5960815888352125,2.442297369833602,1.5096618357487923,0.026838432635534086,4.106280193236715,0.30193236714975846,0.06709608158883522,,,,
15,46.524422973698336,40.405260332796566,4.5960815888352125,2.4691358024691357,1.5096618357487923,0.026838432635534086,4.0995705850778315,0.30193236714975846,0.06709608158883522,,,,
16,46.53113258185722,40.39855072463768,4.5960815888352125,2.4691358024691357,1.4224369296833066,0.11406333870101985,4.0995705850778315,0.30193236714975846,0.06709608158883522,,,,
17,46.3365539452496,39.27133655394525,5.0858829844337095,2.462426194310252,1.4224369296833066,0.11406333870101985,3.7640901771336552,1.4492753623188406,0.0939345142243693,,,,
18,46.061460010735374,39.31159420289855,5.0858829844337095,2.7106816961889426,1.4224369296833066,0.11406333870101985,3.750670960815888,1.4492753623188406,0.0939345142243693,,,,
19,45.93397745571659,39.439076757917334,5.0858829844337095,2.7106816961889426,1.4224369296833066,0.11406333870101985,3.750670960815888,1.4492753623188406,0.0939345142243693,,,,
20,45.98765432098765,39.38539989264627,5.0858829844337095,2.7106816961889426,1.4224369296833066,0.11406333870101985,3.750670960815888,1.4492753623188406,0.0939345142243693,,,,
21,45.69914117015566,39.53301127214171,5.226784755770263,2.7106816961889426,1.4224369296833066,0.11406333870101985,3.750670960815888,1.4492753623188406,0.0939345142243693,,,,
22,45.7259796027912,38.84192163177671,5.199946323134729,2.0397208803005906,1.710950080515298,0.11406333870101985,3.7238325281803544,2.522812667740204,0.12077294685990338,,,,
23,44.53166935050993,40.083199141170155,5.186527106816962,2.006172839506173,1.710950080515298,0.11406333870101985,3.6097691894793345,2.522812667740204,0.12077294685990338,0.11406333870101985,,,
24,44.56521739130435,40.04965110037574,5.186527106816962,2.006172839506173,1.710950080515298,0.11406333870101985,3.6097691894793345,2.522812667740204,0.12077294685990338,0.11406333870101985,,,
25,41.47879763821793,40.754159957058505,4.656468062265164,1.9592055823939882,1.6170155662909287,0.11406333870101985,3.6097691894793345,5.5756843800322065,0.12077294685990338,0.11406333870101985,,,
26,41.06280193236715,41.17015566290929,4.643048845947397,1.9726247987117553,1.6170155662909287,0.11406333870101985,3.6097691894793345,5.5756843800322065,0.12077294685990338,0.11406333870101985,,,
27,41.056092324208265,41.176865271068166,4.643048845947397,1.9726247987117553,1.6170155662909287,0.11406333870101985,3.6097691894793345,5.5756843800322065,0.12077294685990338,0.11406333870101985,,,
28,41.196994095544824,41.06280193236715,4.643048845947397,1.9457863660762211,1.6170155662909287,0.11406333870101985,3.6097691894793345,5.5756843800322065,0.12077294685990338,0.11406333870101985,,,
29,36.52710681696189,46.09500805152979,4.233762748255502,1.9994632313472893,1.6170155662909287,0.11406333870101985,3.6097691894793345,5.5689747718733225,0.12077294685990338,0.11406333870101985,,,
30,36.69484702093398,45.99436392914654,4.193505099302201,1.9994632313472893,1.6170155662909287,0.11406333870101985,3.6097691894793345,5.542136339237788,0.12077294685990338,0.11406333870101985,,,
31,36.460010735373054,43.88083735909823,7.481213097155126,1.8719806763285025,1.6170155662909287,0.11406333870101985,2.7979066022544283,5.542136339237788,0.12077294685990338,0.11406333870101985,,,
32,36.480139559849704,43.86741814278046,7.447665056360709,1.8719806763285025,1.6170155662909287,0.11406333870101985,2.7979066022544283,5.535426731078905,0.15432098765432098,0.11406333870101985,,,
33,36.61433172302738,42.975040257648956,7.387278582930757,2.703972088030059,1.6170155662909287,0.11406333870101985,2.7979066022544283,5.522007514761138,0.15432098765432098,0.11406333870101985,,,
34,32.930756843800324,38.86205045625336,15.854804079441761,2.8381642512077296,1.6170155662909287,0.11406333870101985,2.7979066022544283,4.7168545356951155,0.15432098765432098,0.11406333870101985,,,
35,26.663982823403114,51.01315083199141,10.661567364465915,2.8381642512077296,0.9259259259259259,0.11406333870101985,2.7979066022544283,4.7168545356951155,0.15432098765432098,0.11406333870101985,,,
36,26.710950080515296,50.84541062801932,10.641438539989265,2.885131508319914,0.9259259259259259,0.11406333870101985,2.7979066022544283,4.810789049919484,0.15432098765432098,0.11406333870101985,,,
37,26.818303811057433,50.72463768115942,10.63472893183038,2.8650026838432634,0.9259259259259259,0.11406333870101985,2.804616210413312,4.810789049919484,0.1878690284487386,0.11406333870101985,,,
38,26.7914653784219,49.000268384326354,10.534084809447128,4.575952764358561,0.9326355340848095,0.11406333870101985,2.804616210413312,4.944981213097155,0.1878690284487386,0.11406333870101985,,,
39,26.80488459473967,42.1027911969941,10.413311862587225,4.575952764358561,0.9326355340848095,0.11406333870101985,9.809447128287708,4.944981213097155,0.1878690284487386,0.11406333870101985,,,
40,26.32850241545894,36.22517444981213,22.23564143853999,2.918679549114332,0.322061191626409,,9.03113258185722,2.677133655394525,0.03354804079441761,0.11406333870101985,0.11406333870101985,,
41,26.482823403113258,36.14465915190553,22.21551261406334,2.932098765432099,0.322061191626409,,8.964036500268385,2.677133655394525,0.03354804079441761,0.11406333870101985,0.11406333870101985,,
42,26.442565754159958,36.14465915190553,21.175523349436393,2.932098765432099,0.322061191626409,,10.044283413848632,2.677133655394525,0.03354804079441761,0.11406333870101985,0.11406333870101985,,
43,26.603596349973163,35.95679012345679,20.397208803005906,2.932098765432099,1.3217928073000538,,9.849704777241008,2.677133655394525,0.03354804079441761,0.11406333870101985,0.11406333870101985,,
44,26.643853998926463,35.648148148148145,20.397208803005906,3.2206119162640903,1.3217928073000538,,9.829575952764358,2.677133655394525,0.03354804079441761,0.11406333870101985,0.11406333870101985,,
45,20.598497047772412,41.243961352657,20.336822329575952,3.730542136339238,1.3217928073000538,,9.829575952764358,2.677133655394525,0.03354804079441761,0.11406333870101985,0.11406333870101985,,
46,18.243424584004295,35.970209339774556,27.65029522275899,3.8177670424047236,1.8384326355340848,,9.816156736446592,2.4020397208803006,0.03354804079441761,0.11406333870101985,0.11406333870101985,,
47,17.64626945786366,28.71712292002147,28.395061728395063,3.6097691894793345,9.172034353193773,,9.802737520128824,2.395330112721417,0.03354804079441761,0.11406333870101985,0.11406333870101985,,
48,17.820719269994633,28.609769189479334,28.287707997852927,3.6500268384326353,9.172034353193773,,9.762479871175524,2.395330112721417,0.03354804079441761,0.15432098765432098,0.11406333870101985,,
49,17.364465915190554,23.785560923242084,28.26086956521739,2.046430488459474,9.145195920558239,,18.820450885668276,0.33548040794417605,0.013419216317767043,0.11406333870101985,0.11406333870101985,,
50,17.68652710681696,23.718464841653248,27.80461621041331,2.3550724637681157,9.037842190016104,,18.773483628556093,0.33548040794417605,0.013419216317767043,0.1610305958132045,0.11406333870101985,,
51,17.74020397208803,22.128287707997853,38.157541599570585,1.7310789049919484,8.259527643585615,0.03354804079441761,11.553945249597424,0.33548040794417605,0.013419216317767043,0.04696725711218465,,,
52,16.445249597423512,16.478797638217927,46.765968867418145,1.596886741814278,3.589640365002684,,14.593397745571659,0.33548040794417605,0.14761137949543746,0.04696725711218465,,,
53,16.505636070853463,16.478797638217927,46.65190552871712,1.5499194847020934,3.589640365002684,,14.593397745571659,0.33548040794417605,0.24825550187869028,0.04696725711218465,,,
54,16.686795491143318,16.404991948470208,45.98094471282877,1.5767579173376274,3.589640365002684,,14.573268921095009,0.33548040794417605,0.8051529790660226,0.04696725711218465,,,
55,15.331454643048845,15.49248523886205,41.52576489533011,1.3955984970477724,10.849436392914654,,14.217659688674182,0.33548040794417605,0.8051529790660226,0.04696725711218465,,,
56,15.411969940955448,15.45222758990875,41.47879763821793,1.4358561460010735,10.815888352120236,0.026838432635534086,14.204240472356414,0.33548040794417605,0.7917337627482555,0.04696725711218465,,,
57,14.949006977992486,15.271068169618895,43.14949006977992,1.4358561460010735,10.789049919484702,0.026838432635534086,13.177670424047236,0.33548040794417605,0.7917337627482555,0.07380568974771873,,,
58,15.056360708534621,15.35829307568438,42.941492216854535,1.42914653784219,10.809178743961352,0.026838432635534086,13.144122383252817,0.33548040794417605,0.7917337627482555,0.10735373054213634,,,
59,14.15727321524423,16.404991948470208,42.68652710681696,1.42914653784219,10.782340311325818,0.2952227589908749,12.942834138486312,0.33548040794417605,0.8588298443370908,0.10735373054213634,,,
60,14.224369296833064,16.398282340311326,42.60601180891036,1.42914653784219,10.782340311325818,0.2952227589908749,12.895866881374127,0.32877079978529256,0.9057971014492754,0.13419216317767044,,,
61,14.251207729468598,15.787707997852925,38.466183574879224,1.3888888888888888,10.674986580783683,0.2952227589908749,17.780461621041333,0.32877079978529256,0.8923778851315083,0.13419216317767044,,,
62,14.224369296833064,15.747450348899624,38.58695652173913,1.3888888888888888,10.674986580783683,0.2952227589908749,17.76033279656468,0.32877079978529256,0.8588298443370908,0.13419216317767044,,,
63,14.318303811057435,15.734031132581856,38.5601180891036,1.3888888888888888,10.661567364465915,0.2952227589908749,17.673107890499196,0.32877079978529256,0.8856682769726248,0.15432098765432098,,,
64,13.761406333870102,15.901771336553946,39.02308105206656,1.3888888888888888,10.554213633923778,0.2952227589908749,17.673107890499196,0.32877079978529256,0.9192163177670424,0.15432098765432098,,,
65,9.567901234567902,22.530864197530864,36.54723564143854,1.4090177133655395,10.540794417606012,0.2952227589908749,17.753623188405797,0.24825550187869028,0.95276435856146,0.15432098765432098,,,
66,9.601449275362318,22.443639291465377,36.48684916800859,1.4090177133655395,10.540794417606012,0.2952227589908749,17.814009661835748,0.24825550187869028,1.0064412238325282,0.15432098765432098,,,
67,9.816156736446592,22.430220075147613,36.34594739667203,1.4090177133655395,10.493827160493828,0.2952227589908749,17.793880837359097,0.24825550187869028,1.0131508319914118,0.15432098765432098,,,
68,9.916800858829845,22.403381642512077,36.14465915190553,1.4090177133655395,10.493827160493828,0.2952227589908749,17.773752012882447,0.24825550187869028,1.1607622114868492,0.15432098765432098,,,
69,7.300053676865271,26.818303811057433,33.883521202361784,3.7037037037037037,10.319377348362856,0.2952227589908749,15.526033279656469,0.24825550187869028,1.751207729468599,0.15432098765432098,,,
70,7.447665056360709,26.69753086419753,33.863392377885134,3.7037037037037037,10.319377348362856,0.2952227589908749,15.485775630703166,0.28180354267310787,1.751207729468599,0.15432098765432098,,,
71,7.64224369296833,26.570048309178745,33.76945786366076,3.844605475040258,10.305958132045088,0.2616747181964573,15.405260332796564,0.28180354267310787,1.7646269457863661,0.15432098765432098,,,
72,7.722758990874933,26.308373590982285,33.24610842726785,3.9989264626945786,10.279119699409554,0.2616747181964573,15.331454643048845,0.28180354267310787,2.442297369833602,0.1274825550187869,,,
73,7.897208803005904,26.234567901234566,33.19243156199678,3.9989264626945786,10.279119699409554,0.2616747181964573,15.28448738593666,0.28180354267310787,2.442297369833602,0.1274825550187869,,,
74,8.017981749865807,26.167471819645733,33.16559312936125,3.992216854535695,10.279119699409554,0.2616747181964573,15.26435856146001,0.28180354267310787,2.442297369833602,0.1274825550187869,,,
75,8.13875469672571,26.140633387010197,33.09849704777241,3.992216854535695,10.279119699409554,0.2616747181964573,15.11003757380569,0.28180354267310787,2.5697799248523885,0.1274825550187869,,,
76,8.21256038647343,26.120504562533547,33.05823939881911,3.992216854535695,10.265700483091788,0.2616747181964573,14.99597423510467,0.28180354267310787,2.5697799248523885,0.24154589371980675,,,
77,8.259527643585615,26.100375738056897,33.03811057434246,3.992216854535695,10.265700483091788,0.2616747181964573,14.99597423510467,0.28180354267310787,2.563070316693505,0.24154589371980675,,,
78,8.340042941492216,26.060118089103597,33.00456253354804,3.9855072463768115,10.265700483091788,0.2616747181964573,14.99597423510467,0.28180354267310787,2.563070316693505,0.24154589371980675,,,
79,7.944176060118089,25.95276435856146,42.901234567901234,2.6301663982823404,6.494900697799249,0.2616747181964573,11.325818572195384,0.28180354267310787,1.9860440150295222,0.2214170692431562,,,
80,8.064949006977992,25.650831991411703,42.7133655394525,2.6704240472356413,6.494900697799249,0.2616747181964573,11.594202898550725,0.28180354267310787,2.046430488459474,0.2214170692431562,,,
81,8.192431561996779,25.603864734299517,42.619431025228124,2.657004830917874,6.494900697799249,0.2616747181964573,11.594202898550725,0.28180354267310787,2.073268921095008,0.2214170692431562,,,
82,8.353462157809984,25.543478260869566,42.47852925389157,2.657004830917874,6.468062265163715,0.2616747181964573,11.178207192699947,0.8118625872249061,2.1403650026838434,0.10735373054213634,,,
83,8.541331186258722,25.503220611916262,42.391304347826086,2.657004830917874,6.4412238325281805,0.2549651100375738,11.158078368223295,0.8118625872249061,2.1135265700483092,0.1274825550187869,,,
84,8.61513687600644,25.462962962962962,42.371175523349436,2.657004830917874,6.414385399892646,0.2549651100375738,11.097691894793345,0.8118625872249061,2.1135265700483092,0.20128824476650564,,,
85,8.400429414922169,25.409286097691894,40.06977992485239,2.5697799248523885,9.326355340848094,0.2549651100375738,11.097691894793345,0.7917337627482555,1.8786902844873858,0.20128824476650564,,,
86,8.55475040257649,25.355609232420825,39.84836285560923,2.5697799248523885,9.29951690821256,0.2549651100375738,11.003757380568974,0.8185721953837896,2.01959205582394,0.27509393451422437,,,
87,8.789586688137414,25.308641975308642,39.60010735373054,2.8113258185721954,9.29951690821256,0.2549651100375738,10.963499731615673,0.8185721953837896,1.8786902844873858,0.27509393451422437,,,
88,8.849973161567364,25.268384326355342,39.57326892109501,2.818035426731079,9.29951690821256,0.2549651100375738,10.963499731615673,0.8521202361782072,1.8786902844873858,0.24154589371980675,,,
89,9.004294149221685,25.161030595813205,39.57326892109501,2.7979066022544283,9.286097691894794,0.2549651100375738,10.916532474503489,0.8521202361782072,1.8786902844873858,0.27509393451422437,,,
90,8.695652173913043,25.147611379495437,34.574610842726784,2.791196994095545,15.049651100375739,0.4294149221685454,10.681696188942565,0.8521202361782072,1.4694041867954912,0.30864197530864196,,,
91,8.749329039184111,25.120772946859905,33.09849704777241,2.791196994095545,16.49892646269458,0.4294149221685454,10.681696188942565,0.8521202361782072,1.4694041867954912,0.30864197530864196,,,
92,8.085077831454644,22.832796564680624,36.70826623725174,2.563070316693505,16.324476650563607,0.6105743424584005,10.507246376811594,0.798443370907139,1.261406333870102,0.30864197530864196,,,
93,8.091787439613526,22.73886205045625,36.68142780461621,2.6167471819645733,16.337895866881375,0.6374127750939346,10.50053676865271,0.8252818035426731,1.261406333870102,0.30864197530864196,,,
94,8.199141170155663,22.69860440150295,36.64787976382179,2.6167471819645733,16.317767042404725,0.6374127750939346,10.36634460547504,0.8252818035426731,1.3821792807300053,0.30864197530864196,,,
95,8.467525496511003,22.665056360708533,36.533816425120776,2.589908749329039,16.11647879763822,0.6642512077294686,10.34621578099839,0.8521202361782072,1.482823403113258,0.28180354267310787,,,
96,8.628556092324208,22.644927536231883,36.43317230273752,2.576489533011272,16.10305958132045,0.6642512077294686,10.332796564680622,0.8521202361782072,1.482823403113258,0.28180354267310787,,,
97,8.749329039184111,22.457058507783145,36.36607622114869,2.737520128824477,16.089640365002683,0.6642512077294686,10.319377348362856,0.8521202361782072,1.482823403113258,0.28180354267310787,,,
98,8.856682769726248,22.450348899624263,36.010466988727856,3.079710144927536,15.881642512077295,0.6642512077294686,10.292538915727322,0.8521202361782072,1.6304347826086956,0.28180354267310787,,,
99,8.769457863660762,21.571390230810522,35.85614600107354,3.079710144927536,17.37788513150832,0.6642512077294686,9.916800858829845,0.8521202361782072,1.6304347826086956,0.28180354267310787,,,
100,8.735909822866345,21.638486312399355,35.81588835212023,3.0931293612453032,17.371175523349436,0.6642512077294686,9.916800858829845,0.8521202361782072,1.6304347826086956,0.28180354267310787,,,
101,8.836553945249598,21.598228663446054,35.75550187869028,3.0931293612453032,17.371175523349436,0.6642512077294686,9.916800858829845,0.8521202361782072,1.6304347826086956,0.28180354267310787,,,
102,9.017713365539452,21.591519055287172,35.61460010735373,3.0931293612453032,17.371175523349436,0.6642512077294686,9.896672034353195,0.8521202361782072,1.6170155662909287,0.28180354267310787,,,
103,9.064680622651638,21.564680622651636,35.587761674718195,3.0931293612453032,17.371175523349436,0.6642512077294686,9.876543209876543,0.8521202361782072,1.6438539989264627,0.28180354267310787,,,
104,9.131776704240472,21.490874932903917,35.587761674718195,3.166935050993022,17.324208266237253,0.6508319914117016,9.836285560923242,0.8521202361782072,1.6774020397208802,0.28180354267310787,,,
105,9.286097691894794,21.484165324745035,35.55421363392378,3.166935050993022,17.21014492753623,0.6508319914117016,9.836285560923242,0.8521202361782072,1.6774020397208802,0.28180354267310787,,,
106,9.353193773483628,21.484165324745035,35.47369833601718,3.166935050993022,17.196725711218466,0.6508319914117016,9.836285560923242,0.8521202361782072,1.7042404723564144,0.28180354267310787,,,
107,9.426999463231347,20.558239398819108,35.299248523886206,3.2877079978529253,17.10950080515298,0.6105743424584005,9.782608695652174,1.9122383252818036,1.7042404723564144,0.30864197530864196,,,
108,9.084809447128288,18.813741277509394,35.21202361782072,3.193773483628556,19.35721953837896,0.644122383252818,9.769189479334408,1.9122383252818036,1.7042404723564144,0.30864197530864196,,,
109,9.05126140633387,18.531937734836287,34.66854535695116,3.911701556629093,19.11567364465915,0.7648953301127214,9.769189479334408,2.1739130434782608,1.7042404723564144,0.30864197530864196,,,
110,8.373590982286634,18.344068706387546,41.33118625872249,4.609500805152979,14.318303811057435,0.7648953301127214,8.876811594202898,1.6438539989264627,1.4626945786366077,0.27509393451422437,,,
111,7.9106280193236715,18.33064949006978,45.229468599033815,4.146537842190016,11.83574879227053,0.5971551261406334,8.742619431025227,1.596886741814278,1.2412775093934514,0.36902844873859364,,,
112,7.930756843800322,18.33064949006978,44.60547504025765,4.8443370907139025,11.829039184111648,0.5501878690284487,8.715780998389693,1.596886741814278,1.2278582930756843,0.36902844873859364,,,
113,7.930756843800322,18.04213633923779,44.43102522812668,4.8443370907139025,11.741814278046162,0.5501878690284487,8.648684916800859,2.214170692431562,1.2278582930756843,0.36902844873859364,,,
114,7.997852925389157,18.04213633923779,44.34380032206119,4.8443370907139025,11.714975845410628,0.5703166935050993,8.648684916800859,2.214170692431562,1.2546967257112185,0.36902844873859364,,,
115,8.05823939881911,18.04213633923779,44.22973698336017,4.8443370907139025,11.614331723027375,0.6239935587761675,8.648684916800859,2.214170692431562,1.3553408480944713,0.36902844873859364,,,
116,8.158883521202362,18.04213633923779,44.0552871712292,4.8443370907139025,11.614331723027375,0.5971551261406334,8.608427267847558,2.214170692431562,1.4694041867954912,0.39586688137412773,,,
117,8.266237251744498,17.72007514761138,43.545356951154055,5.562265163714439,11.614331723027375,0.5971551261406334,8.581588835212024,2.24771873322598,1.4694041867954912,0.39586688137412773,,,
118,8.299785292538916,17.458400429414922,43.49168008588298,5.844068706387547,11.614331723027375,0.5971551261406334,8.581588835212024,2.24771873322598,1.4694041867954912,0.39586688137412773,,,
119,8.447396672034353,17.45169082125604,43.39103596349973,5.790391841116479,11.58749329039184,0.5971551261406334,8.548040794417606,2.24771873322598,1.4761137949543746,0.46296296296296297,,,
120,8.380300590445518,17.444981213097154,42.80059044551798,5.770263016639828,11.56736446591519,0.5971551261406334,8.541331186258722,2.24771873322598,2.187332259796028,0.46296296296296297,,,
121,8.447396672034353,17.438271604938272,42.572463768115945,5.8172302737520125,11.540526033279656,0.5568974771873323,8.695652173913043,2.24771873322598,2.2208803005904456,0.46296296296296297,,,
122,8.53462157809984,17.364465915190554,42.51878690284487,5.857487922705314,11.486849168008588,0.5568974771873323,8.695652173913043,2.24771873322598,2.2745571658615136,0.46296296296296297,,,
123,8.393719806763285,17.297369833601717,42.12292002147075,5.8172302737520125,12.144390767579173,0.5568974771873323,8.682232957595277,2.24771873322598,2.2745571658615136,0.46296296296296297,,,
124,8.548040794417606,17.2638217928073,42.0625335480408,5.790391841116479,12.144390767579173,0.5568974771873323,8.648684916800859,2.24771873322598,2.2745571658615136,0.46296296296296297,,,
125,8.655394524959743,17.2638217928073,41.97530864197531,5.790391841116479,12.124261943102523,0.5568974771873323,8.648684916800859,2.24771873322598,2.2745571658615136,0.46296296296296297,,,
126,8.896940418679549,17.236983360171767,41.82098765432099,5.776972624798712,12.124261943102523,0.5904455179817498,8.648684916800859,2.2342995169082127,2.2074610842726785,0.46296296296296297,,,
127,9.037842190016104,17.136339237788512,41.79414922168545,5.837359098228664,12.124261943102523,0.5904455179817498,8.648684916800859,2.1739130434782608,2.2074610842726785,0.4495437466451959,,,
128,9.185453569511541,17.08937198067633,41.74718196457327,5.837359098228664,12.110842726784755,0.5904455179817498,8.635265700483092,2.147074610842727,2.2074610842726785,0.4495437466451959,,,
129,9.292807300053678,17.04911433172303,41.700214707461086,5.837359098228664,12.090713902308105,0.5904455179817498,8.635265700483092,2.147074610842727,2.2074610842726785,0.4495437466451959,,,
130,9.39345142243693,16.99543746645196,41.48550724637681,5.837359098228664,12.084004294149223,0.7514761137949544,8.501073537305421,2.120236178207193,2.38191089640365,0.4495437466451959,,,
131,9.50751476113795,16.99543746645196,41.42512077294686,5.8172302737520125,12.084004294149223,0.7514761137949544,8.467525496511003,2.120236178207193,2.38191089640365,0.4495437466451959,,,
132,9.742351046698873,16.914922168545356,41.358024691358025,5.776972624798712,12.084004294149223,0.7246376811594203,8.467525496511003,2.100107353730542,2.38191089640365,0.4495437466451959,,,
133,9.977187332259795,16.874664519592056,41.217122920021474,5.8239398819108965,11.98336017176597,0.7246376811594203,8.467525496511003,2.100107353730542,2.38191089640365,0.4495437466451959,,,
134,10.050993022007514,16.874664519592056,40.72061191626409,5.803811057434245,11.943102522812667,0.7246376811594203,8.454106280193237,2.100107353730542,2.8784219001610305,0.4495437466451959,,,
135,10.258990874932904,16.834406870638755,40.59983896940419,5.783682232957595,11.916264090177133,0.7246376811594203,8.454106280193237,2.100107353730542,2.8784219001610305,0.4495437466451959,,,
136,10.138217928073,16.566022544283413,40.324745034889965,5.776972624798712,14.197530864197532,0.8722490606548577,6.890767579173376,1.7646269457863661,3.052871712292002,0.41599570585077833,,,
137,10.299248523886206,16.485507246376812,40.27106816961889,5.750134192163178,14.049919484702093,1.0198604401502953,6.890767579173376,1.7646269457863661,3.052871712292002,0.41599570585077833,,,
138,10.285829307568438,16.472088030059044,39.801395598497045,5.649490069779925,14.694041867954912,0.9728931830381106,6.890767579173376,1.7646269457863661,3.052871712292002,0.41599570585077833,,,
139,10.446859903381643,16.398282340311326,39.734299516908216,5.636070853462158,14.687332259796028,0.9728931830381106,6.890767579173376,1.7646269457863661,3.052871712292002,0.41599570585077833,,,
140,9.722222222222221,15.371712292002147,41.378153515834676,5.844068706387547,14.687332259796028,0.9728931830381106,6.890767579173376,1.6639828234031133,3.052871712292002,0.41599570585077833,,,
141,9.406870638754697,15.271068169618895,46.162104133118625,5.790391841116479,12.754965110037574,0.966183574879227,4.696725711218465,1.5029522275899088,3.1065485775630703,0.3421900161030596,,,
142,9.400161030595813,14.935587761674718,45.93397745571659,5.837359098228664,12.412775093934513,1.1003757380568975,5.488459473966721,1.442565754159957,3.1065485775630703,0.3421900161030596,,,
143,9.574610842726784,14.915458937198068,45.853462157809986,5.803811057434245,12.365807836822329,1.133923778851315,5.4616210413311865,1.442565754159957,3.1065485775630703,0.3421900161030596,,,
144,9.668545356951155,14.888620504562533,45.819914117015564,5.803811057434245,12.359098228663447,1.133923778851315,5.448201825013419,1.442565754159957,3.0931293612453032,0.3421900161030596,,,
145,9.742351046698873,14.861782071927,45.62533548040794,5.803811057434245,12.31213097155126,1.133923778851315,5.448201825013419,1.442565754159957,3.2877079978529253,0.3421900161030596,,,
146,9.842995169082126,14.834943639291465,45.430756843800324,5.790391841116479,12.31213097155126,1.133923778851315,5.448201825013419,1.442565754159957,3.421900161030596,0.3421900161030596,,,
147,9.88996242619431,14.714170692431562,45.370370370370374,5.790391841116479,12.99651100375738,1.133923778851315,4.898013955984971,1.442565754159957,3.421900161030596,0.3421900161030596,,,
148,10.104669887278583,14.687332259796028,45.32340311325819,5.770263016639828,12.942834138486312,1.133923778851315,4.830917874396135,1.442565754159957,3.421900161030596,0.3421900161030596,,,
149,10.11808910359635,14.687332259796028,45.3166935050993,5.770263016639828,12.942834138486312,1.133923778851315,4.830917874396135,1.442565754159957,3.4151905528717124,0.3421900161030596,,,
150,10.265700483091788,14.687332259796028,45.249597423510465,5.770263016639828,12.788513150831992,1.133923778851315,4.804079441760601,1.442565754159957,3.515834675254965,0.3421900161030596,,,
151,10.312667740203972,14.687332259796028,45.249597423510465,5.864197530864198,12.640901771336553,1.133923778851315,4.777241009125067,1.442565754159957,3.515834675254965,0.3421900161030596,,0.03354804079441761,
152,10.413311862587225,14.526301663982823,45.18250134192163,5.991680085882985,12.627482555018787,1.133923778851315,4.7638217928073,1.442565754159957,3.5426731078904994,0.3421900161030596,,0.03354804079441761,
153,10.44015029522276,14.418947933440688,44.94095544820183,6.273483628556092,12.620772946859903,1.133923778851315,4.7638217928073,1.442565754159957,3.589640365002684,0.3421900161030596,,0.03354804079441761,
154,10.540794417606012,14.170692431561998,44.91411701556629,6.072195383789587,12.580515297906603,1.133923778851315,4.7638217928073,1.8585614600107354,3.589640365002684,0.3421900161030596,,0.03354804079441761,
155,10.621309715512615,14.13714439076758,44.51154052603328,6.038647342995169,12.567096081588835,1.133923778851315,4.757112184648417,1.8585614600107354,3.9989264626945786,0.3421900161030596,,0.03354804079441761,
156,10.715244229736983,14.11701556629093,44.015029522275896,6.038647342995169,12.567096081588835,1.133923778851315,4.757112184648417,1.8585614600107354,4.394793344068707,0.36902844873859364,,0.03354804079441761,
157,10.929951690821255,14.103596349973161,43.88083735909823,6.038647342995169,12.4597423510467,1.1205045625335481,4.757112184648417,1.8317230273752012,4.4753086419753085,0.36902844873859364,,0.03354804079441761,
158,11.010466988727858,14.090177133655395,43.78690284487386,6.038647342995169,12.4597423510467,1.1205045625335481,4.723564143853999,1.8317230273752012,4.53569511540526,0.36902844873859364,,0.03354804079441761,
159,11.084272678475577,14.070048309178745,43.73322597960279,6.085614600107354,12.426194310252281,1.107085346215781,4.723564143853999,1.8317230273752012,4.53569511540526,0.36902844873859364,,0.03354804079441761,
160,11.144659151905529,14.070048309178745,43.73322597960279,6.085614600107354,12.399355877616747,1.107085346215781,4.7168545356951155,1.8317230273752012,4.508856682769726,0.36902844873859364,,0.03354804079441761,
161,11.218464841653248,14.009661835748792,43.572195383789584,6.078904991948471,12.385936661298981,1.1674718196457328,4.7168545356951155,1.7914653784219001,4.656468062265164,0.36902844873859364,,0.03354804079441761,
162,11.305689747718732,13.81508319914117,43.525228126677405,6.206387546967257,12.385936661298981,1.1674718196457328,4.7168545356951155,1.7914653784219001,4.690016103059581,0.36231884057971014,,0.03354804079441761,
163,11.480139559849706,13.788244766505636,43.43800322061192,6.146001073537305,12.359098228663447,1.0802469135802468,4.804079441760601,1.8518518518518519,4.656468062265164,0.36231884057971014,,0.03354804079441761,
164,11.52710681696189,13.788244766505636,43.41116478797638,6.146001073537305,12.359098228663447,1.0802469135802468,4.804079441760601,1.8518518518518519,4.636339237788513,0.36231884057971014,,0.03354804079441761,
165,11.694847020933977,13.761406333870102,43.20987654320987,6.152710681696189,12.332259796027913,1.0802469135802468,4.777241009125067,1.8518518518518519,4.74369296833065,0.36231884057971014,,0.03354804079441761,
166,11.721685453569512,13.761406333870102,42.90794417606012,6.078904991948471,12.305421363392378,1.1205045625335481,5.407944176060118,1.8183038110574343,4.4820182501341925,0.36231884057971014,,0.03354804079441761,
167,11.782071926999464,13.761406333870102,42.8743961352657,6.078904991948471,12.305421363392378,1.1205045625335481,5.407944176060118,1.8183038110574343,4.455179817498658,0.36231884057971014,,0.03354804079441761,
168,11.916264090177133,13.734567901234568,42.82071926999463,6.072195383789587,12.285292538915728,1.1205045625335481,5.381105743424584,1.8183038110574343,4.455179817498658,0.36231884057971014,,0.03354804079441761,
169,11.943102522812667,13.734567901234568,42.80059044551798,6.0587761674718195,12.177938808373591,1.2345679012345678,5.381105743424584,1.8183038110574343,4.455179817498658,0.36231884057971014,,0.03354804079441761,
170,12.037037037037036,13.694310252281268,42.76704240472356,6.0587761674718195,12.177938808373591,1.2345679012345678,5.360976918947934,1.8183038110574343,4.455179817498658,0.36231884057971014,,0.03354804079441761,
171,12.124261943102523,13.667471819645733,42.66639828234031,6.0587761674718195,12.177938808373591,1.2345679012345678,5.3274288781535155,1.8183038110574343,4.49543746645196,0.39586688137412773,,0.03354804079441761,
172,12.151100375738057,13.667471819645733,42.592592592592595,6.072195383789587,12.184648416532475,1.261406333870102,5.3274288781535155,1.8183038110574343,4.49543746645196,0.39586688137412773,,0.03354804079441761,
173,12.25174449812131,13.667471819645733,42.49194847020934,6.072195383789587,12.06387546967257,1.3016639828234031,5.3274288781535155,1.8183038110574343,4.575952764358561,0.39586688137412773,,0.03354804079441761,
174,12.379227053140097,13.66076221148685,42.1027911969941,6.072195383789587,12.06387546967257,1.3016639828234031,5.307300053676865,1.8115942028985508,4.871175523349437,0.39586688137412773,,0.03354804079441761,
175,12.318840579710145,13.177670424047236,42.09608158883521,6.649221685453569,12.037037037037036,1.3016639828234031,5.307300053676865,1.8115942028985508,4.871175523349437,0.39586688137412773,,0.03354804079441761,
176,12.31213097155126,13.16425120772947,40.371712292002144,6.622383252818035,13.828502415458937,1.3150831991411702,5.307300053676865,1.8115942028985508,4.8376274825550185,0.39586688137412773,,0.03354804079441761,
177,12.218196457326892,11.990069779924852,40.23081052066559,5.703166935050993,13.821792807300053,1.3150831991411702,5.307300053676865,4.0995705850778315,4.884594739667204,0.39586688137412773,,0.03354804079441761,
178,12.285292538915728,11.976650563607086,40.00939345142244,5.783682232957595,13.808373590982287,1.3150831991411702,5.24020397208803,4.0995705850778315,5.052334943639291,0.39586688137412773,,0.03354804079441761,
179,12.298711755233494,11.963231347289318,39.57326892109501,5.783682232957595,13.808373590982287,1.3150831991411702,5.24020397208803,4.0995705850778315,5.488459473966721,0.39586688137412773,,0.03354804079441761,
180,12.419484702093397,11.956521739130435,39.50617283950617,5.783682232957595,13.70101986044015,1.3150831991411702,5.24020397208803,4.166666666666667,5.481749865807837,0.39586688137412773,,0.03354804079441761,
181,12.493290391841116,11.956521739130435,39.18411164787977,6.031937734836285,13.70101986044015,1.3150831991411702,5.24020397208803,4.166666666666667,5.481749865807837,0.39586688137412773,,0.03354804079441761,
182,12.573805689747719,11.943102522812667,38.90230810520666,5.998389694041868,13.553408480944713,1.3150831991411702,5.4549114331723025,4.166666666666667,5.662909286097692,0.39586688137412773,,0.03354804079441761,
183,12.640901771336553,11.943102522812667,38.828502415458935,5.998389694041868,13.546698872785829,1.3150831991411702,5.441492216854535,4.139828234031133,5.689747718733226,0.39586688137412773,0.026838432635534086,0.03354804079441761,
184,12.620772946859903,11.902844873859367,38.38566827697262,6.139291465378422,13.513150831991412,1.328502415458937,5.864197530864198,4.126409017713366,5.662909286097692,0.39586688137412773,0.026838432635534086,0.03354804079441761,
185,12.392646269457863,11.43317230273752,38.35882984433709,5.984970477724101,14.593397745571659,1.328502415458937,5.703166935050993,4.0995705850778315,5.649490069779925,0.39586688137412773,0.026838432635534086,0.03354804079441761,
186,12.573805689747719,11.3593666129898,38.28502415458937,5.9514224369296835,14.579978529253891,1.3352120236178207,5.683038110574342,4.0995705850778315,5.642780461621041,0.39586688137412773,0.026838432635534086,0.06709608158883522,
187,12.68786902844874,11.29898013955985,38.17096081588835,7.051798174986581,13.553408480944713,1.3352120236178207,5.683038110574342,4.0995705850778315,5.629361245303274,0.39586688137412773,0.026838432635534086,0.06709608158883522,
188,12.808641975308642,11.29898013955985,38.0300590445518,7.051798174986581,13.419216317767042,1.3352120236178207,5.683038110574342,4.079441760601181,5.803811057434245,0.39586688137412773,0.026838432635534086,0.06709608158883522,
189,12.875738056897477,11.29898013955985,37.96296296296296,7.051798174986581,13.419216317767042,1.3352120236178207,5.683038110574342,4.079441760601181,5.803811057434245,0.39586688137412773,0.026838432635534086,0.06709608158883522,
190,12.895866881374127,11.272141706924316,37.7012882447665,7.25979602791197,13.419216317767042,1.3352120236178207,5.669618894256575,4.079441760601181,5.877616747181965,0.39586688137412773,0.026838432635534086,0.06709608158883522,
191,12.969672571121846,11.231884057971014,37.69457863660762,7.239667203435319,13.41250670960816,1.3352120236178207,5.669618894256575,4.079441760601181,5.877616747181965,0.39586688137412773,0.026838432635534086,0.06709608158883522,
192,13.003220611916264,11.225174449812132,37.69457863660762,7.219538378958669,13.41250670960816,1.3352120236178207,5.669618894256575,4.072732152442297,5.877616747181965,0.39586688137412773,0.026838432635534086,0.06709608158883522,
193,13.050187869028449,11.211755233494364,37.63419216317767,7.179280730005368,13.41250670960816,1.2815351583467525,5.776972624798712,4.045893719806763,5.917874396135265,0.39586688137412773,0.026838432635534086,0.06709608158883522,
194,13.117283950617283,11.198336017176597,37.61406333870102,7.1658615136876005,13.365539452495975,1.3083735909822867,5.776972624798712,4.045893719806763,5.917874396135265,0.39586688137412773,0.026838432635534086,0.06709608158883522,
195,12.5402576489533,10.426731078904991,39.89533011272142,6.380837359098229,13.345410628019323,1.3083735909822867,5.71658615136876,3.9184111647879765,5.9447128287707995,0.4294149221685454,0.026838432635534086,0.06709608158883522,
196,12.654320987654321,10.426731078904991,39.761137949543745,6.407675791733762,13.345410628019323,1.3083735909822867,5.71658615136876,3.9184111647879765,5.938003220611916,0.4294149221685454,0.026838432635534086,0.06709608158883522,
197,12.674449812130971,10.426731078904991,39.60010735373054,6.360708534621578,13.217928073000536,1.3083735909822867,5.703166935050993,4.086151368760064,6.105743424584004,0.4294149221685454,0.026838432635534086,0.06038647342995169,
198,12.640901771336553,10.258990874932904,39.58668813741278,6.360708534621578,13.217928073000536,1.2815351583467525,5.515297906602254,4.542404723564144,6.105743424584004,0.4025764895330113,0.026838432635534086,0.06038647342995169,
199,12.620772946859903,10.245571658615138,39.53301127214171,6.427804616210413,13.217928073000536,1.2815351583467525,5.501878690284487,4.575952764358561,6.105743424584004,0.4025764895330113,0.026838432635534086,0.06038647342995169,
200,12.446323134728932,10.21202361782072,37.42619431025228,6.394256575415996,13.41250670960816,1.2815351583467525,5.501878690284487,7.669082125603865,5.166398282340311,0.4025764895330113,0.026838432635534086,0.06038647342995169,
201,12.553676865271068,10.205314009661835,37.37251744498121,6.394256575415996,13.399087493290391,1.2815351583467525,5.501878690284487,7.581857219538379,5.166398282340311,0.4025764895330113,0.08051529790660225,0.06038647342995169,
202,12.587224906065487,10.19189479334407,37.37251744498121,6.394256575415996,13.378958668813741,1.2815351583467525,5.501878690284487,7.581857219538379,5.166398282340311,0.4025764895330113,0.08051529790660225,0.06038647342995169,
203,12.640901771336553,10.185185185185185,37.144390767579175,6.723027375201288,13.372249060654857,1.2412775093934514,5.46833064949007,7.5281803542673105,5.152979066022544,0.4025764895330113,0.08051529790660225,0.06038647342995169,
204,12.775093934514224,10.144927536231885,36.87600644122383,6.749865807836822,13.372249060654857,1.2412775093934514,5.4549114331723025,7.5281803542673105,5.314009661835748,0.4025764895330113,0.08051529790660225,0.06038647342995169,
