,45,50,54,55,51,56,53,60,52,57,58,59
0,100.0,,,,,,,,,,,
1,100.0,,,,,,,,,,,
2,96.32984433709072,3.670155662909286,,,,,,,,,,
3,93.31052066559313,6.689479334406871,,,,,,,,,,
4,93.1159420289855,6.790123456790123,0.0939345142243693,,,,,,,,,
5,93.05555555555556,6.850509930220075,0.0939345142243693,,,,,,,,,
6,88.41250670960815,11.58749329039184,,,,,,,,,,
7,88.41250670960815,11.58749329039184,,,,,,,,,,
8,88.26489533011272,11.735104669887278,,,,,,,,,,
9,88.31186258722491,11.688137412775093,,,,,,,,,,
10,88.33870101986044,11.66129898013956,,,,,,,,,,
11,88.2783145464305,11.721685453569512,,,,,,,,,,
12,88.3185721953838,11.634460547504025,,0.04696725711218465,,,,,,,,
13,85.82259796027913,14.130434782608695,,0.04696725711218465,,,,,,,,
14,85.73537305421364,14.217659688674182,,0.04696725711218465,,,,,,,,
15,34.43370907139023,65.42538915727322,0.14090177133655393,,,,,,,,,
16,34.82286634460547,65.03623188405797,0.14090177133655393,,,,,,,,,
17,34.876543209876544,64.9825550187869,0.14090177133655393,,,,,,,,,
18,33.964036500268385,65.8346752549651,0.14090177133655393,0.06038647342995169,,,,,,,,
19,34.004294149221685,55.73671497584541,0.14090177133655393,10.11808910359635,,,,,,,,
20,34.0378421900161,55.703166935050994,0.14090177133655393,10.11808910359635,,,,,,,,
21,31.629092860976918,53.50912506709608,4.38137412775094,10.198604401502953,0.28180354267310787,,,,,,,
22,31.749865807836823,52.482555018786904,4.374664519592056,11.11111111111111,0.28180354267310787,,,,,,,
23,30.52200751476114,53.71041331186259,4.374664519592056,11.11111111111111,0.28180354267310787,,,,,,,
24,30.495169082125603,50.44283413848631,4.361245303274289,14.130434782608695,0.5703166935050993,,,,,,,
25,30.730005367686527,49.8792270531401,4.361245303274289,14.459205582393988,0.5703166935050993,,,,,,,
26,30.9849704777241,49.644390767579175,4.361245303274289,14.439076757917338,0.5703166935050993,,,,,,,
27,31.092324208266238,49.43639291465379,4.361245303274289,14.53972088030059,0.5703166935050993,,,,,,,
28,31.15271068169619,48.53730542136339,4.361245303274289,15.378421900161031,0.5703166935050993,,,,,,,
29,31.21309715512614,48.490338164251206,4.3478260869565215,15.378421900161031,0.5703166935050993,,,,,,,
30,31.340579710144926,48.27563070316693,4.3478260869565215,15.465646806226516,0.5703166935050993,,,,,,,
31,31.49490069779925,48.268921095008054,4.26731078904992,15.398550724637682,0.5703166935050993,,,,,,,
32,31.5955448201825,48.23537305421363,4.26731078904992,15.331454643048845,0.5703166935050993,,,,,,,
33,31.64922168545357,48.07434245840043,4.253891572732153,15.45222758990875,0.5703166935050993,,,,,,,
34,31.655931293612454,48.067632850241544,4.253891572732153,15.45222758990875,0.5703166935050993,,,,,,,
35,31.743156199677937,47.84621578099839,4.17337627482555,15.666935050993022,0.5703166935050993,,,,,,,
36,31.749865807836823,47.80595813204509,4.146537842190016,15.640096618357488,0.5703166935050993,0.08722490606548577,,,,,,
37,31.78341384863124,47.396672034353195,4.146537842190016,16.015834675254965,0.5703166935050993,0.08722490606548577,,,,,,
38,31.87734836285561,47.25577026301664,4.146537842190016,16.015834675254965,0.6172839506172839,0.08722490606548577,,,,,,
39,30.307300053676865,45.75952764358561,4.146537842190016,19.129092860976918,0.5703166935050993,0.08722490606548577,,,,,,
40,30.407944176060116,45.65888352120236,4.146537842190016,19.129092860976918,0.5703166935050993,0.08722490606548577,,,,,,
41,30.461621041331185,45.6454643048846,4.146537842190016,19.088835212023618,0.5703166935050993,0.08722490606548577,,,,,,
42,30.441492216854535,43.69296833064949,0.4294149221685454,19.07541599570585,0.5703166935050993,,5.790391841116479,,,,,
43,30.50187869028449,43.63258185721954,0.4294149221685454,18.98148148148148,0.5703166935050993,,5.790391841116479,0.0939345142243693,,,,
44,30.54884594739667,43.45813204508857,1.133923778851315,18.4044551798175,0.5703166935050993,,5.790391841116479,0.0939345142243693,,,,
45,30.83064949006978,43.29039184111648,1.133923778851315,18.290391841116477,0.5703166935050993,,5.790391841116479,0.0939345142243693,,,,
46,31.00509930220075,43.21658615136876,1.133923778851315,18.189747718733226,0.5703166935050993,,5.790391841116479,0.0939345142243693,,,,
47,31.11916264090177,43.16961889425657,1.133923778851315,18.149490069779926,0.5568974771873323,,5.776972624798712,0.0939345142243693,,,,
48,30.595813204508858,41.55260332796565,1.093666129898014,17.96833064949007,0.5568974771873323,,5.776972624798712,0.0939345142243693,2.3617820719269993,,,
49,30.917874396135264,40.92860976918948,1.1808910359634996,17.183306494900698,0.5568974771873323,,7.286634460547504,0.17444981213097155,1.7713365539452497,,,
50,30.991680085882983,40.89506172839506,1.1808910359634996,17.143048845947398,0.5568974771873323,,7.286634460547504,0.17444981213097155,1.7713365539452497,,,
51,30.54213633923779,38.378958668813745,5.146269457863661,16.14331723027375,0.5568974771873323,,7.286634460547504,0.17444981213097155,1.7713365539452497,,,
52,30.629361245303276,37.956253354804076,5.146269457863661,16.14331723027375,0.8923778851315083,,7.286634460547504,0.17444981213097155,1.7713365539452497,,,
53,30.434782608695652,36.90955448201825,5.12614063338701,16.11647879763822,0.8923778851315083,,8.977455716586151,0.17444981213097155,1.3687600644122384,,,
54,30.649490069779926,36.808910359635,5.10601180891036,16.029253891572733,0.8923778851315083,,8.970746108427267,0.17444981213097155,1.3687600644122384,,,
55,30.615942028985508,36.77536231884058,5.10601180891036,16.015834675254965,0.8923778851315083,,8.970746108427267,0.17444981213097155,1.4492753623188406,,,
56,23.396403650026837,44.26999463231347,5.10601180891036,15.962157809983896,0.5434782608695652,,8.970746108427267,0.17444981213097155,1.4492753623188406,0.1274825550187869,,
57,23.027375201288244,44.67257112184648,5.10601180891036,15.92860976918948,0.5434782608695652,,8.970746108427267,0.17444981213097155,1.4492753623188406,0.1274825550187869,,
58,22.852925389157274,43.69967793880837,4.824208266237251,12.157809983896941,0.5434782608695652,,12.238325281803542,0.17444981213097155,3.3816425120772946,0.1274825550187869,,
59,23.047504025764894,43.605743424584006,4.790660225442834,12.110842726784755,0.5434782608695652,,12.238325281803542,0.16774020397208803,3.3682232957595275,0.1274825550187869,,
60,22.25577026301664,44.44444444444444,4.7638217928073,12.090713902308105,0.5434782608695652,,12.238325281803542,0.16774020397208803,3.3682232957595275,0.1274825550187869,,
61,22.383252818035427,44.26328502415459,4.757112184648417,12.151100375738057,0.5434782608695652,,11.976650563607086,0.16774020397208803,3.3682232957595275,0.1274825550187869,0.2616747181964573,
62,22.665056360708533,44.12909286097692,4.656468062265164,12.130971551261407,0.5300590445517982,,11.963231347289318,0.16774020397208803,3.3682232957595275,0.1274825550187869,0.2616747181964573,
63,22.5979602791197,44.0552871712292,4.656468062265164,12.27187332259796,0.5300590445517982,,11.963231347289318,0.16774020397208803,3.3682232957595275,0.1274825550187869,0.2616747181964573,
64,22.69189479334407,43.71980676328502,4.656468062265164,12.513419216317766,0.5300590445517982,,11.963231347289318,0.16774020397208803,3.3682232957595275,0.1274825550187869,0.2616747181964573,
65,22.779119699409556,43.646001073537306,4.656468062265164,12.5,0.5300590445517982,,11.963231347289318,0.16774020397208803,3.3682232957595275,0.1274825550187869,0.2616747181964573,
66,22.84621578099839,43.263553408480945,4.656468062265164,12.5,0.5300590445517982,,12.278582930756844,0.16774020397208803,3.3682232957595275,0.1274825550187869,0.2616747181964573,
67,20.813204508856682,40.33816425120773,4.656468062265164,11.842458400429415,0.5300590445517982,,12.278582930756844,0.16774020397208803,8.984165324745035,0.1274825550187869,0.2616747181964573,
68,20.8870101986044,40.11674718196457,4.85775630703167,11.822329575952764,0.5300590445517982,,12.245034889962426,0.16774020397208803,8.984165324745035,0.1274825550187869,0.2616747181964573,
69,20.92055823939882,40.09661835748792,4.85775630703167,11.822329575952764,0.5300590445517982,,12.23161567364466,0.16774020397208803,8.984165324745035,0.1274825550187869,0.2616747181964573,
70,20.974235104669887,40.06977992485239,4.85775630703167,11.808910359634996,0.5300590445517982,,12.218196457326892,0.16774020397208803,8.984165324745035,0.1274825550187869,0.2616747181964573,
71,21.007783145464305,40.03623188405797,4.85775630703167,11.808910359634996,0.5300590445517982,,12.218196457326892,0.16774020397208803,8.917069243156199,0.1274825550187869,0.32877079978529256,
72,20.73268921095008,39.78797638217928,4.85775630703167,11.808910359634996,0.5300590445517982,,12.218196457326892,0.16774020397208803,9.440418679549115,0.1274825550187869,0.32877079978529256,
73,20.840042941492218,39.70746108427268,4.85775630703167,11.808910359634996,0.5300590445517982,,12.204777241009126,0.16774020397208803,9.426999463231347,0.1274825550187869,0.32877079978529256,
74,21.095008051529792,39.53301127214171,4.810789049919484,11.58749329039184,0.5300590445517982,,12.177938808373591,0.16774020397208803,9.353193773483628,0.1274825550187869,0.32877079978529256,0.2885131508319914
75,21.162104133118625,39.472624798711756,4.804079441760601,11.58749329039184,0.5300590445517982,,12.177938808373591,0.16774020397208803,9.353193773483628,0.1274825550187869,0.32877079978529256,0.2885131508319914
76,21.423778851315085,39.472624798711756,4.750402576489533,11.426462694578637,0.5300590445517982,,12.077294685990339,0.16774020397208803,9.353193773483628,0.1274825550187869,0.3824476650563607,0.2885131508319914
77,21.564680622651636,39.38539989264627,4.750402576489533,11.426462694578637,0.5300590445517982,,12.077294685990339,0.16774020397208803,9.29951690821256,0.1274825550187869,0.3824476650563607,0.2885131508319914
78,21.651905528717123,39.331723027375205,4.750402576489533,11.41304347826087,0.5099302200751477,,12.077294685990339,0.16774020397208803,9.29951690821256,0.1274825550187869,0.3824476650563607,0.2885131508319914
79,21.591519055287172,39.13714439076758,5.112721417069243,11.372785829307569,0.5099302200751477,,12.010198604401502,0.16774020397208803,9.29951690821256,0.1274825550187869,0.3824476650563607,0.2885131508319914
80,21.443907675791735,38.38566827697262,5.10601180891036,12.325550187869029,0.5099302200751477,,11.976650563607086,0.16774020397208803,9.286097691894794,0.1274825550187869,0.3824476650563607,0.2885131508319914
81,21.68545356951154,38.16425120772947,4.824208266237251,12.47987117552335,0.5099302200751477,,11.956521739130435,0.16774020397208803,9.41358024691358,0.1274825550187869,0.3824476650563607,0.2885131508319914
82,21.940418679549115,37.96967257112185,4.790660225442834,12.446323134728932,0.4830917874396135,,11.956521739130435,0.16774020397208803,9.41358024691358,0.1274825550187869,0.3824476650563607,0.322061191626409
83,21.73913043478261,37.0907139023081,6.4345142243692965,11.956521739130435,0.4830917874396135,,11.922973698336017,0.16774020397208803,9.373322597960279,0.1274825550187869,0.3824476650563607,0.322061191626409
84,21.960547504025765,37.01690821256039,6.4345142243692965,11.83574879227053,0.4830917874396135,,11.896135265700483,0.16774020397208803,9.373322597960279,0.1274825550187869,0.3824476650563607,0.322061191626409
85,22.08132045088567,37.003488996242616,6.414385399892646,11.802200751476114,0.4830917874396135,,11.869296833064949,0.16774020397208803,9.346484165324744,0.1274825550187869,0.3824476650563607,0.322061191626409
86,22.17525496511004,36.93639291465379,6.414385399892646,11.77536231884058,0.4830917874396135,,11.869296833064949,0.16774020397208803,9.346484165324744,0.1274825550187869,0.3824476650563607,0.322061191626409
87,22.061191626409016,34.05126140633387,10.02415458937198,11.533816425120772,0.4830917874396135,,11.473429951690822,0.16774020397208803,9.346484165324744,0.1274825550187869,0.36231884057971014,0.36902844873859364
88,21.994095544820183,33.24610842726785,10.00402576489533,12.432903918411165,0.4830917874396135,,11.466720343531938,0.16774020397208803,9.346484165324744,0.1274825550187869,0.36231884057971014,0.36902844873859364
89,21.87332259796028,32.809983896940416,10.681696188942565,12.338969404186795,0.4562533548040794,,11.466720343531938,0.16774020397208803,9.346484165324744,0.1274825550187869,0.36231884057971014,0.36902844873859364
90,22.041062801932366,32.7361782071927,10.648148148148149,12.332259796027913,0.4562533548040794,,11.41304347826087,0.16774020397208803,9.346484165324744,0.1274825550187869,0.36231884057971014,0.36902844873859364
91,22.061191626409016,32.72275899087493,10.63472893183038,12.27187332259796,0.4562533548040794,,11.16478797638218,0.16774020397208803,9.346484165324744,0.1274825550187869,0.5971551261406334,0.4495437466451959
92,22.15512614063339,32.71604938271605,10.628019323671497,12.23161567364466,0.4562533548040794,,11.16478797638218,0.16774020397208803,9.306226516371444,0.1274825550187869,0.5971551261406334,0.4495437466451959
93,22.168545356951153,32.71604938271605,10.628019323671497,12.218196457326892,0.4562533548040794,,11.16478797638218,0.16774020397208803,9.306226516371444,0.1274825550187869,0.5971551261406334,0.4495437466451959
94,22.041062801932366,31.17283950617284,12.721417069243156,12.177938808373591,0.4562533548040794,,10.909822866344605,0.16774020397208803,9.205582393988191,0.1274825550187869,0.5703166935050993,0.4495437466451959
95,22.10144927536232,31.0252281266774,12.721417069243156,12.31213097155126,0.4562533548040794,,10.86285560923242,0.16774020397208803,9.205582393988191,0.1274825550187869,0.5703166935050993,0.4495437466451959
96,22.148416532474503,31.0252281266774,12.453032742887816,12.31213097155126,0.4562533548040794,,10.86285560923242,0.16774020397208803,9.158615136876007,0.1274825550187869,0.5703166935050993,0.7179280730005367
97,22.228931830381107,30.971551261406333,12.453032742887816,12.31213097155126,0.4562533548040794,,10.849436392914654,0.16774020397208803,9.145195920558239,0.1274825550187869,0.5703166935050993,0.7179280730005367
98,22.228931830381107,30.9447128287708,12.419484702093397,12.546967257112184,0.4562533548040794,,10.715244229736983,0.16774020397208803,8.964036500268385,0.2683843263553409,0.5703166935050993,0.7179280730005367
99,19.96779388083736,33.3870101986044,12.399355877616747,12.419484702093397,0.4562533548040794,,10.715244229736983,0.16774020397208803,8.930488459473967,0.2683843263553409,0.5703166935050993,0.7179280730005367
100,20.014761137949545,33.02469135802469,12.385936661298981,12.298711755233494,0.4562533548040794,,10.198604401502953,0.16774020397208803,9.426999463231347,0.7514761137949544,0.5703166935050993,0.7045088566827697
101,20.061728395061728,33.02469135802469,12.338969404186795,12.298711755233494,0.4562533548040794,,10.198604401502953,0.16774020397208803,9.426999463231347,0.7514761137949544,0.5703166935050993,0.7045088566827697
102,20.061728395061728,32.776435856146,12.338969404186795,12.345679012345679,0.4562533548040794,0.14090177133655393,10.379763821792807,0.16774020397208803,9.359903381642512,0.6977992485238862,0.5703166935050993,0.7045088566827697
103,18.813741277509394,30.50858829844337,12.607353730542137,12.439613526570048,5.22007514761138,0.14090177133655393,10.36634460547504,0.16774020397208803,7.763016639828234,0.6977992485238862,0.5703166935050993,0.7045088566827697
104,14.278046162104133,39.210950080515296,12.701288244766506,12.620772946859903,1.0064412238325282,0.14090177133655393,10.292538915727322,0.16774020397208803,7.608695652173913,0.6977992485238862,0.5703166935050993,0.7045088566827697
105,14.459205582393988,39.009661835748794,12.5402576489533,12.815351583467525,1.0064412238325282,0.14090177133655393,10.279119699409554,0.16774020397208803,7.608695652173913,0.6977992485238862,0.5703166935050993,0.7045088566827697
106,14.734299516908212,38.989533011272144,12.352388620504563,12.600644122383253,1.0064412238325282,0.14090177133655393,10.379763821792807,0.2683843263553409,7.581857219538379,0.6977992485238862,0.5434782608695652,0.7045088566827697
107,14.774557165861514,38.888888888888886,12.285292538915728,12.600644122383253,1.0064412238325282,0.14090177133655393,10.312667740203972,0.2683843263553409,7.581857219538379,0.8252818035426731,0.5434782608695652,0.7716049382716049
108,14.982555018786902,38.53327965646806,12.265163714439076,12.781803542673108,1.0064412238325282,0.1274825550187869,10.312667740203972,0.2683843263553409,7.581857219538379,0.8252818035426731,0.5434782608695652,0.7716049382716049
109,15.22410091250671,38.32528180354267,12.265163714439076,12.781803542673108,1.0064412238325282,0.1274825550187869,10.279119699409554,0.2683843263553409,7.581857219538379,0.8252818035426731,0.5434782608695652,0.7716049382716049
110,15.277777777777779,38.177670424047236,12.13768115942029,13.103864734299517,0.9796027911969941,0.1274825550187869,10.171765968867419,0.2683843263553409,7.50805152979066,0.9326355340848095,0.5434782608695652,0.7716049382716049
111,15.324745034889963,38.1508319914117,12.13768115942029,13.083735909822867,0.9796027911969941,0.1274825550187869,10.171765968867419,0.2683843263553409,7.50805152979066,0.9326355340848095,0.5434782608695652,0.7716049382716049
112,15.03623188405797,36.48684916800859,15.271068169618895,11.990069779924852,0.9796027911969941,0.1274825550187869,10.138217928073,0.2683843263553409,7.454374664519592,0.9326355340848095,0.5434782608695652,0.7716049382716049
113,15.297906602254429,36.44659151905529,15.116747181964573,11.54723564143854,0.9796027911969941,0.1274825550187869,10.044283413848632,0.2683843263553409,7.320182501341922,1.737788513150832,0.5434782608695652,0.5703166935050993
114,15.35829307568438,36.08427267847558,14.97584541062802,11.896135265700483,0.9796027911969941,0.1274825550187869,10.044283413848632,0.2683843263553409,7.320182501341922,1.737788513150832,0.5434782608695652,0.6642512077294686
115,15.331454643048845,35.990338164251206,14.868491680085883,11.882716049382717,0.9796027911969941,0.1274825550187869,10.044283413848632,0.2683843263553409,7.454374664519592,1.737788513150832,0.5434782608695652,0.7716049382716049
116,15.398550724637682,35.809178743961354,15.445517981749866,11.855877616747183,0.9796027911969941,0.1274825550187869,9.494095544820183,0.2683843263553409,7.454374664519592,1.737788513150832,0.6575415995705851,0.7716049382716049
117,15.049651100375739,34.07809983896941,15.351583467525497,11.855877616747183,0.7514761137949544,0.1274825550187869,12.426194310252281,0.2683843263553409,6.9243156199677935,1.737788513150832,0.6575415995705851,0.7716049382716049
118,15.143585614600108,34.03113258185722,15.324745034889963,11.855877616747183,0.7514761137949544,0.1274825550187869,12.406065485775631,0.2683843263553409,6.9243156199677935,1.737788513150832,0.6575415995705851,0.7716049382716049
119,15.432098765432098,33.9170692431562,15.26435856146001,11.822329575952764,0.7514761137949544,0.1274825550187869,12.352388620504563,0.2683843263553409,6.910896403650026,1.737788513150832,0.6575415995705851,0.7581857219538379
120,15.022812667740205,34.534353193773484,15.183843263553408,11.708266237251744,0.7514761137949544,0.1274825550187869,12.345679012345679,0.2683843263553409,6.910896403650026,1.7310789049919484,0.6575415995705851,0.7581857219538379
121,15.022812667740205,34.52093397745572,14.962426194310252,11.748523886205046,0.7514761137949544,0.1274825550187869,12.238325281803542,0.2683843263553409,6.910896403650026,1.9659151905528718,0.7246376811594203,0.7581857219538379
122,14.31159420289855,32.729468599033815,17.384594739667204,10.648148148148149,0.7514761137949544,0.1274825550187869,12.97638217928073,0.2683843263553409,7.353730542136339,1.9659151905528718,0.7246376811594203,0.7581857219538379
123,14.412238325281804,32.57514761137949,17.344337090713903,10.775630703166936,0.7514761137949544,0.1274825550187869,12.962962962962964,0.2683843263553409,7.333601717659689,1.9659151905528718,0.7246376811594203,0.7581857219538379
124,14.398819108964037,32.47450348899624,16.626409017713364,11.54723564143854,0.7380568974771873,0.1274825550187869,12.962962962962964,0.2683843263553409,7.300053676865271,2.1940418679549114,0.7246376811594203,0.6374127750939346
125,14.546430488459475,32.427536231884055,16.57944176060118,11.54723564143854,0.6910896403650026,0.1274825550187869,12.962962962962964,0.2683843263553409,7.2933440687063875,2.1940418679549114,0.7246376811594203,0.6374127750939346
126,14.533011272141707,31.95115405260333,16.002415458937197,11.305689747718732,0.6910896403650026,0.24154589371980675,12.962962962962964,0.2683843263553409,8.011272141706923,2.1940418679549114,0.8722490606548577,0.966183574879227
127,14.61352657004831,31.95115405260333,15.982286634460548,11.292270531400966,0.6910896403650026,0.24154589371980675,12.962962962962964,0.2683843263553409,7.971014492753623,2.1940418679549114,0.8722490606548577,0.9594739667203436
128,14.667203435319378,31.93773483628556,15.975577026301664,11.2788513150832,0.6910896403650026,0.24154589371980675,12.942834138486312,0.2683843263553409,7.971014492753623,2.1940418679549114,0.8722490606548577,0.9594739667203436
129,14.895330112721417,31.729736983360173,16.10305958132045,11.16478797638218,0.6910896403650026,0.24154589371980675,12.942834138486312,0.2683843263553409,7.937466451959206,2.1940418679549114,0.8722490606548577,0.9594739667203436
130,15.063070316693505,31.662640901771336,16.009125067096083,11.16478797638218,0.6910896403650026,0.24154589371980675,12.942834138486312,0.2683843263553409,7.930756843800322,2.1940418679549114,0.8722490606548577,0.9594739667203436
131,15.042941492216855,31.662640901771336,15.794417606011809,11.16478797638218,0.6910896403650026,0.24154589371980675,12.942834138486312,0.2683843263553409,7.930756843800322,2.1940418679549114,1.0332796564680622,1.0332796564680622
132,15.069779924852389,31.488191089640367,16.069511540526033,11.07085346215781,0.6910896403650026,0.24154589371980675,12.93612453032743,0.2683843263553409,7.9039184111647875,2.1940418679549114,1.0332796564680622,1.0332796564680622
133,15.190552871712292,31.488191089640367,16.002415458937197,11.07085346215781,0.6910896403650026,0.24154589371980675,12.902576489533011,0.2683843263553409,7.9039184111647875,2.1940418679549114,1.0265700483091786,1.0198604401502953
134,15.411969940955448,31.387546967257112,15.935319377348362,11.064143853998926,0.6910896403650026,0.24154589371980675,12.902576489533011,0.2683843263553409,7.856951154052603,2.1940418679549114,1.0265700483091786,1.0198604401502953
135,15.713902308105206,31.260064412238325,15.868223295759528,11.010466988727858,0.6910896403650026,0.24154589371980675,12.902576489533011,0.2683843263553409,7.816693505099302,2.1940418679549114,1.0131508319914118,1.0198604401502953
136,15.801127214170693,31.01851851851852,16.19699409554482,10.849436392914654,0.6910896403650026,0.24154589371980675,12.889157273215245,0.2683843263553409,7.816693505099302,2.1940418679549114,1.0131508319914118,1.0198604401502953
137,15.874932903918411,30.9849704777241,16.170155662909288,10.836017176596886,0.6910896403650026,0.24154589371980675,12.889157273215245,0.2683843263553409,7.816693505099302,2.1940418679549114,1.0131508319914118,1.0198604401502953
138,15.807836822329575,30.763553408480945,16.264090177133657,10.836017176596886,0.6910896403650026,0.24154589371980675,12.86231884057971,0.2683843263553409,8.051529790660226,2.1806226516371443,1.0131508319914118,1.0198604401502953
139,15.861513687600644,30.743424584004295,16.243961352657006,10.836017176596886,0.6910896403650026,0.24154589371980675,12.86231884057971,0.2683843263553409,8.038110574342458,2.1806226516371443,1.0131508319914118,1.0198604401502953
140,13.499731615673644,26.140633387010197,15.5126140633387,10.104669887278583,14.27133655394525,0.24154589371980675,10.701825013419215,0.2683843263553409,5.280461621041331,2.0933977455716586,1.0131508319914118,0.8722490606548577
141,13.66076221148685,26.01315083199141,15.4723564143854,10.178475577026301,14.264626945786366,0.24154589371980675,10.701825013419215,0.2683843263553409,5.280461621041331,2.033011272141707,1.0131508319914118,0.8722490606548577
142,13.318572195383789,26.462694578636608,15.411969940955448,10.171765968867419,14.13714439076758,0.36902844873859364,10.661567364465915,0.2683843263553409,5.280461621041331,2.033011272141707,1.0131508319914118,0.8722490606548577
143,13.352120236178207,26.442565754159958,15.411969940955448,10.158346752549651,14.13714439076758,0.36902844873859364,10.607890499194847,0.2683843263553409,5.280461621041331,2.033011272141707,1.06682769726248,0.8722490606548577
144,12.795222758990874,24.798711755233494,18.370907139023082,9.601449275362318,14.130434782608695,0.36902844873859364,10.601180891035963,0.19457863660762212,5.280461621041331,2.033011272141707,0.95276435856146,0.8722490606548577
145,12.795222758990874,24.496779388083738,18.370907139023082,9.822866344605474,14.130434782608695,0.36902844873859364,10.695115405260333,0.19457863660762212,5.267042404723564,2.033011272141707,0.95276435856146,0.8722490606548577
146,12.99651100375738,24.335748792270532,18.357487922705314,9.822866344605474,14.130434782608695,0.36902844873859364,10.668276972624799,0.19457863660762212,5.267042404723564,2.033011272141707,0.95276435856146,0.8722490606548577
147,13.298443370907139,24.302200751476114,18.344068706387546,9.769189479334408,14.049919484702093,0.36902844873859364,10.641438539989265,0.19457863660762212,5.22007514761138,1.9860440150295222,0.95276435856146,0.8722490606548577
148,13.285024154589372,23.49704777241009,19.51154052603328,9.71551261406334,14.04320987654321,0.36902844873859364,10.373054213633925,0.19457863660762212,5.2066559312936125,1.9860440150295222,0.9460547504025765,0.8722490606548577
149,13.345410628019323,23.450080515297905,19.51154052603328,9.702093397745571,14.04320987654321,0.36902844873859364,10.373054213633925,0.19457863660762212,5.2066559312936125,1.9860440150295222,0.9460547504025765,0.8722490606548577
150,13.446054750402576,23.349436392914654,19.49812130971551,9.789318303811058,13.976113794954374,0.43612453032742887,10.185185185185185,0.19457863660762212,5.2066559312936125,1.9860440150295222,1.0601180891035964,0.8722490606548577
151,13.593666129898015,23.349436392914654,19.310252281266774,9.789318303811058,12.573805689747719,0.43612453032742887,11.52710681696189,0.19457863660762212,5.2066559312936125,1.9860440150295222,1.0601180891035964,0.9728931830381106
152,13.754696725711218,23.329307568438004,19.310252281266774,9.728931830381105,12.553676865271068,0.43612453032742887,11.480139559849706,0.19457863660762212,5.193236714975845,1.9860440150295222,1.0601180891035964,0.9728931830381106
153,13.674181427804616,22.020933977455716,19.276704240472355,9.728931830381105,12.446323134728932,0.43612453032742887,11.480139559849706,0.19457863660762212,6.723027375201288,1.9860440150295222,1.0601180891035964,0.9728931830381106
154,13.761406333870102,22.014224369296834,19.256575415995705,9.702093397745571,12.278582930756844,0.5703166935050993,11.480139559849706,0.19457863660762212,6.723027375201288,1.9860440150295222,1.0601180891035964,0.9728931830381106
155,13.841921631776705,21.994095544820183,19.196188942565755,9.702093397745571,12.278582930756844,0.5703166935050993,11.480139559849706,0.19457863660762212,6.723027375201288,1.9860440150295222,1.0601180891035964,0.9728931830381106
156,13.922436929683306,21.994095544820183,19.155931293612454,9.66183574879227,12.278582930756844,0.5703166935050993,11.480139559849706,0.19457863660762212,6.723027375201288,1.9860440150295222,1.0601180891035964,0.9728931830381106
157,13.996242619431026,21.967257112184647,19.155931293612454,9.628287707997853,12.265163714439076,0.5703166935050993,11.345947396672035,0.19457863660762212,6.723027375201288,1.9860440150295222,1.1943102522812667,0.9728931830381106
158,13.989533011272142,21.967257112184647,19.189479334406872,9.46725711218465,12.265163714439076,0.5703166935050993,11.345947396672035,0.19457863660762212,6.723027375201288,1.9860440150295222,1.1943102522812667,1.107085346215781
159,14.076757917337627,21.886741814278047,19.236446591519055,9.433709071390231,12.171229200214707,0.6575415995705851,11.345947396672035,0.19457863660762212,6.709608158883521,1.9860440150295222,1.1943102522812667,1.107085346215781
160,14.184111647879764,21.826355340848096,19.16935050993022,9.520933977455716,12.144390767579173,0.6575415995705851,11.345947396672035,0.19457863660762212,6.602254428341385,1.9860440150295222,1.1943102522812667,1.1741814278046163
161,14.351851851851851,21.67874396135266,19.256575415995705,9.473966720343531,12.144390767579173,0.6575415995705851,11.285560923242082,0.19457863660762212,6.602254428341385,1.9860440150295222,1.1943102522812667,1.1741814278046163
162,14.412238325281804,21.537842190016104,19.35721953837896,9.453837895866881,12.144390767579173,0.6575415995705851,11.285560923242082,0.19457863660762212,6.602254428341385,1.9860440150295222,1.1943102522812667,1.1741814278046163
163,14.197530864197532,20.974235104669887,19.30354267310789,9.453837895866881,11.788781535158346,0.5032206119162641,12.634192163177671,0.19457863660762212,6.602254428341385,1.9860440150295222,1.1943102522812667,1.1674718196457328
164,14.42565754159957,20.947396672034355,19.14922168545357,9.433709071390231,11.829039184111648,0.5032206119162641,12.567096081588835,0.19457863660762212,6.602254428341385,1.9860440150295222,1.1943102522812667,1.1674718196457328
165,13.633923778851315,20.303274288781534,21.886741814278047,9.433709071390231,11.829039184111648,0.43612453032742887,11.453301127214171,0.19457863660762212,6.575415995705851,1.9860440150295222,1.1003757380568975,1.1674718196457328
166,13.707729468599034,20.28985507246377,21.712292002147073,9.433709071390231,11.829039184111648,0.6105743424584005,11.439881910896403,0.19457863660762212,6.528448738593666,1.9860440150295222,1.1003757380568975,1.1674718196457328
167,13.768115942028986,20.263016639828233,21.517713365539453,9.426999463231347,11.829039184111648,0.6105743424584005,11.426462694578637,0.19457863660762212,6.528448738593666,1.9860440150295222,1.288244766505636,1.1607622114868492
168,13.83521202361782,20.242887815351583,21.517713365539453,9.420289855072463,11.829039184111648,0.6105743424584005,11.426462694578637,0.19457863660762212,6.508319914117015,1.9860440150295222,1.288244766505636,1.1406333870101986
169,13.868760064412239,20.229468599033815,21.517713365539453,9.420289855072463,11.829039184111648,0.6105743424584005,11.426462694578637,0.19457863660762212,6.488191089640365,1.9860440150295222,1.288244766505636,1.1406333870101986
170,13.875469672571121,20.229468599033815,21.39694041867955,9.420289855072463,11.81561996779388,0.7783145464304885,11.386205045625335,0.19457863660762212,6.488191089640365,1.9860440150295222,1.288244766505636,1.1406333870101986
171,13.935856146001074,20.209339774557165,21.39694041867955,9.39345142243693,11.802200751476114,0.7783145464304885,11.386205045625335,0.19457863660762212,6.488191089640365,1.9860440150295222,1.288244766505636,1.1406333870101986
172,14.103596349973161,20.209339774557165,21.370101986044016,9.39345142243693,11.802200751476114,0.7783145464304885,11.345947396672035,0.19457863660762212,6.387546967257112,1.9860440150295222,1.288244766505636,1.1406333870101986
173,14.06333870101986,19.961084272678477,21.370101986044016,8.789586688137414,11.701556629092861,0.6508319914117016,12.406065485775631,0.19457863660762212,6.461352657004831,1.9726247987117553,1.288244766505636,1.1406333870101986
174,14.224369296833064,19.80005367686527,21.36339237788513,8.789586688137414,11.634460547504025,0.6508319914117016,12.526838432635534,0.19457863660762212,6.427804616210413,1.9592055823939882,1.288244766505636,1.1406333870101986
175,14.257917337627482,19.79334406870639,21.316425120772948,8.789586688137414,11.627750939345143,0.6508319914117016,12.52012882447665,0.19457863660762212,6.427804616210413,1.9592055823939882,1.288244766505636,1.1741814278046163
176,14.492753623188406,19.679280730005367,21.26945786366076,8.789586688137414,11.600912506709609,0.6508319914117016,12.513419216317766,0.19457863660762212,6.427804616210413,1.9592055823939882,1.247987117552335,1.1741814278046163
177,14.479334406870638,19.726247987117553,21.26945786366076,8.68894256575416,11.600912506709609,0.6508319914117016,12.580515297906603,0.19457863660762212,6.427804616210413,1.9592055823939882,1.247987117552335,1.1741814278046163
178,14.553140096618357,19.692699946323135,21.235909822866343,8.68894256575416,11.594202898550725,0.6508319914117016,12.580515297906603,0.19457863660762212,6.427804616210413,1.9592055823939882,1.247987117552335,1.1741814278046163
179,14.65378421900161,19.685990338164252,21.22249060654858,8.68894256575416,11.574074074074074,0.6508319914117016,12.546967257112184,0.19457863660762212,6.400966183574879,1.9592055823939882,1.247987117552335,1.1741814278046163
180,14.720880300590446,19.685990338164252,21.20907139023081,8.675523349436393,11.574074074074074,0.644122383252818,12.533548040794418,0.19457863660762212,6.380837359098229,1.9592055823939882,1.247987117552335,1.1741814278046163
181,14.9020397208803,19.49812130971551,21.20907139023081,8.756038647342995,11.540526033279656,0.644122383252818,12.506709608158884,0.19457863660762212,6.380837359098229,1.9592055823939882,1.2345679012345678,1.1741814278046163
182,15.08990874932904,19.35721953837896,21.18894256575416,8.742619431025227,11.540526033279656,0.644122383252818,12.493290391841116,0.19457863660762212,6.380837359098229,1.9592055823939882,1.2345679012345678,1.1741814278046163
183,15.257648953301127,19.330381105743424,21.141975308641975,8.702361782071927,11.513687600644122,0.644122383252818,12.466451959205582,0.19457863660762212,6.380837359098229,1.9592055823939882,1.2345679012345678,1.1741814278046163
184,15.344873859366613,19.316961889425656,20.967525496511005,8.702361782071927,11.513687600644122,0.644122383252818,12.426194310252281,0.19457863660762212,6.374127750939345,2.0397208803005906,1.2345679012345678,1.2412775093934514
185,15.391841116478798,19.30354267310789,20.86688137412775,8.702361782071927,11.513687600644122,0.7783145464304885,12.365807836822329,0.19457863660762212,6.374127750939345,2.033011272141707,1.2345679012345678,1.2412775093934514
186,15.573000536768653,19.290123456790123,20.719269994632313,8.68894256575416,11.506977992485238,0.7783145464304885,12.285292538915728,0.19457863660762212,6.374127750939345,2.033011272141707,1.3150831991411702,1.2412775093934514
187,15.499194847020934,18.276972624798713,22.356414385399894,8.68894256575416,10.983628556092324,0.7783145464304885,12.332259796027913,0.19457863660762212,6.347289318303811,1.9860440150295222,1.3150831991411702,1.2412775093934514
188,15.713902308105206,18.256843800322063,22.20209339774557,8.68894256575416,10.983628556092324,0.7783145464304885,12.29200214707461,0.19457863660762212,6.347289318303811,1.9860440150295222,1.3150831991411702,1.2412775093934514
189,15.868223295759528,18.23671497584541,22.12157809983897,8.568169618894256,10.950080515297907,0.7783145464304885,12.439613526570048,0.19457863660762212,6.347289318303811,1.9860440150295222,1.3150831991411702,1.1943102522812667
190,16.015834675254965,18.21658615136876,22.094739667203434,8.467525496511003,10.950080515297907,0.7783145464304885,12.439613526570048,0.19457863660762212,6.347289318303811,1.9860440150295222,1.3150831991411702,1.1943102522812667
191,16.25067096081589,18.183038110574344,22.074610842726784,8.447396672034353,10.869565217391305,0.7783145464304885,12.412775093934513,0.19457863660762212,6.293612453032743,1.9860440150295222,1.3150831991411702,1.1943102522812667
192,16.478797638217927,18.169618894256576,22.007514761137948,8.440687063875469,10.84272678475577,0.7783145464304885,12.359098228663447,0.19457863660762212,6.233225979602791,1.9860440150295222,1.3150831991411702,1.1943102522812667
193,16.57944176060118,18.156199677938808,21.994095544820183,8.407139023081053,10.84272678475577,0.7783145464304885,12.318840579710145,0.19457863660762212,6.233225979602791,1.9860440150295222,1.3150831991411702,1.1943102522812667
194,16.680085882984432,18.115942028985508,21.973966720343533,8.407139023081053,10.836017176596886,0.7783145464304885,12.224906065485776,0.19457863660762212,6.226516371443908,2.0531400966183573,1.3150831991411702,1.1943102522812667
195,16.720343531937736,18.095813204508858,21.960547504025765,8.360171765968868,10.809178743961352,0.7783145464304885,12.224906065485776,0.19457863660762212,6.213097155126141,2.1604938271604937,1.3150831991411702,1.1674718196457328
196,16.71363392377885,18.08239398819109,21.93370907139023,8.360171765968868,10.674986580783683,0.9930220075147611,12.191358024691358,0.19457863660762212,6.213097155126141,2.1604938271604937,1.3150831991411702,1.1674718196457328
197,16.874664519592056,18.02200751476114,21.91358024691358,8.340042941492216,10.674986580783683,0.9930220075147611,12.184648416532475,0.19457863660762212,6.159420289855072,2.1604938271604937,1.3150831991411702,1.1674718196457328
198,17.028985507246375,17.98845947396672,21.91358024691358,8.340042941492216,10.607890499194847,0.9930220075147611,12.164519592055823,0.19457863660762212,6.125872249060655,2.1604938271604937,1.3150831991411702,1.1674718196457328
199,17.20343531937735,17.961621041331185,21.87332259796028,8.340042941492216,10.581052066559312,0.9930220075147611,12.130971551261407,0.19457863660762212,6.099033816425121,2.15378421900161,1.3150831991411702,1.1540526033279657
200,17.3040794417606,17.934782608695652,21.87332259796028,8.340042941492216,10.547504025764896,0.9930220075147611,12.104133118625873,0.19457863660762212,6.085614600107354,2.15378421900161,1.3150831991411702,1.1540526033279657
201,17.2638217928073,17.934782608695652,21.846484165324746,8.340042941492216,10.413311862587225,1.1272141706924315,12.077294685990339,0.19457863660762212,6.052066559312936,2.281266774020397,1.3150831991411702,1.1540526033279657
202,17.257112184648417,17.934782608695652,21.846484165324746,8.427267847557703,10.285829307568438,1.261406333870102,12.104133118625873,0.19457863660762212,6.052066559312936,2.167203435319377,1.3150831991411702,1.1540526033279657
203,17.47181964573269,17.8743961352657,21.76596886741814,8.427267847557703,10.258990874932904,1.261406333870102,12.117552334943639,0.19457863660762212,5.998389694041868,2.1604938271604937,1.3150831991411702,1.1540526033279657
204,17.518786902844873,17.807300053676865,21.73913043478261,8.521202361782072,10.258990874932904,1.261406333870102,12.104133118625873,0.19457863660762212,5.998389694041868,2.1403650026838434,1.3016639828234031,1.1540526033279657
205,17.579173376274827,17.807300053676865,21.70558239398819,8.521202361782072,10.258990874932904,1.261406333870102,12.104133118625873,0.19457863660762212,5.971551261406334,2.1403650026838434,1.3016639828234031,1.1540526033279657
206,17.60601180891036,17.807300053676865,22.25577026301664,8.521202361782072,9.903381642512077,1.261406333870102,11.896135265700483,0.19457863660762212,5.971551261406334,2.1269457863660763,1.3016639828234031,1.1540526033279657
207,17.632850241545892,17.807300053676865,22.23564143853999,8.521202361782072,9.896672034353195,1.261406333870102,11.896135265700483,0.19457863660762212,5.971551261406334,2.1269457863660763,1.3016639828234031,1.1540526033279657
208,17.76033279656468,17.70665593129361,22.23564143853999,8.521202361782072,9.896672034353195,1.261406333870102,11.896135265700483,0.19457863660762212,5.9447128287707995,2.1269457863660763,1.3016639828234031,1.1540526033279657
209,17.98845947396672,17.52549651100376,22.20209339774557,8.521202361782072,9.896672034353195,1.261406333870102,11.896135265700483,0.19457863660762212,5.9447128287707995,2.15378421900161,1.261406333870102,1.1540526033279657
210,18.08239398819109,17.52549651100376,22.20209339774557,8.521202361782072,9.836285560923242,1.2546967257112185,11.869296833064949,0.19457863660762212,5.9447128287707995,2.15378421900161,1.261406333870102,1.1540526033279657
