,45,50,51,53,52,54,56,55,58,57
0,91.29763821792807,8.702361782071927,,,,,,,,
1,64.6604938271605,27.636876006441224,4.341116478797638,3.361513687600644,,,,,,
2,50.46967257112185,40.324745034889965,4.341116478797638,3.361513687600644,1.5029522275899088,,,,,
3,39.68733225979603,40.747450348899626,14.76784755770263,3.361513687600644,1.4358561460010735,,,,,
4,39.720880300590444,40.72061191626409,14.761137949543746,3.361513687600644,1.4358561460010735,,,,,
5,37.01690821256039,42.11621041331186,14.761137949543746,3.361513687600644,1.4358561460010735,1.3083735909822867,,,,
6,37.07058507783145,42.0625335480408,14.761137949543746,3.361513687600644,1.4358561460010735,1.3083735909822867,,,,
7,32.648953301127214,31.427804616210413,33.25952764358561,1.8719806763285025,,0.7917337627482555,,,,
8,32.82340311325819,31.32716049382716,33.1857219538379,1.8719806763285025,,0.7917337627482555,,,,
9,32.407407407407405,29.736983360171767,36.47342995169082,0.5904455179817498,,0.7917337627482555,,,,
10,32.48121309715513,29.69001610305958,36.44659151905529,0.5904455179817498,,0.7917337627482555,,,,
11,31.394256575415994,28.73725174449812,31.790123456790123,7.286634460547504,,0.7917337627482555,,,,
12,30.159688674181428,29.012345679012345,31.38083735909823,8.655394524959743,,0.7917337627482555,,,,
13,21.35668276972625,31.85721953837896,37.3389694041868,8.655394524959743,,0.7917337627482555,,,,
14,20.699141170155663,30.401234567901234,38.95598497047772,9.151905528717123,,0.7917337627482555,,,,
15,11.81561996779388,13.781535158346752,62.23161567364466,11.010466988727858,,1.1607622114868492,,,,
16,11.896135265700483,13.747987117552334,50.919216317767045,10.876274825550189,11.265432098765432,1.1607622114868492,0.13419216317767044,,,
17,9.75577026301664,13.7211486849168,53.42860976918948,9.138486312399356,12.661030595813205,1.1607622114868492,0.13419216317767044,,,
18,7.742887815351583,11.621041331186259,57.427536231884055,9.138486312399356,12.634192163177671,1.1607622114868492,0.13419216317767044,0.14090177133655393,,
19,7.078636607622115,11.084272678475577,58.843263553408484,8.923778851315083,12.634192163177671,1.1607622114868492,0.13419216317767044,0.14090177133655393,,
20,5.803811057434245,33.85668276972625,38.33199141170156,0.15432098765432098,20.148953301127214,1.1607622114868492,0.13419216317767044,0.4092860976918948,,
21,5.857487922705314,33.85668276972625,37.90257648953301,0.15432098765432098,20.148953301127214,1.1607622114868492,0.13419216317767044,0.785024154589372,,
22,5.991680085882985,33.7962962962963,37.43961352657005,0.15432098765432098,20.014761137949545,1.1607622114868492,0.13419216317767044,1.3083735909822867,,
23,5.683038110574342,27.073268921095007,34.5276435856146,4.139828234031133,26.308373590982285,1.1607622114868492,0.13419216317767044,0.9728931830381106,,
24,5.018786902844874,20.658883521202362,42.860976918947934,1.9592055823939882,25.83870101986044,0.46967257112184646,2.2208803005904456,0.9728931830381106,,
25,5.119431025228127,19.83360171765969,42.19672571121846,1.8786902844873858,25.811862587224905,1.3217928073000538,2.6033279656468062,1.2345679012345678,,
26,5.059044551798175,19.598765432098766,39.87520128824477,10.373054213633925,19.672571121846484,1.3150831991411702,2.368491680085883,1.737788513150832,,
27,5.045625335480408,11.922973698336017,42.3845947396672,8.742619431025227,19.565217391304348,1.3150831991411702,2.1135265700483092,8.125335480407944,0.785024154589372,
28,5.10601180891036,11.902844873859367,42.36446591519055,8.742619431025227,19.545088566827697,1.3150831991411702,2.1135265700483092,8.125335480407944,0.785024154589372,
29,5.367686527106817,9.997316156736447,39.92216854535695,11.352657004830919,19.236446591519055,3.750670960815888,2.3483628556092326,7.689210950080516,0.33548040794417605,
30,5.5689747718733225,9.950348899624261,39.841653247450346,11.345947396672035,19.16935050993022,3.750670960815888,2.3483628556092326,7.689210950080516,0.33548040794417605,
31,4.320987654320987,9.192163177670425,43.525228126677405,11.057434245840042,19.209608158883523,2.4355877616747184,2.2342995169082127,7.689210950080516,0.33548040794417605,
32,4.314278046162104,9.192163177670425,40.59983896940419,11.392914653784219,20.967525496511005,2.2208803005904456,2.2208803005904456,8.756038647342995,0.33548040794417605,
33,1.3955984970477724,7.39398819108964,40.98899624261943,10.077831454643048,25.617283950617285,4.736983360171766,0.9930220075147611,8.460815888352121,0.33548040794417605,
34,1.724369296833065,7.387278582930757,40.163714439076756,10.205314009661835,25.228126677402038,5.501878690284487,0.9930220075147611,8.460815888352121,0.33548040794417605,
35,1.8317230273752012,7.273215244229737,44.176060118089104,9.822866344605474,21.611647879763822,5.501878690284487,0.9930220075147611,8.454106280193237,0.33548040794417605,
36,1.892109500805153,7.273215244229737,43.552066559312934,9.822866344605474,21.598228663446054,6.099033816425121,0.9728931830381106,8.454106280193237,0.33548040794417605,
37,1.9189479334406871,7.219538378958669,40.24422973698336,9.822866344605474,24.93961352657005,6.099033816425121,0.9728931830381106,8.447396672034353,0.33548040794417605,
38,2.2410091250670963,4.03918411164788,42.86768652710682,9.346484165324744,29.240472356414386,5.676328502415459,2.1135265700483092,4.435050993022007,0.040257648953301126,
39,2.4221685453569513,4.03918411164788,39.418947933440684,9.326355340848094,32.52818035426731,5.676328502415459,2.1135265700483092,4.435050993022007,0.040257648953301126,
40,2.368491680085883,4.03918411164788,43.90096618357488,9.326355340848094,28.26086956521739,5.555555555555555,2.100107353730542,4.408212560386473,0.040257648953301126,
41,2.3483628556092326,3.166935050993022,42.914653784219,8.896940418679549,31.608964036500268,5.025496511003757,2.100107353730542,3.898282340311326,0.040257648953301126,
42,2.6167471819645733,3.166935050993022,42.77375201288245,8.876811594202898,31.548577563070317,4.978529253891573,2.100107353730542,3.898282340311326,0.040257648953301126,
43,2.2611379495437465,3.166935050993022,44.00831991411702,8.568169618894256,31.50161030595813,4.931561996779388,1.6237251744498122,3.898282340311326,0.040257648953301126,
44,2.703972088030059,3.1199677938808374,43.914385399892645,8.427267847557703,31.4747718733226,4.804079441760601,1.6170155662909287,3.898282340311326,0.040257648953301126,
45,2.9790660225442833,2.9924852388620504,42.96833064949007,8.353462157809984,32.588566827697264,4.804079441760601,1.6170155662909287,3.656736446591519,0.040257648953301126,
46,2.898550724637681,2.9924852388620504,42.33762748255502,8.3467525496511,33.662104133118625,4.804079441760601,1.6170155662909287,3.3011272141706924,0.040257648953301126,
47,2.8113258185721954,2.9388083735909825,47.38325281803543,7.588566827697263,29.696725711218466,4.676596886741814,1.5901771336553945,3.2742887815351582,0.040257648953301126,
48,2.4557165861513686,2.9052603327965647,51.630434782608695,6.769994632313473,29.408212560386474,2.804616210413312,0.7112184648416533,3.2742887815351582,0.040257648953301126,
49,2.254428341384863,2.522812667740204,48.64465915190553,6.769994632313473,31.99812130971551,3.784219001610306,0.7112184648416533,3.2742887815351582,0.040257648953301126,
50,2.7509393451422435,2.4691358024691357,48.007246376811594,6.763285024154589,31.99812130971551,3.784219001610306,0.6910896403650026,3.4957058507783145,0.040257648953301126,
51,2.9790660225442833,2.4691358024691357,47.80595813204509,6.763285024154589,31.97128287707998,3.784219001610306,0.6910896403650026,3.4957058507783145,0.040257648953301126,
52,3.2139023081052067,2.4691358024691357,51.409017713365536,6.085614600107354,29.314278046162105,3.3011272141706924,0.6709608158883521,3.4957058507783145,0.040257648953301126,
53,3.361513687600644,2.4691358024691357,51.301663982823406,6.085614600107354,29.28743961352657,3.2877079978529253,0.6709608158883521,3.4957058507783145,0.040257648953301126,
54,2.3617820719269993,1.5499194847020934,60.14492753623188,3.7573805689747717,25.167740203972087,3.361513687600644,0.6709608158883521,2.945517981749866,0.040257648953301126,
55,2.49597423510467,1.5499194847020934,57.10547504025765,3.7573805689747717,28.60305958132045,2.8381642512077296,0.6642512077294686,2.945517981749866,0.040257648953301126,
56,2.6972624798711755,1.5499194847020934,57.00483091787439,3.6902844873859366,28.569511540526033,2.8381642512077296,0.6642512077294686,2.945517981749866,0.040257648953301126,
57,2.737520128824477,1.5499194847020934,50.19457863660762,10.762211486849168,27.68384326355341,3.4420289855072466,0.6642512077294686,2.9253891572732154,0.040257648953301126,
58,2.7979066022544283,1.5499194847020934,49.85909822866345,10.742082662372518,27.68384326355341,3.4420289855072466,0.9594739667203436,2.9253891572732154,0.040257648953301126,
59,2.6838432635534084,1.5499194847020934,46.34997316156736,5.448201825013419,35.57434245840043,3.4420289855072466,0.9594739667203436,3.9519592055823938,0.040257648953301126,
60,2.737520128824477,1.5499194847020934,46.323134728931834,5.448201825013419,35.547504025764894,3.4420289855072466,0.9594739667203436,3.9519592055823938,0.040257648953301126,
61,2.7308105206655933,1.5499194847020934,46.2962962962963,5.448201825013419,34.38003220611916,4.133118625872249,0.9594739667203436,4.461889425657541,0.040257648953301126,
62,2.7777777777777777,1.5499194847020934,46.23590982286635,6.407675791733762,33.09849704777241,4.468599033816425,0.9594739667203436,4.461889425657541,0.040257648953301126,
63,2.314814814814815,0.46967257112184646,53.73054213633924,6.374127750939345,29.361245303274288,4.106280193236715,0.38915727321524424,3.2139023081052067,0.040257648953301126,
64,2.3215244229736984,0.46967257112184646,54.36795491143317,8.427267847557703,26.979334406870638,4.139828234031133,1.1808910359634996,2.073268921095008,0.040257648953301126,
65,2.3752012882447664,0.46967257112184646,54.2337627482555,8.413848631239935,25.825281803542673,4.139828234031133,1.1808910359634996,2.059849704777241,0.040257648953301126,1.261406333870102
66,2.5966183574879227,0.46967257112184646,49.20826623725174,8.064949006977992,30.387815351583466,5.6964573268921095,1.1003757380568975,2.1940418679549114,0.040257648953301126,0.24154589371980675
67,2.677133655394525,0.46967257112184646,49.18142780461621,8.064949006977992,30.099302200751477,5.676328502415459,1.3553408480944713,2.1940418679549114,0.040257648953301126,0.24154589371980675
68,2.7844873859366612,0.46967257112184646,48.718464841653244,8.051529790660226,29.97181964573269,5.656199677938808,1.3553408480944713,2.7106816961889426,0.040257648953301126,0.24154589371980675
69,3.1065485775630703,0.46967257112184646,48.530595813204506,8.044820182501342,29.891304347826086,5.642780461621041,1.3553408480944713,2.677133655394525,0.040257648953301126,0.24154589371980675
70,3.2206119162640903,0.46967257112184646,48.36285560923242,8.044820182501342,29.280730005367687,5.642780461621041,1.3553408480944713,3.3413848631239937,0.040257648953301126,0.24154589371980675
71,3.2206119162640903,0.46967257112184646,47.57783145464305,8.024691358024691,29.958400429414922,6.085614600107354,1.3553408480944713,3.026033279656468,0.040257648953301126,0.24154589371980675
72,3.2139023081052067,0.46967257112184646,49.57729468599034,8.024691358024691,28.052871712292003,6.072195383789587,1.3419216317767042,3.026033279656468,0.040257648953301126,0.18115942028985507
73,3.2139023081052067,0.46967257112184646,51.368760064412236,8.011272141706923,25.831991411701555,6.072195383789587,1.9994632313472893,2.9723564143853998,0.040257648953301126,0.020128824476650563
74,3.33467525496511,0.46967257112184646,51.268115942028984,8.011272141706923,25.811862587224905,6.072195383789587,1.9994632313472893,2.9723564143853998,0.040257648953301126,0.020128824476650563
75,3.2340311325818574,0.040257648953301126,52.583199141170155,7.447665056360709,26.308373590982285,5.743424584004294,1.482823403113258,3.099838969404187,0.040257648953301126,0.020128824476650563
76,3.421900161030596,0.040257648953301126,52.542941492216855,7.447665056360709,26.234567901234566,5.709876543209877,1.4626945786366077,3.079710144927536,0.040257648953301126,0.020128824476650563
77,3.6500268384326353,0.040257648953301126,52.43558776167472,7.447665056360709,26.1808910359635,5.642780461621041,1.4626945786366077,3.079710144927536,0.040257648953301126,0.020128824476650563
78,3.4822866344605474,0.040257648953301126,50.395866881374126,6.790123456790123,30.01207729468599,4.696725711218465,1.4626945786366077,3.0595813204508855,0.040257648953301126,0.020128824476650563
79,4.025764895330113,0.040257648953301126,49.85909822866345,6.582125603864735,29.884594739667204,5.025496511003757,1.4626945786366077,3.0595813204508855,0.040257648953301126,0.020128824476650563
80,4.086151368760064,0.040257648953301126,49.422973698336016,7.139023081052066,29.736983360171767,4.99194847020934,1.4626945786366077,3.0595813204508855,0.040257648953301126,0.020128824476650563
81,3.878153515834675,0.040257648953301126,51.78475577026302,6.66935050993022,27.79790660225443,5.562265163714439,1.1674718196457328,3.0394524959742353,0.040257648953301126,0.020128824476650563
82,4.374664519592056,0.040257648953301126,51.72436929683307,6.635802469135802,27.395330112721417,5.562265163714439,1.1674718196457328,3.0394524959742353,0.040257648953301126,0.020128824476650563
83,4.327697262479871,0.040257648953301126,49.5101986044015,9.460547504025765,27.220880300590444,5.193236714975845,1.1674718196457328,3.0394524959742353,0.040257648953301126,
84,4.502147074610843,0.040257648953301126,45.16237251744498,11.305689747718732,29.57595276435856,5.166398282340311,1.1674718196457328,3.0394524959742353,0.040257648953301126,
85,4.555823939881911,0.040257648953301126,44.0955448201825,10.581052066559312,31.48148148148148,5.166398282340311,1.1674718196457328,2.871712292002147,0.040257648953301126,
86,4.790660225442834,0.040257648953301126,43.994900697799245,10.581052066559312,31.44122383252818,5.072463768115942,1.1674718196457328,2.871712292002147,0.040257648953301126,
87,4.884594739667204,0.040257648953301126,43.947933440687066,10.93666129898014,31.273483628556093,4.8443370907139025,1.1674718196457328,2.8650026838432634,0.040257648953301126,
88,4.924852388620504,0.040257648953301126,43.887546967257116,10.909822866344605,31.132581857219538,4.8443370907139025,1.3553408480944713,2.8650026838432634,0.040257648953301126,
89,5.0791733762748255,0.040257648953301126,43.887546967257116,10.903113258185721,30.9849704777241,4.8443370907139025,1.3553408480944713,2.8650026838432634,0.040257648953301126,
90,5.24020397208803,0.040257648953301126,43.874127750939344,10.903113258185721,30.837359098228664,4.8443370907139025,1.3553408480944713,2.8650026838432634,0.040257648953301126,
91,5.3274288781535155,0.040257648953301126,43.592324208266234,10.695115405260333,30.750134192163177,4.8443370907139025,1.3553408480944713,3.3548040794417604,0.040257648953301126,
92,5.448201825013419,0.040257648953301126,43.53864734299517,10.695115405260333,30.73671497584541,4.790660225442834,1.3553408480944713,3.3548040794417604,0.040257648953301126,
93,5.475040257648954,0.040257648953301126,43.33064949006978,11.929683306494901,29.354535695115406,4.790660225442834,1.3553408480944713,3.683574879227053,0.040257648953301126,
94,5.481749865807837,0.040257648953301126,43.612453032742884,11.030595813204508,27.81803542673108,6.629092860976919,1.3553408480944713,3.992216854535695,0.040257648953301126,
95,5.401234567901234,0.040257648953301126,46.03462157809984,8.648684916800859,28.073000536768653,6.273483628556092,1.3553408480944713,4.133118625872249,0.040257648953301126,
96,4.851046698872786,0.040257648953301126,45.02818035426731,10.446859903381643,29.891304347826086,4.213633923778851,1.3553408480944713,4.133118625872249,0.040257648953301126,
97,5.092592592592593,0.040257648953301126,44.920826623725176,10.446859903381643,29.8040794417606,4.166666666666667,1.3553408480944713,4.133118625872249,0.040257648953301126,
98,4.7638217928073,0.040257648953301126,44.02173913043478,10.446859903381643,31.394256575415994,4.166666666666667,1.5096618357487923,3.616478797638218,0.040257648953301126,
99,4.74369296833065,0.040257648953301126,50.966183574879224,8.561460010735374,26.89210950080515,3.69699409554482,1.5096618357487923,3.549382716049383,0.040257648953301126,
100,4.770531400966184,0.040257648953301126,50.966183574879224,8.541331186258722,26.88539989264627,3.69699409554482,1.5096618357487923,3.549382716049383,0.040257648953301126,
101,4.918142780461621,0.040257648953301126,49.503488996242616,8.541331186258722,27.811325818572197,3.589640365002684,1.9659151905528718,3.3682232957595275,0.040257648953301126,0.2214170692431562
102,5.065754159957058,0.040257648953301126,49.35587761674718,8.541331186258722,27.811325818572197,3.589640365002684,1.9659151905528718,3.3682232957595275,0.040257648953301126,0.2214170692431562
103,5.092592592592593,0.040257648953301126,46.71900161030596,11.191626409017713,27.78448738593666,3.589640365002684,1.9659151905528718,3.3548040794417604,0.040257648953301126,0.2214170692431562
104,5.60252281266774,0.040257648953301126,46.69216317767042,11.030595813204508,27.569779924852387,3.589640365002684,1.9659151905528718,3.2474503488996245,0.040257648953301126,0.2214170692431562
105,5.629361245303274,0.040257648953301126,46.69216317767042,11.030595813204508,27.542941492216855,3.589640365002684,1.9659151905528718,3.2474503488996245,0.040257648953301126,0.2214170692431562
106,5.837359098228664,0.040257648953301126,45.900429414922165,11.030595813204508,27.542941492216855,3.5829307568438002,2.5831991411701556,3.2206119162640903,0.040257648953301126,0.2214170692431562
107,4.736983360171766,0.040257648953301126,56.46135265700483,10.34621578099839,19.33709071390231,3.5292538915727323,2.5563607085346214,2.7308105206655933,0.040257648953301126,0.2214170692431562
108,4.74369296833065,0.040257648953301126,55.55555555555556,10.34621578099839,19.182769726247987,4.582662372517445,2.5563607085346214,2.7308105206655933,0.040257648953301126,0.2214170692431562
109,4.797369833601718,0.040257648953301126,55.501878690284485,10.34621578099839,19.182769726247987,4.582662372517445,2.5563607085346214,2.7308105206655933,0.040257648953301126,0.2214170692431562
110,4.851046698872786,0.040257648953301126,55.475040257648956,10.34621578099839,19.182769726247987,4.582662372517445,2.5295222758990876,2.7308105206655933,0.040257648953301126,0.2214170692431562
111,5.589103596349974,0.040257648953301126,55.32742887815352,10.34621578099839,19.182769726247987,4.233762748255502,2.2879763821792807,2.7308105206655933,0.040257648953301126,0.2214170692431562
112,5.743424584004294,0.040257648953301126,53.193773483628554,11.936392914653783,18.927804616210413,4.38137412775094,2.24771873322598,3.2675791733762747,0.040257648953301126,0.2214170692431562
113,5.770263016639828,0.040257648953301126,53.0126140633387,11.81561996779388,18.86070853462158,4.3545356951154055,2.24771873322598,3.6366076221148687,0.040257648953301126,0.2214170692431562
114,5.857487922705314,0.040257648953301126,52.925389157273216,11.81561996779388,18.86070853462158,4.3545356951154055,2.24771873322598,3.6366076221148687,0.040257648953301126,0.2214170692431562
115,5.8239398819108965,0.040257648953301126,50.54347826086956,11.81561996779388,18.753354804079443,4.3545356951154055,2.563070316693505,5.844068706387547,0.040257648953301126,0.2214170692431562
116,5.857487922705314,0.040257648953301126,50.2012882447665,11.81561996779388,18.753354804079443,4.3545356951154055,2.871712292002147,5.844068706387547,0.040257648953301126,0.2214170692431562
117,5.884326355340848,0.040257648953301126,50.1610305958132,12.104133118625873,18.337359098228664,4.3545356951154055,3.012614063338701,5.844068706387547,0.040257648953301126,0.2214170692431562
118,6.615673644659152,0.040257648953301126,49.65780998389694,12.077294685990339,18.23671497584541,4.3478260869565215,3.012614063338701,5.750134192163178,0.040257648953301126,0.2214170692431562
119,6.662640901771336,0.040257648953301126,49.6309715512614,12.06387546967257,18.230005367686527,4.3478260869565215,3.012614063338701,5.750134192163178,0.040257648953301126,0.2214170692431562
120,6.608964036500268,0.040257648953301126,48.812399355877616,11.553945249597424,18.19645732689211,4.3478260869565215,3.012614063338701,7.1658615136876005,0.040257648953301126,0.2214170692431562
121,6.66935050993022,0.040257648953301126,48.75872249060655,11.553945249597424,18.189747718733226,4.3478260869565215,3.012614063338701,7.1658615136876005,0.040257648953301126,0.2214170692431562
122,6.8035426731078905,0.040257648953301126,48.68491680085883,11.392914653784219,18.136070853462158,4.582662372517445,3.012614063338701,7.14573268921095,0.040257648953301126,0.1610305958132045
123,5.971551261406334,0.040257648953301126,52.75093934514224,10.768921095008052,16.57944176060118,3.878153515834675,2.6972624798711755,7.112184648416532,0.040257648953301126,0.1610305958132045
124,6.018518518518518,0.040257648953301126,52.72410091250671,10.768921095008052,16.57944176060118,3.8580246913580245,2.6972624798711755,7.112184648416532,0.040257648953301126,0.1610305958132045
125,6.132581857219538,0.040257648953301126,52.14707461084273,10.68840579710145,16.53918411164788,3.8378958668813743,3.0327428878153517,7.380568974771873,0.040257648953301126,0.1610305958132045
126,6.152710681696189,0.040257648953301126,51.27482555018787,10.68840579710145,17.324208266237253,3.502415458937198,2.965646806226516,7.85024154589372,0.040257648953301126,0.1610305958132045
127,6.3070316693505095,0.040257648953301126,51.12721417069243,10.681696188942565,17.324208266237253,3.502415458937198,2.965646806226516,7.85024154589372,0.040257648953301126,0.1610305958132045
128,6.454643048845948,0.040257648953301126,50.986312399355874,10.681696188942565,17.14975845410628,3.502415458937198,2.9119699409554483,8.071658615136876,0.040257648953301126,0.1610305958132045
129,6.702898550724638,0.040257648953301126,50.905797101449274,10.674986580783683,17.08937198067633,3.502415458937198,2.8381642512077296,8.044820182501342,0.040257648953301126,0.1610305958132045
130,6.763285024154589,0.040257648953301126,50.87224906065486,10.674986580783683,17.062533548040793,3.502415458937198,2.8381642512077296,8.044820182501342,0.040257648953301126,0.1610305958132045
131,6.649221685453569,0.040257648953301126,49.745034889962426,11.916264090177133,17.062533548040793,3.502415458937198,2.8381642512077296,8.044820182501342,0.040257648953301126,0.1610305958132045
132,6.749865807836822,0.040257648953301126,48.8191089640365,11.714975845410628,16.982018250134193,3.502415458937198,2.8381642512077296,9.151905528717123,0.040257648953301126,0.1610305958132045
133,5.964841653247451,0.040257648953301126,51.590177133655395,11.708266237251744,15.827965646806227,2.965646806226516,2.703972088030059,8.997584541062801,0.040257648953301126,0.1610305958132045
134,6.052066559312936,0.040257648953301126,51.529790660225444,11.708266237251744,15.821256038647343,2.965646806226516,2.703972088030059,8.977455716586151,0.040257648953301126,0.1610305958132045
135,6.132581857219538,0.040257648953301126,51.51637144390767,11.708266237251744,15.754159957058508,2.965646806226516,2.703972088030059,8.977455716586151,0.040257648953301126,0.1610305958132045
136,6.696188942565755,0.040257648953301126,51.37546967257112,11.708266237251744,15.613258185721953,2.965646806226516,2.6435856146001075,8.756038647342995,0.040257648953301126,0.1610305958132045
137,6.769994632313473,0.040257648953301126,52.13365539452496,11.386205045625335,15.445517981749866,2.965646806226516,2.6435856146001075,8.413848631239935,0.040257648953301126,0.1610305958132045
138,6.816961889425658,0.040257648953301126,52.08668813741278,11.386205045625335,15.445517981749866,2.965646806226516,2.6435856146001075,8.413848631239935,0.040257648953301126,0.1610305958132045
139,6.850509930220075,0.040257648953301126,52.06655931293612,11.386205045625335,15.432098765432098,2.965646806226516,2.6435856146001075,8.413848631239935,0.040257648953301126,0.1610305958132045
140,6.843800322061192,0.040257648953301126,51.851851851851855,11.386205045625335,16.1231884057971,2.965646806226516,2.6435856146001075,7.944176060118089,0.040257648953301126,0.1610305958132045
141,6.790123456790123,0.040257648953301126,51.07353730542136,12.68786902844874,15.754159957058508,2.965646806226516,2.6435856146001075,7.843531937734836,0.040257648953301126,0.1610305958132045
142,6.568706387546968,,49.75845410628019,9.896672034353195,16.1231884057971,7.461084272678476,2.509393451422437,7.501341921631776,0.040257648953301126,0.14090177133655393
143,6.629092860976919,,49.745034889962426,9.896672034353195,16.10305958132045,7.440955448201825,2.509393451422437,7.494632313472893,0.040257648953301126,0.14090177133655393
144,6.575415995705851,,49.382716049382715,9.896672034353195,16.284219001610307,7.87037037037037,2.509393451422437,7.300053676865271,0.040257648953301126,0.14090177133655393
145,6.649221685453569,,49.308910359635,9.896672034353195,16.284219001610307,7.87037037037037,2.509393451422437,7.300053676865271,0.040257648953301126,0.14090177133655393
146,6.166129898013956,,54.07944176060118,8.80300590445518,15.935319377348362,5.756843800322061,2.509393451422437,6.749865807836822,,
147,6.454643048845948,,52.542941492216855,10.21202361782072,15.935319377348362,5.615942028985507,2.509393451422437,6.729736983360172,,
148,6.541867954911433,,52.47584541062802,10.198604401502953,15.92860976918948,5.615942028985507,2.509393451422437,6.729736983360172,,
149,6.286902844873859,,58.923778851315085,9.151905528717123,15.203972088030058,3.435319377348363,2.509393451422437,4.488727858293076,,
150,6.360708534621578,,58.923778851315085,9.151905528717123,15.13016639828234,3.435319377348363,2.509393451422437,4.488727858293076,,
151,6.360708534621578,,52.01959205582394,9.104938271604938,20.82662372517445,4.656468062265164,2.328234031132582,4.703435319377348,,
152,6.582125603864735,,51.871980676328505,9.104938271604938,20.779656468062264,4.62962962962963,2.328234031132582,4.703435319377348,,
153,6.649221685453569,,51.80488459473967,9.104938271604938,20.779656468062264,4.62962962962963,2.328234031132582,4.703435319377348,,
154,6.957863660762212,,51.1406333870102,9.024422973698336,20.665593129361245,4.62962962962963,2.328234031132582,5.253623188405797,,
155,7.011540526033279,,51.12050456253355,9.024422973698336,20.632045088566827,4.62962962962963,2.328234031132582,5.253623188405797,,
156,7.071926999463232,,48.95330112721417,8.943907675791733,22.86634460547504,4.448470209339774,2.2611379495437465,5.4549114331723025,,
157,7.340311325818572,,48.8996242619431,8.749329039184111,22.84621578099839,4.448470209339774,2.2611379495437465,5.4549114331723025,,
158,7.742887815351583,,48.711755233494365,8.742619431025227,22.638217928073,4.448470209339774,2.2611379495437465,5.4549114331723025,,
159,7.823403113258186,,48.611111111111114,9.232420826623725,22.21551261406334,4.40150295222759,2.2611379495437465,5.4549114331723025,,
160,8.031400966183575,,47.18196457326892,9.232420826623725,22.114868491680085,5.723295759527644,2.2611379495437465,5.4549114331723025,,
161,8.111916264090176,,47.128287707997856,9.219001610305957,22.10144927536232,5.723295759527644,2.2611379495437465,5.4549114331723025,,
162,8.13875469672571,,47.114868491680085,9.219001610305957,22.10144927536232,5.723295759527644,2.2611379495437465,5.441492216854535,,
163,8.199141170155663,,47.114868491680085,9.219001610305957,22.041062801932366,5.723295759527644,2.2611379495437465,5.441492216854535,,
164,8.360171765968868,,46.77938808373591,10.124798711755233,21.578099838969404,5.917874396135265,1.8719806763285025,5.367686527106817,,
165,8.53462157809984,,46.73913043478261,10.0979602791197,21.484165324745035,5.917874396135265,1.8585614600107354,5.367686527106817,,
166,8.695652173913043,,46.65861513687601,10.071121846484166,21.470746108427267,5.917874396135265,1.8518518518518519,5.3341384863123995,,
167,8.57487922705314,,49.986580783682236,8.789586688137414,21.081588835212024,5.891035963499732,1.8518518518518519,3.824476650563607,,
168,8.601717659688674,,49.986580783682236,8.789586688137414,21.054750402576488,5.891035963499732,1.8518518518518519,3.824476650563607,,
169,8.99087493290392,,49.4699409554482,9.25925925925926,21.007783145464305,5.662909286097692,1.7847557702630166,3.824476650563607,,
170,8.729200214707461,,47.148416532474506,8.903650026838433,23.711755233494365,5.662909286097692,2.1403650026838434,3.7037037037037037,,
171,8.863392377885132,,47.134997316156735,8.903650026838433,23.59098228663446,5.662909286097692,2.1403650026838434,3.7037037037037037,,
172,8.319914117015566,,44.276704240472355,7.682501341921632,28.864734299516908,6.427804616210413,1.5767579173376274,2.8515834675254963,,
173,8.32662372517445,,44.115673644659154,7.669082125603865,28.804347826086957,6.427804616210413,1.5767579173376274,3.079710144927536,,
174,8.494363929146537,,44.02173913043478,7.6623725174449815,28.804347826086957,6.427804616210413,1.5767579173376274,3.012614063338701,,
175,8.601717659688674,,43.98148148148148,8.024691358024691,28.428609769189478,6.374127750939345,1.5767579173376274,3.012614063338701,,
176,8.454106280193237,,42.619431025228124,9.534353193773484,28.428609769189478,6.374127750939345,1.5767579173376274,3.012614063338701,,
177,8.541331186258722,,42.58588298443371,9.50751476113795,28.401771336553946,6.374127750939345,1.5767579173376274,3.012614063338701,,
178,8.165593129361245,,45.00805152979066,8.709071390230811,27.84487385936661,6.266774020397209,1.4492753623188406,2.5563607085346214,,
179,8.232689210950081,,44.96779388083736,8.709071390230811,27.81803542673108,6.266774020397209,1.4492753623188406,2.5563607085346214,,
180,8.3467525496511,,44.93424584004294,8.648684916800859,27.79790660225443,6.266774020397209,1.4492753623188406,2.5563607085346214,,
181,8.648684916800859,,44.34380032206119,8.628556092324208,27.78448738593666,6.266774020397209,1.7713365539452497,2.5563607085346214,,
182,8.749329039184111,,44.30354267310789,8.621846484165324,27.730810520665592,6.266774020397209,1.7713365539452497,2.5563607085346214,,
183,8.836553945249598,,43.90096618357488,9.346484165324744,27.469135802469136,5.984970477724101,2.006172839506173,2.4557165861513686,,
184,8.943907675791733,,43.86741814278046,9.312936124530328,27.469135802469136,5.9447128287707995,2.006172839506173,2.4557165861513686,,
185,9.359903381642512,,43.572195383789584,8.299785292538916,28.37493290391841,5.8239398819108965,2.1135265700483092,2.4557165861513686,,
186,9.426999463231347,,40.92860976918948,9.205582393988191,30.857487922705314,5.018786902844874,2.1068169618894257,2.4557165861513686,,
187,8.910359634997317,12.808641975308642,37.40606548577563,8.11862587224906,24.664519592055825,4.045893719806763,1.778046162104133,2.26784755770263,,
188,8.890230810520666,12.808641975308642,37.265163714439076,8.11862587224906,24.516908212560388,4.025764895330113,1.778046162104133,2.5966183574879227,,
189,8.93719806763285,12.808641975308642,37.23161567364466,8.11862587224906,24.510198604401502,4.025764895330113,1.778046162104133,2.589908749329039,,
190,9.017713365539452,12.788513150831992,37.184648416532475,8.11862587224906,24.510198604401502,4.025764895330113,1.7646269457863661,2.589908749329039,,
191,8.76274825550188,12.761674718196458,37.88244766505636,8.07836822329576,24.154589371980677,4.005636070853462,1.7646269457863661,2.589908749329039,,
192,8.80300590445518,12.761674718196458,37.084004294149224,9.359903381642512,23.443370907139023,4.193505099302201,1.7646269457863661,2.589908749329039,,
193,8.789586688137414,12.761674718196458,37.084004294149224,9.359903381642512,23.181696188942567,4.468599033816425,1.7646269457863661,2.589908749329039,,
194,8.950617283950617,12.761674718196458,36.94981213097155,9.359903381642512,23.181696188942567,4.441760601180891,1.7646269457863661,2.589908749329039,,
195,8.984165324745035,12.754965110037574,36.922973698336016,9.359903381642512,23.181696188942567,4.441760601180891,1.7646269457863661,2.589908749329039,,
196,9.111647879763822,12.754965110037574,36.83574879227053,9.359903381642512,23.141438539989263,4.441760601180891,1.7646269457863661,2.589908749329039,,
197,9.252549651100376,12.754965110037574,36.7686527106817,9.359903381642512,23.101180891035963,4.408212560386473,1.7646269457863661,2.589908749329039,,
198,9.453837895866881,12.754965110037574,36.70826623725174,9.252549651100376,23.067632850241544,4.408212560386473,1.7646269457863661,2.589908749329039,,
199,9.5276435856146,12.754965110037574,36.70155662909286,9.219001610305957,23.067632850241544,4.374664519592056,1.7646269457863661,2.589908749329039,,
200,9.594739667203436,12.714707461084272,36.70155662909286,9.192163177670425,23.067632850241544,4.374664519592056,1.7646269457863661,2.589908749329039,,
201,9.688674181427805,12.714707461084272,36.65458937198068,9.178743961352657,23.047504025764894,4.374664519592056,1.7646269457863661,2.576489533011272,,
202,10.071121846484166,12.674449812130971,36.35265700483092,9.178743961352657,23.020665593129362,4.374664519592056,1.7646269457863661,2.563070316693505,,
203,10.171765968867419,12.667740203972087,35.990338164251206,9.178743961352657,22.933440687063875,4.374664519592056,1.7646269457863661,2.918679549114332,,
204,10.245571658615138,12.620772946859903,35.98362855609233,9.131776704240472,22.82608695652174,4.508856682769726,1.7646269457863661,2.918679549114332,,
205,10.487117552334944,12.620772946859903,35.88298443370907,9.131776704240472,22.745571658615138,4.4753086419753085,1.737788513150832,2.918679549114332,,
206,10.628019323671497,12.084004294149223,35.829307568438004,9.131776704240472,22.65834675254965,4.4753086419753085,1.737788513150832,3.455448201825013,,
207,10.654857756307031,12.057165861513688,35.45356951154053,8.722490606548577,23.10789049919485,4.414922168545357,1.8317230273752012,3.7573805689747717,,
208,10.7085346215781,12.057165861513688,35.40660225442834,8.722490606548577,23.101180891035963,4.414922168545357,1.8317230273752012,3.7573805689747717,,
209,10.742082662372518,11.802200751476114,35.40660225442834,8.722490606548577,23.101180891035963,4.414922168545357,1.8317230273752012,3.978797638217928,,
210,10.836017176596886,11.802200751476114,35.37305421363392,8.722490606548577,23.101180891035963,4.3545356951154055,1.8317230273752012,3.978797638217928,,
211,10.869565217391305,11.802200751476114,35.34621578099839,8.722490606548577,23.09447128287708,4.3545356951154055,1.8317230273752012,3.978797638217928,,
212,10.923242082662373,11.788781535158346,35.30595813204509,8.722490606548577,23.09447128287708,4.3545356951154055,1.8317230273752012,3.978797638217928,,
213,10.983628556092324,11.788781535158346,35.245571658615134,8.722490606548577,23.09447128287708,4.3545356951154055,1.8317230273752012,3.978797638217928,,
214,10.809178743961352,11.77536231884058,35.14492753623188,10.030864197530864,21.846484165324746,4.643048845947397,1.8317230273752012,3.9184111647879765,,
215,10.983628556092324,11.77536231884058,34.695383789586685,10.312667740203972,21.846484165324746,4.643048845947397,1.8317230273752012,3.911701556629093,,
216,11.16478797638218,11.647879763821793,34.68196457326892,10.272410091250672,21.846484165324746,4.643048845947397,1.8317230273752012,3.911701556629093,,
217,11.064143853998926,11.647879763821793,34.614868491680085,10.272410091250672,21.62506709608159,4.643048845947397,1.8317230273752012,4.300858829844337,,
218,11.379495437466453,11.647879763821793,34.44041867954911,10.131508319914117,21.62506709608159,4.643048845947397,1.8317230273752012,4.300858829844337,,
219,11.366076221148685,11.647879763821793,34.0378421900161,10.131508319914117,21.62506709608159,4.643048845947397,1.8317230273752012,4.7168545356951155,,
220,11.366076221148685,11.647879763821793,34.0378421900161,10.131508319914117,21.62506709608159,4.643048845947397,1.8317230273752012,4.7168545356951155,,
221,11.594202898550725,11.647879763821793,33.9975845410628,10.02415458937198,21.618357487922705,4.5960815888352125,1.8317230273752012,4.690016103059581,,
222,11.741814278046162,11.553945249597424,33.984165324745035,9.98389694041868,21.618357487922705,4.5960815888352125,1.8317230273752012,4.690016103059581,,
223,12.177938808373591,11.18491680085883,33.93048845947396,9.98389694041868,21.537842190016104,4.555823939881911,1.8317230273752012,4.797369833601718,,
224,12.23161567364466,11.151368760064413,33.91035963499731,9.98389694041868,21.537842190016104,4.555823939881911,1.8317230273752012,4.797369833601718,,
225,12.258454106280194,11.151368760064413,33.883521202361784,9.98389694041868,21.537842190016104,4.555823939881911,1.8317230273752012,4.797369833601718,,
226,12.406065485775631,11.151368760064413,33.77616747181965,9.98389694041868,21.524422973698336,4.528985507246377,1.8317230273752012,4.797369833601718,,
227,12.432903918411165,11.144659151905529,33.77616747181965,9.98389694041868,21.517713365539453,4.528985507246377,1.8183038110574343,4.797369833601718,,
228,12.513419216317766,11.144659151905529,33.756038647343,9.98389694041868,21.4573268921095,4.528985507246377,1.8183038110574343,4.797369833601718,,
229,12.620772946859903,11.131239935587761,33.756038647343,9.426999463231347,21.39694041867955,5.052334943639291,1.8183038110574343,4.797369833601718,,
230,12.701288244766506,11.131239935587761,33.51449275362319,9.426999463231347,21.309715512614062,5.307300053676865,1.8115942028985508,4.797369833601718,,
231,12.99651100375738,11.131239935587761,33.44068706387547,9.306226516371444,21.28287707997853,5.307300053676865,1.7713365539452497,4.7638217928073,,
232,13.077026301663983,11.077563070316694,33.41384863123994,9.306226516371444,21.28287707997853,5.307300053676865,1.7713365539452497,4.7638217928073,,
233,13.144122383252817,11.077563070316694,33.373590982286636,9.232420826623725,20.860171765968868,5.797101449275362,1.7713365539452497,4.74369296833065,,
234,13.22463768115942,11.057434245840042,33.313204508856685,9.232420826623725,20.860171765968868,5.797101449275362,1.7713365539452497,4.74369296833065,,
235,13.056897477187333,11.057434245840042,32.33360171765969,9.225711218464841,20.860171765968868,5.797101449275362,1.7713365539452497,5.897745571658615,,
236,13.170960815888352,11.057434245840042,32.33360171765969,9.574610842726784,20.40391841116479,5.797101449275362,1.7646269457863661,5.897745571658615,,
237,13.20450885668277,11.057434245840042,32.05179817498658,9.520933977455716,20.356951154052602,5.776972624798712,2.1403650026838434,5.891035963499732,,
238,12.969672571121846,11.010466988727858,31.83709071390231,11.399624261943103,19.679280730005367,5.072463768115942,2.1403650026838434,5.891035963499732,,
239,13.043478260869565,11.010466988727858,31.810252281266774,11.392914653784219,19.679280730005367,5.032206119162641,2.1403650026838434,5.891035963499732,,
240,13.258185721953838,10.983628556092324,31.676060118089104,11.392914653784219,19.679280730005367,5.005367686527107,2.1403650026838434,5.864197530864198,,
241,13.526570048309178,10.983628556092324,31.57541599570585,11.366076221148685,19.679280730005367,5.005367686527107,2.1403650026838434,5.723295759527644,,
242,13.620504562533547,10.983628556092324,31.561996779388085,11.366076221148685,19.598765432098766,5.005367686527107,2.1403650026838434,5.723295759527644,,
243,13.694310252281268,10.983628556092324,31.53515834675255,11.33923778851315,19.598765432098766,5.005367686527107,2.1403650026838434,5.703166935050993,,
244,13.47289318303811,10.983628556092324,31.112453032742888,11.33923778851315,19.310252281266774,5.005367686527107,2.1403650026838434,6.635802469135802,,
245,13.727858293075684,10.983628556092324,31.01851851851852,11.272141706924316,19.28341384863124,4.985238862050457,2.1403650026838434,6.588835212023618,,
246,13.788244766505636,10.983628556092324,31.01851851851852,11.272141706924316,19.223027375201287,4.985238862050457,2.1403650026838434,6.588835212023618,,
247,13.070316693505099,10.983628556092324,30.421363392377884,11.198336017176597,20.283145464304884,5.340848094471283,2.1135265700483092,6.588835212023618,,
