,45,50,52,55,51,53,54,57,60,58,59,56
0,99.89935587761674,0.10064412238325282,,,,,,,,,,
1,97.61808910359635,2.38191089640365,,,,,,,,,,
2,97.38996242619432,2.61003757380569,,,,,,,,,,
3,94.04857756307031,5.9514224369296835,,,,,,,,,,
4,45.78636607622115,54.146537842190014,0.06709608158883522,,,,,,,,,
5,45.511272141706925,54.30756843800322,0.06709608158883522,0.11406333870101985,,,,,,,,
6,43.65271068169619,56.166129898013956,0.06709608158883522,0.11406333870101985,,,,,,,,
7,37.19806763285024,51.38217928073001,,3.730542136339238,7.689210950080516,,,,,,,
8,35.63472893183038,52.643585614600106,0.20799785292538917,3.878153515834675,7.635534084809447,,,,,,,
9,33.923778851315085,53.92512077294686,0.08722490606548577,4.159957058507783,7.635534084809447,0.2683843263553409,,,,,,
10,33.93719806763285,48.83252818035427,0.08722490606548577,7.601986044015029,7.568438003220612,0.2683843263553409,1.7042404723564144,,,,,
11,33.293075684380035,46.51100375738057,0.08722490606548577,8.541331186258722,7.568438003220612,2.2946859903381642,1.7042404723564144,,,,,
12,31.95115405260333,44.28341384863124,0.08722490606548577,8.870101986044014,9.172034353193773,2.1403650026838434,3.3682232957595275,0.1274825550187869,,,,
13,29.341116478797638,45.00805152979066,0.08722490606548577,8.910359634997317,9.172034353193773,2.1403650026838434,5.213365539452496,0.1274825550187869,,,,
14,29.49543746645196,43.78690284487386,0.08722490606548577,9.802737520128824,8.99087493290392,2.1403650026838434,5.5689747718733225,0.1274825550187869,,,,
15,29.57595276435856,43.42458400429415,0.16774020397208803,9.836285560923242,9.158615136876007,2.1403650026838434,5.5689747718733225,0.1274825550187869,,,,
16,29.683306494900698,43.29710144927536,0.16774020397208803,9.856414385399892,9.158615136876007,2.1403650026838434,5.5689747718733225,0.1274825550187869,,,,
17,17.941492216854535,63.57353730542136,0.1610305958132045,9.842995169082126,0.9326355340848095,2.1403650026838434,5.280461621041331,0.1274825550187869,,,,
18,18.109232420826622,62.88915727321525,0.1610305958132045,10.299248523886206,0.9326355340848095,2.1269457863660763,5.280461621041331,0.1274825550187869,0.07380568974771873,,,
19,18.06897477187332,60.69511540526033,0.4562533548040794,10.352925389157273,0.9326355340848095,4.1129898013955986,4.99194847020934,0.1274825550187869,0.14090177133655393,0.12077294685990338,,
20,16.908212560386474,61.63446054750403,0.4562533548040794,10.433440687063875,1.093666129898014,4.0995705850778315,4.891304347826087,0.1274825550187869,0.14090177133655393,0.12077294685990338,0.0939345142243693,
21,16.948470209339774,59.11835748792271,0.4562533548040794,12.681159420289855,1.093666129898014,4.206924315619967,4.891304347826087,0.1274825550187869,0.14090177133655393,0.10735373054213634,0.2281266774020397,
22,17.330917874396135,58.467525496511,0.4562533548040794,13.023349436392914,1.093666129898014,4.133118625872249,4.891304347826087,0.1274825550187869,0.14090177133655393,0.10735373054213634,0.2281266774020397,
23,17.505367686527105,57.950885668276975,0.4562533548040794,12.848899624261943,1.093666129898014,5.2066559312936125,4.334406870638754,0.1274825550187869,0.14090177133655393,0.10735373054213634,0.2281266774020397,
24,17.94820182501342,54.29414922168545,0.3757380568974772,12.795222758990874,1.093666129898014,5.2066559312936125,7.682501341921632,0.1274825550187869,0.14090177133655393,0.10735373054213634,0.2281266774020397,
25,17.733494363929147,53.71041331186259,0.46296296296296297,12.97638217928073,1.2278582930756843,5.2066559312936125,7.689210950080516,0.1274825550187869,0.14090177133655393,0.49651100375738055,0.2281266774020397,
26,17.673107890499196,51.509661835748794,0.46296296296296297,12.117552334943639,1.1808910359634996,8.440687063875469,7.62211486849168,0.1274825550187869,0.14090177133655393,0.49651100375738055,0.2281266774020397,
27,17.673107890499196,51.308373590982285,0.46296296296296297,12.124261943102523,1.1607622114868492,8.407139023081053,7.709339774557166,0.17444981213097155,0.14090177133655393,0.49651100375738055,0.3421900161030596,
28,17.881105743424584,50.47638217928073,0.46296296296296297,12.714707461084272,1.2412775093934514,8.380300590445518,7.695920558239399,0.17444981213097155,0.14090177133655393,0.49651100375738055,0.33548040794417605,
29,18.06226516371444,50.11406333870102,0.46296296296296297,12.909286097691895,1.2412775093934514,8.36688137412775,7.561728395061729,0.30864197530864196,0.14090177133655393,0.49651100375738055,0.33548040794417605,
30,18.06226516371444,50.026838432635536,0.46296296296296297,12.815351583467525,1.2278582930756843,8.36688137412775,7.568438003220612,0.30864197530864196,0.32877079978529256,0.49651100375738055,0.33548040794417605,
31,14.714170692431562,50.979602791196996,0.43612453032742887,12.177938808373591,1.1607622114868492,11.265432098765432,7.836822329575953,0.2683843263553409,0.32877079978529256,0.49651100375738055,0.33548040794417605,
32,14.955716586151368,50.2012882447665,0.43612453032742887,12.714707461084272,1.1607622114868492,11.144659151905529,7.836822329575953,0.2683843263553409,0.32877079978529256,0.6172839506172839,0.33548040794417605,
33,15.230810520665592,49.93961352657005,0.43612453032742887,12.788513150831992,1.1607622114868492,11.084272678475577,7.836822329575953,0.24154589371980675,0.32877079978529256,0.6172839506172839,0.33548040794417605,
34,15.378421900161031,49.04723564143854,0.43612453032742887,13.137412775093935,1.1607622114868492,10.950080515297907,7.816693505099302,0.24154589371980675,0.32877079978529256,0.7514761137949544,0.33548040794417605,0.41599570585077833
35,15.432098765432098,46.725711218464845,0.43612453032742887,13.331991411701557,1.3217928073000538,12.902576489533011,7.776435856146001,0.24154589371980675,0.32877079978529256,0.7514761137949544,0.33548040794417605,0.41599570585077833
36,15.318035426731079,46.22920021470746,0.4227053140096618,13.305152979066023,1.3150831991411702,13.600375738056897,7.776435856146001,0.24154589371980675,0.32877079978529256,0.7112184648416533,0.33548040794417605,0.41599570585077833
37,15.250939345142244,45.73939881910896,0.4227053140096618,11.829039184111648,1.2010198604401503,15.391841116478798,7.997852925389157,0.33548040794417605,0.32877079978529256,0.7112184648416533,0.33548040794417605,0.4562533548040794
38,15.197262479871176,45.93397745571659,0.4227053140096618,11.788781535158346,1.2010198604401503,15.197262479871176,7.997852925389157,0.33548040794417605,0.32877079978529256,0.8051529790660226,0.33548040794417605,0.4562533548040794
39,14.714170692431562,44.135802469135804,0.4227053140096618,11.782071926999464,3.656736446591519,15.056360708534621,7.971014492753623,0.33548040794417605,0.32877079978529256,0.8051529790660226,0.33548040794417605,0.4562533548040794
40,14.855072463768115,43.71309715512614,0.49651100375738055,11.802200751476114,3.656736446591519,14.928878153515834,8.105206655931294,0.33548040794417605,0.32877079978529256,0.966183574879227,0.33548040794417605,0.47638217928073
41,15.559581320450885,43.35077831454643,0.49651100375738055,11.788781535158346,3.5426731078904994,14.700751476113794,8.044820182501342,0.33548040794417605,0.3153515834675255,1.0534084809447128,0.33548040794417605,0.47638217928073
42,15.559581320450885,43.183038110574344,2.4825550187869028,11.3593666129898,3.5426731078904994,14.465915190552872,6.971282877079979,0.33548040794417605,0.3153515834675255,0.9460547504025765,0.36231884057971014,0.47638217928073
43,15.653515834675256,41.40499194847021,2.462426194310252,10.876274825550189,3.5426731078904994,14.38539989264627,9.252549651100376,0.322061191626409,0.3153515834675255,0.9460547504025765,0.36231884057971014,0.47638217928073
44,15.72061191626409,41.23054213633924,2.509393451422437,10.84272678475577,3.535963499731616,14.42565754159957,9.312936124530328,0.322061191626409,0.3153515834675255,0.9460547504025765,0.36231884057971014,0.47638217928073
45,15.935319377348362,40.39855072463768,2.509393451422437,11.258722490606548,3.535963499731616,15.123456790123457,8.635265700483092,0.46967257112184646,0.2885131508319914,1.0869565217391304,0.33548040794417605,0.4227053140096618
46,16.029253891572733,39.962426194310254,3.1468062265163717,11.29898013955985,3.515834675254965,15.002683843263553,8.387010198604402,0.46967257112184646,0.2885131508319914,1.1406333870101986,0.33548040794417605,0.4227053140096618
47,16.29092860976919,39.14385399892646,3.1333870101986045,11.627750939345143,3.515834675254965,14.922168545356952,8.668813741277509,0.46967257112184646,0.2549651100375738,1.1406333870101986,0.4495437466451959,0.3824476650563607
48,16.51905528717123,37.68115942028985,3.1333870101986045,12.882447665056361,3.502415458937198,14.76784755770263,8.655394524959743,0.46967257112184646,0.2549651100375738,1.3016639828234031,0.4495437466451959,0.3824476650563607
49,16.700214707461082,37.37251744498121,2.965646806226516,13.070316693505099,3.3548040794417604,14.680622651637144,8.628556092324208,0.46967257112184646,0.2549651100375738,1.3888888888888888,0.4495437466451959,0.6642512077294686
50,16.0426731078905,35.35292538915727,5.119431025228127,12.345679012345679,3.8311862587224907,13.170960815888352,10.997047772410092,0.5568974771873323,0.2549651100375738,1.328502415458937,0.33548040794417605,0.6642512077294686
51,16.532474503488995,35.07783145464305,5.119431025228127,12.513419216317766,3.5829307568438002,12.875738056897477,11.245303274288782,0.5367686527106817,0.2147074610842727,1.3016639828234031,0.33548040794417605,0.6642512077294686
52,16.5727321524423,34.735641438539986,5.0993022007514766,12.493290391841116,3.69699409554482,12.989801395598498,11.3593666129898,0.5367686527106817,0.2147074610842727,1.3016639828234031,0.33548040794417605,0.6642512077294686
53,16.626409017713364,34.42699946323135,5.595813204508857,12.432903918411165,3.374932903918411,12.855609232420827,11.721685453569512,0.4495437466451959,0.2147074610842727,1.3016639828234031,0.33548040794417605,0.6642512077294686
54,16.391572732152444,35.198604401502955,5.528717122920021,12.204777241009126,3.1736446591519054,12.848899624261943,11.721685453569512,0.4495437466451959,0.2147074610842727,1.3016639828234031,0.30193236714975846,0.6642512077294686
55,16.451959205582394,34.648416532474506,5.501878690284487,11.876006441223833,3.1736446591519054,12.74825550187869,12.895866881374127,0.4495437466451959,0.2147074610842727,1.2546967257112185,0.30193236714975846,0.4830917874396135
56,16.6532474503489,34.31964573268921,5.501878690284487,11.79549114331723,3.1736446591519054,12.573805689747719,13.22463768115942,0.4495437466451959,0.2147074610842727,1.2546967257112185,0.35560923242082665,0.4830917874396135
57,16.384863123993558,33.13204508856683,5.441492216854535,11.231884057971014,5.360976918947934,12.5,13.003220611916264,0.4428341384863124,0.2147074610842727,1.3352120236178207,0.3488996242619431,0.6038647342995169
58,16.35131508319914,32.10547504025765,7.924047235641439,10.782340311325818,3.743961352657005,12.587224906065487,13.231347289318304,0.4428341384863124,0.2147074610842727,1.3486312399355878,0.3488996242619431,0.9192163177670424
59,16.928341384863124,31.756575415995705,7.7898550724637685,10.735373054213634,3.670155662909286,12.526838432635534,13.18438003220612,0.4428341384863124,0.2147074610842727,1.3486312399355878,0.4830917874396135,0.9192163177670424
60,9.212292002147075,53.60976918947934,8.78287707997853,6.964573268921095,3.099838969404187,10.084541062801932,5.394524959742351,0.20128824476650564,0.2147074610842727,0.9728931830381106,0.39586688137412773,1.06682769726248
61,9.386741814278047,53.01932367149758,8.78287707997853,7.5348899624261945,3.099838969404187,10.037573805689748,5.360976918947934,0.19457863660762212,0.2147074610842727,0.9057971014492754,0.39586688137412773,1.06682769726248
62,9.601449275362318,52.46913580246913,8.84326355340848,7.843531937734836,3.026033279656468,9.997316156736447,5.347557702630167,0.19457863660762212,0.2147074610842727,0.9057971014492754,0.39586688137412773,1.1607622114868492
63,9.950348899624261,51.61701556629093,8.816425120772946,8.071658615136876,3.026033279656468,10.493827160493828,4.8443370907139025,0.4092860976918948,0.2147074610842727,0.9057971014492754,0.39586688137412773,1.2546967257112185
64,10.057702630166398,49.5907139023081,8.796296296296296,9.98389694041868,3.026033279656468,10.426731078904991,4.824208266237251,0.4092860976918948,0.2147074610842727,1.0198604401502953,0.39586688137412773,1.2546967257112185
65,10.238862050456254,48.80568974771873,8.789586688137414,10.61460010735373,3.026033279656468,10.279119699409554,4.824208266237251,0.5501878690284487,0.2147074610842727,1.0064412238325282,0.39586688137412773,1.2546967257112185
66,10.534084809447128,48.21524422973698,8.756038647342995,11.05072463768116,2.918679549114332,10.218733225979603,4.931561996779388,0.5501878690284487,0.2147074610842727,1.0064412238325282,0.39586688137412773,1.2077294685990339
67,10.782340311325818,47.99382716049383,8.890230810520666,11.017176596886742,2.918679549114332,10.050993022007514,4.864465915190553,0.5501878690284487,0.2147074610842727,1.1137949543746646,0.39586688137412773,1.2077294685990339
68,10.963499731615673,47.336285560923244,8.890230810520666,11.513687600644122,2.918679549114332,10.050993022007514,4.8443370907139025,0.5501878690284487,0.2147074610842727,1.1137949543746646,0.39586688137412773,1.2077294685990339
69,10.789049919484702,43.65271068169619,8.890230810520666,11.882716049382717,2.918679549114332,10.399892646269459,7.863660762211487,0.5501878690284487,0.2147074610842727,1.1137949543746646,0.5166398282340311,1.2077294685990339
70,10.896403650026839,43.25013419216318,8.68894256575416,12.050456253354804,2.9119699409554483,10.25228126677402,7.924047235641439,0.6910896403650026,0.2147074610842727,0.95276435856146,0.5166398282340311,1.6505636070853462
71,10.970209339774557,43.14949006977992,7.763016639828234,11.996779388083736,4.320987654320987,9.836285560923242,7.87037037037037,0.6910896403650026,0.2147074610842727,0.9125067096081588,0.5166398282340311,1.7579173376274826
72,10.990338164251208,42.82071926999463,7.50805152979066,12.00348899624262,4.320987654320987,10.909822866344605,7.85024154589372,0.6105743424584005,0.2147074610842727,0.8118625872249061,0.5166398282340311,1.442565754159957
73,11.292270531400966,42.48523886205046,7.50805152979066,12.218196457326892,4.300858829844337,10.903113258185721,7.85024154589372,0.6105743424584005,0.16774020397208803,0.8118625872249061,0.5166398282340311,1.3352120236178207
74,11.493558776167472,42.35775630703167,7.454374664519592,12.345679012345679,4.186795491143317,10.896403650026839,7.75630703166935,0.6038647342995169,0.16774020397208803,0.8118625872249061,0.5904455179817498,1.3352120236178207
75,11.553945249597424,40.80783682232958,7.286634460547504,14.06333870101986,4.186795491143317,10.916532474503489,7.588566827697263,0.7045088566827697,0.16774020397208803,0.8118625872249061,0.5904455179817498,1.3217928073000538
76,11.668008588298443,40.51932367149758,7.286634460547504,14.278046162104133,4.180085882984434,10.889694041867955,7.581857219538379,0.7045088566827697,0.16774020397208803,0.8118625872249061,0.5904455179817498,1.3217928073000538
77,11.741814278046162,39.83494363929147,7.286634460547504,14.096886741814279,4.03918411164788,10.782340311325818,8.474235104669887,0.6776704240472357,0.16774020397208803,0.8118625872249061,0.5904455179817498,1.4962426194310252
78,11.728395061728396,39.58668813741278,7.286634460547504,14.325013419216317,4.005636070853462,10.72866344605475,8.722490606548577,0.6776704240472357,0.16774020397208803,0.7045088566827697,0.5904455179817498,1.4761137949543746
79,12.198067632850242,39.22436929683307,7.273215244229737,14.244498121309716,3.965378421900161,10.7085346215781,8.769457863660762,0.6776704240472357,0.16774020397208803,0.7045088566827697,0.5904455179817498,1.4761137949543746
80,12.305421363392378,37.063875469672574,7.125603864734299,15.942028985507246,3.965378421900161,10.876274825550189,8.943907675791733,0.6776704240472357,0.16774020397208803,0.8118625872249061,0.5904455179817498,1.5297906602254427
81,12.600644122383253,35.19189479334407,7.125603864734299,17.028985507246375,3.965378421900161,10.768921095008052,9.541062801932368,0.6776704240472357,0.16774020397208803,0.8118625872249061,0.5904455179817498,1.5297906602254427
82,12.526838432635534,31.689479334406872,7.078636607622115,17.391304347826086,3.965378421900161,10.742082662372518,12.848899624261943,0.6776704240472357,0.16774020397208803,0.7917337627482555,0.5904455179817498,1.5297906602254427
83,12.573805689747719,31.57541599570585,6.796833064949007,17.14975845410628,3.965378421900161,11.07085346215781,12.734836285560924,0.6776704240472357,0.10064412238325282,0.7917337627482555,0.798443370907139,1.7646269457863661
84,12.815351583467525,31.49490069779925,6.796833064949007,17.05582393988191,3.965378421900161,11.11111111111111,12.647611379495437,0.6776704240472357,0.10064412238325282,0.7313472893183038,0.8387010198604401,1.7646269457863661
85,11.460010735373054,28.804347826086957,4.884594739667204,16.170155662909288,13.439345142243694,9.138486312399356,12.453032742887816,0.4562533548040794,0.10064412238325282,0.48980139559849706,0.8319914117015567,1.7713365539452497
86,11.721685453569512,28.73054213633924,4.810789049919484,16.170155662909288,13.425925925925926,9.05126140633387,12.298711755233494,0.4495437466451959,0.10064412238325282,0.48980139559849706,0.8252818035426731,1.9256575415995705
87,12.02361782071927,28.488996242619432,4.736983360171766,16.06280193236715,13.372249060654857,9.044551798174986,12.298711755233494,0.4495437466451959,0.10064412238325282,0.48980139559849706,0.8252818035426731,2.1068169618894257
88,11.969940955448202,26.50295222758991,6.4345142243692965,15.713902308105206,12.647611379495437,8.440687063875469,14.49946323134729,0.4495437466451959,0.06038647342995169,0.43612453032742887,0.7648953301127214,2.0799785292538915
89,12.084004294149223,25.79844337090714,6.273483628556092,16.35131508319914,12.70799785292539,8.380300590445518,14.49946323134729,0.4495437466451959,0.06038647342995169,0.43612453032742887,0.7648953301127214,2.1940418679549114
90,12.493290391841116,25.72463768115942,6.166129898013956,16.21712292002147,12.681159420289855,8.353462157809984,14.486044015029522,0.4227053140096618,0.06038647342995169,0.43612453032742887,0.7648953301127214,2.1940418679549114
91,12.640901771336553,24.9194847020934,6.166129898013956,16.646537842190018,12.332259796027913,8.32662372517445,14.794685990338165,0.4227053140096618,0.06038647342995169,0.43612453032742887,0.7648953301127214,2.4892646269457863
92,13.01663982823403,24.698067632850243,6.166129898013956,16.57944176060118,12.278582930756844,8.299785292538916,14.687332259796028,0.4227053140096618,0.18115942028985507,0.43612453032742887,0.7514761137949544,2.4825550187869028
93,13.39237788513151,24.530327428878152,6.159420289855072,16.492216854535695,12.25174449812131,8.205850778314547,14.707461084272678,0.4227053140096618,0.18115942028985507,0.4227053140096618,0.7514761137949544,2.4825550187869028
94,13.768115942028986,24.302200751476114,6.0654857756307035,16.525764895330113,12.130971551261407,8.199141170155663,14.61352657004831,0.47638217928073,0.18115942028985507,0.5300590445517982,0.7514761137949544,2.4557165861513686
95,13.848631239935587,24.134460547504027,5.9514224369296835,16.552603327965645,12.030327428878154,8.192431561996779,14.834943639291465,0.47638217928073,0.18115942028985507,0.5300590445517982,0.7380568974771873,2.5295222758990876
96,14.04320987654321,23.731884057971016,5.9514224369296835,16.59957058507783,11.996779388083736,8.246108427267847,15.002683843263553,0.47638217928073,0.15432098765432098,0.5300590445517982,0.7380568974771873,2.5295222758990876
97,13.70101986044015,23.483628556092324,5.844068706387547,16.284219001610307,12.399355877616747,8.829844337090714,14.74771873322598,0.7783145464304885,0.2214170692431562,0.4428341384863124,0.7380568974771873,2.5295222758990876
98,13.895598497047773,23.32259796027912,5.844068706387547,16.344605475040257,12.332259796027913,8.80300590445518,14.781266774020397,0.7783145464304885,0.2214170692431562,0.4428341384863124,0.7313472893183038,2.5026838432635534
99,13.88888888888889,23.17498658078368,5.844068706387547,16.284219001610307,12.332259796027913,8.695652173913043,14.855072463768115,0.7783145464304885,0.2214170692431562,0.4428341384863124,0.7313472893183038,2.7509393451422435
100,14.04320987654321,22.779119699409556,5.870907139023081,16.566022544283413,12.245034889962426,8.621846484165324,14.88191089640365,0.7783145464304885,0.2214170692431562,0.4428341384863124,0.8118625872249061,2.737520128824477
101,13.747987117552334,22.71202361782072,5.810520665593129,16.552603327965645,12.801932367149758,8.548040794417606,14.855072463768115,0.7783145464304885,0.2214170692431562,0.4428341384863124,0.8118625872249061,2.717391304347826
102,13.493022007514762,22.67176596886742,6.615673644659152,16.297638217928075,12.674449812130971,8.82313472893183,14.439076757917338,0.7783145464304885,0.20128824476650564,0.4428341384863124,0.8118625872249061,2.7509393451422435
103,13.81508319914117,22.5979602791197,6.474771873322598,16.438539989264626,12.533548040794418,8.702361782071927,14.452495974235104,0.7783145464304885,0.20128824476650564,0.4428341384863124,0.8118625872249061,2.7509393451422435
104,13.801663982823403,22.50402576489533,6.105743424584004,15.955448201825014,14.445786366076222,8.313204508856682,14.029790660225443,0.7783145464304885,0.20128824476650564,0.4428341384863124,0.6843800322061192,2.737520128824477
105,13.318572195383789,21.71900161030596,8.487654320987655,15.653515834675256,13.526570048309178,8.232689210950081,13.875469672571121,0.8923778851315083,0.24154589371980675,0.4227053140096618,0.6843800322061192,2.945517981749866
106,13.439345142243694,21.182232957595275,8.910359634997317,15.848094471282877,13.050187869028449,8.07836822329576,14.150563607085346,0.8923778851315083,0.24154589371980675,0.5367686527106817,0.7246376811594203,2.945517981749866
107,13.546698872785829,20.987654320987655,10.607890499194847,15.687063875469672,12.647611379495437,7.219538378958669,13.761406333870102,0.8923778851315083,0.24154589371980675,0.6910896403650026,0.7246376811594203,2.9924852388620504
108,12.359098228663447,19.545088566827697,10.560923242082662,15.08990874932904,16.71363392377885,5.83064949006978,15.11003757380569,0.7917337627482555,0.24154589371980675,0.6239935587761675,0.7246376811594203,2.408749329039184
109,12.567096081588835,19.28341384863124,10.795759527643586,14.80810520665593,16.700214707461082,5.83064949006978,15.11003757380569,0.8990874932903918,0.24154589371980675,0.6239935587761675,0.7246376811594203,2.4154589371980677
110,12.560386473429952,19.229736983360173,10.426731078904991,14.794685990338165,16.09634997316157,6.863929146537842,15.063070316693505,0.9863123993558777,0.2281266774020397,0.6239935587761675,0.7246376811594203,2.4020397208803006
111,12.828770799785293,19.0552871712292,10.406602254428341,14.707461084272678,16.089640365002683,6.850509930220075,15.116747181964573,1.0399892646269457,0.1610305958132045,0.6172839506172839,0.7246376811594203,2.4020397208803006
112,13.20450885668277,18.907675791733762,9.863123993558776,14.78797638217928,12.667740203972087,10.48040794417606,14.942297369833602,0.9997316156736447,0.1610305958132045,0.6172839506172839,0.8521202361782072,2.5161030595813205
113,13.486312399355878,18.88083735909823,9.702093397745571,14.989264626945786,12.607353730542137,10.272410091250672,14.76784755770263,1.1205045625335481,0.1610305958132045,0.6977992485238862,0.8588298443370908,2.4557165861513686
114,13.694310252281268,18.746645195920557,9.702093397745571,15.03623188405797,12.486580783682234,10.245571658615138,14.720880300590446,1.1205045625335481,0.23483628556092323,0.6977992485238862,0.8588298443370908,2.4557165861513686
115,13.439345142243694,17.840848094471284,9.634997316156737,14.754428341384862,12.406065485775631,11.956521739130435,14.63365539452496,1.1137949543746646,0.23483628556092323,0.6977992485238862,0.8588298443370908,2.428878153515835
116,13.43263553408481,17.793880837359097,9.863123993558776,14.65378421900161,12.385936661298981,11.990069779924852,14.51959205582394,1.1137949543746646,0.2616747181964573,0.6977992485238862,0.8588298443370908,2.428878153515835
117,13.781535158346752,17.619431025228128,9.749060654857756,14.734299516908212,12.352388620504563,11.956521739130435,14.479334406870638,1.1137949543746646,0.2616747181964573,0.6977992485238862,0.8252818035426731,2.428878153515835
118,13.506441223832528,17.277241009125067,9.561191626409018,14.680622651637144,13.828502415458937,11.701556629092861,14.40552871712292,1.1003757380568975,0.2616747181964573,0.6977992485238862,0.8252818035426731,2.15378421900161
119,13.070316693505099,16.525764895330113,9.554482018250134,13.137412775093935,13.7211486849168,13.110574342458401,16.170155662909288,1.1003757380568975,0.2616747181964573,0.7783145464304885,0.630703166935051,1.9390767579173376
120,12.614063338701019,15.324745034889963,9.4873859366613,11.151368760064413,13.70101986044015,20.061728395061728,13.479602791196994,0.6977992485238862,0.2616747181964573,0.6709608158883521,0.6105743424584005,1.9390767579173376
121,13.01663982823403,15.170424047235642,9.4873859366613,11.044015029522276,13.70101986044015,20.189210950080515,13.211218464841654,0.6977992485238862,0.2616747181964573,0.6709608158883521,0.6105743424584005,1.9390767579173376
122,13.083735909822867,15.170424047235642,9.4873859366613,10.997047772410092,13.694310252281268,20.162372517444982,13.211218464841654,0.7246376811594203,0.24825550187869028,0.6709608158883521,0.6105743424584005,1.9390767579173376
123,13.311862587224907,15.123456790123457,9.41358024691358,10.976918947933441,13.654052603327965,20.055018786902846,13.177670424047236,0.7246376811594203,0.24825550187869028,0.7648953301127214,0.6105743424584005,1.9390767579173376
124,13.546698872785829,15.063070316693505,9.272678475577026,10.896403650026839,13.58695652173913,20.303274288781534,13.043478260869565,0.7246376811594203,0.24825550187869028,0.7648953301127214,0.6105743424584005,1.9390767579173376
125,13.654052603327965,14.982555018786902,9.252549651100376,10.856146001073537,13.466183574879228,20.202630166398283,13.251476113794954,0.798443370907139,0.24154589371980675,0.7514761137949544,0.6105743424584005,1.932367149758454
126,14.029790660225443,14.841653247450349,9.16532474503489,10.856146001073537,13.405797101449275,20.101986044015028,13.264895330112722,0.798443370907139,0.24154589371980675,0.7112184648416533,0.6105743424584005,1.9726247987117553
127,14.251207729468598,14.801395598497047,9.037842190016104,10.84272678475577,13.365539452495975,19.981213097155127,13.231347289318304,0.798443370907139,0.24154589371980675,0.7313472893183038,0.6105743424584005,2.1068169618894257
128,13.868760064412239,14.600107353730541,8.05823939881911,10.621309715512615,15.687063875469672,19.370638754696724,13.754696725711218,0.798443370907139,0.24154589371980675,0.5233494363929146,0.6105743424584005,1.865271068169619
129,14.123725174449811,14.553140096618357,8.011272141706923,10.721953837895867,15.579710144927537,19.296833064949006,13.687600644122384,0.785024154589372,0.24154589371980675,0.5233494363929146,0.6105743424584005,1.865271068169619
130,14.190821256038648,14.53972088030059,7.9106280193236715,10.721953837895867,15.552871712292003,19.37734836285561,13.6808910359635,0.785024154589372,0.24154589371980675,0.5233494363929146,0.6105743424584005,1.865271068169619
131,14.163982823403114,14.150563607085346,7.883789586688137,10.61460010735373,15.11003757380569,19.605475040257648,13.942565754159958,0.8990874932903918,0.24154589371980675,0.5233494363929146,0.5367686527106817,2.328234031132582
132,14.224369296833064,13.902308105206655,7.809983896940419,10.856146001073537,15.076489533011273,19.605475040257648,13.996242619431026,0.8990874932903918,0.24154589371980675,0.5233494363929146,0.5367686527106817,2.328234031132582
133,14.257917337627482,13.902308105206655,7.809983896940419,10.768921095008052,15.029522275899087,19.57192699946323,13.922436929683306,0.95276435856146,0.20799785292538917,0.644122383252818,0.5367686527106817,2.395330112721417
134,14.432367149758454,13.83521202361782,7.87037037037037,10.755501878690284,15.01610305958132,19.47128287707998,13.922436929683306,0.95276435856146,0.20799785292538917,0.644122383252818,0.5367686527106817,2.3550724637681157
135,14.358561460010735,13.694310252281268,7.447665056360709,10.453569511540525,14.962426194310252,20.779656468062264,13.560118089103597,0.95276435856146,0.20799785292538917,0.644122383252818,0.5367686527106817,2.4020397208803006
136,14.74771873322598,13.687600644122384,7.37385936661299,10.426731078904991,14.888620504562533,20.605206655931294,13.633923778851315,0.9460547504025765,0.20799785292538917,0.644122383252818,0.5367686527106817,2.301395598497048
137,15.009393451422437,13.6406333870102,7.266505636070853,10.507246376811594,14.814814814814815,20.39049919484702,13.573537305421363,0.9460547504025765,0.20799785292538917,0.6374127750939346,0.5367686527106817,2.4691358024691357
138,15.485775630703166,13.385668276972625,7.25979602791197,10.587761674718196,14.593397745571659,20.162372517444982,13.533279656468062,1.0399892646269457,0.20799785292538917,0.6374127750939346,0.5367686527106817,2.5697799248523885
139,15.217391304347826,13.311862587224907,7.957595276435856,9.903381642512077,13.92914653784219,21.07487922705314,13.419216317767042,1.0399892646269457,0.20799785292538917,0.46296296296296297,0.5367686527106817,2.9388083735909825
140,14.97584541062802,12.99651100375738,7.682501341921632,10.02415458937198,13.81508319914117,21.014492753623188,14.40552871712292,0.966183574879227,0.20799785292538917,0.5501878690284487,0.5166398282340311,2.844873859366613
141,15.297906602254429,12.942834138486312,7.595276435856146,9.98389694041868,13.526570048309178,20.86688137412775,14.553140096618357,0.966183574879227,0.20799785292538917,0.5501878690284487,0.5166398282340311,2.9924852388620504
142,15.45222758990875,12.815351583467525,7.501341921631776,10.352925389157273,13.405797101449275,20.625335480407944,14.579978529253891,0.9326355340848095,0.20128824476650564,0.47638217928073,0.5501878690284487,3.1065485775630703
143,15.53274288781535,12.721417069243156,9.453837895866881,10.265700483091788,13.18438003220612,19.176060118089104,14.163982823403114,0.9192163177670424,0.18115942028985507,0.47638217928073,0.5501878690284487,3.374932903918411
144,15.83467525496511,12.573805689747719,9.896672034353195,10.151637144390767,13.18438003220612,18.95464304884595,14.029790660225443,0.8722490606548577,0.15432098765432098,0.47638217928073,0.5501878690284487,3.321256038647343
145,15.734031132581856,12.406065485775631,9.252549651100376,10.071121846484166,14.78797638217928,18.243424584004295,14.217659688674182,0.8521202361782072,0.15432098765432098,0.47638217928073,0.5501878690284487,3.2541599570585076
146,15.895061728395062,12.406065485775631,9.23913043478261,10.071121846484166,14.720880300590446,18.149490069779926,14.170692431561998,0.8521202361782072,0.15432098765432098,0.5568974771873323,0.5501878690284487,3.2340311325818574
147,16.09634997316157,12.157809983896941,9.23913043478261,10.124798711755233,14.593397745571659,18.21658615136876,14.076757917337627,0.8521202361782072,0.15432098765432098,0.6239935587761675,0.5501878690284487,3.3145464304884595
148,16.61969940955448,12.090713902308105,9.198872785829307,10.02415458937198,14.472624798711756,18.06897477187332,13.841921631776705,0.8990874932903918,0.15432098765432098,0.6172839506172839,0.6105743424584005,3.4017713365539453
149,16.76731078904992,11.822329575952764,9.460547504025765,9.796027911969942,14.412238325281804,18.57890499194847,13.613794954374665,0.8990874932903918,0.15432098765432098,0.6172839506172839,0.6038647342995169,3.2742887815351582
150,16.445249597423512,11.714975845410628,9.420289855072463,12.681159420289855,12.090713902308105,19.008319914117017,13.33870101986044,1.0601180891035964,0.15432098765432098,0.5904455179817498,0.6038647342995169,2.8918411164787976
151,16.74718196457327,11.60762211486849,9.41358024691358,12.600644122383253,12.070585077831455,18.760064412238325,13.499731615673644,1.0601180891035964,0.15432098765432098,0.5904455179817498,0.6038647342995169,2.8918411164787976
152,16.6532474503489,11.580783682232958,9.25925925925926,12.573805689747719,12.057165861513688,18.914385399892645,13.56682769726248,1.1137949543746646,0.15432098765432098,0.5904455179817498,0.6038647342995169,2.932098765432099
153,16.888083735909824,11.580783682232958,9.145195920558239,12.573805689747719,12.02361782071927,18.88083735909823,13.513150831991412,1.1137949543746646,0.15432098765432098,0.5904455179817498,0.6038647342995169,2.932098765432099
154,17.08937198067633,11.560654857756306,9.104938271604938,12.546967257112184,12.010198604401502,18.706387546967257,13.47289318303811,1.1137949543746646,0.15432098765432098,0.5703166935050993,0.6038647342995169,3.066290928609769
155,17.398013955984972,11.533816425120772,9.064680622651638,12.453032742887816,11.98336017176597,18.51851851851852,13.45276435856146,1.2278582930756843,0.14090177133655393,0.5703166935050993,0.5904455179817498,3.066290928609769
156,17.47181964573269,11.533816425120772,9.064680622651638,12.25174449812131,11.936392914653783,18.746645195920557,13.41250670960816,1.2278582930756843,0.1274825550187869,0.5703166935050993,0.5904455179817498,3.066290928609769
157,17.767042404723565,11.372785829307569,9.064680622651638,11.996779388083736,11.802200751476114,18.57890499194847,13.620504562533547,1.2748255501878691,0.1274825550187869,0.5703166935050993,0.5904455179817498,3.2340311325818574
158,17.860976918947934,10.970209339774557,9.024422973698336,12.110842726784755,11.75523349436393,18.243424584004295,13.841921631776705,1.2748255501878691,0.1274825550187869,0.5636070853462157,0.5636070853462157,3.6634460547504024
159,17.840848094471284,10.775630703166936,8.99087493290392,12.050456253354804,11.500268384326356,18.646001073537306,13.741277509393452,1.1003757380568975,0.1274825550187869,0.4227053140096618,0.5636070853462157,4.240472356414386
160,17.98174986580784,10.775630703166936,9.078099838969404,12.117552334943639,11.466720343531938,18.38432635534085,13.667471819645733,1.093666129898014,0.1274825550187869,0.5032206119162641,0.5636070853462157,4.240472356414386
161,17.59259259259259,10.762211486849168,11.231884057971014,11.728395061728396,11.097691894793345,17.559044551798173,13.526570048309178,1.133923778851315,0.1274825550187869,0.5367686527106817,0.5568974771873323,4.146537842190016
162,17.54562533548041,10.50053676865271,11.104401502952227,11.822329575952764,10.88298443370907,18.04884594739667,13.399087493290391,1.133923778851315,0.1274825550187869,0.5300590445517982,0.5568974771873323,4.3478260869565215
163,17.901234567901234,10.487117552334944,11.084272678475577,11.721685453569512,10.789049919484702,18.055555555555557,13.352120236178207,1.1137949543746646,0.1274825550187869,0.5300590445517982,0.5568974771873323,4.280730005367687
164,18.02871712292002,10.413311862587225,11.057434245840042,11.52710681696189,10.755501878690284,18.17632850241546,13.365539452495975,1.2278582930756843,0.1274825550187869,0.5300590445517982,0.5434782608695652,4.247181964573269
165,18.276972624798713,9.977187332259795,10.983628556092324,11.674718196457327,10.433440687063875,18.035426731078903,13.942565754159958,1.2278582930756843,0.1274825550187869,0.5300590445517982,0.5434782608695652,4.247181964573269
166,17.693236714975846,9.306226516371444,10.82259796027912,10.997047772410092,10.420021470746109,17.894524959742352,16.21712292002147,1.2144390767579174,0.1274825550187869,0.5300590445517982,0.5434782608695652,4.233762748255502
167,18.00858829844337,9.272678475577026,10.82259796027912,10.950080515297907,10.265700483091788,17.85426731078905,16.19699409554482,1.2144390767579174,0.1274825550187869,0.5300590445517982,0.5434782608695652,4.213633923778851
168,18.136070853462158,9.232420826623725,12.06387546967257,10.923242082662373,9.306226516371444,17.72007514761138,16.06280193236715,1.2144390767579174,0.1274825550187869,0.6508319914117016,0.5434782608695652,4.019055287171229
169,18.45813204508857,9.078099838969404,11.869296833064949,11.097691894793345,9.245840042941492,17.599302200751477,15.975577026301664,1.1876006441223832,0.1274825550187869,0.6508319914117016,0.5434782608695652,4.166666666666667
170,18.552066559312937,9.05126140633387,11.822329575952764,11.077563070316694,9.232420826623725,17.64626945786366,15.942028985507246,1.1876006441223832,0.1274825550187869,0.6508319914117016,0.5434782608695652,4.166666666666667
171,18.438003220611915,8.910359634997317,11.822329575952764,11.097691894793345,9.118357487922705,17.975040257648953,15.814546430488459,1.1876006441223832,0.1274825550187869,0.6508319914117016,0.5434782608695652,4.314278046162104
172,18.853998926462694,8.849973161567364,11.79549114331723,11.030595813204508,9.03113258185722,18.04213633923779,15.613258185721953,1.1876006441223832,0.1274825550187869,0.6508319914117016,0.5434782608695652,4.274020397208803
173,18.94122383252818,8.829844337090714,11.647879763821793,11.030595813204508,8.910359634997317,18.250134192163177,15.613258185721953,1.1876006441223832,0.1274825550187869,0.6508319914117016,0.5434782608695652,4.26731078904992
174,18.92109500805153,8.735909822866345,11.627750939345143,10.896403650026839,8.876811594202898,18.5654857756307,15.458937198067632,1.221148684916801,0.1274825550187869,0.7581857219538379,0.5434782608695652,4.26731078904992
175,19.00161030595813,8.722490606548577,11.627750939345143,10.829307568438002,8.876811594202898,18.50509930220075,15.579710144927537,1.221148684916801,0.1274825550187869,0.7581857219538379,0.5434782608695652,4.206924315619967
176,18.988191089640367,8.655394524959743,11.621041331186259,10.789049919484702,8.682232957595277,18.45813204508857,15.70048309178744,1.221148684916801,0.1274825550187869,0.7581857219538379,0.6239935587761675,4.374664519592056
177,18.84728931830381,8.608427267847558,11.621041331186259,10.61460010735373,8.668813741277509,18.4044551798175,15.848094471282877,1.221148684916801,0.10735373054213634,0.9930220075147611,0.6239935587761675,4.441760601180891
178,19.00161030595813,8.541331186258722,11.574074074074074,10.668276972624799,8.55475040257649,18.35077831454643,15.653515834675256,1.3553408480944713,0.10735373054213634,1.1406333870101986,0.6038647342995169,4.448470209339774
179,19.061996779388085,8.474235104669887,11.2788513150832,10.929951690821255,8.494363929146537,18.585614600107355,15.566290928609769,1.3553408480944713,0.10735373054213634,1.0534084809447128,0.6038647342995169,4.488727858293076
180,19.07541599570585,8.460815888352121,11.2788513150832,10.876274825550189,8.373590982286634,18.47826086956522,15.546162104133119,1.3553408480944713,0.10735373054213634,1.1473429951690821,0.6038647342995169,4.696725711218465
181,18.9345142243693,8.246108427267847,11.2788513150832,10.809178743961352,8.13875469672571,19.14922168545357,15.291196994095545,1.3419216317767042,0.10735373054213634,1.1473429951690821,0.6038647342995169,4.951690821256038
182,19.142512077294686,8.165593129361245,11.258722490606548,10.795759527643586,7.971014492753623,19.008319914117017,15.297906602254429,1.4090177133655395,0.10735373054213634,1.1473429951690821,0.6038647342995169,5.092592592592593
183,19.256575415995705,8.165593129361245,11.2788513150832,10.815888352120236,7.930756843800322,18.867418142780462,15.297906602254429,1.4090177133655395,0.10735373054213634,1.1473429951690821,0.5770263016639828,5.146269457863661
184,19.249865807836823,8.165593129361245,11.486849168008588,11.097691894793345,7.749597423510467,18.927804616210413,15.163714439076758,1.3687600644122384,0.10735373054213634,1.1473429951690821,0.5770263016639828,4.958400429414922
