,45,50,53,52,51,55,54,56
0,95.83333333333333,4.166666666666667,,,,,,
1,95.83333333333333,4.166666666666667,,,,,,
2,95.83333333333333,4.166666666666667,,,,,,
3,95.83333333333333,4.166666666666667,,,,,,
4,95.83333333333333,4.166666666666667,,,,,,
5,95.83333333333333,4.166666666666667,,,,,,
6,95.63875469672571,4.361245303274289,,,,,,
7,95.63875469672571,4.361245303274289,,,,,,
8,92.36446591519055,7.635534084809447,,,,,,
9,92.36446591519055,7.635534084809447,,,,,,
10,92.45169082125604,7.548309178743962,,,,,,
11,92.49194847020934,7.50805152979066,,,,,,
12,92.512077294686,7.48792270531401,,,,,,
13,92.39801395598496,7.601986044015029,,,,,,
14,92.41143317230274,7.588566827697263,,,,,,
15,92.41143317230274,7.588566827697263,,,,,,
16,71.53784219001611,28.462157809983896,,,,,,
17,70.16908212560386,27.314814814814813,2.5161030595813205,,,,,
18,70.21604938271605,27.30810520665593,2.475845410628019,,,,,
19,67.7536231884058,29.770531400966185,2.475845410628019,,,,,
20,67.7938808373591,29.73027375201288,2.475845410628019,,,,,
21,67.20343531937735,25.49651100375738,2.442297369833602,4.85775630703167,,,,
22,67.23027375201288,25.469672571121848,2.442297369833602,4.85775630703167,,,,
23,67.27724100912506,25.462962962962962,2.4020397208803006,4.85775630703167,,,,
24,67.14304884594739,25.597155126140635,2.4020397208803006,4.85775630703167,,,,
25,67.21685453569512,25.55689747718733,2.368491680085883,4.85775630703167,,,,
26,67.31078904991948,24.751744498121308,2.2946859903381642,3.2206119162640903,2.100107353730542,0.322061191626409,,
27,67.31078904991948,24.751744498121308,2.2946859903381642,3.2206119162640903,2.100107353730542,0.322061191626409,,
28,67.41814278046162,24.644390767579175,2.2946859903381642,3.2206119162640903,2.100107353730542,0.322061191626409,,
29,57.57514761137949,34.50751476113795,2.2946859903381642,3.2206119162640903,2.0799785292538915,0.322061191626409,,
30,57.63553408480945,34.20558239398819,2.536231884057971,3.2206119162640903,2.0799785292538915,0.322061191626409,,
31,55.58910359634997,36.28556092324208,2.5026838432635534,3.2206119162640903,2.0799785292538915,0.322061191626409,,
32,55.66961889425657,36.218464841653244,2.5026838432635534,3.207192699946323,2.0799785292538915,0.322061191626409,,
33,55.75013419216318,36.16478797638218,2.475845410628019,3.207192699946323,2.0799785292538915,0.322061191626409,,
34,52.281266774020395,39.63365539452496,2.475845410628019,3.207192699946323,2.0799785292538915,0.322061191626409,,
35,52.38191089640365,39.231078904991946,2.475845410628019,3.207192699946323,2.0128824476650564,0.6910896403650026,,
36,52.55636070853462,39.110305958132045,2.475845410628019,3.1870638754696725,1.9793344068706387,0.6910896403650026,,
37,43.384326355340846,50.06038647342995,2.0933977455716586,2.945517981749866,1.1943102522812667,0.322061191626409,,
38,41.51234567901235,51.932367149758456,2.0933977455716586,2.945517981749866,1.1943102522812667,0.322061191626409,,
39,41.56602254428341,51.878690284487384,2.0933977455716586,2.945517981749866,1.1943102522812667,0.322061191626409,,
40,41.720343531937736,51.77133655394525,2.059849704777241,2.932098765432099,1.1943102522812667,0.322061191626409,,
41,41.84782608695652,51.33521202361782,2.059849704777241,2.8918411164787976,1.1943102522812667,0.6709608158883521,,
42,42.28395061728395,50.905797101449274,2.059849704777241,2.8918411164787976,1.1943102522812667,0.6642512077294686,,
43,42.40472356414385,50.234836285560924,2.059849704777241,3.4420289855072466,1.1943102522812667,0.6642512077294686,,
44,42.32420826623725,50.07380568974772,1.9860440150295222,3.4420289855072466,1.5096618357487923,0.6642512077294686,,
45,42.41814278046162,49.67122920021471,1.9860440150295222,3.4286097691894795,1.5096618357487923,0.9863123993558777,,
46,40.96886741814278,49.060654857756305,1.9860440150295222,3.4286097691894795,3.569511540526033,0.9863123993558777,,
47,41.23054213633924,48.8593666129898,1.9860440150295222,3.3950617283950617,3.5426731078904994,0.9863123993558777,,
48,41.2842190016103,48.80568974771873,1.9860440150295222,3.3950617283950617,3.5426731078904994,0.9863123993558777,,
49,41.39157273215244,48.698336017176594,1.9860440150295222,3.629898013955985,3.307836822329576,0.9863123993558777,,
50,41.659957058507786,48.44337090713902,1.9726247987117553,3.629898013955985,3.307836822329576,0.9863123993558777,,
51,41.54589371980676,48.611111111111114,1.9726247987117553,3.5963499731615673,3.2877079978529253,0.9863123993558777,,
52,40.90177133655394,48.429951690821255,1.9726247987117553,3.5963499731615673,4.1129898013955986,0.9863123993558777,,
53,40.975577026301664,47.54428341384863,1.9726247987117553,3.5762211486849167,4.1129898013955986,1.8183038110574343,,
54,41.035963499731615,47.48389694041868,1.9726247987117553,3.5762211486849167,4.1129898013955986,1.8183038110574343,,
55,39.19753086419753,47.36983360171766,1.9726247987117553,3.549382716049383,4.086151368760064,1.8048845947396672,2.01959205582394,
56,39.28475577026302,47.32286634460547,1.9659151905528718,3.549382716049383,4.052603327965647,1.8048845947396672,2.01959205582394,
57,39.31830381105743,47.28931830381106,1.9659151905528718,3.3480944712828773,4.253891572732153,1.8048845947396672,2.01959205582394,
58,39.371980676328505,47.25577026301664,1.9659151905528718,3.3413848631239937,4.253891572732153,1.7914653784219001,2.01959205582394,
59,37.063875469672574,55.81723027375201,0.2885131508319914,1.9592055823939882,1.3754696725711217,1.4761137949543746,2.01959205582394,
60,37.11084272678475,55.77026301663983,0.2885131508319914,1.9592055823939882,1.3754696725711217,1.4761137949543746,2.01959205582394,
61,37.27187332259796,55.703166935050994,0.2885131508319914,1.865271068169619,1.3754696725711217,1.4761137949543746,2.01959205582394,
62,37.4194847020934,55.57568438003221,0.2885131508319914,1.865271068169619,1.3754696725711217,1.4761137949543746,1.9994632313472893,
63,36.2788513150832,56.716317767042405,0.2885131508319914,1.865271068169619,1.3754696725711217,1.4761137949543746,1.9994632313472893,
64,36.3191089640365,56.676060118089104,0.2885131508319914,1.865271068169619,1.3754696725711217,1.4761137949543746,1.9994632313472893,
65,36.560654857756305,56.447933440687066,0.27509393451422437,1.865271068169619,1.3754696725711217,1.4761137949543746,1.9994632313472893,
66,36.64787976382179,56.36070853462158,0.27509393451422437,1.865271068169619,1.3754696725711217,1.4761137949543746,1.9994632313472893,
67,33.279656468062264,59.88325281803543,0.2616747181964573,1.865271068169619,1.2345679012345678,1.4761137949543746,1.9994632313472893,
68,33.52120236178207,59.64170692431562,0.2616747181964573,1.865271068169619,1.2345679012345678,1.4761137949543746,1.9994632313472893,
69,33.59500805152979,59.5679012345679,0.2616747181964573,1.865271068169619,1.2345679012345678,1.4761137949543746,1.9994632313472893,
70,33.62855609232421,59.534353193773484,0.2616747181964573,1.865271068169619,1.2345679012345678,1.4761137949543746,1.9994632313472893,
71,33.682232957595275,59.11164787976382,0.2616747181964573,1.8518518518518519,1.1808910359634996,1.9122383252818036,1.9994632313472893,
72,33.742619431025226,59.01771336553945,0.2616747181964573,1.8853998926462694,1.1808910359634996,1.9122383252818036,1.9994632313472893,
73,33.82984433709071,58.97074610842727,0.2616747181964573,1.8719806763285025,1.1808910359634996,1.9122383252818036,1.9726247987117553,
74,33.8768115942029,58.923778851315085,0.2616747181964573,1.8719806763285025,1.1808910359634996,1.9122383252818036,1.9726247987117553,
75,34.05797101449275,58.742619431025226,0.2616747181964573,1.8719806763285025,1.1808910359634996,1.9122383252818036,1.9726247987117553,
76,34.064680622651636,58.73590982286635,0.2616747181964573,1.8719806763285025,1.1808910359634996,1.9122383252818036,1.9726247987117553,
77,34.07139023081052,58.25952764358561,0.2616747181964573,1.8719806763285025,1.1808910359634996,2.38191089640365,1.9726247987117553,
78,34.16532474503489,58.17230273752013,0.2616747181964573,1.8719806763285025,1.1741814278046163,2.38191089640365,1.9726247987117553,
79,32.48121309715513,57.8166935050993,0.2616747181964573,3.911701556629093,1.1741814278046163,2.38191089640365,1.9726247987117553,
80,32.66237251744498,57.7361782071927,0.2616747181964573,3.8915727321524423,1.1741814278046163,2.301395598497048,1.9726247987117553,
81,32.50134192163178,56.427804616210416,0.2616747181964573,5.984970477724101,0.95276435856146,1.8988191089640365,1.9726247987117553,
82,32.085346215781,55.87761674718197,0.2616747181964573,5.984970477724101,1.9189479334406871,1.8988191089640365,1.9726247987117553,
83,32.29334406870639,55.67632850241546,0.2616747181964573,5.984970477724101,1.9189479334406871,1.892109500805153,1.9726247987117553,
84,32.49463231347289,55.475040257648956,0.2616747181964573,5.984970477724101,1.9189479334406871,1.892109500805153,1.9726247987117553,
85,32.769726247987116,55.22007514761138,0.2616747181964573,5.964841653247451,1.9189479334406871,1.892109500805153,1.9726247987117553,
86,32.78314546430489,55.20665593129361,0.2616747181964573,5.964841653247451,1.9189479334406871,1.892109500805153,1.9726247987117553,
87,32.82340311325819,55.16639828234031,0.2616747181964573,5.964841653247451,1.9189479334406871,1.892109500805153,1.9726247987117553,
88,32.8166935050993,54.96511003757381,0.2616747181964573,5.964841653247451,1.9189479334406871,1.892109500805153,2.1806226516371443,
89,32.84353193773484,54.93827160493827,0.2616747181964573,5.964841653247451,1.9189479334406871,1.892109500805153,2.1806226516371443,
90,29.522275899087493,57.46779388083736,0.2616747181964573,5.931293612453032,1.9189479334406871,2.717391304347826,2.1806226516371443,
91,29.59608158883521,57.43424584004294,0.2616747181964573,5.904455179817498,1.9189479334406871,2.703972088030059,2.1806226516371443,
92,28.824476650563607,54.83762748255502,3.656736446591519,5.877616747181965,1.9189479334406871,2.703972088030059,2.1806226516371443,
93,28.878153515834676,54.78395061728395,3.656736446591519,5.877616747181965,1.9189479334406871,2.703972088030059,2.1806226516371443,
94,29.1129898013956,54.589371980676326,3.656736446591519,5.877616747181965,1.90552871712292,2.703972088030059,2.15378421900161,
95,28.824476650563607,54.87788513150832,3.656736446591519,5.877616747181965,1.90552871712292,2.703972088030059,2.15378421900161,
96,28.85131508319914,54.851046698872786,3.656736446591519,5.877616747181965,1.90552871712292,2.703972088030059,2.15378421900161,
97,28.864734299516908,54.83762748255502,3.656736446591519,5.877616747181965,1.90552871712292,2.703972088030059,2.15378421900161,
98,29.012345679012345,54.723564143854,3.656736446591519,5.857487922705314,1.90552871712292,2.690552871712292,2.15378421900161,
99,28.784219001610307,52.02630166398282,3.9519592055823938,8.266237251744498,1.892109500805153,2.9253891572732154,2.15378421900161,
100,29.012345679012345,51.851851851851855,3.9519592055823938,8.246108427267847,1.892109500805153,2.8918411164787976,2.15378421900161,
101,29.052603327965645,51.82501341921632,3.9519592055823938,8.232689210950081,1.892109500805153,2.8918411164787976,2.15378421900161,
102,29.146537842190018,51.74449812130972,3.9519592055823938,8.219269994632313,1.892109500805153,2.8918411164787976,2.15378421900161,
103,29.260601180891037,51.670692431561996,3.9318303811057436,8.219269994632313,1.892109500805153,2.871712292002147,2.15378421900161,
104,29.367954911433173,51.58346752549651,3.9318303811057436,8.199141170155663,1.892109500805153,2.871712292002147,2.15378421900161,
105,29.408212560386474,50.986312399355874,1.8451422436929683,8.601717659688674,4.146537842190016,2.871712292002147,2.1403650026838434,
106,27.314814814814813,52.06655931293612,1.8451422436929683,9.86983360171766,4.146537842190016,2.8515834675254963,1.90552871712292,
107,27.42216854535695,51.95920558239399,1.8451422436929683,9.86983360171766,4.146537842190016,2.8515834675254963,1.90552871712292,
108,27.51610305958132,51.86527106816962,1.8451422436929683,9.86983360171766,4.146537842190016,2.8515834675254963,1.90552871712292,
109,27.623456790123456,51.75791733762748,1.8451422436929683,9.86983360171766,4.146537842190016,2.8515834675254963,1.90552871712292,
110,27.83816425120773,51.630434782608695,1.8451422436929683,9.836285560923242,4.119699409554482,2.8247450348899625,1.90552871712292,
111,27.992485238862052,51.590177133655395,1.7646269457863661,9.836285560923242,4.086151368760064,2.8247450348899625,1.90552871712292,
112,28.44873859366613,51.47611379495437,1.737788513150832,9.426999463231347,4.180085882984434,2.8247450348899625,1.90552871712292,
113,28.5829307568438,51.37546967257112,1.737788513150832,9.39345142243693,4.180085882984434,2.8247450348899625,1.90552871712292,
114,28.6231884057971,51.33521202361782,1.737788513150832,9.39345142243693,4.180085882984434,2.8247450348899625,1.90552871712292,
115,28.898282340311326,51.21443907675792,1.737788513150832,9.252549651100376,4.180085882984434,2.8247450348899625,1.892109500805153,
116,28.951959205582394,51.187600644122384,1.737788513150832,9.252549651100376,4.1532474503489,2.8247450348899625,1.892109500805153,
117,28.965378421900162,51.17418142780462,1.737788513150832,9.252549651100376,4.1532474503489,2.8247450348899625,1.892109500805153,
118,28.985507246376812,50.738056897477186,1.737788513150832,9.219001610305957,4.602791196994096,2.8247450348899625,1.892109500805153,
119,29.05931293612453,50.67096081588835,1.737788513150832,9.212292002147075,4.602791196994096,2.8247450348899625,1.892109500805153,
120,27.006172839506174,38.91572732152442,0.6172839506172839,6.796833064949007,22.322866344605476,2.4490069779924855,1.892109500805153,
121,27.194041867954912,38.808373590982285,0.6172839506172839,6.796833064949007,22.24235104669887,2.4490069779924855,1.892109500805153,
122,27.30139559849705,38.7614063338701,0.6172839506172839,6.796833064949007,22.18196457326892,2.4490069779924855,1.892109500805153,
123,27.677133655394524,38.47289318303811,0.6172839506172839,6.796833064949007,22.134997316156735,2.4221685453569513,1.8786902844873858,
124,27.70397208803006,38.446054750402574,0.6172839506172839,6.796833064949007,22.134997316156735,2.4221685453569513,1.8786902844873858,
125,26.127214170692433,36.69484702093398,4.280730005367687,6.796833064949007,22.074610842726784,2.147074610842727,1.8786902844873858,
126,26.214439076757916,36.64117015566291,4.280730005367687,6.790123456790123,22.04777241009125,2.147074610842727,1.8786902844873858,
127,26.37546967257112,36.50697799248524,4.280730005367687,6.776704240472356,22.034353193773484,2.147074610842727,1.8786902844873858,
128,26.42914653784219,36.480139559849704,4.253891572732153,6.776704240472356,22.034353193773484,2.147074610842727,1.8786902844873858,
129,26.50295222758991,36.41975308641975,4.253891572732153,6.776704240472356,22.020933977455716,2.147074610842727,1.8786902844873858,
130,26.77133655394525,36.26543209876543,4.2270531400966185,6.776704240472356,21.93370907139023,2.147074610842727,1.8786902844873858,
131,27.093397745571657,36.178207192699944,4.2270531400966185,6.776704240472356,21.93370907139023,2.147074610842727,1.6438539989264627,
132,27.449006977992486,35.950080515297905,4.200214707461084,6.729736983360172,21.89345142243693,2.13365539452496,1.6438539989264627,
133,27.51610305958132,35.889694041867955,4.200214707461084,6.729736983360172,21.89345142243693,2.13365539452496,1.6371443907675791,
134,27.34836285560923,35.67498658078368,4.200214707461084,5.58239398819109,21.557971014492754,2.13365539452496,3.502415458937198,
135,27.489264626945786,35.567632850241544,4.166666666666667,5.58239398819109,21.557971014492754,2.13365539452496,3.502415458937198,
136,27.563070316693505,35.560923242082666,4.139828234031133,5.58239398819109,21.517713365539453,2.13365539452496,3.502415458937198,
137,27.76435856146001,35.39318303811057,4.139828234031133,5.58239398819109,21.497584541062803,2.13365539452496,3.488996242619431,
138,27.85829307568438,35.32608695652174,4.126409017713366,5.58239398819109,21.484165324745035,2.13365539452496,3.488996242619431,
139,27.925389157273216,35.09125067096082,4.361245303274289,5.58239398819109,21.43719806763285,2.13365539452496,3.4688674181427803,
140,28.10654857756307,35.01073537305421,4.327697262479871,5.58239398819109,21.390230810520666,2.13365539452496,3.44873859366613,
141,28.33467525496511,34.94363929146538,4.213633923778851,5.58239398819109,21.36339237788513,2.13365539452496,3.4286097691894795,
142,28.401771336553946,34.90338164251208,4.213633923778851,5.58239398819109,21.336553945249598,2.13365539452496,3.4286097691894795,
143,28.609769189479334,34.84970477724101,4.213633923778851,5.495169082125604,21.26945786366076,2.13365539452496,3.4286097691894795,
144,28.6231884057971,34.836285560923244,4.213633923778851,5.448201825013419,21.101717659688674,2.13365539452496,3.643317230273752,
145,28.703703703703702,34.66183574879227,4.213633923778851,5.448201825013419,21.034621578099838,2.13365539452496,3.8043478260869565,
146,28.764090177133657,34.6081588835212,4.213633923778851,5.448201825013419,20.725979602791195,2.13365539452496,3.8043478260869565,0.30193236714975846
147,28.871443907675793,34.554482018250134,4.206924315619967,5.448201825013419,20.69243156199678,2.13365539452496,3.7909286097691894,0.30193236714975846
148,29.11969940955448,34.42028985507246,4.206924315619967,5.428073000536768,20.618625872249062,2.13365539452496,3.770799785292539,0.30193236714975846
149,29.126409017713364,34.42028985507246,4.206924315619967,5.428073000536768,20.611916264090176,2.13365539452496,3.770799785292539,0.30193236714975846
150,29.28743961352657,34.39345142243693,4.106280193236715,5.428073000536768,20.578368223295758,2.13365539452496,3.770799785292539,0.30193236714975846
151,24.053945249597422,41.438539989264626,4.079441760601181,5.173107890499195,19.75979602791197,2.13365539452496,3.0595813204508855,0.30193236714975846
152,24.18142780461621,41.33118625872249,4.079441760601181,5.173107890499195,19.73966720343532,2.13365539452496,3.0595813204508855,0.30193236714975846
153,24.396135265700483,41.15002683843264,4.079441760601181,5.173107890499195,19.706119162640903,2.13365539452496,3.0595813204508855,0.30193236714975846
154,24.50348899624262,41.116478797638216,4.079441760601181,5.173107890499195,19.652442297369834,2.120236178207193,3.052871712292002,0.30193236714975846
155,24.52361782071927,41.096349973161566,4.079441760601181,5.173107890499195,19.652442297369834,2.120236178207193,3.052871712292002,0.30193236714975846
156,24.46323134728932,39.79468599033817,4.079441760601181,5.152979066022544,19.07541599570585,3.4822866344605474,3.6500268384326353,0.30193236714975846
157,24.610842726784757,39.700751476113794,4.079441760601181,5.152979066022544,19.048577563070317,3.4822866344605474,3.6231884057971016,0.30193236714975846
158,24.235104669887278,39.06333870101986,4.045893719806763,6.387546967257112,19.048577563070317,3.294417606011809,3.6231884057971016,0.30193236714975846
159,24.382716049382715,38.92914653784219,4.045893719806763,6.380837359098229,19.04186795491143,3.294417606011809,3.6231884057971016,0.30193236714975846
160,24.52361782071927,38.848631239935585,4.045893719806763,6.380837359098229,19.04186795491143,3.2742887815351582,3.5829307568438002,0.30193236714975846
161,24.67793880837359,38.747987117552334,4.045893719806763,6.380837359098229,19.0150295222759,3.2474503488996245,3.5829307568438002,0.30193236714975846
162,24.778582930756844,38.18438003220612,4.045893719806763,6.857219538378959,19.00161030595813,3.2474503488996245,3.5829307568438002,0.30193236714975846
163,24.86580783682233,38.1105743424584,4.045893719806763,6.857219538378959,18.988191089640367,3.2474503488996245,3.5829307568438002,0.30193236714975846
164,24.912775093934513,38.06360708534621,4.045893719806763,6.857219538378959,18.988191089640367,3.2474503488996245,3.5829307568438002,0.30193236714975846
165,25.02012882447665,37.795222758990874,4.045893719806763,6.857219538378959,18.988191089640367,3.408480944712829,3.5829307568438002,0.30193236714975846
166,25.161030595813205,37.76167471819646,4.045893719806763,6.816961889425658,18.92109500805153,3.408480944712829,3.5829307568438002,0.30193236714975846
167,25.315351583467525,37.72141706924316,4.045893719806763,6.816961889425658,18.80703166935051,3.408480944712829,3.5829307568438002,0.30193236714975846
168,25.40257648953301,37.72141706924316,4.045893719806763,6.8035426731078905,18.773483628556093,3.3950617283950617,3.556092324208266,0.30193236714975846
169,25.59044551798175,37.58722490606549,4.045893719806763,6.8035426731078905,18.719806763285025,3.3950617283950617,3.556092324208266,0.30193236714975846
170,25.77831454643049,37.5,4.045893719806763,6.702898550724638,18.719806763285025,3.3950617283950617,3.556092324208266,0.30193236714975846
171,25.738056897477186,37.09742351046699,4.045893719806763,6.696188942565755,18.283682232957595,4.314278046162104,3.5225442834138487,0.30193236714975846
172,26.039989264626946,37.003488996242616,4.019055287171229,6.6760601180891035,18.223295759527645,4.213633923778851,3.5225442834138487,0.30193236714975846
173,26.194310252281266,36.902844873859365,4.019055287171229,6.662640901771336,18.183038110574344,4.213633923778851,3.5225442834138487,0.30193236714975846
174,22.134997316156735,32.83682232957595,3.683574879227053,3.2541599570585076,30.60252281266774,4.133118625872249,3.052871712292002,0.30193236714975846
175,22.262479871175522,32.82340311325819,3.683574879227053,3.2541599570585076,30.48845947396672,4.133118625872249,3.052871712292002,0.30193236714975846
176,22.63150831991412,32.80327428878154,3.388352120236178,3.2541599570585076,30.434782608695652,4.133118625872249,3.052871712292002,0.30193236714975846
177,22.725442834138487,32.76301663982824,3.361513687600644,3.2541599570585076,30.407944176060116,4.133118625872249,3.052871712292002,0.30193236714975846
178,22.953569511540525,32.648953301127214,3.260869565217391,3.2541599570585076,30.394524959742352,4.133118625872249,3.052871712292002,0.30193236714975846
179,23.161567364465917,32.56172839506173,3.260869565217391,3.2541599570585076,30.273752012882447,4.133118625872249,3.052871712292002,0.30193236714975846
180,23.020665593129362,31.95786366076221,3.260869565217391,3.1468062265163717,31.125872249060656,4.133118625872249,3.052871712292002,0.30193236714975846
181,23.1682769726248,31.870638754696724,3.260869565217391,3.1468062265163717,31.092324208266238,4.133118625872249,3.026033279656468,0.30193236714975846
182,23.221953837895867,31.83709071390231,3.260869565217391,3.1468062265163717,30.870907139023082,4.334406870638754,3.026033279656468,0.30193236714975846
183,23.329307568438004,31.776704240472355,3.260869565217391,3.1468062265163717,30.823939881910896,4.334406870638754,3.026033279656468,0.30193236714975846
184,23.67149758454106,31.716317767042405,3.113258185721954,3.1468062265163717,30.709876543209877,4.314278046162104,3.026033279656468,0.30193236714975846
185,23.62453032742888,31.655931293612454,3.240740740740741,3.1468062265163717,30.689747718733226,4.314278046162104,3.026033279656468,0.30193236714975846
186,23.872785829307567,31.528448738593667,3.240740740740741,3.126677402039721,30.589103596349972,4.314278046162104,3.026033279656468,0.30193236714975846
187,23.8191089640365,31.528448738593667,3.240740740740741,4.931561996779388,28.837895866881375,4.314278046162104,3.026033279656468,0.30193236714975846
188,23.906333870101985,31.49490069779925,3.240740740740741,4.931561996779388,28.83118625872249,4.26731078904992,3.026033279656468,0.30193236714975846
189,23.93317230273752,31.4747718733226,3.240740740740741,4.931561996779388,28.824476650563607,4.26731078904992,3.026033279656468,0.30193236714975846
190,24.02710681696189,31.44122383252818,3.240740740740741,4.931561996779388,28.764090177133657,4.26731078904992,3.026033279656468,0.30193236714975846
191,24.074074074074073,30.99838969404187,3.2139023081052067,4.931561996779388,28.388352120236178,4.180085882984434,3.911701556629093,0.30193236714975846
192,24.22168545356951,30.95813204508857,3.2139023081052067,4.931561996779388,28.28099838969404,4.180085882984434,3.911701556629093,0.30193236714975846
193,24.27536231884058,30.92458400429415,3.2139023081052067,4.911433172302737,28.28099838969404,4.180085882984434,3.911701556629093,0.30193236714975846
194,24.3894256575416,30.891035963499732,3.193773483628556,4.911433172302737,28.22061191626409,4.180085882984434,3.911701556629093,0.30193236714975846
195,24.36929683306495,30.891035963499732,3.193773483628556,4.87788513150832,27.42216854535695,4.180085882984434,3.911701556629093,1.1540526033279657
196,24.812130971551262,30.817230273752013,3.193773483628556,4.864465915190553,27.234299516908212,4.180085882984434,3.8714439076757916,1.0265700483091786
197,25.033548040794418,30.730005367686527,3.193773483628556,4.750402576489533,27.22758990874933,4.166666666666667,3.8714439076757916,1.0265700483091786
198,25.254965110037574,30.629361245303276,3.1602254428341383,4.736983360171766,27.15378421900161,4.166666666666667,3.8714439076757916,1.0265700483091786
199,25.717928073000536,30.595813204508858,3.1333870101986045,4.736983360171766,26.77133655394525,4.146537842190016,3.8714439076757916,1.0265700483091786
200,25.805152979066023,30.50858829844337,3.1065485775630703,4.7168545356951155,26.717659688674182,4.247181964573269,3.8714439076757916,1.0265700483091786
201,26.167471819645733,30.193236714975846,3.0931293612453032,4.683306494900698,26.717659688674182,4.247181964573269,3.8714439076757916,1.0265700483091786
202,26.31508319914117,30.132850241545892,3.0931293612453032,4.622920021470746,26.69753086419753,4.240472356414386,3.8714439076757916,1.0265700483091786
203,26.50966183574879,30.099302200751477,3.0931293612453032,4.622920021470746,26.536500268384327,4.240472356414386,3.8714439076757916,1.0265700483091786
204,26.84514224369297,29.958400429414922,3.079710144927536,4.5960815888352125,26.402308105206657,4.2203435319377345,3.8714439076757916,1.0265700483091786
205,26.89210950080515,29.958400429414922,3.0327428878153517,4.5960815888352125,26.402308105206657,4.2203435319377345,3.8714439076757916,1.0265700483091786
206,26.650563607085346,29.334406870638755,5.132850241545894,4.5960815888352125,25.328770799785293,4.106280193236715,3.844605475040258,1.0064412238325282
207,26.54320987654321,29.461889425657542,5.132850241545894,4.5893719806763285,25.315351583467525,4.106280193236715,3.844605475040258,1.0064412238325282
208,26.73107890499195,29.274020397208805,5.132850241545894,4.5893719806763285,25.315351583467525,4.106280193236715,3.844605475040258,1.0064412238325282
209,27.093397745571657,29.26731078904992,5.132850241545894,4.5893719806763285,24.9597423510467,4.106280193236715,3.844605475040258,1.0064412238325282
210,27.254428341384862,29.22705314009662,5.132850241545894,4.582662372517445,24.84567901234568,4.106280193236715,3.844605475040258,1.0064412238325282
211,27.38191089640365,29.17337627482555,5.132850241545894,4.549114331723027,24.56387546967257,4.3478260869565215,3.844605475040258,1.0064412238325282
212,27.415458937198068,28.723832528180353,5.072463768115942,4.549114331723027,24.50348899624262,4.884594739667204,3.844605475040258,1.0064412238325282
213,27.51610305958132,28.683574879227052,5.045625335480408,4.549114331723027,24.490069779924852,4.864465915190553,3.844605475040258,1.0064412238325282
214,27.70397208803006,28.6231884057971,5.045625335480408,4.522275899087493,24.416264090177133,4.864465915190553,3.8177670424047236,1.0064412238325282
215,27.657004830917874,28.25415995705851,5.045625335480408,4.522275899087493,24.382716049382715,4.864465915190553,4.26731078904992,1.0064412238325282
216,27.677133655394524,28.25415995705851,5.045625335480408,4.522275899087493,24.362587224906065,4.864465915190553,4.26731078904992,1.0064412238325282
217,27.717391304347824,27.891841116478798,5.045625335480408,4.508856682769726,24.302200751476114,5.260332796564681,4.26731078904992,1.0064412238325282
218,27.83816425120773,27.811325818572197,5.045625335480408,4.508856682769726,24.261943102522814,5.260332796564681,4.26731078904992,1.0064412238325282
219,27.945517981749866,27.78448738593666,5.045625335480408,4.508856682769726,24.214975845410628,5.260332796564681,4.233762748255502,1.0064412238325282
220,27.95222758990875,27.78448738593666,5.045625335480408,4.508856682769726,24.174718196457327,5.394524959742351,4.133118625872249,1.0064412238325282
221,27.985775630703166,27.78448738593666,5.045625335480408,4.508856682769726,24.14117015566291,5.394524959742351,4.133118625872249,1.0064412238325282
222,28.039452495974235,27.750939345142243,5.045625335480408,4.508856682769726,24.14117015566291,5.387815351583468,4.119699409554482,1.0064412238325282
223,28.247450348899623,27.63016639828234,5.025496511003757,4.508856682769726,24.10091250670961,5.387815351583468,4.119699409554482,0.9796027911969941
224,28.368223295759528,27.58990874932904,5.025496511003757,4.508856682769726,24.033816425120772,5.387815351583468,4.106280193236715,0.9796027911969941
225,28.535963499731615,27.563070316693505,5.025496511003757,4.508856682769726,23.906333870101985,5.387815351583468,4.092860976918948,0.9796027911969941
226,28.509125067096083,27.053140096618357,4.87788513150832,4.4753086419753085,24.67793880837359,5.3341384863123995,4.092860976918948,0.9796027911969941
227,28.428609769189478,26.496242619431026,4.87788513150832,5.3341384863123995,24.67793880837359,5.320719269994632,3.8848631239935587,0.9796027911969941
228,28.522544283413847,26.44927536231884,4.85775630703167,5.3341384863123995,24.651100375738057,5.320719269994632,3.8848631239935587,0.9796027911969941
229,28.690284487385938,26.44927536231884,4.85775630703167,5.307300053676865,24.510198604401502,5.320719269994632,3.8848631239935587,0.9796027911969941
230,28.73054213633924,26.42914653784219,4.85775630703167,5.300590445517981,24.496779388083738,5.320719269994632,3.8848631239935587,0.9796027911969941
231,28.918411164787976,26.08695652173913,4.85775630703167,5.273752012882448,24.46323134728932,5.548845947396672,3.8714439076757916,0.9796027911969941
232,28.992216854535695,26.04669887278583,4.85775630703167,5.246913580246914,24.456521739130434,5.548845947396672,3.8714439076757916,0.9796027911969941
233,28.992216854535695,26.04669887278583,4.85775630703167,5.246913580246914,24.456521739130434,5.548845947396672,3.8714439076757916,0.9796027911969941
234,29.032474503488995,26.03327965646806,4.85775630703167,5.246913580246914,24.44981213097155,5.542136339237788,3.8580246913580245,0.9796027911969941
235,29.066022544283413,26.019860440150296,4.8376274825550185,5.246913580246914,24.44981213097155,5.542136339237788,3.8580246913580245,0.9796027911969941
236,29.11969940955448,25.999731615673646,4.804079441760601,5.246913580246914,24.44981213097155,5.542136339237788,3.8580246913580245,0.9796027911969941
237,28.92512077294686,25.51663982823403,4.804079441760601,5.246913580246914,25.140901771336555,5.542136339237788,3.844605475040258,0.9796027911969941
238,29.0727321524423,25.49651100375738,4.804079441760601,5.246913580246914,25.013419216317768,5.542136339237788,3.844605475040258,0.9796027911969941
239,29.1129898013956,25.469672571121848,4.797369833601718,5.246913580246914,25.006709608158882,5.542136339237788,3.844605475040258,0.9796027911969941
240,29.146537842190018,25.462962962962962,4.797369833601718,5.246913580246914,24.838969404186795,5.542136339237788,3.844605475040258,1.1205045625335481
241,28.488996242619432,25.261674718196456,4.797369833601718,5.246913580246914,25.751476113794954,5.542136339237788,3.7909286097691894,1.1205045625335481
242,28.629898013955984,25.087224906065487,4.797369833601718,5.246913580246914,25.43612453032743,5.542136339237788,4.139828234031133,1.1205045625335481
243,28.844605475040257,24.93961352657005,4.797369833601718,5.246913580246914,25.39586688137413,5.515297906602254,4.139828234031133,1.1205045625335481
244,28.837895866881375,24.9194847020934,4.797369833601718,5.246913580246914,25.449543746645197,5.488459473966721,4.139828234031133,1.1205045625335481
245,28.945249597423512,24.89935587761675,4.797369833601718,5.246913580246914,25.40257648953301,5.488459473966721,4.0995705850778315,1.1205045625335481
246,28.992216854535695,24.89935587761675,4.797369833601718,5.246913580246914,25.355609232420825,5.488459473966721,4.0995705850778315,1.1205045625335481
247,29.146537842190018,24.838969404186795,4.797369833601718,5.186527106816962,25.32206119162641,5.488459473966721,4.0995705850778315,1.1205045625335481
248,29.381374127750938,24.818840579710145,4.797369833601718,5.092592592592593,25.214707461084274,5.488459473966721,4.086151368760064,1.1205045625335481
249,29.542404723564143,24.805421363392377,4.797369833601718,5.0791733762748255,25.0805152979066,5.548845947396672,4.066022544283414,1.0802469135802468
250,29.736983360171767,24.745034889962426,4.777241009125067,5.0791733762748255,25.02012882447665,5.548845947396672,4.012345679012346,1.0802469135802468
251,29.824208266237253,24.691358024691358,4.7168545356951155,5.12614063338701,25.0,5.548845947396672,4.012345679012346,1.0802469135802468
252,30.005367686527105,24.664519592055825,4.7168545356951155,5.0858829844337095,24.912775093934513,5.522007514761138,4.012345679012346,1.0802469135802468
253,30.14626945786366,24.58400429414922,4.7168545356951155,5.0858829844337095,24.89935587761675,5.501878690284487,3.9855072463768115,1.0802469135802468
254,30.300590445517983,24.530327428878152,4.7168545356951155,5.0858829844337095,24.838969404186795,5.495169082125604,3.9519592055823938,1.0802469135802468
255,30.595813204508858,24.530327428878152,4.7168545356951155,5.005367686527107,24.792002147074612,5.35426731078905,3.9519592055823938,1.0534084809447128
256,30.64278046162104,24.490069779924852,4.7168545356951155,4.998658078368224,24.792002147074612,5.35426731078905,3.9519592055823938,1.0534084809447128
257,30.763553408480945,24.490069779924852,4.7168545356951155,4.9718196457326895,24.724906065485776,5.35426731078905,3.9519592055823938,1.0265700483091786
258,30.9044551798175,24.48336017176597,4.676596886741814,4.898013955984971,24.704777241009126,5.35426731078905,3.9519592055823938,1.0265700483091786
259,31.00509930220075,24.40955448201825,4.676596886741814,4.898013955984971,24.691358024691358,5.340848094471283,3.9519592055823938,1.0265700483091786
260,31.132581857219538,24.288781535158346,4.676596886741814,4.898013955984971,24.691358024691358,5.3341384863123995,3.9519592055823938,1.0265700483091786
261,31.226516371443907,24.08749329039184,4.790660225442834,4.898013955984971,24.684648416532475,5.3341384863123995,3.9519592055823938,1.0265700483091786
262,31.280193236714975,24.08749329039184,4.777241009125067,4.898013955984971,24.65780998389694,5.3274288781535155,3.9452495974235107,1.0265700483091786
263,31.427804616210413,24.08749329039184,4.777241009125067,4.898013955984971,24.550456253354803,5.3274288781535155,3.9049919484702094,1.0265700483091786
264,31.508319914117017,24.020397208803004,4.777241009125067,4.898013955984971,24.550456253354803,5.3274288781535155,3.8915727321524423,1.0265700483091786
265,31.57541599570585,23.98684916800859,4.750402576489533,4.898013955984971,24.54374664519592,5.3274288781535155,3.8915727321524423,1.0265700483091786
266,31.716317767042405,23.939881910896403,4.74369296833065,4.898013955984971,24.476650563607084,5.307300053676865,3.8915727321524423,1.0265700483091786
267,29.488727858293075,20.645464304884594,4.42163177670424,4.898013955984971,30.360976918947934,5.307300053676865,3.851315083199141,1.0265700483091786
268,29.622920021470748,20.618625872249062,4.414922168545357,4.898013955984971,30.273752012882447,5.293880837359098,3.851315083199141,1.0265700483091786
269,29.844337090713903,20.29656468062265,4.414922168545357,4.898013955984971,30.17981749865808,5.293880837359098,4.045893719806763,1.0265700483091786
270,29.918142780461622,20.242887815351583,4.414922168545357,4.898013955984971,30.159688674181428,5.293880837359098,4.045893719806763,1.0265700483091786
271,29.938271604938272,20.095276435856146,4.602791196994096,4.871175523349437,30.12614063338701,5.293880837359098,4.045893719806763,1.0265700483091786
272,29.97181964573269,20.095276435856146,4.918142780461621,4.871175523349437,29.790660225442835,5.280461621041331,4.045893719806763,1.0265700483091786
273,30.14626945786366,19.83360171765969,4.918142780461621,4.8376274825550185,29.790660225442835,4.9651100375738055,4.4820182501341925,1.0265700483091786
274,30.173107890499196,19.83360171765969,4.918142780461621,4.8376274825550185,29.790660225442835,4.938271604938271,4.4820182501341925,1.0265700483091786
275,30.280461621041333,19.806763285024154,4.884594739667204,4.8376274825550185,29.790660225442835,4.891304347826087,4.4820182501341925,1.0265700483091786
276,30.3743961352657,19.806763285024154,4.884594739667204,4.783950617283951,29.78395061728395,4.85775630703167,4.4820182501341925,1.0265700483091786
277,30.709876543209877,19.732957595276435,4.851046698872786,4.622920021470746,29.750402576489535,4.8376274825550185,4.468599033816425,1.0265700483091786
278,30.823939881910896,19.665861513687602,4.851046698872786,4.622920021470746,29.736983360171767,4.8376274825550185,4.441760601180891,1.0198604401502953
279,30.88432635534085,19.665861513687602,4.851046698872786,4.616210413311863,29.71014492753623,4.830917874396135,4.42163177670424,1.0198604401502953
280,30.99838969404187,19.538378958668815,4.824208266237251,4.616210413311863,29.448470209339774,4.830917874396135,4.723564143853999,1.0198604401502953
281,31.166129898013956,19.45786366076221,4.824208266237251,4.616210413311863,29.367954911433173,4.824208266237251,4.723564143853999,1.0198604401502953
282,31.44122383252818,19.390767579173378,4.824208266237251,5.300590445517981,28.61647879763822,4.683306494900698,4.723564143853999,1.0198604401502953
283,31.723027375201287,19.390767579173378,4.824208266237251,5.293880837359098,28.515834675254965,4.683306494900698,4.549114331723027,1.0198604401502953
284,32.024959742351044,19.390767579173378,4.669887278582931,5.293880837359098,28.368223295759528,4.683306494900698,4.549114331723027,1.0198604401502953
285,32.15244229736983,19.363929146537842,4.669887278582931,5.293880837359098,28.267579173376276,4.683306494900698,4.549114331723027,1.0198604401502953
286,32.23295759527644,19.363929146537842,4.669887278582931,5.293880837359098,28.187063875469672,4.683306494900698,4.549114331723027,1.0198604401502953
287,32.27321524422974,19.350509930220074,4.669887278582931,5.293880837359098,28.16022544283414,4.683306494900698,4.549114331723027,1.0198604401502953
288,32.340311325818575,19.330381105743424,4.669887278582931,5.293880837359098,28.12667740203972,4.669887278582931,4.549114331723027,1.0198604401502953
289,32.608695652173914,19.229736983360173,4.656468062265164,5.24020397208803,28.026033279656467,4.669887278582931,4.549114331723027,1.0198604401502953
290,32.68250134192163,19.229736983360173,4.656468062265164,5.226784755770263,27.965646806226516,4.669887278582931,4.549114331723027,1.0198604401502953
291,32.76301663982824,19.176060118089104,4.656468062265164,5.226784755770263,27.945517981749866,4.663177670424047,4.549114331723027,1.0198604401502953
292,33.031400966183575,19.176060118089104,4.64975845410628,5.226784755770263,27.68384326355341,4.663177670424047,4.549114331723027,1.0198604401502953
293,33.07836822329576,19.176060118089104,4.64975845410628,5.226784755770263,27.636876006441224,4.663177670424047,4.549114331723027,1.0198604401502953
294,33.1857219538379,19.14922168545357,4.64975845410628,5.22007514761138,27.58990874932904,4.663177670424047,4.522275899087493,1.0198604401502953
295,32.971014492753625,19.37734836285561,4.64975845410628,5.2066559312936125,27.58990874932904,4.663177670424047,4.522275899087493,1.0198604401502953
296,33.02469135802469,19.37734836285561,4.64975845410628,5.2066559312936125,27.536231884057973,4.663177670424047,4.522275899087493,1.0198604401502953
297,33.13875469672571,19.316961889425656,4.64975845410628,5.186527106816962,27.502683843263554,4.663177670424047,4.522275899087493,1.0198604401502953
