,45,50,52,55,54,51,53,56,57,58,59,60
0,99.81884057971014,0.18115942028985507,,,,,,,,,,
1,97.638217928073,2.3617820719269993,,,,,,,,,,
2,93.3641975308642,6.635802469135802,,,,,,,,,,
3,85.26570048309179,14.734299516908212,,,,,,,,,,
4,81.56199677938808,18.438003220611915,,,,,,,,,,
5,74.308910359635,25.261674718196456,0.4294149221685454,,,,,,,,,
6,73.64465915190553,25.925925925925927,0.4294149221685454,,,,,,,,,
7,71.34997316156736,28.079710144927535,0.4294149221685454,0.14090177133655393,,,,,,,,
8,63.63392377885131,35.79575952764358,0.4294149221685454,0.14090177133655393,,,,,,,,
9,63.79495437466452,35.560923242082666,0.4294149221685454,0.2147074610842727,,,,,,,,
10,57.45437466451959,41.015834675254965,0.4294149221685454,1.1003757380568975,,,,,,,,
11,57.59527643585615,40.72061191626409,0.4294149221685454,1.2546967257112185,,,,,,,,
12,57.53488996242619,39.22436929683307,2.200751476113795,0.8051529790660226,0.23483628556092323,,,,,,,
13,56.95115405260333,39.76784755770263,2.200751476113795,0.8051529790660226,0.23483628556092323,0.040257648953301126,,,,,,
14,55.85748792270532,40.76757917337628,2.24771873322598,0.8051529790660226,0.23483628556092323,0.08722490606548577,,,,,,
15,50.09393451422437,39.02308105206656,2.24771873322598,0.8923778851315083,0.23483628556092323,7.50805152979066,,,,,,
16,48.90633387010199,40.22410091250671,2.24771873322598,0.8923778851315083,0.23483628556092323,7.494632313472893,,,,,,
17,43.88083735909823,47.44363929146538,0.4227053140096618,0.7313472893183038,0.06038647342995169,7.461084272678476,,,,,,
18,43.55877616747182,46.90016103059581,0.4227053140096618,0.8722490606548577,0.06038647342995169,8.185721953837897,,,,,,
19,42.47852925389157,41.90150295222759,0.4227053140096618,0.8118625872249061,0.06038647342995169,11.553945249597424,2.771068169618894,,,,,
20,42.330917874396135,41.91492216854536,0.4227053140096618,0.9460547504025765,0.06038647342995169,11.460010735373054,2.771068169618894,0.0939345142243693,,,,
21,38.94256575415996,46.10842726784756,0.4227053140096618,0.8655394524959742,,11.453301127214171,2.1135265700483092,0.0939345142243693,,,,
22,38.98282340311326,46.03462157809984,0.4227053140096618,0.8655394524959742,,11.486849168008588,2.1135265700483092,0.0939345142243693,,,,
23,34.675254965110035,48.611111111111114,0.3824476650563607,0.9125067096081588,,13.264895330112722,2.059849704777241,0.0939345142243693,,,,
24,34.735641438539986,47.356414385399894,0.4227053140096618,1.2412775093934514,,13.009930220075148,2.8918411164787976,0.3421900161030596,,,,
25,33.21926999463231,51.509661835748794,0.4227053140096618,1.2412775093934514,,10.352925389157273,2.871712292002147,0.3824476650563607,,,,
26,33.41384863123994,51.268115942028984,0.4227053140096618,1.328502415458937,0.05367686527106817,10.171765968867419,2.871712292002147,0.46967257112184646,,,,
27,33.44739667203435,51.247987117552334,0.4227053140096618,1.3687600644122384,0.05367686527106817,10.171765968867419,2.85829307568438,0.4294149221685454,,,,
28,31.54186795491143,47.18196457326892,0.27509393451422437,2.368491680085883,0.24154589371980675,16.069511540526033,1.892109500805153,0.4294149221685454,,,,
29,31.749865807836823,46.95383789586688,0.27509393451422437,2.4825550187869028,0.24154589371980675,16.022544283413847,1.8451422436929683,0.4294149221685454,,,,
30,31.843800322061192,46.90016103059581,0.27509393451422437,2.4825550187869028,0.24154589371980675,15.982286634460548,1.8451422436929683,0.4294149221685454,,,,
31,29.542404723564143,48.101180891035966,0.10735373054213634,2.4221685453569513,0.19457863660762212,17.505367686527105,1.8451422436929683,0.28180354267310787,,,,
32,29.414922168545356,43.17632850241546,3.549382716049383,2.0263016639828235,0.19457863660762212,19.39747718733226,1.8451422436929683,0.39586688137412773,,,,
33,27.4422973698336,45.13553408480945,3.616478797638218,2.0263016639828235,0.19457863660762212,19.35721953837896,1.8451422436929683,0.3824476650563607,,,,
34,23.658078368223297,49.14787976382179,3.6097691894793345,1.9659151905528718,0.19457863660762212,19.129092860976918,1.8451422436929683,0.4495437466451959,,,,
35,23.255501878690286,49.543746645195924,3.6097691894793345,2.0397208803005906,0.19457863660762212,18.773483628556093,1.8451422436929683,0.7380568974771873,,,,
36,23.396403650026837,49.44981213097155,3.6097691894793345,2.0397208803005906,0.7514761137949544,18.169618894256576,1.8451422436929683,0.7380568974771873,,,,
37,23.30246913580247,47.82608695652174,3.5829307568438002,2.0397208803005906,2.509393451422437,18.10252281266774,1.8451422436929683,0.7917337627482555,,,,
38,23.429951690821255,47.57783145464305,3.5829307568438002,2.1739130434782608,2.509393451422437,18.089103596349972,1.8451422436929683,0.7917337627482555,,,,
39,23.416532474503487,47.51073537305421,3.569511540526033,2.428878153515835,2.509393451422437,18.06226516371444,1.710950080515298,0.7917337627482555,,,,
40,22.839506172839506,46.222490606548575,5.287171229200215,2.4691358024691357,2.5496511003757383,18.115942028985508,1.7042404723564144,0.8118625872249061,,,,
41,22.765700483091788,45.20263016639828,7.675791733762749,3.435319377348363,2.5496511003757383,15.975577026301664,1.7042404723564144,0.6910896403650026,,,,
42,21.38352120236178,40.92860976918948,7.635534084809447,3.44873859366613,2.6838432635534084,21.544551798174986,1.6841116478797638,0.6910896403650026,,,,
43,21.504294149221685,40.68035426731079,7.434245840042942,3.7640901771336552,2.737520128824477,21.544551798174986,1.6438539989264627,0.6910896403650026,,,,
44,21.584809447128286,40.21739130434783,7.98443370907139,3.7640901771336552,2.7308105206655933,21.26274825550188,1.6438539989264627,0.8118625872249061,,,,
45,21.564680622651636,39.00295222758991,5.837359098228664,3.864734299516908,2.120236178207193,25.462962962962962,1.6438539989264627,0.5032206119162641,,,,
46,20.611916264090176,37.1309715512614,5.837359098228664,3.488996242619431,2.120236178207193,28.911701556629094,1.3687600644122384,0.5300590445517982,,,,
47,20.585077831454644,37.09742351046699,5.837359098228664,3.6366076221148687,2.120236178207193,28.824476650563607,1.3687600644122384,0.5300590445517982,,,,
48,20.202630166398283,36.44659151905529,5.803811057434245,3.643317230273752,2.120236178207193,29.851046698872786,1.3687600644122384,0.5636070853462157,,,,
49,20.37037037037037,36.38620504562534,5.723295759527644,3.643317230273752,2.120236178207193,29.74369296833065,1.3687600644122384,0.644122383252818,,,,
50,18.88083735909823,32.058507783145465,5.723295759527644,3.4420289855072466,2.462426194310252,35.38647342995169,1.3687600644122384,0.6776704240472357,,,,
51,17.92807300053677,29.864465915190554,5.689747718733226,3.4420289855072466,2.462426194310252,38.58024691358025,1.3486312399355878,0.6374127750939346,0.04696725711218465,,,
52,17.639559849704778,30.20665593129361,5.689747718733226,3.4286097691894795,2.462426194310252,38.539989264626946,1.3486312399355878,0.6374127750939346,0.04696725711218465,,,
53,17.62614063338701,29.455179817498657,7.890499194847021,3.3279656468062266,2.589908749329039,37.07058507783145,1.3486312399355878,0.644122383252818,0.04696725711218465,,,
54,14.546430488459475,36.86929683306495,7.843531937734836,3.5762211486849167,2.49597423510467,32.628824476650564,1.3486312399355878,0.644122383252818,0.04696725711218465,,,
55,14.620236178207193,36.8491680085883,7.816693505099302,3.569511540526033,2.49597423510467,32.58185721953838,1.3486312399355878,0.6709608158883521,0.04696725711218465,,,
56,12.869028448738593,38.81508319914117,7.816693505099302,3.435319377348363,2.49597423510467,32.25979602791197,1.3486312399355878,0.9125067096081588,0.04696725711218465,,,
57,11.79549114331723,41.7740203972088,7.306763285024155,3.2474503488996245,2.328234031132582,31.44122383252818,1.3486312399355878,0.7112184648416533,0.04696725711218465,,,
58,11.855877616747183,41.727053140096615,7.206119162640902,3.280998389694042,2.328234031132582,31.40096618357488,1.3486312399355878,0.7380568974771873,0.04696725711218465,0.06709608158883522,,
59,11.43317230273752,42.250402576489535,7.1725711218464845,3.280998389694042,2.314814814814815,31.09903381642512,1.583467525496511,0.7648953301127214,,0.10064412238325282,,
60,11.58749329039184,42.14975845410628,7.199409554482019,3.2541599570585076,2.314814814814815,31.04535695115405,1.583467525496511,0.7648953301127214,,0.10064412238325282,,
61,11.681427804616211,42.008856682769725,7.192699946323135,3.2541599570585076,2.368491680085883,31.04535695115405,1.583467525496511,0.7648953301127214,,0.10064412238325282,,
62,11.896135265700483,41.80085882984434,7.139023081052066,3.361513687600644,2.368491680085883,30.9849704777241,1.583467525496511,0.7648953301127214,,0.10064412238325282,,
63,11.52710681696189,38.7614063338701,5.159688674181428,3.2139023081052067,4.086151368760064,34.86312399355877,1.583467525496511,0.7045088566827697,,0.10064412238325282,,
64,11.674718196457327,38.57353730542136,5.159688674181428,3.1870638754696725,4.300858829844337,34.78931830381106,1.583467525496511,0.630703166935051,,0.10064412238325282,,
65,11.735104669887278,38.27160493827161,5.146269457863661,3.4688674181427803,4.300858829844337,34.695383789586685,1.583467525496511,0.6977992485238862,,0.10064412238325282,,
66,11.52710681696189,32.689210950080515,8.829844337090714,3.3413848631239937,4.300858829844337,36.882716049382715,1.8250134192163177,0.5032206119162641,,0.10064412238325282,,
67,10.674986580783683,29.361245303274288,8.829844337090714,2.301395598497048,3.9049919484702094,42.47852925389157,1.7981749865807837,0.5501878690284487,,0.10064412238325282,,
68,10.493827160493828,28.985507246376812,9.742351046698873,2.301395598497048,3.9049919484702094,42.08266237251745,1.7981749865807837,0.5904455179817498,,0.10064412238325282,,
69,10.715244229736983,28.83118625872249,9.71551261406334,2.2946859903381642,3.9049919484702094,41.93505099302201,1.7981749865807837,0.7045088566827697,,0.10064412238325282,,
70,10.762211486849168,28.059581320450885,9.688674181427805,2.368491680085883,3.9049919484702094,41.398282340311326,3.012614063338701,0.7045088566827697,,0.10064412238325282,,
71,10.547504025764896,27.47584541062802,7.997852925389157,2.4892646269457863,3.7640901771336552,42.88781535158347,3.408480944712829,1.328502415458937,,0.10064412238325282,,
72,10.715244229736983,27.375201288244767,7.971014492753623,2.9924852388620504,3.978797638217928,42.129629629629626,3.3950617283950617,1.3419216317767042,,0.10064412238325282,,
73,10.795759527643586,27.13365539452496,7.96430488459474,2.5697799248523885,4.012345679012346,43.68625872249061,2.408749329039184,1.328502415458937,,0.10064412238325282,,
74,9.883252818035427,24.308910359634996,7.96430488459474,2.073268921095008,1.932367149758454,50.0805152979066,2.3483628556092326,1.3083735909822867,,0.10064412238325282,,
75,9.98389694041868,24.053945249597422,7.856951154052603,2.328234031132582,1.9256575415995705,49.89264626945786,2.3483628556092326,1.402308105206656,,0.20799785292538917,,
76,8.709071390230811,21.517713365539453,6.293612453032743,2.301395598497048,1.9256575415995705,55.36768652710682,2.3483628556092326,1.328502415458937,,0.20799785292538917,,
77,8.447396672034353,21.021202361782073,6.266774020397209,2.3617820719269993,1.9927536231884058,55.9044551798175,2.3349436392914655,1.4626945786366077,,0.20799785292538917,,
78,8.729200214707461,20.974235104669887,6.213097155126141,2.341653247450349,1.9927536231884058,55.360976918947934,2.328234031132582,1.8518518518518519,,0.20799785292538917,,
79,8.917069243156199,20.893719806763286,6.1862587224906065,2.4154589371980677,1.9927536231884058,55.079173376274824,2.301395598497048,2.006172839506173,,0.20799785292538917,,
80,9.16532474503489,20.88030059044552,6.172839506172839,2.4154589371980677,1.9927536231884058,54.66317767042405,2.301395598497048,2.200751476113795,,0.20799785292538917,,
81,9.31964573268921,20.833333333333332,6.172839506172839,2.4154589371980677,1.9927536231884058,54.40150295222759,2.301395598497048,2.3550724637681157,,0.20799785292538917,,
82,9.426999463231347,20.739398819108963,6.159420289855072,2.5831991411701556,1.9659151905528718,54.24047235641439,2.301395598497048,2.3752012882447664,,0.20799785292538917,,
83,9.534353193773484,20.71256038647343,6.146001073537305,2.589908749329039,1.9659151905528718,54.07944176060118,2.301395598497048,2.462426194310252,,0.20799785292538917,,
84,9.648416532474503,20.705850778314545,6.146001073537305,2.576489533011272,1.9524959742351047,53.938539989264626,2.2745571658615136,2.522812667740204,,0.23483628556092323,,
85,9.708803005904455,20.638754696725712,6.400966183574879,3.180354267310789,1.9524959742351047,52.9320987654321,2.2745571658615136,2.677133655394525,,0.23483628556092323,,
86,9.71551261406334,20.343531937734838,8.581588835212024,2.844873859366613,1.9189479334406871,51.49624261943102,2.2745571658615136,2.589908749329039,,0.23483628556092323,,
87,9.708803005904455,20.1959205582394,8.581588835212024,2.844873859366613,1.778046162104133,51.48282340311326,2.2745571658615136,2.898550724637681,,0.23483628556092323,,
88,9.856414385399892,20.182501341921633,8.514492753623188,2.818035426731079,1.8048845947396672,51.42243692968331,2.2745571658615136,2.8515834675254963,0.040257648953301126,0.23483628556092323,,
89,9.98389694041868,20.108695652173914,8.507783145464305,3.0730005367686526,1.8048845947396672,51.03327965646806,2.2745571658615136,2.9388083735909825,0.040257648953301126,0.23483628556092323,,
90,10.0979602791197,19.98792270531401,8.454106280193237,3.1333870101986045,1.8048845947396672,50.77160493827161,2.2745571658615136,3.0931293612453032,0.14761137949543746,0.23483628556092323,,
91,10.23215244229737,19.920826623725173,8.420558239398819,3.9855072463768115,1.8048845947396672,49.7987117552335,2.2745571658615136,3.1468062265163717,0.18115942028985507,0.23483628556092323,,
92,10.285829307568438,19.90740740740741,8.360171765968868,4.066022544283414,1.8048845947396672,49.71148684916801,2.2745571658615136,3.193773483628556,0.18115942028985507,0.2147074610842727,,
93,10.178475577026301,19.249865807836823,10.218733225979603,3.8043478260869565,1.8048845947396672,49.21497584541063,1.8518518518518519,3.2541599570585076,0.18115942028985507,0.24154589371980675,,
94,10.258990874932904,18.585614600107355,10.815888352120236,3.8043478260869565,1.8048845947396672,49.17471819645733,1.8518518518518519,3.280998389694042,0.18115942028985507,0.24154589371980675,,
95,10.319377348362856,18.23671497584541,10.681696188942565,3.6366076221148687,3.7372517444981215,47.477187332259795,2.3349436392914655,3.1535158346752548,0.18115942028985507,0.24154589371980675,,
96,10.61460010735373,18.203166935050994,10.648148148148149,3.6366076221148687,3.7238325281803544,47.18196457326892,2.3215244229736984,3.2474503488996245,0.18115942028985507,0.24154589371980675,,
97,10.775630703166936,18.203166935050994,10.648148148148149,3.569511540526033,3.7909286097691894,47.02093397745572,2.3215244229736984,3.2474503488996245,0.18115942028985507,0.24154589371980675,,
98,10.36634460547504,17.444981213097154,16.935050993022006,3.5628019323671496,3.7909286097691894,42.04240472356415,2.3215244229736984,3.113258185721954,0.18115942028985507,0.24154589371980675,,
99,10.466988727858293,17.391304347826086,16.901502952227588,3.7104133118625873,3.750670960815888,41.88137412775094,2.3215244229736984,3.113258185721954,0.18115942028985507,0.28180354267310787,,
100,10.527375201288244,17.371175523349436,17.834138486312398,3.435319377348363,3.750670960815888,41.33118625872249,2.3215244229736984,2.965646806226516,0.18115942028985507,0.28180354267310787,,
101,8.76274825550188,14.774557165861514,17.216854535695116,3.1736446591519054,4.663177670424047,42.49865807836822,5.381105743424584,3.0931293612453032,0.18115942028985507,0.2549651100375738,,
102,8.957326892109501,14.700751476113794,17.143048845947398,3.1535158346752548,4.62962962962963,42.47181964573269,5.381105743424584,3.0931293612453032,0.2147074610842727,0.2549651100375738,,
103,9.091519055287172,14.687332259796028,17.07595276435856,3.1535158346752548,4.797369833601718,42.35775630703167,5.246913580246914,3.0931293612453032,0.24154589371980675,0.2549651100375738,,
104,9.232420826623725,14.680622651637144,17.028985507246375,3.240740740740741,4.783950617283951,42.32420826623725,5.233494363929147,2.9790660225442833,0.24154589371980675,0.2549651100375738,,
105,8.789586688137414,14.083467525496511,15.888352120236178,3.180354267310789,4.696725711218465,45.450885668276975,5.166398282340311,2.214170692431562,0.24154589371980675,0.2549651100375738,0.03354804079441761,
106,8.910359634997317,14.070048309178745,15.713902308105206,3.180354267310789,4.696725711218465,45.34353193773484,5.166398282340311,2.24771873322598,0.3824476650563607,0.2549651100375738,0.03354804079441761,
107,7.5348899624261945,17.639559849704778,15.60654857756307,3.113258185721954,4.683306494900698,45.209339774557165,3.193773483628556,2.281266774020397,0.4495437466451959,0.2549651100375738,0.03354804079441761,
108,7.467793880837359,17.351046698872786,13.573537305421363,2.5429414922168547,4.5960815888352125,47.99382716049383,3.180354267310789,2.4892646269457863,0.5166398282340311,0.2549651100375738,0.03354804079441761,
109,7.306763285024155,17.324208266237253,15.210681696188942,2.5429414922168547,4.562533548040794,46.95383789586688,3.046162104133119,2.214170692431562,0.5166398282340311,0.2549651100375738,0.06709608158883522,
110,6.515029522275899,16.51905528717123,21.79951690821256,2.2946859903381642,1.9390767579173376,45.49785292538916,2.85829307568438,2.1739130434782608,0.30193236714975846,0.10064412238325282,,
111,6.642512077294686,16.364734299516908,21.62506709608159,2.408749329039184,1.9390767579173376,45.26301663982824,2.8515834675254963,2.3617820719269993,0.4428341384863124,0.10064412238325282,,
112,6.749865807836822,16.364734299516908,21.62506709608159,2.408749329039184,1.9390767579173376,45.169082125603865,2.8381642512077296,2.3617820719269993,0.4428341384863124,0.10064412238325282,,
113,6.66935050993022,22.79253891572732,15.351583467525497,2.3752012882447664,1.9390767579173376,45.1154052603328,2.8381642512077296,2.3617820719269993,0.5367686527106817,0.020128824476650563,,
114,6.89747718733226,22.7187332259796,15.271068169618895,2.368491680085883,1.9994632313472893,44.847020933977454,2.818035426731079,2.522812667740204,0.5367686527106817,0.020128824476650563,,
115,7.0383789586688135,22.65163714439077,15.250939345142244,2.368491680085883,1.9994632313472893,44.79334406870639,2.818035426731079,2.522812667740204,0.5367686527106817,0.020128824476650563,,
116,6.998121309715513,22.550993022007514,15.653515834675256,2.61003757380569,2.2745571658615136,44.07541599570585,2.757648953301127,2.522812667740204,0.5367686527106817,0.020128824476650563,,
117,7.206119162640902,22.430220075147613,15.626677402039721,2.7241009125067097,2.2745571658615136,43.59903381642512,2.7442297369833604,2.8381642512077296,0.5367686527106817,0.020128824476650563,,
118,7.266505636070853,22.322866344605476,15.626677402039721,2.804616210413312,2.2745571658615136,43.384326355340846,2.7777777777777777,2.985775630703167,0.5367686527106817,0.020128824476650563,,
119,7.4006977992485234,22.289318303811058,15.619967793880837,2.804616210413312,2.24771873322598,43.323939881910896,2.791196994095545,2.965646806226516,0.5367686527106817,0.020128824476650563,,
120,7.581857219538379,22.269189479334408,15.552871712292003,2.804616210413312,2.24771873322598,43.02871712292002,2.791196994095545,3.166935050993022,0.5367686527106817,0.020128824476650563,,
121,7.816693505099302,22.249060654857757,15.53274288781535,2.804616210413312,2.227589908749329,42.901234567901234,2.7643585614600106,3.1468062265163717,0.5367686527106817,0.020128824476650563,,
122,7.950885668276973,22.208803005904453,15.53274288781535,2.804616210413312,2.227589908749329,42.81400966183575,2.757648953301127,3.1468062265163717,0.5367686527106817,0.020128824476650563,,
123,8.185721953837897,22.000805152979066,15.5126140633387,3.079710144927536,2.214170692431562,42.55904455179817,2.7442297369833604,3.1468062265163717,0.5367686527106817,0.020128824476650563,,
124,8.252818035426731,21.973966720343533,15.49248523886205,3.079710144927536,2.1940418679549114,42.47181964573269,2.7442297369833604,3.2340311325818574,0.5367686527106817,0.020128824476650563,,
125,8.387010198604402,21.89345142243693,15.458937198067632,3.113258185721954,2.1940418679549114,42.290660225442835,2.7442297369833604,3.361513687600644,0.5367686527106817,0.020128824476650563,,
126,8.454106280193237,21.866612989801396,15.344873859366613,3.113258185721954,2.1940418679549114,42.25711218464841,2.737520128824477,3.33467525496511,0.6776704240472357,0.020128824476650563,,
127,8.655394524959743,21.833064949006978,15.28448738593666,3.1065485775630703,2.187332259796028,42.11621041331186,2.737520128824477,3.3816425120772946,0.6776704240472357,0.020128824476650563,,
128,8.742619431025227,21.812936124530328,15.28448738593666,3.2139023081052067,2.15378421900161,41.99543746645196,2.737520128824477,3.361513687600644,0.6776704240472357,0.020128824476650563,,
129,8.527911969940956,15.465646806226516,12.647611379495437,2.999194847020934,1.6438539989264627,51.97933440687064,2.636876006441224,3.455448201825013,0.644122383252818,,,
130,8.246108427267847,15.351583467525497,12.607353730542137,2.9388083735909825,1.6371443907675791,43.934514224369295,11.600912506709609,3.0394524959742353,0.644122383252818,,,
131,8.333333333333334,15.103327965646805,12.580515297906603,2.9388083735909825,1.8988191089640365,43.86070853462158,11.600912506709609,3.0394524959742353,0.644122383252818,,,
132,8.393719806763285,15.069779924852389,12.567096081588835,2.898550724637681,2.6637144390767578,43.23671497584541,11.574074074074074,2.952227589908749,0.644122383252818,,,
133,8.53462157809984,15.009393451422437,12.493290391841116,2.8650026838432634,2.7308105206655933,43.08239398819109,11.574074074074074,3.066290928609769,0.644122383252818,,,
134,8.655394524959743,14.989264626945786,12.473161567364466,2.8650026838432634,2.7308105206655933,42.93478260869565,11.574074074074074,3.1333870101986045,0.644122383252818,,,
135,7.957595276435856,13.459473966720344,10.997047772410092,2.4020397208803006,2.462426194310252,48.36285560923242,10.909822866344605,2.5966183574879227,0.5032206119162641,0.3488996242619431,,
136,8.09849704777241,13.378958668813741,10.990338164251208,2.536231884057971,2.462426194310252,48.26221148684917,10.661567364465915,2.636876006441224,0.5837359098228664,0.38915727321524424,,
137,8.239398819108963,13.345410628019323,10.976918947933441,2.6502952227589907,2.462426194310252,47.80595813204509,10.621309715512615,2.9253891572732154,0.5837359098228664,0.38915727321524424,,
138,8.454106280193237,13.331991411701557,10.976918947933441,2.636876006441224,2.49597423510467,47.497316156736446,10.621309715512615,3.012614063338701,0.5837359098228664,0.38915727321524424,,
139,7.709339774557166,9.145195920558239,9.849704777241008,2.6704240472356413,2.442297369833602,57.447665056360705,6.884057971014493,3.1870638754696725,0.5837359098228664,0.08051529790660225,,
140,7.863660762211487,9.037842190016104,9.842995169082126,2.6704240472356413,2.5496511003757383,57.17928073000537,6.910896403650026,3.280998389694042,0.5837359098228664,0.08051529790660225,,
141,7.575147611379496,8.53462157809984,10.963499731615673,2.636876006441224,2.9119699409554483,56.53515834675255,6.769994632313473,3.280998389694042,0.5770263016639828,0.2147074610842727,,
142,7.675791733762749,8.53462157809984,10.950080515297907,2.6637144390767578,2.9119699409554483,56.414385399892645,6.743156199677939,3.3011272141706924,0.5904455179817498,0.2147074610842727,,
143,7.830112721417069,8.527911969940956,10.943370907139023,2.7442297369833604,2.898550724637681,56.19967793880837,6.716317767042405,3.33467525496511,0.5904455179817498,0.2147074610842727,,
144,7.957595276435856,8.474235104669887,10.943370907139023,2.7442297369833604,2.898550724637681,55.99838969404187,6.716317767042405,3.4621578099838968,0.5904455179817498,0.2147074610842727,,
145,8.004562533548041,8.467525496511003,10.789049919484702,3.0864197530864197,2.898550724637681,55.55555555555556,6.696188942565755,3.69699409554482,0.5904455179817498,0.2147074610842727,,
146,8.199141170155663,8.460815888352121,10.701825013419215,3.1333870101986045,2.844873859366613,55.40794417606012,6.629092860976919,3.730542136339238,0.6172839506172839,0.27509393451422437,,
147,8.319914117015566,8.407139023081053,10.681696188942565,3.1333870101986045,2.844873859366613,55.22678475577026,6.575415995705851,3.9184111647879765,0.6172839506172839,0.27509393451422437,,
148,8.467525496511003,8.420558239398819,10.648148148148149,3.1333870101986045,2.844873859366613,55.10601180891036,6.568706387546968,3.9184111647879765,0.6172839506172839,0.27509393451422437,,
149,8.09849704777241,6.239935587761675,10.50053676865271,3.307836822329576,2.844873859366613,57.669082125603865,6.414385399892646,3.9184111647879765,0.7313472893183038,0.27509393451422437,,
150,8.293075684380032,6.233225979602791,10.38647342995169,3.294417606011809,2.7979066022544283,57.35373054213634,6.414385399892646,4.072732152442297,0.9057971014492754,0.24825550187869028,,
151,8.467525496511003,6.219806763285024,10.38647342995169,3.4688674181427803,2.7979066022544283,57.21282877079979,6.239935587761675,4.052603327965647,0.9057971014492754,0.24825550187869028,,
152,8.507783145464305,6.219806763285024,10.38647342995169,3.4688674181427803,2.7979066022544283,57.045088566827694,6.239935587761675,4.180085882984434,0.9057971014492754,0.24825550187869028,,
153,8.635265700483092,5.917874396135265,10.339506172839506,3.81105743424584,3.5628019323671496,56.146001073537306,6.199677938808374,4.233762748255502,0.9057971014492754,0.24825550187869028,,
154,8.82313472893183,5.917874396135265,10.265700483091788,3.9452495974235107,3.5628019323671496,55.62936124530327,6.052066559312936,4.5960815888352125,0.9594739667203436,0.24825550187869028,,
155,8.809715512614064,5.870907139023081,10.695115405260333,3.9586688137412773,3.549382716049383,55.22007514761138,6.052066559312936,4.636339237788513,0.9594739667203436,0.24825550187869028,,
156,8.856682769726248,5.870907139023081,10.48040794417606,3.992216854535695,3.549382716049383,54.710144927536234,6.629092860976919,4.730273752012883,0.9326355340848095,0.24825550187869028,,
157,9.05126140633387,5.870907139023081,10.567632850241546,3.992216854535695,3.515834675254965,54.36124530327429,6.494900697799249,4.978529253891573,0.9326355340848095,0.23483628556092323,,
158,9.292807300053678,5.8239398819108965,10.567632850241546,4.0995705850778315,3.7775093934514223,54.05260332796565,6.280193236714976,4.951690821256038,0.9326355340848095,0.2214170692431562,,
159,7.930756843800322,5.6964573268921095,10.131508319914117,3.3011272141706924,2.6167471819645733,59.56119162640902,4.884594739667204,4.804079441760601,0.8521202361782072,0.2214170692431562,,
160,8.017981749865807,5.6964573268921095,10.104669887278583,3.33467525496511,2.6167471819645733,59.43370907139023,4.851046698872786,4.898013955984971,0.8252818035426731,0.2214170692431562,,
161,8.152173913043478,5.662909286097692,10.373054213633925,3.3682232957595275,2.6167471819645733,59.01100375738057,4.851046698872786,4.918142780461621,0.8252818035426731,0.2214170692431562,,
162,8.340042941492216,5.656199677938808,10.36634460547504,3.3682232957595275,2.6838432635534084,58.77616747181965,4.8443370907139025,4.918142780461621,0.8252818035426731,0.2214170692431562,,
163,8.427267847557703,5.609232420826624,10.299248523886206,3.44873859366613,3.569511540526033,57.91733762748255,4.8443370907139025,4.8376274825550185,0.8252818035426731,0.2214170692431562,,
164,8.715780998389693,5.609232420826624,10.272410091250672,3.44873859366613,3.549382716049383,57.729468599033815,4.824208266237251,4.804079441760601,0.8252818035426731,0.2214170692431562,,
165,8.78287707997853,5.609232420826624,10.245571658615138,3.4688674181427803,3.5225442834138487,57.66237251744498,4.824208266237251,4.8376274825550185,0.8252818035426731,0.2214170692431562,,
166,8.796296296296296,5.548845947396672,10.23215244229737,3.750670960815888,3.5225442834138487,57.47450348899624,4.824208266237251,4.804079441760601,0.8252818035426731,0.2214170692431562,,
167,8.896940418679549,5.528717122920021,10.218733225979603,3.750670960815888,3.5225442834138487,56.34728931830381,5.756843800322061,4.931561996779388,0.8252818035426731,0.2214170692431562,,
168,8.923778851315083,5.495169082125604,10.218733225979603,3.750670960815888,3.4957058507783145,55.63607085346216,5.730005367686527,5.703166935050993,0.8252818035426731,0.2214170692431562,,
169,8.977455716586151,5.394524959742351,12.788513150831992,3.750670960815888,3.026033279656468,52.73081052066559,5.689747718733226,6.387546967257112,0.9997316156736447,0.2549651100375738,,
170,9.084809447128288,4.938271604938271,12.4597423510467,4.066022544283414,3.374932903918411,52.30810520665593,6.273483628556092,6.266774020397209,0.9728931830381106,0.2549651100375738,,
171,9.145195920558239,4.938271604938271,12.426194310252281,4.066022544283414,3.374932903918411,52.02630166398282,6.253354804079442,6.508319914117015,1.0064412238325282,0.2549651100375738,,
172,9.125067096081589,4.891304347826087,12.406065485775631,4.072732152442297,3.374932903918411,51.76462694578637,6.756575415995706,6.347289318303811,1.0064412238325282,0.2549651100375738,,
173,9.359903381642512,4.891304347826087,12.345679012345679,4.139828234031133,3.361513687600644,51.52308105206656,6.743156199677939,6.414385399892646,0.966183574879227,0.2549651100375738,,
174,9.4873859366613,4.8443370907139025,12.332259796027913,4.300858829844337,3.3279656468062266,51.09366612989801,6.736446591519055,6.655931293612453,0.966183574879227,0.2549651100375738,,
175,9.668545356951155,4.8376274825550185,12.298711755233494,5.10601180891036,3.321256038647343,50.18115942028985,6.736446591519055,6.629092860976919,0.966183574879227,0.2549651100375738,,
176,9.749060654857756,4.8376274825550185,12.298711755233494,5.092592592592593,3.321256038647343,50.02012882447665,6.736446591519055,6.756575415995706,0.9326355340848095,0.2549651100375738,,
177,9.802737520128824,4.830917874396135,12.298711755233494,5.0858829844337095,3.321256038647343,49.342458400429415,7.37385936661299,6.756575415995706,0.9326355340848095,0.2549651100375738,,
178,9.876543209876543,4.830917874396135,12.157809983896941,5.132850241545894,3.321256038647343,49.28878153515835,7.266505636070853,6.870638754696726,0.9997316156736447,0.2549651100375738,,
179,10.044283413848632,4.830917874396135,12.157809983896941,5.22007514761138,3.4286097691894795,48.55743424584004,7.253086419753086,7.253086419753086,0.9997316156736447,0.2549651100375738,,
180,9.856414385399892,4.770531400966184,13.09044551798175,6.353998926462695,3.2877079978529253,47.18867418142781,7.14573268921095,7.092055823939882,0.9594739667203436,0.2549651100375738,,
181,9.903381642512077,4.770531400966184,13.09044551798175,6.380837359098229,3.2877079978529253,47.08803005904455,7.112184648416532,7.152442297369833,0.9594739667203436,0.2549651100375738,,
182,9.977187332259795,4.7638217928073,13.056897477187333,6.481481481481482,3.2877079978529253,46.73913043478261,7.098765432098766,7.380568974771873,0.9594739667203436,0.2549651100375738,,
183,9.749060654857756,4.066022544283414,12.412775093934513,6.052066559312936,2.965646806226516,49.20826623725174,7.098765432098766,7.353730542136339,0.8387010198604401,0.2549651100375738,,
184,9.742351046698873,4.066022544283414,12.25174449812131,6.662640901771336,2.932098765432099,48.57085346215781,7.098765432098766,7.568438003220612,0.8185721953837896,0.2549651100375738,0.03354804079441761,
185,9.896672034353195,4.066022544283414,12.245034889962426,6.655931293612453,2.9052603327965647,48.32259796027912,7.098765432098766,7.702630166398282,0.8185721953837896,0.2549651100375738,0.03354804079441761,
186,10.084541062801932,4.066022544283414,12.23161567364466,6.615673644659152,3.589640365002684,47.94015029522276,6.816961889425658,7.4208266237251745,0.8118625872249061,0.38915727321524424,0.03354804079441761,
187,10.21202361782072,4.066022544283414,12.177938808373591,6.649221685453569,3.589640365002684,47.698604401502955,6.78341384863124,7.588566827697263,0.8118625872249061,0.38915727321524424,0.03354804079441761,
188,9.03113258185722,10.48040794417606,10.829307568438002,6.233225979602791,3.4286097691894795,45.18250134192163,6.045356951154052,7.5348899624261945,0.8118625872249061,0.38915727321524424,0.03354804079441761,
189,9.151905528717123,10.473698336017177,10.802469135802468,6.233225979602791,3.4286097691894795,45.108695652173914,6.031937734836285,7.5348899624261945,0.8118625872249061,0.38915727321524424,0.03354804079441761,
190,9.292807300053678,10.446859903381643,10.768921095008052,6.219806763285024,3.3816425120772946,44.7463768115942,6.011808910359635,7.7361782071927,0.9728931830381106,0.38915727321524424,0.03354804079441761,
191,9.386741814278047,10.393183038110575,10.755501878690284,6.260064412238325,3.3816425120772946,44.65244229736983,6.038647342995169,7.7361782071927,0.9728931830381106,0.38915727321524424,0.03354804079441761,
192,9.541062801932368,10.38647342995169,10.72866344605475,6.501610305958132,3.3816425120772946,44.31025228126678,5.984970477724101,7.769726247987117,0.9728931830381106,0.38915727321524424,0.03354804079441761,
193,9.950348899624261,10.339506172839506,10.61460010735373,6.461352657004831,3.3950617283950617,44.14922168545357,5.938003220611916,7.75630703166935,0.9728931830381106,0.38915727321524424,0.03354804079441761,
194,10.104669887278583,10.339506172839506,10.59447128287708,6.333870101986044,3.388352120236178,43.75335480407944,5.938003220611916,8.004562533548041,1.1205045625335481,0.38915727321524424,0.03354804079441761,
195,10.077831454643048,10.326086956521738,10.487117552334944,6.9243156199677935,3.388352120236178,43.323939881910896,5.924584004294149,8.004562533548041,1.1205045625335481,0.38915727321524424,0.03354804079441761,
196,10.138217928073,10.326086956521738,10.513955984970478,6.877348362855609,3.388352120236178,43.25684380032206,5.964841653247451,7.991143317230274,1.1205045625335481,0.38915727321524424,0.03354804079441761,
197,10.23215244229737,10.138217928073,10.413311862587225,7.0383789586688135,3.374932903918411,43.05555555555556,5.9514224369296835,8.28636607622115,1.0869565217391304,0.38915727321524424,0.03354804079441761,
198,10.319377348362856,10.138217928073,10.272410091250672,7.024959742351046,3.374932903918411,42.914653784219,5.9514224369296835,8.521202361782072,1.06682769726248,0.3824476650563607,0.03354804079441761,
199,10.413311862587225,10.104669887278583,10.19189479334407,7.004830917874396,3.589640365002684,42.599302200751474,5.964841653247451,8.729200214707461,0.9863123993558777,0.3824476650563607,0.03354804079441761,
200,10.520665593129362,10.044283413848632,10.178475577026301,7.051798174986581,3.5829307568438002,42.21685453569511,6.595544820182502,8.413848631239935,0.9796027911969941,0.3824476650563607,0.03354804079441761,
201,10.681696188942565,10.030864197530864,10.178475577026301,7.058507783145465,3.5628019323671496,42.109500805152976,6.582125603864735,8.400429414922169,0.9796027911969941,0.3824476650563607,0.03354804079441761,
202,10.782340311325818,9.88996242619431,10.131508319914117,7.018250134192163,3.864734299516908,42.0222758990875,6.541867954911433,8.340042941492216,0.966183574879227,0.3824476650563607,0.03354804079441761,0.026838432635534086
203,10.856146001073537,9.88996242619431,10.131508319914117,7.018250134192163,3.864734299516908,41.948470209339774,6.541867954911433,8.340042941492216,0.966183574879227,0.3824476650563607,0.03354804079441761,0.026838432635534086
204,10.976918947933441,9.822866344605474,10.111379495437467,7.051798174986581,3.8580246913580245,41.908212560386474,6.541867954911433,8.340042941492216,0.9796027911969941,0.3488996242619431,0.03354804079441761,0.026838432635534086
205,11.117820719269995,9.728931830381105,10.071121846484166,7.03166935050993,3.8311862587224907,41.86795491143317,6.662640901771336,8.299785292538916,0.9796027911969941,0.3488996242619431,0.03354804079441761,0.026838432635534086
206,11.18491680085883,9.39345142243693,10.071121846484166,7.481213097155126,3.7640901771336552,41.78743961352657,6.629092860976919,8.299785292538916,0.9796027911969941,0.3488996242619431,0.03354804079441761,0.026838432635534086
207,11.345947396672035,9.359903381642512,9.769189479334408,7.48792270531401,3.7640901771336552,41.720343531937736,6.602254428341385,8.28636607622115,1.2546967257112185,0.3488996242619431,0.03354804079441761,0.026838432635534086
208,11.533816425120772,9.339774557165862,9.71551261406334,7.48792270531401,3.7640901771336552,41.619699409554485,6.575415995705851,8.299785292538916,1.2546967257112185,0.3488996242619431,0.03354804079441761,0.026838432635534086
209,11.600912506709609,9.326355340848094,9.71551261406334,7.407407407407407,3.844605475040258,41.458668813741276,6.521739130434782,8.353462157809984,1.3620504562533549,0.3488996242619431,0.03354804079441761,0.026838432635534086
210,11.741814278046162,9.31964573268921,9.71551261406334,7.548309178743962,3.81105743424584,41.243961352657,6.521739130434782,8.360171765968868,1.328502415458937,0.3488996242619431,0.03354804079441761,0.026838432635534086
211,11.782071926999464,9.31964573268921,9.728931830381105,7.689210950080516,3.81105743424584,41.0426731078905,6.521739130434782,8.380300590445518,1.3150831991411702,0.3488996242619431,0.03354804079441761,0.026838432635534086
212,11.345947396672035,9.31964573268921,8.232689210950081,6.132581857219538,3.5628019323671496,46.752549651100374,5.8172302737520125,7.561728395061729,0.8789586688137413,0.3488996242619431,0.020128824476650563,0.026838432635534086
213,11.493558776167472,9.31964573268921,8.219269994632313,6.132581857219538,3.5628019323671496,46.67874396135266,5.803811057434245,7.514761137949543,0.8789586688137413,0.3488996242619431,0.020128824476650563,0.026838432635534086
214,11.600912506709609,9.27938808373591,8.199141170155663,6.132581857219538,3.5628019323671496,46.63177670424047,5.803811057434245,7.481213097155126,0.8789586688137413,0.3488996242619431,0.05367686527106817,0.026838432635534086
215,11.721685453569512,8.964036500268385,8.179012345679013,6.146001073537305,3.9855072463768115,46.403650026838434,5.917874396135265,7.380568974771873,0.8722490606548577,0.3488996242619431,0.05367686527106817,0.026838432635534086
216,11.533816425120772,8.964036500268385,8.064949006977992,6.159420289855072,3.9452495974235107,46.06816961889426,6.568706387546968,7.39398819108964,0.8722490606548577,0.3488996242619431,0.05367686527106817,0.026838432635534086
217,11.748523886205046,8.957326892109501,8.017981749865807,6.1929683306494905,3.9452495974235107,45.61862587224906,6.447933440687064,7.729468599033816,0.8722490606548577,0.38915727321524424,0.05367686527106817,0.026838432635534086
218,11.896135265700483,8.957326892109501,8.017981749865807,6.179549114331723,4.025764895330113,45.32340311325819,6.421095008051529,7.836822329575953,0.8722490606548577,0.38915727321524424,0.05367686527106817,0.026838432635534086
219,11.896135265700483,8.957326892109501,8.017981749865807,6.179549114331723,4.066022544283414,45.17579173376275,6.414385399892646,7.950885668276973,0.8722490606548577,0.38915727321524424,0.05367686527106817,0.026838432635534086
220,12.070585077831455,8.863392377885132,8.548040794417606,5.917874396135265,4.045893719806763,44.840311325818575,6.414385399892646,7.897208803005904,0.9326355340848095,0.38915727321524424,0.05367686527106817,0.026838432635534086
221,12.204777241009126,8.863392377885132,8.487654320987655,6.239935587761675,3.9855072463768115,44.56521739130435,6.407675791733762,7.843531937734836,0.9326355340848095,0.38915727321524424,0.05367686527106817,0.026838432635534086
222,12.29200214707461,8.863392377885132,8.487654320987655,6.239935587761675,4.012345679012346,44.477992485238865,6.394256575415996,7.830112721417069,0.9326355340848095,0.38915727321524424,0.05367686527106817,0.026838432635534086
