,45,50,51,53,52,54,55,56,57
0,93.24342458400429,6.756575415995706,,,,,,,
1,88.09715512614063,11.902844873859367,,,,,,,
2,83.70236178207193,16.297638217928075,,,,,,,
3,73.87278582930757,23.201825013419217,1.4962426194310252,1.42914653784219,,,,,
4,73.0475040257649,24.053945249597422,1.4962426194310252,1.402308105206656,,,,,
5,69.3840579710145,23.483628556092324,5.730005367686527,1.402308105206656,,,,,
6,66.09634997316157,26.281535158346752,5.689747718733226,1.932367149758454,,,,,
7,48.72517444981213,43.612453032742884,6.447933440687064,1.2144390767579174,,,,,
8,44.37734836285561,45.78636607622115,6.716317767042405,1.2144390767579174,1.90552871712292,,,,
9,42.33762748255502,44.47128287707998,10.178475577026301,1.2144390767579174,1.7981749865807837,,,,
10,42.53220611916264,44.34380032206119,10.111379495437467,1.2144390767579174,1.7981749865807837,,,,
11,42.619431025228124,44.276704240472355,10.091250670960816,1.2144390767579174,1.7981749865807837,,,,
12,41.91492216854536,45.276435856146,9.796027911969942,1.2144390767579174,1.7981749865807837,,,,
13,40.89506172839506,44.20289855072464,10.742082662372518,2.3617820719269993,1.7981749865807837,,,,
14,41.17015566290929,44.07541599570585,10.654857756307031,2.341653247450349,1.7579173376274826,,,,
15,35.319377348362856,41.51234567901235,18.50509930220075,2.3349436392914655,1.737788513150832,0.5904455179817498,,,
16,35.38647342995169,41.49892646269458,18.47826086956522,2.3349436392914655,1.710950080515298,0.5904455179817498,,,
17,35.31266774020397,41.418411164787976,16.109769189479334,2.3349436392914655,4.247181964573269,0.5770263016639828,,,
18,32.98443370907139,41.6532474503489,15.619967793880837,4.918142780461621,4.247181964573269,0.5770263016639828,,,
19,33.03811057434246,41.6935050993022,15.593129361245303,4.918142780461621,4.180085882984434,0.5770263016639828,,,
20,32.26650563607085,41.58615136876006,16.6935050993022,4.918142780461621,4.166666666666667,0.36902844873859364,,,
21,29.542404723564143,44.34380032206119,16.659957058507782,4.918142780461621,4.166666666666667,0.36902844873859364,,,
22,27.657004830917874,46.812936124530324,16.57944176060118,4.441760601180891,4.139828234031133,0.36902844873859364,,,
23,27.958937198067634,46.5378421900161,16.57944176060118,4.414922168545357,4.139828234031133,0.36902844873859364,,,
24,22.309447128287708,52.885131508319915,15.881642512077295,4.414922168545357,4.139828234031133,0.36902844873859364,,,
25,22.363123993558776,51.992753623188406,16.847826086956523,4.28743961352657,4.139828234031133,0.36902844873859364,,,
26,22.443639291465377,48.8593666129898,15.318035426731079,4.28743961352657,7.702630166398282,0.36902844873859364,1.0198604401502953,,
27,21.906870638754697,43.78019323671498,20.40391841116479,4.28743961352657,8.232689210950081,0.36902844873859364,1.0198604401502953,,
28,16.881374127750938,48.35614600107354,21.430488459473967,4.28743961352657,6.246645195920558,0.36902844873859364,2.428878153515835,,
29,16.76731078904992,44.545088566827694,27.01959205582394,4.274020397208803,4.5960815888352125,0.36902844873859364,2.428878153515835,,
30,17.136339237788512,44.337090713902306,26.912238325281802,4.2203435319377345,4.5960815888352125,0.36902844873859364,2.428878153515835,,
31,17.2638217928073,43.80703166935051,26.89210950080515,4.2203435319377345,4.569243156199678,0.36902844873859364,2.8784219001610305,,
32,16.606280193236714,41.22383252818035,27.95222758990875,4.200214707461084,7.185990338164252,0.36902844873859364,2.462426194310252,,
33,16.344605475040257,40.89506172839506,26.221148684916802,4.528985507246377,9.286097691894794,0.36902844873859364,2.3550724637681157,,
34,15.995705850778315,36.32581857219538,32.92404723564144,2.147074610842727,9.883252818035427,0.36902844873859364,2.3550724637681157,,
35,16.17686527106817,36.211755233494365,31.810252281266774,2.0665593129361244,11.010466988727858,0.36902844873859364,2.3550724637681157,,
36,16.451959205582394,36.07756307031669,31.642512077294686,2.059849704777241,10.990338164251208,0.36902844873859364,2.408749329039184,,
37,16.525764895330113,36.03730542136339,31.608964036500268,2.059849704777241,10.990338164251208,0.36902844873859364,2.408749329039184,,
38,14.371980676328503,41.156736446591516,26.8719806763285,1.8451422436929683,12.00348899624262,0.36902844873859364,3.3816425120772946,,
39,12.258454106280194,29.663177670424048,36.94981213097155,6.642512077294686,10.352925389157273,0.8118625872249061,3.321256038647343,,
40,11.963231347289318,28.475577026301664,36.82903918411165,6.622383252818035,11.33923778851315,1.8585614600107354,2.9119699409554483,,
41,12.258454106280194,28.455448201825014,36.808910359635,6.615673644659152,11.178207192699947,1.8115942028985508,2.871712292002147,,
42,12.506709608158884,28.44873859366613,36.58749329039184,6.595544820182502,11.178207192699947,1.8115942028985508,2.871712292002147,,
43,13.023349436392914,28.099838969404185,35.75550187869028,7.454374664519592,10.983628556092324,1.8115942028985508,2.871712292002147,,
44,9.447128287707997,32.078636607622116,36.15807836822329,7.6556629092860975,9.849704777241008,1.8115942028985508,2.871712292002147,0.1274825550187869,
45,9.286097691894794,31.99141170155663,38.446054750402574,5.615942028985507,9.849704777241008,1.8115942028985508,2.871712292002147,0.1274825550187869,
46,9.500805152979066,31.91760601180891,38.446054750402574,5.58239398819109,9.742351046698873,1.8115942028985508,2.871712292002147,0.1274825550187869,
47,9.514224369296834,31.4345142243693,34.91009125067096,11.426462694578637,9.125067096081589,1.4224369296833066,2.0397208803005906,0.1274825550187869,
48,8.427267847557703,24.10091250670961,40.39855072463768,10.923242082662373,12.929414922168545,1.0534084809447128,2.0397208803005906,0.1274825550187869,
49,8.36688137412775,23.845947396672035,41.22383252818035,10.768921095008052,10.950080515297907,2.952227589908749,1.892109500805153,,
50,8.239398819108963,23.101180891035963,40.45222758990875,11.634460547504025,10.916532474503489,4.05931293612453,1.596886741814278,,
51,8.393719806763285,22.75228126677402,37.67444981213097,11.600912506709609,13.922436929683306,4.05931293612453,1.596886741814278,,
52,8.876811594202898,22.38996242619431,37.432903918411164,11.58749329039184,13.774825550187868,3.9989264626945786,1.596886741814278,0.3421900161030596,
53,9.03113258185722,22.38996242619431,37.39935587761675,11.560654857756306,13.6808910359635,3.9989264626945786,1.596886741814278,0.3421900161030596,
54,6.749865807836822,19.79334406870639,43.666129898013956,9.380032206119163,13.982823403113258,4.5893719806763285,1.4962426194310252,0.3421900161030596,
55,7.03166935050993,19.692699946323135,42.94820182501342,9.380032206119163,13.969404186795492,4.5893719806763285,1.4962426194310252,0.8923778851315083,
56,7.326892109500805,19.51825013419216,42.85426731078905,9.353193773483628,13.969404186795492,4.5893719806763285,1.4962426194310252,0.8923778851315083,
57,7.568438003220612,19.330381105743424,41.78743961352657,9.333064949006978,13.801663982823403,5.662909286097692,1.4962426194310252,0.8923778851315083,0.1274825550187869
58,7.9039184111647875,18.263553408480945,39.439076757917334,12.318840579710145,13.741277509393452,5.60252281266774,1.710950080515298,0.8923778851315083,0.1274825550187869
59,8.21256038647343,18.230005367686527,39.20424047235642,12.285292538915728,13.741277509393452,5.595813204508857,1.710950080515298,0.8923778851315083,0.1274825550187869
60,8.501073537305421,18.203166935050994,39.130434782608695,12.285292538915728,13.560118089103597,5.589103596349974,1.710950080515298,0.8923778851315083,0.1274825550187869
61,8.722490606548577,18.156199677938808,39.090177133655395,12.27187332259796,13.506441223832528,5.535426731078905,1.6975308641975309,0.8923778851315083,0.1274825550187869
62,8.917069243156199,18.10252281266774,39.00295222758991,12.224906065485776,13.499731615673644,5.535426731078905,1.6975308641975309,0.8923778851315083,0.1274825550187869
63,9.05126140633387,18.06897477187332,38.781535158346756,12.224906065485776,13.499731615673644,5.528717122920021,1.6975308641975309,1.0198604401502953,0.1274825550187869
64,9.178743961352657,18.06897477187332,38.687600644122384,12.224906065485776,13.47289318303811,5.522007514761138,1.6975308641975309,1.0198604401502953,0.1274825550187869
65,9.286097691894794,17.901234567901234,36.8491680085883,12.151100375738057,15.385131508319914,5.4549114331723025,1.8250134192163177,1.0198604401502953,0.1274825550187869
66,8.581588835212024,17.72007514761138,36.44659151905529,11.574074074074074,17.28395061728395,5.421363392377885,1.8250134192163177,1.0198604401502953,0.1274825550187869
67,8.715780998389693,17.72007514761138,36.37278582930757,11.540526033279656,17.257112184648417,5.421363392377885,1.8250134192163177,1.0198604401502953,0.1274825550187869
68,8.977455716586151,17.66639828234031,36.24530327428878,11.52710681696189,17.216854535695116,5.394524959742351,1.8250134192163177,1.0198604401502953,0.1274825550187869
69,8.427267847557703,16.67337627482555,42.089371980676326,10.782340311325818,14.197530864197532,4.690016103059581,1.8250134192163177,1.1876006441223832,0.1274825550187869
70,8.3467525496511,16.163446054750402,41.25067096081589,11.560654857756306,13.989533011272142,4.656468062265164,2.717391304347826,1.1876006441223832,0.1274825550187869
71,8.588298443370908,16.129898013955984,41.156736446591516,11.480139559849706,13.955984970477724,4.656468062265164,2.717391304347826,1.1876006441223832,0.1274825550187869
72,8.641975308641975,16.0829307568438,40.82125603864734,11.480139559849706,13.506441223832528,4.656468062265164,2.717391304347826,1.9659151905528718,0.1274825550187869
73,9.078099838969404,15.901771336553946,40.5931293612453,11.480139559849706,13.493022007514762,4.643048845947397,2.717391304347826,1.9659151905528718,0.1274825550187869
74,9.265968867418144,15.861513687600644,40.5126140633387,11.480139559849706,13.459473966720344,4.636339237788513,2.690552871712292,1.9659151905528718,0.1274825550187869
75,9.742351046698873,14.210950080515298,40.425389157273216,13.231347289318304,13.24476650563607,4.441760601180891,2.690552871712292,1.8853998926462694,0.1274825550187869
76,9.849704777241008,14.016371443907676,40.063070316693505,13.352120236178207,13.70101986044015,4.441760601180891,2.690552871712292,1.8853998926462694,
77,10.077831454643048,13.996242619431026,39.95571658615137,13.291733762748256,13.687600644122384,4.441760601180891,2.6637144390767578,1.8853998926462694,
78,10.299248523886206,13.976113794954374,39.94900697799248,13.285024154589372,13.546698872785829,4.428341384863124,2.657004830917874,1.8585614600107354,
79,10.077831454643048,12.305421363392378,39.59339774557166,12.842190016103059,16.23725174449812,4.428341384863124,2.657004830917874,1.8585614600107354,
80,9.178743961352657,9.822866344605474,38.81508319914117,12.218196457326892,21.450617283950617,4.005636070853462,2.6502952227589907,1.8585614600107354,
81,9.219001610305957,9.822866344605474,38.788244766505635,12.218196457326892,21.443907675791735,3.9989264626945786,2.6502952227589907,1.8585614600107354,
82,9.29951690821256,9.782608695652174,38.75469672571122,14.009661835748792,19.652442297369834,3.9989264626945786,2.6435856146001075,1.8585614600107354,
83,7.011540526033279,7.37385936661299,34.957058507783145,13.331991411701557,27.81803542673108,3.629898013955985,3.8043478260869565,2.073268921095008,
84,5.46833064949007,22.067901234567902,30.56897477187332,8.480944712828771,25.691089640365004,2.1269457863660763,3.5225442834138487,2.073268921095008,
85,5.562265163714439,22.067901234567902,33.01798174986581,7.494632313472893,24.000268384326354,2.1269457863660763,3.656736446591519,2.073268921095008,
86,5.629361245303274,20.98094471282877,32.82340311325819,7.326892109500805,23.906333870101985,2.1269457863660763,5.132850241545894,2.073268921095008,
87,5.730005367686527,20.94068706387547,32.79656468062265,7.300053676865271,23.906333870101985,2.120236178207193,5.132850241545894,2.073268921095008,
88,5.857487922705314,20.94068706387547,32.776435856146,7.300053676865271,23.79898013955985,2.120236178207193,5.132850241545894,2.073268921095008,
89,5.4616210413311865,18.4447128287708,35.82259796027912,7.219538378958669,22.463768115942027,3.3816425120772946,5.132850241545894,2.073268921095008,
90,5.199946323134729,18.075684380032207,43.72651637144391,7.219538378958669,16.841116478797638,2.9924852388620504,4.327697262479871,1.6170155662909287,
91,5.347557702630167,18.075684380032207,43.67954911433172,7.219538378958669,16.774020397208805,2.9924852388620504,4.294149221685454,1.6170155662909287,
92,5.394524959742351,17.21014492753623,36.218464841653244,7.085346215780999,25.254965110037574,2.9790660225442833,4.240472356414386,1.6170155662909287,
93,5.60252281266774,17.09608158883521,36.218464841653244,7.085346215780999,25.194578636607623,2.9790660225442833,4.206924315619967,1.6170155662909287,
94,5.609232420826624,16.968599033816425,38.51315083199141,7.065217391304348,24.456521739130434,2.9790660225442833,3.2340311325818574,1.1741814278046163,
95,5.776972624798712,16.935050993022006,38.446054750402574,7.065217391304348,24.4296833064949,2.9388083735909825,3.2340311325818574,1.1741814278046163,
96,6.011808910359635,16.874664519592056,38.24476650563607,7.065217391304348,22.79253891572732,4.562533548040794,3.1333870101986045,1.3150831991411702,
97,6.1929683306494905,16.80756843800322,37.936124530327426,6.971282877079979,23.101180891035963,4.562533548040794,3.1333870101986045,1.2949543746645196,
98,6.280193236714976,16.76731078904992,37.9092860976919,6.951154052603328,23.101180891035963,4.562533548040794,3.1333870101986045,1.2949543746645196,
99,6.582125603864735,16.76731078904992,37.70799785292539,6.951154052603328,22.933440687063875,4.542404723564144,3.1333870101986045,1.3821792807300053,
100,6.6827697262479875,16.70692431561997,37.7012882447665,6.951154052603328,22.899892646269457,4.542404723564144,3.1333870101986045,1.3821792807300053,
101,6.850509930220075,16.525764895330113,37.59393451422437,6.951154052603328,22.86634460547504,4.542404723564144,3.2877079978529253,1.3821792807300053,
102,6.884057971014493,16.525764895330113,40.53945249597424,5.555555555555555,21.30300590445518,4.542404723564144,3.280998389694042,1.3687600644122384,
103,6.629092860976919,7.011540526033279,38.53327965646806,18.96135265700483,21.20907139023081,3.629898013955985,2.657004830917874,1.3687600644122384,
104,6.582125603864735,6.736446591519055,37.3792270531401,18.92109500805153,22.75228126677402,3.629898013955985,2.6301663982823404,1.3687600644122384,
105,6.226516371443908,6.501610305958132,38.58024691358025,18.297101449275363,23.2085346215781,3.4822866344605474,2.61003757380569,1.093666129898014,
106,6.253354804079442,6.454643048845948,41.00912506709608,18.270263016639827,21.18894256575416,3.166935050993022,2.563070316693505,1.093666129898014,
107,5.783682232957595,5.790391841116479,50.395866881374126,15.559581320450885,15.915190552871712,2.85829307568438,2.677133655394525,1.0198604401502953,
108,5.971551261406334,5.783682232957595,50.375738056897475,15.499194847020934,15.841384863123993,2.831454643048846,2.677133655394525,1.0198604401502953,
109,5.253623188405797,3.455448201825013,55.743424584004295,14.143853998926463,15.08990874932904,2.6301663982823404,2.6637144390767578,1.0198604401502953,
110,4.898013955984971,3.361513687600644,57.67579173376275,13.94927536231884,13.801663982823403,2.6301663982823404,2.6637144390767578,1.0198604401502953,
111,5.300590445517981,3.3548040794417604,57.628824476650564,13.808373590982287,13.593666129898015,2.6301663982823404,2.6637144390767578,1.0198604401502953,
112,5.146269457863661,3.3548040794417604,59.10493827160494,13.6406333870102,13.519860440150294,2.1940418679549114,2.2745571658615136,0.6642512077294686,0.10064412238325282
113,5.703166935050993,3.3548040794417604,58.85668276972625,13.6406333870102,13.211218464841654,2.1940418679549114,2.2745571658615136,0.6642512077294686,0.10064412238325282
114,5.864197530864198,3.3548040794417604,58.7962962962963,13.553408480944713,13.197799248523886,2.1940418679549114,2.2745571658615136,0.6642512077294686,0.10064412238325282
115,5.9514224369296835,3.3548040794417604,58.73590982286635,13.553408480944713,13.170960815888352,2.1940418679549114,2.2745571658615136,0.6642512077294686,0.10064412238325282
116,6.139291465378422,3.3413848631239937,57.367149758454104,13.533279656468062,13.009930220075148,2.9253891572732154,2.2745571658615136,1.3083735909822867,0.10064412238325282
117,6.266774020397209,3.3413848631239937,52.51610305958132,13.513150831991412,18.23671497584541,2.462426194310252,2.2745571658615136,1.288244766505636,0.10064412238325282
118,6.421095008051529,3.3413848631239937,52.40874932903918,13.513150831991412,18.189747718733226,2.462426194310252,2.2745571658615136,1.288244766505636,0.10064412238325282
119,5.991680085882985,3.321256038647343,52.79790660225443,13.90901771336554,17.907944176060116,2.462426194310252,2.2745571658615136,1.2345679012345678,0.10064412238325282
120,6.132581857219538,3.321256038647343,52.73752012882448,13.882179280730005,17.901234567901234,2.4490069779924855,2.2745571658615136,1.2010198604401503,0.10064412238325282
121,5.3274288781535155,2.2879763821792807,57.48792270531401,12.634192163177671,16.35131508319914,2.254428341384863,2.2342995169082127,1.2010198604401503,0.2214170692431562
122,5.622651637144391,2.2879763821792807,57.25979602791197,12.620772946859903,16.33118625872249,2.254428341384863,2.2342995169082127,1.1674718196457328,0.2214170692431562
123,5.9514224369296835,2.2879763821792807,57.03166935050993,12.620772946859903,16.29092860976919,2.2208803005904456,2.2342995169082127,1.1406333870101986,0.2214170692431562
124,6.179549114331723,2.2879763821792807,56.816961889425656,12.620772946859903,16.27750939345142,2.2208803005904456,2.2342995169082127,1.1406333870101986,0.2214170692431562
125,6.421095008051529,2.2879763821792807,56.696188942565755,12.473161567364466,16.163446054750402,2.2208803005904456,2.2342995169082127,1.2815351583467525,0.2214170692431562
126,6.5485775630703165,2.2879763821792807,56.62238325281803,12.439613526570048,16.14331723027375,2.2208803005904456,2.2342995169082127,1.2815351583467525,0.2214170692431562
127,6.6827697262479875,2.2879763821792807,56.48819108964037,12.439613526570048,16.14331723027375,2.2208803005904456,2.2342995169082127,1.2815351583467525,0.2214170692431562
128,6.850509930220075,2.2879763821792807,56.387546967257116,12.412775093934513,16.10305958132045,2.2208803005904456,2.2342995169082127,1.2815351583467525,0.2214170692431562
129,6.736446591519055,2.187332259796028,55.501878690284485,12.412775093934513,15.94873859366613,3.488996242619431,2.2208803005904456,1.2815351583467525,0.2214170692431562
130,6.964573268921095,2.187332259796028,55.34084809447128,12.412775093934513,15.881642512077295,3.488996242619431,2.2208803005904456,1.2815351583467525,0.2214170692431562
131,7.185990338164252,2.187332259796028,55.152979066022546,12.399355877616747,15.881642512077295,3.488996242619431,2.200751476113795,1.2815351583467525,0.2214170692431562
132,7.347020933977456,2.187332259796028,54.5625335480408,12.399355877616747,15.11003757380569,4.851046698872786,2.187332259796028,1.133923778851315,0.2214170692431562
133,7.5348899624261945,2.1068169618894257,54.01234567901235,12.23161567364466,15.083199141170155,4.851046698872786,2.8247450348899625,1.133923778851315,0.2214170692431562
134,6.723027375201288,1.0265700483091786,64.38539989264628,8.07836822329576,10.909822866344605,4.488727858293076,2.9119699409554483,1.2546967257112185,0.2214170692431562
135,6.749865807836822,0.6910896403650026,64.31830381105743,8.07836822329576,10.661567364465915,4.4753086419753085,3.549382716049383,1.2546967257112185,0.2214170692431562
136,6.951154052603328,0.6910896403650026,64.16398282340312,8.07836822329576,10.648148148148149,4.448470209339774,3.549382716049383,1.247987117552335,0.2214170692431562
137,7.092055823939882,0.39586688137412773,65.48577563070317,9.373322597960279,9.554482018250134,3.8714439076757916,2.757648953301127,1.247987117552335,0.2214170692431562
138,7.179280730005368,0.39586688137412773,64.3719806763285,10.446859903381643,9.534353193773484,3.844605475040258,2.757648953301127,1.247987117552335,0.2214170692431562
139,7.300053676865271,0.39586688137412773,62.96967257112185,11.902844873859367,9.534353193773484,3.844605475040258,2.5831991411701556,1.247987117552335,0.2214170692431562
140,7.541599570585078,0.39586688137412773,62.61406333870102,11.896135265700483,9.453837895866881,3.8043478260869565,2.844873859366613,1.2278582930756843,0.2214170692431562
141,7.628824476650563,0.3757380568974772,60.82259796027912,11.889425657541599,9.41358024691358,4.388083735909823,2.804616210413312,2.4557165861513686,0.2214170692431562
142,7.514761137949543,0.3757380568974772,66.65995705850779,11.869296833064949,5.280461621041331,2.9589371980676327,2.804616210413312,2.314814814814815,0.2214170692431562
143,7.977724100912507,0.3757380568974772,66.34460547504025,11.842458400429415,5.273752012882448,2.85829307568438,2.791196994095545,2.314814814814815,0.2214170692431562
144,8.165593129361245,0.3757380568974772,66.22383252818035,11.81561996779388,5.267042404723564,2.8247450348899625,2.791196994095545,2.314814814814815,0.2214170692431562
145,8.494363929146537,0.3757380568974772,65.94873859366614,11.761943102522812,5.267042404723564,2.8247450348899625,2.791196994095545,2.314814814814815,0.2214170692431562
146,8.682232957595277,0.3757380568974772,65.41867954911433,12.781803542673108,5.065754159957058,2.8247450348899625,2.3550724637681157,2.2745571658615136,0.2214170692431562
147,8.883521202361782,0.36231884057971014,65.2710681696189,12.74825550187869,5.059044551798175,2.8247450348899625,2.3550724637681157,2.2745571658615136,0.2214170692431562
148,9.098228663446054,0.36231884057971014,63.7614063338701,12.74825550187869,5.059044551798175,2.8247450348899625,3.6768652710681695,2.24771873322598,0.2214170692431562
149,9.339774557165862,0.36231884057971014,63.399087493290395,12.74825550187869,5.052334943639291,2.8247450348899625,3.8043478260869565,2.24771873322598,0.2214170692431562
150,9.098228663446054,0.36231884057971014,60.34621578099839,12.72812667740204,7.27992485238862,3.0327428878153517,4.643048845947397,2.2879763821792807,0.2214170692431562
151,8.984165324745035,0.36231884057971014,58.01798174986581,11.446591519055287,9.816156736446592,3.0327428878153517,5.83064949006978,2.2879763821792807,0.2214170692431562
152,8.849973161567364,0.36231884057971014,58.675523349436396,11.386205045625335,9.702093397745571,2.6972624798711755,5.83064949006978,2.2745571658615136,0.2214170692431562
153,8.943907675791733,0.36231884057971014,57.87707997852925,11.386205045625335,9.668545356951155,2.6972624798711755,6.568706387546968,2.2745571658615136,0.2214170692431562
154,9.138486312399356,0.36231884057971014,57.769726247987116,11.386205045625335,9.64170692431562,2.6972624798711755,6.508319914117015,2.2745571658615136,0.2214170692431562
155,9.27938808373591,0.36231884057971014,57.66237251744498,11.386205045625335,9.608158883521202,2.6972624798711755,6.508319914117015,2.2745571658615136,0.2214170692431562
156,9.359903381642512,0.36231884057971014,57.6154052603328,11.386205045625335,9.574610842726784,2.6972624798711755,6.508319914117015,2.2745571658615136,0.2214170692431562
157,9.541062801932368,0.36231884057971014,57.48121309715513,11.386205045625335,9.554482018250134,2.6972624798711755,6.481481481481482,2.2745571658615136,0.2214170692431562
158,9.681964573268921,0.36231884057971014,57.27321524422974,11.332528180354267,9.554482018250134,2.6972624798711755,6.474771873322598,2.4020397208803006,0.2214170692431562
159,9.292807300053678,0.36231884057971014,54.2740203972088,10.513955984970478,14.358561460010735,2.120236178207193,6.454643048845948,2.4020397208803006,0.2214170692431562
160,9.514224369296834,0.36231884057971014,54.186795491143315,10.44015029522276,14.318303811057435,2.120236178207193,6.4345142243692965,2.4020397208803006,0.2214170692431562
161,9.567901234567902,0.36231884057971014,54.099570585077835,10.198604401502953,14.78797638217928,2.046430488459474,6.4345142243692965,2.4020397208803006,0.10064412238325282
162,9.802737520128824,0.36231884057971014,53.98550724637681,10.171765968867419,14.714170692431562,2.046430488459474,6.414385399892646,2.4020397208803006,0.10064412238325282
163,9.977187332259795,0.36231884057971014,53.86473429951691,10.171765968867419,14.700751476113794,2.046430488459474,6.400966183574879,2.3752012882447664,0.10064412238325282
164,8.742619431025227,0.36231884057971014,52.58990874932904,9.420289855072463,20.947396672034355,1.7713365539452497,4.079441760601181,1.9860440150295222,0.10064412238325282
165,8.984165324745035,0.36231884057971014,52.15378421900161,10.742082662372518,19.82018250134192,1.7713365539452497,4.079441760601181,1.9860440150295222,0.10064412238325282
166,9.145195920558239,0.35560923242082665,51.1003757380569,11.788781535158346,19.786634460547504,1.7713365539452497,3.965378421900161,1.9860440150295222,0.10064412238325282
167,9.172034353193773,0.3421900161030596,50.68438003220612,12.285292538915728,19.706119162640903,1.7713365539452497,3.9519592055823938,1.9860440150295222,0.10064412238325282
168,9.426999463231347,0.3421900161030596,50.456253354804076,12.258454106280194,19.57192699946323,1.7713365539452497,3.9519592055823938,2.120236178207193,0.10064412238325282
169,9.588030059044552,0.3421900161030596,50.32206119162641,12.258454106280194,19.545088566827697,1.7713365539452497,3.9519592055823938,2.120236178207193,0.10064412238325282
170,9.816156736446592,0.3421900161030596,50.09393451422437,12.218196457326892,19.47128287707998,1.7713365539452497,3.9519592055823938,2.2342995169082127,0.10064412238325282
171,9.98389694041868,0.3421900161030596,49.97987117552335,12.177938808373591,19.45786366076221,1.7713365539452497,3.9519592055823938,2.2342995169082127,0.10064412238325282
172,10.185185185185185,0.3421900161030596,49.93961352657005,12.104133118625873,19.384057971014492,1.7713365539452497,3.9519592055823938,2.2208803005904456,0.10064412238325282
173,10.272410091250672,0.3421900161030596,49.86580783682233,12.104133118625873,19.384057971014492,1.7713365539452497,3.9519592055823938,2.2074610842726785,0.10064412238325282
174,10.34621578099839,0.3421900161030596,49.765163714439076,12.077294685990339,18.243424584004295,2.985775630703167,3.9519592055823938,2.187332259796028,0.10064412238325282
175,10.681696188942565,0.3421900161030596,49.51690821256039,12.077294685990339,18.209876543209877,2.932098765432099,3.9519592055823938,2.187332259796028,0.10064412238325282
176,11.023886205045626,0.3421900161030596,49.2686527106817,12.06387546967257,18.129361245303276,2.932098765432099,3.9519592055823938,2.187332259796028,0.10064412238325282
177,11.285560923242082,0.3421900161030596,49.10762211486849,12.016908212560386,18.10252281266774,2.932098765432099,3.92512077294686,2.187332259796028,0.10064412238325282
178,11.43317230273752,0.3421900161030596,48.993558776167475,11.990069779924852,18.095813204508858,2.932098765432099,3.92512077294686,2.187332259796028,0.10064412238325282
179,11.506977992485238,0.3421900161030596,48.960010735373054,11.990069779924852,18.055555555555557,2.932098765432099,3.92512077294686,2.187332259796028,0.10064412238325282
180,11.741814278046162,0.3421900161030596,48.70504562533548,11.144659151905529,18.968062265163713,2.932098765432099,3.878153515834675,2.187332259796028,0.10064412238325282
181,12.084004294149223,0.3421900161030596,48.60440150295223,11.084272678475577,18.90096618357488,2.844873859366613,3.864734299516908,2.1739130434782608,0.10064412238325282
182,12.218196457326892,0.19457863660762212,48.33601717659689,10.876274825550189,18.17632850241546,4.159957058507783,3.6097691894793345,2.328234031132582,0.10064412238325282
183,12.419484702093397,0.19457863660762212,48.22866344605475,10.856146001073537,18.136070853462158,4.159957058507783,3.5762211486849167,2.328234031132582,0.10064412238325282
184,12.473161567364466,0.19457863660762212,49.25523349436393,10.748792270531402,18.136070853462158,4.159957058507783,3.556092324208266,1.3754696725711217,0.10064412238325282
185,12.70799785292539,0.17444981213097155,49.14117015566291,10.721953837895867,18.109232420826622,4.159957058507783,3.5091250670960816,1.3754696725711217,0.10064412238325282
186,13.110574342458401,0.17444981213097155,48.96672034353194,10.68840579710145,17.914653784219002,4.159957058507783,3.5091250670960816,1.3754696725711217,0.10064412238325282
187,13.20450885668277,0.17444981213097155,48.88620504562534,10.68840579710145,17.914653784219002,4.146537842190016,3.5091250670960816,1.3754696725711217,0.10064412238325282
188,13.258185721953838,0.17444981213097155,48.8593666129898,10.681696188942565,17.894524959742352,4.146537842190016,3.5091250670960816,1.3754696725711217,0.10064412238325282
189,13.519860440150294,0.17444981213097155,48.711755233494365,10.668276972624799,17.8743961352657,4.066022544283414,3.5091250670960816,1.3754696725711217,0.10064412238325282
190,13.714439076757918,0.17444981213097155,48.56414385399893,10.668276972624799,17.827428878153516,4.066022544283414,3.5091250670960816,1.3754696725711217,0.10064412238325282
191,13.875469672571121,0.17444981213097155,51.36205045625336,10.607890499194847,14.989264626945786,4.066022544283414,3.5091250670960816,1.3150831991411702,0.10064412238325282
192,13.311862587224907,0.15432098765432098,49.308910359635,10.554213633923778,18.760064412238325,3.9720880300590444,2.677133655394525,1.1674718196457328,0.0939345142243693
193,13.47289318303811,0.15432098765432098,49.19484702093398,10.520665593129362,18.746645195920557,3.9720880300590444,2.677133655394525,1.1674718196457328,0.0939345142243693
194,13.627214170692431,0.15432098765432098,49.040526033279654,10.225442834138486,18.746645195920557,3.9720880300590444,2.677133655394525,1.1674718196457328,0.38915727321524424
195,13.7211486849168,0.15432098765432098,49.013687600644126,10.205314009661835,18.699677938808374,3.9720880300590444,2.677133655394525,1.1674718196457328,0.38915727321524424
196,14.096886741814279,0.15432098765432098,48.78556092324208,10.091250670960816,18.686258722490606,3.9720880300590444,2.657004830917874,1.1674718196457328,0.38915727321524424
197,14.325013419216317,0.15432098765432098,48.691626409017715,10.017444981213098,18.659420289855074,3.9720880300590444,2.623456790123457,1.1674718196457328,0.38915727321524424
198,14.707461084272678,0.15432098765432098,48.49704777241009,9.970477724100913,18.54535695115405,3.9452495974235107,2.623456790123457,1.1674718196457328,0.38915727321524424
199,14.855072463768115,0.15432098765432098,48.38298443370907,9.96376811594203,18.51851851851852,3.9452495974235107,2.623456790123457,1.1674718196457328,0.38915727321524424
200,14.989264626945786,0.15432098765432098,48.31588835212023,9.957058507783145,18.45813204508857,3.9452495974235107,2.623456790123457,1.1674718196457328,0.38915727321524424
201,15.438808373590982,0.15432098765432098,48.11460010735373,9.829575952764358,18.397745571658614,3.9452495974235107,2.623456790123457,1.1137949543746646,0.3824476650563607
202,15.74074074074074,0.15432098765432098,47.92673107890499,9.762479871175524,18.397745571658614,3.9184111647879765,2.6033279656468062,1.1137949543746646,0.3824476650563607
203,15.841384863123993,0.15432098765432098,47.839506172839506,9.749060654857756,18.397745571658614,3.9184111647879765,2.6033279656468062,1.1137949543746646,0.3824476650563607
204,16.09634997316157,0.14090177133655393,47.78582930756844,9.73564143853999,18.23671497584541,3.9184111647879765,2.589908749329039,1.1137949543746646,0.3824476650563607
205,16.223832528180353,0.1274825550187869,47.718733225979605,9.73564143853999,18.203166935050994,3.9049919484702094,2.589908749329039,1.1137949543746646,0.3824476650563607
206,16.015834675254965,0.0939345142243693,48.74530327428878,9.333064949006978,17.881105743424584,3.844605475040258,2.589908749329039,1.1137949543746646,0.3824476650563607
207,15.727321524422974,0.0939345142243693,48.49704777241009,8.561460010735374,19.276704240472355,3.844605475040258,2.589908749329039,1.1137949543746646,0.2952227589908749
208,16.0426731078905,0.0939345142243693,48.268921095008054,8.541331186258722,19.209608158883523,3.844605475040258,2.589908749329039,1.1137949543746646,0.2952227589908749
209,16.09634997316157,0.0939345142243693,48.22866344605475,8.541331186258722,19.209608158883523,3.844605475040258,2.589908749329039,1.1003757380568975,0.2952227589908749
210,16.337895866881375,0.0939345142243693,48.07434245840043,8.454106280193237,19.209608158883523,3.844605475040258,2.589908749329039,1.1003757380568975,0.2952227589908749
211,16.51905528717123,0.0939345142243693,47.92673107890499,8.454106280193237,19.176060118089104,3.844605475040258,2.589908749329039,1.1003757380568975,0.2952227589908749
212,16.67337627482555,0.0939345142243693,47.87976382179281,8.454106280193237,19.068706387546968,3.844605475040258,2.589908749329039,1.1003757380568975,0.2952227589908749
213,17.002147074610843,0.0939345142243693,47.678475577026305,8.447396672034353,18.947933440687063,3.844605475040258,2.589908749329039,1.1003757380568975,0.2952227589908749
214,17.3040794417606,0.0939345142243693,47.477187332259795,8.433977455716587,18.874127750939344,3.844605475040258,2.576489533011272,1.1003757380568975,0.2952227589908749
215,17.498658078368223,0.0939345142243693,47.32957595276436,8.433977455716587,18.82716049382716,3.844605475040258,2.576489533011272,1.1003757380568975,0.2952227589908749
216,17.726784755770264,0.0939345142243693,47.26247987117552,8.393719806763285,18.706387546967257,3.844605475040258,2.576489533011272,1.1003757380568975,0.2952227589908749
217,17.820719269994633,0.0939345142243693,47.20880300590446,8.387010198604402,18.67283950617284,3.844605475040258,2.576489533011272,1.1003757380568975,0.2952227589908749
218,18.075684380032207,0.0939345142243693,46.98067632850242,8.36688137412775,18.666129898013956,3.844605475040258,2.576489533011272,1.1003757380568975,0.2952227589908749
219,18.256843800322063,0.0939345142243693,46.96054750402576,8.3064949006978,18.5654857756307,3.844605475040258,2.576489533011272,1.1003757380568975,0.2952227589908749
220,18.364197530864196,0.0939345142243693,46.87332259796028,8.3064949006978,18.5654857756307,3.844605475040258,2.576489533011272,1.1003757380568975,0.27509393451422437
221,18.726516371443907,0.0939345142243693,46.745840042941495,8.199141170155663,18.552066559312937,3.844605475040258,2.522812667740204,1.0399892646269457,0.27509393451422437
222,18.88083735909823,0.0939345142243693,46.61835748792271,8.199141170155663,18.5252281266774,3.844605475040258,2.522812667740204,1.0399892646269457,0.27509393451422437
223,18.9345142243693,0.0939345142243693,46.61164787976382,8.199141170155663,18.47826086956522,3.844605475040258,2.522812667740204,1.0399892646269457,0.27509393451422437
224,19.108964036500268,0.0939345142243693,46.53113258185722,8.165593129361245,18.431293612453032,3.844605475040258,2.509393451422437,1.0399892646269457,0.27509393451422437
225,19.256575415995705,0.0939345142243693,46.51100375738057,8.165593129361245,18.317230273752013,3.8311862587224907,2.509393451422437,1.0399892646269457,0.27509393451422437
226,19.384057971014492,0.0939345142243693,46.484165324745035,8.152173913043478,18.230005367686527,3.8311862587224907,2.509393451422437,1.0399892646269457,0.27509393451422437
227,19.51154052603328,0.0939345142243693,46.37010198604401,8.152173913043478,18.21658615136876,3.8311862587224907,2.509393451422437,1.0399892646269457,0.27509393451422437
228,19.659151905528716,0.0939345142243693,46.256038647343,8.152173913043478,18.183038110574344,3.8311862587224907,2.509393451422437,1.0399892646269457,0.27509393451422437
229,19.753086419753085,0.0939345142243693,46.20907139023081,8.152173913043478,18.183038110574344,3.7909286097691894,2.509393451422437,1.0332796564680622,0.27509393451422437
230,19.840311325818572,0.0939345142243693,46.16881374127751,8.145464304884594,18.015297906602253,3.9184111647879765,2.509393451422437,1.0332796564680622,0.27509393451422437
231,19.89398819108964,0.0939345142243693,46.121846484165324,8.145464304884594,18.00858829844337,3.9184111647879765,2.509393451422437,1.0332796564680622,0.27509393451422437
232,18.12265163714439,10.077831454643048,42.330917874396135,7.6623725174449815,14.65378421900161,3.5628019323671496,2.328234031132582,0.9863123993558777,0.27509393451422437
233,18.290391841116477,10.050993022007514,42.24369296833065,7.6623725174449815,14.63365539452496,3.5628019323671496,2.314814814814815,0.966183574879227,0.27509393451422437
234,18.00187869028449,10.017444981213098,43.51851851851852,7.6556629092860975,13.714439076757918,3.5628019323671496,2.314814814814815,0.966183574879227,0.24825550187869028
235,18.370907139023082,10.017444981213098,43.303811057434245,7.648953301127214,13.466183574879228,3.549382716049383,2.314814814814815,0.966183574879227,0.36231884057971014
236,18.357487922705314,9.990606548577563,42.76033279656468,7.5348899624261945,14.197530864197532,3.549382716049383,2.281266774020397,0.966183574879227,0.36231884057971014
237,18.438003220611915,9.96376811594203,42.70665593129361,7.5348899624261945,14.197530864197532,3.549382716049383,2.281266774020397,0.966183574879227,0.36231884057971014
238,18.49838969404187,9.96376811594203,42.659688674181425,7.521470746108427,14.197530864197532,3.549382716049383,2.281266774020397,0.966183574879227,0.36231884057971014
239,18.592324208266238,9.96376811594203,42.599302200751474,7.521470746108427,14.197530864197532,3.515834675254965,2.281266774020397,0.966183574879227,0.36231884057971014
240,18.57890499194847,9.789318303811058,42.23698336017176,7.521470746108427,14.029790660225443,4.05931293612453,2.4557165861513686,0.966183574879227,0.36231884057971014
241,18.88083735909823,9.702093397745571,41.92163177670424,7.514761137949543,14.023081052066559,4.05931293612453,2.5697799248523885,0.966183574879227,0.36231884057971014
242,18.95464304884595,9.702093397745571,41.74718196457327,7.501341921631776,14.009661835748792,4.05931293612453,2.5697799248523885,1.093666129898014,0.36231884057971014
243,19.129092860976918,9.702093397745571,41.727053140096615,7.39398819108964,13.962694578636608,4.05931293612453,2.5697799248523885,1.093666129898014,0.36231884057971014
244,19.16935050993022,9.695383789586689,41.639828234031135,7.333601717659689,13.962694578636608,4.05931293612453,2.6838432635534084,1.093666129898014,0.36231884057971014
245,19.350509930220074,9.668545356951155,41.51234567901235,7.333601717659689,13.962694578636608,4.032474503488996,2.6838432635534084,1.093666129898014,0.36231884057971014
246,19.692699946323135,9.648416532474503,41.358024691358025,7.333601717659689,13.808373590982287,4.032474503488996,2.6704240472356413,1.093666129898014,0.36231884057971014
247,19.900697799248523,9.608158883521202,41.33118625872249,7.306763285024155,13.694310252281268,4.032474503488996,2.6704240472356413,1.093666129898014,0.36231884057971014
248,20.034889962426195,9.581320450885668,41.257380568974774,7.306763285024155,13.687600644122384,4.019055287171229,2.6704240472356413,1.0802469135802468,0.36231884057971014
249,20.229468599033815,9.339774557165862,41.10976918947934,8.017981749865807,13.258185721953838,3.9989264626945786,2.6704240472356413,1.0735373054213635,0.30193236714975846
250,20.46430488459474,9.31964573268921,40.935319377348364,7.977724100912507,13.258185721953838,3.9989264626945786,2.6704240472356413,1.0735373054213635,0.30193236714975846
251,20.605206655931294,9.272678475577026,40.88835212023618,7.977724100912507,13.251476113794954,3.9586688137412773,2.6704240472356413,1.0735373054213635,0.30193236714975846
252,20.679012345679013,9.272678475577026,40.81454643048846,7.977724100912507,13.251476113794954,3.9586688137412773,2.6704240472356413,1.0735373054213635,0.30193236714975846
253,20.873590982286636,9.272678475577026,40.66022544283414,7.96430488459474,13.22463768115942,3.9586688137412773,2.6704240472356413,1.0735373054213635,0.30193236714975846
