,45,50,53,51,52,55,54,56
0,96.59822866344605,3.4017713365539453,,,,,,
1,95.77294685990339,4.2270531400966185,,,,,,
2,84.69538378958669,15.304616210413311,,,,,,
3,75.48309178743962,22.000805152979066,2.5161030595813205,,,,,
4,73.35614600107354,23.43666129898014,2.5161030595813205,0.6910896403650026,,,,
5,73.37627482555018,21.041331186258724,2.5026838432635534,3.079710144927536,,,,
6,68.4044551798175,27.938808373590984,2.5026838432635534,1.1540526033279657,,,,
7,67.6328502415459,28.710413311862588,2.5026838432635534,1.1540526033279657,,,,
8,62.80193236714976,26.019860440150296,2.4490069779924855,8.729200214707461,,,,
9,60.299248523886206,30.159688674181428,1.778046162104133,7.763016639828234,,,,
10,57.689210950080515,30.320719269994633,1.0131508319914118,7.7361782071927,3.240740740740741,,,
11,54.106280193236714,33.903650026838434,1.0131508319914118,7.7361782071927,3.240740740740741,,,
12,54.159957058507786,33.84997316156736,1.0131508319914118,7.7361782071927,3.240740740740741,,,
13,54.17337627482555,33.8365539452496,1.0131508319914118,7.7361782071927,3.240740740740741,,,
14,53.878153515834676,33.89023081052066,1.0131508319914118,7.2933440687063875,3.92512077294686,,,
15,50.97289318303811,33.93719806763285,1.8384326355340848,8.61513687600644,3.92512077294686,0.7112184648416533,,
16,50.28180354267311,34.628287707997856,1.8384326355340848,7.971014492753623,4.569243156199678,0.7112184648416533,,
17,50.44283413848631,34.47396672034353,1.8384326355340848,7.971014492753623,4.562533548040794,0.7112184648416533,,
18,50.067096081588836,34.856414385399894,1.8384326355340848,7.971014492753623,4.555823939881911,0.7112184648416533,,
19,43.23000536768653,40.24422973698336,1.8384326355340848,9.420289855072463,4.555823939881911,0.7112184648416533,,
20,42.09608158883521,42.92807300053677,1.3821792807300053,8.185721953837897,3.455448201825013,0.7112184648416533,1.2412775093934514,
21,40.163714439076756,42.49194847020934,1.3821792807300053,10.554213633923778,3.455448201825013,0.7112184648416533,1.2412775093934514,
22,40.27777777777778,42.391304347826086,1.3821792807300053,10.540794417606012,3.455448201825013,0.7112184648416533,1.2412775093934514,
23,40.41867954911433,42.290660225442835,1.3821792807300053,10.534084809447128,3.44873859366613,0.7112184648416533,1.2144390767579174,
24,40.063070316693505,41.6935050993022,1.3821792807300053,11.520397208803006,3.44873859366613,0.6776704240472357,1.2144390767579174,
25,40.23752012882448,41.55931293612453,1.3821792807300053,11.480139559849706,3.44873859366613,0.6776704240472357,1.2144390767579174,
26,39.331723027375205,42.51207729468599,1.3821792807300053,11.453301127214171,3.4286097691894795,0.6776704240472357,1.2144390767579174,
27,39.64036500268384,42.1833064949007,1.3821792807300053,11.030595813204508,3.8714439076757916,0.6776704240472357,1.2144390767579174,
28,39.90874932903918,42.00214707461084,1.3486312399355878,11.003757380568974,3.844605475040258,0.6776704240472357,1.2144390767579174,
29,33.85668276972625,47.987117552334944,1.2748255501878691,12.31213097155126,2.677133655394525,0.6776704240472357,1.2144390767579174,
30,26.992753623188406,55.28717122920021,1.2748255501878691,11.728395061728396,2.677133655394525,0.6776704240472357,1.3620504562533549,
31,26.704240472356414,52.9723564143854,1.7981749865807837,11.16478797638218,5.3274288781535155,0.6776704240472357,1.3553408480944713,
32,26.724369296833064,51.878690284487384,3.408480944712829,10.681696188942565,5.3274288781535155,0.6776704240472357,1.3016639828234031,
33,26.462694578636608,50.17444981213097,3.408480944712829,13.110574342458401,4.938271604938271,0.6038647342995169,1.3016639828234031,
34,19.11567364465915,56.76328502415459,3.408480944712829,12.775093934514224,5.535426731078905,0.6038647342995169,1.7981749865807837,
35,19.00161030595813,47.96698872785829,3.140096618357488,22.000805152979066,5.488459473966721,0.6038647342995169,1.7981749865807837,
36,19.28341384863124,45.97423510466989,5.649490069779925,21.22249060654858,5.46833064949007,0.6038647342995169,1.7981749865807837,
37,19.384057971014492,45.92055823939882,5.649490069779925,21.18894256575416,5.4549114331723025,0.6038647342995169,1.7981749865807837,
38,19.6256038647343,45.819914117015564,5.649490069779925,21.095008051529792,5.421363392377885,0.6038647342995169,1.7847557702630166,
39,19.847020933977454,45.269726247987116,5.649490069779925,21.061460010735374,5.407944176060118,0.6038647342995169,2.1604938271604937,
40,20.061728395061728,45.189210950080515,5.649490069779925,20.9272678475577,5.407944176060118,0.6038647342995169,2.1604938271604937,
41,20.242887815351583,44.81347289318304,5.649490069779925,20.77294685990338,6.253354804079442,0.10735373054213634,2.1604938271604937,
42,19.598765432098766,44.73295759527644,5.642780461621041,21.517713365539453,6.119162640901771,0.2281266774020397,2.1604938271604937,
43,19.558507783145465,44.14251207729468,6.374127750939345,21.443907675791735,6.092324208266238,0.2281266774020397,2.1604938271604937,
44,18.250134192163177,42.74020397208803,5.71658615136876,24.859098228663445,6.045356951154052,0.2281266774020397,2.1604938271604937,
45,17.98845947396672,37.453032742887814,5.683038110574342,24.832259796027913,12.345679012345679,0.10735373054213634,1.5901771336553945,
46,18.310520665593128,37.265163714439076,5.683038110574342,24.698067632850243,12.345679012345679,0.10735373054213634,1.5901771336553945,
47,18.61916264090177,36.70155662909286,5.662909286097692,25.05367686527107,12.265163714439076,0.10735373054213634,1.5901771336553945,
48,18.706387546967257,34.957058507783145,5.629361245303274,24.89935587761675,14.110305958132045,0.10735373054213634,1.5901771336553945,
49,18.887546967257112,34.86983360171766,5.629361245303274,24.838969404186795,14.076757917337627,0.10735373054213634,1.5901771336553945,
50,19.296833064949006,34.72222222222222,5.615942028985507,24.718196457326894,13.94927536231884,0.10735373054213634,1.5901771336553945,
51,19.316961889425656,33.09849704777241,6.723027375201288,24.315619967793882,14.848362855609233,0.10735373054213634,1.5901771336553945,
52,17.062533548040793,27.77777777777778,8.84326355340848,31.95786366076221,12.76838432635534,,1.5901771336553945,
53,11.714975845410628,34.225711218464845,6.219806763285024,32.88378958668814,13.45276435856146,,1.5029522275899088,
54,12.580515297906603,33.581588835212024,6.1929683306494905,32.70263016639828,13.439345142243694,,1.5029522275899088,
55,13.030059044551798,33.49436392914654,6.1929683306494905,32.367149758454104,13.41250670960816,,1.5029522275899088,
56,13.20450885668277,33.44068706387547,6.1929683306494905,32.326892109500804,13.345410628019323,,1.4895330112721417,
57,13.405797101449275,33.380300590445515,6.179549114331723,32.21282877079979,13.331991411701557,,1.4895330112721417,
58,13.727858293075684,33.353462157809986,6.166129898013956,31.93102522812668,13.331991411701557,,1.4895330112721417,
59,13.90901771336554,33.28636607622115,6.166129898013956,31.904186795491142,13.278314546430488,,1.4559849704777241,
60,13.580246913580247,31.95115405260333,6.166129898013956,37.17793880837359,10.131508319914117,,0.9930220075147611,
61,12.855609232420827,35.32608695652174,5.71658615136876,38.04347826086956,7.065217391304348,,0.9930220075147611,
62,12.983091787439614,35.27241009125067,5.683038110574342,38.00322061191626,7.065217391304348,,0.9930220075147611,
63,12.68786902844874,33.9975845410628,5.038915727321524,36.963231347289316,10.319377348362856,,0.9930220075147611,
64,13.137412775093935,33.70907139023081,5.025496511003757,36.81561996779388,10.319377348362856,,0.9930220075147611,
65,13.345410628019323,30.636070853462158,5.025496511003757,36.63446054750403,13.405797101449275,,0.95276435856146,
66,13.620504562533547,30.555555555555557,4.958400429414922,35.96349973161568,13.24476650563607,,1.6572732152442298,
67,13.714439076757918,30.09259259259259,4.871175523349437,35.89640365002684,12.942834138486312,,2.4825550187869028,
68,13.788244766505636,29.60950080515298,4.871175523349437,35.25228126677402,12.909286097691895,,3.569511540526033,
69,14.150563607085346,29.508856682769725,4.871175523349437,35.02415458937198,12.875738056897477,,3.569511540526033,
70,12.614063338701019,24.56387546967257,4.26731078904992,37.23832528180354,18.592324208266238,,2.7241009125067097,
71,12.842190016103059,24.537037037037038,4.233762748255502,37.124261943102525,18.53864734299517,,2.7241009125067097,
72,12.761674718196458,24.235104669887278,4.602791196994096,36.2788513150832,19.612184648416534,,2.509393451422437,
73,13.063607085346217,21.93370907139023,4.5893719806763285,36.231884057971016,19.524959742351047,,4.656468062265164,
74,12.761674718196458,21.83977455716586,5.253623188405797,34.916800858829845,20.840042941492218,,4.388083735909823,
75,12.882447665056361,21.812936124530328,5.253623188405797,34.856414385399894,20.8064949006978,,4.388083735909823,
76,13.170960815888352,21.75925925925926,5.132850241545894,33.45410628019324,22.19538378958669,,4.28743961352657,
77,13.620504562533547,21.71900161030596,5.0993022007514766,33.32662372517445,21.947128287707997,,4.28743961352657,
78,13.862050456253355,21.62506709608159,5.092592592592593,33.2259796027912,21.906870638754697,,4.28743961352657,
79,14.049919484702093,21.256038647342994,6.830381105743425,32.60198604401503,21.155394524959743,,4.106280193236715,
80,13.546698872785829,19.766505636070853,6.78341384863124,33.66881374127751,20.73268921095008,0.9057971014492754,4.5960815888352125,
81,12.895866881374127,18.431293612453032,4.669887278582931,39.28475577026302,20.095276435856146,0.9057971014492754,3.717122920021471,
82,12.815351583467525,18.391035963499732,4.669887278582931,40.042941492216855,19.45786366076221,0.9057971014492754,3.717122920021471,
83,12.835480407944177,17.867686527106816,4.669887278582931,39.331723027375205,19.41760601180891,1.5365002683843263,4.341116478797638,
84,13.009930220075148,16.5727321524423,5.58239398819109,41.45195920558239,18.80703166935051,1.5297906602254427,3.046162104133119,
85,13.097155126140633,16.55931293612453,5.58239398819109,41.398282340311326,18.78690284487386,1.5297906602254427,3.046162104133119,
86,13.459473966720344,16.465378421900162,5.548845947396672,41.19028448738594,18.78690284487386,1.5297906602254427,3.0193236714975846,
87,13.741277509393452,16.371443907675793,5.528717122920021,41.08964036500269,18.726516371443907,1.5230810520665594,3.0193236714975846,
88,14.023081052066559,16.33118625872249,5.528717122920021,40.915190552871714,18.69296833064949,1.5230810520665594,2.985775630703167,
89,14.04320987654321,15.727321524422974,5.528717122920021,39.30488459473967,18.63929146537842,2.38191089640365,4.374664519592056,
90,13.774825550187868,15.687063875469672,6.474771873322598,37.96296296296296,18.61916264090177,2.24771873322598,4.374664519592056,0.8588298443370908
91,14.620236178207193,15.45222758990875,6.300322061191626,37.6610305958132,18.59903381642512,2.2074610842726785,4.320987654320987,0.8387010198604401
92,14.13714439076758,15.271068169618895,4.40150295222759,42.0625335480408,17.156468062265162,1.8988191089640365,4.233762748255502,0.8387010198604401
93,14.15727321524423,14.714170692431562,5.293880837359098,41.92163177670424,16.941760601180892,1.8988191089640365,4.233762748255502,0.8387010198604401
94,14.31159420289855,14.459205582393988,5.280461621041331,41.606280193236714,17.814009661835748,1.8988191089640365,3.7909286097691894,0.8387010198604401
95,14.465915190552872,13.935856146001074,5.166398282340311,41.6532474503489,17.612721417069242,1.8988191089640365,4.428341384863124,0.8387010198604401
96,14.600107353730541,13.674181427804616,6.0587761674718195,41.33118625872249,17.19001610305958,1.8988191089640365,4.408212560386473,0.8387010198604401
97,15.190552871712292,13.674181427804616,5.911164787976382,41.096349973161566,17.08937198067633,1.8988191089640365,4.300858829844337,0.8387010198604401
98,15.076489533011273,13.170960815888352,5.857487922705314,38.74127750939345,19.89398819108964,1.4492753623188406,4.9718196457326895,0.8387010198604401
99,15.318035426731079,13.137412775093935,5.837359098228664,38.61379495437466,19.867149758454108,1.4492753623188406,4.938271604938271,0.8387010198604401
100,14.606816961889425,12.929414922168545,5.837359098228664,35.36634460547504,24.731615673644658,1.4492753623188406,4.341116478797638,0.7380568974771873
101,14.915458937198068,12.929414922168545,5.837359098228664,35.13150831991412,24.65780998389694,1.4492753623188406,4.341116478797638,0.7380568974771873
102,14.647074610842727,12.593934514224369,9.024422973698336,35.13150831991412,22.088030059044552,1.4492753623188406,4.327697262479871,0.7380568974771873
103,14.949006977992486,12.385936661298981,8.957326892109501,34.62157809983897,23.14814814814815,1.4224369296833066,4.327697262479871,0.1878690284487386
104,15.197262479871176,12.385936661298981,8.896940418679549,34.52093397745572,23.060923242082662,1.4224369296833066,4.327697262479871,0.1878690284487386
105,14.855072463768115,12.385936661298981,8.225979602791197,34.37332259796028,24.67793880837359,1.4224369296833066,3.8714439076757916,0.1878690284487386
106,14.714170692431562,12.238325281803542,8.225979602791197,32.05179817498658,26.516371443907676,2.3752012882447664,3.6902844873859366,0.1878690284487386
107,14.88191089640365,12.077294685990339,9.064680622651638,32.024959742351044,25.697799248523886,2.3752012882447664,3.6902844873859366,0.1878690284487386
108,15.076489533011273,12.077294685990339,9.064680622651638,31.95115405260333,25.583735909822867,2.368491680085883,3.6902844873859366,0.1878690284487386
109,15.22410091250671,12.077294685990339,11.466720343531938,30.897745571658614,25.509930220075148,1.288244766505636,3.3480944712828773,0.1878690284487386
110,15.398550724637682,12.06387546967257,13.318572195383789,30.475040257648953,23.919753086419753,1.288244766505636,3.3480944712828773,0.1878690284487386
111,15.801127214170693,11.876006441223833,13.18438003220612,30.320719269994633,23.778851315083198,1.5633387010198605,3.2877079978529253,0.1878690284487386
112,15.92860976918948,11.829039184111648,13.150831991411701,30.300590445517983,23.752012882447666,1.5633387010198605,3.2877079978529253,0.1878690284487386
113,16.23054213633924,11.829039184111648,13.083735909822867,30.253623188405797,23.564143853998928,1.5633387010198605,3.2877079978529253,0.1878690284487386
114,16.391572732152444,11.782071926999464,13.768115942028986,30.10601180891036,22.933440687063875,1.5633387010198605,3.2675791733762747,0.1878690284487386
115,16.75389157273215,11.782071926999464,13.694310252281268,29.864465915190554,22.886473429951693,1.5633387010198605,3.2675791733762747,0.1878690284487386
116,17.183306494900698,11.694847020933977,13.378958668813741,29.220343531937736,22.57783145464305,2.4892646269457863,3.2675791733762747,0.1878690284487386
117,14.2914653784219,9.856414385399892,11.178207192699947,35.319377348362856,20.618625872249062,2.7106816961889426,5.837359098228664,0.1878690284487386
118,14.284755770263017,9.782608695652174,11.178207192699947,33.54804079441761,22.24235104669887,2.9388083735909825,5.837359098228664,0.1878690284487386
119,14.573268921095009,9.762479871175524,11.178207192699947,33.373590982286636,22.188674181427803,2.9253891572732154,5.810520665593129,0.1878690284487386
120,14.76784755770263,9.312936124530328,11.681427804616211,33.299785292538914,22.074610842726784,2.885131508319914,5.790391841116479,0.1878690284487386
121,14.673913043478262,8.896940418679549,11.560654857756306,34.68196457326892,21.537842190016104,2.885131508319914,5.763553408480945,
122,14.9020397208803,8.648684916800859,10.312667740203972,33.923778851315085,23.691626409017715,2.844873859366613,5.676328502415459,
123,15.13016639828234,8.57487922705314,10.312667740203972,33.43397745571659,24.02710681696189,2.844873859366613,5.676328502415459,
124,14.2914653784219,8.28636607622115,10.205314009661835,29.502147074610843,29.20692431561997,2.844873859366613,5.662909286097692,
125,14.38539989264627,8.28636607622115,10.171765968867419,29.502147074610843,29.146537842190018,2.844873859366613,5.662909286097692,
126,14.412238325281804,7.776435856146001,10.138217928073,31.052066559312937,28.918411164787976,2.6033279656468062,5.0993022007514766,
127,14.586688137412775,7.675791733762749,9.856414385399892,30.9044551798175,28.5829307568438,3.294417606011809,5.0993022007514766,
128,14.680622651637144,7.675791733762749,9.829575952764358,30.870907139023082,28.56280193236715,3.280998389694042,5.0993022007514766,
129,13.385668276972625,7.635534084809447,9.809447128287708,36.9699409554482,24.04723564143854,3.126677402039721,5.025496511003757,
130,13.647342995169081,7.635534084809447,9.789318303811058,36.8491680085883,23.60440150295223,3.126677402039721,5.347557702630167,
131,13.855340848094471,7.628824476650563,9.655126140633387,36.72168545356951,23.517176596886742,3.126677402039721,5.495169082125604,
132,14.170692431561998,7.601986044015029,9.608158883521202,36.64787976382179,23.376274825550187,3.126677402039721,5.46833064949007,
133,14.11701556629093,7.588566827697263,11.460010735373054,34.88325281803543,23.235373054213635,3.2474503488996245,5.46833064949007,
134,14.298174986580785,7.588566827697263,11.446591519055287,34.715512614063336,23.235373054213635,3.2474503488996245,5.46833064949007,
135,14.398819108964037,7.568438003220612,11.446591519055287,34.675254965110035,23.2085346215781,3.2340311325818574,5.46833064949007,
136,13.761406333870102,7.051798174986581,10.809178743961352,34.628287707997856,25.181159420289855,3.099838969404187,5.46833064949007,
137,13.513150831991412,7.03166935050993,10.809178743961352,35.41331186258722,24.67793880837359,3.099838969404187,5.4549114331723025,
138,13.727858293075684,7.004830917874396,10.768921095008052,35.35292538915727,24.60413311862587,3.099838969404187,5.441492216854535,
139,13.895598497047773,7.004830917874396,10.768921095008052,35.279119699409556,24.52361782071927,3.099838969404187,5.428073000536768,
140,13.922436929683306,7.004830917874396,11.688137412775093,35.19189479334407,23.852657004830917,2.9119699409554483,5.428073000536768,
141,14.163982823403114,6.9243156199677935,11.654589371980677,35.08454106280193,23.832528180354267,2.9119699409554483,5.428073000536768,
142,14.398819108964037,6.78341384863124,11.641170155662909,35.02415458937198,23.812399355877616,2.9119699409554483,5.428073000536768,
143,14.190821256038648,6.588835212023618,10.674986580783683,34.916800858829845,26.744498121309714,2.61003757380569,4.274020397208803,
144,14.17740203972088,6.488191089640365,10.628019323671497,34.21229200214707,27.623456790123456,2.61003757380569,4.260601180891036,
145,14.412238325281804,6.488191089640365,10.628019323671497,34.064680622651636,27.489264626945786,2.7442297369833604,4.17337627482555,
146,14.512882447665056,6.481481481481482,10.61460010735373,34.01100375738057,27.47584541062802,2.7308105206655933,4.17337627482555,
147,14.626945786366075,6.454643048845948,10.601180891035963,33.97745571658615,27.455716586151368,2.7308105206655933,4.1532474503489,
148,14.821524422973699,6.447933440687064,10.88298443370907,33.77616747181965,27.234299516908212,2.6972624798711755,4.139828234031133,
149,15.177133655394526,6.427804616210413,10.86285560923242,33.702361782071925,27.03972088030059,2.677133655394525,4.1129898013955986,
150,15.619967793880837,6.374127750939345,10.735373054213634,33.3870101986044,26.932367149758456,2.623456790123457,4.327697262479871,
151,15.640096618357488,6.333870101986044,12.587224906065487,31.729736983360173,26.422436929683307,2.4221685453569513,4.327697262479871,0.5367686527106817
152,15.633387010198604,6.333870101986044,13.110574342458401,31.716317767042405,25.91921631776704,2.4221685453569513,4.327697262479871,0.5367686527106817
153,16.398282340311326,6.333870101986044,12.493290391841116,31.702898550724637,25.89237788513151,2.314814814814815,4.327697262479871,0.5367686527106817
154,16.55931293612453,6.333870101986044,12.446323134728932,31.635802469135804,25.845410628019323,2.314814814814815,4.327697262479871,0.5367686527106817
155,16.6532474503489,6.333870101986044,12.23161567364466,31.19296833064949,25.831991411701555,2.314814814814815,4.904723564143854,0.5367686527106817
156,16.80756843800322,6.333870101986044,12.191358024691358,31.11916264090177,25.791733762748255,2.314814814814815,4.904723564143854,0.5367686527106817
157,16.512345679012345,5.790391841116479,12.13768115942029,32.43424584004294,25.523349436392916,2.2208803005904456,4.8443370907139025,0.5367686527106817
158,16.59957058507783,5.790391841116479,12.124261943102523,32.380568974771876,25.51663982823403,2.2074610842726785,4.8443370907139025,0.5367686527106817
159,16.82769726247987,5.790391841116479,12.110842726784755,32.33360171765969,25.39586688137413,2.200751476113795,4.804079441760601,0.5367686527106817
160,16.99543746645196,5.770263016639828,11.842458400429415,32.27321524422974,25.597155126140635,2.1806226516371443,4.804079441760601,0.5367686527106817
161,17.196725711218466,5.770263016639828,11.77536231884058,32.22624798711755,25.462962962962962,2.1739130434782608,4.85775630703167,0.5367686527106817
162,17.478529253891573,5.763553408480945,11.768652710681696,32.05179817498658,25.38244766505636,2.1739130434782608,4.8443370907139025,0.5367686527106817
163,17.995169082125603,5.743424584004294,11.694847020933977,31.904186795491142,25.107353730542137,2.1739130434782608,4.8443370907139025,0.5367686527106817
164,18.00858829844337,5.703166935050993,11.681427804616211,31.488191089640367,24.879227053140095,2.898550724637681,4.804079441760601,0.5367686527106817
165,18.136070853462158,5.703166935050993,11.681427804616211,31.407675791733762,24.838969404186795,2.898550724637681,4.797369833601718,0.5367686527106817
166,18.243424584004295,5.676328502415459,11.647879763821793,30.750134192163177,25.449543746645197,2.898550724637681,4.797369833601718,0.5367686527106817
167,18.585614600107355,5.669618894256575,11.513687600644122,30.66290928609769,25.40257648953301,2.898550724637681,4.730273752012883,0.5367686527106817
168,18.71309715512614,5.669618894256575,11.90955448201825,30.340848094471284,25.275093934514224,2.8784219001610305,4.676596886741814,0.5367686527106817
169,18.874127750939344,5.669618894256575,11.98336017176597,30.193236714975846,25.221417069243156,2.8515834675254963,4.669887278582931,0.5367686527106817
170,18.42458400429415,5.669618894256575,11.66129898013956,32.26650563607085,24.053945249597422,2.8515834675254963,4.53569511540526,0.5367686527106817
171,18.46484165324745,5.669618894256575,13.056897477187333,31.17283950617284,23.946591519055286,2.6435856146001075,4.508856682769726,0.5367686527106817
172,18.592324208266238,5.656199677938808,12.593934514224369,30.62265163714439,24.852388620504563,2.6435856146001075,4.502147074610843,0.5367686527106817
173,18.988191089640367,5.656199677938808,12.486580783682234,30.56226516371444,24.671229200214707,2.6301663982823404,4.468599033816425,0.5367686527106817
174,19.162640901771336,5.656199677938808,12.47987117552335,30.54213633923779,24.55716586151369,2.6301663982823404,4.435050993022007,0.5367686527106817
175,19.35721953837896,5.642780461621041,12.4597423510467,30.454911433172303,24.496779388083738,2.6301663982823404,4.42163177670424,0.5367686527106817
176,19.585346215780998,5.629361245303274,12.419484702093397,30.381105743424584,24.456521739130434,2.576489533011272,4.414922168545357,0.5367686527106817
177,19.504830917874397,5.629361245303274,11.882716049382717,32.75630703166935,23.557434245840042,2.576489533011272,3.556092324208266,0.5367686527106817
178,19.618894256575416,5.629361245303274,11.83574879227053,32.71604938271605,23.55072463768116,2.5697799248523885,3.556092324208266,0.5233494363929146
179,19.880568974771872,5.629361245303274,11.788781535158346,32.62211486849168,23.463499731615673,2.5697799248523885,3.5225442834138487,0.5233494363929146
180,20.128824476650564,5.629361245303274,11.714975845410628,32.1256038647343,23.275630703166936,2.5563607085346214,3.898282340311326,0.6709608158883521
181,20.605206655931294,5.589103596349974,11.694847020933977,31.884057971014492,23.10789049919485,2.5563607085346214,3.8915727321524423,0.6709608158883521
182,20.90713902308105,5.5756843800322065,11.694847020933977,31.85721953837896,22.940150295222757,2.5026838432635534,3.864734299516908,0.6575415995705851
183,20.974235104669887,5.5756843800322065,11.694847020933977,31.816961889425656,22.913311862587225,2.5026838432635534,3.864734299516908,0.6575415995705851
184,21.182232957595275,5.5756843800322065,11.668008588298443,31.723027375201287,22.832796564680624,2.5026838432635534,3.8580246913580245,0.6575415995705851
185,21.316425120772948,5.5756843800322065,11.654589371980677,31.66935050993022,22.765700483091788,2.5026838432635534,3.8580246913580245,0.6575415995705851
186,21.443907675791735,5.5756843800322065,11.654589371980677,31.61567364465915,22.725442834138487,2.4892646269457863,3.8378958668813743,0.6575415995705851
187,21.604938271604937,5.548845947396672,11.600912506709609,31.568706387546968,22.69189479334407,2.4892646269457863,3.8378958668813743,0.6575415995705851
188,21.772678475577028,5.542136339237788,11.600912506709609,31.548577563070317,22.564412238325282,2.4892646269457863,3.824476650563607,0.6575415995705851
189,21.470746108427267,5.542136339237788,10.916532474503489,32.85024154589372,21.658615136876005,3.079710144927536,3.824476650563607,0.6575415995705851
190,21.940418679549115,5.542136339237788,10.889694041867955,32.53488996242619,21.591519055287172,3.0193236714975846,3.824476650563607,0.6575415995705851
191,22.376543209876544,5.46833064949007,11.171497584541063,32.400697799248526,21.108427267847556,2.9924852388620504,3.824476650563607,0.6575415995705851
192,22.530864197530864,5.307300053676865,11.104401502952227,32.340311325818575,21.101717659688674,3.1333870101986045,3.824476650563607,0.6575415995705851
193,22.604669887278583,5.307300053676865,11.104401502952227,32.340311325818575,21.054750402576488,3.1333870101986045,3.797638217928073,0.6575415995705851
194,22.839506172839506,5.307300053676865,11.037305421363392,32.27321524422974,20.954106280193237,3.1333870101986045,3.797638217928073,0.6575415995705851
195,22.79253891572732,5.307300053676865,12.084004294149223,31.46135265700483,20.913848631239937,3.1333870101986045,3.6500268384326353,0.6575415995705851
196,23.00053676865271,5.273752012882448,12.06387546967257,31.40096618357488,20.833333333333332,3.1199677938808374,3.6500268384326353,0.6575415995705851
197,23.289049919484704,5.273752012882448,11.949812130971551,31.313741277509394,20.75281803542673,3.1199677938808374,3.643317230273752,0.6575415995705851
198,23.49704777241009,5.273752012882448,11.936392914653783,31.17283950617284,20.705850778314545,3.113258185721954,3.643317230273752,0.6575415995705851
199,23.718464841653248,5.273752012882448,11.916264090177133,31.04535695115405,20.632045088566827,3.113258185721954,3.643317230273752,0.6575415995705851
200,23.423242082662373,4.938271604938271,11.90955448201825,31.00509930220075,20.538110574342458,3.113258185721954,4.414922168545357,0.6575415995705851
201,23.772141706924316,4.938271604938271,11.869296833064949,30.85077831454643,20.38378958668814,3.113258185721954,4.414922168545357,0.6575415995705851
202,24.188137412775095,4.8443370907139025,11.842458400429415,30.689747718733226,20.283145464304884,3.079710144927536,4.414922168545357,0.6575415995705851
203,24.04723564143854,4.824208266237251,12.057165861513688,29.408212560386474,21.658615136876005,3.052871712292002,4.294149221685454,0.6575415995705851
204,24.168008588298445,4.824208266237251,12.010198604401502,29.347826086956523,21.64519592055824,3.052871712292002,4.294149221685454,0.6575415995705851
205,24.510198604401502,4.757112184648417,11.969940955448202,29.320987654320987,21.464036500268385,3.026033279656468,4.294149221685454,0.6575415995705851
206,21.85990338164251,4.4820182501341925,13.479602791196994,32.776435856146,20.759527643585614,1.932367149758454,4.26731078904992,0.4428341384863124
207,22.067901234567902,4.468599033816425,13.47289318303811,32.6959205582394,20.71256038647343,1.932367149758454,4.206924315619967,0.4428341384863124
208,22.269189479334408,4.468599033816425,13.43263553408481,32.628824476650564,20.618625872249062,1.932367149758454,4.206924315619967,0.4428341384863124
209,22.52415458937198,4.468599033816425,13.405797101449275,32.427536231884055,20.591787439613526,1.932367149758454,4.206924315619967,0.4428341384863124
210,22.67176596886742,4.468599033816425,13.405797101449275,32.2866344605475,20.591787439613526,1.9256575415995705,4.206924315619967,0.4428341384863124
211,22.993827160493826,4.468599033816425,13.358829844337091,32.19269994632314,20.417337627482556,1.9256575415995705,4.200214707461084,0.4428341384863124
212,22.27589908749329,4.448470209339774,13.103864734299517,33.8365539452496,19.81347289318304,1.9256575415995705,4.1532474503489,0.4428341384863124
213,22.463768115942027,4.448470209339774,13.09044551798175,33.77616747181965,19.719538378958667,1.9256575415995705,4.133118625872249,0.4428341384863124
214,22.6784755770263,4.448470209339774,13.063607085346217,33.60842726784756,19.699409554482017,1.9256575415995705,4.133118625872249,0.4428341384863124
215,22.96027911969941,4.032474503488996,13.6808910359635,33.5077831454643,19.618894256575416,1.8115942028985508,3.9452495974235107,0.4428341384863124
216,21.76596886741814,3.7775093934514223,13.20450885668277,36.11782071926999,19.49812130971551,1.8115942028985508,3.3816425120772946,0.4428341384863124
217,21.812936124530328,3.7775093934514223,14.224369296833064,34.312936124530324,20.471014492753625,1.8115942028985508,3.1468062265163717,0.4428341384863124
218,22.041062801932366,3.7775093934514223,14.217659688674182,34.23242082662372,20.33011272141707,1.8115942028985508,3.1468062265163717,0.4428341384863124
219,22.208803005904453,3.7640901771336552,14.210950080515298,34.21900161030596,20.2361782071927,1.8048845947396672,3.113258185721954,0.4428341384863124
220,22.403381642512077,3.69699409554482,14.210950080515298,34.15190552871712,20.209339774557165,1.8048845947396672,3.079710144927536,0.4428341384863124
221,22.725442834138487,3.69699409554482,14.15727321524423,33.9975845410628,20.095276435856146,1.8048845947396672,3.079710144927536,0.4428341384863124
222,22.38996242619431,3.69699409554482,13.774825550187868,35.909822866344605,18.90096618357488,1.8048845947396672,3.079710144927536,0.4428341384863124
223,22.584541062801932,3.69699409554482,13.976113794954374,35.71524422973698,18.699677938808374,1.8048845947396672,3.079710144927536,0.4428341384863124
224,22.832796564680624,3.69699409554482,13.882179280730005,35.57434245840043,18.686258722490606,1.8048845947396672,3.079710144927536,0.4428341384863124
225,22.82608695652174,3.69699409554482,13.841921631776705,35.28582930756844,19.135802469135804,1.7847557702630166,2.985775630703167,0.4428341384863124
226,23.013955984970476,3.69699409554482,13.828502415458937,35.14492753623188,19.122383252818036,1.7646269457863661,2.985775630703167,0.4428341384863124
227,23.060923242082662,3.69699409554482,13.828502415458937,35.0979602791197,19.122383252818036,1.7646269457863661,2.985775630703167,0.4428341384863124
228,23.1280193236715,3.69699409554482,13.821792807300053,35.037573805689746,19.122383252818036,1.7646269457863661,2.985775630703167,0.4428341384863124
229,23.282340311325818,3.69699409554482,13.79495437466452,34.99060654857756,19.04186795491143,1.7646269457863661,2.985775630703167,0.4428341384863124
230,23.443370907139023,3.69699409554482,14.070048309178745,34.876543209876544,18.780193236714975,1.7646269457863661,2.9253891572732154,0.4428341384863124
231,23.517176596886742,3.69699409554482,14.049919484702093,34.84299516908212,18.760064412238325,1.7646269457863661,2.9253891572732154,0.4428341384863124
232,23.79898013955985,3.69699409554482,13.942565754159958,34.76247987117552,18.67283950617284,1.7579173376274826,2.9253891572732154,0.4428341384863124
233,24.18142780461621,3.69699409554482,13.855340848094471,34.64170692431562,18.511808910359633,1.7579173376274826,2.9253891572732154,0.4294149221685454
234,24.235104669887278,3.69699409554482,13.83521202361782,34.64170692431562,18.47826086956522,1.7579173376274826,2.9253891572732154,0.4294149221685454
235,24.456521739130434,3.69699409554482,13.714439076757918,34.58803005904455,18.45813204508857,1.7310789049919484,2.9253891572732154,0.4294149221685454
236,24.4699409554482,3.6902844873859366,13.593666129898015,34.50080515297907,18.719806763285025,1.7310789049919484,2.8650026838432634,0.4294149221685454
237,24.56387546967257,3.6902844873859366,13.580246913580247,34.46725711218465,18.69296833064949,1.7310789049919484,2.844873859366613,0.4294149221685454
238,24.496779388083738,3.6634460547504024,13.479602791196994,33.984165324745035,19.410896403650028,1.7310789049919484,2.804616210413312,0.4294149221685454
239,24.67793880837359,3.629898013955985,13.479602791196994,33.943907675791735,19.343800322061192,1.724369296833065,2.771068169618894,0.4294149221685454
240,24.9194847020934,3.629898013955985,13.318572195383789,33.7157809983897,19.310252281266774,1.9122383252818036,2.7643585614600106,0.4294149221685454
241,25.006709608158882,3.629898013955985,13.305152979066023,33.65539452495974,19.296833064949006,1.9122383252818036,2.7643585614600106,0.4294149221685454
242,24.859098228663445,3.569511540526033,14.009661835748792,32.74288781535159,19.840311325818572,1.8988191089640365,2.6502952227589907,0.4294149221685454
243,24.630971551261407,3.569511540526033,14.439076757917338,32.59527643585615,19.82018250134192,1.8988191089640365,2.6167471819645733,0.4294149221685454
244,24.46323134728932,3.569511540526033,15.01610305958132,32.387278582930755,19.53166935050993,1.9994632313472893,2.6033279656468062,0.4294149221685454
245,24.62426194310252,3.5628019323671496,14.982555018786902,32.340311325818575,19.484702093397747,1.9994632313472893,2.576489533011272,0.4294149221685454
246,24.698067632850243,3.5628019323671496,14.982555018786902,32.29334406870639,19.47799248523886,1.9793344068706387,2.576489533011272,0.4294149221685454
247,24.214975845410628,3.2877079978529253,14.412238325281804,34.796027911969944,18.733225979602793,1.6371443907675791,2.4892646269457863,0.4294149221685454
248,24.456521739130434,3.2877079978529253,14.38539989264627,34.68196457326892,18.659420289855074,1.6103059581320451,2.4892646269457863,0.4294149221685454
249,24.54374664519592,3.2742887815351582,14.351851851851851,34.68196457326892,18.646001073537306,1.6103059581320451,2.462426194310252,0.4294149221685454
250,24.61755233494364,3.2742887815351582,14.351851851851851,34.648416532474506,18.605743424584006,1.6103059581320451,2.462426194310252,0.4294149221685454
251,24.490069779924852,3.2474503488996245,15.116747181964573,33.95061728395062,18.337359098228664,1.9659151905528718,2.462426194310252,0.4294149221685454
252,24.86580783682233,3.2139023081052067,15.063070316693505,33.76945786366076,18.230005367686527,1.9659151905528718,2.462426194310252,0.4294149221685454
253,25.107353730542137,3.2139023081052067,14.962426194310252,33.65539452495974,18.230005367686527,1.9659151905528718,2.4355877616747184,0.4294149221685454
254,25.248255501878692,3.2139023081052067,14.888620504562533,33.621846484165324,18.209876543209877,1.9524959742351047,2.4355877616747184,0.4294149221685454
255,25.006709608158882,3.2139023081052067,14.841653247450349,33.32662372517445,18.169618894256576,1.9457863660762211,3.066290928609769,0.4294149221685454
256,25.228126677402038,3.2139023081052067,14.781266774020397,33.2662372517445,18.075684380032207,1.9457863660762211,3.0595813204508855,0.4294149221685454
257,25.429414922168544,3.2139023081052067,14.774557165861514,33.12533548040794,18.02200751476114,1.9457863660762211,3.0595813204508855,0.4294149221685454
258,25.583735909822867,3.207192699946323,14.74771873322598,33.031400966183575,17.995169082125603,1.9457863660762211,3.0595813204508855,0.4294149221685454
259,25.429414922168544,2.9052603327965647,14.694041867954912,30.844068706387546,20.7662372517445,1.892109500805153,3.046162104133119,0.4227053140096618
260,25.489801395598498,2.9052603327965647,14.694041867954912,30.810520665593128,20.739398819108963,1.892109500805153,3.046162104133119,0.4227053140096618
261,25.583735909822867,2.9052603327965647,14.680622651637144,30.750134192163177,20.719269994632313,1.892109500805153,3.046162104133119,0.4227053140096618
262,25.79844337090714,2.9052603327965647,14.660493827160494,30.629361245303276,20.67230273752013,1.892109500805153,3.0193236714975846,0.4227053140096618
263,25.99302200751476,2.9052603327965647,14.600107353730541,30.615942028985508,20.605206655931294,1.8585614600107354,2.999194847020934,0.4227053140096618
264,26.221148684916802,2.9052603327965647,14.553140096618357,30.609232420826622,20.44417606011809,1.8585614600107354,2.985775630703167,0.4227053140096618
265,26.37546967257112,2.9052603327965647,14.479334406870638,30.555555555555557,20.44417606011809,1.8384326355340848,2.9790660225442833,0.4227053140096618
266,26.462694578636608,2.9052603327965647,14.472624798711756,30.52871712292002,20.397208803005906,1.8317230273752012,2.9790660225442833,0.4227053140096618
267,26.650563607085346,2.9052603327965647,14.418947933440688,30.421363392377884,20.377079978529252,1.8317230273752012,2.9723564143853998,0.4227053140096618
268,26.878690284487387,2.9052603327965647,14.31159420289855,30.387815351583466,20.28985507246377,1.8317230273752012,2.9723564143853998,0.4227053140096618
269,26.939076757917338,2.9052603327965647,14.31159420289855,30.35426731078905,20.263016639828233,1.8317230273752012,2.9723564143853998,0.4227053140096618
270,27.073268921095007,2.9052603327965647,14.284755770263017,30.287171229200215,20.222758990874933,1.8317230273752012,2.9723564143853998,0.4227053140096618
271,27.147074610842726,2.8918411164787976,14.257917337627482,30.273752012882447,20.202630166398283,1.8317230273752012,2.9723564143853998,0.4227053140096618
272,27.435587761674718,2.8784219001610305,14.17740203972088,30.22007514761138,20.088566827697264,1.8317230273752012,2.9723564143853998,0.39586688137412773
273,27.82474503488996,2.85829307568438,14.13714439076758,30.01207729468599,19.994632313472895,1.8317230273752012,2.945517981749866,0.39586688137412773
274,27.75764895330113,2.8381642512077296,13.92914653784219,29.891304347826086,20.477724100912507,1.8317230273752012,2.8784219001610305,0.39586688137412773
275,27.999194847020934,2.8381642512077296,13.88888888888889,29.74369296833065,20.44417606011809,1.8115942028985508,2.8784219001610305,0.39586688137412773
276,28.093129361245303,2.8381642512077296,13.88888888888889,29.69001610305958,20.40391841116479,1.8115942028985508,2.8784219001610305,0.39586688137412773
277,28.33467525496511,2.8113258185721954,13.88888888888889,29.528985507246375,20.35024154589372,1.8115942028985508,2.8784219001610305,0.39586688137412773
278,28.71712292002147,2.7844873859366612,13.761406333870102,29.388083735909824,20.283145464304884,1.8115942028985508,2.85829307568438,0.39586688137412773
279,28.92512077294686,2.7844873859366612,13.714439076757918,29.24718196457327,20.263016639828233,1.8115942028985508,2.85829307568438,0.39586688137412773
280,29.012345679012345,2.7844873859366612,13.714439076757918,29.180085882984432,20.242887815351583,1.8115942028985508,2.85829307568438,0.39586688137412773
281,29.126409017713364,2.7777777777777777,13.593666129898015,29.106280193236714,20.21604938271605,1.8115942028985508,2.9723564143853998,0.39586688137412773
282,29.22705314009662,2.7777777777777777,13.560118089103597,29.09957058507783,20.128824476650564,1.8115942028985508,2.999194847020934,0.39586688137412773
283,29.367954911433173,2.7106816961889426,13.546698872785829,29.066022544283413,20.101986044015028,1.8115942028985508,2.999194847020934,0.39586688137412773
284,29.528985507246375,2.677133655394525,13.506441223832528,29.025764895330113,20.081857219538378,1.8115942028985508,2.985775630703167,0.3824476650563607
285,29.7638217928073,2.677133655394525,13.466183574879228,28.878153515834676,20.034889962426195,1.8115942028985508,2.985775630703167,0.3824476650563607
