,45,50,55,52,51,53,54,58,56,57,59,60,62,61,64,65,63
0,93.39774557165862,6.561996779388084,0.040257648953301126,,,,,,,,,,,,,,
1,90.68706387546968,9.245840042941492,0.040257648953301126,0.026838432635534086,,,,,,,,,,,,,
2,87.79522275899087,12.090713902308105,0.08722490606548577,,0.026838432635534086,,,,,,,,,,,,
3,70.16908212560386,29.441760601180892,0.19457863660762212,0.040257648953301126,0.14090177133655393,0.013419216317767043,,,,,,,,,,,
4,67.72678475577027,31.488191089640367,0.5099302200751477,0.05367686527106817,0.16774020397208803,0.05367686527106817,,,,,,,,,,,
5,66.47208803005904,32.52147074610843,0.630703166935051,0.06709608158883522,0.20799785292538917,0.05367686527106817,0.04696725711218465,,,,,,,,,,
6,65.00939345142244,33.40713902308105,1.0466988727858293,0.13419216317767044,0.24825550187869028,0.05367686527106817,0.10064412238325282,,,,,,,,,,
7,62.98309178743961,35.01073537305421,1.3754696725711217,0.17444981213097155,0.30193236714975846,0.05367686527106817,0.10064412238325282,,,,,,,,,,
8,62.4597423510467,34.326355340848096,2.442297369833602,0.20128824476650564,0.32877079978529256,0.10735373054213634,0.13419216317767044,,,,,,,,,,
9,62.03032742887815,34.326355340848096,2.690552871712292,0.2683843263553409,0.4294149221685454,0.12077294685990338,0.13419216317767044,,,,,,,,,,
10,61.05072463768116,33.25281803542673,2.7509393451422435,0.30193236714975846,0.48980139559849706,1.8585614600107354,0.2885131508319914,0.0067096081588835215,,,,,,,,,
11,34.46725711218465,59.78931830381106,3.0864197530864197,0.18115942028985507,0.32877079978529256,1.8451422436929683,0.20799785292538917,0.026838432635534086,0.0067096081588835215,0.06038647342995169,,,,,,,
12,30.897745571658614,48.68491680085883,2.6704240472356413,12.68786902844874,0.2683843263553409,2.01959205582394,2.6167471819645733,0.0067096081588835215,0.03354804079441761,0.08051529790660225,0.020128824476650563,0.013419216317767043,,,,,
13,30.669618894256576,48.691626409017715,2.8247450348899625,12.493290391841116,0.2952227589908749,2.059849704777241,2.5161030595813205,0.0067096081588835215,0.03354804079441761,0.2885131508319914,0.12077294685990338,,,,,,
14,29.636339237788512,46.35668276972625,3.1199677938808374,12.902576489533011,0.35560923242082665,2.046430488459474,5.018786902844874,0.020128824476650563,0.03354804079441761,0.3824476650563607,0.1274825550187869,,,,,,
15,29.320987654320987,45.8870101986044,3.4957058507783145,12.432903918411165,0.4428341384863124,2.0531400966183573,4.99194847020934,0.020128824476650563,0.11406333870101985,1.0802469135802468,0.1610305958132045,,,,,,
16,29.11969940955448,45.853462157809986,3.629898013955985,12.338969404186795,0.46967257112184646,2.073268921095008,5.005367686527107,0.020128824476650563,0.13419216317767044,1.1943102522812667,0.1610305958132045,,,,,,
17,27.4020397208803,47.034353193773484,4.186795491143317,12.245034889962426,0.5568974771873323,2.13365539452496,4.757112184648417,0.020128824476650563,0.16774020397208803,1.221148684916801,0.23483628556092323,0.013419216317767043,0.026838432635534086,,,,
18,26.053408480944714,43.49838969404187,6.837090713902308,12.177938808373591,2.999194847020934,2.5697799248523885,4.05931293612453,0.020128824476650563,0.16774020397208803,1.261406333870102,0.24154589371980675,0.08722490606548577,0.026838432635534086,,,,
19,25.85212023617821,41.176865271068166,9.16532474503489,12.13768115942029,2.9723564143853998,2.5697799248523885,4.032474503488996,0.020128824476650563,0.2952227589908749,1.288244766505636,0.33548040794417605,0.1274825550187869,0.026838432635534086,,,,
20,23.758722490606548,40.05636070853462,8.93719806763285,11.996779388083736,5.535426731078905,2.5966183574879227,4.810789049919484,0.020128824476650563,0.322061191626409,1.2412775093934514,0.5501878690284487,0.14761137949543746,0.026838432635534086,,,,
21,21.926999463231347,38.446054750402574,7.843531937734836,15.83467525496511,5.488459473966721,2.6301663982823404,5.300590445517981,0.026838432635534086,0.36231884057971014,1.402308105206656,0.5904455179817498,0.12077294685990338,0.026838432635534086,,,,
22,21.336553945249598,34.628287707997856,7.5281803542673105,16.049382716049383,5.428073000536768,2.5496511003757383,9.842995169082126,0.03354804079441761,0.3757380568974772,1.5163714439076759,0.5501878690284487,0.13419216317767044,0.026838432635534086,,,,
23,20.37037037037037,35.61460010735373,7.635534084809447,15.734031132581856,4.508856682769726,3.4420289855072466,9.789318303811058,0.06038647342995169,0.4495437466451959,1.6304347826086956,0.5770263016639828,0.1610305958132045,0.026838432635534086,,,,
24,20.175791733762747,35.43344068706388,7.803274288781535,15.626677402039721,4.549114331723027,3.4688674181427803,9.695383789586689,0.08722490606548577,0.46967257112184646,1.6774020397208802,0.6239935587761675,0.2885131508319914,0.026838432635534086,0.07380568974771873,,,
25,17.122920021470748,37.265163714439076,7.803274288781535,15.237520128824476,6.340579710144928,3.2340311325818574,9.39345142243693,0.11406333870101985,0.5770263016639828,1.778046162104133,0.6977992485238862,0.33548040794417605,0.026838432635534086,0.07380568974771873,,,
26,17.06924315619968,36.90955448201825,7.977724100912507,15.163714439076758,6.353998926462695,3.361513687600644,9.460547504025765,0.11406333870101985,0.5971551261406334,1.8250134192163177,0.7313472893183038,0.33548040794417605,0.026838432635534086,0.07380568974771873,,,
27,17.022275899087493,35.50053676865271,7.917337627482555,14.942297369833602,6.347289318303811,5.528717122920021,8.749329039184111,0.14090177133655393,0.7112184648416533,1.8719806763285025,0.7313472893183038,0.4092860976918948,0.05367686527106817,0.07380568974771873,,,
28,16.881374127750938,35.23215244229737,7.87037037037037,16.646537842190018,6.300322061191626,4.582662372517445,8.709071390230811,0.17444981213097155,0.7380568974771873,1.5432098765432098,0.798443370907139,0.4092860976918948,0.040257648953301126,0.07380568974771873,,,
29,16.6935050993022,33.48765432098765,7.628824476650563,17.518786902844873,7.991143317230274,4.555823939881911,8.722490606548577,0.19457863660762212,0.8051529790660226,1.1674718196457328,0.7380568974771873,0.4428341384863124,0.040257648953301126,0.013419216317767043,,,
30,16.626409017713364,33.17901234567901,7.897208803005904,15.942028985507246,9.426999463231347,4.562533548040794,8.749329039184111,0.28180354267310787,0.9057971014492754,1.1473429951690821,0.7581857219538379,0.46967257112184646,0.040257648953301126,0.013419216317767043,,,
31,16.25067096081589,32.67579173376275,8.380300590445518,15.942028985507246,9.400161030595813,5.293880837359098,8.192431561996779,0.4227053140096618,0.95276435856146,1.2546967257112185,0.7581857219538379,0.41599570585077833,0.040257648953301126,0.020128824476650563,,,
32,12.86231884057971,42.69994632313473,8.239398819108963,14.61352657004831,6.6760601180891035,4.904723564143854,6.280193236714976,0.4428341384863124,0.8319914117015567,1.3083735909822867,0.6642512077294686,0.4227053140096618,0.040257648953301126,0.013419216317767043,,,
33,12.801932367149758,40.78099838969404,8.769457863660762,14.593397745571659,6.66935050993022,4.911433172302737,7.675791733762749,0.4428341384863124,0.8185721953837896,1.328502415458937,0.6843800322061192,0.46967257112184646,0.040257648953301126,0.013419216317767043,,,
34,12.701288244766506,40.693773483628554,8.93719806763285,14.566559312936125,6.662640901771336,4.898013955984971,7.722758990874933,0.4495437466451959,0.8319914117015567,1.328502415458937,0.6776704240472357,0.47638217928073,0.040257648953301126,0.013419216317767043,,,
35,12.614063338701019,40.41196994095545,9.232420826623725,14.553140096618357,6.622383252818035,4.898013955984971,7.7361782071927,0.43612453032742887,0.8722490606548577,1.328502415458937,0.7112184648416533,0.5166398282340311,0.040257648953301126,0.013419216317767043,0.0067096081588835215,0.0067096081588835215,
36,12.446323134728932,40.17713365539453,9.4873859366613,14.49946323134729,6.622383252818035,4.8376274825550185,7.769726247987117,0.5367686527106817,0.9460547504025765,1.3553408480944713,0.7179280730005367,0.5367686527106817,0.040257648953301126,0.013419216317767043,0.0067096081588835215,0.0067096081588835215,
37,12.412775093934513,39.962426194310254,9.4873859366613,14.351851851851851,6.595544820182502,4.951690821256038,7.742887815351583,0.5636070853462157,1.0735373054213635,1.4761137949543746,0.7447665056360708,0.5770263016639828,0.040257648953301126,0.013419216317767043,,0.0067096081588835215,
38,12.29200214707461,39.734299516908216,9.628287707997853,14.31159420289855,6.629092860976919,4.998658078368224,7.729468599033816,0.5770263016639828,1.1003757380568975,1.5029522275899088,0.7581857219538379,0.6642512077294686,0.040257648953301126,0.026838432635534086,,0.0067096081588835215,
39,12.211486849168008,39.45920558239399,9.789318303811058,14.237788513150832,6.696188942565755,5.005367686527107,7.769726247987117,0.630703166935051,1.0869565217391304,1.5767579173376274,0.7581857219538379,0.7045088566827697,0.040257648953301126,0.026838432635534086,,0.0067096081588835215,
40,10.983628556092324,37.58722490606549,9.822866344605474,13.533279656468062,9.178743961352657,6.884057971014493,7.105475040257649,0.6038647342995169,1.1205045625335481,1.6975308641975309,0.6642512077294686,0.7447665056360708,0.040257648953301126,0.026838432635534086,,0.0067096081588835215,
41,9.849704777241008,30.56897477187332,9.131776704240472,13.271604938271604,18.109232420826622,6.696188942565755,7.185990338164252,0.6038647342995169,1.2144390767579174,1.8719806763285025,0.6709608158883521,0.7648953301127214,0.040257648953301126,0.013419216317767043,,0.0067096081588835215,
42,9.782608695652174,29.944981213097154,9.131776704240472,13.271604938271604,17.941492216854535,7.4006977992485234,7.239667203435319,0.6239935587761675,1.3083735909822867,1.8183038110574343,0.7112184648416533,0.7648953301127214,0.040257648953301126,0.013419216317767043,,0.0067096081588835215,
43,9.782608695652174,29.166666666666668,10.560923242082662,12.406065485775631,17.907944176060116,7.300053676865271,7.286634460547504,0.7246376811594203,1.442565754159957,1.8250134192163177,0.7380568974771873,0.798443370907139,0.040257648953301126,0.013419216317767043,,0.0067096081588835215,
44,9.722222222222221,29.01905528717123,10.641438539989265,12.406065485775631,17.860976918947934,7.27992485238862,7.2933440687063875,0.7246376811594203,1.583467525496511,1.8853998926462694,0.7045088566827697,0.8185721953837896,0.040257648953301126,0.013419216317767043,,0.0067096081588835215,
45,9.588030059044552,27.623456790123456,12.184648416532475,12.359098228663447,17.559044551798173,7.246376811594203,7.2933440687063875,0.8319914117015567,1.6841116478797638,1.9793344068706387,0.6910896403650026,0.8655394524959742,0.040257648953301126,0.05367686527106817,,,
46,8.648684916800859,29.066022544283413,12.204777241009126,13.539989264626946,16.015834675254965,7.179280730005368,7.4141170155662905,0.9259259259259259,1.6706924315619969,1.6572732152442298,0.6910896403650026,0.8923778851315083,0.040257648953301126,0.05367686527106817,,,
47,8.59500805152979,28.931830381105744,12.325550187869029,13.486312399355878,15.821256038647343,7.14573268921095,7.39398819108964,0.9728931830381106,1.9457863660762211,1.596886741814278,0.7112184648416533,0.9796027911969941,0.040257648953301126,0.05367686527106817,,,
48,8.59500805152979,28.73054213633924,12.27187332259796,13.439345142243694,15.787707997852925,7.139023081052066,7.407407407407407,1.1003757380568975,2.006172839506173,1.6639828234031133,0.7045088566827697,1.06682769726248,0.03354804079441761,0.05367686527106817,,,
49,8.59500805152979,28.64331723027375,12.325550187869029,13.419216317767042,15.713902308105206,7.118894256575416,7.48792270531401,1.133923778851315,2.059849704777241,1.6908212560386473,0.6843800322061192,1.0399892646269457,0.03354804079441761,0.05367686527106817,,,
50,8.568169618894256,27.85829307568438,12.191358024691358,12.486580783682234,15.707192699946322,8.796296296296296,7.447665056360709,1.1003757380568975,2.0933977455716586,1.8786902844873858,0.6709608158883521,1.1137949543746646,0.03354804079441761,0.05367686527106817,,,
51,8.494363929146537,27.17391304347826,11.956521739130435,12.406065485775631,15.566290928609769,9.782608695652174,7.407407407407407,1.1272141706924315,2.328234031132582,1.9592055823939882,0.6508319914117016,1.0735373054213635,0.020128824476650563,0.05367686527106817,,,
52,7.48792270531401,17.505367686527105,5.669618894256575,11.151368760064413,37.01690821256039,8.393719806763285,6.689479334406871,0.9728931830381106,1.9860440150295222,1.8250134192163177,0.6172839506172839,0.6508319914117016,0.020128824476650563,0.013419216317767043,,,
53,7.4141170155662905,17.183306494900698,5.743424584004294,11.030595813204508,36.574074074074076,8.742619431025227,6.904186795491143,1.0131508319914118,2.167203435319377,1.90552871712292,0.644122383252818,0.644122383252818,0.020128824476650563,0.013419216317767043,,,
54,7.407407407407407,17.04911433172303,6.005099302200751,10.963499731615673,36.231884057971016,8.68894256575416,6.877348362855609,1.0802469135802468,2.3886205045625335,2.033011272141707,0.6105743424584005,0.6239935587761675,0.020128824476650563,0.020128824476650563,,,
55,7.380568974771873,16.25067096081589,5.535426731078905,13.506441223832528,35.829307568438004,8.293075684380032,6.689479334406871,1.1741814278046163,2.2745571658615136,1.7847557702630166,0.6105743424584005,0.630703166935051,0.020128824476650563,0.020128824476650563,,,
56,7.25979602791197,15.915190552871712,5.790391841116479,14.42565754159957,35.39989264626946,8.172302737520129,6.300322061191626,1.133923778851315,2.5026838432635534,1.8183038110574343,0.6105743424584005,0.630703166935051,0.020128824476650563,0.020128824476650563,,,
57,7.078636607622115,15.559581320450885,5.763553408480945,16.09634997316157,34.40016103059581,8.105206655931294,6.468062265163715,1.06682769726248,2.475845410628019,1.90552871712292,0.43612453032742887,0.5904455179817498,0.03354804079441761,0.020128824476650563,,,
58,7.071926999463232,15.378421900161031,5.891035963499732,17.787171229200215,32.79656468062265,6.729736983360172,6.427804616210413,0.8454106280193237,3.9586688137412773,2.01959205582394,0.43612453032742887,0.5904455179817498,0.04696725711218465,0.020128824476650563,,,
59,7.065217391304348,15.28448738593666,6.005099302200751,17.47181964573269,32.6154052603328,6.66935050993022,6.266774020397209,0.8118625872249061,4.045893719806763,2.6838432635534084,0.39586688137412773,0.5904455179817498,0.07380568974771873,0.020128824476650563,,,
60,6.9310252281266775,15.365002683843263,7.548309178743962,17.317498658078367,30.971551261406333,6.66935050993022,6.3070316693505095,0.8319914117015567,4.1129898013955986,2.85829307568438,0.36902844873859364,0.6239935587761675,0.07380568974771873,0.020128824476650563,,,
61,6.9310252281266775,15.277777777777779,7.320182501341922,17.673107890499196,30.763553408480945,6.723027375201288,6.206387546967257,0.8856682769726248,4.247181964573269,2.8784219001610305,0.36231884057971014,0.6374127750939346,0.07380568974771873,0.020128824476650563,,,
62,6.427804616210413,15.49248523886205,7.239667203435319,17.485238862050455,30.26033279656468,6.649221685453569,7.0450885668276975,0.9125067096081588,4.461889425657541,2.9052603327965647,0.36902844873859364,0.644122383252818,0.07380568974771873,0.026838432635534086,,0.0067096081588835215,
63,5.736714975845411,13.687600644122384,6.870638754696726,12.533548040794418,40.89506172839506,5.629361245303274,6.481481481481482,0.6843800322061192,4.320987654320987,2.3215244229736984,0.2616747181964573,0.5099302200751477,0.04696725711218465,0.013419216317767043,,0.0067096081588835215,
64,5.730005367686527,13.365539452495975,6.810252281266774,12.258454106280194,39.44578636607622,7.541599570585078,6.461352657004831,0.6709608158883521,4.569243156199678,2.24771873322598,0.24825550187869028,0.5904455179817498,0.04696725711218465,0.0067096081588835215,,0.0067096081588835215,
65,5.703166935050993,13.22463768115942,6.823671497584541,12.23161567364466,39.15727321524423,7.548309178743962,6.561996779388084,0.6843800322061192,4.777241009125067,2.368491680085883,0.2616747181964573,0.5636070853462157,0.04696725711218465,0.040257648953301126,,0.0067096081588835215,
66,5.656199677938808,12.969672571121846,6.702898550724638,14.452495974235104,38.808373590982285,6.655931293612453,6.226516371443908,0.49651100375738055,4.891304347826087,2.1806226516371443,0.2214170692431562,0.5837359098228664,0.07380568974771873,0.07380568974771873,,0.0067096081588835215,
67,5.542136339237788,12.513419216317766,7.078636607622115,14.861782071927,37.151100375738054,6.454643048845948,6.179549114331723,0.5770263016639828,6.427804616210413,2.254428341384863,0.24154589371980675,0.5636070853462157,0.07380568974771873,0.07380568974771873,,0.0067096081588835215,
68,5.542136339237788,12.392646269457863,7.85024154589372,14.74771873322598,36.05072463768116,6.481481481481482,6.347289318303811,0.5904455179817498,6.635802469135802,2.395330112721417,0.23483628556092323,0.5770263016639828,0.07380568974771873,0.07380568974771873,,0.0067096081588835215,
69,5.495169082125604,12.332259796027913,7.9106280193236715,14.680622651637144,35.789049919484704,6.521739130434782,6.461352657004831,0.6038647342995169,6.756575415995706,2.3886205045625335,0.2885131508319914,0.5904455179817498,0.07380568974771873,0.10064412238325282,,0.0067096081588835215,
70,5.4549114331723025,12.298711755233494,7.320182501341922,14.626945786366075,33.279656468062264,9.96376811594203,6.488191089640365,0.6776704240472357,6.4345142243692965,2.4221685453569513,0.2952227589908749,0.5770263016639828,0.07380568974771873,0.08051529790660225,,0.0067096081588835215,
71,5.4549114331723025,12.198067632850242,7.367149758454106,14.553140096618357,33.09849704777241,9.990606548577563,6.494900697799249,0.7112184648416533,6.501610305958132,2.536231884057971,0.35560923242082665,0.5770263016639828,0.07380568974771873,0.08051529790660225,,0.0067096081588835215,
72,5.421363392377885,12.23161567364466,7.2933440687063875,14.512882447665056,32.94417606011809,9.856414385399892,6.561996779388084,0.8051529790660226,6.642512077294686,2.623456790123457,0.3757380568974772,0.5703166935050993,0.07380568974771873,0.08051529790660225,,0.0067096081588835215,
73,5.307300053676865,11.98336017176597,7.179280730005368,16.27079978529254,30.951422436929683,10.856146001073537,6.213097155126141,0.8521202361782072,6.655931293612453,2.677133655394525,0.35560923242082665,0.5367686527106817,0.07380568974771873,0.08051529790660225,,0.0067096081588835215,
74,5.159688674181428,12.097423510466989,7.246376811594203,16.183574879227052,30.69645732689211,10.782340311325818,6.246645195920558,0.9057971014492754,6.736446591519055,2.8650026838432634,0.3488996242619431,0.5434782608695652,0.08722490606548577,0.0939345142243693,,0.0067096081588835215,
75,5.159688674181428,11.963231347289318,7.461084272678476,16.069511540526033,30.414653784219002,10.82259796027912,6.260064412238325,0.9259259259259259,6.910896403650026,2.898550724637681,0.3488996242619431,0.5703166935050993,0.0939345142243693,0.0939345142243693,,0.0067096081588835215,
76,5.139559849704777,11.869296833064949,7.716049382716049,15.780998389694043,30.267042404723565,10.768921095008052,6.468062265163715,0.9997316156736447,6.937734836285561,2.885131508319914,0.3488996242619431,0.6105743424584005,0.10735373054213634,0.0939345142243693,,0.0067096081588835215,
77,5.12614063338701,11.782071926999464,7.709339774557166,16.78743961352657,28.945249597423512,10.762211486849168,6.286902844873859,1.0601180891035964,7.447665056360709,2.952227589908749,0.2952227589908749,0.5971551261406334,0.10735373054213634,0.13419216317767044,,0.0067096081588835215,
78,5.112721417069243,11.674718196457327,7.890499194847021,16.659957058507782,28.75738056897477,10.641438539989265,6.367418142780462,1.1003757380568975,7.5281803542673105,3.0864197530864197,0.36902844873859364,0.5703166935050993,0.10064412238325282,0.13419216317767044,,0.0067096081588835215,
79,5.112721417069243,11.540526033279656,8.064949006977992,16.5727321524423,28.475577026301664,10.61460010735373,6.367418142780462,1.1473429951690821,7.75630703166935,3.1535158346752548,0.36902844873859364,0.5636070853462157,0.10064412238325282,0.15432098765432098,,0.0067096081588835215,
80,5.092592592592593,11.406333870101985,8.085077831454644,16.210413311862588,28.428609769189478,10.63472893183038,6.843800322061192,1.1540526033279657,7.749597423510467,3.2206119162640903,0.36231884057971014,0.5568974771873323,0.10735373054213634,0.14090177133655393,,0.0067096081588835215,
81,5.092592592592593,11.372785829307569,8.125335480407944,16.78743961352657,28.23403113258186,10.420021470746109,6.850509930220075,1.1406333870101986,7.803274288781535,2.9924852388620504,0.36902844873859364,0.5568974771873323,0.10735373054213634,0.14090177133655393,,0.0067096081588835215,
82,5.072463768115942,11.225174449812132,8.07836822329576,16.908212560386474,28.099838969404185,10.46027911969941,6.78341384863124,1.1876006441223832,7.7831454643048845,3.066290928609769,0.49651100375738055,0.5703166935050993,0.12077294685990338,0.14090177133655393,,0.0067096081588835215,
83,5.072463768115942,11.16478797638218,8.07836822329576,16.834406870638755,27.938808373590984,10.359634997316157,6.850509930220075,1.2681159420289856,7.930756843800322,3.1333870101986045,0.5032206119162641,0.5636070853462157,0.15432098765432098,0.14090177133655393,,0.0067096081588835215,
84,5.018786902844874,11.137949543746645,8.085077831454644,16.854535695115406,27.75764895330113,10.406602254428341,6.9243156199677935,1.3553408480944713,7.977724100912507,3.113258185721954,0.5166398282340311,0.5568974771873323,0.15432098765432098,0.13419216317767044,,0.0067096081588835215,
85,4.891304347826087,10.104669887278583,7.065217391304348,15.92860976918948,32.72275899087493,10.34621578099839,5.562265163714439,1.3821792807300053,7.729468599033816,3.0730005367686526,0.4092860976918948,0.4830917874396135,0.18115942028985507,0.12077294685990338,,,
86,4.891304347826087,10.057702630166398,7.185990338164252,15.848094471282877,32.51476113794954,10.420021470746109,5.595813204508857,1.3821792807300053,7.749597423510467,3.1065485775630703,0.4227053140096618,0.5032206119162641,0.20128824476650564,0.12077294685990338,,,
87,4.159957058507783,11.721685453569512,7.347020933977456,14.445786366076222,31.743156199677937,12.06387546967257,4.978529253891573,1.3486312399355878,7.816693505099302,3.079710144927536,0.4830917874396135,0.4830917874396135,0.1878690284487386,0.14090177133655393,,,
88,4.159957058507783,11.641170155662909,7.427536231884058,14.512882447665056,31.602254428341386,12.057165861513688,5.018786902844874,1.3687600644122384,7.863660762211487,3.0595813204508855,0.4830917874396135,0.4830917874396135,0.1878690284487386,0.13419216317767044,,,
89,4.146537842190016,11.621041331186259,7.427536231884058,14.110305958132045,31.40096618357488,12.04374664519592,5.508588298443371,1.402308105206656,7.957595276435856,3.0864197530864197,0.4830917874396135,0.4830917874396135,0.19457863660762212,0.13419216317767044,,,
90,4.146537842190016,11.506977992485238,7.62211486849168,14.04320987654321,30.26033279656468,11.922973698336017,6.031937734836285,1.5230810520665594,8.655394524959743,3.026033279656468,0.4830917874396135,0.46296296296296297,0.19457863660762212,0.12077294685990338,,,
91,4.106280193236715,10.889694041867955,7.675791733762749,14.2914653784219,29.891304347826086,12.104133118625873,6.119162640901771,1.710950080515298,8.896940418679549,3.026033279656468,0.5099302200751477,0.46296296296296297,0.19457863660762212,0.12077294685990338,,,
92,4.086151368760064,10.782340311325818,7.561728395061729,14.284755770263017,29.186795491143318,11.98336017176597,7.0383789586688135,1.8183038110574343,8.82313472893183,3.026033279656468,0.5099302200751477,0.4495437466451959,0.19457863660762212,0.2549651100375738,,,
93,4.079441760601181,10.352925389157273,8.225979602791197,14.009661835748792,28.33467525496511,11.889425657541599,7.749597423510467,1.8451422436929683,8.883521202361782,3.1736446591519054,0.5233494363929146,0.4495437466451959,0.20799785292538917,0.2683843263553409,,,0.0067096081588835215
94,4.079441760601181,10.165056360708535,8.179012345679013,13.942565754159958,28.08641975308642,10.84272678475577,9.460547504025765,1.8183038110574343,8.796296296296296,3.207192699946323,0.5032206119162641,0.46296296296296297,0.18115942028985507,0.2683843263553409,,,0.0067096081588835215
95,4.005636070853462,9.688674181427805,8.319914117015566,16.33118625872249,27.167203435319376,9.863123993558776,9.561191626409018,1.6975308641975309,8.742619431025227,3.2139023081052067,0.46967257112184646,0.4562533548040794,0.18115942028985507,0.2952227589908749,,,0.0067096081588835215
96,3.9318303811057436,9.702093397745571,8.53462157809984,16.344605475040257,26.986044015029524,9.876543209876543,9.594739667203436,1.6774020397208802,8.68894256575416,3.2474503488996245,0.47638217928073,0.4562533548040794,0.18115942028985507,0.2952227589908749,,,0.0067096081588835215
97,3.8580246913580245,9.588030059044552,8.561460010735374,16.223832528180353,26.85185185185185,9.903381642512077,9.494095544820183,1.7310789049919484,8.809715512614064,3.44873859366613,0.5300590445517982,0.4830917874396135,0.18115942028985507,0.32877079978529256,,,0.0067096081588835215
98,3.844605475040258,7.246376811594203,8.205850778314547,14.74771873322598,33.9170692431562,8.829844337090714,8.480944712828771,1.4895330112721417,8.59500805152979,3.1736446591519054,0.49651100375738055,0.46296296296296297,0.18115942028985507,0.322061191626409,,,0.0067096081588835215
99,3.8378958668813743,7.212828770799785,7.9039184111647875,14.680622651637144,32.830112721417066,10.674986580783683,8.340042941492216,1.5297906602254427,8.28636607622115,3.2004830917874396,0.5233494363929146,0.46296296296296297,0.19457863660762212,0.322061191626409,,,
100,3.8378958668813743,7.058507783145465,7.997852925389157,14.61352657004831,32.588566827697264,10.621309715512615,8.84326355340848,1.4895330112721417,8.380300590445518,3.207192699946323,0.36902844873859364,0.49651100375738055,0.1610305958132045,0.33548040794417605,,,
101,3.8311862587224907,7.004830917874396,7.971014492753623,14.55984970477724,32.03166935050993,10.648148148148149,9.386741814278047,1.4761137949543746,8.32662372517445,3.2340311325818574,0.5434782608695652,0.5099302200751477,0.1610305958132045,0.3153515834675255,,,
102,3.770799785292539,7.03166935050993,7.930756843800322,14.51959205582394,31.723027375201287,10.560923242082662,9.614868491680086,1.4694041867954912,8.447396672034353,3.33467525496511,0.630703166935051,0.48980139559849706,0.1610305958132045,0.3153515834675255,,,
103,3.7104133118625873,6.951154052603328,7.9106280193236715,13.734567901234568,31.03864734299517,11.614331723027375,9.943639291465379,1.596886741814278,8.59500805152979,3.2474503488996245,0.6709608158883521,0.5032206119162641,0.1610305958132045,0.322061191626409,,,
104,3.7104133118625873,6.904186795491143,7.883789586688137,15.271068169618895,29.200214707461082,11.688137412775093,9.863123993558776,1.6237251744498122,8.749329039184111,3.374932903918411,0.7112184648416533,0.5434782608695652,0.1610305958132045,0.3153515834675255,,,
105,3.7037037037037037,6.890767579173376,7.957595276435856,15.237520128824476,29.012345679012345,11.668008588298443,10.00402576489533,1.5365002683843263,8.836553945249598,3.3950617283950617,0.7112184648416533,0.5703166935050993,0.1610305958132045,0.3153515834675255,,,
106,3.6902844873859366,6.4412238325281805,7.729468599033816,15.546162104133119,29.790660225442835,11.460010735373054,10.104669887278583,1.5499194847020934,8.655394524959743,3.3279656468062266,0.6843800322061192,0.5501878690284487,0.16774020397208803,0.30193236714975846,,,
107,3.6097691894793345,6.367418142780462,7.769726247987117,17.418142780461622,28.569511540526033,11.285560923242082,9.77589908749329,1.6237251744498122,8.648684916800859,3.361513687600644,0.5501878690284487,0.5434782608695652,0.17444981213097155,0.30193236714975846,,,
108,3.5963499731615673,6.253354804079442,7.501341921631776,17.310789049919485,26.455984970477726,12.164519592055823,12.23161567364466,1.5365002683843263,7.977724100912507,3.4017713365539453,0.5703166935050993,0.5636070853462157,0.1274825550187869,0.30864197530864196,,,
109,3.5762211486849167,6.246645195920558,8.199141170155663,17.196725711218466,25.925925925925927,12.13768115942029,12.164519592055823,1.5096618357487923,7.98443370907139,3.4621578099838968,0.5770263016639828,0.5904455179817498,0.12077294685990338,0.30864197530864196,,,
110,3.5762211486849167,6.219806763285024,8.252818035426731,17.176596886741816,25.85882984433709,12.117552334943639,12.238325281803542,1.5163714439076759,7.977724100912507,3.4688674181427803,0.5971551261406334,0.5703166935050993,0.12077294685990338,0.30864197530864196,,,
111,3.515834675254965,6.038647342995169,8.132045088566828,17.673107890499196,25.650831991411703,12.030327428878154,12.13768115942029,1.5365002683843263,8.132045088566828,3.421900161030596,0.7581857219538379,0.5568974771873323,0.12077294685990338,0.2952227589908749,,,
112,3.515834675254965,5.991680085882985,8.132045088566828,17.559044551798173,25.597155126140635,12.030327428878154,12.211486849168008,1.556629092860977,8.085077831454644,3.475577026301664,0.8185721953837896,0.5971551261406334,0.12077294685990338,0.30864197530864196,,,
113,3.515834675254965,5.991680085882985,8.313204508856682,17.364465915190554,25.449543746645197,12.04374664519592,12.218196457326892,1.5767579173376274,8.038110574342458,3.5292538915727323,0.8789586688137413,0.6575415995705851,0.12077294685990338,0.30193236714975846,,,
114,3.502415458937198,5.917874396135265,8.816425120772946,17.270531400966185,25.161030595813205,11.969940955448202,12.285292538915728,1.6774020397208802,7.883789586688137,3.670155662909286,0.8185721953837896,0.630703166935051,0.12077294685990338,0.27509393451422437,,,
115,3.502415458937198,5.877616747181965,8.910359634997317,17.54562533548041,24.973161567364468,11.708266237251744,12.157809983896941,1.6438539989264627,8.004562533548041,3.7640901771336552,0.798443370907139,0.6776704240472357,0.12077294685990338,0.3153515834675255,,,
116,3.4822866344605474,5.877616747181965,9.064680622651638,17.498658078368223,24.872517444981213,11.668008588298443,12.198067632850242,1.6774020397208802,8.044820182501342,3.7238325281803544,0.798443370907139,0.6642512077294686,0.12077294685990338,0.30864197530864196,,,
117,3.4822866344605474,5.870907139023081,9.057971014492754,17.37788513150832,24.691358024691358,11.654589371980677,12.345679012345679,1.751207729468599,8.071658615136876,3.797638217928073,0.798443370907139,0.644122383252818,0.12077294685990338,0.33548040794417605,,,
118,3.408480944712829,5.723295759527644,9.219001610305957,17.337627482555018,24.872517444981213,11.574074074074074,12.31213097155126,1.737788513150832,8.11862587224906,3.784219001610306,0.8252818035426731,0.6172839506172839,0.13419216317767044,0.33548040794417605,,,
119,3.4017713365539453,5.662909286097692,9.185453569511541,17.257112184648417,24.315619967793882,12.526838432635534,12.218196457326892,1.724369296833065,7.991143317230274,3.7640901771336552,0.8387010198604401,0.6172839506172839,0.13419216317767044,0.36231884057971014,,,
120,3.3950617283950617,5.615942028985507,9.245840042941492,17.183306494900698,24.241814278046164,12.587224906065487,12.151100375738057,1.751207729468599,8.038110574342458,3.7372517444981215,0.9125067096081588,0.644122383252818,0.13419216317767044,0.36231884057971014,,,
121,3.3682232957595275,5.622651637144391,9.225711218464841,17.14975845410628,24.208266237251745,12.533548040794418,12.090713902308105,1.8317230273752012,8.091787439613526,3.797638217928073,0.9728931830381106,0.644122383252818,0.11406333870101985,0.3488996242619431,,,
122,3.3682232957595275,5.622651637144391,9.145195920558239,17.10950080515298,24.060654857756308,12.5,12.191358024691358,1.8384326355340848,8.232689210950081,3.864734299516908,0.9594739667203436,0.644122383252818,0.11406333870101985,0.3488996242619431,,,
123,3.361513687600644,5.58239398819109,9.534353193773484,17.03569511540526,23.852657004830917,12.446323134728932,11.902844873859367,1.865271068169619,8.474235104669887,3.8714439076757916,0.9863123993558777,0.6105743424584005,0.10735373054213634,0.36902844873859364,,,
124,3.361513687600644,5.173107890499195,9.581320450885668,16.968599033816425,23.235373054213635,14.11701556629093,11.540526033279656,1.7713365539452497,8.400429414922169,3.8714439076757916,0.9460547504025765,0.5434782608695652,0.12077294685990338,0.36902844873859364,,,
125,3.2877079978529253,5.092592592592593,9.574610842726784,16.955179817498657,23.362855609232422,14.036500268384327,11.580783682232958,1.7646269457863661,8.487654320987655,3.864734299516908,1.0064412238325282,0.5300590445517982,0.12077294685990338,0.33548040794417605,,,
126,3.2742887815351582,5.0791733762748255,9.655126140633387,16.888083735909824,23.329307568438004,13.976113794954374,11.694847020933977,1.8853998926462694,8.400429414922169,3.898282340311326,0.9594739667203436,0.5233494363929146,0.12077294685990338,0.3153515834675255,,,
127,3.2742887815351582,5.059044551798175,9.608158883521202,16.680085882984432,23.282340311325818,13.982823403113258,11.634460547504025,1.9659151905528718,8.487654320987655,4.106280193236715,0.9460547504025765,0.5233494363929146,0.13419216317767044,0.3153515834675255,,,
128,3.260869565217391,5.018786902844874,9.601449275362318,17.11621041331186,23.295759527643586,13.88888888888889,11.56736446591519,1.9927536231884058,8.440687063875469,3.844605475040258,1.0332796564680622,0.4830917874396135,0.1274825550187869,0.32877079978529256,,,
129,3.260869565217391,5.018786902844874,9.66183574879227,17.042404723564143,23.18840579710145,13.788244766505636,11.513687600644122,2.1269457863660763,8.420558239398819,3.911701556629093,1.093666129898014,0.47638217928073,0.1274825550187869,0.36902844873859364,,,
130,3.260869565217391,5.018786902844874,9.634997316156737,16.97530864197531,23.020665593129362,13.821792807300053,11.439881910896403,2.147074610842727,8.648684916800859,3.9586688137412773,1.093666129898014,0.47638217928073,0.1274825550187869,0.36902844873859364,,,0.0067096081588835215
131,3.240740740740741,4.998658078368224,9.628287707997853,16.794149221685455,22.839506172839506,14.204240472356414,11.392914653784219,2.1403650026838434,8.68894256575416,3.898282340311326,1.1607622114868492,0.5233494363929146,0.11406333870101985,0.36902844873859364,,,0.0067096081588835215
132,3.240740740740741,4.9718196457326895,9.608158883521202,17.23027375201288,22.799248523886206,13.855340848094471,11.352657004830919,2.1940418679549114,8.655394524959743,3.8915727321524423,1.1607622114868492,0.5099302200751477,0.11406333870101985,0.4092860976918948,,,0.0067096081588835215
133,3.240740740740741,4.9718196457326895,9.688674181427805,16.71363392377885,22.436929683306495,14.687332259796028,11.352657004830919,2.214170692431562,8.756038647342995,3.6902844873859366,1.2010198604401503,0.5099302200751477,0.12077294685990338,0.4092860976918948,,,0.0067096081588835215
134,3.240740740740741,4.958400429414922,9.75577026301664,16.63311862587225,22.269189479334408,14.640365002683843,11.466720343531938,2.227589908749329,8.849973161567364,3.7238325281803544,1.1607622114868492,0.49651100375738055,0.12077294685990338,0.43612453032742887,,,0.020128824476650563
135,3.240740740740741,4.924852388620504,9.977187332259795,16.57944176060118,21.920289855072465,14.566559312936125,11.460010735373054,2.2946859903381642,9.037842190016104,3.784219001610306,1.1473429951690821,0.49651100375738055,0.12077294685990338,0.4294149221685454,,,0.020128824476650563
136,3.240740740740741,4.904723564143854,10.010735373054214,16.27750939345142,21.880032206119164,14.694041867954912,11.453301127214171,2.281266774020397,8.997584541062801,3.9586688137412773,1.1943102522812667,0.5233494363929146,0.12077294685990338,0.4428341384863124,,,0.020128824476650563
137,3.240740740740741,4.904723564143854,10.044283413848632,16.190284487385938,21.77938808373591,14.734299516908212,11.500268384326356,2.281266774020397,8.977455716586151,4.045893719806763,1.2077294685990339,0.5300590445517982,0.12077294685990338,0.4227053140096618,,,0.020128824476650563
138,3.240740740740741,4.884594739667204,9.668545356951155,16.076221148684915,25.228126677402038,12.855609232420827,11.500268384326356,1.8384326355340848,8.662104133118627,3.81105743424584,1.133923778851315,0.5501878690284487,0.12077294685990338,0.4092860976918948,,,0.020128824476650563
139,3.240740740740741,4.824208266237251,9.695383789586689,15.92860976918948,25.147611379495437,12.989801395598498,11.41304347826087,1.8451422436929683,8.709071390230811,3.9049919484702094,1.2010198604401503,0.5636070853462157,0.10735373054213634,0.4092860976918948,,,0.020128824476650563
140,3.2340311325818574,4.824208266237251,9.73564143853999,15.827965646806227,25.067096081588836,13.023349436392914,11.466720343531938,1.8518518518518519,8.621846484165324,4.045893719806763,1.2077294685990339,0.5770263016639828,0.10735373054213634,0.38915727321524424,,,0.020128824476650563
141,3.180354267310789,4.616210413311863,9.742351046698873,15.774288781535159,24.94632313472893,13.519860440150294,11.43317230273752,1.8183038110574343,8.655394524959743,4.005636070853462,1.1943102522812667,0.5770263016639828,0.1274825550187869,0.38915727321524424,,,0.020128824476650563
142,3.166935050993022,4.622920021470746,9.702093397745571,15.801127214170693,24.832259796027913,13.553408480944713,11.486849168008588,1.8048845947396672,8.776167471819646,3.9855072463768115,1.1876006441223832,0.5568974771873323,0.11406333870101985,0.38915727321524424,,,0.020128824476650563
143,3.166935050993022,4.569243156199678,9.668545356951155,15.727321524422974,24.62426194310252,13.560118089103597,11.668008588298443,1.8451422436929683,8.829844337090714,3.992216854535695,1.2345679012345678,0.5636070853462157,0.11406333870101985,0.41599570585077833,,,0.020128824476650563
144,3.166935050993022,4.569243156199678,9.668545356951155,15.794417606011809,24.44981213097155,13.560118089103597,11.60762211486849,1.9122383252818036,8.950617283950617,3.9989264626945786,1.1808910359634996,0.5636070853462157,0.11406333870101985,0.4428341384863124,,,0.020128824476650563
145,3.0595813204508855,4.669887278582931,9.769189479334408,15.868223295759528,24.168008588298445,13.513150831991412,11.54723564143854,1.9390767579173376,9.03113258185722,4.072732152442297,1.2010198604401503,0.5837359098228664,0.11406333870101985,0.4428341384863124,,,0.020128824476650563
146,2.918679549114332,4.575952764358561,9.71551261406334,17.505367686527105,23.544015029522274,13.331991411701557,11.104401502952227,1.9390767579173376,8.863392377885132,4.213633923778851,1.2144390767579174,0.5166398282340311,0.10735373054213634,0.4294149221685454,,,0.020128824476650563
147,2.918679549114332,4.562533548040794,9.695383789586689,17.45169082125604,23.349436392914654,13.399087493290391,11.124530327428879,1.932367149758454,8.99087493290392,4.280730005367687,1.2144390767579174,0.5233494363929146,0.10735373054213634,0.4294149221685454,,,0.020128824476650563
148,2.918679549114332,4.562533548040794,9.688674181427805,18.10252281266774,22.765700483091788,13.439345142243694,11.097691894793345,1.932367149758454,8.903650026838433,4.280730005367687,1.2077294685990339,0.5233494363929146,0.10735373054213634,0.4495437466451959,,,0.020128824476650563
149,2.9119699409554483,4.53569511540526,9.574610842726784,18.10252281266774,22.550993022007514,13.425925925925926,11.044015029522276,1.9994632313472893,9.125067096081589,4.30756843800322,1.3083735909822867,0.5568974771873323,0.10064412238325282,0.4495437466451959,,,0.0067096081588835215
150,2.9119699409554483,4.508856682769726,9.621578099838969,18.035426731078903,22.457058507783145,13.43263553408481,11.057434245840042,2.0263016639828235,9.125067096081589,4.388083735909823,1.3352120236178207,0.5434782608695652,0.10064412238325282,0.4495437466451959,,,0.0067096081588835215
