,45,50,52,55,53,54,51,57,56,58,59
0,100.0,,,,,,,,,,
1,41.56602254428341,57.15915190552872,0.39586688137412773,0.8789586688137413,,,,,,,
2,40.80783682232958,53.938539989264626,0.39586688137412773,4.85775630703167,,,,,,,
3,39.71417069243156,55.03220611916264,0.39586688137412773,4.85775630703167,,,,,,,
4,39.982555018786904,54.7638217928073,0.39586688137412773,4.85775630703167,,,,,,,
5,39.60010735373054,53.72383252818035,1.1943102522812667,5.481749865807837,,,,,,,
6,38.43263553408481,54.891304347826086,1.1943102522812667,5.481749865807837,,,,,,,
7,38.53327965646806,53.60305958132045,1.1943102522812667,6.66935050993022,,,,,,,
8,38.6406333870102,49.5101986044015,1.1808910359634996,6.763285024154589,3.7104133118625873,0.19457863660762212,,,,,
9,37.69457863660762,47.32286634460547,1.8786902844873858,6.602254428341385,6.3070316693505095,0.19457863660762212,,,,,
10,36.06414385399893,45.03488996242619,1.8786902844873858,6.568706387546968,10.258990874932904,0.19457863660762212,,,,,
11,36.3996242619431,44.907407407407405,1.8786902844873858,6.568706387546968,10.050993022007514,0.19457863660762212,,,,,
12,35.198604401502955,43.994900697799245,1.8786902844873858,6.474771873322598,10.037573805689748,0.5770263016639828,1.8384326355340848,,,,
13,29.857756307031668,47.04777241009125,1.778046162104133,5.783682232957595,9.594739667203436,4.0995705850778315,1.8384326355340848,,,,
14,29.965110037573805,46.85319377348363,1.8853998926462694,5.783682232957595,9.574610842726784,4.0995705850778315,1.8384326355340848,,,,
15,30.07246376811594,45.63875469672571,1.8853998926462694,5.756843800322061,10.748792270531402,4.05931293612453,1.8384326355340848,,,,
16,30.267042404723565,45.51798174986581,1.8853998926462694,5.730005367686527,10.701825013419215,4.05931293612453,1.8384326355340848,,,,
17,29.320987654320987,45.840042941492214,1.8853998926462694,6.280193236714976,10.802469135802468,4.05931293612453,1.8115942028985508,,,,
18,29.2337627482555,43.16961889425657,1.8853998926462694,5.891035963499732,10.701825013419215,6.944444444444445,1.8115942028985508,0.36231884057971014,,,
19,27.469135802469136,44.900697799248526,1.865271068169619,5.991680085882985,10.654857756307031,6.944444444444445,1.8115942028985508,0.36231884057971014,,,
20,18.780193236714975,55.984970477724104,1.3754696725711217,5.897745571658615,10.59447128287708,5.226784755770263,1.8115942028985508,0.32877079978529256,,,
21,17.14975845410628,49.36929683306495,1.3754696725711217,5.897745571658615,10.59447128287708,5.226784755770263,10.057702630166398,0.32877079978529256,,,
22,15.49248523886205,56.44122383252818,1.133923778851315,7.863660762211487,10.151637144390767,5.226784755770263,3.361513687600644,0.32877079978529256,,,
23,15.150295222758992,55.14626945786366,1.133923778851315,7.50805152979066,13.41250670960816,5.226784755770263,2.0933977455716586,0.32877079978529256,,,
24,15.210681696188942,52.10681696188943,1.3217928073000538,6.904186795491143,13.399087493290391,8.662104133118627,2.0665593129361244,0.32877079978529256,,,
25,15.49248523886205,51.59688674181428,1.2949543746645196,7.239667203435319,13.325281803542673,8.655394524959743,2.0665593129361244,0.32877079978529256,,,
26,15.626677402039721,49.73832528180354,1.2949543746645196,9.01100375738057,13.311862587224907,8.621846484165324,2.0665593129361244,0.32877079978529256,,,
27,15.58641975308642,48.37627482555019,1.2815351583467525,9.520933977455716,13.311862587224907,9.5276435856146,2.0665593129361244,0.32877079978529256,,,
28,15.754159957058508,47.75228126677402,1.2815351583467525,9.219001610305957,13.278314546430488,10.319377348362856,2.0665593129361244,0.32877079978529256,,,
29,15.780998389694043,46.87332259796028,1.2748255501878691,9.500805152979066,13.251476113794954,11.137949543746645,1.8518518518518519,0.32877079978529256,,,
30,13.875469672571121,48.80568974771873,1.2748255501878691,9.500805152979066,13.22463768115942,11.137949543746645,1.8518518518518519,0.32877079978529256,,,
31,10.815888352120236,47.56441223832528,4.361245303274289,8.977455716586151,12.600644122383253,13.942565754159958,1.4090177133655395,0.32877079978529256,,,
32,11.044015029522276,47.45034889962426,4.361245303274289,8.970746108427267,12.587224906065487,13.848631239935587,1.4090177133655395,0.32877079978529256,,,
33,11.16478797638218,46.222490606548575,4.361245303274289,8.970746108427267,12.546967257112184,14.99597423510467,1.4090177133655395,0.32877079978529256,,,
34,11.29898013955985,41.418411164787976,10.507246376811594,7.950885668276973,12.526838432635534,14.55984970477724,1.4090177133655395,0.32877079978529256,,,
35,11.493558776167472,41.2842190016103,10.473698336017177,7.950885668276973,12.5,14.55984970477724,1.4090177133655395,0.32877079978529256,,,
36,11.714975845410628,38.85534084809447,10.473698336017177,10.493827160493828,12.365807836822329,14.371980676328503,1.402308105206656,0.322061191626409,,,
37,11.748523886205046,36.46672034353194,9.326355340848094,9.98389694041868,11.58749329039184,16.069511540526033,3.1333870101986045,0.322061191626409,1.3620504562533549,,
38,11.399624261943103,34.16532474503489,8.501073537305421,9.178743961352657,15.646806226516372,16.29092860976919,3.1333870101986045,0.322061191626409,1.3620504562533549,,
39,11.574074074074074,34.09822866344606,8.467525496511003,9.158615136876007,15.92860976918948,15.955448201825014,3.1333870101986045,0.322061191626409,1.3620504562533549,,
40,11.943102522812667,33.99087493290392,8.467525496511003,9.084809447128288,15.807836822329575,15.915190552871712,3.1065485775630703,0.322061191626409,1.3620504562533549,,
41,12.204777241009126,33.903650026838434,8.467525496511003,9.084809447128288,15.801127214170693,15.76086956521739,3.099838969404187,0.322061191626409,1.3553408480944713,,
42,12.4597423510467,32.447665056360705,8.433977455716587,9.930220075147611,15.68035426731079,16.27079978529254,3.099838969404187,0.322061191626409,1.3553408480944713,,
43,12.198067632850242,29.696725711218466,7.185990338164252,12.97638217928073,15.68035426731079,16.089640365002683,4.49543746645196,0.322061191626409,1.3553408480944713,,
44,11.969940955448202,29.005636070853463,8.420558239398819,12.808641975308642,14.190821256038648,16.7337627482555,5.193236714975845,0.322061191626409,1.3553408480944713,,
45,11.949812130971551,27.01959205582394,8.601717659688674,13.399087493290391,13.593666129898015,18.5654857756307,5.0993022007514766,0.322061191626409,1.4492753623188406,,
46,12.177938808373591,26.939076757917338,8.588298443370908,13.399087493290391,13.593666129898015,18.511808910359633,5.065754159957058,0.322061191626409,1.402308105206656,,
47,12.506709608158884,26.684111647879764,8.588298443370908,13.439345142243694,13.519860440150294,18.471551261406333,5.065754159957058,0.322061191626409,1.402308105206656,,
48,12.721417069243156,26.54320987654321,8.548040794417606,13.439345142243694,13.486312399355878,18.471551261406333,5.065754159957058,0.322061191626409,1.402308105206656,,
49,13.056897477187333,26.536500268384327,8.548040794417606,13.157541599570585,13.479602791196994,18.209876543209877,5.065754159957058,0.5434782608695652,1.402308105206656,,
50,9.212292002147075,13.150831991411701,7.568438003220612,6.112453032742888,12.372517444981213,9.66183574879227,39.93558776167472,0.2147074610842727,1.6706924315619969,0.10064412238325282,
51,9.312936124530328,13.150831991411701,7.568438003220612,7.300053676865271,12.372517444981213,9.66183574879227,37.144390767579175,0.2147074610842727,3.1736446591519054,0.10064412238325282,
52,9.225711218464841,12.942834138486312,15.049651100375739,6.468062265163715,12.372517444981213,9.655126140633387,29.871175523349436,0.33548040794417605,3.978797638217928,0.10064412238325282,
53,9.447128287707997,12.929414922168545,15.01610305958132,6.146001073537305,12.29200214707461,9.977187332259795,29.676596886741816,0.33548040794417605,4.079441760601181,0.10064412238325282,
54,9.131776704240472,13.580246913580247,14.915458937198068,6.132581857219538,12.365807836822329,9.782608695652174,28.247450348899623,0.33548040794417605,5.407944176060118,0.10064412238325282,
55,8.917069243156199,13.077026301663983,18.095813204508858,6.1862587224906065,11.057434245840042,8.943907675791733,28.247450348899623,0.12077294685990338,5.253623188405797,0.10064412238325282,
56,8.185721953837897,12.037037037037036,17.458400429414922,7.6556629092860975,10.352925389157273,8.930488459473967,29.904723564143854,0.12077294685990338,5.253623188405797,0.10064412238325282,
57,7.823403113258186,10.21202361782072,17.444981213097154,7.615405260332796,10.299248523886206,8.460815888352121,32.57514761137949,0.12077294685990338,5.347557702630167,0.10064412238325282,
58,7.454374664519592,10.050993022007514,17.69994632313473,7.595276435856146,10.285829307568438,8.433977455716587,32.910628019323674,0.12077294685990338,5.347557702630167,0.10064412238325282,
59,7.306763285024155,9.675254965110037,17.176596886741816,8.501073537305421,7.568438003220612,9.286097691894794,34.916800858829845,0.12077294685990338,5.347557702630167,0.10064412238325282,
60,7.75630703166935,9.621578099838969,17.404723564143854,8.460815888352121,7.541599570585078,9.272678475577026,34.272678475577024,0.12077294685990338,5.448201825013419,0.10064412238325282,
61,7.601986044015029,9.017713365539452,16.874664519592056,8.433977455716587,7.232957595276436,9.265968867418144,35.93666129898014,0.12077294685990338,5.414653784219001,0.10064412238325282,
62,7.682501341921632,9.017713365539452,17.351046698872786,8.420558239398819,7.219538378958669,9.25925925925926,35.42673107890499,0.12077294685990338,5.401234567901234,0.10064412238325282,
63,6.709608158883521,7.98443370907139,17.16988727858293,8.004562533548041,2.9253891572732154,8.232689210950081,43.35077831454643,0.12077294685990338,5.401234567901234,0.10064412238325282,
64,7.0450885668276975,7.98443370907139,17.16988727858293,7.977724100912507,2.9253891572732154,8.232689210950081,43.08239398819109,0.12077294685990338,5.360976918947934,0.10064412238325282,
65,7.266505636070853,7.98443370907139,17.06924315619968,7.977724100912507,2.918679549114332,8.232689210950081,42.96833064949007,0.12077294685990338,5.360976918947934,0.10064412238325282,
66,7.461084272678476,7.957595276435856,19.04186795491143,7.930756843800322,2.918679549114332,8.07836822329576,41.10976918947934,0.12077294685990338,5.280461621041331,0.10064412238325282,
67,7.4208266237251745,7.823403113258186,22.22222222222222,7.9106280193236715,3.6366076221148687,7.360440150295223,38.405797101449274,0.12077294685990338,5.0993022007514766,,
68,7.481213097155126,7.823403113258186,22.21551261406334,7.9106280193236715,3.6366076221148687,7.326892109500805,38.405797101449274,0.12077294685990338,5.0791733762748255,,
69,7.769726247987117,7.6556629092860975,20.799785292538918,7.360440150295223,6.085614600107354,7.27992485238862,37.848899624261946,0.12077294685990338,5.0791733762748255,,
70,7.96430488459474,7.635534084809447,20.685721953837895,7.769726247987117,5.71658615136876,7.246376811594203,37.78180354267311,0.12077294685990338,5.0791733762748255,,
71,7.7898550724637685,7.628824476650563,17.961621041331185,7.601986044015029,5.71658615136876,11.05072463768116,37.2987117552335,0.12077294685990338,4.830917874396135,,
72,7.883789586688137,7.628824476650563,17.92807300053677,7.588566827697263,5.71658615136876,11.030595813204508,36.50697799248524,0.12077294685990338,5.595813204508857,,
73,7.9039184111647875,7.353730542136339,17.860976918947934,9.084809447128288,5.683038110574342,9.312936124530328,37.084004294149224,0.12077294685990338,5.595813204508857,,
74,8.044820182501342,7.306763285024155,15.98899624261943,9.05126140633387,5.683038110574342,9.125067096081589,39.110305958132045,0.12077294685990338,5.5689747718733225,,
75,8.353462157809984,7.2933440687063875,15.94873859366613,9.05126140633387,5.656199677938808,8.930488459473967,38.55340848094471,0.12077294685990338,6.092324208266238,,
76,8.400429414922169,7.2933440687063875,15.935319377348362,11.231884057971014,5.649490069779925,8.789586688137414,37.23832528180354,0.12077294685990338,5.340848094471283,,
77,8.55475040257649,7.199409554482019,15.982286634460548,10.205314009661835,5.495169082125604,11.33923778851315,36.32581857219538,0.12077294685990338,4.777241009125067,,
78,8.695652173913043,7.105475040257649,15.975577026301664,10.185185185185185,6.031937734836285,10.909822866344605,36.198336017176594,0.12077294685990338,4.777241009125067,,
79,8.876811594202898,7.105475040257649,15.908480944712828,10.185185185185185,6.031937734836285,10.836017176596886,36.15807836822329,0.12077294685990338,4.777241009125067,,
80,9.185453569511541,7.071926999463232,15.935319377348362,10.547504025764896,6.78341384863124,10.581052066559312,34.997316156736446,0.12077294685990338,4.777241009125067,,
81,8.085077831454644,5.904455179817498,15.660225442834138,9.655126140633387,5.488459473966721,9.057971014492754,41.89479334406871,0.12077294685990338,4.133118625872249,,
82,8.61513687600644,5.897745571658615,15.633387010198604,9.500805152979066,5.488459473966721,9.024422973698336,41.36473429951691,0.12077294685990338,4.3545356951154055,,
83,8.407139023081053,5.877616747181965,19.048577563070317,8.28636607622115,5.488459473966721,7.50805152979066,40.90848094471283,0.12077294685990338,4.3545356951154055,,
84,8.756038647342995,5.414653784219001,19.840311325818572,7.87037037037037,4.367954911433173,9.681964573268921,39.59339774557166,0.12077294685990338,4.3545356951154055,,
85,8.903650026838433,5.414653784219001,19.6256038647343,7.87037037037037,4.367954911433173,9.829575952764358,39.53972088030059,0.12077294685990338,4.327697262479871,,
86,8.876811594202898,5.112721417069243,19.57192699946323,7.87037037037037,4.233762748255502,9.782608695652174,40.103327965646805,0.12077294685990338,4.327697262479871,,
87,8.99087493290392,5.0993022007514766,19.53166935050993,7.87037037037037,4.233762748255502,9.75577026301664,40.083199141170155,0.12077294685990338,4.314278046162104,,
88,9.151905528717123,5.065754159957058,19.53166935050993,7.836822329575953,4.233762748255502,9.75577026301664,39.98926462694579,0.12077294685990338,4.314278046162104,,
89,9.31964573268921,5.045625335480408,18.840579710144926,7.823403113258186,4.7638217928073,9.728931830381105,39.82823403113258,0.33548040794417605,4.314278046162104,,
90,8.655394524959743,5.045625335480408,15.485775630703166,6.810252281266774,4.669887278582931,7.924047235641439,46.88674181427805,0.4294149221685454,4.092860976918948,,
91,8.829844337090714,5.045625335480408,15.411969940955448,6.810252281266774,4.609500805152979,7.924047235641439,46.02791196994095,0.4294149221685454,4.911433172302737,,
92,8.836553945249598,4.555823939881911,15.411969940955448,6.763285024154589,7.273215244229737,7.494632313472893,44.97450348899624,0.4294149221685454,4.260601180891036,,
93,8.964036500268385,4.555823939881911,14.53972088030059,7.648953301127214,7.273215244229737,7.494632313472893,44.55179817498658,0.4294149221685454,4.542404723564144,,
94,9.098228663446054,4.549114331723027,14.53972088030059,7.635534084809447,7.25979602791197,7.481213097155126,44.46457326892109,0.4294149221685454,4.542404723564144,,
95,9.359903381642512,4.549114331723027,14.51959205582394,7.440955448201825,7.380568974771873,7.481213097155126,44.30354267310789,0.4227053140096618,4.542404723564144,,
96,9.460547504025765,4.53569511540526,14.512882447665056,7.427536231884058,7.380568974771873,7.447665056360709,44.26999463231347,0.4227053140096618,4.542404723564144,,
97,9.621578099838969,4.53569511540526,14.486044015029522,7.407407407407407,7.380568974771873,7.380568974771873,44.22302737520129,0.4227053140096618,4.542404723564144,,
98,9.742351046698873,4.414922168545357,14.626945786366075,7.37385936661299,7.266505636070853,7.514761137949543,44.12909286097692,0.4227053140096618,4.508856682769726,,
99,10.077831454643048,4.414922168545357,14.512882447665056,7.367149758454106,7.266505636070853,7.514761137949543,43.92109500805153,0.4227053140096618,4.502147074610843,,
100,10.258990874932904,4.408212560386473,14.479334406870638,7.25979602791197,7.239667203435319,7.601986044015029,43.82716049382716,0.4227053140096618,4.502147074610843,,
101,10.446859903381643,4.408212560386473,14.36527106816962,7.219538378958669,7.239667203435319,8.299785292538916,43.484970477724104,0.4227053140096618,4.1129898013955986,,
102,10.59447128287708,4.40150295222759,14.338432635534085,7.219538378958669,7.232957595276436,8.299785292538916,43.37761674718197,0.4227053140096618,4.1129898013955986,,
103,10.668276972624799,4.40150295222759,14.338432635534085,8.11862587224906,7.232957595276436,8.299785292538916,42.44498121309716,0.4227053140096618,4.072732152442297,,
104,10.171765968867419,5.032206119162641,14.190821256038648,8.091787439613526,7.132313472893183,9.27938808373591,41.928341384863124,0.4227053140096618,3.750670960815888,,
105,10.165056360708535,5.032206119162641,16.27750939345142,8.051529790660226,7.098765432098766,9.252549651100376,39.89533011272142,0.4227053140096618,3.8043478260869565,,
106,10.00402576489533,5.01207729468599,15.619967793880837,7.9039184111647875,8.373590982286634,10.285829307568438,38.7211486849168,0.32877079978529256,3.6097691894793345,,0.14090177133655393
107,10.265700483091788,5.01207729468599,15.519323671497585,8.863392377885132,8.279656468062266,10.279119699409554,37.7012882447665,0.32877079978529256,3.6097691894793345,,0.14090177133655393
108,10.326086956521738,4.938271604938271,15.485775630703166,8.863392377885132,9.306226516371444,10.25228126677402,37.432903918411164,0.32877079978529256,2.9253891572732154,,0.14090177133655393
109,10.48040794417606,4.918142780461621,15.26435856146001,8.836553945249598,9.306226516371444,10.38647342995169,36.99006977992485,0.32877079978529256,3.3480944712828773,,0.14090177133655393
110,10.473698336017177,4.918142780461621,15.26435856146001,8.796296296296296,9.306226516371444,10.38647342995169,36.33923778851315,0.32877079978529256,4.045893719806763,,0.14090177133655393
111,10.547504025764896,4.8443370907139025,14.640365002683843,9.675254965110037,9.75577026301664,10.36634460547504,35.809178743961354,0.32877079978529256,3.8915727321524423,,0.14090177133655393
112,10.802469135802468,4.683306494900698,14.546430488459475,9.970477724100913,9.73564143853999,10.36634460547504,35.42002147074611,0.32877079978529256,4.005636070853462,,0.14090177133655393
113,10.674986580783683,4.683306494900698,13.922436929683306,9.950348899624261,9.73564143853999,10.352925389157273,35.601180891035966,0.32877079978529256,4.609500805152979,,0.14090177133655393
114,10.82259796027912,4.683306494900698,13.741277509393452,9.950348899624261,9.373322597960279,10.82259796027912,35.23215244229737,0.32877079978529256,4.904723564143854,,0.14090177133655393
115,10.983628556092324,4.683306494900698,13.714439076757918,9.903381642512077,9.346484165324744,10.795759527643586,35.198604401502955,0.32877079978529256,4.904723564143854,,0.14090177133655393
116,10.876274825550189,4.233762748255502,13.177670424047236,9.695383789586689,9.708803005904455,10.735373054213634,36.198336017176594,0.32877079978529256,4.904723564143854,,0.14090177133655393
117,9.789318303811058,3.6902844873859366,21.73913043478261,7.897208803005904,9.232420826623725,10.138217928073,32.347020933977454,0.32877079978529256,4.696725711218465,,0.14090177133655393
118,10.0979602791197,3.6902844873859366,20.893719806763286,7.897208803005904,9.205582393988191,10.802469135802468,32.2463768115942,0.32877079978529256,4.696725711218465,,0.14090177133655393
119,10.258990874932904,3.6902844873859366,20.819914117015568,7.897208803005904,9.205582393988191,10.802469135802468,32.19940955448202,0.32877079978529256,4.656468062265164,,0.14090177133655393
120,10.507246376811594,3.6366076221148687,20.7662372517445,8.071658615136876,9.172034353193773,10.581052066559312,32.139023081052066,0.32877079978529256,4.656468062265164,,0.14090177133655393
121,10.668276972624799,3.6366076221148687,20.719269994632313,8.044820182501342,9.138486312399356,10.560923242082662,32.10547504025765,0.32877079978529256,4.656468062265164,,0.14090177133655393
122,11.010466988727858,3.6366076221148687,20.705850778314545,8.044820182501342,9.07139023081052,10.560923242082662,31.89747718733226,0.32877079978529256,4.602791196994096,,0.14090177133655393
123,10.970209339774557,3.5963499731615673,20.96081588835212,8.044820182501342,9.037842190016104,10.695115405260333,31.776704240472355,0.32877079978529256,4.448470209339774,,0.14090177133655393
124,10.856146001073537,3.5963499731615673,23.040794417606012,6.239935587761675,9.037842190016104,10.654857756307031,31.716317767042405,0.32877079978529256,4.388083735909823,,0.14090177133655393
125,10.674986580783683,3.374932903918411,23.007246376811594,6.025228126677402,10.93666129898014,9.73564143853999,31.387546967257112,0.32877079978529256,4.388083735909823,,0.14090177133655393
126,10.916532474503489,3.361513687600644,22.987117552334944,6.025228126677402,10.829307568438002,9.668545356951155,31.36070853462158,0.32877079978529256,4.38137412775094,,0.14090177133655393
127,11.037305421363392,3.3548040794417604,22.987117552334944,6.025228126677402,10.815888352120236,9.64170692431562,31.28690284487386,0.32877079978529256,4.38137412775094,,0.14090177133655393
128,11.18491680085883,3.3548040794417604,22.50402576489533,6.011808910359635,10.782340311325818,10.064412238325282,31.260064412238325,0.32877079978529256,4.367954911433173,,0.14090177133655393
129,10.829307568438002,3.2742887815351582,22.41009125067096,6.011808910359635,10.050993022007514,13.39237788513151,29.2337627482555,0.30864197530864196,4.3478260869565215,,0.14090177133655393
130,10.903113258185721,3.260869565217391,22.41009125067096,5.991680085882985,10.050993022007514,13.365539452495975,29.220343531937736,0.30864197530864196,4.3478260869565215,,0.14090177133655393
131,10.829307568438002,3.2340311325818574,22.69860440150295,6.461352657004831,10.030864197530864,13.331991411701557,28.703703703703702,0.2214170692431562,4.3478260869565215,,0.14090177133655393
132,10.909822866344605,3.0193236714975846,22.65163714439077,7.37385936661299,9.970477724100913,13.298443370907139,28.31454643048846,0.2214170692431562,4.0995705850778315,,0.14090177133655393
133,11.023886205045626,3.0193236714975846,22.65163714439077,7.360440150295223,9.970477724100913,13.298443370907139,28.227321524422972,0.2214170692431562,4.086151368760064,,0.14090177133655393
134,11.3191089640365,3.0193236714975846,22.57783145464305,7.306763285024155,9.957058507783145,13.217928073000536,28.153515834675254,0.2214170692431562,4.086151368760064,,0.14090177133655393
135,11.520397208803006,3.012614063338701,22.50402576489533,7.581857219538379,9.957058507783145,13.130703166935051,27.905260332796566,0.2214170692431562,4.025764895330113,,0.14090177133655393
136,11.922973698336017,2.818035426731079,21.85990338164251,7.568438003220612,10.520665593129362,13.056897477187333,27.865002683843265,0.2214170692431562,4.025764895330113,,0.14090177133655393
137,12.191358024691358,2.7979066022544283,21.77938808373591,7.501341921631776,10.520665593129362,13.043478260869565,27.81803542673108,0.2214170692431562,3.9855072463768115,,0.14090177133655393
138,12.372517444981213,2.7844873859366612,21.712292002147073,7.501341921631776,10.513955984970478,13.009930220075148,27.75764895330113,0.2214170692431562,3.9855072463768115,,0.14090177133655393
139,12.667740203972087,2.771068169618894,21.67874396135266,7.501341921631776,10.534084809447128,13.003220611916264,27.529522275899087,0.1878690284487386,3.9855072463768115,,0.14090177133655393
140,11.43317230273752,2.5831991411701556,23.369565217391305,7.159151905528717,16.908212560386474,13.278314546430488,21.77938808373591,0.1878690284487386,3.1602254428341383,,0.14090177133655393
141,11.392914653784219,2.5831991411701556,23.242082662372518,7.14573268921095,16.982018250134193,13.251476113794954,21.77938808373591,0.322061191626409,3.1602254428341383,,0.14090177133655393
142,11.600912506709609,2.5831991411701556,23.067632850241544,7.14573268921095,17.022275899087493,13.211218464841654,21.75925925925926,0.322061191626409,3.1602254428341383,,0.1274825550187869
143,11.728395061728396,2.5831991411701556,23.00053676865271,7.14573268921095,17.022275899087493,13.16425120772947,21.752549651100377,0.322061191626409,3.1535158346752548,,0.1274825550187869
144,11.842458400429415,2.5831991411701556,22.966988727858293,7.118894256575416,17.022275899087493,13.030059044551798,21.69887278582931,0.322061191626409,3.126677402039721,0.1610305958132045,0.1274825550187869
145,12.278582930756844,2.5429414922168547,22.946859903381643,7.118894256575416,16.874664519592056,12.942834138486312,21.557971014492754,0.322061191626409,3.126677402039721,0.1610305958132045,0.1274825550187869
146,12.439613526570048,2.5429414922168547,22.886473429951693,7.118894256575416,16.841116478797638,12.922705314009661,21.517713365539453,0.322061191626409,3.1199677938808374,0.1610305958132045,0.1274825550187869
147,12.533548040794418,2.5429414922168547,22.86634460547504,7.118894256575416,16.841116478797638,12.895866881374127,21.470746108427267,0.322061191626409,3.1199677938808374,0.1610305958132045,0.1274825550187869
148,12.546967257112184,2.5429414922168547,22.852925389157274,7.118894256575416,16.820987654320987,12.895866881374127,21.35668276972625,0.322061191626409,3.2541599570585076,0.1610305958132045,0.1274825550187869
149,12.506709608158884,2.5026838432635534,22.832796564680624,7.085346215780999,16.780730005367687,11.231884057971014,23.21524422973698,0.322061191626409,3.240740740740741,0.15432098765432098,0.1274825550187869
150,12.607353730542137,2.4221685453569513,22.819377348362856,7.206119162640902,16.720343531937736,11.218464841653248,23.201825013419217,0.322061191626409,3.2004830917874396,0.15432098765432098,0.1274825550187869
151,12.607353730542137,2.408749329039184,22.799248523886206,7.206119162640902,13.754696725711218,11.117820719269995,26.36876006441224,0.322061191626409,3.140096618357488,0.14761137949543746,0.1274825550187869
152,12.76838432635534,1.9994632313472893,23.067632850241544,7.051798174986581,13.58695652173913,11.151368760064413,26.643853998926463,0.322061191626409,3.1333870101986045,0.14761137949543746,0.1274825550187869
153,13.09044551798175,1.9994632313472893,23.05421363392378,7.051798174986581,13.513150831991412,11.003757380568974,26.556629092860977,0.322061191626409,3.1333870101986045,0.14761137949543746,0.1274825550187869
154,12.882447665056361,1.932367149758454,23.872785829307567,6.863929146537842,13.45276435856146,10.34621578099839,26.516371443907676,0.7246376811594203,3.1333870101986045,0.14761137949543746,0.1274825550187869
155,13.09044551798175,1.932367149758454,23.825818572195384,6.850509930220075,13.419216317767042,10.34621578099839,26.422436929683307,0.7045088566827697,3.1333870101986045,0.14761137949543746,0.1274825550187869
156,12.969672571121846,1.932367149758454,23.926462694578635,6.649221685453569,13.358829844337091,10.889694041867955,26.301663982823403,0.7045088566827697,3.046162104133119,0.14761137949543746,0.07380568974771873
157,13.16425120772947,1.932367149758454,23.926462694578635,6.649221685453569,13.352120236178207,10.88298443370907,26.147342995169083,0.7045088566827697,3.0193236714975846,0.14761137949543746,0.07380568974771873
158,13.238056897477188,1.9122383252818036,23.926462694578635,6.649221685453569,13.352120236178207,10.86285560923242,26.113794954374665,0.7045088566827697,3.0193236714975846,0.14761137949543746,0.07380568974771873
159,13.285024154589372,1.9122383252818036,23.899624261943103,6.649221685453569,13.519860440150294,10.762211486849168,26.02657004830918,0.7045088566827697,3.0193236714975846,0.14761137949543746,0.07380568974771873
160,13.493022007514762,1.9122383252818036,23.79898013955985,6.649221685453569,13.486312399355878,10.721953837895867,25.99302200751476,0.7045088566827697,3.0193236714975846,0.14761137949543746,0.07380568974771873
161,13.647342995169081,1.9122383252818036,23.731884057971016,6.649221685453569,13.47289318303811,10.695115405260333,25.946054750402578,0.7045088566827697,3.0193236714975846,0.14761137949543746,0.07380568974771873
162,13.868760064412239,1.9122383252818036,23.59098228663446,6.649221685453569,13.446054750402576,10.668276972624799,25.91921631776704,0.7045088566827697,3.0193236714975846,0.14761137949543746,0.07380568974771873
163,13.915727321524423,1.9122383252818036,23.59098228663446,6.649221685453569,13.439345142243694,10.641438539989265,25.91250670960816,0.7045088566827697,3.012614063338701,0.14761137949543746,0.07380568974771873
164,14.04320987654321,1.9122383252818036,23.53059581320451,6.649221685453569,13.439345142243694,10.63472893183038,25.85212023617821,0.7045088566827697,3.012614063338701,0.14761137949543746,0.07380568974771873
165,14.143853998926463,1.9122383252818036,24.355877616747183,6.904186795491143,12.983091787439614,10.138217928073,25.644122383252817,0.6977992485238862,2.999194847020934,0.14761137949543746,0.07380568974771873
166,14.2914653784219,1.9122383252818036,24.235104669887278,6.904186795491143,12.983091787439614,10.138217928073,25.623993558776167,0.6977992485238862,2.9924852388620504,0.14761137949543746,0.07380568974771873
167,14.573268921095009,1.9122383252818036,24.154589371980677,6.890767579173376,12.875738056897477,10.077831454643048,25.617283950617285,0.6977992485238862,2.9790660225442833,0.14761137949543746,0.07380568974771873
168,14.673913043478262,1.9122383252818036,23.731884057971016,7.595276435856146,12.855609232420827,10.077831454643048,25.254965110037574,0.6977992485238862,2.9790660225442833,0.14761137949543746,0.07380568974771873
169,14.620236178207193,1.9122383252818036,23.26892109500805,7.595276435856146,13.526570048309178,10.037573805689748,24.86580783682233,0.6977992485238862,3.2541599570585076,0.14761137949543746,0.07380568974771873
170,14.814814814814815,1.7914653784219001,23.18840579710145,7.7898550724637685,13.43263553408481,10.010735373054214,24.798711755233494,0.6977992485238862,3.2541599570585076,0.14761137949543746,0.07380568974771873
171,14.794685990338165,1.7914653784219001,23.007246376811594,7.6623725174449815,13.22463768115942,10.010735373054214,25.335480407944175,0.6977992485238862,3.2541599570585076,0.14761137949543746,0.07380568974771873
172,15.029522275899087,1.7914653784219001,22.98040794417606,7.635534084809447,13.211218464841654,9.943639291465379,25.234836285560924,0.6977992485238862,3.2541599570585076,0.14761137949543746,0.07380568974771873
173,15.197262479871176,1.7914653784219001,22.966988727858293,7.608695652173913,13.09044551798175,10.426731078904991,24.812130971551262,0.6977992485238862,3.1870638754696725,0.14761137949543746,0.07380568974771873
174,15.049651100375739,1.7646269457863661,22.966988727858293,6.850509930220075,15.391841116478798,10.339506172839506,23.825818572195384,0.6977992485238862,2.8918411164787976,0.14761137949543746,0.07380568974771873
175,15.143585614600108,1.7646269457863661,22.946859903381643,6.850509930220075,15.861513687600644,10.299248523886206,23.356146001073537,0.6776704240472357,2.8784219001610305,0.14761137949543746,0.07380568974771873
176,15.559581320450885,1.6975308641975309,22.899892646269457,6.837090713902308,15.707192699946322,10.205314009661835,23.17498658078368,0.6642512077294686,3.0327428878153517,0.14761137949543746,0.07380568974771873
177,15.660225442834138,1.6975308641975309,22.852925389157274,6.830381105743425,15.68035426731079,10.198604401502953,23.161567364465917,0.6642512077294686,3.0327428878153517,0.14761137949543746,0.07380568974771873
178,15.4723564143854,1.6975308641975309,22.839506172839506,6.723027375201288,15.666935050993022,10.909822866344605,22.893183038110575,0.6642512077294686,2.9119699409554483,0.14761137949543746,0.07380568974771873
179,15.559581320450885,1.6975308641975309,22.611379495437465,6.6760601180891035,15.250939345142244,12.198067632850242,21.987385936661298,0.630703166935051,3.166935050993022,0.14761137949543746,0.07380568974771873
180,15.593129361245303,1.6975308641975309,22.537573805689746,6.6760601180891035,15.344873859366613,12.177938808373591,21.953837895866883,0.630703166935051,3.166935050993022,0.14761137949543746,0.07380568974771873
181,15.660225442834138,1.6975308641975309,22.537573805689746,6.655931293612453,15.344873859366613,12.177938808373591,21.906870638754697,0.630703166935051,3.166935050993022,0.14761137949543746,0.07380568974771873
182,15.727321524422974,1.6975308641975309,22.32957595276436,6.608964036500268,15.217391304347826,12.171229200214707,21.85319377348363,0.630703166935051,3.5426731078904994,0.14761137949543746,0.07380568974771873
183,15.935319377348362,1.6706924315619969,22.18196457326892,6.608964036500268,15.230810520665592,12.151100375738057,21.826355340848096,0.630703166935051,3.5426731078904994,0.14761137949543746,0.07380568974771873
184,15.908480944712828,1.6706924315619969,22.134997316156735,6.541867954911433,15.230810520665592,12.29200214707461,21.826355340848096,0.630703166935051,3.5426731078904994,0.14761137949543746,0.07380568974771873
185,16.566022544283413,1.596886741814278,22.363123993558776,6.541867954911433,14.942297369833602,12.258454106280194,21.36339237788513,0.6038647342995169,3.5426731078904994,0.14761137949543746,0.07380568974771873
186,16.646537842190018,1.596886741814278,23.013955984970476,6.6827697262479875,14.224369296833064,12.29200214707461,21.175523349436393,0.6038647342995169,3.5426731078904994,0.14761137949543746,0.07380568974771873
187,16.760601180891037,1.596886741814278,22.993827160493826,6.6827697262479875,14.210950080515298,12.285292538915728,21.121846484165324,0.6038647342995169,3.5225442834138487,0.14761137949543746,0.07380568974771873
188,16.928341384863124,1.596886741814278,22.879763821792807,6.66935050993022,14.210950080515298,12.285292538915728,21.081588835212024,0.6038647342995169,3.5225442834138487,0.14761137949543746,0.07380568974771873
189,17.391304347826086,1.570048309178744,22.530864197530864,6.66935050993022,14.197530864197532,12.245034889962426,21.048040794417606,0.6038647342995169,3.5225442834138487,0.14761137949543746,0.07380568974771873
190,17.54562533548041,1.570048309178744,22.7187332259796,6.655931293612453,13.94927536231884,12.151100375738057,20.46430488459474,0.5501878690284487,4.17337627482555,0.14761137949543746,0.07380568974771873
191,17.867686527106816,1.570048309178744,22.685185185185187,6.615673644659152,13.92914653784219,12.117552334943639,20.142243692968332,0.5501878690284487,4.300858829844337,0.14761137949543746,0.07380568974771873
192,17.94820182501342,1.570048309178744,20.75281803542673,6.615673644659152,15.868223295759528,13.077026301663983,19.196188942565755,0.5501878690284487,4.294149221685454,0.05367686527106817,0.07380568974771873
193,18.297101449275363,1.570048309178744,20.685721953837895,6.588835212023618,15.787707997852925,13.050187869028449,19.122383252818036,0.5501878690284487,4.2203435319377345,0.05367686527106817,0.07380568974771873
194,18.4044551798175,1.570048309178744,20.632045088566827,6.561996779388084,15.787707997852925,13.050187869028449,19.0955448201825,0.5501878690284487,4.2203435319377345,0.05367686527106817,0.07380568974771873
195,18.53864734299517,1.570048309178744,20.605206655931294,6.561996779388084,15.734031132581856,13.023349436392914,19.068706387546968,0.5501878690284487,4.2203435319377345,0.05367686527106817,0.07380568974771873
196,18.80703166935051,1.570048309178744,20.417337627482556,6.5485775630703165,15.734031132581856,12.99651100375738,19.028448738593667,0.5501878690284487,4.2203435319377345,0.05367686527106817,0.07380568974771873
197,18.874127750939344,1.570048309178744,20.37037037037037,6.5485775630703165,15.734031132581856,12.99651100375738,19.0150295222759,0.5434782608695652,4.2203435319377345,0.05367686527106817,0.07380568974771873
198,18.49838969404187,1.556629092860977,22.041062801932366,6.461352657004831,15.727321524422974,12.02361782071927,18.98148148148148,0.5434782608695652,4.1129898013955986,0.05367686527106817,
199,18.42458400429415,1.556629092860977,21.410359634997317,6.461352657004831,15.566290928609769,12.929414922168545,18.94122383252818,0.5434782608695652,4.1129898013955986,0.05367686527106817,
200,18.719806763285025,1.556629092860977,21.370101986044016,6.327160493827161,15.526033279656469,12.929414922168545,18.86070853462158,0.5434782608695652,4.1129898013955986,0.05367686527106817,
201,18.686258722490606,1.556629092860977,21.00107353730542,6.702898550724638,15.619967793880837,12.922705314009661,18.813741277509394,0.5434782608695652,4.0995705850778315,0.05367686527106817,
202,18.49838969404187,1.556629092860977,20.96081588835212,7.286634460547504,15.593129361245303,12.835480407944177,18.71309715512614,0.5434782608695652,3.9586688137412773,0.05367686527106817,
203,18.686258722490606,1.556629092860977,20.86688137412775,7.27992485238862,15.573000536768653,12.76838432635534,18.71309715512614,0.5434782608695652,3.9586688137412773,0.05367686527106817,
204,18.813741277509394,1.556629092860977,20.86688137412775,7.1725711218464845,15.552871712292003,12.76838432635534,18.71309715512614,0.5434782608695652,3.9586688137412773,0.05367686527106817,
205,19.03515834675255,1.5432098765432098,20.840042941492218,7.1725711218464845,15.526033279656469,12.674449812130971,18.65271068169619,0.5434782608695652,3.9586688137412773,0.05367686527106817,
206,19.243156199677937,1.5297906602254427,20.73268921095008,7.1725711218464845,15.49248523886205,12.654320987654321,18.61916264090177,0.5434782608695652,3.9586688137412773,0.05367686527106817,
207,19.363929146537842,1.5297906602254427,20.705850778314545,7.1725711218464845,15.49248523886205,12.634192163177671,18.55877616747182,0.5300590445517982,3.9586688137412773,0.05367686527106817,
208,19.39747718733226,1.5297906602254427,20.564949006977994,7.152442297369833,15.619967793880837,12.869028448738593,18.531937734836287,0.4830917874396135,3.797638217928073,0.05367686527106817,
209,19.632313472893184,1.5297906602254427,20.28985507246377,7.065217391304348,15.687063875469672,12.989801395598498,18.491680085882983,0.4830917874396135,3.7775093934514223,0.05367686527106817,
210,19.545088566827697,1.5297906602254427,20.155662909286097,7.065217391304348,16.70692431561997,12.379227053140097,18.391035963499732,0.4830917874396135,3.6902844873859366,0.05367686527106817,
211,19.652442297369834,1.5297906602254427,20.155662909286097,7.058507783145465,16.659957058507782,12.325550187869029,18.391035963499732,0.4830917874396135,3.6902844873859366,0.05367686527106817,
212,19.887278582930758,1.5297906602254427,20.081857219538378,7.0450885668276975,16.61969940955448,12.218196457326892,18.391035963499732,0.4830917874396135,3.6902844873859366,0.05367686527106817,
213,19.98792270531401,1.5297906602254427,20.014761137949545,7.024959742351046,16.61969940955448,12.218196457326892,18.377616747181964,0.4830917874396135,3.6902844873859366,0.05367686527106817,
214,20.041599570585078,1.5297906602254427,19.96779388083736,7.024959742351046,16.6129898013956,12.218196457326892,18.377616747181964,0.4830917874396135,3.6902844873859366,0.05367686527106817,
215,20.101986044015028,1.5230810520665594,19.94766505636071,7.024959742351046,16.6129898013956,12.184648416532475,18.377616747181964,0.4830917874396135,3.6902844873859366,0.05367686527106817,
216,20.1959205582394,1.5230810520665594,19.920826623725173,7.004830917874396,16.639828234031132,12.151100375738057,18.344068706387546,0.4830917874396135,3.683574879227053,0.05367686527106817,
217,20.30998389694042,1.5230810520665594,19.920826623725173,7.004830917874396,16.59286097691895,12.084004294149223,18.344068706387546,0.4830917874396135,3.683574879227053,0.05367686527106817,
218,20.531400966183575,1.5230810520665594,19.83360171765969,6.971282877079979,16.545893719806763,12.084004294149223,18.290391841116477,0.4830917874396135,3.683574879227053,0.05367686527106817,
219,20.652173913043477,1.5230810520665594,19.81347289318304,6.89747718733226,16.51905528717123,12.084004294149223,18.290391841116477,0.4830917874396135,3.683574879227053,0.05367686527106817,
