,45,50,55,53,52,58,51,54,59,60,56,57,46
0,99.62426194310252,0.3757380568974772,,,,,,,,,,,
1,95.79307568438003,4.206924315619967,,,,,,,,,,,
2,95.71926999463231,4.253891572732153,0.026838432635534086,,,,,,,,,,
3,95.37037037037037,4.602791196994096,0.026838432635534086,,,,,,,,,,
4,95.13553408480945,4.8376274825550185,0.026838432635534086,,,,,,,,,,
5,91.48550724637681,8.474235104669887,0.040257648953301126,,,,,,,,,,
6,90.64009661835749,9.31964573268921,0.040257648953301126,,,,,,,,,,
7,89.6202361782072,10.285829307568438,0.0939345142243693,,,,,,,,,,
8,85.93666129898014,13.969404186795492,0.0939345142243693,,,,,,,,,,
9,29.643048845947398,70.20933977455717,0.14761137949543746,,,,,,,,,,
10,29.69001610305958,68.73322597960279,1.5499194847020934,0.026838432635534086,,,,,,,,,
11,29.62962962962963,68.70638754696726,1.596886741814278,0.026838432635534086,0.040257648953301126,,,,,,,,
12,29.25389157273215,64.74771873322598,5.931293612453032,0.026838432635534086,0.040257648953301126,,,,,,,,
13,29.367954911433173,64.28475577026302,6.239935587761675,0.06709608158883522,0.040257648953301126,,,,,,,,
14,28.945249597423512,61.33923778851315,9.567901234567902,0.06709608158883522,0.040257648953301126,0.040257648953301126,,,,,,,
15,28.824476650563607,60.99704777241009,9.621578099838969,0.06709608158883522,0.4092860976918948,0.040257648953301126,0.040257648953301126,,,,,,
16,29.03918411164788,60.507246376811594,9.312936124530328,0.06709608158883522,0.4092860976918948,0.04696725711218465,0.040257648953301126,0.06038647342995169,0.5166398282340311,,,,
17,29.126409017713364,58.44739667203435,11.252012882447666,0.06709608158883522,0.4092860976918948,0.04696725711218465,0.040257648953301126,0.06038647342995169,0.5166398282340311,0.03354804079441761,,,
18,29.25389157273215,58.299785292538914,11.272141706924316,0.06709608158883522,0.4092860976918948,0.04696725711218465,0.040257648953301126,0.06038647342995169,0.5166398282340311,0.03354804079441761,,,
19,27.274557165861513,59.88996242619431,9.27938808373591,0.06709608158883522,2.7979066022544283,0.04696725711218465,0.040257648953301126,0.08722490606548577,0.5166398282340311,,,,
20,27.388620504562535,59.11835748792271,9.950348899624261,0.06709608158883522,2.7844873859366612,0.04696725711218465,0.040257648953301126,0.08722490606548577,0.5166398282340311,,,,
21,27.63016639828234,58.903650026838434,9.950348899624261,0.06709608158883522,2.771068169618894,0.04696725711218465,0.040257648953301126,0.08722490606548577,0.5032206119162641,,,,
22,27.84487385936661,57.950885668276975,10.648148148148149,0.1274825550187869,2.7509393451422435,0.04696725711218465,0.040257648953301126,0.08722490606548577,0.5032206119162641,,,,
23,28.14009661835749,57.59527643585615,10.654857756307031,0.1274825550187869,2.7509393451422435,0.04696725711218465,0.05367686527106817,0.1274825550187869,0.5032206119162641,,,,
24,23.91304347826087,52.28797638217928,9.816156736446592,0.11406333870101985,12.828770799785293,,0.05367686527106817,0.95276435856146,,,0.03354804079441761,,
25,24.14117015566291,52.06655931293612,9.601449275362318,0.1274825550187869,12.788513150831992,,0.05367686527106817,1.0332796564680622,0.040257648953301126,,0.03354804079441761,0.11406333870101985,
26,23.79898013955985,50.516639828234034,8.776167471819646,0.1274825550187869,12.661030595813205,,0.05367686527106817,3.616478797638218,0.040257648953301126,,0.14090177133655393,0.2683843263553409,
27,23.832528180354267,50.42270531400966,8.99087493290392,0.1274825550187869,12.506709608158884,,0.05367686527106817,3.616478797638218,0.040257648953301126,,0.14090177133655393,0.2683843263553409,
28,24.06736446591519,50.14090177133655,9.03113258185722,0.1274825550187869,12.453032742887816,,0.05367686527106817,3.6097691894793345,0.040257648953301126,,0.14090177133655393,0.33548040794417605,
29,24.4699409554482,49.765163714439076,8.930488459473967,0.1274825550187869,12.332259796027913,,0.05367686527106817,3.6634460547504024,0.040257648953301126,0.026838432635534086,0.16774020397208803,0.4227053140096618,
30,23.51046698872786,50.6508319914117,8.930488459473967,0.1878690284487386,12.332259796027913,,0.10064412238325282,3.4957058507783145,0.17444981213097155,0.026838432635534086,0.16774020397208803,0.4227053140096618,
31,23.617820719269993,50.56360708534621,8.910359634997317,0.2147074610842727,12.278582930756844,,0.10064412238325282,3.5225442834138487,0.17444981213097155,0.026838432635534086,0.16774020397208803,0.4227053140096618,
32,23.70504562533548,50.4898013955985,8.910359634997317,0.2147074610842727,12.245034889962426,,0.10064412238325282,3.5225442834138487,0.17444981213097155,0.026838432635534086,0.16774020397208803,0.4428341384863124,
33,23.845947396672035,50.375738056897475,8.93719806763285,0.2147074610842727,12.245034889962426,,0.10064412238325282,3.4688674181427803,0.17444981213097155,0.026838432635534086,0.16774020397208803,0.4428341384863124,
34,23.97342995169082,49.71148684916801,9.534353193773484,0.2147074610842727,12.204777241009126,,0.11406333870101985,3.408480944712829,0.20128824476650564,0.026838432635534086,0.16774020397208803,0.4428341384863124,
35,23.980139559849704,49.57729468599034,9.567901234567902,0.2147074610842727,12.13768115942029,,0.24825550187869028,3.374932903918411,0.23483628556092323,0.026838432635534086,0.16774020397208803,0.46967257112184646,
36,23.960010735373054,49.53032742887815,9.66183574879227,0.2147074610842727,12.097423510466989,,0.24825550187869028,3.361513687600644,0.23483628556092323,0.026838432635534086,0.16774020397208803,0.49651100375738055,
37,23.960010735373054,46.443907675791735,12.855609232420827,0.2214170692431562,12.02361782071927,,0.28180354267310787,3.2742887815351582,0.23483628556092323,0.013419216317767043,0.16774020397208803,0.5233494363929146,
38,24.14787976382179,46.256038647343,12.848899624261943,0.2214170692431562,12.016908212560386,,0.3153515834675255,3.2139023081052067,0.27509393451422437,0.013419216317767043,0.16774020397208803,0.5233494363929146,
39,24.416264090177133,45.967525496511,12.895866881374127,0.20799785292538917,11.963231347289318,,0.3153515834675255,3.193773483628556,0.30864197530864196,0.040257648953301126,0.16774020397208803,0.5233494363929146,
40,24.329039184111647,44.73966720343532,13.81508319914117,0.23483628556092323,11.849168008588299,,0.3153515834675255,3.5829307568438002,0.322061191626409,0.040257648953301126,0.2214170692431562,0.5501878690284487,
41,24.288781535158346,44.02844873859367,14.593397745571659,0.23483628556092323,11.808910359634996,,0.28180354267310787,3.5829307568438002,0.322061191626409,0.040257648953301126,0.2683843263553409,0.5501878690284487,
42,24.342458400429415,43.974771873322595,14.586688137412775,0.24825550187869028,11.808910359634996,,0.28180354267310787,3.5762211486849167,0.322061191626409,0.040257648953301126,0.2683843263553409,0.5501878690284487,
43,24.516908212560388,43.70638754696726,14.506172839506172,0.24825550187869028,11.782071926999464,,0.28180354267310787,3.683574879227053,0.322061191626409,0.040257648953301126,0.38915727321524424,0.5233494363929146,
44,24.537037037037038,43.4447128287708,14.640365002683843,0.24825550187869028,11.600912506709609,,0.28180354267310787,3.797638217928073,0.322061191626409,0.040257648953301126,0.38915727321524424,0.6977992485238862,
45,24.040526033279658,44.00831991411702,14.687332259796028,0.30193236714975846,11.574074074074074,,0.1610305958132045,3.743961352657005,0.322061191626409,0.040257648953301126,0.4294149221685454,0.6910896403650026,
46,24.040526033279658,43.887546967257116,14.687332259796028,0.30193236714975846,11.614331723027375,,0.1610305958132045,3.7573805689747717,0.322061191626409,0.040257648953301126,0.46967257112184646,0.7179280730005367,
47,24.349168008588297,43.61916264090177,14.626945786366075,0.32877079978529256,11.600912506709609,,0.20799785292538917,3.7238325281803544,0.3153515834675255,0.040257648953301126,0.46967257112184646,0.7179280730005367,
48,24.08749329039184,43.90096618357488,14.626945786366075,0.32877079978529256,11.52710681696189,,0.20799785292538917,3.717122920021471,0.3153515834675255,0.040257648953301126,0.5099302200751477,0.7380568974771873,
49,24.134460547504027,43.80703166935051,14.620236178207193,0.32877079978529256,11.500268384326356,,0.20799785292538917,3.750670960815888,0.3153515834675255,0.07380568974771873,0.5099302200751477,0.7514761137949544,
50,24.282071926999464,43.612453032742884,14.680622651637144,0.32877079978529256,11.500268384326356,,0.20799785292538917,3.7372517444981215,0.3153515834675255,0.07380568974771873,0.5099302200751477,0.7514761137949544,
51,24.57729468599034,43.37761674718197,14.593397745571659,0.3488996242619431,11.493558776167472,,0.20799785292538917,3.7372517444981215,0.3153515834675255,0.08722490606548577,0.5099302200751477,0.7514761137949544,
52,24.745034889962426,43.162909286097694,14.647074610842727,0.3757380568974772,11.480139559849706,,0.24825550187869028,3.7037037037037037,0.3153515834675255,0.08722490606548577,0.4830917874396135,0.7514761137949544,
53,24.90606548577563,42.99516908212561,14.459205582393988,0.3757380568974772,11.486849168008588,,0.24825550187869028,3.784219001610306,0.33548040794417605,0.12077294685990338,0.4830917874396135,0.8051529790660226,
54,25.0,42.921363392377884,14.325013419216317,0.3757380568974772,11.419753086419753,,0.24825550187869028,3.7640901771336552,0.33548040794417605,0.18115942028985507,0.5703166935050993,0.8588298443370908,
55,25.10064412238325,41.87466451959206,14.821524422973699,0.7179280730005367,11.20504562533548,,0.27509393451422437,3.7909286097691894,0.33548040794417605,0.24154589371980675,0.5971551261406334,1.0399892646269457,
56,24.785292538915726,39.03650026838432,17.96833064949007,0.7179280730005367,10.373054213633925,,0.27509393451422437,3.69699409554482,0.33548040794417605,0.24154589371980675,0.5971551261406334,1.9726247987117553,
57,23.329307568438004,35.057702630166396,18.04884594739667,0.6910896403650026,10.272410091250672,,0.2549651100375738,8.997584541062801,0.36902844873859364,0.27509393451422437,0.7179280730005367,1.9860440150295222,
58,22.96027911969941,32.25979602791197,16.774020397208805,6.957863660762212,8.76274825550188,0.03354804079441761,0.2549651100375738,8.943907675791733,0.4025764895330113,0.2952227589908749,0.5568974771873323,1.7981749865807837,
59,22.77241009125067,32.51476113794954,16.740472356414386,6.910896403650026,8.507783145464305,0.14090177133655393,0.24825550187869028,9.131776704240472,0.4562533548040794,0.32877079978529256,0.7447665056360708,1.5029522275899088,
60,22.906602254428343,32.347020933977454,16.63311862587225,6.246645195920558,7.722758990874933,0.14090177133655393,0.23483628556092323,9.098228663446054,0.5099302200751477,0.3757380568974772,2.3215244229736984,1.4626945786366077,
61,23.1280193236715,31.89747718733226,16.955179817498657,6.233225979602791,7.695920558239399,0.14090177133655393,0.23483628556092323,9.03113258185722,0.5434782608695652,0.3757380568974772,2.3215244229736984,1.442565754159957,
62,23.336017176596886,31.76328502415459,16.80756843800322,6.139291465378422,7.695920558239399,0.14090177133655393,0.23483628556092323,9.037842190016104,0.5971551261406334,0.5099302200751477,2.2946859903381642,1.442565754159957,
63,23.47691894793344,31.622383252818036,16.646537842190018,6.139291465378422,7.689210950080516,0.14090177133655393,0.2616747181964573,9.138486312399356,0.5971551261406334,0.5434782608695652,2.301395598497048,1.442565754159957,
64,23.564143853998928,31.57541599570585,16.566022544283413,6.0654857756307035,7.689210950080516,0.14090177133655393,0.2952227589908749,9.131776704240472,0.644122383252818,0.5636070853462157,2.3215244229736984,1.442565754159957,
65,23.61111111111111,31.125872249060656,17.45169082125604,6.038647342995169,7.628824476650563,0.14090177133655393,0.2952227589908749,8.601717659688674,0.785024154589372,0.5636070853462157,2.2946859903381642,1.4626945786366077,
66,23.537305421363392,30.018786902844873,16.109769189479334,7.669082125603865,7.628824476650563,0.14090177133655393,0.2952227589908749,9.406870638754697,0.7581857219538379,0.6910896403650026,2.2946859903381642,1.4492753623188406,
67,23.67149758454106,29.938271604938272,16.089640365002683,7.648953301127214,7.548309178743962,0.14090177133655393,0.2952227589908749,9.346484165324744,0.798443370907139,0.6910896403650026,2.3752012882447664,1.4559849704777241,
68,23.825818572195384,29.891304347826086,16.06280193236715,7.62211486849168,7.521470746108427,0.14090177133655393,0.2952227589908749,9.31964573268921,0.798443370907139,0.6910896403650026,2.3752012882447664,1.4559849704777241,
69,22.98040794417606,29.851046698872786,15.49248523886205,7.568438003220612,7.50805152979066,0.14090177133655393,1.2278582930756843,9.856414385399892,0.8521202361782072,0.6910896403650026,2.3752012882447664,1.4559849704777241,
70,22.98040794417606,28.703703703703702,14.955716586151368,7.481213097155126,7.481213097155126,0.14090177133655393,1.221148684916801,11.681427804616211,0.8319914117015567,0.7246376811594203,2.328234031132582,1.4694041867954912,
71,21.89345142243693,29.636339237788512,14.855072463768115,10.547504025764896,5.528717122920021,0.14090177133655393,1.1876006441223832,11.560654857756306,0.8588298443370908,0.7648953301127214,1.5163714439076759,1.5096618357487923,
72,21.994095544820183,29.21363392377885,14.714170692431562,10.507246376811594,5.501878690284487,0.14090177133655393,1.1876006441223832,11.929683306494901,0.9192163177670424,0.798443370907139,1.5163714439076759,1.5767579173376274,
73,20.142243692968332,27.66371443907676,13.79495437466452,10.466988727858293,9.561191626409018,0.18115942028985507,1.1674718196457328,12.218196457326892,0.9594739667203436,0.798443370907139,1.4962426194310252,1.5499194847020934,
74,20.229468599033815,27.428878153515836,13.09044551798175,11.701556629092861,9.534353193773484,0.19457863660762212,1.1674718196457328,12.090713902308105,0.9863123993558777,0.7783145464304885,1.247987117552335,1.5499194847020934,
75,20.45088566827697,27.375201288244767,13.036768652710682,11.641170155662909,9.534353193773484,0.19457863660762212,1.1607622114868492,12.04374664519592,0.9863123993558777,0.7783145464304885,1.247987117552335,1.5499194847020934,
76,20.638754696725712,27.24771873322598,12.93612453032743,11.540526033279656,9.245840042941492,0.30193236714975846,1.1406333870101986,12.419484702093397,0.9863123993558777,0.7783145464304885,1.247987117552335,1.5096618357487923,0.0067096081588835215
77,20.77294685990338,27.214170692431562,12.842190016103059,11.52710681696189,9.232420826623725,0.33548040794417605,1.1406333870101986,12.372517444981213,0.9863123993558777,0.8118625872249061,1.247987117552335,1.5096618357487923,0.0067096081588835215
78,20.94068706387547,27.106816961889425,12.808641975308642,11.466720343531938,9.192163177670425,0.33548040794417605,1.1406333870101986,11.580783682232958,0.966183574879227,0.8118625872249061,1.2815351583467525,2.3617820719269993,0.0067096081588835215
79,20.719269994632313,25.89908749329039,11.969940955448202,11.171497584541063,9.138486312399356,0.35560923242082665,1.1406333870101986,13.915727321524423,0.9863123993558777,0.8252818035426731,1.4761137949543746,2.395330112721417,0.0067096081588835215
80,20.840042941492218,25.637412775093935,12.151100375738057,11.158078368223295,9.125067096081589,0.35560923242082665,1.1406333870101986,13.808373590982287,1.0802469135802468,0.8252818035426731,1.4761137949543746,2.395330112721417,0.0067096081588835215
81,20.685721953837895,25.44283413848631,12.13768115942029,11.178207192699947,9.104938271604938,0.3421900161030596,1.6170155662909287,13.6808910359635,1.1003757380568975,0.8454106280193237,1.4626945786366077,2.395330112721417,0.0067096081588835215
82,20.75281803542673,25.37573805689748,12.050456253354804,11.09098228663446,9.125067096081589,0.5166398282340311,1.570048309178744,13.66076221148685,1.1473429951690821,0.8454106280193237,1.4626945786366077,2.395330112721417,0.0067096081588835215
83,20.82662372517445,25.295222758990874,12.050456253354804,11.486849168008588,9.091519055287172,0.5166398282340311,1.247987117552335,13.519860440150294,1.2412775093934514,0.8454106280193237,1.4626945786366077,2.408749329039184,0.0067096081588835215
84,18.95464304884595,24.852388620504563,12.097423510466989,11.439881910896403,8.219269994632313,0.5166398282340311,4.690016103059581,13.258185721953838,1.261406333870102,0.8454106280193237,1.4626945786366077,2.395330112721417,0.0067096081588835215
85,18.699677938808374,24.59742351046699,11.889425657541599,9.71551261406334,7.722758990874933,0.4830917874396135,8.816425120772946,12.788513150831992,1.221148684916801,0.8252818035426731,0.9930220075147611,2.2410091250670963,0.0067096081588835215
86,18.840579710144926,24.50348899624262,11.782071926999464,9.742351046698873,7.709339774557166,0.4830917874396135,8.816425120772946,12.74825550187869,1.221148684916801,0.8655394524959742,1.0064412238325282,2.2745571658615136,0.0067096081588835215
87,18.9747718733226,24.402844873859365,12.453032742887816,9.702093397745571,7.353730542136339,0.4830917874396135,8.769457863660762,12.674449812130971,1.247987117552335,0.8990874932903918,0.9863123993558777,2.0531400966183573,
88,19.276704240472355,24.355877616747183,12.278582930756844,9.541062801932368,7.333601717659689,0.5971551261406334,8.749329039184111,12.600644122383253,1.3150831991411702,0.9326355340848095,0.966183574879227,2.0531400966183573,
89,19.464573268921097,24.329039184111647,12.27187332259796,9.520933977455716,7.306763285024155,0.5971551261406334,8.749329039184111,12.486580783682234,1.3553408480944713,0.9326355340848095,0.9460547504025765,2.0397208803005906,
90,17.3040794417606,26.227858293075684,12.204777241009126,9.534353193773484,7.2933440687063875,0.5971551261406334,9.111647879763822,12.446323134728932,1.3486312399355878,0.9326355340848095,0.9460547504025765,2.0531400966183573,
91,17.444981213097154,26.06682769726248,12.151100375738057,9.447128287707997,7.206119162640902,0.5837359098228664,9.07139023081052,12.5402576489533,1.3754696725711217,0.9326355340848095,1.0534084809447128,2.1269457863660763,
92,17.632850241545892,26.019860440150296,12.546967257112184,9.433709071390231,7.192699946323135,0.5837359098228664,8.57487922705314,12.513419216317766,1.3754696725711217,0.966183574879227,1.0534084809447128,2.1068169618894257,
93,17.726784755770264,25.87895866881374,12.661030595813205,8.849973161567364,7.179280730005368,0.5837359098228664,8.527911969940956,12.486580783682234,1.3888888888888888,0.966183574879227,1.6304347826086956,2.120236178207193,
94,15.579710144927537,23.577563070316693,11.3593666129898,9.628287707997853,4.770531400966184,0.6038647342995169,16.80756843800322,11.922973698336017,1.4492753623188406,0.7447665056360708,1.5767579173376274,1.9793344068706387,
95,15.794417606011809,23.503757380568974,11.258722490606548,8.997584541062801,4.206924315619967,0.6038647342995169,18.33064949006978,11.782071926999464,1.4694041867954912,0.7447665056360708,1.5096618357487923,1.7981749865807837,
96,15.895061728395062,22.899892646269457,11.231884057971014,8.870101986044014,4.206924315619967,0.6038647342995169,18.263553408480945,12.506709608158884,1.4694041867954912,0.7447665056360708,1.5096618357487923,1.7981749865807837,
97,16.015834675254965,22.6784755770263,11.272141706924316,8.836553945249598,4.200214707461084,0.6038647342995169,18.223295759527645,12.607353730542137,1.4962426194310252,0.7447665056360708,1.5230810520665594,1.7981749865807837,
98,16.11647879763822,22.430220075147613,11.325818572195384,8.682232957595277,4.186795491143317,0.7581857219538379,18.109232420826622,12.68786902844874,1.5096618357487923,0.7581857219538379,1.5633387010198605,1.8719806763285025,
99,16.150026838432634,22.450348899624263,11.252012882447666,8.420558239398819,4.233762748255502,0.7917337627482555,18.04884594739667,12.580515297906603,1.4761137949543746,0.7514761137949544,1.6237251744498122,2.2208803005904456,
100,16.384863123993558,22.383252818035427,11.285560923242082,8.393719806763285,4.193505099302201,0.7917337627482555,17.941492216854535,12.553676865271068,1.4761137949543746,0.7514761137949544,1.6505636070853462,2.1940418679549114,
101,15.881642512077295,22.020933977455716,10.084541062801932,8.219269994632313,7.608695652173913,0.8185721953837896,17.941492216854535,11.929683306494901,1.415727321524423,0.6776704240472357,1.6505636070853462,1.751207729468599,
102,16.002415458937197,21.947128287707997,10.057702630166398,8.125335480407944,7.581857219538379,0.7648953301127214,17.914653784219002,12.070585077831455,1.415727321524423,0.7179280730005367,1.6505636070853462,1.751207729468599,
103,16.17686527106817,21.866612989801396,10.057702630166398,8.111916264090176,7.555018786902845,0.7648953301127214,16.968599033816425,12.95625335480408,1.4224369296833066,0.7179280730005367,1.6170155662909287,1.7847557702630166,
104,16.411701556629094,21.806226516371442,10.071121846484166,8.091787439613526,7.514761137949543,0.7648953301127214,16.888083735909824,12.922705314009661,1.4895330112721417,0.7045088566827697,1.6035963499731616,1.7310789049919484,
105,16.364734299516908,21.571390230810522,10.352925389157273,8.11862587224906,7.454374664519592,0.7648953301127214,16.659957058507782,13.130703166935051,1.5163714439076759,0.7179280730005367,1.556629092860977,1.7914653784219001,
106,16.532474503488995,21.537842190016104,10.312667740203972,8.11862587224906,7.454374664519592,0.7648953301127214,16.586151368760063,13.130703166935051,1.4962426194310252,0.7179280730005367,1.556629092860977,1.7914653784219001,
107,16.881374127750938,21.430488459473967,10.279119699409554,8.004562533548041,7.427536231884058,0.7917337627482555,16.525764895330113,13.023349436392914,1.5163714439076759,0.7179280730005367,1.6103059581320451,1.7847557702630166,0.0067096081588835215
108,17.24369296833065,21.35668276972625,10.198604401502953,7.96430488459474,7.427536231884058,0.8185721953837896,16.445249597423512,12.969672571121846,1.4358561460010735,0.7179280730005367,1.6304347826086956,1.7847557702630166,0.0067096081588835215
109,17.297369833601717,21.141975308641975,10.21202361782072,7.96430488459474,7.306763285024155,0.8185721953837896,16.438539989264626,13.050187869028449,1.4358561460010735,0.7179280730005367,1.6639828234031133,1.9457863660762211,0.0067096081588835215
110,17.505367686527105,21.021202361782073,10.507246376811594,7.9039184111647875,7.300053676865271,0.8185721953837896,15.895061728395062,13.09044551798175,1.4626945786366077,0.7179280730005367,1.7847557702630166,1.9860440150295222,0.0067096081588835215
111,17.559044551798173,20.90042941492217,10.493827160493828,7.863660762211487,7.4208266237251745,0.8387010198604401,15.827965646806227,13.070316693505099,1.5230810520665594,0.7045088566827697,1.8183038110574343,1.9726247987117553,0.0067096081588835215
112,17.62614063338701,20.819914117015568,10.628019323671497,7.9039184111647875,7.226247987117552,0.8655394524959742,15.827965646806227,13.083735909822867,1.5230810520665594,0.7246376811594203,1.7914653784219001,1.9726247987117553,0.0067096081588835215
113,17.72007514761138,20.665593129361245,10.34621578099839,8.199141170155663,7.139023081052066,0.8655394524959742,15.68035426731079,13.036768652710682,1.4626945786366077,0.7112184648416533,2.187332259796028,1.9793344068706387,0.0067096081588835215
114,17.907944176060116,20.48443370907139,10.319377348362856,8.387010198604402,7.078636607622115,0.8655394524959742,15.68035426731079,12.93612453032743,1.4224369296833066,0.7112184648416533,2.2208803005904456,1.9793344068706387,0.0067096081588835215
115,18.089103596349972,20.356951154052602,10.406602254428341,8.3467525496511,7.051798174986581,0.8655394524959742,15.58641975308642,12.902576489533011,1.4358561460010735,0.7112184648416533,2.2611379495437465,1.9793344068706387,0.0067096081588835215
116,18.129361245303276,20.377079978529252,10.359634997316157,8.340042941492216,7.051798174986581,0.8655394524959742,15.53274288781535,12.895866881374127,1.4895330112721417,0.7112184648416533,2.2611379495437465,1.9793344068706387,0.0067096081588835215
117,18.310520665593128,20.336822329575952,10.332796564680622,8.266237251744498,7.051798174986581,0.8655394524959742,15.505904455179817,12.848899624261943,1.482823403113258,0.7112184648416533,2.2611379495437465,2.01959205582394,0.0067096081588835215
118,18.095813204508858,19.93424584004294,10.104669887278583,11.285560923242082,6.91760601180891,0.8655394524959742,15.432098765432098,11.258722490606548,1.4626945786366077,0.6843800322061192,2.0128824476650564,1.9390767579173376,0.0067096081588835215
119,18.089103596349972,19.860440150295222,10.104669887278583,11.238593666129898,6.998121309715513,0.8923778851315083,15.398550724637682,11.265432098765432,1.4626945786366077,0.6709608158883521,2.046430488459474,1.9659151905528718,0.0067096081588835215
120,18.310520665593128,19.806763285024154,10.064412238325282,11.211755233494364,6.977992485238862,0.8923778851315083,15.371712292002147,11.211755233494364,1.4626945786366077,0.6709608158883521,2.046430488459474,1.9659151905528718,0.0067096081588835215
121,18.344068706387546,19.746376811594203,9.990606548577563,11.18491680085883,7.024959742351046,0.8789586688137413,15.378421900161031,11.151368760064413,1.5767579173376274,0.6709608158883521,2.0799785292538915,1.9659151905528718,0.0067096081588835215
122,18.4044551798175,19.578636607622116,10.077831454643048,11.037305421363392,6.984702093397746,0.8789586688137413,15.411969940955448,11.124530327428879,1.6639828234031133,0.6709608158883521,2.1940418679549114,1.9659151905528718,0.0067096081588835215
123,18.491680085882983,19.51825013419216,10.071121846484166,11.05072463768116,6.957863660762212,0.8655394524959742,15.35829307568438,11.16478797638218,1.6505636070853462,0.6709608158883521,2.227589908749329,1.9659151905528718,0.0067096081588835215
124,18.51851851851852,19.384057971014492,10.124798711755233,11.064143853998926,6.9310252281266775,0.8655394524959742,15.311325818572195,11.252012882447666,1.6304347826086956,0.6374127750939346,2.281266774020397,1.9927536231884058,0.0067096081588835215
125,18.612453032742888,19.370638754696724,10.02415458937198,11.037305421363392,6.971282877079979,0.9259259259259259,15.297906602254429,11.20504562533548,1.6304347826086956,0.6374127750939346,2.281266774020397,1.9994632313472893,0.0067096081588835215
126,18.659420289855074,19.276704240472355,10.037573805689748,11.010466988727858,6.971282877079979,0.9259259259259259,15.22410091250671,11.399624261943103,1.6237251744498122,0.6105743424584005,2.2745571658615136,1.9793344068706387,0.0067096081588835215
127,18.719806763285025,19.229736983360173,10.104669887278583,10.95679012345679,6.951154052603328,0.9259259259259259,15.210681696188942,11.406333870101985,1.6237251744498122,0.6105743424584005,2.2611379495437465,1.9927536231884058,0.0067096081588835215
128,18.793612453032743,19.229736983360173,10.111379495437467,10.923242082662373,6.9310252281266775,0.9259259259259259,15.143585614600108,11.500268384326356,1.5432098765432098,0.6105743424584005,2.2946859903381642,1.9860440150295222,0.0067096081588835215
129,18.47826086956522,18.156199677938808,9.75577026301664,10.88298443370907,6.91760601180891,0.9192163177670424,14.969135802469136,13.399087493290391,1.5230810520665594,0.6105743424584005,2.395330112721417,1.9860440150295222,0.0067096081588835215
130,18.63929146537842,18.089103596349972,9.816156736446592,10.829307568438002,6.884057971014493,0.9192163177670424,14.935587761674718,13.33870101986044,1.5230810520665594,0.6374127750939346,2.4154589371980677,1.9659151905528718,0.0067096081588835215
131,18.78690284487386,18.00187869028449,9.581320450885668,11.439881910896403,6.857219538378959,0.785024154589372,14.88191089640365,13.170960815888352,1.5096618357487923,0.5971551261406334,2.4154589371980677,1.9659151905528718,0.0067096081588835215
132,18.914385399892645,17.941492216854535,9.554482018250134,11.43317230273752,6.910896403650026,0.7716049382716049,14.88191089640365,13.150831991411701,1.4694041867954912,0.5837359098228664,2.4355877616747184,1.9457863660762211,0.0067096081588835215
133,19.028448738593667,17.85426731078905,9.809447128287708,11.325818572195384,6.910896403650026,0.7716049382716049,14.875201288244767,13.123993558776167,1.482823403113258,0.5770263016639828,2.328234031132582,1.90552871712292,0.0067096081588835215
134,19.061996779388085,17.619431025228128,9.809447128287708,11.124530327428879,6.877348362855609,0.8722490606548577,14.331723027375201,13.848631239935587,1.5029522275899088,0.5636070853462157,2.3550724637681157,2.0263016639828235,0.0067096081588835215
135,19.122383252818036,17.68652710681696,9.762479871175524,11.07085346215781,6.877348362855609,0.8722490606548577,14.2914653784219,13.895598497047773,1.5029522275899088,0.5636070853462157,2.3550724637681157,1.9927536231884058,0.0067096081588835215
136,19.35721953837896,17.619431025228128,9.695383789586689,11.064143853998926,6.870638754696726,0.8722490606548577,14.27133655394525,13.808373590982287,1.4559849704777241,0.5636070853462157,2.4825550187869028,1.932367149758454,0.0067096081588835215
137,19.135802469135804,17.579173376274827,9.916800858829845,11.748523886205046,6.602254428341385,0.8722490606548577,14.096886741814279,13.774825550187868,1.4761137949543746,0.5636070853462157,2.4490069779924855,1.778046162104133,0.0067096081588835215
138,19.202898550724637,17.51207729468599,9.916800858829845,11.721685453569512,6.521739130434782,0.8722490606548577,14.083467525496511,13.774825550187868,1.4761137949543746,0.5636070853462157,2.563070316693505,1.7847557702630166,0.0067096081588835215
139,19.30354267310789,17.344337090713903,9.950348899624261,11.668008588298443,6.515029522275899,0.9125067096081588,14.143853998926463,13.7211486849168,1.4895330112721417,0.5636070853462157,2.5966183574879227,1.7847557702630166,0.0067096081588835215
140,19.35721953837896,17.183306494900698,10.091250670960816,11.701556629092861,6.515029522275899,0.9393451422436929,14.083467525496511,13.654052603327965,1.5230810520665594,0.5636070853462157,2.5697799248523885,1.8115942028985508,0.0067096081588835215
141,19.47799248523886,16.908212560386474,10.057702630166398,11.701556629092861,6.501610305958132,0.9393451422436929,14.04320987654321,13.90901771336554,1.5096618357487923,0.5636070853462157,2.5697799248523885,1.8115942028985508,0.0067096081588835215
142,19.64573268921095,16.841116478797638,10.091250670960816,11.621041331186259,6.447933440687064,1.0064412238325282,14.036500268384327,13.90901771336554,1.4895330112721417,0.5367686527106817,2.5697799248523885,1.7981749865807837,0.0067096081588835215
143,19.732957595276435,16.780730005367687,10.030864197530864,11.829039184111648,6.4412238325281805,0.9997316156736447,14.009661835748792,13.895598497047773,1.482823403113258,0.5367686527106817,2.589908749329039,1.6438539989264627,0.026838432635534086
144,19.920826623725173,16.7337627482555,10.017444981213098,11.79549114331723,6.4412238325281805,0.9997316156736447,13.962694578636608,13.855340848094471,1.4761137949543746,0.5367686527106817,2.589908749329039,1.6438539989264627,0.026838432635534086
145,20.068438003220614,16.67337627482555,10.037573805689748,11.721685453569512,6.421095008051529,1.0265700483091786,13.955984970477724,13.821792807300053,1.4761137949543746,0.5367686527106817,2.6033279656468062,1.6304347826086956,0.026838432635534086
146,20.155662909286097,16.55931293612453,10.071121846484166,11.842458400429415,6.421095008051529,1.0265700483091786,13.92914653784219,13.81508319914117,1.415727321524423,0.5367686527106817,2.5697799248523885,1.6304347826086956,0.026838432635534086
147,20.12211486849168,16.49892646269458,10.017444981213098,11.849168008588299,6.796833064949007,1.0265700483091786,13.90901771336554,13.667471819645733,1.4090177133655395,0.5300590445517982,2.5697799248523885,1.5767579173376274,0.026838432635534086
148,20.209339774557165,16.431830381105744,10.02415458937198,11.829039184111648,6.796833064949007,0.9997316156736447,13.88888888888889,13.66076221148685,1.42914653784219,0.5300590445517982,2.5697799248523885,1.6035963499731616,0.026838432635534086
149,19.692699946323135,17.23027375201288,10.064412238325282,11.694847020933977,6.655931293612453,0.9997316156736447,13.828502415458937,13.741277509393452,1.4090177133655395,0.5300590445517982,2.5496511003757383,1.5767579173376274,0.026838432635534086
150,19.75979602791197,17.21014492753623,10.044283413848632,11.701556629092861,6.635802469135802,0.9997316156736447,13.734567901234568,13.573537305421363,1.6035963499731616,0.5703166935050993,2.5496511003757383,1.5901771336553945,0.026838432635534086
151,19.89398819108964,17.136339237788512,9.997316156736447,11.674718196457327,6.622383252818035,1.1205045625335481,13.734567901234568,13.466183574879228,1.5767579173376274,0.5703166935050993,2.5496511003757383,1.6304347826086956,0.026838432635534086
152,20.162372517444982,17.028985507246375,9.997316156736447,11.614331723027375,6.622383252818035,1.1272141706924315,13.727858293075684,13.41250670960816,1.5297906602254427,0.5703166935050993,2.5496511003757383,1.6304347826086956,0.026838432635534086
153,20.283145464304884,16.948470209339774,9.970477724100913,11.641170155662909,6.622383252818035,1.1876006441223832,13.687600644122384,13.345410628019323,1.5297906602254427,0.5703166935050993,2.5295222758990876,1.6572732152442298,0.026838432635534086
154,20.323403113258184,16.908212560386474,9.970477724100913,11.66129898013956,6.635802469135802,1.2144390767579174,13.6406333870102,13.318572195383789,1.5163714439076759,0.5703166935050993,2.5563607085346214,1.6572732152442298,0.026838432635534086
155,20.128824476650564,16.908212560386474,9.628287707997853,11.513687600644122,7.494632313472893,1.2278582930756843,13.633923778851315,13.264895330112722,1.4962426194310252,0.4830917874396135,2.5563607085346214,1.6371443907675791,0.026838432635534086
156,20.202630166398283,16.129898013955984,9.628287707997853,11.466720343531938,8.272946859903382,1.2010198604401503,13.560118089103597,13.291733762748256,1.4962426194310252,0.46967257112184646,2.6167471819645733,1.6371443907675791,0.026838432635534086
157,20.29656468062265,16.069511540526033,9.621578099838969,11.439881910896403,8.293075684380032,1.2010198604401503,13.486312399355878,13.217928073000536,1.5499194847020934,0.46967257112184646,2.690552871712292,1.6371443907675791,0.026838432635534086
158,20.28985507246377,16.0426731078905,9.66183574879227,11.366076221148685,8.246108427267847,1.1876006441223832,13.399087493290391,13.217928073000536,1.570048309178744,0.46967257112184646,2.6838432635534084,1.8384326355340848,0.026838432635534086
159,20.336822329575952,15.767579173376275,9.681964573268921,11.312399355877616,8.246108427267847,1.1876006441223832,13.459473966720344,13.365539452495975,1.556629092860977,0.5032206119162641,2.6838432635534084,1.8719806763285025,0.026838432635534086
160,20.363660762211488,15.526033279656469,9.588030059044552,11.29898013955985,8.239398819108963,1.1876006441223832,13.385668276972625,13.781535158346752,1.556629092860977,0.5032206119162641,2.6704240472356413,1.8719806763285025,0.026838432635534086
161,20.356951154052602,15.096618357487923,9.339774557165862,11.198336017176597,7.427536231884058,1.1540526033279657,13.39237788513151,15.465646806226516,1.5297906602254427,0.4495437466451959,2.7106816961889426,1.8518518518518519,0.026838432635534086
162,20.46430488459474,14.88191089640365,9.27938808373591,11.292270531400966,7.669082125603865,1.1540526033279657,13.365539452495975,15.344873859366613,1.5297906602254427,0.4495437466451959,2.703972088030059,1.8384326355340848,0.026838432635534086
163,20.685721953837895,14.868491680085883,9.420289855072463,11.20504562533548,7.702630166398282,1.2077294685990339,13.24476650563607,15.096618357487923,1.556629092860977,0.4428341384863124,2.7308105206655933,1.8317230273752012,0.0067096081588835215
164,20.779656468062264,14.814814814814815,9.46725711218465,11.097691894793345,7.702630166398282,1.2077294685990339,13.144122383252817,15.049651100375739,1.5432098765432098,0.4428341384863124,2.7643585614600106,1.9793344068706387,0.0067096081588835215
165,20.437466451959207,14.251207729468598,9.23913043478261,11.07085346215781,8.400429414922169,1.2077294685990339,12.942834138486312,15.747450348899624,1.5499194847020934,0.4428341384863124,2.791196994095545,1.9122383252818036,0.0067096081588835215
166,20.591787439613526,14.210950080515298,9.265968867418144,11.044015029522276,8.3467525496511,1.2345679012345678,12.929414922168545,15.68035426731079,1.5432098765432098,0.4428341384863124,2.791196994095545,1.9122383252818036,0.0067096081588835215
167,20.665593129361245,14.06333870101986,9.118357487922705,10.943370907139023,8.863392377885132,1.2345679012345678,12.754965110037574,15.72061191626409,1.5163714439076759,0.4428341384863124,2.771068169618894,1.8988191089640365,0.0067096081588835215
168,20.33011272141707,13.855340848094471,8.943907675791733,10.88298443370907,11.29898013955985,1.0869565217391304,12.580515297906603,14.553140096618357,1.261406333870102,0.4428341384863124,2.9052603327965647,1.8518518518518519,0.0067096081588835215
169,20.242887815351583,13.83521202361782,8.856682769726248,11.79549114331723,11.003757380568974,1.0869565217391304,12.52012882447665,14.237788513150832,1.261406333870102,0.4428341384863124,2.8381642512077296,1.8719806763285025,0.0067096081588835215
170,20.45088566827697,13.788244766505636,8.829844337090714,11.782071926999464,10.95679012345679,1.0869565217391304,12.426194310252281,14.231078904991948,1.261406333870102,0.4428341384863124,2.8650026838432634,1.8719806763285025,0.0067096081588835215
171,20.551529790660226,13.768115942028986,8.82313472893183,11.728395061728396,10.923242082662373,1.0869565217391304,12.385936661298981,14.224369296833064,1.2412775093934514,0.4428341384863124,2.918679549114332,1.8988191089640365,0.0067096081588835215
172,20.9272678475577,13.741277509393452,8.756038647342995,11.654589371980677,10.923242082662373,1.0869565217391304,12.29200214707461,14.04320987654321,1.2077294685990339,0.4294149221685454,2.918679549114332,2.0128824476650564,0.0067096081588835215
173,20.632045088566827,13.318572195383789,8.581588835212024,12.117552334943639,10.849436392914654,1.0601180891035964,13.103864734299517,13.70101986044015,1.2345679012345678,0.4092860976918948,3.012614063338701,1.9726247987117553,0.0067096081588835215
174,20.611916264090176,13.22463768115942,8.601717659688674,12.164519592055823,11.023886205045626,1.0802469135802468,13.056897477187333,13.600375738056897,1.2345679012345678,0.4092860976918948,3.012614063338701,1.9726247987117553,0.0067096081588835215
175,20.665593129361245,13.157541599570585,8.55475040257649,13.070316693505099,10.453569511540525,1.0131508319914118,13.056897477187333,13.425925925925926,1.2077294685990339,0.4092860976918948,3.0059044551798175,1.9726247987117553,0.0067096081588835215
176,20.79307568438003,13.09044551798175,8.541331186258722,13.009930220075148,10.466988727858293,1.0131508319914118,13.003220611916264,13.331991411701557,1.1943102522812667,0.4830917874396135,3.099838969404187,1.9659151905528718,0.0067096081588835215
177,21.034621578099838,13.077026301663983,8.55475040257649,12.99651100375738,10.433440687063875,0.9930220075147611,12.915995705850777,13.365539452495975,1.1741814278046163,0.46967257112184646,3.0193236714975846,1.9592055823939882,0.0067096081588835215
178,21.141975308641975,13.123993558776167,8.527911969940956,12.828770799785293,10.420021470746109,1.093666129898014,12.86231884057971,13.352120236178207,1.2010198604401503,0.46967257112184646,3.012614063338701,1.9592055823939882,0.0067096081588835215
179,21.16881374127751,13.09044551798175,8.447396672034353,12.815351583467525,10.36634460547504,1.093666129898014,12.775093934514224,13.378958668813741,1.1943102522812667,0.4294149221685454,3.2742887815351582,1.9592055823939882,0.0067096081588835215
180,21.349973161567366,13.050187869028449,8.440687063875469,12.788513150831992,10.34621578099839,1.0735373054213635,12.761674718196458,13.325281803542673,1.221148684916801,0.4294149221685454,3.2742887815351582,1.932367149758454,0.0067096081588835215
