,45,50,52,55,51,54,53,56,57,58
0,98.84594739667203,1.1540526033279657,,,,,,,,
1,97.53757380568975,2.462426194310252,,,,,,,,
2,93.59232420826623,6.407675791733762,,,,,,,,
3,88.7614063338701,11.238593666129898,,,,,,,,
4,86.93639291465378,13.063607085346217,,,,,,,,
5,84.42699946323135,14.264626945786366,1.3083735909822867,,,,,,,
6,82.39398819108965,16.297638217928075,1.3083735909822867,,,,,,,
7,80.36097691894793,18.283682232957595,1.3083735909822867,0.04696725711218465,,,,,,
8,76.96591519055288,21.67874396135266,1.3083735909822867,0.04696725711218465,,,,,,
9,76.25469672571121,22.38996242619431,1.3083735909822867,0.04696725711218465,,,,,,
10,76.20101986044016,22.443639291465377,1.3083735909822867,0.04696725711218465,,,,,,
11,69.84702093397746,28.797638217928075,1.3083735909822867,0.04696725711218465,,,,,,
12,67.40472356414385,31.239935587761675,1.3083735909822867,0.04696725711218465,,,,,,
13,67.49194847020934,31.15271068169619,1.3083735909822867,0.04696725711218465,,,,,,
14,67.29066022544283,31.353998926462694,1.3083735909822867,0.04696725711218465,,,,,,
15,67.37788513150832,31.266774020397207,1.3083735909822867,0.04696725711218465,,,,,,
16,52.79119699409554,42.129629629629626,1.3083735909822867,0.04696725711218465,3.7238325281803544,,,,,
17,52.9723564143854,41.948470209339774,1.3083735909822867,0.04696725711218465,3.7238325281803544,,,,,
18,53.0931293612453,41.727053140096615,1.2815351583467525,0.17444981213097155,3.7238325281803544,,,,,
19,53.234031132581855,41.58615136876006,1.2815351583467525,0.17444981213097155,3.7238325281803544,,,,,
20,27.697262479871174,67.98174986580784,1.2815351583467525,0.17444981213097155,2.717391304347826,0.14761137949543746,,,,
21,27.91867954911433,66.48550724637681,2.5429414922168547,0.17444981213097155,1.9524959742351047,0.9259259259259259,,,,
22,27.623456790123456,63.92243692968331,2.5295222758990876,0.7648953301127214,1.9524959742351047,0.9259259259259259,2.281266774020397,,,
23,27.750939345142243,63.238056897477186,2.5295222758990876,0.9326355340848095,1.9524959742351047,1.3150831991411702,2.281266774020397,,,
24,28.052871712292003,62.86231884057971,2.5295222758990876,1.0064412238325282,1.9524959742351047,1.3150831991411702,2.281266774020397,,,
25,25.55689747718733,64.60681696188942,2.5295222758990876,1.093666129898014,1.9524959742351047,2.01959205582394,2.2410091250670963,,,
26,25.389157273215243,62.11084272678475,2.5161030595813205,3.361513687600644,2.3617820719269993,2.01959205582394,2.2410091250670963,,,
27,25.711218464841654,61.79549114331723,2.5161030595813205,3.361513687600644,2.3617820719269993,2.01959205582394,2.2342995169082127,,,
28,25.99302200751476,61.151368760064415,2.5161030595813205,3.7238325281803544,2.3617820719269993,2.01959205582394,2.2342995169082127,,,
29,26.247987117552334,60.32608695652174,2.5161030595813205,4.40150295222759,2.26784755770263,2.006172839506173,2.2342995169082127,,,
30,26.50295222758991,60.07112184648417,2.5161030595813205,4.40150295222759,2.26784755770263,2.006172839506173,2.2342995169082127,,,
31,20.182501341921633,66.45866881374128,2.5026838432635534,4.327697262479871,3.1870638754696725,2.006172839506173,1.3352120236178207,,,
32,20.652173913043477,65.88835212023618,2.5026838432635534,4.4753086419753085,3.140096618357488,2.006172839506173,1.3352120236178207,,,
33,18.391035963499732,63.49302200751476,1.1137949543746646,4.455179817498658,6.327160493827161,2.006172839506173,4.213633923778851,,,
34,18.471551261406333,62.486580783682236,1.1137949543746646,4.414922168545357,7.98443370907139,2.006172839506173,3.5225442834138487,,,
35,18.706387546967257,60.279119699409556,1.1137949543746646,4.3545356951154055,7.98443370907139,2.2342995169082127,5.3274288781535155,,,
36,18.907675791733762,59.96376811594203,1.1137949543746646,4.49543746645196,7.85024154589372,2.2342995169082127,5.300590445517981,0.13419216317767044,,
37,18.867418142780462,59.292807300053674,1.1137949543746646,4.488727858293076,7.85024154589372,2.2342995169082127,6.018518518518518,0.13419216317767044,,
38,19.0552871712292,58.3467525496511,1.1137949543746646,4.294149221685454,7.836822329575953,2.2342995169082127,6.984702093397746,0.13419216317767044,,
39,19.176060118089104,57.90391841116479,1.1137949543746646,4.770531400966184,7.830112721417069,2.227589908749329,6.843800322061192,0.13419216317767044,,
40,19.229736983360173,57.75630703166935,1.1137949543746646,4.757112184648417,7.796564680622652,2.2208803005904456,6.991411701556629,0.13419216317767044,,
41,15.827965646806227,56.01851851851852,0.06709608158883522,4.8443370907139025,17.183306494900698,1.9457863660762211,3.978797638217928,0.13419216317767044,,
42,16.163446054750402,55.43478260869565,0.06709608158883522,5.10601180891036,17.11621041331186,2.073268921095008,3.9049919484702094,0.13419216317767044,,
43,16.344605475040257,55.173107890499196,0.06709608158883522,5.22007514761138,17.11621041331186,2.073268921095008,3.8714439076757916,0.13419216317767044,,
44,16.364734299516908,55.173107890499196,0.06709608158883522,5.2066559312936125,17.11621041331186,2.073268921095008,3.864734299516908,0.13419216317767044,,
45,16.59957058507783,54.75711218464841,0.06709608158883522,5.46833064949007,17.03569511540526,2.073268921095008,3.864734299516908,0.13419216317767044,,
46,14.15727321524423,61.943102522812666,0.06709608158883522,5.314009661835748,8.715780998389693,1.9457863660762211,7.669082125603865,0.1878690284487386,,
47,12.869028448738593,63.197799248523886,,5.267042404723564,7.548309178743962,3.2742887815351582,7.6556629092860975,0.1878690284487386,,
48,12.909286097691895,61.50697799248524,,5.267042404723564,7.5281803542673105,4.9718196457326895,7.628824476650563,0.1878690284487386,,
49,13.036768652710682,60.19189479334407,,4.87788513150832,7.50805152979066,4.9718196457326895,9.225711218464841,0.1878690284487386,,
50,13.600375738056897,59.6081588835212,,4.918142780461621,7.481213097155126,5.025496511003757,9.178743961352657,0.1878690284487386,,
51,12.922705314009661,50.89237788513151,,5.662909286097692,6.91760601180891,4.951690821256038,18.46484165324745,0.1878690284487386,,
52,13.063607085346217,50.76489533011272,,5.662909286097692,6.508319914117015,5.24020397208803,18.4447128287708,0.3153515834675255,,
53,13.365539452495975,50.56360708534621,,5.662909286097692,6.374127750939345,5.314009661835748,18.256843800322063,0.3153515834675255,0.14761137949543746,
54,13.526570048309178,50.30193236714976,,5.763553408480945,6.374127750939345,5.314009661835748,18.256843800322063,0.3153515834675255,0.14761137949543746,
55,13.419216317767042,46.43719806763285,11.976650563607086,5.535426731078905,6.347289318303811,5.273752012882448,10.57434245840043,0.3153515834675255,0.12077294685990338,
56,13.6808910359635,46.383521202361784,11.869296833064949,5.535426731078905,6.293612453032743,5.253623188405797,10.547504025764896,0.3153515834675255,0.12077294685990338,
57,13.875469672571121,45.16237251744498,11.869296833064949,5.636070853462158,6.293612453032743,5.253623188405797,11.473429951690822,0.3153515834675255,0.12077294685990338,
58,14.070048309178745,45.06843800322061,11.728395061728396,5.595813204508857,6.206387546967257,5.314009661835748,11.473429951690822,0.3153515834675255,0.2281266774020397,
59,13.976113794954374,44.42431561996779,11.728395061728396,3.9318303811057436,6.206387546967257,5.300590445517981,14.056629092860977,0.1610305958132045,0.2147074610842727,
60,14.130434782608695,44.155931293612454,11.728395061728396,3.9318303811057436,5.5689747718733225,5.300590445517981,14.80810520665593,0.1610305958132045,0.2147074610842727,
61,14.029790660225443,43.29039184111648,10.970209339774557,3.7909286097691894,5.481749865807837,5.273752012882448,15.94873859366613,0.1610305958132045,1.0534084809447128,
62,13.036768652710682,39.378690284487384,10.929951690821255,3.603059581320451,13.352120236178207,4.414922168545357,14.070048309178745,0.1610305958132045,1.0534084809447128,
63,12.607353730542137,37.36580783682233,10.929951690821255,3.535963499731616,13.291733762748256,7.085346215780999,13.969404186795492,0.1610305958132045,1.0534084809447128,
64,12.828770799785293,35.970209339774556,13.83521202361782,3.589640365002684,12.86231884057971,6.179549114331723,13.519860440150294,0.1610305958132045,1.0534084809447128,
65,12.983091787439614,35.789049919484704,13.808373590982287,3.5628019323671496,12.822061191626409,6.327160493827161,13.493022007514762,0.1610305958132045,1.0534084809447128,
66,13.150831991411701,35.581052066559316,14.49946323134729,3.911701556629093,12.546967257112184,6.327160493827161,12.76838432635534,0.1610305958132045,1.0534084809447128,
67,13.18438003220612,34.76918947933441,14.49946323134729,4.690016103059581,12.399355877616747,6.3137412775093935,12.815351583467525,0.27509393451422437,1.0534084809447128,
68,13.372249060654857,33.49436392914654,18.129361245303276,4.26731078904992,12.29200214707461,6.3070316693505095,10.916532474503489,0.27509393451422437,0.9460547504025765,
69,13.674181427804616,33.319914117015564,18.00187869028449,4.26731078904992,12.29200214707461,6.3070316693505095,10.916532474503489,0.27509393451422437,0.9460547504025765,
70,14.009661835748792,33.313204508856685,17.820719269994633,4.240472356414386,12.218196457326892,6.3070316693505095,10.869565217391305,0.27509393451422437,0.9460547504025765,
71,14.53972088030059,33.02469135802469,17.820719269994633,4.240472356414386,12.06387546967257,6.3070316693505095,10.782340311325818,0.27509393451422437,0.9460547504025765,
72,14.801395598497047,32.83682232957595,17.800590445517983,4.334406870638754,11.969940955448202,6.300322061191626,10.782340311325818,0.27509393451422437,0.8990874932903918,
73,14.962426194310252,32.769726247987116,17.559044551798173,4.334406870638754,11.969940955448202,6.454643048845948,10.775630703166936,0.27509393451422437,0.8990874932903918,
74,14.325013419216317,29.55582393988191,23.866076221148685,4.528985507246377,11.969940955448202,6.273483628556092,8.199141170155663,0.24154589371980675,1.0399892646269457,
75,14.53972088030059,29.49543746645196,23.678207192699947,4.62962962962963,11.849168008588299,6.360708534621578,8.165593129361245,0.24154589371980675,1.0399892646269457,
76,14.694041867954912,29.461889425657542,23.637949543746647,4.62962962962963,11.802200751476114,6.327160493827161,8.165593129361245,0.24154589371980675,1.0399892646269457,
77,15.022812667740205,29.166666666666668,23.557434245840042,4.622920021470746,12.426194310252281,6.327160493827161,7.62211486849168,0.24154589371980675,1.0131508319914118,
78,15.385131508319914,29.139828234031132,23.309178743961354,4.622920021470746,11.231884057971014,6.3137412775093935,8.742619431025227,0.24154589371980675,1.0131508319914118,
79,15.653515834675256,28.515834675254965,23.275630703166936,4.549114331723027,11.191626409017713,6.622383252818035,8.93719806763285,0.24154589371980675,1.0131508319914118,
80,15.881642512077295,28.468867418142782,23.07434245840043,4.542404723564144,11.144659151905529,6.622383252818035,8.870101986044014,0.24154589371980675,1.1540526033279657,
81,16.27750939345142,28.341384863123995,23.020665593129362,4.53569511540526,10.963499731615673,6.622383252818035,8.84326355340848,0.24154589371980675,1.1540526033279657,
82,15.666935050993022,31.629092860976918,22.82608695652174,4.233762748255502,10.802469135802468,5.01207729468599,8.433977455716587,0.24154589371980675,1.1540526033279657,
83,15.908480944712828,30.73671497584541,22.470477724100913,5.065754159957058,10.789049919484702,4.998658078368224,8.36688137412775,0.24154589371980675,1.4224369296833066,
84,15.693773483628556,30.52871712292002,21.370101986044016,5.065754159957058,10.789049919484702,4.99194847020934,9.896672034353195,0.24154589371980675,1.4224369296833066,
85,15.693773483628556,29.314278046162105,21.22920021470746,5.065754159957058,11.520397208803006,5.783682232957595,9.728931830381105,0.24154589371980675,1.4224369296833066,
86,13.821792807300053,24.55716586151369,17.351046698872786,4.636339237788513,24.214975845410628,5.589103596349974,8.299785292538916,0.2147074610842727,1.3150831991411702,
87,13.741277509393452,24.013687600644122,18.015297906602253,4.636339237788513,24.208266237251745,5.589103596349974,8.266237251744498,0.2147074610842727,1.3150831991411702,
88,13.674181427804616,23.362855609232422,18.00858829844337,4.636339237788513,24.174718196457327,5.609232420826624,9.004294149221685,0.2147074610842727,1.3150831991411702,
89,13.633923778851315,23.181696188942567,17.894524959742352,3.6366076221148687,23.53059581320451,5.434782608695652,11.158078368223295,0.2147074610842727,1.3150831991411702,
90,13.915727321524423,23.067632850241544,17.834138486312398,3.743961352657005,23.362855609232422,5.414653784219001,11.131239935587761,0.2147074610842727,1.3150831991411702,
91,14.049919484702093,23.067632850241544,17.70665593129361,3.743961352657005,23.10789049919485,5.401234567901234,11.131239935587761,0.35560923242082665,1.4358561460010735,
92,14.38539989264627,22.966988727858293,17.66639828234031,3.743961352657005,23.060923242082662,5.253623188405797,11.131239935587761,0.35560923242082665,1.4358561460010735,
93,14.51959205582394,22.913311862587225,17.62614063338701,3.743961352657005,23.020665593129362,5.253623188405797,11.131239935587761,0.35560923242082665,1.4358561460010735,
94,14.378690284487385,21.155394524959743,16.6129898013956,3.717122920021471,26.496242619431026,5.24020397208803,10.607890499194847,0.35560923242082665,1.4358561460010735,
95,14.620236178207193,21.135265700483092,16.586151368760063,3.717122920021471,26.35534084809447,5.186527106816962,10.607890499194847,0.35560923242082665,1.4358561460010735,
96,14.720880300590446,21.20907139023081,16.566022544283413,3.824476650563607,26.10708534621578,5.173107890499195,10.607890499194847,0.35560923242082665,1.4358561460010735,
97,14.868491680085883,21.182232957595275,16.53918411164788,3.7640901771336552,26.073537305421365,5.173107890499195,10.607890499194847,0.35560923242082665,1.4358561460010735,
98,15.304616210413311,21.155394524959743,16.451959205582394,3.7372517444981215,25.925925925925927,5.159688674181428,10.473698336017177,0.35560923242082665,1.4358561460010735,
99,15.485775630703166,21.021202361782073,16.297638217928075,3.8714439076757916,25.805152979066023,5.159688674181428,10.446859903381643,0.47638217928073,1.4358561460010735,
100,15.747450348899624,20.92055823939882,16.203703703703702,3.8714439076757916,25.771604938271604,5.159688674181428,10.413311862587225,0.47638217928073,1.4358561460010735,
101,16.035963499731615,20.90042941492217,16.015834675254965,3.965378421900161,25.623993558776167,5.159688674181428,10.238862050456254,0.6239935587761675,1.4358561460010735,
102,16.0829307568438,20.74610842726785,16.015834675254965,4.817498658078368,24.953032742887814,5.159688674181428,10.165056360708535,0.6239935587761675,1.4358561460010735,
103,15.908480944712828,20.50456253354804,16.586151368760063,4.7168545356951155,24.89935587761675,5.159688674181428,10.165056360708535,0.6239935587761675,1.4358561460010735,
104,15.861513687600644,19.350509930220074,19.45786366076221,4.770531400966184,24.838969404186795,4.8443370907139025,8.816425120772946,0.6239935587761675,1.4358561460010735,
105,16.391572732152444,19.243156199677937,19.209608158883523,4.736983360171766,24.724906065485776,4.817498658078368,8.816425120772946,0.6239935587761675,1.4358561460010735,
106,16.55931293612453,19.189479334406872,19.14922168545357,4.663177670424047,24.698067632850243,4.9651100375738055,8.789586688137414,0.5501878690284487,1.4358561460010735,
107,16.841116478797638,19.0150295222759,19.11567364465915,4.663177670424047,24.65780998389694,4.951690821256038,8.769457863660762,0.5501878690284487,1.4358561460010735,
108,16.921631776704242,19.00161030595813,19.088835212023618,4.663177670424047,24.630971551261407,4.938271604938271,8.769457863660762,0.5501878690284487,1.4358561460010735,
109,16.841116478797638,18.988191089640367,19.605475040257648,4.569243156199678,24.610842726784757,4.938271604938271,8.756038647342995,0.5501878690284487,1.1406333870101986,
110,16.874664519592056,18.988191089640367,19.605475040257648,4.690016103059581,24.46323134728932,4.938271604938271,8.749329039184111,0.5501878690284487,1.1406333870101986,
111,16.069511540526033,17.102791196994094,18.5252281266774,6.226516371443908,24.188137412775095,4.696725711218465,11.52710681696189,0.7112184648416533,0.95276435856146,
112,16.451959205582394,17.002147074610843,18.5252281266774,6.092324208266238,24.16129898013956,4.696725711218465,11.406333870101985,0.7112184648416533,0.95276435856146,
113,16.51905528717123,16.928341384863124,18.51851851851852,6.199677938808374,24.134460547504027,4.690016103059581,11.366076221148685,0.6910896403650026,0.95276435856146,
114,16.700214707461082,16.888083735909824,18.51851851851852,6.199677938808374,24.020397208803004,4.663177670424047,11.366076221148685,0.6910896403650026,0.95276435856146,
115,16.532474503488995,16.606280193236714,19.11567364465915,6.172839506172839,24.020397208803004,4.663177670424047,11.245303274288782,0.6910896403650026,0.95276435856146,
116,16.639828234031132,16.606280193236714,19.07541599570585,6.172839506172839,23.98684916800859,4.62962962962963,11.245303274288782,0.6910896403650026,0.95276435856146,
117,15.076489533011273,14.170692431561998,17.69994632313473,5.978260869565218,31.48148148148148,3.9318303811057436,10.030864197530864,0.6776704240472357,0.95276435856146,
118,15.425389157273216,14.04320987654321,17.62614063338701,5.978260869565218,31.414385399892645,3.911701556629093,9.970477724100913,0.6776704240472357,0.95276435856146,
119,15.28448738593666,13.875469672571121,18.08239398819109,5.837359098228664,31.072195383789587,3.965378421900161,9.970477724100913,0.9594739667203436,0.95276435856146,
120,15.599838969404187,13.841921631776705,17.914653784219002,5.730005367686527,30.837359098228664,4.106280193236715,9.950348899624261,1.06682769726248,0.95276435856146,
121,15.787707997852925,13.694310252281268,17.847557702630166,5.703166935050993,30.85077831454643,4.0995705850778315,9.950348899624261,1.06682769726248,0.9997316156736447,
122,16.14331723027375,13.667471819645733,17.780461621041333,6.213097155126141,30.139559849704778,4.05931293612453,9.930220075147611,1.06682769726248,0.9997316156736447,
123,16.344605475040257,13.446054750402576,17.773752012882447,6.286902844873859,30.119431025228128,3.9318303811057436,10.030864197530864,1.06682769726248,0.9997316156736447,
124,16.035963499731615,13.345410628019323,16.59957058507783,6.273483628556092,27.435587761674718,3.743961352657005,14.600107353730541,1.0332796564680622,0.9326355340848095,
125,16.411701556629094,13.345410628019323,16.27079978529254,6.736446591519055,27.17391304347826,3.743961352657005,14.486044015029522,1.0332796564680622,0.798443370907139,
126,16.404991948470208,13.331991411701557,16.27079978529254,6.736446591519055,26.912238325281802,3.8915727321524423,14.486044015029522,1.1674718196457328,0.798443370907139,
127,15.24422973698336,13.654052603327965,16.23725174449812,6.112453032742888,28.710413311862588,3.992216854535695,14.083467525496511,1.1674718196457328,0.798443370907139,
128,15.257648953301127,13.6406333870102,16.23725174449812,6.112453032742888,28.710413311862588,3.992216854535695,14.083467525496511,1.1674718196457328,0.798443370907139,
129,15.391841116478798,13.593666129898015,16.23054213633924,6.099033816425121,28.67686527106817,3.992216854535695,14.049919484702093,1.1674718196457328,0.798443370907139,
130,15.653515834675256,13.560118089103597,16.150026838432634,6.226516371443908,28.435319377348364,3.9720880300590444,14.002952227589908,1.2010198604401503,0.798443370907139,
131,15.881642512077295,13.43263553408481,16.049382716049383,6.360708534621578,28.247450348899623,3.9720880300590444,13.935856146001074,1.3217928073000538,0.798443370907139,
132,16.009125067096083,13.39237788513151,15.94873859366613,6.286902844873859,28.079710144927535,3.9049919484702094,14.016371443907676,1.4492753623188406,0.798443370907139,0.11406333870101985
133,16.21712292002147,13.318572195383789,15.94873859366613,6.327160493827161,27.932098765432098,3.844605475040258,14.049919484702093,1.4492753623188406,0.798443370907139,0.11406333870101985
134,16.404991948470208,13.318572195383789,15.94873859366613,6.327160493827161,27.74422973698336,3.844605475040258,14.049919484702093,1.4492753623188406,0.798443370907139,0.11406333870101985
135,16.478797638217927,13.130703166935051,15.754159957058508,6.5485775630703165,27.636876006441224,3.656736446591519,14.465915190552872,1.415727321524423,0.798443370907139,0.11406333870101985
136,16.78743961352657,13.023349436392914,15.60654857756307,6.5485775630703165,27.63016639828234,3.656736446591519,14.445786366076222,1.415727321524423,0.7716049382716049,0.11406333870101985
137,16.908212560386474,13.003220611916264,15.60654857756307,6.521739130434782,27.63016639828234,3.656736446591519,14.371980676328503,1.415727321524423,0.7716049382716049,0.11406333870101985
138,17.12962962962963,12.922705314009661,15.566290928609769,6.521739130434782,27.408749329039185,3.770799785292539,14.325013419216317,1.4694041867954912,0.7716049382716049,0.11406333870101985
139,17.28395061728395,12.909286097691895,15.552871712292003,6.689479334406871,27.160493827160494,3.770799785292539,14.278046162104133,1.4694041867954912,0.7716049382716049,0.11406333870101985
140,17.2638217928073,12.553676865271068,15.365002683843263,6.078904991948471,27.106816961889425,5.072463768115942,14.210950080515298,1.4626945786366077,0.7716049382716049,0.11406333870101985
141,17.364465915190554,12.513419216317766,15.365002683843263,6.031937734836285,27.093397745571657,5.072463768115942,14.210950080515298,1.4626945786366077,0.7716049382716049,0.11406333870101985
142,17.398013955984972,12.4597423510467,15.318035426731079,6.011808910359635,27.093397745571657,5.072463768115942,14.298174986580785,1.4626945786366077,0.7716049382716049,0.11406333870101985
143,17.505367686527105,12.4597423510467,15.318035426731079,5.984970477724101,27.033011272141707,5.072463768115942,14.278046162104133,1.4626945786366077,0.7716049382716049,0.11406333870101985
144,17.53220611916264,12.4597423510467,15.291196994095545,5.931293612453032,25.691089640365004,5.059044551798175,14.17740203972088,2.9723564143853998,0.7716049382716049,0.11406333870101985
145,17.941492216854535,12.365807836822329,15.250939345142244,5.904455179817498,25.469672571121848,5.059044551798175,14.150563607085346,2.9723564143853998,0.7716049382716049,0.11406333870101985
146,18.115942028985508,12.365807836822329,15.237520128824476,5.904455179817498,25.36231884057971,5.059044551798175,14.096886741814279,2.9723564143853998,0.7716049382716049,0.11406333870101985
147,18.203166935050994,12.305421363392378,15.230810520665592,5.891035963499732,25.355609232420825,5.059044551798175,14.096886741814279,2.9723564143853998,0.7716049382716049,0.11406333870101985
148,18.337359098228664,12.29200214707461,15.210681696188942,5.891035963499732,24.349168008588297,5.038915727321524,14.029790660225443,3.965378421900161,0.7716049382716049,0.11406333870101985
149,18.65271068169619,12.164519592055823,15.203972088030058,5.891035963499732,24.22168545356951,5.038915727321524,13.996242619431026,3.9452495974235107,0.7716049382716049,0.11406333870101985
150,18.86070853462158,12.084004294149223,15.203972088030058,5.857487922705314,24.208266237251745,5.032206119162641,13.935856146001074,3.9318303811057436,0.7716049382716049,0.11406333870101985
151,18.451422436929683,11.79549114331723,13.070316693505099,6.005099302200751,28.33467525496511,4.555823939881911,13.137412775093935,3.784219001610306,0.7514761137949544,0.11406333870101985
152,16.78743961352657,11.137949543746645,11.225174449812132,5.877616747181965,33.561460010735374,4.414922168545357,12.278582930756844,3.851315083199141,0.7514761137949544,0.11406333870101985
153,16.921631776704242,11.124530327428879,11.225174449812132,5.877616747181965,33.52120236178207,4.414922168545357,12.198067632850242,3.851315083199141,0.7514761137949544,0.11406333870101985
154,17.05582393988191,11.11111111111111,11.198336017176597,5.877616747181965,33.50107353730542,4.414922168545357,12.13768115942029,3.8378958668813743,0.7514761137949544,0.11406333870101985
155,17.07595276435856,11.097691894793345,11.158078368223295,5.857487922705314,33.50107353730542,4.522275899087493,12.084004294149223,3.8378958668813743,0.7514761137949544,0.11406333870101985
156,16.988727858293075,11.023886205045626,10.815888352120236,7.152442297369833,33.13204508856683,4.508856682769726,12.050456253354804,3.7775093934514223,0.43612453032742887,0.11406333870101985
157,17.257112184648417,11.023886205045626,10.628019323671497,7.1658615136876005,33.01798174986581,4.656468062265164,11.83574879227053,3.7775093934514223,0.5233494363929146,0.11406333870101985
158,17.19001610305958,10.245571658615138,10.57434245840043,7.1658615136876005,32.085346215781,6.810252281266774,11.513687600644122,3.7775093934514223,0.5233494363929146,0.11406333870101985
159,17.10950080515298,10.171765968867419,10.245571658615138,7.159151905528717,31.830381105743424,6.810252281266774,12.258454106280194,3.7775093934514223,0.5233494363929146,0.11406333870101985
160,17.002147074610843,10.057702630166398,10.245571658615138,7.27992485238862,31.629092860976918,6.78341384863124,12.486580783682234,3.878153515834675,0.5233494363929146,0.11406333870101985
161,17.3040794417606,10.057702630166398,10.165056360708535,7.27992485238862,31.4345142243693,6.709608158883521,12.453032742887816,3.9586688137412773,0.5233494363929146,0.11406333870101985
162,17.659688674181428,9.88996242619431,10.165056360708535,7.219538378958669,31.40096618357488,6.702898550724638,12.399355877616747,3.92512077294686,0.5233494363929146,0.11406333870101985
163,18.115942028985508,9.77589908749329,10.124798711755233,7.1725711218464845,31.19296833064949,6.6760601180891035,12.305421363392378,3.9989264626945786,0.5233494363929146,0.11406333870101985
164,18.451422436929683,9.762479871175524,10.124798711755233,7.139023081052066,30.96484165324745,6.622383252818035,12.298711755233494,3.9989264626945786,0.5233494363929146,0.11406333870101985
165,18.699677938808374,9.708803005904455,10.124798711755233,7.139023081052066,30.776972624798713,6.615673644659152,12.298711755233494,3.9989264626945786,0.5233494363929146,0.11406333870101985
166,18.766774020397207,9.708803005904455,10.064412238325282,7.139023081052066,30.770263016639827,6.615673644659152,12.298711755233494,3.9989264626945786,0.5233494363929146,0.11406333870101985
167,18.12265163714439,9.198872785829307,10.064412238325282,6.702898550724638,30.58239398819109,6.125872249060655,14.378690284487385,4.186795491143317,0.5233494363929146,0.11406333870101985
168,18.04884594739667,9.125067096081589,9.997316156736447,6.944444444444445,30.52200751476114,6.105743424584004,14.432367149758454,4.186795491143317,0.5233494363929146,0.11406333870101985
169,17.901234567901234,9.125067096081589,10.661567364465915,6.944444444444445,30.52200751476114,6.105743424584004,13.915727321524423,4.186795491143317,0.5233494363929146,0.11406333870101985
170,16.53918411164788,8.588298443370908,10.473698336017177,6.857219538378959,32.729468599033815,7.078636607622115,12.969672571121846,4.126409017713366,0.5233494363929146,0.11406333870101985
171,16.847826086956523,8.494363929146537,10.473698336017177,7.1725711218464845,32.360440150295226,7.03166935050993,12.922705314009661,4.05931293612453,0.5233494363929146,0.11406333870101985
172,16.901502952227588,8.494363929146537,10.34621578099839,7.286634460547504,31.655931293612454,7.018250134192163,13.600375738056897,4.05931293612453,0.5233494363929146,0.11406333870101985
173,16.854535695115406,8.420558239398819,10.34621578099839,7.286634460547504,31.132581857219538,8.011272141706923,13.103864734299517,4.206924315619967,0.5233494363929146,0.11406333870101985
174,17.21014492753623,8.232689210950081,10.34621578099839,7.219538378958669,31.05877616747182,7.997852925389157,13.09044551798175,4.206924315619967,0.5233494363929146,0.11406333870101985
175,17.398013955984972,8.232689210950081,10.34621578099839,7.219538378958669,31.03864734299517,7.749597423510467,13.170960815888352,4.206924315619967,0.5233494363929146,0.11406333870101985
176,17.53220611916264,8.205850778314547,10.34621578099839,7.206119162640902,30.99838969404187,7.749597423510467,13.16425120772947,4.159957058507783,0.5233494363929146,0.11406333870101985
177,17.70665593129361,8.165593129361245,10.34621578099839,7.206119162640902,30.991680085882983,7.595276435856146,13.191089640365004,4.159957058507783,0.5233494363929146,0.11406333870101985
178,17.98174986580784,8.111916264090176,10.34621578099839,7.206119162640902,30.810520665593128,7.595276435856146,13.150831991411701,4.159957058507783,0.5233494363929146,0.11406333870101985
179,18.189747718733226,8.031400966183575,9.896672034353195,7.300053676865271,30.50187869028449,7.575147611379496,13.036768652710682,4.851046698872786,0.5032206119162641,0.11406333870101985
180,18.337359098228664,7.997852925389157,9.842995169082126,7.27992485238862,30.48174986580784,7.575147611379496,13.01663982823403,4.851046698872786,0.5032206119162641,0.11406333870101985
181,18.47826086956522,7.997852925389157,9.842995169082126,7.125603864734299,30.441492216854535,7.575147611379496,13.070316693505099,4.851046698872786,0.5032206119162641,0.11406333870101985
182,18.612453032742888,7.997852925389157,9.722222222222221,7.011540526033279,29.60950080515298,7.427536231884058,14.325013419216317,4.676596886741814,0.5032206119162641,0.11406333870101985
183,18.867418142780462,7.924047235641439,9.71551261406334,6.937734836285561,29.57595276435856,7.4006977992485234,14.2914653784219,4.669887278582931,0.5032206119162641,0.11406333870101985
184,19.209608158883523,7.924047235641439,9.621578099838969,7.058507783145465,29.421631776704242,7.39398819108964,14.237788513150832,4.51556629092861,0.5032206119162641,0.11406333870101985
185,19.545088566827697,7.9039184111647875,9.621578099838969,7.0383789586688135,29.408212560386474,7.1658615136876005,14.217659688674182,4.53569511540526,0.5032206119162641,0.06038647342995169
186,19.773215244229736,7.9039184111647875,9.621578099838969,7.024959742351046,29.2337627482555,7.152442297369833,14.197530864197532,4.528985507246377,0.5032206119162641,0.06038647342995169
187,19.92753623188406,7.877079978529254,9.621578099838969,7.004830917874396,29.139828234031132,7.139023081052066,14.197530864197532,4.528985507246377,0.5032206119162641,0.06038647342995169
188,20.1959205582394,7.87037037037037,9.621578099838969,6.957863660762212,29.025764895330113,7.139023081052066,14.184111647879764,4.441760601180891,0.5032206119162641,0.06038647342995169
189,20.37037037037037,7.87037037037037,9.621578099838969,6.944444444444445,28.938539989264626,7.132313472893183,14.11701556629093,4.441760601180891,0.5032206119162641,0.06038647342995169
190,19.867149758454108,7.648953301127214,10.93666129898014,6.91760601180891,28.743961352657006,7.051798174986581,13.875469672571121,4.441760601180891,0.4562533548040794,0.06038647342995169
191,20.249597423510465,7.548309178743962,10.849436392914654,6.91760601180891,28.663446054750402,6.977992485238862,13.969404186795492,4.30756843800322,0.4562533548040794,0.06038647342995169
192,20.356951154052602,7.447665056360709,12.184648416532475,6.353998926462695,28.099838969404185,6.333870101986044,14.579978529253891,4.126409017713366,0.4562533548040794,0.06038647342995169
193,20.39049919484702,7.447665056360709,12.171229200214707,6.837090713902308,27.737520128824478,6.139291465378422,14.27133655394525,4.126409017713366,0.8185721953837896,0.06038647342995169
194,20.578368223295758,7.434245840042942,12.171229200214707,6.816961889425658,27.66371443907676,6.099033816425121,14.244498121309716,4.1129898013955986,0.8185721953837896,0.06038647342995169
195,20.276435856146,7.306763285024155,12.130971551261407,7.991143317230274,26.576757917337627,5.931293612453032,14.794685990338165,4.1129898013955986,0.8185721953837896,0.06038647342995169
196,20.497852925389157,7.25979602791197,12.567096081588835,7.96430488459474,25.939345142243692,5.8239398819108965,15.076489533011273,4.025764895330113,0.785024154589372,0.06038647342995169
197,20.88030059044552,7.152442297369833,12.567096081588835,7.944176060118089,25.811862587224905,5.8239398819108965,14.949006977992486,4.025764895330113,0.785024154589372,0.06038647342995169
198,21.041331186258724,7.152442297369833,12.406065485775631,7.944176060118089,25.811862587224905,5.8239398819108965,14.949006977992486,4.025764895330113,0.785024154589372,0.06038647342995169
199,21.24261943102523,7.125603864734299,12.365807836822329,8.82313472893183,24.852388620504563,5.783682232957595,14.935587761674718,4.025764895330113,0.785024154589372,0.06038647342995169
200,21.692163177670423,6.977992485238862,12.332259796027913,8.80300590445518,24.812130971551262,5.689747718733226,14.821524422973699,4.025764895330113,0.785024154589372,0.06038647342995169
201,21.732420826623724,6.977992485238862,12.278582930756844,8.80300590445518,24.711486849168008,5.683038110574342,14.814814814814815,4.1532474503489,0.785024154589372,0.06038647342995169
202,21.833064949006978,6.951154052603328,12.278582930756844,8.749329039184111,24.255233494363928,6.89747718733226,14.150563607085346,4.03918411164788,0.785024154589372,0.06038647342995169
203,22.054482018250134,6.9243156199677935,12.278582930756844,8.668813741277509,24.214975845410628,6.964573268921095,13.92914653784219,3.992216854535695,0.7716049382716049,0.20128824476650564
204,22.41009125067096,6.830381105743425,12.27187332259796,8.76274825550188,24.00697799248524,6.964573268921095,13.868760064412239,3.911701556629093,0.7716049382716049,0.20128824476650564
205,22.477187332259795,6.830381105743425,12.27187332259796,8.890230810520666,24.00697799248524,6.937734836285561,13.70101986044015,3.911701556629093,0.7716049382716049,0.20128824476650564
206,22.75228126677402,6.8035426731078905,12.211486849168008,8.883521202361782,23.89291465378422,6.937734836285561,13.633923778851315,3.911701556629093,0.7716049382716049,0.20128824476650564
207,22.81266774020397,6.8035426731078905,12.191358024691358,8.99087493290392,23.845947396672035,6.937734836285561,13.486312399355878,3.9586688137412773,0.7716049382716049,0.20128824476650564
208,23.047504025764894,6.8035426731078905,12.25174449812131,8.99087493290392,23.66478797638218,6.89747718733226,13.41250670960816,3.9586688137412773,0.7716049382716049,0.20128824476650564
209,22.933440687063875,6.749865807836822,12.218196457326892,9.245840042941492,23.503757380568974,6.877348362855609,13.539989264626946,3.9586688137412773,0.7716049382716049,0.20128824476650564
210,23.067632850241544,6.749865807836822,12.164519592055823,9.245840042941492,23.47691894793344,6.877348362855609,13.439345142243694,4.005636070853462,0.7716049382716049,0.20128824476650564
211,23.45679012345679,6.655931293612453,12.130971551261407,9.125067096081589,23.470209339774556,6.756575415995706,13.425925925925926,4.005636070853462,0.7716049382716049,0.20128824476650564
212,23.60440150295223,6.655931293612453,12.117552334943639,9.172034353193773,23.409822866344605,6.756575415995706,13.331991411701557,3.978797638217928,0.7716049382716049,0.20128824476650564
213,23.772141706924316,6.655931293612453,12.117552334943639,9.118357487922705,23.295759527643586,6.756575415995706,13.425925925925926,3.8848631239935587,0.7716049382716049,0.20128824476650564
214,24.235104669887278,6.655931293612453,12.070585077831455,8.943907675791733,23.15485775630703,6.743156199677939,13.33870101986044,3.8848631239935587,0.7716049382716049,0.20128824476650564
215,24.496779388083738,6.655931293612453,12.02361782071927,8.943907675791733,23.040794417606012,6.743156199677939,13.251476113794954,3.8714439076757916,0.7716049382716049,0.20128824476650564
216,24.08749329039184,6.246645195920558,11.969940955448202,8.870101986044014,22.899892646269457,7.991143317230274,13.137412775093935,3.824476650563607,0.7716049382716049,0.20128824476650564
217,24.295491143317232,6.239935587761675,11.882716049382717,8.863392377885132,22.81266774020397,7.991143317230274,13.123993558776167,3.824476650563607,0.7648953301127214,0.20128824476650564
218,24.55716586151369,6.213097155126141,11.882716049382717,8.702361782071927,22.779119699409556,7.991143317230274,13.023349436392914,3.824476650563607,0.8252818035426731,0.20128824476650564
219,24.89935587761675,6.206387546967257,11.808910359634996,8.635265700483092,22.65834675254965,7.991143317230274,12.95625335480408,3.8177670424047236,0.8252818035426731,0.20128824476650564
220,25.11406333870102,6.206387546967257,11.768652710681696,8.55475040257649,22.65163714439077,7.991143317230274,12.875738056897477,3.81105743424584,0.8252818035426731,0.20128824476650564
221,25.187869028448738,6.206387546967257,11.741814278046162,8.541331186258722,22.65163714439077,7.98443370907139,12.875738056897477,3.81105743424584,0.798443370907139,0.20128824476650564
222,25.47638217928073,6.1862587224906065,11.647879763821793,8.480944712828771,22.436929683306495,8.111916264090176,12.848899624261943,3.81105743424584,0.798443370907139,0.20128824476650564
223,23.429951690821255,5.649490069779925,12.198067632850242,7.689210950080516,25.91250670960816,7.809983896940419,12.627482555018787,3.683574879227053,0.798443370907139,0.20128824476650564
224,23.221953837895867,5.481749865807837,12.037037037037036,8.601717659688674,25.429414922168544,7.957595276435856,12.761674718196458,3.5091250670960816,0.798443370907139,0.20128824476650564
225,23.26892109500805,5.481749865807837,11.990069779924852,8.601717659688674,25.254965110037574,7.950885668276973,12.761674718196458,3.6902844873859366,0.798443370907139,0.20128824476650564
226,23.221953837895867,5.374396135265701,11.990069779924852,8.76274825550188,25.248255501878692,7.950885668276973,12.761674718196458,3.6902844873859366,0.798443370907139,0.20128824476650564
227,23.30246913580247,5.374396135265701,11.943102522812667,8.76274825550188,25.248255501878692,7.950885668276973,12.741545893719806,3.6768652710681695,0.798443370907139,0.20128824476650564
228,23.289049919484704,5.360976918947934,11.943102522812667,8.910359634997317,25.127482555018787,7.950885668276973,12.741545893719806,3.6768652710681695,0.798443370907139,0.20128824476650564
229,23.544015029522274,5.340848094471283,11.83574879227053,8.3467525496511,25.09393451422437,7.897208803005904,13.291733762748256,3.6500268384326353,0.798443370907139,0.20128824476650564
230,23.161567364465917,5.246913580246914,14.016371443907676,8.333333333333334,23.564143853998928,7.897208803005904,13.278314546430488,3.502415458937198,0.798443370907139,0.20128824476650564
231,23.1682769726248,5.246913580246914,13.976113794954374,8.521202361782072,23.362855609232422,7.863660762211487,13.238056897477188,3.6231884057971016,0.798443370907139,0.20128824476650564
232,23.336017176596886,5.246913580246914,13.848631239935587,8.521202361782072,23.242082662372518,7.863660762211487,13.20450885668277,3.743961352657005,0.7917337627482555,0.20128824476650564
233,23.450080515297905,5.246913580246914,13.754696725711218,8.621846484165324,23.121309715512613,7.863660762211487,13.20450885668277,3.743961352657005,0.7917337627482555,0.20128824476650564
234,23.503757380568974,5.246913580246914,13.754696725711218,8.621846484165324,23.10789049919485,7.856951154052603,13.177670424047236,3.743961352657005,0.785024154589372,0.20128824476650564
235,23.557434245840042,5.246913580246914,13.727858293075684,8.601717659688674,23.09447128287708,8.017981749865807,13.043478260869565,3.7372517444981215,0.7716049382716049,0.20128824476650564
236,23.79898013955985,5.166398282340311,13.620504562533547,9.118357487922705,22.705314009661837,7.971014492753623,13.023349436392914,3.6231884057971016,0.7716049382716049,0.20128824476650564
237,23.98684916800859,5.152979066022544,13.607085346215781,9.118357487922705,22.550993022007514,8.051529790660226,12.942834138486312,3.616478797638218,0.7716049382716049,0.20128824476650564
