,45,50,52,53,55,60,59,51,54,57,56,58
0,100.0,,,,,,,,,,,
1,96.76596886741814,3.2340311325818574,,,,,,,,,,
2,96.28287707997853,3.717122920021471,,,,,,,,,,
3,96.10842726784756,3.8915727321524423,,,,,,,,,,
4,95.99436392914654,4.005636070853462,,,,,,,,,,
5,95.73268921095008,4.26731078904992,,,,,,,,,,
6,95.03488996242619,4.9651100375738055,,,,,,,,,,
7,86.58749329039185,13.41250670960816,,,,,,,,,,
8,80.8641975308642,19.135802469135804,,,,,,,,,,
9,50.28180354267311,34.292807300053674,1.8786902844873858,3.388352120236178,10.158346752549651,,,,,,,
10,50.06038647342995,34.514224369296834,1.8786902844873858,3.388352120236178,10.071121846484166,0.08722490606548577,,,,,,
11,46.37010198604401,29.904723564143854,1.8786902844873858,12.869028448738593,8.890230810520666,0.08722490606548577,,,,,,
12,42.88781535158347,33.400429414922165,1.8786902844873858,12.855609232420827,8.890230810520666,0.08722490606548577,,,,,,
13,42.954911433172306,33.333333333333336,1.8786902844873858,12.855609232420827,8.628556092324208,0.026838432635534086,0.322061191626409,,,,,
14,35.95679012345679,40.666935050993025,1.5767579173376274,12.822061191626409,8.628556092324208,0.026838432635534086,0.322061191626409,,,,,
15,31.830381105743424,42.15646806226516,4.253891572732153,12.754965110037574,8.601717659688674,0.026838432635534086,0.28180354267310787,0.0939345142243693,,,,
16,31.97799248523886,42.008856682769725,4.253891572732153,12.754965110037574,8.601717659688674,0.026838432635534086,0.28180354267310787,0.0939345142243693,,,,
17,32.024959742351044,41.36473429951691,4.253891572732153,12.701288244766506,8.433977455716587,0.1878690284487386,0.28180354267310787,0.0939345142243693,0.6575415995705851,,,
18,32.21282877079979,41.23054213633924,4.2270531400966185,12.526838432635534,8.433977455716587,0.1878690284487386,0.28180354267310787,0.0939345142243693,0.6575415995705851,0.14761137949543746,,
19,32.19940955448202,40.935319377348364,4.2270531400966185,12.526838432635534,8.662104133118627,0.1878690284487386,0.28180354267310787,0.0939345142243693,0.7380568974771873,0.14761137949543746,,
20,31.944444444444443,41.36473429951691,4.2270531400966185,12.412775093934513,8.601717659688674,0.1878690284487386,0.28180354267310787,0.0939345142243693,0.7380568974771873,0.14761137949543746,,
21,32.078636607622116,41.2842190016103,4.106280193236715,12.392646269457863,8.601717659688674,0.1878690284487386,0.28180354267310787,0.0939345142243693,0.7045088566827697,0.2683843263553409,,
22,32.326892109500804,40.57971014492754,4.066022544283414,12.359098228663447,8.185721953837897,0.1878690284487386,0.28180354267310787,0.0939345142243693,0.6776704240472357,1.2412775093934514,,
23,31.246645195920557,41.71363392377885,4.066022544283414,12.345679012345679,7.971014492753623,0.36231884057971014,0.28180354267310787,0.0939345142243693,0.6776704240472357,1.2412775093934514,,
24,31.4345142243693,40.51932367149758,4.045893719806763,12.345679012345679,6.776704240472356,0.36231884057971014,0.28180354267310787,0.0939345142243693,2.898550724637681,1.2412775093934514,,
25,28.267579173376276,31.293612453032743,8.581588835212024,8.05823939881911,3.166935050993022,0.040257648953301126,0.28180354267310787,18.156199677938808,1.1272141706924315,1.0265700483091786,,
26,27.34836285560923,22.20209339774557,20.169082125603865,8.340042941492216,3.0931293612453032,0.040257648953301126,0.27509393451422437,16.23054213633924,1.1272141706924315,0.9057971014492754,0.2683843263553409,
27,27.395330112721417,22.007514761137948,19.900697799248523,8.527911969940956,3.0931293612453032,0.040257648953301126,0.27509393451422437,16.19699409554482,1.1272141706924315,1.1674718196457328,0.2683843263553409,
28,27.65029522275899,21.960547504025765,19.79334406870639,8.487654320987655,3.0931293612453032,0.040257648953301126,0.27509393451422437,16.13660762211487,1.1272141706924315,1.1674718196457328,0.2683843263553409,
29,27.49597423510467,21.786097691894792,19.612184648416534,8.487654320987655,3.079710144927536,0.040257648953301126,0.27509393451422437,16.525764895330113,1.1272141706924315,1.3016639828234031,0.2683843263553409,
30,27.4020397208803,20.222758990874933,19.578636607622116,8.480944712828771,3.052871712292002,0.040257648953301126,0.2616747181964573,18.263553408480945,1.1272141706924315,1.3016639828234031,0.2683843263553409,
31,26.435856146001072,20.967525496511005,19.45115405260333,8.3467525496511,3.5829307568438002,0.0939345142243693,0.2616747181964573,18.16290928609769,1.1272141706924315,1.3016639828234031,0.2683843263553409,
32,26.583467525496513,20.021470746108427,20.034889962426195,8.32662372517445,3.8915727321524423,0.0939345142243693,0.2616747181964573,18.089103596349972,1.1272141706924315,1.3016639828234031,0.2683843263553409,
33,23.262211486849168,22.584541062801932,19.940955448201827,5.83064949006978,3.864734299516908,0.0939345142243693,0.2616747181964573,21.464036500268385,1.0735373054213635,1.3553408480944713,0.2683843263553409,
34,23.34272678475577,22.289318303811058,19.85373054213634,5.656199677938808,3.864734299516908,0.0939345142243693,0.2616747181964573,21.329844337090712,1.42914653784219,1.3553408480944713,0.5233494363929146,
35,23.544015029522274,22.262479871175522,19.79334406870639,5.629361245303274,3.5963499731615673,0.0939345142243693,0.5032206119162641,21.26945786366076,1.42914653784219,1.3553408480944713,0.5233494363929146,
36,23.678207192699947,22.168545356951153,19.786634460547504,5.629361245303274,3.5963499731615673,0.0939345142243693,0.5032206119162641,21.235909822866343,1.42914653784219,1.3553408480944713,0.5233494363929146,
37,23.939881910896403,22.0276435856146,19.699409554482017,5.629361245303274,3.5963499731615673,0.0939345142243693,0.5032206119162641,21.135265700483092,1.42914653784219,1.3553408480944713,0.5904455179817498,
38,21.007783145464305,28.23403113258186,16.78743961352657,5.595813204508857,3.589640365002684,0.0939345142243693,0.48980139559849706,20.82662372517445,1.42914653784219,1.3553408480944713,0.5904455179817498,
39,20.02818035426731,25.261674718196456,16.512345679012345,10.010735373054214,3.898282340311326,0.0939345142243693,0.48980139559849706,20.82662372517445,0.798443370907139,1.4895330112721417,0.5904455179817498,
40,19.390767579173378,24.704777241009126,16.418411164787976,10.010735373054214,3.7775093934514223,0.0939345142243693,0.32877079978529256,21.81964573268921,0.798443370907139,2.0665593129361244,0.5904455179817498,
41,19.176060118089104,24.074074074074073,18.02200751476114,10.010735373054214,3.7775093934514223,0.0939345142243693,0.32877079978529256,21.081588835212024,0.798443370907139,2.046430488459474,0.5904455179817498,
42,19.41760601180891,24.033816425120772,17.639559849704778,9.822866344605474,4.294149221685454,0.0939345142243693,0.32877079978529256,20.96081588835212,0.798443370907139,2.046430488459474,0.5636070853462157,
43,19.545088566827697,23.792270531400966,17.58588298443371,9.822866344605474,4.53569511540526,0.0939345142243693,0.32877079978529256,20.8870101986044,0.798443370907139,2.046430488459474,0.5636070853462157,
44,19.89398819108964,23.64465915190553,16.948470209339774,11.064143853998926,3.8915727321524423,0.026838432635534086,0.32877079978529256,20.665593129361245,0.8387010198604401,2.0263016639828235,0.6709608158883521,
45,20.02818035426731,23.58427267847558,16.948470209339774,10.929951690821255,3.8915727321524423,0.026838432635534086,0.32877079978529256,20.632045088566827,0.8387010198604401,2.0263016639828235,0.6709608158883521,0.0939345142243693
46,18.02871712292002,30.85077831454643,13.821792807300053,10.836017176596886,3.8915727321524423,0.026838432635534086,0.32877079978529256,18.59903381642512,0.8387010198604401,2.0128824476650564,0.6709608158883521,0.0939345142243693
47,17.72007514761138,28.29441760601181,6.642512077294686,10.762211486849168,3.8915727321524423,0.026838432635534086,0.32877079978529256,28.468867418142782,1.133923778851315,1.8786902844873858,0.7581857219538379,0.0939345142243693
48,16.438539989264626,25.959473966720342,6.602254428341385,18.706387546967257,3.8915727321524423,0.026838432635534086,0.32877079978529256,24.18142780461621,1.133923778851315,1.8786902844873858,0.7581857219538379,0.0939345142243693
49,16.63311862587225,25.55018786902845,6.595544820182502,18.605743424584006,4.247181964573269,0.026838432635534086,0.32877079978529256,24.154589371980677,1.133923778851315,1.8719806763285025,0.7581857219538379,0.0939345142243693
50,15.895061728395062,25.006709608158882,10.044283413848632,16.552603327965645,4.05931293612453,0.026838432635534086,0.32877079978529256,24.10762211486849,1.247987117552335,1.8719806763285025,0.7514761137949544,0.10735373054213634
51,16.0426731078905,23.13472893183038,13.92914653784219,14.553140096618357,4.052603327965647,0.026838432635534086,0.32877079978529256,23.95330112721417,1.247987117552335,1.8719806763285025,0.7514761137949544,0.10735373054213634
52,15.640096618357488,19.80005367686527,12.050456253354804,24.993290391841118,3.629898013955985,0.026838432635534086,0.32877079978529256,19.940955448201827,1.0399892646269457,1.7914653784219001,0.6508319914117016,0.10735373054213634
53,15.801127214170693,19.746376811594203,11.990069779924852,25.067096081588836,3.6768652710681695,0.026838432635534086,0.32877079978529256,19.773215244229736,1.0399892646269457,1.7914653784219001,0.6508319914117016,0.10735373054213634
54,15.94873859366613,19.57192699946323,11.98336017176597,24.825550187869027,4.032474503488996,0.026838432635534086,0.32877079978529256,19.712828770799785,1.0399892646269457,1.7713365539452497,0.6508319914117016,0.10735373054213634
55,16.15673644659152,19.53166935050993,11.889425657541599,24.630971551261407,4.025764895330113,0.026838432635534086,0.32877079978529256,19.706119162640903,1.0399892646269457,1.865271068169619,0.6508319914117016,0.14761137949543746
56,16.284219001610307,19.51825013419216,11.842458400429415,24.58400429414922,4.025764895330113,0.026838432635534086,0.32877079978529256,19.685990338164252,1.0399892646269457,1.865271068169619,0.6508319914117016,0.14761137949543746
57,16.297638217928075,19.00161030595813,11.79549114331723,24.664519592055825,4.374664519592056,0.026838432635534086,0.32877079978529256,19.665861513687602,1.0265700483091786,1.865271068169619,0.6508319914117016,0.30193236714975846
58,16.384863123993558,18.699677938808374,11.097691894793345,25.791733762748255,4.374664519592056,0.026838432635534086,0.32877079978529256,19.726247987117553,0.9125067096081588,1.8384326355340848,0.644122383252818,0.17444981213097155
59,16.009125067096083,18.853998926462694,11.010466988727858,25.81857219538379,4.361245303274289,0.026838432635534086,0.32877079978529256,20.034889962426195,1.1205045625335481,1.6170155662909287,0.644122383252818,0.17444981213097155
60,16.09634997316157,18.853998926462694,10.963499731615673,25.79844337090714,4.361245303274289,0.026838432635534086,0.32877079978529256,20.014761137949545,1.1205045625335481,1.6170155662909287,0.644122383252818,0.17444981213097155
61,16.25067096081589,18.793612453032743,10.93666129898014,25.758185721953836,4.361245303274289,0.026838432635534086,0.32877079978529256,19.753086419753085,1.1205045625335481,1.6035963499731616,0.8923778851315083,0.17444981213097155
62,16.324476650563607,18.35077831454643,10.849436392914654,25.597155126140635,4.414922168545357,0.026838432635534086,0.32877079978529256,20.316693505099302,1.1205045625335481,1.6035963499731616,0.8923778851315083,0.17444981213097155
63,16.472088030059044,18.303811057434245,10.849436392914654,25.503220611916262,4.414922168545357,0.026838432635534086,0.32877079978529256,20.242887815351583,1.1205045625335481,1.6035963499731616,0.8923778851315083,0.24154589371980675
64,16.525764895330113,17.726784755770264,10.802469135802468,26.100375738056897,4.361245303274289,0.026838432635534086,0.32877079978529256,19.81347289318304,1.247987117552335,1.737788513150832,1.1406333870101986,0.1878690284487386
65,16.51905528717123,17.713365539452496,14.11701556629093,23.081052066559312,4.361245303274289,0.026838432635534086,0.32877079978529256,19.55179817498658,1.247987117552335,1.5767579173376274,1.1406333870101986,0.33548040794417605
66,16.51905528717123,17.887815351583466,14.096886741814279,22.490606548577563,4.8376274825550185,0.026838432635534086,0.32877079978529256,19.51154052603328,1.247987117552335,1.5767579173376274,1.1406333870101986,0.33548040794417605
67,16.49892646269458,17.834138486312398,14.049919484702093,25.0402576489533,4.978529253891573,0.026838432635534086,0.32877079978529256,17.008856682769725,1.3888888888888888,1.5767579173376274,0.9326355340848095,0.33548040794417605
68,16.451959205582394,17.713365539452496,13.962694578636608,24.97987117552335,4.978529253891573,0.026838432635534086,0.32877079978529256,16.982018250134193,1.3888888888888888,1.6505636070853462,1.2010198604401503,0.33548040794417605
69,16.639828234031132,17.619431025228128,13.94927536231884,24.92619431025228,4.978529253891573,0.026838432635534086,0.32877079978529256,16.955179817498657,1.3888888888888888,1.6505636070853462,1.2010198604401503,0.33548040794417605
70,16.935050993022006,17.485238862050455,13.607085346215781,24.852388620504563,4.9651100375738055,0.026838432635534086,0.32877079978529256,16.908212560386474,1.3888888888888888,1.9659151905528718,1.2010198604401503,0.33548040794417605
71,17.08937198067633,17.478529253891573,13.58695652173913,24.778582930756844,4.958400429414922,0.026838432635534086,0.32877079978529256,16.901502952227588,1.3486312399355878,1.9659151905528718,1.2010198604401503,0.33548040794417605
72,14.533011272141707,17.143048845947398,13.539989264626946,24.476650563607084,4.958400429414922,0.026838432635534086,0.32877079978529256,20.014761137949545,1.2077294685990339,1.9524959742351047,1.482823403113258,0.33548040794417605
73,14.63365539452496,17.08937198067633,13.493022007514762,24.4296833064949,4.891304347826087,0.026838432635534086,0.32877079978529256,19.826892109500804,1.247987117552335,1.9390767579173376,1.7579173376274826,0.33548040794417605
74,13.935856146001074,17.06924315619968,22.65834675254965,21.866612989801396,4.864465915190553,0.026838432635534086,0.32877079978529256,14.465915190552872,1.247987117552335,1.9390767579173376,1.3754696725711217,0.2214170692431562
75,14.130434782608695,16.988727858293075,22.457058507783145,21.537842190016104,4.85775630703167,0.026838432635534086,0.32877079978529256,14.197530864197532,1.247987117552335,2.38191089640365,1.6237251744498122,0.2214170692431562
76,14.251207729468598,16.948470209339774,22.34970477724101,21.370101986044016,4.85775630703167,0.026838432635534086,0.46967257112184646,14.184111647879764,1.247987117552335,2.4557165861513686,1.6170155662909287,0.2214170692431562
77,14.49946323134729,16.901502952227588,22.262479871175522,21.30300590445518,4.85775630703167,0.026838432635534086,0.46967257112184646,14.049919484702093,1.247987117552335,2.4557165861513686,1.7042404723564144,0.2214170692431562
78,14.566559312936125,16.888083735909824,22.262479871175522,21.30300590445518,4.85775630703167,0.026838432635534086,0.46967257112184646,13.996242619431026,1.247987117552335,2.4557165861513686,1.7042404723564144,0.2214170692431562
79,14.76784755770263,16.814278046162105,22.148416532474503,21.22920021470746,4.85775630703167,0.026838432635534086,0.46967257112184646,13.94927536231884,1.2949543746645196,2.522812667740204,1.6975308641975309,0.2214170692431562
80,15.01610305958132,16.74718196457327,21.027911969940956,21.128556092324207,5.112721417069243,0.026838432635534086,0.46967257112184646,13.902308105206655,1.2949543746645196,2.4557165861513686,2.5966183574879227,0.2214170692431562
81,15.237520128824476,16.659957058507782,20.88030059044552,21.048040794417606,5.112721417069243,0.026838432635534086,0.46967257112184646,13.882179280730005,1.2949543746645196,2.4557165861513686,2.7106816961889426,0.2214170692431562
82,15.398550724637682,16.659957058507782,20.833333333333332,21.041331186258724,5.112721417069243,0.026838432635534086,0.46967257112184646,13.841921631776705,1.2681159420289856,2.442297369833602,2.6838432635534084,0.2214170692431562
83,15.626677402039721,16.566022544283413,20.79307568438003,20.8870101986044,5.0993022007514766,0.026838432635534086,0.46967257112184646,13.841921631776705,1.2412775093934514,2.442297369833602,2.677133655394525,0.32877079978529256
84,15.767579173376275,16.57944176060118,20.73268921095008,20.719269994632313,5.092592592592593,0.026838432635534086,0.46967257112184646,13.83521202361782,1.2412775093934514,2.442297369833602,2.677133655394525,0.41599570585077833
85,15.291196994095545,16.51905528717123,19.330381105743424,18.411164787976382,4.3478260869565215,0.026838432635534086,0.46967257112184646,19.14922168545357,1.2412775093934514,2.428878153515835,2.4355877616747184,0.3488996242619431
86,15.4723564143854,16.317767042404725,19.202898550724637,18.4849704777241,4.3478260869565215,0.026838432635534086,0.46967257112184646,19.122383252818036,1.2412775093934514,2.5563607085346214,2.408749329039184,0.3488996242619431
87,15.734031132581856,16.1231884057971,19.296833064949006,18.431293612453032,4.3478260869565215,0.026838432635534086,0.46967257112184646,19.04186795491143,1.2278582930756843,2.5429414922168547,2.408749329039184,0.3488996242619431
88,15.854804079441761,16.1231884057971,19.256575415995705,18.377616747181964,4.334406870638754,0.026838432635534086,0.46967257112184646,19.028448738593667,1.2278582930756843,2.5429414922168547,2.408749329039184,0.3488996242619431
89,16.009125067096083,16.11647879763822,18.9747718733226,18.377616747181964,4.334406870638754,0.026838432635534086,0.46967257112184646,18.92109500805153,1.2278582930756843,2.7844873859366612,2.408749329039184,0.3488996242619431
90,16.264090177133657,15.955448201825014,18.88083735909823,18.357487922705314,4.414922168545357,0.026838432635534086,0.46967257112184646,18.874127750939344,1.2278582930756843,2.7844873859366612,2.408749329039184,0.33548040794417605
91,16.297638217928075,14.720880300590446,20.25630703166935,18.33064949006978,4.388083735909823,0.026838432635534086,0.46967257112184646,18.78690284487386,1.2144390767579174,2.7844873859366612,2.3886205045625335,0.33548040794417605
92,16.478797638217927,14.700751476113794,20.974235104669887,17.68652710681696,4.38137412775094,0.026838432635534086,0.46967257112184646,18.773483628556093,1.06682769726248,2.717391304347826,2.3886205045625335,0.33548040794417605
93,16.6129898013956,14.687332259796028,20.967525496511005,17.652979066022546,4.3478260869565215,0.026838432635534086,0.46967257112184646,18.726516371443907,1.06682769726248,2.717391304347826,2.3886205045625335,0.33548040794417605
94,16.639828234031132,14.673913043478262,26.8719806763285,15.915190552871712,4.334406870638754,0.026838432635534086,0.46967257112184646,14.673913043478262,1.06682769726248,2.6435856146001075,2.3886205045625335,0.2952227589908749
95,16.894793344068706,14.486044015029522,26.8317230273752,15.861513687600644,4.240472356414386,0.026838432635534086,0.46967257112184646,14.61352657004831,1.3217928073000538,2.5697799248523885,2.3886205045625335,0.2952227589908749
96,16.74718196457327,14.184111647879764,26.90552871712292,16.297638217928075,4.240472356414386,0.026838432635534086,0.46967257112184646,14.284755770263017,1.8384326355340848,2.3752012882447664,2.254428341384863,0.3757380568974772
97,17.022275899087493,14.13714439076758,26.643853998926463,16.284219001610307,4.240472356414386,0.026838432635534086,0.46967257112184646,14.204240472356414,1.8384326355340848,2.3215244229736984,2.4355877616747184,0.3757380568974772
98,16.968599033816425,14.190821256038648,26.89210950080515,16.23725174449812,4.240472356414386,0.026838432635534086,0.46967257112184646,14.090177133655395,1.8384326355340848,2.2342995169082127,2.4355877616747184,0.3757380568974772
99,17.21014492753623,14.056629092860977,26.78475577026302,16.210413311862588,4.240472356414386,0.026838432635534086,0.46967257112184646,14.076757917337627,1.8384326355340848,2.2342995169082127,2.475845410628019,0.3757380568974772
100,17.290660225442835,14.023081052066559,26.78475577026302,16.190284487385938,4.300858829844337,0.026838432635534086,0.46967257112184646,13.848631239935587,1.8384326355340848,2.200751476113795,2.6502952227589907,0.3757380568974772
101,17.404723564143854,14.023081052066559,26.724369296833064,16.1231884057971,4.300858829844337,0.026838432635534086,0.46967257112184646,13.58695652173913,1.8183038110574343,2.301395598497048,2.8918411164787976,0.32877079978529256
102,17.444981213097154,14.016371443907676,26.435856146001072,16.21712292002147,4.300858829844337,0.026838432635534086,0.46967257112184646,13.526570048309178,1.8183038110574343,2.214170692431562,3.2004830917874396,0.32877079978529256
103,17.58588298443371,13.942565754159958,26.37546967257112,16.190284487385938,4.274020397208803,0.026838432635534086,0.46967257112184646,13.526570048309178,1.892109500805153,2.2074610842726785,3.180354267310789,0.32877079978529256
104,17.505367686527105,14.11701556629093,26.321792807300053,16.15673644659152,4.274020397208803,0.026838432635534086,0.46967257112184646,13.526570048309178,1.8853998926462694,2.2074610842726785,3.180354267310789,0.32877079978529256
105,17.733494363929147,14.009661835748792,26.120504562533547,16.14331723027375,4.274020397208803,0.026838432635534086,0.46967257112184646,13.526570048309178,1.865271068169619,2.341653247450349,3.1602254428341383,0.32877079978529256
106,17.793880837359097,13.996242619431026,25.664251207729468,17.12962962962963,4.274020397208803,0.026838432635534086,0.32877079978529256,12.70799785292539,1.865271068169619,2.314814814814815,3.569511540526033,0.32877079978529256
107,17.814009661835748,14.130434782608695,25.617283950617285,17.08937198067633,4.253891572732153,0.026838432635534086,0.32877079978529256,12.661030595813205,1.865271068169619,2.314814814814815,3.569511540526033,0.32877079978529256
108,17.921363392377884,14.130434782608695,25.59044551798175,17.028985507246375,4.253891572732153,0.026838432635534086,0.32877079978529256,12.607353730542137,1.8988191089640365,2.314814814814815,3.569511540526033,0.32877079978529256
109,18.230005367686527,14.123725174449811,25.47638217928073,16.948470209339774,4.2203435319377345,0.026838432635534086,0.32877079978529256,12.587224906065487,1.8988191089640365,2.314814814814815,3.515834675254965,0.32877079978529256
110,18.344068706387546,14.096886741814279,25.429414922168544,16.908212560386474,4.274020397208803,0.026838432635534086,0.32877079978529256,12.533548040794418,1.8988191089640365,2.314814814814815,3.515834675254965,0.32877079978529256
111,18.35077831454643,14.096886741814279,25.328770799785293,16.82769726247987,4.274020397208803,0.026838432635534086,0.32877079978529256,12.25174449812131,2.086688137412775,2.314814814814815,3.784219001610306,0.32877079978529256
112,18.337359098228664,13.976113794954374,25.53676865271068,16.82769726247987,4.26731078904992,0.026838432635534086,0.32877079978529256,12.218196457326892,2.0665593129361244,2.314814814814815,3.770799785292539,0.32877079978529256
113,17.995169082125603,13.848631239935587,25.02012882447665,14.42565754159957,4.300858829844337,0.026838432635534086,0.32877079978529256,15.640096618357488,2.0665593129361244,2.3081052066559313,3.7104133118625873,0.32877079978529256
114,18.16290928609769,13.821792807300053,24.93961352657005,14.42565754159957,4.468599033816425,0.026838432635534086,0.322061191626409,15.559581320450885,2.046430488459474,2.1940418679549114,3.7037037037037037,0.32877079978529256
115,18.290391841116477,13.768115942028986,24.912775093934513,14.371980676328503,4.414922168545357,0.026838432635534086,0.322061191626409,15.552871712292003,2.1403650026838434,2.1940418679549114,3.6902844873859366,0.3153515834675255
116,18.49838969404187,13.727858293075684,24.718196457326894,14.579978529253891,4.414922168545357,0.026838432635534086,0.322061191626409,15.344873859366613,2.1269457863660763,2.1739130434782608,3.8580246913580245,0.20799785292538917
117,18.820450885668276,13.627214170692431,24.490069779924852,14.526301663982823,4.4820182501341925,0.026838432635534086,0.322061191626409,15.009393451422437,2.1269457863660763,2.147074610842727,4.213633923778851,0.20799785292538917
118,17.85426731078905,13.58695652173913,19.04186795491143,12.345679012345679,4.448470209339774,0.026838432635534086,0.322061191626409,24.61755233494364,2.1269457863660763,1.778046162104133,3.643317230273752,0.20799785292538917
119,17.954911433172303,13.580246913580247,18.988191089640367,12.224906065485776,4.448470209339774,0.026838432635534086,0.322061191626409,24.456521739130434,2.1269457863660763,1.9122383252818036,3.750670960815888,0.20799785292538917
120,17.934782608695652,13.278314546430488,18.57890499194847,12.13768115942029,4.428341384863124,0.026838432635534086,0.322061191626409,25.355609232420825,2.0665593129361244,1.9122383252818036,3.750670960815888,0.20799785292538917
121,18.04884594739667,12.640901771336553,17.975040257648953,12.097423510466989,4.448470209339774,0.026838432635534086,0.322061191626409,25.315351583467525,3.280998389694042,1.9122383252818036,3.7238325281803544,0.20799785292538917
122,18.149490069779926,12.580515297906603,17.96833064949007,12.097423510466989,4.448470209339774,0.026838432635534086,0.322061191626409,25.281803542673106,3.280998389694042,1.9122383252818036,3.7238325281803544,0.20799785292538917
123,18.38432635534085,12.52012882447665,17.92807300053677,12.084004294149223,4.448470209339774,0.026838432635534086,0.322061191626409,25.207997852925388,3.280998389694042,1.8853998926462694,3.7037037037037037,0.20799785292538917
124,17.934782608695652,13.103864734299517,17.881105743424584,12.050456253354804,4.448470209339774,0.026838432635534086,0.322061191626409,25.15432098765432,3.280998389694042,1.8853998926462694,3.7037037037037037,0.20799785292538917
125,18.243424584004295,13.103864734299517,17.827428878153516,11.943102522812667,4.448470209339774,0.026838432635534086,0.322061191626409,25.013419216317768,3.280998389694042,1.8853998926462694,3.69699409554482,0.20799785292538917
126,18.370907139023082,13.056897477187333,17.827428878153516,11.916264090177133,4.448470209339774,0.026838432635534086,0.322061191626409,24.838969404186795,3.280998389694042,1.8853998926462694,3.8177670424047236,0.20799785292538917
127,18.5654857756307,13.003220611916264,17.55233494363929,11.802200751476114,4.542404723564144,0.026838432635534086,0.322061191626409,24.778582930756844,3.280998389694042,2.059849704777241,3.8177670424047236,0.24825550187869028
128,18.719806763285025,12.848899624261943,17.465110037573805,11.808910359634996,4.542404723564144,0.026838432635534086,0.322061191626409,24.738325281803544,3.435319377348363,2.046430488459474,3.8177670424047236,0.2281266774020397
129,18.88083735909823,12.828770799785293,17.391304347826086,11.808910359634996,4.542404723564144,0.026838432635534086,0.322061191626409,24.738325281803544,3.4017713365539453,2.0128824476650564,3.8177670424047236,0.2281266774020397
130,18.867418142780462,12.754965110037574,16.170155662909288,12.084004294149223,4.542404723564144,0.026838432635534086,0.322061191626409,24.50348899624262,4.622920021470746,1.9122383252818036,3.9720880300590444,0.2214170692431562
131,18.914385399892645,12.70799785292539,16.0829307568438,12.084004294149223,4.555823939881911,0.026838432635534086,0.322061191626409,24.44981213097155,4.622920021470746,1.8988191089640365,4.1129898013955986,0.2214170692431562
132,19.129092860976918,12.70799785292539,16.06280193236715,12.084004294149223,4.522275899087493,0.026838432635534086,0.30193236714975846,24.396135265700483,4.575952764358561,1.8585614600107354,4.1129898013955986,0.2214170692431562
133,18.90096618357488,12.627482555018787,15.331454643048845,16.97530864197531,4.522275899087493,0.026838432635534086,0.30193236714975846,20.725979602791195,4.569243156199678,1.8585614600107354,3.938539989264627,0.2214170692431562
134,18.947933440687063,12.493290391841116,15.076489533011273,17.163177670424048,4.455179817498658,0.026838432635534086,0.30193236714975846,20.356951154052602,4.9718196457326895,1.9122383252818036,4.072732152442297,0.2214170692431562
135,19.135802469135804,12.365807836822329,15.03623188405797,16.874664519592056,4.435050993022007,0.026838432635534086,0.30193236714975846,20.229468599033815,4.9651100375738055,2.341653247450349,4.066022544283414,0.2214170692431562
136,19.236446591519055,12.352388620504563,15.022812667740205,16.847826086956523,4.428341384863124,0.026838432635534086,0.30193236714975846,20.202630166398283,4.951690821256038,2.341653247450349,4.066022544283414,0.2214170692431562
137,18.988191089640367,12.164519592055823,14.720880300590446,16.794149221685455,4.62962962962963,0.026838432635534086,0.30193236714975846,20.705850778314545,5.092592592592593,2.3349436392914655,4.019055287171229,0.2214170692431562
138,18.94122383252818,12.198067632850242,14.479334406870638,16.76731078904992,4.770531400966184,0.026838432635534086,0.30193236714975846,20.611916264090176,5.092592592592593,2.3349436392914655,4.186795491143317,0.2885131508319914
139,18.753354804079443,11.77536231884058,15.150295222758992,16.70692431561997,4.757112184648417,0.026838432635534086,0.30193236714975846,20.571658615136876,5.146269457863661,2.3349436392914655,4.186795491143317,0.2885131508319914
140,19.216317767042405,11.77536231884058,15.056360708534621,16.485507246376812,4.757112184648417,0.026838432635534086,0.30193236714975846,20.52469135802469,5.132850241545894,2.3215244229736984,4.1129898013955986,0.2885131508319914
141,18.95464304884595,11.681427804616211,14.908749329039184,17.196725711218466,4.783950617283951,0.026838432635534086,0.30193236714975846,20.323403113258184,5.293880837359098,2.254428341384863,3.9855072463768115,0.2885131508319914
142,18.840579710144926,11.641170155662909,14.774557165861514,17.04911433172303,4.656468062265164,0.026838432635534086,0.30193236714975846,20.30998389694042,5.750134192163178,2.254428341384863,3.965378421900161,0.4294149221685454
143,19.176060118089104,11.641170155662909,14.546430488459475,16.988727858293075,4.696725711218465,0.026838432635534086,0.30193236714975846,20.001341921631777,5.709876543209877,2.2410091250670963,4.240472356414386,0.4294149221685454
144,19.363929146537842,11.641170155662909,14.526301663982823,16.97530864197531,4.683306494900698,0.026838432635534086,0.30193236714975846,19.87385936661299,5.703166935050993,2.2410091250670963,4.233762748255502,0.4294149221685454
145,19.51154052603328,11.614331723027375,14.640365002683843,16.774020397208805,4.683306494900698,0.026838432635534086,0.30193236714975846,19.840311325818572,5.703166935050993,2.2410091250670963,4.233762748255502,0.4294149221685454
146,19.75979602791197,11.614331723027375,14.42565754159957,16.70692431561997,4.736983360171766,0.0067096081588835215,0.2952227589908749,19.80005367686527,5.683038110574342,2.200751476113795,4.341116478797638,0.4294149221685454
147,19.92753623188406,11.56736446591519,14.331723027375201,16.70692431561997,4.730273752012883,0.0067096081588835215,0.2952227589908749,19.524959742351047,5.683038110574342,2.200751476113795,4.5960815888352125,0.4294149221685454
148,20.02818035426731,11.52710681696189,14.61352657004831,16.63311862587225,4.730273752012883,0.0067096081588835215,0.2952227589908749,19.524959742351047,5.669618894256575,2.200751476113795,4.3545356951154055,0.41599570585077833
149,20.336822329575952,11.52710681696189,14.546430488459475,16.566022544283413,4.696725711218465,0.0067096081588835215,0.2885131508319914,19.504830917874397,5.595813204508857,2.1739130434782608,4.341116478797638,0.41599570585077833
150,20.25630703166935,11.480139559849706,15.60654857756307,16.451959205582394,4.696725711218465,0.0067096081588835215,0.2885131508319914,19.310252281266774,5.5756843800322065,1.7713365539452497,4.139828234031133,0.41599570585077833
151,20.45088566827697,11.439881910896403,15.573000536768653,16.42512077294686,4.488727858293076,0.20799785292538917,0.2616747181964573,19.26328502415459,5.5756843800322065,1.7713365539452497,4.126409017713366,0.41599570585077833
152,20.625335480407944,11.379495437466453,15.573000536768653,16.371443907675793,4.488727858293076,0.20799785292538917,0.2616747181964573,19.202898550724637,5.5756843800322065,1.7713365539452497,4.126409017713366,0.41599570585077833
153,20.974235104669887,11.366076221148685,15.465646806226516,16.210413311862588,4.441760601180891,0.20799785292538917,0.2616747181964573,19.108964036500268,5.555555555555555,1.865271068169619,4.126409017713366,0.41599570585077833
154,21.101717659688674,11.345947396672035,15.526033279656469,15.96886741814278,4.441760601180891,0.20799785292538917,0.2616747181964573,19.04186795491143,5.730005367686527,1.865271068169619,4.092860976918948,0.41599570585077833
155,21.30300590445518,11.2788513150832,15.4723564143854,15.774288781535159,4.30756843800322,0.20799785292538917,0.2616747181964573,19.04186795491143,5.911164787976382,1.865271068169619,4.092860976918948,0.4830917874396135
156,21.443907675791735,11.285560923242082,15.438808373590982,15.734031132581856,4.280730005367687,0.20799785292538917,0.2616747181964573,18.914385399892645,5.891035963499732,1.865271068169619,4.193505099302201,0.4830917874396135
157,21.906870638754697,11.07085346215781,15.425389157273216,15.72061191626409,4.260601180891036,0.20799785292538917,0.2616747181964573,18.800322061191626,5.891035963499732,1.8183038110574343,4.1532474503489,0.4830917874396135
158,22.21551261406334,11.057434245840042,15.391841116478798,15.485775630703166,4.260601180891036,0.20799785292538917,0.2616747181964573,18.69296833064949,6.0654857756307035,1.8183038110574343,4.05931293612453,0.4830917874396135
159,21.980676328502415,11.017176596886742,15.35829307568438,16.841116478797638,3.8043478260869565,0.20128824476650564,0.040257648953301126,18.646001073537306,5.964841653247451,1.6304347826086956,4.052603327965647,0.46296296296296297
160,22.128287707997853,11.017176596886742,15.324745034889963,16.794149221685455,3.784219001610306,0.20128824476650564,0.040257648953301126,18.625872249060656,5.964841653247451,1.6304347826086956,4.025764895330113,0.46296296296296297
161,20.551529790660226,10.641438539989265,10.715244229736983,14.36527106816962,3.4822866344605474,0.20128824476650564,0.040257648953301126,30.709876543209877,4.643048845947397,1.442565754159957,2.7442297369833604,0.46296296296296297
162,20.685721953837895,10.641438539989265,10.68840579710145,14.338432635534085,3.4621578099838968,0.20128824476650564,0.040257648953301126,30.669618894256576,4.643048845947397,1.442565754159957,2.7241009125067097,0.46296296296296297
163,20.840042941492218,10.641438539989265,10.68840579710145,14.257917337627482,3.4621578099838968,0.20128824476650564,0.040257648953301126,30.515297906602253,4.62962962962963,1.415727321524423,2.791196994095545,0.5166398282340311
164,20.967525496511005,10.507246376811594,10.674986580783683,14.009661835748792,3.4621578099838968,0.20128824476650564,0.040257648953301126,30.300590445517983,4.817498658078368,1.6908212560386473,2.8113258185721954,0.5166398282340311
165,21.141975308641975,10.466988727858293,10.48040794417606,13.88888888888889,3.4621578099838968,0.20128824476650564,0.040257648953301126,30.22007514761138,5.0858829844337095,1.6371443907675791,2.85829307568438,0.5166398282340311
166,21.26945786366076,10.420021470746109,10.305958132045088,13.88888888888889,3.435319377348363,0.20128824476650564,0.040257648953301126,30.12614063338701,5.0858829844337095,1.7847557702630166,2.9253891572732154,0.5166398282340311
167,21.34326355340848,10.420021470746109,10.258990874932904,13.88888888888889,3.435319377348363,0.19457863660762212,0.040257648953301126,30.10601180891036,5.0858829844337095,1.7847557702630166,2.9253891572732154,0.5166398282340311
168,21.430488459473967,10.38647342995169,10.258990874932904,13.882179280730005,3.4286097691894795,0.19457863660762212,0.040257648953301126,30.08588298443371,5.0791733762748255,1.7847557702630166,2.9119699409554483,0.5166398282340311
169,21.511003757380568,10.339506172839506,12.25174449812131,13.935856146001074,3.4286097691894795,0.19457863660762212,0.040257648953301126,28.026033279656467,5.0791733762748255,1.7847557702630166,2.8918411164787976,0.5166398282340311
170,21.71900161030596,10.319377348362856,12.245034889962426,13.868760064412239,3.4286097691894795,0.19457863660762212,0.040257648953301126,27.938808373590984,5.052334943639291,1.7847557702630166,2.8918411164787976,0.5166398282340311
171,21.66532474503489,10.319377348362856,11.929683306494901,13.358829844337091,3.4151905528717124,0.19457863660762212,0.040257648953301126,28.784219001610307,5.032206119162641,1.8518518518518519,2.8918411164787976,0.5166398282340311
172,21.83977455716586,10.238862050456254,11.916264090177133,13.325281803542673,3.4017713365539453,0.19457863660762212,0.040257648953301126,28.75738056897477,5.032206119162641,1.8518518518518519,2.885131508319914,0.5166398282340311
173,22.08132045088567,10.158346752549651,11.876006441223833,13.278314546430488,3.3682232957595275,0.19457863660762212,0.040257648953301126,28.71712292002147,5.018786902844874,1.7981749865807837,2.952227589908749,0.5166398282340311
174,22.31615673644659,10.091250670960816,11.876006441223833,13.217928073000536,3.33467525496511,0.19457863660762212,0.040257648953301126,28.589640365002683,5.092592592592593,1.7981749865807837,2.932098765432099,0.5166398282340311
175,22.430220075147613,10.091250670960816,11.876006441223833,13.18438003220612,3.33467525496511,0.19457863660762212,0.040257648953301126,28.535963499731615,5.065754159957058,1.7981749865807837,2.932098765432099,0.5166398282340311
176,22.665056360708533,10.057702630166398,11.855877616747183,13.170960815888352,3.321256038647343,0.19457863660762212,0.040257648953301126,28.428609769189478,5.065754159957058,1.7713365539452497,2.918679549114332,0.5099302200751477
177,22.82608695652174,10.057702630166398,11.876006441223833,13.271604938271604,3.321256038647343,0.19457863660762212,0.040257648953301126,28.33467525496511,4.891304347826087,1.7713365539452497,2.9052603327965647,0.5099302200751477
178,22.859634997316157,10.030864197530864,11.768652710681696,13.238056897477188,3.321256038647343,0.19457863660762212,0.040257648953301126,28.14009661835749,4.9718196457326895,1.7713365539452497,3.1535158346752548,0.5099302200751477
179,22.819377348362856,10.02415458937198,11.768652710681696,13.18438003220612,3.502415458937198,0.19457863660762212,0.040257648953301126,28.073000536768653,4.958400429414922,1.7713365539452497,3.1535158346752548,0.5099302200751477
180,22.973698336017176,9.990606548577563,11.553945249597424,13.063607085346217,3.616478797638218,0.19457863660762212,0.040257648953301126,27.945517981749866,4.951690821256038,2.0263016639828235,3.1333870101986045,0.5099302200751477
181,22.785829307568438,9.98389694041868,11.473429951690822,12.74825550187869,3.7037037037037037,0.19457863660762212,0.040257648953301126,27.636876006441224,5.703166935050993,2.033011272141707,3.2206119162640903,0.47638217928073
182,22.873054213633925,9.98389694041868,11.473429951690822,12.714707461084272,3.7037037037037037,0.19457863660762212,0.040257648953301126,27.61003757380569,5.683038110574342,2.033011272141707,3.2139023081052067,0.47638217928073
183,23.275630703166936,9.930220075147611,11.41304347826087,12.627482555018787,3.7037037037037037,0.19457863660762212,0.040257648953301126,27.482555018786904,5.609232420826624,2.033011272141707,3.2139023081052067,0.47638217928073
184,23.356146001073537,9.916800858829845,11.406333870101985,12.567096081588835,3.5829307568438002,0.19457863660762212,0.040257648953301126,27.462426194310254,5.703166935050993,2.033011272141707,3.294417606011809,0.4428341384863124
185,23.68491680085883,9.88996242619431,11.392914653784219,12.513419216317766,3.569511540526033,0.19457863660762212,0.040257648953301126,27.18733225979603,5.703166935050993,2.006172839506173,3.374932903918411,0.4428341384863124
186,23.866076221148685,9.883252818035427,11.325818572195384,12.446323134728932,3.5628019323671496,0.18115942028985507,0.040257648953301126,27.079978529253893,5.703166935050993,2.006172839506173,3.4621578099838968,0.4428341384863124
