,45,50,55,52,53,51,54,56,59,57,58,60,61
0,99.78529253891573,0.2147074610842727,,,,,,,,,,,
1,97.41009125067096,2.589908749329039,,,,,,,,,,,
2,93.08239398819109,6.91760601180891,,,,,,,,,,,
3,84.98389694041867,15.01610305958132,,,,,,,,,,,
4,81.24664519592056,18.746645195920557,0.0067096081588835215,,,,,,,,,,
5,73.99355877616748,25.5703166935051,0.0067096081588835215,0.4294149221685454,,,,,,,,,
6,73.24208266237251,26.268115942028984,0.026838432635534086,0.4294149221685454,0.03354804079441761,,,,,,,,
7,70.98765432098766,28.361513687600645,0.1878690284487386,0.4294149221685454,0.03354804079441761,,,,,,,,
8,63.31186258722491,36.03730542136339,0.1878690284487386,0.4294149221685454,0.03354804079441761,,,,,,,,
9,63.41250670960816,35.829307568438004,0.2616747181964573,0.4294149221685454,0.03354804079441761,0.03354804079441761,,,,,,,
10,57.10547504025765,41.25067096081589,1.1473429951690821,0.4294149221685454,0.03354804079441761,0.03354804079441761,,,,,,,
11,57.2463768115942,40.955448201825014,1.3016639828234031,0.4294149221685454,0.03354804079441761,0.03354804079441761,,,,,,,
12,57.14573268921095,39.45920558239399,0.8923778851315083,2.200751476113795,0.03354804079441761,0.03354804079441761,0.23483628556092323,,,,,,
13,56.54857756307032,40.002683843263554,0.9057971014492754,2.200751476113795,0.03354804079441761,0.07380568974771873,0.23483628556092323,,,,,,
14,55.454911433172306,41.0024154589372,0.9057971014492754,2.24771873322598,0.03354804079441761,0.12077294685990338,0.23483628556092323,,,,,,
15,49.71819645732689,39.27133655394525,0.9728931830381106,2.24771873322598,0.03354804079441761,7.521470746108427,0.23483628556092323,,,,,,
16,48.51717659688674,40.485775630703166,0.9728931830381106,2.24771873322598,0.03354804079441761,7.50805152979066,0.23483628556092323,,,,,,
17,43.47155126140633,47.70531400966183,0.8319914117015567,0.4227053140096618,0.03354804079441761,7.474503488996243,0.06038647342995169,,,,,,
18,43.15619967793881,47.155126140633385,0.9728931830381106,0.4227053140096618,0.03354804079441761,8.199141170155663,0.06038647342995169,,,,,,
19,42.08266237251745,42.15646806226516,0.9057971014492754,0.4227053140096618,2.804616210413312,11.56736446591519,0.06038647342995169,,,,,,
20,41.91492216854536,42.190016103059584,1.0399892646269457,0.4227053140096618,2.804616210413312,11.473429951690822,0.06038647342995169,0.0939345142243693,,,,,
21,38.61379495437466,46.2962962962963,0.9594739667203436,0.4227053140096618,2.147074610842727,11.466720343531938,,0.0939345142243693,,,,,
22,38.62721417069243,46.24932903918411,0.9594739667203436,0.4227053140096618,2.147074610842727,11.500268384326356,,0.0939345142243693,,,,,
23,34.346484165324746,48.79898013955985,1.0064412238325282,0.3824476650563607,2.0933977455716586,13.278314546430488,,0.0939345142243693,,,,,
24,34.4068706387547,47.54428341384863,1.3352120236178207,0.4227053140096618,2.9253891572732154,13.023349436392914,,0.3421900161030596,,,,,
25,32.6959205582394,51.81159420289855,1.3955984970477724,0.4227053140096618,2.932098765432099,10.359634997316157,,0.3824476650563607,,,,,
26,32.83682232957595,51.55662909286098,1.5230810520665594,0.4227053140096618,2.932098765432099,10.178475577026301,0.05367686527106817,0.49651100375738055,,,,,
27,32.809983896940416,51.53650026838432,1.5633387010198605,0.4495437466451959,2.952227589908749,10.178475577026301,0.05367686527106817,0.4562533548040794,,,,,
28,30.877616747181964,47.47047772410091,2.589908749329039,0.30193236714975846,1.9860440150295222,16.076221148684915,0.24154589371980675,0.4562533548040794,,,,,
29,31.011808910359633,47.30944712828771,2.7106816961889426,0.30193236714975846,1.9390767579173376,16.029253891572733,0.24154589371980675,0.4562533548040794,,,,,
30,31.105743424584006,47.25577026301664,2.7106816961889426,0.30193236714975846,1.9390767579173376,15.98899624261943,0.24154589371980675,0.4562533548040794,,,,,
31,28.858024691358025,48.45679012345679,2.6301663982823404,0.13419216317767044,1.90552871712292,17.51207729468599,0.19457863660762212,0.30864197530864196,,,,,
32,28.75738056897477,43.51851851851852,2.2208803005904456,3.5762211486849167,1.90552871712292,19.404186795491142,0.19457863660762212,0.4227053140096618,,,,,
33,26.85185185185185,45.410628019323674,2.2208803005904456,3.643317230273752,1.90552871712292,19.363929146537842,0.19457863660762212,0.4092860976918948,,,,,
34,22.852925389157274,49.39613526570049,2.3752012882447664,3.6366076221148687,1.90552871712292,19.135802469135804,0.19457863660762212,0.5032206119162641,,,,,
35,22.463768115942027,49.765163714439076,2.475845410628019,3.6366076221148687,1.892109500805153,18.780193236714975,0.19457863660762212,0.7917337627482555,,,,,
36,22.550993022007514,49.67122920021471,2.5026838432635534,3.6366076221148687,1.892109500805153,18.17632850241546,0.7514761137949544,0.8185721953837896,,,,,
37,22.436929683306495,48.047504025764894,2.522812667740204,3.6097691894793345,1.892109500805153,18.109232420826622,2.509393451422437,0.8722490606548577,,,,,
38,22.537573805689746,47.799248523886206,2.6838432635534084,3.6097691894793345,1.892109500805153,18.095813204508858,2.509393451422437,0.8722490606548577,,,,,
39,22.530864197530864,47.70531400966183,2.9388083735909825,3.5963499731615673,1.7579173376274826,18.089103596349972,2.509393451422437,0.8722490606548577,,,,,
40,21.967257112184647,46.43048845947396,2.952227589908749,5.314009661835748,1.751207729468599,18.14278046162104,2.5496511003757383,0.8923778851315083,,,,,
41,21.940418679549115,45.410628019323674,3.898282340311326,7.702630166398282,1.751207729468599,16.002415458937197,2.5496511003757383,0.7447665056360708,,,,,
42,20.564949006977994,41.136607622114866,3.878153515834675,7.6623725174449815,1.7310789049919484,21.571390230810522,2.6838432635534084,0.7447665056360708,0.026838432635534086,,,,
43,20.638754696725712,40.88835212023618,4.206924315619967,7.461084272678476,1.724369296833065,21.571390230810522,2.737520128824477,0.7447665056360708,0.026838432635534086,,,,
44,20.598497047772412,40.425389157273216,4.294149221685454,8.011272141706923,1.724369296833065,21.289586688137412,2.7308105206655933,0.8990874932903918,0.026838432635534086,,,,
45,20.564949006977994,39.19753086419753,4.361245303274289,5.864197530864198,1.724369296833065,25.489801395598498,2.120236178207193,0.6038647342995169,0.026838432635534086,0.04696725711218465,,,
46,19.64573268921095,37.32555018786903,3.9720880300590444,5.864197530864198,1.4492753623188406,28.918411164787976,2.120236178207193,0.630703166935051,0.026838432635534086,0.04696725711218465,,,
47,19.592055823939884,37.29200214707461,4.119699409554482,5.864197530864198,1.4492753623188406,28.83118625872249,2.120236178207193,0.6575415995705851,0.026838432635534086,0.04696725711218465,,,
48,19.209608158883523,36.64117015566291,4.126409017713366,5.83064949006978,1.4492753623188406,29.857756307031668,2.120236178207193,0.6910896403650026,0.026838432635534086,0.04696725711218465,,,
49,19.343800322061192,36.580783682232955,4.159957058507783,5.750134192163178,1.4492753623188406,29.750402576489535,2.120236178207193,0.7716049382716049,0.026838432635534086,0.04696725711218465,,,
50,17.934782608695652,32.2463768115942,3.9318303811057436,5.750134192163178,1.4492753623188406,35.37976382179281,2.462426194310252,0.7716049382716049,0.026838432635534086,0.04696725711218465,,,
51,17.102791196994094,30.04562533548041,3.8848631239935587,5.71658615136876,1.3821792807300053,38.57353730542136,2.462426194310252,0.7313472893183038,0.026838432635534086,0.07380568974771873,,,
52,16.774020397208805,30.421363392377884,3.878153515834675,5.71658615136876,1.3821792807300053,38.53327965646806,2.462426194310252,0.7313472893183038,0.026838432635534086,0.07380568974771873,,,
53,16.794149221685455,29.66988727858293,3.717122920021471,7.917337627482555,1.3821792807300053,37.063875469672574,2.589908749329039,0.7648953301127214,0.026838432635534086,0.07380568974771873,,,
54,13.707729468599034,37.07058507783145,3.965378421900161,7.843531937734836,1.3821792807300053,32.62211486849168,2.49597423510467,0.7783145464304885,0.026838432635534086,0.07380568974771873,0.03354804079441761,,
55,13.788244766505636,37.0504562533548,3.9586688137412773,7.809983896940419,1.3821792807300053,32.57514761137949,2.49597423510467,0.8051529790660226,0.026838432635534086,0.07380568974771873,0.03354804079441761,,
56,11.902844873859367,39.01637144390767,3.797638217928073,7.809983896940419,1.3821792807300053,32.25308641975309,2.49597423510467,1.06682769726248,0.026838432635534086,0.07380568974771873,0.17444981213097155,,
57,10.849436392914654,41.968599033816425,3.5762211486849167,7.306763285024155,1.3821792807300053,31.447933440687063,2.328234031132582,0.8655394524959742,0.026838432635534086,0.07380568974771873,0.17444981213097155,,
58,10.909822866344605,41.92163177670424,3.6097691894793345,7.206119162640902,1.3821792807300053,31.407675791733762,2.328234031132582,0.8923778851315083,0.026838432635534086,0.07380568974771873,0.24154589371980675,,
59,10.258990874932904,42.48523886205046,3.6097691894793345,7.1725711218464845,1.6170155662909287,31.105743424584006,2.314814814814815,1.107085346215781,0.026838432635534086,0.026838432635534086,0.27509393451422437,,
60,10.413311862587225,42.3845947396672,3.5829307568438002,7.199409554482019,1.6170155662909287,31.052066559312937,2.314814814814815,1.107085346215781,0.026838432635534086,0.026838432635534086,0.27509393451422437,,
61,10.493827160493828,42.24369296833065,3.5963499731615673,7.192699946323135,1.6170155662909287,31.052066559312937,2.368491680085883,1.107085346215781,0.026838432635534086,0.026838432635534086,0.27509393451422437,,
62,10.695115405260333,42.03569511540526,3.7238325281803544,7.139023081052066,1.6170155662909287,30.991680085882983,2.3617820719269993,1.107085346215781,0.026838432635534086,0.026838432635534086,0.27509393451422437,,
63,10.352925389157273,38.99624261943102,3.5762211486849167,5.159688674181428,1.6170155662909287,34.86983360171766,4.079441760601181,1.0466988727858293,0.026838432635534086,,0.27509393451422437,,
64,10.446859903381643,38.808373590982285,3.603059581320451,5.159688674181428,1.6170155662909287,34.796027911969944,4.294149221685454,0.9728931830381106,0.026838432635534086,,0.27509393451422437,,
65,10.420021470746109,38.499731615673646,3.978797638217928,5.146269457863661,1.6170155662909287,34.70209339774557,4.294149221685454,1.0399892646269457,0.026838432635534086,,0.27509393451422437,,
66,10.198604401502953,32.91733762748255,3.851315083199141,8.829844337090714,1.8585614600107354,36.8894256575416,4.294149221685454,0.8923778851315083,0.026838432635534086,,0.24154589371980675,,
67,9.634997316156737,29.58937198067633,2.690552871712292,8.829844337090714,1.8317230273752012,42.48523886205046,3.898282340311326,0.9125067096081588,0.026838432635534086,,0.10064412238325282,,
68,9.4873859366613,29.21363392377885,2.657004830917874,9.742351046698873,1.8317230273752012,42.089371980676326,3.898282340311326,0.95276435856146,0.026838432635534086,,0.10064412238325282,,
69,9.655126140633387,29.052603327965645,2.7106816961889426,9.71551261406334,1.8317230273752012,41.94176060118089,3.898282340311326,1.06682769726248,0.026838432635534086,,0.10064412238325282,,
70,9.688674181427805,28.28099838969404,2.7844873859366612,9.688674181427805,3.046162104133119,41.40499194847021,3.898282340311326,1.0601180891035964,0.026838432635534086,0.020128824476650563,0.10064412238325282,,
71,9.574610842726784,27.697262479871174,2.898550724637681,7.997852925389157,3.4420289855072466,42.89452495974235,3.7573805689747717,1.5901771336553945,0.026838432635534086,0.020128824476650563,0.10064412238325282,,
72,9.71551261406334,27.603327965646805,3.4017713365539453,7.971014492753623,3.4286097691894795,42.13633923778851,3.9720880300590444,1.6035963499731616,0.04696725711218465,0.020128824476650563,0.10064412238325282,,
73,9.769189479334408,27.361782071927,2.9790660225442833,7.96430488459474,2.442297369833602,43.69296833064949,4.005636070853462,1.6170155662909287,0.04696725711218465,0.020128824476650563,0.10064412238325282,,
74,8.99087493290392,24.537037037037038,2.462426194310252,7.96430488459474,2.38191089640365,50.07380568974772,1.9256575415995705,1.5230810520665594,0.020128824476650563,0.020128824476650563,0.10064412238325282,,
75,9.064680622651638,24.282071926999464,2.7442297369833604,7.856951154052603,2.38191089640365,49.88593666129898,1.9189479334406871,1.6170155662909287,0.020128824476650563,0.020128824476650563,0.20799785292538917,,
76,7.823403113258186,21.74584004294149,2.717391304347826,6.293612453032743,2.38191089640365,55.34755770263017,1.9189479334406871,1.5432098765432098,0.020128824476650563,,0.20799785292538917,,
77,7.5348899624261945,21.24932903918411,2.7509393451422435,6.266774020397209,2.368491680085883,55.884326355340846,1.9860440150295222,1.710950080515298,0.020128824476650563,,0.2281266774020397,,
78,7.749597423510467,21.202361782071925,2.7979066022544283,6.213097155126141,2.3617820719269993,55.34084809447128,1.9860440150295222,2.100107353730542,0.020128824476650563,,0.2281266774020397,,
79,7.937466451959206,21.121846484165324,2.871712292002147,6.1862587224906065,2.3349436392914655,55.05904455179817,1.9860440150295222,2.254428341384863,0.020128824476650563,,0.2281266774020397,,
80,8.132045088566828,21.095008051529792,2.871712292002147,6.172839506172839,2.3349436392914655,54.6430488459474,1.9860440150295222,2.5161030595813205,0.020128824476650563,,0.2281266774020397,,
81,8.225979602791197,21.048040794417606,2.932098765432099,6.172839506172839,2.3349436392914655,54.38137412775094,1.9860440150295222,2.6704240472356413,0.020128824476650563,,0.2281266774020397,,
82,8.272946859903382,20.954106280193237,3.126677402039721,6.159420289855072,2.3349436392914655,54.220343531937736,1.9592055823939882,2.7241009125067097,0.020128824476650563,,0.2281266774020397,,
83,8.36688137412775,20.9272678475577,3.1333870101986045,6.146001073537305,2.3349436392914655,54.05931293612453,1.9592055823939882,2.8247450348899625,0.020128824476650563,,0.2281266774020397,,
84,8.480944712828771,20.92055823939882,3.1199677938808374,6.146001073537305,2.3081052066559313,53.918411164787976,1.9457863660762211,2.885131508319914,0.020128824476650563,,0.2549651100375738,,
85,8.514492753623188,20.853462157809982,3.750670960815888,6.400966183574879,2.3081052066559313,52.91196994095545,1.9457863660762211,3.0394524959742353,0.020128824476650563,,0.2549651100375738,,
86,8.501073537305421,20.558239398819108,3.44873859366613,8.581588835212024,2.3081052066559313,51.47611379495437,1.9122383252818036,2.9388083735909825,0.020128824476650563,,0.2549651100375738,,
87,8.494363929146537,20.41062801932367,3.44873859366613,8.581588835212024,2.3081052066559313,51.46269457863661,1.7713365539452497,3.2474503488996245,0.020128824476650563,,0.2549651100375738,,
88,8.628556092324208,20.397208803005906,3.421900161030596,8.527911969940956,2.3081052066559313,51.40230810520666,1.7981749865807837,3.2004830917874396,0.020128824476650563,0.040257648953301126,0.2549651100375738,,
89,8.695652173913043,20.323403113258184,3.6634460547504024,8.548040794417606,2.3081052066559313,51.01315083199141,1.7981749865807837,3.33467525496511,0.020128824476650563,0.040257648953301126,0.2549651100375738,,
90,8.78287707997853,20.202630166398283,3.7238325281803544,8.494363929146537,2.3081052066559313,50.75147611379496,1.7981749865807837,3.515834675254965,0.020128824476650563,0.14761137949543746,0.2549651100375738,,
91,8.917069243156199,20.135534084809446,4.575952764358561,8.460815888352121,2.3081052066559313,49.77858293075684,1.7981749865807837,3.569511540526033,0.020128824476650563,0.18115942028985507,0.2549651100375738,,
92,8.970746108427267,20.12211486849168,4.656468062265164,8.400429414922169,2.3081052066559313,49.69135802469136,1.7981749865807837,3.616478797638218,0.020128824476650563,0.18115942028985507,0.23483628556092323,,
93,8.923778851315083,19.43102522812668,4.367954911433173,10.258990874932904,1.8853998926462694,49.19484702093398,1.7981749865807837,3.6768652710681695,0.020128824476650563,0.18115942028985507,0.2616747181964573,,
94,9.004294149221685,18.766774020397207,4.367954911433173,10.856146001073537,1.8853998926462694,49.15458937198068,1.7981749865807837,3.7037037037037037,0.020128824476650563,0.18115942028985507,0.2616747181964573,,
95,9.05126140633387,18.417874396135264,4.200214707461084,10.721953837895867,2.368491680085883,47.457058507783145,3.730542136339238,3.589640365002684,0.020128824476650563,0.18115942028985507,0.2616747181964573,,
96,9.292807300053678,18.38432635534085,4.200214707461084,10.68840579710145,2.3550724637681157,47.16183574879227,3.717122920021471,3.7238325281803544,0.020128824476650563,0.19457863660762212,0.2616747181964573,,
97,9.460547504025765,18.38432635534085,4.133118625872249,10.68840579710145,2.3483628556092326,47.00080515297907,3.784219001610306,3.7238325281803544,0.020128824476650563,0.19457863660762212,0.2616747181964573,,
98,9.118357487922705,17.639559849704778,4.045893719806763,16.97530864197531,2.3617820719269993,42.0222758990875,3.784219001610306,3.5762211486849167,0.020128824476650563,0.19457863660762212,0.2616747181964573,,
99,9.219001610305957,17.58588298443371,4.193505099302201,16.941760601180892,2.3617820719269993,41.86124530327429,3.743961352657005,3.5762211486849167,0.020128824476650563,0.19457863660762212,0.30193236714975846,,
100,9.25925925925926,17.56575415995706,3.9184111647879765,17.8743961352657,2.3617820719269993,41.31105743424584,3.7909286097691894,3.4017713365539453,0.020128824476650563,0.19457863660762212,0.30193236714975846,,
101,7.709339774557166,14.942297369833602,3.5426731078904994,17.257112184648417,5.428073000536768,42.48523886205046,4.703435319377348,3.4420289855072466,0.020128824476650563,0.19457863660762212,0.27509393451422437,,
102,7.9106280193236715,14.868491680085883,3.515834675254965,17.183306494900698,5.428073000536768,42.45840042941492,4.669887278582931,3.4420289855072466,0.020128824476650563,0.2281266774020397,0.27509393451422437,,
103,7.98443370907139,14.855072463768115,3.515834675254965,17.11621041331186,5.293880837359098,42.3443370907139,4.8376274825550185,3.502415458937198,0.020128824476650563,0.2549651100375738,0.27509393451422437,,
104,8.091787439613526,14.848362855609233,3.603059581320451,17.06924315619968,5.280461621041331,42.29736983360172,4.824208266237251,3.4017713365539453,0.020128824476650563,0.2885131508319914,0.27509393451422437,,
105,7.689210950080516,14.251207729468598,3.5091250670960816,15.92860976918948,5.213365539452496,45.4374664519592,4.74369296833065,2.576489533011272,0.05367686527106817,0.2885131508319914,0.30864197530864196,,
106,7.809983896940419,14.237788513150832,3.5091250670960816,15.754159957058508,5.213365539452496,45.330112721417066,4.74369296833065,2.61003757380569,0.05367686527106817,0.4294149221685454,0.30864197530864196,,
107,6.5485775630703165,17.733494363929147,3.408480944712829,15.613258185721953,3.240740740740741,45.1959205582394,4.730273752012883,2.6704240472356413,0.05367686527106817,0.49651100375738055,0.30864197530864196,,
108,6.521739130434782,17.424852388620504,2.844873859366613,13.580246913580247,3.227321524422974,47.96698872785829,4.643048845947397,2.8650026838432634,0.05367686527106817,0.5636070853462157,0.30864197530864196,,
109,6.394256575415996,17.398013955984972,2.844873859366613,15.217391304347826,3.1199677938808374,46.92699946323135,4.575952764358561,2.563070316693505,0.08722490606548577,0.5636070853462157,0.30864197530864196,,
110,5.790391841116479,16.512345679012345,2.563070316693505,21.806226516371442,2.932098765432099,45.471014492753625,1.9524959742351047,2.462426194310252,0.020128824476650563,0.33548040794417605,0.15432098765432098,,
111,5.857487922705314,16.358024691358025,2.703972088030059,21.631776704240472,2.9253891572732154,45.2361782071927,1.9524959742351047,2.6838432635534084,0.020128824476650563,0.47638217928073,0.15432098765432098,,
112,5.964841653247451,16.358024691358025,2.703972088030059,21.631776704240472,2.9119699409554483,45.14224369296833,1.9524959742351047,2.6838432635534084,0.020128824476650563,0.47638217928073,0.15432098765432098,,
113,5.884326355340848,22.785829307568438,2.6704240472356413,15.35829307568438,2.9119699409554483,45.088566827697264,1.9524959742351047,2.6838432635534084,0.020128824476650563,0.5703166935050993,0.07380568974771873,,
114,6.092324208266238,22.71202361782072,2.6637144390767578,15.271068169618895,2.9119699409554483,44.82018250134192,2.0128824476650564,2.844873859366613,0.020128824476650563,0.5770263016639828,0.07380568974771873,,
115,6.233225979602791,22.644927536231883,2.6637144390767578,15.250939345142244,2.9119699409554483,44.76650563607085,2.0128824476650564,2.844873859366613,0.020128824476650563,0.5770263016639828,0.07380568974771873,,
116,6.172839506172839,22.544283413848632,2.898550724637681,15.653515834675256,2.8515834675254963,44.04857756307032,2.2879763821792807,2.844873859366613,0.020128824476650563,0.6038647342995169,0.07380568974771873,,
117,6.347289318303811,22.423510466988727,3.012614063338701,15.626677402039721,2.8381642512077296,43.572195383789584,2.2879763821792807,3.193773483628556,0.020128824476650563,0.6038647342995169,0.07380568974771873,,
118,6.387546967257112,22.31615673644659,3.079710144927536,15.626677402039721,2.871712292002147,43.35748792270532,2.2879763821792807,3.374932903918411,0.020128824476650563,0.6038647342995169,0.07380568974771873,,
119,6.494900697799249,22.282608695652176,3.079710144927536,15.60654857756307,2.885131508319914,43.29710144927536,2.2611379495437465,3.3682232957595275,0.04696725711218465,0.6038647342995169,0.07380568974771873,,
120,6.689479334406871,22.262479871175522,3.079710144927536,15.526033279656469,2.885131508319914,43.001878690284485,2.2611379495437465,3.569511540526033,0.04696725711218465,0.6038647342995169,0.07380568974771873,,
121,6.830381105743425,22.24235104669887,3.1333870101986045,15.505904455179817,2.85829307568438,42.8743961352657,2.2410091250670963,3.549382716049383,0.04696725711218465,0.6172839506172839,0.10064412238325282,,
122,6.964573268921095,22.20209339774557,3.1333870101986045,15.505904455179817,2.8515834675254963,42.78717122920021,2.2410091250670963,3.549382716049383,0.04696725711218465,0.6172839506172839,0.10064412238325282,,
123,7.179280730005368,21.994095544820183,3.408480944712829,15.485775630703166,2.8381642512077296,42.53220611916264,2.227589908749329,3.549382716049383,0.04696725711218465,0.6172839506172839,0.12077294685990338,,
124,7.253086419753086,21.967257112184647,3.408480944712829,15.465646806226516,2.8381642512077296,42.44498121309716,2.2074610842726785,3.629898013955985,0.04696725711218465,0.6172839506172839,0.12077294685990338,,
125,7.333601717659689,21.886741814278047,3.4420289855072466,15.432098765432098,2.8381642512077296,42.2638217928073,2.2410091250670963,3.7775093934514223,0.04696725711218465,0.6172839506172839,0.12077294685990338,,
126,7.4006977992485234,21.85990338164251,3.4420289855072466,15.318035426731079,2.831454643048846,42.230273752012884,2.2410091250670963,3.750670960815888,0.04696725711218465,0.7581857219538379,0.12077294685990338,,
127,7.568438003220612,21.826355340848096,3.435319377348363,15.257648953301127,2.8247450348899625,42.089371980676326,2.2342995169082127,3.8378958668813743,0.04696725711218465,0.7581857219538379,0.12077294685990338,,
128,7.615405260332796,21.806226516371442,3.5829307568438002,15.257648953301127,2.8247450348899625,41.968599033816425,2.200751476113795,3.8177670424047236,0.04696725711218465,0.7581857219538379,0.12077294685990338,,
129,7.447665056360709,15.458937198067632,3.3682232957595275,12.620772946859903,2.7241009125067097,51.952495974235106,1.6908212560386473,3.911701556629093,0.03354804079441761,0.7246376811594203,0.06709608158883522,,
130,7.1725711218464845,15.344873859366613,3.2474503488996245,12.580515297906603,11.721685453569512,43.907675791733766,1.6841116478797638,3.515834675254965,0.03354804079441761,0.7246376811594203,0.06709608158883522,,
131,7.246376811594203,15.096618357487923,3.2474503488996245,12.553676865271068,11.721685453569512,43.82716049382716,1.9457863660762211,3.535963499731616,0.03354804079441761,0.7246376811594203,0.06709608158883522,,
132,7.246376811594203,15.063070316693505,3.207192699946323,12.5402576489533,11.694847020933977,43.203166935050994,2.7442297369833604,3.44873859366613,0.03354804079441761,0.7246376811594203,0.0939345142243693,,
133,7.320182501341922,15.002683843263553,3.1736446591519054,12.466451959205582,11.694847020933977,43.04884594739667,2.8113258185721954,3.5628019323671496,0.03354804079441761,0.7917337627482555,0.0939345142243693,,
134,7.440955448201825,14.982555018786902,3.1736446591519054,12.446323134728932,11.694847020933977,42.901234567901234,2.8113258185721954,3.629898013955985,0.03354804079441761,0.7917337627482555,0.0939345142243693,,
135,6.823671497584541,13.45276435856146,2.6972624798711755,10.970209339774557,11.030595813204508,48.34272678475577,2.5295222758990876,3.046162104133119,0.03354804079441761,0.6239935587761675,0.4495437466451959,,
136,6.937734836285561,13.372249060654857,2.831454643048846,10.963499731615673,10.782340311325818,48.24208266237252,2.522812667740204,3.0864197530864197,0.03354804079441761,0.7045088566827697,0.5233494363929146,,
137,7.018250134192163,13.33870101986044,2.945517981749866,10.950080515297907,10.742082662372518,47.78582930756844,2.522812667740204,3.4151905528717124,0.03354804079441761,0.7246376811594203,0.5233494363929146,,
138,7.139023081052066,13.325281803542673,2.965646806226516,10.950080515297907,10.742082662372518,47.477187332259795,2.5563607085346214,3.5628019323671496,0.03354804079441761,0.7246376811594203,0.5233494363929146,,
139,6.561996779388084,9.158615136876007,2.885131508319914,9.822866344605474,7.004830917874396,57.427536231884055,2.5026838432635534,3.750670960815888,0.0067096081588835215,0.7246376811594203,0.15432098765432098,,
140,6.716317767042405,9.037842190016104,2.885131508319914,9.816156736446592,7.03166935050993,57.15915190552872,2.636876006441224,3.8311862587224907,0.0067096081588835215,0.7246376811594203,0.15432098765432098,,
141,6.488191089640365,8.53462157809984,2.8381642512077296,10.93666129898014,6.890767579173376,56.515029522275896,2.999194847020934,3.8311862587224907,0.0067096081588835215,0.6709608158883521,0.2885131508319914,,
142,6.588835212023618,8.53462157809984,2.8650026838432634,10.923242082662373,6.863929146537842,56.394256575415994,2.999194847020934,3.851315083199141,0.0067096081588835215,0.6843800322061192,0.2885131508319914,,
143,6.716317767042405,8.527911969940956,2.945517981749866,10.943370907139023,6.837090713902308,56.17954911433172,2.985775630703167,3.8848631239935587,0.0067096081588835215,0.6843800322061192,0.2885131508319914,,
144,6.816961889425658,8.474235104669887,2.9723564143853998,10.943370907139023,6.837090713902308,55.97826086956522,2.985775630703167,4.012345679012346,0.0067096081588835215,0.6843800322061192,0.2885131508319914,,
145,6.843800322061192,8.467525496511003,3.33467525496511,10.789049919484702,6.816961889425658,55.53542673107891,2.985775630703167,4.247181964573269,0.0067096081588835215,0.6843800322061192,0.2885131508319914,,
146,7.051798174986581,8.460815888352121,3.3816425120772946,10.68840579710145,6.749865807836822,55.38781535158347,2.932098765432099,4.280730005367687,0.0067096081588835215,0.7112184648416533,0.3488996242619431,,
147,7.14573268921095,8.407139023081053,3.408480944712829,10.668276972624799,6.696188942565755,55.20665593129361,2.932098765432099,4.468599033816425,0.0067096081588835215,0.7112184648416533,0.3488996242619431,,
148,7.226247987117552,8.420558239398819,3.408480944712829,10.63472893183038,6.689479334406871,55.08588298443371,2.932098765432099,4.53569511540526,0.0067096081588835215,0.7112184648416533,0.3488996242619431,,
149,6.870638754696726,6.239935587761675,3.5829307568438002,10.487117552334944,6.521739130434782,57.648953301127214,2.932098765432099,4.53569511540526,0.0067096081588835215,0.8252818035426731,0.3488996242619431,,
150,7.0450885668276975,6.233225979602791,3.569511540526033,10.373054213633925,6.521739130434782,57.33360171765969,2.885131508319914,4.690016103059581,0.0067096081588835215,0.9997316156736447,0.3421900161030596,,
151,7.192699946323135,6.219806763285024,3.7238325281803544,10.373054213633925,6.347289318303811,57.19269994632314,2.885131508319914,4.7168545356951155,0.0067096081588835215,0.9997316156736447,0.3421900161030596,,
152,7.232957595276436,6.219806763285024,3.7238325281803544,10.373054213633925,6.347289318303811,57.024959742351044,2.885131508319914,4.8443370907139025,0.0067096081588835215,0.9997316156736447,0.3421900161030596,,
153,7.333601717659689,5.917874396135265,4.066022544283414,10.339506172839506,6.3070316693505095,56.125872249060656,3.6500268384326353,4.884594739667204,0.0067096081588835215,0.9997316156736447,0.36902844873859364,,
154,7.494632313472893,5.917874396135265,4.200214707461084,10.265700483091788,6.159420289855072,55.60923242082662,3.6500268384326353,5.246913580246914,0.03354804079441761,1.0534084809447128,0.36902844873859364,,
155,7.501341921631776,5.870907139023081,4.213633923778851,10.695115405260333,6.159420289855072,55.19994632313473,3.6366076221148687,5.287171229200215,0.03354804079441761,1.0534084809447128,0.3488996242619431,,
156,7.494632313472893,5.870907139023081,4.247181964573269,10.48040794417606,6.736446591519055,54.6833064949007,3.6366076221148687,5.421363392377885,0.03354804079441761,1.0265700483091786,0.36902844873859364,,
157,7.615405260332796,5.870907139023081,4.247181964573269,10.567632850241546,6.602254428341385,54.33440687063875,3.5963499731615673,5.723295759527644,0.03354804079441761,1.0265700483091786,0.3824476650563607,,
158,7.64224369296833,5.8239398819108965,4.4753086419753085,10.59447128287708,6.394256575415996,54.02576489533011,3.8580246913580245,5.750134192163178,0.03354804079441761,1.0265700483091786,0.3757380568974772,,
159,6.568706387546968,5.6964573268921095,3.6768652710681695,10.144927536231885,4.951690821256038,59.534353193773484,2.6972624798711755,5.401234567901234,0.026838432635534086,0.9460547504025765,0.35560923242082665,,
160,6.629092860976919,5.6964573268921095,3.7104133118625873,10.11808910359635,4.918142780461621,59.4068706387547,2.6972624798711755,5.522007514761138,0.026838432635534086,0.9192163177670424,0.35560923242082665,,
161,6.763285024154589,5.662909286097692,3.743961352657005,10.38647342995169,4.918142780461621,58.984165324745035,2.6972624798711755,5.542136339237788,0.026838432635534086,0.9192163177670424,0.35560923242082665,,
162,6.830381105743425,5.656199677938808,3.743961352657005,10.379763821792807,4.911433172302737,58.74932903918411,2.7643585614600106,5.662909286097692,0.026838432635534086,0.9192163177670424,0.35560923242082665,,
163,6.991411701556629,5.609232420826624,3.8177670424047236,10.312667740203972,4.911433172302737,57.890499194847024,3.6366076221148687,5.528717122920021,0.026838432635534086,0.9192163177670424,0.35560923242082665,,
164,7.105475040257649,5.609232420826624,3.8177670424047236,10.285829307568438,4.891304347826087,57.70263016639828,3.616478797638218,5.642780461621041,0.026838432635534086,0.9460547504025765,0.35560923242082665,,
165,7.1725711218464845,5.609232420826624,3.8311862587224907,10.265700483091788,4.891304347826087,57.63553408480945,3.589640365002684,5.676328502415459,0.026838432635534086,0.9460547504025765,0.35560923242082665,,
166,7.192699946323135,5.548845947396672,4.1129898013955986,10.25228126677402,4.891304347826087,57.447665056360705,3.589640365002684,5.636070853462158,0.026838432635534086,0.9460547504025765,0.35560923242082665,,
167,7.286634460547504,5.528717122920021,4.1129898013955986,10.238862050456254,5.8239398819108965,56.32045088566828,3.589640365002684,5.776972624798712,0.026838432635534086,0.9393451422436929,0.35560923242082665,,
168,7.313472893183038,5.495169082125604,4.1129898013955986,10.238862050456254,5.797101449275362,55.61594202898551,3.589640365002684,6.515029522275899,0.026838432635534086,0.9393451422436929,0.35560923242082665,,
169,7.300053676865271,5.394524959742351,4.200214707461084,12.808641975308642,5.756843800322061,52.71068169618894,3.1199677938808374,7.199409554482019,0.026838432635534086,1.1137949543746646,0.36902844873859364,,
170,7.320182501341922,4.938271604938271,4.51556629092861,12.47987117552335,6.340579710144928,52.28797638217928,3.4957058507783145,7.139023081052066,0.026838432635534086,1.0869565217391304,0.36902844873859364,,
171,7.326892109500805,4.938271604938271,4.51556629092861,12.446323134728932,6.320450885668277,52.00617283950617,3.4957058507783145,7.4141170155662905,0.026838432635534086,1.1205045625335481,0.38915727321524424,,
172,7.347020933977456,4.891304347826087,4.522275899087493,12.426194310252281,6.823671497584541,51.74449812130972,3.4957058507783145,7.212828770799785,0.026838432635534086,1.1205045625335481,0.38915727321524424,,
173,7.514761137949543,4.891304347826087,4.5893719806763285,12.365807836822329,6.810252281266774,51.50295222758991,3.4822866344605474,7.300053676865271,0.07380568974771873,1.0802469135802468,0.38915727321524424,,
174,7.6623725174449815,4.8443370907139025,4.750402576489533,12.352388620504563,6.8035426731078905,51.07353730542136,3.44873859366613,7.521470746108427,0.07380568974771873,1.0802469135802468,0.38915727321524424,,
175,7.816693505099302,4.8376274825550185,5.555555555555555,12.318840579710145,6.8035426731078905,50.1610305958132,3.4420289855072466,7.494632313472893,0.07380568974771873,1.107085346215781,0.38915727321524424,,
176,7.863660762211487,4.8376274825550185,5.542136339237788,12.318840579710145,6.8035426731078905,50.0,3.4420289855072466,7.62211486849168,0.07380568974771873,1.107085346215781,0.38915727321524424,,
177,7.917337627482555,4.830917874396135,5.535426731078905,12.318840579710145,7.440955448201825,49.322329575952764,3.4420289855072466,7.62211486849168,0.07380568974771873,1.107085346215781,0.38915727321524424,,
178,7.991143317230274,4.830917874396135,5.58239398819109,12.177938808373591,7.333601717659689,49.2686527106817,3.4420289855072466,7.7361782071927,0.07380568974771873,1.1741814278046163,0.38915727321524424,,
179,8.125335480407944,4.830917874396135,5.669618894256575,12.177938808373591,7.313472893183038,48.53730542136339,3.549382716049383,8.158883521202362,0.07380568974771873,1.1741814278046163,0.38915727321524424,,
180,7.997852925389157,4.770531400966184,6.8035426731078905,13.110574342458401,7.206119162640902,47.16854535695116,3.408480944712829,7.85024154589372,0.18115942028985507,1.1137949543746646,0.38915727321524424,,
181,8.017981749865807,4.770531400966184,6.830381105743425,13.110574342458401,7.1725711218464845,47.0679012345679,3.408480944712829,7.937466451959206,0.18115942028985507,1.1137949543746646,0.38915727321524424,,
182,8.125335480407944,4.7638217928073,6.937734836285561,13.077026301663983,7.159151905528717,46.71900161030596,3.408480944712829,8.125335480407944,0.18115942028985507,1.1137949543746646,0.38915727321524424,,
183,7.897208803005904,4.066022544283414,6.488191089640365,12.426194310252281,7.159151905528717,49.18813741277509,3.113258185721954,8.09849704777241,0.18115942028985507,0.9930220075147611,0.38915727321524424,,
184,7.856951154052603,4.066022544283414,7.098765432098766,12.265163714439076,7.159151905528717,48.55072463768116,3.113258185721954,8.313204508856682,0.2147074610842727,0.9728931830381106,0.38915727321524424,,
185,8.011272141706923,4.066022544283414,7.092055823939882,12.258454106280194,7.132313472893183,48.30246913580247,3.0864197530864197,8.474235104669887,0.2147074610842727,0.9728931830381106,0.38915727321524424,,
186,8.111916264090176,4.066022544283414,7.065217391304348,12.245034889962426,6.850509930220075,47.90660225442834,3.770799785292539,8.192431561996779,0.2147074610842727,0.966183574879227,0.6105743424584005,,
187,8.252818035426731,4.066022544283414,7.098765432098766,12.191358024691358,6.816961889425658,47.66505636070853,3.7573805689747717,8.360171765968868,0.2147074610842727,0.966183574879227,0.6105743424584005,,
188,7.206119162640902,10.48040794417606,6.649221685453569,10.84272678475577,6.078904991948471,45.148953301127214,3.5426731078904994,8.279656468062266,0.2147074610842727,0.966183574879227,0.5904455179817498,,
189,7.320182501341922,10.473698336017177,6.649221685453569,10.815888352120236,6.0654857756307035,45.07514761137949,3.5426731078904994,8.28636607622115,0.2147074610842727,0.966183574879227,0.5904455179817498,,
190,7.387278582930757,10.446859903381643,6.662640901771336,10.782340311325818,6.045356951154052,44.71282877079979,3.5225442834138487,8.507783145464305,0.2147074610842727,1.1272141706924315,0.5904455179817498,,
191,7.48792270531401,10.393183038110575,6.729736983360172,10.768921095008052,6.072195383789587,44.61218464841653,3.5225442834138487,8.494363929146537,0.20128824476650564,1.1272141706924315,0.5904455179817498,,
192,7.64224369296833,10.38647342995169,6.971282877079979,10.742082662372518,6.018518518518518,44.26999463231347,3.5225442834138487,8.527911969940956,0.20128824476650564,1.1272141706924315,0.5904455179817498,,
193,7.9106280193236715,10.339506172839506,6.9310252281266775,10.628019323671497,5.971551261406334,44.10896403650027,3.535963499731616,8.57487922705314,0.20128824476650564,1.2077294685990339,0.5904455179817498,,
194,7.971014492753623,10.339506172839506,6.8035426731078905,10.607890499194847,5.998389694041868,43.71309715512614,3.5292538915727323,8.890230810520666,0.20128824476650564,1.3553408480944713,0.5904455179817498,,
195,7.930756843800322,10.326086956521738,7.39398819108964,10.50053676865271,5.984970477724101,43.283682232957595,3.5292538915727323,8.890230810520666,0.20128824476650564,1.3553408480944713,0.6038647342995169,,
196,8.024691358024691,10.326086956521738,7.347020933977456,10.527375201288244,6.025228126677402,43.21658615136876,3.5292538915727323,8.84326355340848,0.20128824476650564,1.3553408480944713,0.6038647342995169,,
197,8.07836822329576,10.138217928073,7.5348899624261945,10.426731078904991,6.011808910359635,43.01529790660226,3.515834675254965,9.151905528717123,0.20128824476650564,1.3217928073000538,0.6038647342995169,,
198,8.158883521202362,10.138217928073,7.521470746108427,10.285829307568438,6.011808910359635,42.8743961352657,3.515834675254965,9.406870638754697,0.20128824476650564,1.288244766505636,0.5971551261406334,,
199,8.192431561996779,10.104669887278583,7.5281803542673105,10.205314009661835,6.025228126677402,42.55904455179817,3.7573805689747717,9.648416532474503,0.20128824476650564,1.2077294685990339,0.5703166935050993,,
200,8.266237251744498,10.044283413848632,7.575147611379496,10.19189479334407,6.655931293612453,42.17659688674181,3.750670960815888,9.366612989801396,0.20128824476650564,1.2010198604401503,0.5703166935050993,,
201,8.400429414922169,10.030864197530864,7.608695652173913,10.19189479334407,6.642512077294686,42.069243156199676,3.730542136339238,9.353193773483628,0.20128824476650564,1.2010198604401503,0.5703166935050993,,
202,8.53462157809984,9.88996242619431,7.568438003220612,10.144927536231885,6.602254428341385,41.98201825013419,4.032474503488996,9.25925925925926,0.20128824476650564,1.1876006441223832,0.5703166935050993,0.026838432635534086,
203,8.621846484165324,9.88996242619431,7.568438003220612,10.144927536231885,6.602254428341385,41.908212560386474,4.019055287171229,9.25925925925926,0.20128824476650564,1.1876006441223832,0.5703166935050993,0.026838432635534086,
204,8.68894256575416,9.822866344605474,7.62211486849168,10.124798711755233,6.602254428341385,41.86795491143317,4.045893719806763,9.25925925925926,0.20128824476650564,1.2010198604401503,0.5367686527106817,0.026838432635534086,
205,8.80300590445518,9.728931830381105,7.601986044015029,10.084541062801932,6.723027375201288,41.82769726247987,4.05931293612453,9.205582393988191,0.20128824476650564,1.2010198604401503,0.5367686527106817,0.026838432635534086,
