,45,50,51,55,52,53,54,56,60,57,59,58,61,62,46
0,96.96725711218465,3.0327428878153517,,,,,,,,,,,,,
1,93.00858829844337,6.937734836285561,0.040257648953301126,0.013419216317767043,,,,,,,,,,,
2,87.84889962426195,12.00348899624262,0.08051529790660225,0.06709608158883522,,,,,,,,,,,
3,86.87600644122384,12.97638217928073,0.08051529790660225,0.06709608158883522,,,,,,,,,,,
4,79.64304884594739,20.12211486849168,0.10064412238325282,0.11406333870101985,0.020128824476650563,,,,,,,,,,
5,74.86580783682233,24.738325281803544,0.0939345142243693,0.2683843263553409,0.03354804079441761,,,,,,,,,,
6,66.20370370370371,33.10520665593129,0.15432098765432098,0.46296296296296297,0.04696725711218465,0.026838432635534086,,,,,,,,,
7,65.65351583467526,33.44068706387547,0.18115942028985507,0.6172839506172839,0.04696725711218465,0.06038647342995169,,,,,,,,,
8,62.734836285560924,35.970209339774556,0.18115942028985507,0.7313472893183038,0.08051529790660225,0.27509393451422437,0.026838432635534086,,,,,,,,
9,62.01690821256039,36.500268384326354,0.2952227589908749,0.785024154589372,0.08051529790660225,0.27509393451422437,0.04696725711218465,,,,,,,,
10,58.984165324745035,39.2914653784219,0.2952227589908749,0.9863123993558777,0.06709608158883522,0.3153515834675255,0.06038647342995169,,,,,,,,
11,55.00536768652711,42.52549651100376,0.3153515834675255,1.2681159420289856,0.12077294685990338,0.3757380568974772,0.38915727321524424,,,,,,,,
12,54.54240472356415,42.652979066022546,0.4025764895330113,1.4626945786366077,0.13419216317767044,0.3757380568974772,0.4294149221685454,,,,,,,,
13,54.139828234031135,42.592592592592595,0.41599570585077833,1.778046162104133,0.17444981213097155,0.38915727321524424,0.5099302200751477,,,,,,,,
14,53.65002683843264,42.54562533548041,0.7783145464304885,1.8988191089640365,0.1878690284487386,0.4562533548040794,0.4830917874396135,,,,,,,,
15,50.355609232420825,45.6454643048846,0.7581857219538379,2.059849704777241,0.20128824476650564,0.48980139559849706,0.48980139559849706,,,,,,,,
16,50.17444981213097,45.33682232957595,0.7917337627482555,2.2611379495437465,0.5032206119162641,0.4294149221685454,0.46967257112184646,0.0067096081588835215,0.026838432635534086,,,,,,
17,49.81213097155126,45.471014492753625,0.8185721953837896,2.3886205045625335,0.5367686527106817,0.4428341384863124,0.49651100375738055,0.0067096081588835215,0.026838432635534086,,,,,,
18,48.90633387010199,46.08829844337091,0.8990874932903918,2.5295222758990876,0.5501878690284487,0.4562533548040794,0.5367686527106817,0.0067096081588835215,0.026838432635534086,,,,,,
19,47.718733225979605,47.27589908749329,0.8923778851315083,2.408749329039184,0.5636070853462157,0.4495437466451959,0.630703166935051,0.03354804079441761,0.026838432635534086,,,,,,
20,46.5378421900161,44.26999463231347,4.7101449275362315,2.737520128824477,0.5636070853462157,0.4294149221685454,0.6575415995705851,0.06709608158883522,0.026838432635534086,,,,,,
21,44.80005367686527,38.36553945249597,12.278582930756844,2.5697799248523885,0.7648953301127214,0.4562533548040794,0.5971551261406334,0.14090177133655393,0.026838432635534086,,,,,,
22,43.07568438003221,38.0703166935051,14.049919484702093,2.690552871712292,0.7783145464304885,0.46967257112184646,0.6508319914117016,0.1878690284487386,0.026838432635534086,,,,,,
23,37.493290391841114,43.80032206119163,13.761406333870102,2.7979066022544283,0.785024154589372,0.43612453032742887,0.6239935587761675,0.27509393451422437,0.026838432635534086,,,,,,
24,28.31454643048846,55.04562533548041,11.741814278046162,2.5831991411701556,0.7380568974771873,0.4227053140096618,0.7648953301127214,0.36231884057971014,0.026838432635534086,,,,,,
25,25.704508856682768,57.56172839506173,11.75523349436393,2.690552871712292,0.6977992485238862,0.4092860976918948,0.7716049382716049,0.3824476650563607,0.026838432635534086,,,,,,
26,25.47638217928073,55.36768652710682,11.506977992485238,2.9052603327965647,3.0931293612453032,0.39586688137412773,0.8185721953837896,0.4092860976918948,0.026838432635534086,,,,,,
27,25.37573805689748,54.97852925389157,11.533816425120772,3.1199677938808374,3.099838969404187,0.6105743424584005,0.7917337627482555,0.43612453032742887,0.026838432635534086,0.026838432635534086,,,,,
28,24.651100375738057,55.26704240472356,11.493558776167472,3.227321524422974,3.1468062265163717,0.7179280730005367,0.8789586688137413,0.5233494363929146,0.06709608158883522,0.026838432635534086,,,,,
29,24.644390767579175,54.99865807836822,11.493558776167472,3.488996242619431,3.140096618357488,0.7514761137949544,0.8252818035426731,0.5636070853462157,0.06709608158883522,0.026838432635534086,,,,,
30,24.476650563607084,54.93827160493827,11.453301127214171,3.6097691894793345,3.1199677938808374,0.8923778851315083,0.8252818035426731,0.5568974771873323,0.06709608158883522,0.06038647342995169,,,,,
31,24.288781535158346,54.77724100912507,11.41304347826087,3.9318303811057436,3.0931293612453032,0.9057971014492754,0.8387010198604401,0.5904455179817498,0.06709608158883522,0.0939345142243693,,,,,
32,24.208266237251745,54.569243156199676,11.366076221148685,4.17337627482555,3.066290928609769,0.9057971014492754,0.9057971014492754,0.6239935587761675,0.06709608158883522,0.11406333870101985,,,,,
33,24.10091250670961,54.126409017713364,11.225174449812132,4.676596886741814,3.0595813204508855,0.95276435856146,1.0064412238325282,0.6910896403650026,0.06709608158883522,0.0939345142243693,,,,,
34,23.866076221148685,53.93183038110574,11.191626409017713,5.052334943639291,3.0394524959742353,0.9863123993558777,1.0332796564680622,0.7246376811594203,0.06709608158883522,0.10735373054213634,,,,,
35,23.470209339774556,53.31454643048846,10.540794417606012,5.24020397208803,4.294149221685454,1.0869565217391304,1.1540526033279657,0.7246376811594203,0.06709608158883522,0.10735373054213634,,,,,
36,23.255501878690286,53.11996779388084,9.943639291465379,6.025228126677402,4.294149221685454,1.133923778851315,1.2681159420289856,0.785024154589372,0.06709608158883522,0.10735373054213634,,,,,
37,23.087761674718198,52.4020397208803,10.554213633923778,6.360708534621578,4.079441760601181,1.1741814278046163,1.3687600644122384,0.8319914117015567,0.06709608158883522,0.07380568974771873,,,,,
38,22.779119699409556,51.88539989264627,11.104401502952227,6.5485775630703165,4.079441760601181,1.247987117552335,1.3955984970477724,0.7917337627482555,0.06709608158883522,0.10064412238325282,,,,,
39,22.38996242619431,50.68438003220612,12.037037037037036,6.776704240472356,4.166666666666667,1.4224369296833066,1.4626945786366077,0.8387010198604401,0.06709608158883522,0.15432098765432098,,,,,
40,22.322866344605476,50.395866881374126,12.04374664519592,6.984702093397746,4.327697262479871,1.3083735909822867,1.4626945786366077,0.8856682769726248,0.06709608158883522,0.20128824476650564,,,,,
41,21.880032206119164,49.25523349436393,13.036768652710682,7.1725711218464845,4.334406870638754,1.3553408480944713,1.5029522275899088,1.1808910359634996,0.06709608158883522,0.2147074610842727,,,,,
42,21.85319377348363,49.121041331186255,12.775093934514224,7.461084272678476,4.300858829844337,1.5163714439076759,1.5096618357487923,1.1406333870101986,0.0939345142243693,0.2281266774020397,,,,,
43,21.81964573268921,48.80568974771873,12.72812667740204,7.6556629092860975,4.334406870638754,1.5029522275899088,1.6170155662909287,1.2144390767579174,0.0939345142243693,0.2281266774020397,,,,,
44,21.806226516371442,48.55743424584004,12.667740203972087,7.877079978529254,4.314278046162104,1.5901771336553945,1.6170155662909287,1.2278582930756843,0.0939345142243693,0.24825550187869028,,,,,
45,21.658615136876005,48.121309715512616,12.93612453032743,7.96430488459474,4.361245303274289,1.6170155662909287,1.710950080515298,1.288244766505636,0.0939345142243693,0.24825550187869028,,,,,
46,21.014492753623188,46.65190552871712,12.620772946859903,8.132045088566828,5.971551261406334,1.6103059581320451,2.3081052066559313,1.3150831991411702,0.0939345142243693,0.28180354267310787,,,,,
47,21.048040794417606,46.464036500268385,12.5402576489533,8.145464304884594,5.971551261406334,1.6035963499731616,2.408749329039184,1.3888888888888888,0.0939345142243693,0.30193236714975846,0.03354804079441761,,,,
48,20.491143317230275,46.786097691894796,12.412775093934513,8.407139023081053,5.964841653247451,1.6371443907675791,2.4221685453569513,1.442565754159957,0.0939345142243693,0.30864197530864196,0.03354804079441761,,,,
49,20.43075684380032,46.39694041867955,12.432903918411165,8.68894256575416,5.9447128287707995,1.6371443907675791,2.563070316693505,1.4492753623188406,0.0939345142243693,0.32877079978529256,0.03354804079441761,,,,
50,20.222758990874933,44.22973698336017,14.888620504562533,8.36688137412775,5.964841653247451,1.6505636070853462,2.677133655394525,1.5499194847020934,0.0939345142243693,0.322061191626409,0.03354804079441761,,,,
51,20.189210950080515,43.914385399892645,14.801395598497047,8.514492753623188,5.971551261406334,1.710950080515298,2.7241009125067097,1.6505636070853462,0.0939345142243693,0.39586688137412773,0.03354804079441761,,,,
52,20.095276435856146,43.853998926462694,14.741009125067096,8.548040794417606,5.998389694041868,1.8317230273752012,2.737520128824477,1.6706924315619969,0.0939345142243693,0.39586688137412773,0.03354804079441761,,,,
53,19.80005367686527,43.994900697799245,14.687332259796028,8.494363929146537,6.052066559312936,2.0263016639828235,2.703972088030059,1.7042404723564144,0.07380568974771873,0.39586688137412773,0.06709608158883522,,,,
54,19.14922168545357,42.85426731078905,17.277241009125067,8.756038647342995,5.193236714975845,1.9659151905528718,2.5697799248523885,1.7310789049919484,0.08051529790660225,0.35560923242082665,0.06709608158883522,,,,
55,19.02173913043478,42.632850241545896,17.163177670424048,8.749329039184111,5.367686527106817,1.9994632313472893,2.6502952227589907,1.8585614600107354,0.0939345142243693,0.39586688137412773,0.06709608158883522,,,,
56,18.95464304884595,42.210144927536234,17.196725711218466,8.99087493290392,5.441492216854535,2.0531400966183573,2.7442297369833604,1.8451422436929683,0.08722490606548577,0.39586688137412773,0.06709608158883522,0.013419216317767043,,,
57,17.277241009125067,44.59205582393988,17.08937198067633,8.601717659688674,5.367686527106817,1.737788513150832,2.885131508319914,1.8719806763285025,0.08722490606548577,0.4025764895330113,0.07380568974771873,0.013419216317767043,,,
58,17.24369296833065,44.36392914653784,17.05582393988191,8.702361782071927,5.347557702630167,1.8048845947396672,2.952227589908749,1.9524959742351047,0.08722490606548577,0.4025764895330113,0.07380568974771873,0.013419216317767043,,,
59,17.21014492753623,43.75335480407944,16.921631776704242,9.024422973698336,5.4549114331723025,1.8988191089640365,3.0327428878153517,2.0799785292538915,0.08051529790660225,0.4294149221685454,0.07380568974771873,0.040257648953301126,,,
60,17.002147074610843,43.29039184111648,17.216854535695116,9.16532474503489,5.4616210413311865,1.9390767579173376,3.0595813204508855,2.2342995169082127,0.08051529790660225,0.43612453032742887,0.07380568974771873,0.040257648953301126,,,
61,16.948470209339774,42.55904455179817,17.08937198067633,9.822866344605474,5.508588298443371,1.9793344068706387,3.1333870101986045,2.314814814814815,0.08051529790660225,0.43612453032742887,0.07380568974771873,0.05367686527106817,,,
62,15.921900161030596,42.78717122920021,16.411701556629094,9.809447128287708,5.434782608695652,2.046430488459474,4.30756843800322,2.623456790123457,0.06709608158883522,0.4092860976918948,0.1274825550187869,0.05367686527106817,,,
63,15.881642512077295,42.43156199677939,16.35131508319914,10.158346752549651,5.4549114331723025,2.0799785292538915,4.367954911433173,2.623456790123457,0.06709608158883522,0.4092860976918948,0.12077294685990338,0.05367686527106817,,,
64,15.827965646806227,42.09608158883521,16.27079978529254,10.285829307568438,5.515297906602254,2.1068169618894257,4.508856682769726,2.677133655394525,0.06709608158883522,0.46967257112184646,0.12077294685990338,0.05367686527106817,,,
65,15.76086956521739,42.01556629092861,16.27079978529254,10.198604401502953,5.542136339237788,2.24771873322598,4.468599033816425,2.7509393451422435,0.08051529790660225,0.46967257112184646,0.12077294685990338,0.07380568974771873,,,
66,15.74074074074074,41.37144390767579,16.170155662909288,10.077831454643048,5.535426731078905,3.099838969404187,4.441760601180891,2.818035426731079,0.08051529790660225,0.46967257112184646,0.12077294685990338,0.07380568974771873,,,
67,15.794417606011809,41.096349973161566,16.0829307568438,9.950348899624261,5.5756843800322065,3.3279656468062266,4.569243156199678,2.831454643048846,0.06709608158883522,0.48980139559849706,0.13419216317767044,0.08051529790660225,,,
68,15.640096618357488,41.02925389157273,16.089640365002683,10.00402576489533,5.58239398819109,3.388352120236178,4.555823939881911,2.8784219001610305,0.06709608158883522,0.48980139559849706,0.14761137949543746,0.1274825550187869,,,
69,15.4723564143854,40.57971014492754,16.780730005367687,9.896672034353195,5.5689747718733225,3.3682232957595275,4.656468062265164,2.8113258185721954,0.10064412238325282,0.48980139559849706,0.14761137949543746,0.1274825550187869,,,
70,15.432098765432098,40.25764895330113,16.6532474503489,9.977187332259795,5.676328502415459,3.717122920021471,4.622920021470746,2.7844873859366612,0.10735373054213634,0.4830917874396135,0.1610305958132045,0.1274825550187869,,,
71,15.318035426731079,40.22410091250671,16.42512077294686,9.990606548577563,5.991680085882985,3.743961352657005,4.609500805152979,2.804616210413312,0.10735373054213634,0.4830917874396135,0.17444981213097155,0.1274825550187869,,,
72,15.35829307568438,40.01610305958132,15.975577026301664,9.990606548577563,6.005099302200751,4.408212560386473,4.64975845410628,2.703972088030059,0.10735373054213634,0.4830917874396135,0.17444981213097155,0.1274825550187869,,,
73,15.351583467525497,39.774557165861516,15.921900161030596,10.00402576489533,6.085614600107354,4.542404723564144,4.690016103059581,2.717391304347826,0.10735373054213634,0.47638217928073,0.17444981213097155,0.15432098765432098,,,
74,15.143585614600108,38.466183574879224,15.787707997852925,9.75577026301664,6.1929683306494905,4.569243156199678,6.4412238325281805,2.717391304347826,0.10735373054213634,0.46296296296296297,0.17444981213097155,0.18115942028985507,,,
75,14.110305958132045,39.88191089640365,15.4723564143854,10.050993022007514,5.958132045088567,4.428341384863124,6.400966183574879,2.7106816961889426,0.10735373054213634,0.48980139559849706,0.17444981213097155,0.2147074610842727,,,
76,13.47289318303811,36.943102522812666,19.504830917874397,9.883252818035427,5.931293612453032,3.9586688137412773,6.494900697799249,2.737520128824477,0.10735373054213634,0.5568974771873323,0.2147074610842727,0.19457863660762212,,,
77,13.466183574879228,36.43317230273752,19.464573268921097,9.608158883521202,6.280193236714976,3.9586688137412773,7.004830917874396,2.6838432635534084,0.12077294685990338,0.5568974771873323,0.2281266774020397,0.19457863660762212,,,
78,13.47289318303811,36.26543209876543,19.256575415995705,9.655126140633387,6.280193236714976,4.012345679012346,7.018250134192163,2.885131508319914,0.12077294685990338,0.5904455179817498,0.23483628556092323,0.19457863660762212,0.013419216317767043,,
79,13.506441223832528,36.01717659688674,19.16935050993022,9.809447128287708,6.293612453032743,4.106280193236715,6.998121309715513,2.885131508319914,0.12077294685990338,0.6038647342995169,0.24825550187869028,0.2281266774020397,0.013419216317767043,,
80,13.425925925925926,35.52066559312936,19.209608158883523,10.064412238325282,6.4412238325281805,4.1532474503489,6.944444444444445,2.965646806226516,0.12077294685990338,0.6038647342995169,0.30864197530864196,0.2281266774020397,0.013419216317767043,,
81,13.399087493290391,35.46027911969941,19.196188942565755,10.044283413848632,6.4412238325281805,4.200214707461084,6.991411701556629,2.999194847020934,0.12077294685990338,0.6575415995705851,0.24825550187869028,0.2281266774020397,0.013419216317767043,,
82,13.41250670960816,35.198604401502955,19.048577563070317,9.896672034353195,6.414385399892646,4.206924315619967,7.447665056360709,3.0931293612453032,0.14090177133655393,0.6239935587761675,0.24825550187869028,0.2281266774020397,0.040257648953301126,,
83,12.97638217928073,34.265968867418145,20.491143317230275,9.802737520128824,6.454643048845948,4.193505099302201,7.461084272678476,3.0327428878153517,0.14090177133655393,0.6374127750939346,0.27509393451422437,0.2281266774020397,0.040257648953301126,,
84,12.801932367149758,33.95061728395062,20.96081588835212,9.876543209876543,6.461352657004831,4.106280193236715,7.434245840042942,3.1065485775630703,0.12077294685990338,0.6374127750939346,0.27509393451422437,0.2281266774020397,0.040257648953301126,,
85,12.681159420289855,33.44739667203435,20.77294685990338,9.903381642512077,6.320450885668277,4.797369833601718,7.501341921631776,3.1870638754696725,0.12077294685990338,0.7045088566827697,0.27509393451422437,0.24825550187869028,0.040257648953301126,,
86,11.869296833064949,31.863929146537842,24.852388620504563,9.534353193773484,5.253623188405797,4.851046698872786,7.306763285024155,3.140096618357488,0.10735373054213634,0.6575415995705851,0.27509393451422437,0.24825550187869028,0.040257648953301126,,
87,11.882716049382717,31.776704240472355,24.812130971551262,9.64170692431562,5.226784755770263,4.8376274825550185,7.340311325818572,3.1535158346752548,0.10735373054213634,0.6776704240472357,0.27509393451422437,0.2281266774020397,0.040257648953301126,,
88,11.768652710681696,31.568706387546968,24.97987117552335,9.614868491680086,5.24020397208803,4.871175523349437,7.4141170155662905,3.1870638754696725,0.10735373054213634,0.6508319914117016,0.27509393451422437,0.28180354267310787,0.040257648953301126,,
89,11.782071926999464,31.50161030595813,24.892646269457863,9.621578099838969,5.300590445517981,4.891304347826087,7.494632313472893,3.1870638754696725,0.10735373054213634,0.6239935587761675,0.27509393451422437,0.28180354267310787,0.040257648953301126,,
90,11.81561996779388,31.293612453032743,24.644390767579175,9.728931830381105,5.347557702630167,4.931561996779388,7.48792270531401,3.4151905528717124,0.10735373054213634,0.6508319914117016,0.2549651100375738,0.28180354267310787,0.040257648953301126,,
91,11.714975845410628,30.300590445517983,24.248523886205046,9.675254965110037,5.488459473966721,4.8376274825550185,8.984165324745035,3.4286097691894795,0.10735373054213634,0.630703166935051,0.2549651100375738,0.2885131508319914,0.040257648953301126,,
92,11.741814278046162,29.797369833601717,24.792002147074612,9.567901234567902,5.3274288781535155,4.9718196457326895,9.05126140633387,3.321256038647343,0.10735373054213634,0.7447665056360708,0.24825550187869028,0.2885131508319914,0.040257648953301126,,
93,11.721685453569512,29.60950080515298,24.033816425120772,9.5276435856146,5.428073000536768,6.246645195920558,8.675523349436393,3.3480944712828773,0.10735373054213634,0.7514761137949544,0.2214170692431562,0.2885131508319914,0.040257648953301126,,
94,11.621041331186259,29.2337627482555,24.530327428878152,9.118357487922705,5.83064949006978,6.159420289855072,8.635265700483092,3.3413848631239937,0.13419216317767044,0.8051529790660226,0.27509393451422437,0.27509393451422437,0.040257648953301126,,
95,11.600912506709609,29.09957058507783,24.40955448201825,9.25925925925926,5.864197530864198,6.152710681696189,8.648684916800859,3.408480944712829,0.11406333870101985,0.8252818035426731,0.30193236714975846,0.27509393451422437,0.040257648953301126,,
96,11.540526033279656,28.287707997852927,25.51663982823403,8.816425120772946,6.179549114331723,6.0587761674718195,8.581588835212024,3.515834675254965,0.0939345142243693,0.8319914117015567,0.28180354267310787,0.2549651100375738,0.040257648953301126,,
97,11.553945249597424,28.26086956521739,25.389157273215243,8.829844337090714,6.1862587224906065,6.085614600107354,8.588298443370908,3.589640365002684,0.0939345142243693,0.8588298443370908,0.28180354267310787,0.24154589371980675,0.040257648953301126,,
98,11.56736446591519,28.119967793880836,25.221417069243156,8.78287707997853,6.400966183574879,6.146001073537305,8.57487922705314,3.656736446591519,0.0939345142243693,0.8722490606548577,0.30864197530864196,0.2147074610842727,0.040257648953301126,,
99,11.486849168008588,26.898819108964037,27.831454643048847,7.98443370907139,6.340579710144928,6.099033816425121,8.393719806763285,3.4621578099838968,0.06709608158883522,0.9057971014492754,0.3153515834675255,0.17444981213097155,0.040257648953301126,,
100,11.520397208803006,26.878690284487387,27.72410091250671,7.977724100912507,6.340579710144928,6.078904991948471,8.433977455716587,3.4957058507783145,0.06709608158883522,0.9259259259259259,0.3153515834675255,0.20128824476650564,0.040257648953301126,,
101,11.560654857756306,26.858561460010737,27.469135802469136,7.944176060118089,6.374127750939345,6.152710681696189,8.36688137412775,3.7238325281803544,0.06709608158883522,0.9259259259259259,0.3153515834675255,0.20128824476650564,0.040257648953301126,,
102,11.674718196457327,26.744498121309714,27.36849168008588,7.877079978529254,6.400966183574879,6.112453032742888,8.393719806763285,3.7909286097691894,0.06709608158883522,0.9326355340848095,0.3421900161030596,0.2549651100375738,0.040257648953301126,,
103,11.694847020933977,26.50295222758991,26.858561460010737,7.7831454643048845,6.528448738593666,6.172839506172839,8.68894256575416,4.119699409554482,0.06709608158883522,0.9460547504025765,0.3421900161030596,0.2549651100375738,0.040257648953301126,,
104,11.594202898550725,26.435856146001072,26.650563607085346,8.11862587224906,6.575415995705851,6.166129898013956,8.682232957595277,4.106280193236715,0.06709608158883522,0.95276435856146,0.3421900161030596,0.2549651100375738,0.040257648953301126,0.013419216317767043,
105,11.533816425120772,26.194310252281266,26.50295222758991,8.239398819108963,6.776704240472356,6.146001073537305,8.789586688137414,4.139828234031133,0.06709608158883522,0.9460547504025765,0.3421900161030596,0.2683843263553409,0.040257648953301126,0.013419216317767043,
106,11.614331723027375,26.154052603327965,26.38888888888889,8.239398819108963,6.8035426731078905,6.159420289855072,8.709071390230811,4.240472356414386,0.08051529790660225,0.9125067096081588,0.36902844873859364,0.27509393451422437,0.040257648953301126,0.013419216317767043,
107,11.560654857756306,25.89908749329039,26.1808910359635,8.205850778314547,6.816961889425658,6.528448738593666,8.903650026838433,4.26731078904992,0.08051529790660225,0.8655394524959742,0.36902844873859364,0.2683843263553409,0.040257648953301126,0.013419216317767043,
108,11.533816425120772,25.704508856682768,26.053408480944714,8.32662372517445,6.743156199677939,6.595544820182502,9.084809447128288,4.3545356951154055,0.08051529790660225,0.8387010198604401,0.36902844873859364,0.2616747181964573,0.040257648953301126,0.013419216317767043,
109,11.520397208803006,25.503220611916262,25.97289318303811,8.387010198604402,6.696188942565755,6.575415995705851,9.212292002147075,4.468599033816425,0.08051529790660225,0.8789586688137413,0.36902844873859364,0.28180354267310787,0.040257648953301126,0.013419216317767043,
110,11.453301127214171,25.577026301663984,25.657541599570585,8.581588835212024,6.702898550724638,6.575415995705851,9.111647879763822,4.602791196994096,0.08051529790660225,0.8990874932903918,0.4227053140096618,0.28180354267310787,0.040257648953301126,0.013419216317767043,
111,11.386205045625335,25.44283413848631,25.523349436392916,8.977455716586151,6.649221685453569,6.622383252818035,8.984165324745035,4.643048845947397,0.08051529790660225,0.8856682769726248,0.4495437466451959,0.30193236714975846,0.040257648953301126,0.013419216317767043,
112,11.345947396672035,25.37573805689748,25.06038647342995,8.99087493290392,6.582125603864735,6.655931293612453,9.541062801932368,4.656468062265164,0.08051529790660225,0.8923778851315083,0.4495437466451959,0.3153515834675255,0.040257648953301126,0.013419216317767043,
113,9.789318303811058,27.87842190016103,24.261943102522814,9.185453569511541,6.347289318303811,6.582125603864735,9.460547504025765,4.690016103059581,0.08051529790660225,0.9057971014492754,0.4495437466451959,0.3153515834675255,0.040257648953301126,0.013419216317767043,
114,9.762479871175524,27.885131508319915,24.134460547504027,9.078099838969404,6.353998926462695,6.716317767042405,9.54777241009125,4.7638217928073,0.08051529790660225,0.9057971014492754,0.4025764895330113,0.3153515834675255,0.040257648953301126,0.013419216317767043,
115,9.762479871175524,27.771068169618893,23.70504562533548,8.93719806763285,6.293612453032743,6.964573268921095,9.957058507783145,4.8376274825550185,0.08051529790660225,0.9393451422436929,0.39586688137412773,0.30193236714975846,0.040257648953301126,0.013419216317767043,
116,9.796027911969942,27.61003757380569,23.61111111111111,8.997584541062801,6.360708534621578,6.971282877079979,9.970477724100913,4.924852388620504,0.08051529790660225,0.9393451422436929,0.39586688137412773,0.2885131508319914,0.040257648953301126,0.013419216317767043,
117,9.822866344605474,27.355072463768117,23.61111111111111,8.970746108427267,6.286902844873859,7.179280730005368,10.158346752549651,4.871175523349437,0.08051529790660225,0.9393451422436929,0.38915727321524424,0.28180354267310787,0.040257648953301126,0.013419216317767043,
118,9.769189479334408,27.3215244229737,23.523886205045624,8.943907675791733,6.380837359098229,7.1725711218464845,10.238862050456254,4.924852388620504,0.08051529790660225,0.9192163177670424,0.38915727321524424,0.28180354267310787,0.040257648953301126,0.013419216317767043,
119,9.75577026301664,27.200751476113794,23.369565217391305,9.064680622651638,6.400966183574879,7.2933440687063875,10.171765968867419,4.985238862050457,0.08051529790660225,0.9326355340848095,0.38915727321524424,0.30193236714975846,0.040257648953301126,0.013419216317767043,
120,9.77589908749329,27.073268921095007,23.255501878690286,9.125067096081589,6.360708534621578,7.347020933977456,10.21202361782072,5.059044551798175,0.08051529790660225,0.966183574879227,0.38915727321524424,0.30193236714975846,0.040257648953301126,0.013419216317767043,
121,9.688674181427805,26.818303811057433,23.19511540526033,9.326355340848094,6.286902844873859,7.4006977992485234,10.198604401502953,5.253623188405797,0.08051529790660225,0.9863123993558777,0.38915727321524424,0.322061191626409,0.040257648953301126,0.013419216317767043,
122,9.71551261406334,26.54320987654321,23.141438539989263,9.473966720343531,6.468062265163715,7.353730542136339,10.225442834138486,5.24020397208803,0.08051529790660225,0.9863123993558777,0.39586688137412773,0.322061191626409,0.040257648953301126,0.013419216317767043,
123,9.695383789586689,26.422436929683307,23.040794417606012,9.460547504025765,6.877348362855609,7.112184648416532,10.272410091250672,5.246913580246914,0.10735373054213634,1.0198604401502953,0.39586688137412773,0.2952227589908749,0.040257648953301126,0.013419216317767043,
124,9.621578099838969,26.341921631776703,23.040794417606012,9.420289855072463,6.863929146537842,7.179280730005368,10.359634997316157,5.253623188405797,0.1274825550187869,1.0265700483091786,0.4025764895330113,0.30864197530864196,0.040257648953301126,0.013419216317767043,
125,9.5276435856146,26.288244766505635,23.00053676865271,9.400161030595813,6.870638754696726,7.266505636070853,10.453569511540525,5.22007514761138,0.1274825550187869,1.0802469135802468,0.4025764895330113,0.30864197530864196,0.040257648953301126,0.013419216317767043,
126,9.272678475577026,25.6105743424584,22.114868491680085,9.453837895866881,8.017981749865807,8.085077831454644,10.339506172839506,5.146269457863661,0.1274825550187869,1.0735373054213635,0.39586688137412773,0.30864197530864196,0.040257648953301126,0.013419216317767043,
127,9.205582393988191,25.5703166935051,22.000805152979066,9.339774557165862,8.205850778314547,8.165593129361245,10.299248523886206,5.267042404723564,0.1274825550187869,1.0869565217391304,0.39586688137412773,0.28180354267310787,0.040257648953301126,0.013419216317767043,
128,9.131776704240472,25.617283950617285,21.752549651100377,9.5276435856146,8.313204508856682,8.13875469672571,10.292538915727322,5.287171229200215,0.12077294685990338,1.0869565217391304,0.39586688137412773,0.28180354267310787,0.040257648953301126,0.013419216317767043,
129,9.098228663446054,25.489801395598498,21.604938271604937,9.453837895866881,8.32662372517445,8.185721953837897,10.61460010735373,5.3274288781535155,0.12077294685990338,1.0466988727858293,0.3824476650563607,0.2952227589908749,0.040257648953301126,0.013419216317767043,
130,8.943907675791733,25.328770799785293,21.598228663446054,9.406870638754697,8.59500805152979,8.28636607622115,10.648148148148149,5.421363392377885,0.12077294685990338,0.9594739667203436,0.3488996242619431,0.2885131508319914,0.040257648953301126,0.013419216317767043,
131,8.68894256575416,25.147611379495437,21.034621578099838,9.366612989801396,8.548040794417606,9.433709071390231,10.95679012345679,5.025496511003757,0.12077294685990338,0.9393451422436929,0.3488996242619431,0.33548040794417605,0.040257648953301126,0.013419216317767043,
132,8.668813741277509,24.97987117552335,20.813204508856682,9.306226516371444,8.870101986044014,9.567901234567902,10.943370907139023,4.985238862050457,0.14090177133655393,0.9594739667203436,0.36902844873859364,0.3421900161030596,0.040257648953301126,0.013419216317767043,
133,8.68894256575416,24.745034889962426,20.74610842726785,9.453837895866881,8.82313472893183,9.73564143853999,10.889694041867955,5.072463768115942,0.13419216317767044,0.9863123993558777,0.36902844873859364,0.30193236714975846,0.040257648953301126,0.013419216317767043,
134,8.071658615136876,23.483628556092324,23.577563070316693,9.23913043478261,8.53462157809984,9.5276435856146,10.661567364465915,5.052334943639291,0.13419216317767044,0.9863123993558777,0.39586688137412773,0.28180354267310787,0.040257648953301126,0.013419216317767043,
135,8.071658615136876,23.235373054213635,24.329039184111647,9.091519055287172,8.541331186258722,9.46725711218465,10.225442834138486,5.059044551798175,0.13419216317767044,1.0265700483091786,0.4294149221685454,0.33548040794417605,0.040257648953301126,0.013419216317767043,
136,8.13875469672571,23.2085346215781,24.27536231884058,9.044551798174986,8.494363929146537,9.594739667203436,10.198604401502953,5.065754159957058,0.13419216317767044,1.0265700483091786,0.4294149221685454,0.33548040794417605,0.040257648953301126,0.013419216317767043,
137,8.07836822329576,23.161567364465917,24.20155662909286,8.950617283950617,8.588298443370908,9.5276435856146,10.38647342995169,5.132850241545894,0.13419216317767044,1.0466988727858293,0.4025764895330113,0.33548040794417605,0.040257648953301126,0.013419216317767043,
138,8.011272141706923,23.05421363392378,24.268652710681696,9.091519055287172,8.527911969940956,9.621578099838969,10.399892646269459,5.0858829844337095,0.13419216317767044,0.9997316156736447,0.4092860976918948,0.3421900161030596,0.040257648953301126,0.013419216317767043,
139,7.924047235641439,22.879763821792807,25.288513150831992,8.903650026838433,8.695652173913043,9.46725711218465,10.258990874932904,4.7168545356951155,0.13419216317767044,0.9393451422436929,0.39586688137412773,0.3421900161030596,0.040257648953301126,0.013419216317767043,
140,7.950885668276973,22.79253891572732,25.140901771336555,9.024422973698336,8.668813741277509,9.494095544820183,10.399892646269459,4.690016103059581,0.13419216317767044,0.9393451422436929,0.3757380568974772,0.33548040794417605,0.040257648953301126,0.013419216317767043,
141,7.997852925389157,22.644927536231883,24.228395061728396,8.836553945249598,10.050993022007514,9.380032206119163,10.359634997316157,4.757112184648417,0.11406333870101985,0.8923778851315083,0.36231884057971014,0.36231884057971014,,0.013419216317767043,
142,7.85024154589372,22.041062801932366,24.973161567364468,8.749329039184111,10.064412238325282,9.574610842726784,10.171765968867419,4.770531400966184,0.11406333870101985,0.9125067096081588,0.3757380568974772,0.38915727321524424,,0.013419216317767043,
143,7.830112721417069,21.76596886741814,24.966451959205582,9.01100375738057,10.071121846484166,9.594739667203436,10.25228126677402,4.696725711218465,0.12077294685990338,0.9125067096081588,0.3757380568974772,0.38915727321524424,,0.013419216317767043,
144,7.830112721417069,21.141975308641975,24.48336017176597,8.849973161567364,10.245571658615138,10.976918947933441,10.044283413848632,4.562533548040794,0.12077294685990338,0.9125067096081588,0.36902844873859364,0.4495437466451959,,0.013419216317767043,
145,7.085346215780999,23.396403650026837,24.288781535158346,8.796296296296296,9.66183574879227,10.534084809447128,9.802737520128824,4.663177670424047,0.12077294685990338,0.8655394524959742,0.35560923242082665,0.41599570585077833,,0.013419216317767043,
146,7.112184648416532,23.275630703166936,24.27536231884058,8.836553945249598,9.708803005904455,10.299248523886206,9.88996242619431,4.7638217928073,0.12077294685990338,0.8655394524959742,0.35560923242082665,0.4830917874396135,,0.013419216317767043,
147,6.998121309715513,23.027375201288244,24.074074074074073,8.76274825550188,10.131508319914117,10.165056360708535,10.030864197530864,4.891304347826087,0.12077294685990338,0.8789586688137413,0.36902844873859364,0.5367686527106817,,0.013419216317767043,
148,6.984702093397746,22.73215244229737,23.617820719269993,8.621846484165324,10.071121846484166,11.225174449812132,10.050993022007514,4.770531400966184,0.12077294685990338,0.8521202361782072,0.36902844873859364,0.5837359098228664,,,
149,7.018250134192163,22.584541062801932,23.53059581320451,8.742619431025227,10.111379495437467,11.144659151905529,10.044283413848632,4.8443370907139025,0.12077294685990338,0.8319914117015567,0.3824476650563607,0.644122383252818,,,
150,6.951154052603328,22.57783145464305,23.483628556092324,8.829844337090714,10.124798711755233,11.20504562533548,10.00402576489533,4.85775630703167,0.11406333870101985,0.8051529790660226,0.38915727321524424,0.6575415995705851,,,
151,7.03166935050993,22.52415458937198,23.060923242082662,8.903650026838433,10.406602254428341,11.231884057971014,9.98389694041868,4.904723564143854,0.11406333870101985,0.8118625872249061,0.38915727321524424,0.6374127750939346,,,
152,7.051798174986581,22.450348899624263,22.946859903381643,8.890230810520666,10.44015029522276,11.29898013955985,10.010735373054214,4.924852388620504,0.11406333870101985,0.8118625872249061,0.4092860976918948,0.6508319914117016,,,
153,7.071926999463232,22.33628556092324,22.832796564680624,8.970746108427267,10.493827160493828,11.446591519055287,9.98389694041868,4.85775630703167,0.11406333870101985,0.8454106280193237,0.39586688137412773,0.6508319914117016,,,
154,7.018250134192163,22.29602791196994,22.644927536231883,8.984165324745035,10.520665593129362,11.439881910896403,10.25228126677402,4.824208266237251,0.11406333870101985,0.8387010198604401,0.41599570585077833,0.6508319914117016,,,
155,7.051798174986581,22.15512614063339,22.65163714439077,8.997584541062801,10.50053676865271,11.439881910896403,10.339506172839506,4.810789049919484,0.11406333870101985,0.8387010198604401,0.41599570585077833,0.6843800322061192,,,
156,7.065217391304348,22.088030059044552,22.497316156736446,9.017713365539452,10.50053676865271,11.520397208803006,10.36634460547504,4.85775630703167,0.11406333870101985,0.8588298443370908,0.3824476650563607,0.7313472893183038,,,
157,6.991411701556629,22.0276435856146,22.490606548577563,9.017713365539452,10.520665593129362,11.580783682232958,10.332796564680622,4.8443370907139025,0.10735373054213634,0.9460547504025765,0.36902844873859364,0.7716049382716049,,,
158,6.863929146537842,21.85319377348363,22.41009125067096,9.057971014492754,10.641438539989265,11.553945249597424,10.466988727858293,4.904723564143854,0.10735373054213634,0.9728931830381106,0.36231884057971014,0.8051529790660226,,,
159,6.890767579173376,21.812936124530328,22.32957595276436,9.078099838969404,10.621309715512615,11.60762211486849,10.44015029522276,4.998658078368224,0.10735373054213634,0.9728931830381106,0.36231884057971014,0.7783145464304885,,,
160,6.8035426731078905,21.537842190016104,22.15512614063339,8.870101986044014,11.694847020933977,11.366076221148685,10.359634997316157,4.985238862050457,0.10735373054213634,1.0064412238325282,0.33548040794417605,0.7783145464304885,,,
161,6.810252281266774,21.423778851315085,22.094739667203434,8.99087493290392,11.614331723027375,11.305689747718732,10.319377348362856,5.072463768115942,0.10064412238325282,1.1406333870101986,0.33548040794417605,0.7917337627482555,,,
162,6.810252281266774,21.329844337090712,22.061191626409016,9.07139023081052,11.493558776167472,11.305689747718732,10.379763821792807,5.146269457863661,0.10064412238325282,1.1406333870101986,0.33548040794417605,0.8252818035426731,,,
163,6.78341384863124,21.26945786366076,21.66532474503489,9.07139023081052,11.647879763821793,11.446591519055287,10.446859903381643,5.287171229200215,0.10064412238325282,1.107085346215781,0.33548040794417605,0.8387010198604401,,,
164,6.78341384863124,21.175523349436393,21.62506709608159,9.03113258185722,11.674718196457327,11.486849168008588,10.446859903381643,5.381105743424584,0.10064412238325282,1.1205045625335481,0.33548040794417605,0.8387010198604401,,,
165,6.837090713902308,21.068169618894256,21.524422973698336,9.078099838969404,11.701556629092861,11.493558776167472,10.520665593129362,5.300590445517981,0.11406333870101985,1.1205045625335481,0.3153515834675255,0.9259259259259259,,,
166,6.904186795491143,21.034621578099838,21.423778851315085,9.138486312399356,11.58749329039184,11.453301127214171,10.59447128287708,5.3274288781535155,0.11406333870101985,1.1943102522812667,0.3153515834675255,0.9125067096081588,,,
167,6.850509930220075,21.034621578099838,21.28287707997853,9.03113258185722,11.701556629092861,11.560654857756306,10.68840579710145,5.3341384863123995,0.11406333870101985,1.1674718196457328,0.322061191626409,0.9125067096081588,,,
168,6.870638754696726,20.967525496511005,21.135265700483092,9.091519055287172,11.75523349436393,11.694847020933977,10.621309715512615,5.320719269994632,0.11406333870101985,1.1741814278046163,0.322061191626409,0.9326355340848095,,,
169,6.91760601180891,20.913848631239937,21.027911969940956,9.057971014492754,11.701556629092861,11.81561996779388,10.742082662372518,5.307300053676865,0.11406333870101985,1.1473429951690821,0.322061191626409,0.9326355340848095,,,
170,6.850509930220075,20.719269994632313,20.967525496511005,8.984165324745035,11.949812130971551,11.929683306494901,10.7085346215781,5.401234567901234,0.10064412238325282,1.1607622114868492,0.322061191626409,0.9057971014492754,,,
171,6.850509930220075,20.625335480407944,20.967525496511005,8.984165324745035,11.855877616747183,12.050456253354804,10.695115405260333,5.448201825013419,0.10064412238325282,1.1876006441223832,0.32877079978529256,0.9057971014492754,,,
172,6.837090713902308,20.283145464304884,20.79307568438003,9.151905528717123,11.862587224906065,12.325550187869029,10.742082662372518,5.481749865807837,0.08722490606548577,1.2077294685990339,0.32877079978529256,0.8990874932903918,,,
173,6.850509930220075,20.155662909286097,20.705850778314545,9.145195920558239,11.79549114331723,12.439613526570048,10.909822866344605,5.46833064949007,0.08722490606548577,1.221148684916801,0.32877079978529256,0.8923778851315083,,,
174,6.91760601180891,19.96779388083736,20.585077831454644,9.400161030595813,11.782071926999464,12.533548040794418,10.829307568438002,5.4616210413311865,0.08722490606548577,1.2010198604401503,0.32877079978529256,0.9057971014492754,,,
175,6.910896403650026,19.94766505636071,20.511272141706925,9.400161030595813,11.714975845410628,12.640901771336553,10.923242082662373,5.495169082125604,0.08722490606548577,1.1674718196457328,0.30864197530864196,0.8923778851315083,,,
176,6.910896403650026,19.887278582930758,20.37037037037037,9.5276435856146,11.782071926999464,12.674449812130971,10.963499731615673,5.448201825013419,0.08722490606548577,1.1674718196457328,0.30193236714975846,0.8789586688137413,,,
