,45,50,51,54,56,53,52,55,57
0,96.87332259796028,3.126677402039721,,,,,,,
1,93.90767579173377,6.092324208266238,,,,,,,
2,73.39640365002684,26.603596349973163,,,,,,,
3,73.39640365002684,26.603596349973163,,,,,,,
4,67.94820182501341,29.528985507246375,2.522812667740204,,,,,,
5,55.26704240472356,29.931561996779386,14.231078904991948,0.5703166935050993,,,,,
6,49.75174449812131,35.44685990338164,14.231078904991948,0.5703166935050993,,,,,
7,48.44337090713902,36.111111111111114,14.741009125067096,0.7045088566827697,,,,,
8,48.510466988727856,36.08427267847558,14.700751476113794,0.7045088566827697,,,,,
9,48.65807836822329,35.93666129898014,14.700751476113794,0.7045088566827697,,,,,
10,48.28234031132582,36.32581857219538,14.687332259796028,0.7045088566827697,,,,,
11,45.93397745571659,36.37949543746645,14.378690284487385,2.999194847020934,0.30864197530864196,,,,
12,46.04804079441761,35.83601717659689,14.378690284487385,2.999194847020934,0.30864197530864196,0.4294149221685454,,,
13,46.101717659688674,35.789049919484704,14.371980676328503,2.999194847020934,0.30864197530864196,0.4294149221685454,,,
14,46.19565217391305,35.72866344605475,14.371980676328503,2.965646806226516,0.30864197530864196,0.4294149221685454,,,
15,43.243424584004295,36.533816425120776,14.325013419216317,2.965646806226516,0.30864197530864196,0.4294149221685454,2.1940418679549114,,
16,43.344068706387546,36.460010735373054,14.325013419216317,2.9388083735909825,0.30864197530864196,0.4294149221685454,2.1940418679549114,,
17,43.183038110574344,36.65458937198068,14.2914653784219,2.9388083735909825,0.30864197530864196,0.4294149221685454,2.1940418679549114,,
18,42.47852925389157,37.513419216317764,14.27133655394525,2.804616210413312,0.30864197530864196,0.4294149221685454,2.1940418679549114,,
19,41.29092860976919,38.35882984433709,14.237788513150832,2.804616210413312,0.30864197530864196,0.4294149221685454,2.1940418679549114,0.3757380568974772,
20,39.56655931293612,39.720880300590444,14.955716586151368,2.4490069779924855,0.30864197530864196,0.4294149221685454,2.1940418679549114,0.3757380568974772,
21,35.37976382179281,44.296833064949006,13.83521202361782,3.066290928609769,0.2683843263553409,0.9594739667203436,2.1940418679549114,,
22,35.44015029522276,44.26328502415459,13.83521202361782,3.066290928609769,0.2683843263553409,0.9594739667203436,2.167203435319377,,
23,35.587761674718195,44.18947933440687,13.79495437466452,3.0327428878153517,0.2683843263553409,0.9594739667203436,2.167203435319377,,
24,35.07783145464305,41.82098765432099,13.399087493290391,1.5163714439076759,0.2683843263553409,0.9594739667203436,6.957863660762212,,
25,34.326355340848096,36.71497584541063,18.136070853462158,1.5163714439076759,0.2683843263553409,0.6709608158883521,8.36688137412775,,
26,34.326355340848096,36.71497584541063,18.136070853462158,1.5163714439076759,0.2683843263553409,0.6709608158883521,8.36688137412775,,
27,31.729736983360173,38.781535158346756,18.06226516371444,1.5163714439076759,0.2683843263553409,0.798443370907139,8.353462157809984,0.48980139559849706,
28,26.972624798711756,44.41760601180891,18.055555555555557,1.4626945786366077,0.2683843263553409,0.798443370907139,7.5348899624261945,0.48980139559849706,
29,25.5300590445518,39.98926462694579,24.288781535158346,1.4626945786366077,0.2683843263553409,1.2412775093934514,6.729736983360172,0.48980139559849706,
30,25.697799248523886,39.392109500805155,23.221953837895867,1.4626945786366077,0.2683843263553409,1.2010198604401503,8.266237251744498,0.48980139559849706,
31,22.973698336017176,33.400429414922165,23.993558776167472,0.9259259259259259,0.2683843263553409,1.2010198604401503,16.6129898013956,0.6239935587761675,
32,23.00053676865271,33.21926999463231,23.79898013955985,0.9259259259259259,0.2683843263553409,1.7847557702630166,16.378153515834676,0.6239935587761675,
33,23.067632850241544,33.15888352120236,23.792270531400966,0.9259259259259259,0.2683843263553409,1.7847557702630166,16.378153515834676,0.6239935587761675,
34,23.00053676865271,33.06494900697799,22.65834675254965,0.36231884057971014,0.1274825550187869,3.6366076221148687,16.525764895330113,0.6239935587761675,
35,21.76596886741814,32.387278582930755,22.63150831991412,0.36231884057971014,0.5166398282340311,5.844068706387547,15.868223295759528,0.6239935587761675,
36,21.410359634997317,32.21282877079979,23.181696188942567,0.36231884057971014,0.5166398282340311,5.844068706387547,15.848094471282877,0.6239935587761675,
37,21.73913043478261,31.528448738593667,23.10789049919485,0.36231884057971014,0.5166398282340311,6.3070316693505095,15.814546430488459,0.6239935587761675,
38,21.900161030595815,31.233225979602793,23.349436392914654,0.36231884057971014,0.5166398282340311,6.3070316693505095,15.707192699946322,0.6239935587761675,
39,21.67874396135266,30.10601180891036,24.698067632850243,0.36231884057971014,0.5166398282340311,6.528448738593666,15.485775630703166,0.6239935587761675,
40,21.256038647342994,28.871443907675793,19.90740740740741,0.9393451422436929,0.46967257112184646,6.380837359098229,21.591519055287172,0.5837359098228664,
41,21.26945786366076,28.804347826086957,20.034889962426195,0.9393451422436929,0.46967257112184646,6.380837359098229,21.517713365539453,0.5837359098228664,
42,21.336553945249598,28.804347826086957,20.034889962426195,0.9393451422436929,0.46967257112184646,6.353998926462695,21.477455716586153,0.5837359098228664,
43,21.3768115942029,28.442028985507246,20.034889962426195,1.9189479334406871,0.46967257112184646,6.327160493827161,20.8467525496511,0.5837359098228664,
44,21.524422973698336,28.20048309178744,20.021470746108427,2.428878153515835,0.46967257112184646,6.327160493827161,20.44417606011809,0.5837359098228664,
45,21.155394524959743,25.637412775093935,23.89291465378422,2.428878153515835,0.46967257112184646,5.83064949006978,20.014761137949545,0.5703166935050993,
46,21.38352120236178,25.268384326355342,23.72517444981213,2.4020397208803006,0.46967257112184646,5.83064949006978,20.35024154589372,0.5703166935050993,
47,21.28287707997853,24.664519592055825,25.89237788513151,2.3081052066559313,0.46967257112184646,5.810520665593129,18.887546967257112,0.6843800322061192,
48,21.336553945249598,24.664519592055825,25.865539452495973,2.3081052066559313,0.46967257112184646,5.810520665593129,18.86070853462158,0.6843800322061192,
49,21.477455716586153,24.52361782071927,25.865539452495973,1.8451422436929683,0.46967257112184646,5.810520665593129,19.32367149758454,0.6843800322061192,
50,21.309715512614062,23.289049919484704,24.60413311862587,1.8451422436929683,0.46967257112184646,5.810520665593129,21.987385936661298,0.6843800322061192,
51,21.26945786366076,23.275630703166936,24.174718196457327,2.2879763821792807,0.46967257112184646,5.810520665593129,21.880032206119164,0.8319914117015567,
52,21.390230810520666,23.275630703166936,23.872785829307567,2.4691358024691357,0.46967257112184646,5.810520665593129,21.880032206119164,0.8319914117015567,
53,21.443907675791735,23.275630703166936,23.872785829307567,2.4691358024691357,0.46967257112184646,5.756843800322061,21.880032206119164,0.8319914117015567,
54,21.195652173913043,23.14814814814815,23.711755233494365,2.4691358024691357,0.46967257112184646,5.703166935050993,22.470477724100913,0.8319914117015567,
55,20.974235104669887,22.52415458937198,24.953032742887814,2.4691358024691357,0.46967257112184646,5.642780461621041,22.134997316156735,0.8319914117015567,
56,21.484165324745035,22.31615673644659,24.92619431025228,2.4691358024691357,0.46967257112184646,5.642780461621041,21.85990338164251,0.8319914117015567,
57,21.618357487922705,22.31615673644659,24.590713902308106,2.4691358024691357,0.46967257112184646,5.642780461621041,21.752549651100377,1.1406333870101986,
58,20.33011272141707,23.07434245840043,26.31508319914117,1.8451422436929683,0.46967257112184646,5.642780461621041,21.182232957595275,1.1406333870101986,
59,20.41062801932367,23.07434245840043,26.288244766505635,1.8451422436929683,0.46967257112184646,5.615942028985507,21.155394524959743,1.1406333870101986,
60,20.491143317230275,23.020665593129362,26.27482555018787,1.8451422436929683,0.46967257112184646,5.615942028985507,21.141975308641975,1.1406333870101986,
61,20.055018786902846,19.847020933977454,31.159420289855074,1.6908212560386473,0.46967257112184646,5.615942028985507,20.108695652173914,1.0534084809447128,
62,20.189210950080515,19.746376811594203,31.13929146537842,1.6908212560386473,0.7380568974771873,5.60252281266774,19.840311325818572,1.0534084809447128,
63,20.1959205582394,19.51825013419216,34.42028985507246,1.6908212560386473,0.46967257112184646,6.038647342995169,16.6129898013956,1.0534084809447128,
64,19.706119162640903,19.216317767042405,36.14465915190553,2.100107353730542,0.46967257112184646,6.038647342995169,15.331454643048845,0.9930220075147611,
65,19.424315619967793,18.988191089640367,35.581052066559316,2.100107353730542,0.46967257112184646,5.260332796564681,17.183306494900698,0.9930220075147611,
66,19.35721953837896,18.96135265700483,33.95061728395062,2.100107353730542,0.41599570585077833,7.0383789586688135,17.183306494900698,0.9930220075147611,
67,19.176060118089104,18.813741277509394,35.990338164251206,2.100107353730542,0.41599570585077833,6.998121309715513,15.5126140633387,0.9930220075147611,
68,19.229736983360173,18.760064412238325,35.990338164251206,2.100107353730542,0.41599570585077833,6.998121309715513,15.5126140633387,0.9930220075147611,
69,19.49141170155663,18.706387546967257,35.97691894793344,2.100107353730542,0.41599570585077833,6.823671497584541,15.49248523886205,0.9930220075147611,
70,20.02818035426731,18.49838969404187,36.3996242619431,2.100107353730542,0.41599570585077833,6.367418142780462,15.210681696188942,0.9796027911969941,
71,19.45115405260333,18.33064949006978,37.245034889962426,2.100107353730542,0.3421900161030596,6.367418142780462,15.022812667740205,1.1406333870101986,
72,19.585346215780998,18.33064949006978,36.99006977992485,2.100107353730542,0.32877079978529256,6.850509930220075,14.673913043478262,1.1406333870101986,
73,19.961084272678477,18.06897477187332,36.68813741277509,2.100107353730542,0.32877079978529256,6.662640901771336,15.049651100375739,1.1406333870101986,
74,19.994632313472895,18.06897477187332,36.65458937198068,2.100107353730542,0.32877079978529256,6.662640901771336,15.049651100375739,1.1406333870101986,
75,19.679280730005367,18.02871712292002,37.184648416532475,2.0397208803005906,0.32877079978529256,6.662640901771336,15.009393451422437,1.06682769726248,
76,19.847020933977454,18.02200751476114,37.07729468599034,2.0397208803005906,0.32877079978529256,6.662640901771336,14.955716586151368,1.06682769726248,
77,19.719538378958667,17.10950080515298,37.506709608158886,2.0263016639828235,0.32877079978529256,6.662640901771336,14.955716586151368,1.6908212560386473,
78,19.753086419753085,17.10950080515298,37.473161567364464,2.0263016639828235,0.32877079978529256,6.662640901771336,14.955716586151368,1.6908212560386473,
79,19.753086419753085,17.06924315619968,37.01690821256039,2.9119699409554483,0.32877079978529256,6.300322061191626,14.928878153515834,1.6908212560386473,
80,18.706387546967257,16.398282340311326,39.962426194310254,2.8918411164787976,0.026838432635534086,6.300322061191626,14.070048309178745,1.6438539989264627,
81,18.773483628556093,16.398282340311326,39.962426194310254,2.690552871712292,0.026838432635534086,6.575415995705851,13.92914653784219,1.6438539989264627,
82,16.606280193236714,12.828770799785293,45.73939881910896,2.690552871712292,0.026838432635534086,6.575415995705851,13.88888888888889,1.6438539989264627,
83,16.740472356414386,12.781803542673108,45.42404723564144,2.690552871712292,0.026838432635534086,6.575415995705851,13.882179280730005,1.8786902844873858,
84,16.6935050993022,12.754965110037574,45.53811057434246,2.690552871712292,0.026838432635534086,6.575415995705851,13.875469672571121,1.8451422436929683,
85,16.854535695115406,12.74825550187869,45.430756843800324,2.690552871712292,0.026838432635534086,6.575415995705851,13.828502415458937,1.8451422436929683,
86,17.008856682769725,12.74825550187869,45.37707997852925,2.690552871712292,0.026838432635534086,6.575415995705851,13.768115942028986,1.8048845947396672,
87,17.082662372517444,12.701288244766506,46.26945786366076,2.6838432635534084,0.026838432635534086,6.575415995705851,12.72812667740204,1.932367149758454,
88,16.431830381105744,11.506977992485238,44.927536231884055,2.6838432635534084,0.026838432635534086,6.5552871712292005,15.935319377348362,1.932367149758454,
89,16.6935050993022,11.473429951690822,43.09581320450886,2.6838432635534084,0.026838432635534086,8.266237251744498,15.827965646806227,1.932367149758454,
90,16.337895866881375,11.956521739130435,42.96833064949007,2.6838432635534084,0.026838432635534086,8.266237251744498,15.827965646806227,1.932367149758454,
91,16.42512077294686,11.956521739130435,42.89452495974235,2.6838432635534084,0.026838432635534086,8.266237251744498,15.814546430488459,1.932367149758454,
92,16.72705314009662,11.956521739130435,42.60601180891036,2.6838432635534084,0.026838432635534086,8.266237251744498,15.801127214170693,1.932367149758454,
93,16.512345679012345,11.802200751476114,40.37842190016103,2.6838432635534084,0.026838432635534086,10.86285560923242,15.801127214170693,1.932367149758454,
94,16.505636070853463,11.714975845410628,40.21068169618894,2.6838432635534084,0.17444981213097155,10.86285560923242,15.324745034889963,2.522812667740204,
95,16.63311862587225,11.714975845410628,39.962426194310254,2.831454643048846,0.17444981213097155,10.84272678475577,15.318035426731079,2.522812667740204,
96,15.955448201825014,12.754965110037574,39.23778851315083,2.7844873859366612,0.17444981213097155,10.84272678475577,15.250939345142244,2.999194847020934,
97,16.0829307568438,12.587224906065487,41.31105743424584,2.7844873859366612,0.17444981213097155,10.138217928073,13.92914653784219,2.9924852388620504,
98,16.129898013955984,12.587224906065487,41.277509393451425,2.7844873859366612,0.17444981213097155,10.138217928073,13.92914653784219,2.9790660225442833,
99,16.109769189479334,12.573805689747719,41.02254428341385,2.7844873859366612,0.4025764895330113,10.138217928073,14.432367149758454,2.536231884057971,
100,16.21712292002147,12.573805689747719,40.98899624261943,2.757648953301127,0.4025764895330113,10.091250670960816,14.432367149758454,2.536231884057971,
101,16.17686527106817,12.164519592055823,40.666935050993025,2.757648953301127,0.4025764895330113,10.077831454643048,15.217391304347826,2.536231884057971,
102,16.492216854535695,12.164519592055823,39.28475577026302,2.61003757380569,0.17444981213097155,11.52710681696189,15.217391304347826,2.5295222758990876,
103,16.700214707461082,12.144390767579173,39.190821256038646,2.61003757380569,0.17444981213097155,11.480139559849706,15.170424047235642,2.5295222758990876,
104,16.478797638217927,12.117552334943639,38.62050456253355,2.6033279656468062,0.17444981213097155,11.439881910896403,16.035963499731615,2.5295222758990876,
105,16.53918411164788,12.090713902308105,38.58695652173913,2.6033279656468062,0.17444981213097155,11.439881910896403,16.035963499731615,2.5295222758990876,
106,16.418411164787976,12.00348899624262,39.03650026838432,2.3617820719269993,0.17444981213097155,11.694847020933977,15.780998389694043,2.5295222758990876,
107,16.888083735909824,11.990069779924852,38.727858293075684,2.3081052066559313,0.17444981213097155,11.694847020933977,15.687063875469672,2.5295222758990876,
108,16.928341384863124,11.990069779924852,38.687600644122384,2.3081052066559313,0.17444981213097155,11.694847020933977,15.687063875469672,2.5295222758990876,
109,16.888083735909824,11.990069779924852,38.6406333870102,2.7509393451422435,0.17444981213097155,11.694847020933977,15.331454643048845,2.5295222758990876,
110,16.941760601180892,11.990069779924852,38.6406333870102,2.7509393451422435,0.35560923242082665,11.674718196457327,15.150295222758992,2.49597423510467,
111,16.639828234031132,11.936392914653783,39.28475577026302,2.7509393451422435,0.35560923242082665,11.580783682232958,14.955716586151368,2.49597423510467,
112,16.800858829844337,11.936392914653783,39.24449812130972,2.7509393451422435,0.35560923242082665,11.473429951690822,14.955716586151368,2.4825550187869028,
113,15.98899624261943,11.936392914653783,40.29790660225443,2.61003757380569,0.35560923242082665,11.473429951690822,14.88191089640365,2.4557165861513686,
114,15.411969940955448,10.742082662372518,44.98121309715513,2.61003757380569,0.35560923242082665,9.514224369296834,13.92914653784219,2.4557165861513686,
115,15.411969940955448,10.742082662372518,44.98121309715513,2.61003757380569,0.35560923242082665,9.514224369296834,13.92914653784219,2.4557165861513686,
116,15.49248523886205,10.742082662372518,44.900697799248526,2.5966183574879227,0.3488996242619431,9.514224369296834,13.955984970477724,2.4490069779924855,
117,15.479066022544284,10.520665593129362,43.07568438003221,2.5831991411701556,0.3488996242619431,11.81561996779388,13.727858293075684,2.4490069779924855,
118,14.65378421900161,8.93719806763285,44.79334406870639,2.167203435319377,0.33548040794417605,11.681427804616211,15.076489533011273,2.3550724637681157,
119,14.781266774020397,8.93719806763285,44.75308641975309,2.167203435319377,0.33548040794417605,11.594202898550725,15.076489533011273,2.3550724637681157,
120,14.942297369833602,8.849973161567364,44.67928073000537,2.167203435319377,0.33548040794417605,11.594202898550725,15.076489533011273,2.3550724637681157,
121,14.526301663982823,8.199141170155663,44.67257112184648,2.9589371980676327,0.33548040794417605,11.694847020933977,14.962426194310252,2.6502952227589907,
122,14.754428341384862,8.071658615136876,44.618894256575416,2.945517981749866,0.33548040794417605,11.674718196457327,14.949006977992486,2.6502952227589907,
123,14.794685990338165,7.944176060118089,44.598765432098766,2.945517981749866,0.33548040794417605,10.607890499194847,16.1231884057971,2.6502952227589907,
124,14.949006977992486,7.937466451959206,44.50483091787439,2.945517981749866,0.33548040794417605,10.554213633923778,16.1231884057971,2.6502952227589907,
125,14.197530864197532,7.75630703166935,45.44417606011809,2.945517981749866,0.33548040794417605,10.547504025764896,16.1231884057971,2.6502952227589907,
126,14.06333870101986,7.27992485238862,44.43102522812668,2.945517981749866,0.33548040794417605,11.466720343531938,16.881374127750938,2.5966183574879227,
127,14.486044015029522,7.266505636070853,44.28341384863124,2.9388083735909825,0.33548040794417605,11.701556629092861,16.391572732152444,2.5966183574879227,
128,14.781266774020397,7.25979602791197,44.07541599570585,2.9388083735909825,0.33548040794417605,11.641170155662909,16.371443907675793,2.5966183574879227,
129,14.861782071927,7.212828770799785,44.07541599570585,2.9388083735909825,0.33548040794417605,11.641170155662909,16.337895866881375,2.5966183574879227,
130,14.908749329039184,7.212828770799785,43.72651637144391,3.3480944712828773,0.33548040794417605,11.641170155662909,16.23054213633924,2.5966183574879227,
131,14.955716586151368,7.212828770799785,43.67283950617284,3.3480944712828773,0.33548040794417605,11.366076221148685,16.23054213633924,2.8784219001610305,
132,15.009393451422437,7.212828770799785,43.65271068169619,3.3480944712828773,0.33548040794417605,11.352657004830919,16.210413311862588,2.8784219001610305,
133,15.170424047235642,7.212828770799785,43.525228126677405,3.3480944712828773,0.33548040794417605,11.352657004830919,16.19699409554482,2.85829307568438,
134,14.284755770263017,7.065217391304348,46.53113258185722,3.0193236714975846,0.33548040794417605,11.097691894793345,14.80810520665593,2.85829307568438,
135,14.338432635534085,7.065217391304348,46.13526570048309,3.3950617283950617,0.33548040794417605,11.097691894793345,14.774557165861514,2.85829307568438,
136,14.36527106816962,7.065217391304348,46.10842726784756,3.3950617283950617,0.33548040794417605,11.097691894793345,14.774557165861514,2.85829307568438,
137,14.27133655394525,7.065217391304348,45.7662372517445,3.3950617283950617,0.33548040794417605,11.037305421363392,15.271068169618895,2.85829307568438,
138,14.358561460010735,7.0383789586688135,45.73268921095008,3.3682232957595275,0.33548040794417605,11.037305421363392,15.271068169618895,2.85829307568438,
139,14.217659688674182,7.004830917874396,45.20263016639828,3.3480944712828773,0.33548040794417605,11.037305421363392,15.526033279656469,3.3279656468062266,
140,13.92914653784219,13.935856146001074,42.20343531937735,3.3480944712828773,0.32877079978529256,9.044551798174986,14.27133655394525,2.9388083735909825,
141,14.009661835748792,13.935856146001074,42.1833064949007,3.3480944712828773,0.32877079978529256,8.99087493290392,14.264626945786366,2.9388083735909825,
142,14.11701556629093,13.895598497047773,42.169887278582934,3.3480944712828773,0.32877079978529256,8.99087493290392,14.210950080515298,2.9388083735909825,
143,14.143853998926463,13.895598497047773,42.15646806226516,3.33467525496511,0.32877079978529256,8.99087493290392,14.210950080515298,2.9388083735909825,
144,14.163982823403114,13.895598497047773,42.13633923778851,3.33467525496511,0.32877079978529256,8.99087493290392,14.210950080515298,2.9388083735909825,
145,14.204240472356414,13.895598497047773,42.129629629629626,3.3145464304884595,0.32877079978529256,8.99087493290392,14.197530864197532,2.9388083735909825,
146,14.257917337627482,13.895598497047773,42.07595276435856,3.3145464304884595,0.32877079978529256,8.99087493290392,14.197530864197532,2.9388083735909825,
147,14.318303811057435,13.868760064412239,41.136607622114866,3.515834675254965,0.32877079978529256,9.876543209876543,14.016371443907676,2.9388083735909825,
148,14.371980676328503,13.855340848094471,41.096349973161566,3.515834675254965,0.32877079978529256,9.876543209876543,14.016371443907676,2.9388083735909825,
149,14.170692431561998,13.808373590982287,41.40499194847021,3.515834675254965,0.1610305958132045,8.709071390230811,15.318035426731079,2.9119699409554483,
150,14.27133655394525,13.768115942028986,41.40499194847021,3.515834675254965,0.1610305958132045,8.702361782071927,15.26435856146001,2.9119699409554483,
151,11.151368760064413,23.03408480944713,37.59393451422437,2.5697799248523885,0.1610305958132045,8.064949006977992,14.908749329039184,2.5161030595813205,
152,11.20504562533548,23.201825013419217,37.4597423510467,2.5697799248523885,0.14761137949543746,8.61513687600644,14.284755770263017,2.5161030595813205,
153,11.305689747718732,23.17498658078368,37.38593666129898,2.5697799248523885,0.14761137949543746,8.61513687600644,14.284755770263017,2.5161030595813205,
154,11.305689747718732,23.17498658078368,37.38593666129898,2.5697799248523885,0.14761137949543746,8.61513687600644,14.284755770263017,2.5161030595813205,
155,11.3593666129898,23.17498658078368,37.38593666129898,2.5697799248523885,0.14761137949543746,8.61513687600644,14.231078904991948,2.5161030595813205,
156,11.54723564143854,23.17498658078368,37.3389694041868,2.5697799248523885,0.14761137949543746,8.57487922705314,14.130434782608695,2.5161030595813205,
157,11.500268384326356,23.14814814814815,35.16505636070853,2.5697799248523885,0.14761137949543746,10.762211486849168,14.016371443907676,2.690552871712292,
158,10.131508319914117,22.342995169082126,36.3191089640365,2.5697799248523885,0.14761137949543746,9.977187332259795,15.821256038647343,2.690552871712292,
159,10.279119699409554,22.29602791196994,36.29898013955985,2.5496511003757383,0.14761137949543746,9.970477724100913,15.767579173376275,2.690552871712292,
160,10.305958132045088,22.29602791196994,36.272141706924316,2.5496511003757383,0.14761137949543746,9.970477724100913,15.767579173376275,2.690552871712292,
161,10.466988727858293,22.27589908749329,35.950080515297905,2.5496511003757383,0.14761137949543746,10.165056360708535,15.754159957058508,2.690552871712292,
162,10.641438539989265,22.15512614063339,35.950080515297905,2.5496511003757383,0.14761137949543746,10.165056360708535,15.70048309178744,2.690552871712292,
163,10.721953837895867,22.15512614063339,35.87627482555019,2.5496511003757383,0.14761137949543746,10.158346752549651,15.70048309178744,2.690552871712292,
164,10.929951690821255,21.980676328502415,35.87627482555019,2.5496511003757383,0.14761137949543746,10.124798711755233,15.70048309178744,2.690552871712292,
165,10.943370907139023,21.967257112184647,35.23215244229737,2.5496511003757383,0.14761137949543746,10.044283413848632,16.284219001610307,2.831454643048846,
166,10.990338164251208,21.920289855072465,35.14492753623188,2.804616210413312,0.14761137949543746,10.017444981213098,16.284219001610307,2.690552871712292,
167,11.131239935587761,21.906870638754697,35.02415458937198,2.737520128824477,0.14761137949543746,9.648416532474503,16.71363392377885,2.690552871712292,
168,11.419753086419753,21.89345142243693,34.86983360171766,2.536231884057971,0.14761137949543746,9.977187332259795,16.465378421900162,2.690552871712292,
169,8.420558239398819,34.977187332259795,27.214170692431562,2.3349436392914655,0.14761137949543746,9.702093397745571,15.190552871712292,2.0128824476650564,
170,8.527911969940956,34.38003220611916,27.160493827160494,2.3349436392914655,0.14761137949543746,9.688674181427805,15.190552871712292,2.5697799248523885,
171,8.507783145464305,27.938808373590984,26.382179280730007,2.3349436392914655,0.14761137949543746,17.66639828234031,14.814814814814815,2.2074610842726785,
172,8.548040794417606,27.911969940955448,26.36876006441224,2.3349436392914655,0.14761137949543746,17.66639828234031,14.814814814814815,2.2074610842726785,
173,8.749329039184111,27.77777777777778,26.35534084809447,2.3349436392914655,0.14761137949543746,17.632850241545892,14.794685990338165,2.2074610842726785,
174,8.977455716586151,27.74422973698336,26.25469672571122,2.3349436392914655,0.14761137949543746,17.60601180891036,14.727589908749328,2.2074610842726785,
175,8.977455716586151,27.74422973698336,26.25469672571122,2.3349436392914655,0.14761137949543746,17.60601180891036,14.727589908749328,2.2074610842726785,
176,9.03113258185722,27.72410091250671,26.221148684916802,2.3349436392914655,0.14761137949543746,17.60601180891036,14.727589908749328,2.2074610842726785,
177,9.01100375738057,27.489264626945786,26.174181427804616,2.3349436392914655,0.14761137949543746,16.505636070853463,16.129898013955984,2.2074610842726785,
178,9.198872785829307,27.147074610842726,25.95276435856146,2.314814814814815,0.5568974771873323,16.61969940955448,16.129898013955984,2.0799785292538915,
179,9.41358024691358,27.066559312936125,25.831991411701555,2.314814814814815,0.5568974771873323,16.606280193236714,16.129898013955984,2.0799785292538915,
180,8.601717659688674,22.19538378958669,25.664251207729468,2.314814814814815,0.5568974771873323,16.512345679012345,22.074610842726784,2.0799785292538915,
181,8.709071390230811,22.188674181427803,25.664251207729468,2.314814814814815,0.5568974771873323,16.472088030059044,22.014224369296834,2.0799785292538915,
182,8.917069243156199,21.651905528717123,25.650831991411703,2.314814814814815,0.5568974771873323,16.472088030059044,22.356414385399894,2.0799785292538915,
183,9.037842190016104,21.557971014492754,25.637412775093935,2.314814814814815,0.5568974771873323,16.472088030059044,22.342995169082126,2.0799785292538915,
184,9.265968867418144,21.490874932903917,25.55689747718733,2.301395598497048,0.5568974771873323,16.438539989264626,22.309447128287708,2.0799785292538915,
185,9.353193773483628,21.26274825550188,24.06736446591519,2.2611379495437465,0.48980139559849706,17.827428878153516,22.14170692431562,2.5966183574879227,
186,9.426999463231347,20.813204508856682,24.02710681696189,2.227589908749329,0.48980139559849706,17.827428878153516,22.14170692431562,3.046162104133119,
187,9.4873859366613,20.8064949006978,24.020397208803004,2.2208803005904456,0.48980139559849706,17.807300053676865,22.12157809983897,3.046162104133119,
188,9.695383789586689,20.77294685990338,23.886205045625335,2.2208803005904456,0.48980139559849706,17.780461621041333,22.108158883521202,3.046162104133119,
189,9.883252818035427,20.73268921095008,23.839237788513152,2.2208803005904456,0.48980139559849706,17.74020397208803,22.04777241009125,3.046162104133119,
190,9.802737520128824,20.719269994632313,23.839237788513152,2.2208803005904456,0.48980139559849706,18.679549114331724,21.202361782071925,3.046162104133119,
191,10.044283413848632,20.632045088566827,23.752012882447666,2.2208803005904456,0.48980139559849706,18.666129898013956,21.155394524959743,3.0394524959742353,
192,10.285829307568438,20.598497047772412,23.738593666129898,2.2208803005904456,0.48980139559849706,18.471551261406333,21.155394524959743,3.0394524959742353,
193,10.44015029522276,20.471014492753625,23.738593666129898,2.200751476113795,0.48980139559849706,18.46484165324745,21.155394524959743,3.0394524959742353,
194,10.493827160493828,20.44417606011809,23.731884057971016,2.200751476113795,0.48980139559849706,18.4447128287708,21.155394524959743,3.0394524959742353,
195,10.560923242082662,20.44417606011809,23.68491680085883,2.200751476113795,0.48980139559849706,18.438003220611915,21.141975308641975,3.0394524959742353,
196,10.63472893183038,20.397208803005906,23.67149758454106,2.200751476113795,0.48980139559849706,18.438003220611915,21.128556092324207,3.0394524959742353,
197,10.789049919484702,20.343531937734838,23.61111111111111,2.200751476113795,0.48980139559849706,18.42458400429415,21.128556092324207,3.012614063338701,
198,11.023886205045626,20.316693505099302,23.55072463768116,2.187332259796028,0.48980139559849706,18.317230273752013,21.101717659688674,3.012614063338701,
199,11.151368760064413,20.316693505099302,23.450080515297905,2.187332259796028,0.48980139559849706,17.907944176060116,21.484165324745035,3.012614063338701,
200,11.627750939345143,20.29656468062265,23.450080515297905,2.187332259796028,0.48980139559849706,17.49194847020934,21.484165324745035,2.9723564143853998,
201,11.728395061728396,20.263016639828233,23.409822866344605,2.187332259796028,0.48980139559849706,17.49194847020934,21.4573268921095,2.9723564143853998,
202,10.715244229736983,18.94122383252818,25.194578636607623,3.126677402039721,0.48980139559849706,16.968599033816425,21.786097691894792,2.7777777777777777,
203,11.017176596886742,18.90096618357488,25.15432098765432,2.4020397208803006,0.48980139559849706,17.53220611916264,21.72571121846484,2.7777777777777777,
204,11.325818572195384,18.874127750939344,24.953032742887814,2.4020397208803006,0.48980139559849706,17.49194847020934,21.692163177670423,2.771068169618894,
205,11.52710681696189,18.666129898013956,24.93961352657005,2.4020397208803006,0.48980139559849706,17.49194847020934,21.464036500268385,3.0193236714975846,
206,11.56736446591519,18.625872249060656,24.93961352657005,2.4020397208803006,0.48980139559849706,17.49194847020934,21.464036500268385,3.0193236714975846,
207,11.641170155662909,18.612453032742888,24.93961352657005,2.6435856146001075,0.48980139559849706,17.398013955984972,21.256038647342994,3.0193236714975846,
208,11.701556629092861,18.5654857756307,24.932903918411164,2.6435856146001075,0.48980139559849706,17.398013955984972,21.24932903918411,3.0193236714975846,
209,11.728395061728396,18.5654857756307,24.932903918411164,2.6435856146001075,0.48980139559849706,17.398013955984972,21.22249060654858,3.0193236714975846,
210,11.83574879227053,18.53864734299517,24.89935587761675,2.6301663982823404,0.48980139559849706,17.371175523349436,21.215780998389693,3.0193236714975846,
211,11.869296833064949,18.297101449275363,24.684648416532475,2.6167471819645733,0.48980139559849706,17.371175523349436,21.20907139023081,3.4621578099838968,
212,11.929683306494901,18.256843800322063,24.402844873859365,3.193773483628556,0.4830917874396135,16.7337627482555,21.16881374127751,3.8311862587224907,
213,11.990069779924852,18.230005367686527,24.376006441223833,3.193773483628556,0.4830917874396135,16.968599033816425,20.9272678475577,3.8311862587224907,
214,12.06387546967257,18.203166935050994,24.329039184111647,3.193773483628556,0.4830917874396135,16.968599033816425,20.9272678475577,3.8311862587224907,
215,12.104133118625873,18.183038110574344,24.282071926999464,3.569511540526033,0.4830917874396135,16.968599033816425,20.598497047772412,3.81105743424584,
216,12.318840579710145,18.183038110574344,24.188137412775095,3.5628019323671496,0.4830917874396135,16.928341384863124,20.52469135802469,3.81105743424584,
217,12.446323134728932,18.156199677938808,24.114331723027377,3.5426731078904994,0.4830917874396135,16.921631776704242,20.52469135802469,3.81105743424584,
218,12.627482555018787,18.156199677938808,24.114331723027377,3.5426731078904994,0.4830917874396135,16.921631776704242,20.38378958668814,3.770799785292539,
219,12.721417069243156,18.115942028985508,24.114331723027377,3.5426731078904994,0.4830917874396135,16.901502952227588,20.35024154589372,3.770799785292539,
220,12.801932367149758,18.089103596349972,24.114331723027377,3.5426731078904994,0.4830917874396135,16.854535695115406,20.343531937734838,3.770799785292539,
221,13.023349436392914,18.02871712292002,24.114331723027377,3.5426731078904994,0.4830917874396135,16.854535695115406,20.182501341921633,3.770799785292539,
222,13.097155126140633,17.975040257648953,24.094202898550726,3.5426731078904994,0.4830917874396135,16.854535695115406,20.182501341921633,3.770799785292539,
223,13.197799248523886,17.47181964573269,24.000268384326354,3.5426731078904994,0.4830917874396135,16.82769726247987,20.182501341921633,4.294149221685454,
224,13.627214170692431,17.418142780461622,23.926462694578635,3.5426731078904994,0.4830917874396135,16.586151368760063,20.12211486849168,4.294149221685454,
225,13.855340848094471,17.404723564143854,23.879495437466453,3.5225442834138487,0.4830917874396135,16.438539989264626,20.12211486849168,4.294149221685454,
226,13.882179280730005,17.404723564143854,23.852657004830917,3.5225442834138487,0.4830917874396135,16.438539989264626,20.12211486849168,4.294149221685454,
227,14.15727321524423,17.136339237788512,23.845947396672035,3.5225442834138487,0.4830917874396135,16.438539989264626,20.12211486849168,4.294149221685454,
228,14.472624798711756,17.136339237788512,23.698336017176597,3.5225442834138487,0.4830917874396135,16.472088030059044,19.920826623725173,4.294149221685454,
229,14.53972088030059,17.136339237788512,23.63123993558776,3.5225442834138487,0.4830917874396135,16.472088030059044,19.920826623725173,4.294149221685454,
230,14.673913043478262,17.136339237788512,23.564143853998928,3.5225442834138487,0.4830917874396135,16.404991948470208,19.920826623725173,4.294149221685454,
231,14.492753623188406,16.129898013955984,22.953569511540525,5.166398282340311,0.9125067096081588,16.49892646269458,19.91411701556629,3.9318303811057436,
232,14.647074610842727,16.129898013955984,22.926731078904993,5.166398282340311,0.9125067096081588,16.418411164787976,19.867149758454108,3.9318303811057436,
233,14.620236178207193,16.09634997316157,22.906602254428343,5.112721417069243,0.9125067096081588,16.78743961352657,19.632313472893184,3.9318303811057436,
234,14.620236178207193,16.09634997316157,22.906602254428343,5.112721417069243,0.9125067096081588,16.78743961352657,19.632313472893184,3.9318303811057436,
235,14.412238325281804,16.09634997316157,22.302737520128826,5.246913580246914,0.8923778851315083,16.774020397208805,19.961084272678477,4.314278046162104,
236,13.493022007514762,14.78797638217928,21.584809447128286,3.1468062265163717,1.3620504562533549,17.21014492753623,24.52361782071927,3.8915727321524423,
237,13.560118089103597,14.774557165861514,21.584809447128286,3.126677402039721,1.3620504562533549,17.19001610305958,24.510198604401502,3.8915727321524423,
238,13.633923778851315,14.741009125067096,21.584809447128286,3.126677402039721,1.3620504562533549,17.183306494900698,24.48336017176597,3.8848631239935587,
239,13.754696725711218,14.741009125067096,21.4573268921095,3.126677402039721,1.3620504562533549,17.411433172302736,24.282071926999464,3.864734299516908,
240,13.81508319914117,14.741009125067096,21.4573268921095,3.126677402039721,1.6103059581320451,17.297369833601717,24.12775093934514,3.824476650563607,
241,13.862050456253355,14.714170692431562,21.4170692431562,3.240740740740741,1.6103059581320451,17.297369833601717,24.033816425120772,3.824476650563607,
242,13.982823403113258,14.714170692431562,21.39694041867955,3.2206119162640903,1.596886741814278,17.23027375201288,24.033816425120772,3.824476650563607,
243,13.969404186795492,14.714170692431562,21.3768115942029,3.2206119162640903,1.596886741814278,17.23027375201288,23.718464841653248,3.824476650563607,0.3488996242619431
244,14.002952227589908,14.714170692431562,21.3768115942029,3.2206119162640903,1.596886741814278,17.223564143854,23.718464841653248,3.797638217928073,0.3488996242619431
245,14.009661835748792,14.620236178207193,21.041331186258724,3.193773483628556,1.596886741814278,17.223564143854,24.168008588298445,3.797638217928073,0.3488996242619431
246,14.090177133655395,14.586688137412775,21.014492753623188,3.193773483628556,1.596886741814278,17.223564143854,24.154589371980677,3.7909286097691894,0.3488996242619431
247,14.257917337627482,14.566559312936125,20.994363929146537,3.193773483628556,1.596886741814278,17.19001610305958,24.060654857756308,3.7909286097691894,0.3488996242619431
248,14.298174986580785,14.566559312936125,20.967525496511005,3.193773483628556,1.596886741814278,17.176596886741816,24.060654857756308,3.7909286097691894,0.3488996242619431
249,14.331723027375201,14.533011272141707,20.48443370907139,3.6902844873859366,1.596886741814278,17.163177670424048,24.060654857756308,3.7909286097691894,0.3488996242619431
250,14.392109500805153,14.533011272141707,20.48443370907139,3.6902844873859366,1.596886741814278,17.102791196994094,24.060654857756308,3.7909286097691894,0.3488996242619431
251,14.667203435319378,14.526301663982823,20.336822329575952,3.6902844873859366,1.583467525496511,17.102791196994094,23.95330112721417,3.7909286097691894,0.3488996242619431
252,14.855072463768115,14.439076757917338,20.336822329575952,3.6902844873859366,1.583467525496511,17.002147074610843,23.95330112721417,3.7909286097691894,0.3488996242619431
253,14.962426194310252,14.42565754159957,20.29656468062265,3.6902844873859366,1.583467525496511,17.002147074610843,23.899624261943103,3.7909286097691894,0.3488996242619431
254,15.250939345142244,14.42565754159957,20.29656468062265,3.6902844873859366,1.5499194847020934,16.774020397208805,23.872785829307567,3.7909286097691894,0.3488996242619431
255,15.28448738593666,14.42565754159957,20.28985507246377,3.6902844873859366,1.5499194847020934,16.74718196457327,23.872785829307567,3.7909286097691894,0.3488996242619431
256,15.351583467525497,14.42565754159957,20.28985507246377,3.5762211486849167,1.5499194847020934,16.740472356414386,23.67149758454106,4.045893719806763,0.3488996242619431
257,15.438808373590982,14.392109500805153,20.276435856146,3.5762211486849167,1.5499194847020934,16.740472356414386,23.63123993558776,4.045893719806763,0.3488996242619431
258,15.49248523886205,14.2914653784219,20.202630166398283,3.535963499731616,1.9592055823939882,16.606280193236714,23.356146001073537,4.206924315619967,0.3488996242619431
259,15.72061191626409,14.2914653784219,20.169082125603865,4.05931293612453,1.8853998926462694,16.069511540526033,23.315888352120236,4.139828234031133,0.3488996242619431
260,15.868223295759528,14.257917337627482,20.162372517444982,4.05931293612453,1.865271068169619,16.14331723027375,23.26892109500805,4.025764895330113,0.3488996242619431
261,16.1231884057971,14.257917337627482,20.101986044015028,4.05931293612453,1.8518518518518519,16.11647879763822,23.13472893183038,4.005636070853462,0.3488996242619431
262,16.163446054750402,14.257917337627482,20.068438003220614,4.05931293612453,1.8518518518518519,16.11647879763822,23.1280193236715,4.005636070853462,0.3488996242619431
263,16.324476650563607,14.123725174449811,20.041599570585078,4.05931293612453,1.8518518518518519,16.11647879763822,23.1280193236715,4.005636070853462,0.3488996242619431
264,16.27079978529254,14.123725174449811,19.880568974771872,4.5960815888352125,1.8518518518518519,16.056092324208265,22.86634460547504,4.005636070853462,0.3488996242619431
