,45,50,52,55,51,53,54,56,58
0,94.80005367686528,5.199946323134729,,,,,,,
1,53.797638217928075,46.202361782071925,,,,,,,
2,46.19565217391305,51.82501341921632,1.710950080515298,0.2683843263553409,,,,,
3,46.27616747181965,51.74449812130972,1.710950080515298,0.2683843263553409,,,,,
4,46.121846484165324,51.898819108964034,1.710950080515298,0.2683843263553409,,,,,
5,45.772946859903385,52.24771873322598,1.710950080515298,0.2683843263553409,,,,,
6,45.96081588835212,51.992753623188406,1.3352120236178207,0.7112184648416533,,,,,
7,46.13526570048309,51.81830381105743,1.3352120236178207,0.7112184648416533,,,,,
8,41.398282340311326,31.394256575415994,7.689210950080516,0.5099302200751477,13.47289318303811,3.6902844873859366,1.8451422436929683,,
9,41.52576489533011,29.53569511540526,6.9310252281266775,3.1065485775630703,13.459473966720344,3.6902844873859366,1.751207729468599,,
10,40.17042404723564,26.992753623188406,11.211755233494364,3.33467525496511,12.848899624261943,3.6902844873859366,1.751207729468599,,
11,38.54669887278583,28.629898013955984,13.976113794954374,3.3011272141706924,10.131508319914117,3.6634460547504024,1.751207729468599,,
12,38.157541599570585,29.086151368760063,13.94927536231884,3.2877079978529253,10.131508319914117,3.6366076221148687,1.751207729468599,,
13,37.754965110037574,29.294149221685455,13.90901771336554,3.2139023081052067,10.44015029522276,3.6366076221148687,1.751207729468599,,
14,31.85721953837896,26.764626945786365,13.781535158346752,2.932098765432099,16.297638217928075,6.011808910359635,2.3550724637681157,,
15,29.891304347826086,28.81105743424584,13.707729468599034,2.932098765432099,16.29092860976919,6.011808910359635,2.3550724637681157,,
16,26.596886741814277,32.23966720343532,13.613794954374665,2.932098765432099,14.888620504562533,5.978260869565218,3.750670960815888,,
17,26.744498121309714,31.353998926462694,13.821792807300053,2.932098765432099,14.486044015029522,7.380568974771873,3.280998389694042,,
18,26.858561460010737,31.333870101986044,13.788244766505636,2.932098765432099,14.486044015029522,7.340311325818572,3.260869565217391,,
19,25.677670424047236,31.394256575415994,13.311862587224907,3.4822866344605474,15.566290928609769,7.306763285024155,3.260869565217391,,
20,25.85882984433709,31.072195383789587,13.305152979066023,3.69699409554482,15.499194847020934,7.306763285024155,3.260869565217391,,
21,26.02657004830918,30.96484165324745,13.291733762748256,3.69699409554482,15.485775630703166,7.306763285024155,3.227321524422974,,
22,26.44927536231884,30.803811057434245,13.097155126140633,3.6902844873859366,14.17740203972088,7.306763285024155,4.4753086419753085,,
23,26.147342995169083,29.441760601180892,13.030059044551798,3.6768652710681695,15.92860976918948,7.300053676865271,4.4753086419753085,,
24,26.422436929683307,29.421631776704242,12.929414922168545,3.6634460547504024,15.901771336553946,7.27992485238862,4.38137412775094,,
25,26.29495437466452,27.489264626945786,12.882447665056361,3.6500268384326353,18.035426731078903,7.266505636070853,4.38137412775094,,
26,25.999731615673646,27.2812667740204,9.75577026301664,3.6500268384326353,16.035963499731615,7.253086419753086,10.02415458937198,,
27,26.160762211486848,26.858561460010737,9.896672034353195,3.784219001610306,15.619967793880837,9.064680622651638,8.61513687600644,,
28,26.442565754159958,26.778046162104133,9.876543209876543,3.7573805689747717,15.49248523886205,9.037842190016104,8.61513687600644,,
29,19.45786366076221,40.05636070853462,7.313472893183038,6.253354804079442,9.66183574879227,9.01100375738057,8.246108427267847,,
30,19.142512077294686,38.506441223832525,5.367686527106817,5.911164787976382,9.46725711218465,11.392914653784219,10.21202361782072,,
31,19.30354267310789,38.38566827697262,5.35426731078905,5.891035963499732,9.46725711218465,11.392914653784219,10.205314009661835,,
32,18.54535695115405,33.46081588835212,4.38137412775094,3.7037037037037037,24.818840579710145,8.024691358024691,7.065217391304348,,
33,18.69296833064949,33.19914117015566,4.3545356951154055,3.6768652710681695,25.06038647342995,7.950885668276973,7.065217391304348,,
34,18.337359098228664,31.28690284487386,6.816961889425658,3.6768652710681695,24.872517444981213,7.944176060118089,7.065217391304348,,
35,18.531937734836287,31.273483628556093,6.8035426731078905,3.6768652710681695,24.838969404186795,7.823403113258186,7.051798174986581,,
36,18.65271068169619,31.253354804079443,6.756575415995706,3.6768652710681695,24.832259796027913,7.776435856146001,7.051798174986581,,
37,18.739935587761675,30.763553408480945,8.225979602791197,3.6768652710681695,24.731615673644658,7.4208266237251745,6.4412238325281805,,
38,17.66639828234031,30.58239398819109,9.46725711218465,4.079441760601181,24.349168008588297,7.4208266237251745,6.4345142243692965,,
39,18.04213633923779,30.555555555555557,9.339774557165862,4.03918411164788,24.214975845410628,7.4208266237251745,6.387546967257112,,
40,17.371175523349436,28.938539989264626,11.137949543746645,4.186795491143317,25.87224906065486,7.4208266237251745,5.072463768115942,,
41,17.37788513150832,28.60305958132045,11.077563070316694,4.186795491143317,23.040794417606012,9.581320450885668,6.132581857219538,,
42,17.887815351583466,28.556092324208265,10.963499731615673,4.186795491143317,21.470746108427267,11.862587224906065,5.072463768115942,,
43,17.98845947396672,27.79790660225443,12.875738056897477,3.9184111647879765,20.52469135802469,12.801932367149758,4.092860976918948,,
44,18.089103596349972,25.93263553408481,9.75577026301664,5.743424584004294,23.62453032742888,11.741814278046162,5.112721417069243,,
45,17.800590445517983,25.831991411701555,11.392914653784219,4.891304347826087,23.597691894793343,11.728395061728396,4.757112184648417,,
46,17.914653784219002,25.228126677402038,11.345947396672035,4.864465915190553,23.597691894793343,12.29200214707461,4.757112184648417,,
47,18.35077831454643,24.67793880837359,11.312399355877616,4.824208266237251,23.43666129898014,12.285292538915728,5.112721417069243,,
48,7.675791733762749,50.32877079978529,12.27187332259796,4.817498658078368,13.922436929683306,7.1725711218464845,3.81105743424584,,
49,7.816693505099302,50.20799785292539,12.27187332259796,4.817498658078368,13.902308105206655,7.1725711218464845,3.81105743424584,,
50,5.401234567901234,42.391304347826086,9.77589908749329,3.9184111647879765,27.569779924852387,7.159151905528717,3.784219001610306,,
51,5.609232420826624,42.330917874396135,9.77589908749329,3.9184111647879765,27.563070316693505,7.159151905528717,3.643317230273752,,
52,5.938003220611916,42.250402576489535,9.75577026301664,3.911701556629093,27.4020397208803,7.125603864734299,3.616478797638218,,
53,6.347289318303811,42.01556629092861,9.75577026301664,3.643317230273752,26.898819108964037,7.125603864734299,4.213633923778851,,
54,6.568706387546968,41.86795491143317,10.567632850241546,3.5426731078904994,26.818303811057433,6.716317767042405,3.9184111647879765,,
55,6.830381105743425,41.67337627482555,10.567632850241546,3.5426731078904994,26.7914653784219,6.689479334406871,3.9049919484702094,,
56,7.085346215780999,41.639828234031135,10.520665593129362,3.5426731078904994,26.650563607085346,6.655931293612453,3.9049919484702094,,
57,7.25979602791197,41.532474503489,10.520665593129362,3.5426731078904994,26.623725174449813,6.622383252818035,3.898282340311326,,
58,7.185990338164252,41.33118625872249,8.695652173913043,3.3548040794417604,28.911701556629094,6.622383252818035,3.898282340311326,,
59,7.434245840042942,38.51315083199141,8.668813741277509,3.3145464304884595,28.884863123993558,9.286097691894794,3.898282340311326,,
60,6.716317767042405,32.48792270531401,16.27079978529254,3.2206119162640903,28.401771336553946,9.004294149221685,3.898282340311326,,
61,6.816961889425658,32.45437466451959,16.23725174449812,3.2206119162640903,28.381642512077295,8.99087493290392,3.898282340311326,,
62,6.957863660762212,32.400697799248526,15.344873859366613,3.2206119162640903,28.27428878153516,8.977455716586151,4.824208266237251,,
63,7.085346215780999,32.400697799248526,15.344873859366613,3.2139023081052067,28.173644659151904,8.957326892109501,4.824208266237251,,
64,7.27992485238862,32.32018250134192,15.344873859366613,3.2139023081052067,27.95222758990875,8.957326892109501,4.810789049919484,0.12077294685990338,
65,7.5348899624261945,32.23295759527644,14.949006977992486,2.9723564143853998,27.100107353730543,9.520933977455716,5.038915727321524,0.6508319914117016,
66,7.769726247987117,32.2061191626409,14.949006977992486,2.952227589908749,26.912238325281802,9.520933977455716,5.038915727321524,0.6508319914117016,
67,7.937466451959206,32.19940955448202,14.828234031132581,2.952227589908749,26.878690284487387,9.520933977455716,5.032206119162641,0.6508319914117016,
68,7.997852925389157,32.15244229736983,13.996242619431026,2.952227589908749,26.603596349973163,10.010735373054214,5.032206119162641,1.2546967257112185,
69,8.36688137412775,32.03166935050993,13.996242619431026,2.952227589908749,26.39559849704777,9.977187332259795,5.025496511003757,1.2546967257112185,
70,8.474235104669887,31.95115405260333,14.949006977992486,3.099838969404187,26.187600644122384,9.977187332259795,4.106280193236715,1.2546967257112185,
71,8.340042941492216,31.89747718733226,17.008856682769725,3.388352120236178,22.799248523886206,11.20504562533548,4.106280193236715,1.2546967257112185,
72,6.910896403650026,41.22383252818035,14.526301663982823,2.5697799248523885,22.73886205045625,9.292807300053678,2.1940418679549114,0.5434782608695652,
73,6.850509930220075,41.1231884057971,15.237520128824476,2.5697799248523885,21.68545356951154,8.541331186258722,3.44873859366613,0.5434782608695652,
74,6.964573268921095,41.06951154052604,15.237520128824476,2.5697799248523885,21.651905528717123,8.541331186258722,3.421900161030596,0.5434782608695652,
75,7.065217391304348,40.76757917337628,15.197262479871176,2.717391304347826,21.638486312399355,8.36688137412775,3.7037037037037037,0.5434782608695652,
76,7.48792270531401,39.92887815351583,16.284219001610307,3.240740740740741,21.638486312399355,7.1725711218464845,3.7037037037037037,0.5434782608695652,
77,6.850509930220075,36.06414385399893,14.962426194310252,4.233762748255502,27.03972088030059,7.132313472893183,3.1736446591519054,0.5434782608695652,
78,6.1862587224906065,25.805152979066023,14.358561460010735,2.844873859366613,43.062265163714436,5.71658615136876,2.0263016639828235,,
79,6.078904991948471,24.92619431025228,14.190821256038648,2.844873859366613,42.901234567901234,7.03166935050993,2.0263016639828235,,
80,6.333870101986044,24.859098228663445,14.123725174449811,2.844873859366613,42.78046162104133,7.03166935050993,2.0263016639828235,,
81,6.447933440687064,24.651100375738057,14.123725174449811,4.139828234031133,41.88137412775094,6.729736983360172,2.0263016639828235,,
82,6.253354804079442,23.53059581320451,15.546162104133119,3.7238325281803544,41.48550724637681,7.434245840042942,2.0263016639828235,,
83,6.481481481481482,21.289586688137412,15.546162104133119,3.5762211486849167,34.977187332259795,8.017981749865807,10.111379495437467,,
84,6.629092860976919,20.37037037037037,13.83521202361782,4.542404723564144,34.92351046698873,9.688674181427805,10.010735373054214,,
85,5.703166935050993,19.79334406870639,11.540526033279656,4.260601180891036,39.55984970477724,8.742619431025227,9.970477724100913,0.4294149221685454,
86,6.0587761674718195,19.79334406870639,11.533816425120772,4.079441760601181,39.472624798711756,8.695652173913043,9.936929683306495,0.4294149221685454,
87,6.112453032742888,19.189479334406872,11.513687600644122,4.750402576489533,39.392109500805155,8.695652173913043,9.916800858829845,0.4294149221685454,
88,6.260064412238325,19.129092860976918,11.500268384326356,4.750402576489533,39.35856146001073,8.655394524959743,9.916800858829845,0.4294149221685454,
89,6.468062265163715,18.766774020397207,11.480139559849706,5.032206119162641,39.26462694578637,8.641975308641975,9.916800858829845,0.4294149221685454,
90,6.790123456790123,18.67283950617284,13.43263553408481,5.032206119162641,37.27187332259796,8.527911969940956,9.842995169082126,0.4294149221685454,
91,6.910896403650026,17.344337090713903,13.217928073000536,3.7573805689747717,37.144390767579175,11.426462694578637,9.769189479334408,0.4294149221685454,
92,7.340311325818572,17.324208266237253,13.197799248523886,3.750670960815888,37.104133118625874,11.104401502952227,9.749060654857756,0.4294149221685454,
93,7.682501341921632,17.257112184648417,13.177670424047236,3.6902844873859366,36.983360171765966,11.077563070316694,9.581320450885668,0.4294149221685454,0.12077294685990338
94,8.09849704777241,17.08937198067633,13.177670424047236,3.6902844873859366,36.802200751476114,11.010466988727858,9.581320450885668,0.4294149221685454,0.12077294685990338
95,8.239398819108963,17.08937198067633,13.137412775093935,3.6902844873859366,36.75523349436393,11.010466988727858,9.5276435856146,0.4294149221685454,0.12077294685990338
96,8.454106280193237,17.05582393988191,15.861513687600644,3.6366076221148687,36.56736446591519,11.010466988727858,6.984702093397746,0.4294149221685454,
97,8.59500805152979,17.03569511540526,15.814546430488459,3.6366076221148687,36.50697799248524,10.997047772410092,6.984702093397746,0.4294149221685454,
98,8.870101986044014,17.01556629092861,15.787707997852925,3.6366076221148687,36.33923778851315,10.997047772410092,6.9243156199677935,0.4294149221685454,
99,9.044551798174986,17.008856682769725,15.445517981749866,3.5963499731615673,36.25872249060655,10.997047772410092,6.850509930220075,0.798443370907139,
100,9.219001610305957,17.002147074610843,15.445517981749866,3.5963499731615673,36.16478797638218,10.950080515297907,6.823671497584541,0.798443370907139,
101,9.561191626409018,16.861245303274288,15.324745034889963,3.3413848631239937,34.46054750402576,10.795759527643586,8.856682769726248,0.798443370907139,
102,9.588030059044552,16.5727321524423,16.21712292002147,3.3413848631239937,34.38674181427805,10.238862050456254,8.856682769726248,0.798443370907139,
103,9.574610842726784,16.5727321524423,15.68035426731079,4.133118625872249,34.004294149221685,10.111379495437467,8.977455716586151,0.9460547504025765,
104,9.77589908749329,16.566022544283413,15.640096618357488,4.126409017713366,33.97745571658615,10.111379495437467,8.856682769726248,0.9460547504025765,
105,9.936929683306495,16.015834675254965,15.613258185721953,4.126409017713366,33.903650026838434,10.601180891035963,8.856682769726248,0.9460547504025765,
106,10.59447128287708,15.955448201825014,15.49248523886205,3.92512077294686,33.72920021470746,10.527375201288244,8.829844337090714,0.9460547504025765,
107,11.252012882447666,15.74074074074074,15.398550724637682,3.92512077294686,33.46081588835212,10.493827160493828,8.78287707997853,0.9460547504025765,
108,11.386205045625335,15.60654857756307,15.398550724637682,3.898282340311326,32.91733762748255,10.171765968867419,9.212292002147075,1.4090177133655395,
109,11.486849168008588,15.197262479871176,15.398550724637682,4.240472356414386,32.88378958668814,10.171765968867419,9.212292002147075,1.4090177133655395,
110,11.688137412775093,15.157004830917874,14.80810520665593,4.005636070853462,32.54830917874396,11.171497584541063,9.212292002147075,1.4090177133655395,
111,11.406333870101985,13.137412775093935,18.739935587761675,3.455448201825013,32.400697799248526,10.265700483091788,9.185453569511541,1.4090177133655395,
112,11.560654857756306,13.137412775093935,18.726516371443907,3.455448201825013,32.340311325818575,10.238862050456254,9.131776704240472,1.4090177133655395,
113,12.02361782071927,13.123993558776167,18.511808910359633,5.58239398819109,30.267042404723565,10.138217928073,8.943907675791733,1.4090177133655395,
114,12.204777241009126,13.117283950617283,18.4849704777241,5.58239398819109,30.17981749865808,10.138217928073,8.883521202361782,1.4090177133655395,
115,12.265163714439076,12.761674718196458,18.451422436929683,5.58239398819109,30.14626945786366,10.869565217391305,8.514492753623188,1.4090177133655395,
116,12.526838432635534,12.72812667740204,18.276972624798713,5.5689747718733225,30.119431025228128,10.869565217391305,8.501073537305421,1.4090177133655395,
117,12.741545893719806,12.573805689747719,18.136070853462158,5.535426731078905,29.01905528717123,10.970209339774557,8.3467525496511,2.677133655394525,
118,13.030059044551798,12.573805689747719,18.02871712292002,5.535426731078905,28.911701556629094,10.93666129898014,8.319914117015566,2.6637144390767578,
119,13.130703166935051,12.567096081588835,17.98845947396672,5.535426731078905,28.898282340311326,11.574074074074074,8.266237251744498,2.0397208803005906,
120,13.399087493290391,12.5402576489533,17.941492216854535,5.535426731078905,28.77079978529254,11.54723564143854,8.225979602791197,2.0397208803005906,
121,13.150831991411701,12.02361782071927,17.62614063338701,5.535426731078905,28.073000536768653,13.20450885668277,8.219269994632313,2.167203435319377,
122,12.661030595813205,11.98336017176597,20.377079978529252,5.488459473966721,26.684111647879764,13.20450885668277,7.434245840042942,2.167203435319377,
123,12.922705314009661,11.882716049382717,20.276435856146,6.454643048845948,26.147342995169083,13.177670424047236,6.971282877079979,2.167203435319377,
124,13.707729468599034,11.849168008588299,19.746376811594203,6.414385399892646,26.06682769726248,13.144122383252817,6.910896403650026,2.1604938271604937,
125,14.009661835748792,11.735104669887278,19.726247987117553,6.407675791733762,25.91921631776704,13.144122383252817,6.89747718733226,2.1604938271604937,
126,14.298174986580785,11.137949543746645,19.404186795491142,7.306763285024155,25.731347289318304,13.083735909822867,6.877348362855609,2.1604938271604937,
127,14.492753623188406,11.137949543746645,19.390767579173378,7.306763285024155,25.670960815888353,13.003220611916264,6.870638754696726,2.1269457863660763,
128,14.727589908749328,11.07085346215781,19.35721953837896,7.286634460547504,25.5703166935051,13.003220611916264,6.857219538378959,2.1269457863660763,
129,14.78797638217928,11.057434245840042,19.330381105743424,7.286634460547504,25.55018786902845,13.003220611916264,6.857219538378959,2.1269457863660763,
130,15.01610305958132,11.010466988727858,19.249865807836823,7.266505636070853,25.40257648953301,12.761674718196458,7.1658615136876005,2.1269457863660763,
131,15.103327965646805,11.003757380568974,19.202898550724637,7.098765432098766,25.187869028448738,13.137412775093935,7.139023081052066,2.1269457863660763,
132,15.197262479871176,11.003757380568974,17.961621041331185,7.03166935050993,25.140901771336555,13.117283950617283,7.139023081052066,3.408480944712829,
133,15.324745034889963,10.983628556092324,17.94820182501342,7.018250134192163,25.13419216317767,13.103864734299517,7.105475040257649,3.3816425120772946,
134,15.519323671497585,10.983628556092324,17.85426731078905,7.018250134192163,25.09393451422437,13.043478260869565,7.105475040257649,3.3816425120772946,
135,15.593129361245303,10.983628556092324,17.827428878153516,7.018250134192163,25.07380568974772,13.023349436392914,7.105475040257649,3.374932903918411,
136,15.619967793880837,10.970209339774557,17.639559849704778,6.998121309715513,24.731615673644658,13.003220611916264,7.6623725174449815,3.374932903918411,
137,15.901771336553946,10.916532474503489,17.538915727321523,6.904186795491143,24.718196457326894,12.99651100375738,7.6623725174449815,3.361513687600644,
138,16.10305958132045,10.869565217391305,17.485238862050455,6.863929146537842,24.67793880837359,12.989801395598498,7.6623725174449815,3.3480944712828773,
139,16.223832528180353,10.869565217391305,17.418142780461622,6.863929146537842,24.644390767579175,12.969672571121846,7.6623725174449815,3.3480944712828773,
140,16.411701556629094,10.869565217391305,17.418142780461622,6.850509930220075,24.4699409554482,12.969672571121846,7.6623725174449815,3.3480944712828773,
141,16.53918411164788,10.829307568438002,17.398013955984972,6.850509930220075,24.44310252281267,12.969672571121846,7.635534084809447,3.33467525496511,
142,16.67337627482555,10.829307568438002,18.209876543209877,6.850509930220075,24.3894256575416,12.365807836822329,8.152173913043478,2.5295222758990876,
143,16.391572732152444,10.735373054213634,21.101717659688674,6.850509930220075,22.25577026301664,12.27187332259796,8.13875469672571,2.254428341384863,
144,16.78743961352657,10.715244229736983,21.088298443370906,6.850509930220075,22.094739667203434,12.23161567364466,7.977724100912507,2.254428341384863,
145,16.29092860976919,10.493827160493828,20.544820182501343,6.776704240472356,22.289318303811058,12.016908212560386,8.313204508856682,3.2742887815351582,
146,16.27750939345142,10.406602254428341,20.356951154052602,6.776704240472356,22.108158883521202,12.52012882447665,8.313204508856682,3.240740740740741,
147,16.297638217928075,10.36634460547504,20.336822329575952,6.776704240472356,21.792807300053678,12.493290391841116,8.313204508856682,3.6231884057971016,
148,15.96886741814278,10.332796564680622,22.5979602791197,6.4345142243692965,20.7662372517445,11.963231347289318,8.313204508856682,3.6231884057971016,
149,16.11647879763822,10.258990874932904,22.71202361782072,6.367418142780462,20.517981749865807,12.097423510466989,8.3064949006978,3.6231884057971016,
150,16.203703703703702,10.218733225979603,22.852925389157274,5.428073000536768,20.04830917874396,13.600375738056897,8.259527643585615,3.388352120236178,
151,15.962157809983896,10.151637144390767,22.7187332259796,5.555555555555555,19.81347289318304,14.27133655394525,8.246108427267847,3.280998389694042,
152,15.935319377348362,10.151637144390767,22.430220075147613,5.71658615136876,19.753086419753085,14.486044015029522,8.246108427267847,3.280998389694042,
153,16.304347826086957,10.124798711755233,22.302737520128826,5.71658615136876,19.685990338164252,14.392109500805153,8.246108427267847,3.227321524422974,
154,16.532474503488995,10.017444981213098,22.249060654857757,5.709876543209877,19.632313472893184,14.38539989264627,8.246108427267847,3.227321524422974,
155,16.458668813741276,10.017444981213098,22.22222222222222,5.555555555555555,19.0552871712292,15.573000536768653,7.890499194847021,3.227321524422974,
156,16.57944176060118,9.997316156736447,22.168545356951153,5.555555555555555,19.028448738593667,15.552871712292003,7.890499194847021,3.227321524422974,
157,16.57944176060118,9.997316156736447,22.168545356951153,5.555555555555555,19.028448738593667,15.552871712292003,7.890499194847021,3.227321524422974,
158,16.324476650563607,9.541062801932368,22.168545356951153,5.548845947396672,20.8467525496511,14.533011272141707,7.823403113258186,3.2139023081052067,
159,16.384863123993558,9.541062801932368,22.128287707997853,5.542136339237788,20.833333333333332,14.533011272141707,7.823403113258186,3.2139023081052067,
160,16.659957058507782,9.541062801932368,22.054482018250134,5.542136339237788,20.67230273752013,14.492753623188406,7.823403113258186,3.2139023081052067,
161,16.82769726247987,9.433709071390231,22.034353193773484,5.535426731078905,20.658883521202362,14.472624798711756,7.823403113258186,3.2139023081052067,
162,17.156468062265162,9.420289855072463,21.93370907139023,5.488459473966721,20.585077831454644,14.452495974235104,7.749597423510467,3.2139023081052067,
163,17.364465915190554,9.386741814278047,21.93370907139023,5.387815351583468,20.578368223295758,14.42565754159957,7.7361782071927,3.1870638754696725,
164,17.85426731078905,9.386741814278047,21.712292002147073,5.374396135265701,20.52469135802469,14.358561460010735,7.601986044015029,3.1870638754696725,
165,17.954911433172303,9.386741814278047,21.712292002147073,5.273752012882448,20.52469135802469,14.358561460010735,7.601986044015029,3.1870638754696725,
166,18.297101449275363,9.386741814278047,21.55126140633387,5.226784755770263,20.46430488459474,14.331723027375201,7.575147611379496,3.166935050993022,
167,18.51851851851852,9.333064949006978,21.511003757380568,5.199946323134729,20.42404723564144,14.304884594739667,7.548309178743962,3.1602254428341383,
168,18.411164787976382,9.29951690821256,20.175791733762747,5.199946323134729,22.20209339774557,14.15727321524423,7.4208266237251745,3.1333870101986045,
169,18.5654857756307,9.219001610305957,20.175791733762747,5.173107890499195,22.188674181427803,14.123725174449811,7.4208266237251745,3.1333870101986045,
170,19.028448738593667,9.219001610305957,19.96779388083736,5.173107890499195,22.074610842726784,14.11701556629093,7.286634460547504,3.1333870101986045,
171,18.98148148148148,9.219001610305957,20.46430488459474,5.173107890499195,21.833064949006978,14.056629092860977,7.14573268921095,3.126677402039721,
172,19.061996779388085,9.192163177670425,20.41062801932367,5.173107890499195,21.833064949006978,14.056629092860977,7.14573268921095,3.126677402039721,
173,19.706119162640903,9.16532474503489,19.82018250134192,5.173107890499195,21.806226516371442,14.056629092860977,7.14573268921095,3.126677402039721,
174,19.840311325818572,9.118357487922705,19.73966720343532,5.35426731078905,21.772678475577028,14.009661835748792,7.0383789586688135,3.126677402039721,
175,20.055018786902846,9.098228663446054,19.73966720343532,5.340848094471283,21.631776704240472,14.002952227589908,7.004830917874396,3.126677402039721,
176,20.108695652173914,9.084809447128288,19.639023081052066,5.5689747718733225,21.484165324745035,13.996242619431026,6.998121309715513,3.1199677938808374,
177,20.29656468062265,9.07139023081052,19.53166935050993,5.5689747718733225,21.464036500268385,13.962694578636608,6.998121309715513,3.1065485775630703,
178,20.46430488459474,8.964036500268385,19.51154052603328,5.5689747718733225,21.43719806763285,13.94927536231884,6.998121309715513,3.1065485775630703,
179,19.79334406870639,6.937734836285561,18.370907139023082,5.562265163714439,23.872785829307567,12.352388620504563,10.00402576489533,3.1065485775630703,
180,19.296833064949006,6.904186795491143,22.067901234567902,5.3341384863123995,22.014224369296834,11.520397208803006,9.75577026301664,3.1065485775630703,
181,19.316961889425656,6.904186795491143,22.067901234567902,5.3341384863123995,22.014224369296834,11.500268384326356,9.75577026301664,3.1065485775630703,
182,19.45115405260333,6.904186795491143,21.987385936661298,5.320719269994632,21.68545356951154,11.426462694578637,10.11808910359635,3.1065485775630703,
183,19.565217391304348,6.78341384863124,21.900161030595815,4.777241009125067,21.007783145464305,12.822061191626409,10.037573805689748,3.1065485775630703,
184,18.45813204508857,6.494900697799249,23.98684916800859,4.602791196994096,20.813204508856682,12.822061191626409,9.71551261406334,3.1065485775630703,
185,18.156199677938808,6.474771873322598,25.644122383252817,4.428341384863124,20.135534084809446,12.218196457326892,9.836285560923242,3.1065485775630703,
186,18.49838969404187,6.474771873322598,25.43612453032743,4.428341384863124,20.075147611379496,12.144390767579173,9.836285560923242,3.1065485775630703,
187,18.666129898013956,6.474771873322598,25.308641975308642,4.428341384863124,20.04830917874396,12.144390767579173,9.822866344605474,3.1065485775630703,
188,18.867418142780462,6.474771873322598,25.295222758990874,4.428341384863124,19.981213097155127,12.030327428878154,9.816156736446592,3.1065485775630703,
189,19.182769726247987,6.474771873322598,25.234836285560924,4.428341384863124,19.786634460547504,11.996779388083736,9.789318303811058,3.1065485775630703,
190,19.343800322061192,6.474771873322598,25.167740203972087,4.428341384863124,19.732957595276435,11.976650563607086,9.769189479334408,3.1065485775630703,
191,19.6256038647343,6.461352657004831,25.15432098765432,4.428341384863124,19.49141170155663,11.963231347289318,9.769189479334408,3.1065485775630703,
192,19.920826623725173,6.394256575415996,25.0402576489533,4.414922168545357,19.49141170155663,11.862587224906065,9.769189479334408,3.1065485775630703,
193,19.95437466451959,6.300322061191626,24.986580783682232,4.414922168545357,19.49141170155663,11.782071926999464,9.96376811594203,3.1065485775630703,
194,20.638754696725712,6.233225979602791,24.88593666129898,4.394793344068707,19.155931293612454,11.654589371980677,9.930220075147611,3.1065485775630703,
195,20.799785292538918,6.219806763285024,24.879227053140095,4.394793344068707,19.155931293612454,11.58749329039184,9.856414385399892,3.1065485775630703,
196,20.96081588835212,6.219806763285024,24.798711755233494,4.394793344068707,19.088835212023618,11.58749329039184,9.842995169082126,3.1065485775630703,
197,21.370101986044016,6.206387546967257,24.537037037037038,4.3545356951154055,18.95464304884595,11.506977992485238,9.96376811594203,3.1065485775630703,
198,21.752549651100377,6.172839506172839,24.261943102522814,4.810789049919484,18.907675791733762,11.426462694578637,9.561191626409018,3.1065485775630703,
199,21.846484165324746,6.166129898013956,24.235104669887278,4.810789049919484,18.887546967257112,11.386205045625335,9.561191626409018,3.1065485775630703,
200,22.054482018250134,6.152710681696189,24.288781535158346,4.74369296833065,18.746645195920557,11.386205045625335,9.520933977455716,3.1065485775630703,
201,22.007514761137948,6.152710681696189,24.194847020933977,4.99194847020934,18.726516371443907,11.29898013955985,9.520933977455716,3.1065485775630703,
202,22.31615673644659,6.025228126677402,24.10091250670961,4.99194847020934,18.47826086956522,11.2788513150832,9.50751476113795,3.3011272141706924,
203,22.430220075147613,6.011808910359635,24.074074074074073,4.958400429414922,18.45813204508857,11.258722490606548,9.50751476113795,3.3011272141706924,
204,22.430220075147613,6.011808910359635,24.074074074074073,4.958400429414922,18.45813204508857,11.258722490606548,9.50751476113795,3.3011272141706924,
205,22.5979602791197,5.984970477724101,24.053945249597422,4.951690821256038,18.377616747181964,11.258722490606548,9.50751476113795,3.2675791733762747,
206,22.65834675254965,5.971551261406334,24.033816425120772,5.059044551798175,18.35077831454643,11.245303274288782,9.41358024691358,3.2675791733762747,
207,22.79253891572732,5.971551261406334,23.993558776167472,5.059044551798175,18.337359098228664,11.198336017176597,9.380032206119163,3.2675791733762747,
208,23.060923242082662,5.971551261406334,23.89291465378422,5.059044551798175,18.256843800322063,11.198336017176597,9.292807300053678,3.2675791733762747,
209,23.13472893183038,5.971551261406334,23.839237788513152,5.059044551798175,18.256843800322063,11.044015029522276,9.426999463231347,3.2675791733762747,
210,23.262211486849168,5.971551261406334,23.785560923242084,5.059044551798175,18.21658615136876,11.023886205045626,9.426999463231347,3.2541599570585076,
211,23.57085346215781,5.971551261406334,23.62453032742888,5.059044551798175,18.149490069779926,10.950080515297907,9.426999463231347,3.2474503488996245,
212,23.8191089640365,5.971551261406334,23.081052066559312,4.9718196457326895,18.115942028985508,10.909822866344605,9.883252818035427,3.2474503488996245,
213,23.993558776167472,5.897745571658615,23.027375201288244,4.9718196457326895,18.095813204508858,10.88298443370907,9.883252818035427,3.2474503488996245,
214,23.2085346215781,5.790391841116479,22.987117552334944,4.7638217928073,16.968599033816425,13.291733762748256,9.816156736446592,3.1736446591519054,
215,23.369565217391305,5.790391841116479,22.899892646269457,4.74369296833065,16.968599033816425,13.258185721953838,9.796027911969942,3.1736446591519054,
216,23.503757380568974,5.763553408480945,22.799248523886206,4.736983360171766,16.894793344068706,13.734567901234568,9.514224369296834,3.052871712292002,
217,23.53059581320451,5.763553408480945,22.77241009125067,4.736983360171766,16.894793344068706,13.734567901234568,9.514224369296834,3.052871712292002,
218,23.785560923242084,5.763553408480945,22.705314009661837,4.7168545356951155,16.867954911433173,13.707729468599034,9.494095544820183,2.9589371980676327,
219,24.12104133118626,5.743424584004294,22.450348899624263,4.703435319377348,16.847826086956523,13.6808910359635,9.494095544820183,2.9589371980676327,
220,24.12104133118626,5.736714975845411,22.228931830381107,4.931561996779388,16.847826086956523,13.6808910359635,9.494095544820183,2.9589371980676327,
221,23.805689747718734,5.736714975845411,22.84621578099839,4.931561996779388,16.545893719806763,13.6808910359635,9.494095544820183,2.9589371980676327,
222,24.060654857756308,5.723295759527644,22.799248523886206,4.555823939881911,16.404991948470208,14.123725174449811,9.373322597960279,2.9589371980676327,
223,24.14117015566291,5.683038110574342,22.799248523886206,4.555823939881911,16.378153515834676,14.123725174449811,9.373322597960279,2.945517981749866,
224,23.839237788513152,5.233494363929147,22.779119699409556,5.515297906602254,16.27750939345142,14.076757917337627,9.333064949006978,2.945517981749866,
225,24.06736446591519,5.166398282340311,22.65163714439077,5.4616210413311865,16.27750939345142,14.170692431561998,9.25925925925926,2.945517981749866,
226,24.154589371980677,5.166398282340311,22.584541062801932,5.4616210413311865,16.264090177133657,14.163982823403114,9.25925925925926,2.945517981749866,
227,24.315619967793882,5.166398282340311,22.510735373054214,5.4616210413311865,16.25738056897477,14.163982823403114,9.178743961352657,2.945517981749866,
228,24.530327428878152,5.166398282340311,22.477187332259795,5.407944176060118,16.210413311862588,14.090177133655395,9.172034353193773,2.945517981749866,
229,24.711486849168008,5.119431025228127,22.946859903381643,5.407944176060118,15.94873859366613,14.029790660225443,8.890230810520666,2.945517981749866,
230,24.838969404186795,5.119431025228127,22.940150295222757,5.367686527106817,15.888352120236178,14.016371443907676,8.883521202361782,2.945517981749866,
231,24.97987117552335,5.072463768115942,22.920021470746107,5.367686527106817,15.854804079441761,13.976113794954374,8.883521202361782,2.945517981749866,
232,25.147611379495437,5.072463768115942,22.819377348362856,5.367686527106817,15.821256038647343,13.976113794954374,8.849973161567364,2.945517981749866,
233,25.10064412238325,5.072463768115942,22.537573805689746,5.367686527106817,15.814546430488459,14.392109500805153,8.796296296296296,2.918679549114332,
234,25.13419216317767,5.065754159957058,22.52415458937198,5.367686527106817,15.814546430488459,14.392109500805153,8.796296296296296,2.9052603327965647,
235,25.489801395598498,5.052334943639291,22.430220075147613,5.293880837359098,15.787707997852925,14.298174986580785,8.796296296296296,2.8515834675254963,
236,25.43612453032743,5.052334943639291,22.396672034353195,5.293880837359098,15.72061191626409,14.284755770263017,9.252549651100376,2.563070316693505,
237,25.483091787439612,5.052334943639291,22.383252818035427,5.293880837359098,15.70048309178744,14.284755770263017,9.23913043478261,2.563070316693505,
238,25.691089640365004,5.052334943639291,22.758990874932906,5.293880837359098,15.566290928609769,14.264626945786366,8.82313472893183,2.5496511003757383,
239,25.771604938271604,5.052334943639291,22.75228126677402,5.280461621041331,15.526033279656469,14.257917337627482,8.82313472893183,2.536231884057971,
240,25.91250670960816,5.045625335480408,22.67176596886742,5.267042404723564,15.526033279656469,14.217659688674182,8.82313472893183,2.536231884057971,
241,26.060118089103597,5.045625335480408,22.564412238325282,5.226784755770263,15.4723564143854,14.184111647879764,8.943907675791733,2.5026838432635534,
242,26.127214170692433,4.770531400966184,22.81266774020397,5.119431025228127,15.217391304347826,14.184111647879764,9.265968867418144,2.5026838432635534,
243,26.1808910359635,4.757112184648417,22.79253891572732,5.119431025228127,15.217391304347826,14.184111647879764,9.245840042941492,2.5026838432635534,
244,26.32850241545894,4.757112184648417,22.785829307568438,5.0791733762748255,15.197262479871176,14.103596349973161,9.245840042941492,2.5026838432635534,
245,26.08695652173913,4.750402576489533,22.108158883521202,4.958400429414922,15.08990874932904,15.26435856146001,9.23913043478261,2.5026838432635534,
246,26.140633387010197,4.750402576489533,22.108158883521202,4.958400429414922,15.03623188405797,15.26435856146001,9.23913043478261,2.5026838432635534,
247,26.32850241545894,4.676596886741814,22.08132045088567,4.958400429414922,15.03623188405797,15.177133655394526,9.23913043478261,2.5026838432635534,
248,26.643853998926463,4.663177670424047,21.953837895866883,4.951690821256038,14.989264626945786,15.11003757380569,9.185453569511541,2.5026838432635534,
249,26.7914653784219,4.663177670424047,21.93370907139023,4.931561996779388,14.955716586151368,15.076489533011273,9.178743961352657,2.4691358024691357,
250,27.066559312936125,4.656468062265164,21.85990338164251,4.931561996779388,14.821524422973699,15.022812667740205,9.172034353193773,2.4691358024691357,
251,27.22758990874933,4.656468062265164,21.806226516371442,4.871175523349437,14.801395598497047,15.022812667740205,9.145195920558239,2.4691358024691357,
252,27.334943639291467,4.656468062265164,21.75925925925926,4.871175523349437,14.761137949543746,15.01610305958132,9.131776704240472,2.4691358024691357,
253,27.361782071927,4.656468062265164,21.752549651100377,4.871175523349437,14.761137949543746,14.99597423510467,9.131776704240472,2.4691358024691357,
254,27.576489533011273,4.616210413311863,21.72571121846484,4.871175523349437,14.720880300590446,14.922168545356952,9.098228663446054,2.4691358024691357,
255,27.657004830917874,4.5893719806763285,21.34326355340848,4.871175523349437,14.620236178207193,14.915458937198068,9.534353193773484,2.4691358024691357,
256,27.811325818572197,4.5893719806763285,21.329844337090712,4.871175523349437,14.579978529253891,14.855072463768115,9.494095544820183,2.4691358024691357,
257,27.885131508319915,4.5893719806763285,21.26274825550188,4.871175523349437,14.553140096618357,15.28448738593666,9.084809447128288,2.4691358024691357,
258,28.073000536768653,4.582662372517445,21.235909822866343,4.8443370907139025,14.465915190552872,15.277777777777779,9.07139023081052,2.4490069779924855,
259,27.74422973698336,4.542404723564144,22.383252818035427,4.810789049919484,14.204240472356414,14.848362855609233,9.198872785829307,2.26784755770263,
260,27.771068169618893,4.51556629092861,22.094739667203434,4.810789049919484,14.204240472356414,15.136876006441224,9.198872785829307,2.26784755770263,
261,27.9723564143854,4.508856682769726,21.994095544820183,4.810789049919484,14.197530864197532,15.096618357487923,9.158615136876007,2.2611379495437465,
262,27.87842190016103,4.26731078904992,22.088030059044552,5.213365539452496,14.184111647879764,15.083199141170155,9.05126140633387,2.2342995169082127,
263,27.999194847020934,4.26731078904992,22.007514761137948,5.347557702630167,14.163982823403114,14.949006977992486,9.05126140633387,2.214170692431562,
264,28.14009661835749,4.26731078904992,21.994095544820183,5.347557702630167,14.163982823403114,14.855072463768115,9.03113258185722,2.200751476113795,
265,28.119967793880836,4.26731078904992,21.987385936661298,5.24020397208803,13.942565754159958,14.814814814814815,9.460547504025765,2.167203435319377,
266,28.193773483628558,4.213633923778851,21.987385936661298,5.24020397208803,13.922436929683306,14.814814814814815,9.460547504025765,2.167203435319377,
267,28.173644659151904,4.213633923778851,21.987385936661298,5.22007514761138,13.83521202361782,15.08990874932904,9.312936124530328,2.167203435319377,
268,28.28099838969404,4.206924315619967,21.953837895866883,5.22007514761138,13.801663982823403,15.08990874932904,9.27938808373591,2.167203435319377,
269,28.462157809983896,4.206924315619967,21.926999463231347,5.22007514761138,13.747987117552334,15.03623188405797,9.232420826623725,2.167203435319377,
270,28.77750939345142,4.186795491143317,21.73913043478261,5.22007514761138,13.66076221148685,15.03623188405797,9.219001610305957,2.1604938271604937,
271,28.844605475040257,4.180085882984434,21.71900161030596,5.213365539452496,13.66076221148685,15.002683843263553,9.219001610305957,2.1604938271604937,
272,28.945249597423512,4.180085882984434,21.658615136876005,5.213365539452496,13.66076221148685,14.99597423510467,9.185453569511541,2.1604938271604937,
273,28.945249597423512,4.180085882984434,21.658615136876005,5.213365539452496,13.66076221148685,14.99597423510467,9.185453569511541,2.1604938271604937,
