,45,50,52,53,55,51,54,56,57,58
0,86.64787976382179,13.352120236178207,,,,,,,,
1,81.23993558776168,18.760064412238325,,,,,,,,
2,81.28690284487386,18.71309715512614,,,,,,,,
3,69.31696188942566,30.683038110574344,,,,,,,,
4,64.69404186795491,35.06441223832528,0.24154589371980675,,,,,,,
5,52.361782071927,47.396672034353195,0.24154589371980675,,,,,,,
6,44.337090713902306,54.723564143854,0.24154589371980675,0.30864197530864196,0.38915727321524424,,,,,
7,42.78046162104133,54.7638217928073,0.24154589371980675,0.30864197530864196,1.90552871712292,,,,,
8,29.482018250134193,58.64868491680086,0.24154589371980675,0.30864197530864196,,11.3191089640365,,,,
9,22.15512614063339,58.48765432098765,8.333333333333334,0.30864197530864196,,10.715244229736983,,,,
10,22.665056360708533,55.97155126140633,10.373054213633925,0.30864197530864196,,10.681696188942565,,,,
11,22.041062801932366,56.68276972624799,10.339506172839506,0.30864197530864196,,10.628019323671497,,,,
12,21.497584541062803,56.447933440687066,11.473429951690822,0.30864197530864196,,10.272410091250672,,,,
13,21.611647879763822,56.374127750939344,11.43317230273752,0.30864197530864196,,10.272410091250672,,,,
14,21.578099838969404,55.38781535158347,9.541062801932368,3.2474503488996245,,10.245571658615138,,,,
15,21.68545356951154,54.30085882984434,9.406870638754697,3.2474503488996245,1.1137949543746646,10.245571658615138,,,,
16,19.887278582930758,53.193773483628554,9.688674181427805,4.106280193236715,2.8784219001610305,10.245571658615138,,,,
17,20.00805152979066,53.11996779388084,9.655126140633387,4.106280193236715,2.8784219001610305,10.23215244229737,,,,
18,19.605475040257648,49.9597423510467,7.749597423510467,7.924047235641439,4.17337627482555,10.23215244229737,0.35560923242082665,,,
19,17.008856682769725,40.08990874932904,6.850509930220075,9.292807300053678,3.7640901771336552,21.85319377348363,1.1406333870101986,,,
20,15.237520128824476,39.861782071927,6.796833064949007,9.292807300053678,3.670155662909286,23.64465915190553,1.4962426194310252,,,
21,15.069779924852389,39.439076757917334,7.50805152979066,9.27938808373591,3.670155662909286,23.21524422973698,1.8183038110574343,,,
22,14.331723027375201,38.969404186795494,9.312936124530328,9.27938808373591,3.670155662909286,21.91358024691358,2.522812667740204,,,
23,14.217659688674182,35.30595813204509,11.500268384326356,6.011808910359635,3.670155662909286,25.389157273215243,2.5161030595813205,1.3888888888888888,,
24,14.264626945786366,35.258990874932906,11.500268384326356,6.011808910359635,3.670155662909286,25.389157273215243,2.5161030595813205,1.3888888888888888,,
25,14.63365539452496,34.48067632850242,11.332528180354267,6.011808910359635,4.126409017713366,24.932903918411164,3.0931293612453032,1.3888888888888888,,
26,14.707461084272678,34.48067632850242,11.332528180354267,5.971551261406334,4.126409017713366,24.912775093934513,3.079710144927536,1.3888888888888888,,
27,13.519860440150294,25.0805152979066,23.349436392914654,5.971551261406334,3.3279656468062266,24.872517444981213,2.4892646269457863,1.3888888888888888,,
28,10.399892646269459,22.886473429951693,23.309178743961354,5.971551261406334,3.2877079978529253,30.267042404723565,2.4892646269457863,1.3888888888888888,,
29,9.118357487922705,21.980676328502415,20.457595276435857,4.146537842190016,2.9790660225442833,38.63392377885131,1.2949543746645196,1.3888888888888888,,
30,9.272678475577026,21.960547504025765,20.29656468062265,4.28743961352657,2.9790660225442833,38.519860440150296,1.2949543746645196,1.3888888888888888,,
31,9.151905528717123,20.33011272141707,20.182501341921633,8.071658615136876,2.0799785292538915,37.775093934514224,1.0198604401502953,1.3888888888888888,,
32,9.346484165324744,20.2361782071927,20.128824476650564,8.064949006977992,2.0799785292538915,37.734836285560924,1.0198604401502953,1.3888888888888888,,
33,9.614868491680086,20.2361782071927,20.001341921631777,7.9106280193236715,2.0799785292538915,37.60735373054214,1.0198604401502953,1.3888888888888888,0.14090177133655393,
34,9.480676328502415,17.297369833601717,19.659151905528716,7.051798174986581,2.0799785292538915,41.297638217928075,1.6035963499731616,1.3888888888888888,0.14090177133655393,
35,8.313204508856682,15.573000536768653,14.774557165861514,6.998121309715513,2.0799785292538915,49.12775093934514,1.6035963499731616,1.3888888888888888,0.14090177133655393,
36,7.555018786902845,15.042941492216855,14.190821256038648,3.1468062265163717,2.0531400966183573,55.97826086956522,1.6035963499731616,0.4294149221685454,,
37,7.682501341921632,15.042941492216855,14.190821256038648,3.1333870101986045,2.0531400966183573,55.864197530864196,1.6035963499731616,0.4294149221685454,,
38,7.930756843800322,15.009393451422437,16.552603327965645,3.1333870101986045,2.0531400966183573,53.31454643048846,1.5767579173376274,0.4294149221685454,,
39,7.937466451959206,11.500268384326356,16.129898013955984,5.132850241545894,1.3620504562533549,55.93129361245303,1.5767579173376274,0.4294149221685454,,
40,8.05823939881911,10.547504025764896,15.640096618357488,5.750134192163178,1.3620504562533549,54.36124530327429,3.629898013955985,0.6508319914117016,,
41,8.105206655931294,10.547504025764896,15.566290928609769,5.723295759527644,1.3620504562533549,54.02576489533011,3.9720880300590444,0.6508319914117016,0.04696725711218465,
42,7.300053676865271,9.634997316156737,16.438539989264626,5.555555555555555,1.3620504562533549,55.03891572732152,3.9720880300590444,0.6508319914117016,0.04696725711218465,
43,6.843800322061192,9.373322597960279,15.45222758990875,4.87788513150832,2.0263016639828235,56.72973698336017,3.81105743424584,0.8387010198604401,0.04696725711218465,
44,7.199409554482019,9.326355340848094,15.405260332796564,7.7361782071927,2.0263016639828235,53.60976918947934,3.81105743424584,0.8387010198604401,0.04696725711218465,
45,7.25979602791197,9.205582393988191,15.405260332796564,7.689210950080516,2.0263016639828235,53.052871712292,4.4753086419753085,0.8387010198604401,0.04696725711218465,
46,3.9519592055823938,5.401234567901234,18.391035963499732,7.64224369296833,2.0263016639828235,57.25308641975309,4.448470209339774,0.8387010198604401,0.04696725711218465,
47,3.992216854535695,5.394524959742351,13.439345142243694,7.461084272678476,2.0263016639828235,62.466451959205585,4.334406870638754,0.8387010198604401,0.04696725711218465,
48,3.9519592055823938,5.24020397208803,14.351851851851851,7.461084272678476,2.5161030595813205,61.25872249060655,4.334406870638754,0.8387010198604401,0.04696725711218465,
49,4.146537842190016,5.22007514761138,14.351851851851851,7.427536231884058,2.5161030595813205,61.13794954374664,4.314278046162104,0.8387010198604401,0.04696725711218465,
50,4.240472356414386,5.22007514761138,14.338432635534085,7.4006977992485234,2.5161030595813205,61.08427267847558,4.314278046162104,0.8387010198604401,0.04696725711218465,
51,4.616210413311863,5.072463768115942,14.338432635534085,7.380568974771873,2.5161030595813205,60.87627482555019,4.314278046162104,0.8387010198604401,0.04696725711218465,
52,4.166666666666667,2.8918411164787976,12.426194310252281,5.770263016639828,1.5499194847020934,67.53891572732152,4.770531400966184,0.8387010198604401,0.04696725711218465,
53,3.515834675254965,2.462426194310252,13.808373590982287,3.140096618357488,0.48980139559849706,71.8263553408481,3.8714439076757916,0.8387010198604401,0.04696725711218465,
54,3.717122920021471,2.462426194310252,13.808373590982287,3.140096618357488,0.48980139559849706,71.6250670960816,3.8714439076757916,0.8387010198604401,0.04696725711218465,
55,3.7372517444981215,2.462426194310252,13.22463768115942,3.140096618357488,1.1943102522812667,71.544551798175,3.8714439076757916,0.8252818035426731,,
56,3.9049919484702094,2.462426194310252,13.22463768115942,3.052871712292002,1.1741814278046163,71.48416532474504,3.8714439076757916,0.8252818035426731,,
57,3.8848631239935587,2.462426194310252,12.915995705850777,11.735104669887278,0.7045088566827697,63.539989264626946,3.8311862587224907,0.9259259259259259,,
58,3.9720880300590444,2.462426194310252,13.875469672571121,11.735104669887278,0.7045088566827697,62.506709608158886,3.8177670424047236,0.9259259259259259,,
59,3.4017713365539453,2.462426194310252,13.66076221148685,11.265432098765432,0.7045088566827697,63.7614063338701,3.8177670424047236,0.9259259259259259,,
60,3.2877079978529253,2.4020397208803006,28.64331723027375,10.453569511540525,0.6843800322061192,50.295222758990874,3.8177670424047236,0.41599570585077833,,
61,3.5091250670960816,1.8518518518518519,27.34165324745035,9.064680622651638,0.6843800322061192,53.31454643048846,3.8177670424047236,0.41599570585077833,,
62,3.5963499731615673,1.8518518518518519,27.30810520665593,9.064680622651638,2.3752012882447664,51.04669887278583,3.8177670424047236,0.9393451422436929,,
63,3.7573805689747717,1.8518518518518519,26.952495974235106,9.064680622651638,2.341653247450349,51.019860440150296,3.8043478260869565,1.2077294685990339,,
64,3.878153515834675,1.8518518518518519,26.952495974235106,8.675523349436393,2.341653247450349,50.899087493290395,4.193505099302201,1.2077294685990339,,
65,3.455448201825013,1.7713365539452497,27.408749329039185,8.675523349436393,1.932367149758454,51.77133655394525,3.992216854535695,0.9930220075147611,,
66,3.4688674181427803,1.7713365539452497,27.408749329039185,8.675523349436393,1.932367149758454,51.75791733762748,3.992216854535695,0.9930220075147611,,
67,3.6634460547504024,1.7713365539452497,27.36849168008588,8.675523349436393,1.932367149758454,51.62372517444981,3.9720880300590444,0.9930220075147611,,
68,3.750670960815888,1.7713365539452497,27.334943639291467,8.675523349436393,1.932367149758454,51.570048309178745,3.9720880300590444,0.9930220075147611,,
69,3.9184111647879765,1.7713365539452497,27.24771873322598,8.675523349436393,1.932367149758454,51.489533011272144,3.9720880300590444,0.9930220075147611,,
70,4.146537842190016,1.7713365539452497,29.898013955984972,8.662104133118627,1.865271068169619,46.464036500268385,5.736714975845411,1.4559849704777241,,
71,4.3478260869565215,1.7713365539452497,29.857756307031668,8.709071390230811,1.865271068169619,46.303005904455176,5.689747718733226,1.4559849704777241,,
72,4.602791196994096,1.7713365539452497,29.441760601180892,8.621846484165324,1.865271068169619,46.256038647343,5.642780461621041,1.7981749865807837,,
73,4.690016103059581,1.7579173376274826,29.414922168545356,8.621846484165324,1.865271068169619,45.73268921095008,5.642780461621041,2.2745571658615136,,
74,5.340848094471283,1.7579173376274826,29.381374127750938,8.621846484165324,1.865271068169619,45.14224369296833,5.615942028985507,2.2745571658615136,,
75,5.689747718733226,1.7579173376274826,29.09957058507783,8.950617283950617,1.865271068169619,44.60547504025765,6.005099302200751,2.0263016639828235,,
76,5.998389694041868,1.7579173376274826,28.965378421900162,8.950617283950617,1.865271068169619,44.22302737520129,6.005099302200751,2.2342995169082127,,
77,5.790391841116479,1.7579173376274826,35.00402576489533,6.756575415995706,1.865271068169619,40.58641975308642,6.005099302200751,2.2342995169082127,,
78,5.991680085882985,1.7579173376274826,34.997316156736446,6.756575415995706,1.865271068169619,40.3918411164788,6.005099302200751,2.2342995169082127,,
79,6.078904991948471,1.7579173376274826,34.957058507783145,6.756575415995706,1.8317230273752012,40.385131508319915,5.998389694041868,2.2342995169082127,,
80,6.219806763285024,1.7579173376274826,34.84299516908212,6.736446591519055,1.8317230273752012,40.385131508319915,5.991680085882985,2.2342995169082127,,
81,6.246645195920558,1.7579173376274826,34.816156736446594,6.736446591519055,1.8317230273752012,40.385131508319915,5.991680085882985,2.2342995169082127,,
82,6.407675791733762,1.7579173376274826,34.78260869565217,6.696188942565755,1.8317230273752012,40.365002683843265,5.924584004294149,2.2342995169082127,,
83,6.575415995705851,1.7579173376274826,35.72195383789587,6.6827697262479875,1.7444981213097155,39.432367149758456,5.924584004294149,2.1604938271604937,,
84,6.132581857219538,1.7444981213097155,33.353462157809986,6.300322061191626,1.7444981213097155,42.639559849704774,5.924584004294149,2.1604938271604937,,
85,6.360708534621578,1.7310789049919484,33.21926999463231,6.300322061191626,1.7444981213097155,41.8142780461621,6.66935050993022,2.1604938271604937,,
86,6.454643048845948,1.7310789049919484,32.930756843800324,5.998389694041868,1.7444981213097155,41.7740203972088,6.66935050993022,2.1604938271604937,0.5367686527106817,
87,6.199677938808374,1.7310789049919484,38.687600644122384,4.528985507246377,1.7444981213097155,37.795222758990874,6.635802469135802,2.1403650026838434,0.5367686527106817,
88,6.253354804079442,1.6841116478797638,38.64734299516908,4.528985507246377,1.8048845947396672,37.76838432635534,6.635802469135802,2.1403650026838434,0.5367686527106817,
89,6.447933440687064,1.6841116478797638,38.60708534621578,4.528985507246377,1.8048845947396672,37.61406333870102,6.635802469135802,2.1403650026838434,0.5367686527106817,
90,6.3137412775093935,1.5901771336553945,42.961621041331185,4.38137412775094,1.8048845947396672,33.333333333333336,6.286902844873859,2.791196994095545,0.5367686527106817,
91,6.327160493827161,1.5901771336553945,42.0625335480408,5.535426731078905,1.8048845947396672,33.3064949006978,6.266774020397209,2.475845410628019,0.630703166935051,
92,6.3070316693505095,1.5901771336553945,40.08990874932904,10.534084809447128,1.7847557702630166,31.46135265700483,5.12614063338701,2.475845410628019,0.630703166935051,
93,6.347289318303811,1.5901771336553945,37.526838432635536,10.487117552334944,1.7847557702630166,34.05797101449275,5.12614063338701,2.4490069779924855,0.630703166935051,
94,6.481481481481482,1.5901771336553945,37.19135802469136,10.352925389157273,1.7847557702630166,33.05823939881911,5.10601180891036,3.8043478260869565,0.630703166935051,
95,6.655931293612453,1.5901771336553945,37.151100375738054,10.292538915727322,1.7847557702630166,32.98443370907139,5.10601180891036,3.8043478260869565,0.630703166935051,
96,7.058507783145465,1.5901771336553945,36.922973698336016,10.258990874932904,1.7847557702630166,32.870370370370374,5.10601180891036,3.7775093934514223,0.630703166935051,
97,7.199409554482019,1.570048309178744,36.822329575952764,10.245571658615138,1.7847557702630166,32.870370370370374,5.10601180891036,3.770799785292539,0.630703166935051,
98,7.75630703166935,1.570048309178744,35.82259796027912,10.245571658615138,1.7847557702630166,32.6154052603328,5.092592592592593,4.4820182501341925,0.630703166935051,
99,7.1725711218464845,1.570048309178744,34.29951690821256,8.80300590445518,1.778046162104133,37.104133118625874,4.159957058507783,4.4820182501341925,0.630703166935051,
100,7.14573268921095,1.570048309178744,33.61513687600644,9.628287707997853,1.778046162104133,37.01690821256039,4.133118625872249,4.4820182501341925,0.630703166935051,
101,7.306763285024155,1.570048309178744,33.3870101986044,9.621578099838969,1.778046162104133,36.74852388620504,4.99194847020934,3.965378421900161,0.630703166935051,
102,7.50805152979066,1.570048309178744,33.3064949006978,9.614868491680086,1.778046162104133,36.68142780461621,4.99194847020934,3.938539989264627,0.6105743424584005,
103,7.897208803005904,1.5633387010198605,33.48765432098765,9.272678475577026,1.778046162104133,36.500268384326354,4.951690821256038,3.938539989264627,0.6105743424584005,
104,8.05823939881911,1.5633387010198605,33.45410628019324,9.272678475577026,1.778046162104133,36.37278582930757,4.951690821256038,3.938539989264627,0.6105743424584005,
105,8.360171765968868,1.5432098765432098,33.313204508856685,9.245840042941492,1.778046162104133,36.25872249060655,4.951690821256038,3.938539989264627,0.6105743424584005,
106,8.36688137412775,1.5432098765432098,32.33360171765969,8.675523349436393,1.778046162104133,37.80193236714976,4.951690821256038,3.938539989264627,0.6105743424584005,
107,8.427267847557703,1.5432098765432098,32.30005367686527,8.668813741277509,1.778046162104133,37.78180354267311,4.951690821256038,3.938539989264627,0.6105743424584005,
108,8.57487922705314,1.5432098765432098,32.25979602791197,8.668813741277509,1.778046162104133,37.67444981213097,4.951690821256038,3.938539989264627,0.6105743424584005,
109,8.863392377885132,1.5432098765432098,32.17928073000537,8.61513687600644,1.778046162104133,37.533548040794415,4.951690821256038,3.92512077294686,0.6105743424584005,
110,9.017713365539452,1.5297906602254427,32.139023081052066,8.601717659688674,1.778046162104133,37.446323134728935,4.951690821256038,3.92512077294686,0.6105743424584005,
111,9.118357487922705,1.5297906602254427,32.06521739130435,8.601717659688674,1.778046162104133,37.446323134728935,4.924852388620504,3.92512077294686,0.6105743424584005,
112,9.017713365539452,1.5297906602254427,33.19243156199678,8.601717659688674,1.778046162104133,36.05743424584004,4.924852388620504,4.28743961352657,0.6105743424584005,
113,8.84326355340848,1.5297906602254427,35.829307568438004,8.360171765968868,1.778046162104133,34.044551798174986,4.898013955984971,4.166666666666667,0.5501878690284487,
114,8.588298443370908,1.5029522275899088,35.49382716049383,8.360171765968868,1.778046162104133,34.66183574879227,4.898013955984971,4.166666666666667,0.5501878690284487,
115,8.085077831454644,1.5029522275899088,31.414385399892645,6.884057971014493,2.1269457863660763,40.59983896940419,4.74369296833065,4.166666666666667,0.47638217928073,
116,8.192431561996779,1.5029522275899088,31.206387546967257,6.615673644659152,2.1269457863660763,39.50617283950617,5.689747718733226,4.166666666666667,0.47638217928073,0.5166398282340311
117,7.648953301127214,0.9326355340848095,27.180622651637144,6.5552871712292005,2.1269457863660763,46.262748255501876,4.28743961352657,4.03918411164788,0.4562533548040794,0.5099302200751477
118,7.7898550724637685,0.9326355340848095,27.180622651637144,6.535158346752549,2.1269457863660763,46.141975308641975,4.28743961352657,4.03918411164788,0.4562533548040794,0.5099302200751477
119,7.883789586688137,0.9326355340848095,27.180622651637144,6.535158346752549,2.1269457863660763,46.09500805152979,4.28743961352657,3.992216854535695,0.4562533548040794,0.5099302200751477
120,8.044820182501342,0.9326355340848095,27.147074610842726,6.535158346752549,2.3215244229736984,45.833333333333336,4.240472356414386,3.978797638217928,0.4562533548040794,0.5099302200751477
121,8.460815888352121,0.9326355340848095,27.100107353730543,6.535158346752549,2.3215244229736984,45.70585077831455,4.133118625872249,3.844605475040258,0.4562533548040794,0.5099302200751477
122,8.61513687600644,0.9326355340848095,27.059849704777243,6.535158346752549,2.3081052066559313,45.60520665593129,4.133118625872249,3.844605475040258,0.4562533548040794,0.5099302200751477
123,8.695652173913043,0.9326355340848095,27.059849704777243,6.528448738593666,2.3081052066559313,45.53811057434246,4.133118625872249,3.844605475040258,0.4562533548040794,0.5032206119162641
124,8.870101986044014,0.9326355340848095,27.046430488459475,6.528448738593666,2.2745571658615136,45.108695652173914,4.804079441760601,3.4957058507783145,0.4562533548040794,0.4830917874396135
125,8.957326892109501,0.9326355340848095,27.006172839506174,6.528448738593666,2.2745571658615136,45.07514761137949,4.790660225442834,3.4957058507783145,0.4562533548040794,0.4830917874396135
126,9.024422973698336,0.9326355340848095,26.818303811057433,6.488191089640365,2.4892646269457863,45.02147074610843,4.790660225442834,3.4957058507783145,0.4562533548040794,0.4830917874396135
127,9.386741814278047,0.9326355340848095,26.704240472356414,6.488191089640365,2.4892646269457863,44.806763285024154,4.783950617283951,3.4688674181427803,0.4562533548040794,0.4830917874396135
128,9.554482018250134,0.9326355340848095,26.549919484702095,6.421095008051529,3.012614063338701,44.337090713902306,4.783950617283951,3.4688674181427803,0.4562533548040794,0.4830917874396135
129,9.433709071390231,0.9326355340848095,29.126409017713364,6.280193236714976,2.999194847020934,42.20343531937735,4.736983360171766,3.3480944712828773,0.4562533548040794,0.4830917874396135
130,9.64170692431562,0.9326355340848095,28.495705850778315,6.280193236714976,2.8918411164787976,41.46537842190016,4.703435319377348,4.64975845410628,0.4562533548040794,0.4830917874396135
131,9.849704777241008,0.9326355340848095,28.468867418142782,6.280193236714976,2.8918411164787976,41.337895866881375,4.703435319377348,4.5960815888352125,0.4562533548040794,0.4830917874396135
132,10.124798711755233,0.9326355340848095,28.421900161030596,6.260064412238325,2.7979066022544283,41.156736446591516,4.703435319377348,4.663177670424047,0.4562533548040794,0.4830917874396135
133,10.299248523886206,0.9326355340848095,28.30112721417069,6.260064412238325,2.7979066022544283,41.116478797638216,4.703435319377348,4.663177670424047,0.4428341384863124,0.4830917874396135
134,10.25228126677402,0.9326355340848095,27.932098765432098,7.024959742351046,2.7241009125067097,40.727321524422976,4.817498658078368,4.663177670424047,0.4428341384863124,0.4830917874396135
135,10.50053676865271,0.9326355340848095,27.85829307568438,7.326892109500805,2.5026838432635534,40.58641975308642,4.703435319377348,4.663177670424047,0.4428341384863124,0.4830917874396135
136,10.560923242082662,0.9326355340848095,27.85829307568438,7.313472893183038,2.5026838432635534,40.53945249597424,4.703435319377348,4.663177670424047,0.4428341384863124,0.4830917874396135
137,10.628019323671497,0.9326355340848095,27.811325818572197,7.313472893183038,2.49597423510467,40.52603327965647,4.703435319377348,4.663177670424047,0.4428341384863124,0.4830917874396135
138,11.131239935587761,0.9326355340848095,27.730810520665592,7.27992485238862,2.49597423510467,40.163714439076756,4.676596886741814,4.663177670424047,0.4428341384863124,0.4830917874396135
139,11.714975845410628,0.9326355340848095,27.34836285560923,7.27992485238862,2.49597423510467,39.962426194310254,4.676596886741814,4.663177670424047,0.4428341384863124,0.4830917874396135
140,11.849168008588299,0.9326355340848095,27.34836285560923,7.27992485238862,2.49597423510467,39.82823403113258,4.676596886741814,4.663177670424047,0.4428341384863124,0.4830917874396135
141,12.010198604401502,0.9326355340848095,27.32823403113258,7.239667203435319,2.49597423510467,39.72758990874933,4.676596886741814,4.663177670424047,0.4428341384863124,0.4830917874396135
142,11.996779388083736,0.9326355340848095,27.274557165861513,7.239667203435319,2.49597423510467,39.40552871712292,4.676596886741814,5.052334943639291,0.4428341384863124,0.4830917874396135
143,12.110842726784755,0.9326355340848095,27.220880300590444,7.239667203435319,2.49597423510467,39.34514224369297,4.676596886741814,5.052334943639291,0.4428341384863124,0.4830917874396135
144,12.446323134728932,0.9192163177670424,27.20746108427268,7.232957595276436,2.49597423510467,39.10359634997316,4.676596886741814,4.99194847020934,0.4428341384863124,0.4830917874396135
145,11.33923778851315,0.9192163177670424,29.347826086956523,6.333870101986044,2.227589908749329,39.781266774020395,4.64975845410628,5.35426731078905,,0.04696725711218465
146,11.379495437466453,0.9192163177670424,29.320987654320987,6.320450885668277,2.227589908749329,39.781266774020395,4.64975845410628,5.35426731078905,,0.04696725711218465
147,11.553945249597424,0.9057971014492754,29.320987654320987,6.320450885668277,2.227589908749329,39.62023617820719,4.64975845410628,5.35426731078905,,0.04696725711218465
148,11.98336017176597,0.9057971014492754,29.13311862587225,6.3070316693505095,2.227589908749329,39.432367149758456,4.64975845410628,5.314009661835748,,0.04696725711218465
149,11.3593666129898,0.9057971014492754,25.785024154589372,2.7979066022544283,2.227589908749329,47.02093397745572,4.575952764358561,5.293880837359098,,0.03354804079441761
150,11.419753086419753,0.9057971014492754,25.744766505636072,2.7979066022544283,2.227589908749329,47.00080515297907,4.575952764358561,5.293880837359098,,0.03354804079441761
151,11.480139559849706,0.9057971014492754,25.697799248523886,2.7979066022544283,2.227589908749329,46.081588835212024,5.481749865807837,5.293880837359098,,0.03354804079441761
152,11.641170155662909,0.9057971014492754,25.53676865271068,2.7979066022544283,2.227589908749329,46.081588835212024,5.481749865807837,5.293880837359098,,0.03354804079441761
153,11.688137412775093,0.9057971014492754,24.966451959205582,2.7777777777777777,3.8378958668813743,44.79334406870639,5.481749865807837,5.548845947396672,,
154,11.104401502952227,0.9057971014492754,23.752012882447666,8.32662372517445,2.6838432635534084,42.42485238862051,5.4549114331723025,5.347557702630167,,
155,11.460010735373054,0.9057971014492754,23.57085346215781,8.32662372517445,2.6838432635534084,41.86124530327429,5.414653784219001,5.776972624798712,,
156,11.674718196457327,0.9057971014492754,23.557434245840042,8.172302737520129,2.6838432635534084,41.83440687063875,5.394524959742351,5.776972624798712,,
157,11.849168008588299,0.8990874932903918,23.557434245840042,8.172302737520129,2.589908749329039,41.76060118089104,5.394524959742351,5.776972624798712,,
158,11.996779388083736,0.8990874932903918,23.450080515297905,8.165593129361245,2.9052603327965647,41.41170155662909,5.394524959742351,5.776972624798712,,
159,12.090713902308105,0.8990874932903918,23.450080515297905,8.145464304884594,2.8784219001610305,41.36473429951691,5.394524959742351,5.776972624798712,,
160,12.513419216317766,0.8990874932903918,23.255501878690286,8.145464304884594,2.8784219001610305,41.176865271068166,5.367686527106817,5.763553408480945,,
161,12.667740203972087,0.8722490606548577,22.477187332259795,8.883521202361782,2.8784219001610305,40.425389157273216,5.756843800322061,6.038647342995169,,
162,12.47987117552335,0.8722490606548577,22.208803005904453,9.380032206119163,2.8381642512077296,40.21068169618894,5.6964573268921095,6.3137412775093935,,
163,12.701288244766506,0.8722490606548577,22.17525496511004,9.252549651100376,2.8381642512077296,40.15029522275899,5.6964573268921095,6.3137412775093935,,
164,12.801932367149758,0.8722490606548577,21.994095544820183,9.252549651100376,2.8381642512077296,40.123456790123456,5.662909286097692,6.3137412775093935,0.14090177133655393,
165,12.889157273215245,0.8722490606548577,21.772678475577028,9.232420826623725,3.4420289855072466,39.07675791733763,6.260064412238325,6.3137412775093935,0.14090177133655393,
166,13.063607085346217,0.8722490606548577,21.423778851315085,9.138486312399356,3.69699409554482,38.7614063338701,6.689479334406871,6.213097155126141,0.14090177133655393,
167,12.869028448738593,0.8722490606548577,23.2085346215781,8.668813741277509,3.3413848631239937,38.29173376274826,6.6827697262479875,5.924584004294149,0.14090177133655393,
168,13.009930220075148,0.8521202361782072,23.14814814814815,8.648684916800859,3.3413848631239937,38.28502415458937,6.6827697262479875,5.891035963499732,0.14090177133655393,
169,13.191089640365004,0.8521202361782072,23.13472893183038,8.621846484165324,3.3413848631239937,38.157541599570585,6.66935050993022,5.891035963499732,0.14090177133655393,
170,13.298443370907139,0.8521202361782072,23.10789049919485,8.621846484165324,3.3413848631239937,38.077026301663984,6.66935050993022,5.891035963499732,0.14090177133655393,
171,13.385668276972625,0.8387010198604401,23.10789049919485,8.621846484165324,3.3413848631239937,38.0300590445518,6.642512077294686,5.891035963499732,0.14090177133655393,
172,13.539989264626946,0.8387010198604401,23.081052066559312,8.608427267847558,3.3413848631239937,37.915995705850776,6.642512077294686,5.891035963499732,0.14090177133655393,
173,13.298443370907139,0.8252818035426731,24.261943102522814,8.11862587224906,3.3413848631239937,37.47987117552335,6.642512077294686,5.891035963499732,0.14090177133655393,
174,13.506441223832528,0.8252818035426731,24.14117015566291,8.11862587224906,3.3413848631239937,37.33225979602791,6.615673644659152,5.978260869565218,0.14090177133655393,
175,12.627482555018787,0.6508319914117016,22.510735373054214,9.185453569511541,3.052871712292002,39.31830381105743,6.575415995705851,5.938003220611916,0.14090177133655393,
176,12.47987117552335,0.6508319914117016,22.443639291465377,9.185453569511541,3.052871712292002,37.567096081588836,8.55475040257649,5.924584004294149,0.14090177133655393,
177,12.593934514224369,0.6508319914117016,22.430220075147613,9.185453569511541,3.052871712292002,37.473161567364464,8.55475040257649,5.917874396135265,0.14090177133655393,
178,12.681159420289855,0.6508319914117016,22.906602254428343,9.104938271604938,2.6838432635534084,37.4194847020934,8.53462157809984,5.877616747181965,0.14090177133655393,
179,12.828770799785293,0.6508319914117016,22.852925389157274,9.104938271604938,2.6838432635534084,37.32555018786903,8.53462157809984,5.877616747181965,0.14090177133655393,
180,12.5402576489533,0.6508319914117016,22.57783145464305,9.104938271604938,2.6838432635534084,36.761943102522814,9.970477724100913,5.5689747718733225,0.14090177133655393,
181,12.775093934514224,0.6508319914117016,22.57783145464305,9.078099838969404,2.6838432635534084,36.594202898550726,9.970477724100913,5.528717122920021,0.14090177133655393,
182,12.922705314009661,0.6508319914117016,22.5577026301664,9.05126140633387,2.6838432635534084,36.18491680085883,9.970477724100913,5.837359098228664,0.14090177133655393,
183,13.09044551798175,0.644122383252818,22.52415458937198,9.05126140633387,2.6838432635534084,36.08427267847558,9.970477724100913,5.810520665593129,0.14090177133655393,
184,13.077026301663983,0.644122383252818,23.1682769726248,8.997584541062801,2.6838432635534084,35.950080515297905,9.608158883521202,5.730005367686527,0.14090177133655393,
185,13.399087493290391,0.644122383252818,23.10789049919485,8.997584541062801,2.6838432635534084,35.72866344605475,9.588030059044552,5.709876543209877,0.14090177133655393,
186,13.58695652173913,0.644122383252818,23.09447128287708,8.984165324745035,2.6838432635534084,35.45356951154053,9.588030059044552,5.8239398819108965,0.14090177133655393,
187,13.821792807300053,0.644122383252818,22.886473429951693,8.984165324745035,2.5966183574879227,35.44685990338164,9.655126140633387,5.8239398819108965,0.14090177133655393,
188,14.150563607085346,0.644122383252818,22.873054213633925,8.984165324745035,2.5966183574879227,35.198604401502955,9.634997316156737,5.776972624798712,0.14090177133655393,
189,14.237788513150832,0.644122383252818,22.859634997316157,8.977455716586151,2.5966183574879227,35.14492753623188,9.621578099838969,5.776972624798712,0.14090177133655393,
190,14.412238325281804,0.644122383252818,22.832796564680624,8.977455716586151,2.5966183574879227,35.06441223832528,9.621578099838969,5.709876543209877,0.14090177133655393,
191,14.512882447665056,0.6374127750939346,22.785829307568438,8.977455716586151,2.5966183574879227,35.017444981213096,9.621578099838969,5.709876543209877,0.14090177133655393,
192,14.606816961889425,0.6374127750939346,22.77241009125067,8.514492753623188,2.5966183574879227,34.936929683306495,10.084541062801932,5.709876543209877,0.14090177133655393,
193,14.667203435319378,0.6374127750939346,22.73215244229737,8.501073537305421,2.5966183574879227,34.74906065485776,10.071121846484166,5.904455179817498,0.14090177133655393,
194,14.922168545356952,0.6374127750939346,22.73215244229737,8.501073537305421,2.5966183574879227,34.66183574879227,9.91009125067096,5.897745571658615,0.14090177133655393,
195,15.096618357487923,0.6374127750939346,22.584541062801932,8.608427267847558,2.5295222758990876,34.6081588835212,9.91009125067096,5.884326355340848,0.14090177133655393,
196,15.72061191626409,0.6374127750939346,22.477187332259795,8.588298443370908,2.5161030595813205,34.13177670424047,9.903381642512077,5.884326355340848,0.14090177133655393,
197,15.901771336553946,0.6374127750939346,22.376543209876544,8.588298443370908,2.5161030595813205,34.05126140633387,9.903381642512077,5.884326355340848,0.14090177133655393,
198,13.81508319914117,0.0067096081588835215,19.726247987117553,7.863660762211487,2.314814814814815,40.88164251207729,9.500805152979066,5.750134192163178,0.14090177133655393,
199,13.92914653784219,0.0067096081588835215,19.652442297369834,7.85024154589372,2.301395598497048,40.88164251207729,9.500805152979066,5.736714975845411,0.14090177133655393,
200,14.17740203972088,0.0067096081588835215,19.592055823939884,7.836822329575953,2.301395598497048,40.78099838969404,9.447128287707997,5.71658615136876,0.14090177133655393,
201,14.42565754159957,0.0067096081588835215,19.410896403650028,7.830112721417069,2.301395598497048,40.72061191626409,9.447128287707997,5.71658615136876,0.14090177133655393,
202,14.754428341384862,0.0067096081588835215,19.343800322061192,7.809983896940419,2.301395598497048,40.385131508319915,9.554482018250134,5.703166935050993,0.14090177133655393,
203,14.868491680085883,0.0067096081588835215,19.343800322061192,7.809983896940419,2.301395598497048,40.344873859366615,9.480676328502415,5.703166935050993,0.14090177133655393,
204,15.002683843263553,0.0067096081588835215,19.30354267310789,7.809983896940419,2.4490069779924855,40.143585614600106,9.46725711218465,5.676328502415459,0.14090177133655393,
205,15.03623188405797,0.0067096081588835215,19.28341384863124,7.809983896940419,2.4490069779924855,40.13016639828234,9.46725711218465,5.676328502415459,0.14090177133655393,
206,14.660493827160494,0.0067096081588835215,18.61916264090177,10.158346752549651,2.428878153515835,39.23778851315083,9.460547504025765,5.287171229200215,0.14090177133655393,
207,14.700751476113794,0.0067096081588835215,18.86070853462158,10.124798711755233,2.428878153515835,39.18411164787977,9.426999463231347,5.12614063338701,0.14090177133655393,
208,15.009393451422437,0.0067096081588835215,18.726516371443907,10.044283413848632,2.428878153515835,39.13714439076758,9.420289855072463,5.0858829844337095,0.14090177133655393,
209,14.949006977992486,0.0067096081588835215,20.12211486849168,9.91009125067096,2.38191089640365,38.238056897477186,9.366612989801396,4.884594739667204,0.14090177133655393,
210,15.08990874932904,0.0067096081588835215,20.12211486849168,9.91009125067096,2.38191089640365,38.097155126140635,9.366612989801396,4.884594739667204,0.14090177133655393,
211,15.116747181964573,0.0067096081588835215,18.733225979602793,11.486849168008588,2.38191089640365,37.996511003757384,9.265968867418144,4.871175523349437,0.14090177133655393,
212,14.734299516908212,0.0067096081588835215,18.317230273752013,13.405797101449275,2.38191089640365,37.30542136339238,9.138486312399356,4.569243156199678,0.14090177133655393,
213,15.022812667740205,0.0067096081588835215,18.230005367686527,13.405797101449275,2.3617820719269993,37.13768115942029,9.125067096081589,4.569243156199678,0.14090177133655393,
214,15.11003757380569,0.0067096081588835215,18.223295759527645,13.378958668813741,2.3617820719269993,37.11084272678475,9.098228663446054,4.569243156199678,0.14090177133655393,
215,15.11003757380569,0.0067096081588835215,18.183038110574344,13.378958668813741,2.3617820719269993,36.62775093934514,9.621578099838969,4.569243156199678,0.14090177133655393,
216,15.163714439076758,0.0067096081588835215,18.183038110574344,13.378958668813741,2.3617820719269993,36.62775093934514,9.601449275362318,4.53569511540526,0.14090177133655393,
217,15.774288781535159,0.0067096081588835215,18.149490069779926,13.33870101986044,2.3617820719269993,36.33252818035427,9.359903381642512,4.53569511540526,0.14090177133655393,
218,15.921900161030596,0.0067096081588835215,18.089103596349972,13.305152979066023,2.3617820719269993,36.30568974771873,9.333064949006978,4.53569511540526,0.14090177133655393,
219,15.915190552871712,0.0067096081588835215,17.673107890499196,14.036500268384327,2.3617820719269993,36.14465915190553,9.185453569511541,4.53569511540526,0.14090177133655393,
220,16.13660762211487,0.0067096081588835215,17.673107890499196,13.81508319914117,2.301395598497048,35.91653247450349,9.50751476113795,4.502147074610843,0.14090177133655393,
221,16.337895866881375,0.0067096081588835215,17.639559849704778,13.6808910359635,2.301395598497048,35.90311325818572,9.50751476113795,4.488727858293076,0.13419216317767044,
222,16.31105743424584,0.0067096081588835215,17.612721417069242,13.66076221148685,2.771068169618894,35.527375201288244,9.50751476113795,4.468599033816425,0.13419216317767044,
223,16.53918411164788,0.0067096081588835215,17.51207729468599,13.633923778851315,2.757648953301127,35.45356951154053,9.494095544820183,4.468599033816425,0.13419216317767044,
224,16.7337627482555,0.0067096081588835215,17.357756307031668,13.633923778851315,2.7509393451422435,35.42002147074611,9.494095544820183,4.468599033816425,0.13419216317767044,
225,16.243961352657006,0.0067096081588835215,19.961084272678477,13.526570048309178,2.61003757380569,34.90338164251208,8.836553945249598,3.7775093934514223,0.13419216317767044,
226,16.324476650563607,0.0067096081588835215,19.94766505636071,13.513150831991412,2.61003757380569,34.84970477724101,8.836553945249598,3.7775093934514223,0.13419216317767044,
227,16.344605475040257,0.0067096081588835215,19.94766505636071,13.513150831991412,2.61003757380569,34.836285560923244,8.829844337090714,3.7775093934514223,0.13419216317767044,
228,16.901502952227588,0.0067096081588835215,19.806763285024154,13.419216317767042,2.61003757380569,34.58132045088567,8.80300590445518,3.7372517444981215,0.13419216317767044,
229,16.99543746645196,0.0067096081588835215,19.77992485238862,13.405797101449275,2.589908749329039,34.54777241009125,8.80300590445518,3.7372517444981215,0.13419216317767044,
230,17.16988727858293,0.0067096081588835215,19.753086419753085,13.405797101449275,2.589908749329039,34.514224369296834,8.68894256575416,3.7372517444981215,0.13419216317767044,
231,17.223564143854,0.0067096081588835215,19.753086419753085,13.39237788513151,2.5831991411701556,34.50751476113795,8.662104133118627,3.7372517444981215,0.13419216317767044,
232,17.411433172302736,0.0067096081588835215,19.746376811594203,13.385668276972625,2.5831991411701556,34.37332259796028,8.641975308641975,3.717122920021471,0.13419216317767044,
233,17.53220611916264,0.0067096081588835215,19.672571121846484,13.385668276972625,2.5831991411701556,34.326355340848096,8.641975308641975,3.717122920021471,0.13419216317767044,
234,17.559044551798173,0.0067096081588835215,19.672571121846484,13.385668276972625,2.5831991411701556,34.29951690821256,8.641975308641975,3.717122920021471,0.13419216317767044,
235,17.834138486312398,0.0067096081588835215,19.592055823939884,13.258185721953838,2.5831991411701556,34.245840042941495,8.628556092324208,3.717122920021471,0.13419216317767044,
236,17.867686527106816,0.0067096081588835215,19.57192699946323,13.24476650563607,2.5831991411701556,34.245840042941495,8.628556092324208,3.717122920021471,0.13419216317767044,
237,18.06897477187332,0.0067096081588835215,19.57192699946323,13.170960815888352,2.5831991411701556,34.12506709608159,8.621846484165324,3.717122920021471,0.13419216317767044,
238,18.203166935050994,0.0067096081588835215,19.57192699946323,13.137412775093935,2.5831991411701556,34.05797101449275,8.608427267847558,3.69699409554482,0.13419216317767044,
239,18.310520665593128,0.0067096081588835215,19.57192699946323,13.09044551798175,2.5831991411701556,34.024422973698336,8.581588835212024,3.69699409554482,0.13419216317767044,
240,18.38432635534085,0.0067096081588835215,19.57192699946323,13.09044551798175,2.5831991411701556,33.97745571658615,8.55475040257649,3.69699409554482,0.13419216317767044,
241,18.47826086956522,0.0067096081588835215,19.558507783145465,13.09044551798175,2.5563607085346214,33.95061728395062,8.55475040257649,3.670155662909286,0.13419216317767044,
242,18.50509930220075,0.0067096081588835215,19.53166935050993,13.09044551798175,2.5563607085346214,33.95061728395062,8.55475040257649,3.670155662909286,0.13419216317767044,
243,17.975040257648953,,19.43773483628556,13.056897477187333,2.5563607085346214,34.62157809983897,8.548040794417606,3.670155662909286,0.13419216317767044,
244,17.733494363929147,,19.35721953837896,14.465915190552872,2.200751476113795,33.89023081052066,8.548040794417606,3.670155662909286,0.13419216317767044,
