,45,50,55,53,54,51,52,57,56,58,59,60,61,62,46
0,92.28395061728395,7.716049382716049,,,,,,,,,,,,,
1,92.09608158883522,7.809983896940419,0.0939345142243693,,,,,,,,,,,,
2,91.59286097691894,8.28636607622115,0.12077294685990338,,,,,,,,,,,,
3,91.27079978529254,8.608427267847558,0.12077294685990338,,,,,,,,,,,,
4,90.85480407944176,9.01100375738057,0.13419216317767044,,,,,,,,,,,,
5,89.28475577026302,10.581052066559312,0.13419216317767044,,,,,,,,,,,,
6,88.92914653784219,10.909822866344605,0.1610305958132045,,,,,,,,,,,,
7,83.80971551261406,14.298174986580785,,1.892109500805153,,,,,,,,,,,
8,81.07219538378959,17.062533548040793,,1.865271068169619,,,,,,,,,,,
9,79.01905528717123,18.98148148148148,,1.865271068169619,0.13419216317767044,,,,,,,,,,
10,78.85802469135803,19.142512077294686,,1.865271068169619,0.13419216317767044,,,,,,,,,,
11,78.74396135265701,19.256575415995705,,1.865271068169619,0.13419216317767044,,,,,,,,,,
12,77.02630166398282,20.90042941492217,0.03354804079441761,1.865271068169619,0.13419216317767044,0.020128824476650563,0.020128824476650563,,,,,,,,
13,75.49651100375738,22.416800858829845,0.03354804079441761,1.865271068169619,0.13419216317767044,0.03354804079441761,0.020128824476650563,,,,,,,,
14,59.574610842726784,38.18438003220612,0.1878690284487386,1.865271068169619,0.13419216317767044,0.03354804079441761,0.020128824476650563,,,,,,,,
15,59.4068706387547,38.056897477187334,0.32877079978529256,1.865271068169619,0.13419216317767044,0.1878690284487386,0.020128824476650563,,,,,,,,
16,57.48792270531401,32.64224369296833,0.49651100375738055,1.892109500805153,0.13419216317767044,0.1878690284487386,7.159151905528717,,,,,,,,
17,56.96457326892109,32.809983896940416,0.49651100375738055,1.892109500805153,0.13419216317767044,0.5434782608695652,7.152442297369833,0.0067096081588835215,,,,,,,
18,56.70960815888352,32.991143317230275,0.6038647342995169,1.90552871712292,0.13419216317767044,0.5166398282340311,7.132313472893183,0.0067096081588835215,,,,,,,
19,56.474771873322595,31.61567364465915,0.630703166935051,1.90552871712292,1.6975308641975309,0.5367686527106817,7.132313472893183,0.0067096081588835215,,,,,,,
20,54.58266237251745,30.09259259259259,0.7246376811594203,5.146269457863661,1.7646269457863661,0.5367686527106817,7.132313472893183,0.0067096081588835215,0.013419216317767043,,,,,,
21,53.6231884057971,30.817230273752013,0.9460547504025765,5.005367686527107,1.7646269457863661,0.6642512077294686,7.051798174986581,0.08722490606548577,0.040257648953301126,,,,,,
22,51.892109500805155,27.84487385936661,0.9326355340848095,3.9720880300590444,1.6304347826086956,12.607353730542137,1.0802469135802468,,0.040257648953301126,,,,,,
23,51.207729468599034,28.133387010198604,1.0332796564680622,3.9519592055823938,1.5767579173376274,12.902576489533011,1.0802469135802468,,0.040257648953301126,0.020128824476650563,0.05367686527106817,,,,
24,51.01315083199141,27.30139559849705,1.1473429951690821,3.92512077294686,1.6103059581320451,13.808373590982287,1.0802469135802468,,0.040257648953301126,0.020128824476650563,0.05367686527106817,,,,
25,50.70450885668277,27.234299516908212,1.1808910359634996,3.9586688137412773,1.6371443907675791,14.090177133655395,1.0802469135802468,,0.040257648953301126,0.020128824476650563,0.05367686527106817,,,,
26,50.14090177133655,27.76435856146001,1.1808910359634996,3.9586688137412773,1.6975308641975309,14.06333870101986,1.0802469135802468,,0.040257648953301126,0.020128824476650563,0.05367686527106817,,,,
27,48.57756307031669,29.260601180891037,1.2345679012345678,3.9452495974235107,1.6975308641975309,14.076757917337627,1.0802469135802468,,0.040257648953301126,0.03354804079441761,0.05367686527106817,,,,
28,48.58427267847558,29.1532474503489,1.2815351583467525,3.9318303811057436,1.7176596886741815,14.123725174449811,1.0802469135802468,,0.040257648953301126,0.03354804079441761,0.05367686527106817,,,,
29,47.46376811594203,29.985238862050455,1.3150831991411702,3.603059581320451,2.999194847020934,13.425925925925926,1.0802469135802468,,0.040257648953301126,0.03354804079441761,0.05367686527106817,,,,
30,46.73913043478261,30.64278046162104,1.4761137949543746,3.616478797638218,2.9790660225442833,13.318572195383789,1.0802469135802468,,0.040257648953301126,0.03354804079441761,0.07380568974771873,,,,
31,46.66532474503489,30.454911433172303,1.4895330112721417,3.616478797638218,3.0394524959742353,13.466183574879228,1.1003757380568975,,0.040257648953301126,0.03354804079441761,0.0939345142243693,,,,
32,46.67203435319377,30.441492216854535,1.4895330112721417,3.603059581320451,3.0595813204508855,13.466183574879228,1.0869565217391304,0.013419216317767043,0.040257648953301126,0.03354804079441761,0.0939345142243693,,,,
33,44.7463768115942,32.25308641975309,1.596886741814278,3.603059581320451,3.1736446591519054,13.358829844337091,1.0869565217391304,0.013419216317767043,0.040257648953301126,0.03354804079441761,0.0939345142243693,,,,
34,44.639023081052066,32.23966720343532,1.6975308641975309,3.603059581320451,3.260869565217391,13.291733762748256,1.0869565217391304,0.013419216317767043,0.040257648953301126,0.03354804079441761,0.0939345142243693,,,,
35,44.34380032206119,32.17928073000537,1.9256575415995705,3.938539989264627,3.2206119162640903,13.130703166935051,1.0802469135802468,0.013419216317767043,0.040257648953301126,0.03354804079441761,0.0939345142243693,,,,
36,44.34380032206119,32.14573268921095,1.9256575415995705,3.938539989264627,3.2206119162640903,13.130703166935051,1.1137949543746646,0.013419216317767043,0.040257648953301126,0.03354804079441761,0.0939345142243693,,,,
37,42.639559849704774,33.742619431025226,2.046430488459474,3.9049919484702094,3.9519592055823938,12.385936661298981,1.1137949543746646,0.013419216317767043,0.06038647342995169,0.04696725711218465,0.0939345142243693,,,,
38,42.270531400966185,32.63553408480945,2.059849704777241,5.428073000536768,3.9519592055823938,12.338969404186795,1.1137949543746646,0.013419216317767043,0.04696725711218465,0.04696725711218465,0.0939345142243693,,,,
39,41.48550724637681,32.78314546430489,2.2074610842726785,4.206924315619967,3.9519592055823938,12.224906065485776,2.9253891572732154,0.013419216317767043,0.026838432635534086,0.08051529790660225,0.0939345142243693,,,,
40,41.41170155662909,32.789855072463766,2.2745571658615136,4.186795491143317,3.9519592055823938,12.191358024691358,2.9253891572732154,0.013419216317767043,0.026838432635534086,0.13419216317767044,0.0939345142243693,,,,
41,40.90848094471283,33.16559312936125,2.2879763821792807,4.186795491143317,3.9720880300590444,12.285292538915728,2.9253891572732154,0.013419216317767043,0.026838432635534086,0.13419216317767044,0.0939345142243693,,,,
42,39.51959205582394,34.5276435856146,2.2879763821792807,4.17337627482555,3.9586688137412773,12.27187332259796,2.9790660225442833,0.013419216317767043,0.026838432635534086,0.14761137949543746,0.0939345142243693,,,,
43,38.197799248523886,35.84272678475577,2.301395598497048,4.200214707461084,3.8378958668813743,12.211486849168008,2.9924852388620504,0.013419216317767043,0.14761137949543746,0.1610305958132045,0.0939345142243693,,,,
44,38.1508319914117,35.07783145464305,2.086688137412775,4.159957058507783,3.8378958668813743,12.211486849168008,3.9452495974235107,0.013419216317767043,0.14761137949543746,0.27509393451422437,0.0939345142243693,,,,
45,24.798711755233494,49.463231347289316,1.9860440150295222,4.200214707461084,3.670155662909286,11.399624261943103,3.9184111647879765,0.013419216317767043,0.14761137949543746,0.27509393451422437,0.1274825550187869,,,,
46,24.812130971551262,49.402844873859365,2.0397208803005906,4.2203435319377345,3.670155662909286,11.372785829307569,3.9184111647879765,0.013419216317767043,0.14761137949543746,0.27509393451422437,0.1274825550187869,,,,
47,24.711486849168008,47.987117552334944,5.917874396135265,4.166666666666667,3.6500268384326353,9.064680622651638,3.9184111647879765,0.013419216317767043,0.14761137949543746,0.27509393451422437,0.14761137949543746,,,,
48,24.664519592055825,47.698604401502955,5.9514224369296835,4.361245303274289,3.750670960815888,9.064680622651638,3.9184111647879765,0.013419216317767043,0.14761137949543746,0.28180354267310787,0.14761137949543746,,,,
49,24.59742351046699,47.63150831991412,5.971551261406334,4.361245303274289,3.844605475040258,9.057971014492754,3.9452495974235107,0.013419216317767043,0.14761137949543746,0.28180354267310787,0.14761137949543746,,,,
50,24.14787976382179,46.947128287708,6.099033816425121,4.341116478797638,3.992216854535695,9.903381642512077,3.938539989264627,0.04696725711218465,0.14761137949543746,0.28180354267310787,0.15432098765432098,,,,
51,24.194847020933977,46.63848631239936,6.400966183574879,4.2270531400966185,3.992216854535695,9.863123993558776,3.92512077294686,0.04696725711218465,0.14761137949543746,0.4092860976918948,0.15432098765432098,,,,
52,24.040526033279658,46.323134728931834,6.816961889425658,4.253891572732153,4.012345679012346,9.842995169082126,3.9519592055823938,0.04696725711218465,0.14761137949543746,0.4092860976918948,0.15432098765432098,,,,
53,23.1682769726248,44.296833064949006,6.830381105743425,4.663177670424047,3.978797638217928,9.681964573268921,6.622383252818035,0.04696725711218465,0.14761137949543746,0.4092860976918948,0.15432098765432098,,,,
54,23.067632850241544,44.37734836285561,6.904186795491143,4.62962962962963,3.965378421900161,9.681964573268921,6.595544820182502,0.05367686527106817,0.14761137949543746,0.4227053140096618,0.15432098765432098,,,,
55,23.09447128287708,44.29012345679013,6.910896403650026,4.622920021470746,3.938539989264627,9.574610842726784,6.595544820182502,0.05367686527106817,0.27509393451422437,0.4562533548040794,0.1878690284487386,,,,
56,23.00053676865271,42.43156199677939,8.621846484165324,4.622920021470746,3.92512077294686,9.802737520128824,6.582125603864735,0.05367686527106817,0.30193236714975846,0.46967257112184646,0.1878690284487386,,,,
57,22.805958132045088,41.71363392377885,8.581588835212024,3.978797638217928,2.7308105206655933,9.796027911969942,9.514224369296834,0.08051529790660225,0.2549651100375738,0.43612453032742887,0.10735373054213634,,,,
58,22.7187332259796,40.39855072463768,9.876543209876543,3.978797638217928,2.7308105206655933,9.903381642512077,9.514224369296834,0.08051529790660225,0.2549651100375738,0.43612453032742887,0.10735373054213634,,,,
59,20.96081588835212,32.427536231884055,8.628556092324208,3.7775093934514223,2.6637144390767578,21.048040794417606,9.426999463231347,0.08051529790660225,0.4294149221685454,0.4495437466451959,0.10735373054213634,,,,
60,20.90713902308105,32.360440150295226,8.648684916800859,3.7775093934514223,2.677133655394525,20.954106280193237,9.514224369296834,0.1610305958132045,0.4428341384863124,0.4495437466451959,0.10735373054213634,,,,
61,20.8870101986044,32.30005367686527,8.722490606548577,4.884594739667204,2.677133655394525,19.766505636070853,9.39345142243693,0.2147074610842727,0.46296296296296297,0.5837359098228664,0.10735373054213634,,,,
62,20.967525496511005,32.21953837895867,8.776167471819646,4.884594739667204,2.677133655394525,19.699409554482017,9.39345142243693,0.2147074610842727,0.47638217928073,0.5837359098228664,0.10735373054213634,,,,
63,20.94068706387547,31.816961889425656,8.715780998389693,4.938271604938271,3.1199677938808374,19.679280730005367,9.41358024691358,0.2147074610842727,0.47638217928073,0.5837359098228664,0.10064412238325282,,,,
64,20.994363929146537,31.488191089640367,8.856682769726248,4.314278046162104,4.777241009125067,19.64573268921095,8.501073537305421,0.2147074610842727,0.5636070853462157,0.5233494363929146,0.12077294685990338,,,,
65,20.913848631239937,30.69645732689211,12.04374664519592,4.314278046162104,4.609500805152979,17.60601180891036,8.487654320987655,0.16774020397208803,0.5501878690284487,0.5099302200751477,0.10064412238325282,,,,
66,20.954106280193237,30.589103596349972,12.130971551261407,4.341116478797638,4.622920021470746,17.337627482555018,8.487654320987655,0.16774020397208803,0.7783145464304885,0.5099302200751477,0.08051529790660225,,,,
67,20.913848631239937,30.50187869028449,12.224906065485776,4.341116478797638,4.656468062265164,17.337627482555018,8.487654320987655,0.16774020397208803,0.7783145464304885,0.5099302200751477,0.08051529790660225,,,,
68,20.90042941492217,30.461621041331185,12.258454106280194,4.341116478797638,4.777241009125067,17.324208266237253,8.400429414922169,0.16774020397208803,0.7783145464304885,0.5099302200751477,0.08051529790660225,,,,
69,20.954106280193237,30.347557702630166,12.23161567364466,4.38137412775094,4.810789049919484,17.310789049919485,8.299785292538916,0.2683843263553409,0.7783145464304885,0.5099302200751477,0.08051529790660225,0.026838432635534086,,,
70,20.967525496511005,30.246913580246915,11.990069779924852,4.38137412775094,4.810789049919484,17.2638217928073,8.219269994632313,0.39586688137412773,0.8118625872249061,0.8252818035426731,0.08051529790660225,0.0067096081588835215,,,
71,20.833333333333332,30.394524959742352,12.050456253354804,4.38137412775094,4.810789049919484,17.19001610305958,8.192431561996779,0.39586688137412773,0.8118625872249061,0.8521202361782072,0.08051529790660225,0.0067096081588835215,,,
72,20.8467525496511,30.20665593129361,11.963231347289318,4.30756843800322,4.824208266237251,17.11621041331186,8.165593129361245,0.48980139559849706,1.1137949543746646,0.8454106280193237,0.08051529790660225,0.0067096081588835215,0.03354804079441761,,
73,20.860171765968868,29.931561996779386,12.130971551261407,4.30756843800322,4.824208266237251,17.11621041331186,8.165593129361245,0.48980139559849706,1.2077294685990339,0.8454106280193237,0.08051529790660225,0.0067096081588835215,0.03354804079441761,,
74,20.74610842726785,28.804347826086957,12.097423510466989,4.146537842190016,4.757112184648417,18.317230273752013,8.158883521202362,0.8051529790660226,1.2010198604401503,0.8454106280193237,0.08051529790660225,0.0067096081588835215,0.03354804079441761,,
75,20.40391841116479,28.019323671497585,12.278582930756844,4.086151368760064,4.777241009125067,18.08239398819109,9.346484165324744,0.8051529790660226,1.1272141706924315,0.9057971014492754,0.1274825550187869,0.0067096081588835215,0.03354804079441761,,
76,20.229468599033815,27.61003757380569,12.218196457326892,4.086151368760064,4.757112184648417,18.753354804079443,9.272678475577026,0.7917337627482555,1.1674718196457328,0.9460547504025765,0.1274825550187869,0.0067096081588835215,0.03354804079441761,,
77,20.189210950080515,27.583199141170155,12.27187332259796,4.05931293612453,4.736983360171766,18.666129898013956,9.31964573268921,0.8588298443370908,1.2010198604401503,0.9460547504025765,0.1274825550187869,0.0067096081588835215,0.03354804079441761,,
78,19.90740740740741,27.140365002683843,11.956521739130435,5.132850241545894,4.683306494900698,18.65271068169619,9.306226516371444,0.8588298443370908,1.2546967257112185,0.9393451422436929,0.1274825550187869,0.0067096081588835215,0.03354804079441761,,
79,19.90740740740741,27.086688137412775,11.916264090177133,5.119431025228127,4.7638217928073,18.4849704777241,9.306226516371444,0.7783145464304885,1.402308105206656,0.966183574879227,0.1274825550187869,0.10735373054213634,0.03354804079441761,,
80,19.11567364465915,27.730810520665592,11.996779388083736,5.233494363929147,4.757112184648417,18.209876543209877,9.306226516371444,0.7783145464304885,1.6103059581320451,0.966183574879227,0.15432098765432098,0.10735373054213634,0.03354804079441761,,
81,19.048577563070317,27.616747181964573,12.177938808373591,5.253623188405797,4.757112184648417,18.203166935050994,9.286097691894794,0.7783145464304885,1.6170155662909287,0.966183574879227,0.15432098765432098,0.10735373054213634,0.03354804079441761,,
82,19.0150295222759,27.47584541062802,12.258454106280194,5.10601180891036,4.757112184648417,18.109232420826622,9.554482018250134,0.7783145464304885,1.6841116478797638,0.966183574879227,0.15432098765432098,0.10735373054213634,0.03354804079441761,,
83,18.96135265700483,27.375201288244767,12.211486849168008,5.146269457863661,4.770531400966184,18.00187869028449,9.628287707997853,0.8655394524959742,1.6975308641975309,0.966183574879227,0.2214170692431562,0.12077294685990338,0.03354804079441761,,
84,18.88083735909823,27.26113794954375,12.238325281803542,5.146269457863661,4.8443370907139025,17.934782608695652,9.675254965110037,0.8990874932903918,1.7646269457863661,0.966183574879227,0.2214170692431562,0.12077294685990338,0.04696725711218465,,
85,18.84728931830381,26.583467525496513,12.285292538915728,4.951690821256038,6.219806763285024,17.840848094471284,9.27938808373591,0.8319914117015567,1.8048845947396672,0.966183574879227,0.2214170692431562,0.12077294685990338,0.04696725711218465,,
86,18.706387546967257,26.442565754159958,12.191358024691358,4.951690821256038,6.575415995705851,17.733494363929147,9.27938808373591,0.8252818035426731,1.9256575415995705,0.966183574879227,0.2214170692431562,0.13419216317767044,0.04696725711218465,,
87,18.719806763285025,26.38888888888889,12.245034889962426,4.898013955984971,6.575415995705851,17.612721417069242,9.27938808373591,0.8252818035426731,2.0397208803005906,1.0131508319914118,0.2214170692431562,0.13419216317767044,0.04696725711218465,,
88,18.686258722490606,26.435856146001072,12.130971551261407,5.246913580246914,6.4412238325281805,17.49194847020934,9.27938808373591,0.8252818035426731,2.01959205582394,1.0131508319914118,0.2214170692431562,0.1610305958132045,0.04696725711218465,,
89,14.210950080515298,16.545893719806763,8.111916264090176,3.535963499731616,4.314278046162104,45.893719806763286,4.300858829844337,0.4227053140096618,1.8115942028985508,0.6642512077294686,0.15432098765432098,0.03354804079441761,,,
90,14.224369296833064,16.492216854535695,8.145464304884594,3.535963499731616,4.341116478797638,45.873590982286636,4.327697262479871,0.4227053140096618,1.8048845947396672,0.644122383252818,0.15432098765432098,0.03354804079441761,,,
91,14.257917337627482,16.49892646269458,8.581588835212024,3.535963499731616,4.341116478797638,45.78636607622115,3.8714439076757916,0.4562533548040794,1.9122383252818036,0.5703166935050993,0.15432098765432098,0.03354804079441761,,,
92,14.371980676328503,16.411701556629094,8.608427267847558,3.5292538915727323,4.341116478797638,45.66559312936125,3.92512077294686,0.4562533548040794,1.8988191089640365,0.6038647342995169,0.15432098765432098,0.03354804079441761,,,
93,14.130434782608695,16.27079978529254,8.662104133118627,3.5225442834138487,5.132850241545894,43.51180891035963,5.629361245303274,0.4562533548040794,1.892109500805153,0.6038647342995169,0.15432098765432098,0.03354804079441761,,,
94,13.801663982823403,16.566022544283413,8.977455716586151,6.300322061191626,5.132850241545894,40.653515834675254,5.273752012882448,0.5636070853462157,1.865271068169619,0.6038647342995169,0.2147074610842727,0.03354804079441761,0.013419216317767043,,
95,13.841921631776705,16.545893719806763,8.984165324745035,6.1929683306494905,5.12614063338701,40.64009661835749,5.24020397208803,0.5636070853462157,1.8719806763285025,0.7246376811594203,0.2214170692431562,0.03354804079441761,0.013419216317767043,,
96,7.4006977992485234,29.126409017713364,8.158883521202362,6.085614600107354,4.5893719806763285,36.01717659688674,4.676596886741814,1.0466988727858293,1.865271068169619,0.7514761137949544,0.2214170692431562,0.04696725711218465,0.013419216317767043,,
97,7.447665056360709,29.05931293612453,8.353462157809984,5.897745571658615,4.5960815888352125,35.88298443370907,4.7101449275362315,1.0466988727858293,1.7981749865807837,0.9259259259259259,0.2214170692431562,0.04696725711218465,0.013419216317767043,,
98,7.467793880837359,28.81105743424584,8.353462157809984,5.763553408480945,5.287171229200215,35.37976382179281,4.683306494900698,1.0735373054213635,1.8183038110574343,1.0601180891035964,0.24154589371980675,0.04696725711218465,0.013419216317767043,,
99,7.461084272678476,28.670155662909288,8.427267847557703,5.736714975845411,5.287171229200215,35.48040794417606,4.669887278582931,1.0735373054213635,1.8183038110574343,1.0735373054213635,0.24154589371980675,0.04696725711218465,0.013419216317767043,,
100,7.494632313472893,28.6231884057971,8.568169618894256,5.736714975845411,5.287171229200215,35.28582930756844,4.669887278582931,1.0735373054213635,1.8518518518518519,1.0735373054213635,0.27509393451422437,0.04696725711218465,0.013419216317767043,,
101,7.561728395061729,28.515834675254965,8.876811594202898,5.703166935050993,5.287171229200215,34.99060654857756,4.656468062265164,1.0534084809447128,1.9122383252818036,1.107085346215781,0.27509393451422437,0.04696725711218465,0.013419216317767043,,
102,7.648953301127214,28.381642512077295,9.064680622651638,5.642780461621041,5.273752012882448,34.86983360171766,4.549114331723027,1.1876006441223832,1.90552871712292,1.1272141706924315,0.2885131508319914,0.04696725711218465,0.013419216317767043,,
103,7.749597423510467,28.287707997852927,9.212292002147075,5.642780461621041,5.273752012882448,34.72893183038111,4.53569511540526,1.1876006441223832,1.90552871712292,1.1272141706924315,0.2885131508319914,0.04696725711218465,0.013419216317767043,,
104,7.776435856146001,28.093129361245303,10.285829307568438,5.756843800322061,5.360976918947934,33.48094471282877,4.53569511540526,1.1876006441223832,2.033011272141707,1.1406333870101986,0.2885131508319914,0.04696725711218465,0.013419216317767043,,
105,5.83064949006978,43.666129898013956,8.53462157809984,5.0791733762748255,3.166935050993022,24.57729468599034,5.307300053676865,1.0601180891035964,1.4895330112721417,1.1205045625335481,0.08051529790660225,0.03354804079441761,0.05367686527106817,,
106,5.877616747181965,43.53193773483628,8.621846484165324,5.045625335480408,3.2206119162640903,24.50348899624262,5.300590445517981,1.0601180891035964,1.5230810520665594,1.1473429951690821,0.08051529790660225,0.03354804079441761,0.05367686527106817,,
107,5.9447128287707995,43.142780461621044,8.957326892109501,5.018786902844874,3.2206119162640903,24.4699409554482,5.280461621041331,1.0802469135802468,1.5432098765432098,1.1741814278046163,0.08051529790660225,0.03354804079441761,0.05367686527106817,,
108,6.072195383789587,42.84084809447128,9.111647879763822,5.018786902844874,3.2139023081052067,24.490069779924852,5.22007514761138,1.1473429951690821,1.5432098765432098,1.1540526033279657,0.08051529790660225,0.03354804079441761,0.07380568974771873,,
109,6.085614600107354,42.552334943639295,9.380032206119163,5.018786902844874,3.1870638754696725,24.476650563607084,5.22007514761138,1.1741814278046163,1.5432098765432098,1.1540526033279657,0.0939345142243693,0.040257648953301126,0.07380568974771873,,
110,6.125872249060655,42.43156199677939,9.541062801932368,5.01207729468599,3.1535158346752548,24.382716049382715,5.22007514761138,1.1741814278046163,1.6035963499731616,1.1473429951690821,0.0939345142243693,0.040257648953301126,0.07380568974771873,,
111,6.1929683306494905,41.37144390767579,10.628019323671497,4.958400429414922,3.180354267310789,24.235104669887278,5.22007514761138,1.1741814278046163,1.6103059581320451,1.1943102522812667,0.0939345142243693,0.040257648953301126,0.10064412238325282,,
112,6.166129898013956,40.687063875469676,12.627482555018787,5.998389694041868,3.227321524422974,21.953837895866883,5.22007514761138,1.1741814278046163,1.442565754159957,1.2681159420289856,0.0939345142243693,0.040257648953301126,0.10064412238325282,,
113,6.260064412238325,40.58641975308642,13.056897477187333,5.8172302737520125,3.227321524422974,21.557971014492754,5.186527106816962,1.328502415458937,1.3754696725711217,1.2681159420289856,0.19457863660762212,0.040257648953301126,0.10064412238325282,,
114,6.239935587761675,39.761137949543745,15.250939345142244,5.810520665593129,3.2541599570585076,20.202630166398283,5.186527106816962,1.328502415458937,1.3620504562533549,1.2681159420289856,0.19457863660762212,0.040257648953301126,0.10064412238325282,,
115,6.226516371443908,39.64707461084273,15.311325818572195,5.776972624798712,3.180354267310789,20.202630166398283,5.173107890499195,1.4895330112721417,1.3955984970477724,1.2345679012345678,0.2214170692431562,0.040257648953301126,0.10064412238325282,,
116,6.280193236714976,39.52630166398282,15.28448738593666,5.776972624798712,3.3480944712828773,19.98792270531401,5.152979066022544,1.4559849704777241,1.6438539989264627,1.2077294685990339,0.2214170692431562,0.040257648953301126,0.07380568974771873,,
117,6.246645195920558,39.190821256038646,15.230810520665592,6.850509930220075,3.3413848631239937,19.0150295222759,5.367686527106817,1.4559849704777241,1.583467525496511,1.3150831991411702,0.2214170692431562,0.08051529790660225,0.10064412238325282,,
118,6.286902844873859,39.070048309178745,15.351583467525497,6.850509930220075,3.3413848631239937,18.98148148148148,5.367686527106817,1.4559849704777241,1.5767579173376274,1.3150831991411702,0.2214170692431562,0.08051529790660225,0.10064412238325282,,
119,6.300322061191626,38.868760064412236,15.539452495974235,6.790123456790123,3.3413848631239937,18.968062265163713,5.367686527106817,1.4694041867954912,1.5767579173376274,1.3150831991411702,0.28180354267310787,0.08051529790660225,0.10064412238325282,,
120,6.280193236714976,38.707729468599034,15.660225442834138,6.796833064949007,3.3413848631239937,18.894256575415994,5.367686527106817,1.583467525496511,1.6237251744498122,1.247987117552335,0.2683843263553409,0.08051529790660225,0.14761137949543746,,
121,6.239935587761675,38.056897477187334,15.955448201825014,6.749865807836822,3.3145464304884595,19.33709071390231,5.367686527106817,1.583467525496511,1.6237251744498122,1.2748255501878691,0.2683843263553409,0.08051529790660225,0.14761137949543746,,
122,6.266774020397209,37.92941492216855,16.076221148684915,6.736446591519055,3.3145464304884595,19.32367149758454,5.367686527106817,1.5633387010198605,1.6371443907675791,1.288244766505636,0.2683843263553409,0.08051529790660225,0.14761137949543746,,
123,6.347289318303811,37.486580783682236,16.398282340311326,6.776704240472356,3.435319377348363,19.229736983360173,5.367686527106817,1.5633387010198605,1.6237251744498122,1.2278582930756843,0.28180354267310787,0.08051529790660225,0.18115942028985507,,
124,6.353998926462695,37.35238862050456,16.33118625872249,6.769994632313473,3.4688674181427803,18.53864734299517,6.327160493827161,1.5633387010198605,1.5096618357487923,1.2278582930756843,0.2952227589908749,0.08051529790660225,0.18115942028985507,,
125,6.400966183574879,37.3389694041868,16.190284487385938,6.8035426731078905,3.4688674181427803,18.357487922705314,6.260064412238325,1.724369296833065,1.6706924315619969,1.2278582930756843,0.2952227589908749,0.08051529790660225,0.18115942028985507,,
126,6.4345142243692965,37.25845410628019,16.841116478797638,6.8035426731078905,3.4151905528717124,17.807300053676865,6.260064412238325,1.710950080515298,1.6706924315619969,1.2412775093934514,0.2952227589908749,0.08051529790660225,0.18115942028985507,,
127,6.468062265163715,37.1309715512614,17.07595276435856,6.796833064949007,3.408480944712829,17.59259259259259,6.239935587761675,1.724369296833065,1.7646269457863661,1.2412775093934514,0.2952227589908749,0.08051529790660225,0.18115942028985507,,
128,6.273483628556092,37.21148684916801,17.216854535695116,6.749865807836822,3.408480944712829,17.538915727321523,6.233225979602791,1.724369296833065,1.7713365539452497,1.328502415458937,0.28180354267310787,0.08051529790660225,0.18115942028985507,,
129,6.347289318303811,36.37949543746645,16.586151368760063,6.5552871712292005,4.4753086419753085,18.370907139023082,5.998389694041868,1.5767579173376274,1.892109500805153,1.2815351583467525,0.2952227589908749,0.07380568974771873,0.16774020397208803,,
130,6.387546967257112,36.178207192699944,16.78743961352657,6.5552871712292005,4.4753086419753085,18.370907139023082,5.984970477724101,1.5633387010198605,1.8786902844873858,1.2815351583467525,0.2952227589908749,0.07380568974771873,0.16774020397208803,,
131,6.421095008051529,36.07085346215781,16.700214707461082,6.5552871712292005,4.669887278582931,18.33064949006978,5.998389694041868,1.5901771336553945,1.7444981213097155,1.3821792807300053,0.2952227589908749,0.07380568974771873,0.16774020397208803,,
132,6.4412238325281805,35.950080515297905,16.686795491143318,6.568706387546968,4.723564143853999,18.344068706387546,5.998389694041868,1.6170155662909287,1.724369296833065,1.3821792807300053,0.2952227589908749,0.07380568974771873,0.19457863660762212,,
133,6.535158346752549,35.85614600107354,16.686795491143318,6.561996779388084,4.723564143853999,18.344068706387546,5.998389694041868,1.6170155662909287,1.724369296833065,1.3821792807300053,0.30193236714975846,0.07380568974771873,0.19457863660762212,,
134,6.488191089640365,35.64143853998927,15.780998389694043,6.521739130434782,6.662640901771336,17.52549651100376,5.964841653247451,1.6304347826086956,1.7444981213097155,1.3821792807300053,0.4092860976918948,0.07380568974771873,0.17444981213097155,,
135,6.5552871712292005,35.13150831991412,16.015834675254965,6.481481481481482,6.763285024154589,17.411433172302736,6.045356951154052,1.6304347826086956,1.7579173376274826,1.5432098765432098,0.41599570585077833,0.07380568974771873,0.17444981213097155,,
136,6.629092860976919,35.07112184648417,16.10305958132045,6.481481481481482,6.723027375201288,17.2638217928073,6.031937734836285,1.6035963499731616,1.7310789049919484,1.5432098765432098,0.5770263016639828,0.07380568974771873,0.16774020397208803,,
137,6.615673644659152,32.68250134192163,15.794417606011809,9.064680622651638,6.716317767042405,17.398013955984972,6.031937734836285,1.6035963499731616,1.7176596886741815,1.556629092860977,0.5770263016639828,0.07380568974771873,0.16774020397208803,,
138,6.622383252818035,31.052066559312937,17.37788513150832,9.098228663446054,6.736446591519055,17.351046698872786,6.005099302200751,1.596886741814278,1.7579173376274826,1.583467525496511,0.5770263016639828,0.07380568974771873,0.16774020397208803,,
139,6.6760601180891035,30.99838969404187,16.908212560386474,10.25228126677402,6.515029522275899,16.901502952227588,6.253354804079442,1.570048309178744,1.6237251744498122,1.482823403113258,0.5770263016639828,0.07380568974771873,0.16774020397208803,,
140,6.709608158883521,30.62265163714439,17.351046698872786,10.071121846484166,6.568706387546968,16.646537842190018,6.6827697262479875,1.6639828234031133,1.4090177133655395,1.4694041867954912,0.5501878690284487,0.07380568974771873,0.18115942028985507,,
141,6.689479334406871,30.58239398819109,19.64573268921095,9.98389694041868,6.689479334406871,14.486044015029522,6.66935050993022,1.6572732152442298,1.2681159420289856,1.4761137949543746,0.5703166935050993,0.07380568974771873,0.20799785292538917,,
142,6.6760601180891035,30.253623188405797,20.189210950080515,9.789318303811058,6.702898550724638,14.533011272141707,7.0450885668276975,1.1674718196457328,1.2681159420289856,1.5096618357487923,0.5703166935050993,0.08722490606548577,0.20799785292538917,,
143,6.709608158883521,29.985238862050455,20.04830917874396,9.634997316156737,7.407407407407407,14.432367149758454,6.964573268921095,1.06682769726248,1.247987117552335,1.5767579173376274,0.630703166935051,0.08722490606548577,0.20799785292538917,,
144,6.776704240472356,29.95169082125604,20.034889962426195,9.648416532474503,7.37385936661299,14.42565754159957,6.964573268921095,1.06682769726248,1.2345679012345678,1.5767579173376274,0.630703166935051,0.08722490606548577,0.2281266774020397,,
145,6.702898550724638,29.777241009125067,20.061728395061728,10.399892646269459,7.139023081052066,14.351851851851851,6.910896403650026,0.8789586688137413,1.2345679012345678,1.5767579173376274,0.6508319914117016,0.08722490606548577,0.2281266774020397,,
146,6.689479334406871,29.622920021470748,20.055018786902846,10.379763821792807,7.0450885668276975,14.36527106816962,6.91760601180891,0.95276435856146,1.2949543746645196,1.6908212560386473,0.6709608158883521,0.08722490606548577,0.2281266774020397,,
147,6.702898550724638,29.30756843800322,20.356951154052602,10.413311862587225,6.998121309715513,14.345142243692969,6.816961889425658,1.0735373054213635,1.2949543746645196,1.6975308641975309,0.6776704240472357,0.08722490606548577,0.2281266774020397,,
148,6.6827697262479875,29.20692431561997,20.437466451959207,10.359634997316157,6.863929146537842,14.61352657004831,6.816961889425658,1.0735373054213635,1.2077294685990339,1.6975308641975309,0.6910896403650026,0.12077294685990338,0.2281266774020397,,
149,6.729736983360172,29.166666666666668,20.377079978529252,10.359634997316157,6.863929146537842,14.49946323134729,6.790123456790123,1.1003757380568975,1.3486312399355878,1.710950080515298,0.6910896403650026,0.13419216317767044,0.2281266774020397,,
150,6.8035426731078905,29.13311862587225,20.40391841116479,10.305958132045088,6.863929146537842,14.42565754159957,6.763285024154589,1.1003757380568975,1.3553408480944713,1.7646269457863661,0.7179280730005367,0.13419216317767044,0.2281266774020397,,
151,6.830381105743425,29.106280193236714,20.363660762211488,9.990606548577563,6.769994632313473,14.2914653784219,6.769994632313473,1.1272141706924315,1.8988191089640365,1.7713365539452497,0.7179280730005367,0.13419216317767044,0.2281266774020397,,
152,6.837090713902308,29.025764895330113,20.33011272141707,9.977187332259795,6.796833064949007,14.2914653784219,6.763285024154589,1.1272141706924315,1.9122383252818036,1.7847557702630166,0.7179280730005367,0.20799785292538917,0.2281266774020397,,
153,5.931293612453032,26.281535158346752,18.927804616210413,9.514224369296834,8.722490606548577,17.733494363929147,6.635802469135802,1.1943102522812667,2.1135265700483092,1.8451422436929683,0.6575415995705851,0.19457863660762212,0.24825550187869028,,
154,5.971551261406334,25.93263553408481,17.767042404723565,9.50751476113795,10.57434245840043,17.56575415995706,6.568706387546968,1.1876006441223832,2.120236178207193,1.778046162104133,0.6374127750939346,0.19457863660762212,0.19457863660762212,,
155,6.005099302200751,25.785024154589372,17.881105743424584,9.50751476113795,10.721953837895867,17.250402576489535,6.561996779388084,1.1876006441223832,2.26784755770263,1.8183038110574343,0.6239935587761675,0.19457863660762212,0.19457863660762212,,
156,6.038647342995169,25.785024154589372,17.8743961352657,9.46725711218465,10.648148148148149,17.21014492753623,6.561996779388084,1.261406333870102,2.254428341384863,1.7847557702630166,0.6910896403650026,0.19457863660762212,0.2281266774020397,,
157,6.085614600107354,25.72463768115942,17.92807300053677,9.480676328502415,10.581052066559312,17.163177670424048,6.588835212023618,1.261406333870102,2.2879763821792807,1.7847557702630166,0.6910896403650026,0.19457863660762212,0.2281266774020397,,
158,4.502147074610843,21.296296296296298,15.210681696188942,9.359903381642512,9.936929683306495,10.809178743961352,22.5577026301664,1.3620504562533549,2.086688137412775,1.7847557702630166,0.6910896403650026,0.17444981213097155,0.2281266774020397,,
159,4.542404723564144,21.24261943102523,15.566290928609769,9.31964573268921,9.957058507783145,10.446859903381643,22.544283413848632,1.328502415458937,2.086688137412775,1.8115942028985508,0.6910896403650026,0.2147074610842727,0.24825550187869028,,
160,4.441760601180891,19.216317767042405,18.80703166935051,9.346484165324744,9.842995169082126,9.426999463231347,22.544283413848632,1.328502415458937,2.086688137412775,1.8115942028985508,0.6843800322061192,0.2147074610842727,0.24825550187869028,,
161,4.522275899087493,19.176060118089104,18.659420289855074,9.46725711218465,9.842995169082126,9.426999463231347,22.517444981213096,1.328502415458937,2.086688137412775,1.8048845947396672,0.6843800322061192,0.2147074610842727,0.2683843263553409,,
162,4.53569511540526,19.162640901771336,18.612453032742888,9.41358024691358,9.842995169082126,9.426999463231347,22.477187332259795,1.3687600644122384,2.086688137412775,1.865271068169619,0.7112184648416533,0.2147074610842727,0.28180354267310787,,
163,4.5960815888352125,19.14922168545357,18.5252281266774,9.406870638754697,9.842995169082126,9.41358024691358,22.383252818035427,1.4358561460010735,2.086688137412775,1.892109500805153,0.7112184648416533,0.23483628556092323,0.322061191626409,,
164,4.669887278582931,19.088835212023618,18.4849704777241,9.359903381642512,9.782608695652174,9.742351046698873,22.168545356951153,1.4761137949543746,2.059849704777241,1.8853998926462694,0.7112184648416533,0.24825550187869028,0.322061191626409,,
165,4.622920021470746,17.74020397208803,20.02818035426731,9.339774557165862,9.728931830381105,9.608158883521202,22.108158883521202,1.5499194847020934,2.0933977455716586,1.8988191089640365,0.7112184648416533,0.24825550187869028,0.322061191626409,,
166,4.690016103059581,17.69994632313473,20.04830917874396,10.178475577026301,9.057971014492754,9.380032206119163,22.074610842726784,1.5029522275899088,2.0933977455716586,1.9659151905528718,0.7112184648416533,0.23483628556092323,0.36231884057971014,,
167,4.783950617283951,17.60601180891036,20.068438003220614,10.104669887278583,9.078099838969404,9.353193773483628,21.76596886741814,1.8115942028985508,2.147074610842727,1.9659151905528718,0.6910896403650026,0.23483628556092323,0.38915727321524424,,
168,4.5960815888352125,15.217391304347826,19.732957595276435,9.98389694041868,12.278582930756844,9.286097691894794,21.83977455716586,1.8250134192163177,1.9457863660762211,1.9994632313472893,0.6910896403650026,0.23483628556092323,0.36902844873859364,,
169,4.7168545356951155,15.163714439076758,19.719538378958667,9.96376811594203,12.278582930756844,9.272678475577026,21.833064949006978,1.8250134192163177,1.9457863660762211,1.9592055823939882,0.7179280730005367,0.23483628556092323,0.36902844873859364,,
170,4.676596886741814,15.163714439076758,19.94766505636071,9.950348899624261,12.238325281803542,9.05126140633387,21.692163177670423,1.9592055823939882,1.9726247987117553,1.9457863660762211,0.7447665056360708,0.2616747181964573,0.39586688137412773,,
171,4.320987654320987,13.56682769726248,17.05582393988191,9.433709071390231,9.01100375738057,18.00858829844337,21.55126140633387,2.100107353730542,1.7646269457863661,2.033011272141707,0.5434782608695652,0.2147074610842727,0.39586688137412773,,
172,4.374664519592056,13.56682769726248,17.042404723564143,9.433709071390231,9.01100375738057,17.98174986580784,21.537842190016104,2.0933977455716586,1.7713365539452497,2.033011272141707,0.5434782608695652,0.2147074610842727,0.39586688137412773,,
173,4.388083735909823,13.519860440150294,16.09634997316157,11.681427804616211,8.80300590445518,17.713365539452496,20.82662372517445,2.15378421900161,1.6103059581320451,2.033011272141707,0.5367686527106817,0.2147074610842727,0.4227053140096618,,
174,4.455179817498658,13.345410628019323,16.21712292002147,11.641170155662909,8.816425120772946,17.64626945786366,20.77294685990338,2.187332259796028,1.6706924315619969,2.073268921095008,0.5367686527106817,0.2147074610842727,0.4227053140096618,,
175,4.4820182501341925,13.298443370907139,16.13660762211487,11.647879763821793,8.816425120772946,17.632850241545892,20.632045088566827,2.3081052066559313,1.7579173376274826,2.073268921095008,0.5233494363929146,0.24154589371980675,0.4495437466451959,,
176,4.502147074610843,13.278314546430488,16.15673644659152,11.647879763821793,8.789586688137414,17.632850241545892,20.517981749865807,2.395330112721417,1.7579173376274826,2.1068169618894257,0.5166398282340311,0.24154589371980675,0.4562533548040794,,
177,4.414922168545357,13.217928073000536,16.0829307568438,11.647879763821793,8.769457863660762,17.505367686527105,20.605206655931294,2.395330112721417,1.9390767579173376,2.2074610842726785,0.5166398282340311,0.24154589371980675,0.4562533548040794,,
178,4.468599033816425,13.197799248523886,16.13660762211487,11.621041331186259,8.695652173913043,17.45169082125604,20.719269994632313,2.301395598497048,1.9524959742351047,2.2074610842726785,0.5501878690284487,0.24154589371980675,0.4562533548040794,,
179,4.488727858293076,13.16425120772947,15.888352120236178,11.486849168008588,8.695652173913043,17.418142780461622,20.605206655931294,2.475845410628019,2.3349436392914655,2.1806226516371443,0.5501878690284487,0.24154589371980675,0.46967257112184646,,
