,45,50,51,54,55,53,52,58,56,57
0,100.0,,,,,,,,,
1,99.71148684916801,0.2885131508319914,,,,,,,,
2,99.36929683306495,0.630703166935051,,,,,,,,
3,94.9074074074074,5.092592592592593,,,,,,,,
4,93.84057971014492,6.159420289855072,,,,,,,,
5,93.90096618357488,6.099033816425121,,,,,,,,
6,93.37761674718196,6.622383252818035,,,,,,,,
7,93.33735909822866,6.662640901771336,,,,,,,,
8,91.68679549114331,8.313204508856682,,,,,,,,
9,90.3515834675255,9.648416532474503,,,,,,,,
10,86.8491680085883,13.150831991411701,,,,,,,,
11,86.47342995169082,12.620772946859903,0.9057971014492754,,,,,,,
12,86.42646269457863,12.667740203972087,0.9057971014492754,,,,,,,
13,86.32581857219539,12.76838432635534,0.9057971014492754,,,,,,,
14,78.05958132045089,20.40391841116479,0.9057971014492754,0.630703166935051,,,,,,
15,77.54294149221685,20.7662372517445,0.9057971014492754,0.630703166935051,0.15432098765432098,,,,,
16,77.35507246376811,20.954106280193237,0.9057971014492754,0.630703166935051,0.15432098765432098,,,,,
17,75.39586688137413,22.913311862587225,0.9057971014492754,0.630703166935051,0.15432098765432098,,,,,
18,75.49651100375738,22.82608695652174,0.9057971014492754,0.630703166935051,0.14090177133655393,,,,,
19,75.402576489533,22.926731078904993,0.8990874932903918,0.630703166935051,0.14090177133655393,,,,,
20,74.68464841653247,23.64465915190553,0.8990874932903918,0.630703166935051,0.14090177133655393,,,,,
21,73.95330112721417,23.96672034353194,1.1943102522812667,0.7447665056360708,0.14090177133655393,,,,,
22,72.62479871175523,25.335480407944175,1.1540526033279657,0.7447665056360708,0.14090177133655393,,,,,
23,69.31696188942566,28.64331723027375,1.1540526033279657,0.7447665056360708,0.14090177133655393,,,,,
24,69.33709071390231,28.395061728395063,1.06682769726248,0.7447665056360708,0.14090177133655393,0.3153515834675255,,,,
25,69.08212560386474,27.65029522275899,1.3083735909822867,0.7447665056360708,0.14090177133655393,0.3153515834675255,0.7581857219538379,,,
26,68.82045088566828,27.603327965646805,1.482823403113258,0.7447665056360708,0.14090177133655393,0.4495437466451959,0.7581857219538379,,,
27,68.9345142243693,27.408749329039185,1.482823403113258,0.7447665056360708,0.2214170692431562,0.4495437466451959,0.7581857219538379,,,
28,68.73993558776168,27.30810520665593,1.778046162104133,0.7447665056360708,0.2214170692431562,0.4495437466451959,0.7581857219538379,,,
29,65.08990874932904,30.66290928609769,2.073268921095008,0.7447665056360708,0.2214170692431562,0.4495437466451959,0.7581857219538379,,,
30,65.11003757380568,30.64278046162104,2.073268921095008,0.7447665056360708,0.2214170692431562,0.4495437466451959,0.7581857219538379,,,
31,64.70746108427268,30.776972624798713,2.073268921095008,0.7447665056360708,0.2214170692431562,0.4495437466451959,1.0265700483091786,,,
32,64.53972088030059,30.689747718733226,2.073268921095008,0.7447665056360708,0.2214170692431562,0.4495437466451959,1.2815351583467525,,,
33,62.35909822866345,32.870370370370374,2.073268921095008,0.7447665056360708,0.2214170692431562,0.4495437466451959,1.2815351583467525,,,
34,62.39264626945786,32.79656468062265,2.073268921095008,0.7313472893183038,0.27509393451422437,0.4495437466451959,1.2815351583467525,,,
35,60.42002147074611,34.76918947933441,2.073268921095008,0.7313472893183038,0.27509393451422437,0.4495437466451959,1.2815351583467525,,,
36,60.507246376811594,34.68196457326892,2.073268921095008,0.7313472893183038,0.27509393451422437,0.4495437466451959,1.2815351583467525,,,
37,60.279119699409556,34.94363929146538,2.073268921095008,0.6575415995705851,0.3421900161030596,0.4495437466451959,1.2546967257112185,,,
38,60.30595813204509,34.70880300590446,2.26784755770263,0.5837359098228664,0.3421900161030596,0.4495437466451959,1.2546967257112185,0.08722490606548577,,
39,60.158346752549654,33.923778851315085,2.522812667740204,0.5837359098228664,1.0198604401502953,0.4495437466451959,1.2546967257112185,0.08722490606548577,,
40,59.38674181427805,34.38674181427805,2.85829307568438,0.5837359098228664,1.0198604401502953,0.4495437466451959,1.2278582930756843,0.08722490606548577,,
41,59.58132045088567,34.19216317767042,2.85829307568438,0.5837359098228664,1.0198604401502953,0.4495437466451959,1.2278582930756843,0.08722490606548577,,
42,59.574610842726784,34.23242082662372,2.8515834675254963,0.5837359098228664,1.0198604401502953,0.4227053140096618,1.2278582930756843,0.08722490606548577,,
43,59.6081588835212,34.19887278582931,2.8515834675254963,0.5837359098228664,1.0198604401502953,0.4227053140096618,1.2278582930756843,0.08722490606548577,,
44,59.54777241009125,33.41384863123994,2.791196994095545,0.5837359098228664,1.0198604401502953,0.4227053140096618,2.13365539452496,0.08722490606548577,,
45,59.655126140633385,33.3467525496511,2.7643585614600106,0.5837359098228664,1.0198604401502953,0.4227053140096618,2.120236178207193,0.08722490606548577,,
46,57.045088566827694,35.909822866344605,2.8247450348899625,0.5837359098228664,1.0198604401502953,0.4227053140096618,2.1068169618894257,0.08722490606548577,,
47,56.93102522812668,35.63472893183038,2.8113258185721954,0.1878690284487386,1.0198604401502953,0.4227053140096618,2.9924852388620504,,,
48,54.911433172302736,37.84219001610306,2.623456790123457,0.1878690284487386,1.0198604401502953,0.4227053140096618,2.9924852388620504,,,
49,54.408212560386474,38.405797101449274,2.589908749329039,0.1878690284487386,1.0198604401502953,0.39586688137412773,2.9924852388620504,,,
50,53.72383252818035,38.258185721953836,3.388352120236178,0.23483628556092323,1.0198604401502953,0.39586688137412773,2.9790660225442833,,,
51,53.817767042404725,38.17096081588835,3.388352120236178,0.23483628556092323,1.0198604401502953,0.39586688137412773,2.9723564143853998,,,
52,53.96537842190016,37.80193236714976,3.374932903918411,0.23483628556092323,1.2815351583467525,0.39586688137412773,2.945517981749866,,,
53,53.636607622114866,37.432903918411164,3.1199677938808374,0.23483628556092323,1.2278582930756843,0.3421900161030596,4.005636070853462,,,
54,47.658346752549654,44.545088566827694,2.6435856146001075,0.23483628556092323,1.3888888888888888,0.3421900161030596,3.1870638754696725,,,
55,47.60466988727858,44.6256038647343,2.6435856146001075,0.23483628556092323,1.3888888888888888,0.3421900161030596,3.1602254428341383,,,
56,47.47047772410091,44.75979602791197,2.6435856146001075,0.23483628556092323,1.3888888888888888,0.3421900161030596,3.1602254428341383,,,
57,46.61835748792271,45.430756843800324,2.6435856146001075,0.23483628556092323,1.3620504562533549,0.3421900161030596,3.3682232957595275,,,
58,45.67901234567901,46.4975845410628,2.6435856146001075,0.23483628556092323,1.3620504562533549,0.3421900161030596,3.240740740740741,,,
59,45.30327428878154,46.95383789586688,2.6301663982823404,0.23483628556092323,1.2949543746645196,0.3421900161030596,3.240740740740741,,,
60,44.12238325281803,48.51717659688674,2.15378421900161,0.4294149221685454,1.2345679012345678,0.3421900161030596,3.2004830917874396,,,
61,44.155931293612454,48.17498658078368,2.15378421900161,0.4294149221685454,1.5633387010198605,0.3421900161030596,3.180354267310789,,,
62,37.1309715512614,55.28717122920021,1.9457863660762211,0.4294149221685454,1.6841116478797638,0.3421900161030596,3.180354267310789,,,
63,37.36580783682233,55.06575415995706,1.9457863660762211,0.4294149221685454,1.6841116478797638,0.3421900161030596,3.166935050993022,,,
64,37.41277509393451,54.77724100912507,2.2611379495437465,0.4227053140096618,1.6841116478797638,0.3421900161030596,3.099838969404187,,,
65,37.69457863660762,54.50214707461084,2.2611379495437465,0.4227053140096618,1.6841116478797638,0.3421900161030596,3.0931293612453032,,,
66,37.82877079978529,53.636607622114866,2.2342995169082127,0.4227053140096618,1.9390767579173376,0.3421900161030596,3.5963499731615673,,,
67,37.90257648953301,53.5024154589372,2.2208803005904456,0.4227053140096618,2.0128824476650564,0.3421900161030596,3.5963499731615673,,,
68,38.00993022007515,53.35480407944176,2.2208803005904456,0.4227053140096618,2.0531400966183573,0.3421900161030596,3.5963499731615673,,,
69,38.21121846484165,53.05958132045089,2.1940418679549114,0.4227053140096618,2.314814814814815,0.3421900161030596,3.455448201825013,,,
70,37.60064412238325,53.696994095544824,2.1940418679549114,0.4227053140096618,2.2879763821792807,0.3421900161030596,3.455448201825013,,,
71,36.79549114331723,54.40150295222759,2.167203435319377,0.4227053140096618,2.1806226516371443,0.7045088566827697,3.3279656468062266,,,
72,36.312399355877616,52.75093934514224,4.804079441760601,0.4227053140096618,2.3349436392914655,0.7045088566827697,2.6704240472356413,,,
73,36.560654857756305,52.274557165861516,4.804079441760601,0.6508319914117016,2.3349436392914655,0.7045088566827697,2.6704240472356413,,,
74,36.72839506172839,51.62372517444981,4.797369833601718,0.6508319914117016,2.509393451422437,1.0198604401502953,2.6704240472356413,,,
75,36.312399355877616,51.14734299516908,4.797369833601718,0.7246376811594203,2.301395598497048,2.24771873322598,2.4691358024691357,,,
76,36.08427267847558,50.70450885668277,4.797369833601718,0.8588298443370908,2.7442297369833604,2.38191089640365,2.428878153515835,,,
77,34.75577026301664,52.48926462694579,4.012345679012346,0.8588298443370908,2.7442297369833604,2.368491680085883,2.771068169618894,,,
78,34.44041867954911,52.72410091250671,4.1129898013955986,0.8387010198604401,2.7442297369833604,2.368491680085883,2.771068169618894,,,
79,34.49409554482018,51.81159420289855,4.092860976918948,0.8051529790660226,2.7308105206655933,3.569511540526033,2.49597423510467,,,
80,34.78931830381106,51.590177133655395,4.066022544283414,0.7648953301127214,2.7308105206655933,3.569511540526033,2.4892646269457863,,,
81,34.82957595276436,51.308373590982285,4.38137412775094,0.7648953301127214,2.7308105206655933,3.5091250670960816,2.475845410628019,,,
82,31.95786366076221,54.3142780461621,4.119699409554482,0.6172839506172839,2.7308105206655933,3.099838969404187,3.052871712292002,,0.10735373054213634,
83,32.15244229736983,54.1532474503489,4.119699409554482,0.6172839506172839,2.7308105206655933,3.099838969404187,3.0193236714975846,,0.10735373054213634,
84,31.99812130971551,53.06629092860977,4.49543746645196,0.798443370907139,2.8918411164787976,3.099838969404187,3.5426731078904994,,0.10735373054213634,
85,31.5552871712292,53.5829307568438,4.49543746645196,0.798443370907139,2.8918411164787976,3.099838969404187,3.4688674181427803,,0.10735373054213634,
86,31.38083735909823,50.74476650563607,8.480944712828771,0.798443370907139,2.536231884057971,2.7442297369833604,3.207192699946323,,0.10735373054213634,
87,31.48148148148148,50.60386473429951,8.21256038647343,0.798443370907139,2.536231884057971,2.717391304347826,3.2004830917874396,,0.4495437466451959,
88,31.655931293612454,50.395866881374126,8.259527643585615,0.798443370907139,2.536231884057971,2.717391304347826,3.1870638754696725,,0.4495437466451959,
89,32.09205582393988,50.026838432635536,8.205850778314547,0.798443370907139,2.536231884057971,2.703972088030059,3.1870638754696725,,0.4495437466451959,
90,32.25308641975309,49.89935587761675,8.205850778314547,0.785024154589372,2.522812667740204,2.6972624798711755,3.1870638754696725,,0.4495437466451959,
91,32.306763285024154,49.85238862050456,8.205850778314547,0.785024154589372,2.522812667740204,2.690552871712292,3.1870638754696725,,0.4495437466451959,
92,32.22624798711755,49.946323134728935,8.192431561996779,0.785024154589372,2.522812667740204,2.690552871712292,3.1870638754696725,,0.4495437466451959,
93,32.32018250134192,49.86580783682233,8.165593129361245,0.785024154589372,2.522812667740204,2.703972088030059,3.1870638754696725,,0.4495437466451959,
94,30.421363392377884,52.10010735373054,7.843531937734836,0.7783145464304885,2.522812667740204,2.6972624798711755,3.1870638754696725,,0.4495437466451959,
95,30.609232420826622,51.409017713365536,7.796564680622652,1.5163714439076759,2.522812667740204,2.5161030595813205,3.180354267310789,,0.4495437466451959,
96,30.42807300053677,50.758185721953836,8.044820182501342,1.5163714439076759,2.4490069779924855,3.207192699946323,3.1468062265163717,,0.4495437466451959,
97,30.66290928609769,50.59044551798175,8.004562533548041,1.5163714439076759,2.4490069779924855,3.2004830917874396,3.126677402039721,,0.4495437466451959,
98,30.636070853462158,50.536768652710684,8.125335480407944,1.5163714439076759,2.4490069779924855,3.2004830917874396,3.0864197530864197,,0.4495437466451959,
99,30.743424584004295,50.32206119162641,8.239398819108963,1.5096618357487923,2.4490069779924855,3.2004830917874396,3.0864197530864197,,0.4495437466451959,
100,30.864197530864196,50.275093934514224,8.185721953837897,1.5096618357487923,2.4490069779924855,3.1870638754696725,3.079710144927536,,0.4495437466451959,
101,30.9849704777241,49.85909822866345,8.158883521202362,1.415727321524423,2.6502952227589907,3.4017713365539453,3.079710144927536,,0.4495437466451959,
102,30.555555555555557,49.37600644122383,8.957326892109501,1.415727321524423,2.6502952227589907,3.5829307568438002,3.012614063338701,,0.4495437466451959,
103,30.173107890499196,48.64465915190553,9.809447128287708,1.415727321524423,2.9119699409554483,3.5829307568438002,3.012614063338701,,0.4495437466451959,
104,30.334138486312398,47.70531400966183,9.836285560923242,1.415727321524423,3.69699409554482,3.556092324208266,3.0059044551798175,,0.4495437466451959,
105,30.52871712292002,47.56441223832528,9.782608695652174,1.415727321524423,3.69699409554482,3.5762211486849167,2.999194847020934,,0.43612453032742887,
106,30.656199677938808,47.16854535695116,9.73564143853999,1.7310789049919484,3.69699409554482,3.5762211486849167,2.999194847020934,,0.43612453032742887,
107,30.44820182501342,46.222490606548575,11.09098228663446,1.710950080515298,3.69699409554482,3.5762211486849167,2.818035426731079,,0.43612453032742887,
108,30.58239398819109,46.02791196994095,11.285560923242082,1.710950080515298,3.69699409554482,3.4822866344605474,2.7777777777777777,,0.43612453032742887,
109,30.71658615136876,45.8467525496511,11.325818572195384,1.710950080515298,3.717122920021471,3.4688674181427803,2.7777777777777777,,0.43612453032742887,
110,30.770263016639827,45.779656468062264,11.29898013955985,1.710950080515298,3.797638217928073,3.4688674181427803,2.737520128824477,,0.43612453032742887,
111,30.92458400429415,45.6454643048846,11.272141706924316,1.7444981213097155,3.770799785292539,3.4688674181427803,2.737520128824477,,0.43612453032742887,
112,30.911164787976382,44.585346215781,11.18491680085883,1.7444981213097155,3.643317230273752,4.7638217928073,2.7308105206655933,,0.43612453032742887,
113,30.50187869028449,44.12238325281803,12.13768115942029,1.710950080515298,3.643317230273752,4.723564143853999,2.7241009125067097,,0.43612453032742887,
114,30.689747718733226,43.98148148148148,12.117552334943639,1.6975308641975309,3.629898013955985,4.723564143853999,2.7241009125067097,,0.43612453032742887,
115,30.783682232957595,43.88083735909823,12.084004294149223,1.6975308641975309,3.629898013955985,4.777241009125067,2.7106816961889426,,0.43612453032742887,
116,30.837359098228664,43.853998926462694,12.057165861513688,1.6975308641975309,3.7037037037037037,4.723564143853999,2.690552871712292,,0.43612453032742887,
117,30.897745571658614,43.42458400429415,11.936392914653783,1.9457863660762211,3.9184111647879765,4.643048845947397,2.831454643048846,,0.4025764895330113,
118,31.04535695115405,43.23671497584541,11.855877616747183,1.9457863660762211,4.005636070853462,4.616210413311863,2.831454643048846,,0.46296296296296297,
119,30.97826086956522,42.7133655394525,11.855877616747183,2.5496511003757383,4.005636070853462,4.616210413311863,2.818035426731079,,0.46296296296296297,
120,31.072195383789587,42.673107890499196,11.842458400429415,2.5496511003757383,3.965378421900161,4.616210413311863,2.818035426731079,,0.46296296296296297,
121,31.246645195920557,42.48523886205046,11.922973698336017,2.5496511003757383,3.965378421900161,4.616210413311863,2.7509393451422435,,0.46296296296296297,
122,31.320450885668276,42.330917874396135,11.90955448201825,2.5496511003757383,3.9586688137412773,4.770531400966184,2.6972624798711755,,0.46296296296296297,
123,31.427804616210413,42.16317767042405,11.902844873859367,2.522812667740204,3.938539989264627,4.898013955984971,2.6838432635534084,,0.46296296296296297,
124,31.736446591519055,41.96188942565754,11.862587224906065,2.5026838432635534,3.898282340311326,4.891304347826087,2.6838432635534084,,0.46296296296296297,
125,31.863929146537842,41.82098765432099,11.882716049382717,2.5026838432635534,3.8915727321524423,4.891304347826087,2.6838432635534084,,0.46296296296296297,
126,32.17257112184648,41.49892646269458,11.829039184111648,2.5026838432635534,3.978797638217928,4.891304347826087,2.6637144390767578,,0.46296296296296297,
127,30.931293612453032,42.7133655394525,11.58749329039184,2.4892646269457863,3.9720880300590444,4.891304347826087,2.9589371980676327,,0.4562533548040794,
128,31.072195383789587,42.639559849704774,11.58749329039184,2.4691358024691357,3.9720880300590444,4.87788513150832,2.952227589908749,,0.4294149221685454,
129,31.146001073537306,42.48523886205046,11.553945249597424,2.6502952227589907,3.9720880300590444,4.87788513150832,2.885131508319914,,0.4294149221685454,
130,31.38083735909823,41.80756843800322,11.493558776167472,2.6502952227589907,3.69699409554482,4.871175523349437,3.670155662909286,,0.4294149221685454,
131,31.387546967257112,41.55931293612453,11.493558776167472,2.9253891572732154,3.69699409554482,4.8376274825550185,3.670155662909286,,0.4294149221685454,
132,31.57541599570585,41.49892646269458,11.43317230273752,2.898550724637681,3.683574879227053,4.810789049919484,3.670155662909286,,0.4294149221685454,
133,31.696188942565755,41.317767042404725,11.419753086419753,2.898550724637681,3.7573805689747717,4.810789049919484,3.670155662909286,,0.4294149221685454,
134,31.608964036500268,41.136607622114866,11.419753086419753,2.898550724637681,4.03918411164788,4.810789049919484,3.656736446591519,,0.4294149221685454,
135,31.105743424584006,40.86151368760064,12.325550187869029,2.885131508319914,4.032474503488996,4.736983360171766,3.6231884057971016,,0.4294149221685454,
136,31.09903381642512,40.53945249597424,12.466451959205582,3.0931293612453032,4.03918411164788,4.7168545356951155,3.616478797638218,,0.4294149221685454,
137,30.99838969404187,39.00295222758991,12.453032742887816,4.830917874396135,3.9184111647879765,4.690016103059581,3.6768652710681695,,0.4294149221685454,
138,31.246645195920557,38.378958668813745,12.406065485775631,4.7168545356951155,4.28743961352657,4.85775630703167,3.6768652710681695,,0.4294149221685454,
139,31.367418142780462,38.22463768115942,12.399355877616747,4.696725711218465,4.361245303274289,4.851046698872786,3.670155662909286,,0.4294149221685454,
140,31.32716049382716,38.00322061191626,12.674449812130971,4.696725711218465,4.3478260869565215,4.851046698872786,3.670155662909286,,0.4294149221685454,
141,27.38191089640365,40.9621578099839,14.969135802469136,4.274020397208803,3.616478797638218,4.7638217928073,3.616478797638218,,0.41599570585077833,
142,27.76435856146001,40.707192699946326,14.922168545356952,4.206924315619967,3.616478797638218,4.7638217928073,3.603059581320451,,0.41599570585077833,
143,27.999194847020934,40.5126140633387,14.49946323134729,4.146537842190016,3.5762211486849167,5.253623188405797,3.5963499731615673,,0.41599570585077833,
144,28.18035426731079,40.37842190016103,14.479334406870638,4.146537842190016,3.5762211486849167,5.226784755770263,3.5963499731615673,,0.41599570585077833,
145,27.72410091250671,39.86849168008588,15.519323671497585,4.012345679012346,3.5225442834138487,5.287171229200215,3.5963499731615673,,0.46967257112184646,
146,27.905260332796566,39.61352657004831,15.505904455179817,4.012345679012346,3.7037037037037037,5.233494363929147,3.556092324208266,,0.46967257112184646,
147,27.89855072463768,39.31830381105743,15.546162104133119,4.294149221685454,3.656736446591519,5.314009661835748,3.502415458937198,,0.46967257112184646,
148,28.005904455179817,39.24449812130972,15.465646806226516,4.294149221685454,3.656736446591519,5.4616210413311865,3.408480944712829,,0.46296296296296297,
149,27.79790660225443,39.58668813741278,15.405260332796564,4.247181964573269,3.629898013955985,5.4616210413311865,3.408480944712829,,0.46296296296296297,
150,27.32823403113258,39.16398282340311,15.197262479871176,4.247181964573269,3.6634460547504024,5.555555555555555,4.38137412775094,,0.46296296296296297,
151,27.549651100375737,39.00295222758991,14.915458937198068,4.247181964573269,3.6634460547504024,5.797101449275362,4.361245303274289,,0.46296296296296297,
152,27.905260332796566,38.92243692968331,14.452495974235104,4.247181964573269,3.6634460547504024,5.71658615136876,4.206924315619967,,0.8856682769726248,
153,27.965646806226516,38.801663982823406,14.398819108964037,4.361245303274289,3.6634460547504024,5.71658615136876,4.206924315619967,,0.8856682769726248,
154,28.14009661835749,38.67418142780462,14.130434782608695,4.361245303274289,3.6366076221148687,5.71658615136876,4.455179817498658,,0.8856682769726248,
155,28.193773483628558,38.61379495437466,13.915727321524423,4.435050993022007,3.6097691894793345,5.689747718733226,4.455179817498658,0.20128824476650564,0.8856682769726248,
156,28.30112721417069,38.519860440150296,13.741277509393452,4.274020397208803,3.824476650563607,5.656199677938808,4.428341384863124,0.3757380568974772,0.8789586688137413,
157,27.690552871712292,37.30542136339238,14.579978529253891,4.274020397208803,4.274020397208803,5.60252281266774,5.018786902844874,0.3757380568974772,0.8789586688137413,
158,27.616747181964573,37.21819645732689,14.55984970477724,4.51556629092861,4.247181964573269,5.60252281266774,4.985238862050457,0.3757380568974772,0.8789586688137413,
159,27.76435856146001,36.82903918411165,15.042941492216855,4.51556629092861,4.233762748255502,5.850778314546431,4.522275899087493,0.3757380568974772,0.8655394524959742,
160,27.932098765432098,36.68813741277509,14.99597423510467,4.51556629092861,4.233762748255502,5.723295759527644,4.522275899087493,0.3757380568974772,1.0131508319914118,
161,28.119967793880836,36.63446054750403,14.875201288244767,4.51556629092861,4.233762748255502,5.656199677938808,4.508856682769726,0.3757380568974772,1.0802469135802468,
162,28.06629092860977,36.2385936661299,14.821524422973699,4.951690821256038,4.3545356951154055,5.636070853462158,4.4753086419753085,0.3757380568974772,1.0802469135802468,
163,28.173644659151904,36.178207192699944,14.80810520665593,4.938271604938271,4.3545356951154055,5.636070853462158,4.455179817498658,0.3757380568974772,1.0802469135802468,
164,28.16022544283414,35.47369833601718,14.754428341384862,4.85775630703167,4.3545356951154055,5.46833064949007,5.501878690284487,0.3757380568974772,1.0534084809447128,
165,28.287707997852927,35.339506172839506,14.76784755770263,4.85775630703167,4.3545356951154055,5.46833064949007,5.495169082125604,0.3757380568974772,1.0534084809447128,
166,28.31454643048846,34.80273752012882,14.88191089640365,5.005367686527107,4.622920021470746,5.46833064949007,5.475040257648954,0.3757380568974772,1.0534084809447128,
167,28.502415458937197,34.70209339774557,14.720880300590446,5.005367686527107,4.696725711218465,5.46833064949007,5.475040257648954,0.3757380568974772,1.0534084809447128,
168,28.549382716049383,34.82957595276436,14.600107353730541,4.985238862050457,4.663177670424047,5.46833064949007,5.475040257648954,0.3757380568974772,1.0534084809447128,
169,28.6231884057971,34.72222222222222,14.65378421900161,4.985238862050457,4.663177670424047,5.46833064949007,5.46833064949007,0.36231884057971014,1.0534084809447128,
170,23.181696188942567,45.63875469672571,11.137949543746645,4.166666666666667,5.12614063338701,4.824208266237251,4.643048845947397,0.2952227589908749,0.9863123993558777,
171,23.295759527643586,45.41733762748255,11.2788513150832,4.166666666666667,5.12614063338701,4.790660225442834,4.643048845947397,0.2952227589908749,0.9863123993558777,
172,23.309178743961354,45.20263016639828,11.137949543746645,4.159957058507783,5.307300053676865,4.750402576489533,4.911433172302737,0.2952227589908749,0.9259259259259259,
173,23.416532474503487,45.14224369296833,11.11111111111111,4.159957058507783,5.293880837359098,4.750402576489533,4.904723564143854,0.2952227589908749,0.9259259259259259,
174,23.416532474503487,44.71953837895867,11.11111111111111,4.159957058507783,5.71658615136876,4.750402576489533,4.904723564143854,0.2952227589908749,0.9259259259259259,
175,23.74530327428878,44.57192699946323,11.11111111111111,4.072732152442297,5.642780461621041,4.750402576489533,4.884594739667204,0.2952227589908749,0.9259259259259259,
176,24.02710681696189,44.524959742351044,10.950080515297907,4.072732152442297,5.609232420826624,4.74369296833065,4.851046698872786,0.2952227589908749,0.9259259259259259,
177,24.14117015566291,44.48470209339774,10.93666129898014,4.019055287171229,5.609232420826624,4.736983360171766,4.851046698872786,0.2952227589908749,0.9259259259259259,
178,24.308910359634996,44.44444444444444,10.896403650026839,3.9989264626945786,5.562265163714439,4.7168545356951155,4.851046698872786,0.2952227589908749,0.9259259259259259,
179,24.476650563607084,44.31025228126678,10.72866344605475,3.9989264626945786,5.562265163714439,4.7168545356951155,4.985238862050457,0.2952227589908749,0.9259259259259259,
180,24.36929683306495,44.24315619967794,10.7085346215781,4.193505099302201,5.562265163714439,4.7168545356951155,4.985238862050457,0.2952227589908749,0.9259259259259259,
181,24.55716586151369,44.08883521202362,10.674986580783683,4.233762748255502,5.522007514761138,4.7168545356951155,4.985238862050457,0.2952227589908749,0.9259259259259259,
182,24.335748792270532,43.75335480407944,10.433440687063875,4.683306494900698,5.407944176060118,4.582662372517445,5.60252281266774,0.2952227589908749,0.9057971014492754,
183,24.3894256575416,43.18974771873322,10.701825013419215,4.616210413311863,5.743424584004294,4.582662372517445,5.5756843800322065,0.2952227589908749,0.9057971014492754,
184,24.61755233494364,43.03542673107891,10.654857756307031,4.5893719806763285,5.783682232957595,4.555823939881911,5.562265163714439,0.2952227589908749,0.9057971014492754,
185,24.496779388083738,42.55904455179817,12.084004294149223,4.542404723564144,5.71658615136876,4.51556629092861,4.884594739667204,0.2952227589908749,0.9057971014492754,
186,24.590713902308106,42.53220611916264,12.084004294149223,4.508856682769726,5.71658615136876,4.502147074610843,4.8376274825550185,0.2952227589908749,0.9326355340848095,
187,24.255233494363928,42.86768652710682,11.896135265700483,4.683306494900698,5.763553408480945,4.4753086419753085,4.830917874396135,0.2952227589908749,0.9326355340848095,
188,20.21604938271605,48.38298443370907,9.628287707997853,4.663177670424047,5.60252281266774,4.394793344068707,5.9447128287707995,0.2952227589908749,0.8722490606548577,
189,20.283145464304884,48.31588835212023,9.588030059044552,4.656468062265164,5.924584004294149,4.17337627482555,5.891035963499732,0.2952227589908749,0.8722490606548577,
190,20.356951154052602,48.26221148684917,9.447128287707997,4.656468062265164,5.924584004294149,4.17337627482555,5.837359098228664,0.2952227589908749,1.0466988727858293,
191,20.457595276435857,48.087761674718195,9.420289855072463,4.656468062265164,5.904455179817498,4.3478260869565215,5.810520665593129,0.2683843263553409,1.0466988727858293,
192,20.46430488459474,48.20182501341922,9.420289855072463,4.5960815888352125,5.877616747181965,4.327697262479871,5.797101449275362,0.2683843263553409,1.0466988727858293,
193,20.78636607622115,48.00053676865271,9.366612989801396,4.5960815888352125,5.844068706387547,4.300858829844337,5.797101449275362,0.2683843263553409,1.0399892646269457,
194,20.9272678475577,47.91331186258722,9.359903381642512,4.5960815888352125,5.797101449275362,4.300858829844337,5.797101449275362,0.2683843263553409,1.0399892646269457,
195,21.088298443370906,47.87305421363392,9.346484165324744,4.5960815888352125,5.756843800322061,4.300858829844337,5.743424584004294,0.2683843263553409,1.0265700483091786,
196,21.202361782071925,47.638217928073,9.333064949006978,4.5960815888352125,5.964841653247451,4.300858829844337,5.703166935050993,0.2683843263553409,0.9930220075147611,
197,21.55126140633387,47.27589908749329,9.219001610305957,4.569243156199678,6.179549114331723,4.300858829844337,5.642780461621041,0.2683843263553409,0.9930220075147611,
198,21.618357487922705,46.87332259796028,9.212292002147075,4.5960815888352125,6.501610305958132,4.294149221685454,5.642780461621041,0.2683843263553409,0.9930220075147611,
199,21.67874396135266,46.83977455716586,9.212292002147075,4.582662372517445,6.501610305958132,4.294149221685454,5.750134192163178,0.2683843263553409,0.8722490606548577,
200,21.477455716586153,47.175254965110035,9.192163177670425,4.528985507246377,6.474771873322598,4.28743961352657,5.750134192163178,0.24154589371980675,0.8722490606548577,
201,21.511003757380568,47.094739667203434,9.004294149221685,4.528985507246377,6.461352657004831,4.569243156199678,5.743424584004294,0.24154589371980675,0.8454106280193237,
202,21.72571121846484,46.96725711218465,9.004294149221685,4.528985507246377,6.407675791733762,4.569243156199678,5.743424584004294,0.24154589371980675,0.8118625872249061,
203,21.920289855072465,46.87332259796028,8.917069243156199,4.502147074610843,6.394256575415996,4.448470209339774,5.743424584004294,0.24154589371980675,0.8118625872249061,0.14761137949543746
204,22.208803005904453,46.57139023081052,8.84326355340848,4.502147074610843,6.515029522275899,4.441760601180891,5.71658615136876,0.24154589371980675,0.8118625872249061,0.14761137949543746
205,22.356414385399894,46.31642512077295,8.829844337090714,4.49543746645196,6.6827697262479875,4.40150295222759,5.71658615136876,0.24154589371980675,0.8118625872249061,0.14761137949543746
206,22.430220075147613,46.06816961889426,8.80300590445518,4.488727858293076,6.890767579173376,4.40150295222759,5.71658615136876,0.24154589371980675,0.8118625872249061,0.14761137949543746
207,22.75228126677402,45.860171765968865,8.722490606548577,4.562533548040794,6.78341384863124,4.40150295222759,5.71658615136876,0.24154589371980675,0.8118625872249061,0.14761137949543746
208,22.873054213633925,45.78636607622115,8.722490606548577,4.562533548040794,6.743156199677939,4.394793344068707,5.71658615136876,0.24154589371980675,0.8118625872249061,0.14761137949543746
209,22.852925389157274,45.33682232957595,8.648684916800859,4.723564143853999,6.6760601180891035,5.025496511003757,5.703166935050993,0.2281266774020397,0.6575415995705851,0.14761137949543746
210,23.027375201288244,45.20263016639828,8.648684916800859,4.7101449275362315,6.649221685453569,5.025496511003757,5.703166935050993,0.2281266774020397,0.6575415995705851,0.14761137949543746
211,22.987117552334944,44.87385936661299,8.655394524959743,5.139559849704777,6.756575415995706,5.01207729468599,5.542136339237788,0.2281266774020397,0.6575415995705851,0.14761137949543746
212,22.966988727858293,44.639023081052066,8.635265700483092,5.508588298443371,6.756575415995706,5.01207729468599,5.4549114331723025,0.2281266774020397,0.6508319914117016,0.14761137949543746
213,23.161567364465917,44.524959742351044,8.621846484165324,5.501878690284487,6.736446591519055,5.01207729468599,5.414653784219001,0.2281266774020397,0.6508319914117016,0.14761137949543746
214,23.309178743961354,44.457863660762214,8.601717659688674,5.481749865807837,6.696188942565755,5.01207729468599,5.414653784219001,0.2281266774020397,0.6508319914117016,0.14761137949543746
215,23.503757380568974,43.646001073537306,8.53462157809984,5.4616210413311865,6.414385399892646,6.005099302200751,5.407944176060118,0.2281266774020397,0.6508319914117016,0.14761137949543746
216,23.691626409017715,43.545356951154055,8.521202361782072,5.441492216854535,6.407675791733762,5.971551261406334,5.394524959742351,0.2281266774020397,0.6508319914117016,0.14761137949543746
217,23.59098228663446,43.243424584004295,8.514492753623188,5.199946323134729,6.347289318303811,5.891035963499732,6.1862587224906065,0.2281266774020397,0.6508319914117016,0.14761137949543746
218,23.64465915190553,43.23000536768653,8.514492753623188,5.179817498658078,6.340579710144928,5.891035963499732,6.172839506172839,0.2281266774020397,0.6508319914117016,0.14761137949543746
219,23.718464841653248,42.08266237251745,8.480944712828771,6.038647342995169,6.602254428341385,5.877616747181965,6.172839506172839,0.2281266774020397,0.6508319914117016,0.14761137949543746
220,23.718464841653248,41.10976918947934,8.480944712828771,7.071926999463232,6.635802469135802,5.803811057434245,6.152710681696189,0.2281266774020397,0.6508319914117016,0.14761137949543746
221,23.872785829307567,40.79441760601181,8.480944712828771,7.051798174986581,6.830381105743425,5.803811057434245,6.139291465378422,0.2281266774020397,0.6508319914117016,0.14761137949543746
222,24.08749329039184,40.60654857756307,8.480944712828771,7.051798174986581,6.837090713902308,5.803811057434245,6.105743424584004,0.2281266774020397,0.6508319914117016,0.14761137949543746
223,24.174718196457327,40.552871712292,8.299785292538916,6.957863660762212,6.823671497584541,5.938003220611916,6.105743424584004,0.2281266774020397,0.7716049382716049,0.14761137949543746
224,24.248523886205046,40.49919484702093,8.299785292538916,6.957863660762212,6.823671497584541,5.931293612453032,6.092324208266238,0.2281266774020397,0.7716049382716049,0.14761137949543746
225,24.342458400429415,40.4320987654321,8.091787439613526,6.957863660762212,6.823671497584541,5.931293612453032,6.0587761674718195,0.2281266774020397,0.9863123993558777,0.14761137949543746
226,24.510198604401502,40.23081052066559,8.111916264090176,6.535158346752549,6.857219538378959,5.924584004294149,6.568706387546968,0.1274825550187869,0.9863123993558777,0.14761137949543746
227,24.62426194310252,40.17713365539453,8.09849704777241,6.689479334406871,6.837090713902308,5.924584004294149,6.414385399892646,0.1274825550187869,0.9594739667203436,0.14761137949543746
228,24.644390767579175,39.982555018786904,8.179012345679013,6.689479334406871,6.944444444444445,5.924584004294149,6.414385399892646,0.1274825550187869,0.9460547504025765,0.14761137949543746
229,24.771873322597962,39.754428341384866,8.165593129361245,6.971282877079979,6.9243156199677935,5.810520665593129,6.400966183574879,0.1274825550187869,0.9259259259259259,0.14761137949543746
230,24.805421363392377,39.32501341921632,8.158883521202362,6.877348362855609,7.192699946323135,5.9447128287707995,6.494900697799249,0.1274825550187869,0.9259259259259259,0.14761137949543746
231,24.57729468599034,39.44578636607622,8.353462157809984,6.9243156199677935,7.179280730005368,5.8239398819108965,6.494900697799249,0.1274825550187869,0.9259259259259259,0.14761137949543746
232,24.771873322597962,39.32501341921632,8.353462157809984,6.877348362855609,7.179280730005368,5.8239398819108965,6.468062265163715,0.1274825550187869,0.9259259259259259,0.14761137949543746
233,24.94632313472893,39.2512077294686,8.353462157809984,6.863929146537842,7.179280730005368,5.763553408480945,6.4412238325281805,0.1274825550187869,0.9259259259259259,0.14761137949543746
234,25.0,38.808373590982285,8.3467525496511,7.50805152979066,7.226247987117552,5.649490069779925,6.407675791733762,0.1274825550187869,0.9259259259259259,
235,25.127482555018787,38.49302200751476,8.299785292538916,7.843531937734836,7.199409554482019,5.622651637144391,6.360708534621578,0.1274825550187869,0.9259259259259259,
236,24.859098228663445,37.67444981213097,8.219269994632313,7.836822329575953,7.635534084809447,6.367418142780462,6.353998926462695,0.1274825550187869,0.9259259259259259,
237,25.026838432635532,37.546967257112186,8.179012345679013,7.877079978529254,7.628824476650563,6.340579710144928,6.353998926462695,0.1274825550187869,0.9192163177670424,
238,25.281803542673106,37.31213097155126,8.232689210950081,7.863660762211487,7.890499194847021,6.099033816425121,6.273483628556092,0.1274825550187869,0.9192163177670424,
239,25.36231884057971,37.30542136339238,8.21256038647343,7.863660762211487,7.877079978529254,6.099033816425121,6.260064412238325,0.1274825550187869,0.8923778851315083,
240,25.47638217928073,37.23832528180354,8.199141170155663,7.863660762211487,7.877079978529254,6.099033816425121,6.226516371443908,0.1274825550187869,0.8923778851315083,
241,25.509930220075148,36.56736446591519,8.199141170155663,7.863660762211487,7.877079978529254,6.099033816425121,6.863929146537842,0.1274825550187869,0.8923778851315083,
242,25.53676865271068,36.560654857756305,8.185721953837897,7.863660762211487,7.87037037037037,6.099033816425121,6.863929146537842,0.1274825550187869,0.8923778851315083,
243,25.577026301663984,36.24530327428878,8.179012345679013,7.863660762211487,8.205850778314547,6.072195383789587,6.837090713902308,0.1274825550187869,0.8923778851315083,
244,25.865539452495973,36.05072463768116,8.152173913043478,7.85024154589372,8.132045088566828,6.072195383789587,6.837090713902308,0.1274825550187869,0.9125067096081588,
245,25.905797101449274,35.92324208266237,8.152173913043478,7.830112721417069,7.897208803005904,6.3070316693505095,6.944444444444445,0.1274825550187869,0.9125067096081588,
246,25.865539452495973,35.59447128287708,7.742887815351583,8.044820182501342,7.702630166398282,7.078636607622115,6.9310252281266775,0.1274825550187869,0.9125067096081588,
247,26.019860440150296,35.42002147074611,7.7361782071927,8.232689210950081,7.702630166398282,7.051798174986581,6.796833064949007,0.1274825550187869,0.9125067096081588,
248,26.241277509393452,34.92351046698873,7.729468599033816,8.225979602791197,8.225979602791197,6.9243156199677935,6.689479334406871,0.1274825550187869,0.9125067096081588,
249,26.31508319914117,34.91009125067096,7.729468599033816,8.145464304884594,8.380300590445518,6.8035426731078905,6.6760601180891035,0.1274825550187869,0.9125067096081588,
250,26.39559849704777,34.896672034353195,7.702630166398282,8.145464304884594,8.3467525496511,6.8035426731078905,6.66935050993022,0.1274825550187869,0.9125067096081588,
251,26.496242619431026,34.796027911969944,7.675791733762749,8.192431561996779,8.272946859903382,6.78341384863124,6.743156199677939,0.1274825550187869,0.9125067096081588,
252,26.583467525496513,34.66854535695116,7.749597423510467,8.172302737520129,8.239398819108963,6.756575415995706,6.790123456790123,0.1274825550187869,0.9125067096081588,
253,26.435856146001072,34.23913043478261,7.682501341921632,8.125335480407944,8.225979602791197,7.5348899624261945,6.716317767042405,0.1274825550187869,0.9125067096081588,
254,26.482823403113258,34.03113258185722,7.62211486849168,8.165593129361245,8.393719806763285,7.521470746108427,6.743156199677939,0.1274825550187869,0.9125067096081588,
255,26.556629092860977,33.87010198604401,7.575147611379496,8.3064949006978,8.380300590445518,7.461084272678476,6.743156199677939,0.1274825550187869,0.9796027911969941,
256,26.362050456253353,33.58829844337091,7.48792270531401,8.3064949006978,8.474235104669887,7.96430488459474,6.709608158883521,0.1274825550187869,0.9796027911969941,
257,26.455984970477726,33.071658615136876,7.340311325818572,8.158883521202362,8.433977455716587,8.514492753623188,6.763285024154589,0.12077294685990338,1.1406333870101986,
258,26.637144390767578,33.011272141706925,7.333601717659689,8.125335480407944,8.413848631239935,8.474235104669887,6.743156199677939,0.12077294685990338,1.1406333870101986,
259,26.73107890499195,32.92404723564144,7.333601717659689,8.3064949006978,8.387010198604402,8.353462157809984,6.743156199677939,0.12077294685990338,1.1003757380568975,
260,26.952495974235106,32.83682232957595,7.313472893183038,8.239398819108963,8.387010198604402,8.387010198604402,6.66935050993022,0.12077294685990338,1.093666129898014,
261,26.92565754159957,32.80327428878154,7.139023081052066,8.21256038647343,8.460815888352121,8.635265700483092,6.655931293612453,0.12077294685990338,1.0466988727858293,
262,27.026301663982824,32.70263016639828,7.139023081052066,7.96430488459474,8.76274825550188,8.581588835212024,6.655931293612453,0.12077294685990338,1.0466988727858293,
