,45,50,55,51,54,52,53,56,57,58,61,59,60
0,99.35587761674718,0.644122383252818,,,,,,,,,,,
1,94.87385936661299,5.12614063338701,,,,,,,,,,,
2,93.43129361245303,6.508319914117015,0.06038647342995169,,,,,,,,,,
3,89.30488459473966,10.63472893183038,0.06038647342995169,,,,,,,,,,
4,76.49624261943103,23.295759527643586,0.18115942028985507,0.026838432635534086,,,,,,,,,
5,76.44927536231884,23.007246376811594,0.20799785292538917,0.026838432635534086,0.30864197530864196,,,,,,,,
6,76.26811594202898,23.07434245840043,0.322061191626409,0.026838432635534086,0.30864197530864196,,,,,,,,
7,75.08722490606549,24.10091250670961,0.35560923242082665,0.040257648953301126,0.30864197530864196,0.10735373054213634,,,,,,,
8,67.27724100912506,31.5955448201825,0.3824476650563607,0.24825550187869028,0.30864197530864196,0.1878690284487386,,,,,,,
9,66.76060118089103,28.28099838969404,0.4092860976918948,2.61003757380569,0.38915727321524424,0.2683843263553409,1.2815351583467525,,,,,,
10,64.83494363929147,30.20665593129361,0.4092860976918948,2.4691358024691357,0.5300590445517982,0.2683843263553409,1.2815351583467525,,,,,,
11,64.51959205582394,30.394524959742352,0.4092860976918948,2.5966183574879227,0.5300590445517982,0.2683843263553409,1.2815351583467525,,,,,,
12,64.26462694578636,28.26086956521739,0.4428341384863124,4.830917874396135,0.5099302200751477,0.2683843263553409,1.2681159420289856,0.15432098765432098,,,,,
13,58.662104133118625,33.69565217391305,0.4092860976918948,4.7638217928073,0.8185721953837896,0.24154589371980675,1.2681159420289856,0.14090177133655393,,,,,
14,57.427536231884055,32.23295759527644,0.4092860976918948,7.501341921631776,0.9125067096081588,0.3488996242619431,1.0265700483091786,0.14090177133655393,,,,,
15,57.1256038647343,32.53488996242619,0.4428341384863124,7.474503488996243,0.9125067096081588,0.3757380568974772,0.9930220075147611,0.14090177133655393,,,,,
16,55.112721417069245,32.33360171765969,0.4092860976918948,7.078636607622115,1.1876006441223832,2.7442297369833604,0.95276435856146,0.18115942028985507,,,,,
17,52.361782071927,33.50107353730542,0.47638217928073,8.272946859903382,1.1876006441223832,2.7442297369833604,1.2748255501878691,0.18115942028985507,,,,,
18,51.95920558239399,33.48765432098765,0.785024154589372,8.266237251744498,1.3016639828234031,2.7442297369833604,1.2748255501878691,0.18115942028985507,,,,,
19,41.52576489533011,41.888083735909824,0.8252818035426731,5.589103596349974,0.6575415995705851,8.225979602791197,1.0399892646269457,0.18115942028985507,0.06709608158883522,,,,
20,41.55931293612453,41.53918411164788,0.8722490606548577,5.595813204508857,0.8387010198604401,8.28636607622115,1.0601180891035964,0.18115942028985507,0.06709608158883522,,,,
21,40.54616210413312,41.43183038110574,0.9125067096081588,5.730005367686527,0.8387010198604401,9.25925925925926,1.0601180891035964,0.18115942028985507,0.040257648953301126,,,,
22,35.869565217391305,45.65217391304348,1.1205045625335481,5.5756843800322065,1.1137949543746646,9.426999463231347,1.0601180891035964,0.18115942028985507,,,,,
23,35.81588835212023,42.250402576489535,1.442565754159957,5.5756843800322065,1.4694041867954912,9.339774557165862,3.8915727321524423,0.18115942028985507,0.03354804079441761,,,,
24,35.96349973161568,42.049114331723025,1.5096618357487923,5.589103596349974,1.4694041867954912,9.185453569511541,3.8915727321524423,0.18115942028985507,0.1610305958132045,,,,
25,26.623725174449813,47.00751476113795,1.1540526033279657,7.87037037037037,0.9796027911969941,12.198067632850242,3.7104133118625873,0.2616747181964573,0.19457863660762212,,,,
26,26.69753086419753,43.71980676328502,1.3083735909822867,7.803274288781535,0.9796027911969941,15.35829307568438,3.6768652710681695,0.2616747181964573,0.19457863660762212,,,,
27,26.704240472356414,43.76006441223833,1.3083735909822867,7.669082125603865,1.06682769726248,15.24422973698336,3.6634460547504024,0.2885131508319914,0.2952227589908749,,,,
28,26.8719806763285,43.572195383789584,1.3016639828234031,7.628824476650563,1.1876006441223832,15.190552871712292,3.6634460547504024,0.2885131508319914,0.2952227589908749,,,,
29,27.026301663982824,43.37761674718197,1.4224369296833066,7.575147611379496,1.1876006441223832,15.022812667740205,3.6097691894793345,0.33548040794417605,0.4294149221685454,0.013419216317767043,,,
30,26.818303811057433,40.103327965646805,1.5163714439076759,15.780998389694043,1.1876006441223832,11.889425657541599,1.5499194847020934,0.5099302200751477,0.5904455179817498,0.05367686527106817,,,
31,22.71202361782072,30.770263016639827,2.7777777777777777,28.958668813741276,1.1272141706924315,10.63472893183038,1.4090177133655395,1.1406333870101986,0.41599570585077833,0.05367686527106817,,,
32,21.537842190016104,32.038378958668815,3.3413848631239937,28.710413311862588,1.1272141706924315,10.25228126677402,1.402308105206656,1.1272141706924315,0.3824476650563607,0.08051529790660225,,,
33,20.813204508856682,32.890499194847024,3.3950617283950617,28.395061728395063,1.1272141706924315,10.124798711755233,1.402308105206656,1.3620504562533549,0.4092860976918948,0.08051529790660225,,,
34,20.544820182501343,31.280193236714975,3.4822866344605474,30.50187869028449,0.7313472893183038,10.071121846484166,1.402308105206656,1.4358561460010735,0.47638217928073,0.07380568974771873,,,
35,20.645464304884594,30.870907139023082,3.864734299516908,29.944981213097154,0.7179280730005367,10.084541062801932,1.402308105206656,1.9189479334406871,0.47638217928073,0.07380568974771873,,,
36,20.893719806763286,30.71658615136876,3.9720880300590444,29.562533548040793,0.7179280730005367,9.903381642512077,1.402308105206656,2.2074610842726785,0.5501878690284487,0.07380568974771873,,,
37,21.135265700483092,30.434782608695652,3.9519592055823938,29.354535695115406,0.8655394524959742,9.789318303811058,1.402308105206656,2.3550724637681157,0.5501878690284487,0.1610305958132045,,,
38,15.935319377348362,46.85319377348363,4.643048845947397,18.706387546967257,0.8454106280193237,9.561191626409018,1.3620504562533549,1.3419216317767042,0.5636070853462157,0.1878690284487386,,,
39,13.667471819645733,41.45195920558239,4.2270531400966185,27.72410091250671,1.4492753623188406,8.863392377885132,0.43612453032742887,1.3620504562533549,0.6105743424584005,0.20799785292538917,,,
40,13.667471819645733,41.317767042404725,4.414922168545357,27.006172839506174,1.4492753623188406,8.863392377885132,0.41599570585077833,2.046430488459474,0.6105743424584005,0.20799785292538917,,,
41,13.828502415458937,41.1634460547504,4.49543746645196,26.912238325281802,1.3888888888888888,8.816425120772946,0.41599570585077833,2.1269457863660763,0.644122383252818,0.20799785292538917,,,
42,13.922436929683306,41.035963499731615,4.616210413311863,26.100375738056897,2.0128824476650564,8.76274825550188,0.41599570585077833,2.2342995169082127,0.644122383252818,0.2549651100375738,,,
43,14.231078904991948,40.19726247987118,5.072463768115942,25.91921631776704,2.2342995169082127,8.68894256575416,0.41599570585077833,2.24771873322598,0.7380568974771873,0.2549651100375738,,,
44,14.486044015029522,39.79468599033817,5.199946323134729,25.684380032206118,2.2208803005904456,8.675523349436393,0.46967257112184646,2.341653247450349,0.7380568974771873,0.38915727321524424,,,
45,14.533011272141707,37.67444981213097,5.045625335480408,24.872517444981213,2.7777777777777777,8.641975308641975,2.636876006441224,2.690552871712292,0.7380568974771873,0.38915727321524424,,,
46,14.620236178207193,37.34567901234568,5.300590445517981,24.731615673644658,2.8650026838432634,8.641975308641975,2.61003757380569,2.717391304347826,0.7380568974771873,0.41599570585077833,0.013419216317767043,,
47,14.801395598497047,37.03703703703704,5.542136339237788,24.60413311862587,2.945517981749866,8.527911969940956,2.5697799248523885,2.7442297369833604,0.7246376811594203,0.48980139559849706,0.013419216317767043,,
48,15.009393451422437,36.91626409017714,5.615942028985507,24.241814278046164,2.999194847020934,8.36688137412775,2.5697799248523885,3.0327428878153517,0.7581857219538379,0.48980139559849706,,,
49,14.848362855609233,33.74932903918411,7.367149758454106,25.885668276972623,3.046162104133119,8.09849704777241,2.5295222758990876,3.1736446591519054,0.7581857219538379,0.5434782608695652,,,
50,15.002683843263553,33.293075684380035,8.05823939881911,25.53676865271068,2.932098765432099,6.910896403650026,3.7573805689747717,3.260869565217391,0.798443370907139,0.4495437466451959,,,
51,14.935587761674718,32.930756843800324,8.225979602791197,24.56387546967257,3.2541599570585076,6.884057971014493,3.5225442834138487,4.461889425657541,0.7716049382716049,0.4495437466451959,,,
52,14.284755770263017,33.319914117015564,8.387010198604402,24.664519592055825,3.227321524422974,6.857219538378959,3.515834675254965,4.522275899087493,0.7716049382716049,0.4495437466451959,,,
53,14.371980676328503,33.111916264090176,8.507783145464305,24.4296833064949,3.227321524422974,6.937734836285561,3.535963499731616,4.62962962962963,0.798443370907139,0.4495437466451959,,,
54,14.123725174449811,32.92404723564144,8.776167471819646,24.094202898550726,3.166935050993022,7.709339774557166,3.2675791733762747,4.736983360171766,0.7514761137949544,0.4495437466451959,,,
55,13.620504562533547,28.972088030059044,7.407407407407407,32.51476113794954,3.126677402039721,5.495169082125604,3.240740740740741,4.851046698872786,0.6709608158883521,0.10064412238325282,,,
56,13.882179280730005,28.75738056897477,7.702630166398282,32.10547504025765,3.126677402039721,5.441492216854535,3.0193236714975846,4.931561996779388,0.8185721953837896,0.2147074610842727,,,
57,14.103596349973161,28.556092324208265,7.836822329575953,31.796833064949006,3.126677402039721,5.441492216854535,2.9388083735909825,5.032206119162641,0.8185721953837896,0.27509393451422437,0.013419216317767043,0.06038647342995169,
58,14.257917337627482,28.27428878153516,8.085077831454644,31.61567364465915,3.180354267310789,5.441492216854535,2.9388083735909825,5.032206119162641,0.8185721953837896,0.28180354267310787,0.013419216317767043,0.06038647342995169,
59,14.38539989264627,28.18035426731079,10.50053676865271,28.918411164787976,3.33467525496511,5.421363392377885,2.8650026838432634,5.092592592592593,0.9326355340848095,0.2952227589908749,0.013419216317767043,0.06038647342995169,
60,13.425925925925926,28.992216854535695,10.681696188942565,28.64331723027375,3.515834675254965,5.407944176060118,2.7308105206655933,5.112721417069243,0.9326355340848095,0.32877079978529256,0.013419216317767043,0.2147074610842727,
61,13.654052603327965,28.73725174449812,10.903113258185721,28.099838969404185,3.5091250670960816,5.414653784219001,2.7106816961889426,5.488459473966721,0.9259259259259259,0.32877079978529256,0.013419216317767043,0.2147074610842727,
62,13.747987117552334,28.368223295759528,11.231884057971014,27.70397208803006,3.5829307568438002,5.414653784219001,2.462426194310252,6.005099302200751,0.9259259259259259,0.32877079978529256,0.013419216317767043,0.2147074610842727,
63,13.989533011272142,27.750939345142243,11.305689747718732,27.596618357487923,3.750670960815888,5.441492216854535,2.6033279656468062,5.998389694041868,0.9259259259259259,0.4092860976918948,0.013419216317767043,0.2147074610842727,
64,11.017176596886742,24.188137412775095,9.88996242619431,30.797101449275363,3.6902844873859366,11.829039184111648,2.4825550187869028,4.683306494900698,0.9259259259259259,0.2952227589908749,0.040257648953301126,0.1610305958132045,
65,11.077563070316694,24.174718196457327,9.514224369296834,29.260601180891037,3.6768652710681695,13.600375738056897,2.4825550187869028,4.74369296833065,0.9259259259259259,0.322061191626409,0.040257648953301126,0.1610305958132045,0.020128824476650563
66,11.386205045625335,24.14117015566291,9.406870638754697,29.11969940955448,3.6500268384326353,13.466183574879228,2.4825550187869028,4.770531400966184,0.9930220075147611,0.322061191626409,0.08051529790660225,0.1610305958132045,0.020128824476650563
67,11.674718196457327,23.899624261943103,9.541062801932368,28.951959205582394,3.5628019323671496,13.378958668813741,2.4557165861513686,4.864465915190553,0.9930220075147611,0.3488996242619431,0.08051529790660225,0.2281266774020397,0.020128824476650563
68,11.829039184111648,22.913311862587225,9.39345142243693,28.804347826086957,4.74369296833065,13.365539452495975,2.4490069779924855,4.797369833601718,1.0131508319914118,0.3488996242619431,0.08051529790660225,0.24154589371980675,0.020128824476650563
69,11.681427804616211,21.72571121846484,9.574610842726784,28.56280193236715,4.723564143853999,13.22463768115942,3.9855072463768115,4.783950617283951,0.9796027911969941,0.41599570585077833,0.08051529790660225,0.24154589371980675,0.020128824476650563
70,11.486849168008588,20.79307568438003,7.944176060118089,33.621846484165324,4.542404723564144,10.997047772410092,3.9586688137412773,4.770531400966184,1.1406333870101986,0.38915727321524424,0.08051529790660225,0.24154589371980675,0.03354804079441761
71,11.647879763821793,20.578368223295758,7.944176060118089,33.467525496511,4.636339237788513,10.963499731615673,4.0995705850778315,4.770531400966184,1.1607622114868492,0.3757380568974772,0.08051529790660225,0.24154589371980675,0.03354804079441761
72,11.808910359634996,20.30998389694042,8.158883521202362,33.15217391304348,4.750402576489533,10.923242082662373,4.086151368760064,4.924852388620504,1.1540526033279657,0.3757380568974772,0.08051529790660225,0.24154589371980675,0.03354804079441761
73,12.117552334943639,20.182501341921633,8.192431561996779,32.91733762748255,4.663177670424047,10.768921095008052,4.05931293612453,5.0858829844337095,1.261406333870102,0.3757380568974772,0.08051529790660225,0.2616747181964573,0.03354804079441761
74,12.385936661298981,19.961084272678477,8.239398819108963,32.6556629092861,4.656468062265164,10.721953837895867,4.133118625872249,5.246913580246914,1.261406333870102,0.3757380568974772,0.06709608158883522,0.2616747181964573,0.03354804079441761
75,11.037305421363392,16.740472356414386,8.017981749865807,31.729736983360173,4.7168545356951155,16.666666666666668,3.5963499731615673,5.360976918947934,1.3955984970477724,0.3757380568974772,0.06709608158883522,0.2616747181964573,0.03354804079441761
76,11.29898013955985,16.6129898013956,8.017981749865807,31.427804616210413,4.898013955984971,16.6129898013956,3.556092324208266,5.441492216854535,1.3955984970477724,0.3757380568974772,0.06709608158883522,0.2616747181964573,0.03354804079441761
77,11.419753086419753,16.59286097691895,8.011272141706923,31.280193236714975,4.938271604938271,16.5727321524423,3.556092324208266,5.441492216854535,1.415727321524423,0.4092860976918948,0.06709608158883522,0.2616747181964573,0.03354804079441761
78,10.970209339774557,15.92860976918948,7.742887815351583,29.978529253891573,4.696725711218465,19.47128287707998,3.5829307568438002,5.374396135265701,1.482823403113258,0.4092860976918948,0.06709608158883522,0.2616747181964573,0.03354804079441761
79,10.983628556092324,15.955448201825014,7.695920558239399,30.26033279656468,4.555823939881911,19.464573268921097,3.4957058507783145,5.226784755770263,1.5901771336553945,0.4092860976918948,0.06709608158883522,0.2616747181964573,0.03354804079441761
80,10.95679012345679,15.801127214170693,7.863660762211487,31.253354804079443,4.341116478797638,18.793612453032743,3.5091250670960816,5.314009661835748,1.4761137949543746,0.32877079978529256,0.06709608158883522,0.2616747181964573,0.03354804079441761
81,10.668276972624799,13.915727321524423,7.320182501341922,36.07756307031669,3.6634460547504024,17.54562533548041,3.4286097691894795,5.186527106816962,1.5029522275899088,0.32877079978529256,0.06709608158883522,0.2616747181964573,0.03354804079441761
82,10.010735373054214,23.10789049919485,7.1658615136876005,28.911701556629094,3.2541599570585076,17.371175523349436,3.515834675254965,4.408212560386473,1.6035963499731616,0.3153515834675255,0.06709608158883522,0.23483628556092323,0.03354804079441761
83,10.037573805689748,23.020665593129362,7.501341921631776,28.650026838432634,3.307836822329576,17.07595276435856,3.455448201825013,4.569243156199678,1.7310789049919484,0.3153515834675255,0.06709608158883522,0.23483628556092323,0.03354804079441761
84,10.359634997316157,22.685185185185187,7.695920558239399,28.30112721417069,3.2474503488996245,16.948470209339774,3.6634460547504024,4.64975845410628,1.8183038110574343,0.30864197530864196,0.06709608158883522,0.2214170692431562,0.03354804079441761
85,10.57434245840043,22.591250670960815,7.702630166398282,28.24074074074074,3.2474503488996245,16.820987654320987,3.6500268384326353,4.676596886741814,1.8183038110574343,0.3421900161030596,0.08051529790660225,0.2214170692431562,0.03354804079441761
86,10.34621578099839,21.390230810520666,7.440955448201825,26.65727321524423,3.126677402039721,20.142243692968332,3.643317230273752,4.53569511540526,2.0397208803005906,0.3421900161030596,0.08051529790660225,0.2214170692431562,0.03354804079441761
87,10.641438539989265,21.202361782071925,7.5348899624261945,26.442565754159958,3.1468062265163717,19.80005367686527,3.629898013955985,4.64975845410628,2.2342995169082127,0.3824476650563607,0.08051529790660225,0.2214170692431562,0.03354804079441761
88,10.836017176596886,19.162640901771336,7.521470746108427,26.281535158346752,3.1468062265163717,19.524959742351047,5.857487922705314,4.7168545356951155,2.2342995169082127,0.3824476650563607,0.08051529790660225,0.2214170692431562,0.03354804079441761
89,11.07085346215781,18.833870101986044,7.588566827697263,26.006441223832528,3.2541599570585076,19.290123456790123,5.797101449275362,5.2066559312936125,2.2342995169082127,0.3824476650563607,0.08051529790660225,0.2214170692431562,0.03354804079441761
90,11.171497584541063,18.71309715512614,7.803274288781535,25.825281803542673,3.2474503488996245,19.189479334406872,5.776972624798712,5.287171229200215,2.26784755770263,0.3824476650563607,0.08051529790660225,0.2214170692431562,0.03354804079441761
91,11.211755233494364,17.921363392377884,7.937466451959206,23.839237788513152,3.307836822329576,21.77938808373591,5.743424584004294,5.260332796564681,2.314814814814815,0.3488996242619431,0.08051529790660225,0.2214170692431562,0.03354804079441761
92,11.3593666129898,17.74020397208803,8.494363929146537,23.564143853998928,3.307836822329576,21.611647879763822,5.508588298443371,5.441492216854535,2.2879763821792807,0.3488996242619431,0.08051529790660225,0.2214170692431562,0.03354804079441761
93,10.84272678475577,16.941760601180892,7.957595276435856,25.328770799785293,3.1870638754696725,21.101717659688674,6.374127750939345,5.394524959742351,2.214170692431562,0.322061191626409,0.08051529790660225,0.2214170692431562,0.03354804079441761
94,11.077563070316694,16.800858829844337,7.96430488459474,25.046967257112186,3.1333870101986045,20.685721953837895,6.474771873322598,5.629361245303274,2.5429414922168547,0.32877079978529256,0.08051529790660225,0.20128824476650564,0.03354804079441761
95,11.225174449812132,16.780730005367687,7.98443370907139,24.9194847020934,3.2877079978529253,20.517981749865807,6.407675791733762,5.703166935050993,2.5295222758990876,0.32877079978529256,0.08051529790660225,0.20128824476650564,0.03354804079441761
96,10.997047772410092,16.284219001610307,7.494632313472893,24.000268384326354,3.374932903918411,21.69887278582931,7.615405260332796,5.4616210413311865,2.462426194310252,0.2952227589908749,0.08051529790660225,0.20128824476650564,0.03354804079441761
97,11.171497584541063,16.25067096081589,7.568438003220612,23.839237788513152,3.374932903918411,21.531132581857218,7.695920558239399,5.407944176060118,2.5496511003757383,0.2952227589908749,0.08051529790660225,0.20128824476650564,0.03354804079441761
98,11.419753086419753,16.17686527106817,7.555018786902845,22.946859903381643,3.3413848631239937,21.390230810520666,8.36688137412775,5.589103596349974,2.5496511003757383,0.3488996242619431,0.08051529790660225,0.20128824476650564,0.03354804079441761
99,11.560654857756306,15.92860976918948,7.749597423510467,22.86634460547504,3.475577026301664,21.22249060654858,8.360171765968868,5.622651637144391,2.5496511003757383,0.3488996242619431,0.08051529790660225,0.20128824476650564,0.03354804079441761
100,11.721685453569512,15.821256038647343,8.293075684380032,22.490606548577563,3.388352120236178,21.095008051529792,8.360171765968868,5.615942028985507,2.5496511003757383,0.3488996242619431,0.08051529790660225,0.20128824476650564,0.03354804079441761
101,11.79549114331723,16.0426731078905,8.272946859903382,22.322866344605476,3.4621578099838968,20.94068706387547,8.360171765968868,5.528717122920021,2.61003757380569,0.3488996242619431,0.08051529790660225,0.20128824476650564,0.03354804079441761
102,11.822329575952764,15.874932903918411,8.319914117015566,22.14170692431562,5.092592592592593,19.83360171765969,8.239398819108963,5.401234567901234,2.5295222758990876,0.4092860976918948,0.08051529790660225,0.2214170692431562,0.03354804079441761
103,11.896135265700483,15.807836822329575,8.514492753623188,21.89345142243693,5.025496511003757,19.746376811594203,8.252818035426731,5.595813204508857,2.522812667740204,0.4092860976918948,0.08051529790660225,0.2214170692431562,0.03354804079441761
104,12.077294685990339,15.646806226516372,8.628556092324208,21.772678475577028,5.052334943639291,19.558507783145465,8.192431561996779,5.649490069779925,2.677133655394525,0.4092860976918948,0.08051529790660225,0.2214170692431562,0.03354804079441761
105,12.198067632850242,15.230810520665592,8.722490606548577,22.188674181427803,5.052334943639291,19.350509930220074,8.085077831454644,5.5689747718733225,2.7777777777777777,0.48980139559849706,0.08051529790660225,0.2214170692431562,0.03354804079441761
106,12.305421363392378,15.150295222758992,8.675523349436393,22.15512614063339,5.0858829844337095,19.176060118089104,8.152173913043478,5.636070853462158,2.818035426731079,0.48980139559849706,0.08051529790660225,0.2214170692431562,0.05367686527106817
107,12.439613526570048,15.123456790123457,8.735909822866345,21.947128287707997,5.0858829844337095,19.068706387546968,8.219269994632313,5.750134192163178,2.7844873859366612,0.48980139559849706,0.08051529790660225,0.2214170692431562,0.05367686527106817
108,12.5402576489533,15.002683843263553,8.735909822866345,22.208803005904453,5.139559849704777,18.706387546967257,8.13875469672571,5.884326355340848,2.7979066022544283,0.48980139559849706,0.08051529790660225,0.2214170692431562,0.05367686527106817
109,12.694578636607622,14.781266774020397,8.749329039184111,22.088030059044552,5.877616747181965,18.699677938808374,7.50805152979066,5.850778314546431,2.918679549114332,0.48980139559849706,0.08051529790660225,0.2214170692431562,0.040257648953301126
110,12.5402576489533,14.371980676328503,8.044820182501342,22.061191626409016,5.756843800322061,20.598497047772412,7.461084272678476,5.656199677938808,2.717391304347826,0.46296296296296297,0.06709608158883522,0.2214170692431562,0.040257648953301126
111,12.654320987654321,14.036500268384327,8.259527643585615,21.81964573268921,5.770263016639828,20.511272141706925,7.716049382716049,5.783682232957595,2.677133655394525,0.4428341384863124,0.06709608158883522,0.2214170692431562,0.040257648953301126
112,12.634192163177671,13.6406333870102,8.333333333333334,23.483628556092324,5.891035963499732,19.87385936661299,7.058507783145465,5.636070853462158,2.677133655394525,0.4428341384863124,0.06709608158883522,0.2214170692431562,0.040257648953301126
113,12.70799785292539,13.539989264626946,8.380300590445518,25.83870101986044,4.723564143853999,19.296833064949006,7.0383789586688135,5.22007514761138,2.4825550187869028,0.4428341384863124,0.06709608158883522,0.2214170692431562,0.040257648953301126
114,12.835480407944177,13.425925925925926,8.601717659688674,25.744766505636072,4.74369296833065,19.229736983360173,6.964573268921095,5.186527106816962,2.4892646269457863,0.47638217928073,0.040257648953301126,0.2214170692431562,0.040257648953301126
115,12.714707461084272,13.023349436392914,8.876811594202898,25.228126677402038,5.018786902844874,18.927804616210413,7.7361782071927,5.139559849704777,2.5563607085346214,0.47638217928073,0.040257648953301126,0.2214170692431562,0.040257648953301126
116,12.258454106280194,12.969672571121846,8.82313472893183,30.059044551798173,4.864465915190553,15.599838969404187,7.729468599033816,5.01207729468599,2.1135265700483092,0.4227053140096618,0.040257648953301126,0.06709608158883522,0.040257648953301126
117,12.298711755233494,12.795222758990874,8.977455716586151,29.851046698872786,4.918142780461621,15.479066022544284,7.742887815351583,5.226784755770263,2.1403650026838434,0.4227053140096618,0.040257648953301126,0.06709608158883522,0.040257648953301126
118,12.00348899624262,12.385936661298981,9.198872785829307,30.44820182501342,4.911433172302737,15.11003757380569,7.742887815351583,5.367686527106817,2.167203435319377,0.5166398282340311,0.040257648953301126,0.06709608158883522,0.040257648953301126
119,12.070585077831455,12.338969404186795,9.05126140633387,29.51556629092861,6.3070316693505095,15.01610305958132,7.581857219538379,5.226784755770263,2.2410091250670963,0.46967257112184646,0.040257648953301126,0.06709608158883522,0.07380568974771873
120,12.097423510466989,12.164519592055823,9.272678475577026,30.03220611916264,6.246645195920558,14.465915190552872,7.50805152979066,5.287171229200215,2.2410091250670963,0.5032206119162641,0.040257648953301126,0.06709608158883522,0.07380568974771873
121,12.325550187869029,12.084004294149223,9.31964573268921,29.837627482555018,6.260064412238325,14.338432635534085,7.353730542136339,5.528717122920021,2.26784755770263,0.5032206119162641,0.040257648953301126,0.06709608158883522,0.07380568974771873
122,12.634192163177671,12.030327428878154,9.339774557165862,29.723564143854,6.213097155126141,14.170692431561998,7.2933440687063875,5.515297906602254,2.4221685453569513,0.47638217928073,0.040257648953301126,0.06709608158883522,0.07380568974771873
123,12.835480407944177,12.00348899624262,9.96376811594203,28.99892646269458,6.139291465378422,14.070048309178745,7.27992485238862,5.609232420826624,2.4490069779924855,0.46967257112184646,0.040257648953301126,0.06709608158883522,0.07380568974771873
124,13.036768652710682,11.98336017176597,9.950348899624261,28.65673644659152,6.233225979602791,14.04320987654321,7.159151905528717,5.797101449275362,2.5026838432635534,0.46296296296296297,0.040257648953301126,0.06038647342995169,0.07380568974771873
125,12.788513150831992,11.77536231884058,9.245840042941492,27.4020397208803,5.931293612453032,16.451959205582394,7.112184648416532,5.971551261406334,2.6435856146001075,0.5032206119162641,0.040257648953301126,0.06038647342995169,0.07380568974771873
126,12.895866881374127,11.714975845410628,9.561191626409018,27.395330112721417,5.803811057434245,16.398282340311326,7.004830917874396,5.870907139023081,2.677133655394525,0.5032206119162641,0.040257648953301126,0.06038647342995169,0.07380568974771873
127,13.036768652710682,11.681427804616211,9.433709071390231,27.294685990338163,6.152710681696189,16.17686527106817,7.085346215780999,5.803811057434245,2.6167471819645733,0.5434782608695652,0.040257648953301126,0.06038647342995169,0.07380568974771873
128,13.16425120772947,11.600912506709609,9.292807300053678,26.34863123993559,8.09849704777241,16.109769189479334,6.4345142243692965,5.522007514761138,2.61003757380569,0.6239935587761675,0.040257648953301126,0.08051529790660225,0.07380568974771873
129,13.157541599570585,11.392914653784219,9.453837895866881,26.174181427804616,8.13875469672571,16.10305958132045,6.541867954911433,5.656199677938808,2.589908749329039,0.6239935587761675,0.013419216317767043,0.08051529790660225,0.07380568974771873
130,12.788513150831992,10.869565217391305,9.420289855072463,25.87224906065486,8.031400966183575,17.954911433172303,6.427804616210413,5.300590445517981,2.509393451422437,0.6575415995705851,0.013419216317767043,0.08051529790660225,0.07380568974771873
131,12.801932367149758,10.527375201288244,9.292807300053678,25.597155126140635,7.407407407407407,17.793880837359097,7.836822329575953,5.414653784219001,2.5026838432635534,0.6575415995705851,0.013419216317767043,0.08051529790660225,0.07380568974771873
132,12.882447665056361,10.487117552334944,9.353193773483628,25.268384326355342,7.64224369296833,18.095813204508858,7.615405260332796,5.367686527106817,2.475845410628019,0.644122383252818,0.013419216317767043,0.08051529790660225,0.07380568974771873
133,13.043478260869565,10.46027911969941,9.494095544820183,25.0805152979066,7.6556629092860975,18.02871712292002,7.595276435856146,5.320719269994632,2.4355877616747184,0.7179280730005367,0.013419216317767043,0.08051529790660225,0.07380568974771873
134,13.157541599570585,10.272410091250672,9.453837895866881,25.026838432635532,7.722758990874933,18.14278046162104,7.380568974771873,5.320719269994632,2.5161030595813205,0.8051529790660226,0.013419216317767043,0.08051529790660225,0.10735373054213634
135,13.331991411701557,10.21202361782072,9.608158883521202,24.362587224906065,7.722758990874933,18.075684380032207,7.333601717659689,5.837359098228664,2.509393451422437,0.8051529790660226,0.013419216317767043,0.08051529790660225,0.10735373054213634
136,13.157541599570585,9.453837895866881,9.769189479334408,25.45625335480408,7.675791733762749,17.793880837359097,7.132313472893183,6.105743424584004,2.4490069779924855,0.8051529790660226,0.013419216317767043,0.08051529790660225,0.10735373054213634
137,13.358829844337091,9.453837895866881,9.75577026301664,25.409286097691894,7.595276435856146,17.54562533548041,7.132313472893183,6.112453032742888,2.6435856146001075,0.785024154589372,0.013419216317767043,0.08051529790660225,0.11406333870101985
138,13.493022007514762,9.346484165324744,9.809447128287708,25.38244766505636,7.628824476650563,17.458400429414922,7.092055823939882,6.092324208266238,2.690552871712292,0.798443370907139,0.013419216317767043,0.08051529790660225,0.11406333870101985
139,13.633923778851315,9.306226516371444,9.842995169082126,25.328770799785293,8.031400966183575,17.11621041331186,7.065217391304348,6.0587761674718195,2.61003757380569,0.798443370907139,0.013419216317767043,0.08051529790660225,0.11406333870101985
140,13.768115942028986,9.265968867418144,10.00402576489533,25.033548040794418,7.96430488459474,17.05582393988191,7.098765432098766,6.146001073537305,2.657004830917874,0.798443370907139,0.013419216317767043,0.08051529790660225,0.11406333870101985
141,13.895598497047773,9.265968867418144,10.352925389157273,24.879227053140095,7.863660762211487,16.935050993022006,6.937734836285561,6.172839506172839,2.6704240472356413,0.8185721953837896,0.013419216317767043,0.08051529790660225,0.11406333870101985
142,14.076757917337627,9.312936124530328,10.36634460547504,24.59742351046699,7.809983896940419,16.78743961352657,6.790123456790123,6.488191089640365,2.61003757380569,0.95276435856146,0.013419216317767043,0.08051529790660225,0.11406333870101985
143,14.278046162104133,9.25925925925926,10.446859903381643,23.289049919484704,7.7831454643048845,17.867686527106816,6.951154052603328,6.4412238325281805,2.5697799248523885,0.9057971014492754,0.013419216317767043,0.08051529790660225,0.11406333870101985
144,14.318303811057435,9.192163177670425,10.406602254428341,23.201825013419217,7.749597423510467,17.62614063338701,7.300053676865271,6.488191089640365,2.5697799248523885,0.9057971014492754,0.013419216317767043,0.11406333870101985,0.11406333870101985
145,14.49946323134729,9.084809447128288,10.668276972624799,22.879763821792807,7.924047235641439,17.66639828234031,7.159151905528717,6.488191089640365,2.509393451422437,0.8789586688137413,0.013419216317767043,0.11406333870101985,0.11406333870101985
146,14.600107353730541,9.064680622651638,10.983628556092324,22.73215244229737,7.85024154589372,17.444981213097154,7.125603864734299,6.615673644659152,2.428878153515835,0.9192163177670424,0.013419216317767043,0.10735373054213634,0.11406333870101985
147,14.74771873322598,9.057971014492754,11.097691894793345,22.57783145464305,7.85024154589372,17.418142780461622,7.011540526033279,6.582125603864735,2.4221685453569513,0.9997316156736447,0.013419216317767043,0.10735373054213634,0.11406333870101985
148,14.184111647879764,7.601986044015029,12.97638217928073,23.939881910896403,7.628824476650563,16.451959205582394,7.1725711218464845,6.454643048845948,2.4221685453569513,0.9326355340848095,0.013419216317767043,0.10735373054213634,0.11406333870101985
149,14.204240472356414,7.427536231884058,13.22463768115942,23.678207192699947,7.763016639828234,16.284219001610307,7.1658615136876005,6.568706387546968,2.5496511003757383,0.8990874932903918,0.013419216317767043,0.10735373054213634,0.11406333870101985
150,14.278046162104133,7.347020933977456,13.231347289318304,23.349436392914654,7.695920558239399,16.928341384863124,7.03166935050993,6.501610305958132,2.509393451422437,0.9057971014492754,0.013419216317767043,0.10735373054213634,0.10064412238325282
151,13.862050456253355,6.810252281266774,11.352657004830919,27.690552871712292,7.575147611379496,14.80810520665593,8.172302737520129,6.454643048845948,2.38191089640365,0.6843800322061192,,0.10735373054213634,0.10064412238325282
152,14.103596349973161,6.796833064949007,11.446591519055287,27.254428341384862,7.494632313472893,14.600107353730541,8.192431561996779,6.723027375201288,2.368491680085883,0.6843800322061192,,0.17444981213097155,0.1610305958132045
153,13.922436929683306,6.796833064949007,10.970209339774557,26.080246913580247,7.387278582930757,16.78743961352657,8.219269994632313,6.521739130434782,2.301395598497048,0.644122383252818,,0.20799785292538917,0.1610305958132045
154,13.036768652710682,6.6827697262479875,10.406602254428341,28.32125603864734,7.018250134192163,17.827428878153516,7.212828770799785,6.179549114331723,2.328234031132582,0.5971551261406334,,0.20799785292538917,0.18115942028985507
155,13.150831991411701,6.5485775630703165,10.399892646269459,28.099838969404185,7.212828770799785,17.820719269994633,7.152442297369833,6.3137412775093935,2.328234031132582,0.5837359098228664,,0.20799785292538917,0.18115942028985507
156,13.291733762748256,6.5485775630703165,10.379763821792807,27.885131508319915,7.1658615136876005,17.807300053676865,7.112184648416532,6.4345142243692965,2.4154589371980677,0.5703166935050993,,0.20799785292538917,0.18115942028985507
157,13.47289318303811,6.515029522275899,10.46027911969941,27.74422973698336,7.105475040257649,17.64626945786366,7.326892109500805,6.367418142780462,2.4020397208803006,0.5703166935050993,,0.20799785292538917,0.18115942028985507
158,13.694310252281268,6.501610305958132,10.473698336017177,27.717391304347824,7.132313472893183,17.54562533548041,7.185990338164252,6.4345142243692965,2.368491680085883,0.5568974771873323,,0.20799785292538917,0.18115942028985507
159,13.70101986044015,6.461352657004831,10.406602254428341,27.361782071927,7.253086419753086,17.364465915190554,7.353730542136339,6.763285024154589,2.395330112721417,0.5568974771873323,,0.20799785292538917,0.17444981213097155
160,13.466183574879228,6.293612453032743,10.668276972624799,24.376006441223833,7.246376811594203,20.82662372517445,7.353730542136339,6.4345142243692965,2.395330112721417,0.5568974771873323,,0.20799785292538917,0.17444981213097155
161,13.66076221148685,6.139291465378422,10.768921095008052,24.261943102522814,7.226247987117552,20.538110574342458,7.353730542136339,6.629092860976919,2.4557165861513686,0.5568974771873323,,0.20799785292538917,0.20128824476650564
162,13.714439076757918,6.112453032742888,10.88298443370907,24.154589371980677,7.226247987117552,20.44417606011809,7.4208266237251745,6.615673644659152,2.4557165861513686,0.5434782608695652,,0.23483628556092323,0.19457863660762212
163,14.036500268384327,6.105743424584004,10.889694041867955,23.946591519055286,7.246376811594203,20.249597423510465,7.494632313472893,6.588835212023618,2.49597423510467,0.5166398282340311,,0.23483628556092323,0.19457863660762212
164,14.103596349973161,6.078904991948471,11.218464841653248,23.866076221148685,7.253086419753086,19.994632313472895,7.514761137949543,6.488191089640365,2.536231884057971,0.5166398282340311,,0.23483628556092323,0.19457863660762212
165,14.231078904991948,6.0654857756307035,11.044015029522276,23.792270531400966,7.159151905528717,20.02818035426731,7.581857219538379,6.662640901771336,2.5026838432635534,0.5166398282340311,,0.23483628556092323,0.18115942028985507
166,14.143853998926463,6.0587761674718195,10.963499731615673,23.637949543746647,7.682501341921632,20.081857219538378,7.48792270531401,6.642512077294686,2.428878153515835,0.47638217928073,,0.2147074610842727,0.18115942028985507
167,14.351851851851851,5.904455179817498,11.238593666129898,23.53059581320451,7.555018786902845,19.94766505636071,7.5281803542673105,6.655931293612453,2.4490069779924855,0.4428341384863124,,0.2147074610842727,0.18115942028985507
168,14.318303811057435,5.776972624798712,11.171497584541063,23.429951690821255,7.796564680622652,20.598497047772412,7.253086419753086,6.541867954911433,2.2879763821792807,0.4294149221685454,,0.2147074610842727,0.18115942028985507
169,14.378690284487385,5.750134192163178,11.211755233494364,23.181696188942567,7.7361782071927,20.665593129361245,7.266505636070853,6.622383252818035,2.3617820719269993,0.4294149221685454,,0.2147074610842727,0.18115942028985507
170,14.533011272141707,5.723295759527644,11.211755233494364,22.920021470746107,7.75630703166935,20.457595276435857,7.353730542136339,6.763285024154589,2.4892646269457863,0.39586688137412773,,0.2147074610842727,0.18115942028985507
171,14.553140096618357,5.662909286097692,11.11111111111111,22.852925389157274,7.944176060118089,20.283145464304884,7.39398819108964,6.857219538378959,2.5496511003757383,0.39586688137412773,,0.2147074610842727,0.18115942028985507
172,14.620236178207193,5.636070853462158,11.466720343531938,22.497316156736446,7.803274288781535,20.169082125603865,7.608695652173913,6.78341384863124,2.6167471819645733,0.4025764895330113,,0.2147074610842727,0.18115942028985507
173,14.714170692431562,5.636070853462158,11.580783682232958,22.309447128287708,7.816693505099302,20.001341921631777,7.575147611379496,6.863929146537842,2.703972088030059,0.4025764895330113,,0.2147074610842727,0.18115942028985507
174,15.029522275899087,5.609232420826624,11.66129898013956,22.148416532474503,7.669082125603865,19.753086419753085,7.749597423510467,6.904186795491143,2.703972088030059,0.4025764895330113,,0.2147074610842727,0.15432098765432098
175,14.989264626945786,5.246913580246914,11.11111111111111,21.967257112184647,7.709339774557166,19.404186795491142,9.265968867418144,6.816961889425658,2.6435856146001075,0.47638217928073,,0.2147074610842727,0.15432098765432098
176,14.814814814814815,4.9651100375738055,11.406333870101985,21.953837895866883,7.5348899624261945,19.665861513687602,9.098228663446054,7.051798174986581,2.6167471819645733,0.48980139559849706,,0.2147074610842727,0.1878690284487386
177,15.03623188405797,4.9651100375738055,11.3593666129898,21.866612989801396,7.568438003220612,19.37734836285561,8.977455716586151,7.253086419753086,2.737520128824477,0.48980139559849706,,0.18115942028985507,0.1878690284487386
178,15.083199141170155,4.924852388620504,11.399624261943103,21.76596886741814,7.568438003220612,19.350509930220074,8.876811594202898,7.313472893183038,2.871712292002147,0.47638217928073,,0.18115942028985507,0.1878690284487386
179,15.35829307568438,4.898013955984971,11.2788513150832,21.64519592055824,7.702630166398282,19.07541599570585,8.809715512614064,7.48792270531401,2.9388083735909825,0.4495437466451959,,0.16774020397208803,0.1878690284487386
180,15.539452495974235,4.884594739667204,11.144659151905529,21.410359634997317,8.044820182501342,19.00161030595813,8.876811594202898,7.353730542136339,2.898550724637681,0.48980139559849706,,0.16774020397208803,0.1878690284487386
181,15.519323671497585,4.8443370907139025,11.305689747718732,21.30300590445518,8.011272141706923,18.907675791733762,8.957326892109501,7.407407407407407,2.9119699409554483,0.47638217928073,,0.16774020397208803,0.1878690284487386
