,45,50,51,52,53,56,54,55,57
0,89.31830381105743,10.681696188942565,,,,,,,
1,89.14385399892646,10.856146001073537,,,,,,,
2,83.72249060654858,11.07085346215781,5.2066559312936125,,,,,,
3,70.96081588835212,23.832528180354267,5.2066559312936125,,,,,,
4,71.4170692431562,23.416532474503487,5.166398282340311,,,,,,
5,69.1358024691358,25.697799248523886,5.166398282340311,,,,,,
6,66.23054213633924,28.690284487385938,5.0791733762748255,,,,,,
7,64.29817498658079,30.018786902844873,5.045625335480408,0.6374127750939346,,,,,
8,62.88244766505636,31.45464304884595,5.025496511003757,0.6374127750939346,,,,,
9,54.2740203972088,32.19940955448202,12.915995705850777,0.6105743424584005,,,,,
10,49.261943102522814,37.43961352657005,12.68786902844874,0.6105743424584005,,,,,
11,48.651368760064415,36.52710681696189,9.265968867418144,3.670155662909286,0.3421900161030596,1.5432098765432098,,,
12,49.08749329039184,36.151368760064415,9.104938271604938,3.6500268384326353,0.3421900161030596,1.5432098765432098,0.12077294685990338,,
13,47.42351046698873,34.31964573268921,12.761674718196458,3.6366076221148687,0.3421900161030596,1.5163714439076759,,,
14,45.12211486849168,33.99087493290392,15.539452495974235,3.6097691894793345,0.3421900161030596,1.3955984970477724,,,
15,38.7614063338701,27.76435856146001,27.925389157273216,3.81105743424584,0.3421900161030596,1.3955984970477724,,,
16,36.822329575952764,23.49033816425121,35.507246376811594,2.1739130434782608,2.006172839506173,,,,
17,36.782071926999464,27.85829307568438,31.0252281266774,2.328234031132582,2.006172839506173,,,,
18,36.48684916800859,27.22758990874933,31.374127750939344,2.1269457863660763,2.006172839506173,,0.7783145464304885,,
19,35.04428341384863,26.89210950080515,33.031400966183575,2.033011272141707,2.006172839506173,0.2147074610842727,0.7783145464304885,,
20,35.42673107890499,26.764626945786365,31.561996779388085,1.9994632313472893,1.9726247987117553,0.2147074610842727,0.7514761137949544,1.3083735909822867,
21,34.856414385399894,22.799248523886206,31.427804616210413,8.655394524959743,,0.2147074610842727,0.7514761137949544,1.2949543746645196,
22,34.13848631239936,22.10144927536232,27.68384326355341,11.312399355877616,,0.2147074610842727,0.6977992485238862,3.851315083199141,
23,34.326355340848096,21.980676328502415,27.677133655394524,11.272141706924316,,0.2147074610842727,0.6977992485238862,3.8311862587224907,
24,34.20558239398819,21.564680622651636,25.0805152979066,14.626945786366075,,0.2147074610842727,0.6977992485238862,3.6097691894793345,
25,34.634997316156735,21.477455716586153,24.416264090177133,14.439076757917338,,0.2147074610842727,1.1473429951690821,3.670155662909286,
26,35.06441223832528,19.310252281266774,24.255233494363928,16.358024691358025,,0.2147074610842727,1.133923778851315,3.6634460547504024,
27,35.849436392914654,19.142512077294686,23.65136876006441,16.089640365002683,,0.2147074610842727,1.4492753623188406,3.603059581320451,
28,35.789049919484704,19.202898550724637,22.48389694041868,18.679549114331724,,0.20128824476650564,1.1406333870101986,2.5026838432635534,
29,36.14465915190553,18.92109500805153,26.590177133655395,14.908749329039184,,0.1610305958132045,0.8051529790660226,2.4691358024691357,
30,36.7686527106817,18.726516371443907,26.36876006441224,14.700751476113794,,0.1610305958132045,0.8051529790660226,2.4691358024691357,
31,34.17203435319377,21.55126140633387,24.510198604401502,16.29092860976919,0.8588298443370908,0.13419216317767044,0.9057971014492754,1.5767579173376274,
32,34.675254965110035,21.62506709608159,24.16129898013956,16.109769189479334,0.8588298443370908,0.13419216317767044,0.9057971014492754,1.5297906602254427,
33,35.299248523886206,21.464036500268385,23.89291465378422,15.411969940955448,0.8588298443370908,0.13419216317767044,0.8923778851315083,1.6774020397208802,0.36902844873859364
34,34.836285560923244,20.73268921095008,18.115942028985508,22.423510466988727,0.8521202361782072,0.13419216317767044,0.8789586688137413,1.6774020397208802,0.3488996242619431
35,34.45383789586688,20.209339774557165,19.57192699946323,21.55126140633387,0.9796027911969941,0.13419216317767044,1.221148684916801,1.5297906602254427,0.3488996242619431
36,34.95034889962426,20.081857219538378,19.37734836285561,21.390230810520666,0.9796027911969941,0.12077294685990338,1.221148684916801,1.5297906602254427,0.3488996242619431
37,35.63472893183038,20.04830917874396,18.88083735909823,21.26945786366076,0.966183574879227,0.12077294685990338,1.2144390767579174,1.5163714439076759,0.3488996242619431
38,33.393719806763286,19.49141170155663,27.36849168008588,15.70048309178744,0.966183574879227,0.08722490606548577,1.2077294685990339,1.5163714439076759,0.2683843263553409
39,34.225711218464845,19.484702093397747,26.86527106816962,15.398550724637682,0.966183574879227,0.08722490606548577,1.2077294685990339,1.4962426194310252,0.2683843263553409
40,28.75067096081589,30.99838969404187,26.496242619431026,10.856146001073537,0.13419216317767044,0.08722490606548577,0.9125067096081588,1.4962426194310252,0.2683843263553409
41,29.13311862587225,30.817230273752013,24.671229200214707,10.782340311325818,0.13419216317767044,0.08722490606548577,2.61003757380569,1.4962426194310252,0.2683843263553409
42,28.650026838432634,31.582125603864736,24.44981213097155,10.721953837895867,0.13419216317767044,0.08722490606548577,2.61003757380569,1.4962426194310252,0.2683843263553409
43,29.012345679012345,31.34728931830381,24.402844873859365,10.674986580783683,0.13419216317767044,0.08722490606548577,2.5966183574879227,1.4761137949543746,0.2683843263553409
44,29.51556629092861,31.199677938808374,24.194847020933977,10.567632850241546,0.13419216317767044,0.08722490606548577,2.563070316693505,1.4694041867954912,0.2683843263553409
45,30.35426731078905,30.803811057434245,23.852657004830917,10.487117552334944,0.13419216317767044,0.08722490606548577,2.5563607085346214,1.4559849704777241,0.2683843263553409
46,31.07890499194847,30.173107890499196,23.62453032742888,10.621309715512615,0.13419216317767044,0.08722490606548577,2.5563607085346214,1.4559849704777241,0.2683843263553409
47,31.696188942565755,29.770531400966185,23.382984433709073,10.513955984970478,0.13419216317767044,0.08722490606548577,2.4490069779924855,1.6975308641975309,0.2683843263553409
48,32.51476113794954,29.562533548040793,23.161567364465917,10.138217928073,0.13419216317767044,0.08722490606548577,2.4490069779924855,1.6841116478797638,0.2683843263553409
49,32.6154052603328,28.871443907675793,23.05421363392378,10.0979602791197,0.13419216317767044,0.08722490606548577,3.260869565217391,1.6103059581320451,0.2683843263553409
50,33.4272678475577,28.421900161030596,22.765700483091788,10.050993022007514,0.13419216317767044,0.08722490606548577,3.260869565217391,1.583467525496511,0.2683843263553409
51,33.00456253354804,27.87842190016103,18.84728931830381,15.250939345142244,0.322061191626409,0.4227053140096618,2.589908749329039,1.4694041867954912,0.2147074610842727
52,30.159688674181428,24.08078368223296,26.516371443907676,14.969135802469136,0.4830917874396135,0.4227053140096618,1.7646269457863661,1.3888888888888888,0.2147074610842727
53,29.61621041331186,22.745571658615138,26.187600644122384,17.364465915190554,0.46967257112184646,0.4227053140096618,1.7646269457863661,1.2144390767579174,0.2147074610842727
54,30.17981749865808,22.5979602791197,25.97289318303811,17.236983360171767,0.43612453032742887,0.4227053140096618,1.724369296833065,1.2144390767579174,0.2147074610842727
55,30.387815351583466,22.48389694041868,25.261674718196456,16.626409017713364,1.6908212560386473,0.4227053140096618,1.6975308641975309,1.2144390767579174,0.2147074610842727
56,30.83064949006978,22.23564143853999,24.9597423510467,16.317767042404725,1.6706924315619969,0.4227053140096618,1.9122383252818036,1.4761137949543746,0.17444981213097155
57,30.938003220611915,22.000805152979066,23.79898013955985,17.64626945786366,1.6371443907675791,0.4227053140096618,1.9122383252818036,1.4694041867954912,0.17444981213097155
58,28.56280193236715,27.469135802469136,23.49033816425121,15.311325818572195,1.583467525496511,0.4227053140096618,1.5432098765432098,1.442565754159957,0.17444981213097155
59,28.515834675254965,27.106816961889425,23.32259796027912,15.049651100375739,1.583467525496511,0.41599570585077833,2.059849704777241,1.7713365539452497,0.17444981213097155
60,29.025764895330113,26.81159420289855,23.235373054213635,14.935587761674718,1.583467525496511,0.41599570585077833,2.046430488459474,1.7713365539452497,0.17444981213097155
61,29.2337627482555,26.724369296833064,23.14814814814815,14.78797638217928,1.8183038110574343,0.41599570585077833,1.9390767579173376,1.7579173376274826,0.17444981213097155
62,28.75738056897477,26.006441223832528,24.718196457326894,14.439076757917338,1.8048845947396672,0.41599570585077833,1.9256575415995705,1.7579173376274826,0.17444981213097155
63,27.932098765432098,27.01959205582394,24.58400429414922,14.392109500805153,1.8048845947396672,0.41599570585077833,1.9256575415995705,1.751207729468599,0.17444981213097155
64,28.475577026301664,26.818303811057433,24.322329575952764,14.318303811057435,1.7981749865807837,0.41599570585077833,1.9256575415995705,1.751207729468599,0.17444981213097155
65,28.166935050993022,26.663982823403114,23.49704777241009,15.559581320450885,1.7981749865807837,0.41599570585077833,1.9122383252818036,1.9122383252818036,0.07380568974771873
66,28.73725174449812,26.50295222758991,22.966988727858293,16.545893719806763,1.7981749865807837,0.41599570585077833,1.9122383252818036,1.0466988727858293,0.07380568974771873
67,29.045893719806763,26.194310252281266,22.25577026301664,17.28395061728395,1.778046162104133,0.41599570585077833,1.9122383252818036,1.0399892646269457,0.07380568974771873
68,29.508856682769725,25.99302200751476,21.87332259796028,17.12962962962963,2.0799785292538915,0.41599570585077833,1.892109500805153,1.0399892646269457,0.06709608158883522
69,28.22061191626409,22.0276435856146,30.320719269994633,13.996242619431026,2.0531400966183573,1.2546967257112185,1.0332796564680622,1.0399892646269457,0.05367686527106817
70,28.71712292002147,21.806226516371442,29.777241009125067,14.123725174449811,2.0263016639828235,1.5432098765432098,0.9326355340848095,1.0198604401502953,0.05367686527106817
71,29.139828234031132,21.55126140633387,29.482018250134193,14.016371443907676,2.1604938271604937,1.6706924315619969,0.9326355340848095,0.9930220075147611,0.05367686527106817
72,29.69001610305958,21.410359634997317,29.052603327965645,14.056629092860977,2.1604938271604937,1.6706924315619969,0.9192163177670424,0.9863123993558777,0.05367686527106817
73,30.48845947396672,21.121846484165324,28.670155662909288,13.955984970477724,2.13365539452496,1.6706924315619969,0.9192163177670424,0.9863123993558777,0.05367686527106817
74,27.126945786366075,18.45813204508857,38.57353730542136,10.755501878690284,1.8183038110574343,1.6572732152442298,0.6575415995705851,0.8990874932903918,0.05367686527106817
75,26.992753623188406,16.914922168545356,40.425389157273216,10.373054213633925,1.8115942028985508,1.6572732152442298,0.6575415995705851,1.1137949543746646,0.05367686527106817
76,27.26784755770263,16.888083735909824,39.98926462694579,10.560923242082662,1.8115942028985508,1.6572732152442298,0.6575415995705851,1.1137949543746646,0.05367686527106817
77,27.945517981749866,16.371443907675793,39.680622651637144,10.393183038110575,1.8115942028985508,1.6304347826086956,0.6575415995705851,1.4559849704777241,0.05367686527106817
78,27.89855072463768,16.23725174449812,37.714707461084274,10.104669887278583,1.7981749865807837,1.6304347826086956,0.6575415995705851,3.9049919484702094,0.05367686527106817
79,26.710950080515296,13.150831991411701,43.63929146537842,9.138486312399356,1.8786902844873858,1.6304347826086956,0.46967257112184646,3.3279656468062266,0.05367686527106817
80,25.315351583467525,12.31213097155126,42.592592592592595,13.238056897477188,1.5365002683843263,1.2949543746645196,0.39586688137412773,3.3145464304884595,
81,25.959473966720342,12.298711755233494,42.35775630703167,13.191089640365004,1.5365002683843263,1.2949543746645196,0.39586688137412773,2.965646806226516,
82,26.670692431561996,12.27187332259796,41.908212560386474,13.050187869028449,1.5230810520665594,1.2949543746645196,0.39586688137412773,2.885131508319914,
83,27.58990874932904,12.130971551261407,41.257380568974774,12.895866881374127,1.5230810520665594,1.2949543746645196,0.5300590445517982,2.7777777777777777,
84,28.33467525496511,12.070585077831455,40.86822329575953,12.620772946859903,1.5029522275899088,1.2949543746645196,0.5300590445517982,2.7777777777777777,
85,28.67686527106817,12.02361782071927,40.653515834675254,12.600644122383253,1.482823403113258,1.2949543746645196,0.5300590445517982,2.737520128824477,
86,29.09957058507783,11.916264090177133,40.27106816961889,12.204777241009126,2.046430488459474,1.2345679012345678,0.5300590445517982,2.6972624798711755,
87,29.857756307031668,11.81561996779388,39.861782071927,11.996779388083736,2.046430488459474,1.221148684916801,0.5300590445517982,2.6704240472356413,
88,30.595813204508858,11.654589371980677,39.512882447665056,11.902844873859367,2.2946859903381642,1.221148684916801,0.5300590445517982,2.2879763821792807,
89,30.60252281266774,11.58749329039184,35.41331186258722,16.10305958132045,2.2946859903381642,1.221148684916801,0.5300590445517982,2.24771873322598,
90,30.609232420826622,11.58749329039184,35.06441223832528,16.009125067096083,2.428878153515835,1.1137949543746646,0.5300590445517982,2.657004830917874,
91,30.810520665593128,11.366076221148685,34.40016103059581,15.861513687600644,2.4154589371980677,1.1137949543746646,1.0802469135802468,2.952227589908749,
92,31.179549114331724,11.2788513150832,34.14519592055824,15.593129361245303,2.408749329039184,1.1137949543746646,1.0534084809447128,3.227321524422974,
93,31.64922168545357,11.252012882447666,33.7962962962963,15.432098765432098,2.408749329039184,1.107085346215781,1.0198604401502953,3.33467525496511,
94,30.709876543209877,9.896672034353195,37.0101986044015,15.190552871712292,2.4020397208803006,1.0601180891035964,0.9057971014492754,2.8247450348899625,
95,31.011808910359633,9.816156736446592,36.882716049382715,15.11003757380569,2.3886205045625335,1.0601180891035964,0.9057971014492754,2.8247450348899625,
96,28.59634997316157,12.848899624261943,36.3191089640365,14.828234031132581,2.3886205045625335,1.0601180891035964,0.9057971014492754,3.052871712292002,
97,28.32125603864734,12.801932367149758,35.990338164251206,14.486044015029522,3.851315083199141,1.0131508319914118,0.9057971014492754,2.6301663982823404,
98,28.884863123993558,12.72812667740204,35.69511540526033,14.392109500805153,3.851315083199141,0.95276435856146,0.8856682769726248,2.61003757380569,
99,29.47530864197531,12.546967257112184,35.49382716049383,14.31159420289855,3.743961352657005,0.95276435856146,0.8655394524959742,2.61003757380569,
100,29.47530864197531,12.258454106280194,36.37278582930757,14.009661835748792,3.656736446591519,0.7514761137949544,0.8655394524959742,2.61003757380569,
101,29.1129898013956,12.037037037037036,37.466451959205585,13.862050456253355,3.6366076221148687,0.7380568974771873,0.8655394524959742,2.281266774020397,
102,29.09286097691895,12.788513150831992,37.11084272678475,13.573537305421363,3.488996242619431,0.6575415995705851,0.8655394524959742,2.2611379495437465,0.1610305958132045
103,29.455179817498657,12.74825550187869,36.67471819645733,13.493022007514762,3.4420289855072466,0.6508319914117016,0.8521202361782072,2.522812667740204,0.1610305958132045
104,29.931561996779386,12.580515297906603,36.3593666129898,13.466183574879228,3.502415458937198,0.6508319914117016,0.8521202361782072,2.49597423510467,0.1610305958132045
105,30.10601180891036,12.573805689747719,36.090982286634464,13.667471819645733,3.166935050993022,0.6508319914117016,0.8521202361782072,2.7308105206655933,0.1610305958132045
106,28.73054213633924,12.453032742887816,31.78341384863124,19.558507783145465,3.099838969404187,0.644122383252818,0.8521202361782072,2.717391304347826,0.1610305958132045
107,27.51610305958132,12.238325281803542,33.62855609232421,19.43773483628556,3.099838969404187,0.6374127750939346,0.7246376811594203,2.5563607085346214,0.1610305958132045
108,27.965646806226516,11.990069779924852,32.96430488459474,19.202898550724637,3.0059044551798175,0.6374127750939346,1.5633387010198605,2.509393451422437,0.1610305958132045
109,28.475577026301664,11.842458400429415,32.588566827697264,19.03515834675255,2.952227589908749,0.7716049382716049,1.5633387010198605,2.61003757380569,0.1610305958132045
110,26.37546967257112,10.312667740203972,31.602254428341386,21.886741814278047,5.159688674181428,0.6374127750939346,1.4559849704777241,2.5697799248523885,
111,27.03972088030059,10.030864197530864,31.246645195920557,21.62506709608159,5.340848094471283,0.6239935587761675,1.4559849704777241,2.636876006441224,
112,27.851583467525497,9.950348899624261,30.97826086956522,21.128556092324207,5.253623188405797,0.6239935587761675,1.5767579173376274,2.636876006441224,
113,28.026033279656467,9.695383789586689,33.13204508856683,20.8064949006978,4.723564143853999,0.6239935587761675,0.8722490606548577,2.120236178207193,
114,28.442028985507246,9.554482018250134,32.98443370907139,20.605206655931294,4.683306494900698,0.6105743424584005,0.8722490606548577,2.24771873322598,
115,28.985507246376812,9.46725711218465,32.6959205582394,20.571658615136876,4.549114331723027,0.6105743424584005,0.8722490606548577,2.24771873322598,
116,29.24718196457327,9.420289855072463,32.41411701556629,20.42404723564144,4.528985507246377,0.6105743424584005,1.1406333870101986,2.214170692431562,
117,30.04562533548041,9.333064949006978,32.09205582393988,20.081857219538378,4.528985507246377,0.6105743424584005,1.1406333870101986,2.167203435319377,
118,30.515297906602253,9.312936124530328,31.85721953837896,19.639023081052066,4.441760601180891,0.6105743424584005,1.1406333870101986,2.4825550187869028,
119,30.857487922705314,9.23913043478261,31.736446591519055,19.43773483628556,4.374664519592056,0.6105743424584005,1.1406333870101986,2.6033279656468062,
120,30.50187869028449,8.957326892109501,32.689210950080515,19.26328502415459,4.274020397208803,0.5837359098228664,1.1406333870101986,2.589908749329039,
121,30.83064949006978,8.943907675791733,32.48121309715513,19.008319914117017,4.240472356414386,0.6239935587761675,1.1137949543746646,2.757648953301127,
122,29.750402576489535,8.454106280193237,31.49490069779925,21.162104133118625,4.394793344068707,0.6239935587761675,1.1137949543746646,3.0059044551798175,
123,29.851046698872786,8.393719806763285,30.50187869028449,21.24932903918411,4.341116478797638,1.6505636070853462,1.0735373054213635,2.9388083735909825,
124,30.079173376274827,8.064949006977992,30.776972624798713,20.974235104669887,4.327697262479871,1.6304347826086956,1.2077294685990339,2.9388083735909825,
125,30.461621041331185,8.05823939881911,30.595813204508858,20.819914117015568,4.327697262479871,1.6170155662909287,1.2077294685990339,2.9119699409554483,
126,30.870907139023082,8.011272141706923,30.401234567901234,20.578368223295758,4.320987654320987,1.6170155662909287,1.328502415458937,2.871712292002147,
127,31.00509930220075,7.863660762211487,30.441492216854535,18.78690284487386,6.414385399892646,1.6170155662909287,1.3150831991411702,2.5563607085346214,
128,30.683038110574344,7.823403113258186,33.2662372517445,16.398282340311326,6.374127750939345,1.6170155662909287,1.288244766505636,2.5496511003757383,
129,31.04535695115405,7.763016639828234,33.10520665593129,16.29092860976919,6.340579710144928,1.6170155662909287,1.288244766505636,2.5496511003757383,
130,28.435319377348364,6.763285024154589,36.191626409017715,15.673644659151906,7.763016639828234,1.596886741814278,1.2748255501878691,2.301395598497048,
131,28.683574879227052,6.749865807836822,36.12453032742888,15.613258185721953,7.689210950080516,1.5633387010198605,1.2748255501878691,2.301395598497048,
132,28.837895866881375,6.749865807836822,36.010466988727856,15.324745034889963,7.675791733762749,1.5432098765432098,1.556629092860977,2.301395598497048,
133,28.37493290391841,5.3274288781535155,37.68786902844874,15.767579173376275,7.139023081052066,1.5297906602254427,1.8853998926462694,2.2879763821792807,
134,28.918411164787976,5.267042404723564,37.17793880837359,15.418679549114332,7.098765432098766,1.4962426194310252,2.1806226516371443,2.442297369833602,
135,29.086151368760063,5.260332796564681,36.761943102522814,15.331454643048845,7.03166935050993,1.415727321524423,2.522812667740204,2.589908749329039,
136,29.502147074610843,5.2066559312936125,36.231884057971016,15.009393451422437,7.246376811594203,1.402308105206656,2.818035426731079,2.5831991411701556,
137,30.381105743424584,5.193236714975845,35.46027911969941,14.949006977992486,7.306763285024155,1.3553408480944713,2.818035426731079,2.536231884057971,
138,28.173644659151904,5.186527106816962,43.344068706387546,12.090713902308105,6.078904991948471,0.5636070853462157,2.509393451422437,2.0531400966183573,
139,28.529253891572733,5.0993022007514766,43.09581320450886,12.084004294149223,6.0654857756307035,0.5636070853462157,2.509393451422437,2.0531400966183573,
140,27.254428341384862,14.640365002683843,36.574074074074076,11.882716049382717,5.387815351583468,0.4428341384863124,2.01959205582394,1.7981749865807837,
141,27.657004830917874,14.63365539452496,36.3593666129898,11.735104669887278,5.381105743424584,0.4428341384863124,1.9927536231884058,1.7981749865807837,
142,28.509125067096083,14.472624798711756,35.85614600107354,11.66129898013956,5.300590445517981,0.4428341384863124,1.9927536231884058,1.7646269457863661,
143,23.040794417606012,25.523349436392916,30.42807300053677,11.3593666129898,5.2066559312936125,0.5837359098228664,2.0933977455716586,1.7646269457863661,
144,22.403381642512077,25.11406333870102,29.864465915190554,13.18438003220612,5.2066559312936125,0.5837359098228664,2.1940418679549114,1.4492753623188406,
145,23.07434245840043,24.92619431025228,29.47530864197531,13.117283950617283,5.179817498658078,0.5837359098228664,2.1940418679549114,1.4492753623188406,
146,23.738593666129898,24.852388620504563,28.978797638217927,13.077026301663983,5.12614063338701,0.5837359098228664,2.1940418679549114,1.4492753623188406,
147,24.168008588298445,24.785292538915726,28.650026838432634,13.01663982823403,5.032206119162641,0.5837359098228664,2.167203435319377,1.596886741814278,
148,23.91304347826087,24.610842726784757,27.965646806226516,13.707729468599034,5.528717122920021,0.5837359098228664,2.13365539452496,1.556629092860977,
149,24.698067632850243,24.40955448201825,27.58990874932904,13.627214170692431,5.407944176060118,0.5837359098228664,2.1269457863660763,1.556629092860977,
150,25.328770799785293,24.261943102522814,27.502683843263554,13.358829844337091,5.287171229200215,0.5837359098228664,2.1269457863660763,1.5499194847020934,
151,25.738056897477186,24.013687600644122,27.314814814814813,13.20450885668277,5.535426731078905,0.5636070853462157,2.1269457863660763,1.5029522275899088,
152,26.10708534621578,23.70504562533548,27.01959205582394,13.358829844337091,5.495169082125604,0.5636070853462157,2.24771873322598,1.5029522275899088,
153,26.308373590982285,23.47691894793344,26.623725174449813,13.88888888888889,5.401234567901234,0.5636070853462157,2.2342995169082127,1.5029522275899088,
154,26.78475577026302,23.221953837895867,26.40901771336554,13.741277509393452,5.320719269994632,0.5636070853462157,2.2342995169082127,1.724369296833065,
155,26.48953301127214,23.1682769726248,28.435319377348364,12.104133118625873,5.320719269994632,0.5636070853462157,2.1940418679549114,1.724369296833065,
156,27.415458937198068,22.638217928073,28.27428878153516,11.741814278046162,5.307300053676865,0.5636070853462157,2.1940418679549114,1.865271068169619,
157,27.87842190016103,22.550993022007514,28.22061191626409,11.668008588298443,5.10601180891036,0.5636070853462157,2.147074610842727,1.865271068169619,
158,28.529253891572733,22.376543209876544,27.556360708534623,11.574074074074074,4.99194847020934,0.5501878690284487,2.3550724637681157,2.0665593129361244,
159,29.025764895330113,22.25577026301664,27.254428341384862,11.386205045625335,5.132850241545894,0.5233494363929146,2.3550724637681157,2.0665593129361244,
160,29.394793344068706,22.17525496511004,27.106816961889425,11.352657004830919,5.018786902844874,0.5099302200751477,2.3215244229736984,2.120236178207193,
161,29.95169082125604,22.061191626409016,26.85185185185185,11.33923778851315,5.018786902844874,0.49651100375738055,2.1806226516371443,2.100107353730542,
162,30.401234567901234,21.83977455716586,26.637144390767578,11.238593666129898,4.998658078368224,0.6038647342995169,2.1806226516371443,2.100107353730542,
163,30.723295759527645,21.692163177670423,26.549919484702095,11.211755233494364,4.9651100375738055,0.5904455179817498,2.1806226516371443,2.086688137412775,
164,31.313741277509394,21.464036500268385,26.247987117552334,11.104401502952227,4.931561996779388,0.5904455179817498,2.13365539452496,2.214170692431562,
165,31.99141170155663,21.3768115942029,25.99302200751476,10.815888352120236,4.918142780461621,0.5904455179817498,2.120236178207193,2.1940418679549114,
166,33.01798174986581,21.24261943102523,25.42270531400966,10.721953837895867,4.777241009125067,0.5837359098228664,2.120236178207193,2.1135265700483092,
167,33.32662372517445,21.20907139023081,25.261674718196456,10.63472893183038,4.777241009125067,0.5837359098228664,2.0933977455716586,2.1135265700483092,
168,33.380300590445515,21.108427267847556,25.187869028448738,10.909822866344605,4.723564143853999,0.5233494363929146,2.0933977455716586,2.073268921095008,
169,33.883521202361784,20.974235104669887,24.966451959205582,10.795759527643586,4.7168545356951155,0.5233494363929146,2.0665593129361244,2.073268921095008,
170,30.743424584004295,20.840042941492218,27.730810520665592,12.473161567364466,4.146537842190016,0.36231884057971014,1.8317230273752012,1.8719806763285025,
171,30.414653784219002,20.632045088566827,29.562533548040793,11.218464841653248,4.146537842190016,0.35560923242082665,1.8719806763285025,1.7981749865807837,
172,31.146001073537306,20.182501341921633,29.2337627482555,11.097691894793345,4.079441760601181,0.35560923242082665,1.8719806763285025,2.033011272141707,
173,31.374127750939344,20.02818035426731,29.11969940955448,10.950080515297907,3.9049919484702094,0.35560923242082665,1.9927536231884058,2.2745571658615136,
174,31.85721953837896,19.900697799248523,28.14009661835749,10.775630703166936,4.750402576489533,0.32877079978529256,1.9860440150295222,2.2611379495437465,
175,32.27992485238862,19.82018250134192,27.851583467525497,10.768921095008052,4.74369296833065,0.32877079978529256,1.9726247987117553,2.2342995169082127,
176,32.326892109500804,19.706119162640903,28.005904455179817,10.755501878690284,4.602791196994096,0.3153515834675255,2.086688137412775,2.200751476113795,
177,32.68250134192163,19.652442297369834,27.78448738593666,10.7085346215781,4.602791196994096,0.3153515834675255,2.0799785292538915,2.1739130434782608,
178,31.199677938808374,14.029790660225443,27.576489533011273,18.156199677938808,4.542404723564144,0.3153515834675255,2.059849704777241,1.778046162104133,0.3421900161030596
179,31.508319914117017,14.009661835748792,27.462426194310254,18.055555555555557,4.53569511540526,0.3153515834675255,2.046430488459474,1.724369296833065,0.3421900161030596
180,32.23295759527644,13.79495437466452,27.200751476113794,17.881105743424584,4.51556629092861,0.3153515834675255,1.9994632313472893,1.724369296833065,0.33548040794417605
181,32.78314546430489,13.593666129898015,26.918947933440688,17.814009661835748,4.51556629092861,0.3153515834675255,1.9994632313472893,1.724369296833065,0.33548040794417605
182,32.038378958668815,13.560118089103597,25.771604938271604,19.64573268921095,4.830917874396135,0.3153515834675255,1.7914653784219001,1.710950080515298,0.33548040794417605
183,32.51476113794954,13.513150831991412,25.63070316693505,19.276704240472355,4.804079441760601,0.3153515834675255,1.90552871712292,1.7042404723564144,0.33548040794417605
184,32.84353193773484,13.39237788513151,25.194578636607623,19.142512077294686,4.904723564143854,0.3153515834675255,1.892109500805153,1.9793344068706387,0.33548040794417605
185,33.15217391304348,13.378958668813741,25.0,19.061996779388085,4.904723564143854,0.3153515834675255,1.892109500805153,1.9592055823939882,0.33548040794417605
186,33.923778851315085,13.097155126140633,24.67793880837359,18.820450885668276,4.8376274825550185,0.3153515834675255,2.2074610842726785,1.7981749865807837,0.322061191626409
187,34.29951690821256,13.070316693505099,24.302200751476114,18.726516371443907,4.824208266237251,0.4495437466451959,2.2074610842726785,1.7981749865807837,0.322061191626409
188,34.50080515297907,13.023349436392914,24.08078368223296,18.71309715512614,4.817498658078368,0.5837359098228664,2.200751476113795,1.7579173376274826,0.322061191626409
189,35.03086419753087,12.922705314009661,23.866076221148685,18.585614600107355,4.7638217928073,0.5837359098228664,2.1940418679549114,1.7310789049919484,0.322061191626409
190,34.93022007514761,12.775093934514224,23.2085346215781,18.391035963499732,4.757112184648417,0.5837359098228664,3.3682232957595275,1.6639828234031133,0.322061191626409
191,35.48040794417606,12.714707461084272,22.98040794417606,18.189747718733226,4.757112184648417,0.5636070853462157,3.3413848631239937,1.6639828234031133,0.30864197530864196
192,36.07756307031669,12.439613526570048,22.725442834138487,18.075684380032207,4.817498658078368,0.5636070853462157,3.3413848631239937,1.6505636070853462,0.30864197530864196
193,36.18491680085883,12.144390767579173,22.550993022007514,17.438271604938272,4.804079441760601,1.6438539989264627,3.3413848631239937,1.6505636070853462,0.24154589371980675
194,36.171497584541065,12.144390767579173,22.50402576489533,17.62614063338701,4.804079441760601,1.6438539989264627,3.227321524422974,1.6371443907675791,0.24154589371980675
195,36.3593666129898,11.922973698336017,22.490606548577563,17.60601180891036,4.797369833601718,1.6438539989264627,3.3011272141706924,1.6371443907675791,0.24154589371980675
196,36.91626409017714,11.782071926999464,22.29602791196994,17.478529253891573,4.750402576489533,1.6438539989264627,3.2877079978529253,1.6035963499731616,0.24154589371980675
197,36.29898013955985,11.641170155662909,22.309447128287708,16.968599033816425,6.206387546967257,1.6304347826086956,3.2742887815351582,1.4626945786366077,0.20799785292538917
198,36.85587761674718,11.446591519055287,22.22222222222222,16.760601180891037,6.166129898013956,1.6304347826086956,3.2474503488996245,1.4626945786366077,0.20799785292538917
199,37.513419216317764,11.366076221148685,22.12157809983897,16.371443907675793,6.112453032742888,1.6304347826086956,3.2139023081052067,1.4626945786366077,0.20799785292538917
200,37.754965110037574,11.272141706924316,22.04777241009125,16.304347826086957,6.105743424584004,1.6304347826086956,3.2139023081052067,1.4626945786366077,0.20799785292538917
201,38.09044551798175,11.198336017176597,21.947128287707997,16.089640365002683,6.219806763285024,1.6170155662909287,3.1736446591519054,1.4559849704777241,0.20799785292538917
202,38.399087493290395,11.137949543746645,21.833064949006978,16.002415458937197,6.219806763285024,1.6170155662909287,3.166935050993022,1.4224369296833066,0.20128824476650564
203,38.92914653784219,11.097691894793345,21.692163177670423,15.76086956521739,6.213097155126141,1.596886741814278,3.0864197530864197,1.4224369296833066,0.20128824476650564
204,39.23778851315083,11.05072463768116,21.598228663446054,15.613258185721953,6.1929683306494905,1.596886741814278,3.0864197530864197,1.4224369296833066,0.20128824476650564
205,39.68733225979603,11.017176596886742,21.450617283950617,15.45222758990875,6.139291465378422,1.5767579173376274,3.0595813204508855,1.415727321524423,0.20128824476650564
206,40.41196994095545,10.95679012345679,21.202361782071925,15.277777777777779,6.038647342995169,1.482823403113258,3.012614063338701,1.415727321524423,0.20128824476650564
207,40.55958132045089,10.923242082662373,21.14868491680086,15.26435856146001,6.011808910359635,1.482823403113258,2.9924852388620504,1.415727321524423,0.20128824476650564
208,40.79441760601181,10.869565217391305,20.90042941492217,15.157004830917874,6.266774020397209,1.4492753623188406,2.9924852388620504,1.3687600644122384,0.20128824476650564
209,40.955448201825014,10.856146001073537,20.873590982286636,15.103327965646805,6.206387546967257,1.4492753623188406,2.985775630703167,1.3687600644122384,0.20128824476650564
210,40.915190552871714,10.815888352120236,21.081588835212024,15.029522275899087,6.152710681696189,1.4492753623188406,2.985775630703167,1.3687600644122384,0.20128824476650564
211,41.23054213633924,10.547504025764896,20.947396672034355,14.99597423510467,6.146001073537305,1.4492753623188406,2.965646806226516,1.5163714439076759,0.20128824476650564
212,40.183843263553406,10.420021470746109,21.20907139023081,16.358024691358025,6.038647342995169,1.556629092860977,2.6704240472356413,1.3620504562533549,0.20128824476650564
213,40.425389157273216,10.413311862587225,21.14868491680086,16.25738056897477,6.011808910359635,1.5432098765432098,2.657004830917874,1.3620504562533549,0.18115942028985507
214,40.727321524422976,10.38647342995169,20.947396672034355,16.14331723027375,5.938003220611916,1.5432098765432098,2.6502952227589907,1.482823403113258,0.18115942028985507
215,40.96886741814278,10.359634997316157,20.913848631239937,16.049382716049383,5.870907139023081,1.5432098765432098,2.6502952227589907,1.4626945786366077,0.18115942028985507
216,41.458668813741276,10.319377348362856,20.69243156199678,15.854804079441761,5.837359098228664,1.5432098765432098,2.6502952227589907,1.4626945786366077,0.18115942028985507
217,42.07595276435856,10.258990874932904,20.43075684380032,15.754159957058508,5.797101449275362,1.4358561460010735,2.6167471819645733,1.4626945786366077,0.16774020397208803
218,38.45276435856146,3.7037037037037037,30.314009661835748,16.49892646269458,5.756843800322061,1.402308105206656,2.5563607085346214,1.1473429951690821,0.16774020397208803
219,39.029790660225444,3.6768652710681695,29.750402576489535,16.438539989264626,5.750134192163178,1.4895330112721417,2.5563607085346214,1.1406333870101986,0.16774020397208803
220,39.27804616210413,3.6768652710681695,28.26086956521739,16.25738056897477,5.736714975845411,1.482823403113258,2.6838432635534084,2.4557165861513686,0.16774020397208803
221,39.59339774557166,3.643317230273752,28.099838969404185,16.170155662909288,5.71658615136876,1.4694041867954912,2.6838432635534084,2.4557165861513686,0.16774020397208803
222,39.94900697799248,3.643317230273752,27.68384326355341,16.163446054750402,5.676328502415459,1.583467525496511,2.677133655394525,2.4557165861513686,0.16774020397208803
223,40.33145464304884,3.643317230273752,27.455716586151368,15.935319377348362,5.609232420826624,1.583467525496511,2.818035426731079,2.4557165861513686,0.16774020397208803
224,40.58641975308642,3.629898013955985,27.18733225979603,15.874932903918411,5.562265163714439,1.7176596886741815,2.7643585614600106,2.509393451422437,0.16774020397208803
225,40.90848094471283,3.569511540526033,27.01959205582394,15.807836822329575,5.5689747718733225,1.7176596886741815,2.737520128824477,2.5026838432635534,0.16774020397208803
226,41.237251744498124,3.549382716049383,26.918947933440688,15.70048309178744,5.535426731078905,1.7176596886741815,2.7308105206655933,2.4490069779924855,0.1610305958132045
227,41.55931293612453,3.549382716049383,26.724369296833064,15.653515834675256,5.4549114331723025,1.7176596886741815,2.7308105206655933,2.4490069779924855,0.1610305958132045
228,42.07595276435856,3.4822866344605474,26.496242619431026,15.60654857756307,5.314009661835748,1.6841116478797638,2.7308105206655933,2.4490069779924855,0.1610305958132045
229,42.49865807836822,3.435319377348363,26.288244766505635,15.371712292002147,5.280461621041331,1.6035963499731616,2.7844873859366612,2.4490069779924855,0.2885131508319914
230,42.270531400966185,3.2675791733762747,26.308373590982285,15.311325818572195,5.797101449275362,1.6035963499731616,2.7241009125067097,2.428878153515835,0.2885131508319914
231,42.78046162104133,3.2340311325818574,26.080246913580247,15.210681696188942,5.790391841116479,1.5901771336553945,2.6972624798711755,2.328234031132582,0.2885131508319914
232,43.18974771873322,3.2206119162640903,26.02657004830918,14.97584541062802,5.730005367686527,1.5901771336553945,2.6972624798711755,2.281266774020397,0.2885131508319914
233,43.71309715512614,3.2206119162640903,25.87224906065486,14.794685990338165,5.703166935050993,1.570048309178744,2.5563607085346214,2.281266774020397,0.2885131508319914
234,44.155931293612454,3.1870638754696725,25.583735909822867,14.76784755770263,5.676328502415459,1.570048309178744,2.5026838432635534,2.26784755770263,0.2885131508319914
235,44.236446591519055,3.1736446591519054,25.221417069243156,14.814814814814815,6.152710681696189,1.4962426194310252,2.428878153515835,2.187332259796028,0.2885131508319914
236,44.59205582393988,3.1468062265163717,25.10064412238325,14.727589908749328,6.085614600107354,1.482823403113258,2.3886205045625335,2.187332259796028,0.2885131508319914
237,44.887278582930755,3.140096618357488,25.013419216317768,14.600107353730541,6.072195383789587,1.4492753623188406,2.3752012882447664,2.1739130434782608,0.2885131508319914
238,45.03488996242619,3.0394524959742353,24.84567901234568,14.774557165861514,6.0654857756307035,1.415727321524423,2.3752012882447664,2.1604938271604937,0.2885131508319914
239,45.24288781535159,3.026033279656468,24.838969404186795,14.680622651637144,6.045356951154052,1.3553408480944713,2.368491680085883,2.15378421900161,0.2885131508319914
240,45.55823939881911,2.999194847020934,24.62426194310252,14.606816961889425,6.072195383789587,1.328502415458937,2.368491680085883,2.15378421900161,0.2885131508319914
241,45.90713902308105,2.985775630703167,24.44310252281267,14.526301663982823,5.998389694041868,1.328502415458937,2.368491680085883,2.15378421900161,0.2885131508319914
242,46.60493827160494,2.932098765432099,24.194847020933977,14.345142243692969,5.870907139023081,1.3150831991411702,2.368491680085883,2.0799785292538915,0.2885131508319914
243,47.04777241009125,2.932098765432099,24.060654857756308,14.13714439076758,5.797101449275362,1.3150831991411702,2.341653247450349,2.0799785292538915,0.2885131508319914
244,47.24235104669887,2.898550724637681,23.65136876006441,14.04320987654321,5.314009661835748,1.3016639828234031,3.180354267310789,2.0799785292538915,0.2885131508319914
245,47.44363929146538,2.8918411164787976,23.517176596886742,14.023081052066559,5.273752012882448,1.3016639828234031,3.180354267310789,2.0799785292538915,0.2885131508319914
246,47.79253891572732,2.8784219001610305,23.2487922705314,14.049919484702093,5.253623188405797,1.2815351583467525,3.1602254428341383,2.046430488459474,0.2885131508319914
247,48.01395598497048,2.8515834675254963,23.14814814814815,13.989533011272142,5.253623188405797,1.2815351583467525,3.126677402039721,2.046430488459474,0.2885131508319914
248,48.369565217391305,2.831454643048846,22.966988727858293,13.875469672571121,5.246913580246914,1.2546967257112185,3.126677402039721,2.0397208803005906,0.2885131508319914
249,48.678207192699944,2.7979066022544283,22.906602254428343,13.855340848094471,5.166398282340311,1.2546967257112185,3.046162104133119,2.006172839506173,0.2885131508319914
250,48.79898013955985,2.7979066022544283,22.832796564680624,13.848631239935587,5.146269457863661,1.2412775093934514,3.0394524959742353,2.006172839506173,0.2885131508319914
251,49.17471819645733,2.7777777777777777,22.644927536231883,13.754696725711218,5.10601180891036,1.2412775093934514,3.0059044551798175,2.006172839506173,0.2885131508319914
252,49.664519592055825,2.757648953301127,22.457058507783145,13.43263553408481,5.267042404723564,1.2412775093934514,2.9589371980676327,1.932367149758454,0.2885131508319914
253,50.13419216317767,2.757648953301127,22.34970477724101,13.24476650563607,5.260332796564681,1.1540526033279657,2.8784219001610305,1.932367149758454,0.2885131508319914
