,45,50,55,51,53,54,52,56,57,59,58,46
0,99.7987117552335,0.20128824476650564,,,,,,,,,,
1,99.7987117552335,0.20128824476650564,,,,,,,,,,
2,99.49006977992485,0.5099302200751477,,,,,,,,,,
3,97.71202361782072,2.2879763821792807,,,,,,,,,,
4,94.81347289318303,5.186527106816962,,,,,,,,,,
5,85.77563070316694,14.224369296833064,,,,,,,,,,
6,85.77563070316694,14.224369296833064,,,,,,,,,,
7,85.80917874396135,14.190821256038648,,,,,,,,,,
8,85.84943639291465,14.150563607085346,,,,,,,,,,
9,74.3491680085883,25.650831991411703,,,,,,,,,,
10,48.429951690821255,51.15405260332797,0.41599570585077833,,,,,,,,,
11,48.49704777241009,50.63070316693505,0.8722490606548577,,,,,,,,,
12,48.51717659688674,49.69806763285024,1.7847557702630166,,,,,,,,,
13,48.691626409017715,49.37600644122383,1.932367149758454,,,,,,,,,
14,48.44337090713902,49.624261943102525,1.932367149758454,,,,,,,,,
15,48.45679012345679,49.61084272678475,1.932367149758454,,,,,,,,,
16,48.50375738056898,49.41626409017714,2.0799785292538915,,,,,,,,,
17,48.07434245840043,48.731884057971016,2.0799785292538915,1.1137949543746646,,,,,,,,
18,48.168276972624795,48.55743424584004,2.1604938271604937,1.1137949543746646,,,,,,,,
19,45.73268921095008,50.85882984433709,2.2946859903381642,1.1137949543746646,,,,,,,,
20,45.9272678475577,50.28180354267311,2.536231884057971,1.1137949543746646,0.14090177133655393,,,,,,,
21,45.779656468062264,48.38298443370907,2.4892646269457863,1.1137949543746646,2.2342995169082127,,,,,,,
22,45.49785292538916,44.69940955448202,2.254428341384863,6.602254428341385,0.9460547504025765,,,,,,,
23,45.56494900697799,44.64573268921095,2.254428341384863,6.588835212023618,0.9460547504025765,,,,,,,
24,43.384326355340846,46.83977455716586,2.2410091250670963,6.588835212023618,0.9460547504025765,,,,,,,
25,43.4447128287708,46.792807300053674,2.2410091250670963,6.575415995705851,0.9460547504025765,,,,,,,
26,43.545356951154055,46.71229200214707,2.2410091250670963,6.5552871712292005,0.9460547504025765,,,,,,,
27,43.67283950617284,46.182232957595275,2.657004830917874,6.541867954911433,0.9460547504025765,,,,,,,
28,43.63929146537842,46.16881374127751,2.657004830917874,6.541867954911433,0.9460547504025765,0.04696725711218465,,,,,,
29,43.19645732689211,43.666129898013956,2.657004830917874,9.4873859366613,0.9460547504025765,0.04696725711218465,,,,,,
30,43.19645732689211,43.666129898013956,2.657004830917874,9.4873859366613,0.9460547504025765,0.04696725711218465,,,,,,
31,42.3845947396672,39.492753623188406,2.26784755770263,15.485775630703166,0.24825550187869028,0.12077294685990338,,,,,,
32,41.06280193236715,40.79441760601181,2.4020397208803006,15.371712292002147,0.24825550187869028,0.12077294685990338,,,,,,
33,28.878153515834676,51.53650026838432,2.059849704777241,15.33816425120773,0.24825550187869028,0.6105743424584005,1.328502415458937,,,,,
34,28.972088030059044,51.36205045625336,2.1604938271604937,15.318035426731079,0.24825550187869028,0.6105743424584005,1.328502415458937,,,,,
35,29.20692431561997,51.21443907675792,2.1604938271604937,15.26435856146001,0.24825550187869028,0.6105743424584005,1.2949543746645196,,,,,
36,29.280730005367687,51.1808910359635,2.1604938271604937,15.230810520665592,0.24154589371980675,0.6105743424584005,1.2949543746645196,,,,,
37,29.347826086956523,51.14734299516908,2.1604938271604937,15.197262479871176,0.24154589371980675,0.6105743424584005,1.2949543746645196,,,,,
38,29.186795491143318,51.07353730542136,2.1604938271604937,15.45222758990875,0.2214170692431562,0.6105743424584005,1.2949543746645196,,,,,
39,29.22705314009662,48.128019323671495,2.1604938271604937,15.425389157273216,0.2214170692431562,0.6105743424584005,4.2270531400966185,,,,,
40,28.093129361245303,39.30488459473967,1.8786902844873858,28.59634997316157,0.2214170692431562,0.6105743424584005,1.2949543746645196,,,,,
41,28.166935050993022,39.27804616210413,1.8786902844873858,28.361513687600645,0.2214170692431562,0.6105743424584005,1.2949543746645196,0.1878690284487386,,,,
42,28.187063875469672,39.40552871712292,1.8786902844873858,28.166935050993022,0.2214170692431562,0.6105743424584005,1.2949543746645196,0.23483628556092323,,,,
43,28.227321524422972,39.36527106816962,1.8786902844873858,28.166935050993022,0.2214170692431562,0.6105743424584005,1.2949543746645196,0.23483628556092323,,,,
44,28.29441760601181,39.30488459473967,1.9994632313472893,28.039452495974235,0.2214170692431562,0.6105743424584005,1.2949543746645196,0.23483628556092323,,,,
45,28.388352120236178,39.28475577026302,1.9994632313472893,27.965646806226516,0.2214170692431562,0.6105743424584005,1.2949543746645196,0.23483628556092323,,,,
46,28.408480944712828,39.16398282340311,2.1135265700483092,27.95222758990875,0.2214170692431562,0.6105743424584005,1.2949543746645196,0.23483628556092323,,,,
47,28.462157809983896,39.12372517444981,2.1135265700483092,27.851583467525497,0.2214170692431562,0.6105743424584005,1.2949543746645196,0.322061191626409,,,,
48,28.529253891572733,39.070048309178745,2.1135265700483092,27.482555018786904,0.2214170692431562,0.6105743424584005,1.2949543746645196,0.6776704240472357,,,,
49,28.569511540526033,38.989533011272144,2.2074610842726785,27.4020397208803,0.2214170692431562,0.6843800322061192,1.2949543746645196,0.630703166935051,,,,
50,28.421900161030596,39.190821256038646,2.2074610842726785,27.34836285560923,0.2214170692431562,0.6843800322061192,1.2949543746645196,0.630703166935051,,,,
51,28.522544283413847,39.05662909286098,2.26784755770263,27.3215244229737,0.2214170692431562,0.6843800322061192,1.2949543746645196,0.630703166935051,,,,
52,28.468867418142782,38.848631239935585,2.3752012882447664,26.690821256038646,0.2214170692431562,0.6843800322061192,1.4895330112721417,1.221148684916801,,,,
53,26.717659688674182,38.14412238325282,2.0665593129361244,22.725442834138487,0.2214170692431562,0.6843800322061192,8.105206655931294,1.3352120236178207,,,,
54,25.979602791196996,40.25093934514224,2.6033279656468062,22.5979602791197,0.2214170692431562,0.19457863660762212,6.816961889425658,1.3352120236178207,,,,
55,26.02657004830918,40.25093934514224,2.6033279656468062,22.57783145464305,0.2214170692431562,0.19457863660762212,6.790123456790123,1.3352120236178207,,,,
56,26.214439076757916,40.08990874932904,2.6033279656468062,22.550993022007514,0.2214170692431562,0.19457863660762212,6.790123456790123,1.3352120236178207,,,,
57,26.187600644122384,40.06977992485239,2.5966183574879227,22.61808910359635,0.2214170692431562,0.19457863660762212,6.790123456790123,1.3217928073000538,,,,
58,26.234567901234566,40.022812667740205,2.5966183574879227,21.618357487922705,0.2214170692431562,0.19457863660762212,6.790123456790123,2.3215244229736984,,,,
59,26.476113794954376,39.86849168008588,2.5966183574879227,21.531132581857218,0.2214170692431562,0.19457863660762212,6.790123456790123,2.3215244229736984,,,,
60,20.45088566827697,46.05475040257649,2.5966183574879227,21.370101986044016,0.2214170692431562,0.19457863660762212,6.790123456790123,2.3215244229736984,,,,
61,20.618625872249062,46.041331186258724,2.5966183574879227,21.336553945249598,0.2214170692431562,0.19457863660762212,6.66935050993022,2.3215244229736984,,,,
62,18.47826086956522,47.57783145464305,2.4154589371980677,22.128287707997853,0.2214170692431562,0.19457863660762212,6.662640901771336,2.3215244229736984,,,,
63,18.57890499194847,47.48389694041868,2.4154589371980677,22.12157809983897,0.2214170692431562,0.19457863660762212,6.662640901771336,2.3215244229736984,,,,
64,17.96833064949007,45.50456253354804,2.4020397208803006,24.90606548577563,0.08722490606548577,0.14761137949543746,6.662640901771336,2.3215244229736984,,,,
65,18.00858829844337,45.430756843800324,2.462426194310252,24.879227053140095,0.08722490606548577,0.14761137949543746,6.662640901771336,2.3215244229736984,,,,
66,18.10252281266774,45.390499194847024,2.462426194310252,24.832259796027913,0.08722490606548577,0.14761137949543746,6.655931293612453,2.3215244229736984,,,,
67,18.209876543209877,45.37707997852925,2.4557165861513686,24.738325281803544,0.08722490606548577,0.14761137949543746,6.655931293612453,2.2611379495437465,0.06709608158883522,,,
68,18.276972624798713,45.330112721417066,2.4557165861513686,24.724906065485776,0.08722490606548577,0.14761137949543746,6.608964036500268,2.301395598497048,0.06709608158883522,,,
69,18.438003220611915,44.907407407407405,2.5496511003757383,24.651100375738057,0.35560923242082665,0.14761137949543746,6.582125603864735,2.301395598497048,0.06709608158883522,,,
70,18.49838969404187,44.7866344605475,2.61003757380569,24.651100375738057,0.35560923242082665,0.14761137949543746,6.582125603864735,2.301395598497048,0.06709608158883522,,,
71,18.552066559312937,44.75979602791197,2.61003757380569,24.62426194310252,0.35560923242082665,0.14761137949543746,6.582125603864735,2.301395598497048,0.06709608158883522,,,
72,18.659420289855074,44.7061191626409,2.61003757380569,24.58400429414922,0.35560923242082665,0.14761137949543746,6.568706387546968,2.301395598497048,0.06709608158883522,,,
73,18.800322061191626,44.47128287707998,2.757648953301127,24.530327428878152,0.35560923242082665,0.14761137949543746,6.568706387546968,2.301395598497048,0.06709608158883522,,,
74,17.236983360171767,44.31025228126678,2.737520128824477,23.825818572195384,0.35560923242082665,2.7241009125067097,6.568706387546968,2.1739130434782608,0.06709608158883522,,,
75,17.485238862050455,44.0552871712292,2.898550724637681,23.778851315083198,0.35560923242082665,2.6838432635534084,6.501610305958132,2.1739130434782608,0.06709608158883522,,,
76,17.57246376811594,43.98819108964037,2.898550724637681,23.758722490606548,0.35560923242082665,2.6838432635534084,6.501610305958132,2.1739130434782608,0.06709608158883522,,,
77,17.733494363929147,43.86070853462158,2.898550724637681,23.731884057971016,0.35560923242082665,2.6838432635534084,6.501610305958132,2.167203435319377,0.06709608158883522,,,
78,17.814009661835748,43.79361245303274,2.898550724637681,23.718464841653248,0.35560923242082665,2.6838432635534084,6.501610305958132,2.167203435319377,0.06709608158883522,,,
79,17.914653784219002,43.73993558776167,2.898550724637681,23.67149758454106,0.35560923242082665,2.6838432635534084,6.501610305958132,2.167203435319377,0.06709608158883522,,,
80,18.02871712292002,43.69967793880837,2.898550724637681,23.57085346215781,0.4025764895330113,2.6838432635534084,6.481481481481482,2.167203435319377,0.06709608158883522,,,
81,17.498658078368223,40.94873859366613,3.3950617283950617,26.308373590982285,0.46967257112184646,2.677133655394525,6.468062265163715,2.167203435319377,0.06709608158883522,,,
82,17.559044551798173,40.89506172839506,3.374932903918411,26.308373590982285,0.46967257112184646,2.6502952227589907,6.447933440687064,2.227589908749329,0.06709608158883522,,,
83,17.612721417069242,40.84138486312399,3.4017713365539453,26.301663982823403,0.46967257112184646,2.6502952227589907,6.427804616210413,2.227589908749329,0.06709608158883522,,,
84,17.68652710681696,40.79441760601181,3.4017713365539453,26.27482555018787,0.46967257112184646,2.6502952227589907,6.427804616210413,2.227589908749329,0.06709608158883522,,,
85,17.612721417069242,40.45893719806763,3.5225442834138487,26.596886741814277,0.46967257112184646,2.6502952227589907,6.427804616210413,2.1940418679549114,0.06709608158883522,,,
86,17.780461621041333,40.405260332796566,3.5225442834138487,25.731347289318304,0.46967257112184646,2.623456790123457,7.206119162640902,2.1940418679549114,0.06709608158883522,,,
87,17.820719269994633,38.0703166935051,3.455448201825013,28.18035426731079,0.3824476650563607,2.623456790123457,7.206119162640902,2.1940418679549114,0.06709608158883522,,,
88,17.934782608695652,37.92941492216855,3.569511540526033,28.153515834675254,0.3824476650563607,2.623456790123457,7.14573268921095,2.1940418679549114,0.06709608158883522,,,
89,18.00187869028449,37.78851315083199,3.784219001610306,27.865002683843265,0.3824476650563607,2.7979066022544283,7.118894256575416,2.1940418679549114,0.06709608158883522,,,
90,17.20343531937735,37.72141706924316,3.750670960815888,29.28743961352657,0.36231884057971014,2.7979066022544283,7.092055823939882,1.7176596886741815,0.06709608158883522,,,
91,17.297369833601717,37.69457863660762,3.750670960815888,29.260601180891037,0.36231884057971014,2.7844873859366612,7.065217391304348,1.7176596886741815,0.06709608158883522,,,
92,17.418142780461622,37.69457863660762,4.4753086419753085,29.200214707461082,0.36231884057971014,1.9994632313472893,7.065217391304348,1.7176596886741815,0.06709608158883522,,,
93,17.538915727321523,37.69457863660762,4.4753086419753085,29.09957058507783,0.36231884057971014,1.9994632313472893,7.0450885668276975,1.7176596886741815,0.06709608158883522,,,
94,17.028985507246375,37.446323134728935,4.300858829844337,26.972624798711756,0.36231884057971014,2.1269457863660763,10.567632850241546,1.1943102522812667,,,,
95,17.236983360171767,37.285292538915726,4.300858829844337,26.737788513150832,0.36231884057971014,2.1269457863660763,10.547504025764896,1.402308105206656,,,,
96,17.364465915190554,37.25174449812131,4.300858829844337,26.643853998926463,0.36231884057971014,2.1269457863660763,10.547504025764896,1.402308105206656,,,,
97,17.45169082125604,37.204777241009126,4.300858829844337,26.617015566290927,0.36231884057971014,2.1269457863660763,10.534084809447128,1.402308105206656,,,,
98,17.54562533548041,36.83574879227053,4.300858829844337,26.54320987654321,0.7112184648416533,2.1269457863660763,10.534084809447128,1.402308105206656,,,,
99,17.713365539452496,36.32581857219538,4.622920021470746,26.41572732152442,0.7112184648416533,2.1269457863660763,10.339506172839506,1.7444981213097155,,,,
100,17.840848094471284,36.29898013955985,4.622920021470746,26.36876006441224,0.7112184648416533,2.1068169618894257,10.312667740203972,1.737788513150832,,,,
101,17.995169082125603,36.24530327428878,4.622920021470746,26.341921631776703,0.7112184648416533,2.046430488459474,10.305958132045088,1.7310789049919484,,,,
102,18.10252281266774,35.94337090713902,4.622920021470746,26.29495437466452,0.785024154589372,2.2208803005904456,10.299248523886206,1.7310789049919484,,,,
103,18.310520665593128,35.89640365002684,4.616210413311863,26.187600644122384,0.785024154589372,2.200751476113795,10.272410091250672,1.7310789049919484,,,,
104,18.323939881910896,35.198604401502955,4.4753086419753085,26.113794954374665,0.785024154589372,2.9589371980676327,10.272410091250672,1.7310789049919484,,0.14090177133655393,,
105,18.4447128287708,35.14492753623188,4.455179817498658,26.08695652173913,0.785024154589372,3.012614063338701,10.272410091250672,1.6572732152442298,,0.14090177133655393,,
106,18.45813204508857,35.11137949543747,4.455179817498658,25.946054750402578,0.8856682769726248,3.012614063338701,10.272410091250672,1.7176596886741815,,0.14090177133655393,,
107,11.064143853998926,48.067632850241544,2.844873859366613,22.86634460547504,0.33548040794417605,2.844873859366613,10.165056360708535,1.8115942028985508,,,,
108,11.117820719269995,48.00053676865271,2.9052603327965647,22.84621578099839,0.33548040794417605,2.844873859366613,10.138217928073,1.8115942028985508,,,,
109,11.171497584541063,47.98040794417606,2.9052603327965647,22.81266774020397,0.33548040794417605,2.844873859366613,10.138217928073,1.8115942028985508,,,,
110,11.325818572195384,47.738862050456255,2.9052603327965647,22.75228126677402,0.5636070853462157,2.8247450348899625,10.077831454643048,1.8115942028985508,,,,
111,11.56736446591519,47.55099302200752,2.985775630703167,22.67176596886742,0.5636070853462157,2.8247450348899625,10.037573805689748,1.7981749865807837,,,,
112,11.621041331186259,47.52415458937198,2.985775630703167,22.67176596886742,0.5636070853462157,2.8247450348899625,10.010735373054214,1.7981749865807837,,,,
113,11.741814278046162,47.114868491680085,2.898550724637681,22.52415458937198,0.5636070853462157,3.3682232957595275,9.990606548577563,1.7981749865807837,,,,
114,11.77536231884058,47.08803005904455,2.898550724637681,22.436929683306495,0.5636070853462157,3.3682232957595275,9.990606548577563,1.8786902844873858,,,,
115,11.90955448201825,47.04106280193237,2.898550724637681,22.436929683306495,0.5636070853462157,3.3011272141706924,9.970477724100913,1.8786902844873858,,,,
116,11.990069779924852,46.97396672034353,2.965646806226516,22.403381642512077,0.5636070853462157,3.2675791733762747,9.957058507783145,1.8786902844873858,,,,
117,12.050456253354804,46.806226516371446,3.2340311325818574,22.289318303811058,0.5636070853462157,3.2206119162640903,9.957058507783145,1.8786902844873858,,,,
118,11.460010735373054,37.0907139023081,2.341653247450349,21.108427267847556,10.701825013419215,3.099838969404187,12.392646269457863,1.8048845947396672,,,,
119,11.574074074074074,36.8894256575416,2.536231884057971,21.048040794417606,10.68840579710145,3.099838969404187,12.392646269457863,1.7713365539452497,,,,
120,11.668008588298443,36.808910359635,2.536231884057971,21.048040794417606,10.674986580783683,3.099838969404187,12.392646269457863,1.7713365539452497,,,,
121,11.79549114331723,36.73510466988728,2.536231884057971,21.041331186258724,10.661567364465915,3.099838969404187,12.392646269457863,1.737788513150832,,,,
122,11.862587224906065,36.3996242619431,2.536231884057971,21.041331186258724,10.63472893183038,3.6097691894793345,12.177938808373591,1.737788513150832,,,,
123,11.956521739130435,36.39291465378422,2.536231884057971,20.799785292538918,10.587761674718196,3.6097691894793345,12.151100375738057,1.9659151905528718,,,,
124,12.084004294149223,36.33923778851315,2.536231884057971,20.799785292538918,10.534084809447128,3.6097691894793345,12.130971551261407,1.9659151905528718,,,,
125,12.338969404186795,36.218464841653244,2.536231884057971,20.73268921095008,10.507246376811594,3.6097691894793345,12.104133118625873,1.9524959742351047,,,,
126,12.345679012345679,35.75550187869028,3.556092324208266,20.73268921095008,9.957058507783145,3.6097691894793345,12.090713902308105,1.9524959742351047,,,,
127,12.439613526570048,35.72195383789587,3.556092324208266,20.611916264090176,9.950348899624261,3.6097691894793345,12.090713902308105,2.01959205582394,,,,
128,12.47987117552335,35.72866344605475,3.556092324208266,20.578368223295758,9.950348899624261,3.6097691894793345,12.077294685990339,2.01959205582394,,,,
129,12.600644122383253,35.66156736446592,3.569511540526033,20.538110574342458,9.950348899624261,3.6097691894793345,12.050456253354804,2.01959205582394,,,,
130,12.681159420289855,35.66156736446592,3.556092324208266,20.52469135802469,9.943639291465379,3.5963499731615673,12.016908212560386,2.01959205582394,,,,
131,12.734836285560924,35.628019323671495,3.556092324208266,20.491143317230275,9.822866344605474,3.5963499731615673,12.016908212560386,2.01959205582394,,,0.13419216317767044,
132,12.781803542673108,35.31266774020397,3.878153515834675,20.46430488459474,9.816156736446592,3.5963499731615673,11.996779388083736,2.01959205582394,,,0.13419216317767044,
133,12.929414922168545,35.23215244229737,3.878153515834675,20.397208803005906,9.816156736446592,3.5963499731615673,11.996779388083736,2.01959205582394,,,0.13419216317767044,
134,13.130703166935051,35.09125067096082,3.878153515834675,20.377079978529252,9.789318303811058,3.5963499731615673,11.98336017176597,2.01959205582394,,,0.13419216317767044,
135,13.170960815888352,32.07192699946323,4.052603327965647,19.840311325818572,9.789318303811058,6.6827697262479875,11.956521739130435,2.301395598497048,,,0.13419216317767044,
136,13.291733762748256,32.024959742351044,4.052603327965647,19.79334406870639,9.789318303811058,6.6827697262479875,11.929683306494901,2.301395598497048,,,0.13419216317767044,
137,13.378958668813741,31.91760601180891,4.052603327965647,19.639023081052066,9.86983360171766,6.6827697262479875,11.902844873859367,2.4221685453569513,,,0.13419216317767044,
138,13.177670424047236,31.830381105743424,4.119699409554482,18.14278046162104,9.769189479334408,6.6827697262479875,13.741277509393452,2.4020397208803006,,,0.13419216317767044,
139,13.285024154589372,31.776704240472355,4.213633923778851,18.129361245303276,9.75577026301664,6.588835212023618,13.714439076757918,2.4020397208803006,,,0.13419216317767044,
140,13.466183574879228,31.723027375201287,4.213633923778851,18.095813204508858,9.702093397745571,6.588835212023618,13.70101986044015,2.3752012882447664,,,0.13419216317767044,
141,13.573537305421363,31.66935050993022,4.186795491143317,18.095813204508858,9.702093397745571,6.588835212023618,13.70101986044015,2.3483628556092326,,,0.13419216317767044,
142,13.6406333870102,31.64922168545357,4.186795491143317,18.075684380032207,9.702093397745571,6.588835212023618,13.6808910359635,2.341653247450349,,,0.13419216317767044,
143,13.79495437466452,31.64922168545357,4.126409017713366,17.881105743424584,9.702093397745571,6.588835212023618,13.66076221148685,2.462426194310252,,,0.13419216317767044,
144,13.942565754159958,31.50161030595813,4.186795491143317,17.820719269994633,9.702093397745571,6.588835212023618,13.66076221148685,2.462426194310252,,,0.13419216317767044,
145,14.04320987654321,31.488191089640367,4.159957058507783,17.800590445517983,9.702093397745571,6.582125603864735,13.66076221148685,2.428878153515835,,,0.13419216317767044,
146,14.083467525496511,30.931293612453032,4.757112184648417,17.767042404723565,9.655126140633387,6.6827697262479875,13.633923778851315,2.3550724637681157,,,0.13419216317767044,
147,14.190821256038648,30.9044551798175,4.757112184648417,17.713365539452496,9.655126140633387,6.655931293612453,13.633923778851315,2.3550724637681157,,,0.13419216317767044,
148,14.244498121309716,30.891035963499732,4.757112184648417,17.713365539452496,9.628287707997853,6.655931293612453,13.620504562533547,2.3550724637681157,,,0.13419216317767044,
149,14.392109500805153,30.877616747181964,4.730273752012883,17.673107890499196,9.581320450885668,6.655931293612453,13.600375738056897,2.3550724637681157,,,0.13419216317767044,
150,14.432367149758454,30.837359098228664,4.730273752012883,17.673107890499196,9.581320450885668,6.655931293612453,13.600375738056897,2.3550724637681157,,,0.13419216317767044,
151,14.546430488459475,30.837359098228664,4.690016103059581,17.64626945786366,9.581320450885668,6.635802469135802,13.600375738056897,2.328234031132582,,,0.13419216317767044,
152,14.714170692431562,30.817230273752013,4.683306494900698,17.58588298443371,9.581320450885668,6.602254428341385,13.600375738056897,2.281266774020397,,,0.13419216317767044,
153,14.888620504562533,30.69645732689211,4.683306494900698,17.559044551798173,9.581320450885668,6.602254428341385,13.573537305421363,2.281266774020397,,,0.13419216317767044,
154,15.01610305958132,30.615942028985508,4.676596886741814,17.559044551798173,9.4873859366613,6.588835212023618,13.573537305421363,2.254428341384863,,,0.2281266774020397,
155,15.257648953301127,30.615942028985508,4.676596886741814,17.371175523349436,9.433709071390231,6.588835212023618,13.573537305421363,2.254428341384863,,,0.2281266774020397,
156,14.070048309178745,25.791733762748255,4.4820182501341925,16.6935050993022,9.380032206119163,3.5628019323671496,23.65136876006441,2.1403650026838434,,,0.2281266774020397,
157,14.13714439076758,25.77831454643049,4.4820182501341925,16.6935050993022,9.380032206119163,3.549382716049383,23.61111111111111,2.1403650026838434,,,0.2281266774020397,
158,14.264626945786366,25.63070316693505,4.30756843800322,16.666666666666668,8.380300590445518,3.549382716049383,23.58427267847558,3.2541599570585076,,,0.36231884057971014,
159,14.351851851851851,25.577026301663984,4.30756843800322,16.63311862587225,8.380300590445518,3.549382716049383,23.58427267847558,3.2541599570585076,,,0.36231884057971014,
160,14.472624798711756,25.449543746645197,4.367954911433173,16.6129898013956,8.353462157809984,3.549382716049383,23.58427267847558,3.2474503488996245,,,0.36231884057971014,
161,14.49946323134729,25.429414922168544,4.367954911433173,16.586151368760063,8.353462157809984,3.549382716049383,23.295759527643586,3.3011272141706924,0.2549651100375738,,0.36231884057971014,
162,14.586688137412775,25.261674718196456,4.4820182501341925,16.478797638217927,8.353462157809984,3.549382716049383,23.295759527643586,3.374932903918411,0.2549651100375738,,0.36231884057971014,
163,14.861782071927,25.248255501878692,4.4753086419753085,16.391572732152444,8.225979602791197,3.5292538915727323,23.282340311325818,3.3682232957595275,0.2549651100375738,,0.36231884057971014,
164,15.009393451422437,25.174449812130973,4.4753086419753085,16.391572732152444,8.192431561996779,3.5292538915727323,23.2487922705314,3.361513687600644,0.2549651100375738,,0.36231884057971014,
165,14.49946323134729,25.174449812130973,4.461889425657541,16.371443907675793,8.185721953837897,6.541867954911433,20.71256038647343,3.2742887815351582,0.41599570585077833,,0.36231884057971014,
166,14.620236178207193,25.11406333870102,4.461889425657541,16.337895866881375,8.185721953837897,6.541867954911433,20.685721953837895,3.2742887815351582,0.41599570585077833,,0.36231884057971014,
167,14.647074610842727,25.11406333870102,4.461889425657541,16.337895866881375,8.172302737520129,6.541867954911433,20.67230273752013,3.2742887815351582,0.41599570585077833,,0.36231884057971014,
168,14.714170692431562,24.9194847020934,4.461889425657541,16.31105743424584,8.145464304884594,6.541867954911433,20.511272141706925,3.616478797638218,0.41599570585077833,,0.36231884057971014,
169,14.720880300590446,24.812130971551262,4.575952764358561,16.297638217928075,8.145464304884594,6.541867954911433,20.511272141706925,3.616478797638218,0.41599570585077833,,0.36231884057971014,
170,14.828234031132581,24.812130971551262,4.575952764358561,16.297638217928075,8.132045088566828,6.541867954911433,20.417337627482556,3.616478797638218,0.41599570585077833,,0.36231884057971014,
171,15.042941492216855,24.745034889962426,4.562533548040794,16.23725174449812,8.225979602791197,6.400966183574879,20.222758990874933,3.784219001610306,0.41599570585077833,,0.36231884057971014,
172,15.143585614600108,24.711486849168008,4.562533548040794,16.210413311862588,8.225979602791197,6.400966183574879,20.115405260332796,3.784219001610306,0.4830917874396135,,0.36231884057971014,
173,15.331454643048845,24.610842726784757,4.562533548040794,16.190284487385938,8.185721953837897,6.400966183574879,20.088566827697264,3.784219001610306,0.4830917874396135,,0.36231884057971014,
174,15.45222758990875,24.422973698336016,4.696725711218465,16.163446054750402,8.165593129361245,6.394256575415996,20.075147611379496,3.784219001610306,0.4830917874396135,,0.36231884057971014,
175,15.485775630703166,24.402844873859365,4.683306494900698,16.163446054750402,8.165593129361245,6.347289318303811,20.075147611379496,3.8311862587224907,0.4830917874396135,,0.36231884057971014,
176,15.53274288781535,24.362587224906065,4.683306494900698,16.163446054750402,8.11862587224906,6.347289318303811,20.068438003220614,3.8311862587224907,0.4830917874396135,,0.4092860976918948,
177,15.526033279656469,24.308910359634996,5.770263016639828,15.98899624261943,8.11862587224906,6.347289318303811,19.0955448201825,3.9519592055823938,0.4830917874396135,,0.4092860976918948,
178,15.479066022544284,24.241814278046164,5.770263016639828,15.982286634460548,8.11862587224906,6.414385399892646,18.874127750939344,4.2270531400966185,0.4830917874396135,,0.4092860976918948,
179,15.539452495974235,24.241814278046164,5.750134192163178,15.975577026301664,8.105206655931294,6.400966183574879,18.867418142780462,4.2270531400966185,0.4830917874396135,,0.4092860976918948,
180,15.633387010198604,24.194847020933977,5.750134192163178,15.975577026301664,8.064949006977992,6.400966183574879,18.753354804079443,4.2203435319377345,0.5971551261406334,,0.4092860976918948,
181,15.794417606011809,23.98684916800859,5.065754159957058,15.807836822329575,7.950885668276973,6.327160493827161,19.93424584004294,4.2203435319377345,0.5032206119162641,,0.4092860976918948,
182,15.821256038647343,23.919753086419753,5.132850241545894,15.780998389694043,7.924047235641439,6.360708534621578,19.92753623188406,4.2203435319377345,0.5032206119162641,,0.4092860976918948,
183,15.92860976918948,23.89291465378422,5.132850241545894,15.74074074074074,7.843531937734836,6.360708534621578,19.90740740740741,4.2203435319377345,0.5032206119162641,,0.46967257112184646,
184,16.009125067096083,23.832528180354267,5.132850241545894,15.445517981749866,8.017981749865807,6.3137412775093935,19.880568974771872,4.394793344068707,0.5032206119162641,,0.46967257112184646,
185,15.801127214170693,23.825818572195384,5.092592592592593,14.566559312936125,8.004562533548041,7.568438003220612,19.719538378958667,4.388083735909823,0.5636070853462157,,0.46967257112184646,
186,12.895866881374127,21.141975308641975,4.092860976918948,32.88378958668814,7.601986044015029,3.126677402039721,14.546430488459475,2.8247450348899625,0.41599570585077833,,0.46967257112184646,
187,13.150831991411701,21.048040794417606,3.9720880300590444,32.84353193773484,7.541599570585078,3.0931293612453032,14.345142243692969,2.932098765432099,0.5501878690284487,0.05367686527106817,0.46967257112184646,
188,13.211218464841654,21.048040794417606,3.9720880300590444,32.63553408480945,7.541599570585078,3.0931293612453032,14.345142243692969,3.079710144927536,0.5501878690284487,0.05367686527106817,0.46967257112184646,
189,11.929683306494901,22.638217928073,3.9452495974235107,32.50134192163178,7.447665056360709,3.066290928609769,14.345142243692969,3.052871712292002,0.5501878690284487,0.05367686527106817,0.46967257112184646,
190,12.084004294149223,22.61808910359635,3.9184111647879765,32.447665056360705,7.407407407407407,3.066290928609769,14.331723027375201,3.052871712292002,0.5501878690284487,0.05367686527106817,0.46967257112184646,
191,12.265163714439076,22.57783145464305,3.898282340311326,32.407407407407405,7.333601717659689,3.066290928609769,14.331723027375201,3.046162104133119,0.5501878690284487,0.05367686527106817,0.46967257112184646,
192,12.338969404186795,22.537573805689746,3.898282340311326,32.407407407407405,7.27992485238862,3.0595813204508855,14.304884594739667,3.046162104133119,0.5501878690284487,0.05367686527106817,0.5233494363929146,
193,12.493290391841116,22.50402576489533,3.898282340311326,32.33360171765969,7.25979602791197,3.0595813204508855,14.284755770263017,3.046162104133119,0.5501878690284487,0.05367686527106817,0.5166398282340311,
194,12.580515297906603,22.497316156736446,3.898282340311326,32.31347289318304,7.232957595276436,3.0327428878153517,14.278046162104133,3.046162104133119,0.5501878690284487,0.05367686527106817,0.5166398282340311,
195,12.573805689747719,22.356414385399894,3.864734299516908,32.139023081052066,5.615942028985507,3.0327428878153517,14.264626945786366,3.046162104133119,2.6502952227589907,0.05367686527106817,0.4025764895330113,
196,12.634192163177671,22.322866344605476,3.864734299516908,32.13231347289318,5.615942028985507,3.0327428878153517,14.264626945786366,3.026033279656468,2.6502952227589907,0.05367686527106817,0.4025764895330113,
197,12.701288244766506,22.302737520128826,3.864734299516908,32.09205582393988,5.615942028985507,3.0327428878153517,14.264626945786366,3.0193236714975846,2.6502952227589907,0.05367686527106817,0.4025764895330113,
198,12.875738056897477,22.302737520128826,3.8043478260869565,31.97799248523886,5.615942028985507,3.0327428878153517,14.264626945786366,3.0193236714975846,2.6502952227589907,0.05367686527106817,0.4025764895330113,
199,12.909286097691895,22.302737520128826,3.8043478260869565,31.97799248523886,5.615942028985507,3.026033279656468,14.237788513150832,3.0193236714975846,2.6502952227589907,0.05367686527106817,0.4025764895330113,
200,12.989801395598498,22.128287707997853,3.938539989264627,31.93773483628556,5.615942028985507,3.026033279656468,14.237788513150832,3.0193236714975846,2.6502952227589907,0.05367686527106817,0.4025764895330113,
201,13.036768652710682,22.128287707997853,3.9318303811057436,31.924315619967793,5.615942028985507,3.012614063338701,14.237788513150832,3.0059044551798175,2.6502952227589907,0.05367686527106817,0.4025764895330113,
202,13.09044551798175,22.114868491680085,3.9318303811057436,31.816961889425656,5.615942028985507,3.012614063338701,14.224369296833064,3.099838969404187,2.636876006441224,0.05367686527106817,0.4025764895330113,
203,13.003220611916264,22.114868491680085,3.9318303811057436,31.729736983360173,5.615942028985507,3.012614063338701,14.398819108964037,3.099838969404187,2.636876006441224,0.05367686527106817,0.4025764895330113,
204,13.063607085346217,22.088030059044552,3.9318303811057436,31.602254428341386,5.615942028985507,3.012614063338701,14.38539989264627,3.207192699946323,2.636876006441224,0.05367686527106817,0.4025764895330113,
205,13.305152979066023,22.074610842726784,3.9184111647879765,31.42109500805153,5.615942028985507,3.012614063338701,14.351851851851851,3.207192699946323,2.636876006441224,0.05367686527106817,0.4025764895330113,
206,13.372249060654857,22.020933977455716,3.9184111647879765,31.340579710144926,5.615942028985507,3.1199677938808374,14.338432635534085,3.207192699946323,2.636876006441224,0.05367686527106817,0.3757380568974772,
207,13.466183574879228,21.906870638754697,3.911701556629093,31.239935587761675,5.615942028985507,3.079710144927536,14.325013419216317,3.388352120236178,2.636876006441224,0.05367686527106817,0.3757380568974772,
208,13.613794954374665,21.89345142243693,3.911701556629093,31.105743424584006,5.615942028985507,3.079710144927536,14.325013419216317,3.388352120236178,2.636876006441224,0.05367686527106817,0.3757380568974772,
209,13.707729468599034,21.85319377348363,3.911701556629093,31.052066559312937,5.615942028985507,3.079710144927536,14.325013419216317,3.388352120236178,2.636876006441224,0.05367686527106817,0.3757380568974772,
210,13.788244766505636,21.83977455716586,3.911701556629093,31.00509930220075,5.615942028985507,3.079710144927536,14.325013419216317,3.3682232957595275,2.636876006441224,0.05367686527106817,0.3757380568974772,
211,13.868760064412239,21.826355340848096,3.911701556629093,30.991680085882983,5.615942028985507,3.079710144927536,14.27133655394525,3.3682232957595275,2.636876006441224,0.05367686527106817,0.3757380568974772,
212,13.88888888888889,21.826355340848096,3.911701556629093,30.97826086956522,5.615942028985507,3.079710144927536,14.27133655394525,3.361513687600644,2.636876006441224,0.05367686527106817,0.3757380568974772,
213,13.935856146001074,21.79951690821256,3.911701556629093,30.95813204508857,5.615942028985507,3.079710144927536,14.27133655394525,3.361513687600644,2.636876006441224,0.05367686527106817,0.3757380568974772,
214,13.962694578636608,21.79951690821256,3.911701556629093,30.931293612453032,5.615942028985507,3.079710144927536,14.27133655394525,3.361513687600644,2.636876006441224,0.05367686527106817,0.3757380568974772,
215,14.123725174449811,21.76596886741814,3.8915727321524423,30.891035963499732,5.5756843800322065,3.079710144927536,14.244498121309716,3.361513687600644,2.636876006441224,0.05367686527106817,0.3757380568974772,
216,14.358561460010735,21.598228663446054,3.8915727321524423,30.83064949006978,5.5756843800322065,3.079710144927536,14.237788513150832,3.361513687600644,2.636876006441224,0.05367686527106817,0.3757380568974772,
217,14.452495974235104,21.55126140633387,3.9989264626945786,30.689747718733226,5.5756843800322065,3.079710144927536,14.237788513150832,3.3480944712828773,2.636876006441224,0.05367686527106817,0.3757380568974772,
218,14.526301663982823,21.517713365539453,3.9989264626945786,30.656199677938808,5.5756843800322065,3.079710144927536,13.996242619431026,3.3480944712828773,2.871712292002147,0.05367686527106817,0.3757380568974772,
219,14.533011272141707,21.450617283950617,3.965378421900161,30.776972624798713,5.5756843800322065,3.079710144927536,13.969404186795492,3.3480944712828773,2.871712292002147,0.05367686527106817,0.3757380568974772,
220,14.579978529253891,21.430488459473967,3.965378421900161,30.71658615136876,5.46833064949007,3.079710144927536,13.969404186795492,3.3480944712828773,3.012614063338701,0.05367686527106817,0.3757380568974772,
221,14.680622651637144,21.3768115942029,3.9586688137412773,30.709876543209877,5.374396135265701,3.066290928609769,13.942565754159958,3.3480944712828773,3.012614063338701,0.05367686527106817,0.47638217928073,
222,14.680622651637144,21.349973161567366,3.8915727321524423,29.857756307031668,8.125335480407944,3.066290928609769,12.184648416532475,3.240740740740741,3.0730005367686526,0.05367686527106817,0.47638217928073,
223,14.781266774020397,21.336553945249598,3.8915727321524423,29.884594739667204,8.064949006977992,3.052871712292002,12.144390767579173,3.240740740740741,3.0730005367686526,0.05367686527106817,0.47638217928073,
224,14.908749329039184,21.30300590445518,3.8915727321524423,29.844337090713903,8.024691358024691,3.0394524959742353,12.144390767579173,3.240740740740741,3.0730005367686526,0.05367686527106817,0.47638217928073,
225,14.962426194310252,21.289586688137412,3.8915727321524423,29.844337090713903,7.997852925389157,3.026033279656468,12.144390767579173,3.240740740740741,3.0730005367686526,0.05367686527106817,0.47638217928073,
226,15.063070316693505,21.256038647342994,3.8714439076757916,29.643048845947398,7.997852925389157,3.0595813204508855,12.144390767579173,3.3816425120772946,3.052871712292002,0.05367686527106817,0.47638217928073,
227,15.136876006441224,21.175523349436393,4.139828234031133,29.49543746645196,7.971014492753623,3.0595813204508855,12.130971551261407,3.307836822329576,3.052871712292002,0.05367686527106817,0.47638217928073,
228,15.150295222758992,21.175523349436393,4.139828234031133,29.374664519592056,7.971014492753623,3.046162104133119,12.130971551261407,3.4286097691894795,3.052871712292002,0.05367686527106817,0.47638217928073,
229,15.083199141170155,21.175523349436393,4.139828234031133,26.838432635534083,10.373054213633925,3.7775093934514223,11.741814278046162,3.3548040794417604,2.985775630703167,0.05367686527106817,0.47638217928073,
230,15.183843263553408,21.14868491680086,4.240472356414386,26.80488459473967,10.36634460547504,3.7775093934514223,11.654589371980677,3.240740740740741,3.052871712292002,0.05367686527106817,0.47638217928073,
231,15.217391304347826,21.121846484165324,4.240472356414386,26.710950080515296,10.36634460547504,3.8714439076757916,11.647879763821793,3.240740740740741,3.052871712292002,0.05367686527106817,0.47638217928073,
232,15.4723564143854,21.00107353730542,4.240472356414386,26.684111647879764,10.339506172839506,3.8714439076757916,11.580783682232958,3.227321524422974,3.052871712292002,0.05367686527106817,0.47638217928073,
233,15.626677402039721,20.9272678475577,4.240472356414386,26.650563607085346,10.305958132045088,3.8714439076757916,11.56736446591519,3.227321524422974,3.052871712292002,0.05367686527106817,0.47638217928073,
234,15.613258185721953,20.77294685990338,4.461889425657541,26.630434782608695,10.272410091250672,3.8714439076757916,11.56736446591519,3.227321524422974,3.052871712292002,0.05367686527106817,0.47638217928073,
235,15.942028985507246,20.725979602791195,4.42163177670424,26.455984970477726,10.245571658615138,3.864734299516908,11.56736446591519,3.227321524422974,3.0193236714975846,0.05367686527106817,0.47638217928073,
236,15.982286634460548,20.699141170155663,4.42163177670424,26.455984970477726,10.245571658615138,3.864734299516908,11.56736446591519,3.2139023081052067,3.0193236714975846,0.05367686527106817,0.47638217928073,
237,16.089640365002683,20.625335480407944,4.42163177670424,26.38888888888889,10.245571658615138,3.9519592055823938,11.56736446591519,3.193773483628556,2.985775630703167,0.05367686527106817,0.47638217928073,
238,16.150026838432634,20.611916264090176,4.42163177670424,26.36876006441224,10.23215244229737,3.9519592055823938,11.56736446591519,3.193773483628556,2.9723564143853998,0.05367686527106817,0.47638217928073,
239,16.344605475040257,20.558239398819108,4.42163177670424,26.321792807300053,10.144927536231885,3.9519592055823938,11.560654857756306,3.193773483628556,2.9723564143853998,0.05367686527106817,0.47638217928073,
