,45,50,52,53,51,55,54,56,57
0,91.88137412775095,8.11862587224906,,,,,,,
1,87.1376811594203,12.86231884057971,,,,,,,
2,86.57407407407408,12.674449812130971,0.7514761137949544,,,,,,
3,86.11111111111111,13.009930220075148,0.7380568974771873,0.14090177133655393,,,,,
4,85.95008051529791,13.170960815888352,0.7380568974771873,0.14090177133655393,,,,,
5,84.78260869565217,14.351851851851851,0.7246376811594203,0.14090177133655393,,,,,
6,70.7662372517445,27.76435856146001,0.7246376811594203,0.14090177133655393,0.6038647342995169,,,,
7,70.45088566827697,27.522812667740205,0.7246376811594203,0.14090177133655393,1.1607622114868492,,,,
8,68.65942028985508,29.441760601180892,0.7246376811594203,0.14090177133655393,1.0332796564680622,,,,
9,67.74691358024691,30.35426731078905,0.7246376811594203,0.14090177133655393,1.0332796564680622,,,,
10,64.9825550187869,33.11862587224906,0.7246376811594203,0.14090177133655393,1.0332796564680622,,,,
11,65.07648953301127,33.02469135802469,0.7246376811594203,0.14090177133655393,1.0332796564680622,,,,
12,64.66720343531938,33.333333333333336,0.7246376811594203,0.14090177133655393,1.0332796564680622,0.10064412238325282,,,
13,57.47450348899624,40.52603327965647,0.7246376811594203,0.14090177133655393,1.0332796564680622,0.10064412238325282,,,
14,57.588566827697264,40.41196994095545,0.7246376811594203,0.14090177133655393,1.0332796564680622,0.10064412238325282,,,
15,56.30032206119163,36.292270531400966,0.7246376811594203,0.14090177133655393,6.4412238325281805,0.10064412238325282,,,
16,55.34084809447128,36.97665056360709,0.7246376811594203,0.14090177133655393,6.716317767042405,0.10064412238325282,,,
17,55.36768652710682,35.91653247450349,0.7246376811594203,0.14090177133655393,6.716317767042405,0.10064412238325282,1.0332796564680622,,
18,37.63419216317767,54.06602254428341,0.7246376811594203,0.13419216317767044,6.3070316693505095,0.10064412238325282,1.0332796564680622,,
19,37.80193236714976,53.898282340311326,0.7246376811594203,0.13419216317767044,6.3070316693505095,0.10064412238325282,1.0332796564680622,,
20,37.88915727321525,53.36822329575953,1.1674718196457328,0.13419216317767044,6.3070316693505095,0.10064412238325282,1.0332796564680622,,
21,38.00993022007515,52.75764895330113,1.1674718196457328,0.13419216317767044,6.266774020397209,0.10064412238325282,1.5633387010198605,,
22,37.4597423510467,51.509661835748794,1.1674718196457328,1.7981749865807837,6.266774020397209,0.23483628556092323,1.5633387010198605,,
23,37.506709608158886,50.42270531400966,1.1674718196457328,1.7981749865807837,6.266774020397209,1.2748255501878691,1.5633387010198605,,
24,35.92324208266237,52.00617283950617,1.1674718196457328,1.7981749865807837,6.266774020397209,1.2748255501878691,1.5633387010198605,,
25,33.21256038647343,54.28743961352657,1.1876006441223832,1.7981749865807837,6.6760601180891035,1.2748255501878691,1.5633387010198605,,
26,32.94417606011809,54.55582393988191,1.1876006441223832,1.7981749865807837,6.6760601180891035,1.2748255501878691,1.5633387010198605,,
27,32.35373054213634,55.14626945786366,1.1876006441223832,1.7981749865807837,6.6760601180891035,1.2748255501878691,1.5633387010198605,,
28,32.407407407407405,54.04589371980676,2.24771873322598,1.7981749865807837,6.662640901771336,1.2748255501878691,1.5633387010198605,,
29,32.49463231347289,53.48899624261943,2.24771873322598,1.7981749865807837,6.662640901771336,1.7444981213097155,1.5633387010198605,,
30,32.19940955448202,52.274557165861516,2.2410091250670963,2.2410091250670963,6.937734836285561,1.5432098765432098,2.563070316693505,,
31,32.118894256575416,52.35507246376812,2.2410091250670963,2.2410091250670963,6.937734836285561,1.5432098765432098,2.563070316693505,,
32,32.14573268921095,51.7512077294686,2.2410091250670963,2.85829307568438,6.937734836285561,1.5432098765432098,2.522812667740204,,
33,32.10547504025765,51.42243692968331,2.2410091250670963,2.791196994095545,6.810252281266774,1.42914653784219,3.2004830917874396,,
34,32.23295759527644,51.20101986044015,2.2410091250670963,2.791196994095545,6.286902844873859,1.42914653784219,3.8177670424047236,,
35,32.32018250134192,50.95276435856146,2.2410091250670963,2.791196994095545,6.286902844873859,1.5901771336553945,3.8177670424047236,,
36,31.642512077294686,45.02818035426731,2.2410091250670963,2.6838432635534084,13.553408480944713,2.1940418679549114,2.657004830917874,,
37,31.682769726247987,45.01476113794954,2.2410091250670963,2.6838432635534084,13.526570048309178,2.1940418679549114,2.657004830917874,,
38,31.83709071390231,44.860440150295226,2.2410091250670963,2.6838432635534084,13.526570048309178,2.1940418679549114,2.657004830917874,,
39,31.93773483628556,44.75979602791197,2.2410091250670963,2.6838432635534084,13.526570048309178,2.1940418679549114,2.657004830917874,,
40,32.098765432098766,44.44444444444444,3.7372517444981215,2.1739130434782608,12.848899624261943,2.1940418679549114,2.5026838432635534,,
41,32.118894256575416,44.337090713902306,3.7372517444981215,2.2946859903381642,12.848899624261943,2.1739130434782608,2.4892646269457863,,
42,32.19940955448202,42.49865807836822,6.018518518518518,2.2946859903381642,12.775093934514224,1.7847557702630166,2.428878153515835,,
43,30.394524959742352,45.73939881910896,4.066022544283414,1.6706924315619969,14.875201288244767,1.6304347826086956,1.6237251744498122,,
44,30.475040257648953,45.17579173376275,5.059044551798175,1.1607622114868492,14.875201288244767,1.6304347826086956,1.6237251744498122,,
45,30.04562533548041,44.840311325818575,4.8443370907139025,1.1473429951690821,15.868223295759528,1.6304347826086956,1.6237251744498122,,
46,30.099302200751477,43.10252281266774,4.575952764358561,1.5767579173376274,15.713902308105206,3.1736446591519054,1.6237251744498122,0.13419216317767044,
47,30.535426731078903,42.80730005367686,4.575952764358561,1.556629092860977,15.465646806226516,3.3480944712828773,1.5767579173376274,0.13419216317767044,
48,30.555555555555557,42.80059044551798,4.575952764358561,1.556629092860977,15.45222758990875,3.3480944712828773,1.5767579173376274,0.13419216317767044,
49,30.20665593129361,43.25013419216318,4.575952764358561,1.556629092860977,15.351583467525497,3.3480944712828773,1.5767579173376274,0.13419216317767044,
50,30.730005367686527,42.93478260869565,4.575952764358561,1.556629092860977,14.888620504562533,3.603059581320451,1.5767579173376274,0.13419216317767044,
51,30.891035963499732,42.78717122920021,4.575952764358561,2.7442297369833604,13.727858293075684,3.603059581320451,1.5365002683843263,0.13419216317767044,
52,31.4747718733226,42.25711218464841,4.367954911433173,2.7442297369833604,13.667471819645733,3.569511540526033,1.7847557702630166,0.13419216317767044,
53,31.219806763285025,41.87466451959206,5.387815351583468,2.636876006441224,13.499731615673644,3.5628019323671496,1.6841116478797638,0.13419216317767044,
54,31.53515834675255,41.626409017713364,5.381105743424584,2.636876006441224,13.499731615673644,3.535963499731616,1.6505636070853462,0.13419216317767044,
55,31.602254428341386,41.56602254428341,5.381105743424584,2.636876006441224,13.493022007514762,3.535963499731616,1.6505636070853462,0.13419216317767044,
56,31.884057971014492,41.438539989264626,5.367686527106817,2.6167471819645733,13.405797101449275,3.5292538915727323,1.6505636070853462,0.10735373054213634,
57,32.2061191626409,41.176865271068166,5.367686527106817,2.6033279656468062,13.358829844337091,3.5292538915727323,1.6505636070853462,0.10735373054213634,
58,32.29334406870639,40.79441760601181,5.0791733762748255,2.5429414922168547,13.768115942028986,3.643317230273752,1.7713365539452497,0.10735373054213634,
59,32.48792270531401,40.747450348899626,5.0791733762748255,2.5429414922168547,13.70101986044015,3.5628019323671496,1.7713365539452497,0.10735373054213634,
60,32.789855072463766,40.49919484702093,5.0791733762748255,2.5429414922168547,13.687600644122384,3.5225442834138487,1.7713365539452497,0.10735373054213634,
61,32.43424584004294,40.78099838969404,5.059044551798175,2.5429414922168547,13.687600644122384,3.4822866344605474,1.90552871712292,0.10735373054213634,
62,32.09205582393988,41.156736446591516,5.045625335480408,2.5429414922168547,13.667471819645733,3.4822866344605474,1.90552871712292,0.10735373054213634,
63,31.300322061191626,40.002683843263554,5.045625335480408,2.5429414922168547,15.653515834675256,3.4822866344605474,1.865271068169619,0.10735373054213634,
64,30.46833064949007,37.39264626945786,4.562533548040794,2.536231884057971,20.658883521202362,3.012614063338701,1.261406333870102,0.10735373054213634,
65,30.595813204508858,36.97665056360709,5.475040257648954,2.536231884057971,19.618894256575416,3.4286097691894795,1.261406333870102,0.10735373054213634,
66,30.95813204508857,36.782071926999464,5.401234567901234,2.536231884057971,19.524959742351047,3.4286097691894795,1.261406333870102,0.10735373054213634,
67,31.0252281266774,36.741814278046164,5.401234567901234,2.536231884057971,19.49812130971551,3.4286097691894795,1.261406333870102,0.10735373054213634,
68,30.9044551798175,35.68169618894257,3.166935050993022,6.320450885668277,19.39747718733226,3.1602254428341383,1.261406333870102,0.10735373054213634,
69,30.52200751476114,35.49382716049383,5.059044551798175,6.320450885668277,18.183038110574344,3.052871712292002,1.261406333870102,0.10735373054213634,
70,31.00509930220075,35.21202361782072,5.059044551798175,6.320450885668277,18.04213633923779,2.9924852388620504,1.261406333870102,0.10735373054213634,
71,31.743156199677937,33.943907675791735,5.642780461621041,6.320450885668277,17.465110037573805,2.9589371980676327,1.8183038110574343,0.10735373054213634,
72,31.105743424584006,32.26650563607085,6.857219538378959,7.253086419753086,17.787171229200215,2.804616210413312,1.8183038110574343,0.10735373054213634,
73,31.03864734299517,32.10547504025765,7.4208266237251745,6.696188942565755,18.00858829844337,2.804616210413312,1.8183038110574343,0.10735373054213634,
74,31.146001073537306,32.09205582393988,7.4208266237251745,6.696188942565755,17.914653784219002,2.804616210413312,1.8183038110574343,0.10735373054213634,
75,31.253354804079443,31.125872249060656,7.39398819108964,6.696188942565755,17.8743961352657,3.730542136339238,1.8183038110574343,0.10735373054213634,
76,31.49490069779925,30.97826086956522,8.527911969940956,6.622383252818035,16.720343531937736,3.730542136339238,1.8183038110574343,0.10735373054213634,
77,31.374127750939344,30.911164787976382,8.521202361782072,6.515029522275899,15.841384863123993,3.717122920021471,3.1199677938808374,,
78,31.64922168545357,30.844068706387546,8.507783145464305,6.515029522275899,15.646806226516372,3.717122920021471,3.1199677938808374,,
79,32.05179817498658,30.54884594739667,8.507783145464305,6.515029522275899,15.539452495974235,3.717122920021471,3.1199677938808374,,
80,32.17928073000537,30.50187869028449,8.480944712828771,6.488191089640365,15.5126140633387,3.717122920021471,3.1199677938808374,,
81,32.809983896940416,30.401234567901234,8.480944712828771,6.488191089640365,14.982555018786902,3.717122920021471,3.1199677938808374,,
82,33.11862587224906,30.24020397208803,8.433977455716587,6.488191089640365,14.922168545356952,3.7104133118625873,3.0864197530864197,,
83,33.279656468062264,30.059044551798173,8.474235104669887,6.474771873322598,14.922168545356952,3.7037037037037037,3.0864197530864197,,
84,33.393719806763286,29.965110037573805,8.474235104669887,6.454643048845948,14.922168545356952,3.7037037037037037,3.0864197530864197,,
85,32.9374664519592,29.696725711218466,9.46725711218465,6.454643048845948,14.680622651637144,3.6768652710681695,3.0864197530864197,,
86,32.99785292538916,29.696725711218466,9.46725711218465,6.427804616210413,14.647074610842727,3.6768652710681695,3.0864197530864197,,
87,33.19243156199678,29.53569511540526,9.554482018250134,6.427804616210413,14.53972088030059,3.6768652710681695,3.0730005367686526,,
88,31.97799248523886,32.05179817498658,9.54777241009125,6.005099302200751,13.667471819645733,3.6768652710681695,3.0730005367686526,,
89,32.05179817498658,31.910896403650028,9.54777241009125,5.958132045088567,13.633923778851315,3.824476650563607,3.0730005367686526,,
90,32.46779388083736,31.80354267310789,9.440418679549115,5.904455179817498,13.580246913580247,3.7909286097691894,3.012614063338701,,
91,32.6154052603328,31.716317767042405,9.41358024691358,5.904455179817498,13.546698872785829,3.7909286097691894,3.012614063338701,,
92,32.6959205582394,31.709608158883523,9.386741814278047,5.904455179817498,13.526570048309178,3.7909286097691894,2.985775630703167,,
93,32.769726247987116,31.226516371443907,9.252549651100376,5.904455179817498,14.070048309178745,3.7909286097691894,2.985775630703167,,
94,32.90391841116479,31.159420289855074,9.232420826623725,5.897745571658615,13.90901771336554,3.7573805689747717,3.140096618357488,,
95,33.05823939881911,31.052066559312937,9.198872785829307,5.897745571658615,13.90901771336554,3.743961352657005,3.140096618357488,,
96,33.19914117015566,30.991680085882983,9.172034353193773,5.870907139023081,13.882179280730005,3.743961352657005,3.140096618357488,,
97,33.23939881910896,30.04562533548041,9.158615136876007,5.870907139023081,13.868760064412239,4.7168545356951155,3.099838969404187,,
98,33.25952764358561,30.03220611916264,9.158615136876007,5.870907139023081,13.862050456253355,4.7168545356951155,3.099838969404187,,
99,32.72275899087493,29.59608158883521,9.078099838969404,5.870907139023081,14.942297369833602,4.7168545356951155,3.0730005367686526,,
100,33.071658615136876,29.401502952227588,8.93719806763285,5.870907139023081,14.928878153515834,4.7168545356951155,3.0730005367686526,,
101,33.319914117015564,29.30756843800322,8.923778851315083,5.870907139023081,14.814814814814815,4.690016103059581,3.0730005367686526,,
102,33.353462157809986,29.274020397208805,8.923778851315083,5.870907139023081,14.814814814814815,4.690016103059581,3.0730005367686526,,
103,33.662104133118625,29.20692431561997,8.923778851315083,5.870907139023081,14.626945786366075,4.669887278582931,3.0394524959742353,,
104,33.89023081052066,29.07944176060118,8.896940418679549,5.870907139023081,14.626945786366075,4.5960815888352125,3.0394524959742353,,
105,33.89023081052066,28.5426731078905,8.28636607622115,5.870907139023081,15.774288781535159,4.5960815888352125,3.0394524959742353,,
106,32.88378958668814,29.817498658078367,8.132045088566828,5.864197530864198,15.693773483628556,4.5960815888352125,3.012614063338701,,
107,33.00456253354804,29.770531400966185,8.105206655931294,5.864197530864198,15.653515834675256,4.5960815888352125,3.0059044551798175,,
108,31.676060118089104,37.23832528180354,6.957863660762212,5.837359098228664,11.862587224906065,4.086151368760064,2.341653247450349,,
109,31.890767579173378,37.07729468599034,6.957863660762212,5.837359098228664,11.808910359634996,4.086151368760064,2.341653247450349,,
110,28.073000536768653,41.14331723027375,6.3070316693505095,5.8172302737520125,11.654589371980677,4.663177670424047,2.341653247450349,,
111,28.16022544283414,41.10976918947934,6.280193236714976,5.8172302737520125,11.627750939345143,4.663177670424047,2.341653247450349,,
112,27.925389157273216,40.82796564680623,7.595276435856146,5.8172302737520125,10.909822866344605,4.703435319377348,2.2208803005904456,,
113,27.643585614600106,40.485775630703166,10.48040794417606,5.803811057434245,8.695652173913043,4.696725711218465,2.1940418679549114,,
114,27.234299516908212,39.86849168008588,10.48040794417606,5.803811057434245,8.695652173913043,5.723295759527644,2.1940418679549114,,
115,27.34165324745035,39.83494363929147,10.453569511540525,5.803811057434245,8.668813741277509,5.703166935050993,2.1940418679549114,,
116,27.2812667740204,39.741009125067094,10.44015029522276,5.783682232957595,8.648684916800859,5.703166935050993,2.4020397208803006,,
117,27.375201288244767,39.680622651637144,10.420021470746109,5.904455179817498,8.621846484165324,5.595813204508857,2.4020397208803006,,
118,27.42216854535695,39.63365539452496,10.420021470746109,5.904455179817498,8.621846484165324,5.595813204508857,2.4020397208803006,,
119,27.502683843263554,38.6406333870102,10.393183038110575,5.971551261406334,8.601717659688674,5.998389694041868,2.8918411164787976,,
120,27.61003757380569,38.62050456253355,10.332796564680622,5.9447128287707995,8.601717659688674,5.998389694041868,2.8918411164787976,,
121,27.811325818572197,38.49302200751476,10.326086956521738,5.917874396135265,8.568169618894256,5.991680085882985,2.8918411164787976,,
122,27.78448738593666,38.49302200751476,10.326086956521738,6.119162640901771,8.561460010735374,5.8239398819108965,2.8918411164787976,,
123,27.91867954911433,38.486312399355874,10.198604401502953,6.119162640901771,8.561460010735374,5.8239398819108965,2.8918411164787976,,
124,26.154052603327965,35.037573805689746,10.198604401502953,11.869296833064949,10.205314009661835,3.7372517444981215,2.7979066022544283,,
125,26.039989264626946,34.98389694041868,10.909822866344605,11.426462694578637,10.25228126677402,3.589640365002684,2.7979066022544283,,
126,26.080246913580247,34.66183574879227,10.909822866344605,10.091250670960816,11.520397208803006,3.938539989264627,2.7979066022544283,,
127,26.288244766505635,34.56119162640902,10.829307568438002,10.091250670960816,11.493558776167472,3.938539989264627,2.7979066022544283,,
128,26.31508319914117,34.54777241009125,10.829307568438002,10.091250670960816,11.480139559849706,3.938539989264627,2.7979066022544283,,
129,25.758185721953836,33.7157809983897,10.815888352120236,11.023886205045626,12.02361782071927,4.025764895330113,2.636876006441224,,
130,24.765163714439076,33.722490606548575,11.75523349436393,11.225174449812132,11.869296833064949,4.025764895330113,2.636876006441224,,
131,25.046967257112186,33.467525496511,11.75523349436393,11.20504562533548,11.862587224906065,4.025764895330113,2.636876006441224,,
132,25.214707461084274,33.319914117015564,11.701556629092861,11.117820719269995,11.862587224906065,4.146537842190016,2.636876006441224,,
133,25.41599570585078,33.28636607622115,11.701556629092861,11.117820719269995,11.849168008588299,4.0995705850778315,2.5295222758990876,,
134,25.355609232420825,33.01798174986581,11.694847020933977,11.117820719269995,12.184648416532475,4.0995705850778315,2.5295222758990876,,
135,25.38244766505636,32.86366076221149,11.681427804616211,11.117820719269995,12.325550187869029,4.0995705850778315,2.5295222758990876,,
136,25.509930220075148,32.83682232957595,11.614331723027375,11.225174449812132,12.29200214707461,3.992216854535695,2.5295222758990876,,
137,25.650831991411703,32.6959205582394,11.506977992485238,11.225174449812132,12.29200214707461,3.9855072463768115,2.5295222758990876,,0.11406333870101985
138,25.731347289318304,32.6959205582394,11.506977992485238,11.144659151905529,12.29200214707461,3.9855072463768115,2.5295222758990876,,0.11406333870101985
139,25.187869028448738,32.33360171765969,12.553676865271068,11.104401502952227,12.238325281803542,3.9519592055823938,2.5161030595813205,,0.11406333870101985
140,25.214707461084274,32.306763285024154,12.553676865271068,11.104401502952227,12.238325281803542,3.9519592055823938,2.5161030595813205,,0.11406333870101985
141,25.194578636607623,32.306763285024154,12.5402576489533,11.07085346215781,12.305421363392378,3.9519592055823938,2.5161030595813205,,0.11406333870101985
142,25.107353730542137,31.407675791733762,12.359098228663447,11.05072463768116,12.164519592055823,3.9519592055823938,3.844605475040258,,0.11406333870101985
143,25.248255501878692,31.206387546967257,11.211755233494364,11.05072463768116,12.030327428878154,5.159688674181428,3.978797638217928,,0.11406333870101985
144,25.32206119162641,30.73671497584541,11.211755233494364,10.963499731615673,11.990069779924852,5.683038110574342,3.978797638217928,,0.11406333870101985
145,25.623993558776167,30.56226516371444,11.211755233494364,10.88298443370907,11.963231347289318,5.669618894256575,3.9720880300590444,,0.11406333870101985
146,25.254965110037574,29.944981213097154,11.117820719269995,12.06387546967257,11.889425657541599,5.669618894256575,3.9452495974235107,,0.11406333870101985
147,25.40257648953301,29.1935050993022,12.258454106280194,11.701556629092861,11.714975845410628,5.669618894256575,3.9452495974235107,,0.11406333870101985
148,25.670960815888353,29.01905528717123,12.25174449812131,11.701556629092861,11.627750939345143,5.669618894256575,3.9452495974235107,,0.11406333870101985
149,25.805152979066023,28.958668813741276,12.211486849168008,11.694847020933977,11.60762211486849,5.662909286097692,3.9452495974235107,,0.11406333870101985
150,26.03327965646806,28.945249597423512,12.104133118625873,11.694847020933977,11.540526033279656,5.636070853462158,3.9318303811057436,,0.11406333870101985
151,26.10708534621578,28.92512077294686,12.090713902308105,11.654589371980677,11.540526033279656,5.636070853462158,3.9318303811057436,,0.11406333870101985
152,26.227858293075684,28.918411164787976,12.04374664519592,11.654589371980677,11.500268384326356,5.629361245303274,3.9318303811057436,,0.0939345142243693
153,26.25469672571122,28.341384863123995,12.02361782071927,11.654589371980677,11.439881910896403,6.280193236714976,3.911701556629093,,0.0939345142243693
154,25.738056897477186,27.68384326355341,12.788513150831992,11.29898013955985,11.439881910896403,7.0450885668276975,3.911701556629093,,0.0939345142243693
155,25.93263553408481,27.68384326355341,12.681159420289855,11.29898013955985,11.352657004830919,7.0450885668276975,3.911701556629093,,0.0939345142243693
156,26.053408480944714,27.47584541062802,12.5,11.58749329039184,11.352657004830919,7.024959742351046,3.911701556629093,,0.0939345142243693
157,26.382179280730007,27.42216854535695,12.305421363392378,11.621041331186259,11.352657004830919,6.910896403650026,3.911701556629093,,0.0939345142243693
158,26.50966183574879,27.314814814814813,12.68786902844874,11.621041331186259,11.325818572195384,6.910896403650026,3.535963499731616,,0.0939345142243693
159,26.536500268384327,27.28797638217928,12.68786902844874,11.621041331186259,11.325818572195384,6.910896403650026,3.535963499731616,,0.0939345142243693
160,27.160493827160494,26.92565754159957,12.533548040794418,11.493558776167472,11.231884057971014,7.0383789586688135,3.5225442834138487,,0.0939345142243693
161,27.34165324745035,26.402308105206657,12.533548040794418,11.419753086419753,11.131239935587761,7.568438003220612,3.5091250670960816,,0.0939345142243693
162,27.717391304347824,26.08695652173913,12.533548040794418,11.419753086419753,11.131239935587761,7.50805152979066,3.5091250670960816,,0.0939345142243693
163,27.79790660225443,26.01315083199141,12.694578636607622,11.312399355877616,11.131239935587761,7.50805152979066,3.44873859366613,,0.0939345142243693
164,27.992485238862052,25.885668276972623,12.681159420289855,11.285560923242082,11.11111111111111,7.50805152979066,3.4420289855072466,,0.0939345142243693
165,28.16022544283414,25.845410628019323,12.674449812130971,11.285560923242082,11.037305421363392,7.494632313472893,3.408480944712829,,0.0939345142243693
166,28.549382716049383,25.677670424047236,12.661030595813205,11.265432098765432,11.037305421363392,7.306763285024155,3.408480944712829,,0.0939345142243693
167,28.421900161030596,25.355609232420825,12.593934514224369,11.265432098765432,11.500268384326356,7.380568974771873,3.388352120236178,,0.0939345142243693
168,28.401771336553946,25.355609232420825,13.707729468599034,10.46027911969941,11.211755233494364,7.380568974771873,3.388352120236178,,0.0939345142243693
169,28.65673644659152,25.348899624261943,13.526570048309178,10.46027911969941,11.144659151905529,7.380568974771873,3.388352120236178,,0.0939345142243693
170,28.81105743424584,25.301932367149757,13.499731615673644,10.426731078904991,11.104401502952227,7.37385936661299,3.388352120236178,,0.0939345142243693
171,28.99892646269458,25.268384326355342,13.39237788513151,10.426731078904991,11.057434245840042,7.37385936661299,3.388352120236178,,0.0939345142243693
172,29.052603327965645,24.758454106280194,13.070316693505099,11.500268384326356,10.809178743961352,7.353730542136339,3.361513687600644,,0.0939345142243693
173,29.300858829844337,24.731615673644658,13.050187869028449,11.379495437466453,10.72866344605475,7.353730542136339,3.361513687600644,,0.0939345142243693
174,28.32125603864734,24.241814278046164,12.318840579710145,11.312399355877616,13.144122383252817,7.340311325818572,3.227321524422974,,0.0939345142243693
175,28.535963499731615,24.114331723027377,12.258454106280194,11.285560923242082,13.144122383252817,7.340311325818572,3.227321524422974,,0.0939345142243693
176,28.59634997316157,24.094202898550726,12.245034889962426,11.258722490606548,13.144122383252817,7.340311325818572,3.227321524422974,,0.0939345142243693
177,28.958668813741276,23.89291465378422,12.164519592055823,11.258722490606548,13.077026301663983,7.326892109500805,3.227321524422974,,0.0939345142243693
178,29.07944176060118,23.872785829307567,12.164519592055823,11.231884057971014,13.01663982823403,7.313472893183038,3.227321524422974,,0.0939345142243693
179,29.274020397208805,23.792270531400966,11.976650563607086,11.332528180354267,12.989801395598498,7.313472893183038,3.227321524422974,,0.0939345142243693
180,29.582662372517444,23.691626409017715,12.466451959205582,11.305689747718732,12.345679012345679,7.300053676865271,3.2139023081052067,,0.0939345142243693
181,29.53569511540526,23.403113258185723,14.371980676328503,10.695115405260333,11.936392914653783,6.749865807836822,3.2139023081052067,,0.0939345142243693
182,28.56280193236715,24.436392914653783,13.90901771336554,9.957058507783145,13.130703166935051,6.716317767042405,3.193773483628556,,0.0939345142243693
183,28.844605475040257,24.396135265700483,13.70101986044015,9.957058507783145,13.097155126140633,6.716317767042405,3.193773483628556,,0.0939345142243693
184,28.938539989264626,24.288781535158346,13.687600644122384,9.957058507783145,13.097155126140633,6.837090713902308,3.099838969404187,,0.0939345142243693
185,28.81105743424584,24.268652710681696,13.741277509393452,9.957058507783145,13.298443370907139,6.729736983360172,3.099838969404187,,0.0939345142243693
186,28.891572732152444,24.255233494363928,13.741277509393452,9.923510466988727,13.271604938271604,6.729736983360172,3.0931293612453032,,0.0939345142243693
187,29.09286097691895,24.214975845410628,13.694310252281268,9.574610842726784,13.513150831991412,6.729736983360172,3.0864197530864197,,0.0939345142243693
188,29.032474503488995,24.194847020933977,13.841921631776705,9.708803005904455,13.311862587224907,6.729736983360172,3.0864197530864197,,0.0939345142243693
189,29.260601180891037,24.08078368223296,13.81508319914117,9.708803005904455,13.22463768115942,6.729736983360172,3.0864197530864197,,0.0939345142243693
190,29.448470209339774,24.040526033279658,13.81508319914117,9.668545356951155,13.170960815888352,6.6760601180891035,3.0864197530864197,,0.0939345142243693
191,29.468599033816425,24.033816425120772,13.81508319914117,9.41358024691358,13.056897477187333,7.03166935050993,3.0864197530864197,,0.0939345142243693
192,29.59608158883521,23.946591519055286,13.788244766505636,9.41358024691358,13.056897477187333,7.018250134192163,3.0864197530864197,,0.0939345142243693
193,29.676596886741816,23.93317230273752,13.788244766505636,9.39345142243693,13.01663982823403,7.018250134192163,3.079710144927536,,0.0939345142243693
194,29.797369833601717,23.852657004830917,13.788244766505636,9.386741814278047,13.01663982823403,6.984702093397746,3.079710144927536,,0.0939345142243693
195,29.830917874396135,23.63123993558776,13.761406333870102,9.386741814278047,13.231347289318304,6.984702093397746,3.079710144927536,,0.0939345142243693
196,30.112721417069242,23.396403650026837,13.761406333870102,9.353193773483628,13.231347289318304,6.971282877079979,3.079710144927536,,0.0939345142243693
197,27.737520128824478,18.04884594739667,24.3894256575416,7.702630166398282,12.25174449812131,7.085346215780999,2.690552871712292,,0.0939345142243693
198,27.79790660225443,18.04884594739667,24.355877616747183,7.702630166398282,12.238325281803542,7.085346215780999,2.677133655394525,,0.0939345142243693
199,27.603327965646805,18.015297906602253,24.315619967793882,7.246376811594203,12.962962962962964,7.085346215780999,2.677133655394525,,0.0939345142243693
200,27.750939345142243,17.827428878153516,24.214975845410628,7.6556629092860975,12.915995705850777,6.863929146537842,2.677133655394525,,0.0939345142243693
201,27.999194847020934,17.773752012882447,24.10762211486849,7.6556629092860975,12.828770799785293,6.863929146537842,2.677133655394525,,0.0939345142243693
202,28.348094471282877,17.767042404723565,23.879495437466453,7.628824476650563,12.741545893719806,6.863929146537842,2.677133655394525,,0.0939345142243693
203,28.482286634460547,17.726784755770264,23.832528180354267,7.608695652173913,12.714707461084272,6.863929146537842,2.677133655394525,,0.0939345142243693
204,28.77079978529254,17.72007514761138,23.597691894793343,7.608695652173913,12.701288244766506,6.863929146537842,2.6435856146001075,,0.0939345142243693
205,28.824476650563607,17.67981749865808,23.59098228663446,7.608695652173913,12.694578636607622,6.863929146537842,2.6435856146001075,,0.0939345142243693
206,28.965378421900162,17.56575415995706,23.564143853998928,7.608695652173913,12.694578636607622,6.863929146537842,2.6435856146001075,,0.0939345142243693
207,28.24074074074074,18.357487922705314,23.49704777241009,7.608695652173913,12.694578636607622,6.863929146537842,2.6435856146001075,,0.0939345142243693
208,28.64331723027375,18.203166935050994,23.429951690821255,7.608695652173913,12.68786902844874,6.689479334406871,2.6435856146001075,,0.0939345142243693
209,28.63660762211487,17.746913580246915,23.409822866344605,7.601986044015029,12.68786902844874,6.689479334406871,3.1333870101986045,,0.0939345142243693
210,28.743961352657006,17.69994632313473,23.087761674718198,7.863660762211487,12.68786902844874,6.689479334406871,3.1333870101986045,,0.0939345142243693
211,28.904991948470208,17.69994632313473,22.987117552334944,7.856951154052603,12.634192163177671,6.689479334406871,3.1333870101986045,,0.0939345142243693
212,27.68384326355341,17.66639828234031,21.638486312399355,7.776435856146001,16.97530864197531,5.032206119162641,3.1333870101986045,,0.0939345142243693
213,27.851583467525497,17.54562533548041,21.604938271604937,7.776435856146001,16.961889425657542,5.032206119162641,3.1333870101986045,,0.0939345142243693
214,27.811325818572197,17.431561996779386,21.866612989801396,7.709339774557166,16.928341384863124,5.025496511003757,3.1333870101986045,,0.0939345142243693
215,27.871712292002147,17.391304347826086,21.866612989801396,7.709339774557166,16.928341384863124,5.005367686527107,3.1333870101986045,,0.0939345142243693
216,27.958937198067634,17.391304347826086,21.826355340848096,7.709339774557166,16.774020397208805,4.9651100375738055,3.280998389694042,,0.0939345142243693
217,28.119967793880836,17.297369833601717,21.812936124530328,7.856951154052603,16.72705314009662,4.951690821256038,3.140096618357488,,0.0939345142243693
218,28.14009661835749,17.297369833601717,21.806226516371442,7.856951154052603,16.71363392377885,4.951690821256038,3.140096618357488,,0.0939345142243693
219,28.307836822329577,17.257112184648417,21.792807300053678,7.763016639828234,16.700214707461082,4.944981213097155,3.140096618357488,,0.0939345142243693
220,28.28099838969404,16.874664519592056,21.75925925925926,7.313472893183038,16.6129898013956,4.871175523349437,4.193505099302201,,0.0939345142243693
221,28.488996242619432,16.834406870638755,21.712292002147073,7.273215244229737,16.532474503488995,4.871175523349437,4.193505099302201,,0.0939345142243693
222,28.703703703703702,16.76731078904992,21.591519055287172,7.273215244229737,16.505636070853463,4.871175523349437,4.193505099302201,,0.0939345142243693
223,27.066559312936125,18.927804616210413,20.8870101986044,6.863929146537842,17.12962962962963,4.871175523349437,4.159957058507783,,0.0939345142243693
224,27.314814814814813,18.773483628556093,20.819914117015568,6.857219538378959,17.10950080515298,4.871175523349437,4.159957058507783,,0.0939345142243693
225,27.435587761674718,18.733225979602793,20.67230273752013,6.843800322061192,17.09608158883521,4.830917874396135,4.159957058507783,0.13419216317767044,0.0939345142243693
226,27.542941492216855,18.733225979602793,20.67230273752013,6.843800322061192,17.008856682769725,4.830917874396135,4.139828234031133,0.13419216317767044,0.0939345142243693
227,27.47584541062802,18.5654857756307,20.645464304884594,6.843800322061192,17.008856682769725,5.092592592592593,4.139828234031133,0.13419216317767044,0.0939345142243693
228,27.690552871712292,18.491680085882983,20.511272141706925,6.843800322061192,17.002147074610843,5.092592592592593,4.139828234031133,0.13419216317767044,0.0939345142243693
229,27.771068169618893,18.451422436929683,20.50456253354804,6.843800322061192,16.968599033816425,5.092592592592593,4.139828234031133,0.13419216317767044,0.0939345142243693
230,27.81803542673108,18.451422436929683,20.50456253354804,6.843800322061192,16.928341384863124,5.0858829844337095,4.139828234031133,0.13419216317767044,0.0939345142243693
231,27.89855072463768,18.451422436929683,20.491143317230275,6.843800322061192,16.861245303274288,5.0858829844337095,4.139828234031133,0.13419216317767044,0.0939345142243693
232,27.750939345142243,18.894256575415994,20.397208803005906,6.796833064949007,16.740472356414386,5.0858829844337095,4.106280193236715,0.13419216317767044,0.0939345142243693
233,27.77777777777778,18.894256575415994,20.37037037037037,6.796833064949007,16.740472356414386,5.0858829844337095,4.106280193236715,0.13419216317767044,0.0939345142243693
234,28.30112721417069,18.679549114331724,20.25630703166935,6.796833064949007,16.545893719806763,5.0858829844337095,4.106280193236715,0.13419216317767044,0.0939345142243693
235,28.33467525496511,18.53864734299517,20.222758990874933,6.796833064949007,16.686795491143318,5.0858829844337095,4.106280193236715,0.13419216317767044,0.0939345142243693
236,28.44873859366613,18.53864734299517,20.108695652173914,6.796833064949007,16.686795491143318,5.0858829844337095,4.106280193236715,0.13419216317767044,0.0939345142243693
237,28.475577026301664,18.491680085882983,19.840311325818572,7.702630166398282,16.203703703703702,4.958400429414922,4.0995705850778315,0.13419216317767044,0.0939345142243693
238,28.535963499731615,18.491680085882983,19.81347289318304,7.702630166398282,16.203703703703702,4.924852388620504,4.0995705850778315,0.13419216317767044,0.0939345142243693
239,29.22705314009662,18.156199677938808,19.632313472893184,7.628824476650563,16.170155662909288,4.85775630703167,4.0995705850778315,0.13419216317767044,0.0939345142243693
240,29.57595276435856,18.035426731078903,19.578636607622116,7.595276435856146,16.163446054750402,4.736983360171766,4.086151368760064,0.13419216317767044,0.0939345142243693
241,29.696725711218466,18.035426731078903,19.51154052603328,7.548309178743962,16.15673644659152,4.736983360171766,4.086151368760064,0.13419216317767044,0.0939345142243693
242,29.985238862050455,17.975040257648953,19.45115405260333,7.5348899624261945,15.942028985507246,4.736983360171766,4.072732152442297,0.20799785292538917,0.0939345142243693
243,29.944981213097154,17.834138486312398,19.719538378958667,7.588566827697263,15.633387010198604,4.9718196457326895,4.072732152442297,0.14090177133655393,0.0939345142243693
244,30.09259259259259,17.68652710681696,19.719538378958667,7.588566827697263,15.633387010198604,4.9718196457326895,4.072732152442297,0.14090177133655393,0.0939345142243693
245,30.54884594739667,17.632850241545892,19.706119162640903,7.447665056360709,15.411969940955448,4.9718196457326895,4.072732152442297,0.14090177133655393,0.06709608158883522
246,30.66290928609769,17.599302200751477,19.706119162640903,7.447665056360709,15.405260332796564,4.898013955984971,4.072732152442297,0.14090177133655393,0.06709608158883522
247,30.911164787976382,17.505367686527105,19.652442297369834,7.434245840042942,15.33816425120773,4.898013955984971,4.052603327965647,0.14090177133655393,0.06709608158883522
248,30.42807300053677,17.196725711218466,20.081857219538378,7.367149758454106,15.217391304347826,4.898013955984971,4.602791196994096,0.14090177133655393,0.06709608158883522
249,30.535426731078903,17.176596886741816,20.081857219538378,7.367149758454106,15.13016639828234,4.898013955984971,4.602791196994096,0.14090177133655393,0.06709608158883522
250,30.48845947396672,17.176596886741816,19.847020933977454,7.716049382716049,15.116747181964573,4.898013955984971,4.549114331723027,0.14090177133655393,0.06709608158883522
251,30.62265163714439,16.988727858293075,18.67283950617284,7.890499194847021,14.969135802469136,4.797369833601718,5.917874396135265,0.07380568974771873,0.06709608158883522
252,30.750134192163177,16.941760601180892,18.67283950617284,7.890499194847021,14.888620504562533,4.797369833601718,5.917874396135265,0.07380568974771873,0.06709608158883522
253,31.125872249060656,16.5727321524423,18.666129898013956,7.816693505099302,14.700751476113794,4.797369833601718,6.179549114331723,0.07380568974771873,0.06709608158883522
254,31.34728931830381,16.485507246376812,18.632581857219538,7.803274288781535,14.673913043478262,4.797369833601718,6.119162640901771,0.07380568974771873,0.06709608158883522
255,31.588835212023618,16.451959205582394,18.5654857756307,7.749597423510467,14.673913043478262,4.777241009125067,6.052066559312936,0.07380568974771873,0.06709608158883522
256,31.810252281266774,16.398282340311326,18.47826086956522,7.749597423510467,14.593397745571659,4.777241009125067,6.052066559312936,0.07380568974771873,0.06709608158883522
257,32.06521739130435,16.398282340311326,18.38432635534085,7.709339774557166,14.526301663982823,4.730273752012883,6.045356951154052,0.07380568974771873,0.06709608158883522
258,31.78341384863124,16.304347826086957,18.14278046162104,8.76274825550188,14.439076757917338,4.730273752012883,5.6964573268921095,0.07380568974771873,0.06709608158883522
259,31.863929146537842,16.27750939345142,18.129361245303276,8.76274825550188,14.40552871712292,4.723564143853999,5.6964573268921095,0.07380568974771873,0.06709608158883522
260,32.06521739130435,16.190284487385938,18.075684380032207,8.76274825550188,14.378690284487385,4.690016103059581,5.6964573268921095,0.07380568974771873,0.06709608158883522
261,32.367149758454104,16.13660762211487,18.02871712292002,8.742619431025227,14.197530864197532,4.690016103059581,5.6964573268921095,0.07380568974771873,0.06709608158883522
262,32.41411701556629,16.13660762211487,18.02871712292002,8.742619431025227,14.17740203972088,4.690016103059581,5.669618894256575,0.07380568974771873,0.06709608158883522
263,32.55501878690284,16.06280193236715,17.887815351583466,8.930488459473967,14.06333870101986,4.690016103059581,5.669618894256575,0.07380568974771873,0.06709608158883522
264,32.75630703166935,15.995705850778315,18.115942028985508,8.930488459473967,14.009661835748792,4.663177670424047,5.387815351583468,0.07380568974771873,0.06709608158883522
265,32.9374664519592,15.908480944712828,18.02200751476114,8.917069243156199,13.982823403113258,4.663177670424047,5.428073000536768,0.07380568974771873,0.06709608158883522
266,32.971014492753625,15.599838969404187,18.02200751476114,8.890230810520666,13.922436929683306,5.032206119162641,5.421363392377885,0.07380568974771873,0.06709608158883522
267,33.08507783145464,15.458937198067632,17.773752012882447,8.896940418679549,13.868760064412239,5.065754159957058,5.709876543209877,0.07380568974771873,0.06709608158883522
268,33.23939881910896,15.418679549114332,17.67981749865808,8.896940418679549,13.848631239935587,5.065754159957058,5.709876543209877,0.07380568974771873,0.06709608158883522
269,33.56816961889426,15.371712292002147,17.478529253891573,8.896940418679549,13.774825550187868,5.065754159957058,5.703166935050993,0.07380568974771873,0.06709608158883522
270,33.57487922705314,15.371712292002147,17.478529253891573,8.896940418679549,13.768115942028986,5.065754159957058,5.703166935050993,0.07380568974771873,0.06709608158883522
