,45,50,52,55,51,53,56,54,57
0,87.10413311862587,12.895866881374127,,,,,,,
1,86.54723564143853,13.45276435856146,,,,,,,
2,86.6814278046162,13.318572195383789,,,,,,,
3,86.74181427804616,13.258185721953838,,,,,,,
4,77.05984970477724,22.940150295222757,,,,,,,
5,77.0330112721417,21.410359634997317,1.556629092860977,,,,,,
6,77.2410091250671,21.128556092324207,1.5432098765432098,0.08722490606548577,,,,,
7,76.44927536231884,19.81347289318304,3.6500268384326353,0.08722490606548577,,,,,
8,76.56333870101986,19.699409554482017,3.6500268384326353,0.08722490606548577,,,,,
9,76.1406333870102,19.961084272678477,3.81105743424584,0.08722490606548577,,,,,
10,72.24235104669887,23.899624261943103,3.770799785292539,0.08722490606548577,,,,,
11,71.7055823939882,19.49141170155663,1.8317230273752012,0.08722490606548577,6.884057971014493,,,,
12,71.88674181427804,19.330381105743424,1.8317230273752012,0.08722490606548577,6.863929146537842,,,,
13,71.75254965110038,17.022275899087493,1.556629092860977,0.08722490606548577,9.581320450885668,,,,
14,71.67203435319378,17.19001610305958,1.556629092860977,0.08722490606548577,9.494095544820183,,,,
15,71.7055823939882,17.21014492753623,1.5499194847020934,0.08722490606548577,9.447128287707997,,,,
16,71.91358024691358,17.022275899087493,1.5499194847020934,0.08722490606548577,9.426999463231347,,,,
17,69.06199677938808,19.89398819108964,1.5499194847020934,0.08722490606548577,9.406870638754697,,,,
18,69.14922168545357,19.840311325818572,1.5432098765432098,0.08722490606548577,9.380032206119163,,,,
19,66.0829307568438,22.920021470746107,1.5432098765432098,0.08722490606548577,9.366612989801396,,,,
20,66.29763821792807,22.73886205045625,1.5297906602254427,0.08722490606548577,9.346484165324744,,,,
21,63.92243692968331,25.02012882447665,1.5297906602254427,0.32877079978529256,9.198872785829307,,,,
22,63.459473966720346,25.489801395598498,1.5297906602254427,0.32877079978529256,9.192163177670425,,,,
23,63.45276435856146,25.670960815888353,1.5297906602254427,0.32877079978529256,9.017713365539452,,,,
24,63.28502415458937,25.885668276972623,1.5297906602254427,0.32877079978529256,8.970746108427267,,,,
25,63.519860440150296,25.744766505636072,1.5297906602254427,0.322061191626409,8.883521202361782,,,,
26,63.727858293075684,25.55689747718733,1.5297906602254427,0.322061191626409,8.863392377885132,,,,
27,63.539989264626946,25.006709608158882,1.5230810520665594,0.322061191626409,9.608158883521202,,,,
28,62.875738056897475,24.852388620504563,4.9651100375738055,0.322061191626409,6.984702093397746,,,,
29,63.036768652710684,24.778582930756844,4.918142780461621,0.322061191626409,6.944444444444445,,,,
30,63.21121846484165,24.65780998389694,4.864465915190553,0.322061191626409,6.944444444444445,,,,
31,63.077026301663984,23.879495437466453,4.448470209339774,0.322061191626409,8.272946859903382,,,,
32,63.21121846484165,23.772141706924316,4.448470209339774,0.322061191626409,8.246108427267847,,,,
33,63.66747181964573,23.597691894793343,4.327697262479871,0.322061191626409,8.085077831454644,,,,
34,58.333333333333336,27.100107353730543,4.30756843800322,0.322061191626409,7.675791733762749,2.2611379495437465,,,
35,58.78958668813741,26.81159420289855,4.253891572732153,0.30864197530864196,7.575147611379496,2.2611379495437465,,,
36,57.085346215781,28.71712292002147,4.180085882984434,0.30864197530864196,7.481213097155126,2.227589908749329,,,
37,57.347020933977454,28.549382716049383,4.17337627482555,0.30864197530864196,7.39398819108964,2.227589908749329,,,
38,56.32716049382716,28.307836822329577,3.5963499731615673,0.30864197530864196,9.23913043478261,2.2208803005904456,,,
39,56.716317767042405,28.06629092860977,3.5292538915727323,0.30864197530864196,9.192163177670425,2.187332259796028,,,
40,56.5552871712292,27.563070316693505,3.4688674181427803,0.30864197530864196,9.916800858829845,2.187332259796028,,,
41,50.40257648953301,37.11755233494364,2.999194847020934,0.2214170692431562,9.131776704240472,,0.1274825550187869,,
42,41.606280193236714,48.17498658078368,2.818035426731079,0.33548040794417605,7.065217391304348,,,,
43,40.21739130434783,46.22920021470746,2.7844873859366612,0.33548040794417605,10.433440687063875,,,,
44,28.019323671497585,60.15163714439077,1.8048845947396672,0.33548040794417605,9.688674181427805,,,,
45,28.59634997316157,59.58803005904455,1.8048845947396672,0.4562533548040794,9.554482018250134,,,,
46,28.992216854535695,59.03113258185722,1.8048845947396672,0.7514761137949544,9.420289855072463,,,,
47,28.488996242619432,55.60923242082662,1.8048845947396672,0.7514761137949544,9.4873859366613,3.8580246913580245,,,
48,27.395330112721417,56.60225442834138,1.7847557702630166,0.9796027911969941,9.380032206119163,3.8580246913580245,,,
49,27.482555018786904,52.69726247987118,1.7646269457863661,0.9728931830381106,13.325281803542673,3.7573805689747717,,,
50,27.985775630703166,52.29468599033817,1.7646269457863661,0.9594739667203436,13.24476650563607,3.750670960815888,,,
51,27.851583467525497,51.610305958132045,1.1943102522812667,0.8454106280193237,14.553140096618357,3.9452495974235107,,,
52,28.442028985507246,51.16076221148685,1.1943102522812667,0.8454106280193237,14.418947933440688,3.938539989264627,,,
53,28.938539989264626,50.738056897477186,1.1943102522812667,0.8252818035426731,14.36527106816962,3.938539989264627,,,
54,27.63016639828234,52.274557165861516,1.1473429951690821,1.2748255501878691,13.741277509393452,3.9318303811057436,,,
55,28.019323671497585,52.04643048845947,1.1272141706924315,1.261406333870102,13.66076221148685,3.8848631239935587,,,
56,27.22758990874933,48.993558776167475,1.1272141706924315,1.3955984970477724,17.619431025228128,3.6366076221148687,,,
57,27.120236178207193,46.73913043478261,0.7581857219538379,1.9726247987117553,17.444981213097154,5.964841653247451,,,
58,27.449006977992486,46.282877079978526,0.7581857219538379,1.9726247987117553,17.418142780461622,5.904455179817498,,0.2147074610842727,
59,27.885131508319915,45.96081588835212,0.7581857219538379,1.9726247987117553,17.351046698872786,5.857487922705314,,0.2147074610842727,
60,28.33467525496511,45.69914117015566,0.7581857219538379,1.9457863660762211,17.277241009125067,5.770263016639828,,0.2147074610842727,
61,26.617015566290927,48.68491680085883,0.7447665056360708,1.9457863660762211,16.089640365002683,5.703166935050993,,0.2147074610842727,
62,27.140365002683843,48.44337090713902,0.7447665056360708,1.932367149758454,15.908480944712828,5.615942028985507,,0.2147074610842727,
63,27.03972088030059,47.80595813204509,2.9723564143853998,1.9189479334406871,14.512882447665056,5.535426731078905,,0.2147074610842727,
64,26.89210950080515,48.33601717659689,2.9723564143853998,1.8317230273752012,14.318303811057435,5.475040257648954,,0.17444981213097155,
65,27.49597423510467,47.95356951154053,2.9388083735909825,1.8183038110574343,14.17740203972088,5.4549114331723025,,0.1610305958132045,
66,28.039452495974235,46.9873859366613,2.9253891572732154,1.7981749865807837,14.016371443907676,5.441492216854535,,0.7917337627482555,
67,28.32125603864734,46.92699946323135,2.9253891572732154,1.7981749865807837,13.808373590982287,5.428073000536768,,0.7917337627482555,
68,28.73054213633924,46.67874396135266,2.898550724637681,1.7981749865807837,13.727858293075684,5.374396135265701,,0.7917337627482555,
69,28.958668813741276,46.403650026838434,2.898550724637681,1.7981749865807837,13.667471819645733,5.35426731078905,,0.9192163177670424,
70,28.85131508319914,45.69243156199678,2.1604938271604937,1.7981749865807837,15.250939345142244,5.3274288781535155,,0.9192163177670424,
71,28.287707997852927,45.06172839506173,2.1604938271604937,1.892109500805153,16.243961352657006,5.46833064949007,,0.8856682769726248,
72,28.495705850778315,43.63929146537842,2.1269457863660763,1.9860440150295222,15.868223295759528,5.46833064949007,,2.4154589371980677,
73,27.958937198067634,40.57300053676865,2.1269457863660763,1.4358561460010735,15.794417606011809,5.401234567901234,,6.709608158883521,
74,28.30112721417069,40.371712292002144,2.0933977455716586,1.4224369296833066,15.573000536768653,5.609232420826624,,6.629092860976919,
75,26.979334406870638,38.84192163177671,1.9927536231884058,1.4224369296833066,18.760064412238325,5.609232420826624,,6.394256575415996,
76,27.13365539452496,37.65432098765432,4.146537842190016,1.4224369296833066,18.089103596349972,5.421363392377885,,6.132581857219538,
77,27.556360708534623,37.5,4.1129898013955986,1.4224369296833066,17.901234567901234,5.387815351583468,,6.119162640901771,
78,27.81803542673108,37.151100375738054,4.1129898013955986,1.556629092860977,17.860976918947934,5.387815351583468,,6.112453032742888,
79,28.25415995705851,36.91626409017714,4.079441760601181,1.5432098765432098,17.726784755770264,5.387815351583468,,6.092324208266238,
80,28.650026838432634,36.540526033279654,4.079441760601181,1.5432098765432098,17.773752012882447,5.347557702630167,,6.0654857756307035,
81,28.965378421900162,36.30568974771873,4.052603327965647,1.5230810520665594,17.68652710681696,5.320719269994632,,6.146001073537305,
82,29.367954911433173,36.18491680085883,4.005636070853462,1.5230810520665594,17.559044551798173,5.300590445517981,,6.0587761674718195,
83,29.528985507246375,35.99704777241009,4.005636070853462,1.9860440150295222,17.196725711218466,5.253623188405797,,6.031937734836285,
84,29.918142780461622,35.789049919484704,3.9855072463768115,1.9860440150295222,17.082662372517444,5.246913580246914,,5.991680085882985,
85,30.434782608695652,35.46027911969941,3.938539989264627,1.9860440150295222,16.988727858293075,5.280461621041331,,5.911164787976382,
86,30.24020397208803,34.292807300053674,4.958400429414922,2.771068169618894,16.941760601180892,4.918142780461621,,5.877616747181965,
87,30.609232420826622,34.11164787976382,4.938271604938271,2.7308105206655933,16.854535695115406,4.87788513150832,,5.877616747181965,
88,31.031937734836287,33.984165324745035,4.824208266237251,2.7308105206655933,16.74718196457327,4.8376274825550185,,5.844068706387547,
89,31.11916264090177,33.293075684380035,4.783950617283951,2.6972624798711755,16.418411164787976,6.199677938808374,,5.488459473966721,
90,30.253623188405797,31.723027375201287,8.36688137412775,2.6838432635534084,15.297906602254429,6.199677938808374,,5.475040257648954,
91,30.69645732689211,31.52173913043478,8.333333333333334,2.657004830917874,15.116747181964573,6.199677938808374,,5.475040257648954,
92,31.085614600107355,31.11916264090177,8.293075684380032,2.657004830917874,14.982555018786902,5.978260869565218,,5.884326355340848,
93,31.4747718733226,31.0252281266774,8.259527643585615,2.6435856146001075,14.78797638217928,5.9514224369296835,,5.857487922705314,
94,32.19940955448202,30.73671497584541,8.185721953837897,2.6435856146001075,14.593397745571659,5.870907139023081,,5.770263016639828,
95,31.95115405260333,29.60950080515298,12.090713902308105,2.5295222758990876,14.492753623188406,4.05931293612453,,5.267042404723564,
96,31.548577563070317,27.911969940955448,12.654320987654321,4.193505099302201,14.36527106816962,4.05931293612453,,5.267042404723564,
97,30.9447128287708,28.703703703703702,12.634192163177671,4.17337627482555,14.2914653784219,4.045893719806763,,5.2066559312936125,
98,31.233225979602793,28.327965646806227,12.560386473429952,4.38137412775094,14.257917337627482,4.045893719806763,,5.193236714975845,
99,31.588835212023618,28.22061191626409,12.546967257112184,4.3478260869565215,14.204240472356414,4.019055287171229,,5.072463768115942,
100,31.93773483628556,28.046162104133117,12.473161567364466,4.314278046162104,14.17740203972088,3.992216854535695,,5.059044551798175,
101,32.400697799248526,27.91867954911433,12.352388620504563,4.300858829844337,14.083467525496511,3.911701556629093,,5.032206119162641,
102,23.859366612989803,18.431293612453032,8.756038647342995,2.4691358024691357,41.243961352657,1.5096618357487923,,3.730542136339238,
103,24.329039184111647,18.35077831454643,8.756038647342995,2.4355877616747184,40.915190552871714,1.5096618357487923,,3.7037037037037037,
104,24.416264090177133,18.50509930220075,8.709071390230811,2.4355877616747184,40.734031132581855,1.5096618357487923,,3.6902844873859366,
105,24.724906065485776,18.38432635534085,8.621846484165324,2.576489533011272,40.50590445517982,1.5096618357487923,,3.6768652710681695,
106,23.691626409017715,19.93424584004294,8.501073537305421,2.5496511003757383,40.15029522275899,1.4962426194310252,,3.6768652710681695,
107,23.886205045625335,19.746376811594203,8.051529790660226,2.5496511003757383,39.45920558239399,1.4962426194310252,,4.810789049919484,
108,24.208266237251745,19.679280730005367,8.038110574342458,2.5496511003757383,37.58722490606549,3.1468062265163717,,4.790660225442834,
109,24.57729468599034,19.6256038647343,8.232689210950081,2.5161030595813205,37.13768115942029,3.2206119162640903,,4.690016103059581,
110,25.06038647342995,19.53166935050993,8.192431561996779,2.5026838432635534,36.86929683306495,3.193773483628556,,4.64975845410628,
111,25.483091787439612,19.350509930220074,8.152173913043478,2.61003757380569,36.60762211486849,3.1736446591519054,,4.622920021470746,
112,25.925925925925927,19.162640901771336,7.971014492753623,2.6033279656468062,36.29898013955985,3.1468062265163717,0.10735373054213634,4.783950617283951,
113,26.227858293075684,19.129092860976918,7.856951154052603,2.589908749329039,36.178207192699944,3.1468062265163717,0.10735373054213634,4.7638217928073,
114,26.516371443907676,19.108964036500268,7.856951154052603,2.563070316693505,35.89640365002684,3.0931293612453032,0.10735373054213634,4.750402576489533,0.10735373054213634
115,26.7512077294686,19.028448738593667,7.85024154589372,2.563070316693505,35.7487922705314,3.0931293612453032,0.10735373054213634,4.750402576489533,0.10735373054213634
116,27.194041867954912,18.9345142243693,7.796564680622652,2.563070316693505,35.52066559312936,3.026033279656468,0.10735373054213634,4.750402576489533,0.10735373054213634
117,26.838432635534083,18.853998926462694,7.7361782071927,2.563070316693505,36.62775093934514,2.6704240472356413,,4.7101449275362315,
118,26.006441223832528,16.914922168545356,11.003757380568974,2.5563607085346214,36.13794954374664,2.6704240472356413,,4.7101449275362315,
119,26.31508319914117,16.794149221685455,10.876274825550189,2.5429414922168547,35.970209339774556,2.8113258185721954,,4.690016103059581,
120,26.623725174449813,16.780730005367687,10.809178743961352,2.536231884057971,35.789049919484704,2.8113258185721954,,4.64975845410628,
121,27.30139559849705,16.646537842190018,10.554213633923778,2.536231884057971,35.53408480944713,2.7844873859366612,,4.643048845947397,
122,27.502683843263554,16.5727321524423,10.547504025764896,2.522812667740204,35.30595813204509,2.7844873859366612,0.12077294685990338,4.643048845947397,
123,27.78448738593666,16.525764895330113,10.527375201288244,2.509393451422437,34.92351046698873,2.9924852388620504,0.12077294685990338,4.616210413311863,
124,27.95222758990875,16.478797638217927,10.406602254428341,2.4892646269457863,31.17283950617284,6.796833064949007,0.12077294685990338,4.582662372517445,
125,27.82474503488996,16.344605475040257,10.21202361782072,4.0995705850778315,28.710413311862588,6.729736983360172,0.12077294685990338,5.958132045088567,
126,28.113258185721953,16.29092860976919,10.138217928073,4.0995705850778315,28.569511540526033,6.729736983360172,0.12077294685990338,5.938003220611916,
127,26.643853998926463,16.1231884057971,9.71551261406334,4.005636070853462,31.340579710144926,6.689479334406871,0.12077294685990338,5.360976918947934,
128,27.026301663982824,16.049382716049383,9.648416532474503,3.911701556629093,31.206387546967257,6.689479334406871,0.12077294685990338,5.347557702630167,
129,27.449006977992486,16.009125067096083,9.567901234567902,3.898282340311326,31.03864734299517,6.615673644659152,0.12077294685990338,5.300590445517981,
130,27.82474503488996,15.888352120236178,9.54777241009125,3.864734299516908,30.85077831454643,6.608964036500268,0.12077294685990338,5.293880837359098,
131,27.140365002683843,15.687063875469672,12.754965110037574,3.8177670424047236,29.844337090713903,5.797101449275362,,4.958400429414922,
132,27.47584541062802,15.519323671497585,12.667740203972087,3.8177670424047236,29.602791196994094,5.743424584004294,,5.173107890499195,
133,27.83816425120773,15.458937198067632,12.567096081588835,3.784219001610306,29.47530864197531,5.723295759527644,,5.152979066022544,
134,28.247450348899623,15.304616210413311,12.5,3.784219001610306,29.334406870638755,5.71658615136876,,5.112721417069243,
135,28.61647879763822,15.203972088030058,12.432903918411165,3.717122920021471,29.220343531937736,5.709876543209877,,5.0993022007514766,
136,28.824476650563607,15.163714439076758,11.748523886205046,3.8043478260869565,28.683574879227052,6.6827697262479875,,5.092592592592593,
137,29.180085882984432,15.163714439076758,11.668008588298443,3.8043478260869565,28.5426731078905,6.575415995705851,,5.065754159957058,
138,29.502147074610843,15.063070316693505,11.634460547504025,3.8043478260869565,28.388352120236178,6.541867954911433,,5.065754159957058,
139,29.95169082125604,14.942297369833602,11.553945249597424,3.7238325281803544,28.10654857756307,6.541867954911433,,5.179817498658078,
140,29.280730005367687,13.707729468599034,10.57434245840043,3.603059581320451,31.13929146537842,6.535158346752549,,5.159688674181428,
141,28.24074074074074,12.164519592055823,10.487117552334944,3.5963499731615673,33.702361782071925,6.521739130434782,,5.287171229200215,
142,28.341384863123995,12.050456253354804,10.446859903381643,3.5829307568438002,33.782877079978526,6.521739130434782,,5.273752012882448,
143,28.67686527106817,12.010198604401502,10.379763821792807,3.569511540526033,33.601717659688674,6.494900697799249,,5.267042404723564,
144,28.978797638217927,11.963231347289318,10.379763821792807,3.569511540526033,33.373590982286636,6.474771873322598,,5.260332796564681,
145,29.086151368760063,11.963231347289318,12.68786902844874,3.569511540526033,32.70263016639828,4.777241009125067,,5.213365539452496,
146,29.314278046162105,11.963231347289318,12.600644122383253,3.5426731078904994,32.60198604401503,4.7638217928073,,5.213365539452496,
147,29.723564143854,11.922973698336017,12.432903918411165,3.5426731078904994,32.360440150295226,4.730273752012883,,5.2066559312936125,0.08051529790660225
148,29.95169082125604,11.882716049382717,12.392646269457863,3.5426731078904994,32.2463768115942,4.730273752012883,,5.173107890499195,0.08051529790660225
149,30.394524959742352,11.822329575952764,12.338969404186795,3.5426731078904994,31.93102522812668,4.730273752012883,,5.159688674181428,0.08051529790660225
150,30.776972624798713,11.748523886205046,12.258454106280194,3.6768652710681695,31.635802469135804,4.7101449275362315,,5.112721417069243,0.08051529790660225
151,29.944981213097154,10.869565217391305,15.754159957058508,3.5426731078904994,30.139559849704778,4.696725711218465,,4.9718196457326895,0.08051529790660225
152,30.320719269994633,10.82259796027912,15.539452495974235,3.535963499731616,30.04562533548041,4.683306494900698,,4.9718196457326895,0.08051529790660225
153,31.085614600107355,10.802469135802468,15.24422973698336,3.4286097691894795,29.777241009125067,4.683306494900698,,4.898013955984971,0.08051529790660225
154,31.300322061191626,10.762211486849168,15.210681696188942,3.4151905528717124,29.696725711218466,4.656468062265164,,4.87788513150832,0.08051529790660225
155,31.582125603864736,10.695115405260333,15.163714439076758,3.4151905528717124,29.59608158883521,4.64975845410628,,4.817498658078368,0.08051529790660225
156,31.80354267310789,10.668276972624799,15.123456790123457,3.4151905528717124,29.49543746645196,4.62962962962963,,4.783950617283951,0.08051529790660225
157,32.058507783145465,10.628019323671497,15.03623188405797,3.4151905528717124,29.401502952227588,4.5960815888352125,,4.783950617283951,0.08051529790660225
158,32.53488996242619,10.621309715512615,14.969135802469136,3.4151905528717124,29.066022544283413,4.555823939881911,,4.757112184648417,0.08051529790660225
159,32.70263016639828,10.48040794417606,14.928878153515834,3.408480944712829,29.1532474503489,4.522275899087493,,4.723564143853999,0.08051529790660225
160,32.9777241009125,10.446859903381643,14.774557165861514,3.4822866344605474,29.012345679012345,4.502147074610843,,4.723564143853999,0.08051529790660225
161,33.20585077831455,10.433440687063875,14.640365002683843,3.4822866344605474,28.663446054750402,4.435050993022007,0.33548040794417605,4.723564143853999,0.08051529790660225
162,33.36688137412775,10.319377348362856,14.600107353730541,3.4822866344605474,28.6231884057971,4.435050993022007,0.33548040794417605,4.757112184648417,0.08051529790660225
163,33.74932903918411,10.292538915727322,14.51959205582394,3.455448201825013,28.421900161030596,4.414922168545357,0.33548040794417605,4.730273752012883,0.08051529790660225
164,34.09822866344606,10.292538915727322,14.398819108964037,3.455448201825013,28.16022544283414,4.414922168545357,0.33548040794417605,4.656468062265164,0.1878690284487386
165,34.11164787976382,10.245571658615138,13.211218464841654,3.44873859366613,27.851583467525497,6.099033816425121,0.33548040794417605,4.609500805152979,0.08722490606548577
166,34.43370907139023,10.225442834138486,13.170960815888352,3.44873859366613,27.657004830917874,6.052066559312936,0.32877079978529256,4.5960815888352125,0.08722490606548577
167,34.66183574879227,10.19189479334407,13.077026301663983,3.435319377348363,27.603327965646805,6.018518518518518,0.32877079978529256,4.5960815888352125,0.08722490606548577
168,34.816156736446594,10.171765968867419,12.902576489533011,3.421900161030596,27.26784755770263,5.971551261406334,0.798443370907139,4.562533548040794,0.08722490606548577
169,35.138217928073,10.111379495437467,12.795222758990874,3.502415458937198,26.858561460010737,5.8172302737520125,1.1272141706924315,4.562533548040794,0.08722490606548577
170,35.39989264626946,10.111379495437467,12.701288244766506,3.408480944712829,26.818303811057433,5.8172302737520125,1.1272141706924315,4.528985507246377,0.08722490606548577
171,35.63472893183038,10.064412238325282,12.614063338701019,3.408480944712829,26.757917337627482,5.8172302737520125,1.1003757380568975,4.51556629092861,0.08722490606548577
172,35.72866344605475,10.064412238325282,12.593934514224369,3.408480944712829,26.684111647879764,5.8172302737520125,1.1003757380568975,4.51556629092861,0.08722490606548577
173,36.06414385399893,9.923510466988727,12.5402576489533,3.388352120236178,26.56333870101986,5.8172302737520125,1.1003757380568975,4.51556629092861,0.08722490606548577
174,36.18491680085883,9.903381642512077,12.52012882447665,3.388352120236178,26.50966183574879,5.810520665593129,1.1003757380568975,4.49543746645196,0.08722490606548577
175,36.520397208803004,9.836285560923242,12.432903918411165,3.374932903918411,26.38888888888889,5.803811057434245,1.1003757380568975,4.455179817498658,0.08722490606548577
176,36.782071926999464,9.829575952764358,12.392646269457863,3.3480944712828773,26.29495437466452,5.709876543209877,1.1003757380568975,4.455179817498658,0.08722490606548577
177,36.808910359635,9.762479871175524,12.513419216317766,3.3413848631239937,25.87895866881374,5.5689747718733225,1.0265700483091786,5.01207729468599,0.08722490606548577
178,37.104133118625874,9.708803005904455,12.5,3.2877079978529253,25.751476113794954,5.555555555555555,1.0064412238325282,4.998658078368224,0.08722490606548577
179,37.34567901234568,9.708803005904455,12.486580783682234,3.2742887815351582,25.650831991411703,5.495169082125604,1.0064412238325282,4.944981213097155,0.08722490606548577
180,37.4597423510467,9.708803005904455,12.191358024691358,3.2742887815351582,25.53676865271068,5.803811057434245,1.0064412238325282,4.931561996779388,0.08722490606548577
181,34.09151905528717,8.360171765968868,12.151100375738057,2.046430488459474,31.984702093397747,5.8239398819108965,0.9997316156736447,4.455179817498658,0.08722490606548577
182,34.46725711218465,8.266237251744498,12.057165861513688,2.046430488459474,31.830381105743424,5.803811057434245,0.9997316156736447,4.441760601180891,0.08722490606548577
183,34.86312399355877,8.266237251744498,11.869296833064949,2.046430488459474,31.588835212023618,5.770263016639828,1.107085346215781,4.40150295222759,0.08722490606548577
184,35.45356951154053,8.165593129361245,11.782071926999464,2.033011272141707,31.28690284487386,5.709876543209877,1.107085346215781,4.374664519592056,0.08722490606548577
185,35.70182501341922,8.165593129361245,11.768652710681696,2.033011272141707,31.112453032742888,5.709876543209877,1.0802469135802468,4.341116478797638,0.08722490606548577
186,36.05072463768116,8.132045088566828,11.668008588298443,2.033011272141707,30.844068706387546,5.656199677938808,1.1876006441223832,4.341116478797638,0.08722490606548577
187,36.211755233494365,8.132045088566828,11.668008588298443,2.033011272141707,30.750134192163177,5.656199677938808,1.1808910359634996,4.280730005367687,0.08722490606548577
188,36.46672034353194,8.07836822329576,11.627750939345143,2.033011272141707,30.629361245303276,5.642780461621041,1.1808910359634996,4.253891572732153,0.08722490606548577
189,36.808910359635,8.07836822329576,11.60762211486849,2.0263016639828235,30.360976918947934,5.595813204508857,1.1808910359634996,4.253891572732153,0.08722490606548577
190,37.38593666129898,8.05823939881911,11.520397208803006,2.0263016639828235,29.931561996779386,5.5689747718733225,1.1808910359634996,4.240472356414386,0.08722490606548577
191,37.5805152979066,7.997852925389157,11.43317230273752,2.0128824476650564,29.49543746645196,6.038647342995169,1.1808910359634996,4.17337627482555,0.08722490606548577
192,37.56038647342995,7.9039184111647875,11.889425657541599,2.0128824476650564,29.260601180891037,5.938003220611916,1.1741814278046163,4.17337627482555,0.08722490606548577
193,37.084004294149224,7.836822329575953,11.560654857756306,1.8853998926462694,30.461621041331185,5.763553408480945,1.1607622114868492,4.159957058507783,0.08722490606548577
194,37.144390767579175,7.816693505099302,11.66129898013956,1.8786902844873858,30.394524959742352,5.743424584004294,1.1137949543746646,4.159957058507783,0.08722490606548577
195,37.4194847020934,7.796564680622652,11.647879763821793,1.8719806763285025,30.287171229200215,5.615942028985507,1.1137949543746646,4.159957058507783,0.08722490606548577
196,37.59393451422437,7.796564680622652,11.647879763821793,1.8719806763285025,30.173107890499196,5.58239398819109,1.0869565217391304,4.159957058507783,0.08722490606548577
197,37.8690284487386,7.796564680622652,11.580783682232958,1.8719806763285025,30.059044551798173,5.515297906602254,1.0869565217391304,4.133118625872249,0.08722490606548577
198,38.04347826086956,7.75630703166935,11.54723564143854,1.8317230273752012,29.998658078368223,5.515297906602254,1.0869565217391304,4.133118625872249,0.08722490606548577
199,38.04347826086956,7.75630703166935,11.808910359634996,1.8317230273752012,29.8040794417606,5.495169082125604,1.0399892646269457,4.133118625872249,0.08722490606548577
200,38.1105743424584,7.7361782071927,11.788781535158346,2.086688137412775,29.59608158883521,5.448201825013419,1.0399892646269457,4.106280193236715,0.08722490606548577
201,38.28502415458937,7.7361782071927,11.694847020933977,2.086688137412775,29.54911433172303,5.421363392377885,1.0399892646269457,4.0995705850778315,0.08722490606548577
202,38.43263553408481,7.729468599033816,11.654589371980677,2.1940418679549114,29.354535695115406,5.213365539452496,1.0399892646269457,4.294149221685454,0.08722490606548577
203,38.45276435856146,7.729468599033816,12.097423510466989,2.147074610842727,28.972088030059044,5.186527106816962,1.0399892646269457,4.28743961352657,0.08722490606548577
204,38.65405260332797,7.709339774557166,12.070585077831455,2.147074610842727,28.858024691358025,5.146269457863661,1.0399892646269457,4.28743961352657,0.08722490606548577
205,38.868760064412236,7.695920558239399,12.030327428878154,2.147074610842727,28.71712292002147,5.139559849704777,1.0399892646269457,4.274020397208803,0.08722490606548577
206,39.08346752549651,7.6556629092860975,11.990069779924852,2.1403650026838434,28.60305958132045,5.12614063338701,1.0399892646269457,4.274020397208803,0.08722490606548577
207,39.44578636607622,7.64224369296833,11.956521739130435,2.227589908749329,28.24074074074074,5.0993022007514766,1.0399892646269457,4.260601180891036,0.08722490606548577
208,39.06333870101986,7.568438003220612,15.002683843263553,2.1739130434782608,25.738056897477186,5.0993022007514766,1.0332796564680622,4.233762748255502,0.08722490606548577
209,39.24449812130972,7.555018786902845,14.949006977992486,2.167203435319377,25.670960815888353,5.0791733762748255,1.0265700483091786,4.2203435319377345,0.08722490606548577
210,39.52630166398282,7.548309178743962,14.888620504562533,2.167203435319377,25.523349436392916,5.045625335480408,1.0265700483091786,4.186795491143317,0.08722490606548577
211,39.774557165861516,7.548309178743962,14.794685990338165,2.167203435319377,25.489801395598498,4.978529253891573,0.9930220075147611,4.166666666666667,0.08722490606548577
212,40.01610305958132,7.548309178743962,14.727589908749328,2.167203435319377,25.261674718196456,4.944981213097155,1.0869565217391304,4.159957058507783,0.08722490606548577
213,40.17713365539453,7.50805152979066,14.667203435319378,2.167203435319377,25.221417069243156,4.944981213097155,1.0869565217391304,4.139828234031133,0.08722490606548577
214,40.371712292002144,7.494632313472893,14.626945786366075,2.167203435319377,25.0805152979066,4.944981213097155,1.0869565217391304,4.139828234031133,0.08722490606548577
215,40.72061191626409,7.494632313472893,14.586688137412775,2.13365539452496,24.84567901234568,4.918142780461621,1.0735373054213635,4.139828234031133,0.08722490606548577
216,40.92190016103059,7.48792270531401,14.553140096618357,2.1068169618894257,24.738325281803544,4.904723564143854,1.0735373054213635,4.126409017713366,0.08722490606548577
217,41.1231884057971,7.461084272678476,14.492753623188406,2.100107353730542,24.67793880837359,4.891304347826087,1.0735373054213635,4.092860976918948,0.08722490606548577
218,41.34460547504026,7.461084272678476,14.439076757917338,2.086688137412775,24.644390767579175,4.851046698872786,1.0332796564680622,4.052603327965647,0.08722490606548577
219,41.680085882984436,7.454374664519592,14.38539989264627,2.086688137412775,24.36929683306495,4.851046698872786,1.0332796564680622,4.052603327965647,0.08722490606548577
220,41.94176060118089,7.407407407407407,14.371980676328503,2.086688137412775,24.228395061728396,4.817498658078368,1.0332796564680622,4.025764895330113,0.08722490606548577
221,42.250402576489535,7.407407407407407,14.257917337627482,2.0799785292538915,24.040526033279658,4.817498658078368,1.0332796564680622,4.025764895330113,0.08722490606548577
222,42.47181964573269,7.380568974771873,14.237788513150832,2.01959205582394,24.00697799248524,4.804079441760601,1.0332796564680622,3.9586688137412773,0.08722490606548577
223,42.632850241545896,7.253086419753086,14.163982823403114,2.15378421900161,23.89291465378422,4.757112184648417,1.1003757380568975,3.9586688137412773,0.08722490606548577
224,42.8341384863124,7.212828770799785,14.096886741814279,2.15378421900161,23.805689747718734,4.750402576489533,1.1003757380568975,3.9586688137412773,0.08722490606548577
225,42.961621041331185,7.1725711218464845,14.076757917337627,2.15378421900161,23.738593666129898,4.750402576489533,1.1003757380568975,3.9586688137412773,0.08722490606548577
226,43.04884594739667,7.1725711218464845,14.049919484702093,2.15378421900161,23.711755233494365,4.7168545356951155,1.1003757380568975,3.9586688137412773,0.08722490606548577
227,43.223295759527645,7.159151905528717,13.955984970477724,2.15378421900161,23.65136876006441,4.7101449275362315,1.1003757380568975,3.9586688137412773,0.08722490606548577
228,43.384326355340846,7.139023081052066,13.875469672571121,2.15378421900161,23.60440150295223,4.696725711218465,1.1003757380568975,3.9586688137412773,0.08722490606548577
229,43.552066559312934,7.132313472893183,13.83521202361782,2.147074610842727,23.503757380568974,4.696725711218465,1.1003757380568975,3.9452495974235107,0.08722490606548577
230,43.70638754696726,7.132313472893183,13.768115942028986,2.1269457863660763,23.43666129898014,4.696725711218465,1.1003757380568975,3.9452495974235107,0.08722490606548577
231,43.934514224369295,7.125603864734299,13.687600644122384,2.2410091250670963,23.242082662372518,4.676596886741814,1.1003757380568975,3.9049919484702094,0.08722490606548577
232,44.04857756307032,7.199409554482019,13.66076221148685,2.2410091250670963,23.1280193236715,4.676596886741814,1.0802469135802468,3.878153515834675,0.08722490606548577
233,44.276704240472355,7.199409554482019,13.647342995169081,2.227589908749329,22.953569511540525,4.676596886741814,1.0802469135802468,3.851315083199141,0.08722490606548577
234,44.45115405260333,7.199409554482019,13.486312399355878,2.227589908749329,22.805958132045088,4.656468062265164,1.247987117552335,3.8378958668813743,0.08722490606548577
235,44.60547504025765,7.199409554482019,13.43263553408481,2.200751476113795,22.745571658615138,4.656468062265164,1.247987117552335,3.824476650563607,0.08722490606548577
236,44.83360171765969,7.179280730005368,13.405797101449275,2.200751476113795,22.65163714439077,4.656468062265164,1.247987117552335,3.7372517444981215,0.08722490606548577
237,44.216317767042405,7.132313472893183,15.076489533011273,2.1604938271604937,21.75925925925926,4.622920021470746,1.2278582930756843,3.717122920021471,0.08722490606548577
238,44.37734836285561,7.125603864734299,14.99597423510467,2.147074610842727,21.69887278582931,4.622920021470746,1.2278582930756843,3.717122920021471,0.08722490606548577
239,44.48470209339774,7.125603864734299,14.928878153515834,2.13365539452496,21.672034353193773,4.622920021470746,1.2278582930756843,3.717122920021471,0.08722490606548577
240,44.59205582393988,7.118894256575416,14.834943639291465,2.1269457863660763,21.584809447128286,4.622920021470746,1.2010198604401503,3.8311862587224907,0.08722490606548577
241,44.67257112184648,7.118894256575416,14.834943639291465,2.1269457863660763,21.544551798174986,4.5893719806763285,1.1943102522812667,3.8311862587224907,0.08722490606548577
242,44.867149758454104,7.078636607622115,14.774557165861514,2.1269457863660763,21.511003757380568,4.5893719806763285,1.1943102522812667,3.770799785292539,0.08722490606548577
243,44.860440150295226,7.078636607622115,14.707461084272678,2.1135265700483092,21.3768115942029,4.555823939881911,1.1943102522812667,4.025764895330113,0.08722490606548577
244,45.01476113794954,7.065217391304348,14.660493827160494,2.1068169618894257,21.329844337090712,4.53569511540526,1.1876006441223832,4.012345679012346,0.08722490606548577
245,45.128824476650564,7.065217391304348,14.593397745571659,2.1068169618894257,21.28287707997853,4.53569511540526,1.1876006441223832,4.012345679012346,0.08722490606548577
246,45.17579173376275,7.051798174986581,14.566559312936125,2.1068169618894257,21.276167471819647,4.53569511540526,1.1876006441223832,4.012345679012346,0.08722490606548577
247,45.33682232957595,7.051798174986581,14.526301663982823,2.1068169618894257,21.182232957595275,4.508856682769726,1.1876006441223832,4.012345679012346,0.08722490606548577
248,45.511272141706925,7.051798174986581,14.479334406870638,2.1068169618894257,21.155394524959743,4.408212560386473,1.1876006441223832,4.012345679012346,0.08722490606548577
249,45.65888352120236,7.024959742351046,14.479334406870638,2.0531400966183573,21.095008051529792,4.408212560386473,1.1876006441223832,4.005636070853462,0.08722490606548577
250,45.819914117015564,7.018250134192163,14.398819108964037,2.0531400966183573,21.041331186258724,4.40150295222759,1.1876006441223832,3.992216854535695,0.08722490606548577
251,46.07487922705314,7.018250134192163,14.36527106816962,2.033011272141707,20.873590982286636,4.374664519592056,1.1876006441223832,3.9855072463768115,0.08722490606548577
252,46.175523349436396,7.018250134192163,14.345142243692969,2.033011272141707,20.82662372517445,4.3478260869565215,1.1876006441223832,3.978797638217928,0.08722490606548577
253,46.43048845947396,7.011540526033279,14.345142243692969,2.033011272141707,20.67230273752013,4.28743961352657,1.1876006441223832,3.9452495974235107,0.08722490606548577
254,46.61835748792271,7.011540526033279,14.244498121309716,2.033011272141707,20.585077831454644,4.28743961352657,1.1876006441223832,3.9452495974235107,0.08722490606548577
255,46.792807300053674,6.998121309715513,14.204240472356414,2.006172839506173,20.511272141706925,4.26731078904992,1.1876006441223832,3.9452495974235107,0.08722490606548577
256,46.97396672034353,6.984702093397746,14.11701556629093,2.006172839506173,20.50456253354804,4.240472356414386,1.1808910359634996,3.9049919484702094,0.08722490606548577
257,47.16854535695116,6.971282877079979,14.06333870101986,1.9927536231884058,20.39049919484702,4.240472356414386,1.1808910359634996,3.9049919484702094,0.08722490606548577
258,47.457058507783145,6.971282877079979,14.023081052066559,1.9927536231884058,20.209339774557165,4.240472356414386,1.1808910359634996,3.8378958668813743,0.08722490606548577
259,47.477187332259795,6.951154052603328,14.002952227589908,2.2611379495437465,20.061728395061728,4.240472356414386,1.1406333870101986,3.7775093934514223,0.08722490606548577
260,47.77241009125067,6.951154052603328,13.88888888888889,2.254428341384863,19.94766505636071,4.2203435319377345,1.1406333870101986,3.7372517444981215,0.08722490606548577
261,47.85963499731616,6.951154052603328,13.862050456253355,2.254428341384863,19.89398819108964,4.2203435319377345,1.133923778851315,3.7372517444981215,0.08722490606548577
262,47.85963499731616,6.951154052603328,13.855340848094471,2.254428341384863,19.85373054213634,4.3478260869565215,1.0534084809447128,3.7372517444981215,0.08722490606548577
263,48.087761674718195,6.951154052603328,13.83521202361782,2.200751476113795,19.753086419753085,4.334406870638754,1.0534084809447128,3.69699409554482,0.08722490606548577
264,48.36285560923242,6.937734836285561,13.754696725711218,2.200751476113795,19.659151905528716,4.300858829844337,1.0534084809447128,3.656736446591519,0.07380568974771873
265,48.56414385399893,6.91760601180891,13.7211486849168,2.1940418679549114,19.565217391304348,4.300858829844337,1.0466988727858293,3.6366076221148687,0.05367686527106817
266,48.68491680085883,6.910896403650026,13.667471819645733,2.1940418679549114,19.51154052603328,4.300858829844337,1.0399892646269457,3.6366076221148687,0.05367686527106817
267,48.83923778851315,6.877348362855609,13.627214170692431,2.1940418679549114,19.464573268921097,4.300858829844337,1.0332796564680622,3.6097691894793345,0.05367686527106817
268,48.93317230273752,6.870638754696726,13.593666129898015,2.301395598497048,19.330381105743424,4.274020397208803,1.0332796564680622,3.6097691894793345,0.05367686527106817
269,49.013687600644126,6.870638754696726,13.580246913580247,2.2879763821792807,19.32367149758454,4.253891572732153,1.0332796564680622,3.5829307568438002,0.05367686527106817
270,48.91975308641975,6.857219538378959,13.479602791196994,2.281266774020397,19.290123456790123,4.555823939881911,0.9796027911969941,3.5829307568438002,0.05367686527106817
271,48.980139559849704,6.837090713902308,13.399087493290391,2.49597423510467,19.142512077294686,4.528985507246377,0.9796027911969941,3.5829307568438002,0.05367686527106817
272,49.25523349436393,6.837090713902308,13.352120236178207,2.4825550187869028,19.03515834675255,4.441760601180891,0.9796027911969941,3.5628019323671496,0.05367686527106817
273,49.3491680085883,6.830381105743425,13.251476113794954,2.462426194310252,18.94122383252818,4.280730005367687,0.9796027911969941,3.851315083199141,0.05367686527106817
274,49.39613526570049,6.749865807836822,13.09044551798175,2.462426194310252,18.82716049382716,4.280730005367687,0.9796027911969941,4.159957058507783,0.05367686527106817
275,49.49677938808374,6.723027375201288,13.083735909822867,2.462426194310252,18.780193236714975,4.280730005367687,0.966183574879227,4.1532474503489,0.05367686527106817
