,45,50,55,51,53,54,52,56,60,59,57,58,61,46
0,96.97396672034353,3.026033279656468,,,,,,,,,,,,
1,96.33655394524959,3.6634460547504024,,,,,,,,,,,,
2,81.3539989264627,18.35077831454643,0.2952227589908749,,,,,,,,,,,
3,77.81803542673107,21.85319377348363,0.32877079978529256,,,,,,,,,,,
4,75.89237788513151,23.752012882447666,0.35560923242082665,,,,,,,,,,,
5,75.90579710144928,23.72517444981213,0.36902844873859364,,,,,,,,,,,
6,71.10842726784756,28.388352120236178,0.36902844873859364,0.013419216317767043,0.12077294685990338,,,,,,,,,
7,70.30998389694042,29.1532474503489,0.4025764895330113,0.013419216317767043,0.12077294685990338,,,,,,,,,
8,69.12238325281804,30.226784755770264,0.49651100375738055,0.03354804079441761,0.12077294685990338,,,,,,,,,
9,68.90096618357488,30.381105743424584,0.5099302200751477,0.08722490606548577,0.12077294685990338,,,,,,,,,
10,68.69967793880838,30.50187869028449,0.5703166935050993,0.08722490606548577,0.12077294685990338,0.020128824476650563,,,,,,,,
11,68.24342458400429,30.88432635534085,0.6172839506172839,0.11406333870101985,0.12077294685990338,0.020128824476650563,,,,,,,,
12,68.06226516371444,30.891035963499732,0.7045088566827697,0.1610305958132045,0.1610305958132045,0.020128824476650563,,,,,,,,
13,67.35104669887279,29.750402576489535,0.49651100375738055,0.23483628556092323,0.7179280730005367,0.040257648953301126,1.4090177133655395,,,,,,,
14,64.8215244229737,31.91760601180891,0.6105743424584005,1.751207729468599,0.7179280730005367,0.040257648953301126,0.14090177133655393,,,,,,,
15,64.79468599033817,31.85721953837896,0.6977992485238862,1.751207729468599,0.7179280730005367,0.040257648953301126,0.14090177133655393,,,,,,,
16,60.41331186258722,25.087224906065487,0.5367686527106817,13.613794954374665,0.1610305958132045,0.04696725711218465,0.14090177133655393,,,,,,,
17,57.87707997852925,27.75764895330113,0.5367686527106817,13.43263553408481,0.20128824476650564,0.05367686527106817,0.14090177133655393,,,,,,,
18,56.70289855072464,29.025764895330113,0.5367686527106817,13.33870101986044,0.1878690284487386,0.05367686527106817,0.15432098765432098,,,,,,,
19,51.831723027375205,31.340579710144926,1.6237251744498122,14.553140096618357,0.18115942028985507,0.05367686527106817,0.2885131508319914,0.1274825550187869,,,,,,
20,47.71202361782072,30.12614063338701,1.6304347826086956,19.786634460547504,0.19457863660762212,0.0939345142243693,0.2885131508319914,0.16774020397208803,,,,,,
21,38.459473966720346,39.63365539452496,1.5767579173376274,18.149490069779926,0.24154589371980675,0.05367686527106817,1.7042404723564144,0.18115942028985507,,,,,,
22,38.62050456253355,39.00295222758991,1.8048845947396672,17.94820182501342,0.5166398282340311,0.16774020397208803,1.6908212560386473,0.24825550187869028,,,,,,
23,38.58695652173913,38.801663982823406,1.865271068169619,18.04884594739667,0.5501878690284487,0.20128824476650564,1.6639828234031133,0.28180354267310787,,,,,,
24,38.707729468599034,38.34541062801932,2.2745571658615136,18.00187869028449,0.5233494363929146,0.20128824476650564,1.6639828234031133,0.28180354267310787,,,,,,
25,37.6610305958132,35.11137949543747,2.341653247450349,19.665861513687602,0.5501878690284487,2.7509393451422435,1.6639828234031133,0.2549651100375738,,,,,,
26,37.86231884057971,35.07112184648417,2.328234031132582,19.57192699946323,0.5434782608695652,2.703972088030059,1.6639828234031133,0.2549651100375738,,,,,,
27,37.31213097155126,35.567632850241544,2.4892646269457863,19.290123456790123,0.5434782608695652,2.6637144390767578,1.6639828234031133,0.46967257112184646,,,,,,
28,36.20504562533548,34.10493827160494,2.4221685453569513,22.0276435856146,0.5434782608695652,2.6167471819645733,1.6505636070853462,0.4294149221685454,,,,,,
29,36.13794954374664,34.03113258185722,2.475845410628019,22.074610842726784,0.5434782608695652,2.6435856146001075,1.6639828234031133,0.4294149221685454,,,,,,
30,36.39291465378422,33.782877079978526,2.576489533011272,21.504294149221685,0.8252818035426731,2.6502952227589907,1.6908212560386473,0.5501878690284487,0.026838432635534086,,,,,
31,35.929951690821255,36.66129898013956,3.294417606011809,18.357487922705314,0.95276435856146,2.6167471819645733,1.6237251744498122,0.5099302200751477,0.026838432635534086,0.026838432635534086,,,,
32,36.01717659688674,35.05099302200752,3.3413848631239937,18.290391841116477,0.9259259259259259,2.589908749329039,3.180354267310789,0.5099302200751477,0.026838432635534086,0.026838432635534086,0.040257648953301126,,,
33,34.88996242619431,36.36607622114869,3.3279656468062266,18.183038110574344,0.9393451422436929,2.589908749329039,3.1199677938808374,0.48980139559849706,0.026838432635534086,0.026838432635534086,0.040257648953301126,,,
34,34.95034889962426,36.198336017176594,3.5091250670960816,18.109232420826622,0.9393451422436929,2.589908749329039,3.1199677938808374,0.48980139559849706,0.026838432635534086,0.026838432635534086,0.040257648953301126,,,
35,34.86983360171766,36.252012882447666,3.5091250670960816,18.04884594739667,0.9594739667203436,2.623456790123457,3.1602254428341383,0.4562533548040794,0.05367686527106817,0.026838432635534086,0.040257648953301126,,,
36,35.11808910359635,35.67498658078368,3.6231884057971016,18.370907139023082,0.9057971014492754,2.61003757380569,3.1333870101986045,0.4428341384863124,0.05367686527106817,0.026838432635534086,0.040257648953301126,,,
37,35.02415458937198,35.218733225979605,4.052603327965647,18.4849704777241,0.9057971014492754,2.5429414922168547,3.1333870101986045,0.47638217928073,0.05367686527106817,0.06709608158883522,0.040257648953301126,,,
38,34.75577026301664,34.99060654857756,4.086151368760064,18.92109500805153,0.9057971014492754,2.5563607085346214,3.126677402039721,0.49651100375738055,0.05367686527106817,0.06709608158883522,0.040257648953301126,,,
39,34.977187332259795,34.648416532474506,4.03918411164788,18.813741277509394,1.1205045625335481,2.5966183574879227,3.1468062265163717,0.49651100375738055,0.05367686527106817,0.06709608158883522,0.040257648953301126,,,
40,35.0979602791197,34.47396672034353,4.086151368760064,18.833870101986044,1.1272141706924315,2.8113258185721954,2.9253891572732154,0.4830917874396135,0.05367686527106817,0.06709608158883522,0.040257648953301126,,,
41,35.16505636070853,32.48121309715513,4.200214707461084,18.46484165324745,1.1406333870101986,3.0931293612453032,4.74369296833065,0.5501878690284487,0.05367686527106817,0.06709608158883522,0.040257648953301126,,,
42,25.53676865271068,59.49409554482018,4.669887278582931,3.7775093934514223,0.8387010198604401,2.7509393451422435,2.757648953301127,0.013419216317767043,0.05367686527106817,0.06709608158883522,0.040257648953301126,,,
43,21.66532474503489,54.488727858293075,4.7101449275362315,12.801932367149758,0.8387010198604401,2.7442297369833604,2.442297369833602,0.14761137949543746,0.05367686527106817,0.06709608158883522,0.040257648953301126,,,
44,21.81964573268921,53.938539989264626,5.119431025228127,12.741545893719806,0.8387010198604401,2.7979066022544283,2.4221685453569513,0.1610305958132045,0.05367686527106817,0.06709608158883522,0.040257648953301126,,,
45,20.128824476650564,49.12775093934514,3.4688674181427803,20.74610842726785,0.8387010198604401,2.475845410628019,2.985775630703167,0.1610305958132045,0.026838432635534086,0.040257648953301126,,,,
46,19.685990338164252,44.69269994632314,3.670155662909286,20.719269994632313,0.8521202361782072,7.192699946323135,2.9589371980676327,0.1610305958132045,0.026838432635534086,0.040257648953301126,,,,
47,19.209608158883523,41.10305958132045,5.0791733762748255,17.64626945786366,0.8521202361782072,7.192699946323135,8.635265700483092,0.17444981213097155,0.026838432635534086,0.040257648953301126,0.040257648953301126,,,
48,19.249865807836823,40.39855072463768,5.146269457863661,17.277241009125067,0.8588298443370908,7.206119162640902,9.5276435856146,0.2281266774020397,0.026838432635534086,0.040257648953301126,0.040257648953301126,,,
49,19.558507783145465,40.123456790123456,5.267042404723564,17.143048845947398,0.8588298443370908,7.139023081052066,9.500805152979066,0.2616747181964573,0.026838432635534086,0.06038647342995169,0.06038647342995169,,,
50,19.685990338164252,38.37224906065486,6.535158346752549,16.988727858293075,1.42914653784219,7.125603864734299,9.386741814278047,0.2616747181964573,0.026838432635534086,0.0939345142243693,0.0939345142243693,,,
51,19.719538378958667,38.31186258722491,6.877348362855609,16.894793344068706,1.4761137949543746,6.823671497584541,9.252549651100376,0.3153515834675255,0.026838432635534086,0.0939345142243693,0.20799785292538917,,,
52,19.665861513687602,40.083199141170155,6.957863660762212,16.398282340311326,1.42914653784219,6.743156199677939,8.064949006977992,0.32877079978529256,0.026838432635534086,0.0939345142243693,0.20799785292538917,,,
53,19.35721953837896,36.07756307031669,6.8035426731078905,11.43317230273752,1.9927536231884058,6.709608158883521,17.082662372517444,0.16774020397208803,0.026838432635534086,0.0939345142243693,0.2549651100375738,,,
54,19.410896403650028,35.74208266237252,6.816961889425658,11.493558776167472,1.9793344068706387,6.984702093397746,16.99543746645196,0.20128824476650564,0.026838432635534086,0.0939345142243693,0.2549651100375738,,,
55,18.82716049382716,35.07112184648417,6.608964036500268,13.365539452495975,2.006172839506173,6.870638754696726,16.646537842190018,0.08722490606548577,0.026838432635534086,0.18115942028985507,0.30864197530864196,,,
56,18.632581857219538,29.03918411164788,4.64975845410628,13.231347289318304,1.9994632313472893,4.804079441760601,26.898819108964037,0.1274825550187869,0.026838432635534086,0.0939345142243693,0.49651100375738055,,,
57,18.67283950617284,28.650026838432634,4.669887278582931,13.278314546430488,2.073268921095008,4.911433172302737,26.939076757917338,0.15432098765432098,0.026838432635534086,0.0939345142243693,0.5300590445517982,,,
58,16.284219001610307,23.1682769726248,4.978529253891573,21.235909822866343,1.8853998926462694,4.944981213097155,26.536500268384327,0.1878690284487386,0.026838432635534086,0.0939345142243693,0.6575415995705851,,,
59,16.606280193236714,23.09447128287708,4.944981213097155,20.719269994632313,1.9390767579173376,4.924852388620504,26.221148684916802,0.6575415995705851,0.026838432635534086,0.0939345142243693,0.7514761137949544,0.020128824476650563,,
60,15.123456790123457,24.12775093934514,6.018518518518518,20.457595276435857,1.9189479334406871,4.891304347826087,25.617283950617285,0.8185721953837896,0.026838432635534086,0.0939345142243693,0.8856682769726248,0.020128824476650563,,
61,15.4723564143854,23.852657004830917,5.958132045088567,18.820450885668276,1.9189479334406871,5.46833064949007,26.737788513150832,0.7045088566827697,0.026838432635534086,0.0939345142243693,0.9259259259259259,0.020128824476650563,,
62,15.72061191626409,23.79898013955985,5.911164787976382,18.753354804079443,1.9189479334406871,5.481749865807837,26.29495437466452,0.9393451422436929,0.026838432635534086,0.0939345142243693,1.0131508319914118,0.04696725711218465,,
63,15.908480944712828,22.758990874932906,5.904455179817498,18.719806763285025,1.9122383252818036,5.508588298443371,26.81159420289855,0.9393451422436929,0.026838432635534086,0.0939345142243693,1.3419216317767042,0.07380568974771873,,
64,16.069511540526033,22.665056360708533,6.0587761674718195,18.686258722490606,1.90552871712292,5.394524959742351,26.583467525496513,0.9393451422436929,0.026838432635534086,0.12077294685990338,1.4761137949543746,0.07380568974771873,,
65,16.14331723027375,21.517713365539453,6.159420289855072,20.229468599033815,1.751207729468599,5.374396135265701,26.04669887278583,0.9393451422436929,0.026838432635534086,0.12077294685990338,1.596886741814278,0.0939345142243693,,
66,16.344605475040257,21.329844337090712,6.125872249060655,20.148953301127214,1.751207729468599,5.548845947396672,25.999731615673646,0.9393451422436929,0.026838432635534086,0.12077294685990338,1.570048309178744,0.0939345142243693,,
67,16.59957058507783,21.26274825550188,6.1929683306494905,20.041599570585078,1.751207729468599,5.501878690284487,25.85882984433709,0.9125067096081588,0.026838432635534086,0.12077294685990338,1.6371443907675791,0.0939345142243693,,
68,16.089640365002683,19.64573268921095,6.146001073537305,30.589103596349972,2.0531400966183573,5.4616210413311865,15.854804079441761,2.7106816961889426,0.026838432635534086,0.12077294685990338,1.2077294685990339,0.0939345142243693,,
69,15.539452495974235,18.397745571658614,5.9447128287707995,30.334138486312398,5.173107890499195,5.159688674181428,15.666935050993022,2.368491680085883,0.026838432635534086,0.11406333870101985,1.1808910359634996,0.0939345142243693,,
70,15.68035426731079,18.203166935050994,5.917874396135265,28.891572732152444,5.193236714975845,6.689479334406871,15.619967793880837,2.281266774020397,0.026838432635534086,0.18115942028985507,1.1272141706924315,0.1878690284487386,,
71,14.801395598497047,17.28395061728395,5.750134192163178,31.696188942565755,6.501610305958132,6.649221685453569,13.251476113794954,2.49597423510467,0.026838432635534086,0.18115942028985507,1.1741814278046163,0.1878690284487386,,
72,14.761137949543746,16.465378421900162,5.709876543209877,30.58239398819109,10.19189479334407,6.66935050993022,11.77536231884058,2.167203435319377,0.026838432635534086,0.2281266774020397,1.06682769726248,0.35560923242082665,,
73,15.01610305958132,16.35131508319914,5.857487922705314,30.26033279656468,10.165056360708535,6.642512077294686,11.43317230273752,2.1604938271604937,0.04696725711218465,0.2281266774020397,1.482823403113258,0.35560923242082665,,
74,15.13016639828234,16.478797638217927,5.924584004294149,29.998658078368223,10.198604401502953,6.8035426731078905,11.191626409017713,2.2611379495437465,0.07380568974771873,0.2281266774020397,1.3352120236178207,0.3757380568974772,,
75,15.465646806226516,16.358024691358025,5.911164787976382,29.334406870638755,10.916532474503489,6.66935050993022,11.077563070316694,2.2611379495437465,0.07380568974771873,0.2549651100375738,1.3016639828234031,0.3757380568974772,,
76,15.385131508319914,16.163446054750402,5.884326355340848,29.844337090713903,10.929951690821255,6.649221685453569,10.762211486849168,2.4020397208803006,0.07380568974771873,0.2281266774020397,1.2748255501878691,0.4025764895330113,,
77,15.747450348899624,16.06280193236715,5.776972624798712,29.502147074610843,10.88298443370907,6.629092860976919,10.63472893183038,2.6972624798711755,0.07380568974771873,0.2281266774020397,1.247987117552335,0.5166398282340311,,
78,16.035963499731615,15.962157809983896,5.783682232957595,29.25389157273215,10.903113258185721,6.736446591519055,10.547504025764896,2.7241009125067097,0.07380568974771873,0.2281266774020397,1.2278582930756843,0.5233494363929146,,
79,16.069511540526033,15.814546430488459,5.797101449275362,29.052603327965645,10.305958132045088,7.1725711218464845,10.896403650026839,2.7308105206655933,0.07380568974771873,0.2281266774020397,1.3352120236178207,0.5233494363929146,,
80,16.17686527106817,15.794417606011809,5.71658615136876,28.918411164787976,11.285560923242082,6.421095008051529,10.86285560923242,2.7442297369833604,0.10735373054213634,0.14761137949543746,1.3016639828234031,0.5233494363929146,,
81,16.552603327965645,15.780998389694043,5.730005367686527,28.44873859366613,11.198336017176597,6.353998926462695,10.768921095008052,3.0193236714975846,0.0939345142243693,0.14761137949543746,1.3620504562533549,0.5434782608695652,,
82,16.72705314009662,15.70048309178744,5.790391841116479,28.193773483628558,11.480139559849706,6.367418142780462,10.701825013419215,2.9589371980676327,0.0939345142243693,0.17444981213097155,1.2681159420289856,0.5434782608695652,,
83,16.61969940955448,14.38539989264627,5.22007514761138,27.985775630703166,13.94927536231884,6.253354804079442,10.493827160493828,2.9589371980676327,0.0939345142243693,0.17444981213097155,1.3083735909822867,0.5568974771873323,,
84,16.586151368760063,14.278046162104133,5.3341384863123995,27.72410091250671,13.533279656468062,6.011808910359635,11.158078368223295,3.2340311325818574,0.0939345142243693,0.17444981213097155,1.261406333870102,0.6105743424584005,,
85,15.170424047235642,27.03972088030059,6.662640901771336,24.530327428878152,10.61460010735373,4.569243156199678,7.856951154052603,1.9457863660762211,0.0939345142243693,0.06038647342995169,1.0601180891035964,0.39586688137412773,,
86,15.103327965646805,24.92619431025228,6.6827697262479875,27.42216854535695,8.896940418679549,5.535426731078905,7.863660762211487,1.9592055823939882,0.040257648953301126,0.06038647342995169,1.0802469135802468,0.4294149221685454,,
87,15.116747181964573,24.60413311862587,6.595544820182502,27.20746108427268,9.520933977455716,5.495169082125604,7.796564680622652,1.9994632313472893,0.040257648953301126,0.06038647342995169,1.0802469135802468,0.4830917874396135,,
88,15.579710144927537,24.4699409554482,6.4345142243692965,26.952495974235106,9.500805152979066,5.508588298443371,7.769726247987117,2.120236178207193,0.06709608158883522,0.06038647342995169,1.0802469135802468,0.4562533548040794,,
89,15.841384863123993,24.402844873859365,6.293612453032743,26.8317230273752,9.460547504025765,5.71658615136876,7.6623725174449815,2.0933977455716586,0.06709608158883522,0.06038647342995169,1.1137949543746646,0.4562533548040794,,
90,15.942028985507246,23.939881910896403,6.179549114331723,26.69753086419753,9.50751476113795,6.3137412775093935,7.62211486849168,2.1269457863660763,0.06709608158883522,0.06038647342995169,1.1137949543746646,0.4294149221685454,,
91,15.94873859366613,23.235373054213635,7.702630166398282,25.02012882447665,9.158615136876007,6.729736983360172,7.581857219538379,2.985775630703167,0.08722490606548577,0.040257648953301126,1.0802469135802468,0.4294149221685454,,
92,15.673644659151906,22.799248523886206,8.145464304884594,24.56387546967257,8.856682769726248,6.327160493827161,8.635265700483092,3.0864197530864197,0.08722490606548577,0.013419216317767043,1.3821792807300053,0.4294149221685454,,
93,15.74074074074074,22.477187332259795,8.32662372517445,23.886205045625335,9.111647879763822,7.313472893183038,8.024691358024691,3.307836822329576,0.08722490606548577,0.013419216317767043,1.2949543746645196,0.41599570585077833,,
94,16.1231884057971,22.23564143853999,8.353462157809984,23.718464841653248,9.125067096081589,7.132313472893183,8.179012345679013,3.3413848631239937,0.08722490606548577,,1.288244766505636,0.41599570585077833,,
95,16.317767042404725,22.020933977455716,8.353462157809984,22.946859903381643,9.145195920558239,7.105475040257649,8.105206655931294,4.2270531400966185,0.08722490606548577,,1.2748255501878691,0.41599570585077833,,
96,16.485507246376812,21.792807300053678,8.53462157809984,22.69860440150295,9.158615136876007,7.179280730005368,8.125335480407944,4.186795491143317,0.08722490606548577,,1.3352120236178207,0.41599570585077833,,
97,15.177133655394526,19.89398819108964,7.924047235641439,29.2337627482555,8.239398819108963,7.092055823939882,8.21256038647343,2.395330112721417,0.08722490606548577,,1.328502415458937,0.41599570585077833,,
98,15.445517981749866,19.81347289318304,7.917337627482555,29.045893719806763,8.219269994632313,7.139023081052066,8.105206655931294,2.4557165861513686,0.11406333870101985,,1.328502415458937,0.41599570585077833,,
99,15.754159957058508,19.732957595276435,7.763016639828234,28.918411164787976,8.091787439613526,7.118894256575416,7.890499194847021,2.717391304347826,0.11406333870101985,,1.482823403113258,0.41599570585077833,,
100,16.029253891572733,19.26328502415459,8.413848631239935,25.704508856682768,8.132045088566828,6.998121309715513,7.769726247987117,5.642780461621041,0.11406333870101985,,1.5365002683843263,0.39586688137412773,,
101,14.660493827160494,16.451959205582394,8.051529790660226,33.36688137412775,7.078636607622115,6.260064412238325,7.192699946323135,5.24020397208803,0.11406333870101985,,1.1876006441223832,0.39586688137412773,,
102,15.076489533011273,16.33118625872249,8.05823939881911,33.05823939881911,6.998121309715513,6.233225979602791,7.159151905528717,5.381105743424584,0.11406333870101985,,1.2077294685990339,0.3824476650563607,,
103,15.458937198067632,16.27750939345142,7.957595276435856,32.60198604401503,7.185990338164252,6.226516371443908,7.098765432098766,5.501878690284487,0.11406333870101985,,1.1943102522812667,0.3824476650563607,,
104,14.170692431561998,14.687332259796028,7.253086419753086,40.89506172839506,5.347557702630167,5.730005367686527,6.91760601180891,3.5628019323671496,0.11406333870101985,,0.9393451422436929,0.3824476650563607,,
105,14.325013419216317,14.600107353730541,7.206119162640902,40.41867954911433,5.589103596349974,5.669618894256575,6.830381105743425,3.743961352657005,0.11406333870101985,,1.133923778851315,0.36902844873859364,,
106,14.479334406870638,14.546430488459475,7.863660762211487,39.60010735373054,5.609232420826624,5.636070853462158,6.830381105743425,3.8177670424047236,0.11406333870101985,0.03354804079441761,1.1272141706924315,0.3421900161030596,,
107,14.774557165861514,14.298174986580785,8.460815888352121,39.05662909286098,5.5689747718733225,5.689747718733226,6.823671497584541,3.7372517444981215,0.08722490606548577,0.03354804079441761,1.1272141706924315,0.3421900161030596,,
108,15.123456790123457,14.2914653784219,8.393719806763285,38.707729468599034,5.528717122920021,5.683038110574342,6.796833064949007,3.8714439076757916,0.08722490606548577,0.03354804079441761,1.1540526033279657,0.32877079978529256,,
109,15.53274288781535,14.190821256038648,8.293075684380032,38.459473966720346,5.636070853462158,5.642780461621041,6.756575415995706,3.911701556629093,0.08722490606548577,0.03354804079441761,1.1272141706924315,0.32877079978529256,,
110,14.224369296833064,16.170155662909288,8.380300590445518,37.486580783682236,5.683038110574342,5.615942028985507,6.991411701556629,3.898282340311326,0.08722490606548577,0.03354804079441761,1.1003757380568975,0.32877079978529256,,
111,14.486044015029522,16.11647879763822,8.353462157809984,37.25174449812131,5.642780461621041,5.629361245303274,6.951154052603328,3.9720880300590444,0.08722490606548577,0.03354804079441761,1.1406333870101986,0.33548040794417605,,
112,14.506172839506172,16.089640365002683,8.319914117015566,35.86285560923242,5.662909286097692,7.065217391304348,6.937734836285561,3.9318303811057436,0.08722490606548577,0.03354804079441761,1.1272141706924315,0.33548040794417605,0.040257648953301126,
113,14.707461084272678,16.002415458937197,8.219269994632313,34.95034889962426,5.656199677938808,7.011540526033279,7.03166935050993,4.757112184648417,0.07380568974771873,0.03354804079441761,1.1272141706924315,0.38915727321524424,0.040257648953301126,
114,14.942297369833602,15.94873859366613,8.09849704777241,34.836285560923244,5.642780461621041,7.024959742351046,7.03166935050993,4.810789049919484,0.07380568974771873,0.03354804079441761,1.1137949543746646,0.4025764895330113,0.040257648953301126,
115,15.01610305958132,15.821256038647343,8.125335480407944,34.68867418142781,5.629361245303274,7.139023081052066,6.998121309715513,4.891304347826087,0.10735373054213634,0.03354804079441761,1.1137949543746646,0.39586688137412773,0.040257648953301126,
116,15.056360708534621,15.814546430488459,8.13875469672571,34.49409554482018,5.636070853462158,7.313472893183038,6.991411701556629,4.958400429414922,0.10735373054213634,0.0067096081588835215,1.0466988727858293,0.39586688137412773,0.040257648953301126,
117,15.304616210413311,15.801127214170693,8.32662372517445,34.064680622651636,5.669618894256575,7.340311325818572,6.823671497584541,5.005367686527107,0.10735373054213634,0.0067096081588835215,1.0802469135802468,0.4294149221685454,0.040257648953301126,
118,15.445517981749866,15.277777777777779,8.353462157809984,33.601717659688674,5.730005367686527,7.937466451959206,6.736446591519055,5.253623188405797,0.10735373054213634,0.0067096081588835215,1.0802469135802468,0.4294149221685454,0.040257648953301126,
119,15.734031132581856,15.197262479871176,8.353462157809984,33.272946859903385,5.756843800322061,7.816693505099302,6.756575415995706,5.421363392377885,0.10735373054213634,0.0067096081588835215,1.107085346215781,0.4294149221685454,0.040257648953301126,
120,15.888352120236178,15.096618357487923,8.400429414922169,33.03811057434246,5.683038110574342,7.98443370907139,6.756575415995706,5.475040257648954,0.10735373054213634,0.0067096081588835215,1.093666129898014,0.4294149221685454,0.040257648953301126,
121,15.734031132581856,14.855072463768115,8.380300590445518,32.776435856146,5.199946323134729,9.178743961352657,6.6760601180891035,5.46833064949007,0.10735373054213634,0.0067096081588835215,1.0466988727858293,0.5300590445517982,0.040257648953301126,
122,15.794417606011809,14.579978529253891,7.843531937734836,32.62211486849168,5.092592592592593,8.829844337090714,8.071658615136876,5.4549114331723025,0.10735373054213634,0.0067096081588835215,1.1205045625335481,0.43612453032742887,0.040257648953301126,
123,16.06280193236715,14.546430488459475,8.064949006977992,32.25308641975309,5.0993022007514766,8.756038647342995,8.017981749865807,5.4616210413311865,0.10735373054213634,0.0067096081588835215,1.1473429951690821,0.43612453032742887,0.040257648953301126,
124,16.31105743424584,14.459205582393988,8.105206655931294,32.058507783145465,5.065754159957058,8.789586688137414,7.98443370907139,5.4549114331723025,0.10735373054213634,0.0067096081588835215,1.1808910359634996,0.43612453032742887,0.040257648953301126,
125,16.566022544283413,14.318303811057435,8.172302737520129,31.810252281266774,5.005367686527107,8.984165324745035,7.924047235641439,5.414653784219001,0.10735373054213634,0.0067096081588835215,1.2144390767579174,0.43612453032742887,0.040257648953301126,
126,16.10305958132045,13.405797101449275,7.863660762211487,30.9849704777241,8.675523349436393,8.950617283950617,7.85024154589372,4.394793344068707,0.08722490606548577,0.0067096081588835215,1.221148684916801,0.41599570585077833,0.040257648953301126,
127,15.962157809983896,13.459473966720344,7.809983896940419,30.407944176060116,8.501073537305421,9.192163177670425,8.494363929146537,4.3545356951154055,0.08722490606548577,0.0067096081588835215,1.221148684916801,0.46296296296296297,0.040257648953301126,
128,16.210413311862588,13.43263553408481,7.803274288781535,30.12614063338701,8.454106280193237,9.151905528717123,8.467525496511003,4.502147074610843,0.12077294685990338,0.0067096081588835215,1.221148684916801,0.46296296296296297,0.040257648953301126,
129,16.13660762211487,13.311862587224907,9.346484165324744,28.576221148684915,8.454106280193237,9.104938271604938,8.521202361782072,4.62962962962963,0.12077294685990338,0.0067096081588835215,1.288244766505636,0.46296296296296297,0.040257648953301126,
130,16.31105743424584,13.20450885668277,9.380032206119163,28.5426731078905,8.440687063875469,9.125067096081589,8.440687063875469,4.616210413311863,0.1610305958132045,0.0067096081588835215,1.2546967257112185,0.47638217928073,0.040257648953301126,
131,16.022544283413847,13.077026301663983,9.03113258185722,27.697262479871174,8.608427267847558,10.144927536231885,8.957326892109501,4.549114331723027,0.1610305958132045,0.0067096081588835215,1.2412775093934514,0.46296296296296297,0.040257648953301126,
132,16.451959205582394,13.036768652710682,8.977455716586151,27.522812667740205,8.548040794417606,10.111379495437467,8.910359634997317,4.49543746645196,0.1610305958132045,0.0067096081588835215,1.2144390767579174,0.5233494363929146,0.040257648953301126,
133,16.23725174449812,12.151100375738057,8.36688137412775,27.361782071927,8.501073537305421,11.855877616747183,8.910359634997317,4.49543746645196,0.1610305958132045,0.0067096081588835215,1.2144390767579174,0.6977992485238862,0.040257648953301126,
134,16.55931293612453,12.104133118625873,8.373590982286634,27.13365539452496,8.400429414922169,11.768652710681696,8.863392377885132,4.616210413311863,0.1610305958132045,0.0067096081588835215,1.2412775093934514,0.7313472893183038,0.040257648953301126,
135,16.881374127750938,11.869296833064949,8.387010198604402,26.94578636607622,8.340042941492216,11.714975845410628,8.80300590445518,4.851046698872786,0.1610305958132045,0.0067096081588835215,1.2546967257112185,0.7313472893183038,0.05367686527106817,
136,16.988727858293075,11.721685453569512,8.608427267847558,26.84514224369297,8.32662372517445,11.641170155662909,8.789586688137414,4.911433172302737,0.1610305958132045,0.0067096081588835215,1.2144390767579174,0.7313472893183038,0.05367686527106817,
137,17.062533548040793,11.500268384326356,8.68894256575416,26.41572732152442,8.28636607622115,11.782071926999464,8.655394524959743,5.186527106816962,0.1610305958132045,0.03354804079441761,1.3821792807300053,0.7917337627482555,0.05367686527106817,
138,17.317498658078367,11.426462694578637,8.957326892109501,25.885668276972623,8.28636607622115,11.714975845410628,8.883521202361782,5.179817498658078,0.1610305958132045,0.05367686527106817,1.3352120236178207,0.7447665056360708,0.05367686527106817,
139,17.693236714975846,11.3593666129898,8.964036500268385,25.791733762748255,8.225979602791197,11.647879763821793,8.776167471819646,5.173107890499195,0.1610305958132045,0.05367686527106817,1.3687600644122384,0.7313472893183038,0.05367686527106817,
140,17.713365539452496,11.11111111111111,8.883521202361782,25.583735909822867,9.27938808373591,11.16478797638218,8.756038647342995,5.119431025228127,0.1610305958132045,0.05367686527106817,1.3620504562533549,0.7581857219538379,0.05367686527106817,
141,18.00858829844337,11.084272678475577,8.729200214707461,25.127482555018787,9.265968867418144,11.761943102522812,8.635265700483092,4.985238862050457,0.1610305958132045,0.05367686527106817,1.3486312399355878,0.785024154589372,0.05367686527106817,
142,18.183038110574344,11.05072463768116,8.776167471819646,24.261943102522814,9.292807300053678,12.379227053140097,8.635265700483092,5.025496511003757,0.1610305958132045,0.05367686527106817,1.3419216317767042,0.785024154589372,0.05367686527106817,
143,15.841384863123993,8.910359634997317,6.595544820182502,35.72866344605475,9.192163177670425,9.554482018250134,8.57487922705314,3.549382716049383,0.1274825550187869,,1.3150831991411702,0.5703166935050993,0.040257648953301126,
144,16.10305958132045,8.789586688137414,6.528448738593666,35.55421363392378,9.192163177670425,9.668545356951155,8.460815888352121,3.670155662909286,0.1274825550187869,,1.3083735909822867,0.5568974771873323,0.040257648953301126,
145,16.109769189479334,8.541331186258722,6.468062265163715,35.40660225442834,9.876543209876543,9.802737520128824,8.011272141706923,3.69699409554482,0.1274825550187869,0.11406333870101985,1.247987117552335,0.5568974771873323,0.040257648953301126,
146,16.015834675254965,8.521202361782072,6.535158346752549,35.21202361782072,10.534084809447128,9.688674181427805,7.601986044015029,3.8043478260869565,0.1274825550187869,0.11406333870101985,1.221148684916801,0.5837359098228664,0.040257648953301126,
147,16.129898013955984,8.36688137412775,6.749865807836822,34.91009125067096,10.453569511540525,9.601449275362318,7.709339774557166,3.864734299516908,0.20128824476650564,0.14090177133655393,1.2278582930756843,0.6038647342995169,0.040257648953301126,
148,16.378153515834676,8.239398819108963,6.91760601180891,34.64170692431562,10.413311862587225,9.608158883521202,7.702630166398282,3.851315083199141,0.20128824476650564,0.17444981213097155,1.2278582930756843,0.6038647342995169,0.040257648953301126,
149,16.33118625872249,7.856951154052603,6.736446591519055,34.44041867954911,12.385936661298981,9.346484165324744,7.105475040257649,3.670155662909286,0.20128824476650564,0.14090177133655393,1.1876006441223832,0.5568974771873323,0.040257648953301126,
150,16.472088030059044,7.843531937734836,6.723027375201288,34.326355340848096,12.352388620504563,9.359903381642512,7.092055823939882,3.683574879227053,0.20128824476650564,0.14090177133655393,1.1674718196457328,0.5971551261406334,0.040257648953301126,
151,16.492216854535695,7.803274288781535,6.4412238325281805,33.883521202361784,12.359098228663447,9.057971014492754,7.742887815351583,3.9586688137412773,0.19457863660762212,0.13419216317767044,1.3083735909822867,0.5971551261406334,0.026838432635534086,
152,16.418411164787976,7.796564680622652,6.407675791733762,32.56843800322061,12.077294685990339,10.768921095008052,7.749597423510467,3.9452495974235107,0.19457863660762212,0.1610305958132045,1.3083735909822867,0.5770263016639828,0.026838432635534086,
153,16.760601180891037,7.796564680622652,6.447933440687064,32.33360171765969,11.956521739130435,10.7085346215781,7.763016639828234,3.9519592055823938,0.19457863660762212,0.19457863660762212,1.288244766505636,0.5770263016639828,0.026838432635534086,
154,16.968599033816425,7.7831454643048845,6.528448738593666,31.743156199677937,12.097423510466989,10.721953837895867,7.722758990874933,4.2270531400966185,0.19457863660762212,0.15432098765432098,1.2546967257112185,0.5770263016639828,0.026838432635534086,
155,17.196725711218466,7.7831454643048845,6.588835212023618,31.655931293612454,11.929683306494901,10.621309715512615,7.7898550724637685,4.206924315619967,0.19457863660762212,0.15432098765432098,1.288244766505636,0.5636070853462157,0.026838432635534086,
156,17.458400429414922,7.6623725174449815,6.414385399892646,31.54186795491143,12.157809983896941,10.648148148148149,7.709339774557166,4.180085882984434,0.19457863660762212,0.14090177133655393,1.2681159420289856,0.5971551261406334,0.026838432635534086,
157,17.74020397208803,7.514761137949543,6.394256575415996,31.226516371443907,12.104133118625873,10.63472893183038,7.729468599033816,4.341116478797638,0.19457863660762212,0.20128824476650564,1.2949543746645196,0.5971551261406334,0.026838432635534086,
158,17.834138486312398,7.50805152979066,6.468062265163715,30.750134192163177,12.848899624261943,10.520665593129362,7.6623725174449815,4.106280193236715,0.19457863660762212,0.2281266774020397,1.2546967257112185,0.5971551261406334,0.026838432635534086,
159,18.06226516371444,7.440955448201825,6.575415995705851,30.575684380032207,12.795222758990874,10.567632850241546,7.5281803542673105,4.126409017713366,0.2281266774020397,0.2214170692431562,1.2546967257112185,0.5971551261406334,0.026838432635534086,
160,18.183038110574344,7.4141170155662905,6.582125603864735,30.50187869028449,12.721417069243156,10.61460010735373,7.501341921631776,4.119699409554482,0.2281266774020397,0.2616747181964573,1.247987117552335,0.5971551261406334,0.026838432635534086,
161,17.55233494363929,7.246376811594203,6.045356951154052,33.89694041867955,12.104133118625873,10.554213633923778,6.5552871712292005,3.878153515834675,0.2281266774020397,0.23483628556092323,1.0534084809447128,0.6239935587761675,0.026838432635534086,
162,17.290660225442835,7.105475040257649,6.239935587761675,34.01771336553945,11.882716049382717,10.513955984970478,6.494900697799249,4.17337627482555,0.2281266774020397,0.23483628556092323,1.1607622114868492,0.630703166935051,0.026838432635534086,
163,17.52549651100376,7.051798174986581,6.421095008051529,32.669082125603865,11.701556629092861,11.513687600644122,6.629092860976919,4.159957058507783,0.2281266774020397,0.23483628556092323,1.2010198604401503,0.6374127750939346,0.026838432635534086,
164,17.55233494363929,6.957863660762212,6.595544820182502,32.43424584004294,11.75523349436393,11.453301127214171,6.629092860976919,4.253891572732153,0.2281266774020397,0.23483628556092323,1.2278582930756843,0.6508319914117016,0.026838432635534086,
165,17.257112184648417,6.937734836285561,6.535158346752549,27.522812667740205,11.486849168008588,10.319377348362856,13.560118089103597,4.119699409554482,0.2281266774020397,0.23483628556092323,1.1607622114868492,0.6105743424584005,0.026838432635534086,
166,17.411433172302736,6.904186795491143,6.568706387546968,27.449006977992486,11.466720343531938,10.272410091250672,13.526570048309178,4.119699409554482,0.2281266774020397,0.23483628556092323,1.1808910359634996,0.6105743424584005,0.026838432635534086,
167,17.52549651100376,6.837090713902308,6.749865807836822,27.220880300590444,11.486849168008588,10.272410091250672,13.486312399355878,4.106280193236715,0.2214170692431562,0.23483628556092323,1.221148684916801,0.6105743424584005,0.026838432635534086,
168,17.59259259259259,6.763285024154589,6.884057971014493,26.96591519055287,11.694847020933977,10.11808910359635,13.358829844337091,4.133118625872249,0.2214170692431562,0.23483628556092323,1.3888888888888888,0.6172839506172839,0.026838432635534086,
169,12.332259796027913,4.3545356951154055,3.6902844873859366,41.42512077294686,13.955984970477724,7.883789586688137,11.688137412775093,3.0931293612453032,0.04696725711218465,0.03354804079441761,1.133923778851315,0.36231884057971014,,
170,12.614063338701019,4.3478260869565215,3.6902844873859366,41.06280193236715,13.875469672571121,7.85024154589372,11.728395061728396,3.2541599570585076,0.04696725711218465,0.03354804079441761,1.133923778851315,0.36231884057971014,,
171,13.050187869028449,4.26731078904992,3.878153515834675,40.78099838969404,13.768115942028986,7.749597423510467,11.654589371980677,3.307836822329576,0.04696725711218465,0.03354804079441761,1.1137949543746646,0.3488996242619431,,
172,13.419216317767042,4.2270531400966185,4.019055287171229,40.41196994095545,13.747987117552334,7.729468599033816,11.58749329039184,3.2474503488996245,0.04696725711218465,0.013419216317767043,1.1808910359634996,0.36902844873859364,,
173,13.781535158346752,4.200214707461084,4.106280193236715,40.123456790123456,13.613794954374665,7.669082125603865,11.574074074074074,3.3480944712828773,0.04696725711218465,0.013419216317767043,1.1540526033279657,0.36902844873859364,,
174,13.378958668813741,3.92512077294686,4.05931293612453,41.41170155662909,12.29200214707461,7.387278582930757,11.225174449812132,4.851046698872786,0.04696725711218465,0.013419216317767043,1.0735373054213635,0.33548040794417605,,
175,13.41250670960816,3.92512077294686,4.079441760601181,41.02254428341385,13.036768652710682,7.058507783145465,10.997047772410092,4.911433172302737,0.04696725711218465,0.05367686527106817,1.2546967257112185,0.20128824476650564,,
176,13.258185721953838,4.777241009125067,4.032474503488996,40.53945249597424,12.721417069243156,7.098765432098766,10.903113258185721,5.146269457863661,0.04696725711218465,0.05367686527106817,1.2144390767579174,0.20799785292538917,,
177,13.365539452495975,4.770531400966184,4.086151368760064,40.31132581857219,12.580515297906603,7.018250134192163,10.963499731615673,5.273752012882448,0.04696725711218465,0.05367686527106817,1.247987117552335,0.28180354267310787,,
178,13.848631239935587,4.736983360171766,4.072732152442297,40.002683843263554,12.580515297906603,6.971282877079979,10.896403650026839,5.246913580246914,0.04696725711218465,0.05367686527106817,1.2278582930756843,0.3153515834675255,,
179,14.163982823403114,4.723564143853999,4.240472356414386,39.56655931293612,12.399355877616747,6.944444444444445,10.86285560923242,5.347557702630167,0.04696725711218465,0.040257648953301126,1.3486312399355878,0.3153515834675255,,
180,14.237788513150832,4.7101449275362315,4.575952764358561,39.774557165861516,12.298711755233494,6.823671497584541,10.587761674718196,5.267042404723564,0.04696725711218465,0.040257648953301126,1.3217928073000538,0.3153515834675255,,
181,14.351851851851851,4.7101449275362315,4.5893719806763285,39.69404186795491,12.224906065485776,6.810252281266774,10.540794417606012,5.287171229200215,0.04696725711218465,0.040257648953301126,1.3150831991411702,0.35560923242082665,0.03354804079441761,
182,14.51959205582394,4.703435319377348,4.696725711218465,39.432367149758456,12.177938808373591,6.763285024154589,10.326086956521738,5.374396135265701,0.04696725711218465,0.040257648953301126,1.5163714439076759,0.36902844873859364,0.03354804079441761,
183,14.841653247450349,4.656468062265164,4.488727858293076,39.12372517444981,12.070585077831455,7.051798174986581,10.245571658615138,5.495169082125604,0.03354804079441761,0.040257648953301126,1.5163714439076759,0.4025764895330113,0.03354804079441761,
