,45,50,53,55,52,54,51,57,60,58,56,61,59,64,62,63
0,99.58400429414922,0.41599570585077833,,,,,,,,,,,,,,
1,99.01368760064412,0.9863123993558777,,,,,,,,,,,,,,
2,95.71926999463231,4.247181964573269,0.020128824476650563,0.013419216317767043,,,,,,,,,,,,
3,92.80059044551798,7.152442297369833,0.03354804079441761,0.013419216317767043,,,,,,,,,,,,
4,91.3311862587225,8.501073537305421,0.03354804079441761,0.13419216317767044,,,,,,,,,,,,
5,90.90848094471284,8.923778851315083,0.03354804079441761,0.13419216317767044,,,,,,,,,,,,
6,90.25093934514224,9.561191626409018,0.03354804079441761,0.12077294685990338,0.020128824476650563,0.013419216317767043,,,,,,,,,,
7,89.89533011272141,9.916800858829845,0.03354804079441761,0.12077294685990338,0.020128824476650563,0.013419216317767043,,,,,,,,,,
8,87.23161567364465,12.553676865271068,0.03354804079441761,0.14761137949543746,0.020128824476650563,0.013419216317767043,,,,,,,,,,
9,86.8894256575416,12.875738056897477,0.03354804079441761,0.16774020397208803,0.020128824476650563,0.013419216317767043,,,,,,,,,,
10,76.78475577026302,22.940150295222757,0.03354804079441761,0.18115942028985507,0.020128824476650563,0.013419216317767043,0.026838432635534086,,,,,,,,,
11,76.41572732152443,23.09447128287708,0.020128824476650563,0.2885131508319914,0.03354804079441761,0.013419216317767043,0.13419216317767044,,,,,,,,,
12,76.15405260332797,23.275630703166936,0.020128824476650563,0.36902844873859364,0.03354804079441761,0.013419216317767043,0.13419216317767044,,,,,,,,,
13,62.07729468599034,37.11755233494364,0.15432098765432098,0.4562533548040794,0.04696725711218465,0.013419216317767043,0.13419216317767044,,,,,,,,,
14,60.339506172839506,38.53327965646806,0.19457863660762212,0.46967257112184646,0.04696725711218465,0.28180354267310787,0.13419216317767044,,,,,,,,,
15,60.07112184648417,38.64734299516908,0.19457863660762212,0.5568974771873323,0.04696725711218465,0.3488996242619431,0.13419216317767044,,,,,,,,,
16,59.796027911969944,38.56682769726248,0.24154589371980675,0.6038647342995169,0.04696725711218465,0.4428341384863124,0.30193236714975846,,,,,,,,,
17,59.27938808373591,38.88217928073001,0.2616747181964573,0.7179280730005367,0.07380568974771873,0.4428341384863124,0.3421900161030596,,,,,,,,,
18,56.025228126677405,41.78743961352657,0.2616747181964573,0.9997316156736447,0.11406333870101985,0.2952227589908749,0.5166398282340311,,,,,,,,,
19,55.75013419216318,41.74718196457327,0.2616747181964573,1.1540526033279657,0.0939345142243693,0.4092860976918948,0.5837359098228664,,,,,,,,,
20,47.62479871175523,49.61755233494364,0.4227053140096618,1.4895330112721417,0.08051529790660225,0.2214170692431562,0.5434782608695652,,,,,,,,,
21,47.41009125067096,49.604133118625874,0.5032206119162641,1.570048309178744,0.08051529790660225,0.2885131508319914,0.5434782608695652,,,,,,,,,
22,47.06119162640902,49.67793880837359,0.5770263016639828,1.7713365539452497,0.08051529790660225,0.2885131508319914,0.5434782608695652,,,,,,,,,
23,46.69887278582931,49.765163714439076,0.5703166935050993,1.90552871712292,0.14761137949543746,0.2885131508319914,0.6239935587761675,,,,,,,,,
24,46.544551798174986,49.53032742887815,0.6374127750939346,2.2208803005904456,0.14761137949543746,0.2885131508319914,0.6239935587761675,0.0067096081588835215,,,,,,,,
25,37.835480407944175,57.49463231347289,1.8585614600107354,2.100107353730542,0.14761137949543746,0.11406333870101985,0.4428341384863124,0.0067096081588835215,,,,,,,,
26,37.66774020397209,56.26006441223833,1.7847557702630166,1.9122383252818036,0.14761137949543746,0.10064412238325282,2.1068169618894257,0.0067096081588835215,0.013419216317767043,,,,,,,
27,35.92324208266237,57.66237251744498,1.7914653784219001,2.2946859903381642,0.14761137949543746,0.10064412238325282,2.059849704777241,0.0067096081588835215,0.013419216317767043,,,,,,,
28,35.621309715512616,57.55501878690284,1.7847557702630166,2.61003757380569,0.14761137949543746,0.10064412238325282,2.15378421900161,0.0067096081588835215,0.013419216317767043,0.0067096081588835215,,,,,,
29,35.42673107890499,57.71604938271605,1.7847557702630166,2.6301663982823404,0.14761137949543746,0.10064412238325282,2.167203435319377,0.0067096081588835215,0.013419216317767043,0.0067096081588835215,,,,,,
30,35.30595813204509,57.66237251744498,1.8048845947396672,2.771068169618894,0.14761137949543746,0.11406333870101985,2.167203435319377,0.0067096081588835215,0.013419216317767043,0.0067096081588835215,,,,,,
31,34.84970477724101,57.648953301127214,1.7914653784219001,3.113258185721954,0.14761137949543746,0.1274825550187869,2.2946859903381642,0.0067096081588835215,0.013419216317767043,0.0067096081588835215,,,,,,
32,29.09286097691895,63.056897477187334,1.556629092860977,2.932098765432099,2.5295222758990876,0.07380568974771873,0.6910896403650026,0.020128824476650563,0.013419216317767043,0.0067096081588835215,0.026838432635534086,,,,,
33,28.965378421900162,62.80864197530864,1.596886741814278,3.2742887815351582,2.5295222758990876,0.07380568974771873,0.6843800322061192,0.020128824476650563,0.013419216317767043,0.0067096081588835215,0.026838432635534086,,,,,
34,28.871443907675793,62.17793880837359,1.5365002683843263,3.965378421900161,2.5295222758990876,0.07380568974771873,0.6843800322061192,0.020128824476650563,0.013419216317767043,0.0067096081588835215,0.12077294685990338,,,,,
35,27.999194847020934,62.60064412238325,1.5365002683843263,4.394793344068707,2.5697799248523885,0.07380568974771873,0.6843800322061192,0.020128824476650563,0.013419216317767043,0.0067096081588835215,0.10064412238325282,,,,,
36,27.831454643048847,62.104133118625874,1.5365002683843263,4.830917874396135,2.677133655394525,0.19457863660762212,0.6843800322061192,0.020128824476650563,0.013419216317767043,0.0067096081588835215,0.10064412238325282,,,,,
37,27.32823403113258,60.950080515297905,1.5365002683843263,4.64975845410628,4.408212560386473,0.2616747181964573,0.7246376811594203,0.020128824476650563,0.013419216317767043,0.0067096081588835215,0.10064412238325282,,,,,
38,27.28797638217928,60.809178743961354,1.5365002683843263,4.817498658078368,4.394793344068707,0.2616747181964573,0.7112184648416533,0.020128824476650563,0.013419216317767043,0.0067096081588835215,0.14090177133655393,,,,,
39,27.053140096618357,60.73537305421363,1.5365002683843263,5.119431025228127,4.367954911433173,0.2616747181964573,0.7112184648416533,0.05367686527106817,0.013419216317767043,0.0067096081588835215,0.14090177133655393,,,,,
40,26.717659688674182,60.70182501341922,1.5297906602254427,5.166398282340311,4.3545356951154055,0.2616747181964573,0.9057971014492754,0.20128824476650564,0.013419216317767043,0.0067096081588835215,0.14090177133655393,,,,,
41,26.617015566290927,60.47369833601718,1.5297906602254427,5.233494363929147,4.3545356951154055,0.39586688137412773,1.0332796564680622,0.20128824476650564,0.013419216317767043,0.0067096081588835215,0.14090177133655393,,,,,
42,26.529790660225444,60.265700483091784,1.5297906602254427,5.401234567901234,4.3545356951154055,0.5233494363929146,1.0332796564680622,0.20128824476650564,0.013419216317767043,0.0067096081588835215,0.14090177133655393,,,,,
43,26.50295222758991,60.07783145464305,1.3821792807300053,5.501878690284487,4.3545356951154055,0.6239935587761675,1.0332796564680622,0.3421900161030596,0.013419216317767043,0.0067096081588835215,0.14090177133655393,0.020128824476650563,,,,
44,21.571390230810522,66.41841116478798,0.9125067096081588,4.508856682769726,4.294149221685454,1.1808910359634996,0.5367686527106817,0.322061191626409,,0.0939345142243693,0.14090177133655393,0.020128824476650563,,,,
45,21.450617283950617,65.21068169618894,1.1137949543746646,5.636070853462158,4.280730005367687,1.1808910359634996,0.5367686527106817,0.33548040794417605,,0.0939345142243693,0.14090177133655393,0.020128824476650563,,,,
46,21.22920021470746,64.42565754159958,1.1741814278046163,6.421095008051529,4.280730005367687,1.288244766505636,0.5501878690284487,0.33548040794417605,,0.13419216317767044,0.14090177133655393,0.020128824476650563,,,,
47,21.041331186258724,64.04320987654322,1.261406333870102,6.910896403650026,4.274020397208803,1.288244766505636,0.5501878690284487,0.33548040794417605,,0.13419216317767044,0.14090177133655393,0.020128824476650563,,,,
48,21.00107353730542,63.63392377885131,1.261406333870102,6.998121309715513,4.274020397208803,1.5499194847020934,0.6508319914117016,0.33548040794417605,,0.13419216317767044,0.14090177133655393,0.020128824476650563,,,,
49,20.67230273752013,53.37493290391841,1.3486312399355878,5.984970477724101,4.159957058507783,1.5633387010198605,12.164519592055823,0.32877079978529256,,0.13419216317767044,0.2683843263553409,,,,,
50,19.706119162640903,54.06602254428341,1.3352120236178207,6.099033816425121,4.106280193236715,1.5633387010198605,12.218196457326892,0.5032206119162641,,0.13419216317767044,0.2683843263553409,,,,,
51,19.639023081052066,53.85131508319914,1.3821792807300053,6.206387546967257,4.025764895330113,1.6103059581320451,12.29200214707461,0.5032206119162641,,0.13419216317767044,0.35560923242082665,,,,,
52,19.51825013419216,53.71041331186259,1.3821792807300053,6.461352657004831,3.878153515834675,1.6103059581320451,12.379227053140097,0.5568974771873323,,0.13419216317767044,0.36902844873859364,,,,,
53,19.51825013419216,53.40848094471283,1.3821792807300053,6.655931293612453,3.965378421900161,1.6371443907675791,12.359098228663447,0.5568974771873323,,0.13419216317767044,0.3824476650563607,,,,,
54,19.51825013419216,53.38164251207729,1.3553408480944713,6.702898550724638,3.992216854535695,1.6371443907675791,12.338969404186795,0.5568974771873323,,0.13419216317767044,0.3824476650563607,,,,,
55,19.32367149758454,52.34836285560923,1.3553408480944713,7.7361782071927,4.05931293612453,1.6908212560386473,12.29200214707461,0.5568974771873323,,0.13419216317767044,0.5032206119162641,,,,,
56,19.249865807836823,51.871980676328505,1.3553408480944713,8.185721953837897,4.045893719806763,1.7981749865807837,12.285292538915728,0.5703166935050993,,0.13419216317767044,0.5032206119162641,,,,,
57,19.249865807836823,51.81830381105743,1.3486312399355878,8.266237251744498,3.9855072463768115,1.8786902844873858,12.177938808373591,0.5367686527106817,,0.14090177133655393,0.5971551261406334,,,,,
58,18.907675791733762,49.77858293075684,1.4492753623188406,7.957595276435856,3.9855072463768115,4.468599033816425,12.110842726784755,0.5367686527106817,,0.14090177133655393,0.6642512077294686,,,,,
59,18.813741277509394,49.67793880837359,1.4492753623188406,8.111916264090176,3.9855072463768115,4.468599033816425,12.02361782071927,0.5367686527106817,,0.14090177133655393,0.7917337627482555,,,,,
60,18.80703166935051,49.16129898013956,1.4492753623188406,8.501073537305421,4.133118625872249,4.468599033816425,12.02361782071927,0.5233494363929146,,0.14090177133655393,0.7917337627482555,,,,,
61,18.773483628556093,49.00697799248524,1.556629092860977,8.514492753623188,4.0995705850778315,4.468599033816425,12.030327428878154,0.5568974771873323,,0.14090177133655393,0.8521202361782072,,,,,
62,18.632581857219538,48.84594739667203,1.4694041867954912,8.78287707997853,4.186795491143317,4.508856682769726,11.90955448201825,0.5434782608695652,,0.14090177133655393,0.9796027911969941,,,,,
63,18.55877616747182,48.34272678475577,1.583467525496511,9.16532474503489,4.186795491143317,4.522275899087493,11.929683306494901,0.5434782608695652,,0.1610305958132045,0.9796027911969941,0.026838432635534086,,,,
64,18.411164787976382,48.309178743961354,1.583467525496511,9.252549651100376,4.186795491143317,4.616210413311863,11.77536231884058,0.5434782608695652,,0.1610305958132045,1.133923778851315,0.026838432635534086,,,,
65,18.397745571658614,47.96698872785829,1.583467525496511,9.447128287707997,4.186795491143317,4.7638217928073,11.75523349436393,0.5434782608695652,,0.19457863660762212,1.133923778851315,0.026838432635534086,,,,
66,18.303811057434245,47.97369833601718,1.583467525496511,9.460547504025765,4.300858829844337,4.777241009125067,11.721685453569512,0.5434782608695652,0.07380568974771873,0.19457863660762212,1.0534084809447128,0.013419216317767043,,,,
67,18.00858829844337,47.738862050456255,1.6572732152442298,9.567901234567902,4.435050993022007,4.87788513150832,11.500268384326356,0.5367686527106817,0.07380568974771873,0.19457863660762212,1.3687600644122384,0.040257648953301126,,,,
68,17.72007514761138,47.54428341384863,1.6908212560386473,9.4873859366613,4.703435319377348,5.112721417069243,11.345947396672035,0.5367686527106817,0.07380568974771873,0.19457863660762212,1.5499194847020934,0.040257648953301126,,,,
69,16.955179817498657,48.081052066559316,1.724369296833065,9.836285560923242,4.669887278582931,5.005367686527107,11.292270531400966,0.5636070853462157,0.07380568974771873,0.19457863660762212,1.5499194847020934,0.040257648953301126,0.013419216317767043,,,
70,11.386205045625335,55.099302200751474,1.5633387010198605,9.420289855072463,4.253891572732153,4.790660225442834,10.970209339774557,0.5636070853462157,0.07380568974771873,0.15432098765432098,1.6505636070853462,0.06038647342995169,0.013419216317767043,,,
71,9.936929683306495,57.588566827697264,1.5163714439076759,9.634997316156737,3.2340311325818574,4.7638217928073,10.95679012345679,0.41599570585077833,0.07380568974771873,0.15432098765432098,1.6505636070853462,0.06038647342995169,0.013419216317767043,,,
72,9.903381642512077,57.23295759527644,1.6304347826086956,9.88996242619431,3.227321524422974,4.74369296833065,10.943370907139023,0.41599570585077833,0.07380568974771873,0.15432098765432098,1.6908212560386473,0.06038647342995169,0.03354804079441761,,,
73,9.903381642512077,56.78341384863124,1.6438539989264627,10.292538915727322,3.227321524422974,4.7168545356951155,10.889694041867955,0.41599570585077833,0.07380568974771873,0.15432098765432098,1.751207729468599,0.06038647342995169,0.08722490606548577,,,
74,9.789318303811058,56.494900697799245,1.6438539989264627,10.59447128287708,3.260869565217391,4.7638217928073,10.889694041867955,0.41599570585077833,0.07380568974771873,0.17444981213097155,1.751207729468599,0.06038647342995169,0.08722490606548577,,,
75,9.668545356951155,56.58212560386473,1.6371443907675791,10.581052066559312,3.2877079978529253,4.777241009125067,10.88298443370907,0.4227053140096618,0.07380568974771873,0.18115942028985507,1.7579173376274826,0.06038647342995169,0.08722490606548577,,,
76,9.192163177670425,53.28770799785293,1.442565754159957,10.158346752549651,3.2474503488996245,5.381105743424584,14.861782071927,0.41599570585077833,0.07380568974771873,0.11406333870101985,1.6908212560386473,0.06038647342995169,0.07380568974771873,,,
77,9.178743961352657,52.234299516908216,1.4224369296833066,11.124530327428879,3.2474503488996245,5.495169082125604,14.794685990338165,0.41599570585077833,0.07380568974771873,0.11406333870101985,1.7646269457863661,0.06038647342995169,0.07380568974771873,,,
78,9.178743961352657,52.14036500268384,2.462426194310252,11.218464841653248,3.2474503488996245,5.495169082125604,13.674181427804616,0.41599570585077833,0.07380568974771873,0.11406333870101985,1.8451422436929683,0.06038647342995169,0.07380568974771873,,,
79,9.178743961352657,51.83843263553408,2.462426194310252,11.480139559849706,3.2474503488996245,5.495169082125604,13.506441223832528,0.41599570585077833,0.07380568974771873,0.11406333870101985,2.0531400966183573,0.06038647342995169,0.07380568974771873,,,
80,8.82313472893183,47.60466988727858,2.428878153515835,10.319377348362856,3.1199677938808374,5.072463768115942,19.692699946323135,0.3757380568974772,0.07380568974771873,0.11406333870101985,2.2410091250670963,0.06038647342995169,0.07380568974771873,,,
81,8.796296296296296,47.20209339774557,2.3617820719269993,10.775630703166936,3.1199677938808374,4.87788513150832,19.618894256575416,0.5233494363929146,0.07380568974771873,0.11406333870101985,2.4020397208803006,0.06038647342995169,0.07380568974771873,,,
82,8.776167471819646,46.97396672034353,2.341653247450349,10.950080515297907,3.1333870101986045,4.9651100375738055,19.424315619967793,0.5233494363929146,0.07380568974771873,0.11406333870101985,2.576489533011272,0.06038647342995169,0.08722490606548577,,,
83,8.662104133118627,47.00080515297907,2.475845410628019,10.856146001073537,3.180354267310789,4.938271604938271,19.404186795491142,0.5233494363929146,0.07380568974771873,0.11406333870101985,2.589908749329039,0.06038647342995169,0.12077294685990338,,,
84,8.608427267847558,46.59151905528717,2.4691358024691357,11.33923778851315,3.33467525496511,4.938271604938271,19.296833064949006,0.5300590445517982,0.07380568974771873,0.11406333870101985,2.522812667740204,0.06038647342995169,0.12077294685990338,,,
85,8.57487922705314,46.544551798174986,2.4490069779924855,11.325818572195384,3.33467525496511,4.938271604938271,19.223027375201287,0.5300590445517982,0.10064412238325282,0.11406333870101985,2.6838432635534084,0.06038647342995169,0.12077294685990338,,,
86,8.57487922705314,46.37010198604401,2.442297369833602,11.513687600644122,3.33467525496511,4.938271604938271,19.223027375201287,0.5300590445517982,0.10064412238325282,0.12077294685990338,2.6704240472356413,0.06038647342995169,0.12077294685990338,,,
87,8.447396672034353,46.202361782071925,2.536231884057971,11.688137412775093,3.33467525496511,4.99194847020934,19.209608158883523,0.5300590445517982,0.08722490606548577,0.12077294685990338,2.6838432635534084,0.04696725711218465,0.12077294685990338,,,
88,8.427267847557703,46.041331186258724,2.536231884057971,11.802200751476114,3.33467525496511,4.8443370907139025,19.108964036500268,0.5300590445517982,0.08722490606548577,0.12077294685990338,2.871712292002147,0.04696725711218465,0.24825550187869028,,,
89,8.272946859903382,44.73966720343532,2.395330112721417,11.674718196457327,6.340579710144928,4.891304347826087,17.94820182501342,0.5300590445517982,0.08722490606548577,0.12077294685990338,2.690552871712292,0.04696725711218465,0.2616747181964573,,,
90,8.259527643585615,44.538378958668815,2.395330112721417,11.889425657541599,6.340579710144928,4.824208266237251,17.860976918947934,0.5300590445517982,0.08722490606548577,0.12077294685990338,2.7777777777777777,0.04696725711218465,0.32877079978529256,,,
91,8.219269994632313,44.39076757917338,2.3483628556092326,11.990069779924852,6.3070316693505095,4.824208266237251,17.907944176060116,0.5300590445517982,0.08722490606548577,0.12077294685990338,2.898550724637681,0.04696725711218465,0.32877079978529256,,,
92,8.205850778314547,41.378153515834676,1.4358561460010735,10.668276972624799,3.1870638754696725,4.723564143853999,26.610305958132045,0.6575415995705851,0.07380568974771873,0.2683843263553409,2.4355877616747184,0.04696725711218465,0.30864197530864196,,,
93,8.185721953837897,41.21041331186259,1.4358561460010735,10.762211486849168,3.1870638754696725,4.783950617283951,26.36876006441224,0.6575415995705851,0.07380568974771873,0.2683843263553409,2.7106816961889426,0.04696725711218465,0.30864197530864196,,,
94,8.13875469672571,40.98228663446055,1.4358561460010735,10.929951690821255,3.1736446591519054,4.817498658078368,26.154052603327965,0.6374127750939346,0.07380568974771873,0.2683843263553409,3.0327428878153517,0.04696725711218465,0.30864197530864196,,,
95,8.111916264090176,40.754159957058505,1.5096618357487923,11.09098228663446,3.1736446591519054,4.817498658078368,25.845410628019323,0.6374127750939346,0.07380568974771873,0.2683843263553409,3.3413848631239937,0.04696725711218465,0.32877079978529256,,,
96,8.091787439613526,40.01610305958132,1.556629092860977,12.593934514224369,3.1736446591519054,4.05931293612453,25.85882984433709,0.630703166935051,0.07380568974771873,0.3153515834675255,3.2206119162640903,0.04696725711218465,0.36231884057971014,,,
97,8.091787439613526,39.98926462694579,1.556629092860977,12.620772946859903,3.1736446591519054,4.052603327965647,25.731347289318304,0.6374127750939346,0.07380568974771873,0.3153515834675255,3.3480944712828773,0.04696725711218465,0.36231884057971014,,,
98,8.05823939881911,39.95571658615137,1.556629092860977,12.661030595813205,3.1736446591519054,4.052603327965647,25.717928073000536,0.6172839506172839,0.07380568974771873,0.3153515834675255,3.408480944712829,0.04696725711218465,0.36231884057971014,,,
99,8.038110574342458,39.754428341384866,1.570048309178744,12.835480407944177,3.1736446591519054,4.066022544283414,25.43612453032743,0.6172839506172839,0.07380568974771873,0.3153515834675255,3.7104133118625873,0.04696725711218465,0.36231884057971014,,,
100,7.991143317230274,39.68733225979603,1.570048309178744,12.915995705850777,3.1736446591519054,4.1129898013955986,25.241545893719806,0.6172839506172839,0.08722490606548577,0.3153515834675255,3.878153515834675,0.04696725711218465,0.36231884057971014,,,
101,7.944176060118089,39.53972088030059,1.570048309178744,12.983091787439614,3.3011272141706924,4.133118625872249,25.241545893719806,0.630703166935051,0.08722490606548577,0.28180354267310787,3.878153515834675,0.04696725711218465,0.36231884057971014,,,
102,7.924047235641439,39.30488459473967,1.7176596886741815,13.09044551798175,3.2004830917874396,5.448201825013419,23.919753086419753,0.630703166935051,0.08722490606548577,0.27509393451422437,3.9989264626945786,0.040257648953301126,0.36231884057971014,,,
103,7.924047235641439,39.24449812130972,1.8585614600107354,13.425925925925926,3.2004830917874396,5.340848094471283,23.658078368223297,0.6575415995705851,0.08722490606548577,0.27509393451422437,3.92512077294686,0.040257648953301126,0.36231884057971014,,,
104,7.924047235641439,39.09688674181428,1.8585614600107354,13.419216317767042,3.2004830917874396,5.495169082125604,23.62453032742888,0.6575415995705851,0.08722490606548577,0.27509393451422437,3.9586688137412773,0.040257648953301126,0.36231884057971014,,,
105,7.924047235641439,36.8894256575416,1.7914653784219001,12.74825550187869,3.1870638754696725,8.548040794417606,23.503757380568974,0.644122383252818,0.10735373054213634,0.2549651100375738,3.9989264626945786,0.040257648953301126,0.36231884057971014,,,
106,7.877079978529254,36.60762211486849,1.7914653784219001,12.869028448738593,3.1736446591519054,8.749329039184111,23.450080515297905,0.6374127750939346,0.10735373054213634,0.2549651100375738,4.079441760601181,0.040257648953301126,0.36231884057971014,,,
107,7.836822329575953,35.339506172839506,1.892109500805153,12.359098228663447,3.1736446591519054,10.493827160493828,23.34272678475577,0.6575415995705851,0.0939345142243693,0.2549651100375738,4.1532474503489,0.040257648953301126,0.36231884057971014,,,
108,7.702630166398282,35.238862050456255,1.892109500805153,12.4597423510467,3.1736446591519054,10.513955984970478,23.349436392914654,0.6575415995705851,0.0939345142243693,0.2549651100375738,4.260601180891036,0.040257648953301126,0.36231884057971014,,,
109,7.702630166398282,33.7962962962963,3.6231884057971016,12.117552334943639,3.1065485775630703,10.413311862587225,23.329307568438004,0.7112184648416533,0.14090177133655393,0.33548040794417605,4.294149221685454,0.040257648953301126,0.38915727321524424,,,
110,7.6623725174449815,33.662104133118625,3.6231884057971016,12.157809983896941,3.1065485775630703,10.453569511540525,23.2487922705314,0.7112184648416533,0.14090177133655393,0.33548040794417605,4.468599033816425,0.040257648953301126,0.38915727321524424,,,
111,7.6556629092860975,33.49436392914654,3.6231884057971016,12.198067632850242,3.193773483628556,10.44015029522276,23.19511540526033,0.7313472893183038,0.14090177133655393,0.33548040794417605,4.562533548040794,0.040257648953301126,0.38915727321524424,,,
112,7.568438003220612,33.47423510466989,3.69699409554482,12.177938808373591,3.3413848631239937,10.373054213633925,23.181696188942567,0.7313472893183038,0.15432098765432098,0.32877079978529256,4.528985507246377,0.040257648953301126,0.4025764895330113,,,
113,7.568438003220612,33.353462157809986,3.81105743424584,12.171229200214707,3.3413848631239937,10.359634997316157,22.973698336017176,0.7313472893183038,0.15432098765432098,0.32877079978529256,4.7638217928073,0.040257648953301126,0.4025764895330113,,,
114,7.494632313472893,33.19243156199678,3.8378958668813743,12.365807836822329,3.3279656468062266,10.205314009661835,22.71202361782072,0.7648953301127214,0.16774020397208803,0.32877079978529256,5.146269457863661,0.040257648953301126,0.41599570585077833,,,
115,7.474503488996243,32.84353193773484,3.851315083199141,12.426194310252281,3.374932903918411,10.433440687063875,22.6784755770263,0.7648953301127214,0.18115942028985507,0.32877079978529256,5.179817498658078,0.040257648953301126,0.4227053140096618,,,
116,7.39398819108964,32.749597423510465,4.012345679012346,12.4597423510467,3.374932903918411,10.138217928073,22.430220075147613,0.7581857219538379,0.16774020397208803,0.5837359098228664,5.46833064949007,0.040257648953301126,0.4227053140096618,,,
117,7.273215244229737,32.78314546430489,4.193505099302201,12.345679012345679,3.374932903918411,10.017444981213098,22.22222222222222,0.9192163177670424,0.16774020397208803,0.5971551261406334,5.649490069779925,0.040257648953301126,0.41599570585077833,,,
118,7.14573268921095,32.608695652173914,4.30756843800322,12.392646269457863,3.307836822329576,9.977187332259795,22.208803005904453,0.9863123993558777,0.19457863660762212,0.7514761137949544,5.683038110574342,0.040257648953301126,0.39586688137412773,,,
119,7.098765432098766,32.52818035426731,4.30756843800322,12.52012882447665,3.307836822329576,9.96376811594203,21.926999463231347,0.9863123993558777,0.19457863660762212,0.7514761137949544,5.964841653247451,0.040257648953301126,0.4092860976918948,,,
120,6.749865807836822,31.984702093397747,6.400966183574879,12.345679012345679,3.207192699946323,9.936929683306495,20.82662372517445,0.9863123993558777,0.1878690284487386,0.7514761137949544,6.172839506172839,0.040257648953301126,0.4092860976918948,,,
121,6.696188942565755,31.95786366076221,6.541867954911433,12.466451959205582,3.207192699946323,9.802737520128824,20.598497047772412,0.9863123993558777,0.1878690284487386,0.7447665056360708,6.260064412238325,0.03354804079441761,0.5166398282340311,,,
122,6.696188942565755,31.676060118089104,6.5552871712292005,12.533548040794418,3.294417606011809,9.98389694041868,20.457595276435857,0.9863123993558777,0.1878690284487386,0.7648953301127214,6.300322061191626,0.04696725711218465,0.5166398282340311,,,
123,6.662640901771336,31.54186795491143,6.5552871712292005,13.023349436392914,3.294417606011809,10.010735373054214,20.1959205582394,0.9863123993558777,0.1878690284487386,0.7648953301127214,6.213097155126141,0.04696725711218465,0.5166398282340311,,,
124,6.568706387546968,31.280193236714975,6.474771873322598,13.22463768115942,3.2675791733762747,10.030864197530864,20.249597423510465,0.966183574879227,0.1878690284487386,0.8387010198604401,6.286902844873859,0.04696725711218465,0.5770263016639828,,,
125,6.568706387546968,31.17283950617284,6.4345142243692965,13.439345142243694,3.2877079978529253,10.010735373054214,20.02818035426731,0.966183574879227,0.1878690284487386,0.8722490606548577,6.387546967257112,0.04696725711218465,0.5971551261406334,,,
126,6.5485775630703165,31.052066559312937,6.360708534621578,13.399087493290391,3.280998389694042,10.104669887278583,19.773215244229736,0.9460547504025765,0.1878690284487386,0.9997316156736447,6.6827697262479875,0.04696725711218465,0.6172839506172839,,,
127,6.461352657004831,31.112453032742888,6.360708534621578,13.419216317767042,3.3011272141706924,9.950348899624261,19.639023081052066,0.9460547504025765,0.1878690284487386,0.9997316156736447,6.957863660762212,0.04696725711218465,0.6172839506172839,,,
128,6.340579710144928,30.99838969404187,6.447933440687064,13.600375738056897,3.2877079978529253,9.916800858829845,19.578636607622116,0.8588298443370908,0.2214170692431562,0.9997316156736447,7.058507783145465,0.07380568974771873,0.6172839506172839,,,
129,6.320450885668277,30.891035963499732,6.421095008051529,13.600375738056897,3.3145464304884595,10.064412238325282,19.47128287707998,0.8588298443370908,0.2214170692431562,0.9997316156736447,7.14573268921095,0.07380568974771873,0.6172839506172839,,,
130,6.300322061191626,30.649490069779926,6.4345142243692965,13.7211486849168,3.3548040794417604,10.165056360708535,19.41760601180891,0.8588298443370908,0.23483628556092323,0.9594739667203436,7.212828770799785,0.07380568974771873,0.6172839506172839,,,
131,6.286902844873859,30.213365539452496,6.427804616210413,13.821792807300053,3.3548040794417604,10.513955984970478,19.316961889425656,0.8588298443370908,0.23483628556092323,0.966183574879227,7.313472893183038,0.07380568974771873,0.6172839506172839,,,
132,6.286902844873859,30.005367686527105,6.427804616210413,14.016371443907676,3.3548040794417604,10.587761674718196,19.256575415995705,0.8588298443370908,0.24154589371980675,0.9594739667203436,7.320182501341922,0.07380568974771873,0.6105743424584005,,,
133,6.260064412238325,29.931561996779386,6.494900697799249,14.110305958132045,3.3548040794417604,10.534084809447128,19.216317767042405,0.8588298443370908,0.24154589371980675,0.9594739667203436,7.2933440687063875,0.10064412238325282,0.644122383252818,,,
134,6.246645195920558,29.857756307031668,6.481481481481482,14.17740203972088,3.3548040794417604,10.587761674718196,19.196188942565755,0.8588298443370908,0.24154589371980675,0.9728931830381106,7.27992485238862,0.10064412238325282,0.644122383252818,,,
135,6.246645195920558,29.851046698872786,6.615673644659152,14.17740203972088,3.3279656468062266,10.48040794417606,19.196188942565755,0.8722490606548577,0.24154589371980675,0.9728931830381106,7.273215244229737,0.10064412238325282,0.644122383252818,,,
136,6.132581857219538,29.777241009125067,6.662640901771336,14.096886741814279,3.2742887815351582,10.560923242082662,19.32367149758454,0.8722490606548577,0.24154589371980675,0.9728931830381106,7.27992485238862,0.10064412238325282,0.7045088566827697,,,
137,6.085614600107354,29.636339237788512,6.5485775630703165,14.049919484702093,3.3816425120772946,10.453569511540525,19.37734836285561,0.8990874932903918,0.24154589371980675,0.9997316156736447,7.521470746108427,0.10064412238325282,0.7045088566827697,,,
138,6.072195383789587,29.55582393988191,6.575415995705851,14.04320987654321,3.408480944712829,10.453569511540525,19.350509930220074,0.9594739667203436,0.24154589371980675,0.9863123993558777,7.548309178743962,0.10064412238325282,0.7045088566827697,,,
139,6.072195383789587,29.502147074610843,6.508319914117015,14.123725174449811,3.408480944712829,10.466988727858293,19.28341384863124,0.9997316156736447,0.2549651100375738,0.9326355340848095,7.64224369296833,0.10064412238325282,0.7045088566827697,,,
140,6.072195383789587,29.421631776704242,6.5552871712292005,14.11701556629093,3.4957058507783145,10.426731078904991,19.108964036500268,1.0802469135802468,0.2549651100375738,0.9326355340848095,7.729468599033816,0.10064412238325282,0.7045088566827697,,,
141,6.072195383789587,29.334406870638755,6.582125603864735,14.143853998926463,3.3682232957595275,10.406602254428341,19.11567364465915,1.093666129898014,0.2549651100375738,0.9393451422436929,7.87037037037037,0.10064412238325282,0.7179280730005367,,,
142,6.072195383789587,29.22705314009662,6.474771873322598,14.204240472356414,3.4151905528717124,10.332796564680622,19.048577563070317,1.093666129898014,0.2549651100375738,0.9997316156736447,8.05823939881911,0.10064412238325282,0.7179280730005367,,,
143,6.038647342995169,29.1935050993022,6.582125603864735,14.284755770263017,3.388352120236178,10.326086956521738,18.9345142243693,1.1205045625335481,0.2549651100375738,1.0332796564680622,8.011272141706923,0.10064412238325282,0.7313472893183038,,,
144,6.038647342995169,29.086151368760063,6.468062265163715,14.412238325281804,3.4688674181427803,10.326086956521738,18.9345142243693,1.133923778851315,0.2549651100375738,1.0332796564680622,8.011272141706923,0.10064412238325282,0.7313472893183038,,,
145,6.038647342995169,29.03918411164788,6.481481481481482,14.486044015029522,3.4822866344605474,10.312667740203972,18.874127750939344,1.133923778851315,0.2549651100375738,1.0332796564680622,8.031400966183575,0.10064412238325282,0.7313472893183038,,,
146,6.038647342995169,28.945249597423512,6.481481481481482,14.727589908749328,3.4688674181427803,10.272410091250672,18.78690284487386,1.0869565217391304,0.36231884057971014,1.0332796564680622,7.96430488459474,0.10064412238325282,0.7313472893183038,,,
147,5.8239398819108965,28.85131508319914,6.4412238325281805,14.694041867954912,3.556092324208266,10.473698336017177,18.726516371443907,1.1003757380568975,0.36231884057971014,1.0332796564680622,8.105206655931294,0.10064412238325282,0.7313472893183038,,,
148,5.8239398819108965,28.75067096081589,6.447933440687064,14.774557165861514,3.535963499731616,11.332528180354267,18.19645732689211,1.093666129898014,0.36902844873859364,1.0198604401502953,7.823403113258186,0.10064412238325282,0.7313472893183038,,,
149,5.770263016639828,28.23403113258186,6.447933440687064,15.103327965646805,3.6366076221148687,11.325818572195384,18.129361245303276,1.093666129898014,0.2952227589908749,1.133923778851315,7.997852925389157,0.10064412238325282,0.7313472893183038,,,
150,5.709876543209877,28.10654857756307,6.414385399892646,15.163714439076758,3.549382716049383,11.460010735373054,18.075684380032207,1.221148684916801,0.30193236714975846,1.1473429951690821,8.017981749865807,0.10064412238325282,0.7313472893183038,,,
151,5.662909286097692,28.012614063338702,6.447933440687064,15.344873859366613,3.549382716049383,11.372785829307569,18.035426731078903,1.2010198604401503,0.30193236714975846,1.1473429951690821,8.038110574342458,0.1274825550187869,0.7581857219538379,,,
152,5.662909286097692,27.9723564143854,6.461352657004831,15.371712292002147,3.549382716049383,11.446591519055287,17.887815351583466,1.2010198604401503,0.2952227589908749,1.1607622114868492,8.11862587224906,0.1274825550187869,0.7447665056360708,,,
153,5.60252281266774,27.925389157273216,6.387546967257112,15.324745034889963,3.6097691894793345,11.506977992485238,17.98174986580784,1.1741814278046163,0.2952227589908749,1.1540526033279657,8.158883521202362,0.1274825550187869,0.7447665056360708,0.0067096081588835215,,
154,5.562265163714439,27.294685990338163,6.360708534621578,14.76784755770263,2.2946859903381642,12.070585077831455,20.645464304884594,0.7514761137949544,0.30864197530864196,1.1540526033279657,7.9106280193236715,0.1274825550187869,0.7447665056360708,0.0067096081588835215,,
155,5.522007514761138,27.167203435319376,6.602254428341385,14.687332259796028,2.281266774020397,12.070585077831455,20.638754696725712,0.7514761137949544,0.30864197530864196,1.1741814278046163,7.924047235641439,0.12077294685990338,0.7447665056360708,0.0067096081588835215,,
156,5.407944176060118,27.033011272141707,6.6760601180891035,14.78797638217928,2.281266774020397,12.070585077831455,20.632045088566827,0.7648953301127214,0.30864197530864196,1.2077294685990339,7.957595276435856,0.12077294685990338,0.7447665056360708,0.0067096081588835215,,
157,5.3274288781535155,26.99946323134729,6.6760601180891035,14.9020397208803,2.301395598497048,12.090713902308105,20.50456253354804,0.7313472893183038,0.30864197530864196,1.2077294685990339,8.064949006977992,0.12077294685990338,0.7581857219538379,0.0067096081588835215,,
158,5.3274288781535155,26.912238325281802,6.6760601180891035,14.989264626945786,2.301395598497048,12.090713902308105,20.25630703166935,0.7313472893183038,0.30864197530864196,1.2077294685990339,8.313204508856682,0.12077294685990338,0.7581857219538379,0.0067096081588835215,,
159,5.314009661835748,26.69753086419753,6.6760601180891035,15.210681696188942,2.328234031132582,12.04374664519592,20.25630703166935,0.7179280730005367,0.30864197530864196,1.2077294685990339,8.299785292538916,0.12077294685990338,0.8118625872249061,0.0067096081588835215,,
160,5.2066559312936125,26.764626945786365,6.8035426731078905,15.049651100375739,2.3215244229736984,12.010198604401502,20.21604938271605,0.798443370907139,0.2952227589908749,1.2412775093934514,8.340042941492216,0.12077294685990338,0.8252818035426731,0.0067096081588835215,,
161,5.2066559312936125,26.757917337627482,6.776704240472356,15.116747181964573,2.442297369833602,11.90955448201825,20.21604938271605,0.798443370907139,0.2952227589908749,1.3217928073000538,8.219269994632313,0.12077294685990338,0.8118625872249061,0.0067096081588835215,,
162,5.2066559312936125,26.757917337627482,6.776704240472356,15.116747181964573,2.442297369833602,11.90955448201825,20.202630166398283,0.798443370907139,0.2952227589908749,1.3217928073000538,8.232689210950081,0.12077294685990338,0.8118625872249061,0.0067096081588835215,,
163,5.193236714975845,26.663982823403114,6.776704240472356,15.230810520665592,2.442297369833602,11.896135265700483,20.189210950080515,0.798443370907139,0.30864197530864196,1.3217928073000538,8.225979602791197,0.12077294685990338,0.8252818035426731,0.0067096081588835215,,
164,5.193236714975845,26.630434782608695,6.91760601180891,15.318035426731079,2.442297369833602,11.761943102522812,20.135534084809446,0.7917337627482555,0.30193236714975846,1.3150831991411702,8.239398819108963,0.12077294685990338,0.8252818035426731,0.0067096081588835215,,
165,5.193236714975845,25.684380032206118,6.837090713902308,15.210681696188942,3.797638217928073,11.761943102522812,19.867149758454108,0.7917337627482555,0.30193236714975846,1.3150831991411702,8.28636607622115,0.12077294685990338,0.8252818035426731,0.0067096081588835215,,
166,5.193236714975845,25.523349436392916,6.843800322061192,15.210681696188942,3.81105743424584,11.641170155662909,19.89398819108964,0.8319914117015567,0.3153515834675255,1.5230810520665594,8.219269994632313,0.12077294685990338,0.8655394524959742,0.0067096081588835215,,
167,5.193236714975845,25.40257648953301,6.837090713902308,15.405260332796564,3.81105743424584,11.56736446591519,19.840311325818572,0.8319914117015567,0.3153515834675255,1.5230810520665594,8.259527643585615,0.14090177133655393,0.8655394524959742,0.0067096081588835215,,
168,5.179817498658078,25.261674718196456,7.03166935050993,15.24422973698336,3.8580246913580245,11.66129898013956,19.773215244229736,0.8990874932903918,0.3153515834675255,1.4626945786366077,8.299785292538916,0.14090177133655393,0.8655394524959742,0.0067096081588835215,,
169,5.173107890499195,25.241545893719806,7.03166935050993,15.378421900161031,3.8580246913580245,11.560654857756306,19.719538378958667,0.9192163177670424,0.3153515834675255,1.4626945786366077,8.299785292538916,0.14090177133655393,0.8923778851315083,0.0067096081588835215,,
170,5.173107890499195,25.207997852925388,7.078636607622115,15.33816425120773,3.851315083199141,11.500268384326356,19.558507783145465,0.9863123993558777,0.30193236714975846,1.4895330112721417,8.474235104669887,0.14090177133655393,0.8923778851315083,0.0067096081588835215,,
171,5.166398282340311,24.9194847020934,6.031937734836285,15.499194847020934,7.615405260332796,11.218464841653248,17.94820182501342,0.9796027911969941,0.2683843263553409,1.4694041867954912,7.917337627482555,0.14090177133655393,0.8185721953837896,0.0067096081588835215,,
172,5.166398282340311,24.912775093934513,5.870907139023081,15.579710144927537,7.6623725174449815,11.252012882447666,17.746913580246915,1.0466988727858293,0.24825550187869028,1.4694041867954912,8.09849704777241,0.12077294685990338,0.8185721953837896,0.0067096081588835215,,
173,5.166398282340311,24.859098228663445,5.837359098228664,15.626677402039721,7.6623725174449815,11.218464841653248,17.619431025228128,1.0466988727858293,0.28180354267310787,1.4962426194310252,8.232689210950081,0.1274825550187869,0.8185721953837896,0.0067096081588835215,,
174,5.112721417069243,24.61755233494364,5.837359098228664,15.653515834675256,7.648953301127214,11.419753086419753,17.773752012882447,1.0265700483091786,0.28180354267310787,1.4626945786366077,8.21256038647343,0.1274825550187869,0.8185721953837896,0.0067096081588835215,,
175,5.005367686527107,24.724906065485776,5.837359098228664,15.881642512077295,7.64224369296833,11.43317230273752,17.424852388620504,1.0466988727858293,0.28180354267310787,1.4626945786366077,8.28636607622115,0.14761137949543746,0.8185721953837896,0.0067096081588835215,,
