,45,50,51,56,52,55,54,58,53,59,57,60
0,98.66478797638219,1.3352120236178207,,,,,,,,,,
1,92.09608158883522,7.7831454643048845,0.12077294685990338,,,,,,,,,
2,89.66720343531938,6.635802469135802,3.589640365002684,0.10735373054213634,,,,,,,,
3,54.99865807836822,41.30434782608695,3.589640365002684,0.10735373054213634,,,,,,,,
4,55.099302200751474,33.28636607622115,3.589640365002684,0.10735373054213634,7.796564680622652,0.12077294685990338,,,,,,
5,52.55636070853462,33.7157809983897,3.589640365002684,0.10735373054213634,6.937734836285561,0.12077294685990338,2.3483628556092326,0.6239935587761675,,,,
6,52.442297369833604,33.58829844337091,3.589640365002684,0.644122383252818,6.642512077294686,0.12077294685990338,2.3483628556092326,0.6239935587761675,,,,
7,51.99946323134729,34.03113258185722,3.589640365002684,0.644122383252818,6.642512077294686,0.12077294685990338,2.3483628556092326,0.6239935587761675,,,,
8,46.18894256575416,40.27777777777778,3.180354267310789,0.5367686527106817,6.642512077294686,0.2147074610842727,2.3483628556092326,0.6105743424584005,,,,
9,45.819914117015564,40.04965110037574,3.69699409554482,0.5367686527106817,6.642512077294686,0.2952227589908749,2.3483628556092326,0.6105743424584005,,,,
10,45.3569511540526,40.52603327965647,3.683574879227053,0.5367686527106817,6.642512077294686,0.2952227589908749,2.3483628556092326,0.6105743424584005,,,,
11,45.40391841116479,40.47906602254428,3.683574879227053,0.5367686527106817,6.642512077294686,0.2952227589908749,2.3483628556092326,0.6105743424584005,,,,
12,42.73349436392915,43.183038110574344,3.6500268384326353,0.5367686527106817,6.642512077294686,0.2952227589908749,2.3483628556092326,0.6105743424584005,,,,
13,41.55931293612453,41.26409017713365,3.6500268384326353,0.11406333870101985,6.132581857219538,4.320987654320987,2.3483628556092326,0.6105743424584005,,,,
14,41.7337627482555,41.15002683843264,3.6500268384326353,0.11406333870101985,6.072195383789587,4.320987654320987,2.3483628556092326,0.6105743424584005,,,,
15,40.445517981749866,31.468062265163713,20.571658615136876,,2.6301663982823404,2.3081052066559313,2.26784755770263,0.30864197530864196,,,,
16,40.24422973698336,31.407675791733762,17.58588298443371,,2.2879763821792807,2.5831991411701556,5.60252281266774,0.2885131508319914,,,,
17,40.50590445517982,31.166129898013956,17.458400429414922,,2.2879763821792807,2.690552871712292,5.60252281266774,0.2885131508319914,,,,
18,40.60654857756307,30.870907139023082,17.424852388620504,0.10064412238325282,1.8786902844873858,1.892109500805153,7.098765432098766,,0.05367686527106817,0.07380568974771873,,
19,40.49919484702093,30.870907139023082,17.518786902844873,0.10064412238325282,1.8786902844873858,1.892109500805153,7.118894256575416,,0.04696725711218465,0.07380568974771873,,
20,39.00295222758991,29.958400429414922,17.444981213097154,0.10064412238325282,5.314009661835748,1.892109500805153,6.166129898013956,,0.04696725711218465,0.07380568974771873,,
21,36.808910359635,31.61567364465915,16.814278046162105,0.8185721953837896,5.314009661835748,2.341653247450349,6.166129898013956,,0.04696725711218465,0.07380568974771873,,
22,37.03032742887815,31.54186795491143,16.666666666666668,0.8185721953837896,5.314009661835748,2.341653247450349,6.166129898013956,,0.04696725711218465,0.07380568974771873,,
23,37.05716586151369,31.54186795491143,16.6532474503489,0.8185721953837896,5.300590445517981,2.2342995169082127,6.166129898013956,,0.15432098765432098,0.07380568974771873,,
24,37.07729468599034,31.407675791733762,16.67337627482555,0.9192163177670424,5.226784755770263,2.2342995169082127,6.166129898013956,0.06709608158883522,0.15432098765432098,0.07380568974771873,,
25,35.89640365002684,32.749597423510465,16.566022544283413,0.9192163177670424,5.193236714975845,2.167203435319377,6.146001073537305,0.06709608158883522,0.15432098765432098,0.07380568974771873,0.06709608158883522,
26,35.89640365002684,32.776435856146,16.53918411164788,0.9192163177670424,5.193236714975845,2.167203435319377,6.146001073537305,0.06709608158883522,0.15432098765432098,0.07380568974771873,0.06709608158883522,
27,36.04401502952228,32.68250134192163,16.53918411164788,0.9192163177670424,5.139559849704777,2.167203435319377,6.146001073537305,0.06709608158883522,0.15432098765432098,0.07380568974771873,0.06709608158883522,
28,29.066022544283413,37.96296296296296,12.151100375738057,1.1943102522812667,5.038915727321524,2.167203435319377,6.092324208266238,0.06709608158883522,6.038647342995169,0.07380568974771873,0.14761137949543746,
29,29.2337627482555,37.21148684916801,11.58749329039184,1.1943102522812667,7.9039184111647875,2.5161030595813205,6.494900697799249,0.06709608158883522,3.569511540526033,0.07380568974771873,0.14761137949543746,
30,27.361782071927,36.574074074074076,13.83521202361782,1.1943102522812667,7.830112721417069,2.703972088030059,6.642512077294686,0.06709608158883522,3.569511540526033,0.07380568974771873,0.14761137949543746,
31,27.569779924852387,36.3996242619431,13.848631239935587,1.1943102522812667,7.830112721417069,2.703972088030059,6.595544820182502,0.06709608158883522,3.569511540526033,0.07380568974771873,0.14761137949543746,
32,27.563070316693505,36.312399355877616,13.942565754159958,1.1943102522812667,7.830112721417069,2.703972088030059,6.595544820182502,0.06709608158883522,3.569511540526033,0.07380568974771873,0.14761137949543746,
33,27.32823403113258,35.547504025764894,15.029522275899087,1.1943102522812667,7.809983896940419,2.703972088030059,6.528448738593666,0.06709608158883522,3.569511540526033,0.07380568974771873,0.14761137949543746,
34,21.43719806763285,43.75335480407944,8.756038647342995,1.8719806763285025,7.4141170155662905,1.3150831991411702,6.132581857219538,0.06709608158883522,9.057971014492754,0.07380568974771873,0.12077294685990338,
35,20.92055823939882,37.34567901234568,11.171497584541063,1.7042404723564144,13.399087493290391,1.3150831991411702,4.891304347826087,0.06709608158883522,8.99087493290392,,0.19457863660762212,
36,20.954106280193237,37.33225979602791,11.158078368223295,1.7042404723564144,13.39237788513151,1.3150831991411702,4.891304347826087,0.06709608158883522,8.99087493290392,,0.19457863660762212,
37,20.041599570585078,35.507246376811594,11.097691894793345,1.7444981213097155,16.23725174449812,1.2077294685990339,4.87788513150832,0.06709608158883522,9.024422973698336,,0.19457863660762212,
38,20.29656468062265,35.29253891572732,10.607890499194847,1.6170155662909287,16.13660762211487,1.8518518518518519,4.830917874396135,0.06709608158883522,9.004294149221685,,0.2952227589908749,
39,20.356951154052602,34.5276435856146,10.513955984970478,1.6170155662909287,15.022812667740205,1.710950080515298,4.528985507246377,0.06709608158883522,10.923242082662373,,0.7313472893183038,
40,20.471014492753625,29.49543746645196,20.33011272141707,1.6170155662909287,9.896672034353195,2.13365539452496,4.528985507246377,0.06709608158883522,10.829307568438002,,0.630703166935051,
41,19.940955448201827,29.146537842190018,21.20907139023081,1.6170155662909287,9.896672034353195,2.13365539452496,4.528985507246377,0.06709608158883522,10.829307568438002,,0.630703166935051,
42,18.874127750939344,26.8719806763285,21.20907139023081,1.6170155662909287,13.258185721953838,2.1135265700483092,4.609500805152979,0.06709608158883522,10.748792270531402,,0.630703166935051,
43,18.766774020397207,25.42270531400966,17.881105743424584,0.9930220075147611,12.607353730542137,4.783950617283951,4.341116478797638,0.06709608158883522,13.593666129898015,,1.5432098765432098,
44,18.96135265700483,25.281803542673106,17.881105743424584,0.9930220075147611,12.607353730542137,4.757112184648417,4.2270531400966185,0.06709608158883522,13.56682769726248,0.11406333870101985,1.5432098765432098,
45,19.155931293612454,25.013419216317768,17.860976918947934,1.2144390767579174,12.593934514224369,4.757112184648417,4.2270531400966185,0.06709608158883522,13.45276435856146,0.11406333870101985,1.5432098765432098,
46,18.283682232957595,24.020397208803004,17.726784755770264,1.2010198604401503,14.895330112721417,4.730273752012883,4.012345679012346,0.06709608158883522,13.405797101449275,0.11406333870101985,1.5432098765432098,
47,17.143048845947398,22.638217928073,25.107353730542137,0.9930220075147611,13.345410628019323,4.42163177670424,3.9318303811057436,0.06709608158883522,10.782340311325818,0.11406333870101985,1.4559849704777241,
48,17.297369833601717,22.611379495437465,24.97987117552335,0.9930220075147611,13.345410628019323,4.42163177670424,3.9318303811057436,0.06709608158883522,10.782340311325818,0.11406333870101985,1.4559849704777241,
49,17.351046698872786,22.537573805689746,23.282340311325818,1.06682769726248,13.305152979066023,4.42163177670424,3.9184111647879765,0.06709608158883522,12.47987117552335,0.11406333870101985,1.4559849704777241,
50,17.196725711218466,22.108158883521202,23.70504562533548,1.06682769726248,13.486312399355878,4.575952764358561,3.9184111647879765,0.06709608158883522,12.23161567364466,0.11406333870101985,1.5297906602254427,
51,17.24369296833065,21.947128287707997,23.429951690821255,1.3821792807300053,13.486312399355878,4.676596886741814,3.9184111647879765,0.06709608158883522,12.204777241009126,0.11406333870101985,1.5297906602254427,
52,17.310789049919485,22.014224369296834,23.403113258185723,1.3821792807300053,13.419216317767042,4.636339237788513,3.8378958668813743,0.16774020397208803,12.204777241009126,0.0939345142243693,1.5297906602254427,
53,17.411433172302736,21.967257112184647,23.362855609232422,1.3821792807300053,13.419216317767042,4.622920021470746,3.8378958668813743,0.16774020397208803,12.204777241009126,0.0939345142243693,1.5297906602254427,
54,17.21014492753623,21.846484165324746,20.38378958668814,1.3821792807300053,13.419216317767042,4.770531400966184,7.253086419753086,0.16774020397208803,11.943102522812667,0.0939345142243693,1.5297906602254427,
55,17.19001610305958,21.826355340848096,20.30998389694042,1.3888888888888888,13.526570048309178,4.770531400966184,7.253086419753086,0.16774020397208803,11.943102522812667,0.0939345142243693,1.5297906602254427,
56,17.176596886741816,21.692163177670423,20.303274288781534,1.3888888888888888,13.506441223832528,4.770531400966184,7.313472893183038,0.28180354267310787,11.862587224906065,0.17444981213097155,1.5297906602254427,
57,17.16988727858293,21.638486312399355,18.02871712292002,1.3754696725711217,17.01556629092861,4.602791196994096,7.440955448201825,0.28180354267310787,10.7085346215781,0.0939345142243693,1.6438539989264627,
58,17.236983360171767,21.62506709608159,18.015297906602253,1.3754696725711217,16.982018250134193,4.602791196994096,7.434245840042942,0.28180354267310787,10.7085346215781,0.0939345142243693,1.6438539989264627,
59,17.290660225442835,21.618357487922705,18.015297906602253,1.3754696725711217,16.955179817498657,4.602791196994096,7.340311325818572,0.28180354267310787,10.68840579710145,0.1878690284487386,1.6438539989264627,
60,17.11621041331186,20.336822329575952,19.565217391304348,1.3754696725711217,16.955179817498657,4.602791196994096,7.340311325818572,0.28180354267310787,10.59447128287708,0.1878690284487386,1.6438539989264627,
61,17.16988727858293,20.263016639828233,19.538378958668815,1.8988191089640365,16.431830381105744,4.602791196994096,7.340311325818572,0.28180354267310787,10.641438539989265,0.1878690284487386,1.6438539989264627,
62,17.250402576489535,20.2361782071927,19.538378958668815,1.8988191089640365,16.431830381105744,4.602791196994096,7.1725711218464845,0.4227053140096618,10.61460010735373,0.1878690284487386,1.6438539989264627,
63,10.963499731615673,44.55179817498658,14.74771873322598,1.1674718196457328,13.405797101449275,3.7238325281803544,6.561996779388084,0.4227053140096618,2.6637144390767578,0.1878690284487386,1.6035963499731616,
64,11.392914653784219,44.12238325281803,14.720880300590446,1.1674718196457328,13.378958668813741,3.7775093934514223,6.561996779388084,0.4227053140096618,2.6637144390767578,0.1878690284487386,1.6035963499731616,
65,11.600912506709609,40.88164251207729,14.31159420289855,1.1674718196457328,13.372249060654857,7.4141170155662905,6.380837359098229,0.4227053140096618,2.657004830917874,0.1878690284487386,1.6035963499731616,
66,11.594202898550725,39.861782071927,13.405797101449275,1.1674718196457328,15.45222758990875,7.286634460547504,6.454643048845948,0.4227053140096618,2.636876006441224,0.1878690284487386,1.5297906602254427,
67,11.614331723027375,39.841653247450346,13.405797101449275,1.3016639828234031,15.45222758990875,7.286634460547504,6.454643048845948,0.4227053140096618,2.5026838432635534,0.1878690284487386,1.5297906602254427,
68,10.782340311325818,32.79656468062265,11.124530327428879,1.3419216317767042,25.644122383252817,7.226247987117552,6.407675791733762,0.4227053140096618,2.428878153515835,0.1878690284487386,1.6371443907675791,
69,10.68840579710145,32.72275899087493,14.197530864197532,1.3419216317767042,25.791733762748255,6.132581857219538,4.609500805152979,0.16774020397208803,2.5496511003757383,0.1610305958132045,1.6371443907675791,
70,10.876274825550189,32.60198604401503,14.197530864197532,1.3419216317767042,25.791733762748255,6.206387546967257,4.468599033816425,0.16774020397208803,2.5496511003757383,0.1610305958132045,1.6371443907675791,
71,10.903113258185721,32.60198604401503,14.15727321524423,1.3419216317767042,25.42270531400966,6.3070316693505095,4.448470209339774,0.16774020397208803,2.5429414922168547,0.1610305958132045,1.9457863660762211,
72,10.943370907139023,32.52818035426731,13.45276435856146,0.5971551261406334,25.42270531400966,6.286902844873859,5.984970477724101,0.16774020397208803,2.509393451422437,0.1610305958132045,1.9457863660762211,
73,11.023886205045626,32.085346215781,13.43263553408481,0.5971551261406334,25.41599570585078,6.702898550724638,5.958132045088567,0.16774020397208803,2.509393451422437,0.1610305958132045,1.9457863660762211,
74,10.809178743961352,31.266774020397207,11.996779388083736,0.5971551261406334,27.871712292002147,6.78341384863124,5.891035963499732,0.16774020397208803,2.509393451422437,0.1610305958132045,1.9457863660762211,
75,10.72866344605475,27.32823403113258,11.996779388083736,0.5971551261406334,32.7361782071927,6.91760601180891,5.246913580246914,0.16774020397208803,2.4825550187869028,0.1610305958132045,1.6371443907675791,
76,10.903113258185721,27.200751476113794,11.996779388083736,0.5971551261406334,33.12533548040794,6.837090713902308,5.0993022007514766,0.16774020397208803,2.15378421900161,0.28180354267310787,1.6371443907675791,
77,11.030595813204508,27.140365002683843,11.996779388083736,0.5971551261406334,33.071658615136876,6.823671497584541,5.0993022007514766,0.16774020397208803,2.15378421900161,0.28180354267310787,1.6371443907675791,
78,11.104401502952227,27.140365002683843,11.996779388083736,0.5703166935050993,33.05823939881911,6.810252281266774,5.0791733762748255,0.16774020397208803,2.15378421900161,0.28180354267310787,1.6371443907675791,
79,11.003757380568974,25.509930220075148,11.996779388083736,0.5703166935050993,33.01798174986581,6.810252281266774,5.0791733762748255,0.16774020397208803,3.92512077294686,0.28180354267310787,1.6371443907675791,
80,10.95679012345679,25.07380568974772,12.486580783682234,0.5703166935050993,32.769726247987116,6.810252281266774,5.0791733762748255,0.16774020397208803,3.92512077294686,0.28180354267310787,1.8786902844873858,
81,11.064143853998926,24.88593666129898,12.486580783682234,0.5703166935050993,32.68250134192163,6.998121309715513,5.059044551798175,0.16774020397208803,3.92512077294686,0.28180354267310787,1.8786902844873858,
82,11.231884057971014,24.751744498121308,11.876006441223833,0.6709608158883521,33.32662372517445,6.984702093397746,4.9651100375738055,0.16774020397208803,3.92512077294686,0.28180354267310787,1.8183038110574343,
83,11.245303274288782,24.751744498121308,11.869296833064949,0.6709608158883521,33.319914117015564,6.984702093397746,4.9651100375738055,0.16774020397208803,3.92512077294686,0.28180354267310787,1.8183038110574343,
84,11.325818572195384,24.362587224906065,11.741814278046162,0.6709608158883521,33.293075684380035,6.515029522275899,5.931293612453032,0.16774020397208803,3.92512077294686,0.28180354267310787,1.7847557702630166,
85,11.446591519055287,24.302200751476114,11.721685453569512,0.6709608158883521,33.13875469672571,6.515029522275899,5.931293612453032,0.16774020397208803,3.844605475040258,0.28180354267310787,1.9793344068706387,
86,11.379495437466453,24.02710681696189,11.694847020933977,0.8185721953837896,32.88378958668814,6.877348362855609,5.917874396135265,0.14090177133655393,3.844605475040258,0.28180354267310787,2.13365539452496,
87,11.386205045625335,23.879495437466453,11.674718196457327,0.8118625872249061,32.74288781535159,6.877348362855609,6.125872249060655,0.14090177133655393,3.824476650563607,0.28180354267310787,2.254428341384863,
88,11.238593666129898,23.839237788513152,13.378958668813741,0.6374127750939346,32.380568974771876,6.877348362855609,6.119162640901771,0.14090177133655393,2.932098765432099,0.28180354267310787,2.1739130434782608,
89,11.446591519055287,23.825818572195384,13.378958668813741,0.6374127750939346,32.18599033816425,6.877348362855609,6.119162640901771,0.14090177133655393,2.932098765432099,0.28180354267310787,2.1739130434782608,
90,11.419753086419753,23.8191089640365,13.197799248523886,0.6374127750939346,32.18599033816425,6.877348362855609,6.031937734836285,0.24825550187869028,3.2004830917874396,0.2616747181964573,2.120236178207193,
91,11.627750939345143,23.752012882447666,13.157541599570585,0.6374127750939346,32.118894256575416,6.843800322061192,6.031937734836285,0.24825550187869028,3.2004830917874396,0.2616747181964573,2.120236178207193,
92,11.788781535158346,23.752012882447666,13.157541599570585,0.6374127750939346,31.95786366076221,6.843800322061192,6.031937734836285,0.24825550187869028,3.2004830917874396,0.2616747181964573,2.120236178207193,
93,11.949812130971551,23.68491680085883,12.835480407944177,0.8856682769726248,31.93773483628556,6.843800322061192,6.031937734836285,0.24825550187869028,3.2004830917874396,0.2616747181964573,2.120236178207193,
94,11.352657004830919,33.44068706387547,9.96376811594203,0.7045088566827697,31.830381105743424,3.374932903918411,4.019055287171229,0.24825550187869028,3.0864197530864197,0.07380568974771873,1.90552871712292,
95,11.513687600644122,33.319914117015564,9.96376811594203,0.7045088566827697,31.682769726247987,3.374932903918411,4.019055287171229,0.24825550187869028,3.0864197530864197,0.07380568974771873,2.0128824476650564,
96,11.574074074074074,33.293075684380035,9.96376811594203,0.7045088566827697,31.635802469135804,3.374932903918411,3.9989264626945786,0.24825550187869028,3.0864197530864197,0.07380568974771873,2.046430488459474,
97,11.54723564143854,33.1857219538379,9.950348899624261,0.7045088566827697,31.57541599570585,3.5829307568438002,3.9989264626945786,0.24825550187869028,3.0864197530864197,0.07380568974771873,2.046430488459474,
98,11.52710681696189,32.51476113794954,9.930220075147611,0.7045088566827697,31.092324208266238,4.260601180891036,4.522275899087493,0.24825550187869028,3.0864197530864197,0.07380568974771873,2.0397208803005906,
99,11.392914653784219,30.810520665593128,9.77589908749329,0.8185721953837896,29.71014492753623,4.1532474503489,7.7898550724637685,0.24825550187869028,3.0327428878153517,0.07380568974771873,2.1940418679549114,
100,11.52710681696189,30.810520665593128,9.77589908749329,0.798443370907139,29.582662372517444,4.1532474503489,7.863660762211487,0.24825550187869028,2.999194847020934,0.07380568974771873,2.167203435319377,
101,11.54723564143854,30.770263016639827,9.77589908749329,0.798443370907139,29.582662372517444,4.126409017713366,7.9106280193236715,0.24825550187869028,2.999194847020934,0.07380568974771873,2.167203435319377,
102,11.701556629092861,30.683038110574344,9.71551261406334,0.8521202361782072,29.51556629092861,4.126409017713366,7.9039184111647875,0.24825550187869028,2.9388083735909825,0.07380568974771873,2.2410091250670963,
103,11.882716049382717,30.615942028985508,9.695383789586689,0.8521202361782072,29.367954911433173,4.079441760601181,7.9039184111647875,0.24825550187869028,2.9388083735909825,0.07380568974771873,2.341653247450349,
104,11.735104669887278,30.52871712292002,9.695383789586689,0.8521202361782072,29.408212560386474,4.609500805152979,7.722758990874933,0.20799785292538917,2.9388083735909825,0.07380568974771873,2.227589908749329,
105,11.996779388083736,30.387815351583466,9.64170692431562,0.8521202361782072,29.314278046162105,4.703435319377348,7.722758990874933,0.20799785292538917,2.9388083735909825,0.07380568974771873,2.1604938271604937,
106,12.151100375738057,30.287171229200215,9.64170692431562,0.8521202361782072,29.260601180891037,4.703435319377348,7.722758990874933,0.20799785292538917,2.9388083735909825,0.07380568974771873,2.1604938271604937,
107,12.265163714439076,30.17981749865808,9.608158883521202,0.8521202361782072,29.220343531937736,4.777241009125067,7.722758990874933,0.20799785292538917,2.932098765432099,0.07380568974771873,2.1604938271604937,
108,12.318840579710145,28.24074074074074,9.608158883521202,1.0131508319914118,28.965378421900162,4.817498658078368,9.54777241009125,0.20799785292538917,2.932098765432099,0.07380568974771873,2.2745571658615136,
109,12.352388620504563,28.23403113258186,9.561191626409018,1.0131508319914118,28.938539989264626,4.817498658078368,9.541062801932368,0.20799785292538917,2.932098765432099,0.07380568974771873,2.2745571658615136,0.05367686527106817
110,12.5402576489533,28.20048309178744,9.453837895866881,1.1406333870101986,28.64331723027375,4.958400429414922,9.534353193773484,0.20799785292538917,2.932098765432099,0.07380568974771873,2.2611379495437465,0.05367686527106817
111,12.493290391841116,25.89237788513151,9.366612989801396,1.1406333870101986,28.529253891572733,5.01207729468599,11.694847020933977,0.20799785292538917,3.33467525496511,0.07380568974771873,2.200751476113795,0.05367686527106817
112,12.466451959205582,25.85212023617821,9.23913043478261,1.1406333870101986,28.22061191626409,4.9718196457326895,12.124261943102523,0.20799785292538917,3.44873859366613,0.07380568974771873,2.200751476113795,0.05367686527106817
113,12.399355877616747,25.87224906065486,9.219001610305957,1.1406333870101986,27.925389157273216,4.9718196457326895,12.117552334943639,0.20799785292538917,3.864734299516908,0.07380568974771873,2.15378421900161,0.05367686527106817
114,12.526838432635534,25.831991411701555,9.185453569511541,1.1406333870101986,27.891841116478798,4.9718196457326895,12.097423510466989,0.20799785292538917,3.864734299516908,0.07380568974771873,2.15378421900161,0.05367686527106817
115,12.392646269457863,22.993827160493826,9.185453569511541,1.1741814278046163,27.80461621041331,8.467525496511003,11.560654857756306,0.20799785292538917,3.864734299516908,0.07380568974771873,2.2208803005904456,0.05367686527106817
116,12.486580783682234,22.973698336017176,9.158615136876007,1.4895330112721417,27.4020397208803,8.467525496511003,11.600912506709609,0.20799785292538917,3.864734299516908,0.07380568974771873,2.2208803005904456,0.05367686527106817
117,12.72812667740204,22.893183038110575,9.158615136876007,1.4895330112721417,27.4020397208803,8.393719806763285,11.58749329039184,0.20799785292538917,3.7909286097691894,0.07380568974771873,2.2208803005904456,0.05367686527106817
118,10.762211486849168,22.208803005904453,21.967257112184647,1.3083735909822867,20.52469135802469,7.635534084809447,8.172302737520129,0.17444981213097155,5.669618894256575,0.0067096081588835215,1.5163714439076759,0.05367686527106817
119,10.674986580783683,22.32957595276436,21.900161030595815,1.3083735909822867,20.52469135802469,7.434245840042942,8.158883521202362,0.17444981213097155,5.662909286097692,0.0067096081588835215,1.5163714439076759,0.30864197530864196
120,9.406870638754697,21.443907675791735,24.711486849168008,1.4761137949543746,20.1959205582394,7.185990338164252,7.971014492753623,0.17444981213097155,5.60252281266774,0.0067096081588835215,1.5163714439076759,0.30864197530864196
121,9.480676328502415,21.349973161567366,24.67793880837359,1.4761137949543746,20.061728395061728,7.159151905528717,8.051529790660226,0.17444981213097155,5.60252281266774,0.0067096081588835215,1.6505636070853462,0.30864197530864196
122,9.426999463231347,21.316425120772948,24.67793880837359,1.4761137949543746,19.87385936661299,7.152442297369833,7.971014492753623,0.17444981213097155,5.6964573268921095,0.0067096081588835215,1.9189479334406871,0.30864197530864196
123,9.594739667203436,21.235909822866343,22.745571658615138,1.4761137949543746,19.79334406870639,7.25979602791197,7.971014492753623,0.17444981213097155,7.514761137949543,0.0067096081588835215,1.9189479334406871,0.30864197530864196
124,9.675254965110037,21.22249060654858,22.443639291465377,1.4761137949543746,19.773215244229736,7.5281803542673105,7.971014492753623,0.17444981213097155,7.501341921631776,0.0067096081588835215,1.9189479334406871,0.30864197530864196
125,9.816156736446592,21.215780998389693,22.363123993558776,1.4761137949543746,19.692699946323135,7.501341921631776,7.971014492753623,0.17444981213097155,7.48792270531401,0.0067096081588835215,1.9860440150295222,0.30864197530864196
126,10.02415458937198,21.175523349436393,22.21551261406334,1.4761137949543746,19.665861513687602,7.548309178743962,7.971014492753623,0.17444981213097155,7.447665056360709,0.0067096081588835215,1.9860440150295222,0.30864197530864196
127,10.131508319914117,21.121846484165324,22.12157809983897,1.4694041867954912,19.585346215780998,7.682501341921632,7.971014492753623,0.17444981213097155,7.440955448201825,0.0067096081588835215,1.9860440150295222,0.30864197530864196
128,10.332796564680622,21.121846484165324,22.10144927536232,1.5163714439076759,19.410896403650028,7.682501341921632,7.971014492753623,0.17444981213097155,7.427536231884058,0.0067096081588835215,1.9457863660762211,0.30864197530864196
129,9.73564143853999,23.040794417606012,21.900161030595815,1.5096618357487923,19.14922168545357,7.648953301127214,7.997852925389157,0.17444981213097155,6.347289318303811,0.0067096081588835215,2.1806226516371443,0.30864197530864196
130,9.816156736446592,23.040794417606012,21.631776704240472,1.5096618357487923,19.068706387546968,7.648953301127214,8.266237251744498,0.17444981213097155,6.347289318303811,0.0067096081588835215,2.1806226516371443,0.30864197530864196
131,9.950348899624261,23.020665593129362,21.38352120236178,1.5096618357487923,19.068706387546968,7.7831454643048845,8.266237251744498,0.17444981213097155,6.347289318303811,0.0067096081588835215,2.1806226516371443,0.30864197530864196
132,10.017444981213098,23.007246376811594,21.36339237788513,1.5096618357487923,19.03515834675255,7.7831454643048845,8.266237251744498,0.17444981213097155,6.347289318303811,0.0067096081588835215,2.1806226516371443,0.30864197530864196
133,8.017981749865807,22.33628556092324,24.778582930756844,1.5096618357487923,18.552066559312937,7.7361782071927,8.266237251744498,0.17444981213097155,6.152710681696189,0.0067096081588835215,2.1604938271604937,0.30864197530864196
134,8.179012345679013,22.302737520128826,24.765163714439076,1.5096618357487923,18.46484165324745,7.709339774557166,8.266237251744498,0.17444981213097155,6.152710681696189,0.0067096081588835215,2.1604938271604937,0.30864197530864196
135,8.3467525496511,22.21551261406334,24.698067632850243,1.5096618357487923,18.431293612453032,7.709339774557166,8.3064949006978,0.17444981213097155,6.159420289855072,0.0067096081588835215,2.13365539452496,0.30864197530864196
136,8.641975308641975,22.000805152979066,24.684648416532475,1.5096618357487923,18.364197530864196,7.709339774557166,8.3064949006978,0.17444981213097155,6.159420289855072,0.0067096081588835215,2.13365539452496,0.30864197530864196
137,8.085077831454644,21.900161030595815,22.571121846484164,1.4895330112721417,21.4170692431562,7.514761137949543,8.313204508856682,0.17444981213097155,5.958132045088567,0.0067096081588835215,2.1135265700483092,0.4562533548040794
138,8.165593129361245,21.87332259796028,22.571121846484164,1.4895330112721417,21.3768115942029,7.501341921631776,8.313204508856682,0.17444981213097155,5.958132045088567,0.0067096081588835215,2.1135265700483092,0.4562533548040794
139,8.373590982286634,21.87332259796028,22.25577026301664,1.556629092860977,21.18894256575416,7.75630703166935,8.28636607622115,0.17444981213097155,5.958132045088567,0.0067096081588835215,2.1135265700483092,0.4562533548040794
140,8.521202361782072,21.83977455716586,22.188674181427803,1.556629092860977,21.155394524959743,7.75630703166935,8.28636607622115,0.17444981213097155,5.9447128287707995,0.0067096081588835215,2.1135265700483092,0.4562533548040794
141,8.252818035426731,21.430488459473967,21.370101986044016,1.6841116478797638,21.611647879763822,8.199141170155663,8.829844337090714,0.17444981213097155,5.884326355340848,0.0067096081588835215,2.100107353730542,0.4562533548040794
142,7.39398819108964,15.291196994095545,21.30300590445518,1.482823403113258,33.9170692431562,3.6231884057971016,8.668813741277509,0.17444981213097155,5.8172302737520125,0.0067096081588835215,2.100107353730542,0.2214170692431562
143,7.467793880837359,15.103327965646805,21.296296296296298,1.482823403113258,33.80971551261406,3.683574879227053,8.796296296296296,0.17444981213097155,5.790391841116479,0.0067096081588835215,2.167203435319377,0.2214170692431562
144,7.461084272678476,15.136876006441224,21.296296296296298,1.482823403113258,33.7962962962963,3.683574879227053,8.796296296296296,0.17444981213097155,5.776972624798712,0.0067096081588835215,2.167203435319377,0.2214170692431562
145,7.494632313472893,14.97584541062802,21.276167471819647,1.5365002683843263,33.66881374127751,3.7640901771336552,8.796296296296296,0.17444981213097155,5.917874396135265,0.0067096081588835215,2.167203435319377,0.2214170692431562
146,7.695920558239399,14.969135802469136,21.26274825550188,1.6706924315619969,33.48094471282877,3.7573805689747717,8.796296296296296,0.17444981213097155,5.8172302737520125,0.0067096081588835215,2.147074610842727,0.2214170692431562
147,7.877079978529254,14.922168545356952,21.235909822866343,1.6706924315619969,33.340042941492214,3.9989264626945786,8.648684916800859,0.17444981213097155,5.8172302737520125,0.0067096081588835215,2.086688137412775,0.2214170692431562
148,7.266505636070853,12.5,20.967525496511005,1.6237251744498122,37.19806763285024,3.8848631239935587,8.621846484165324,0.2885131508319914,5.3341384863123995,0.0067096081588835215,2.086688137412775,0.2214170692431562
149,7.37385936661299,12.5,20.88030059044552,1.7579173376274826,36.99677938808374,3.938539989264627,8.621846484165324,0.2885131508319914,5.3274288781535155,0.0067096081588835215,2.086688137412775,0.2214170692431562
150,7.4208266237251745,12.493290391841116,20.82662372517445,1.7579173376274826,36.91626409017714,3.92512077294686,8.621846484165324,0.2885131508319914,5.374396135265701,0.0067096081588835215,2.147074610842727,0.2214170692431562
151,7.7361782071927,12.432903918411165,20.82662372517445,1.7579173376274826,36.7686527106817,3.92512077294686,8.601717659688674,0.2885131508319914,5.300590445517981,0.0067096081588835215,2.13365539452496,0.2214170692431562
152,7.816693505099302,12.432903918411165,20.82662372517445,1.7579173376274826,36.73510466988728,3.8580246913580245,8.420558239398819,0.2885131508319914,5.293880837359098,0.1610305958132045,2.13365539452496,0.27509393451422437
153,7.937466451959206,12.432903918411165,20.779656468062264,1.7579173376274826,36.68813741277509,3.8580246913580245,8.420558239398819,0.2885131508319914,5.267042404723564,0.1610305958132045,2.13365539452496,0.27509393451422437
154,8.024691358024691,12.432903918411165,20.558239398819108,1.7579173376274826,36.594202898550726,4.086151368760064,8.420558239398819,0.2885131508319914,5.267042404723564,0.1610305958132045,2.13365539452496,0.27509393451422437
155,8.024691358024691,12.432903918411165,20.558239398819108,1.7579173376274826,36.594202898550726,4.086151368760064,8.420558239398819,0.2885131508319914,5.267042404723564,0.1610305958132045,2.13365539452496,0.27509393451422437
156,8.085077831454644,12.412775093934513,20.511272141706925,1.7579173376274826,36.594202898550726,4.019055287171229,8.494363929146537,0.2885131508319914,5.267042404723564,0.1610305958132045,2.13365539452496,0.27509393451422437
157,8.11862587224906,12.412775093934513,20.46430488459474,2.0799785292538915,36.218464841653244,4.019055287171229,8.494363929146537,0.17444981213097155,5.10601180891036,0.1610305958132045,2.475845410628019,0.27509393451422437
158,8.299785292538916,12.399355877616747,20.40391841116479,2.0799785292538915,36.20504562533548,4.019055287171229,8.494363929146537,0.17444981213097155,5.092592592592593,0.1610305958132045,2.475845410628019,0.19457863660762212
159,8.373590982286634,12.325550187869029,17.57246376811594,2.0799785292538915,36.02388620504563,7.347020933977456,8.501073537305421,0.17444981213097155,5.038915727321524,0.1610305958132045,2.2074610842726785,0.19457863660762212
160,8.541331186258722,12.305421363392378,17.55233494363929,2.737520128824477,35.32608695652174,7.347020933977456,8.433977455716587,0.17444981213097155,5.018786902844874,0.1610305958132045,2.2074610842726785,0.19457863660762212
161,8.695652173913043,12.171229200214707,17.538915727321523,2.7308105206655933,35.21202361782072,7.48792270531401,8.433977455716587,0.17444981213097155,5.018786902844874,0.1610305958132045,2.1806226516371443,0.19457863660762212
162,8.876811594202898,12.144390767579173,17.485238862050455,2.8515834675254963,35.03086419753087,7.48792270531401,8.433977455716587,0.1610305958132045,4.99194847020934,0.1610305958132045,2.1806226516371443,0.19457863660762212
163,9.064680622651638,12.144390767579173,17.337627482555018,2.965646806226516,34.93022007514761,7.467793880837359,8.400429414922169,0.1610305958132045,4.99194847020934,0.1610305958132045,2.1806226516371443,0.19457863660762212
164,9.192163177670425,12.144390767579173,17.337627482555018,3.0595813204508855,34.74235104669887,7.440955448201825,8.393719806763285,0.1610305958132045,4.99194847020934,0.1610305958132045,2.1806226516371443,0.19457863660762212
165,9.433709071390231,11.969940955448202,17.337627482555018,3.0595813204508855,34.634997316156735,7.440955448201825,8.319914117015566,0.1610305958132045,4.9651100375738055,0.1610305958132045,2.3215244229736984,0.19457863660762212
166,9.73564143853999,11.969940955448202,17.3040794417606,3.0595813204508855,34.54777241009125,7.353730542136339,8.3064949006978,0.1610305958132045,4.9651100375738055,0.1610305958132045,2.2410091250670963,0.19457863660762212
167,9.863123993558776,11.963231347289318,17.270531400966185,3.0595813204508855,34.47396672034353,7.340311325818572,8.3064949006978,0.1610305958132045,4.9651100375738055,0.1610305958132045,2.2410091250670963,0.19457863660762212
168,10.077831454643048,11.956521739130435,17.270531400966185,2.965646806226516,34.245840042941495,7.340311325818572,8.293075684380032,0.1610305958132045,5.038915727321524,0.1610305958132045,2.2946859903381642,0.19457863660762212
169,10.138217928073,11.956521739130435,17.216854535695116,2.965646806226516,34.23913043478261,7.340311325818572,8.293075684380032,0.1610305958132045,5.038915727321524,0.1610305958132045,2.2946859903381642,0.19457863660762212
170,10.205314009661835,11.956521739130435,17.216854535695116,2.965646806226516,34.17203435319377,7.340311325818572,8.293075684380032,0.1610305958132045,5.038915727321524,0.1610305958132045,2.2946859903381642,0.19457863660762212
171,10.406602254428341,11.929683306494901,17.216854535695116,3.012614063338701,34.07809983896941,7.434245840042942,8.279656468062266,0.1610305958132045,4.99194847020934,0.1610305958132045,2.13365539452496,0.19457863660762212
172,10.48040794417606,11.929683306494901,17.16988727858293,3.012614063338701,33.964036500268385,7.4208266237251745,8.279656468062266,0.1610305958132045,4.99194847020934,0.1610305958132045,2.2342995169082127,0.19457863660762212
173,10.513955984970478,11.855877616747183,17.163177670424048,3.180354267310789,33.77616747181965,7.48792270531401,8.219269994632313,0.1610305958132045,4.99194847020934,0.2214170692431562,2.2342995169082127,0.19457863660762212
174,10.587761674718196,11.855877616747183,17.022275899087493,3.180354267310789,33.69565217391305,7.628824476650563,8.085077831454644,0.1610305958132045,4.99194847020934,0.2214170692431562,2.3752012882447664,0.19457863660762212
175,10.654857756307031,11.855877616747183,16.968599033816425,3.180354267310789,33.1454643048846,8.179012345679013,8.085077831454644,0.1610305958132045,4.978529253891573,0.2214170692431562,2.3752012882447664,0.19457863660762212
176,10.695115405260333,11.802200751476114,16.901502952227588,3.140096618357488,33.01798174986581,8.387010198604402,8.05823939881911,0.1610305958132045,4.938271604938271,0.2214170692431562,2.4825550187869028,0.19457863660762212
177,10.681696188942565,11.802200751476114,16.814278046162105,3.240740740740741,33.01798174986581,8.387010198604402,8.05823939881911,0.1610305958132045,4.938271604938271,0.2214170692431562,2.4825550187869028,0.19457863660762212
178,10.742082662372518,11.802200751476114,16.71363392377885,3.2139023081052067,29.21363392377885,8.091787439613526,8.588298443370908,0.1610305958132045,8.910359634997317,0.2214170692431562,2.147074610842727,0.19457863660762212
179,10.795759527643586,11.79549114331723,16.505636070853463,3.193773483628556,29.0727321524423,7.937466451959206,9.145195920558239,0.1610305958132045,8.910359634997317,0.2214170692431562,2.0665593129361244,0.19457863660762212
180,10.849436392914654,11.674718196457327,15.895061728395062,3.180354267310789,30.85077831454643,7.635534084809447,9.064680622651638,0.1610305958132045,8.239398819108963,0.2549651100375738,1.9994632313472893,0.19457863660762212
181,10.849436392914654,11.674718196457327,15.895061728395062,3.180354267310789,30.85077831454643,7.635534084809447,9.064680622651638,0.1610305958132045,8.239398819108963,0.2549651100375738,1.9994632313472893,0.19457863660762212
182,10.621309715512615,11.560654857756306,15.552871712292003,3.180354267310789,31.05877616747182,8.09849704777241,9.386741814278047,0.1610305958132045,7.930756843800322,0.2549651100375738,1.9994632313472893,0.19457863660762212
183,10.768921095008052,11.560654857756306,15.539452495974235,3.180354267310789,30.92458400429415,8.017981749865807,9.386741814278047,0.1610305958132045,7.877079978529254,0.2549651100375738,2.13365539452496,0.19457863660762212
184,10.755501878690284,11.60762211486849,15.526033279656469,3.180354267310789,30.9044551798175,8.172302737520129,9.386741814278047,0.1610305958132045,7.722758990874933,0.2549651100375738,2.13365539452496,0.19457863660762212
185,11.003757380568974,11.580783682232958,15.499194847020934,3.166935050993022,30.85077831454643,8.172302737520129,9.386741814278047,0.1610305958132045,7.494632313472893,0.2549651100375738,2.2342995169082127,0.19457863660762212
186,11.09098228663446,11.486849168008588,15.499194847020934,3.5963499731615673,30.555555555555557,8.05823939881911,9.386741814278047,0.1610305958132045,7.481213097155126,0.2549651100375738,2.2342995169082127,0.19457863660762212
187,10.976918947933441,11.345947396672035,15.45222758990875,3.5426731078904994,30.50858829844337,8.205850778314547,9.64170692431562,0.1610305958132045,7.481213097155126,0.2549651100375738,2.2342995169082127,0.19457863660762212
188,11.05072463768116,11.292270531400966,15.45222758990875,3.5426731078904994,30.50858829844337,8.219269994632313,9.64170692431562,0.1610305958132045,7.447665056360709,0.2549651100375738,2.2342995169082127,0.19457863660762212
189,10.661567364465915,10.493827160493828,16.659957058507782,3.6500268384326353,30.293880837359097,8.031400966183575,9.876543209876543,0.1610305958132045,7.37385936661299,0.2549651100375738,2.3483628556092326,0.19457863660762212
190,10.59447128287708,10.493827160493828,16.646537842190018,4.019055287171229,30.10601180891036,8.024691358024691,9.822866344605474,0.2616747181964573,7.246376811594203,0.2549651100375738,2.3349436392914655,0.19457863660762212
