,45,50,54,55,51,57,53,58,56,52
0,93.43800322061192,6.561996779388084,,,,,,,,
1,88.65405260332797,11.345947396672035,,,,,,,,
2,86.84245840042942,13.157541599570585,,,,,,,,
3,86.09098228663446,13.90901771336554,,,,,,,,
4,53.676865271068166,46.323134728931834,,,,,,,,
5,52.844873859366615,47.155126140633385,,,,,,,,
6,51.549919484702095,42.27724100912507,5.911164787976382,0.2616747181964573,,,,,,
7,47.396672034353195,46.584809447128286,5.22007514761138,0.798443370907139,,,,,,
8,46.13526570048309,47.90660225442834,5.159688674181428,0.798443370907139,,,,,,
9,46.202361782071925,47.87976382179281,5.159688674181428,0.7581857219538379,,,,,,
10,42.96833064949007,46.01449275362319,4.810789049919484,0.7581857219538379,5.119431025228127,0.32877079978529256,,,,
11,38.21121846484165,49.13446054750403,4.488727858293076,2.771068169618894,5.0858829844337095,0.30864197530864196,,,,
12,34.49409554482018,37.60735373054214,3.743961352657005,0.7581857219538379,5.038915727321524,0.16774020397208803,18.189747718733226,,,
13,34.876543209876544,37.446323134728935,3.7037037037037037,0.7581857219538379,5.018786902844874,0.16774020397208803,16.71363392377885,1.3150831991411702,,
14,34.05797101449275,32.17928073000537,3.7037037037037037,0.7581857219538379,4.998658078368224,0.16774020397208803,22.832796564680624,1.3016639828234031,,
15,34.64170692431562,31.810252281266774,3.6768652710681695,1.9256575415995705,4.931561996779388,0.16774020397208803,21.544551798174986,1.3016639828234031,,
16,32.43424584004294,18.417874396135264,2.1806226516371443,,43.84057971014493,,3.126677402039721,,,
17,32.74288781535159,18.297101449275363,2.167203435319377,,43.666129898013956,,3.126677402039721,,,
18,32.39398819108964,18.84728931830381,2.167203435319377,,43.31723027375201,,3.0595813204508855,,0.2147074610842727,
19,32.789855072463766,18.746645195920557,2.1604938271604937,,41.035963499731615,,3.0193236714975846,,2.24771873322598,
20,29.09286097691895,16.458668813741276,2.13365539452496,,45.430756843800324,,1.710950080515298,,2.214170692431562,2.9589371980676327
21,26.281535158346752,15.68035426731079,,,35.71524422973698,,15.344873859366613,,2.2745571658615136,4.703435319377348
22,26.583467525496513,14.741009125067096,,,35.25228126677402,,15.291196994095545,,2.2745571658615136,5.857487922705314
23,26.858561460010737,13.110574342458401,1.3352120236178207,,34.98389694041868,,14.029790660225443,,3.8378958668813743,5.844068706387547
24,24.08078368223296,12.432903918411165,1.3352120236178207,,43.062265163714436,,11.735104669887278,,3.656736446591519,3.69699409554482
25,22.443639291465377,10.124798711755233,0.5837359098228664,0.49651100375738055,49.704777241009126,,11.077563070316694,,3.052871712292002,2.5161030595813205
26,22.705314009661837,10.084541062801932,0.5837359098228664,0.49651100375738055,49.53703703703704,,11.044015029522276,,3.046162104133119,2.5026838432635534
27,16.069511540526033,21.79951690821256,2.200751476113795,0.49651100375738055,43.63929146537842,,10.279119699409554,,3.046162104133119,2.4691358024691357
28,16.458668813741276,20.591787439613526,4.508856682769726,0.48980139559849706,42.21685453569511,,10.245571658615138,,3.0193236714975846,2.4691358024691357
29,17.002147074610843,20.511272141706925,4.42163177670424,0.46967257112184646,41.908212560386474,,10.218733225979603,,3.0193236714975846,2.4490069779924855
30,17.57246376811594,20.43075684380032,4.38137412775094,0.6843800322061192,41.43183038110574,,10.11808910359635,,2.9589371980676327,2.4221685453569513
31,15.573000536768653,19.424315619967793,4.200214707461084,0.6843800322061192,43.323939881910896,,11.902844873859367,0.19457863660762212,2.952227589908749,1.7444981213097155
32,15.425389157273216,18.377616747181964,3.8714439076757916,0.6843800322061192,41.52576489533011,,11.305689747718732,0.19457863660762212,2.059849704777241,6.5552871712292005
33,16.089640365002683,18.317230273752013,3.8714439076757916,0.6709608158883521,41.08964036500269,,11.20504562533548,0.18115942028985507,2.046430488459474,6.528448738593666
34,16.525764895330113,17.478529253891573,3.784219001610306,1.482823403113258,40.88835212023618,,11.198336017176597,0.18115942028985507,1.9726247987117553,6.488191089640365
35,17.21014492753623,17.317498658078367,3.784219001610306,1.482823403113258,40.465646806226516,,11.131239935587761,0.18115942028985507,1.9726247987117553,6.454643048845948
36,17.404723564143854,17.163177670424048,3.898282340311326,3.374932903918411,38.54669887278583,,11.037305421363392,0.18115942028985507,1.9457863660762211,6.447933440687064
37,17.06924315619968,16.163446054750402,3.8177670424047236,3.3682232957595275,40.45893719806763,,10.963499731615673,0.18115942028985507,1.9457863660762211,6.031937734836285
38,16.606280193236714,16.0829307568438,2.4221685453569513,3.321256038647343,33.49436392914654,,7.883789586688137,0.18115942028985507,1.8250134192163177,18.183038110574344
39,17.102791196994094,15.982286634460548,2.4221685453569513,3.589640365002684,33.03811057434246,,7.877079978529254,0.18115942028985507,1.7981749865807837,18.00858829844337
40,17.954911433172303,15.754159957058508,2.3550724637681157,3.556092324208266,32.57514761137949,,7.877079978529254,0.18115942028985507,1.7713365539452497,17.975040257648953
41,17.713365539452496,12.969672571121846,2.3550724637681157,9.541062801932368,30.12614063338701,,7.836822329575953,0.18115942028985507,1.7713365539452497,17.505367686527105
42,17.8743961352657,12.224906065485776,3.1333870101986045,9.312936124530328,29.837627482555018,,7.796564680622652,0.18115942028985507,1.7444981213097155,17.894524959742352
43,18.263553408480945,12.016908212560386,3.1333870101986045,10.332796564680622,28.904991948470208,,7.709339774557166,0.18115942028985507,1.9927536231884058,17.465110037573805
44,18.86070853462158,11.963231347289318,3.079710144927536,10.319377348362856,28.723832528180353,,7.675791733762749,0.18115942028985507,1.9793344068706387,17.216854535695116
45,18.96135265700483,11.788781535158346,3.052871712292002,10.091250670960816,28.428609769189478,,12.332259796027913,0.16774020397208803,1.9189479334406871,13.258185721953838
46,19.80005367686527,11.66129898013956,3.046162104133119,9.816156736446592,28.099838969404185,,12.278582930756844,0.1610305958132045,1.9189479334406871,13.217928073000536
47,19.847020933977454,11.627750939345143,3.046162104133119,12.13768115942029,26.227858293075684,,11.896135265700483,0.1610305958132045,1.8853998926462694,13.170960815888352
48,18.9747718733226,6.662640901771336,2.6301663982823404,9.957058507783145,25.51663982823403,,11.822329575952764,0.1610305958132045,1.8853998926462694,22.38996242619431
49,19.47799248523886,6.602254428341385,2.6301663982823404,9.943639291465379,25.389157273215243,,11.674718196457327,0.1610305958132045,1.8719806763285025,22.249060654857757
50,19.43102522812668,6.454643048845948,2.5295222758990876,9.863123993558776,25.046967257112186,,14.51959205582394,0.1610305958132045,1.8451422436929683,20.148953301127214
51,20.00805152979066,6.454643048845948,2.5161030595813205,9.822866344605474,24.89935587761675,,14.298174986580785,0.1610305958132045,1.8183038110574343,20.021470746108427
52,19.80005367686527,6.179549114331723,2.5161030595813205,9.440418679549115,25.87895866881374,,14.27133655394525,0.1610305958132045,1.8183038110574343,19.93424584004294
53,20.45088566827697,6.139291465378422,2.5161030595813205,9.561191626409018,25.503220611916262,,14.204240472356414,0.1610305958132045,1.7981749865807837,19.665861513687602
54,20.625335480407944,6.139291465378422,2.5161030595813205,9.54777241009125,25.348899624261943,,16.337895866881375,0.1610305958132045,1.7981749865807837,17.52549651100376
55,20.316693505099302,5.146269457863661,2.1135265700483092,8.742619431025227,23.66478797638218,,24.422973698336016,0.1610305958132045,1.7981749865807837,13.633923778851315
56,18.136070853462158,5.112721417069243,2.1135265700483092,10.527375201288244,29.51556629092861,,20.974235104669887,,1.932367149758454,11.688137412775093
57,12.265163714439076,3.784219001610306,2.086688137412775,10.7085346215781,39.049919484702095,,18.927804616210413,,1.8786902844873858,11.29898013955985
58,12.808641975308642,3.784219001610306,2.0665593129361244,10.621309715512615,36.75523349436393,,18.780193236714975,,1.8585614600107354,13.325281803542673
59,13.70101986044015,3.7640901771336552,2.0397208803005906,11.426462694578637,35.52066559312936,,18.55877616747182,,1.8451422436929683,13.144122383252817
60,12.345679012345679,6.4345142243692965,1.9793344068706387,11.808910359634996,34.19216317767042,,18.344068706387546,,1.8451422436929683,13.050187869028449
61,12.734836285560924,6.400966183574879,1.9793344068706387,12.097423510466989,33.762748255501876,,18.23671497584541,,1.8183038110574343,12.969672571121846
62,13.211218464841654,6.340579710144928,1.9793344068706387,12.016908212560386,33.51449275362319,,18.19645732689211,,1.8183038110574343,12.922705314009661
63,13.22463768115942,6.320450885668277,4.280730005367687,11.030595813204508,32.66237251744498,,18.06226516371444,,1.724369296833065,12.694578636607622
64,13.607085346215781,6.286902844873859,4.280730005367687,11.030595813204508,32.48792270531401,,17.934782608695652,,1.724369296833065,12.647611379495437
65,13.821792807300053,6.273483628556092,4.280730005367687,10.970209339774557,32.427536231884055,,17.579173376274827,0.3153515834675255,1.724369296833065,12.607353730542137
66,14.023081052066559,6.273483628556092,4.2270531400966185,9.158615136876007,32.09205582393988,,13.70101986044015,0.3153515834675255,1.724369296833065,18.4849704777241
67,14.42565754159957,6.226516371443908,4.119699409554482,9.03113258185722,30.615942028985508,,15.11003757380569,0.3153515834675255,1.724369296833065,18.431293612453032
68,13.378958668813741,5.844068706387547,2.871712292002147,8.514492753623188,36.3593666129898,,14.908749329039184,0.3153515834675255,1.4962426194310252,16.31105743424584
69,10.48040794417606,5.71658615136876,2.167203435319377,6.830381105743425,39.50617283950617,0.10735373054213634,9.930220075147611,0.2952227589908749,1.3687600644122384,23.597691894793343
70,10.929951690821255,5.676328502415459,1.9592055823939882,6.461352657004831,31.843800322061192,0.10735373054213634,17.364465915190554,0.2952227589908749,1.8451422436929683,23.517176596886742
71,11.064143853998926,5.622651637144391,1.9592055823939882,6.447933440687064,33.43397745571659,0.10735373054213634,16.089640365002683,0.2952227589908749,1.8451422436929683,23.13472893183038
72,11.580783682232958,5.434782608695652,1.9592055823939882,6.400966183574879,33.19243156199678,0.0067096081588835215,16.06280193236715,0.2952227589908749,1.8451422436929683,23.221953837895867
73,11.553945249597424,3.280998389694042,1.90552871712292,6.273483628556092,35.80246913580247,0.0067096081588835215,16.21712292002147,0.2952227589908749,1.6035963499731616,23.060923242082662
74,12.157809983896941,3.280998389694042,1.90552871712292,6.246645195920558,35.44015029522276,0.0067096081588835215,16.069511540526033,0.2952227589908749,1.751207729468599,22.84621578099839
75,12.338969404186795,3.126677402039721,1.892109500805153,6.521739130434782,34.84970477724101,0.0067096081588835215,15.94873859366613,0.2952227589908749,1.9927536231884058,23.027375201288244
76,12.694578636607622,3.126677402039721,1.892109500805153,6.863929146537842,34.265968867418145,0.0067096081588835215,16.57944176060118,0.27509393451422437,1.9524959742351047,22.342995169082126
77,12.929414922168545,3.126677402039721,1.892109500805153,6.729736983360172,33.7962962962963,0.0067096081588835215,14.170692431561998,0.27509393451422437,2.120236178207193,24.953032742887814
78,13.479602791196994,3.113258185721954,1.892109500805153,6.696188942565755,33.3064949006978,0.0067096081588835215,14.049919484702093,0.27509393451422437,2.2946859903381642,24.88593666129898
79,13.801663982823403,3.113258185721954,2.7308105206655933,6.649221685453569,32.789855072463766,0.0067096081588835215,13.486312399355878,0.27509393451422437,3.166935050993022,23.980139559849704
80,11.889425657541599,2.9388083735909825,2.254428341384863,5.877616747181965,29.57595276435856,0.0067096081588835215,12.02361782071927,0.27509393451422437,2.8113258185721954,32.347020933977454
81,12.674449812130971,2.9388083735909825,2.1739130434782608,5.703166935050993,29.394793344068706,0.0067096081588835215,11.75523349436393,0.27509393451422437,2.7844873859366612,32.29334406870639
82,13.043478260869565,2.9253891572732154,2.147074610842727,5.629361245303274,29.260601180891037,0.0067096081588835215,11.721685453569512,0.2616747181964573,2.771068169618894,32.23295759527644
83,13.45276435856146,2.9052603327965647,2.2410091250670963,5.528717122920021,29.13311862587225,0.0067096081588835215,11.621041331186259,0.2616747181964573,2.757648953301127,32.09205582393988
84,13.855340848094471,2.8918411164787976,2.2342995169082127,5.501878690284487,29.052603327965645,0.32877079978529256,11.56736446591519,0.2616747181964573,2.757648953301127,31.548577563070317
85,13.761406333870102,2.885131508319914,2.4557165861513686,5.5756843800322065,32.17257112184648,0.32877079978529256,11.473429951690822,0.2616747181964573,2.13365539452496,28.951959205582394
86,14.016371443907676,2.885131508319914,1.8585614600107354,4.797369833601718,33.393719806763286,0.32877079978529256,12.25174449812131,0.2616747181964573,2.13365539452496,28.073000536768653
87,14.492753623188406,2.85829307568438,1.8585614600107354,4.777241009125067,33.23268921095008,0.32877079978529256,12.198067632850242,0.2616747181964573,2.13365539452496,27.85829307568438
88,14.88191089640365,2.85829307568438,1.8518518518518519,4.777241009125067,32.98443370907139,0.32877079978529256,12.151100375738057,0.2616747181964573,2.100107353730542,27.80461621041331
89,14.962426194310252,2.85829307568438,1.8384326355340848,4.770531400966184,32.930756843800324,0.32877079978529256,12.124261943102523,0.2616747181964573,2.073268921095008,27.851583467525497
90,15.24422973698336,2.7442297369833604,1.8384326355340848,5.152979066022544,32.80327428878154,0.32877079978529256,11.956521739130435,0.2616747181964573,2.0665593129361244,27.603327965646805
91,15.673644659151906,2.7442297369833604,2.301395598497048,5.226784755770263,32.11218464841653,0.32877079978529256,11.956521739130435,0.2616747181964573,2.033011272141707,27.361782071927
92,16.022544283413847,2.7442297369833604,2.301395598497048,5.199946323134729,31.944444444444443,0.32877079978529256,11.90955448201825,0.2616747181964573,2.0263016639828235,27.26113794954375
93,16.532474503488995,2.7442297369833604,2.2611379495437465,5.186527106816962,31.850509930220074,0.32877079978529256,11.782071926999464,0.2616747181964573,2.0263016639828235,27.026301663982824
94,17.236983360171767,2.7442297369833604,2.2611379495437465,5.152979066022544,31.427804616210413,0.32877079978529256,11.681427804616211,0.2616747181964573,1.9994632313472893,26.90552871712292
95,16.841116478797638,2.7442297369833604,2.24771873322598,5.12614063338701,35.61460010735373,0.32877079978529256,10.037573805689748,0.2616747181964573,1.9524959742351047,24.84567901234568
96,17.16988727858293,2.7442297369833604,2.24771873322598,5.4616210413311865,35.19189479334407,0.3153515834675255,9.970477724100913,0.2616747181964573,1.9457863660762211,24.691358024691358
97,17.47181964573269,2.7442297369833604,2.804616210413312,5.421363392377885,35.00402576489533,0.3153515834675255,9.856414385399892,0.2616747181964573,1.9122383252818036,24.208266237251745
98,17.56575415995706,2.7442297369833604,2.717391304347826,4.851046698872786,34.46725711218465,0.3153515834675255,8.789586688137414,0.2616747181964573,1.8988191089640365,26.38888888888889
99,17.94820182501342,2.737520128824477,2.690552871712292,4.810789049919484,34.16532474503489,0.3153515834675255,8.749329039184111,0.2616747181964573,2.167203435319377,26.154052603327965
100,18.08239398819109,2.690552871712292,2.6704240472356413,4.797369833601718,35.46698872785829,0.10735373054213634,8.641975308641975,0.2616747181964573,2.1403650026838434,25.140901771336555
101,17.921363392377884,2.690552871712292,4.7168545356951155,3.81105743424584,35.11808910359635,0.10735373054213634,8.601717659688674,0.2549651100375738,2.1068169618894257,24.671229200214707
102,18.136070853462158,2.6704240472356413,4.736983360171766,3.7238325281803544,34.56119162640902,0.10735373054213634,10.527375201288244,0.2549651100375738,2.086688137412775,23.19511540526033
103,17.840848094471284,2.657004830917874,4.455179817498658,4.40150295222759,34.366612989801396,0.10735373054213634,9.675254965110037,0.2549651100375738,2.0531400966183573,24.188137412775095
104,14.74771873322598,2.636876006441224,2.147074610842727,3.2675791733762747,33.675523349436396,0.10735373054213634,9.037842190016104,0.2549651100375738,1.8853998926462694,32.23966720343532
105,14.955716586151368,2.623456790123457,2.120236178207193,3.2340311325818574,30.246913580246915,0.08051529790660225,11.668008588298443,0.2549651100375738,2.8113258185721954,32.00483091787439
106,15.418679549114332,2.6167471819645733,2.1135265700483092,3.629898013955985,29.683306494900698,0.08051529790660225,11.627750939345143,0.2549651100375738,2.8113258185721954,31.76328502415459
107,15.962157809983896,2.5966183574879227,2.100107353730542,3.629898013955985,29.53569511540526,0.08051529790660225,11.600912506709609,0.2549651100375738,2.8113258185721954,31.427804616210413
108,16.59286097691895,2.5697799248523885,2.0799785292538915,3.629898013955985,29.354535695115406,0.08051529790660225,11.520397208803006,0.2549651100375738,2.804616210413312,31.112453032742888
109,15.277777777777779,2.5697799248523885,2.033011272141707,3.455448201825013,32.11218464841653,0.08051529790660225,11.426462694578637,0.2549651100375738,2.167203435319377,30.62265163714439
110,15.713902308105206,2.5697799248523885,2.033011272141707,3.4420289855072466,31.87734836285561,0.08051529790660225,11.366076221148685,0.2549651100375738,2.167203435319377,30.495169082125603
111,16.404991948470208,2.5295222758990876,2.2410091250670963,3.33467525496511,31.729736983360173,0.08051529790660225,11.305689747718732,0.2147074610842727,2.1403650026838434,30.018786902844873
112,17.08937198067633,2.475845410628019,2.2074610842726785,3.280998389694042,31.548577563070317,0.08051529790660225,11.18491680085883,0.2147074610842727,2.1403650026838434,29.777241009125067
113,17.344337090713903,2.475845410628019,2.1806226516371443,4.5960815888352125,29.482018250134193,0.08051529790660225,12.882447665056361,0.2147074610842727,2.1068169618894257,28.63660762211487
114,17.62614063338701,2.475845410628019,2.147074610842727,4.5960815888352125,29.30756843800322,0.08051529790660225,12.822061191626409,0.2147074610842727,2.1068169618894257,28.6231884057971
115,17.94820182501342,2.4154589371980677,2.147074610842727,4.851046698872786,29.180085882984432,0.08051529790660225,12.627482555018787,0.2147074610842727,2.0665593129361244,28.468867418142782
116,18.364197530864196,2.368491680085883,2.120236178207193,4.8443370907139025,28.938539989264626,0.08051529790660225,12.627482555018787,0.2147074610842727,2.059849704777241,28.381642512077295
117,18.50509930220075,2.4892646269457863,2.120236178207193,4.817498658078368,28.837895866881375,0.08051529790660225,12.600644122383253,0.2147074610842727,2.059849704777241,28.27428878153516
118,18.988191089640367,2.4892646269457863,2.1068169618894257,4.770531400966184,28.73725174449812,0.08051529790660225,12.5,0.2147074610842727,2.01959205582394,28.093129361245303
119,19.32367149758454,2.4892646269457863,2.6838432635534084,4.683306494900698,28.267579173376276,0.08051529790660225,12.419484702093397,0.2147074610842727,2.01959205582394,27.81803542673108
120,19.43773483628556,2.4892646269457863,2.6502952227589907,4.683306494900698,28.18035426731079,0.08051529790660225,11.621041331186259,0.03354804079441761,2.1806226516371443,28.64331723027375
121,19.209608158883523,2.4892646269457863,2.6301663982823404,4.669887278582931,29.005636070853463,0.08051529790660225,11.540526033279656,0.03354804079441761,2.1806226516371443,28.16022544283414
122,19.692699946323135,2.4892646269457863,2.6301663982823404,4.64975845410628,28.81105743424584,0.08051529790660225,11.486849168008588,0.03354804079441761,2.368491680085883,27.75764895330113
123,20.28985507246377,2.4892646269457863,2.6167471819645733,4.636339237788513,28.482286634460547,0.08051529790660225,11.426462694578637,0.03354804079441761,2.3617820719269993,27.583199141170155
124,17.907944176060116,2.38191089640365,1.9994632313472893,2.5831991411701556,38.217928073000536,0.08051529790660225,8.393719806763285,0.03354804079441761,2.38191089640365,26.019860440150296
125,19.39747718733226,2.38191089640365,1.9659151905528718,2.462426194310252,37.01690821256039,0.08051529790660225,8.480944712828771,0.03354804079441761,2.341653247450349,25.83870101986044
126,19.639023081052066,2.2745571658615136,1.9659151905528718,2.4557165861513686,36.574074074074076,0.08051529790660225,9.078099838969404,0.03354804079441761,2.314814814814815,25.583735909822867
127,20.135534084809446,2.2745571658615136,1.9457863660762211,2.4221685453569513,36.2385936661299,0.08051529790660225,9.057971014492754,0.03354804079441761,2.6502952227589907,25.161030595813205
128,20.78636607622115,2.2745571658615136,1.9457863660762211,2.623456790123457,35.81588835212023,0.08051529790660225,8.80300590445518,0.03354804079441761,2.5966183574879227,25.0402576489533
129,21.611647879763822,2.2745571658615136,2.2342995169082127,2.536231884057971,35.11808910359635,0.03354804079441761,8.662104133118627,0.03354804079441761,2.576489533011272,24.9194847020934
130,21.953837895866883,2.2745571658615136,2.214170692431562,2.8650026838432634,34.64170692431562,0.03354804079441761,8.588298443370908,0.03354804079441761,2.576489533011272,24.818840579710145
131,21.973966720343533,2.2745571658615136,2.49597423510467,2.8650026838432634,34.534353193773484,0.03354804079441761,8.507783145464305,0.03354804079441761,2.522812667740204,24.758454106280194
132,22.20209339774557,2.2745571658615136,2.49597423510467,2.831454643048846,34.41358024691358,0.03354804079441761,8.494363929146537,0.03354804079441761,2.522812667740204,24.698067632850243
133,22.805958132045088,2.2745571658615136,2.49597423510467,2.831454643048846,34.14519592055824,0.03354804079441761,8.252818035426731,0.03354804079441761,2.522812667740204,24.60413311862587
134,23.30246913580247,2.26784755770263,2.475845410628019,2.7643585614600106,33.58829844337091,0.03354804079441761,8.199141170155663,0.03354804079441761,2.7643585614600106,24.570585077831456
135,23.718464841653248,2.254428341384863,2.475845410628019,2.757648953301127,33.36688137412775,0.03354804079441761,8.172302737520129,0.03354804079441761,2.7442297369833604,24.44310252281267
136,23.65136876006441,2.254428341384863,2.475845410628019,4.019055287171229,32.33360171765969,0.03354804079441761,8.172302737520129,0.03354804079441761,2.7442297369833604,24.282071926999464
137,23.832528180354267,2.254428341384863,2.4355877616747184,4.005636070853462,32.11218464841653,0.03354804079441761,8.467525496511003,0.03354804079441761,2.7241009125067097,24.10091250670961
138,19.880568974771872,14.472624798711756,2.1739130434782608,3.280998389694042,30.938003220611915,,9.809447128287708,0.03354804079441761,2.7106816961889426,16.700214707461082
139,20.356951154052602,14.392109500805153,2.1739130434782608,3.240740740740741,30.683038110574344,,9.73564143853999,0.03354804079441761,2.6972624798711755,16.686795491143318
140,20.78636607622115,14.371980676328503,2.3215244229736984,3.240740740740741,30.314009661835748,,9.708803005904455,0.03354804079441761,2.6704240472356413,16.552603327965645
141,21.39694041867955,14.284755770263017,2.3081052066559313,3.488996242619431,30.02549651100376,,9.675254965110037,0.03354804079441761,2.657004830917874,16.129898013955984
142,21.786097691894792,14.056629092860977,2.3081052066559313,3.5225442834138487,29.837627482555018,,9.675254965110037,0.03354804079441761,2.657004830917874,16.1231884057971
143,19.82018250134192,14.002952227589908,2.147074610842727,3.488996242619431,35.607890499194845,,9.125067096081589,0.03354804079441761,2.3752012882447664,13.399087493290391
144,20.625335480407944,13.962694578636608,2.1269457863660763,3.475577026301664,35.279119699409556,,8.896940418679549,0.03354804079441761,2.3617820719269993,13.238056897477188
145,20.893719806763286,13.902308105206655,2.1269457863660763,3.475577026301664,35.12479871175523,,8.863392377885132,0.03354804079441761,2.3550724637681157,13.22463768115942
146,20.90042941492217,13.88888888888889,2.120236178207193,4.5893719806763285,34.92351046698873,,8.836553945249598,0.03354804079441761,2.3483628556092326,12.359098228663447
147,21.309715512614062,13.83521202361782,2.0933977455716586,4.562533548040794,34.715512614063336,,8.816425120772946,0.03354804079441761,2.3483628556092326,12.285292538915728
148,21.296296296296298,13.097155126140633,1.9659151905528718,4.528985507246377,36.79549114331723,,8.789586688137414,0.03354804079441761,2.3349436392914655,11.158078368223295
149,21.484165324745035,13.063607085346217,1.9659151905528718,4.51556629092861,36.560654857756305,,8.76274825550188,0.03354804079441761,2.5161030595813205,11.097691894793345
150,21.72571121846484,12.090713902308105,1.9390767579173376,5.857487922705314,36.12453032742888,,8.709071390230811,0.03354804079441761,2.5026838432635534,11.017176596886742
151,22.21551261406334,11.902844873859367,1.7646269457863661,5.810520665593129,35.258990874932906,,9.66183574879227,0.03354804079441761,2.5026838432635534,10.849436392914654
152,22.443639291465377,11.862587224906065,2.01959205582394,5.730005367686527,35.09125067096082,,9.628287707997853,0.03354804079441761,2.4892646269457863,10.701825013419215
153,20.652173913043477,9.480676328502415,3.8311862587224907,5.609232420826624,33.051529790660226,,8.621846484165324,0.03354804079441761,2.3752012882447664,16.344605475040257
154,20.967525496511005,8.353462157809984,3.8177670424047236,5.5689747718733225,32.9777241009125,,9.997316156736447,0.03354804079441761,2.3617820719269993,15.921900161030596
155,21.40365002683843,8.333333333333334,3.784219001610306,5.508588298443371,32.75630703166935,,9.923510466988727,0.03354804079441761,2.3617820719269993,15.895061728395062
156,20.73268921095008,8.293075684380032,3.784219001610306,5.723295759527644,34.18545356951154,,9.5276435856146,0.03354804079441761,2.1604938271604937,15.559581320450885
157,21.215780998389693,8.239398819108963,3.784219001610306,5.71658615136876,33.95061728395062,,9.4873859366613,0.03354804079441761,2.147074610842727,15.425389157273216
158,21.73913043478261,7.830112721417069,3.7573805689747717,5.991680085882985,33.7157809983897,,9.4873859366613,0.03354804079441761,2.147074610842727,15.297906602254429
159,22.29602791196994,7.830112721417069,3.730542136339238,5.9514224369296835,33.40713902308105,,9.41358024691358,0.03354804079441761,2.147074610842727,15.190552871712292
160,22.799248523886206,7.749597423510467,3.7037037037037037,6.038647342995169,33.02469135802469,,9.353193773483628,0.03354804079441761,2.147074610842727,15.150295222758992
161,22.973698336017176,7.742887815351583,3.670155662909286,6.018518518518518,32.950885668276975,,9.333064949006978,0.03354804079441761,2.147074610842727,15.13016639828234
162,23.49704777241009,7.709339774557166,3.6366076221148687,6.011808910359635,32.709339774557165,,9.23913043478261,0.03354804079441761,2.120236178207193,15.042941492216855
163,22.82608695652174,7.6623725174449815,4.03918411164788,5.958132045088567,30.334138486312398,,9.172034353193773,0.03354804079441761,2.0665593129361244,17.907944176060116
164,22.96027911969941,7.4141170155662905,4.569243156199678,5.857487922705314,30.213365539452496,,9.125067096081589,0.03354804079441761,2.0665593129361244,17.76033279656468
165,23.32259796027912,7.387278582930757,4.53569511540526,5.803811057434245,30.03220611916264,,9.125067096081589,0.03354804079441761,2.0531400966183573,17.70665593129361
166,23.637949543746647,7.333601717659689,4.51556629092861,5.763553408480945,29.99194847020934,,9.104938271604938,0.03354804079441761,2.0531400966183573,17.56575415995706
167,23.403113258185723,7.313472893183038,4.428341384863124,5.736714975845411,27.415458937198068,,9.078099838969404,0.03354804079441761,2.0531400966183573,20.538110574342458
168,24.074074074074073,7.300053676865271,4.42163177670424,5.723295759527644,27.26113794954375,,8.769457863660762,0.03354804079441761,2.0531400966183573,20.363660762211488
169,24.241814278046164,7.300053676865271,4.42163177670424,5.642780461621041,26.80488459473967,,11.077563070316694,0.03354804079441761,2.0397208803005906,18.438003220611915
170,24.530327428878152,7.25979602791197,4.42163177670424,5.622651637144391,26.757917337627482,,10.976918947933441,0.03354804079441761,2.01959205582394,18.377616747181964
171,24.778582930756844,7.239667203435319,4.42163177670424,5.589103596349974,26.576757917337627,,10.976918947933441,0.03354804079441761,2.01959205582394,18.364197530864196
172,25.201288244766506,7.185990338164252,4.361245303274289,5.810520665593129,26.482823403113258,,10.88298443370907,0.0067096081588835215,2.01959205582394,18.04884594739667
173,25.120772946859905,7.185990338164252,4.314278046162104,5.5756843800322065,25.744766505636072,,10.869565217391305,0.0067096081588835215,2.01959205582394,19.162640901771336
174,25.83870101986044,7.071926999463232,4.314278046162104,5.5689747718733225,25.483091787439612,,10.795759527643586,0.0067096081588835215,2.01959205582394,18.90096618357488
175,25.966183574879228,6.8035426731078905,4.5893719806763285,5.797101449275362,25.301932367149757,,10.61460010735373,0.0067096081588835215,2.01959205582394,18.90096618357488
176,26.120504562533547,6.790123456790123,4.5893719806763285,5.790391841116479,25.228126677402038,0.17444981213097155,10.57434245840043,0.0067096081588835215,2.01959205582394,18.706387546967257
177,26.382179280730007,6.749865807836822,4.455179817498658,5.756843800322061,25.181159420289855,0.17444981213097155,10.762211486849168,0.0067096081588835215,2.01959205582394,18.511808910359633
178,26.778046162104133,6.723027375201288,4.428341384863124,5.723295759527644,25.087224906065487,0.17444981213097155,10.721953837895867,0.0067096081588835215,1.9994632313472893,18.357487922705314
179,27.120236178207193,6.723027375201288,4.428341384863124,5.676328502415459,24.771873322597962,0.17444981213097155,11.05072463768116,0.0067096081588835215,1.8585614600107354,18.189747718733226
180,27.334943639291467,6.689479334406871,4.414922168545357,5.676328502415459,24.684648416532475,0.17444981213097155,11.05072463768116,0.0067096081588835215,1.8384326355340848,18.129361245303276
181,27.771068169618893,6.629092860976919,4.408212560386473,5.797101449275362,24.322329575952764,0.17444981213097155,10.84272678475577,0.0067096081588835215,1.9994632313472893,18.04884594739667
182,28.052871712292003,6.622383252818035,4.38137412775094,5.756843800322061,24.12775093934514,0.17444981213097155,11.144659151905529,0.0067096081588835215,1.9927536231884058,17.74020397208803
183,28.35480407944176,6.602254428341385,4.38137412775094,5.689747718733226,23.993558776167472,0.17444981213097155,11.09098228663446,0.0067096081588835215,1.9860440150295222,17.72007514761138
184,28.6231884057971,6.535158346752549,4.374664519592056,5.689747718733226,23.93317230273752,0.17444981213097155,11.023886205045626,0.0067096081588835215,1.9726247987117553,17.66639828234031
185,28.388352120236178,6.535158346752549,4.361245303274289,5.689747718733226,23.396403650026837,0.17444981213097155,11.98336017176597,0.0067096081588835215,1.90552871712292,17.559044551798173
186,28.56280193236715,6.508319914117015,4.327697262479871,6.521739130434782,23.362855609232422,0.17444981213097155,11.75523349436393,0.0067096081588835215,1.892109500805153,16.888083735909824
187,28.743961352657006,6.508319914117015,4.26731078904992,6.830381105743425,23.060923242082662,0.17444981213097155,11.748523886205046,0.0067096081588835215,1.892109500805153,16.76731078904992
188,28.69699409554482,6.447933440687064,4.253891572732153,6.816961889425658,22.86634460547504,0.07380568974771873,11.681427804616211,0.0067096081588835215,1.892109500805153,17.2638217928073
189,29.401502952227588,6.394256575415996,4.240472356414386,6.769994632313473,22.799248523886206,0.07380568974771873,11.60762211486849,0.0067096081588835215,1.892109500805153,16.814278046162105
190,29.622920021470748,6.394256575415996,4.2203435319377345,6.756575415995706,22.665056360708533,0.07380568974771873,11.486849168008588,0.13419216317767044,1.892109500805153,16.75389157273215
191,29.8040794417606,6.394256575415996,4.200214707461084,6.723027375201288,22.611379495437465,0.07380568974771873,11.453301127214171,0.13419216317767044,1.8853998926462694,16.720343531937736
192,30.06575415995706,6.347289318303811,4.193505099302201,6.6827697262479875,22.57783145464305,0.07380568974771873,11.43317230273752,0.13419216317767044,1.8853998926462694,16.606280193236714
193,30.307300053676865,6.320450885668277,4.186795491143317,6.629092860976919,22.490606548577563,0.07380568974771873,11.426462694578637,0.13419216317767044,1.8853998926462694,16.545893719806763
194,30.434782608695652,6.300322061191626,4.166666666666667,6.850509930220075,22.309447128287708,0.07380568974771873,11.386205045625335,0.13419216317767044,1.8853998926462694,16.458668813741276
195,31.206387546967257,6.273483628556092,4.1532474503489,6.6827697262479875,21.886741814278047,0.07380568974771873,11.312399355877616,0.13419216317767044,1.8853998926462694,16.391572732152444
196,31.0654857756307,5.83064949006978,4.575952764358561,6.595544820182502,21.329844337090712,0.07380568974771873,11.265432098765432,0.13419216317767044,1.7444981213097155,17.384594739667204
197,30.9849704777241,5.83064949006978,5.360976918947934,6.387546967257112,21.162104133118625,0.06709608158883522,11.057434245840042,0.08051529790660225,1.724369296833065,17.344337090713903
198,31.320450885668276,5.797101449275362,5.35426731078905,6.353998926462695,20.994363929146537,0.06709608158883522,11.003757380568974,0.08051529790660225,1.724369296833065,17.3040794417606
199,31.353998926462694,5.797101449275362,5.287171229200215,6.353998926462695,20.974235104669887,0.06709608158883522,11.2788513150832,0.08051529790660225,1.724369296833065,17.082662372517444
200,31.57541599570585,5.797101449275362,5.267042404723564,6.347289318303811,20.88030059044552,0.06709608158883522,11.225174449812132,0.08051529790660225,1.724369296833065,17.03569511540526
201,31.662640901771336,5.5756843800322065,5.253623188405797,6.474771873322598,20.725979602791195,0.06709608158883522,11.60762211486849,0.08051529790660225,1.724369296833065,16.82769726247987
202,32.05179817498658,5.4616210413311865,5.065754159957058,6.5485775630703165,20.44417606011809,0.3757380568974772,11.560654857756306,0.04696725711218465,1.6774020397208802,16.76731078904992
203,32.21282877079979,5.367686527106817,5.065754159957058,6.541867954911433,20.397208803005906,0.3757380568974772,11.553945249597424,0.04696725711218465,1.6774020397208802,16.760601180891037
204,32.306763285024154,5.3274288781535155,4.911433172302737,6.427804616210413,20.162372517444982,0.3488996242619431,12.084004294149223,0.04696725711218465,1.6706924315619969,16.71363392377885
205,32.84353193773484,5.314009661835748,4.891304347826087,6.273483628556092,20.095276435856146,0.3488996242619431,12.030327428878154,0.04696725711218465,1.6706924315619969,16.485507246376812
206,33.3467525496511,5.314009661835748,4.884594739667204,6.253354804079442,19.961084272678477,0.33548040794417605,12.010198604401502,0.04696725711218465,1.6706924315619969,16.17686527106817
207,33.55475040257649,5.314009661835748,4.85775630703167,6.246645195920558,19.699409554482017,0.33548040794417605,11.963231347289318,0.04696725711218465,1.90552871712292,16.076221148684915
208,33.73590982286635,5.260332796564681,4.8443370907139025,6.239935587761675,19.692699946323135,0.33548040794417605,11.902844873859367,0.04696725711218465,1.90552871712292,16.035963499731615
209,33.99087493290392,5.246913580246914,4.830917874396135,6.159420289855072,19.659151905528716,0.33548040794417605,11.855877616747183,0.04696725711218465,1.8988191089640365,15.975577026301664
210,34.16532474503489,5.246913580246914,4.810789049919484,6.132581857219538,19.632313472893184,0.33548040794417605,11.79549114331723,0.04696725711218465,1.8988191089640365,15.935319377348362
211,34.41358024691358,5.246913580246914,4.783950617283951,6.119162640901771,19.524959742351047,0.33548040794417605,11.79549114331723,0.04696725711218465,1.8451422436929683,15.888352120236178
212,34.58803005904455,5.24020397208803,4.783950617283951,6.0654857756307035,19.49141170155663,0.33548040794417605,11.748523886205046,0.04696725711218465,1.8183038110574343,15.881642512077295
213,34.45383789586688,5.24020397208803,4.367954911433173,6.380837359098229,19.39747718733226,0.33548040794417605,11.929683306494901,0.04696725711218465,1.8183038110574343,16.029253891572733
214,34.655126140633385,5.226784755770263,4.367954911433173,6.582125603864735,19.202898550724637,0.33548040794417605,11.889425657541599,0.04696725711218465,1.8115942028985508,15.881642512077295
215,34.41358024691358,5.166398282340311,4.106280193236715,6.857219538378959,19.00161030595813,0.33548040794417605,12.439613526570048,0.04696725711218465,1.751207729468599,15.881642512077295
216,34.648416532474506,5.0791733762748255,4.106280193236715,6.857219538378959,18.95464304884595,0.33548040794417605,12.338969404186795,0.04696725711218465,1.751207729468599,15.881642512077295
217,35.218733225979605,5.038915727321524,3.92512077294686,6.9310252281266775,18.927804616210413,0.322061191626409,12.117552334943639,0.04696725711218465,1.7444981213097155,15.727321524422974
218,35.87627482555019,5.038915727321524,3.92512077294686,6.9310252281266775,18.840579710144926,0.322061191626409,12.016908212560386,0.04696725711218465,1.737788513150832,15.26435856146001
219,36.16478797638218,4.99194847020934,3.92512077294686,6.850509930220075,18.800322061191626,0.322061191626409,11.963231347289318,0.040257648953301126,1.737788513150832,15.203972088030058
220,35.017444981213096,4.99194847020934,3.878153515834675,6.796833064949007,20.933977455716587,0.30193236714975846,11.963231347289318,0.040257648953301126,1.6706924315619969,14.40552871712292
221,35.158346752549654,4.87788513150832,4.03918411164788,6.78341384863124,20.853462157809982,0.30193236714975846,11.922973698336017,0.040257648953301126,1.6706924315619969,14.351851851851851
222,35.43344068706388,4.87788513150832,4.032474503488996,6.776704240472356,20.79307568438003,0.30193236714975846,11.808910359634996,0.040257648953301126,1.6639828234031133,14.27133655394525
223,35.7085346215781,4.85775630703167,3.9989264626945786,6.716317767042405,20.699141170155663,0.30193236714975846,11.768652710681696,0.040257648953301126,1.6505636070853462,14.257917337627482
224,36.03730542136339,4.8376274825550185,3.978797638217928,6.716317767042405,20.52469135802469,0.2952227589908749,11.674718196457327,0.040257648953301126,1.6505636070853462,14.244498121309716
225,36.14465915190553,4.8376274825550185,3.978797638217928,6.6827697262479875,20.497852925389157,0.2952227589908749,11.647879763821793,0.040257648953301126,1.6505636070853462,14.224369296833064
226,36.30568974771873,4.8376274825550185,3.978797638217928,6.655931293612453,20.377079978529252,0.2952227589908749,11.473429951690822,0.040257648953301126,1.570048309178744,14.465915190552872
227,36.4398819108964,4.8376274825550185,3.978797638217928,6.655931293612453,20.30998389694042,0.2952227589908749,11.406333870101985,0.040257648953301126,1.570048309178744,14.465915190552872
228,36.63446054750403,4.8376274825550185,3.978797638217928,6.595544820182502,20.249597423510465,0.2952227589908749,11.3593666129898,0.040257648953301126,1.556629092860977,14.452495974235104
229,36.54723564143854,4.797369833601718,4.374664519592056,6.689479334406871,20.108695652173914,0.2952227589908749,11.231884057971014,0.040257648953301126,1.5499194847020934,14.36527106816962
