,45,50,55,54,51,52,53,56,57
0,100.0,,,,,,,,
1,85.8695652173913,13.734567901234568,0.39586688137412773,,,,,,
2,84.22571121846484,15.378421900161031,0.39586688137412773,,,,,,
3,84.19887278582931,15.405260332796564,0.39586688137412773,,,,,,
4,72.12157809983897,27.482555018786904,0.39586688137412773,,,,,,
5,72.16854535695116,27.435587761674718,0.39586688137412773,,,,,,
6,71.30971551261406,28.29441760601181,0.39586688137412773,,,,,,
7,69.26999463231347,30.334138486312398,0.39586688137412773,,,,,,
8,69.37734836285561,30.04562533548041,0.5770263016639828,,,,,,
9,68.84057971014492,30.58239398819109,0.5770263016639828,,,,,,
10,68.0756843800322,31.34728931830381,0.5770263016639828,,,,,,
11,61.93639291465379,36.64787976382179,0.5703166935050993,0.8454106280193237,,,,,
12,62.003488996242616,36.580783682232955,0.5703166935050993,0.8454106280193237,,,,,
13,62.224906065485776,36.3593666129898,0.5703166935050993,0.8454106280193237,,,,,
14,61.99677938808374,36.030595813204506,1.1406333870101986,0.8319914117015567,,,,,
15,59.37332259796028,30.750134192163177,1.1003757380568975,0.8319914117015567,3.374932903918411,1.4694041867954912,3.099838969404187,,
16,59.265968867418145,30.54884594739667,1.1003757380568975,0.8319914117015567,2.462426194310252,2.690552871712292,3.099838969404187,,
17,59.01771336553945,30.267042404723565,1.6304347826086956,0.8319914117015567,2.462426194310252,2.690552871712292,3.099838969404187,,
18,59.01771336553945,30.267042404723565,1.6304347826086956,0.8319914117015567,2.462426194310252,2.690552871712292,3.099838969404187,,
19,56.30703166935051,25.738056897477186,0.5300590445517982,0.8319914117015567,10.802469135802468,2.690552871712292,3.099838969404187,,
20,54.98523886205046,25.72463768115942,0.5300590445517982,0.8319914117015567,12.151100375738057,2.677133655394525,3.099838969404187,,
21,53.207192699946326,27.147074610842726,0.5300590445517982,0.8319914117015567,12.627482555018787,2.5563607085346214,3.099838969404187,,
22,53.28099838969404,27.13365539452496,0.5300590445517982,0.8319914117015567,12.567096081588835,2.5563607085346214,3.099838969404187,,
23,53.52254428341385,26.932367149758456,0.5300590445517982,0.8319914117015567,12.526838432635534,2.5563607085346214,3.099838969404187,,
24,53.79092860976919,26.710950080515296,0.5300590445517982,0.8319914117015567,12.526838432635534,2.5563607085346214,3.052871712292002,,
25,54.186795491143315,25.825281803542673,0.5032206119162641,1.4761137949543746,12.399355877616747,2.5563607085346214,3.052871712292002,,
26,48.11460010735373,31.05877616747182,0.5032206119162641,1.4761137949543746,13.238056897477188,2.5563607085346214,3.052871712292002,,
27,47.16183574879227,29.47530864197531,0.5032206119162641,1.4761137949543746,15.821256038647343,2.5563607085346214,3.0059044551798175,,
28,47.436929683306495,29.367954911433173,0.5032206119162641,1.4761137949543746,15.653515834675256,2.5563607085346214,3.0059044551798175,,
29,41.06280193236715,36.16478797638218,0.5032206119162641,1.4761137949543746,15.257648953301127,2.5563607085346214,2.9790660225442833,,
30,41.23054213633924,36.02388620504563,0.5032206119162641,1.4492753623188406,15.257648953301127,2.5563607085346214,2.9790660225442833,,
31,41.686795491143315,35.84272678475577,0.5032206119162641,1.4492753623188406,15.063070316693505,2.5429414922168547,2.9119699409554483,,
32,37.775093934514224,40.042941492216855,0.5032206119162641,1.4492753623188406,14.989264626945786,2.5429414922168547,2.6972624798711755,,
33,38.1508319914117,39.774557165861516,0.5032206119162641,1.4358561460010735,14.734299516908212,2.5429414922168547,2.6972624798711755,0.1610305958132045,
34,38.519860440150296,37.855609232420825,2.1068169618894257,1.4358561460010735,14.734299516908212,2.5429414922168547,2.6435856146001075,0.1610305958132045,
35,39.070048309178745,37.11755233494364,2.0933977455716586,1.710950080515298,14.184111647879764,2.5429414922168547,3.1199677938808374,0.1610305958132045,
36,39.22436929683307,37.03032742887815,2.0933977455716586,1.710950080515298,14.11701556629093,2.5429414922168547,3.1199677938808374,0.1610305958132045,
37,39.56655931293612,36.75523349436393,2.0933977455716586,1.710950080515298,14.049919484702093,2.5429414922168547,3.1199677938808374,0.1610305958132045,
38,39.64036500268384,36.68142780461621,2.0933977455716586,1.710950080515298,14.049919484702093,2.5429414922168547,3.1199677938808374,0.1610305958132045,
39,39.982555018786904,36.3191089640365,2.2410091250670963,1.7042404723564144,13.801663982823403,2.6704240472356413,3.1199677938808374,0.1610305958132045,
40,39.92216854535695,36.171497584541065,1.5499194847020934,1.8317230273752012,13.727858293075684,2.6704240472356413,3.965378421900161,0.1610305958132045,
41,38.687600644122384,37.62748255501879,1.5499194847020934,1.8115942028985508,13.620504562533547,2.623456790123457,3.9184111647879765,0.1610305958132045,
42,38.73456790123457,37.513419216317764,1.5499194847020934,1.8115942028985508,13.687600644122384,2.623456790123457,3.9184111647879765,0.1610305958132045,
43,38.909017713365536,37.25845410628019,1.5432098765432098,1.7914653784219001,13.600375738056897,2.623456790123457,4.1129898013955986,0.1610305958132045,
44,39.07675791733763,37.19806763285024,1.5432098765432098,1.7914653784219001,13.493022007514762,2.623456790123457,4.1129898013955986,0.1610305958132045,
45,39.31159420289855,37.09742351046699,1.5432098765432098,1.7914653784219001,13.439345142243694,2.623456790123457,4.05931293612453,0.13419216317767044,
46,39.29817498658078,36.93639291465379,1.4962426194310252,1.932367149758454,11.98336017176597,4.17337627482555,4.045893719806763,0.13419216317767044,
47,40.01610305958132,36.520397208803004,1.4962426194310252,1.9189479334406871,11.701556629092861,4.166666666666667,4.045893719806763,0.13419216317767044,
48,40.84138486312399,36.07756307031669,1.4694041867954912,1.8384326355340848,11.480139559849706,4.159957058507783,4.012345679012346,0.12077294685990338,
49,39.351851851851855,37.38593666129898,1.4694041867954912,1.8384326355340848,11.66129898013956,4.159957058507783,4.012345679012346,0.12077294685990338,
50,39.170692431561996,36.81561996779388,1.4694041867954912,1.8384326355340848,12.412775093934513,4.159957058507783,4.012345679012346,0.12077294685990338,
51,39.48604401502952,36.50697799248524,1.4694041867954912,1.8384326355340848,12.406065485775631,4.159957058507783,4.012345679012346,0.12077294685990338,
52,39.62023617820719,36.39291465378422,1.4694041867954912,1.8384326355340848,12.278582930756844,4.26731078904992,4.012345679012346,0.12077294685990338,
53,39.72758990874933,36.35265700483092,1.42914653784219,1.8384326355340848,12.25174449812131,4.26731078904992,4.012345679012346,0.12077294685990338,
54,40.11003757380569,36.12453032742888,1.3888888888888888,1.8384326355340848,12.144390767579173,4.260601180891036,4.012345679012346,0.12077294685990338,
55,40.21068169618894,36.09769189479334,1.3687600644122384,1.8384326355340848,12.090713902308105,4.260601180891036,4.012345679012346,0.12077294685990338,
56,36.45330112721417,41.39157273215244,1.3687600644122384,0.630703166935051,11.990069779924852,4.260601180891036,3.784219001610306,0.12077294685990338,
57,37.453032742887814,40.52603327965647,1.2949543746645196,0.630703166935051,11.949812130971551,4.260601180891036,3.7640901771336552,0.12077294685990338,
58,37.74825550187869,40.27777777777778,1.2949543746645196,0.630703166935051,11.922973698336017,4.260601180891036,3.743961352657005,0.12077294685990338,
59,38.419216317767045,39.83494363929147,1.2681159420289856,0.6239935587761675,11.896135265700483,4.260601180891036,3.5762211486849167,0.12077294685990338,
60,38.55340848094471,39.734299516908216,1.2681159420289856,0.6239935587761675,11.882716049382717,4.260601180891036,3.556092324208266,0.12077294685990338,
61,37.3792270531401,39.14385399892646,1.402308105206656,0.6239935587761675,13.533279656468062,4.260601180891036,3.535963499731616,0.12077294685990338,
62,37.895866881374126,38.77482555018787,1.402308105206656,0.6239935587761675,13.385668276972625,4.260601180891036,3.535963499731616,0.12077294685990338,
63,38.1508319914117,38.62721417069243,1.3955984970477724,0.6239935587761675,13.378958668813741,4.260601180891036,3.4420289855072466,0.12077294685990338,
64,37.5,39.84836285560923,1.3955984970477724,0.6239935587761675,13.063607085346217,4.005636070853462,3.4420289855072466,0.12077294685990338,
65,37.855609232420825,39.62023617820719,1.3955984970477724,0.6239935587761675,12.93612453032743,4.005636070853462,3.4420289855072466,0.12077294685990338,
66,37.835480407944175,39.57997852925389,1.3955984970477724,0.6239935587761675,12.74825550187869,4.253891572732153,3.4420289855072466,0.12077294685990338,
67,37.5,39.91545893719807,1.3955984970477724,0.6239935587761675,12.74825550187869,4.253891572732153,3.4420289855072466,0.12077294685990338,
68,36.07756307031669,38.378958668813745,1.3955984970477724,0.6239935587761675,12.627482555018787,7.575147611379496,3.321256038647343,,
69,35.990338164251206,37.936124530327426,1.3821792807300053,0.6239935587761675,15.022812667740205,5.897745571658615,3.1468062265163717,,
70,36.198336017176594,37.36580783682233,1.3821792807300053,0.6239935587761675,14.734299516908212,6.602254428341385,3.0931293612453032,,
71,36.36607622114869,37.224906065485776,1.3821792807300053,0.6239935587761675,14.78797638217928,6.602254428341385,3.012614063338701,,
72,36.42646269457864,36.40633387010199,1.3620504562533549,1.3016639828234031,15.029522275899087,6.501610305958132,2.9723564143853998,,
73,36.862587224906065,36.13794954374664,1.3620504562533549,1.3016639828234031,14.861782071927,6.501610305958132,2.9723564143853998,,
74,36.15807836822329,34.88996242619431,1.2345679012345678,1.3016639828234031,17.008856682769725,6.4345142243692965,2.9723564143853998,,
75,36.8894256575416,34.70880300590446,1.2345679012345678,1.2278582930756843,16.941760601180892,6.052066559312936,2.945517981749866,,
76,36.99677938808374,33.69565217391305,1.221148684916801,1.2278582930756843,16.57944176060118,7.333601717659689,2.945517981749866,,
77,36.69484702093398,33.9573268921095,1.221148684916801,1.221148684916801,16.458668813741276,7.320182501341922,3.126677402039721,,
78,37.01690821256039,33.682232957595275,1.221148684916801,1.221148684916801,16.445249597423512,7.286634460547504,3.126677402039721,,
79,37.553676865271065,33.373590982286636,1.1473429951690821,1.221148684916801,16.378153515834676,7.199409554482019,3.126677402039721,,
80,37.66774020397209,32.8972088030059,1.1473429951690821,1.2010198604401503,16.31105743424584,7.199409554482019,3.5762211486849167,,
81,37.895866881374126,30.46833064949007,1.133923778851315,1.2010198604401503,16.223832528180353,9.520933977455716,3.556092324208266,,
82,37.62748255501879,30.253623188405797,1.0534084809447128,1.2010198604401503,16.0829307568438,9.39345142243693,4.388083735909823,,
83,37.875738056897475,30.152979066022546,1.0265700483091786,1.2010198604401503,15.962157809983896,9.39345142243693,4.388083735909823,,
84,37.144390767579175,29.334406870638755,1.0265700483091786,1.2010198604401503,18.169618894256576,8.735909822866345,4.388083735909823,,
85,32.776435856146,41.337895866881375,1.0198604401502953,1.133923778851315,13.20450885668277,5.917874396135265,4.609500805152979,,
86,32.809983896940416,40.727321524422976,1.0198604401502953,1.0064412238325282,13.063607085346217,6.769994632313473,4.602791196994096,,
87,32.890499194847024,40.5126140633387,1.0198604401502953,1.1473429951690821,13.023349436392914,6.904186795491143,4.502147074610843,,
88,33.25281803542673,40.4320987654321,1.0131508319914118,1.1473429951690821,12.701288244766506,6.977992485238862,4.4753086419753085,,
89,33.58829844337091,40.203972088030056,1.0131508319914118,1.1473429951690821,12.5402576489533,6.910896403650026,4.5960815888352125,,
90,34.084809447128286,39.72758990874933,1.1473429951690821,1.1473429951690821,12.406065485775631,6.890767579173376,4.5960815888352125,,
91,34.265968867418145,38.6406333870102,1.133923778851315,1.1473429951690821,12.278582930756844,6.890767579173376,5.642780461621041,,
92,34.62157809983897,38.56682769726248,1.133923778851315,1.133923778851315,12.191358024691358,6.850509930220075,5.501878690284487,,
93,35.14492753623188,38.38566827697262,1.133923778851315,1.133923778851315,11.969940955448202,6.850509930220075,5.381105743424584,,
94,35.31266774020397,38.31186258722491,1.133923778851315,1.42914653784219,11.66129898013956,6.776704240472356,5.374396135265701,,
95,35.77563070316693,37.98309178743961,1.133923778851315,1.415727321524423,11.641170155662909,6.689479334406871,5.360976918947934,,
96,36.45330112721417,37.64090177133655,1.1272141706924315,1.288244766505636,11.453301127214171,6.689479334406871,5.347557702630167,,
97,35.72195383789587,36.30568974771873,1.0198604401502953,1.288244766505636,11.453301127214171,6.689479334406871,7.521470746108427,,
98,35.990338164251206,35.869565217391305,0.9863123993558777,1.288244766505636,10.997047772410092,6.6827697262479875,8.185721953837897,,
99,36.09769189479334,34.76918947933441,0.9863123993558777,2.3349436392914655,10.789049919484702,6.608964036500268,8.413848631239935,,
100,36.272141706924316,34.35319377348363,0.9863123993558777,2.328234031132582,10.540794417606012,6.468062265163715,9.05126140633387,,
101,36.47342995169082,33.97745571658615,1.1607622114868492,2.328234031132582,10.540794417606012,6.468062265163715,9.05126140633387,,
102,36.822329575952764,33.8365539452496,1.1607622114868492,2.328234031132582,10.44015029522276,6.414385399892646,8.997584541062801,,
103,36.94981213097155,33.68894256575416,1.1607622114868492,2.328234031132582,10.57434245840043,6.360708534621578,8.93719806763285,,
104,37.043746645195924,33.48765432098765,1.2949543746645196,2.328234031132582,10.57434245840043,6.360708534621578,8.910359634997317,,
105,37.35909822866345,33.36688137412775,1.2546967257112185,2.328234031132582,10.513955984970478,6.327160493827161,8.849973161567364,,
106,37.32555018786903,33.19243156199678,1.2546967257112185,2.328234031132582,10.789049919484702,6.320450885668277,8.789586688137414,,
107,37.37251744498121,32.669082125603865,1.2546967257112185,3.126677402039721,10.607890499194847,6.266774020397209,8.702361782071927,,
108,37.88915727321525,31.944444444444443,1.7646269457863661,3.079710144927536,10.601180891035963,6.146001073537305,8.57487922705314,,
109,38.466183574879224,31.723027375201287,1.7646269457863661,2.985775630703167,10.57434245840043,5.984970477724101,8.501073537305421,,
110,39.38539989264627,31.280193236714975,1.737788513150832,2.898550724637681,10.413311862587225,5.917874396135265,8.36688137412775,,
111,40.022812667740205,30.9044551798175,1.6841116478797638,2.898550724637681,10.373054213633925,5.776972624798712,8.340042941492216,,
112,32.71604938271605,19.699409554482017,0.6843800322061192,1.8183038110574343,34.35990338164251,4.300858829844337,6.421095008051529,,
113,33.19243156199678,19.249865807836823,0.6843800322061192,1.8115942028985508,34.024422973698336,4.683306494900698,6.353998926462695,,
114,33.91035963499731,19.04186795491143,0.6843800322061192,1.8048845947396672,33.742619431025226,4.669887278582931,6.146001073537305,,
115,34.12506709608159,18.625872249060656,0.6843800322061192,1.8048845947396672,34.024422973698336,4.616210413311863,6.119162640901771,,
116,34.31964573268921,18.5654857756307,0.6843800322061192,2.589908749329039,33.15888352120236,4.562533548040794,6.119162640901771,,
117,34.43370907139023,18.431293612453032,0.6843800322061192,2.589908749329039,33.03811057434246,4.703435319377348,6.119162640901771,,
118,34.675254965110035,18.397745571658614,0.6709608158883521,2.576489533011272,32.78314546430489,4.804079441760601,6.092324208266238,,
119,33.353462157809986,18.230005367686527,0.630703166935051,2.576489533011272,34.41358024691358,4.74369296833065,6.052066559312936,,
120,33.20585077831455,18.283682232957595,0.630703166935051,2.717391304347826,34.37332259796028,4.74369296833065,6.045356951154052,,
121,32.8569511540526,17.834138486312398,0.630703166935051,2.6435856146001075,35.94337090713902,4.247181964573269,5.844068706387547,,
122,33.1857219538379,17.767042404723565,0.630703166935051,2.6435856146001075,35.829307568438004,4.166666666666667,5.776972624798712,,
123,33.62855609232421,17.49194847020934,0.630703166935051,2.8113258185721954,35.42673107890499,4.146537842190016,5.723295759527644,0.14090177133655393,
124,33.62855609232421,17.49194847020934,0.630703166935051,2.8113258185721954,35.42673107890499,4.146537842190016,5.723295759527644,0.14090177133655393,
125,33.68894256575416,17.14975845410628,0.630703166935051,2.898550724637681,35.35292538915727,4.455179817498658,5.683038110574342,0.14090177133655393,
126,32.92404723564144,15.98899624261943,0.630703166935051,2.757648953301127,35.05099302200752,7.078636607622115,5.428073000536768,0.14090177133655393,
127,33.28636607622115,15.888352120236178,0.630703166935051,2.757648953301127,34.78931830381106,7.078636607622115,5.428073000536768,0.14090177133655393,
128,33.3064949006978,15.881642512077295,0.630703166935051,2.757648953301127,34.78931830381106,7.065217391304348,5.428073000536768,0.14090177133655393,
129,33.53462157809984,15.794417606011809,0.630703166935051,2.7509393451422435,34.70209339774557,7.0450885668276975,5.428073000536768,0.11406333870101985,
130,33.42055823939882,15.747450348899624,0.630703166935051,2.7509393451422435,34.03113258185722,8.474235104669887,4.830917874396135,0.11406333870101985,
131,33.76945786366076,15.734031132581856,0.630703166935051,2.7509393451422435,33.8768115942029,8.293075684380032,4.830917874396135,0.11406333870101985,
132,33.84997316156736,15.693773483628556,0.630703166935051,2.7509393451422435,33.843263553408484,8.28636607622115,4.830917874396135,0.11406333870101985,
133,33.1857219538379,14.278046162104133,0.630703166935051,2.7509393451422435,36.01717659688674,8.199141170155663,4.824208266237251,0.11406333870101985,
134,33.07836822329576,13.996242619431026,0.6239935587761675,2.475845410628019,35.91653247450349,9.037842190016104,4.757112184648417,0.11406333870101985,
135,33.17230273752013,14.076757917337627,0.6239935587761675,2.462426194310252,35.768921095008054,9.037842190016104,4.74369296833065,0.11406333870101985,
136,33.73590982286635,13.94927536231884,0.6239935587761675,2.462426194310252,35.46698872785829,8.930488459473967,4.7168545356951155,0.11406333870101985,
137,34.044551798174986,13.727858293075684,0.6239935587761675,2.4490069779924855,35.64143853998927,8.82313472893183,4.575952764358561,0.11406333870101985,
138,34.346484165324746,13.694310252281268,1.0399892646269457,2.15378421900161,34.936929683306495,8.82313472893183,4.891304347826087,0.11406333870101985,
139,34.514224369296834,13.546698872785829,1.0399892646269457,2.15378421900161,34.265968867418145,9.977187332259795,4.388083735909823,0.11406333870101985,
140,34.77589908749329,13.33870101986044,1.4224369296833066,2.15378421900161,33.89694041867955,9.91009125067096,4.388083735909823,0.11406333870101985,
141,35.527375201288244,13.305152979066023,1.4224369296833066,2.15378421900161,33.21926999463231,9.86983360171766,4.388083735909823,0.11406333870101985,
142,35.71524422973698,13.278314546430488,1.556629092860977,2.15378421900161,33.10520665593129,9.789318303811058,4.28743961352657,0.11406333870101985,
143,35.94337090713902,13.231347289318304,1.556629092860977,2.15378421900161,33.02469135802469,9.688674181427805,4.28743961352657,0.11406333870101985,
144,36.35265700483092,13.197799248523886,1.556629092860977,2.15378421900161,32.71604938271605,9.688674181427805,4.2203435319377345,0.11406333870101985,
145,36.40633387010199,13.110574342458401,1.556629092860977,2.15378421900161,30.575684380032207,11.902844873859367,4.2203435319377345,0.07380568974771873,
146,36.37278582930757,12.942834138486312,1.4090177133655395,2.15378421900161,30.293880837359097,12.218196457326892,4.408212560386473,0.20128824476650564,
147,37.07729468599034,12.828770799785293,1.3955984970477724,2.1135265700483092,29.965110037573805,12.016908212560386,4.40150295222759,0.20128824476650564,
148,37.151100375738054,12.828770799785293,1.3955984970477724,2.1135265700483092,29.965110037573805,11.943102522812667,4.40150295222759,0.20128824476650564,
149,37.6610305958132,12.761674718196458,1.328502415458937,2.1135265700483092,29.663177670424048,11.922973698336017,4.3478260869565215,0.20128824476650564,
150,38.13070316693505,12.647611379495437,1.328502415458937,2.1135265700483092,29.602791196994094,11.627750939345143,4.3478260869565215,0.20128824476650564,
151,38.85534084809447,12.734836285560924,1.328502415458937,2.1068169618894257,29.482018250134193,11.077563070316694,4.213633923778851,0.20128824476650564,
152,38.88217928073001,12.258454106280194,1.328502415458937,2.703972088030059,29.334406870638755,11.077563070316694,4.213633923778851,0.20128824476650564,
153,39.50617283950617,12.104133118625873,1.3150831991411702,2.6972624798711755,29.012345679012345,10.983628556092324,4.180085882984434,0.20128824476650564,
154,39.69404186795491,12.037037037037036,1.3016639828234031,2.6167471819645733,28.904991948470208,10.923242082662373,4.334406870638754,0.1878690284487386,
155,36.69484702093398,11.05072463768116,1.3016639828234031,2.6167471819645733,35.09125067096082,9.614868491680086,3.307836822329576,0.322061191626409,
156,36.902844873859365,10.990338164251208,1.3016639828234031,2.6167471819645733,35.02415458937198,9.534353193773484,3.307836822329576,0.322061191626409,
157,37.13768115942029,10.950080515297907,1.3016639828234031,2.6167471819645733,35.01073537305421,9.353193773483628,3.307836822329576,0.322061191626409,
158,37.32555018786903,10.950080515297907,1.3016639828234031,2.6167471819645733,34.88996242619431,9.286097691894794,3.307836822329576,0.322061191626409,
159,37.33225979602791,10.943370907139023,1.2815351583467525,2.6167471819645733,34.76247987117552,9.433709071390231,3.307836822329576,0.322061191626409,
160,37.61406333870102,10.903113258185721,1.2815351583467525,2.6167471819645733,34.54777241009125,9.406870638754697,3.307836822329576,0.322061191626409,
161,37.88244766505636,10.903113258185721,1.2815351583467525,2.6167471819645733,34.45383789586688,9.232420826623725,3.307836822329576,0.322061191626409,
162,38.05018786902845,10.775630703166936,1.2815351583467525,2.6167471819645733,34.16532474503489,9.500805152979066,3.2877079978529253,0.322061191626409,
163,38.7211486849168,10.668276972624799,1.2815351583467525,2.6167471819645733,33.65539452495974,9.447128287707997,3.2877079978529253,0.322061191626409,
164,38.89559849704777,10.668276972624799,1.1808910359634996,2.6167471819645733,33.601717659688674,9.426999463231347,3.2877079978529253,0.322061191626409,
165,35.23215244229737,16.485507246376812,1.1406333870101986,2.563070316693505,32.367149758454104,8.608427267847558,3.280998389694042,0.322061191626409,
166,35.35292538915727,16.378153515834676,1.0399892646269457,2.563070316693505,32.15244229736983,8.514492753623188,3.6768652710681695,0.322061191626409,
167,35.560923242082666,16.27750939345142,0.7917337627482555,2.563070316693505,31.830381105743424,8.514492753623188,4.139828234031133,0.322061191626409,
168,35.93666129898014,15.92860976918948,0.8454106280193237,2.5496511003757383,31.830381105743424,8.454106280193237,4.133118625872249,0.322061191626409,
169,36.28556092324208,15.92860976918948,0.8454106280193237,2.5496511003757383,31.50161030595813,8.433977455716587,4.133118625872249,0.322061191626409,
170,36.46672034353194,15.92860976918948,0.8454106280193237,2.5496511003757383,31.387546967257112,8.36688137412775,4.133118625872249,0.322061191626409,
171,36.99677938808374,15.385131508319914,0.8454106280193237,2.6637144390767578,31.32716049382716,8.333333333333334,4.133118625872249,0.3153515834675255,
172,37.224906065485776,15.210681696188942,0.8454106280193237,2.6637144390767578,31.32716049382716,8.279656468062266,4.133118625872249,0.3153515834675255,
173,37.124261943102525,15.13016639828234,0.8454106280193237,2.6637144390767578,31.260064412238325,8.527911969940956,4.133118625872249,0.3153515834675255,
174,37.38593666129898,14.922168545356952,0.8454106280193237,2.6637144390767578,31.186258722490606,8.454106280193237,4.2270531400966185,0.3153515834675255,
175,37.92270531400966,14.761137949543746,0.8454106280193237,2.8650026838432634,30.669618894256576,8.413848631239935,4.206924315619967,0.3153515834675255,
176,38.016639828234034,14.761137949543746,1.1406333870101986,2.8650026838432634,30.401234567901234,8.319914117015566,4.180085882984434,0.3153515834675255,
177,37.63419216317767,14.606816961889425,1.1406333870101986,2.8650026838432634,31.05877616747182,8.199141170155663,4.180085882984434,0.3153515834675255,
178,37.68115942028985,14.600107353730541,1.133923778851315,2.831454643048846,31.05877616747182,8.199141170155663,4.180085882984434,0.3153515834675255,
179,38.30515297906602,14.378690284487385,1.2748255501878691,2.7844873859366612,30.88432635534085,7.944176060118089,4.1129898013955986,0.3153515834675255,
180,38.446054750402574,14.378690284487385,1.261406333870102,2.7844873859366612,30.823939881910896,7.877079978529254,4.1129898013955986,0.3153515834675255,
181,39.02308105206656,14.224369296833064,1.3955984970477724,2.7643585614600106,30.267042404723565,7.877079978529254,4.133118625872249,0.3153515834675255,
182,39.33843263553408,14.090177133655395,1.4895330112721417,2.7643585614600106,30.132850241545892,7.843531937734836,4.025764895330113,0.3153515834675255,
183,39.660493827160494,14.04320987654321,1.4895330112721417,2.7643585614600106,29.8040794417606,7.7831454643048845,4.025764895330113,0.4294149221685454,
184,40.21739130434783,14.023081052066559,1.4895330112721417,2.7643585614600106,29.71014492753623,7.494632313472893,3.9049919484702094,0.39586688137412773,
185,40.81454643048846,13.915727321524423,1.4895330112721417,2.7643585614600106,29.354535695115406,7.4208266237251745,3.844605475040258,0.39586688137412773,
186,41.42512077294686,13.915727321524423,1.4895330112721417,2.7643585614600106,28.951959205582394,7.27992485238862,3.7775093934514223,0.39586688137412773,
187,41.418411164787976,13.781535158346752,2.0933977455716586,2.7509393451422435,28.515834675254965,7.1658615136876005,3.750670960815888,0.39586688137412773,0.1274825550187869
188,41.46537842190016,13.747987117552334,2.38191089640365,2.7509393451422435,28.213902308105208,7.1658615136876005,3.750670960815888,0.39586688137412773,0.1274825550187869
189,41.54589371980676,13.47289318303811,2.2745571658615136,2.85829307568438,28.455448201825014,7.125603864734299,3.743961352657005,0.39586688137412773,0.1274825550187869
190,41.22383252818035,13.459473966720344,2.1940418679549114,2.8247450348899625,28.723832528180353,7.50805152979066,3.5426731078904994,0.39586688137412773,0.1274825550187869
191,41.34460547504026,13.459473966720344,2.1940418679549114,2.8247450348899625,28.6231884057971,7.50805152979066,3.5225442834138487,0.39586688137412773,0.1274825550187869
192,41.727053140096615,13.439345142243694,2.1806226516371443,3.6097691894793345,27.87842190016103,7.125603864734299,3.515834675254965,0.39586688137412773,0.1274825550187869
193,42.1027911969941,13.285024154589372,2.1806226516371443,3.6097691894793345,27.76435856146001,7.071926999463232,3.4621578099838968,0.39586688137412773,0.1274825550187869
194,42.47852925389157,13.144122383252817,2.1806226516371443,3.6097691894793345,27.542941492216855,7.058507783145465,3.4621578099838968,0.39586688137412773,0.1274825550187869
195,42.55904455179817,13.144122383252817,2.1806226516371443,3.6097691894793345,27.462426194310254,7.058507783145465,3.4621578099838968,0.39586688137412773,0.1274825550187869
196,42.76704240472356,13.083735909822867,2.1806226516371443,3.6097691894793345,27.334943639291467,7.0383789586688135,3.4621578099838968,0.39586688137412773,0.1274825550187869
197,42.86768652710682,13.023349436392914,2.1269457863660763,3.7640901771336552,27.073268921095007,7.0383789586688135,3.4621578099838968,0.5166398282340311,0.1274825550187869
198,42.941492216854535,13.023349436392914,2.1269457863660763,3.7372517444981215,27.073268921095007,7.004830917874396,3.44873859366613,0.5166398282340311,0.1274825550187869
199,43.13607085346216,12.922705314009661,2.1269457863660763,3.7037037037037037,27.026301663982824,6.991411701556629,3.44873859366613,0.5166398282340311,0.1274825550187869
200,43.10252281266774,12.681159420289855,2.0933977455716586,4.206924315619967,26.912238325281802,6.944444444444445,3.4151905528717124,0.5166398282340311,0.1274825550187869
201,43.57890499194847,12.560386473429952,2.13365539452496,4.159957058507783,26.570048309178745,6.944444444444445,3.408480944712829,0.5166398282340311,0.1274825550187869
202,43.43800322061192,12.439613526570048,2.0531400966183573,4.85775630703167,26.268115942028984,6.89747718733226,3.4017713365539453,0.5166398282340311,0.1274825550187869
203,43.954643048845945,12.29200214707461,2.0531400966183573,4.804079441760601,26.053408480944714,6.816961889425658,3.3816425120772946,0.5166398282340311,0.1274825550187869
204,43.65271068169619,12.171229200214707,2.61003757380569,4.804079441760601,25.785024154589372,6.810252281266774,3.5225442834138487,0.5166398282340311,0.1274825550187869
205,44.02173913043478,12.157809983896941,2.61003757380569,4.770531400966184,25.53676865271068,6.78341384863124,3.515834675254965,0.5166398282340311,0.08722490606548577
206,44.316961889425656,12.097423510466989,2.5966183574879227,4.636339237788513,25.409286097691894,6.696188942565755,3.515834675254965,0.644122383252818,0.08722490606548577
207,44.71953837895867,12.037037037037036,2.589908749329039,4.622920021470746,25.09393451422437,6.689479334406871,3.515834675254965,0.644122383252818,0.08722490606548577
208,45.309983896940416,12.030327428878154,2.589908749329039,4.334406870638754,24.892646269457863,6.595544820182502,3.515834675254965,0.644122383252818,0.08722490606548577
209,45.551529790660226,11.714975845410628,3.0864197530864197,4.314278046162104,24.59742351046699,6.494900697799249,3.5091250670960816,0.644122383252818,0.08722490606548577
210,45.78636607622115,11.681427804616211,3.0864197530864197,4.314278046162104,24.436392914653783,6.494900697799249,3.4688674181427803,0.644122383252818,0.08722490606548577
211,46.02791196994095,11.654589371980677,3.0864197530864197,4.314278046162104,24.288781535158346,6.427804616210413,3.4688674181427803,0.644122383252818,0.08722490606548577
212,46.16881374127751,11.634460547504025,3.0864197530864197,4.30756843800322,24.20155662909286,6.427804616210413,3.4688674181427803,0.6172839506172839,0.08722490606548577
213,46.59151905528717,11.506977992485238,3.207192699946323,4.294149221685454,23.93317230273752,6.367418142780462,3.3950617283950617,0.6172839506172839,0.08722490606548577
214,46.846484165324746,11.366076221148685,3.207192699946323,4.38137412775094,23.772141706924316,6.353998926462695,3.3682232957595275,0.6172839506172839,0.08722490606548577
215,47.148416532474506,11.245303274288782,3.126677402039721,4.374664519592056,23.678207192699947,6.353998926462695,3.3682232957595275,0.6172839506172839,0.08722490606548577
216,46.121846484165324,11.822329575952764,3.099838969404187,4.1129898013955986,23.79898013955985,7.125603864734299,3.2139023081052067,0.6172839506172839,0.08722490606548577
217,46.32984433709071,11.681427804616211,3.0931293612453032,4.260601180891036,23.678207192699947,7.071926999463232,3.180354267310789,0.6172839506172839,0.08722490606548577
218,46.59822866344606,11.674718196457327,3.0931293612453032,4.260601180891036,23.523886205045624,6.964573268921095,3.180354267310789,0.6172839506172839,0.08722490606548577
219,44.115673644659154,14.11701556629093,4.978529253891573,4.8376274825550185,21.215780998389693,6.91760601180891,3.113258185721954,0.6172839506172839,0.08722490606548577
220,44.00161030595813,14.036500268384327,4.978529253891573,4.830917874396135,20.73268921095008,6.91760601180891,3.797638217928073,0.6172839506172839,0.08722490606548577
221,44.60547504025765,13.982823403113258,4.938271604938271,4.62962962962963,20.41062801932367,6.6760601180891035,4.052603327965647,0.6172839506172839,0.08722490606548577
222,44.847020933977454,13.714439076757918,4.918142780461621,4.783950617283951,20.30998389694042,6.6760601180891035,4.045893719806763,0.6172839506172839,0.08722490606548577
223,40.042941492216855,20.46430488459474,4.918142780461621,4.455179817498658,19.49812130971551,5.656199677938808,4.260601180891036,0.6172839506172839,0.08722490606548577
224,40.5931293612453,20.39049919484702,4.85775630703167,4.455179817498658,19.088835212023618,5.656199677938808,4.260601180891036,0.6105743424584005,0.08722490606548577
225,40.53274288781535,20.363660762211488,4.622920021470746,4.5960815888352125,18.80703166935051,5.656199677938808,4.723564143853999,0.6105743424584005,0.08722490606548577
226,40.79441760601181,20.242887815351583,4.5893719806763285,4.555823939881911,18.773483628556093,5.636070853462158,4.7101449275362315,0.6105743424584005,0.08722490606548577
227,40.9621578099839,20.135534084809446,4.555823939881911,4.528985507246377,18.773483628556093,5.636070853462158,4.7101449275362315,0.6105743424584005,0.08722490606548577
228,41.035963499731615,20.115405260332796,4.555823939881911,4.394793344068707,18.53864734299517,6.152710681696189,4.508856682769726,0.6105743424584005,0.08722490606548577
229,41.277509393451425,20.101986044015028,4.549114331723027,4.314278046162104,18.438003220611915,6.125872249060655,4.49543746645196,0.6105743424584005,0.08722490606548577
230,41.599570585077835,19.940955448201827,4.636339237788513,4.314278046162104,18.189747718733226,6.125872249060655,4.49543746645196,0.6105743424584005,0.08722490606548577
231,41.968599033816425,19.96779388083736,4.616210413311863,4.086151368760064,17.995169082125603,6.199677938808374,4.468599033816425,0.6105743424584005,0.08722490606548577
232,41.80085882984434,19.92753623188406,4.616210413311863,4.045893719806763,17.901234567901234,6.595544820182502,4.414922168545357,0.6105743424584005,0.08722490606548577
233,42.270531400966185,19.85373054213634,4.53569511540526,4.045893719806763,17.767042404723565,6.535158346752549,4.294149221685454,0.6105743424584005,0.08722490606548577
234,42.45840042941492,19.826892109500804,4.53569511540526,3.938539989264627,17.733494363929147,6.515029522275899,4.294149221685454,0.6105743424584005,0.08722490606548577
235,43.042136339237786,19.196188942565755,4.53569511540526,3.92512077294686,17.64626945786366,6.515029522275899,4.441760601180891,0.6105743424584005,0.08722490606548577
236,43.142780461621044,19.11567364465915,4.53569511540526,3.92512077294686,17.51207729468599,6.756575415995706,4.314278046162104,0.6105743424584005,0.08722490606548577
237,43.04884594739667,18.431293612453032,5.119431025228127,4.327697262479871,17.411433172302736,6.689479334406871,4.274020397208803,0.6105743424584005,0.08722490606548577
238,43.162909286097694,18.337359098228664,5.0791733762748255,4.274020397208803,17.485238862050455,6.689479334406871,4.274020397208803,0.6105743424584005,0.08722490606548577
239,43.82716049382716,17.995169082125603,5.038915727321524,4.159957058507783,17.619431025228128,6.447933440687064,4.233762748255502,0.5904455179817498,0.08722490606548577
240,43.545356951154055,17.498658078368223,5.038915727321524,4.146537842190016,17.59259259259259,6.447933440687064,5.052334943639291,0.5904455179817498,0.08722490606548577
241,43.833870101986044,17.418142780461622,5.01207729468599,4.1129898013955986,17.518786902844873,6.447933440687064,5.005367686527107,0.5636070853462157,0.08722490606548577
242,43.78019323671498,17.176596886741816,5.226784755770263,4.253891572732153,17.391304347826086,6.112453032742888,5.522007514761138,0.4495437466451959,0.08722490606548577
243,44.12238325281803,17.12962962962963,5.22007514761138,4.247181964573269,17.28395061728395,6.052066559312936,5.407944176060118,0.4495437466451959,0.08722490606548577
244,44.39076757917338,17.10950080515298,5.159688674181428,4.213633923778851,17.216854535695116,6.025228126677402,5.347557702630167,0.4495437466451959,0.08722490606548577
245,44.49141170155663,17.062533548040793,5.159688674181428,4.17337627482555,17.216854535695116,6.011808910359635,5.347557702630167,0.4495437466451959,0.08722490606548577
246,44.7866344605475,16.968599033816425,5.092592592592593,4.17337627482555,17.19001610305958,5.998389694041868,5.253623188405797,0.4495437466451959,0.08722490606548577
247,44.927536231884055,15.83467525496511,6.300322061191626,4.0995705850778315,17.156468062265162,5.917874396135265,5.226784755770263,0.4495437466451959,0.08722490606548577
248,45.108695652173914,15.801127214170693,6.300322061191626,3.9184111647879765,17.156468062265162,5.984970477724101,5.193236714975845,0.4495437466451959,0.08722490606548577
249,45.3166935050993,15.458937198067632,6.072195383789587,4.555823939881911,17.082662372517444,5.917874396135265,5.059044551798175,0.4495437466451959,0.08722490606548577
250,45.551529790660226,15.45222758990875,6.072195383789587,4.455179817498658,16.968599033816425,5.911164787976382,5.052334943639291,0.4495437466451959,0.08722490606548577
251,45.591787439613526,15.365002683843263,6.038647342995169,4.42163177670424,16.941760601180892,6.052066559312936,5.052334943639291,0.4495437466451959,0.08722490606548577
252,45.57836822329576,15.33816425120773,6.038647342995169,4.367954911433173,16.928341384863124,6.052066559312936,5.159688674181428,0.4495437466451959,0.08722490606548577
253,45.7662372517445,15.136876006441224,5.998389694041868,4.549114331723027,16.814278046162105,6.038647342995169,5.159688674181428,0.4495437466451959,0.08722490606548577
254,45.833333333333336,14.989264626945786,5.978260869565218,4.549114331723027,16.720343531937736,6.038647342995169,5.35426731078905,0.4495437466451959,0.08722490606548577
255,45.967525496511,14.828234031132581,5.870907139023081,4.884594739667204,16.700214707461082,5.931293612453032,5.35426731078905,0.3757380568974772,0.08722490606548577
256,45.98094471282877,14.794685990338165,5.870907139023081,5.059044551798175,16.646537842190018,5.864197530864198,5.320719269994632,0.3757380568974772,0.08722490606548577
257,46.20907139023081,14.626945786366075,5.870907139023081,5.025496511003757,16.626409017713364,5.964841653247451,5.213365539452496,0.3757380568974772,0.08722490606548577
258,46.4170692431562,14.606816961889425,5.857487922705314,5.025496511003757,16.59957058507783,5.9447128287707995,5.0858829844337095,0.3757380568974772,0.08722490606548577
259,46.67874396135266,14.573268921095009,5.850778314546431,4.9718196457326895,16.51905528717123,5.897745571658615,5.059044551798175,0.36231884057971014,0.08722490606548577
260,46.92699946323135,14.506172839506172,5.850778314546431,4.931561996779388,16.431830381105744,5.844068706387547,5.059044551798175,0.36231884057971014,0.08722490606548577
261,46.81964573268921,14.298174986580785,5.8239398819108965,4.884594739667204,16.378153515834676,6.320450885668277,5.025496511003757,0.36231884057971014,0.08722490606548577
262,47.074610842726784,14.06333870101986,6.025228126677402,4.830917874396135,16.21712292002147,6.320450885668277,5.018786902844874,0.36231884057971014,0.08722490606548577
263,47.698604401502955,13.83521202361782,5.971551261406334,4.790660225442834,16.163446054750402,6.119162640901771,4.9718196457326895,0.36231884057971014,0.08722490606548577
264,48.13472893183038,13.761406333870102,5.911164787976382,4.7101449275362315,15.955448201825014,6.112453032742888,4.9651100375738055,0.36231884057971014,0.08722490606548577
265,48.33601717659689,13.694310252281268,5.911164787976382,4.7101449275362315,15.868223295759528,6.0654857756307035,4.9651100375738055,0.36231884057971014,0.08722490606548577
266,48.470209339774556,13.56682769726248,5.897745571658615,4.951690821256038,15.707192699946322,6.018518518518518,4.938271604938271,0.36231884057971014,0.08722490606548577
267,43.86741814278046,12.634192163177671,5.662909286097692,4.817498658078368,21.71900161030596,5.911164787976382,4.938271604938271,0.36231884057971014,0.08722490606548577
268,44.236446591519055,12.573805689747719,5.662909286097692,4.817498658078368,21.410359634997317,5.911164787976382,4.938271604938271,0.36231884057971014,0.08722490606548577
