,45,50,53,55,52,54,51,56
0,100.0,,,,,,,
1,94.49812130971551,5.501878690284487,,,,,,
2,92.25711218464842,7.742887815351583,,,,,,
3,92.38459473966721,7.615405260332796,,,,,,
4,85.48711755233495,14.512882447665056,,,,,,
5,85.56763285024155,14.432367149758454,,,,,,
6,83.44068706387547,16.55931293612453,,,,,,
7,82.1256038647343,17.8743961352657,,,,,,
8,77.15378421900161,22.71202361782072,0.13419216317767044,,,,,
9,75.61728395061728,24.00697799248524,0.13419216317767044,0.24154589371980675,,,,
10,72.4771873322598,27.147074610842726,0.13419216317767044,0.24154589371980675,,,,
11,69.85373054213633,26.670692431561996,0.13419216317767044,,3.3413848631239937,,,
12,69.80005367686528,26.7512077294686,0.13419216317767044,,3.3145464304884595,,,
13,70.26972624798712,26.308373590982285,0.13419216317767044,,3.2877079978529253,,,
14,68.41116478797638,28.37493290391841,0.13419216317767044,,3.079710144927536,,,
15,63.00322061191626,33.621846484165324,0.13419216317767044,0.1610305958132045,3.079710144927536,,,
16,63.29173376274826,33.15888352120236,0.13419216317767044,0.2281266774020397,3.079710144927536,0.10735373054213634,,
17,63.45276435856146,32.648953301127214,0.13419216317767044,0.5032206119162641,3.012614063338701,0.24825550187869028,,
18,63.67418142780462,32.588566827697264,0.13419216317767044,0.3757380568974772,2.9790660225442833,0.24825550187869028,,
19,61.74852388620504,34.54777241009125,0.13419216317767044,0.36231884057971014,2.9790660225442833,0.2281266774020397,,
20,61.78878153515835,33.17901234567901,0.13419216317767044,0.36231884057971014,4.30756843800322,0.2281266774020397,,
21,62.151100375738054,32.8166935050993,0.13419216317767044,0.36231884057971014,4.30756843800322,0.2281266774020397,,
22,61.4398819108964,33.25281803542673,0.13419216317767044,0.36231884057971014,4.280730005367687,0.2281266774020397,0.30193236714975846,
23,60.789049919484704,33.923778851315085,0.13419216317767044,0.36231884057971014,4.274020397208803,0.2281266774020397,0.2885131508319914,
24,60.11137949543747,32.78314546430489,0.13419216317767044,0.36231884057971014,4.247181964573269,0.2281266774020397,2.13365539452496,
25,60.10466988727858,31.320450885668276,0.13419216317767044,0.36231884057971014,4.233762748255502,0.33548040794417605,3.5091250670960816,
26,60.339506172839506,31.105743424584006,0.13419216317767044,0.36231884057971014,4.2270531400966185,0.33548040794417605,3.4957058507783145,
27,59.574610842726784,31.964573268921097,0.13419216317767044,0.36231884057971014,4.193505099302201,0.33548040794417605,3.435319377348363,
28,57.51476113794954,31.655931293612454,0.13419216317767044,0.3421900161030596,3.307836822329576,1.8183038110574343,5.226784755770263,
29,57.8166935050993,31.44122383252818,0.13419216317767044,0.3421900161030596,3.2877079978529253,1.8183038110574343,5.159688674181428,
30,48.15485775630703,41.36473429951691,0.13419216317767044,0.3421900161030596,3.2474503488996245,1.8115942028985508,4.944981213097155,
31,46.53113258185722,40.84138486312399,0.13419216317767044,0.3421900161030596,2.945517981749866,0.5904455179817498,8.61513687600644,
32,45.26301663982824,42.210144927536234,0.13419216317767044,0.3421900161030596,2.932098765432099,0.5770263016639828,8.541331186258722,
33,39.774557165861516,48.43666129898014,0.13419216317767044,0.06709608158883522,3.0595813204508855,0.5434782608695652,7.98443370907139,
34,38.53327965646806,49.8389694041868,0.13419216317767044,0.06709608158883522,3.0595813204508855,0.5434782608695652,7.823403113258186,
35,39.049919484702095,49.44981213097155,0.13419216317767044,0.06709608158883522,3.052871712292002,0.5434782608695652,7.702630166398282,
36,39.472624798711756,48.90633387010199,0.13419216317767044,0.06709608158883522,3.0327428878153517,0.6843800322061192,7.702630166398282,
37,39.761137949543745,46.812936124530324,1.06682769726248,0.06709608158883522,4.522275899087493,0.6843800322061192,7.085346215780999,
38,40.103327965646805,46.423778851315085,1.1741814278046163,0.06709608158883522,4.542404723564144,1.06682769726248,6.622383252818035,
39,38.00322061191626,48.55072463768116,1.1674718196457328,0.06709608158883522,4.53569511540526,1.06682769726248,6.608964036500268,
40,38.00322061191626,48.101180891035966,1.5163714439076759,0.06709608158883522,4.508856682769726,1.06682769726248,6.736446591519055,
41,38.27160493827161,47.5979602791197,1.5163714439076759,0.06709608158883522,4.49543746645196,1.0601180891035964,6.991411701556629,
42,38.56682769726248,47.08803005904455,1.4895330112721417,0.06709608158883522,4.40150295222759,1.0534084809447128,7.051798174986581,0.28180354267310787
43,38.828502415458935,46.303005904455176,1.4895330112721417,0.06709608158883522,4.320987654320987,1.0399892646269457,7.669082125603865,0.28180354267310787
44,38.63392377885131,43.68625872249061,0.8856682769726248,0.48980139559849706,6.857219538378959,1.2345679012345678,7.930756843800322,0.28180354267310787
45,37.835480407944175,37.94283413848631,0.8185721953837896,0.48980139559849706,6.501610305958132,1.0332796564680622,15.378421900161031,
46,35.76221148684917,36.72839506172839,0.7716049382716049,0.4227053140096618,5.984970477724101,1.0332796564680622,19.296833064949006,
47,34.76247987117552,36.3593666129898,0.7716049382716049,0.4025764895330113,5.475040257648954,1.2144390767579174,21.014492753623188,
48,35.19189479334407,36.26543209876543,0.7716049382716049,0.4025764895330113,5.441492216854535,1.1607622114868492,20.7662372517445,
49,35.057702630166396,34.82957595276436,0.7716049382716049,0.4025764895330113,5.381105743424584,1.1607622114868492,22.396672034353195,
50,35.69511540526033,34.46054750402576,0.7581857219538379,0.4025764895330113,5.3274288781535155,1.1607622114868492,22.19538378958669,
51,35.89640365002684,34.50080515297907,0.7581857219538379,0.3824476650563607,5.267042404723564,1.1607622114868492,22.034353193773484,
52,36.11782071926999,33.74932903918411,0.7581857219538379,0.3824476650563607,5.152979066022544,1.3620504562533549,22.477187332259795,
53,36.3996242619431,33.64868491680086,0.7514761137949544,0.3824476650563607,5.132850241545894,1.3620504562533549,22.269189479334408,0.05367686527106817
54,35.93666129898014,32.689210950080515,0.7514761137949544,0.3824476650563607,4.884594739667204,1.6774020397208802,23.62453032742888,0.05367686527106817
55,36.272141706924316,32.139023081052066,1.442565754159957,0.3824476650563607,4.884594739667204,3.2541599570585076,21.571390230810522,0.05367686527106817
56,35.238862050456255,29.70343531937735,2.8784219001610305,0.3824476650563607,4.864465915190553,3.1065485775630703,23.772141706924316,0.05367686527106817
57,35.768921095008054,29.408212560386474,2.8515834675254963,0.3824476650563607,4.8376274825550185,3.099838969404187,23.597691894793343,0.05367686527106817
58,35.628019323671495,30.159688674181428,2.38191089640365,2.1068169618894257,4.810789049919484,3.0864197530864197,21.772678475577028,0.05367686527106817
59,32.87707997852925,33.89023081052066,2.3617820719269993,2.3349436392914655,4.696725711218465,2.7509393451422435,21.034621578099838,0.05367686527106817
60,33.2662372517445,33.682232957595275,2.214170692431562,2.3349436392914655,4.64975845410628,2.7241009125067097,20.974235104669887,0.15432098765432098
61,33.353462157809986,33.8365539452496,2.214170692431562,2.3349436392914655,4.609500805152979,2.677133655394525,20.819914117015568,0.15432098765432098
62,33.373590982286636,33.9573268921095,2.2074610842726785,2.3215244229736984,4.582662372517445,2.636876006441224,20.7662372517445,0.15432098765432098
63,33.964036500268385,33.50107353730542,2.2074610842726785,2.3215244229736984,4.51556629092861,2.636876006441224,20.699141170155663,0.15432098765432098
64,33.89023081052066,33.9573268921095,2.2074610842726785,2.281266774020397,4.488727858293076,2.636876006441224,20.38378958668814,0.15432098765432098
65,32.80327428878154,35.138217928073,2.1806226516371443,2.26784755770263,4.488727858293076,2.636876006441224,20.33011272141707,0.15432098765432098
66,32.47450348899624,33.91035963499731,2.1739130434782608,2.4825550187869028,4.468599033816425,2.9052603327965647,21.430488459473967,0.15432098765432098
67,31.749865807836823,33.031400966183575,2.15378421900161,2.24771873322598,4.441760601180891,2.8113258185721954,23.416532474503487,0.14761137949543746
68,32.26650563607085,32.7361782071927,2.0933977455716586,2.227589908749329,4.542404723564144,2.8113258185721954,23.17498658078368,0.14761137949543746
69,32.95759527643585,32.306763285024154,2.073268921095008,2.227589908749329,4.53569511540526,2.791196994095545,22.96027911969941,0.14761137949543746
70,29.924852388620504,36.292270531400966,2.771068169618894,2.4154589371980677,6.763285024154589,2.522812667740204,19.209608158883523,0.10064412238325282
71,29.314278046162105,35.90311325818572,2.703972088030059,2.737520128824477,6.575415995705851,2.5161030595813205,20.155662909286097,0.0939345142243693
72,29.95169082125604,35.601180891035966,2.677133655394525,2.6972624798711755,6.501610305958132,2.475845410628019,20.001341921631777,0.0939345142243693
73,30.300590445517983,35.245571658615134,2.6435856146001075,2.9388083735909825,6.4412238325281805,2.475845410628019,19.860440150295222,0.0939345142243693
74,29.797369833601717,33.722490606548575,2.623456790123457,3.052871712292002,6.796833064949007,2.4691358024691357,21.443907675791735,0.0939345142243693
75,30.381105743424584,33.41384863123994,2.623456790123457,3.4017713365539453,6.78341384863124,2.4691358024691357,20.833333333333332,0.0939345142243693
76,29.528985507246375,31.44122383252818,4.133118625872249,3.3548040794417604,6.226516371443908,2.4691358024691357,22.75228126677402,0.0939345142243693
77,29.7638217928073,31.280193236714975,4.233762748255502,3.33467525496511,6.78341384863124,2.3886205045625335,22.12157809983897,0.0939345142243693
78,30.03220611916264,31.092324208266238,4.233762748255502,3.294417606011809,6.743156199677939,2.3550724637681157,22.15512614063339,0.0939345142243693
79,30.48845947396672,31.105743424584006,4.186795491143317,3.2474503488996245,6.662640901771336,2.341653247450349,21.87332259796028,0.0939345142243693
80,28.455448201825014,28.904991948470208,3.2675791733762747,3.3011272141706924,5.4616210413311865,2.341653247450349,28.227321524422972,0.040257648953301126
81,26.986044015029524,30.756843800322063,3.227321524422974,3.2340311325818574,5.4616210413311865,2.26784755770263,28.026033279656467,0.040257648953301126
82,27.30810520665593,30.193236714975846,3.140096618357488,3.7909286097691894,5.448201825013419,2.26784755770263,27.811325818572197,0.040257648953301126
83,27.677133655394524,30.059044551798173,3.44873859366613,3.5091250670960816,5.83064949006978,1.9122383252818036,27.522812667740205,0.040257648953301126
84,28.267579173376276,29.696725711218466,3.4286097691894795,3.6231884057971016,5.790391841116479,1.9122383252818036,27.241009125067094,0.040257648953301126
85,27.3215244229737,30.897745571658614,3.166935050993022,3.5963499731615673,6.535158346752549,1.892109500805153,26.549919484702095,0.040257648953301126
86,27.905260332796566,30.723295759527645,3.1333870101986045,3.6768652710681695,6.387546967257112,1.8786902844873858,26.113794954374665,0.18115942028985507
87,27.697262479871174,29.998658078368223,3.1333870101986045,3.6231884057971016,6.280193236714976,1.7981749865807837,27.28797638217928,0.18115942028985507
88,28.421900161030596,29.78395061728395,3.1199677938808374,3.5963499731615673,6.246645195920558,1.7981749865807837,26.85185185185185,0.18115942028985507
89,29.1532474503489,29.522275899087493,3.0864197530864197,3.589640365002684,6.072195383789587,1.7981749865807837,26.596886741814277,0.18115942028985507
90,29.09286097691895,29.24718196457327,3.2340311325818574,3.9855072463768115,6.052066559312936,1.7981749865807837,26.40901771336554,0.18115942028985507
91,29.844337090713903,29.01905528717123,3.193773483628556,3.9989264626945786,5.877616747181965,1.7646269457863661,26.120504562533547,0.18115942028985507
92,29.468599033816425,27.01959205582394,3.193773483628556,3.9049919484702094,5.615942028985507,1.9726247987117553,28.64331723027375,0.18115942028985507
93,30.314009661835748,26.744498121309714,3.140096618357488,3.844605475040258,5.562265163714439,1.892109500805153,28.32125603864734,0.18115942028985507
94,30.73671497584541,25.328770799785293,4.53569511540526,3.911701556629093,5.233494363929147,1.8585614600107354,28.213902308105208,0.18115942028985507
95,30.891035963499732,25.127482555018787,4.53569511540526,3.911701556629093,5.4549114331723025,1.8585614600107354,28.039452495974235,0.18115942028985507
96,30.56226516371444,24.402844873859365,4.64975845410628,3.6634460547504024,5.293880837359098,1.8585614600107354,29.388083735909824,0.18115942028985507
97,30.837359098228664,24.168008588298445,4.830917874396135,3.851315083199141,5.5689747718733225,1.778046162104133,28.784219001610307,0.18115942028985507
98,31.293612453032743,23.93317230273752,4.797369833601718,3.9452495974235107,5.528717122920021,1.778046162104133,28.5426731078905,0.18115942028985507
99,31.57541599570585,23.450080515297905,5.01207729468599,3.9452495974235107,6.991411701556629,1.7713365539452497,27.073268921095007,0.18115942028985507
100,32.06521739130435,23.161567364465917,4.985238862050457,3.92512077294686,5.984970477724101,1.7713365539452497,27.925389157273216,0.18115942028985507
101,32.54159957058508,22.98040794417606,4.9651100375738055,4.052603327965647,5.9447128287707995,1.7713365539452497,27.563070316693505,0.18115942028985507
102,32.91733762748255,22.04777241009125,4.951690821256038,4.005636070853462,6.6760601180891035,1.7713365539452497,27.449006977992486,0.18115942028985507
103,33.23939881910896,21.83977455716586,4.918142780461621,3.9586688137412773,6.830381105743425,1.7646269457863661,27.26784755770263,0.18115942028985507
104,33.641975308641975,21.672034353193773,4.851046698872786,3.9586688137412773,7.0383789586688135,1.7646269457863661,26.89210950080515,0.18115942028985507
105,32.52818035426731,23.07434245840043,4.817498658078368,3.9452495974235107,6.951154052603328,2.006172839506173,26.25469672571122,0.4227053140096618
106,32.80327428878154,22.82608695652174,4.757112184648417,3.898282340311326,7.132313472893183,1.9927536231884058,26.167471819645733,0.4227053140096618
107,32.971014492753625,22.363123993558776,4.99194847020934,3.851315083199141,7.112184648416532,2.4355877616747184,25.764895330112722,0.5099302200751477
108,33.28636607622115,22.04777241009125,4.9651100375738055,4.03918411164788,7.125603864734299,2.395330112721417,25.63070316693505,0.5099302200751477
109,32.59527643585615,21.39694041867955,5.173107890499195,3.9855072463768115,7.092055823939882,2.395330112721417,26.85185185185185,0.5099302200751477
110,29.186795491143318,29.602791196994094,6.474771873322598,3.7775093934514223,6.293612453032743,2.6167471819645733,21.537842190016104,0.5099302200751477
111,29.025764895330113,28.442028985507246,6.568706387546968,3.4822866344605474,6.233225979602791,2.6167471819645733,23.121309715512613,0.5099302200751477
112,28.79092860976919,28.012614063338702,6.602254428341385,3.4822866344605474,8.246108427267847,2.6167471819645733,21.77938808373591,0.46967257112184646
113,29.25389157273215,27.905260332796566,6.508319914117015,3.683574879227053,7.997852925389157,2.5831991411701556,21.598228663446054,0.46967257112184646
114,29.032474503488995,27.415458937198068,6.320450885668277,3.656736446591519,7.461084272678476,2.475845410628019,23.1682769726248,0.46967257112184646
115,29.388083735909824,27.13365539452496,6.286902844873859,3.656736446591519,7.669082125603865,2.4490069779924855,22.946859903381643,0.46967257112184646
116,29.1532474503489,26.56333870101986,4.9718196457326895,3.5628019323671496,10.621309715512615,2.4355877616747184,22.22222222222222,0.46967257112184646
117,29.958400429414922,26.10708534621578,4.871175523349437,3.549382716049383,10.748792270531402,2.368491680085883,21.926999463231347,0.46967257112184646
118,30.495169082125603,26.01315083199141,4.864465915190553,3.502415458937198,10.654857756307031,2.341653247450349,21.658615136876005,0.46967257112184646
119,31.394256575415994,25.771604938271604,4.851046698872786,3.488996242619431,10.258990874932904,2.3349436392914655,21.430488459473967,0.46967257112184646
120,30.770263016639827,25.275093934514224,4.8376274825550185,3.33467525496511,14.237788513150832,2.3349436392914655,18.88083735909823,0.32877079978529256
121,30.951422436929683,25.174449812130973,4.770531400966184,3.3011272141706924,13.92914653784219,2.301395598497048,19.243156199677937,0.32877079978529256
122,31.333870101986044,25.0402576489533,4.736983360171766,3.3011272141706924,13.81508319914117,2.301395598497048,19.155931293612454,0.3153515834675255
123,31.843800322061192,24.57729468599034,4.99194847020934,3.4621578099838968,13.560118089103597,2.281266774020397,18.968062265163713,0.3153515834675255
124,31.82367149758454,24.335748792270532,5.0858829844337095,3.4420289855072466,13.405797101449275,2.3215244229736984,19.269994632313473,0.3153515834675255
125,32.024959742351044,23.98684916800859,5.253623188405797,3.435319377348363,13.331991411701557,2.2946859903381642,19.35721953837896,0.3153515834675255
126,31.830381105743424,23.731884057971016,5.24020397208803,3.4286097691894795,13.20450885668277,2.690552871712292,19.558507783145465,0.3153515834675255
127,31.568706387546968,23.376274825550187,7.03166935050993,3.421900161030596,13.070316693505099,2.690552871712292,18.5252281266774,0.3153515834675255
128,32.05179817498658,23.221953837895867,7.004830917874396,3.421900161030596,12.761674718196458,2.6502952227589907,18.572195383789587,0.3153515834675255
129,32.45437466451959,22.987117552334944,7.078636607622115,3.421900161030596,12.76838432635534,2.5496511003757383,18.42458400429415,0.3153515834675255
130,32.2061191626409,21.73913043478261,7.078636607622115,3.388352120236178,14.566559312936125,2.4892646269457863,18.21658615136876,0.3153515834675255
131,32.46779388083736,21.410359634997317,6.904186795491143,3.4957058507783145,14.573268921095009,2.4355877616747184,18.397745571658614,0.3153515834675255
132,32.588566827697264,21.32313472893183,7.320182501341922,3.4621578099838968,14.687332259796028,2.4154589371980677,17.887815351583466,0.3153515834675255
133,33.01798174986581,21.182232957595275,7.27992485238862,3.717122920021471,14.36527106816962,2.4154589371980677,17.726784755770264,0.2952227589908749
134,33.319914117015564,21.101717659688674,7.25979602791197,3.717122920021471,14.298174986580785,2.4154589371980677,17.59259259259259,0.2952227589908749
135,33.5077831454643,21.021202361782073,7.4141170155662905,3.6902844873859366,14.278046162104133,2.281266774020397,17.51207729468599,0.2952227589908749
136,33.8365539452496,20.8467525496511,7.62211486849168,3.670155662909286,14.2914653784219,2.2074610842726785,17.23027375201288,0.2952227589908749
137,33.923778851315085,20.685721953837895,7.75630703166935,3.6634460547504024,14.143853998926463,2.475845410628019,17.062533548040793,0.2885131508319914
138,33.19914117015566,20.471014492753625,7.581857219538379,2.7777777777777777,17.498658078368223,2.475845410628019,15.747450348899624,0.24825550187869028
139,33.5077831454643,20.37037037037037,7.548309178743962,2.7509393451422435,17.438271604938272,2.475845410628019,15.68035426731079,0.2281266774020397
140,34.11164787976382,20.29656468062265,7.5281803542673105,2.771068169618894,17.223564143854,2.4490069779924855,15.391841116478798,0.2281266774020397
141,34.4068706387547,20.182501341921633,7.575147611379496,2.757648953301127,17.09608158883521,2.4490069779924855,15.304616210413311,0.2281266774020397
142,34.88325281803543,19.97450348899624,7.514761137949543,2.7509393451422435,16.968599033816425,2.442297369833602,15.237520128824476,0.2281266774020397
143,31.374127750939344,29.898013955984972,6.374127750939345,2.3483628556092326,15.28448738593666,2.301395598497048,12.365807836822329,0.05367686527106817
144,31.83709071390231,29.824208266237253,6.226516371443908,2.3483628556092326,15.150295222758992,2.2879763821792807,12.27187332259796,0.05367686527106817
145,32.27992485238862,29.51556629092861,6.226516371443908,2.3483628556092326,15.049651100375739,2.2879763821792807,12.238325281803542,0.05367686527106817
146,30.917874396135264,29.20692431561997,6.206387546967257,2.314814814814815,17.23027375201288,2.01959205582394,12.090713902308105,0.013419216317767043
147,31.57541599570585,29.005636070853463,6.166129898013956,2.059849704777241,16.961889425657542,2.006172839506173,12.211486849168008,0.013419216317767043
148,31.796833064949006,28.817767042404725,6.166129898013956,2.0397208803005906,17.122920021470748,1.9927536231884058,12.050456253354804,0.013419216317767043
149,32.32018250134192,28.5426731078905,6.125872249060655,2.006172839506173,17.04911433172303,1.9927536231884058,11.949812130971551,0.013419216317767043
150,32.380568974771876,28.10654857756307,6.105743424584004,2.2410091250670963,16.928341384863124,1.9927536231884058,12.23161567364466,0.013419216317767043
151,32.83682232957595,26.100375738056897,6.260064412238325,3.992216854535695,16.586151368760063,1.9927536231884058,12.218196457326892,0.013419216317767043
152,32.92404723564144,26.100375738056897,6.239935587761675,3.9720880300590444,16.67337627482555,1.9927536231884058,12.084004294149223,0.013419216317767043
153,32.46108427267848,25.77831454643049,6.179549114331723,4.052603327965647,15.94873859366613,1.778046162104133,13.788244766505636,0.013419216317767043
154,32.6154052603328,25.47638217928073,6.494900697799249,4.0995705850778315,15.83467525496511,1.751207729468599,13.714439076757918,0.013419216317767043
155,32.8569511540526,25.369028448738593,6.421095008051529,4.072732152442297,16.002415458937197,1.7444981213097155,13.519860440150294,0.013419216317767043
156,33.10520665593129,25.07380568974772,6.394256575415996,4.072732152442297,16.183574879227052,1.7847557702630166,13.372249060654857,0.013419216317767043
157,33.011272141706925,24.476650563607084,6.387546967257112,4.30756843800322,16.129898013955984,2.3752012882447664,13.298443370907139,0.013419216317767043
158,33.09849704777241,22.638217928073,8.158883521202362,4.4753086419753085,16.002415458937197,2.368491680085883,13.24476650563607,0.013419216317767043
159,33.32662372517445,22.604669887278583,8.145464304884594,4.4753086419753085,15.901771336553946,2.328234031132582,13.20450885668277,0.013419216317767043
160,33.95061728395062,22.423510466988727,8.091787439613526,4.428341384863124,15.640096618357488,2.3215244229736984,13.130703166935051,0.013419216317767043
161,34.43370907139023,22.302737520128826,8.031400966183575,4.388083735909823,15.297906602254429,2.475845410628019,13.056897477187333,0.013419216317767043
162,34.0378421900161,21.74584004294149,7.608695652173913,4.126409017713366,16.378153515834676,2.5697799248523885,13.519860440150294,0.013419216317767043
163,34.16532474503489,21.67874396135266,7.447665056360709,4.1129898013955986,16.223832528180353,2.8650026838432634,13.493022007514762,0.013419216317767043
164,34.252549651100374,21.4573268921095,7.37385936661299,4.0995705850778315,16.190284487385938,3.166935050993022,13.446054750402576,0.013419216317767043
165,34.58803005904455,21.30300590445518,7.320182501341922,4.05931293612453,16.14331723027375,3.1333870101986045,13.439345142243694,0.013419216317767043
166,34.84299516908212,21.16881374127751,7.27992485238862,3.978797638217928,16.022544283413847,3.2541599570585076,13.439345142243694,0.013419216317767043
167,34.957058507783145,20.913848631239937,7.25979602791197,4.206924315619967,15.841384863123993,3.5762211486849167,13.231347289318304,0.013419216317767043
168,33.56816961889426,20.1959205582394,6.830381105743425,4.166666666666667,14.88191089640365,3.5762211486849167,16.76731078904992,0.013419216317767043
169,33.97074610842727,20.101986044015028,6.689479334406871,4.166666666666667,14.781266774020397,3.569511540526033,16.70692431561997,0.013419216317767043
170,33.72920021470746,19.806763285024154,6.716317767042405,4.0995705850778315,14.694041867954912,4.522275899087493,16.418411164787976,0.013419216317767043
171,34.13177670424047,19.639023081052066,6.709608158883521,4.092860976918948,14.600107353730541,4.488727858293076,16.324476650563607,0.013419216317767043
172,34.72893183038111,19.632313472893184,6.796833064949007,4.066022544283414,14.11701556629093,4.62962962962963,16.029253891572733,
173,34.91009125067096,19.45786366076221,6.843800322061192,4.005636070853462,14.002952227589908,4.8376274825550185,15.942028985507246,
174,35.11137949543747,19.363929146537842,7.501341921631776,3.992216854535695,13.560118089103597,4.770531400966184,15.70048309178744,
175,35.21202361782072,19.316961889425656,7.702630166398282,3.965378421900161,13.553408480944713,4.736983360171766,15.5126140633387,
176,35.238862050456255,18.61916264090177,7.689210950080516,4.891304347826087,13.526570048309178,4.609500805152979,15.425389157273216,
177,35.581052066559316,18.592324208266238,7.595276435856146,4.87788513150832,13.399087493290391,4.5960815888352125,15.35829307568438,
178,35.970209339774556,18.51851851851852,7.5348899624261945,4.824208266237251,13.251476113794954,4.703435319377348,15.197262479871176,
179,36.20504562533548,18.377616747181964,7.461084272678476,4.797369833601718,13.211218464841654,4.810789049919484,15.136876006441224,
180,35.889694041867955,18.21658615136876,7.25979602791197,4.911433172302737,12.942834138486312,4.676596886741814,16.10305958132045,
181,35.319377348362856,19.679280730005367,7.199409554482019,4.884594739667204,12.741545893719806,4.676596886741814,15.499194847020934,
182,35.65485775630703,19.51825013419216,7.14573268921095,4.750402576489533,12.949543746645196,4.64975845410628,15.331454643048845,
183,36.252012882447666,19.202898550724637,7.03166935050993,4.750402576489533,12.869028448738593,4.609500805152979,15.28448738593666,
184,36.46672034353194,19.14922168545357,6.951154052603328,4.696725711218465,12.822061191626409,4.562533548040794,15.351583467525497,
185,36.943102522812666,18.947933440687063,6.904186795491143,4.676596886741814,12.681159420289855,4.53569511540526,15.311325818572195,
186,36.93639291465379,18.84728931830381,7.112184648416532,4.64975845410628,12.426194310252281,4.508856682769726,15.519323671497585,
187,37.1309715512614,18.45813204508857,7.239667203435319,4.817498658078368,12.399355877616747,4.4820182501341925,15.4723564143854,
188,36.97665056360709,18.679549114331724,7.232957595276436,4.783950617283951,12.614063338701019,4.3545356951154055,15.35829307568438,
189,37.35909822866345,18.592324208266238,7.159151905528717,4.7638217928073,12.580515297906603,4.3545356951154055,15.190552871712292,
190,37.65432098765432,18.47826086956522,7.105475040257649,4.730273752012883,12.620772946859903,4.327697262479871,15.083199141170155,
191,37.76167471819646,18.4447128287708,7.098765432098766,4.723564143853999,12.580515297906603,4.28743961352657,15.103327965646805,
192,33.20585077831455,15.123456790123457,6.132581857219538,4.435050993022007,11.2788513150832,4.045893719806763,25.77831454643049,
193,33.360171765968865,14.97584541062802,6.052066559312936,4.435050993022007,11.352657004830919,4.502147074610843,25.32206119162641,
194,33.621846484165324,14.928878153515834,6.152710681696189,4.374664519592056,11.305689747718732,4.636339237788513,24.97987117552335,
195,33.4272678475577,14.855072463768115,6.5485775630703165,4.3545356951154055,11.158078368223295,4.7101449275362315,24.94632313472893,
196,33.85668276972625,14.80810520665593,6.494900697799249,4.327697262479871,11.104401502952227,4.7101449275362315,24.698067632850243,
197,34.10493827160494,14.593397745571659,6.488191089640365,4.522275899087493,10.997047772410092,4.871175523349437,24.422973698336016,
198,34.37332259796028,14.566559312936125,6.461352657004831,4.49543746645196,10.963499731615673,4.85775630703167,24.282071926999464,
199,34.655126140633385,14.55984970477724,6.4345142243692965,4.49543746645196,10.929951690821255,4.851046698872786,24.074074074074073,
200,35.03086419753087,14.506172839506172,6.400966183574879,4.408212560386473,10.909822866344605,4.8376274825550185,23.906333870101985,
201,35.44685990338164,14.486044015029522,6.374127750939345,4.408212560386473,10.681696188942565,4.810789049919484,23.792270531400966,
202,35.78234031132582,14.452495974235104,6.3137412775093935,4.408212560386473,10.554213633923778,5.038915727321524,23.450080515297905,
203,35.46027911969941,13.774825550187868,6.246645195920558,4.233762748255502,10.279119699409554,6.662640901771336,23.34272678475577,
204,35.768921095008054,13.714439076757918,6.233225979602791,4.166666666666667,10.21202361782072,6.662640901771336,23.09447128287708,0.14761137949543746
205,36.26543209876543,13.607085346215781,6.179549114331723,4.166666666666667,10.165056360708535,6.629092860976919,22.839506172839506,0.14761137949543746
206,36.06414385399893,13.533279656468062,5.636070853462158,4.086151368760064,10.21202361782072,6.629092860976919,23.691626409017715,0.14761137949543746
207,36.33252818035427,13.352120236178207,5.850778314546431,4.032474503488996,10.138217928073,6.595544820182502,23.55072463768116,0.14761137949543746
208,35.621309715512616,13.009930220075148,5.3274288781535155,3.066290928609769,10.104669887278583,6.266774020397209,26.455984970477726,0.14761137949543746
209,36.3996242619431,12.93612453032743,5.3274288781535155,3.012614063338701,9.923510466988727,6.260064412238325,25.99302200751476,0.14761137949543746
210,36.493558776167475,12.848899624261943,5.314009661835748,3.012614063338701,10.044283413848632,6.246645195920558,25.89237788513151,0.14761137949543746
211,37.11755233494364,12.72812667740204,5.139559849704777,2.965646806226516,10.044283413848632,6.213097155126141,25.644122383252817,0.14761137949543746
212,37.30542136339238,12.587224906065487,5.4549114331723025,2.8784219001610305,10.00402576489533,6.273483628556092,25.348899624261943,0.14761137949543746
213,37.64761137949544,12.385936661298981,5.414653784219001,2.85829307568438,10.19189479334407,6.233225979602791,25.120772946859905,0.14761137949543746
214,37.795222758990874,12.318840579710145,5.414653784219001,2.85829307568438,10.138217928073,6.206387546967257,25.120772946859905,0.14761137949543746
215,38.191089640365,12.110842726784755,5.374396135265701,3.012614063338701,10.131508319914117,6.172839506172839,24.859098228663445,0.14761137949543746
216,37.64761137949544,11.943102522812667,5.360976918947934,3.2139023081052067,9.829575952764358,5.790391841116479,25.946054750402578,0.2683843263553409
217,37.76167471819646,11.896135265700483,5.360976918947934,3.2139023081052067,9.829575952764358,5.790391841116479,25.87895866881374,0.2683843263553409
218,38.27160493827161,11.714975845410628,5.260332796564681,3.260869565217391,10.017444981213098,5.6964573268921095,25.509930220075148,0.2683843263553409
219,38.77482555018787,11.466720343531938,5.253623188405797,3.2474503488996245,9.96376811594203,5.642780461621041,25.38244766505636,0.2683843263553409
220,39.08346752549651,11.406333870101985,5.253623188405797,3.2474503488996245,9.86983360171766,5.615942028985507,25.254965110037574,0.2683843263553409
221,39.57997852925389,11.352657004830919,5.253623188405797,3.2474503488996245,9.75577026301664,5.595813204508857,24.94632313472893,0.2683843263553409
222,39.84836285560923,11.29898013955985,5.233494363929147,3.2139023081052067,9.73564143853999,5.542136339237788,24.859098228663445,0.2683843263553409
223,40.351583467525494,11.292270531400966,5.186527106816962,3.3816425120772946,9.64170692431562,5.387815351583468,24.490069779924852,0.2683843263553409
224,40.05636070853462,10.72866344605475,4.790660225442834,3.33467525496511,9.359903381642512,5.360976918947934,26.100375738056897,0.2683843263553409
225,40.39855072463768,10.668276972624799,4.730273752012883,3.3145464304884595,9.500805152979066,5.280461621041331,25.83870101986044,0.2683843263553409
226,40.734031132581855,10.581052066559312,4.690016103059581,3.2877079978529253,9.473966720343531,5.246913580246914,25.717928073000536,0.2683843263553409
227,40.92190016103059,10.473698336017177,4.683306494900698,3.2742887815351582,9.601449275362318,5.233494363929147,25.543478260869566,0.2683843263553409
228,41.56602254428341,10.420021470746109,4.656468062265164,3.2474503488996245,10.138217928073,4.817498658078368,24.89935587761675,0.2549651100375738
229,41.2842190016103,10.38647342995169,4.42163177670424,3.2340311325818574,10.534084809447128,5.038915727321524,24.84567901234568,0.2549651100375738
230,41.45195920558239,10.359634997316157,4.253891572732153,3.2004830917874396,10.735373054213634,5.005367686527107,24.738325281803544,0.2549651100375738
231,41.700214707461086,10.265700483091788,4.247181964573269,3.4957058507783145,10.654857756307031,4.998658078368224,24.416264090177133,0.2214170692431562
232,41.55260332796565,10.198604401502953,4.247181964573269,3.4017713365539453,10.782340311325818,5.146269457863661,24.44981213097155,0.2214170692431562
233,41.89479334406871,10.165056360708535,4.072732152442297,3.3816425120772946,10.782340311325818,5.146269457863661,24.335748792270532,0.2214170692431562
234,42.12292002147075,10.165056360708535,4.072732152442297,3.3816425120772946,10.735373054213634,5.146269457863661,24.154589371980677,0.2214170692431562
235,39.83494363929147,9.172034353193773,3.978797638217928,3.4957058507783145,13.788244766505636,4.783950617283951,24.724906065485776,0.2214170692431562
236,39.88191089640365,8.99087493290392,3.978797638217928,3.770799785292539,13.895598497047773,5.052334943639291,24.208266237251745,0.2214170692431562
237,39.64707461084273,8.84326355340848,3.9452495974235107,3.5762211486849167,14.244498121309716,5.508588298443371,24.013687600644122,0.2214170692431562
238,39.90874932903918,8.816425120772946,3.9452495974235107,3.5426731078904994,14.190821256038648,5.407944176060118,23.96672034353194,0.2214170692431562
239,40.143585614600106,8.789586688137414,3.9452495974235107,3.515834675254965,14.110305958132045,5.3274288781535155,23.946591519055286,0.2214170692431562
240,40.49248523886205,8.776167471819646,3.92512077294686,3.488996242619431,14.023081052066559,5.3274288781535155,23.74530327428878,0.2214170692431562
241,40.5931293612453,8.709071390230811,4.139828234031133,3.4688674181427803,13.955984970477724,5.24020397208803,23.67149758454106,0.2214170692431562
242,40.88835212023618,8.628556092324208,4.0995705850778315,3.683574879227053,13.862050456253355,5.213365539452496,23.403113258185723,0.2214170692431562
243,41.29092860976919,8.527911969940956,4.4820182501341925,3.5829307568438002,13.79495437466452,5.119431025228127,23.060923242082662,0.14090177133655393
244,41.67337627482555,8.514492753623188,4.468599033816425,3.5628019323671496,13.667471819645733,5.0993022007514766,22.873054213633925,0.14090177133655393
245,41.97530864197531,8.494363929146537,4.461889425657541,3.549382716049383,13.58695652173913,5.052334943639291,22.73886205045625,0.14090177133655393
246,42.24369296833065,8.36688137412775,4.394793344068707,3.515834675254965,13.526570048309178,5.038915727321524,22.77241009125067,0.14090177133655393
247,42.45840042941492,8.36688137412775,4.3545356951154055,3.515834675254965,13.459473966720344,4.978529253891573,22.725442834138487,0.14090177133655393
248,42.44498121309716,8.3467525496511,4.4820182501341925,3.4957058507783145,13.43263553408481,5.132850241545894,22.52415458937198,0.14090177133655393
249,42.69994632313473,8.32662372517445,4.468599033816425,3.4957058507783145,13.352120236178207,5.0993022007514766,22.416800858829845,0.14090177133655393
250,42.579173376274824,8.259527643585615,4.461889425657541,3.4957058507783145,13.56682769726248,5.025496511003757,22.470477724100913,0.14090177133655393
251,42.89452495974235,8.219269994632313,4.428341384863124,3.488996242619431,13.513150831991412,4.9651100375738055,22.34970477724101,0.14090177133655393
252,42.619431025228124,8.185721953837897,4.522275899087493,3.488996242619431,13.519860440150294,4.871175523349437,22.517444981213096,0.27509393451422437
253,43.022007514761135,8.111916264090176,4.468599033816425,3.421900161030596,13.439345142243694,4.871175523349437,22.396672034353195,0.2683843263553409
254,43.35077831454643,8.09849704777241,4.461889425657541,3.4017713365539453,13.47289318303811,4.85775630703167,22.088030059044552,0.2683843263553409
255,43.67283950617284,8.064949006977992,4.435050993022007,3.3950617283950617,13.331991411701557,4.810789049919484,22.020933977455716,0.2683843263553409
256,44.06199677938808,7.98443370907139,4.327697262479871,3.388352120236178,13.217928073000536,4.750402576489533,22.000805152979066,0.2683843263553409
257,44.12909286097692,7.937466451959206,4.320987654320987,3.3548040794417604,13.191089640365004,4.911433172302737,21.886741814278047,0.2683843263553409
258,44.24986580783682,7.937466451959206,4.320987654320987,3.3480944712828773,13.16425120772947,4.864465915190553,21.846484165324746,0.2683843263553409
259,44.57192699946323,7.924047235641439,4.314278046162104,3.321256038647343,13.103864734299517,4.8376274825550185,21.658615136876005,0.2683843263553409
260,43.69296833064949,7.9039184111647875,4.159957058507783,3.321256038647343,12.419484702093397,4.683306494900698,23.55072463768116,0.2683843263553409
261,43.874127750939344,7.823403113258186,4.03918411164788,3.388352120236178,12.305421363392378,4.85775630703167,23.443370907139023,0.2683843263553409
262,43.90096618357488,7.763016639828234,4.005636070853462,3.3816425120772946,12.224906065485776,4.85775630703167,23.597691894793343,0.2683843263553409
263,43.49838969404187,7.62211486849168,4.2203435319377345,3.180354267310789,12.204777241009126,5.642780461621041,23.362855609232422,0.2683843263553409
264,43.81374127750939,7.62211486849168,4.166666666666667,3.180354267310789,12.104133118625873,5.60252281266774,23.242082662372518,0.2683843263553409
265,44.20960815888352,7.494632313472893,4.139828234031133,3.0931293612453032,12.070585077831455,5.589103596349974,23.13472893183038,0.2683843263553409
266,44.578636607622116,7.467793880837359,4.139828234031133,3.046162104133119,12.010198604401502,5.522007514761138,22.966988727858293,0.2683843263553409
267,44.79334406870639,7.4208266237251745,4.200214707461084,3.0193236714975846,11.943102522812667,5.481749865807837,22.873054213633925,0.2683843263553409
268,45.01476113794954,7.4006977992485234,4.166666666666667,3.0059044551798175,11.90955448201825,5.448201825013419,22.785829307568438,0.2683843263553409
269,43.08239398819109,6.991411701556629,3.864734299516908,2.073268921095008,11.325818572195384,5.3274288781535155,27.073268921095007,0.2616747181964573
270,43.29039184111648,6.984702093397746,3.81105743424584,2.073268921095008,11.117820719269995,5.5689747718733225,26.89210950080515,0.2616747181964573
271,43.61916264090177,6.937734836285561,3.81105743424584,2.059849704777241,11.104401502952227,5.495169082125604,26.710950080515296,0.2616747181964573
272,43.23671497584541,6.91760601180891,3.643317230273752,2.059849704777241,11.037305421363392,5.394524959742351,27.449006977992486,0.2616747181964573
273,43.364197530864196,6.790123456790123,3.643317230273752,2.227589908749329,11.010466988727858,5.374396135265701,27.32823403113258,0.2616747181964573
274,43.53864734299517,6.790123456790123,3.643317230273752,2.522812667740204,10.997047772410092,5.347557702630167,26.898819108964037,0.2616747181964573
275,43.76006441223833,6.736446591519055,3.898282340311326,2.5161030595813205,10.896403650026839,5.320719269994632,26.610305958132045,0.2616747181964573
276,44.06199677938808,6.736446591519055,3.898282340311326,2.5161030595813205,10.809178743961352,5.267042404723564,26.44927536231884,0.2616747181964573
277,44.276704240472355,6.649221685453569,3.898282340311326,2.509393451422437,10.775630703166936,5.434782608695652,26.194310252281266,0.2616747181964573
278,44.545088566827694,6.615673644659152,3.864734299516908,2.6301663982823404,10.795759527643586,5.347557702630167,25.939345142243692,0.2616747181964573
279,44.46457326892109,6.602254428341385,3.824476650563607,2.6167471819645733,12.439613526570048,5.340848094471283,24.44981213097155,0.2616747181964573
