,45,50,55,51,53,54,56,52,57,58,59
0,100.0,,,,,,,,,,
1,96.80622651637144,3.193773483628556,,,,,,,,,
2,96.26945786366076,3.730542136339238,,,,,,,,,
3,88.25147611379495,11.748523886205046,,,,,,,,,
4,86.74181427804616,13.258185721953838,,,,,,,,,
5,86.68813741277509,13.311862587224907,,,,,,,,,
6,82.56172839506173,17.438271604938272,,,,,,,,,
7,79.9315619967794,19.77992485238862,0.2885131508319914,,,,,,,,
8,75.27509393451423,24.436392914653783,0.2885131508319914,,,,,,,,
9,73.51046698872786,26.20101986044015,0.2885131508319914,,,,,,,,
10,73.24208266237251,26.46940418679549,0.2885131508319914,,,,,,,,
11,73.1280193236715,26.583467525496513,0.2885131508319914,,,,,,,,
12,72.8797638217928,26.8317230273752,0.2885131508319914,,,,,,,,
13,72.22222222222223,27.489264626945786,0.2885131508319914,,,,,,,,
14,72.30273752012883,27.408749329039185,0.2885131508319914,,,,,,,,
15,58.84997316156736,40.51932367149758,0.2885131508319914,0.3421900161030596,,,,,,,
16,55.783682232957595,43.585614600107355,0.2885131508319914,0.3421900161030596,,,,,,,
17,54.1129898013956,43.49838969404187,0.03354804079441761,2.3550724637681157,,,,,,,
18,53.12667740203972,44.48470209339774,0.03354804079441761,2.3550724637681157,,,,,,,
19,51.15405260332797,46.101717659688674,0.11406333870101985,2.3550724637681157,0.27509393451422437,,,,,,
20,49.44981213097155,47.758990874932906,0.11406333870101985,2.3550724637681157,0.27509393451422437,0.04696725711218465,,,,,
21,46.43048845947396,50.64412238325282,0.24825550187869028,2.3550724637681157,0.27509393451422437,0.04696725711218465,,,,,
22,46.464036500268385,50.6105743424584,0.24825550187869028,2.3550724637681157,0.27509393451422437,0.04696725711218465,,,,,
23,46.256038647343,50.81857219538379,0.24825550187869028,2.2410091250670963,0.27509393451422437,0.04696725711218465,0.11406333870101985,,,,
24,46.202361782071925,50.26838432635534,0.6105743424584005,2.2410091250670963,0.5166398282340311,0.04696725711218465,0.11406333870101985,,,,
25,44.37063875469673,52.10010735373054,0.6105743424584005,2.2410091250670963,0.5166398282340311,0.04696725711218465,0.11406333870101985,,,,
26,44.31025228126678,52.11352657004831,0.6105743424584005,2.2410091250670963,0.5636070853462157,0.04696725711218465,0.11406333870101985,,,,
27,44.176060118089104,52.24771873322598,0.6105743424584005,2.2410091250670963,0.5636070853462157,0.04696725711218465,0.11406333870101985,,,,
28,44.256575415995705,52.04643048845947,0.7313472893183038,2.2410091250670963,0.5636070853462157,0.04696725711218465,0.11406333870101985,,,,
29,41.08964036500269,54.8443370907139,0.9728931830381106,2.2410091250670963,0.5636070853462157,0.17444981213097155,0.11406333870101985,,,,
30,39.761137949543745,56.17283950617284,0.9728931830381106,2.2410091250670963,0.5636070853462157,0.17444981213097155,0.11406333870101985,,,,
31,37.6610305958132,58.21256038647343,1.1137949543746646,2.214170692431562,0.5636070853462157,0.12077294685990338,0.11406333870101985,,,,
32,36.292270531400966,55.562265163714436,1.5633387010198605,5.783682232957595,0.5636070853462157,0.12077294685990338,0.11406333870101985,,,,
33,36.22517444981213,53.455448201825014,1.7713365539452497,3.2206119162640903,0.7514761137949544,0.12077294685990338,0.11406333870101985,4.341116478797638,,,
34,35.23215244229737,54.32098765432099,1.7713365539452497,3.2206119162640903,0.7514761137949544,0.24825550187869028,0.11406333870101985,4.341116478797638,,,
35,35.225442834138484,53.29441760601181,1.7713365539452497,3.2004830917874396,3.012614063338701,0.24825550187869028,0.11406333870101985,3.1333870101986045,,,
36,34.346484165324746,53.91170155662909,1.9457863660762211,3.2742887815351582,2.871712292002147,0.24825550187869028,0.11406333870101985,3.2877079978529253,,,
37,32.45437466451959,55.83735909822866,1.9457863660762211,3.2742887815351582,2.871712292002147,0.24825550187869028,0.11406333870101985,3.2541599570585076,,,
38,25.758185721953836,65.29790660225443,1.5230810520665594,3.0193236714975846,2.9589371980676327,0.12077294685990338,0.11406333870101985,1.2077294685990339,,,
39,25.95276435856146,64.90874932903918,1.7444981213097155,2.9924852388620504,2.9589371980676327,0.12077294685990338,0.11406333870101985,1.2077294685990339,,,
40,22.34970477724101,68.71980676328502,1.7847557702630166,2.9924852388620504,2.918679549114332,0.12077294685990338,0.11406333870101985,0.9997316156736447,,,
41,22.61808910359635,67.90123456790124,2.2410091250670963,2.9924852388620504,2.918679549114332,0.2147074610842727,0.11406333870101985,0.9997316156736447,,,
42,22.993827160493826,65.68035426731079,2.428878153515835,2.9924852388620504,4.428341384863124,0.36231884057971014,0.11406333870101985,0.9997316156736447,,,
43,22.765700483091788,65.03623188405797,2.677133655394525,2.9924852388620504,3.743961352657005,0.36231884057971014,0.11406333870101985,2.3081052066559313,,,
44,23.081052066559312,64.79468599033817,2.8113258185721954,2.9924852388620504,3.535963499731616,0.36231884057971014,0.11406333870101985,2.3081052066559313,,,
45,22.899892646269457,63.49302200751476,3.260869565217391,3.2541599570585076,4.005636070853462,0.6642512077294686,0.11406333870101985,2.3081052066559313,,,
46,23.1280193236715,62.74154589371981,3.3413848631239937,3.388352120236178,4.314278046162104,0.6642512077294686,0.11406333870101985,2.3081052066559313,,,
47,21.39694041867955,65.2308105206656,3.1736446591519054,3.126677402039721,4.314278046162104,0.33548040794417605,0.11406333870101985,2.3081052066559313,,,
48,20.30998389694042,60.05099302200752,3.1736446591519054,9.621578099838969,3.8177670424047236,0.6038647342995169,0.11406333870101985,2.3081052066559313,,,
49,20.37037037037037,59.916800858829845,3.1736446591519054,9.614868491680086,3.898282340311326,0.6038647342995169,0.11406333870101985,2.3081052066559313,,,
50,20.52469135802469,58.87010198604401,3.7037037037037037,8.796296296296296,5.0791733762748255,0.6038647342995169,0.11406333870101985,2.3081052066559313,,,
51,20.182501341921633,57.2061191626409,4.025764895330113,10.748792270531402,5.045625335480408,0.4830917874396135,,2.3081052066559313,,,
52,20.25630703166935,56.36070853462158,4.019055287171229,10.748792270531402,4.938271604938271,1.3687600644122384,,2.3081052066559313,,,
53,20.142243692968332,56.092324208266234,4.079441760601181,10.735373054213634,5.287171229200215,1.3687600644122384,,2.2946859903381642,,,
54,20.377079978529252,55.884326355340846,4.139828234031133,10.735373054213634,5.12614063338701,1.442565754159957,,2.2946859903381642,,,
55,19.994632313472895,54.50214707461084,4.17337627482555,12.25174449812131,5.367686527106817,1.415727321524423,,2.2946859903381642,,,
56,19.343800322061192,54.6430488459474,4.045893719806763,12.486580783682234,5.676328502415459,1.4559849704777241,0.06709608158883522,2.281266774020397,,,
57,19.30354267310789,53.777509393451425,4.1532474503489,12.097423510466989,5.770263016639828,1.4559849704777241,0.06709608158883522,3.374932903918411,,,
58,19.585346215780998,53.03945249597424,4.468599033816425,12.016908212560386,5.736714975845411,1.710950080515298,0.06709608158883522,3.374932903918411,,,
59,19.0552871712292,52.42216854535695,4.777241009125067,14.217659688674182,5.293880837359098,1.710950080515298,0.06709608158883522,2.4557165861513686,,,
60,19.122383252818036,51.45598497047772,4.85775630703167,14.217659688674182,4.985238862050457,1.5297906602254427,0.06709608158883522,3.7640901771336552,,,
61,19.343800322061192,51.2614063338701,4.851046698872786,14.217659688674182,4.985238862050457,1.5297906602254427,0.06709608158883522,3.743961352657005,,,
62,19.464573268921097,50.97289318303811,5.159688674181428,13.976113794954374,4.985238862050457,1.5297906602254427,0.18115942028985507,3.730542136339238,,,
63,19.80005367686527,50.878958668813745,5.032206119162641,13.915727321524423,4.9718196457326895,1.4895330112721417,0.18115942028985507,3.730542136339238,,,
64,20.068438003220614,50.66425120772947,5.186527106816962,13.66076221148685,4.944981213097155,1.4895330112721417,0.18115942028985507,3.7238325281803544,0.08051529790660225,,
65,17.995169082125603,55.193236714975846,4.367954911433173,12.04374664519592,4.871175523349437,1.5499194847020934,0.2952227589908749,3.603059581320451,0.08051529790660225,,
66,18.21658615136876,54.95840042941492,4.502147074610843,11.990069779924852,4.871175523349437,1.5365002683843263,0.2952227589908749,3.549382716049383,0.08051529790660225,,
67,17.09608158883521,55.03891572732152,4.770531400966184,13.24476650563607,4.696725711218465,1.442565754159957,0.2952227589908749,3.33467525496511,0.08051529790660225,,
68,17.176596886741816,54.549114331723025,5.025496511003757,13.419216317767042,4.676596886741814,1.442565754159957,0.2952227589908749,3.33467525496511,0.08051529790660225,,
69,17.357756307031668,54.468599033816425,5.025496511003757,13.399087493290391,4.676596886741814,1.442565754159957,0.2952227589908749,3.2541599570585076,0.08051529790660225,,
70,17.599302200751477,54.40150295222759,5.005367686527107,13.271604938271604,4.663177670424047,1.42914653784219,0.2952227589908749,3.2541599570585076,0.08051529790660225,,
71,17.290660225442835,53.31454643048846,5.2066559312936125,13.18438003220612,4.62962962962963,1.7713365539452497,0.2885131508319914,4.233762748255502,0.08051529790660225,,
72,17.357756307031668,53.247450348899626,5.2066559312936125,13.18438003220612,4.62962962962963,1.7713365539452497,0.2885131508319914,4.233762748255502,0.08051529790660225,,
73,17.384594739667204,52.905260332796566,5.414653784219001,13.170960815888352,4.62962962962963,1.892109500805153,0.2885131508319914,4.233762748255502,0.08051529790660225,,
74,16.968599033816425,51.16076221148685,5.595813204508857,12.318840579710145,7.360440150295223,2.0665593129361244,0.18115942028985507,4.26731078904992,0.08051529790660225,,
75,17.136339237788512,50.68438003220612,5.917874396135265,12.238325281803542,7.360440150295223,2.0665593129361244,0.24825550187869028,4.26731078904992,0.08051529790660225,,
76,17.317498658078367,50.64412238325282,5.857487922705314,12.224906065485776,7.313472893183038,2.046430488459474,0.24825550187869028,4.26731078904992,0.08051529790660225,,
77,17.371175523349436,50.4898013955985,5.857487922705314,12.439613526570048,7.286634460547504,2.033011272141707,0.24825550187869028,4.193505099302201,0.08051529790660225,,
78,12.68786902844874,47.24906065485776,4.032474503488996,26.912238325281802,3.3682232957595275,1.6438539989264627,0.24825550187869028,3.8580246913580245,,,
79,12.835480407944177,46.96054750402576,4.247181964573269,26.85185185185185,3.3548040794417604,1.6438539989264627,0.24825550187869028,3.8580246913580245,,,
80,12.835480407944177,46.63848631239936,4.435050993022007,26.596886741814277,3.3145464304884595,2.1068169618894257,0.24825550187869028,3.824476650563607,,,
81,10.554213633923778,42.78046162104133,4.079441760601181,35.34621578099839,2.576489533011272,1.5901771336553945,0.5568974771873323,2.5161030595813205,,,
82,10.44015029522276,36.741814278046164,4.032474503488996,41.619699409554485,2.576489533011272,1.5432098765432098,0.5568974771873323,2.4892646269457863,,,
83,10.44015029522276,36.36607622114869,4.166666666666667,41.706924315619965,2.576489533011272,1.4962426194310252,0.7581857219538379,2.4892646269457863,,,
84,10.554213633923778,36.111111111111114,4.367954911433173,41.54589371980676,2.5697799248523885,1.4962426194310252,0.8655394524959742,2.4892646269457863,,,
85,10.68840579710145,35.950080515297905,4.367954911433173,41.626409017713364,2.5697799248523885,1.4761137949543746,0.8319914117015567,2.4892646269457863,,,
86,11.044015029522276,35.69511540526033,4.367954911433173,41.52576489533011,2.5697799248523885,1.4761137949543746,0.8319914117015567,2.4892646269457863,,,
87,11.151368760064413,35.66156736446592,4.361245303274289,41.47208803005905,2.5563607085346214,1.4761137949543746,0.8319914117015567,2.4892646269457863,,,
88,11.305689747718732,35.59447128287708,4.361245303274289,41.38486312399356,2.5563607085346214,1.4761137949543746,0.8319914117015567,2.4892646269457863,,,
89,10.453569511540525,33.3064949006978,4.388083735909823,44.36392914653784,2.8784219001610305,1.288244766505636,0.8319914117015567,2.4892646269457863,,,
90,10.379763821792807,32.776435856146,5.065754159957058,44.20289855072464,2.8784219001610305,1.288244766505636,0.9728931830381106,2.4355877616747184,,,
91,10.446859903381643,31.260064412238325,5.159688674181428,39.80810520665593,2.6972624798711755,1.415727321524423,0.9728931830381106,8.239398819108963,,,
92,10.25228126677402,30.173107890499196,5.052334943639291,39.65378421900161,4.200214707461084,1.3687600644122384,1.0601180891035964,8.239398819108963,,,
93,10.44015029522276,29.770531400966185,5.132850241545894,39.60681696188943,4.200214707461084,1.3687600644122384,1.0601180891035964,8.21256038647343,0.20799785292538917,,
94,10.68840579710145,29.66988727858293,5.132850241545894,39.48604401502952,4.200214707461084,1.3687600644122384,1.0601180891035964,8.185721953837897,0.20799785292538917,,
95,10.88298443370907,29.448470209339774,5.508588298443371,39.029790660225444,4.200214707461084,1.3687600644122384,1.2815351583467525,8.071658615136876,0.20799785292538917,,
96,10.970209339774557,29.240472356414386,5.508588298443371,38.30515297906602,4.253891572732153,1.328502415458937,1.2815351583467525,8.903650026838433,0.20799785292538917,,
97,11.07085346215781,29.240472356414386,5.475040257648954,37.486580783682236,4.253891572732153,2.1739130434782608,1.2815351583467525,8.809715512614064,0.20799785292538917,,
98,10.59447128287708,24.329039184111647,5.481749865807837,45.49785292538916,2.7509393451422435,1.865271068169619,1.4559849704777241,7.816693505099302,0.20799785292538917,,
99,10.25228126677402,24.422973698336016,5.595813204508857,41.680085882984436,6.568706387546968,1.8585614600107354,1.4559849704777241,7.957595276435856,0.20799785292538917,,
100,10.63472893183038,24.396135265700483,5.5689747718733225,41.38486312399356,6.541867954911433,1.8585614600107354,1.4559849704777241,7.950885668276973,0.20799785292538917,,
101,10.742082662372518,24.27536231884058,5.649490069779925,41.36473429951691,6.535158346752549,1.8585614600107354,1.4559849704777241,7.9106280193236715,0.20799785292538917,,
102,10.950080515297907,24.248523886205046,5.649490069779925,41.21041331186259,6.535158346752549,1.8585614600107354,1.4559849704777241,7.883789586688137,0.20799785292538917,,
103,11.104401502952227,23.980139559849704,5.703166935050993,40.88835212023618,6.454643048845948,2.120236178207193,1.7981749865807837,7.776435856146001,0.17444981213097155,,
104,11.366076221148685,23.866076221148685,5.770263016639828,40.687063875469676,6.454643048845948,2.120236178207193,1.7981749865807837,7.769726247987117,0.16774020397208803,,
105,11.460010735373054,23.62453032742888,6.052066559312936,40.29790660225443,6.407675791733762,2.120236178207193,2.1135265700483092,7.75630703166935,0.16774020397208803,,
106,11.735104669887278,23.49704777241009,6.045356951154052,40.23081052066559,6.380837359098229,2.100107353730542,2.1135265700483092,7.729468599033816,0.16774020397208803,,
107,11.976650563607086,23.409822866344605,6.031937734836285,40.17042404723564,6.280193236714976,2.086688137412775,2.1135265700483092,7.675791733762749,0.2549651100375738,,
108,11.949812130971551,23.382984433709073,6.877348362855609,39.432367149758456,6.280193236714976,2.073268921095008,2.0933977455716586,7.6556629092860975,0.2549651100375738,,
109,11.969940955448202,23.1280193236715,7.112184648416532,39.38539989264627,6.179549114331723,2.2208803005904456,2.0933977455716586,7.6556629092860975,0.2549651100375738,,
110,11.936392914653783,22.65163714439077,7.098765432098766,39.371980676328505,6.649221685453569,2.2208803005904456,2.0933977455716586,7.722758990874933,0.2549651100375738,,
111,11.486849168008588,20.457595276435857,5.3274288781535155,44.578636607622116,6.615673644659152,2.1135265700483092,2.046430488459474,7.118894256575416,0.2549651100375738,,
112,11.761943102522812,20.457595276435857,5.300590445517981,44.37734836285561,6.515029522275899,2.086688137412775,2.15378421900161,7.092055823939882,0.2549651100375738,,
113,11.708266237251744,20.276435856146,5.300590445517981,44.26328502415459,6.78341384863124,2.086688137412775,2.281266774020397,7.0450885668276975,0.2549651100375738,,
114,11.064143853998926,18.377616747181964,5.293880837359098,43.96135265700483,6.052066559312936,2.254428341384863,2.3483628556092326,10.393183038110575,0.2549651100375738,,
115,10.359634997316157,19.538378958668815,5.139559849704777,43.78019323671498,6.025228126677402,2.187332259796028,2.3349436392914655,10.379763821792807,0.2549651100375738,,
116,10.426731078904991,19.330381105743424,5.481749865807837,43.72651637144391,5.891035963499732,2.187332259796028,2.3349436392914655,10.245571658615138,0.3757380568974772,,
117,10.527375201288244,19.0552871712292,5.622651637144391,43.72651637144391,5.891035963499732,2.187332259796028,2.4355877616747184,10.178475577026301,0.3757380568974772,,
118,10.829307568438002,19.02173913043478,5.555555555555555,43.525228126677405,5.891035963499732,2.187332259796028,2.395330112721417,10.218733225979603,0.3757380568974772,,
119,10.923242082662373,19.02173913043478,5.555555555555555,43.43129361245303,5.891035963499732,2.187332259796028,2.395330112721417,10.158346752549651,0.43612453032742887,,
120,10.815888352120236,17.726784755770264,5.381105743424584,43.08910359634997,5.891035963499732,4.106280193236715,2.395330112721417,10.158346752549651,0.43612453032742887,,
121,11.010466988727858,17.67981749865808,5.381105743424584,42.99516908212561,5.877616747181965,4.106280193236715,2.395330112721417,10.11808910359635,0.43612453032742887,,
122,10.990338164251208,17.57246376811594,5.669618894256575,42.981749865807835,5.877616747181965,3.9586688137412773,2.395330112721417,10.11808910359635,0.43612453032742887,,
123,11.09098228663446,16.935050993022006,5.495169082125604,42.1430488459474,7.5348899624261945,3.9586688137412773,2.301395598497048,10.104669887278583,0.43612453032742887,,
124,10.983628556092324,15.814546430488459,5.488459473966721,41.686795491143315,7.514761137949543,5.3341384863123995,2.6502952227589907,10.091250670960816,0.43612453032742887,,
125,11.137949543746645,15.713902308105206,5.4549114331723025,41.41170155662909,7.514761137949543,5.3341384863123995,2.7241009125067097,10.272410091250672,0.43612453032742887,,
126,11.460010735373054,15.385131508319914,5.5756843800322065,41.1231884057971,7.48792270531401,5.609232420826624,2.7241009125067097,10.21202361782072,0.4227053140096618,,
127,11.453301127214171,15.210681696188942,5.555555555555555,41.00912506709608,7.48792270531401,6.025228126677402,2.7241009125067097,10.111379495437467,0.4227053140096618,,
128,11.808910359634996,15.13016639828234,5.515297906602254,40.425389157273216,7.474503488996243,5.998389694041868,3.126677402039721,10.0979602791197,0.4227053140096618,,
129,11.822329575952764,15.096618357487923,5.488459473966721,40.304616210413315,7.615405260332796,5.958132045088567,3.227321524422974,9.990606548577563,0.49651100375738055,,
130,11.79549114331723,15.083199141170155,5.669618894256575,38.12399355877617,7.75630703166935,5.9514224369296835,3.193773483628556,12.00348899624262,0.4227053140096618,,
131,11.90955448201825,15.083199141170155,5.669618894256575,38.00993022007515,7.7898550724637685,5.9514224369296835,3.193773483628556,11.969940955448202,0.4227053140096618,,
132,12.332259796027913,15.083199141170155,5.656199677938808,37.88244766505636,7.675791733762749,5.870907139023081,3.193773483628556,11.882716049382717,0.4227053140096618,,
133,12.5,15.056360708534621,5.629361245303274,37.80864197530864,7.675791733762749,5.877616747181965,3.180354267310789,11.849168008588299,0.4227053140096618,,
134,12.620772946859903,15.069779924852389,5.629361245303274,37.64761137949544,7.675791733762749,5.844068706387547,3.260869565217391,11.829039184111648,0.4227053140096618,,
135,12.97638217928073,15.049651100375739,5.629361245303274,37.486580783682236,7.6623725174449815,5.844068706387547,3.2474503488996245,11.681427804616211,0.4227053140096618,,
136,12.47987117552335,12.177938808373591,4.64975845410628,37.124261943102525,7.575147611379496,5.750134192163178,3.227321524422974,16.700214707461082,0.3153515834675255,,
137,12.573805689747719,12.077294685990339,4.622920021470746,37.1309715512614,7.575147611379496,5.750134192163178,3.2877079978529253,16.666666666666668,0.3153515834675255,,
138,12.741545893719806,11.83574879227053,4.736983360171766,37.21819645732689,7.521470746108427,6.702898550724638,3.2541599570585076,15.673644659151906,0.3153515834675255,,
139,12.815351583467525,11.822329575952764,4.7101449275362315,37.21148684916801,7.50805152979066,6.689479334406871,3.2541599570585076,15.673644659151906,0.3153515834675255,,
140,12.593934514224369,11.714975845410628,4.7101449275362315,34.957058507783145,7.481213097155126,6.568706387546968,3.066290928609769,18.592324208266238,0.3153515834675255,,
141,12.620772946859903,11.768652710681696,4.690016103059581,34.77589908749329,7.682501341921632,6.568706387546968,3.0595813204508855,18.183038110574344,0.6508319914117016,,
142,11.58749329039184,9.77589908749329,4.072732152442297,39.82823403113258,7.246376811594203,5.790391841116479,2.965646806226516,18.015297906602253,0.7179280730005367,,
143,11.574074074074074,9.433709071390231,4.139828234031133,39.492753623188406,7.843531937734836,5.790391841116479,3.046162104133119,17.961621041331185,0.7179280730005367,,
144,11.79549114331723,9.145195920558239,4.294149221685454,39.19753086419753,7.937466451959206,6.125872249060655,2.985775630703167,17.814009661835748,0.7045088566827697,,
145,11.969940955448202,9.118357487922705,4.414922168545357,38.99624261943102,7.555018786902845,6.541867954911433,2.9790660225442833,17.652979066022546,0.6843800322061192,0.08722490606548577,
146,12.06387546967257,9.118357487922705,4.408212560386473,38.909017713365536,7.50805152979066,6.407675791733762,3.026033279656468,17.652979066022546,0.8185721953837896,0.08722490606548577,
147,12.164519592055823,8.984165324745035,4.549114331723027,38.888888888888886,7.387278582930757,6.340579710144928,3.207192699946323,17.431561996779386,0.8923778851315083,0.08722490606548577,0.06709608158883522
148,12.258454106280194,8.890230810520666,4.508856682769726,38.7614063338701,7.588566827697263,6.333870101986044,3.207192699946323,17.404723564143854,0.8923778851315083,0.08722490606548577,0.06709608158883522
149,12.204777241009126,8.964036500268385,4.575952764358561,38.67418142780462,7.588566827697263,6.333870101986044,3.207192699946323,17.404723564143854,0.8923778851315083,0.08722490606548577,0.06709608158883522
150,12.332259796027913,8.964036500268385,4.575952764358561,38.47289318303811,7.568438003220612,6.333870101986044,3.3145464304884595,17.391304347826086,0.8923778851315083,0.08722490606548577,0.06709608158883522
151,12.359098228663447,8.883521202361782,4.643048845947397,38.45276435856146,7.561728395061729,6.300322061191626,3.3816425120772946,17.371175523349436,0.8923778851315083,0.08722490606548577,0.06709608158883522
152,12.466451959205582,8.870101986044014,4.528985507246377,38.217928073000536,7.830112721417069,6.300322061191626,3.388352120236178,17.351046698872786,0.8923778851315083,0.08722490606548577,0.06709608158883522
153,11.379495437466453,8.702361782071927,4.582662372517445,40.90177133655394,7.6623725174449815,5.622651637144391,2.757648953301127,17.344337090713903,0.8923778851315083,0.08722490606548577,0.06709608158883522
154,11.010466988727858,8.011272141706923,3.9586688137412773,39.85507246376812,7.5348899624261945,8.742619431025227,2.4691358024691357,17.398013955984972,0.8655394524959742,0.08722490606548577,0.06709608158883522
155,11.137949543746645,7.924047235641439,4.146537842190016,39.761137949543745,7.4006977992485234,8.742619431025227,2.4691358024691357,17.398013955984972,0.8655394524959742,0.08722490606548577,0.06709608158883522
156,11.231884057971014,7.9106280193236715,4.146537842190016,39.72758990874933,7.387278582930757,8.742619431025227,2.4691358024691357,17.257112184648417,0.9728931830381106,0.08722490606548577,0.06709608158883522
157,11.366076221148685,7.883789586688137,4.247181964573269,38.54669887278583,7.065217391304348,10.044283413848632,2.563070316693505,17.24369296833065,0.9728931830381106,,0.06709608158883522
158,11.473429951690822,7.87037037037037,4.361245303274289,38.25147611379496,7.065217391304348,10.178475577026301,2.563070316693505,17.23027375201288,0.9393451422436929,,0.06709608158883522
159,11.614331723027375,7.729468599033816,4.3478260869565215,38.1508319914117,7.065217391304348,10.144927536231885,2.5496511003757383,17.391304347826086,0.9393451422436929,,0.06709608158883522
160,11.674718196457327,7.722758990874933,4.3478260869565215,38.097155126140635,7.065217391304348,10.144927536231885,2.5496511003757383,17.391304347826086,0.9393451422436929,,0.06709608158883522
161,11.963231347289318,7.541599570585078,4.186795491143317,37.956253354804076,7.575147611379496,10.037573805689748,2.5966183574879227,17.143048845947398,0.9326355340848095,,0.06709608158883522
162,12.04374664519592,7.541599570585078,4.186795491143317,37.64761137949544,7.575147611379496,10.138217928073,2.885131508319914,16.854535695115406,1.0601180891035964,,0.06709608158883522
163,12.204777241009126,7.501341921631776,4.133118625872249,37.34567901234568,7.836822329575953,9.936929683306495,3.079710144927536,16.834406870638755,1.0601180891035964,,0.06709608158883522
164,12.285292538915728,7.494632313472893,4.133118625872249,37.33225979602791,7.796564680622652,9.930220075147611,3.079710144927536,16.820987654320987,1.0601180891035964,,0.06709608158883522
165,12.466451959205582,7.494632313472893,4.133118625872249,37.21148684916801,7.796564680622652,9.930220075147611,3.046162104133119,16.794149221685455,1.0601180891035964,,0.06709608158883522
166,12.600644122383253,7.427536231884058,4.1129898013955986,37.03703703703704,7.856951154052603,9.923510466988727,3.126677402039721,16.794149221685455,1.0534084809447128,,0.06709608158883522
167,12.721417069243156,7.4141170155662905,4.072732152442297,36.560654857756305,7.749597423510467,10.373054213633925,3.207192699946323,16.6935050993022,1.1406333870101986,,0.06709608158883522
168,12.889157273215245,7.407407407407407,4.750402576489533,35.68169618894257,7.742887815351583,10.373054213633925,3.33467525496511,16.6129898013956,1.1406333870101986,,0.06709608158883522
169,12.902576489533011,7.39398819108964,5.542136339237788,35.14492753623188,7.709339774557166,10.36634460547504,3.2206119162640903,16.512345679012345,1.1406333870101986,,0.06709608158883522
170,13.170960815888352,7.360440150295223,5.508588298443371,35.037573805689746,7.682501341921632,10.446859903381643,3.2004830917874396,16.384863123993558,1.1406333870101986,,0.06709608158883522
171,13.318572195383789,7.320182501341922,5.314009661835748,34.936929683306495,7.682501341921632,10.654857756307031,3.2004830917874396,16.364734299516908,1.1406333870101986,,0.06709608158883522
172,13.385668276972625,7.320182501341922,5.515297906602254,34.46054750402576,7.937466451959206,10.903113258185721,3.2004830917874396,16.069511540526033,1.1406333870101986,,0.06709608158883522
173,13.506441223832528,7.2933440687063875,5.515297906602254,34.252549651100374,7.924047235641439,10.84272678475577,3.388352120236178,16.069511540526033,1.1406333870101986,,0.06709608158883522
174,13.647342995169081,7.266505636070853,5.555555555555555,34.21229200214707,7.897208803005904,10.84272678475577,3.3816425120772946,15.98899624261943,1.1406333870101986,,0.06709608158883522
175,13.922436929683306,7.239667203435319,5.535426731078905,33.93719806763285,7.7898550724637685,10.789049919484702,3.643317230273752,15.935319377348362,1.1406333870101986,,0.06709608158883522
176,13.942565754159958,7.125603864734299,5.776972624798712,33.80971551261406,7.776435856146001,10.755501878690284,3.717122920021471,15.888352120236178,1.1406333870101986,,0.06709608158883522
177,14.04320987654321,7.125603864734299,5.776972624798712,33.74932903918411,7.749597423510467,10.701825013419215,3.6902844873859366,15.868223295759528,1.2345679012345678,,0.06038647342995169
178,14.150563607085346,7.118894256575416,5.763553408480945,33.68894256575416,7.742887815351583,10.701825013419215,3.670155662909286,15.868223295759528,1.2345679012345678,,0.06038647342995169
179,14.533011272141707,7.105475040257649,5.676328502415459,33.51449275362319,7.722758990874933,10.829307568438002,3.5762211486849167,15.747450348899624,1.2345679012345678,,0.06038647342995169
180,14.680622651637144,7.105475040257649,5.676328502415459,33.44068706387547,7.702630166398282,10.802469135802468,3.770799785292539,15.539452495974235,1.221148684916801,,0.06038647342995169
181,14.895330112721417,7.105475040257649,5.676328502415459,33.299785292538914,7.669082125603865,10.768921095008052,3.770799785292539,15.539452495974235,1.2144390767579174,,0.06038647342995169
182,15.136876006441224,7.03166935050993,5.676328502415459,33.20585077831455,7.648953301127214,10.742082662372518,3.81105743424584,15.4723564143854,1.2144390767579174,,0.06038647342995169
183,15.304616210413311,7.03166935050993,6.025228126677402,32.628824476650564,7.648953301127214,10.587761674718196,4.119699409554482,15.378421900161031,1.2144390767579174,,0.06038647342995169
184,15.45222758990875,7.03166935050993,6.025228126677402,32.60198604401503,7.635534084809447,10.57434245840043,4.119699409554482,15.28448738593666,1.2144390767579174,,0.06038647342995169
185,15.499194847020934,7.03166935050993,5.897745571658615,32.56172839506173,7.7831454643048845,10.560923242082662,4.119699409554482,15.271068169618895,1.2144390767579174,,0.06038647342995169
186,15.539452495974235,7.206119162640902,5.904455179817498,32.43424584004294,7.7831454643048845,10.601180891035963,4.2270531400966185,15.029522275899087,1.2144390767579174,,0.06038647342995169
187,15.579710144927537,7.199409554482019,6.045356951154052,32.30005367686527,7.776435856146001,10.601180891035963,4.213633923778851,15.009393451422437,1.2144390767579174,,0.06038647342995169
188,15.646806226516372,7.199409554482019,5.998389694041868,32.19940955448202,7.776435856146001,10.59447128287708,4.300858829844337,15.009393451422437,1.2144390767579174,,0.06038647342995169
189,15.60654857756307,7.085346215780999,5.9514224369296835,32.14573268921095,7.776435856146001,10.72866344605475,4.790660225442834,14.640365002683843,1.2144390767579174,,0.06038647342995169
190,15.747450348899624,6.904186795491143,6.166129898013956,32.085346215781,7.749597423510467,10.628019323671497,4.777241009125067,14.673913043478262,1.2077294685990339,,0.06038647342995169
191,15.921900161030596,6.863929146537842,6.367418142780462,31.924315619967793,7.716049382716049,10.601180891035963,4.7638217928073,14.61352657004831,1.1674718196457328,,0.06038647342995169
192,15.92860976918948,6.863929146537842,6.367418142780462,31.662640901771336,7.716049382716049,10.601180891035963,5.052334943639291,14.579978529253891,1.1674718196457328,,0.06038647342995169
193,16.25067096081589,6.6760601180891035,6.367418142780462,31.729736983360173,7.702630166398282,10.601180891035963,4.87788513150832,14.566559312936125,1.1674718196457328,,0.06038647342995169
194,16.57944176060118,6.649221685453569,6.454643048845948,31.5150295222759,7.675791733762749,10.601180891035963,4.783950617283951,14.512882447665056,1.1674718196457328,,0.06038647342995169
195,16.76731078904992,6.588835212023618,6.655931293612453,31.40096618357488,7.64224369296833,10.50053676865271,4.723564143853999,14.378690284487385,1.2815351583467525,,0.06038647342995169
196,16.847826086956523,6.5552871712292005,7.199409554482019,31.159420289855074,7.64224369296833,10.466988727858293,4.616210413311863,14.170692431561998,1.2815351583467525,,0.06038647342995169
197,16.941760601180892,6.515029522275899,7.501341921631776,30.991680085882983,8.038110574342458,10.218733225979603,4.703435319377348,13.915727321524423,1.1473429951690821,,0.026838432635534086
198,16.80756843800322,6.494900697799249,7.501341921631776,28.10654857756307,8.011272141706923,10.124798711755233,4.723564143853999,17.05582393988191,1.1473429951690821,,0.026838432635534086
199,16.243961352657006,6.454643048845948,6.790123456790123,32.56843800322061,8.172302737520129,9.903381642512077,4.314278046162104,14.257917337627482,1.2681159420289856,,0.026838432635534086
200,16.411701556629094,6.454643048845948,6.790123456790123,32.52818035426731,8.172302737520129,9.856414385399892,4.314278046162104,14.17740203972088,1.2681159420289856,,0.026838432635534086
201,16.666666666666668,6.427804616210413,6.843800322061192,32.46779388083736,8.07836822329576,9.742351046698873,4.314278046162104,14.103596349973161,1.328502415458937,,0.026838432635534086
202,16.7337627482555,6.367418142780462,6.830381105743425,32.49463231347289,8.07836822329576,9.708803005904455,4.461889425657541,13.969404186795492,1.328502415458937,,0.026838432635534086
203,16.935050993022006,6.353998926462695,6.830381105743425,32.43424584004294,7.971014492753623,9.494095544820183,4.428341384863124,13.955984970477724,1.328502415458937,0.24154589371980675,0.026838432635534086
204,17.008856682769725,6.353998926462695,6.816961889425658,32.41411701556629,7.957595276435856,9.473966720343531,4.428341384863124,13.94927536231884,1.328502415458937,0.24154589371980675,0.026838432635534086
205,17.09608158883521,6.347289318303811,6.816961889425658,32.39398819108964,7.937466451959206,9.46725711218465,4.40150295222759,13.942565754159958,1.328502415458937,0.24154589371980675,0.026838432635534086
206,17.418142780461622,6.347289318303811,6.8035426731078905,32.09205582393988,7.897208803005904,9.433709071390231,4.51556629092861,13.895598497047773,1.328502415458937,0.24154589371980675,0.026838432635534086
207,17.351046698872786,6.280193236714976,6.756575415995706,31.91760601180891,8.165593129361245,9.742351046698873,4.367954911433173,13.821792807300053,1.328502415458937,0.24154589371980675,0.026838432635534086
208,17.444981213097154,6.266774020397209,6.756575415995706,31.635802469135804,8.165593129361245,9.742351046698873,4.569243156199678,13.821792807300053,1.328502415458937,0.24154589371980675,0.026838432635534086
209,17.58588298443371,6.219806763285024,6.749865807836822,31.61567364465915,8.199141170155663,9.66183574879227,4.569243156199678,13.801663982823403,1.328502415458937,0.24154589371980675,0.026838432635534086
210,17.793880837359097,6.1929683306494905,6.743156199677939,31.50161030595813,8.172302737520129,9.648416532474503,4.569243156199678,13.781535158346752,1.328502415458937,0.24154589371980675,0.026838432635534086
211,17.827428878153516,6.1929683306494905,6.776704240472356,31.447933440687063,8.11862587224906,9.98389694041868,4.367954911433173,13.70101986044015,1.328502415458937,0.2281266774020397,0.026838432635534086
212,17.901234567901234,6.1929683306494905,6.756575415995706,29.294149221685455,10.38647342995169,9.822866344605474,4.367954911433173,13.560118089103597,1.3217928073000538,0.36902844873859364,0.026838432635534086
213,17.975040257648953,6.105743424584004,6.629092860976919,29.25389157273215,10.359634997316157,10.104669887278583,4.367954911433173,13.486312399355878,1.3217928073000538,0.36902844873859364,0.026838432635534086
214,17.914653784219002,6.105743424584004,6.629092860976919,29.166666666666668,10.359634997316157,9.98389694041868,4.636339237788513,13.486312399355878,1.3217928073000538,0.36902844873859364,0.026838432635534086
215,18.015297906602253,6.105743424584004,6.582125603864735,29.09286097691895,10.426731078904991,9.970477724100913,4.602791196994096,13.486312399355878,1.3217928073000538,0.36902844873859364,0.026838432635534086
216,18.08239398819109,6.085614600107354,6.5552871712292005,28.99892646269458,10.426731078904991,10.104669887278583,4.5960815888352125,13.43263553408481,1.3217928073000538,0.36902844873859364,0.026838432635534086
217,18.243424584004295,6.085614600107354,6.655931293612453,28.824476650563607,10.379763821792807,10.104669887278583,4.582662372517445,13.405797101449275,1.3217928073000538,0.36902844873859364,0.026838432635534086
218,18.344068706387546,6.085614600107354,6.649221685453569,28.79092860976919,10.332796564680622,10.131508319914117,4.582662372517445,13.385668276972625,1.3016639828234031,0.36902844873859364,0.026838432635534086
219,18.4447128287708,6.025228126677402,6.743156199677939,28.6231884057971,10.332796564680622,10.326086956521738,4.53569511540526,13.271604938271604,1.3016639828234031,0.36902844873859364,0.026838432635534086
220,18.552066559312937,6.025228126677402,6.743156199677939,28.529253891572733,10.406602254428341,10.319377348362856,4.461889425657541,13.264895330112722,1.3016639828234031,0.36902844873859364,0.026838432635534086
221,18.646001073537306,6.025228126677402,6.830381105743425,28.408480944712828,10.38647342995169,10.319377348362856,4.428341384863124,13.264895330112722,1.2949543746645196,0.36902844873859364,0.026838432635534086
222,18.659420289855074,6.025228126677402,6.810252281266774,28.341384863123995,10.668276972624799,10.124798711755233,4.428341384863124,13.251476113794954,1.2949543746645196,0.36902844873859364,0.026838432635534086
223,18.739935587761675,5.857487922705314,6.709608158883521,28.073000536768653,10.762211486849168,10.393183038110575,4.428341384863124,13.211218464841654,1.2949543746645196,0.5032206119162641,0.026838432635534086
224,18.53864734299517,5.421363392377885,6.857219538378959,28.891572732152444,10.466988727858293,10.279119699409554,4.522275899087493,13.197799248523886,1.2949543746645196,0.5032206119162641,0.026838432635534086
225,18.491680085882983,5.542136339237788,6.857219538378959,28.844605475040257,10.466988727858293,10.279119699409554,4.522275899087493,13.170960815888352,1.2949543746645196,0.5032206119162641,0.026838432635534086
226,18.42458400429415,5.4549114331723025,6.9310252281266775,28.535963499731615,10.44015029522276,10.165056360708535,5.260332796564681,12.962962962962964,1.2949543746645196,0.5032206119162641,0.026838432635534086
227,18.592324208266238,5.4549114331723025,6.910896403650026,28.495705850778315,10.406602254428341,10.131508319914117,5.260332796564681,12.93612453032743,1.2815351583467525,0.5032206119162641,0.026838432635534086
228,18.5654857756307,5.421363392377885,7.440955448201825,28.327965646806227,10.487117552334944,10.111379495437467,5.193236714975845,12.607353730542137,1.3150831991411702,0.5032206119162641,0.026838432635534086
229,18.666129898013956,5.414653784219001,7.5348899624261945,28.113258185721953,10.487117552334944,10.272410091250672,5.059044551798175,12.607353730542137,1.3150831991411702,0.5032206119162641,0.026838432635534086
230,18.760064412238325,5.414653784219001,7.5281803542673105,28.10654857756307,10.473698336017177,10.265700483091788,5.059044551798175,12.546967257112184,1.3150831991411702,0.5032206119162641,0.026838432635534086
231,19.03515834675255,5.414653784219001,7.628824476650563,27.83816425120773,10.628019323671497,10.23215244229737,4.87788513150832,12.5,1.3150831991411702,0.5032206119162641,0.026838432635534086
232,19.135802469135804,5.414653784219001,7.615405260332796,27.76435856146001,10.628019323671497,10.23215244229737,4.87788513150832,12.486580783682234,1.3150831991411702,0.5032206119162641,0.026838432635534086
233,19.316961889425656,5.414653784219001,7.595276435856146,27.70397208803006,10.587761674718196,10.21202361782072,4.898013955984971,12.426194310252281,1.3150831991411702,0.5032206119162641,0.026838432635534086
234,19.45115405260333,5.414653784219001,7.890499194847021,27.47584541062802,10.641438539989265,10.064412238325282,4.790660225442834,12.426194310252281,1.3150831991411702,0.5032206119162641,0.026838432635534086
235,19.49812130971551,5.414653784219001,8.152173913043478,27.395330112721417,10.601180891035963,10.064412238325282,4.783950617283951,12.258454106280194,1.3016639828234031,0.5032206119162641,0.026838432635534086
236,19.82018250134192,5.387815351583468,8.05823939881911,27.214170692431562,10.68840579710145,10.017444981213098,4.723564143853999,12.258454106280194,1.3016639828234031,0.5032206119162641,0.026838432635534086
