,45,50,51,56,55,53,54,57,52,59,60,58,61
0,88.3185721953838,11.681427804616211,,,,,,,,,,,
1,82.31347289318303,17.68652710681696,,,,,,,,,,,
2,79.91814278046162,10.889694041867955,9.131776704240472,0.06038647342995169,,,,,,,,,
3,70.46430488459474,20.30998389694042,9.118357487922705,0.06038647342995169,0.04696725711218465,,,,,,,,
4,68.26355340848094,22.510735373054214,9.091519055287172,0.08722490606548577,0.04696725711218465,,,,,,,,
5,67.41143317230274,20.967525496511005,7.286634460547504,0.07380568974771873,0.04696725711218465,2.898550724637681,1.3150831991411702,,,,,,
6,66.8947933440687,21.464036500268385,7.219538378958669,0.14090177133655393,0.04696725711218465,2.8784219001610305,1.2546967257112185,0.10064412238325282,,,,,
7,64.08346752549652,23.503757380568974,6.1929683306494905,0.14090177133655393,0.04696725711218465,2.6033279656468062,1.2546967257112185,0.10064412238325282,2.073268921095008,,,,
8,63.7211486849168,22.69189479334407,4.26731078904992,0.14090177133655393,0.18115942028985507,2.6033279656468062,1.1607622114868492,0.10064412238325282,5.132850241545894,,,,
9,57.82340311325819,28.381642512077295,4.26731078904992,0.14090177133655393,0.36902844873859364,2.6033279656468062,1.1607622114868492,0.10064412238325282,5.152979066022544,,,,
10,55.83064949006978,26.06682769726248,8.588298443370908,0.14090177133655393,0.3757380568974772,2.6033279656468062,1.1607622114868492,0.10064412238325282,5.132850241545894,,,,
11,52.180622651637144,30.04562533548041,8.3064949006978,0.14090177133655393,0.7045088566827697,2.6033279656468062,1.1607622114868492,0.10064412238325282,4.757112184648417,,,,
12,52.01959205582394,30.287171229200215,8.3064949006978,0.14090177133655393,0.7045088566827697,2.6033279656468062,1.093666129898014,0.10064412238325282,4.74369296833065,,,,
13,51.69753086419753,29.97181964573269,8.299785292538916,0.18115942028985507,1.3486312399355878,2.6033279656468062,1.0399892646269457,0.06709608158883522,4.730273752012883,0.06038647342995169,,,
14,51.670692431561996,29.97181964573269,8.293075684380032,0.18115942028985507,1.3486312399355878,2.636876006441224,1.0399892646269457,0.06709608158883522,4.730273752012883,0.06038647342995169,,,
15,51.42243692968331,30.139559849704778,8.232689210950081,0.24154589371980675,1.3687600644122384,2.623456790123457,1.0399892646269457,0.06709608158883522,4.804079441760601,0.06038647342995169,,,
16,48.40311325818572,29.200214707461082,8.433977455716587,0.24154589371980675,1.3486312399355878,2.6167471819645733,1.0399892646269457,0.0939345142243693,8.561460010735374,0.06038647342995169,,,
17,46.363392377885134,28.650026838432634,8.313204508856682,0.2147074610842727,1.2010198604401503,2.6167471819645733,1.0399892646269457,0.0939345142243693,11.446591519055287,0.06038647342995169,,,
18,41.51234567901235,33.782877079978526,8.252818035426731,0.27509393451422437,1.06682769726248,2.7643585614600106,1.0332796564680622,0.16774020397208803,11.084272678475577,0.06038647342995169,,,
19,41.58615136876006,33.51449275362319,8.225979602791197,0.2885131508319914,1.2949543746645196,2.7509393451422435,1.0332796564680622,0.19457863660762212,11.05072463768116,0.06038647342995169,,,
20,40.51932367149758,34.13177670424047,8.21256038647343,0.39586688137412773,1.2949543746645196,2.7509393451422435,1.288244766505636,0.2214170692431562,11.124530327428879,0.06038647342995169,,,
21,39.821524422973695,33.62855609232421,15.559581320450885,0.32877079978529256,1.1943102522812667,0.24825550187869028,0.28180354267310787,0.1274825550187869,8.78287707997853,,0.026838432635534086,,
22,39.59339774557166,33.58829844337091,15.546162104133119,0.32877079978529256,1.2748255501878691,0.24825550187869028,0.5166398282340311,0.1274825550187869,8.749329039184111,,0.026838432635534086,,
23,38.02334943639291,35.17176596886742,15.391841116478798,0.46967257112184646,1.2748255501878691,0.24825550187869028,0.5166398282340311,0.18115942028985507,8.695652173913043,,0.026838432635534086,,
24,36.61433172302738,36.03730542136339,15.559581320450885,0.46296296296296297,1.5432098765432098,0.24825550187869028,0.6709608158883521,0.18115942028985507,8.655394524959743,,0.026838432635534086,,
25,35.98362855609233,35.829307568438004,13.969404186795492,0.5233494363929146,1.4492753623188406,0.2147074610842727,0.6709608158883521,0.2616747181964573,11.07085346215781,,0.026838432635534086,,
26,35.7085346215781,35.64143853998927,13.955984970477724,0.5568974771873323,1.6304347826086956,0.48980139559849706,0.6575415995705851,0.30193236714975846,11.030595813204508,,0.026838432635534086,,
27,35.67498658078368,35.265700483091784,13.70101986044015,0.7581857219538379,1.9524959742351047,0.48980139559849706,0.8118625872249061,0.30193236714975846,11.030595813204508,,0.013419216317767043,,
28,35.52066559312936,35.39318303811057,13.70101986044015,0.7514761137949544,1.8384326355340848,0.48980139559849706,0.8118625872249061,0.46296296296296297,11.017176596886742,,0.013419216317767043,,
29,27.03972088030059,44.73966720343532,12.962962962962964,0.7447665056360708,1.9860440150295222,0.30193236714975846,0.8118625872249061,0.46296296296296297,10.93666129898014,,0.013419216317767043,,
30,26.710950080515296,43.994900697799245,13.848631239935587,0.7447665056360708,2.227589908749329,0.30193236714975846,0.785024154589372,0.46296296296296297,10.909822866344605,,0.013419216317767043,,
31,25.617283950617285,38.94927536231884,13.600375738056897,0.7380568974771873,2.341653247450349,3.9586688137412773,0.5568974771873323,0.46296296296296297,13.761406333870102,,0.013419216317767043,,
32,25.281803542673106,36.03730542136339,16.035963499731615,0.8521202361782072,3.44873859366613,3.992216854535695,0.5568974771873323,0.33548040794417605,13.446054750402576,,0.013419216317767043,,
33,25.181159420289855,35.06441223832528,15.633387010198604,1.1607622114868492,3.9519592055823938,3.8043478260869565,1.3754696725711217,0.33548040794417605,13.439345142243694,,0.013419216317767043,0.040257648953301126,
34,24.94632313472893,35.138217928073,15.552871712292003,1.1473429951690821,3.978797638217928,3.911701556629093,1.5029522275899088,0.3757380568974772,13.39237788513151,,0.013419216317767043,0.040257648953301126,
35,24.9597423510467,35.017444981213096,15.573000536768653,1.4559849704777241,4.03918411164788,3.9184111647879765,1.596886741814278,0.38915727321524424,12.99651100375738,,0.013419216317767043,0.040257648953301126,
36,24.966451959205582,34.856414385399894,15.297906602254429,1.737788513150832,4.193505099302201,3.9184111647879765,1.596886741814278,0.38915727321524424,12.989801395598498,,0.013419216317767043,0.040257648953301126,
37,24.812130971551262,34.896672034353195,15.063070316693505,2.073268921095008,4.2270531400966185,3.8580246913580245,1.583467525496511,0.4294149221685454,13.043478260869565,,0.013419216317767043,,
38,23.60440150295223,36.07085346215781,15.103327965646805,2.13365539452496,4.213633923778851,3.8311862587224907,1.556629092860977,0.5300590445517982,12.942834138486312,,0.013419216317767043,,
39,22.685185185185187,36.8491680085883,14.714170692431562,2.4892646269457863,4.341116478797638,3.8043478260869565,1.6706924315619969,0.5568974771873323,12.875738056897477,,0.013419216317767043,,
40,20.585077831454644,37.9092860976919,14.412238325281804,2.4892646269457863,4.522275899087493,4.045893719806763,2.6637144390767578,0.5568974771873323,12.801932367149758,,0.013419216317767043,,
41,18.10252281266774,31.219806763285025,15.485775630703166,2.1940418679549114,4.441760601180891,2.2879763821792807,2.5496511003757383,0.5904455179817498,23.11460010735373,,0.013419216317767043,,
42,17.914653784219002,31.21309715512614,15.599838969404187,2.4154589371980677,4.388083735909823,2.26784755770263,2.5496511003757383,0.5904455179817498,23.020665593129362,0.026838432635534086,0.013419216317767043,,
43,18.02871712292002,30.803811057434245,14.754428341384862,2.38191089640365,5.374396135265701,2.214170692431562,2.8784219001610305,0.6977992485238862,22.77241009125067,0.026838432635534086,0.013419216317767043,0.05367686527106817,
44,17.753623188405797,29.71014492753623,14.392109500805153,2.6301663982823404,5.421363392377885,5.864197530864198,3.0059044551798175,0.7313472893183038,20.397208803005906,0.026838432635534086,0.013419216317767043,0.05367686527106817,
45,17.404723564143854,29.59608158883521,14.27133655394525,2.9253891572732154,5.46833064949007,5.904455179817498,2.945517981749866,0.8655394524959742,20.52469135802469,0.026838432635534086,0.013419216317767043,0.05367686527106817,
46,15.210681696188942,31.300322061191626,14.49946323134729,2.9253891572732154,5.776972624798712,5.293880837359098,2.945517981749866,0.9393451422436929,21.014492753623188,0.026838432635534086,0.013419216317767043,0.05367686527106817,
47,14.17740203972088,29.87788513150832,17.840848094471284,3.126677402039721,5.662909286097692,5.186527106816962,3.0327428878153517,0.9393451422436929,20.061728395061728,0.026838432635534086,0.013419216317767043,0.05367686527106817,
48,14.143853998926463,29.7638217928073,18.00187869028449,3.140096618357488,5.756843800322061,5.146269457863661,2.85829307568438,0.9594739667203436,19.961084272678477,0.026838432635534086,0.10064412238325282,0.14090177133655393,
49,13.768115942028986,27.945517981749866,19.961084272678477,3.280998389694042,5.884326355340848,5.092592592592593,2.932098765432099,0.9863123993558777,19.880568974771872,0.026838432635534086,0.10064412238325282,0.14090177133655393,
50,13.170960815888352,26.455984970477726,20.50456253354804,3.260869565217391,6.078904991948471,4.7638217928073,3.052871712292002,0.95276435856146,21.430488459473967,0.08722490606548577,0.10064412238325282,0.14090177133655393,
51,12.29200214707461,24.114331723027377,23.141438539989263,3.3413848631239937,6.166129898013956,4.750402576489533,3.6366076221148687,0.9192163177670424,21.309715512614062,0.08722490606548577,0.10064412238325282,0.14090177133655393,
52,12.4597423510467,23.879495437466453,23.027375201288244,3.321256038647343,6.696188942565755,4.85775630703167,3.2742887815351582,0.9192163177670424,21.235909822866343,0.08722490606548577,0.10064412238325282,0.14090177133655393,
53,12.5402576489533,23.8191089640365,22.819377348362856,3.4621578099838968,6.756575415995706,4.468599033816425,3.0864197530864197,0.8856682769726248,21.833064949006978,0.08722490606548577,0.10064412238325282,0.14090177133655393,
54,12.654320987654321,23.718464841653248,22.75228126677402,3.4621578099838968,6.736446591519055,4.435050993022007,3.066290928609769,0.9259259259259259,21.886741814278047,0.12077294685990338,0.10064412238325282,0.14090177133655393,
55,12.842190016103059,23.517176596886742,22.705314009661837,3.455448201825013,7.588566827697263,4.414922168545357,3.066290928609769,0.9125067096081588,21.135265700483092,0.12077294685990338,0.10064412238325282,0.14090177133655393,
56,12.882447665056361,23.087761674718198,21.00107353730542,3.2004830917874396,7.595276435856146,5.072463768115942,3.079710144927536,0.9326355340848095,22.785829307568438,0.12077294685990338,0.10064412238325282,0.14090177133655393,
57,12.486580783682234,23.396403650026837,20.9272678475577,3.2004830917874396,7.62211486849168,5.065754159957058,3.3682232957595275,0.9326355340848095,22.638217928073,0.12077294685990338,0.10064412238325282,0.14090177133655393,
58,10.661567364465915,22.953569511540525,26.04669887278583,2.757648953301127,6.890767579173376,5.146269457863661,3.1065485775630703,0.8990874932903918,21.235909822866343,0.06038647342995169,0.10064412238325282,0.14090177133655393,
59,10.648148148148149,22.604669887278583,26.039989264626946,2.771068169618894,7.37385936661299,5.152979066022544,3.099838969404187,1.0869565217391304,20.92055823939882,0.06038647342995169,0.10064412238325282,0.14090177133655393,
60,10.768921095008052,22.383252818035427,25.905797101449274,3.1065485775630703,7.4006977992485234,5.146269457863661,3.099838969404187,1.0735373054213635,20.813204508856682,0.06038647342995169,0.10064412238325282,0.14090177133655393,
61,10.721953837895867,22.477187332259795,25.228126677402038,3.099838969404187,7.4141170155662905,6.099033816425121,2.818035426731079,1.221148684916801,20.618625872249062,0.06038647342995169,0.10064412238325282,0.14090177133655393,
62,9.86983360171766,15.942028985507246,34.252549651100374,3.079710144927536,4.804079441760601,5.609232420826624,2.4221685453569513,1.1808910359634996,22.52415458937198,0.07380568974771873,0.10064412238325282,0.14090177133655393,
63,9.648416532474503,15.727321524422974,33.15888352120236,3.1736446591519054,4.64975845410628,5.609232420826624,2.428878153515835,1.2412775093934514,24.04723564143854,0.07380568974771873,0.10064412238325282,0.14090177133655393,
64,9.64170692431562,15.707192699946322,33.051529790660226,3.1535158346752548,5.072463768115942,5.609232420826624,2.475845410628019,1.2412775093934514,23.731884057971016,0.07380568974771873,0.10064412238325282,0.14090177133655393,
65,9.722222222222221,15.646806226516372,32.809983896940416,3.1333870101986045,5.340848094471283,5.4549114331723025,2.6167471819645733,1.2412775093934514,23.718464841653248,0.07380568974771873,0.10064412238325282,0.14090177133655393,
66,8.319914117015566,23.11460010735373,29.985238862050455,2.8515834675254963,3.878153515834675,5.421363392377885,2.314814814814815,1.3955984970477724,22.457058507783145,0.03354804079441761,0.08722490606548577,0.14090177133655393,
67,8.252818035426731,23.09447128287708,29.770531400966185,2.509393451422437,4.066022544283414,8.641975308641975,2.2745571658615136,1.2412775093934514,19.887278582930758,0.03354804079441761,0.08722490606548577,0.14090177133655393,
68,7.118894256575416,24.724906065485776,29.052603327965645,2.536231884057971,4.17337627482555,8.581588835212024,2.2745571658615136,1.2815351583467525,19.994632313472895,0.03354804079441761,0.08722490606548577,0.14090177133655393,
69,6.89747718733226,30.97826086956522,27.334943639291467,2.2410091250670963,3.9049919484702094,6.629092860976919,1.1876006441223832,1.288244766505636,19.45115405260333,0.03354804079441761,,0.05367686527106817,
70,6.9243156199677935,29.05931293612453,27.241009125067094,2.2946859903381642,5.71658615136876,6.870638754696726,1.1876006441223832,1.328502415458937,19.290123456790123,0.03354804079441761,,0.05367686527106817,
71,7.078636607622115,28.992216854535695,26.952495974235106,2.38191089640365,5.991680085882985,6.863929146537842,1.1876006441223832,1.4358561460010735,19.028448738593667,0.03354804079441761,,0.05367686527106817,
72,7.14573268921095,28.77750939345142,26.778046162104133,2.4020397208803006,6.085614600107354,6.702898550724638,1.556629092860977,1.4626945786366077,18.907675791733762,0.1274825550187869,,0.05367686527106817,
73,7.212828770799785,28.784219001610307,26.617015566290927,2.5563607085346214,6.125872249060655,6.66935050993022,1.556629092860977,1.556629092860977,18.739935587761675,0.1274825550187869,,0.05367686527106817,
74,7.2933440687063875,28.428609769189478,26.35534084809447,2.7509393451422435,5.756843800322061,6.454643048845948,1.4224369296833066,1.5297906602254427,19.826892109500804,0.1274825550187869,,0.05367686527106817,
75,7.306763285024155,28.348094471282877,26.308373590982285,2.7509393451422435,5.783682232957595,6.649221685453569,1.3888888888888888,1.583467525496511,19.699409554482017,0.1274825550187869,,0.05367686527106817,
76,6.8035426731078905,24.288781535158346,32.6556629092861,2.7643585614600106,5.4549114331723025,6.649221685453569,1.4090177133655395,1.4895330112721417,18.303811057434245,0.1274825550187869,,0.05367686527106817,
77,6.850509930220075,24.382716049382715,32.48792270531401,2.7509393451422435,5.4549114331723025,6.642512077294686,1.5029522275899088,1.5297906602254427,18.21658615136876,0.1274825550187869,,0.05367686527106817,
78,6.910896403650026,24.228395061728396,32.407407407407405,2.7106816961889426,5.857487922705314,6.642512077294686,1.5029522275899088,1.5230810520665594,18.035426731078903,0.1274825550187869,,0.05367686527106817,
79,6.998121309715513,24.235104669887278,32.407407407407405,2.7643585614600106,5.850778314546431,6.5552871712292005,1.5029522275899088,1.5230810520665594,17.98174986580784,0.1274825550187869,,0.05367686527106817,
80,6.260064412238325,18.357487922705314,41.1634460547504,2.589908749329039,5.045625335480408,6.387546967257112,1.9793344068706387,1.5230810520665594,16.626409017713364,,0.013419216317767043,0.05367686527106817,
81,6.494900697799249,17.907944176060116,41.10976918947934,2.61003757380569,5.387815351583468,6.320450885668277,1.9793344068706387,1.5096618357487923,16.6129898013956,,0.013419216317767043,0.05367686527106817,
82,6.582125603864735,17.793880837359097,40.92190016103059,2.7509393451422435,5.387815351583468,6.662640901771336,1.9793344068706387,1.5096618357487923,16.344605475040257,,0.013419216317767043,0.05367686527106817,
83,6.723027375201288,17.767042404723565,40.17042404723564,2.898550724637681,5.562265163714439,6.595544820182502,3.3413848631239937,1.3352120236178207,15.539452495974235,,0.013419216317767043,0.05367686527106817,
84,6.769994632313473,17.76033279656468,40.07648953301127,2.9723564143853998,5.562265163714439,6.528448738593666,3.33467525496511,1.3352120236178207,15.526033279656469,,0.013419216317767043,0.12077294685990338,
85,6.877348362855609,17.498658078368223,39.781266774020395,3.046162104133119,5.622651637144391,7.326892109500805,3.2004830917874396,1.4224369296833066,15.08990874932904,,0.013419216317767043,0.12077294685990338,
86,6.521739130434782,15.995705850778315,39.66720343531938,2.818035426731079,5.5689747718733225,7.749597423510467,2.3550724637681157,1.5029522275899088,17.753623188405797,,0.013419216317767043,0.05367686527106817,
87,6.481481481481482,15.821256038647343,39.28475577026302,2.7777777777777777,5.884326355340848,8.380300590445518,2.4355877616747184,1.4626945786366077,17.270531400966185,,0.013419216317767043,0.1878690284487386,
88,6.588835212023618,15.787707997852925,39.210950080515296,2.818035426731079,5.857487922705314,8.360171765968868,2.4355877616747184,1.4626945786366077,17.2638217928073,,0.013419216317767043,0.20128824476650564,
89,6.6760601180891035,15.626677402039721,38.63392377885131,2.831454643048846,5.971551261406334,8.333333333333334,2.9119699409554483,1.6170155662909287,17.156468062265162,,0.013419216317767043,0.2281266774020397,
90,6.159420289855072,12.506709608158884,38.13070316693505,2.8650026838432634,5.314009661835748,8.219269994632313,2.9119699409554483,1.5499194847020934,22.10144927536232,,0.013419216317767043,0.2281266774020397,
91,6.199677938808374,12.432903918411165,37.915995705850776,2.831454643048846,5.260332796564681,8.333333333333334,3.1602254428341383,1.5767579173376274,22.04777241009125,,0.013419216317767043,0.2281266774020397,
92,6.333870101986044,12.258454106280194,37.61406333870102,2.8247450348899625,5.60252281266774,8.299785292538916,3.1602254428341383,1.6438539989264627,21.980676328502415,0.040257648953301126,0.013419216317767043,0.2281266774020397,
93,6.535158346752549,12.151100375738057,37.29200214707461,2.791196994095545,5.723295759527644,8.293075684380032,3.1602254428341383,1.710950080515298,22.0276435856146,0.040257648953301126,0.013419216317767043,0.2616747181964573,
94,6.595544820182502,12.130971551261407,36.902844873859365,3.2340311325818574,5.837359098228664,8.293075684380032,3.1602254428341383,1.710950080515298,21.81964573268921,0.040257648953301126,0.013419216317767043,0.2616747181964573,
95,6.689479334406871,11.728395061728396,36.33252818035427,3.294417606011809,5.542136339237788,8.467525496511003,3.1602254428341383,1.710950080515298,22.71202361782072,0.040257648953301126,0.013419216317767043,0.30864197530864196,
96,5.971551261406334,8.80300590445518,44.337090713902306,3.1468062265163717,4.636339237788513,6.870638754696726,4.03918411164788,1.4224369296833066,20.44417606011809,0.040257648953301126,0.013419216317767043,0.27509393451422437,
97,5.984970477724101,8.80300590445518,43.947933440687066,3.388352120236178,4.770531400966184,6.870638754696726,4.03918411164788,1.4224369296833066,20.44417606011809,0.040257648953301126,0.013419216317767043,0.27509393451422437,
98,6.0654857756307035,8.722490606548577,43.63929146537842,4.032474503488996,4.864465915190553,6.729736983360172,4.40150295222759,1.570048309178744,19.64573268921095,0.040257648953301126,0.013419216317767043,0.27509393451422437,
99,6.1929683306494905,8.722490606548577,43.37761674718197,4.213633923778851,4.931561996779388,6.602254428341385,4.690016103059581,1.6035963499731616,19.26328502415459,0.040257648953301126,0.013419216317767043,0.3488996242619431,
100,6.226516371443908,8.628556092324208,39.98926462694579,4.448470209339774,4.931561996779388,9.420289855072463,4.797369833601718,1.5767579173376274,19.545088566827697,0.07380568974771873,0.013419216317767043,0.3488996242619431,
101,5.71658615136876,18.290391841116477,37.567096081588836,3.9720880300590444,3.3011272141706924,9.292807300053678,4.274020397208803,1.3352120236178207,15.881642512077295,0.03354804079441761,,0.33548040794417605,
102,5.797101449275362,18.115942028985508,37.473161567364464,3.9452495974235107,3.44873859366613,8.373590982286634,3.5963499731615673,1.133923778851315,17.746913580246915,0.03354804079441761,,0.33548040794417605,
103,6.072195383789587,17.72007514761138,37.245034889962426,3.978797638217928,3.8915727321524423,8.246108427267847,3.5963499731615673,1.0869565217391304,17.659688674181428,0.06709608158883522,,0.43612453032742887,
104,6.206387546967257,17.58588298443371,36.9699409554482,4.019055287171229,4.213633923778851,8.185721953837897,3.569511540526033,1.0802469135802468,17.599302200751477,0.06709608158883522,,0.5032206119162641,
105,6.374127750939345,17.53220611916264,36.86929683306495,4.012345679012346,4.166666666666667,8.11862587224906,3.629898013955985,1.221148684916801,17.465110037573805,0.06709608158883522,,0.5434782608695652,
106,6.387546967257112,17.24369296833065,36.11782071926999,4.240472356414386,4.119699409554482,8.487654320987655,4.233762748255502,1.221148684916801,17.317498658078367,0.08722490606548577,,0.5434782608695652,
107,6.508319914117015,17.236983360171767,35.55421363392378,4.3478260869565215,4.562533548040794,8.454106280193237,4.233762748255502,1.2144390767579174,17.257112184648417,0.08722490606548577,,0.5434782608695652,
108,6.468062265163715,17.08937198067633,36.218464841653244,4.274020397208803,4.394793344068707,8.514492753623188,4.394793344068707,1.3419216317767042,16.6532474503489,0.08722490606548577,,0.5636070853462157,
109,5.991680085882985,16.485507246376812,36.89613526570049,4.139828234031133,4.314278046162104,8.447396672034353,4.05931293612453,1.3553408480944713,17.68652710681696,0.06038647342995169,,0.5636070853462157,
110,6.085614600107354,16.478797638217927,36.842458400429415,4.106280193236715,4.53569511540526,8.447396672034353,4.045893719806763,1.3888888888888888,17.444981213097154,0.06038647342995169,,0.5636070853462157,
111,6.146001073537305,16.378153515834676,35.94337090713902,4.3478260869565215,5.226784755770263,8.199141170155663,4.045893719806763,1.3754696725711217,17.713365539452496,0.06038647342995169,,0.5636070853462157,
112,6.105743424584004,16.29092860976919,34.695383789586685,4.528985507246377,6.226516371443908,8.152173913043478,4.327697262479871,1.3754696725711217,17.64626945786366,0.06038647342995169,,0.5904455179817498,
113,6.253354804079442,16.264090177133657,34.23242082662372,4.904723564143854,6.246645195920558,8.085077831454644,4.327697262479871,1.3754696725711217,17.62614063338701,0.0939345142243693,,0.5904455179817498,
114,5.434782608695652,15.291196994095545,44.03515834675255,4.64975845410628,6.1929683306494905,7.239667203435319,3.012614063338701,1.1205045625335481,12.31213097155126,0.0939345142243693,,0.6172839506172839,
115,5.434782608695652,15.063070316693505,43.73993558776167,4.528985507246377,6.253354804079442,7.4141170155662905,3.012614063338701,1.107085346215781,12.734836285560924,0.0939345142243693,,0.6172839506172839,
116,5.434782608695652,14.928878153515834,41.82098765432099,4.99194847020934,6.253354804079442,7.608695652173913,4.824208266237251,1.3352120236178207,12.010198604401502,0.17444981213097155,,0.6172839506172839,
117,5.481749865807837,14.888620504562533,41.63311862587225,5.159688674181428,6.266774020397209,7.608695652173913,4.797369833601718,1.3352120236178207,12.010198604401502,0.20128824476650564,,0.6172839506172839,
118,5.58239398819109,14.841653247450349,41.50563607085346,5.381105743424584,6.253354804079442,7.608695652173913,4.797369833601718,1.3352120236178207,11.876006441223833,0.20128824476650564,,0.6172839506172839,
119,5.615942028985507,14.667203435319378,41.217122920021474,5.60252281266774,6.146001073537305,7.575147611379496,5.166398282340311,1.402308105206656,11.788781535158346,0.20128824476650564,,0.6172839506172839,
120,5.803811057434245,14.667203435319378,41.10976918947934,5.615942028985507,6.146001073537305,7.541599570585078,5.139559849704777,1.402308105206656,11.782071926999464,0.20128824476650564,,0.5904455179817498,
121,5.958132045088567,14.492753623188406,41.02925389157273,5.703166935050993,6.253354804079442,7.521470746108427,5.10601180891036,1.4358561460010735,11.708266237251744,0.20128824476650564,,0.5904455179817498,
122,6.0587761674718195,14.472624798711756,40.89506172839506,5.763553408480945,6.233225979602791,7.5348899624261945,5.10601180891036,1.4358561460010735,11.708266237251744,0.20128824476650564,,0.5904455179817498,
123,6.105743424584004,14.452495974235104,40.85480407944176,5.857487922705314,6.233225979602791,7.521470746108427,5.0993022007514766,1.4358561460010735,11.647879763821793,0.20128824476650564,,0.5904455179817498,
124,6.246645195920558,14.371980676328503,40.79441760601181,5.844068706387547,6.273483628556092,7.494632313472893,5.0993022007514766,1.4358561460010735,11.647879763821793,0.20128824476650564,,0.5904455179817498,
125,6.333870101986044,14.371980676328503,40.5931293612453,5.877616747181965,6.266774020397209,7.447665056360709,5.340848094471283,1.4761137949543746,11.473429951690822,0.20128824476650564,,0.6172839506172839,
126,6.374127750939345,14.36527106816962,40.465646806226516,6.025228126677402,6.266774020397209,7.4141170155662905,5.340848094471283,1.5096618357487923,11.419753086419753,0.20128824476650564,,0.6172839506172839,
127,6.468062265163715,14.27133655394525,39.680622651637144,6.1929683306494905,6.447933440687064,8.387010198604402,4.944981213097155,1.4895330112721417,11.372785829307569,0.16774020397208803,,0.5770263016639828,
128,6.528448738593666,14.231078904991948,39.49946323134729,6.146001073537305,6.588835212023618,9.554482018250134,5.139559849704777,0.9728931830381106,10.59447128287708,0.16774020397208803,,0.5770263016639828,
129,6.642512077294686,14.231078904991948,39.371980676328505,6.1862587224906065,6.582125603864735,9.534353193773484,5.119431025228127,0.9728931830381106,10.59447128287708,0.1878690284487386,,0.5770263016639828,
130,6.749865807836822,13.58695652173913,39.27804616210413,6.199677938808374,7.320182501341922,9.494095544820183,5.119431025228127,1.0265700483091786,10.46027911969941,0.1878690284487386,,0.5770263016639828,
131,6.977992485238862,13.231347289318304,39.20424047235642,6.1862587224906065,7.595276435856146,9.460547504025765,5.112721417069243,1.0265700483091786,10.44015029522276,0.1878690284487386,,0.5770263016639828,
132,6.991411701556629,13.170960815888352,38.801663982823406,6.481481481481482,7.769726247987117,9.460547504025765,5.10601180891036,1.0265700483091786,10.426731078904991,0.1878690284487386,,0.5770263016639828,
133,7.085346215780999,13.023349436392914,38.687600644122384,6.468062265163715,7.950885668276973,9.769189479334408,5.10601180891036,1.0265700483091786,10.11808910359635,0.1878690284487386,,0.5770263016639828,
134,7.0450885668276975,13.003220611916264,35.581052066559316,6.005099302200751,7.98443370907139,9.648416532474503,5.10601180891036,0.9863123993558777,13.875469672571121,0.1878690284487386,,0.5770263016639828,
135,6.991411701556629,12.97638217928073,35.79575952764358,6.005099302200751,7.991143317230274,9.037842190016104,5.743424584004294,1.093666129898014,13.667471819645733,0.12077294685990338,,0.5770263016639828,
136,7.051798174986581,12.902576489533011,35.51395598497048,6.005099302200751,7.997852925389157,9.024422973698336,6.1862587224906065,1.0735373054213635,13.546698872785829,0.12077294685990338,,0.5770263016639828,
137,6.964573268921095,12.74825550187869,37.01690821256039,5.421363392377885,7.5281803542673105,8.890230810520666,6.239935587761675,1.0131508319914118,13.493022007514762,0.12077294685990338,,0.5636070853462157,
138,6.340579710144928,12.47987117552335,43.15619967793881,4.978529253891573,7.4141170155662905,7.541599570585078,5.723295759527644,1.0064412238325282,10.742082662372518,0.12077294685990338,,0.49651100375738055,
139,6.353998926462695,12.453032742887816,42.579173376274824,5.293880837359098,7.722758990874933,7.548309178743962,5.9447128287707995,0.9326355340848095,10.567632850241546,0.11406333870101985,,0.48980139559849706,
140,6.360708534621578,12.439613526570048,40.94873859366613,5.213365539452496,9.46725711218465,7.5348899624261945,5.931293612453032,0.9326355340848095,10.513955984970478,0.11406333870101985,0.05367686527106817,0.48980139559849706,
141,6.488191089640365,12.325550187869029,40.85480407944176,5.253623188405797,9.494095544820183,7.568438003220612,5.917874396135265,1.0802469135802468,10.332796564680622,0.14090177133655393,0.05367686527106817,0.48980139559849706,
142,6.561996779388084,12.27187332259796,40.82796564680623,5.253623188405797,9.494095544820183,7.568438003220612,5.917874396135265,1.1674718196457328,10.25228126677402,0.14090177133655393,0.05367686527106817,0.48980139559849706,
143,6.6827697262479875,12.090713902308105,40.23752012882448,5.340848094471283,9.64170692431562,7.5281803542673105,6.340579710144928,1.2010198604401503,10.25228126677402,0.14090177133655393,0.05367686527106817,0.48980139559849706,
144,6.629092860976919,11.976650563607086,39.962426194310254,5.367686527106817,9.514224369296834,9.31964573268921,5.709876543209877,1.1272141706924315,9.73564143853999,0.14090177133655393,0.08722490606548577,0.4294149221685454,
145,6.729736983360172,11.748523886205046,39.88862050456253,5.488459473966721,9.420289855072463,9.192163177670425,6.045356951154052,1.1607622114868492,9.668545356951155,0.14090177133655393,0.08722490606548577,0.4294149221685454,
146,6.743156199677939,11.641170155662909,39.59339774557166,5.4616210413311865,9.816156736446592,9.192163177670425,6.072195383789587,1.1540526033279657,9.668545356951155,0.14090177133655393,0.08722490606548577,0.4294149221685454,
147,6.709608158883521,11.641170155662909,39.070048309178745,5.750134192163178,10.084541062801932,9.178743961352657,6.092324208266238,1.1540526033279657,9.648416532474503,0.14090177133655393,0.08722490606548577,0.4428341384863124,
148,6.655931293612453,11.171497584541063,38.97611379495437,5.750134192163178,9.96376811594203,9.138486312399356,6.9310252281266775,1.1876006441223832,9.628287707997853,0.14090177133655393,0.08722490606548577,0.36902844873859364,
149,6.602254428341385,11.077563070316694,38.6406333870102,5.750134192163178,9.842995169082126,9.292807300053678,6.863929146537842,1.2077294685990339,10.21202361782072,0.12077294685990338,0.08722490606548577,0.30193236714975846,
150,6.763285024154589,10.943370907139023,38.28502415458937,5.8239398819108965,9.88996242619431,9.01100375738057,7.132313472893183,1.4224369296833066,10.292538915727322,0.12077294685990338,0.08722490606548577,0.2281266774020397,
151,6.870638754696726,10.903113258185721,38.00993022007515,5.709876543209877,9.977187332259795,9.084809447128288,7.139023081052066,1.4224369296833066,10.292538915727322,0.12077294685990338,0.08722490606548577,0.3824476650563607,
152,6.796833064949007,10.748792270531402,37.446323134728935,5.60252281266774,10.178475577026301,9.138486312399356,7.722758990874933,1.4559849704777241,10.319377348362856,0.12077294685990338,0.08722490606548577,0.3824476650563607,
153,6.964573268921095,10.72866344605475,37.23161567364466,5.649490069779925,10.272410091250672,9.07139023081052,7.722758990874933,1.4895330112721417,10.279119699409554,0.12077294685990338,0.08722490606548577,0.3824476650563607,
154,7.03166935050993,10.674986580783683,36.97665056360709,5.636070853462158,10.587761674718196,8.99087493290392,7.7831454643048845,1.4895330112721417,10.25228126677402,0.12077294685990338,0.07380568974771873,0.3824476650563607,
155,6.729736983360172,10.292538915727322,34.05126140633387,8.252818035426731,10.178475577026301,8.80300590445518,6.595544820182502,1.4895330112721417,13.137412775093935,0.040257648953301126,0.07380568974771873,0.35560923242082665,
156,6.78341384863124,10.279119699409554,34.024422973698336,8.299785292538916,10.057702630166398,8.776167471819646,6.615673644659152,1.4895330112721417,13.083735909822867,0.1610305958132045,0.07380568974771873,0.35560923242082665,
157,6.830381105743425,10.238862050456254,33.78958668813741,8.474235104669887,9.91009125067096,8.776167471819646,6.776704240472356,1.4895330112721417,13.123993558776167,0.1610305958132045,0.07380568974771873,0.35560923242082665,
158,6.561996779388084,9.829575952764358,32.83682232957595,8.59500805152979,10.695115405260333,8.55475040257649,7.266505636070853,1.4895330112721417,13.580246913580247,0.1610305958132045,0.07380568974771873,0.35560923242082665,
159,6.5485775630703165,9.541062801932368,31.749865807836823,8.588298443370908,10.762211486849168,9.708803005904455,7.440955448201825,1.5163714439076759,13.553408480944713,0.1610305958132045,0.07380568974771873,0.35560923242082665,
160,6.508319914117015,9.31964573268921,31.0252281266774,8.675523349436393,10.373054213633925,9.816156736446592,7.823403113258186,1.5499194847020934,14.318303811057435,0.1610305958132045,0.07380568974771873,0.35560923242082665,
161,6.6827697262479875,9.198872785829307,30.897745571658614,8.662104133118627,10.446859903381643,9.749060654857756,7.823403113258186,1.6639828234031133,14.244498121309716,0.1610305958132045,0.11406333870101985,0.35560923242082665,
162,6.796833064949007,9.098228663446054,30.857487922705314,8.494363929146537,10.44015029522276,9.554482018250134,8.064949006977992,1.7847557702630166,14.184111647879764,0.1610305958132045,0.11406333870101985,0.4495437466451959,
163,6.501610305958132,9.01100375738057,32.23295759527644,8.527911969940956,10.399892646269459,9.339774557165862,7.883789586688137,1.8115942028985508,13.56682769726248,0.1610305958132045,0.11406333870101985,0.4495437466451959,
164,6.528448738593666,9.01100375738057,31.83709071390231,8.53462157809984,10.748792270531402,9.252549651100376,8.038110574342458,1.8115942028985508,13.513150831991412,0.1610305958132045,0.11406333870101985,0.4495437466451959,
165,6.622383252818035,8.387010198604402,31.723027375201287,8.474235104669887,11.272141706924316,9.29951690821256,8.279656468062266,1.8115942028985508,13.378958668813741,0.1610305958132045,0.11406333870101985,0.47638217928073,
166,6.763285024154589,8.353462157809984,31.696188942565755,8.447396672034353,11.225174449812132,9.29951690821256,8.279656468062266,1.8518518518518519,13.331991411701557,0.1610305958132045,0.11406333870101985,0.47638217928073,
167,6.890767579173376,8.219269994632313,31.5150295222759,9.326355340848094,11.124530327428879,8.635265700483092,8.266237251744498,1.8786902844873858,13.271604938271604,0.28180354267310787,0.11406333870101985,0.47638217928073,
168,7.078636607622115,8.165593129361245,31.4747718733226,9.346484165324744,10.990338164251208,8.61513687600644,8.279656468062266,1.865271068169619,13.311862587224907,0.28180354267310787,0.11406333870101985,0.47638217928073,
169,7.105475040257649,8.132045088566828,31.884057971014492,8.870101986044014,10.963499731615673,8.76274825550188,9.044551798174986,1.90552871712292,12.432903918411165,0.28180354267310787,0.14090177133655393,0.47638217928073,
170,7.232957595276436,8.132045088566828,31.796833064949006,8.870101986044014,10.983628556092324,8.735909822866345,9.044551798174986,1.8719806763285025,12.432903918411165,0.28180354267310787,0.14090177133655393,0.47638217928073,
171,7.4208266237251745,8.11862587224906,31.676060118089104,8.950617283950617,11.231884057971014,8.662104133118627,8.829844337090714,1.8585614600107354,12.352388620504563,0.28180354267310787,0.14090177133655393,0.47638217928073,
172,7.521470746108427,8.11862587224906,31.629092860976918,8.950617283950617,11.198336017176597,8.662104133118627,8.816425120772946,1.8585614600107354,12.352388620504563,0.27509393451422437,0.14090177133655393,0.47638217928073,
173,7.64224369296833,7.930756843800322,31.260064412238325,9.219001610305957,11.292270531400966,8.984165324745035,8.809715512614064,1.9122383252818036,12.057165861513688,0.27509393451422437,0.14090177133655393,0.47638217928073,
174,7.6623725174449815,7.9106280193236715,30.64278046162104,9.158615136876007,11.352657004830919,8.984165324745035,9.896672034353195,1.9122383252818036,11.58749329039184,0.27509393451422437,0.14090177133655393,0.47638217928073,
175,7.6556629092860975,7.716049382716049,30.434782608695652,9.16532474503489,11.668008588298443,9.118357487922705,9.943639291465379,1.892109500805153,11.513687600644122,0.27509393451422437,0.14090177133655393,0.47638217928073,
176,7.836822329575953,7.695920558239399,30.079173376274827,9.16532474503489,11.889425657541599,9.091519055287172,10.037573805689748,1.892109500805153,11.453301127214171,0.2549651100375738,0.1610305958132045,0.4428341384863124,
177,7.863660762211487,7.64224369296833,29.696725711218466,9.158615136876007,12.567096081588835,9.037842190016104,10.050993022007514,1.8719806763285025,11.2788513150832,0.2549651100375738,0.13419216317767044,0.4428341384863124,
178,7.937466451959206,7.588566827697263,29.528985507246375,9.16532474503489,12.587224906065487,9.024422973698336,10.124798711755233,1.8786902844873858,11.272141706924316,0.2549651100375738,0.13419216317767044,0.5032206119162641,
179,7.991143317230274,7.588566827697263,29.502147074610843,9.151905528717123,12.573805689747719,9.024422973698336,10.124798711755233,1.8786902844873858,11.272141706924316,0.2549651100375738,0.13419216317767044,0.5032206119162641,
180,8.071658615136876,7.588566827697263,28.884863123993558,9.219001610305957,12.835480407944177,9.520933977455716,9.796027911969942,1.892109500805153,11.29898013955985,0.2549651100375738,0.13419216317767044,0.5032206119162641,
181,8.239398819108963,7.581857219538379,28.670155662909288,9.178743961352657,12.72812667740204,9.50751476113795,10.037573805689748,1.8786902844873858,11.285560923242082,0.2549651100375738,0.13419216317767044,0.5032206119162641,
182,8.28636607622115,7.494632313472893,28.22061191626409,9.561191626409018,12.68786902844874,9.494095544820183,10.225442834138486,1.9122383252818036,11.238593666129898,0.2549651100375738,0.12077294685990338,0.5032206119162641,
183,8.353462157809984,7.494632313472893,27.992485238862052,9.480676328502415,12.815351583467525,9.574610842726784,10.379763821792807,1.9122383252818036,11.117820719269995,0.2549651100375738,0.12077294685990338,0.5032206119162641,
184,8.360171765968868,7.447665056360709,27.932098765432098,9.480676328502415,12.721417069243156,9.588030059044552,9.762479871175524,1.9122383252818036,11.916264090177133,0.2549651100375738,0.12077294685990338,0.5032206119162641,
185,8.427267847557703,7.37385936661299,27.791196994095547,9.447128287707997,12.902576489533011,9.614868491680086,9.75577026301664,1.9390767579173376,11.869296833064949,0.2549651100375738,0.12077294685990338,0.5032206119162641,
186,8.433977455716587,7.199409554482019,27.200751476113794,9.5276435856146,13.191089640365004,9.688674181427805,9.494095544820183,2.033011272141707,12.352388620504563,0.2549651100375738,0.12077294685990338,0.5032206119162641,
187,8.393719806763285,7.192699946323135,26.50966183574879,9.366612989801396,13.479602791196994,10.420021470746109,9.494095544820183,1.8853998926462694,12.352388620504563,0.28180354267310787,0.12077294685990338,0.5032206119162641,
