,45,50,54,55,52,51,53,56,57,58,59
0,99.76516371443908,0.23483628556092323,,,,,,,,,
1,95.42404723564144,4.575952764358561,,,,,,,,,
2,94.22973698336017,5.770263016639828,,,,,,,,,
3,90.25093934514224,9.749060654857756,,,,,,,,,
4,77.70397208803006,22.29602791196994,,,,,,,,,
5,77.76435856146001,21.973966720343533,0.2616747181964573,,,,,,,,
6,77.73752012882447,21.886741814278047,0.2616747181964573,0.11406333870101985,,,,,,,
7,76.77804616210413,22.73886205045625,0.2616747181964573,0.11406333870101985,0.10735373054213634,,,,,,
8,68.94122383252818,30.360976918947934,0.2616747181964573,0.11406333870101985,0.1878690284487386,0.13419216317767044,,,,,
9,68.51851851851852,26.986044015029524,0.3421900161030596,0.10735373054213634,0.2683843263553409,2.49597423510467,1.2815351583467525,,,,
10,66.72705314009661,28.77750939345142,0.4830917874396135,0.10735373054213634,0.2683843263553409,2.3550724637681157,1.2815351583467525,,,,
11,66.6935050993022,28.71712292002147,0.4830917874396135,0.10735373054213634,0.2683843263553409,2.4490069779924855,1.2815351583467525,,,,
12,66.63311862587224,26.50295222758991,0.47638217928073,0.05367686527106817,0.2683843263553409,4.643048845947397,1.2681159420289856,0.15432098765432098,,,
13,61.02388620504563,32.01154052603328,0.630703166935051,0.05367686527106817,0.24154589371980675,4.62962962962963,1.2681159420289856,0.14090177133655393,,,
14,60.06441223832528,30.407944176060116,0.7246376811594203,0.05367686527106817,0.24154589371980675,7.367149758454106,0.9997316156736447,0.14090177133655393,,,
15,59.68867418142781,30.870907139023082,0.7246376811594203,0.05367686527106817,0.24154589371980675,7.313472893183038,0.966183574879227,0.14090177133655393,,,
16,57.6154052603328,30.669618894256576,0.9997316156736447,0.05367686527106817,2.6502952227589907,6.944444444444445,0.9259259259259259,0.14090177133655393,,,
17,54.83762748255502,31.85721953837896,0.9997316156736447,0.10064412238325282,2.6502952227589907,8.165593129361245,1.247987117552335,0.14090177133655393,,,
18,54.589371980676326,31.776704240472355,1.1137949543746646,0.322061191626409,2.6502952227589907,8.158883521202362,1.247987117552335,0.14090177133655393,,,
19,43.68625872249061,40.41867954911433,0.5166398282340311,0.5032206119162641,8.132045088566828,5.495169082125604,1.0399892646269457,0.14090177133655393,0.06709608158883522,,
20,43.88083735909823,40.00939345142244,0.6977992485238862,0.5032206119162641,8.192431561996779,5.475040257648954,1.0332796564680622,0.14090177133655393,0.06709608158883522,,
21,43.25684380032206,39.76784755770263,0.6977992485238862,0.5032206119162641,9.16532474503489,5.434782608695652,1.0332796564680622,0.14090177133655393,,,
22,38.38566827697262,44.07541599570585,0.9728931830381106,0.6374127750939346,9.339774557165862,5.414653784219001,1.0332796564680622,0.14090177133655393,,,
23,38.439345142243695,40.62667740203972,1.3150831991411702,0.9460547504025765,9.252549651100376,5.414653784219001,3.864734299516908,0.14090177133655393,,,
24,38.727858293075684,40.425389157273216,1.3150831991411702,0.9460547504025765,9.098228663446054,5.414653784219001,3.864734299516908,0.14090177133655393,0.06709608158883522,,
25,28.495705850778315,46.141975308641975,0.8722490606548577,0.6776704240472357,12.130971551261407,7.7898550724637685,3.683574879227053,0.14090177133655393,0.06709608158883522,,
26,28.569511540526033,42.881105743424584,0.8722490606548577,0.8051529790660226,15.291196994095545,7.722758990874933,3.6500268384326353,0.14090177133655393,0.06709608158883522,,
27,28.804347826086957,42.82742887815352,0.9594739667203436,0.8051529790660226,15.170424047235642,7.588566827697263,3.6366076221148687,0.14090177133655393,0.06709608158883522,,
28,28.938539989264626,42.659688674181425,1.0869565217391304,0.8051529790660226,15.116747181964573,7.548309178743962,3.6366076221148687,0.14090177133655393,0.06709608158883522,,
29,29.25389157273215,42.41814278046162,1.0869565217391304,0.8990874932903918,14.949006977992486,7.494632313472893,3.5829307568438002,0.14090177133655393,0.17444981213097155,,
30,29.200214707461082,39.170692431561996,1.0869565217391304,0.9594739667203436,11.77536231884058,15.70048309178744,1.5230810520665594,0.24825550187869028,0.28180354267310787,0.05367686527106817,
31,24.872517444981213,29.985238862050455,1.0265700483091786,2.2611379495437465,10.520665593129362,28.891572732152444,1.4090177133655395,0.8051529790660226,0.17444981213097155,0.05367686527106817,
32,23.886205045625335,31.146001073537306,1.0265700483091786,2.7106816961889426,10.151637144390767,28.64331723027375,1.402308105206656,0.8051529790660226,0.17444981213097155,0.05367686527106817,
33,23.121309715512613,32.06521739130435,1.0265700483091786,2.7509393451422435,10.02415458937198,28.341384863123995,1.402308105206656,1.0399892646269457,0.17444981213097155,0.05367686527106817,
34,22.913311862587225,30.495169082125603,0.7179280730005367,2.7509393451422435,9.970477724100913,30.421363392377884,1.402308105206656,1.0399892646269457,0.24154589371980675,0.04696725711218465,
35,23.289049919484704,30.099302200751477,0.7179280730005367,2.9723564143853998,9.943639291465379,29.87788513150832,1.402308105206656,1.4090177133655395,0.24154589371980675,0.04696725711218465,
36,23.839237788513152,29.958400429414922,0.7179280730005367,2.9388083735909825,9.762479871175524,29.49543746645196,1.402308105206656,1.6639828234031133,0.17444981213097155,0.04696725711218465,
37,24.255233494363928,29.676596886741816,0.8387010198604401,2.9253891572732154,9.648416532474503,29.294149221685455,1.402308105206656,1.737788513150832,0.17444981213097155,0.04696725711218465,
38,18.840579710144926,46.262748255501876,0.8252818035426731,3.455448201825013,9.447128287707997,18.666129898013956,1.3620504562533549,0.9192163177670424,0.17444981213097155,0.04696725711218465,
39,16.404991948470208,40.88835212023618,1.42914653784219,3.2004830917874396,8.816425120772946,27.68384326355341,0.43612453032742887,0.9192163177670424,0.17444981213097155,0.04696725711218465,
40,16.458668813741276,40.754159957058505,1.42914653784219,3.307836822329576,8.816425120772946,26.986044015029524,0.41599570585077833,1.6103059581320451,0.17444981213097155,0.04696725711218465,
41,16.800858829844337,40.5931293612453,1.3687600644122384,3.3011272141706924,8.769457863660762,26.918947933440688,0.41599570585077833,1.6103059581320451,0.17444981213097155,0.04696725711218465,
42,17.028985507246375,40.43880837359098,1.9927536231884058,3.388352120236178,8.715780998389693,26.133923778851315,0.41599570585077833,1.6639828234031133,0.17444981213097155,0.04696725711218465,
43,17.49194847020934,39.59339774557166,2.13365539452496,3.844605475040258,8.608427267847558,25.95276435856146,0.41599570585077833,1.6438539989264627,0.2683843263553409,0.04696725711218465,
44,18.14278046162104,39.16398282340311,2.120236178207193,3.878153515834675,8.59500805152979,25.717928073000536,0.46967257112184646,1.596886741814278,0.2683843263553409,0.04696725711218465,
45,18.572195383789587,36.963231347289316,2.677133655394525,3.69699409554482,8.561460010735374,24.90606548577563,2.5966183574879227,1.710950080515298,0.2683843263553409,0.04696725711218465,
46,18.914385399892645,36.64787976382179,2.7643585614600106,3.7238325281803544,8.561460010735374,24.792002147074612,2.5697799248523885,1.710950080515298,0.2683843263553409,0.04696725711218465,
47,19.26328502415459,36.29898013955985,2.7643585614600106,3.9452495974235107,8.447396672034353,24.664519592055825,2.5295222758990876,1.710950080515298,0.2549651100375738,0.12077294685990338,
48,19.97450348899624,36.10440150295223,2.7106816961889426,3.965378421900161,8.28636607622115,24.315619967793882,2.5295222758990876,1.7042404723564144,0.2885131508319914,0.12077294685990338,
49,19.712828770799785,32.98443370907139,2.757648953301127,5.770263016639828,8.017981749865807,25.959473966720342,2.5295222758990876,1.8585614600107354,0.2885131508319914,0.12077294685990338,
50,20.02818035426731,32.52818035426731,2.636876006441224,6.333870101986044,6.816961889425658,25.603864734299517,3.7573805689747717,1.8853998926462694,0.2885131508319914,0.12077294685990338,
51,20.1959205582394,32.1658615136876,2.932098765432099,6.374127750939345,6.790123456790123,24.630971551261407,3.5225442834138487,2.9790660225442833,0.2885131508319914,0.12077294685990338,
52,19.444444444444443,32.70263016639828,2.932098765432099,6.521739130434782,6.763285024154589,24.731615673644658,3.515834675254965,2.9790660225442833,0.2885131508319914,0.12077294685990338,
53,19.685990338164252,32.47450348899624,2.932098765432099,6.582125603864735,6.843800322061192,24.46323134728932,3.5091250670960816,3.099838969404187,0.2885131508319914,0.12077294685990338,
54,19.229736983360173,32.31347289318304,2.932098765432099,6.830381105743425,7.615405260332796,24.14787976382179,3.240740740740741,3.321256038647343,0.24825550187869028,0.12077294685990338,
55,18.075684380032207,28.32125603864734,2.9052603327965647,5.904455179817498,5.401234567901234,32.56843800322061,3.2139023081052067,3.4420289855072466,0.16774020397208803,,
56,18.59903381642512,28.10654857756307,2.9052603327965647,6.172839506172839,5.347557702630167,32.13231347289318,2.9924852388620504,3.4286097691894795,0.3153515834675255,,
57,18.92109500805153,27.905260332796566,2.9052603327965647,6.273483628556092,5.347557702630167,31.830381105743424,2.9119699409554483,3.5292538915727323,0.3153515834675255,,0.06038647342995169
58,19.176060118089104,27.623456790123456,2.8918411164787976,6.521739130434782,5.347557702630167,31.655931293612454,2.9119699409554483,3.4957058507783145,0.3153515834675255,,0.06038647342995169
59,19.41760601180891,27.529522275899087,3.046162104133119,8.910359634997317,5.3274288781535155,28.958668813741276,2.8381642512077296,3.603059581320451,0.30864197530864196,,0.06038647342995169
60,18.61916264090177,28.428609769189478,3.1870638754696725,9.057971014492754,5.314009661835748,28.71712292002147,2.703972088030059,3.44873859366613,0.30864197530864196,,0.2147074610842727
61,19.249865807836823,28.227321524422972,3.1468062265163717,9.057971014492754,5.314009661835748,28.173644659151904,2.6838432635534084,3.629898013955985,0.30193236714975846,,0.2147074610842727
62,19.53166935050993,27.85829307568438,3.2206119162640903,9.41358024691358,5.314009661835748,27.710681696188942,2.4355877616747184,3.9989264626945786,0.30193236714975846,,0.2147074610842727
63,19.860440150295222,27.241009125067094,3.3950617283950617,9.420289855072463,5.314009661835748,27.616747181964573,2.576489533011272,3.978797638217928,0.30193236714975846,0.08051529790660225,0.2147074610842727
64,16.150026838432634,23.839237788513152,3.3413848631239937,8.132045088566828,11.728395061728396,30.803811057434245,2.4557165861513686,3.0595813204508855,0.32877079978529256,,0.1610305958132045
65,16.391572732152444,23.825818572195384,3.294417606011809,7.722758990874933,13.499731615673644,29.26731078904992,2.4557165861513686,3.052871712292002,0.32877079978529256,,0.1610305958132045
66,16.814278046162105,23.792270531400966,3.294417606011809,7.635534084809447,13.365539452495975,29.126409017713364,2.428878153515835,3.052871712292002,0.32877079978529256,,0.1610305958132045
67,17.357756307031668,23.59098228663446,3.2206119162640903,7.588566827697263,13.285024154589372,28.958668813741276,2.4020397208803006,3.113258185721954,0.32877079978529256,,0.15432098765432098
68,17.444981213097154,22.5979602791197,4.40150295222759,7.5281803542673105,13.271604938271604,28.81105743424584,2.395330112721417,3.066290928609769,0.32877079978529256,,0.15432098765432098
69,17.53220611916264,21.430488459473967,4.38137412775094,7.48792270531401,13.16425120772947,28.569511540526033,3.898282340311326,3.052871712292002,0.32877079978529256,,0.15432098765432098
70,17.297369833601717,20.497852925389157,4.159957058507783,5.864197530864198,10.93666129898014,33.621846484165324,3.898282340311326,3.1535158346752548,0.41599570585077833,,0.15432098765432098
71,17.599302200751477,20.283145464304884,4.146537842190016,5.844068706387547,10.903113258185721,33.467525496511,4.03918411164788,3.1468062265163717,0.41599570585077833,,0.15432098765432098
72,18.06226516371444,20.014761137949545,4.260601180891036,5.844068706387547,10.876274825550189,33.15888352120236,3.9989264626945786,3.2139023081052067,0.41599570585077833,,0.15432098765432098
73,18.69296833064949,19.887278582930758,4.193505099302201,5.844068706387547,10.701825013419215,32.92404723564144,3.9586688137412773,3.227321524422974,0.41599570585077833,,0.15432098765432098
74,19.082125603864736,19.665861513687602,4.186795491143317,5.743424584004294,10.654857756307031,32.66237251744498,4.032474503488996,3.4017713365539453,0.41599570585077833,,0.15432098765432098
75,17.887815351583466,16.458668813741276,4.247181964573269,5.676328502415459,16.59957058507783,31.716317767042405,3.4688674181427803,3.374932903918411,0.41599570585077833,,0.15432098765432098
76,18.323939881910896,16.297638217928075,4.200214707461084,5.736714975845411,16.545893719806763,31.427804616210413,3.44873859366613,3.44873859366613,0.41599570585077833,,0.15432098765432098
77,18.61916264090177,16.27750939345142,4.159957058507783,5.703166935050993,16.505636070853463,31.273483628556093,3.44873859366613,3.4420289855072466,0.41599570585077833,,0.15432098765432098
78,18.095813204508858,15.640096618357488,3.9184111647879765,5.46833064949007,19.404186795491142,30.005367686527105,3.435319377348363,3.3950617283950617,0.4830917874396135,,0.15432098765432098
79,18.183038110574344,15.640096618357488,3.797638217928073,5.35426731078905,19.370638754696724,30.307300053676865,3.3480944712828773,3.361513687600644,0.4830917874396135,,0.15432098765432098
80,18.00187869028449,15.49248523886205,3.5091250670960816,5.475040257648954,18.699677938808374,31.300322061191626,3.3480944712828773,3.5091250670960816,0.5099302200751477,,0.15432098765432098
81,17.444981213097154,13.593666129898015,2.804616210413312,5.199946323134729,17.45169082125604,36.131239935587764,3.280998389694042,3.4286097691894795,0.5099302200751477,,0.15432098765432098
82,16.505636070853463,22.852925389157274,2.509393451422437,5.159688674181428,17.277241009125067,28.918411164787976,3.2675791733762747,2.844873859366613,0.5099302200751477,,0.15432098765432098
83,16.59286097691895,22.765700483091788,2.509393451422437,5.508588298443371,16.961889425657542,28.65673644659152,3.227321524422974,2.9723564143853998,0.6508319914117016,,0.15432098765432098
84,17.062533548040793,22.463768115942027,2.509393451422437,5.709876543209877,16.794149221685455,28.30112721417069,3.3816425120772946,2.9723564143853998,0.6508319914117016,,0.15432098765432098
85,17.458400429414922,22.36983360171766,2.509393451422437,5.622651637144391,16.680085882984432,28.213902308105208,3.3682232957595275,2.9723564143853998,0.6508319914117016,,0.15432098765432098
86,17.3040794417606,21.175523349436393,2.4154589371980677,5.3274288781535155,20.001341921631777,26.637144390767578,3.3682232957595275,2.7844873859366612,0.8319914117015567,,0.15432098765432098
87,17.894524959742352,20.987654320987655,2.4154589371980677,5.287171229200215,19.659151905528716,26.42914653784219,3.3548040794417604,2.898550724637681,0.9192163177670424,,0.15432098765432098
88,18.129361245303276,18.947933440687063,2.4154589371980677,5.273752012882448,19.390767579173378,26.27482555018787,5.595813204508857,2.898550724637681,0.9192163177670424,,0.15432098765432098
89,18.511808910359633,18.632581857219538,2.522812667740204,5.293880837359098,19.155931293612454,25.986312399355878,5.535426731078905,3.2877079978529253,0.9192163177670424,,0.15432098765432098
90,18.706387546967257,18.511808910359633,2.5161030595813205,5.481749865807837,19.0552871712292,25.81857219538379,5.515297906602254,3.2877079978529253,0.95276435856146,,0.15432098765432098
91,18.706387546967257,17.733494363929147,2.5966183574879227,5.622651637144391,21.618357487922705,23.832528180354267,5.495169082125604,3.2877079978529253,0.95276435856146,,0.15432098765432098
92,18.96135265700483,17.55233494363929,2.5966183574879227,6.125872249060655,21.443907675791735,23.557434245840042,5.246913580246914,3.408480944712829,0.95276435856146,,0.15432098765432098
93,17.98174986580784,16.800858829844337,2.4892646269457863,5.790391841116479,20.967525496511005,25.335480407944175,6.112453032742888,3.44873859366613,0.9192163177670424,,0.15432098765432098
94,18.391035963499732,16.659957058507782,2.4355877616747184,5.783682232957595,20.551529790660226,25.05367686527107,6.1862587224906065,3.535963499731616,1.247987117552335,,0.15432098765432098
95,18.813741277509394,16.639828234031132,2.5429414922168547,5.756843800322061,20.38378958668814,24.92619431025228,6.119162640901771,3.4151905528717124,1.247987117552335,,0.15432098765432098
96,18.230005367686527,16.13660762211487,2.657004830917874,5.367686527106817,21.564680622651636,24.00697799248524,7.340311325818572,3.294417606011809,1.247987117552335,,0.15432098765432098
97,18.45813204508857,16.10305958132045,2.657004830917874,5.401234567901234,21.4170692431562,23.845947396672035,7.39398819108964,3.321256038647343,1.247987117552335,,0.15432098765432098
98,18.773483628556093,16.029253891572733,2.623456790123457,5.387815351583468,21.276167471819647,22.953569511540525,8.064949006977992,3.515834675254965,1.221148684916801,,0.15432098765432098
99,19.135802469135804,15.801127214170693,2.757648953301127,5.448201825013419,21.088298443370906,22.873054213633925,8.044820182501342,3.475577026301664,1.221148684916801,,0.15432098765432098
100,19.256575415995705,15.734031132581856,2.7308105206655933,5.924584004294149,20.96081588835212,22.497316156736446,8.044820182501342,3.475577026301664,1.221148684916801,,0.15432098765432098
101,19.350509930220074,15.955448201825014,2.831454643048846,5.924584004294149,20.799785292538918,22.32957595276436,8.017981749865807,3.4151905528717124,1.221148684916801,,0.15432098765432098
102,19.350509930220074,15.787707997852925,4.441760601180891,5.971551261406334,19.692699946323135,22.148416532474503,7.883789586688137,3.4017713365539453,1.1674718196457328,,0.15432098765432098
103,19.43102522812668,15.727321524422974,4.374664519592056,6.179549114331723,19.605475040257648,21.900161030595815,7.87037037037037,3.5963499731615673,1.1607622114868492,,0.15432098765432098
104,19.847020933977454,15.566290928609769,4.374664519592056,6.3137412775093935,19.410896403650028,21.77938808373591,7.809983896940419,3.5963499731615673,1.1473429951690821,,0.15432098765432098
105,19.900697799248523,15.150295222758992,4.367954911433173,6.421095008051529,19.196188942565755,22.18196457326892,7.729468599033816,3.5292538915727323,1.288244766505636,0.08051529790660225,0.15432098765432098
106,20.175791733762747,15.069779924852389,4.367954911433173,6.400966183574879,19.02173913043478,22.148416532474503,7.709339774557166,3.5292538915727323,1.3419216317767042,0.08051529790660225,0.15432098765432098
107,20.343531937734838,15.049651100375739,4.367954911433173,6.400966183574879,18.914385399892645,21.940418679549115,7.709339774557166,3.69699409554482,1.3419216317767042,0.08051529790660225,0.15432098765432098
108,20.50456253354804,14.928878153515834,4.42163177670424,6.340579710144928,18.585614600107355,22.20209339774557,7.628824476650563,3.8311862587224907,1.3217928073000538,0.08051529790660225,0.15432098765432098
109,20.913848631239937,14.707461084272678,5.032206119162641,6.347289318303811,18.57890499194847,22.08132045088567,6.971282877079979,3.8177670424047236,1.3150831991411702,0.08051529790660225,0.15432098765432098
110,20.38378958668814,14.27133655394525,4.911433172302737,5.730005367686527,20.491143317230275,22.04777241009125,6.937734836285561,3.670155662909286,1.3217928073000538,0.08051529790660225,0.15432098765432098
111,20.78636607622115,13.935856146001074,4.884594739667204,5.8172302737520125,20.40391841116479,21.79951690821256,7.192699946323135,3.6500268384326353,1.2949543746645196,0.08051529790660225,0.15432098765432098
112,20.699141170155663,13.539989264626946,4.951690821256038,5.884326355340848,19.79334406870639,23.463499731615673,6.629092860976919,3.5091250670960816,1.2949543746645196,0.08051529790660225,0.15432098765432098
113,20.336822329575952,13.419216317767042,3.7909286097691894,5.884326355340848,19.216317767042405,25.825281803542673,6.608964036500268,3.388352120236178,1.2949543746645196,0.08051529790660225,0.15432098765432098
114,20.531400966183575,13.305152979066023,3.7640901771336552,6.092324208266238,19.162640901771336,25.731347289318304,6.5485775630703165,3.361513687600644,1.2681159420289856,0.08051529790660225,0.15432098765432098
115,20.457595276435857,12.902576489533011,3.9184111647879765,6.414385399892646,18.86070853462158,25.207997852925388,7.367149758454106,3.2340311325818574,1.402308105206656,0.08051529790660225,0.15432098765432098
116,19.85373054213634,12.848899624261943,3.7909286097691894,6.414385399892646,15.465646806226516,30.03220611916264,7.353730542136339,2.965646806226516,1.1943102522812667,0.08051529790660225,
117,20.222758990874933,12.674449812130971,3.7909286097691894,6.394256575415996,15.344873859366613,29.824208266237253,7.333601717659689,3.140096618357488,1.1943102522812667,0.08051529790660225,
118,20.249597423510465,12.318840579710145,3.656736446591519,6.582125603864735,15.009393451422437,30.461621041331185,7.273215244229737,3.1736446591519054,1.1943102522812667,0.08051529790660225,
119,20.00805152979066,12.27187332259796,5.065754159957058,6.528448738593666,14.915458937198068,29.542404723564143,7.139023081052066,3.207192699946323,1.288244766505636,0.03354804079441761,
120,20.142243692968332,12.124261943102523,4.99194847020934,6.702898550724638,14.298174986580785,30.059044551798173,7.051798174986581,3.307836822329576,1.288244766505636,0.03354804079441761,
121,20.551529790660226,12.050456253354804,4.9651100375738055,6.743156199677939,14.170692431561998,29.837627482555018,6.89747718733226,3.4621578099838968,1.288244766505636,0.03354804079441761,
122,20.779656468062264,11.996779388083736,4.9651100375738055,6.743156199677939,13.969404186795492,29.777241009125067,6.870638754696726,3.44873859366613,1.415727321524423,0.03354804079441761,
123,21.014492753623188,11.969940955448202,4.918142780461621,7.353730542136339,13.868760064412239,29.052603327965645,6.857219538378959,3.5225442834138487,1.4090177133655395,0.03354804079441761,
124,21.34326355340848,11.943102522812667,4.978529253891573,7.340311325818572,13.841921631776705,28.71712292002147,6.790123456790123,3.6231884057971016,1.3888888888888888,0.03354804079441761,
125,21.115136876006442,11.735104669887278,4.736983360171766,6.749865807836822,16.25067096081589,27.462426194310254,6.729736983360172,3.6902844873859366,1.4559849704777241,0.07380568974771873,
126,21.182232957595275,11.681427804616211,4.636339237788513,7.078636607622115,16.170155662909288,27.455716586151368,6.608964036500268,3.6097691894793345,1.5029522275899088,0.07380568974771873,
127,21.4573268921095,11.647879763821793,4.985238862050457,6.957863660762212,15.942028985507246,27.355072463768117,6.608964036500268,3.5091250670960816,1.4626945786366077,0.07380568974771873,
128,21.289586688137412,11.56736446591519,6.91760601180891,6.816961889425658,15.874932903918411,26.435856146001072,5.9514224369296835,3.502415458937198,1.4559849704777241,0.1878690284487386,
129,21.62506709608159,11.366076221148685,6.910896403650026,6.8035426731078905,15.827965646806227,26.261406333870102,6.0587761674718195,3.502415458937198,1.4559849704777241,0.1878690284487386,
130,21.35668276972625,10.836017176596886,6.769994632313473,6.8035426731078905,17.69994632313473,25.959473966720342,5.9514224369296835,3.1468062265163717,1.2949543746645196,0.18115942028985507,
131,21.584809447128286,10.50053676865271,6.152710681696189,6.743156199677939,17.485238862050455,25.684380032206118,7.333601717659689,3.0595813204508855,1.2748255501878691,0.18115942028985507,
132,21.69887278582931,10.46027911969941,6.280193236714976,6.877348362855609,17.787171229200215,25.355609232420825,7.092055823939882,3.0193236714975846,1.247987117552335,0.18115942028985507,
133,21.833064949006978,10.420021470746109,6.280193236714976,7.018250134192163,17.713365539452496,25.167740203972087,7.085346215780999,3.0193236714975846,1.2077294685990339,0.2549651100375738,
134,22.20209339774557,10.225442834138486,6.347289318303811,6.957863660762212,17.840848094471284,25.11406333870102,6.863929146537842,3.012614063338701,1.1808910359634996,0.2549651100375738,
135,22.322866344605476,10.165056360708535,6.347289318303811,7.105475040257649,17.773752012882447,24.436392914653783,6.830381105743425,3.5829307568438002,1.1808910359634996,0.2549651100375738,
136,22.470477724100913,9.420289855072463,6.293612453032743,7.132313472893183,17.49194847020934,25.51663982823403,6.595544820182502,3.683574879227053,1.1406333870101986,0.2549651100375738,
137,22.873054213633925,9.420289855072463,6.233225979602791,7.118894256575416,17.24369296833065,25.462962962962962,6.595544820182502,3.656736446591519,1.1406333870101986,0.2549651100375738,
138,23.060923242082662,9.312936124530328,6.266774020397209,7.105475040257649,17.156468062265162,25.43612453032743,6.5552871712292005,3.656736446591519,1.1943102522812667,0.2549651100375738,
139,23.07434245840043,9.272678475577026,6.66935050993022,7.14573268921095,16.82769726247987,25.38244766505636,6.521739130434782,3.656736446591519,1.1943102522812667,0.2549651100375738,
140,23.349436392914654,9.232420826623725,6.635802469135802,7.239667203435319,16.76731078904992,25.07380568974772,6.521739130434782,3.683574879227053,1.2412775093934514,0.2549651100375738,
141,23.62453032742888,9.225711218464841,6.561996779388084,7.467793880837359,16.646537842190018,24.932903918411164,6.374127750939345,3.670155662909286,1.2412775093934514,0.2549651100375738,
142,24.114331723027377,9.225711218464841,6.521739130434782,7.5281803542673105,16.49892646269458,24.651100375738057,6.226516371443908,3.7372517444981215,1.2412775093934514,0.2549651100375738,
143,24.362587224906065,9.185453569511541,6.494900697799249,7.514761137949543,17.579173376274827,23.356146001073537,6.353998926462695,3.730542136339238,1.2010198604401503,0.2214170692431562,
144,24.4296833064949,9.145195920558239,6.481481481481482,7.48792270531401,17.337627482555018,23.242082662372518,6.635802469135802,3.8177670424047236,1.2010198604401503,0.2214170692431562,
145,24.60413311862587,9.037842190016104,6.709608158883521,7.702630166398282,17.337627482555018,22.926731078904993,6.528448738593666,3.784219001610306,1.1674718196457328,0.20128824476650564,
146,24.89935587761675,9.017713365539452,6.635802469135802,7.897208803005904,17.08937198067633,22.765700483091788,6.494900697799249,3.911701556629093,1.0869565217391304,0.20128824476650564,
147,25.174449812130973,9.01100375738057,6.608964036500268,7.877079978529254,17.062533548040793,22.63150831991412,6.380837359098229,3.8714439076757916,1.0869565217391304,0.2952227589908749,
148,24.188137412775095,7.541599570585078,6.447933440687064,10.077831454643048,16.10305958132045,23.993558776167472,6.515029522275899,3.750670960815888,1.0869565217391304,0.2952227589908749,
149,24.44981213097155,7.367149758454106,6.508319914117015,10.245571658615138,15.962157809983896,23.738593666129898,6.400966183574879,3.8311862587224907,1.2144390767579174,0.28180354267310787,
150,24.530327428878152,7.286634460547504,6.461352657004831,10.23215244229737,16.61969940955448,23.403113258185723,6.273483628556092,3.750670960815888,1.1607622114868492,0.28180354267310787,
151,23.866076221148685,6.749865807836822,6.3137412775093935,8.413848631239935,14.49946323134729,27.75764895330113,7.380568974771873,3.750670960815888,1.0466988727858293,0.2214170692431562,
152,24.476650563607084,6.736446591519055,6.206387546967257,8.521202361782072,14.318303811057435,27.3215244229737,7.37385936661299,3.7909286097691894,1.0332796564680622,0.2214170692431562,
153,24.12775093934514,6.736446591519055,6.159420289855072,8.044820182501342,16.512345679012345,26.147342995169083,7.39398819108964,3.6231884057971016,1.0332796564680622,0.2214170692431562,
154,22.879763821792807,6.622383252818035,5.844068706387547,7.695920558239399,17.58588298443371,28.368223295759528,6.407675791733762,3.361513687600644,1.0399892646269457,0.19457863660762212,
155,23.19511540526033,6.488191089640365,5.911164787976382,7.702630166398282,17.579173376274827,28.14680622651637,6.347289318303811,3.3950617283950617,1.0399892646269457,0.19457863660762212,
156,23.470209339774556,6.488191089640365,5.864197530864198,7.702630166398282,17.579173376274827,27.932098765432098,6.333870101986044,3.3950617283950617,1.0399892646269457,0.19457863660762212,
157,23.544015029522274,6.461352657004831,5.8239398819108965,7.7831454643048845,17.458400429414922,27.791196994095547,6.528448738593666,3.388352120236178,1.0265700483091786,0.19457863660762212,
158,23.731884057971016,6.447933440687064,5.850778314546431,7.75630703166935,17.324208266237253,27.771068169618893,6.454643048845948,3.455448201825013,1.0265700483091786,0.18115942028985507,
159,24.22168545356951,6.407675791733762,5.83064949006978,7.669082125603865,17.10950080515298,27.415458937198068,6.5552871712292005,3.5829307568438002,1.0265700483091786,0.18115942028985507,
160,24.228395061728396,6.246645195920558,5.8239398819108965,7.763016639828234,20.511272141706925,24.422973698336016,6.5552871712292005,3.240740740740741,1.0265700483091786,0.18115942028985507,
161,24.630971551261407,6.092324208266238,5.8172302737520125,7.856951154052603,20.222758990874933,24.308910359634996,6.5485775630703165,3.3145464304884595,1.0265700483091786,0.18115942028985507,
162,24.86580783682233,6.0654857756307035,5.797101449275362,7.917337627482555,20.101986044015028,24.20155662909286,6.582125603864735,3.3011272141706924,0.9863123993558777,0.18115942028985507,
163,25.335480407944175,6.0587761674718195,5.783682232957595,7.830112721417069,19.920826623725173,23.993558776167472,6.608964036500268,3.3011272141706924,0.9863123993558777,0.18115942028985507,
164,25.429414922168544,6.031937734836285,5.756843800322061,8.11862587224906,19.665861513687602,23.926462694578635,6.595544820182502,3.260869565217391,1.0332796564680622,0.18115942028985507,
165,25.563607085346217,6.018518518518518,5.703166935050993,7.96430488459474,19.612184648416534,23.839237788513152,6.649221685453569,3.435319377348363,1.0332796564680622,0.18115942028985507,
166,25.469672571121848,6.011808910359635,6.206387546967257,7.9106280193236715,19.558507783145465,23.691626409017715,6.5552871712292005,3.4688674181427803,0.9728931830381106,0.15432098765432098,
167,25.6105743424584,5.857487922705314,6.152710681696189,8.125335480407944,19.424315619967793,23.59098228663446,6.66935050993022,3.4621578099838968,0.9728931830381106,0.13419216317767044,
168,25.523349436392916,5.730005367686527,6.253354804079442,8.111916264090176,20.068438003220614,23.49033816425121,6.347289318303811,3.4151905528717124,0.9259259259259259,0.13419216317767044,
169,25.805152979066023,5.6964573268921095,6.1862587224906065,8.145464304884594,20.108695652173914,23.235373054213635,6.266774020397209,3.4957058507783145,0.9259259259259259,0.13419216317767044,
170,26.093666129898015,5.669618894256575,6.172839506172839,8.13875469672571,19.900697799248523,22.973698336017176,6.340579710144928,3.5225442834138487,1.0534084809447128,0.13419216317767044,
171,26.247987117552334,5.609232420826624,6.360708534621578,8.07836822329576,19.726247987117553,22.906602254428343,6.3137412775093935,3.589640365002684,1.0332796564680622,0.13419216317767044,
172,26.41572732152442,5.58239398819109,6.206387546967257,8.299785292538916,19.612184648416534,22.564412238325282,6.528448738593666,3.556092324208266,1.1003757380568975,0.13419216317767044,
173,26.623725174449813,5.58239398819109,6.226516371443908,8.279656468062266,19.424315619967793,22.376543209876544,6.528448738593666,3.6231884057971016,1.2010198604401503,0.13419216317767044,
174,26.838432635534083,5.555555555555555,6.119162640901771,8.353462157809984,19.14922168545357,22.228931830381107,6.702898550724638,3.717122920021471,1.2010198604401503,0.13419216317767044,
175,26.73107890499195,5.193236714975845,6.172839506172839,7.877079978529254,18.800322061191626,22.04777241009125,8.172302737520129,3.670155662909286,1.2010198604401503,0.13419216317767044,
176,26.496242619431026,4.911433172302737,6.0587761674718195,8.165593129361245,19.061996779388085,22.034353193773484,8.024691358024691,3.911701556629093,1.2010198604401503,0.13419216317767044,
177,26.838432635534083,4.911433172302737,6.0587761674718195,8.145464304884594,18.773483628556093,21.920289855072465,7.937466451959206,4.079441760601181,1.2010198604401503,0.13419216317767044,
178,27.15378421900161,4.87788513150832,6.0587761674718195,8.145464304884594,18.719806763285025,21.786097691894792,7.843531937734836,4.079441760601181,1.2010198604401503,0.13419216317767044,
179,27.563070316693505,4.830917874396135,6.199677938808374,7.98443370907139,18.471551261406333,21.66532474503489,7.776435856146001,4.200214707461084,1.1741814278046163,0.13419216317767044,
180,27.583199141170155,4.817498658078368,6.568706387546968,7.85024154589372,18.397745571658614,21.43719806763285,7.917337627482555,4.119699409554482,1.1741814278046163,0.13419216317767044,
181,27.77777777777778,4.777241009125067,6.521739130434782,7.890499194847021,18.303811057434245,21.329844337090712,7.971014492753623,4.119699409554482,1.1741814278046163,0.13419216317767044,
182,27.925389157273216,4.7638217928073,6.5552871712292005,8.004562533548041,18.223295759527645,21.068169618894256,7.957595276435856,4.193505099302201,1.1741814278046163,0.13419216317767044,
183,28.207192699946322,4.703435319377348,6.776704240472356,7.890499194847021,18.04884594739667,20.88030059044552,8.024691358024691,4.166666666666667,1.1674718196457328,0.13419216317767044,
184,28.64331723027375,4.676596886741814,6.816961889425658,7.856951154052603,18.095813204508858,20.685721953837895,7.816693505099302,4.106280193236715,1.1674718196457328,0.13419216317767044,
185,28.629898013955984,4.616210413311863,6.816961889425658,7.447665056360709,19.07541599570585,20.598497047772412,7.407407407407407,4.106280193236715,1.1674718196457328,0.13419216317767044,
186,28.65673644659152,4.5960815888352125,6.790123456790123,7.39398819108964,19.0150295222759,20.209339774557165,7.971014492753623,4.092860976918948,1.1406333870101986,0.13419216317767044,
187,26.50295222758991,3.4151905528717124,6.421095008051529,6.219806763285024,17.76033279656468,28.327965646806227,6.8035426731078905,3.743961352657005,0.8051529790660226,,
188,26.670692431561996,3.4017713365539453,6.4412238325281805,6.340579710144928,17.74020397208803,28.173644659151904,6.763285024154589,3.6634460547504024,0.8051529790660226,,
189,26.92565754159957,3.388352120236178,6.4412238325281805,6.260064412238325,17.632850241545892,27.965646806226516,6.850509930220075,3.656736446591519,0.8789586688137413,,
190,26.89210950080515,3.2004830917874396,6.320450885668277,6.219806763285024,17.062533548040793,26.684111647879764,8.957326892109501,3.8580246913580245,0.8051529790660226,,
191,27.059849704777243,3.2004830917874396,6.320450885668277,6.1862587224906065,16.894793344068706,26.516371443907676,8.93719806763285,4.079441760601181,0.8051529790660226,,
192,25.986312399355878,3.1333870101986045,6.018518518518518,6.125872249060655,13.311862587224907,32.890499194847024,8.09849704777241,3.844605475040258,0.5904455179817498,,
193,26.288244766505635,3.1333870101986045,6.119162640901771,6.253354804079442,13.258185721953838,32.39398819108964,8.064949006977992,3.898282340311326,0.5904455179817498,,
194,24.342458400429415,9.386741814278047,5.662909286097692,5.904455179817498,12.855609232420827,30.58239398819109,7.461084272678476,3.2206119162640903,0.5837359098228664,,
195,24.550456253354803,9.366612989801396,5.649490069779925,6.152710681696189,12.754965110037574,30.16639828234031,7.461084272678476,3.3145464304884595,0.5837359098228664,,
196,24.08078368223296,9.312936124530328,5.649490069779925,6.085614600107354,12.385936661298981,31.253354804079443,7.1725711218464845,3.488996242619431,0.5703166935050993,,
197,24.329039184111647,9.265968867418144,5.555555555555555,6.461352657004831,12.124261943102523,30.797101449275363,7.501341921631776,3.3950617283950617,0.5703166935050993,,
198,24.58400429414922,9.265968867418144,5.522007514761138,6.407675791733762,12.070585077831455,30.683038110574344,7.454374664519592,3.4420289855072466,0.5703166935050993,,
199,24.953032742887814,9.212292002147075,5.615942028985507,6.367418142780462,11.862587224906065,30.454911433172303,7.521470746108427,3.4420289855072466,0.5703166935050993,,
200,25.201288244766506,9.151905528717123,5.9447128287707995,6.5485775630703165,11.735104669887278,29.958400429414922,7.333601717659689,3.556092324208266,0.5703166935050993,,
201,25.509930220075148,8.84326355340848,5.978260869565218,6.823671497584541,11.728395061728396,29.757112184648417,7.232957595276436,3.556092324208266,0.5703166935050993,,
202,25.97289318303811,8.796296296296296,5.924584004294149,6.823671497584541,11.614331723027375,29.51556629092861,7.232957595276436,3.5963499731615673,0.5233494363929146,,
203,26.31508319914117,8.695652173913043,5.857487922705314,6.769994632313473,11.782071926999464,29.26731078904992,7.185990338164252,3.603059581320451,0.5233494363929146,,
204,26.31508319914117,8.588298443370908,6.072195383789587,6.736446591519055,11.936392914653783,29.07944176060118,7.14573268921095,3.603059581320451,0.5233494363929146,,
205,26.757917337627482,8.501073537305421,5.911164787976382,6.850509930220075,11.761943102522812,29.005636070853463,7.092055823939882,3.5963499731615673,0.5233494363929146,,
206,26.959205582393988,8.501073537305421,5.783682232957595,6.9310252281266775,11.728395061728396,28.92512077294686,7.058507783145465,3.589640365002684,0.5233494363929146,,
207,27.113526570048307,8.440687063875469,5.797101449275362,6.9310252281266775,11.741814278046162,28.85131508319914,7.024959742351046,3.5762211486849167,0.5233494363929146,,
208,27.38191089640365,8.407139023081053,5.736714975845411,6.971282877079979,11.60762211486849,28.529253891572733,6.9243156199677935,3.8311862587224907,0.6105743424584005,,
209,27.529522275899087,7.62211486849168,5.8239398819108965,7.7831454643048845,11.594202898550725,28.35480407944176,6.910896403650026,3.770799785292539,0.6105743424584005,,
210,27.83816425120773,7.447665056360709,5.803811057434245,7.890499194847021,11.520397208803006,28.267579173376276,6.863929146537842,3.7573805689747717,0.6105743424584005,,
211,27.871712292002147,7.440955448201825,5.770263016639828,8.527911969940956,11.386205045625335,27.791196994095547,6.857219538378959,3.750670960815888,0.6038647342995169,,
212,28.026033279656467,7.434245840042942,5.528717122920021,8.789586688137414,11.3191089640365,27.583199141170155,7.058507783145465,3.6634460547504024,0.5971551261406334,,
213,28.307836822329577,7.4208266237251745,5.515297906602254,8.957326892109501,11.198336017176597,27.334943639291467,7.071926999463232,3.5963499731615673,0.5971551261406334,,
214,28.6231884057971,7.360440150295223,5.58239398819109,9.185453569511541,11.18491680085883,27.03972088030059,6.884057971014493,3.5426731078904994,0.5971551261406334,,
215,28.945249597423512,7.139023081052066,5.60252281266774,9.265968867418144,11.104401502952227,26.798174986580783,7.018250134192163,3.5292538915727323,0.5971551261406334,,
216,29.21363392377885,7.118894256575416,5.60252281266774,9.23913043478261,11.05072463768116,26.663982823403114,6.991411701556629,3.5225442834138487,0.5971551261406334,,
217,29.166666666666668,7.118894256575416,5.689747718733226,9.359903381642512,11.030595813204508,26.529790660225444,6.998121309715513,3.5091250670960816,0.5971551261406334,,
218,29.24718196457327,7.092055823939882,5.71658615136876,9.4873859366613,10.990338164251208,26.37546967257112,6.944444444444445,3.549382716049383,0.5971551261406334,,
219,29.086151368760063,6.998121309715513,5.401234567901234,9.386741814278047,12.224906065485776,25.89908749329039,6.870638754696726,3.535963499731616,0.5971551261406334,,
