,45,50,54,51,56,53,52,55,58,57,59,60
0,96.47745571658615,3.44873859366613,0.07380568974771873,,,,,,,,,
1,96.25603864734299,3.670155662909286,0.07380568974771873,,,,,,,,,
2,92.53891572732152,7.387278582930757,0.07380568974771873,,,,,,,,,
3,73.41653247450348,25.462962962962962,0.07380568974771873,1.0466988727858293,,,,,,,,
4,71.01449275362319,22.987117552334944,0.06038647342995169,5.897745571658615,0.040257648953301126,,,,,,,
5,66.68008588298443,27.26113794954375,0.14761137949543746,5.870907139023081,0.040257648953301126,,,,,,,
6,64.78797638217928,29.294149221685455,0.1274825550187869,5.615942028985507,0.17444981213097155,,,,,,,
7,64.77455716586151,29.320987654320987,0.1274825550187869,5.60252281266774,0.17444981213097155,,,,,,,
8,52.19404186795491,41.90150295222759,0.1274825550187869,5.60252281266774,0.17444981213097155,,,,,,,
9,52.03301127214171,41.10305958132045,0.1274825550187869,6.588835212023618,0.14761137949543746,,,,,,,
10,50.496511003757384,40.94873859366613,0.1274825550187869,6.474771873322598,0.14761137949543746,1.8048845947396672,,,,,,
11,42.941492216854535,45.8467525496511,0.30864197530864196,6.4345142243692965,0.14761137949543746,1.7713365539452497,2.3349436392914655,0.2147074610842727,,,,
12,43.263553408480945,45.309983896940416,0.41599570585077833,6.427804616210413,0.14761137949543746,1.7713365539452497,2.3349436392914655,0.32877079978529256,,,,
13,42.673107890499196,45.91384863123994,0.4562533548040794,6.374127750939345,0.14761137949543746,1.7713365539452497,2.3349436392914655,0.32877079978529256,,,,
14,37.90257648953301,38.47289318303811,0.3421900161030596,18.719806763285025,0.14761137949543746,1.7713365539452497,2.26784755770263,0.3757380568974772,,,,
15,38.117283950617285,38.22463768115942,0.3421900161030596,18.753354804079443,0.14761137949543746,1.7713365539452497,2.26784755770263,0.3757380568974772,,,,
16,32.870370370370374,46.121846484165324,0.48980139559849706,14.97584541062802,0.27509393451422437,2.6637144390767578,2.147074610842727,0.4562533548040794,,,,
17,28.395061728395063,52.482555018786904,0.48980139559849706,13.09044551798175,0.27509393451422437,2.6637144390767578,2.147074610842727,0.4562533548040794,,,,
18,28.891572732152444,51.72436929683307,0.48980139559849706,13.083735909822867,0.27509393451422437,2.6637144390767578,2.147074610842727,0.7246376811594203,,,,
19,28.341384863123995,49.322329575952764,0.644122383252818,15.707192699946322,0.27509393451422437,2.6301663982823404,2.147074610842727,0.9326355340848095,,,,
20,28.75738056897477,49.02710681696189,0.644122383252818,15.593129361245303,0.27509393451422437,2.6301663982823404,2.1403650026838434,0.9326355340848095,,,,
21,28.20048309178744,42.14975845410628,0.7648953301127214,24.268652710681696,0.14761137949543746,2.623456790123457,1.0332796564680622,0.8118625872249061,,,,
22,28.361513687600645,42.109500805152976,0.7581857219538379,23.980139559849704,0.33548040794417605,2.61003757380569,1.0332796564680622,0.8118625872249061,,,,
23,27.38191089640365,39.090177133655395,0.6374127750939346,28.153515834675254,0.24825550187869028,2.589908749329039,1.0869565217391304,0.8118625872249061,,,,
24,25.825281803542673,40.51932367149758,0.47638217928073,29.636339237788512,0.24825550187869028,1.6505636070853462,1.0869565217391304,0.5568974771873323,,,,
25,25.355609232420825,40.995705850778315,0.47638217928073,29.522275899087493,0.24825550187869028,1.6438539989264627,1.0869565217391304,0.6709608158883521,,,,
26,25.6105743424584,40.27106816961889,0.5971551261406334,28.18035426731079,0.24825550187869028,3.2206119162640903,1.0466988727858293,0.8252818035426731,,,,
27,25.369028448738593,36.09769189479334,0.7313472893183038,32.43424584004294,0.32877079978529256,3.2139023081052067,0.9997316156736447,0.8252818035426731,,,,
28,25.429414922168544,33.293075684380035,2.6502952227589907,32.347020933977454,0.32877079978529256,3.2139023081052067,1.9524959742351047,0.785024154589372,,,,
29,25.623993558776167,33.1857219538379,2.6972624798711755,32.26650563607085,0.32877079978529256,3.1736446591519054,1.9524959742351047,0.7716049382716049,,,,
30,25.97289318303811,32.96430488459474,2.6972624798711755,31.863929146537842,0.6038647342995169,3.1736446591519054,1.9524959742351047,0.7716049382716049,,,,
31,23.785560923242084,36.191626409017715,2.6435856146001075,30.743424584004295,0.6038647342995169,3.166935050993022,2.0263016639828235,0.8387010198604401,,,,
32,24.188137412775095,35.95679012345679,2.6435856146001075,30.52871712292002,0.5904455179817498,3.1065485775630703,2.01959205582394,0.966183574879227,,,,
33,24.684648416532475,35.70182501341922,2.7241009125067097,30.173107890499196,0.6776704240472357,3.0931293612453032,2.01959205582394,0.9259259259259259,,,,
34,24.751744498121308,33.2259796027912,5.46833064949007,29.864465915190554,0.6776704240472357,3.066290928609769,2.01959205582394,0.9259259259259259,,,,
35,25.09393451422437,32.59527643585615,5.5689747718733225,29.53569511540526,0.6776704240472357,2.9924852388620504,2.1269457863660763,1.4090177133655395,,,,
36,25.462962962962962,32.52147074610843,5.548845947396672,29.300858829844337,0.6642512077294686,2.9924852388620504,2.1068169618894257,1.402308105206656,,,,
37,25.147611379495437,32.058507783145465,5.589103596349974,29.844337090713903,0.798443370907139,2.871712292002147,2.059849704777241,1.6304347826086956,,,,
38,23.463499731615673,33.742619431025226,5.555555555555555,29.723564143854,0.7917337627482555,2.945517981749866,1.9524959742351047,1.8250134192163177,,,,
39,23.59098228663446,32.2463768115942,5.636070853462158,29.49543746645196,0.8521202361782072,2.945517981749866,3.475577026301664,1.7579173376274826,,,,
40,23.98684916800859,32.00483091787439,5.555555555555555,29.374664519592056,0.8521202361782072,2.945517981749866,3.4151905528717124,1.7310789049919484,0.13419216317767044,,,
41,21.920289855072465,31.48148148148148,5.166398282340311,30.683038110574344,1.0131508319914118,3.2877079978529253,4.549114331723027,1.7646269457863661,0.13419216317767044,,,
42,22.31615673644659,31.340579710144926,5.166398282340311,30.52200751476114,1.0131508319914118,3.280998389694042,4.49543746645196,1.7310789049919484,0.13419216317767044,,,
43,22.685185185185187,31.112453032742888,5.226784755770263,30.22007514761138,1.1607622114868492,3.2675791733762747,4.468599033816425,1.724369296833065,0.13419216317767044,,,
44,22.879763821792807,30.951422436929683,5.360976918947934,29.1129898013956,2.1403650026838434,3.2675791733762747,4.428341384863124,1.724369296833065,0.13419216317767044,,,
45,22.27589908749329,31.52173913043478,5.360976918947934,29.180085882984432,2.0263016639828235,3.2004830917874396,4.38137412775094,1.9189479334406871,0.13419216317767044,,,
46,16.71363392377885,44.256575415995705,5.166398282340311,23.91304347826087,2.0263016639828235,1.8183038110574343,4.106280193236715,1.865271068169619,0.13419216317767044,,,
47,16.478797638217927,43.00858829844337,5.146269457863661,24.322329575952764,1.9726247987117553,2.945517981749866,4.106280193236715,1.8853998926462694,0.13419216317767044,,,
48,16.948470209339774,42.69994632313473,5.360976918947934,24.04723564143854,2.033011272141707,2.945517981749866,4.092860976918948,1.737788513150832,0.13419216317767044,,,
49,17.163177670424048,41.700214707461086,5.347557702630167,24.537037037037038,2.2745571658615136,2.9790660225442833,4.005636070853462,1.8585614600107354,0.13419216317767044,,,
50,16.99543746645196,39.60010735373054,5.038915727321524,26.08695652173913,2.281266774020397,3.9452495974235107,3.992216854535695,1.8384326355340848,0.2214170692431562,,,
51,17.659688674181428,39.31159420289855,4.924852388620504,25.758185721953836,2.38191089640365,3.911701556629093,3.9586688137412773,1.8250134192163177,0.2683843263553409,,,
52,17.793880837359097,39.110305958132045,4.911433172302737,25.650831991411703,2.4490069779924855,3.911701556629093,3.9586688137412773,1.9457863660762211,0.2683843263553409,,,
53,17.028985507246375,31.427804616210413,4.864465915190553,21.846484165324746,1.2412775093934514,17.444981213097154,3.589640365002684,2.2879763821792807,0.2683843263553409,,,
54,17.223564143854,30.421363392377884,4.904723564143854,21.70558239398819,1.221148684916801,18.12265163714439,3.569511540526033,2.563070316693505,0.2683843263553409,,,
55,17.10950080515298,29.354535695115406,4.884594739667204,23.040794417606012,1.1808910359634996,18.33064949006978,3.569511540526033,2.2611379495437465,0.2683843263553409,,,
56,15.646806226516372,26.90552871712292,4.643048845947397,30.48845947396672,1.0802469135802468,15.405260332796564,3.5426731078904994,2.01959205582394,0.2683843263553409,,,
57,15.868223295759528,26.690821256038646,4.676596886741814,33.7962962962963,1.0802469135802468,12.00348899624262,3.4017713365539453,2.01959205582394,0.4025764895330113,0.06038647342995169,,
58,15.666935050993022,25.845410628019323,4.53569511540526,34.896672034353195,1.221148684916801,11.976650563607086,3.374932903918411,2.01959205582394,0.4025764895330113,0.06038647342995169,,
59,15.881642512077295,25.59044551798175,4.7101449275362315,34.628287707997856,1.1808910359634996,11.963231347289318,3.374932903918411,2.2074610842726785,0.4025764895330113,0.06038647342995169,,
60,16.089640365002683,24.14787976382179,4.676596886741814,34.346484165324746,1.1808910359634996,13.633923778851315,3.361513687600644,2.100107353730542,0.4025764895330113,0.06038647342995169,,
61,16.525764895330113,24.053945249597422,4.676596886741814,34.07139023081052,1.1808910359634996,13.58695652173913,3.294417606011809,2.147074610842727,0.4025764895330113,0.06038647342995169,,
62,16.51905528717123,22.16183574879227,4.676596886741814,33.742619431025226,1.3821792807300053,15.713902308105206,3.294417606011809,2.0933977455716586,0.35560923242082665,0.06038647342995169,,
63,16.566022544283413,22.067901234567902,4.7168545356951155,33.89694041867955,1.3821792807300053,15.593129361245303,3.294417606011809,2.0665593129361244,0.35560923242082665,0.06038647342995169,,
64,16.982018250134193,21.880032206119164,4.690016103059581,33.68894256575416,1.3754696725711217,15.5126140633387,3.294417606011809,2.1604938271604937,0.35560923242082665,0.06038647342995169,,
65,17.062533548040793,21.014492753623188,4.508856682769726,34.97047772410091,1.4090177133655395,15.22410091250671,3.1199677938808374,2.2745571658615136,0.35560923242082665,0.06038647342995169,,
66,17.518786902844873,20.933977455716587,4.488727858293076,34.39345142243693,1.5432098765432098,15.197262479871176,3.0931293612453032,2.4154589371980677,0.35560923242082665,0.06038647342995169,,
67,17.357756307031668,20.8467525496511,4.488727858293076,31.676060118089104,1.5029522275899088,16.700214707461082,3.0730005367686526,3.938539989264627,0.35560923242082665,0.06038647342995169,,
68,16.512345679012345,19.920826623725173,4.441760601180891,33.76945786366076,1.3821792807300053,16.6935050993022,3.0730005367686526,3.7909286097691894,0.35560923242082665,0.06038647342995169,,
69,16.398282340311326,19.712828770799785,4.367954911433173,35.20531400966183,1.3687600644122384,12.775093934514224,5.615942028985507,3.9989264626945786,0.35560923242082665,0.20128824476650564,,
70,16.438539989264626,18.90096618357488,4.166666666666667,34.86312399355877,1.8518518518518519,12.446323134728932,6.716317767042405,4.05931293612453,0.35560923242082665,0.20128824476650564,,
71,16.545893719806763,18.686258722490606,4.253891572732153,32.82340311325819,1.778046162104133,12.359098228663447,8.628556092324208,4.367954911433173,0.35560923242082665,0.20128824476650564,,
72,16.941760601180892,18.38432635534085,4.240472356414386,32.55501878690284,1.90552871712292,12.097423510466989,8.628556092324208,4.62962962962963,0.3421900161030596,0.27509393451422437,,
73,17.324208266237253,18.129361245303276,4.240472356414386,32.367149758454104,1.9927536231884058,12.037037037037036,8.55475040257649,4.736983360171766,0.3421900161030596,0.27509393451422437,,
74,17.52549651100376,17.934782608695652,4.2270531400966185,32.10547504025765,1.9659151905528718,12.037037037037036,8.61513687600644,4.944981213097155,0.4294149221685454,0.2147074610842727,,
75,17.92807300053677,17.753623188405797,4.2270531400966185,32.038378958668815,1.9659151905528718,11.842458400429415,8.514492753623188,4.944981213097155,0.5703166935050993,0.2147074610842727,,
76,18.4849704777241,17.418142780461622,4.2203435319377345,30.709876543209877,1.9592055823939882,13.063607085346217,8.501073537305421,4.85775630703167,0.5703166935050993,0.2147074610842727,,
77,18.511808910359633,17.384594739667204,4.2203435319377345,30.60252281266774,1.9457863660762211,12.99651100375738,8.501073537305421,5.052334943639291,0.5703166935050993,0.2147074610842727,,
78,18.344068706387546,16.982018250134193,3.978797638217928,29.978529253891573,1.9927536231884058,12.828770799785293,9.96376811594203,5.146269457863661,0.5703166935050993,0.2147074610842727,,
79,18.243424584004295,16.371443907675793,4.891304347826087,29.086151368760063,2.24771873322598,12.701288244766506,10.909822866344605,4.7638217928073,0.5703166935050993,0.2147074610842727,,
80,18.646001073537306,16.17686527106817,5.005367686527107,28.75738056897477,2.328234031132582,12.607353730542137,10.856146001073537,4.8376274825550185,0.5703166935050993,0.2147074610842727,,
81,18.96135265700483,16.002415458937197,4.998658078368224,28.61647879763822,2.328234031132582,12.593934514224369,10.82259796027912,4.918142780461621,0.5703166935050993,0.1878690284487386,,
82,19.276704240472355,15.807836822329575,4.9718196457326895,28.468867418142782,2.3349436392914655,12.419484702093397,10.795759527643586,5.052334943639291,0.6843800322061192,0.1878690284487386,,
83,19.49812130971551,15.794417606011809,4.958400429414922,28.327965646806227,2.3349436392914655,12.385936661298981,10.782340311325818,5.045625335480408,0.6843800322061192,0.1878690284487386,,
84,19.77992485238862,15.499194847020934,4.958400429414922,28.14009661835749,2.3349436392914655,12.318840579710145,10.742082662372518,5.314009661835748,0.6843800322061192,0.2281266774020397,,
85,20.101986044015028,15.425389157273216,5.0791733762748255,27.891841116478798,2.3215244229736984,12.238325281803542,10.715244229736983,5.314009661835748,0.6843800322061192,0.2281266774020397,,
86,19.89398819108964,14.707461084272678,5.152979066022544,27.68384326355341,2.3215244229736984,12.030327428878154,12.27187332259796,5.025496511003757,0.6843800322061192,0.2281266774020397,,
87,20.363660762211488,14.640365002683843,5.152979066022544,27.160493827160494,2.576489533011272,11.90955448201825,12.245034889962426,4.978529253891573,0.6843800322061192,0.2885131508319914,,
88,20.618625872249062,14.338432635534085,5.152979066022544,27.012882447665056,2.737520128824477,12.27187332259796,12.016908212560386,4.911433172302737,0.6843800322061192,0.2549651100375738,,
89,20.79307568438003,14.338432635534085,5.152979066022544,26.570048309178745,3.3279656468062266,12.25174449812131,11.768652710681696,4.871175523349437,0.6709608158883521,0.2549651100375738,,
90,21.316425120772948,14.264626945786366,5.253623188405797,26.422436929683307,3.3279656468062266,12.097423510466989,11.654589371980677,4.736983360171766,0.6709608158883521,0.2549651100375738,,
91,21.584809447128286,14.244498121309716,5.226784755770263,26.34863123993559,3.3145464304884595,11.949812130971551,11.594202898550725,4.736983360171766,0.6575415995705851,0.3421900161030596,,
92,18.50509930220075,13.130703166935051,3.408480944712829,33.091787439613526,3.207192699946323,11.862587224906065,11.533816425120772,4.528985507246377,0.38915727321524424,0.3421900161030596,,
93,17.975040257648953,12.855609232420827,3.4688674181427803,37.19135802469136,2.4020397208803006,11.09098228663446,10.326086956521738,4.092860976918948,0.38915727321524424,0.20799785292538917,,
94,18.015297906602253,12.761674718196458,3.5292538915727323,36.41304347826087,2.3752012882447664,10.19189479334407,11.761943102522812,4.3545356951154055,0.38915727321524424,0.20799785292538917,,
95,16.834406870638755,9.742351046698873,3.3480944712828773,34.50751476113795,2.2342995169082127,10.057702630166398,18.840579710144926,3.717122920021471,0.38915727321524424,0.32877079978529256,,
96,17.09608158883521,9.66183574879227,3.3480944712828773,32.78314546430489,2.2208803005904456,9.990606548577563,20.538110574342458,3.643317230273752,0.38915727321524424,0.32877079978529256,,
97,17.002147074610843,9.64170692431562,3.3480944712828773,32.46108427267848,2.147074610842727,10.520665593129362,20.511272141706925,3.6500268384326353,0.38915727321524424,0.32877079978529256,,
98,17.498658078368223,9.608158883521202,3.3011272141706924,32.13231347289318,2.2074610842726785,10.48040794417606,20.38378958668814,3.6097691894793345,0.38915727321524424,0.38915727321524424,,
99,17.894524959742352,9.39345142243693,3.2877079978529253,31.87734836285561,2.187332259796028,10.393183038110575,20.21604938271605,3.9720880300590444,0.38915727321524424,0.38915727321524424,,
100,18.33064949006978,9.16532474503489,3.475577026301664,31.756575415995705,2.187332259796028,10.238862050456254,20.014761137949545,4.052603327965647,0.38915727321524424,0.38915727321524424,,
101,18.183038110574344,8.655394524959743,3.180354267310789,30.132850241545892,2.1403650026838434,13.130703166935051,19.95437466451959,3.750670960815888,0.38915727321524424,0.4830917874396135,,
102,18.55877616747182,8.628556092324208,3.140096618357488,29.837627482555018,2.341653247450349,12.835480407944177,20.041599570585078,3.743961352657005,0.38915727321524424,0.4830917874396135,,
103,18.947933440687063,8.628556092324208,3.2340311325818574,29.488727858293075,2.4355877616747184,12.560386473429952,19.961084272678477,3.844605475040258,0.4428341384863124,0.4562533548040794,,
104,19.296833064949006,7.883789586688137,4.810789049919484,28.012614063338702,2.428878153515835,12.5,20.38378958668814,3.7909286097691894,0.4428341384863124,0.4495437466451959,,
105,19.343800322061192,7.669082125603865,4.092860976918948,27.79790660225443,2.428878153515835,13.372249060654857,20.363660762211488,3.938539989264627,0.5434782608695652,0.4495437466451959,,
106,19.47799248523886,7.776435856146001,3.898282340311326,27.938808373590984,2.4691358024691357,13.285024154589372,20.249597423510465,3.911701556629093,0.5434782608695652,0.4495437466451959,,
107,19.719538378958667,7.749597423510467,3.898282340311326,27.710681696188942,2.4355877616747184,13.258185721953838,20.088566827697264,4.025764895330113,0.5434782608695652,0.5703166935050993,,
108,19.95437466451959,7.64224369296833,3.8177670424047236,27.30139559849705,2.5496511003757383,13.123993558776167,20.276435856146,4.2203435319377345,0.5434782608695652,0.5703166935050993,,
109,20.209339774557165,7.595276435856146,3.978797638217928,27.026301663982824,2.6704240472356413,13.023349436392914,20.014761137949545,4.193505099302201,0.5434782608695652,0.7447665056360708,,
110,20.40391841116479,7.575147611379496,3.9318303811057436,26.73107890499195,2.804616210413312,12.949543746645196,19.746376811594203,4.508856682769726,0.5434782608695652,0.8051529790660226,,
111,20.571658615136876,7.494632313472893,4.045893719806763,26.610305958132045,2.8784219001610305,12.929414922168545,19.53166935050993,4.508856682769726,0.5434782608695652,0.8856682769726248,,
112,20.658883521202362,7.306763285024155,3.8848631239935587,27.61003757380569,2.965646806226516,12.506709608158884,19.28341384863124,4.3545356951154055,0.5434782608695652,0.8856682769726248,,
113,20.67230273752013,7.0450885668276975,4.005636070853462,27.415458937198068,3.0595813204508855,12.600644122383253,19.108964036500268,4.663177670424047,0.5434782608695652,0.8856682769726248,,
114,21.061460010735374,7.0450885668276975,3.9989264626945786,27.22758990874933,3.046162104133119,12.560386473429952,18.887546967257112,4.757112184648417,0.5300590445517982,0.8856682769726248,,
115,20.558239398819108,7.004830917874396,4.1532474503489,29.683306494900698,2.818035426731079,12.5402576489533,17.398013955984972,4.441760601180891,0.5300590445517982,0.8722490606548577,,
116,20.7662372517445,6.991411701556629,4.0995705850778315,29.57595276435856,3.0193236714975846,12.587224906065487,17.06924315619968,4.428341384863124,0.5300590445517982,0.9326355340848095,,
117,21.07487922705314,6.991411701556629,4.079441760601181,29.468599033816425,3.0193236714975846,12.587224906065487,16.76731078904992,4.549114331723027,0.5300590445517982,0.9326355340848095,,
118,21.30300590445518,6.977992485238862,4.019055287171229,29.401502952227588,3.0193236714975846,12.573805689747719,16.700214707461082,4.549114331723027,0.5300590445517982,0.9259259259259259,,
119,21.544551798174986,6.977992485238862,3.992216854535695,29.2337627482555,3.1065485775630703,12.446323134728932,16.67337627482555,4.5893719806763285,0.5099302200751477,0.9259259259259259,,
120,21.93370907139023,6.977992485238862,3.978797638217928,28.918411164787976,3.207192699946323,12.338969404186795,16.57944176060118,4.62962962962963,0.5099302200751477,0.9259259259259259,,
121,21.980676328502415,6.810252281266774,3.8915727321524423,28.556092324208265,3.2004830917874396,12.245034889962426,16.512345679012345,5.367686527106817,0.5099302200751477,0.9259259259259259,,
122,22.36983360171766,6.736446591519055,3.8915727321524423,28.28099838969404,3.166935050993022,12.13768115942029,16.485507246376812,5.495169082125604,0.5099302200751477,0.9259259259259259,,
123,22.31615673644659,6.709608158883521,4.159957058507783,26.88539989264627,3.260869565217391,13.399087493290391,16.384863123993558,5.448201825013419,0.5099302200751477,0.9259259259259259,,
124,21.69887278582931,6.622383252818035,3.8848631239935587,33.44068706387547,3.0394524959742353,13.358829844337091,11.406333870101985,5.421363392377885,0.5099302200751477,0.6172839506172839,,
125,21.967257112184647,6.622383252818035,3.851315083199141,33.21256038647343,3.0394524959742353,13.238056897477188,11.379495437466453,5.562265163714439,0.5099302200751477,0.6172839506172839,,
126,22.25577026301664,6.582125603864735,3.8714439076757916,32.91733762748255,3.1736446591519054,13.16425120772947,11.332528180354267,5.535426731078905,0.47638217928073,0.6910896403650026,,
127,22.24235104669887,6.501610305958132,3.784219001610306,32.60198604401503,3.0059044551798175,12.338969404186795,12.922705314009661,5.636070853462158,0.36902844873859364,0.5971551261406334,,
128,22.423510466988727,6.374127750939345,3.9989264626945786,32.53488996242619,3.0059044551798175,12.130971551261407,12.822061191626409,5.743424584004294,0.36902844873859364,0.5971551261406334,,
129,22.114868491680085,6.219806763285024,3.8311862587224907,34.634997316156735,3.2139023081052067,12.04374664519592,11.312399355877616,5.71658615136876,0.36902844873859364,0.5434782608695652,,
130,22.18196457326892,6.213097155126141,4.159957058507783,34.47396672034353,3.2004830917874396,11.936392914653783,11.231884057971014,5.689747718733226,0.36902844873859364,0.5434782608695652,,
131,22.57783145464305,6.213097155126141,4.159957058507783,34.286097691894796,3.1870638754696725,11.788781535158346,11.20504562533548,5.669618894256575,0.36902844873859364,0.5434782608695652,,
132,22.893183038110575,6.152710681696189,4.206924315619967,34.23913043478261,3.3548040794417604,11.681427804616211,10.970209339774557,5.629361245303274,0.36902844873859364,0.5032206119162641,,
133,23.161567364465917,6.125872249060655,4.26731078904992,34.01100375738057,3.3413848631239937,11.66129898013956,10.929951690821255,5.629361245303274,0.36902844873859364,0.5032206119162641,,
134,23.409822866344605,6.125872249060655,4.26731078904992,33.85668276972625,3.3413848631239937,11.641170155662909,10.869565217391305,5.615942028985507,0.36902844873859364,0.5032206119162641,,
135,23.349436392914654,6.072195383789587,4.334406870638754,33.803005904455176,3.361513687600644,11.60762211486849,10.856146001073537,5.743424584004294,0.36902844873859364,0.5032206119162641,,
136,23.678207192699947,6.072195383789587,4.441760601180891,33.52120236178207,3.3950617283950617,11.513687600644122,10.621309715512615,5.884326355340848,0.36902844873859364,0.5032206119162641,,
137,20.98094471282877,6.0587761674718195,3.9519592055823938,38.31186258722491,2.6033279656468062,9.695383789586689,12.74825550187869,5.193236714975845,0.14761137949543746,0.30864197530864196,,
138,21.524422973698336,6.038647342995169,3.9318303811057436,37.875738056897475,2.6033279656468062,9.722222222222221,12.647611379495437,5.199946323134729,0.14761137949543746,0.30864197530864196,,
139,21.906870638754697,5.971551261406334,4.200214707461084,36.902844873859365,2.9723564143853998,9.648416532474503,12.76838432635534,5.179817498658078,0.14761137949543746,0.30193236714975846,,
140,19.726247987117553,10.721953837895867,3.535963499731616,35.79575952764358,2.6435856146001075,9.29951690821256,13.593666129898015,4.294149221685454,0.14761137949543746,0.24154589371980675,,
141,20.229468599033815,10.601180891035963,3.4420289855072466,35.587761674718195,2.6435856146001075,9.31964573268921,13.519860440150294,4.17337627482555,0.14761137949543746,0.33548040794417605,,
142,20.538110574342458,10.487117552334944,3.502415458937198,35.44685990338164,2.6435856146001075,9.306226516371444,13.385668276972625,4.206924315619967,0.14761137949543746,0.33548040794417605,,
143,20.92055823939882,10.171765968867419,3.488996242619431,35.37305421363392,2.7777777777777777,9.185453569511541,13.264895330112722,4.334406870638754,0.14761137949543746,0.33548040794417605,,
144,21.26945786366076,9.990606548577563,3.488996242619431,35.258990874932906,2.8515834675254963,9.131776704240472,13.251476113794954,4.274020397208803,0.14761137949543746,0.33548040794417605,,
145,21.732420826623724,9.923510466988727,3.488996242619431,34.95034889962426,2.9253891572732154,9.078099838969404,13.170960815888352,4.247181964573269,0.14761137949543746,0.33548040794417605,,
146,21.880032206119164,9.829575952764358,3.670155662909286,34.74235104669887,2.9723564143853998,8.964036500268385,13.036768652710682,4.42163177670424,0.14761137949543746,0.33548040794417605,,
147,22.12157809983897,9.73564143853999,3.6634460547504024,34.58132045088567,3.0394524959742353,8.957326892109501,12.855609232420827,4.562533548040794,0.14761137949543746,0.33548040794417605,,
148,22.436929683306495,9.73564143853999,3.6634460547504024,34.43370907139023,2.9388083735909825,8.943907675791733,12.848899624261943,4.51556629092861,0.14761137949543746,0.33548040794417605,,
149,22.859634997316157,9.655126140633387,3.629898013955985,33.883521202361784,3.1736446591519054,8.903650026838433,12.801932367149758,4.609500805152979,0.14761137949543746,0.33548040794417605,,
150,23.19511540526033,9.608158883521202,3.616478797638218,33.48765432098765,3.361513687600644,8.836553945249598,12.701288244766506,4.669887278582931,0.1878690284487386,0.33548040794417605,,
151,23.396403650026837,9.621578099838969,3.6097691894793345,33.353462157809986,3.3480944712828773,8.735909822866345,12.694578636607622,4.7168545356951155,0.1878690284487386,0.33548040794417605,,
152,23.67149758454106,9.433709071390231,3.851315083199141,33.24610842726785,3.240740740740741,8.789586688137414,12.385936661298981,4.85775630703167,0.1878690284487386,0.33548040794417605,,
153,24.194847020933977,9.433709071390231,3.844605475040258,32.991143317230275,3.227321524422974,8.715780998389693,12.224906065485776,4.8443370907139025,0.1878690284487386,0.33548040794417605,,
154,24.61755233494364,9.366612989801396,3.770799785292539,32.66237251744498,3.2742887815351582,8.709071390230811,12.151100375738057,4.924852388620504,0.1878690284487386,0.33548040794417605,,
155,24.58400429414922,9.333064949006978,3.7909286097691894,32.55501878690284,3.227321524422974,9.346484165324744,11.929683306494901,4.7101449275362315,0.1878690284487386,0.33548040794417605,,
156,24.805421363392377,9.333064949006978,3.7909286097691894,32.21953837895867,3.549382716049383,9.29951690821256,11.701556629092861,4.777241009125067,0.1878690284487386,0.33548040794417605,,
157,25.174449812130973,9.245840042941492,3.8714439076757916,31.984702093397747,3.4957058507783145,9.286097691894794,11.681427804616211,4.7638217928073,0.1610305958132045,0.33548040794417605,,
158,25.51663982823403,9.192163177670425,3.938539989264627,31.723027375201287,3.4957058507783145,9.225711218464841,11.533816425120772,4.87788513150832,0.1610305958132045,0.33548040794417605,,
159,25.623993558776167,9.192163177670425,3.938539989264627,31.66935050993022,3.4957058507783145,9.225711218464841,11.480139559849706,4.87788513150832,0.1610305958132045,0.33548040794417605,,
160,25.704508856682768,9.118357487922705,3.8714439076757916,31.57541599570585,3.6231884057971016,9.346484165324744,11.446591519055287,4.817498658078368,0.1610305958132045,0.33548040794417605,,
161,26.039989264626946,8.99087493290392,3.911701556629093,31.414385399892645,3.6097691894793345,9.306226516371444,11.446591519055287,4.817498658078368,0.1610305958132045,0.30193236714975846,,
162,26.268115942028984,8.99087493290392,3.898282340311326,31.072195383789587,3.569511540526033,9.292807300053678,11.419753086419753,5.025496511003757,0.1610305958132045,0.30193236714975846,,
163,24.00697799248524,7.447665056360709,2.898550724637681,38.519860440150296,2.9723564143853998,8.340042941492216,10.809178743961352,4.636339237788513,0.1610305958132045,0.20799785292538917,,
164,24.288781535158346,7.427536231884058,3.012614063338701,38.22463768115942,3.0193236714975846,8.340042941492216,10.567632850241546,4.636339237788513,0.1610305958132045,0.322061191626409,,
165,24.44981213097155,7.447665056360709,3.126677402039721,37.996511003757384,3.0394524959742353,8.32662372517445,10.507246376811594,4.622920021470746,0.1610305958132045,0.322061191626409,,
166,24.671229200214707,7.447665056360709,3.193773483628556,37.68786902844874,3.099838969404187,8.3064949006978,10.473698336017177,4.636339237788513,0.1610305958132045,0.322061191626409,,
167,24.94632313472893,7.434245840042942,3.2541599570585076,37.466451959205585,3.079710144927536,8.28636607622115,10.453569511540525,4.622920021470746,0.14761137949543746,0.30864197530864196,,
168,25.11406333870102,7.360440150295223,3.4151905528717124,37.204777241009126,3.1199677938808374,8.272946859903382,10.433440687063875,4.622920021470746,0.14761137949543746,0.30864197530864196,,
169,24.60413311862587,7.340311325818572,3.240740740740741,38.91572732152442,2.844873859366613,8.111916264090176,9.997316156736447,4.488727858293076,0.14761137949543746,0.30864197530864196,,
170,24.570585077831456,7.219538378958669,3.7104133118625873,38.53327965646806,2.791196994095545,8.192431561996779,9.977187332259795,4.549114331723027,0.14761137949543746,0.30864197530864196,,
171,24.308910359634996,7.1725711218464845,3.7104133118625873,38.08373590982286,2.985775630703167,8.856682769726248,9.977187332259795,4.4753086419753085,0.14761137949543746,0.28180354267310787,,
172,24.570585077831456,7.1725711218464845,3.7573805689747717,37.8690284487386,2.965646806226516,8.809715512614064,9.91009125067096,4.51556629092861,0.14761137949543746,0.28180354267310787,,
173,22.128287707997853,16.901502952227588,3.3816425120772946,34.54777241009125,2.918679549114332,8.132045088566828,7.548309178743962,4.012345679012346,0.14761137949543746,0.28180354267310787,,
174,19.89398819108964,15.619967793880837,3.280998389694042,38.077026301663984,2.522812667740204,8.655394524959743,7.50805152979066,4.012345679012346,0.14761137949543746,0.28180354267310787,,
175,19.51825013419216,15.458937198067632,3.2340311325818574,34.91009125067096,2.6167471819645733,8.648684916800859,11.345947396672035,3.8378958668813743,0.14761137949543746,0.28180354267310787,,
176,19.82018250134192,15.28448738593666,3.3413848631239937,34.76918947933441,2.6167471819645733,8.53462157809984,11.285560923242082,3.81105743424584,0.14761137949543746,0.38915727321524424,,
177,20.26972624798712,15.143585614600108,3.3413848631239937,34.574610842726784,2.563070316693505,8.527911969940956,11.345947396672035,3.69699409554482,0.14761137949543746,0.38915727321524424,,
178,20.48443370907139,15.11003757380569,3.3413848631239937,34.306226516371446,2.6972624798711755,8.527911969940956,11.252012882447666,3.656736446591519,0.14761137949543746,0.47638217928073,,
179,20.74610842726785,15.002683843263553,3.3413848631239937,34.09822866344606,2.7777777777777777,8.527911969940956,11.252012882447666,3.629898013955985,0.14761137949543746,0.47638217928073,,
180,21.027911969940956,14.949006977992486,3.3816425120772946,33.93048845947396,2.8381642512077296,8.521202361782072,11.191626409017713,3.6097691894793345,0.14761137949543746,0.4025764895330113,,
181,21.26274825550188,14.694041867954912,3.3816425120772946,33.80971551261406,2.8381642512077296,8.514492753623188,11.211755233494364,3.7372517444981215,0.14761137949543746,0.4025764895330113,,
182,21.32313472893183,14.392109500805153,3.374932903918411,33.55475040257649,3.046162104133119,8.514492753623188,11.18491680085883,4.05931293612453,0.14761137949543746,0.4025764895330113,,
183,21.497584541062803,14.351851851851851,3.3413848631239937,33.44739667203435,3.046162104133119,8.360171765968868,11.144659151905529,4.260601180891036,0.14761137949543746,0.4025764895330113,,
184,21.786097691894792,14.264626945786366,3.3413848631239937,33.16559312936125,3.1333870101986045,8.360171765968868,11.144659151905529,4.253891572732153,0.14761137949543746,0.4025764895330113,,
185,21.960547504025765,14.224369296833064,3.33467525496511,33.011272141706925,3.2139023081052067,8.340042941492216,11.124530327428879,4.253891572732153,0.14761137949543746,0.38915727321524424,,
186,21.91358024691358,14.103596349973161,3.549382716049383,31.353998926462694,2.898550724637681,8.293075684380032,10.95679012345679,6.3137412775093935,0.14761137949543746,0.46967257112184646,,
187,22.396672034353195,13.996242619431026,3.549382716049383,31.011808910359633,2.898550724637681,8.205850778314547,10.869565217391305,6.488191089640365,0.14761137949543746,0.43612453032742887,,
188,20.78636607622115,13.372249060654857,3.2742887815351582,38.909017713365536,2.771068169618894,7.809983896940419,7.380568974771873,5.401234567901234,0.14761137949543746,0.14761137949543746,,
189,21.07487922705314,13.358829844337091,3.2742887815351582,38.16425120772947,3.2742887815351582,7.809983896940419,7.360440150295223,5.387815351583468,0.14761137949543746,0.14761137949543746,,
190,21.40365002683843,13.197799248523886,3.2474503488996245,37.956253354804076,3.388352120236178,7.890499194847021,7.232957595276436,5.387815351583468,0.14761137949543746,0.14761137949543746,,
191,21.443907675791735,13.285024154589372,3.2340311325818574,37.72812667740204,3.4688674181427803,7.863660762211487,7.179280730005368,5.394524959742351,0.14761137949543746,0.2549651100375738,,
192,21.926999463231347,13.258185721953838,3.2340311325818574,37.37251744498121,3.4688674181427803,7.823403113258186,7.14573268921095,5.367686527106817,0.14761137949543746,0.2549651100375738,,
193,22.282608695652176,13.083735909822867,3.1602254428341383,37.245034889962426,3.3682232957595275,7.87037037037037,7.125603864734299,5.4616210413311865,0.14761137949543746,0.2549651100375738,,
194,22.591250670960815,12.895866881374127,3.1535158346752548,36.81561996779388,3.3480944712828773,7.830112721417069,7.159151905528717,5.803811057434245,0.14761137949543746,0.2549651100375738,,
195,23.1280193236715,12.741545893719806,3.1535158346752548,36.37949543746645,3.455448201825013,7.769726247987117,7.051798174986581,5.917874396135265,0.14761137949543746,0.2549651100375738,,
196,23.362855609232422,12.473161567364466,3.1468062265163717,35.567632850241544,3.4957058507783145,7.971014492753623,7.004830917874396,6.575415995705851,0.14761137949543746,0.2549651100375738,,
197,23.51046698872786,12.399355877616747,3.1468062265163717,34.816156736446594,3.7372517444981215,7.971014492753623,6.991411701556629,7.024959742351046,0.14761137949543746,0.2549651100375738,,
198,23.289049919484704,12.305421363392378,3.1468062265163717,35.11808910359635,3.9184111647879765,7.944176060118089,6.91760601180891,6.957863660762212,0.14761137949543746,0.2549651100375738,,
199,23.21524422973698,12.198067632850242,3.012614063338701,33.984165324745035,3.8915727321524423,7.7831454643048845,8.621846484165324,6.890767579173376,0.14761137949543746,0.2549651100375738,,
200,22.48389694041868,13.45276435856146,3.0931293612453032,33.52120236178207,3.8378958668813743,7.669082125603865,8.749329039184111,6.790123456790123,0.14761137949543746,0.2549651100375738,,
201,22.79253891572732,13.358829844337091,3.079710144927536,33.400429414922165,3.8311862587224907,7.669082125603865,8.715780998389693,6.749865807836822,0.14761137949543746,0.2549651100375738,,
202,23.10789049919485,13.298443370907139,3.180354267310789,33.13875469672571,3.8043478260869565,7.595276435856146,8.655394524959743,6.816961889425658,0.14761137949543746,0.2549651100375738,,
203,23.423242082662373,13.271604938271604,3.1736446591519054,32.776435856146,3.9452495974235107,7.682501341921632,8.621846484165324,6.702898550724638,0.14761137949543746,0.2549651100375738,,
204,23.778851315083198,13.251476113794954,3.079710144927536,32.6154052603328,3.9452495974235107,7.64224369296833,8.608427267847558,6.6760601180891035,0.14761137949543746,0.2549651100375738,,
205,24.06736446591519,13.157541599570585,3.166935050993022,32.17928073000537,3.9184111647879765,7.635534084809447,8.601717659688674,6.870638754696726,0.14761137949543746,0.2549651100375738,,
206,24.295491143317232,13.123993558776167,3.1535158346752548,31.99812130971551,3.8848631239935587,7.62211486849168,8.53462157809984,7.024959742351046,0.14761137949543746,0.2147074610842727,,
207,24.282071926999464,13.103864734299517,3.1468062265163717,31.93773483628556,3.9318303811057436,7.628824476650563,8.480944712828771,7.125603864734299,0.14761137949543746,0.2147074610842727,,
208,24.530327428878152,13.09044551798175,3.1199677938808374,31.689479334406872,4.052603327965647,7.628824476650563,8.447396672034353,7.078636607622115,0.14761137949543746,0.2147074610842727,,
209,25.046967257112186,13.036768652710682,3.066290928609769,30.911164787976382,4.53569511540526,7.709339774557166,8.28636607622115,7.0450885668276975,0.14761137949543746,0.2147074610842727,,
210,25.5300590445518,12.942834138486312,3.0595813204508855,30.52871712292002,4.53569511540526,7.709339774557166,8.259527643585615,7.071926999463232,0.14761137949543746,0.2147074610842727,,
211,25.670960815888353,12.741545893719806,3.1870638754696725,30.454911433172303,4.4753086419753085,7.709339774557166,8.219269994632313,7.179280730005368,0.14761137949543746,0.2147074610842727,,
212,25.83870101986044,12.70799785292539,3.166935050993022,30.340848094471284,4.549114331723027,7.695920558239399,8.199141170155663,7.139023081052066,0.14761137949543746,0.2147074610842727,,
213,25.5703166935051,12.453032742887816,4.669887278582931,29.871175523349436,4.193505099302201,7.514761137949543,8.3064949006978,7.058507783145465,0.14761137949543746,0.2147074610842727,,
214,25.644122383252817,12.419484702093397,4.663177670424047,29.55582393988191,4.180085882984434,7.514761137949543,8.266237251744498,7.353730542136339,0.14761137949543746,0.2549651100375738,,
215,25.999731615673646,12.224906065485776,4.797369833601718,29.414922168545356,4.139828234031133,7.37385936661299,8.246108427267847,7.306763285024155,0.14761137949543746,0.3488996242619431,,
216,26.341921631776703,12.177938808373591,4.8376274825550185,29.26731078904992,4.025764895330113,7.300053676865271,8.225979602791197,7.326892109500805,0.14761137949543746,0.3488996242619431,,
217,26.27482555018787,12.02361782071927,4.824208266237251,27.34165324745035,4.005636070853462,7.2933440687063875,8.541331186258722,9.205582393988191,0.14761137949543746,0.3421900161030596,,
218,26.006441223832528,11.963231347289318,8.608427267847558,24.46323134728932,3.6634460547504024,7.239667203435319,8.53462157809984,9.03113258185722,0.14761137949543746,0.3421900161030596,,
219,26.27482555018787,11.90955448201825,8.641975308641975,24.396135265700483,3.6231884057971016,7.212828770799785,8.501073537305421,8.950617283950617,0.14761137949543746,0.3421900161030596,,
