,45,50,55,53,54,52,51,57,56,58,59
0,100.0,,,,,,,,,,
1,99.76516371443908,0.23483628556092323,,,,,,,,,
2,99.50348899624262,0.49651100375738055,,,,,,,,,
3,83.3467525496511,16.6532474503489,,,,,,,,,
4,83.37359098228663,16.626409017713364,,,,,,,,,
5,79.71685453569512,20.283145464304884,,,,,,,,,
6,75.22141706924316,24.778582930756844,,,,,,,,,
7,61.3593666129898,38.6406333870102,,,,,,,,,
8,61.46672034353194,37.80193236714976,0.7313472893183038,,,,,,,,
9,60.95679012345679,38.31186258722491,0.7313472893183038,,,,,,,,
10,57.64224369296833,38.989533011272144,0.08051529790660225,3.2877079978529253,,,,,,,
11,57.79656468062265,38.707729468599034,0.08051529790660225,3.2742887815351582,0.14090177133655393,,,,,,
12,57.930756843800324,38.57353730542136,0.08051529790660225,3.2742887815351582,0.14090177133655393,,,,,,
13,27.542941492216855,52.12694578636608,0.08051529790660225,3.2742887815351582,3.166935050993022,13.808373590982287,,,,,
14,25.026838432635532,54.70343531937735,0.08051529790660225,3.2742887815351582,3.166935050993022,13.747987117552334,,,,,
15,25.194578636607623,54.06602254428341,0.08051529790660225,3.026033279656468,3.938539989264627,13.694310252281268,,,,,
16,25.161030595813205,51.898819108964034,2.214170692431562,3.026033279656468,3.92512077294686,12.567096081588835,0.9326355340848095,0.27509393451422437,,,
17,25.301932367149757,51.81159420289855,2.1806226516371443,3.026033279656468,3.92512077294686,12.546967257112184,0.9326355340848095,0.27509393451422437,,,
18,25.45625335480408,50.75147611379496,2.147074610842727,3.965378421900161,3.92512077294686,12.546967257112184,0.9326355340848095,0.27509393451422437,,,
19,26.073537305421365,50.315351583467525,2.147074610842727,3.92512077294686,3.9049919484702094,12.426194310252281,0.9326355340848095,0.27509393451422437,,,
20,24.93961352657005,44.64573268921095,2.147074610842727,0.2549651100375738,3.1333870101986045,12.902576489533011,11.701556629092861,0.27509393451422437,,,
21,24.174718196457327,45.531400966183575,2.147074610842727,0.2549651100375738,3.1333870101986045,12.855609232420827,11.627750939345143,0.27509393451422437,,,
22,24.510198604401502,45.330112721417066,2.147074610842727,0.2549651100375738,3.1333870101986045,12.761674718196458,11.58749329039184,0.27509393451422437,,,
23,24.610842726784757,45.12211486849168,2.0799785292538915,0.2549651100375738,3.408480944712829,12.694578636607622,11.553945249597424,0.27509393451422437,,,
24,24.94632313472893,44.93424584004294,2.059849704777241,0.24825550187869028,3.408480944712829,12.661030595813205,11.466720343531938,0.27509393451422437,,,
25,25.301932367149757,44.24315619967794,2.5496511003757383,0.24825550187869028,3.388352120236178,12.634192163177671,11.3593666129898,0.27509393451422437,,,
26,25.577026301663984,44.06199677938808,2.5496511003757383,0.24825550187869028,3.388352120236178,12.620772946859903,11.2788513150832,0.27509393451422437,,,
27,25.95276435856146,43.76677402039721,2.5429414922168547,0.24825550187869028,3.388352120236178,12.620772946859903,11.20504562533548,0.27509393451422437,,,
28,26.36876006441224,43.35748792270532,2.5429414922168547,0.24825550187869028,3.388352120236178,12.31213097155126,11.191626409017713,0.5904455179817498,,,
29,26.268115942028984,43.53864734299517,2.5161030595813205,0.24825550187869028,3.388352120236178,12.285292538915728,11.171497584541063,0.5837359098228664,,,
30,25.59044551798175,43.08910359634997,2.5161030595813205,0.24825550187869028,6.662640901771336,10.198604401502953,11.11111111111111,0.5837359098228664,,,
31,25.288513150831992,41.50563607085346,2.5161030595813205,0.11406333870101985,7.5281803542673105,12.587224906065487,9.876543209876543,0.5837359098228664,,,
32,25.0,38.84192163177671,2.368491680085883,0.11406333870101985,9.373322597960279,11.929683306494901,11.802200751476114,0.5703166935050993,,,
33,25.221417069243156,38.65405260332797,2.368491680085883,0.11406333870101985,9.373322597960279,11.929683306494901,11.768652710681696,0.5703166935050993,,,
34,25.449543746645197,38.47289318303811,2.368491680085883,0.11406333870101985,9.373322597960279,11.929683306494901,11.721685453569512,0.5703166935050993,,,
35,20.873590982286636,44.77992485238862,2.281266774020397,0.11406333870101985,8.024691358024691,11.668008588298443,11.721685453569512,0.5367686527106817,,,
36,20.356951154052602,44.46457326892109,2.254428341384863,0.11406333870101985,8.192431561996779,11.882716049382717,12.198067632850242,0.5367686527106817,,,
37,16.646537842190018,37.96967257112185,1.9726247987117553,0.11406333870101985,7.7831454643048845,12.385936661298981,22.611379495437465,0.5166398282340311,,,
38,16.75389157273215,37.94283413848631,1.9726247987117553,0.11406333870101985,7.763016639828234,12.365807836822329,22.611379495437465,0.47638217928073,,,
39,17.008856682769725,37.855609232420825,2.2074610842726785,0.11406333870101985,7.75630703166935,12.365807836822329,22.21551261406334,0.47638217928073,,,
40,17.23027375201288,36.520397208803004,1.8384326355340848,0.11406333870101985,9.86983360171766,11.761943102522812,22.188674181427803,0.47638217928073,,,
41,17.673107890499196,36.34594739667203,1.8384326355340848,0.11406333870101985,9.86983360171766,11.761943102522812,21.920289855072465,0.47638217928073,,,
42,17.72007514761138,35.85614600107354,2.1806226516371443,0.4092860976918948,9.836285560923242,11.694847020933977,21.826355340848096,0.47638217928073,,,
43,18.02871712292002,35.83601717659689,2.1604938271604937,0.4025764895330113,9.782608695652174,11.641170155662909,21.672034353193773,0.47638217928073,,,
44,17.444981213097154,30.421363392377884,2.227589908749329,4.2270531400966185,11.43317230273752,15.344873859366613,18.42458400429415,0.47638217928073,,,
45,17.53220611916264,30.401234567901234,2.227589908749329,4.2270531400966185,11.386205045625335,15.324745034889963,18.42458400429415,0.47638217928073,,,
46,16.31105743424584,27.449006977992486,4.066022544283414,6.166129898013956,11.345947396672035,15.311325818572195,18.874127750939344,0.47638217928073,,,
47,16.49892646269458,27.4020397208803,4.025764895330113,6.166129898013956,11.312399355877616,15.311325818572195,18.80703166935051,0.47638217928073,,,
48,16.6129898013956,27.395330112721417,4.025764895330113,6.166129898013956,11.292270531400966,14.700751476113794,18.746645195920557,0.28180354267310787,0.7783145464304885,,
49,16.09634997316157,27.006172839506174,3.992216854535695,12.781803542673108,11.144659151905529,10.178475577026301,18.746645195920557,0.05367686527106817,,,
50,16.391572732152444,26.41572732152442,3.938539989264627,12.640901771336553,11.808910359634996,9.782608695652174,18.612453032742888,0.05367686527106817,0.35560923242082665,,
51,16.15673644659152,26.38888888888889,3.938539989264627,12.513419216317766,11.79549114331723,9.648416532474503,19.14922168545357,0.05367686527106817,0.35560923242082665,,
52,16.42512077294686,26.20101986044015,3.938539989264627,12.412775093934513,11.842458400429415,9.433709071390231,19.122383252818036,0.2683843263553409,0.35560923242082665,,
53,16.841116478797638,25.95276435856146,3.6768652710681695,12.412775093934513,12.432903918411165,9.39345142243693,18.666129898013956,0.2683843263553409,0.35560923242082665,,
54,16.908212560386474,25.939345142243692,3.6768652710681695,13.607085346215781,11.379495437466453,9.198872785829307,18.666129898013956,0.2683843263553409,0.35560923242082665,,
55,17.04911433172303,23.91304347826087,3.6768652710681695,15.915190552871712,11.379495437466453,9.172034353193773,18.270263016639827,0.2683843263553409,0.35560923242082665,,
56,17.20343531937735,23.832528180354267,3.6768652710681695,15.874932903918411,11.097691894793345,9.125067096081589,18.270263016639827,0.2683843263553409,0.6508319914117016,,
57,12.31213097155126,11.681427804616211,3.0059044551798175,15.660225442834138,6.944444444444445,5.307300053676865,43.947933440687066,0.05367686527106817,1.0869565217391304,,
58,12.419484702093397,11.439881910896403,2.952227589908749,15.660225442834138,9.440418679549115,5.273752012882448,41.67337627482555,0.05367686527106817,1.0869565217391304,,
59,12.513419216317766,11.285560923242082,2.952227589908749,15.573000536768653,7.843531937734836,7.179280730005368,41.51234567901235,0.05367686527106817,1.0869565217391304,,
60,12.76838432635534,11.265432098765432,2.952227589908749,15.197262479871176,7.830112721417069,7.179280730005368,41.37144390767579,0.3488996242619431,1.0869565217391304,,
61,13.070316693505099,11.231884057971014,2.952227589908749,15.096618357487923,7.830112721417069,7.098765432098766,41.12989801395599,0.3488996242619431,1.2412775093934514,,
62,13.318572195383789,10.82259796027912,2.952227589908749,13.848631239935587,7.796564680622652,9.004294149221685,40.666935050993025,0.3488996242619431,1.2412775093934514,,
63,13.378958668813741,10.332796564680622,2.932098765432099,11.822329575952764,7.763016639828234,12.352388620504563,39.82823403113258,0.3488996242619431,1.2412775093934514,,
64,13.45276435856146,10.332796564680622,2.9253891572732154,11.822329575952764,7.7361782071927,12.338969404186795,39.81481481481482,0.3488996242619431,1.2278582930756843,,
65,13.298443370907139,10.258990874932904,2.9253891572732154,11.748523886205046,7.9106280193236715,14.123725174449811,38.17096081588835,0.33548040794417605,1.2278582930756843,,
66,13.493022007514762,10.23215244229737,3.079710144927536,11.714975845410628,7.9106280193236715,14.076757917337627,37.92941492216855,0.33548040794417605,1.2278582930756843,,
67,13.600375738056897,10.171765968867419,3.079710144927536,11.714975845410628,8.085077831454644,13.855340848094471,37.92941492216855,0.33548040794417605,1.2278582930756843,,
68,13.761406333870102,9.876543209876543,3.079710144927536,11.600912506709609,8.085077831454644,14.231078904991948,37.80193236714976,0.33548040794417605,1.2278582930756843,,
69,13.895598497047773,9.41358024691358,2.9924852388620504,11.399624261943103,10.836017176596886,13.674181427804616,36.22517444981213,0.33548040794417605,1.2278582930756843,,
70,13.902308105206655,9.339774557165862,2.965646806226516,14.351851851851851,9.306226516371444,13.077026301663983,35.560923242082666,0.3153515834675255,1.1808910359634996,,
71,14.023081052066559,9.292807300053678,2.965646806226516,14.036500268384327,9.27938808373591,14.123725174449811,34.78260869565217,0.3153515834675255,1.1808910359634996,,
72,14.190821256038648,9.286097691894794,2.965646806226516,14.096886741814279,9.265968867418144,14.197530864197532,34.50751476113795,0.3153515834675255,1.1741814278046163,,
73,14.392109500805153,9.286097691894794,2.61003757380569,14.465915190552872,9.245840042941492,14.110305958132045,34.40016103059581,0.3153515834675255,1.1741814278046163,,
74,14.526301663982823,9.27938808373591,2.9119699409554483,15.26435856146001,8.655394524959743,14.103596349973161,33.76945786366076,0.3153515834675255,1.1741814278046163,,
75,14.828234031132581,9.265968867418144,2.9119699409554483,15.08990874932904,8.655394524959743,14.04320987654321,33.7157809983897,0.3153515834675255,1.1741814278046163,,
76,15.291196994095545,9.245840042941492,2.9119699409554483,15.042941492216855,8.507783145464305,13.915727321524423,33.59500805152979,0.3153515834675255,1.1741814278046163,,
77,15.566290928609769,9.219001610305957,2.8918411164787976,15.022812667740205,8.480944712828771,13.88888888888889,33.44068706387547,0.3153515834675255,1.1741814278046163,,
78,15.707192699946322,9.044551798174986,2.965646806226516,14.418947933440688,8.480944712828771,13.070316693505099,34.82286634460547,0.3153515834675255,1.1741814278046163,,
79,15.60654857756307,8.675523349436393,3.8915727321524423,14.392109500805153,8.53462157809984,13.036768652710682,34.37332259796028,0.3153515834675255,1.1741814278046163,,
80,15.499194847020934,8.628556092324208,3.7238325281803544,15.009393451422437,8.521202361782072,13.01663982823403,33.47423510466989,0.3153515834675255,1.8115942028985508,,
81,15.888352120236178,8.59500805152979,4.012345679012346,14.720880300590446,8.373590982286634,12.969672571121846,33.313204508856685,0.3153515834675255,1.8115942028985508,,
82,15.895061728395062,8.568169618894256,6.052066559312936,14.40552871712292,8.84326355340848,12.801932367149758,31.42109500805153,0.3153515834675255,1.6975308641975309,,
83,15.982286634460548,8.568169618894256,6.025228126677402,14.40552871712292,8.84326355340848,12.795222758990874,31.367418142780462,0.3153515834675255,1.6975308641975309,,
84,15.935319377348362,8.387010198604402,6.025228126677402,15.921900161030596,8.601717659688674,12.95625335480408,30.159688674181428,0.3153515834675255,1.6975308641975309,,
85,16.337895866881375,8.387010198604402,5.991680085882985,15.915190552871712,8.521202361782072,12.74825550187869,30.08588298443371,0.3153515834675255,1.6975308641975309,,
86,16.358024691358025,8.387010198604402,5.870907139023081,15.747450348899624,8.655394524959743,12.493290391841116,30.475040257648953,0.3153515834675255,1.6975308641975309,,
87,16.49892646269458,8.387010198604402,5.870907139023081,15.68035426731079,8.655394524959743,12.493290391841116,30.401234567901234,0.3153515834675255,1.6975308641975309,,
88,16.404991948470208,8.319914117015566,6.870638754696726,15.660225442834138,8.621846484165324,12.466451959205582,29.663177670424048,0.3153515834675255,1.6774020397208802,,
89,16.78743961352657,8.28636607622115,6.870638754696726,15.58641975308642,8.581588835212024,12.466451959205582,29.428341384863124,0.3153515834675255,1.6774020397208802,,
90,16.867954911433173,8.28636607622115,6.870638754696726,15.566290928609769,8.581588835212024,12.439613526570048,29.428341384863124,0.3153515834675255,1.6438539989264627,,
91,16.921631776704242,8.279656468062266,6.763285024154589,14.781266774020397,8.527911969940956,14.163982823403114,28.690284487385938,0.3153515834675255,1.556629092860977,,
92,17.357756307031668,8.266237251744498,6.736446591519055,14.741009125067096,8.467525496511003,13.969404186795492,28.61647879763822,0.2885131508319914,1.556629092860977,,
93,17.03569511540526,8.13875469672571,6.233225979602791,16.921631776704242,8.017981749865807,13.875469672571121,27.932098765432098,0.2885131508319914,1.556629092860977,,
94,17.002147074610843,7.722758990874933,6.092324208266238,16.901502952227588,8.776167471819646,13.821792807300053,27.83816425120773,0.2885131508319914,1.556629092860977,,
95,17.20343531937735,7.695920558239399,6.0654857756307035,16.867954911433173,8.769457863660762,13.79495437466452,27.113526570048307,0.2885131508319914,2.200751476113795,,
96,17.216854535695116,7.695920558239399,6.166129898013956,15.626677402039721,8.769457863660762,13.546698872785829,28.14680622651637,0.2885131508319914,2.5429414922168547,,
97,17.619431025228128,7.353730542136339,6.380837359098229,15.942028985507246,8.293075684380032,13.546698872785829,28.032742887815353,0.2885131508319914,2.5429414922168547,,
98,17.713365539452496,7.2933440687063875,6.380837359098229,15.921900161030596,8.293075684380032,13.546698872785829,28.019323671497585,0.2885131508319914,2.5429414922168547,,
99,17.01556629092861,7.2933440687063875,6.038647342995169,14.707461084272678,7.75630703166935,8.427267847557703,35.85614600107354,0.2885131508319914,2.6167471819645733,,
100,17.250402576489535,7.273215244229737,6.206387546967257,14.647074610842727,7.7361782071927,8.21256038647343,35.768921095008054,0.2885131508319914,2.6167471819645733,,
101,16.049382716049383,7.112184648416532,6.206387546967257,14.647074610842727,7.6623725174449815,8.125335480407944,37.39264626945786,0.2885131508319914,2.5161030595813205,,
102,16.1231884057971,7.112184648416532,6.206387546967257,14.620236178207193,7.648953301127214,8.125335480407944,37.35909822866345,0.2885131508319914,2.5161030595813205,,
103,16.23725174449812,7.112184648416532,6.206387546967257,14.579978529253891,7.648953301127214,8.125335480407944,37.2987117552335,0.2885131508319914,2.5026838432635534,,
104,16.371443907675793,7.092055823939882,6.280193236714976,14.573268921095009,7.64224369296833,8.125335480407944,37.15780998389694,0.2885131508319914,2.4691358024691357,,
105,16.21712292002147,6.615673644659152,5.891035963499732,14.486044015029522,7.199409554482019,10.312667740203972,36.560654857756305,0.24825550187869028,2.4691358024691357,,
106,16.284219001610307,6.615673644659152,5.891035963499732,13.88888888888889,7.179280730005368,10.285829307568438,36.520397208803004,0.24825550187869028,3.0864197530864197,,
107,16.14331723027375,6.595544820182502,6.454643048845948,13.962694578636608,6.998121309715513,10.540794417606012,35.970209339774556,0.24825550187869028,3.0864197530864197,,
108,16.13660762211487,6.521739130434782,6.286902844873859,16.465378421900162,6.937734836285561,9.39345142243693,34.92351046698873,0.24825550187869028,3.0864197530864197,,
109,16.404991948470208,6.521739130434782,6.273483628556092,15.982286634460548,7.266505636070853,9.373322597960279,34.84299516908212,0.24825550187869028,3.0864197530864197,,
110,16.53918411164788,6.515029522275899,6.273483628556092,15.962157809983896,7.246376811594203,9.339774557165862,34.796027911969944,0.24825550187869028,3.079710144927536,,
111,16.646537842190018,6.468062265163715,6.273483628556092,15.693773483628556,7.246376811594203,9.339774557165862,34.68867418142781,0.5434782608695652,3.099838969404187,,
112,16.968599033816425,6.4412238325281805,6.273483628556092,15.526033279656469,7.4141170155662905,9.286097691894794,34.447128287708,0.5434782608695652,3.099838969404187,,
113,17.143048845947398,6.421095008051529,6.273483628556092,15.526033279656469,7.4141170155662905,9.286097691894794,34.31964573268921,0.5434782608695652,3.0730005367686526,,
114,17.364465915190554,6.300322061191626,6.602254428341385,15.485775630703166,7.4141170155662905,9.23913043478261,34.03113258185722,0.5434782608695652,3.0193236714975846,,
115,17.518786902844873,6.300322061191626,6.588835212023618,15.45222758990875,7.4141170155662905,9.219001610305957,33.9170692431562,0.5434782608695652,3.046162104133119,,
116,17.652979066022546,6.300322061191626,6.582125603864735,15.438808373590982,7.407407407407407,9.16532474503489,33.8768115942029,0.5434782608695652,3.0327428878153517,,
117,17.176596886741816,5.971551261406334,6.629092860976919,15.385131508319914,8.272946859903382,9.158615136876007,33.82984433709071,0.5434782608695652,3.0327428878153517,,
118,17.444981213097154,5.897745571658615,6.608964036500268,15.331454643048845,8.252818035426731,9.131776704240472,33.756038647343,0.5434782608695652,3.0327428878153517,,
119,17.74020397208803,5.897745571658615,6.729736983360172,15.250939345142244,8.239398819108963,9.01100375738057,33.55475040257649,0.5434782608695652,3.0327428878153517,,
120,17.8743961352657,5.897745571658615,6.729736983360172,15.237520128824476,8.09849704777241,8.997584541062801,33.51449275362319,0.7112184648416533,2.9388083735909825,,
121,17.921363392377884,5.0791733762748255,6.689479334406871,16.955179817498657,8.085077831454644,8.420558239398819,33.46081588835212,0.49651100375738055,2.8918411164787976,,
122,18.015297906602253,5.038915727321524,6.964573268921095,16.908212560386474,7.863660762211487,8.420558239398819,33.400429414922165,0.49651100375738055,2.8918411164787976,,
123,18.23671497584541,4.998658078368224,7.085346215780999,16.874664519592056,7.863660762211487,8.393719806763285,33.15888352120236,0.49651100375738055,2.8918411164787976,,
124,18.35077831454643,4.958400429414922,7.266505636070853,16.458668813741276,7.816693505099302,8.32662372517445,32.99785292538916,0.49651100375738055,2.8918411164787976,0.43612453032742887,
125,17.485238862050455,4.944981213097155,6.9243156199677935,20.108695652173914,7.440955448201825,7.367149758454106,31.904186795491142,0.49651100375738055,2.8918411164787976,0.43612453032742887,
126,17.68652710681696,4.944981213097155,6.904186795491143,20.081857219538378,7.434245840042942,7.367149758454106,31.756575415995705,0.49651100375738055,2.8918411164787976,0.43612453032742887,
127,17.914653784219002,4.931561996779388,6.884057971014493,20.034889962426195,7.306763285024155,7.326892109500805,31.696188942565755,0.49651100375738055,2.8650026838432634,0.43612453032742887,0.10735373054213634
128,18.055555555555557,5.025496511003757,6.857219538378959,19.96779388083736,7.286634460547504,7.300053676865271,31.49490069779925,0.49651100375738055,2.9723564143853998,0.43612453032742887,0.10735373054213634
129,18.47826086956522,4.985238862050457,6.850509930220075,19.90740740740741,7.286634460547504,7.300053676865271,31.179549114331724,0.49651100375738055,2.9723564143853998,0.43612453032742887,0.10735373054213634
130,18.69296833064949,4.951690821256038,6.850509930220075,19.786634460547504,8.219269994632313,7.2933440687063875,30.730005367686527,0.49651100375738055,2.4355877616747184,0.43612453032742887,0.10735373054213634
131,18.65271068169619,4.938271604938271,7.266505636070853,19.73966720343532,8.219269994632313,7.2933440687063875,30.414653784219002,0.49651100375738055,2.4355877616747184,0.43612453032742887,0.10735373054213634
132,18.867418142780462,4.924852388620504,7.266505636070853,19.685990338164252,8.219269994632313,7.2933440687063875,30.280461621041333,0.49651100375738055,2.4221685453569513,0.43612453032742887,0.10735373054213634
133,19.0955448201825,4.911433172302737,7.266505636070853,19.558507783145465,8.205850778314547,8.467525496511003,29.03918411164788,0.49651100375738055,2.4154589371980677,0.43612453032742887,0.10735373054213634
134,19.216317767042405,4.87788513150832,7.25979602791197,19.538378958668815,8.447396672034353,8.266237251744498,28.938539989264626,0.49651100375738055,2.4154589371980677,0.43612453032742887,0.10735373054213634
135,19.390767579173378,4.851046698872786,7.226247987117552,19.51825013419216,8.447396672034353,8.225979602791197,28.884863123993558,0.49651100375738055,2.4154589371980677,0.43612453032742887,0.10735373054213634
136,19.49141170155663,4.851046698872786,7.226247987117552,19.424315619967793,8.232689210950081,8.561460010735374,28.75738056897477,0.49651100375738055,2.4154589371980677,0.43612453032742887,0.10735373054213634
137,19.088835212023618,4.8443370907139025,10.661567364465915,19.370638754696724,7.682501341921632,8.561460010735374,26.455984970477726,0.49651100375738055,2.2946859903381642,0.43612453032742887,0.10735373054213634
138,19.243156199677937,4.8443370907139025,10.607890499194847,18.679549114331724,8.340042941492216,8.514492753623188,26.435856146001072,0.49651100375738055,2.2946859903381642,0.43612453032742887,0.10735373054213634
139,19.196188942565755,4.824208266237251,10.527375201288244,19.45786366076221,8.185721953837897,8.05823939881911,26.41572732152442,0.49651100375738055,2.2946859903381642,0.43612453032742887,0.10735373054213634
140,19.384057971014492,4.824208266237251,10.48040794417606,19.39747718733226,8.165593129361245,8.004562533548041,26.40901771336554,0.49651100375738055,2.2946859903381642,0.43612453032742887,0.10735373054213634
141,19.390767579173378,4.804079441760601,9.54777241009125,19.182769726247987,10.950080515297907,7.977724100912507,25.181159420289855,0.49651100375738055,1.9256575415995705,0.43612453032742887,0.10735373054213634
142,19.545088566827697,4.804079441760601,9.520933977455716,19.155931293612454,10.916532474503489,7.944176060118089,25.147611379495437,0.49651100375738055,1.9256575415995705,0.43612453032742887,0.10735373054213634
143,19.82018250134192,4.804079441760601,9.50751476113795,19.108964036500268,10.869565217391305,7.944176060118089,25.006709608158882,0.49651100375738055,1.8988191089640365,0.43612453032742887,0.10735373054213634
144,19.75979602791197,4.804079441760601,11.104401502952227,19.088835212023618,10.681696188942565,7.9106280193236715,23.72517444981213,0.49651100375738055,1.8853998926462694,0.43612453032742887,0.10735373054213634
145,19.605475040257648,4.804079441760601,11.500268384326356,19.585346215780998,10.681696188942565,7.877079978529254,23.22866344605475,0.49651100375738055,1.6774020397208802,0.43612453032742887,0.10735373054213634
146,19.639023081052066,4.790660225442834,11.493558776167472,19.578636607622116,10.513955984970478,7.87037037037037,23.11460010735373,0.7783145464304885,1.6774020397208802,0.43612453032742887,0.10735373054213634
147,19.6256038647343,4.777241009125067,11.480139559849706,19.504830917874397,10.493827160493828,8.809715512614064,22.309447128287708,0.7783145464304885,1.6774020397208802,0.43612453032742887,0.10735373054213634
148,19.766505636070853,4.777241009125067,11.426462694578637,19.484702093397747,10.48040794417606,8.80300590445518,22.262479871175522,0.7783145464304885,1.6774020397208802,0.43612453032742887,0.10735373054213634
149,19.79334406870639,4.7638217928073,11.345947396672035,19.370638754696724,10.72866344605475,8.76274825550188,22.23564143853999,0.7783145464304885,1.6774020397208802,0.43612453032742887,0.10735373054213634
150,19.994632313472895,4.7638217928073,11.285560923242082,19.350509930220074,10.721953837895867,8.756038647342995,22.16183574879227,0.7514761137949544,1.6706924315619969,0.43612453032742887,0.10735373054213634
151,20.128824476650564,4.7638217928073,11.211755233494364,19.330381105743424,10.715244229736983,8.722490606548577,22.16183574879227,0.7514761137949544,1.6706924315619969,0.43612453032742887,0.10735373054213634
152,20.04830917874396,4.696725711218465,11.158078368223295,19.088835212023618,11.272141706924316,9.185453569511541,21.658615136876005,0.6776704240472357,1.6706924315619969,0.43612453032742887,0.10735373054213634
153,20.142243692968332,4.690016103059581,11.158078368223295,19.07541599570585,11.272141706924316,9.172034353193773,21.611647879763822,0.6776704240472357,1.6572732152442298,0.43612453032742887,0.10735373054213634
154,19.98792270531401,4.676596886741814,10.654857756307031,18.833870101986044,12.305421363392378,9.145195920558239,21.316425120772948,0.8789586688137413,1.6572732152442298,0.43612453032742887,0.10735373054213634
155,20.061728395061728,4.676596886741814,10.923242082662373,18.69296833064949,12.29200214707461,8.977455716586151,21.296296296296298,0.8789586688137413,1.6572732152442298,0.43612453032742887,0.10735373054213634
156,20.242887815351583,4.636339237788513,10.903113258185721,18.63929146537842,12.29200214707461,8.943907675791733,21.26945786366076,0.8789586688137413,1.6505636070853462,0.43612453032742887,0.10735373054213634
157,20.471014492753625,4.528985507246377,11.137949543746645,18.5654857756307,12.238325281803542,8.829844337090714,21.235909822866343,0.798443370907139,1.6505636070853462,0.43612453032742887,0.10735373054213634
158,20.88030059044552,4.40150295222759,11.07085346215781,18.438003220611915,12.23161567364466,8.829844337090714,21.16881374127751,0.798443370907139,1.6371443907675791,0.43612453032742887,0.10735373054213634
159,20.90713902308105,4.40150295222759,11.07085346215781,17.894524959742352,12.171229200214707,9.601449275362318,21.135265700483092,0.798443370907139,1.6237251744498122,0.2885131508319914,0.10735373054213634
160,21.088298443370906,4.361245303274289,11.057434245840042,17.881105743424584,12.084004294149223,9.574610842726784,21.135265700483092,0.798443370907139,1.6237251744498122,0.2885131508319914,0.10735373054213634
161,21.195652173913043,4.327697262479871,10.63472893183038,17.612721417069242,11.621041331186259,10.7085346215781,21.081588835212024,0.798443370907139,1.6237251744498122,0.2885131508319914,0.10735373054213634
162,21.490874932903917,4.300858829844337,10.466988727858293,17.55233494363929,11.600912506709609,10.7085346215781,21.061460010735374,0.9125067096081588,1.5096618357487923,0.2885131508319914,0.10735373054213634
163,21.64519592055824,4.300858829844337,10.453569511540525,17.538915727321523,11.500268384326356,10.695115405260333,21.048040794417606,0.9125067096081588,1.5096618357487923,0.2885131508319914,0.10735373054213634
164,21.71900161030596,4.300858829844337,10.453569511540525,17.518786902844873,11.500268384326356,10.681696188942565,21.007783145464305,0.9125067096081588,1.5096618357487923,0.2885131508319914,0.10735373054213634
165,21.83977455716586,4.300858829844337,10.25228126677402,17.840848094471284,11.372785829307569,10.654857756307031,20.92055823939882,0.9125067096081588,1.5096618357487923,0.2885131508319914,0.10735373054213634
166,21.591519055287172,4.300858829844337,9.4873859366613,18.00187869028449,13.573537305421363,10.654857756307031,20.001341921631777,0.8185721953837896,1.1741814278046163,0.2885131508319914,0.10735373054213634
167,22.067901234567902,4.300858829844337,9.346484165324744,17.92807300053677,13.499731615673644,10.57434245840043,19.940955448201827,0.8051529790660226,1.1406333870101986,0.2885131508319914,0.10735373054213634
168,22.21551261406334,4.300858829844337,9.346484165324744,17.881105743424584,13.466183574879228,10.554213633923778,19.89398819108964,0.8051529790660226,1.1406333870101986,0.2885131508319914,0.10735373054213634
169,22.383252818035427,4.300858829844337,9.312936124530328,17.780461621041333,13.459473966720344,10.554213633923778,19.867149758454108,0.8051529790660226,1.1406333870101986,0.2885131508319914,0.10735373054213634
170,22.322866344605476,4.126409017713366,9.265968867418144,18.14278046162104,13.479602791196994,10.534084809447128,19.786634460547504,0.8051529790660226,1.1406333870101986,0.2885131508319914,0.10735373054213634
171,22.443639291465377,4.1129898013955986,9.205582393988191,18.317230273752013,13.439345142243694,10.534084809447128,19.605475040257648,0.8051529790660226,1.1406333870101986,0.2885131508319914,0.10735373054213634
172,22.65834675254965,4.1129898013955986,9.172034353193773,18.23671497584541,13.365539452495975,10.534084809447128,19.578636607622116,0.8051529790660226,1.1406333870101986,0.2885131508319914,0.10735373054213634
173,22.470477724100913,4.066022544283414,9.111647879763822,18.183038110574344,13.734567901234568,10.641438539989265,19.45115405260333,0.8051529790660226,1.1406333870101986,0.2885131508319914,0.10735373054213634
174,22.29602791196994,3.978797638217928,8.977455716586151,18.136070853462158,13.372249060654857,11.513687600644122,19.41760601180891,0.7716049382716049,1.1406333870101986,0.2885131508319914,0.10735373054213634
175,22.38996242619431,3.851315083199141,8.957326892109501,18.136070853462158,13.533279656468062,11.439881910896403,19.384057971014492,0.7716049382716049,1.1406333870101986,0.2885131508319914,0.10735373054213634
176,22.611379495437465,3.851315083199141,8.910359634997317,18.136070853462158,13.546698872785829,11.406333870101985,19.229736983360173,0.7716049382716049,1.1406333870101986,0.2885131508319914,0.10735373054213634
177,22.7187332259796,3.851315083199141,8.910359634997317,18.08239398819109,13.506441223832528,11.392914653784219,19.229736983360173,0.7716049382716049,1.1406333870101986,0.2885131508319914,0.10735373054213634
178,22.82608695652174,3.851315083199141,8.910359634997317,17.995169082125603,13.506441223832528,11.372785829307569,19.229736983360173,0.7716049382716049,1.1406333870101986,0.2885131508319914,0.10735373054213634
179,23.10789049919485,3.851315083199141,8.809715512614064,17.96833064949007,13.654052603327965,11.191626409017713,19.108964036500268,0.7716049382716049,1.1406333870101986,0.2885131508319914,0.10735373054213634
180,23.336017176596886,3.8378958668813743,8.796296296296296,17.907944176060116,13.654052603327965,11.158078368223295,19.00161030595813,0.7716049382716049,1.1406333870101986,0.2885131508319914,0.10735373054213634
181,23.557434245840042,3.8378958668813743,8.796296296296296,17.76033279656468,13.627214170692431,11.144659151905529,18.968062265163713,0.7716049382716049,1.1406333870101986,0.2885131508319914,0.10735373054213634
182,23.51046698872786,3.8378958668813743,8.896940418679549,17.559044551798173,13.539989264626946,11.144659151905529,18.94122383252818,0.7716049382716049,1.402308105206656,0.2885131508319914,0.10735373054213634
183,23.58427267847558,3.8177670424047236,8.890230810520666,17.458400429414922,13.6406333870102,11.144659151905529,18.927804616210413,0.7716049382716049,1.3955984970477724,0.2885131508319914,0.08051529790660225
184,23.67149758454106,3.8177670424047236,8.890230810520666,17.458400429414922,13.58695652173913,11.144659151905529,18.894256575415994,0.7716049382716049,1.3955984970477724,0.2885131508319914,0.08051529790660225
185,23.785560923242084,3.81105743424584,8.870101986044014,17.37788513150832,13.58695652173913,11.144659151905529,18.887546967257112,0.7716049382716049,1.3955984970477724,0.2885131508319914,0.08051529790660225
186,23.859366612989803,3.81105743424584,8.84326355340848,17.357756307031668,13.58695652173913,11.117820719269995,18.887546967257112,0.7716049382716049,1.3955984970477724,0.2885131508319914,0.08051529790660225
187,23.97342995169082,3.797638217928073,8.796296296296296,17.357756307031668,13.58695652173913,11.11111111111111,18.853998926462694,0.7716049382716049,1.3955984970477724,0.27509393451422437,0.08051529790660225
188,23.376274825550187,3.69699409554482,8.655394524959743,17.344337090713903,15.210681696188942,11.077563070316694,18.115942028985508,0.7716049382716049,1.3955984970477724,0.27509393451422437,0.08051529790660225
189,23.503757380568974,3.69699409554482,8.641975308641975,17.317498658078367,15.33816425120773,11.057434245840042,18.02871712292002,0.6642512077294686,1.3955984970477724,0.27509393451422437,0.08051529790660225
190,23.91304347826087,3.69699409554482,8.61513687600644,17.2638217928073,15.230810520665592,10.976918947933441,17.914653784219002,0.6374127750939346,1.3955984970477724,0.27509393451422437,0.08051529790660225
191,24.134460547504027,3.683574879227053,8.601717659688674,17.122920021470748,15.183843263553408,10.970209339774557,17.914653784219002,0.6374127750939346,1.3955984970477724,0.27509393451422437,0.08051529790660225
192,24.282071926999464,3.683574879227053,8.568169618894256,17.351046698872786,14.88191089640365,10.929951690821255,17.914653784219002,0.6374127750939346,1.3955984970477724,0.27509393451422437,0.08051529790660225
193,24.44981213097155,3.683574879227053,8.514492753623188,17.310789049919485,14.814814814814815,10.929951690821255,17.907944176060116,0.6374127750939346,1.3955984970477724,0.27509393451422437,0.08051529790660225
194,24.55716586151369,3.683574879227053,8.480944712828771,17.297369833601717,14.78797638217928,10.903113258185721,17.901234567901234,0.6374127750939346,1.3955984970477724,0.27509393451422437,0.08051529790660225
195,24.691358024691358,3.6500268384326353,8.460815888352121,17.290660225442835,14.774557165861514,10.88298443370907,17.867686527106816,0.6374127750939346,1.3955984970477724,0.2683843263553409,0.08051529790660225
196,24.86580783682233,3.6366076221148687,8.460815888352121,17.28395061728395,14.734299516908212,10.869565217391305,17.767042404723565,0.6374127750939346,1.3955984970477724,0.2683843263553409,0.08051529790660225
197,24.953032742887814,3.797638217928073,8.702361782071927,17.022275899087493,14.640365002683843,10.815888352120236,17.693236714975846,0.6374127750939346,1.3888888888888888,0.2683843263553409,0.08051529790660225
198,24.859098228663445,3.797638217928073,8.675523349436393,16.901502952227588,14.640365002683843,10.782340311325818,17.96833064949007,0.6374127750939346,1.3888888888888888,0.2683843263553409,0.08051529790660225
199,24.986580783682232,3.797638217928073,8.675523349436393,16.854535695115406,14.640365002683843,10.735373054213634,17.934782608695652,0.6374127750939346,1.3888888888888888,0.2683843263553409,0.08051529790660225
200,25.261674718196456,3.7775093934514223,8.655394524959743,16.814278046162105,14.506172839506172,10.72866344605475,17.881105743424584,0.6374127750939346,1.3888888888888888,0.2683843263553409,0.08051529790660225
201,25.41599570585078,3.7640901771336552,8.648684916800859,16.7337627482555,14.506172839506172,10.7085346215781,17.847557702630166,0.6374127750939346,1.3888888888888888,0.2683843263553409,0.08051529790660225
202,25.63070316693505,3.7238325281803544,8.621846484165324,16.438539989264626,14.472624798711756,10.426731078904991,18.317230273752013,0.630703166935051,1.3888888888888888,0.2683843263553409,0.08051529790660225
203,25.670960815888353,3.6097691894793345,8.61513687600644,16.344605475040257,14.76784755770263,10.38647342995169,18.263553408480945,0.630703166935051,1.3620504562533549,0.2683843263553409,0.08051529790660225
204,25.979602791196996,3.6097691894793345,8.809715512614064,16.264090177133657,14.660493827160494,10.238862050456254,18.10252281266774,0.6239935587761675,1.3620504562533549,0.2683843263553409,0.08051529790660225
205,26.133923778851315,3.6097691894793345,8.796296296296296,16.203703703703702,14.660493827160494,10.165056360708535,18.095813204508858,0.6239935587761675,1.3620504562533549,0.2683843263553409,0.08051529790660225
206,26.32850241545894,3.5762211486849167,8.769457863660762,16.170155662909288,14.620236178207193,10.138217928073,18.06226516371444,0.6239935587761675,1.3620504562533549,0.2683843263553409,0.08051529790660225
207,26.435856146001072,3.5762211486849167,8.709071390230811,16.170155662909288,14.606816961889425,10.138217928073,18.02871712292002,0.6239935587761675,1.3620504562533549,0.2683843263553409,0.08051529790660225
208,26.536500268384327,3.569511540526033,8.675523349436393,16.15673644659152,14.606816961889425,10.138217928073,17.98174986580784,0.6239935587761675,1.3620504562533549,0.2683843263553409,0.08051529790660225
209,26.90552871712292,3.5426731078904994,8.548040794417606,16.129898013955984,14.593397745571659,10.091250670960816,17.860976918947934,0.6239935587761675,1.3553408480944713,0.2683843263553409,0.08051529790660225
210,26.516371443907676,3.5426731078904994,8.521202361782072,15.445517981749866,14.492753623188406,10.077831454643048,19.390767579173378,0.4428341384863124,1.3016639828234031,0.1878690284487386,0.08051529790660225
211,26.724369296833064,3.5426731078904994,8.487654320987655,15.425389157273216,14.479334406870638,10.00402576489533,19.33709071390231,0.4428341384863124,1.288244766505636,0.1878690284487386,0.08051529790660225
212,26.78475577026302,3.5426731078904994,8.447396672034353,15.391841116478798,15.183843263553408,9.997316156736447,18.753354804079443,0.3421900161030596,1.288244766505636,0.1878690284487386,0.08051529790660225
213,26.8317230273752,3.5292538915727323,8.447396672034353,15.365002683843263,15.183843263553408,9.990606548577563,18.753354804079443,0.3421900161030596,1.288244766505636,0.1878690284487386,0.08051529790660225
214,26.89210950080515,3.5292538915727323,8.447396672034353,15.33816425120773,15.163714439076758,9.977187332259795,18.753354804079443,0.3421900161030596,1.288244766505636,0.1878690284487386,0.08051529790660225
215,27.073268921095007,3.5292538915727323,8.400429414922169,15.311325818572195,15.163714439076758,9.96376811594203,18.706387546967257,0.3421900161030596,1.2681159420289856,0.1610305958132045,0.08051529790660225
216,26.838432635534083,3.5292538915727323,7.809983896940419,15.653515834675256,14.801395598497047,10.849436392914654,18.686258722490606,0.322061191626409,1.2681159420289856,0.1610305958132045,0.08051529790660225
217,26.932367149758456,3.5292538915727323,7.809983896940419,15.60654857756307,14.761137949543746,10.849436392914654,18.686258722490606,0.322061191626409,1.261406333870102,0.1610305958132045,0.08051529790660225
218,27.086688137412775,3.5292538915727323,7.75630703166935,15.539452495974235,14.761137949543746,10.849436392914654,18.65271068169619,0.322061191626409,1.261406333870102,0.1610305958132045,0.08051529790660225
219,27.26784755770263,3.5292538915727323,7.75630703166935,15.398550724637682,14.761137949543746,10.836017176596886,18.625872249060656,0.322061191626409,1.261406333870102,0.1610305958132045,0.08051529790660225
220,27.462426194310254,3.5292538915727323,7.709339774557166,15.35829307568438,14.714170692431562,10.809178743961352,18.592324208266238,0.322061191626409,1.261406333870102,0.1610305958132045,0.08051529790660225
221,27.616747181964573,3.5225442834138487,7.709339774557166,15.33816425120773,14.707461084272678,10.768921095008052,18.511808910359633,0.322061191626409,1.261406333870102,0.1610305958132045,0.08051529790660225
222,27.750939345142243,3.5225442834138487,7.709339774557166,15.311325818572195,14.680622651637144,10.72866344605475,18.49838969404187,0.2952227589908749,1.261406333870102,0.1610305958132045,0.08051529790660225
