,45,50,51,53,54,55,58,56,52,59,57,60,61,46,62,47
0,93.78690284487386,6.199677938808374,0.013419216317767043,,,,,,,,,,,,,
1,92.3040794417606,7.6556629092860975,0.013419216317767043,0.026838432635534086,,,,,,,,,,,,
2,75.04696725711219,22.839506172839506,,2.0128824476650564,0.026838432635534086,0.07380568974771873,,,,,,,,,,
3,74.71148684916801,22.69189479334407,,2.006172839506173,0.3153515834675255,0.2683843263553409,0.0067096081588835215,,,,,,,,,
4,73.22195383789587,24.12775093934514,,2.006172839506173,0.3153515834675255,0.322061191626409,0.0067096081588835215,,,,,,,,,
5,72.81937734836285,24.44981213097155,,2.1068169618894257,0.3488996242619431,0.2683843263553409,0.0067096081588835215,,,,,,,,,
6,69.69940955448202,21.68545356951154,6.468062265163715,1.570048309178744,0.32877079978529256,0.24154589371980675,0.0067096081588835215,,,,,,,,,
7,68.18303811057434,22.000805152979066,5.542136339237788,1.556629092860977,2.3483628556092326,0.28180354267310787,0.020128824476650563,0.06709608158883522,,,,,,,,
8,65.21739130434783,24.838969404186795,5.535426731078905,1.556629092860977,2.3483628556092326,0.39586688137412773,0.020128824476650563,0.08722490606548577,,,,,,,,
9,64.04991948470209,25.93263553408481,5.535426731078905,1.556629092860977,2.3483628556092326,0.4562533548040794,0.020128824476650563,0.08722490606548577,0.013419216317767043,,,,,,,
10,60.339506172839506,26.321792807300053,2.341653247450349,8.011272141706923,2.4557165861513686,0.47638217928073,0.026838432635534086,0.013419216317767043,0.013419216317767043,,,,,,,
11,58.40713902308105,28.25415995705851,2.341653247450349,7.997852925389157,2.428878153515835,0.5032206119162641,0.040257648953301126,0.013419216317767043,0.013419216317767043,,,,,,,
12,48.590982286634464,38.56682769726248,2.3081052066559313,7.481213097155126,2.428878153515835,0.5166398282340311,0.08051529790660225,0.013419216317767043,0.013419216317767043,,,,,,,
13,48.33601717659689,38.65405260332797,2.341653247450349,7.474503488996243,2.442297369833602,0.6239935587761675,0.08722490606548577,0.013419216317767043,0.026838432635534086,,,,,,,
14,48.16156736446592,38.66076221148685,2.4221685453569513,7.467793880837359,2.428878153515835,0.6910896403650026,0.08722490606548577,0.013419216317767043,0.05367686527106817,0.013419216317767043,,,,,,
15,45.49785292538916,41.2037037037037,2.4557165861513686,7.461084272678476,2.428878153515835,0.7716049382716049,0.08722490606548577,0.026838432635534086,0.05367686527106817,0.013419216317767043,,,,,,
16,41.53918411164788,44.08883521202362,3.4151905528717124,7.333601717659689,2.442297369833602,0.8588298443370908,0.2147074610842727,0.040257648953301126,0.05367686527106817,0.013419216317767043,,,,,,
17,41.358024691358025,44.14922168545357,3.4151905528717124,7.333601717659689,2.442297369833602,0.9796027911969941,0.2147074610842727,0.040257648953301126,0.05367686527106817,0.013419216317767043,,,,,,
18,41.14331723027375,42.88781535158347,3.6097691894793345,7.333601717659689,2.442297369833602,1.1003757380568975,0.2147074610842727,0.040257648953301126,1.2010198604401503,0.013419216317767043,0.013419216317767043,,,,,
19,40.063070316693505,43.874127750939344,3.5829307568438002,7.347020933977456,2.442297369833602,1.2010198604401503,0.2147074610842727,0.04696725711218465,1.2010198604401503,0.013419216317767043,0.013419216317767043,,,,,
20,39.44578636607622,42.55904455179817,5.522007514761138,7.333601717659689,2.4691358024691357,1.1540526033279657,0.2281266774020397,0.04696725711218465,1.2144390767579174,0.013419216317767043,0.013419216317767043,,,,,
21,36.16478797638218,45.531400966183575,5.528717122920021,7.333601717659689,2.4490069779924855,1.4492753623188406,0.2281266774020397,0.06038647342995169,1.2278582930756843,0.013419216317767043,0.013419216317767043,,,,,
22,33.762748255501876,44.16935050993022,12.00348899624262,5.790391841116479,1.288244766505636,1.4559849704777241,0.1878690284487386,0.06038647342995169,1.2546967257112185,0.013419216317767043,0.013419216317767043,,,,,
23,30.689747718733226,47.148416532474506,11.855877616747183,5.776972624798712,1.288244766505636,1.710950080515298,0.20799785292538917,0.07380568974771873,1.221148684916801,0.013419216317767043,0.013419216317767043,,,,,
24,29.931561996779386,46.05475040257649,13.47289318303811,5.441492216854535,1.288244766505636,2.2342995169082127,0.20799785292538917,0.10064412238325282,1.2412775093934514,0.013419216317767043,0.013419216317767043,,,,,
25,29.857756307031668,45.833333333333336,13.399087493290391,5.5756843800322065,1.288244766505636,2.341653247450349,0.23483628556092323,0.17444981213097155,1.2412775093934514,0.013419216317767043,0.040257648953301126,,,,,
26,29.790660225442835,45.799785292538914,13.33870101986044,5.589103596349974,1.3016639828234031,2.4020397208803006,0.24825550187869028,0.23483628556092323,1.2412775093934514,0.013419216317767043,0.040257648953301126,,,,,
27,28.764090177133657,43.484970477724104,16.384863123993558,5.60252281266774,1.4090177133655395,2.5966183574879227,0.24825550187869028,0.2147074610842727,1.2412775093934514,0.013419216317767043,0.040257648953301126,,,,,
28,27.046430488459475,44.06199677938808,14.298174986580785,8.84326355340848,1.3888888888888888,2.5026838432635534,0.24825550187869028,0.3153515834675255,1.2144390767579174,0.013419216317767043,0.06709608158883522,,,,,
29,23.03408480944713,45.779656468062264,12.701288244766506,8.105206655931294,1.4694041867954912,2.1739130434782608,0.2214170692431562,0.2683843263553409,6.139291465378422,0.013419216317767043,0.0939345142243693,,,,,
30,18.317230273752013,49.8792270531401,12.117552334943639,7.796564680622652,1.4626945786366077,3.7104133118625873,0.2549651100375738,0.30864197530864196,5.964841653247451,0.013419216317767043,0.17444981213097155,,,,,
31,18.17632850241546,45.840042941492214,17.961621041331185,5.8172302737520125,1.5029522275899088,3.8714439076757916,0.36231884057971014,0.322061191626409,5.931293612453032,0.013419216317767043,0.1878690284487386,0.013419216317767043,,,,
32,18.156199677938808,45.471014492753625,17.901234567901234,5.783682232957595,1.5029522275899088,4.280730005367687,0.39586688137412773,0.3488996242619431,5.897745571658615,0.013419216317767043,0.23483628556092323,0.013419216317767043,,,,
33,18.035426731078903,43.78019323671498,15.774288781535159,3.3950617283950617,1.5029522275899088,4.0995705850778315,0.18115942028985507,0.30193236714975846,12.627482555018787,0.013419216317767043,0.27509393451422437,0.013419216317767043,,,,
34,18.00858829844337,43.605743424584006,15.754159957058508,3.388352120236178,1.5029522275899088,4.30756843800322,0.18115942028985507,0.3757380568974772,12.5402576489533,0.013419216317767043,0.30864197530864196,0.013419216317767043,,,,
35,16.961889425657542,39.418947933440684,16.881374127750938,3.374932903918411,2.7979066022544283,4.2270531400966185,0.20799785292538917,0.5703166935050993,15.183843263553408,0.013419216317767043,0.3488996242619431,0.013419216317767043,,,,
36,16.847826086956523,36.151368760064415,17.277241009125067,3.4017713365539453,4.079441760601181,4.119699409554482,0.20799785292538917,0.6239935587761675,16.914922168545356,0.013419216317767043,0.32877079978529256,0.03354804079441761,,,,
37,16.834406870638755,34.54106280193237,16.61969940955448,4.086151368760064,4.079441760601181,4.146537842190016,0.24154589371980675,0.7313472893183038,18.230005367686527,0.020128824476650563,0.43612453032742887,0.03354804079441761,,,,
38,16.780730005367687,34.09822866344606,16.566022544283413,4.2203435319377345,4.066022544283414,4.508856682769726,0.24825550187869028,0.785024154589372,18.169618894256576,0.03354804079441761,0.48980139559849706,0.03354804079441761,,,,
39,16.33118625872249,34.42699946323135,16.525764895330113,4.233762748255502,4.092860976918948,4.542404723564144,0.2885131508319914,0.8185721953837896,18.183038110574344,0.03354804079441761,0.48980139559849706,0.03354804079441761,,,,
40,16.183574879227052,34.447128287708,15.640096618357488,4.025764895330113,4.119699409554482,5.8239398819108965,0.3421900161030596,0.6776704240472357,18.136070853462158,0.06709608158883522,0.48980139559849706,0.04696725711218465,,,,
41,15.324745034889963,31.80354267310789,16.049382716049383,6.736446591519055,4.26731078904992,5.421363392377885,0.33548040794417605,0.4025764895330113,18.739935587761675,0.06709608158883522,0.8051529790660226,0.04696725711218465,,,,
42,14.049919484702093,38.378958668813745,16.029253891572733,4.938271604938271,2.24771873322598,5.233494363929147,0.33548040794417605,0.39586688137412773,17.559044551798173,0.08051529790660225,0.7246376811594203,0.026838432635534086,,,,
43,13.211218464841654,46.443907675791735,15.022812667740205,4.783950617283951,1.2278582930756843,5.387815351583468,0.35560923242082665,0.4294149221685454,12.493290391841116,0.07380568974771873,0.5434782608695652,0.026838432635534086,,,,
44,11.43317230273752,48.19511540526033,14.781266774020397,5.636070853462158,1.261406333870102,6.461352657004831,0.32877079978529256,0.3488996242619431,10.909822866344605,0.07380568974771873,0.5233494363929146,0.026838432635534086,0.020128824476650563,,,
45,11.419753086419753,47.497316156736446,15.304616210413311,5.589103596349974,1.2949543746645196,6.615673644659152,0.3757380568974772,0.36231884057971014,10.896403650026839,0.07380568974771873,0.5233494363929146,0.026838432635534086,0.020128824476650563,,,
46,11.439881910896403,47.30273752012882,15.22410091250671,5.656199677938808,1.3217928073000538,6.810252281266774,0.3824476650563607,0.36231884057971014,10.836017176596886,0.07380568974771873,0.5434782608695652,0.026838432635534086,0.020128824476650563,,,
47,11.345947396672035,45.169082125603865,15.707192699946322,7.246376811594203,1.328502415458937,7.118894256575416,0.3824476650563607,0.4294149221685454,10.493827160493828,0.07380568974771873,0.6239935587761675,0.026838432635534086,0.05367686527106817,,,
48,10.795759527643586,44.63231347289318,15.633387010198604,7.0450885668276975,1.328502415458937,7.152442297369833,0.3824476650563607,0.46296296296296297,11.66129898013956,0.07380568974771873,0.7514761137949544,0.026838432635534086,0.05367686527106817,,,
49,9.004294149221685,48.66478797638218,15.566290928609769,5.924584004294149,1.328502415458937,7.1725711218464845,0.3824476650563607,0.5300590445517982,10.292538915727322,0.07380568974771873,0.966183574879227,0.040257648953301126,0.05367686527106817,,,
50,8.903650026838433,43.853998926462694,15.304616210413311,5.924584004294149,2.7442297369833604,7.6556629092860975,0.41599570585077833,0.6575415995705851,13.251476113794954,0.1878690284487386,1.0064412238325282,0.040257648953301126,0.05367686527106817,,,
51,8.943907675791733,43.69967793880837,15.28448738593666,6.085614600107354,2.7106816961889426,7.62211486849168,0.41599570585077833,0.6776704240472357,13.217928073000536,0.2214170692431562,0.9997316156736447,0.05367686527106817,0.06709608158883522,,,
52,8.923778851315083,43.49168008588298,15.22410091250671,6.112453032742888,2.7643585614600106,7.709339774557166,0.41599570585077833,0.7112184648416533,13.170960815888352,0.2616747181964573,1.093666129898014,0.05367686527106817,0.06709608158883522,,,
53,8.903650026838433,43.323939881910896,15.143585614600108,6.112453032742888,2.7643585614600106,7.85024154589372,0.4294149221685454,0.7917337627482555,13.191089640365004,0.2616747181964573,1.107085346215781,0.05367686527106817,0.06709608158883522,,,
54,8.896940418679549,43.203166935050994,15.076489533011273,6.146001073537305,2.7643585614600106,7.950885668276973,0.4294149221685454,0.8521202361782072,13.170960815888352,0.2616747181964573,1.1272141706924315,0.05367686527106817,0.06709608158883522,,,
55,8.917069243156199,43.05555555555556,15.009393451422437,6.125872249060655,2.7643585614600106,8.07836822329576,0.4495437466451959,0.9192163177670424,13.083735909822867,0.2616747181964573,1.2144390767579174,0.05367686527106817,0.06709608158883522,,,
56,8.293075684380032,43.67283950617284,14.734299516908212,6.139291465378422,2.636876006441224,8.32662372517445,0.46967257112184646,1.0601180891035964,13.036768652710682,0.2885131508319914,1.2144390767579174,0.06038647342995169,0.06709608158883522,,,
57,8.313204508856682,43.545356951154055,14.720880300590446,6.159420289855072,2.6167471819645733,8.380300590445518,0.46967257112184646,1.0735373054213635,13.036768652710682,0.3153515834675255,1.2412775093934514,0.06038647342995169,0.06709608158883522,,,
58,8.266237251744498,43.59903381642512,14.720880300590446,6.159420289855072,2.6167471819645733,8.393719806763285,0.46967257112184646,1.1876006441223832,12.915995705850777,0.3153515834675255,1.2278582930756843,0.06038647342995169,0.06709608158883522,,,
59,8.246108427267847,43.263553408480945,14.687332259796028,6.159420289855072,2.6502952227589907,8.655394524959743,0.46967257112184646,1.2345679012345678,12.962962962962964,0.3153515834675255,1.2278582930756843,0.06038647342995169,0.06709608158883522,,,
60,7.7831454643048845,42.31749865807837,12.68786902844874,9.73564143853999,2.536231884057971,8.729200214707461,0.5032206119162641,1.1674718196457328,12.902576489533011,0.2885131508319914,1.2278582930756843,0.07380568974771873,0.04696725711218465,,,
61,7.769726247987117,42.14975845410628,12.70799785292539,9.708803005904455,2.536231884057971,8.903650026838433,0.47638217928073,1.1741814278046163,12.875738056897477,0.30193236714975846,1.2748255501878691,0.07380568974771873,0.04696725711218465,,,
62,7.803274288781535,42.11621041331186,12.654320987654321,9.675254965110037,2.5161030595813205,8.950617283950617,0.5166398282340311,1.2278582930756843,12.86231884057971,0.30193236714975846,1.2546967257112185,0.07380568974771873,0.04696725711218465,,,
63,7.024959742351046,36.64117015566291,12.117552334943639,7.6556629092860975,2.38191089640365,6.944444444444445,0.5099302200751477,1.2748255501878691,23.845947396672035,0.2147074610842727,1.3150831991411702,0.07380568974771873,,,,
64,7.0450885668276975,35.84272678475577,12.104133118625873,7.635534084809447,2.9723564143853998,7.058507783145465,0.5501878690284487,1.3083735909822867,23.805689747718734,0.2147074610842727,1.3352120236178207,0.1274825550187869,,,,
65,7.024959742351046,35.78234031132582,11.916264090177133,7.635534084809447,2.9790660225442833,7.253086419753086,0.5501878690284487,1.4492753623188406,23.691626409017715,0.2147074610842727,1.3419216317767042,0.1610305958132045,,,,
66,7.004830917874396,34.07809983896941,13.325281803542673,7.2933440687063875,2.9924852388620504,6.702898550724638,0.5703166935050993,1.4358561460010735,24.966451959205582,0.2147074610842727,1.288244766505636,0.1274825550187869,,,,
67,7.078636607622115,33.943907675791735,13.278314546430488,7.2933440687063875,2.985775630703167,6.723027375201288,0.5703166935050993,1.5163714439076759,24.892646269457863,0.24154589371980675,1.3486312399355878,0.1274825550187869,,,,
68,7.159151905528717,33.81642512077295,13.191089640365004,7.286634460547504,3.012614063338701,6.816961889425658,0.5703166935050993,1.5901771336553945,24.704777241009126,0.24154589371980675,1.482823403113258,0.1274825550187869,,,,
69,7.226247987117552,33.60842726784756,13.123993558776167,7.206119162640902,3.0595813204508855,7.098765432098766,0.5703166935050993,1.5633387010198605,24.671229200214707,0.24154589371980675,1.5029522275899088,0.1274825550187869,,,,
70,6.8035426731078905,31.54186795491143,14.74771873322598,7.206119162640902,2.999194847020934,6.796833064949007,0.5703166935050993,1.556629092860977,25.966183574879228,0.19457863660762212,1.42914653784219,0.1878690284487386,,,,
71,6.837090713902308,31.447933440687063,14.734299516908212,7.239667203435319,2.9723564143853998,7.018250134192163,0.5703166935050993,1.5901771336553945,25.744766505636072,0.19457863660762212,1.4626945786366077,0.1878690284487386,,,,
72,6.494900697799249,31.696188942565755,14.553140096618357,7.37385936661299,2.9924852388620504,7.112184648416532,0.5971551261406334,1.6304347826086956,25.670960815888353,0.19457863660762212,1.4962426194310252,0.1878690284487386,,,,
73,6.541867954911433,31.488191089640367,14.512882447665056,7.467793880837359,2.9723564143853998,7.132313472893183,0.6239935587761675,1.751207729468599,25.6105743424584,0.19457863660762212,1.5163714439076759,0.1878690284487386,,,,
74,6.561996779388084,31.407675791733762,14.526301663982823,7.481213097155126,2.985775630703167,7.185990338164252,0.6239935587761675,1.751207729468599,25.543478260869566,0.19457863660762212,1.5499194847020934,0.1878690284487386,,,,
75,6.447933440687064,31.407675791733762,14.486044015029522,7.494632313472893,2.985775630703167,7.2933440687063875,0.6374127750939346,1.7914653784219001,25.51663982823403,0.19457863660762212,1.556629092860977,0.1878690284487386,,,,
76,6.461352657004831,31.353998926462694,14.452495974235104,7.494632313472893,2.985775630703167,7.306763285024155,0.7045088566827697,1.8250134192163177,25.41599570585078,0.19457863660762212,1.5767579173376274,0.1878690284487386,0.040257648953301126,,,
77,6.454643048845948,31.159420289855074,14.351851851851851,7.501341921631776,2.9790660225442833,7.514761137949543,0.7045088566827697,1.892109500805153,25.41599570585078,0.19457863660762212,1.583467525496511,0.1878690284487386,0.06038647342995169,,,
78,6.421095008051529,31.105743424584006,13.88888888888889,7.917337627482555,3.126677402039721,7.561728395061729,0.6910896403650026,1.892109500805153,25.37573805689748,0.19457863660762212,1.5767579173376274,0.1878690284487386,0.06038647342995169,,,
79,6.4345142243692965,31.00509930220075,13.868760064412239,7.924047235641439,3.1535158346752548,7.64224369296833,0.6910896403650026,1.8988191089640365,25.241545893719806,0.19457863660762212,1.6975308641975309,0.1878690284487386,0.06038647342995169,,,
80,6.226516371443908,30.441492216854535,17.310789049919485,8.68894256575416,3.113258185721954,7.501341921631776,0.6910896403650026,1.8183038110574343,22.20209339774557,0.19457863660762212,1.583467525496511,0.1878690284487386,0.040257648953301126,,,
81,6.213097155126141,29.636339237788512,17.236983360171767,8.735909822866345,4.03918411164788,7.608695652173913,0.7112184648416533,1.8384326355340848,21.85990338164251,0.2885131508319914,1.6035963499731616,0.1878690284487386,0.040257648953301126,,,
82,6.226516371443908,29.53569511540526,16.760601180891037,9.453837895866881,4.032474503488996,7.467793880837359,0.7313472893183038,1.8988191089640365,21.772678475577028,0.2549651100375738,1.6841116478797638,0.14090177133655393,0.040257648953301126,,,
83,5.931293612453032,28.73054213633924,16.61969940955448,10.782340311325818,3.992216854535695,7.427536231884058,0.7380568974771873,1.932367149758454,21.73913043478261,0.2549651100375738,1.6706924315619969,0.14090177133655393,0.040257648953301126,,,
84,5.904455179817498,28.515834675254965,16.59286097691895,10.748792270531402,4.1129898013955986,7.628824476650563,0.7313472893183038,1.9659151905528718,21.658615136876005,0.24154589371980675,1.7646269457863661,0.0939345142243693,0.040257648953301126,,,
85,5.904455179817498,28.482286634460547,16.552603327965645,10.735373054213634,4.106280193236715,7.628824476650563,0.7447665056360708,2.0531400966183573,21.611647879763822,0.24154589371980675,1.8048845947396672,0.0939345142243693,0.040257648953301126,,,
86,5.528717122920021,31.333870101986044,14.11701556629093,10.681696188942565,4.388083735909823,7.4141170155662905,0.7179280730005367,1.9524959742351047,21.571390230810522,0.2683843263553409,1.892109500805153,0.0939345142243693,0.040257648953301126,,,
87,5.542136339237788,30.709876543209877,13.81508319914117,10.513955984970478,5.3341384863123995,7.474503488996243,0.7179280730005367,2.0128824476650564,21.511003757380568,0.2683843263553409,1.9659151905528718,0.0939345142243693,0.040257648953301126,,,
88,5.35426731078905,30.14626945786366,14.526301663982823,10.426731078904991,5.35426731078905,7.595276435856146,0.7783145464304885,2.1269457863660763,21.296296296296298,0.28180354267310787,1.9793344068706387,0.0939345142243693,0.040257648953301126,,,
89,5.35426731078905,30.018786902844873,14.31159420289855,10.44015029522276,5.360976918947934,7.729468599033816,0.7783145464304885,2.3550724637681157,21.22920021470746,0.28180354267310787,2.006172839506173,0.0939345142243693,0.040257648953301126,,,
90,5.246913580246914,29.66988727858293,15.123456790123457,9.796027911969942,5.401234567901234,7.803274288781535,0.8185721953837896,2.3886205045625335,21.296296296296298,0.28180354267310787,2.0397208803005906,0.0939345142243693,0.040257648953301126,,,
91,5.233494363929147,29.57595276435856,15.083199141170155,9.742351046698873,5.314009661835748,7.924047235641439,0.8856682769726248,2.395330112721417,21.28287707997853,0.38915727321524424,2.0397208803005906,0.0939345142243693,0.040257648953301126,,,
92,4.931561996779388,30.08588298443371,14.962426194310252,9.648416532474503,5.314009661835748,7.917337627482555,0.8856682769726248,2.4557165861513686,21.22920021470746,0.38915727321524424,2.046430488459474,0.0939345142243693,0.040257648953301126,,,
93,4.911433172302737,29.857756307031668,14.928878153515834,9.695383789586689,5.307300053676865,8.105206655931294,0.9057971014492754,2.475845410628019,21.20907139023081,0.38915727321524424,2.0799785292538915,0.0939345142243693,0.040257648953301126,,,
94,4.723564143853999,28.884863123993558,13.83521202361782,10.661567364465915,5.032206119162641,7.4141170155662905,0.9326355340848095,2.1135265700483092,23.74530327428878,0.38915727321524424,2.147074610842727,0.08051529790660225,0.040257648953301126,,,
95,4.703435319377348,28.75738056897477,13.747987117552334,10.668276972624799,4.9651100375738055,7.514761137949543,0.9460547504025765,2.200751476113795,23.738593666129898,0.38915727321524424,2.24771873322598,0.08051529790660225,0.040257648953301126,,,
96,4.703435319377348,28.64331723027375,13.747987117552334,10.61460010735373,5.005367686527107,7.595276435856146,0.9728931830381106,2.254428341384863,23.711755233494365,0.3824476650563607,2.24771873322598,0.08051529790660225,0.040257648953301126,,,
97,4.7101449275362315,28.515834675254965,13.70101986044015,10.493827160493828,5.22007514761138,7.682501341921632,0.9326355340848095,2.3752012882447664,23.62453032742888,0.3824476650563607,2.2410091250670963,0.08051529790660225,0.040257648953301126,,,
98,4.757112184648417,28.307836822329577,12.640901771336553,11.600912506709609,5.2066559312936125,7.877079978529254,0.9460547504025765,2.254428341384863,23.59098228663446,0.41599570585077833,2.281266774020397,0.08051529790660225,0.040257648953301126,,,
99,4.74369296833065,28.173644659151904,12.573805689747719,11.54723564143854,5.22007514761138,7.944176060118089,0.9460547504025765,2.328234031132582,23.61111111111111,0.41599570585077833,2.3752012882447664,0.08051529790660225,0.040257648953301126,,,
100,4.74369296833065,28.16022544283414,12.218196457326892,11.668008588298443,5.4616210413311865,7.924047235641439,0.9460547504025765,2.368491680085883,23.557434245840042,0.4092860976918948,2.4221685453569513,0.08051529790660225,0.040257648953301126,,,
101,4.8443370907139025,28.052871712292003,12.151100375738057,11.621041331186259,5.501878690284487,7.971014492753623,0.966183574879227,2.5026838432635534,23.423242082662373,0.4092860976918948,2.4355877616747184,0.08051529790660225,0.040257648953301126,,,
102,4.884594739667204,27.891841116478798,12.117552334943639,11.580783682232958,5.515297906602254,8.071658615136876,0.966183574879227,2.5966183574879227,23.336017176596886,0.43612453032742887,2.462426194310252,0.10064412238325282,0.040257648953301126,,,
103,4.898013955984971,27.76435856146001,12.077294685990339,11.493558776167472,5.642780461621041,8.064949006977992,1.0131508319914118,2.690552871712292,23.242082662372518,0.4495437466451959,2.522812667740204,0.10064412238325282,0.040257648953301126,,,
104,4.931561996779388,27.677133655394524,12.030327428878154,11.493558776167472,5.669618894256575,8.091787439613526,0.9863123993558777,2.7442297369833604,23.221953837895867,0.4562533548040794,2.5563607085346214,0.10064412238325282,0.040257648953301126,,,
105,4.931561996779388,27.563070316693505,11.98336017176597,11.473429951690822,5.649490069779925,8.199141170155663,1.1205045625335481,2.717391304347826,23.181696188942567,0.4562533548040794,2.5831991411701556,0.10064412238325282,0.040257648953301126,,,
106,4.998658078368224,27.509393451422437,11.876006441223833,11.352657004830919,5.649490069779925,8.3467525496511,1.1540526033279657,2.8113258185721954,23.060923242082662,0.4562533548040794,2.6435856146001075,0.10064412238325282,0.040257648953301126,,,
107,4.998658078368224,27.435587761674718,11.849168008588299,11.332528180354267,5.669618894256575,8.3064949006978,1.2144390767579174,2.918679549114332,22.946859903381643,0.4562533548040794,2.717391304347826,0.11406333870101985,0.040257648953301126,,,
108,5.01207729468599,27.2812667740204,11.855877616747183,11.345947396672035,5.669618894256575,8.400429414922169,1.2144390767579174,2.9388083735909825,22.84621578099839,0.48980139559849706,2.804616210413312,0.10064412238325282,0.040257648953301126,,,
109,5.038915727321524,27.180622651637144,11.822329575952764,11.312399355877616,5.709876543209877,8.467525496511003,1.2412775093934514,2.9723564143853998,22.799248523886206,0.48980139559849706,2.8247450348899625,0.10064412238325282,0.040257648953301126,,,
110,4.757112184648417,25.5300590445518,18.451422436929683,13.6808910359635,5.065754159957058,7.675791733762749,1.1607622114868492,2.9052603327965647,17.975040257648953,0.48980139559849706,2.15378421900161,0.11406333870101985,0.040257648953301126,,,
111,4.783950617283951,24.4699409554482,18.303811057434245,13.674181427804616,5.052334943639291,7.098765432098766,1.1808910359634996,2.871712292002147,19.786634460547504,0.48980139559849706,2.13365539452496,0.11406333870101985,0.040257648953301126,,,
112,4.790660225442834,24.46323134728932,18.290391841116477,13.600375738056897,5.025496511003757,7.112184648416532,1.2546967257112185,2.8650026838432634,19.79334406870639,0.5099302200751477,2.1403650026838434,0.11406333870101985,0.040257648953301126,,,
113,4.7638217928073,24.3894256575416,18.276972624798713,13.513150831991412,5.119431025228127,7.085346215780999,1.328502415458937,3.0394524959742353,19.565217391304348,0.5099302200751477,2.254428341384863,0.11406333870101985,0.040257648953301126,,,
114,4.830917874396135,24.322329575952764,18.129361245303276,13.493022007514762,5.0993022007514766,7.14573268921095,1.328502415458937,3.166935050993022,19.524959742351047,0.5099302200751477,2.2745571658615136,0.13419216317767044,0.040257648953301126,,,
115,4.8376274825550185,24.194847020933977,17.975040257648953,13.493022007514762,5.119431025228127,7.300053676865271,1.3620504562533549,3.33467525496511,19.384057971014492,0.5099302200751477,2.314814814814815,0.13419216317767044,0.040257648953301126,,,
116,4.85775630703167,24.114331723027377,17.954911433172303,13.419216317767042,5.132850241545894,7.37385936661299,1.415727321524423,3.3145464304884595,19.390767579173378,0.5099302200751477,2.341653247450349,0.13419216317767044,0.040257648953301126,,,
117,4.609500805152979,22.061191626409016,17.787171229200215,13.298443370907139,5.132850241545894,7.306763285024155,1.4559849704777241,3.374932903918411,21.85990338164251,0.5099302200751477,2.428878153515835,0.13419216317767044,0.040257648953301126,,,
118,4.663177670424047,21.87332259796028,17.76033279656468,12.95625335480408,5.10601180891036,7.427536231884058,1.4559849704777241,3.3480944712828773,22.289318303811058,0.4830917874396135,2.462426194310252,0.13419216317767044,0.040257648953301126,,,
119,4.64975845410628,21.886741814278047,17.72007514761138,12.942834138486312,5.10601180891036,7.4006977992485234,1.4761137949543746,3.421900161030596,22.21551261406334,0.4830917874396135,2.5161030595813205,0.13419216317767044,0.04696725711218465,,,
120,4.690016103059581,21.672034353193773,17.498658078368223,12.701288244766506,4.918142780461621,7.501341921631776,1.42914653784219,3.515834675254965,22.758990874932906,0.5636070853462157,2.5966183574879227,0.12077294685990338,0.03354804079441761,,,
121,4.74369296833065,21.296296296296298,17.384594739667204,13.197799248523886,4.797369833601718,7.474503488996243,1.4895330112721417,3.569511540526033,22.665056360708533,0.5904455179817498,2.636876006441224,0.12077294685990338,0.03354804079441761,,,
122,4.730273752012883,21.054750402576488,17.357756307031668,13.130703166935051,4.8443370907139025,7.588566827697263,1.5230810520665594,3.5963499731615673,22.6784755770263,0.7313472893183038,2.61003757380569,0.12077294685990338,0.03354804079441761,,,
123,4.790660225442834,20.893719806763286,17.297369833601717,13.130703166935051,4.951690821256038,7.682501341921632,1.5230810520665594,3.5829307568438002,22.490606548577563,0.7313472893183038,2.771068169618894,0.12077294685990338,0.03354804079441761,,,
124,4.616210413311863,17.713365539452496,29.025764895330113,10.245571658615138,3.9586688137412773,6.649221685453569,1.4358561460010735,3.2675791733762747,20.00805152979066,0.5501878690284487,2.442297369833602,0.06038647342995169,0.026838432635534086,,,
125,4.663177670424047,17.673107890499196,28.878153515834676,10.23215244229737,3.9586688137412773,6.709608158883521,1.4492753623188406,3.361513687600644,19.97450348899624,0.5501878690284487,2.462426194310252,0.06038647342995169,0.026838432635534086,,,
126,4.7101449275362315,17.599302200751477,30.038915727321523,10.279119699409554,3.938539989264627,6.870638754696726,1.4358561460010735,3.260869565217391,18.78690284487386,0.5501878690284487,2.442297369833602,0.06038647342995169,0.026838432635534086,,,
127,4.74369296833065,17.62614063338701,29.830917874396135,10.25228126677402,3.9184111647879765,6.984702093397746,1.4626945786366077,3.3279656468062266,18.760064412238325,0.5636070853462157,2.442297369833602,0.06038647342995169,0.026838432635534086,,,
128,4.783950617283951,17.11621041331186,29.683306494900698,10.326086956521738,4.3545356951154055,7.065217391304348,1.4626945786366077,3.4286097691894795,18.69296833064949,0.5636070853462157,2.4355877616747184,0.06038647342995169,0.026838432635534086,,,
129,4.817498658078368,17.04911433172303,29.542404723564143,10.399892646269459,4.314278046162104,7.266505636070853,1.415727321524423,3.4286097691894795,18.625872249060656,0.5636070853462157,2.4892646269457863,0.06038647342995169,0.026838432635534086,,,
130,4.736983360171766,17.03569511540526,29.461889425657542,10.413311862587225,4.28743961352657,7.326892109500805,1.4626945786366077,3.502415458937198,18.531937734836287,0.5770263016639828,2.576489533011272,0.06038647342995169,0.026838432635534086,,,
131,4.736983360171766,17.008856682769725,29.146537842190018,10.393183038110575,4.616210413311863,7.353730542136339,1.4626945786366077,3.502415458937198,18.49838969404187,0.5770263016639828,2.6167471819645733,0.06038647342995169,0.026838432635534086,,,
132,4.703435319377348,16.982018250134193,29.11969940955448,10.34621578099839,4.616210413311863,7.454374664519592,1.5096618357487923,3.515834675254965,18.438003220611915,0.5770263016639828,2.6502952227589907,0.06038647342995169,0.026838432635534086,,,
133,4.7168545356951155,16.418411164787976,29.770531400966185,10.359634997316157,4.502147074610843,7.4208266237251745,1.6170155662909287,3.5225442834138487,18.323939881910896,0.5770263016639828,2.6838432635534084,0.06038647342995169,0.026838432635534086,,,
134,4.757112184648417,16.398282340311326,29.602791196994094,10.34621578099839,4.4820182501341925,7.494632313472893,1.6505636070853462,3.603059581320451,18.23671497584541,0.5770263016639828,2.7643585614600106,0.06038647342995169,0.026838432635534086,,,
135,4.736983360171766,16.371443907675793,29.57595276435856,10.36634460547504,4.448470209339774,7.501341921631776,1.724369296833065,3.629898013955985,18.19645732689211,0.6105743424584005,2.7509393451422435,0.06038647342995169,0.026838432635534086,,,
136,4.676596886741814,16.364734299516908,30.48174986580784,9.39345142243693,4.40150295222759,7.695920558239399,1.6706924315619969,3.6500268384326353,18.223295759527645,0.6105743424584005,2.7442297369833604,0.06038647342995169,0.026838432635534086,,,
137,4.730273752012883,16.364734299516908,30.327428878153516,9.39345142243693,4.455179817498658,7.749597423510467,1.7042404723564144,3.69699409554482,18.156199677938808,0.5501878690284487,2.7844873859366612,0.06038647342995169,0.026838432635534086,,,
138,4.508856682769726,16.391572732152444,30.193236714975846,9.426999463231347,4.4753086419753085,7.977724100912507,1.6908212560386473,3.797638217928073,18.149490069779926,0.5501878690284487,2.7509393451422435,0.06038647342995169,0.026838432635534086,,,
139,4.502147074610843,16.35131508319914,29.683306494900698,10.312667740203972,4.461889425657541,8.085077831454644,1.596886741814278,3.8177670424047236,17.619431025228128,0.5904455179817498,2.8918411164787976,0.06038647342995169,0.026838432635534086,,,
140,4.508856682769726,16.210413311862588,29.47530864197531,10.305958132045088,4.4753086419753085,8.353462157809984,1.596886741814278,3.965378421900161,17.498658078368223,0.5904455179817498,2.932098765432099,0.06038647342995169,0.026838432635534086,,,
141,4.562533548040794,16.190284487385938,28.368223295759528,11.54723564143854,4.253891572732153,8.353462157809984,1.6438539989264627,4.045893719806763,17.330917874396135,0.5971551261406334,3.0193236714975846,0.06038647342995169,0.026838432635534086,,,
142,4.468599033816425,13.466183574879228,28.046162104133117,12.171229200214707,3.2004830917874396,7.669082125603865,1.5365002683843263,4.0995705850778315,22.10144927536232,0.18115942028985507,2.9723564143853998,0.06038647342995169,0.026838432635534086,,,
143,4.522275899087493,13.41250670960816,28.005904455179817,12.130971551261407,3.1870638754696725,7.689210950080516,1.5499194847020934,4.253891572732153,21.994095544820183,0.18115942028985507,2.985775630703167,0.06038647342995169,0.026838432635534086,,,
144,4.253891572732153,13.077026301663983,30.287171229200215,11.916264090177133,3.207192699946323,7.521470746108427,1.583467525496511,4.260601180891036,20.605206655931294,0.20128824476650564,3.026033279656468,0.06038647342995169,,,,
145,4.26731078904992,13.056897477187333,30.152979066022546,11.929683306494901,3.193773483628556,7.608695652173913,1.583467525496511,4.3545356951154055,20.564949006977994,0.20128824476650564,3.026033279656468,0.06038647342995169,,,,
146,4.26731078904992,13.043478260869565,32.54159957058508,11.922973698336017,3.1736446591519054,7.548309178743962,1.5365002683843263,4.200214707461084,18.968062265163713,0.20128824476650564,2.536231884057971,0.06038647342995169,,,,
147,4.253891572732153,13.036768652710682,31.702898550724637,11.916264090177133,3.1870638754696725,8.3467525496511,1.556629092860977,4.327697262479871,18.874127750939344,0.20128824476650564,2.536231884057971,0.06038647342995169,,,,
148,4.240472356414386,13.009930220075148,31.629092860976918,11.889425657541599,3.2474503488996245,8.400429414922169,1.583467525496511,4.314278046162104,18.84728931830381,0.20128824476650564,2.576489533011272,0.06038647342995169,,,,
149,4.086151368760064,13.177670424047236,31.46135265700483,11.990069779924852,3.2139023081052067,8.514492753623188,1.596886741814278,4.461889425657541,18.659420289855074,0.20128824476650564,2.576489533011272,0.06038647342995169,,,,
150,4.025764895330113,13.157541599570585,31.32716049382716,12.030327428878154,3.3011272141706924,8.514492753623188,1.570048309178744,4.5960815888352125,18.55877616747182,0.20128824476650564,2.657004830917874,0.06038647342995169,,,,
151,4.025764895330113,13.117283950617283,31.300322061191626,12.030327428878154,3.4151905528717124,8.494363929146537,1.5901771336553945,4.575952764358561,18.51851851851852,0.24825550187869028,2.623456790123457,0.06038647342995169,,,,
152,3.670155662909286,32.33360171765969,25.161030595813205,7.64224369296833,2.6637144390767578,7.2933440687063875,1.1205045625335481,2.737520128824477,15.056360708534621,0.16774020397208803,2.1068169618894257,0.04696725711218465,,,,
153,3.7037037037037037,32.2463768115942,25.107353730542137,7.628824476650563,2.7106816961889426,7.387278582930757,1.107085346215781,2.7509393451422435,15.042941492216855,0.16774020397208803,2.100107353730542,0.04696725711218465,,,,
154,3.717122920021471,32.15915190552872,24.14787976382179,8.407139023081053,2.717391304347826,8.246108427267847,1.1406333870101986,2.7777777777777777,14.49946323134729,0.16774020397208803,1.9726247987117553,0.04696725711218465,,,,
155,3.7104133118625873,32.13231347289318,24.12104133118626,8.340042941492216,2.717391304347826,8.319914117015566,1.2144390767579174,2.7643585614600106,14.459205582393988,0.16774020397208803,1.9927536231884058,0.04696725711218465,,0.013419216317767043,,
156,3.7640901771336552,32.06521739130435,23.95330112721417,8.299785292538916,2.703972088030059,8.480944712828771,1.2010198604401503,2.85829307568438,14.42565754159957,0.16774020397208803,2.01959205582394,0.04696725711218465,,0.013419216317767043,,
157,3.7573805689747717,31.904186795491142,23.859366612989803,8.3064949006978,2.7777777777777777,8.588298443370908,1.2010198604401503,2.918679549114332,14.378690284487385,0.16774020397208803,2.0263016639828235,0.10064412238325282,,0.013419216317767043,,
158,3.7372517444981215,31.843800322061192,23.262211486849168,8.011272141706923,3.717122920021471,8.581588835212024,1.2010198604401503,2.9388083735909825,14.358561460010735,0.14761137949543746,2.0799785292538915,0.10735373054213634,,0.013419216317767043,,
159,3.824476650563607,31.696188942565755,23.17498658078368,7.991143317230274,3.7238325281803544,8.729200214707461,1.221148684916801,2.999194847020934,14.304884594739667,0.17444981213097155,2.0397208803005906,0.10735373054213634,,0.013419216317767043,,
160,3.81105743424584,31.5150295222759,22.98040794417606,7.595276435856146,3.770799785292539,9.057971014492754,1.2010198604401503,3.0730005367686526,14.868491680085883,0.17444981213097155,1.8317230273752012,0.10735373054213634,,0.013419216317767043,,
161,3.8378958668813743,31.17283950617284,23.564143853998928,7.575147611379496,3.5829307568438002,9.675254965110037,1.2010198604401503,3.0730005367686526,14.251207729468598,0.20128824476650564,1.7579173376274826,0.10735373054213634,,,,
162,3.8915727321524423,31.112453032742888,23.537305421363392,7.575147611379496,3.603059581320451,9.702093397745571,1.2010198604401503,3.0595813204508855,14.237788513150832,0.20128824476650564,1.7713365539452497,0.10735373054213634,,,,
163,3.92512077294686,31.031937734836287,23.376274825550187,7.501341921631776,3.6097691894793345,9.75577026301664,1.1808910359634996,3.2340311325818574,14.163982823403114,0.20128824476650564,1.9122383252818036,0.10735373054213634,,,,
164,3.9452495974235107,30.92458400429415,22.946859903381643,7.548309178743962,3.5762211486849167,9.769189479334408,1.1808910359634996,3.2675791733762747,14.61352657004831,0.24154589371980675,1.8786902844873858,0.10735373054213634,,,,
165,3.9519592055823938,30.9044551798175,22.84621578099839,7.50805152979066,3.6231884057971016,9.802737520128824,1.2144390767579174,3.294417606011809,14.573268921095009,0.24154589371980675,1.8988191089640365,0.14090177133655393,,,,
166,3.992216854535695,30.783682232957595,22.81266774020397,7.494632313472893,3.784219001610306,9.883252818035427,1.1943102522812667,3.2541599570585076,14.51959205582394,0.24154589371980675,1.8988191089640365,0.14090177133655393,,,,
167,3.992216854535695,30.64278046162104,22.758990874932906,8.393719806763285,3.784219001610306,9.769189479334408,1.221148684916801,3.2742887815351582,13.902308105206655,0.24154589371980675,1.8786902844873858,0.14090177133655393,,,,
168,4.012345679012346,30.48845947396672,22.52415458937198,8.413848631239935,3.797638217928073,9.849704777241008,1.2010198604401503,3.5426731078904994,13.895598497047773,0.24154589371980675,1.892109500805153,0.14090177133655393,,,,
169,4.072732152442297,30.293880837359097,22.094739667203434,8.400429414922169,4.314278046162104,9.789318303811058,1.2077294685990339,3.7372517444981215,13.788244766505636,0.24154589371980675,1.892109500805153,0.16774020397208803,,,,
