,45,50,51,52,53,55,54,57,56,58
0,90.05636070853463,9.943639291465379,,,,,,,,
1,85.5877616747182,14.412238325281804,,,,,,,,
2,85.22544283413849,14.774557165861514,,,,,,,,
3,85.22544283413849,14.774557165861514,,,,,,,,
4,83.73590982286635,13.94927536231884,2.314814814814815,,,,,,,
5,81.86392914653784,15.827965646806227,2.3081052066559313,,,,,,,
6,80.62265163714439,17.06924315619968,2.3081052066559313,,,,,,,
7,80.55555555555556,16.901502952227588,2.5429414922168547,,,,,,,
8,76.670692431562,20.78636607622115,2.5429414922168547,,,,,,,
9,76.28153515834676,21.175523349436393,2.5429414922168547,,,,,,,
10,74.7584541062802,22.69860440150295,2.5429414922168547,,,,,,,
11,73.28234031132583,24.10091250670961,1.7847557702630166,0.7581857219538379,0.07380568974771873,,,,,
12,67.74691358024691,29.817498658078367,1.6035963499731616,0.7581857219538379,0.07380568974771873,,,,,
13,67.84755770263017,29.716854535695116,1.6035963499731616,0.7581857219538379,0.07380568974771873,,,,,
14,67.19672571121846,30.367686527106816,1.6035963499731616,0.7581857219538379,0.07380568974771873,,,,,
15,67.12962962962963,30.434782608695652,1.6035963499731616,0.7581857219538379,0.07380568974771873,,,,,
16,65.85480407944176,31.78341384863124,1.6035963499731616,0.7581857219538379,,,,,,
17,65.73403113258186,31.226516371443907,1.6035963499731616,0.7581857219538379,0.6776704240472357,,,,,
18,63.29173376274826,33.66881374127751,1.6035963499731616,0.7581857219538379,0.6776704240472357,,,,,
19,63.41250670960816,33.54804079441761,1.6035963499731616,0.7581857219538379,0.6776704240472357,,,,,
20,63.47289318303811,33.48765432098765,1.6035963499731616,0.7581857219538379,0.6776704240472357,,,,,
21,62.35238862050456,34.695383789586685,1.5163714439076759,0.7581857219538379,0.6776704240472357,,,,,
22,56.427804616210416,40.61996779388084,1.5163714439076759,0.7581857219538379,0.6776704240472357,,,,,
23,56.434514224369295,40.61325818572195,1.5163714439076759,0.7581857219538379,0.6776704240472357,,,,,
24,56.46135265700483,40.49248523886205,1.5163714439076759,0.7581857219538379,0.6776704240472357,0.0939345142243693,,,,
25,56.66264090177134,39.59339774557166,1.5163714439076759,0.7581857219538379,0.6776704240472357,0.7917337627482555,,,,
26,56.64251207729468,39.18411164787977,1.5163714439076759,0.7581857219538379,0.6776704240472357,1.1272141706924315,0.0939345142243693,,,
27,56.66264090177134,39.16398282340311,1.5163714439076759,0.7581857219538379,0.6776704240472357,1.1272141706924315,0.0939345142243693,,,
28,56.70960815888352,39.01637144390767,1.5163714439076759,0.7581857219538379,0.6776704240472357,1.2278582930756843,0.0939345142243693,,,
29,56.60225442834138,39.12372517444981,1.5163714439076759,0.7581857219538379,0.6776704240472357,1.2278582930756843,0.0939345142243693,,,
30,56.60896403650027,39.00295222758991,1.5163714439076759,0.7581857219538379,0.6776704240472357,1.2278582930756843,0.20799785292538917,,,
31,56.62238325281803,38.989533011272144,1.5163714439076759,0.7581857219538379,0.6776704240472357,1.2278582930756843,0.20799785292538917,,,
32,56.68947933440687,38.94927536231884,1.5163714439076759,0.7581857219538379,0.6508319914117016,1.2278582930756843,0.20799785292538917,,,
33,52.37520128824477,43.86070853462158,0.8319914117015567,0.7179280730005367,0.7179280730005367,1.2278582930756843,0.2683843263553409,,,
34,52.37520128824477,43.86070853462158,0.8319914117015567,0.7179280730005367,0.7179280730005367,1.2278582930756843,0.2683843263553409,,,
35,52.48926462694579,43.82045088566828,0.7581857219538379,0.7179280730005367,0.7179280730005367,1.2278582930756843,0.2683843263553409,,,
36,52.72410091250671,43.63258185721954,0.7581857219538379,0.7179280730005367,0.6709608158883521,1.2278582930756843,0.2683843263553409,,,
37,52.77777777777778,43.57890499194847,0.7581857219538379,0.7179280730005367,0.6709608158883521,1.2278582930756843,0.2683843263553409,,,
38,51.83843263553408,44.33038110574343,0.6374127750939346,0.2214170692431562,0.6709608158883521,1.2278582930756843,1.0735373054213635,,,
39,35.37976382179281,63.446054750402574,0.1610305958132045,,0.6038647342995169,0.24154589371980675,0.16774020397208803,,,
40,35.587761674718195,49.89935587761675,11.922973698336017,,0.6038647342995169,1.8183038110574343,0.16774020397208803,,,
41,34.94363929146538,39.700751476113794,5.394524959742351,18.10252281266774,0.2616747181964573,1.0601180891035964,0.16774020397208803,0.36902844873859364,,
42,32.8166935050993,40.55958132045089,5.394524959742351,19.370638754696724,0.2616747181964573,1.0601180891035964,0.16774020397208803,0.36902844873859364,,
43,32.94417606011809,40.445517981749866,5.381105743424584,19.370638754696724,0.2616747181964573,1.0601180891035964,0.16774020397208803,0.36902844873859364,,
44,33.011272141706925,40.25764895330113,5.360976918947934,19.370638754696724,0.2616747181964573,1.2010198604401503,0.16774020397208803,0.36902844873859364,,
45,33.03811057434246,40.25764895330113,5.360976918947934,19.343800322061192,0.2616747181964573,1.2010198604401503,0.16774020397208803,0.36902844873859364,,
46,32.91733762748255,38.60708534621578,5.360976918947934,19.618894256575416,0.2616747181964573,1.1137949543746646,0.16774020397208803,1.9524959742351047,,
47,32.930756843800324,38.45276435856146,5.360976918947934,18.136070853462158,0.2616747181964573,1.1137949543746646,2.120236178207193,1.6237251744498122,,
48,32.9777241009125,38.439345142243695,5.360976918947934,18.136070853462158,0.2616747181964573,1.1137949543746646,2.120236178207193,1.5901771336553945,,
49,33.02469135802469,38.39237788513151,5.360976918947934,18.136070853462158,0.2616747181964573,1.1137949543746646,2.120236178207193,1.5901771336553945,,
50,33.11862587224906,38.35212023617821,5.360976918947934,18.015297906602253,0.2616747181964573,1.710950080515298,1.6237251744498122,1.556629092860977,,
51,31.488191089640367,40.01610305958132,5.360976918947934,17.8743961352657,0.2616747181964573,1.710950080515298,1.6237251744498122,1.6639828234031133,,
52,31.642512077294686,39.982555018786904,5.347557702630167,17.8743961352657,0.2616747181964573,1.710950080515298,1.6237251744498122,1.556629092860977,,
53,31.66935050993022,39.82823403113258,5.267042404723564,17.8743961352657,0.2616747181964573,1.8384326355340848,1.6237251744498122,1.556629092860977,0.08051529790660225,
54,31.749865807836823,39.781266774020395,5.267042404723564,17.840848094471284,0.2616747181964573,1.8384326355340848,1.6237251744498122,1.556629092860977,0.08051529790660225,
55,31.97128287707998,39.741009125067094,5.24020397208803,17.64626945786366,0.2616747181964573,1.8786902844873858,1.6237251744498122,1.556629092860977,0.08051529790660225,
56,32.07192699946323,39.65378421900161,5.24020397208803,17.632850241545892,0.2616747181964573,1.8786902844873858,1.6237251744498122,1.556629092860977,0.08051529790660225,
57,31.93102522812668,36.33252818035427,6.541867954911433,17.60601180891036,0.2616747181964573,4.17337627482555,1.5432098765432098,1.5297906602254427,0.08051529790660225,
58,32.39398819108964,36.14465915190553,6.541867954911433,17.2638217928073,0.2616747181964573,4.159957058507783,1.5432098765432098,1.5297906602254427,0.1610305958132045,
59,32.47450348899624,36.09769189479334,6.541867954911433,17.23027375201288,0.2616747181964573,4.159957058507783,1.5432098765432098,1.5297906602254427,0.1610305958132045,
60,32.47450348899624,36.111111111111114,6.541867954911433,17.216854535695116,0.2616747181964573,4.159957058507783,1.5432098765432098,1.5297906602254427,0.1610305958132045,
61,32.588566827697264,35.98362855609233,6.468062265163715,17.3040794417606,0.2616747181964573,4.159957058507783,1.5432098765432098,1.5297906602254427,0.1610305958132045,
62,32.6154052603328,35.98362855609233,5.736714975845411,17.2638217928073,0.2616747181964573,4.985238862050457,1.5432098765432098,1.5297906602254427,0.08051529790660225,
63,30.88432635534085,27.17391304347826,18.00858829844337,16.203703703703702,0.2616747181964573,4.314278046162104,1.5432098765432098,1.5297906602254427,0.08051529790660225,
64,30.897745571658614,27.17391304347826,18.00858829844337,16.203703703703702,0.2616747181964573,4.300858829844337,1.5432098765432098,1.5297906602254427,0.08051529790660225,
65,30.9849704777241,27.113526570048307,17.98845947396672,16.089640365002683,0.2616747181964573,4.294149221685454,1.5432098765432098,1.6438539989264627,0.08051529790660225,
66,31.166129898013956,26.818303811057433,17.975040257648953,16.089640365002683,0.2616747181964573,4.42163177670424,1.5432098765432098,1.6438539989264627,0.08051529790660225,
67,31.488191089640367,26.67740203972088,17.914653784219002,15.96886741814278,0.2616747181964573,4.42163177670424,1.5432098765432098,1.6438539989264627,0.08051529790660225,
68,31.655931293612454,26.556629092860977,17.767042404723565,15.94873859366613,0.2616747181964573,4.42163177670424,1.5365002683843263,1.6438539989264627,0.20799785292538917,
69,31.890767579173378,26.529790660225444,17.726784755770264,15.921900161030596,0.2616747181964573,4.408212560386473,1.5365002683843263,1.5163714439076759,0.20799785292538917,
70,32.045088566827694,26.48953301127214,17.693236714975846,15.868223295759528,0.2616747181964573,4.38137412775094,1.5365002683843263,1.5163714439076759,0.20799785292538917,
71,32.058507783145465,26.48953301127214,17.693236714975846,15.713902308105206,0.2616747181964573,4.38137412775094,1.5365002683843263,1.6572732152442298,0.20799785292538917,
72,32.13231347289318,26.455984970477726,17.62614063338701,15.767579173376275,0.2616747181964573,4.3545356951154055,1.5365002683843263,1.6572732152442298,0.20799785292538917,
73,32.098765432098766,26.38888888888889,17.06924315619968,15.767579173376275,0.2616747181964573,4.367954911433173,1.5365002683843263,1.6572732152442298,0.8521202361782072,
74,32.15244229736983,26.362050456253353,17.06924315619968,15.767579173376275,0.2616747181964573,4.341116478797638,1.5365002683843263,1.6572732152442298,0.8521202361782072,
75,32.2463768115942,26.34863123993559,17.06924315619968,15.727321524422974,0.2616747181964573,4.300858829844337,1.5365002683843263,1.6572732152442298,0.8521202361782072,
76,28.509125067096083,32.29334406870639,16.67337627482555,13.251476113794954,0.18115942028985507,4.300858829844337,2.281266774020397,1.6572732152442298,0.8521202361782072,
77,28.60305958132045,32.26650563607085,16.67337627482555,13.231347289318304,0.18115942028985507,4.300858829844337,2.24771873322598,1.6438539989264627,0.8521202361782072,
78,27.992485238862052,33.02469135802469,16.67337627482555,13.083735909822867,0.18115942028985507,4.300858829844337,2.24771873322598,1.6438539989264627,0.8521202361782072,
79,28.12667740203972,32.91733762748255,16.59957058507783,13.043478260869565,0.18115942028985507,4.414922168545357,2.24771873322598,1.6438539989264627,0.8252818035426731,
80,28.27428878153516,31.816961889425656,16.659957058507782,13.043478260869565,0.18115942028985507,5.307300053676865,2.24771873322598,1.6438539989264627,0.8252818035426731,
81,28.35480407944176,31.80354267310789,16.76731078904992,13.009930220075148,0.18115942028985507,5.166398282340311,2.24771873322598,1.6438539989264627,0.8252818035426731,
82,27.26113794954375,28.764090177133657,23.18840579710145,11.037305421363392,0.18115942028985507,4.944981213097155,2.24771873322598,1.6438539989264627,0.7313472893183038,
83,27.32823403113258,28.73054213633924,23.181696188942567,11.010466988727858,0.18115942028985507,4.944981213097155,2.24771873322598,1.6438539989264627,0.7313472893183038,
84,27.49597423510467,28.683574879227052,23.14814814814815,10.943370907139023,0.18115942028985507,4.924852388620504,2.24771873322598,1.6438539989264627,0.7313472893183038,
85,27.26784755770263,26.73107890499195,20.40391841116479,17.028985507246375,0.18115942028985507,4.898013955984971,1.3419216317767042,1.3083735909822867,0.8387010198604401,
86,26.46940418679549,24.805421363392377,19.712828770799785,14.070048309178745,7.454374664519592,4.898013955984971,1.3419216317767042,0.48980139559849706,0.7581857219538379,
87,26.56333870101986,24.731615673644658,19.712828770799785,14.070048309178745,7.440955448201825,4.891304347826087,1.3419216317767042,0.48980139559849706,0.7581857219538379,
88,26.684111647879764,24.65780998389694,19.679280730005367,14.049919484702093,7.380568974771873,4.958400429414922,1.3419216317767042,0.48980139559849706,0.7581857219538379,
89,26.516371443907676,23.32259796027912,21.336553945249598,13.962694578636608,7.380568974771873,4.736983360171766,1.4962426194310252,0.48980139559849706,0.7581857219538379,
90,26.576757917337627,23.309178743961354,21.316425120772948,13.962694578636608,7.367149758454106,4.736983360171766,1.4962426194310252,0.48980139559849706,0.7447665056360708,
91,25.697799248523886,22.134997316156735,20.705850778314545,15.60654857756307,6.179549114331723,6.944444444444445,1.4962426194310252,0.48980139559849706,0.7447665056360708,
92,24.84567901234568,21.846484165324746,21.886741814278047,15.60654857756307,6.146001073537305,6.937734836285561,1.4962426194310252,0.48980139559849706,0.7447665056360708,
93,24.932903918411164,21.83977455716586,21.866612989801396,15.546162104133119,6.146001073537305,6.937734836285561,1.4962426194310252,0.48980139559849706,0.7447665056360708,
94,24.60413311862587,21.450617283950617,22.584541062801932,15.546162104133119,6.146001073537305,6.937734836285561,1.4962426194310252,0.48980139559849706,0.7447665056360708,
95,24.704777241009126,21.450617283950617,22.544283413848632,15.485775630703166,6.146001073537305,6.937734836285561,1.4962426194310252,0.48980139559849706,0.7447665056360708,
96,24.282071926999464,21.564680622651636,22.52415458937198,19.02173913043478,3.629898013955985,6.9243156199677935,1.3016639828234031,0.0067096081588835215,0.7447665056360708,
97,24.16129898013956,20.893719806763286,23.329307568438004,19.02173913043478,3.616478797638218,6.9243156199677935,1.3016639828234031,0.0067096081588835215,0.7447665056360708,
98,24.248523886205046,20.8467525496511,22.50402576489533,19.02173913043478,3.603059581320451,6.716317767042405,2.2208803005904456,0.0067096081588835215,0.8319914117015567,
99,24.322329575952764,20.8467525496511,22.470477724100913,18.98148148148148,3.603059581320451,6.716317767042405,2.2208803005904456,0.0067096081588835215,0.8319914117015567,
100,24.570585077831456,20.79307568438003,22.470477724100913,18.78690284487386,3.603059581320451,6.716317767042405,2.2208803005904456,0.0067096081588835215,0.8319914117015567,
101,24.630971551261407,20.491143317230275,22.450348899624263,18.51851851851852,3.603059581320451,6.977992485238862,2.2208803005904456,0.27509393451422437,0.8319914117015567,
102,24.838969404186795,20.491143317230275,22.396672034353195,18.377616747181964,3.603059581320451,6.964573268921095,2.2208803005904456,0.27509393451422437,0.8319914117015567,
103,25.10064412238325,20.43075684380032,22.376543209876544,18.19645732689211,3.603059581320451,6.964573268921095,2.2208803005904456,0.27509393451422437,0.8319914117015567,
104,25.41599570585078,20.39049919484702,22.228931830381107,18.08239398819109,3.589640365002684,6.964573268921095,2.2208803005904456,0.27509393451422437,0.8319914117015567,
105,25.543478260869566,20.303274288781534,22.22222222222222,18.04884594739667,3.589640365002684,6.964573268921095,2.2208803005904456,0.27509393451422437,0.8319914117015567,
106,25.87224906065486,20.182501341921633,21.880032206119164,18.04884594739667,3.455448201825013,7.246376811594203,2.2074610842726785,0.27509393451422437,0.8319914117015567,
107,25.87895866881374,20.155662909286097,21.87332259796028,18.04884594739667,3.455448201825013,7.159151905528717,2.3752012882447664,0.27509393451422437,0.7783145464304885,
108,26.147342995169083,20.128824476650564,21.85990338164251,17.860976918947934,3.4286097691894795,7.14573268921095,2.3752012882447664,0.27509393451422437,0.7783145464304885,
109,26.308373590982285,20.095276435856146,21.73913043478261,17.85426731078905,3.4286097691894795,7.14573268921095,2.3752012882447664,0.27509393451422437,0.7783145464304885,
110,26.39559849704777,20.101986044015028,21.68545356951154,17.827428878153516,3.4286097691894795,7.132313472893183,2.3752012882447664,0.27509393451422437,0.7783145464304885,
111,26.65727321524423,20.04830917874396,21.672034353193773,17.753623188405797,3.388352120236178,7.051798174986581,2.3752012882447664,0.27509393451422437,0.7783145464304885,
112,26.7512077294686,20.001341921631777,21.490874932903917,17.733494363929147,3.388352120236178,7.206119162640902,2.3752012882447664,0.27509393451422437,0.7783145464304885,
113,26.88539989264627,20.001341921631777,21.484165324745035,17.68652710681696,3.3548040794417604,7.179280730005368,2.3752012882447664,0.27509393451422437,0.7581857219538379,
114,26.89210950080515,20.001341921631777,21.477455716586153,17.68652710681696,3.3548040794417604,7.179280730005368,2.3752012882447664,0.27509393451422437,0.7581857219538379,
115,26.84514224369297,19.97450348899624,21.450617283950617,18.61916264090177,2.522812667740204,7.179280730005368,2.3752012882447664,0.27509393451422437,0.7581857219538379,
116,25.811862587224905,19.290123456790123,23.15485775630703,18.61916264090177,2.5966183574879227,7.118894256575416,2.3752012882447664,0.27509393451422437,0.7581857219538379,
117,26.04669887278583,19.209608158883523,22.98040794417606,18.45813204508857,2.5966183574879227,7.185990338164252,2.3752012882447664,0.38915727321524424,0.7581857219538379,
118,26.10708534621578,19.209608158883523,22.873054213633925,18.42458400429415,2.5966183574879227,7.185990338164252,2.3752012882447664,0.38915727321524424,0.8387010198604401,
119,26.234567901234566,19.209608158883523,22.839506172839506,18.33064949006978,2.5966183574879227,7.185990338164252,2.3752012882447664,0.38915727321524424,0.8387010198604401,
120,26.288244766505635,19.182769726247987,22.82608695652174,18.33064949006978,2.5966183574879227,7.1725711218464845,2.3752012882447664,0.38915727321524424,0.8387010198604401,
121,26.529790660225444,19.0955448201825,22.685185185185187,18.317230273752013,2.6637144390767578,7.139023081052066,2.341653247450349,0.38915727321524424,0.8387010198604401,
122,25.939345142243692,19.00161030595813,22.685185185185187,19.048577563070317,2.6637144390767578,7.139023081052066,2.301395598497048,0.38915727321524424,0.8319914117015567,
123,26.247987117552334,18.907675791733762,22.550993022007514,18.98148148148148,2.5295222758990876,7.25979602791197,2.301395598497048,0.38915727321524424,0.8319914117015567,
124,26.603596349973163,18.78690284487386,22.423510466988727,18.914385399892645,2.5295222758990876,7.25979602791197,2.2611379495437465,0.38915727321524424,0.8319914117015567,
125,26.073537305421365,18.646001073537306,23.10789049919485,18.90096618357488,2.5295222758990876,7.25979602791197,2.2611379495437465,0.38915727321524424,0.8319914117015567,
126,26.02657004830918,18.337359098228664,23.10789049919485,18.90096618357488,2.5295222758990876,7.615405260332796,2.2611379495437465,0.38915727321524424,0.8319914117015567,
127,26.42914653784219,18.283682232957595,22.933440687063875,18.793612453032743,2.4892646269457863,7.601986044015029,2.24771873322598,0.38915727321524424,0.8319914117015567,
128,26.50295222758991,18.263553408480945,22.893183038110575,18.780193236714975,2.4892646269457863,7.601986044015029,2.24771873322598,0.38915727321524424,0.8319914117015567,
129,26.690821256038646,18.250134192163177,22.893183038110575,18.646001073537306,2.4892646269457863,7.561728395061729,2.24771873322598,0.38915727321524424,0.8319914117015567,
130,26.65727321524423,18.23671497584541,22.993827160493826,18.451422436929683,2.462426194310252,7.883789586688137,2.2342995169082127,0.24825550187869028,0.8319914117015567,
131,26.78475577026302,18.183038110574344,22.973698336017176,18.303811057434245,2.462426194310252,7.883789586688137,2.1940418679549114,0.24825550187869028,0.966183574879227,
132,26.650563607085346,17.867686527106816,22.973698336017176,18.02871712292002,3.1468062265163717,7.803274288781535,2.1806226516371443,0.24825550187869028,1.1003757380568975,
133,26.704240472356414,17.827428878153516,22.96027911969941,18.02871712292002,3.1468062265163717,7.803274288781535,2.1806226516371443,0.24825550187869028,1.1003757380568975,
134,26.8719806763285,17.780461621041333,22.913311862587225,18.02871712292002,3.113258185721954,7.763016639828234,2.1806226516371443,0.24825550187869028,1.1003757380568975,
135,26.42914653784219,18.297101449275363,22.859634997316157,18.00858829844337,3.0059044551798175,7.87037037037037,2.1806226516371443,0.24825550187869028,1.1003757380568975,
136,26.44927536231884,18.297101449275363,22.859634997316157,18.00858829844337,3.0059044551798175,7.85024154589372,2.1806226516371443,0.24825550187869028,1.1003757380568975,
137,26.44927536231884,18.270263016639827,22.906602254428343,18.00858829844337,3.0059044551798175,7.830112721417069,2.1806226516371443,0.24825550187869028,1.1003757380568975,
138,26.536500268384327,18.263553408480945,22.86634460547504,17.96833064949007,3.0059044551798175,7.830112721417069,2.1806226516371443,0.24825550187869028,1.1003757380568975,
139,22.228931830381107,23.49033816425121,22.376543209876544,17.954911433172303,2.5295222758990876,7.917337627482555,2.15378421900161,0.24825550187869028,1.1003757380568975,
140,22.262479871175522,23.463499731615673,22.289318303811058,17.921363392377884,2.5295222758990876,7.917337627482555,2.15378421900161,0.24825550187869028,1.2144390767579174,
141,22.416800858829845,23.463499731615673,22.22222222222222,17.867686527106816,2.509393451422437,7.9039184111647875,2.15378421900161,0.24825550187869028,1.2144390767579174,
142,20.813204508856682,16.438539989264626,30.9044551798175,17.867686527106816,2.509393451422437,7.9039184111647875,2.100107353730542,0.24825550187869028,1.2144390767579174,
143,18.19645732689211,19.45115405260333,30.864197530864196,17.632850241545892,2.509393451422437,7.7831454643048845,2.100107353730542,0.24825550187869028,1.2144390767579174,
144,18.46484165324745,19.45115405260333,30.636070853462158,17.619431025228128,2.4825550187869028,7.7831454643048845,2.100107353730542,0.24825550187869028,1.2144390767579174,
145,18.5654857756307,19.45115405260333,28.650026838432634,17.619431025228128,4.367954911433173,7.7831454643048845,2.100107353730542,0.24825550187869028,1.2144390767579174,
146,18.780193236714975,19.316961889425656,28.650026838432634,17.58588298443371,4.367954911433173,7.628824476650563,2.100107353730542,0.24825550187869028,1.2144390767579174,0.10735373054213634
147,18.820450885668276,19.209608158883523,28.61647879763822,17.58588298443371,4.4753086419753085,7.628824476650563,2.0933977455716586,0.24825550187869028,1.2144390767579174,0.10735373054213634
148,18.813741277509394,18.887546967257112,28.576221148684915,17.961621041331185,4.468599033816425,7.5348899624261945,2.1940418679549114,0.24154589371980675,1.2144390767579174,0.10735373054213634
149,18.907675791733762,18.86070853462158,28.576221148684915,17.914653784219002,4.468599033816425,7.5348899624261945,2.1739130434782608,0.24154589371980675,1.2144390767579174,0.10735373054213634
150,18.94122383252818,18.86070853462158,28.56280193236715,17.901234567901234,4.461889425657541,7.5348899624261945,2.1739130434782608,0.24154589371980675,1.2144390767579174,0.10735373054213634
151,18.820450885668276,18.82716049382716,27.180622651637144,19.51825013419216,4.461889425657541,7.454374664519592,2.1739130434782608,0.24154589371980675,1.2144390767579174,0.10735373054213634
152,18.927804616210413,18.813741277509394,27.120236178207193,19.484702093397747,4.461889425657541,7.454374664519592,2.1739130434782608,0.24154589371980675,1.2144390767579174,0.10735373054213634
153,19.048577563070317,18.753354804079443,27.093397745571657,19.45115405260333,4.461889425657541,7.454374664519592,2.1739130434782608,0.24154589371980675,1.2144390767579174,0.10735373054213634
154,19.02173913043478,18.726516371443907,26.670692431561996,19.41760601180891,5.273752012882448,7.1658615136876005,2.1739130434782608,0.24154589371980675,1.2010198604401503,0.10735373054213634
155,19.0552871712292,18.726516371443907,26.670692431561996,19.390767579173378,5.273752012882448,7.1658615136876005,2.1739130434782608,0.24154589371980675,1.1943102522812667,0.10735373054213634
156,19.008319914117017,17.800590445517983,27.737520128824478,19.296833064949006,5.273752012882448,7.1658615136876005,2.1739130434782608,0.24154589371980675,1.1943102522812667,0.10735373054213634
157,19.176060118089104,17.780461621041333,27.811325818572197,19.14922168545357,5.246913580246914,7.118894256575416,2.1739130434782608,0.24154589371980675,1.1943102522812667,0.10735373054213634
158,19.290123456790123,17.773752012882447,27.74422973698336,19.108964036500268,5.246913580246914,7.118894256575416,2.1739130434782608,0.24154589371980675,1.1943102522812667,0.10735373054213634
159,19.37734836285561,17.746913580246915,27.690552871712292,19.048577563070317,5.246913580246914,7.139023081052066,2.1403650026838434,0.24154589371980675,1.261406333870102,0.10735373054213634
160,19.47128287707998,17.69994632313473,27.677133655394524,19.048577563070317,5.280461621041331,7.105475040257649,2.1068169618894257,0.24154589371980675,1.261406333870102,0.10735373054213634
161,19.692699946323135,17.632850241545892,27.536231884057973,19.048577563070317,5.280461621041331,7.092055823939882,2.1068169618894257,0.24154589371980675,1.261406333870102,0.10735373054213634
162,19.679280730005367,17.612721417069242,27.086688137412775,19.008319914117017,5.280461621041331,7.092055823939882,2.1068169618894257,0.24154589371980675,1.7847557702630166,0.10735373054213634
163,19.75979602791197,17.498658078368223,26.78475577026302,18.9747718733226,5.267042404723564,7.481213097155126,2.1068169618894257,0.24154589371980675,1.778046162104133,0.10735373054213634
164,19.880568974771872,17.398013955984972,26.549919484702095,18.9747718733226,5.233494363929147,7.474503488996243,2.24771873322598,0.24154589371980675,1.892109500805153,0.10735373054213634
165,19.89398819108964,17.357756307031668,26.603596349973163,18.95464304884595,5.233494363929147,7.467793880837359,2.24771873322598,0.24154589371980675,1.892109500805153,0.10735373054213634
166,19.93424584004294,17.357756307031668,26.56333870101986,18.95464304884595,5.233494363929147,7.467793880837359,2.24771873322598,0.24154589371980675,1.892109500805153,0.10735373054213634
167,19.867149758454108,17.317498658078367,26.41572732152442,18.95464304884595,5.776972624798712,7.185990338164252,2.24771873322598,0.24154589371980675,1.8853998926462694,0.10735373054213634
168,20.061728395061728,17.297369833601717,26.38888888888889,18.84728931830381,5.776972624798712,7.159151905528717,2.2342995169082127,0.24154589371980675,1.8853998926462694,0.10735373054213634
169,20.068438003220614,17.297369833601717,25.39586688137413,19.87385936661299,5.736714975845411,7.159151905528717,2.2342995169082127,0.24154589371980675,1.8853998926462694,0.10735373054213634
170,20.263016639828233,17.297369833601717,25.201288244766506,19.87385936661299,5.736714975845411,7.159151905528717,2.2342995169082127,0.24154589371980675,1.8853998926462694,0.10735373054213634
171,20.323403113258184,17.290660225442835,25.15432098765432,19.867149758454108,5.736714975845411,7.159151905528717,2.2342995169082127,0.24154589371980675,1.8853998926462694,0.10735373054213634
172,20.605206655931294,17.216854535695116,24.84567901234568,19.343800322061192,5.736714975845411,7.159151905528717,2.2342995169082127,0.24154589371980675,2.509393451422437,0.10735373054213634
173,20.705850778314545,17.183306494900698,24.84567901234568,19.30354267310789,5.736714975845411,7.132313472893183,2.2342995169082127,0.24154589371980675,2.509393451422437,0.10735373054213634
174,20.94068706387547,17.176596886741816,24.724906065485776,19.26328502415459,5.6964573268921095,7.132313472893183,2.2074610842726785,0.24154589371980675,2.509393451422437,0.10735373054213634
175,20.987654320987655,17.176596886741816,24.691358024691358,19.26328502415459,5.6964573268921095,7.118894256575416,2.2074610842726785,0.24154589371980675,2.509393451422437,0.10735373054213634
176,20.551529790660226,16.874664519592056,26.154052603327965,18.531937734836287,5.6964573268921095,7.125603864734299,2.2074610842726785,0.24154589371980675,2.509393451422437,0.10735373054213634
177,20.86688137412775,16.740472356414386,26.147342995169083,18.47826086956522,5.6964573268921095,7.125603864734299,2.086688137412775,0.24154589371980675,2.509393451422437,0.10735373054213634
178,21.054750402576488,16.666666666666668,26.03327965646806,18.47826086956522,5.6964573268921095,7.125603864734299,2.086688137412775,0.24154589371980675,2.509393451422437,0.10735373054213634
179,21.329844337090712,16.646537842190018,25.999731615673646,18.276972624798713,5.6964573268921095,7.105475040257649,2.086688137412775,0.24154589371980675,2.509393451422437,0.10735373054213634
180,21.26945786366076,16.59957058507783,25.99302200751476,18.276972624798713,5.6964573268921095,7.098765432098766,2.2074610842726785,0.24154589371980675,2.509393451422437,0.10735373054213634
181,21.464036500268385,16.545893719806763,25.85882984433709,18.270263016639827,5.6964573268921095,7.098765432098766,2.2074610842726785,0.24154589371980675,2.509393451422437,0.10735373054213634
182,21.578099838969404,16.512345679012345,25.845410628019323,18.089103596349972,5.683038110574342,7.098765432098766,2.2074610842726785,0.24154589371980675,2.636876006441224,0.10735373054213634
183,21.504294149221685,16.6532474503489,25.811862587224905,18.06897477187332,5.669618894256575,7.098765432098766,2.2074610842726785,0.24154589371980675,2.636876006441224,0.10735373054213634
184,21.36339237788513,15.901771336553946,25.295222758990874,18.00858829844337,7.447665056360709,6.884057971014493,2.187332259796028,0.24154589371980675,2.563070316693505,0.10735373054213634
185,21.672034353193773,15.901771336553946,25.147611379495437,17.860976918947934,7.434245840042942,6.884057971014493,2.187332259796028,0.24154589371980675,2.563070316693505,0.10735373054213634
186,21.93370907139023,15.734031132581856,25.07380568974772,17.860976918947934,7.4141170155662905,6.884057971014493,2.187332259796028,0.24154589371980675,2.563070316693505,0.10735373054213634
187,22.074610842726784,15.68035426731079,25.05367686527107,17.793880837359097,7.4141170155662905,6.884057971014493,2.187332259796028,0.24154589371980675,2.563070316693505,0.10735373054213634
188,22.114868491680085,15.68035426731079,25.05367686527107,17.753623188405797,7.4141170155662905,6.884057971014493,2.187332259796028,0.24154589371980675,2.563070316693505,0.10735373054213634
189,22.289318303811058,15.646806226516372,24.953032742887814,17.733494363929147,7.4006977992485234,6.877348362855609,2.187332259796028,0.24154589371980675,2.563070316693505,0.10735373054213634
190,22.430220075147613,15.633387010198604,24.838969404186795,17.733494363929147,7.4006977992485234,6.877348362855609,2.187332259796028,0.24154589371980675,2.5496511003757383,0.10735373054213634
191,22.624798711755233,15.559581320450885,24.785292538915726,17.68652710681696,7.4006977992485234,6.857219538378959,2.187332259796028,0.24154589371980675,2.5496511003757383,0.10735373054213634
192,22.665056360708533,15.559581320450885,24.751744498121308,17.67981749865808,7.4006977992485234,6.857219538378959,2.187332259796028,0.24154589371980675,2.5496511003757383,0.10735373054213634
193,22.785829307568438,15.559581320450885,24.704777241009126,17.639559849704778,7.367149758454106,6.857219538378959,2.187332259796028,0.24154589371980675,2.5496511003757383,0.10735373054213634
194,22.946859903381643,15.552871712292003,24.65780998389694,17.37788513150832,7.246376811594203,6.857219538378959,2.462426194310252,0.24154589371980675,2.5496511003757383,0.10735373054213634
195,23.00053676865271,15.546162104133119,24.62426194310252,17.37788513150832,7.246376811594203,6.857219538378959,2.4490069779924855,0.24154589371980675,2.5496511003757383,0.10735373054213634
196,23.09447128287708,15.485775630703166,24.362587224906065,18.431293612453032,6.588835212023618,6.857219538378959,2.281266774020397,0.24154589371980675,2.5496511003757383,0.10735373054213634
197,23.235373054213635,15.438808373590982,24.228395061728396,18.391035963499732,6.568706387546968,6.857219538378959,2.4020397208803006,0.24154589371980675,2.5295222758990876,0.10735373054213634
198,23.30246913580247,15.438808373590982,24.20155662909286,18.223295759527645,6.568706387546968,6.850509930220075,2.4020397208803006,0.24154589371980675,2.6637144390767578,0.10735373054213634
199,22.913311862587225,15.418679549114332,24.154589371980677,17.773752012882447,7.474503488996243,6.850509930220075,2.536231884057971,0.24154589371980675,2.5295222758990876,0.10735373054213634
200,23.060923242082662,15.311325818572195,24.154589371980677,17.753623188405797,7.447665056360709,6.850509930220075,2.5697799248523885,0.24154589371980675,2.5026838432635534,0.10735373054213634
201,23.141438539989263,15.311325818572195,24.12775093934514,17.753623188405797,7.447665056360709,6.837090713902308,2.5697799248523885,0.24154589371980675,2.462426194310252,0.10735373054213634
202,23.289049919484704,15.24422973698336,24.033816425120772,17.733494363929147,7.4006977992485234,6.8035426731078905,2.5496511003757383,0.24154589371980675,2.5966183574879227,0.10735373054213634
203,23.32259796027912,15.237520128824476,23.483628556092324,17.391304347826086,8.373590982286634,6.635802469135802,2.5496511003757383,0.24154589371980675,2.5697799248523885,0.19457863660762212
204,22.799248523886206,15.237520128824476,23.34272678475577,16.264090177133657,10.44015029522276,6.535158346752549,2.395330112721417,0.24154589371980675,2.5496511003757383,0.19457863660762212
205,22.913311862587225,15.237520128824476,23.21524422973698,16.344605475040257,10.44015029522276,6.4412238325281805,2.2946859903381642,0.24154589371980675,2.677133655394525,0.19457863660762212
206,22.993827160493826,15.203972088030058,23.181696188942567,16.23054213633924,10.420021470746109,6.427804616210413,2.2946859903381642,0.24154589371980675,2.8113258185721954,0.19457863660762212
207,23.22866344605475,15.183843263553408,23.07434245840043,16.210413311862588,10.339506172839506,6.421095008051529,2.2946859903381642,0.24154589371980675,2.8113258185721954,0.19457863660762212
208,23.013955984970476,15.183843263553408,22.839506172839506,16.210413311862588,10.312667740203972,6.159420289855072,3.0327428878153517,0.24154589371980675,2.8113258185721954,0.19457863660762212
209,23.040794417606012,15.183843263553408,22.73886205045625,16.203703703703702,10.312667740203972,6.159420289855072,3.0327428878153517,0.24154589371980675,2.8918411164787976,0.19457863660762212
210,23.07434245840043,15.183843263553408,22.73886205045625,16.190284487385938,10.292538915727322,6.159420289855072,3.0327428878153517,0.24154589371980675,2.8918411164787976,0.19457863660762212
211,23.242082662372518,15.183843263553408,22.65834675254965,16.170155662909288,10.225442834138486,6.159420289855072,3.0327428878153517,0.24154589371980675,2.8918411164787976,0.19457863660762212
212,23.577563070316693,15.103327965646805,22.591250670960815,16.029253891572733,10.178475577026301,6.159420289855072,3.0327428878153517,0.24154589371980675,2.8918411164787976,0.19457863660762212
213,23.738593666129898,14.982555018786902,22.591250670960815,16.029253891572733,10.144927536231885,6.152710681696189,3.0327428878153517,0.24154589371980675,2.8918411164787976,0.19457863660762212
214,23.47691894793344,14.231078904991948,24.033816425120772,16.63311862587225,9.380032206119163,6.085614600107354,2.85829307568438,0.24154589371980675,2.8650026838432634,0.19457863660762212
215,23.698336017176597,14.184111647879764,23.98684916800859,16.63311862587225,9.272678475577026,6.078904991948471,2.85829307568438,0.24154589371980675,2.8515834675254963,0.19457863660762212
216,23.852657004830917,14.184111647879764,23.97342995169082,16.59957058507783,9.272678475577026,5.971551261406334,2.85829307568438,0.24154589371980675,2.8515834675254963,0.19457863660762212
217,23.91304347826087,14.184111647879764,23.97342995169082,16.57944176060118,9.272678475577026,5.958132045088567,2.85829307568438,0.24154589371980675,2.8247450348899625,0.19457863660762212
218,23.960010735373054,13.996242619431026,23.349436392914654,17.49194847020934,9.252549651100376,5.891035963499732,2.7979066022544283,0.24154589371980675,2.8247450348899625,0.19457863660762212
219,23.91304347826087,13.922436929683306,23.22866344605475,17.465110037573805,9.252549651100376,5.864197530864198,3.0931293612453032,0.24154589371980675,2.8247450348899625,0.19457863660762212
220,24.04723564143854,13.922436929683306,23.201825013419217,17.371175523349436,9.23913043478261,5.864197530864198,3.0931293612453032,0.24154589371980675,2.8247450348899625,0.19457863660762212
221,24.208266237251745,13.922436929683306,23.15485775630703,17.324208266237253,9.23913043478261,5.810520665593129,3.0931293612453032,0.24154589371980675,2.8247450348899625,0.18115942028985507
222,24.255233494363928,13.922436929683306,23.11460010735373,17.324208266237253,9.23913043478261,5.810520665593129,3.0864197530864197,0.24154589371980675,2.8247450348899625,0.18115942028985507
223,24.362587224906065,13.915727321524423,22.973698336017176,17.324208266237253,9.185453569511541,5.763553408480945,3.0864197530864197,0.24154589371980675,2.965646806226516,0.18115942028985507
224,24.416264090177133,13.915727321524423,22.973698336017176,17.324208266237253,9.151905528717123,5.743424584004294,3.0864197530864197,0.24154589371980675,2.965646806226516,0.18115942028985507
225,24.59742351046699,13.915727321524423,22.946859903381643,17.16988727858293,9.07139023081052,5.864197530864198,3.0864197530864197,0.24154589371980675,2.9253891572732154,0.18115942028985507
226,24.644390767579175,13.895598497047773,22.933440687063875,17.16988727858293,9.07139023081052,5.864197530864198,3.0730005367686526,0.24154589371980675,2.9253891572732154,0.18115942028985507
227,24.832259796027913,13.788244766505636,22.933440687063875,17.01556629092861,9.03113258185722,5.984970477724101,3.066290928609769,0.24154589371980675,2.9253891572732154,0.18115942028985507
228,24.993290391841118,13.714439076757918,22.933440687063875,16.854535695115406,8.964036500268385,6.125872249060655,3.066290928609769,0.24154589371980675,2.9253891572732154,0.18115942028985507
229,25.09393451422437,13.714439076757918,22.879763821792807,16.841116478797638,8.950617283950617,6.119162640901771,3.066290928609769,0.24154589371980675,2.9119699409554483,0.18115942028985507
230,25.0,13.714439076757918,22.450348899624263,16.82769726247987,8.950617283950617,6.105743424584004,3.643317230273752,0.24154589371980675,2.885131508319914,0.18115942028985507
231,24.10091250670961,13.647342995169081,23.872785829307567,16.760601180891037,8.829844337090714,5.837359098228664,3.643317230273752,0.24154589371980675,2.885131508319914,0.18115942028985507
232,24.14117015566291,13.613794954374665,23.812399355877616,16.80756843800322,8.722490606548577,5.837359098228664,3.643317230273752,0.24154589371980675,2.999194847020934,0.18115942028985507
233,24.228395061728396,13.613794954374665,23.752012882447666,16.780730005367687,8.722490606548577,5.837359098228664,3.643317230273752,0.24154589371980675,2.999194847020934,0.18115942028985507
234,24.14117015566291,13.22463768115942,23.698336017176597,16.492216854535695,8.856682769726248,5.837359098228664,4.327697262479871,0.24154589371980675,2.999194847020934,0.18115942028985507
235,24.174718196457327,13.217928073000536,23.698336017176597,16.478797638217927,8.84326355340848,5.837359098228664,4.327697262479871,0.24154589371980675,2.999194847020934,0.18115942028985507
236,24.261943102522814,13.18438003220612,23.698336017176597,16.472088030059044,8.84326355340848,5.790391841116479,4.327697262479871,0.24154589371980675,2.999194847020934,0.18115942028985507
237,24.335748792270532,13.170960815888352,23.698336017176597,16.431830381105744,8.82313472893183,5.790391841116479,4.327697262479871,0.24154589371980675,2.999194847020934,0.18115942028985507
