,45,50,53,55,51,52,54,56,57,58
0,92.28395061728395,7.716049382716049,,,,,,,,
1,84.09151905528716,15.908480944712828,,,,,,,,
2,79.71014492753623,20.28985507246377,,,,,,,,
3,77.26113794954375,22.73886205045625,,,,,,,,
4,77.42887815351584,22.571121846484164,,,,,,,,
5,76.65727321524423,20.04830917874396,2.9589371980676327,0.33548040794417605,,,,,,
6,75.6105743424584,21.095008051529792,2.9589371980676327,0.33548040794417605,,,,,,
7,71.43048845947396,11.124530327428879,1.5029522275899088,0.30193236714975846,15.640096618357488,,,,,
8,68.5654857756307,10.641438539989265,9.037842190016104,0.30193236714975846,11.332528180354267,0.12077294685990338,,,,
9,68.61916264090178,10.61460010735373,9.03113258185722,0.2952227589908749,11.3191089640365,0.12077294685990338,,,,
10,57.118894256575416,22.19538378958669,8.997584541062801,0.2952227589908749,11.272141706924316,0.12077294685990338,,,,
11,48.671497584541065,31.904186795491142,7.890499194847021,0.2952227589908749,11.117820719269995,0.12077294685990338,,,,
12,48.718464841653244,31.729736983360173,7.890499194847021,0.2952227589908749,11.117820719269995,0.12077294685990338,0.1274825550187869,,,
13,39.82823403113258,40.41196994095545,7.877079978529254,0.2952227589908749,11.117820719269995,0.12077294685990338,0.3488996242619431,,,
14,40.042941492216855,40.35829307568438,7.85024154589372,0.2952227589908749,10.983628556092324,0.12077294685990338,0.3488996242619431,,,
15,40.25764895330113,40.17042404723564,7.823403113258186,0.2952227589908749,10.983628556092324,0.12077294685990338,0.3488996242619431,,,
16,40.17713365539453,40.08990874932904,7.823403113258186,0.2952227589908749,9.212292002147075,0.12077294685990338,2.281266774020397,,,
17,40.45893719806763,39.82823403113258,7.809983896940419,0.2952227589908749,9.091519055287172,0.12077294685990338,2.281266774020397,0.11406333870101985,,
18,35.93666129898014,24.436392914653783,4.38137412775094,0.2952227589908749,32.46779388083736,0.12077294685990338,2.24771873322598,0.11406333870101985,,
19,35.99704777241009,24.396135265700483,4.38137412775094,0.2952227589908749,32.447665056360705,0.12077294685990338,2.24771873322598,0.11406333870101985,,
20,36.18491680085883,23.2085346215781,4.3478260869565215,0.2952227589908749,32.23966720343532,1.2278582930756843,2.24771873322598,0.24825550187869028,,
21,36.231884057971016,20.457595276435857,6.78341384863124,0.2952227589908749,31.5150295222759,1.2278582930756843,3.240740740740741,0.24825550187869028,,
22,36.30568974771873,20.142243692968332,6.756575415995706,0.2952227589908749,31.884057971014492,1.1272141706924315,3.240740740740741,0.24825550187869028,,
23,36.3593666129898,20.142243692968332,6.716317767042405,0.2952227589908749,31.870638754696724,1.1272141706924315,3.240740740740741,0.24825550187869028,,
24,31.723027375201287,31.561996779388085,6.716317767042405,0.2952227589908749,25.107353730542137,1.1272141706924315,3.240740740740741,0.2281266774020397,,
25,29.045893719806763,34.326355340848096,6.568706387546968,0.2952227589908749,24.859098228663445,1.1272141706924315,3.549382716049383,0.2281266774020397,,
26,28.31454643048846,34.715512614063336,6.568706387546968,0.2952227589908749,24.671229200214707,1.6572732152442298,3.549382716049383,0.2281266774020397,,
27,28.24074074074074,33.16559312936125,8.454106280193237,0.18115942028985507,23.22866344605475,1.6572732152442298,4.8443370907139025,0.2281266774020397,,
28,26.858561460010737,34.655126140633385,8.454106280193237,0.18115942028985507,23.1682769726248,1.6572732152442298,4.797369833601718,0.2281266774020397,,
29,26.986044015029524,34.554482018250134,8.447396672034353,0.18115942028985507,23.161567364465917,1.6572732152442298,4.783950617283951,0.2281266774020397,,
30,22.899892646269457,39.15727321524423,8.038110574342458,0.18115942028985507,23.07434245840043,1.6572732152442298,4.783950617283951,0.20799785292538917,,
31,23.289049919484704,39.05662909286098,7.971014492753623,0.18115942028985507,22.879763821792807,1.6572732152442298,4.757112184648417,0.20799785292538917,,
32,23.34272678475577,38.41250670960816,6.655931293612453,0.18115942028985507,24.84567901234568,1.6304347826086956,4.723564143853999,0.20799785292538917,,
33,20.725979602791195,40.45893719806763,7.608695652173913,0.18115942028985507,24.46323134728932,1.6304347826086956,4.723564143853999,0.20799785292538917,,
34,19.484702093397747,35.49382716049383,7.065217391304348,0.785024154589372,29.334406870638755,1.6304347826086956,6.045356951154052,0.1610305958132045,,
35,18.733225979602793,28.59634997316157,7.051798174986581,0.785024154589372,35.36634460547504,1.6304347826086956,6.045356951154052,1.7914653784219001,,
36,18.06226516371444,28.327965646806227,7.051798174986581,0.785024154589372,36.30568974771873,1.6304347826086956,6.045356951154052,1.7914653784219001,,
37,18.223295759527645,28.23403113258186,6.998121309715513,2.0128824476650564,35.28582930756844,1.6304347826086956,5.83064949006978,1.7847557702630166,,
38,18.411164787976382,28.14009661835749,6.998121309715513,1.9793344068706387,35.225442834138484,1.6304347826086956,5.83064949006978,1.7847557702630166,,
39,17.398013955984972,29.280730005367687,6.964573268921095,1.9793344068706387,35.198604401502955,1.6304347826086956,5.763553408480945,1.7847557702630166,,
40,17.639559849704778,29.22705314009662,6.884057971014493,1.9793344068706387,34.574610842726784,1.6304347826086956,5.730005367686527,2.3349436392914655,,
41,17.767042404723565,29.22705314009662,6.857219538378959,1.9793344068706387,34.48067632850242,1.6304347826086956,5.723295759527644,2.3349436392914655,,
42,17.847557702630166,28.401771336553946,6.857219538378959,1.9793344068706387,33.87010198604401,1.6304347826086956,7.078636607622115,2.3349436392914655,,
43,16.0829307568438,28.08641975308642,2.999194847020934,2.395330112721417,42.23698336017176,1.6304347826086956,5.9514224369296835,0.6172839506172839,,
44,16.304347826086957,27.737520128824478,4.320987654320987,2.38191089640365,41.10976918947934,1.596886741814278,5.931293612453032,0.6172839506172839,,
45,16.337895866881375,27.274557165861513,7.823403113258186,2.3617820719269993,37.27858293075684,1.596886741814278,5.233494363929147,2.0933977455716586,,
46,16.492216854535695,27.22758990874933,7.823403113258186,2.3617820719269993,37.23832528180354,1.596886741814278,5.199946323134729,2.059849704777241,,
47,16.57944176060118,27.059849704777243,8.709071390230811,2.3617820719269993,34.77589908749329,1.583467525496511,7.9039184111647875,1.0265700483091786,,
48,16.67337627482555,26.918947933440688,8.796296296296296,2.3617820719269993,34.735641438539986,1.583467525496511,7.9039184111647875,1.0265700483091786,,
49,16.700214707461082,26.878690284487387,9.722222222222221,2.3617820719269993,33.823134728931834,1.583467525496511,7.9039184111647875,1.0265700483091786,,
50,16.881374127750938,26.82501341921632,9.708803005904455,2.341653247450349,33.73590982286635,1.583467525496511,7.897208803005904,1.0265700483091786,,
51,17.022275899087493,26.81159420289855,9.708803005904455,2.341653247450349,33.62855609232421,1.583467525496511,7.877079978529254,1.0265700483091786,,
52,17.14975845410628,26.764626945786365,9.668545356951155,2.341653247450349,33.60842726784756,1.583467525496511,7.856951154052603,1.0265700483091786,,
53,17.122920021470748,26.7512077294686,8.608427267847558,2.341653247450349,33.23268921095008,3.066290928609769,7.85024154589372,1.0265700483091786,,
54,16.982018250134193,26.341921631776703,9.77589908749329,2.341653247450349,32.6154052603328,3.066290928609769,7.85024154589372,1.0265700483091786,,
55,16.955179817498657,25.831991411701555,11.52710681696189,2.341653247450349,32.53488996242619,3.066290928609769,6.716317767042405,1.0265700483091786,,
56,16.23725174449812,29.61621041331186,10.36634460547504,2.341653247450349,30.629361245303276,3.066290928609769,6.716317767042405,1.0265700483091786,,
57,16.33118625872249,29.582662372517444,10.36634460547504,2.341653247450349,30.595813204508858,3.0394524959742353,6.716317767042405,1.0265700483091786,,
58,13.56682769726248,27.871712292002147,9.809447128287708,2.341653247450349,36.902844873859365,1.583467525496511,7.0450885668276975,0.8789586688137413,,
59,13.747987117552334,27.78448738593666,9.796027911969942,2.341653247450349,36.70155662909286,1.556629092860977,7.0450885668276975,1.0265700483091786,,
60,13.855340848094471,27.717391304347824,9.702093397745571,3.670155662909286,35.59447128287708,1.556629092860977,7.0450885668276975,0.8588298443370908,,
61,13.969404186795492,27.690552871712292,9.702093397745571,3.6366076221148687,35.560923242082666,1.556629092860977,7.024959742351046,0.8588298443370908,,
62,14.083467525496511,26.194310252281266,10.661567364465915,3.6366076221148687,36.86929683306495,1.556629092860977,6.226516371443908,0.7716049382716049,,
63,14.351851851851851,26.073537305421365,10.661567364465915,3.6366076221148687,36.36607622114869,1.556629092860977,6.105743424584004,1.247987117552335,,
64,14.553140096618357,26.03327965646806,10.628019323671497,3.6366076221148687,36.26543209876543,1.556629092860977,6.078904991948471,1.247987117552335,,
65,12.889157273215245,20.068438003220614,8.628556092324208,3.3682232957595275,47.59125067096082,1.932367149758454,4.341116478797638,1.1808910359634996,,
66,13.16425120772947,20.041599570585078,9.098228663446054,3.1333870101986045,47.235641438539986,1.8518518518518519,4.327697262479871,1.1473429951690821,,
67,13.264895330112722,20.00805152979066,9.091519055287172,3.1333870101986045,45.819914117015564,3.3950617283950617,4.139828234031133,1.1473429951690821,,
68,13.788244766505636,19.920826623725173,9.091519055287172,3.1333870101986045,45.40391841116479,3.3950617283950617,4.139828234031133,1.1272141706924315,,
69,14.143853998926463,19.90740740740741,8.964036500268385,3.7372517444981215,44.50483091787439,3.3950617283950617,4.1129898013955986,1.2345679012345678,,
70,14.27133655394525,19.87385936661299,8.923778851315083,3.7238325281803544,44.46457326892109,3.3950617283950617,4.1129898013955986,1.2345679012345678,,
71,14.459205582393988,19.85373054213634,8.863392377885132,3.7238325281803544,44.357219538378956,3.3950617283950617,4.1129898013955986,1.2345679012345678,,
72,14.459205582393988,18.853998926462694,7.4141170155662905,3.6768652710681695,46.92028985507246,3.361513687600644,4.086151368760064,1.2278582930756843,,
73,11.654589371980677,24.114331723027377,7.333601717659689,2.8784219001610305,45.54482018250134,3.361513687600644,4.072732152442297,1.0399892646269457,,
74,11.943102522812667,23.98684916800859,7.320182501341922,2.8784219001610305,45.430756843800324,3.361513687600644,4.03918411164788,1.0399892646269457,,
75,12.13768115942029,23.792270531400966,7.313472893183038,3.2675791733762747,45.04830917874396,3.361513687600644,4.03918411164788,1.0399892646269457,,
76,12.318840579710145,23.691626409017715,8.272946859903382,3.260869565217391,44.015029522275896,3.361513687600644,4.03918411164788,1.0399892646269457,,
77,12.620772946859903,23.63123993558776,8.091787439613526,3.260869565217391,43.954643048845945,3.361513687600644,4.03918411164788,1.0399892646269457,,
78,12.600644122383253,23.61111111111111,8.400429414922169,3.260869565217391,43.86741814278046,3.361513687600644,3.9318303811057436,0.966183574879227,,
79,12.741545893719806,23.597691894793343,8.36688137412775,3.260869565217391,43.77348362855609,3.361513687600644,3.9318303811057436,0.966183574879227,,
80,12.775093934514224,22.993827160493826,8.353462157809984,3.1535158346752548,41.2037037037037,6.622383252818035,3.9318303811057436,0.966183574879227,,
81,12.895866881374127,22.839506172839506,8.239398819108963,3.1468062265163717,39.680622651637144,8.299785292538916,3.9318303811057436,0.966183574879227,,
82,12.077294685990339,21.00107353730542,8.239398819108963,3.1333870101986045,43.894256575415994,6.756575415995706,3.9318303811057436,0.966183574879227,,
83,11.54723564143854,20.96081588835212,8.232689210950081,2.38191089640365,38.33199141170156,14.083467525496511,3.4957058507783145,0.966183574879227,,
84,11.681427804616211,20.954106280193237,8.232689210950081,2.38191089640365,38.238056897477186,14.083467525496511,3.4621578099838968,0.966183574879227,,
85,11.802200751476114,20.92055823939882,8.205850778314547,2.38191089640365,38.191089640365,14.070048309178745,3.4621578099838968,0.966183574879227,,
86,11.869296833064949,20.92055823939882,9.353193773483628,2.3550724637681157,36.842458400429415,14.049919484702093,3.4621578099838968,1.1473429951690821,,
87,11.936392914653783,20.92055823939882,11.614331723027375,2.3550724637681157,34.99060654857756,13.600375738056897,3.435319377348363,1.1473429951690821,,
88,12.184648416532475,20.79307568438003,11.614331723027375,2.3550724637681157,34.91009125067096,13.580246913580247,3.4151905528717124,1.1473429951690821,,
89,11.761943102522812,19.28341384863124,11.580783682232958,1.9457863660762211,36.178207192699944,14.687332259796028,3.4151905528717124,1.1473429951690821,,
90,11.855877616747183,19.28341384863124,11.231884057971014,3.126677402039721,35.567632850241544,14.647074610842727,3.4151905528717124,0.8722490606548577,,
91,11.305689747718732,15.378421900161031,10.628019323671497,2.9388083735909825,41.056092324208265,14.506172839506172,3.3145464304884595,0.8722490606548577,,
92,11.20504562533548,14.895330112721417,10.601180891035963,2.690552871712292,42.14975845410628,14.452495974235104,3.3145464304884595,0.6910896403650026,,
93,10.111379495437467,14.049919484702093,10.111379495437467,2.690552871712292,42.2638217928073,14.445786366076222,5.642780461621041,0.6843800322061192,,
94,10.352925389157273,14.036500268384327,10.084541062801932,2.6637144390767578,42.15646806226516,14.418947933440688,5.60252281266774,0.6843800322061192,,
95,8.239398819108963,8.454106280193237,6.226516371443908,1.4492753623188406,59.47396672034353,12.31213097155126,3.1602254428341383,0.6843800322061192,,
96,8.387010198604402,8.420558239398819,8.192431561996779,1.4492753623188406,56.17283950617284,13.58695652173913,3.1065485775630703,0.6843800322061192,,
97,8.57487922705314,8.420558239398819,8.192431561996779,1.4358561460010735,55.99838969404187,13.58695652173913,3.1065485775630703,0.6843800322061192,,
98,8.313204508856682,6.890767579173376,8.192431561996779,1.4358561460010735,55.079173376274824,16.297638217928075,3.1065485775630703,0.6843800322061192,,
99,9.05126140633387,6.890767579173376,8.172302737520129,1.4358561460010735,54.37466451959206,16.284219001610307,3.1065485775630703,0.6843800322061192,,
100,9.198872785829307,6.890767579173376,8.152173913043478,1.892109500805153,53.676865271068166,16.264090177133657,3.1065485775630703,0.8185721953837896,,
101,9.447128287707997,6.890767579173376,8.152173913043478,2.9790660225442833,52.643585614600106,15.962157809983896,3.1065485775630703,0.8185721953837896,,
102,9.98389694041868,6.78341384863124,8.11862587224906,2.9790660225442833,52.542941492216855,15.526033279656469,3.1065485775630703,0.9594739667203436,,
103,10.111379495437467,6.743156199677939,8.11862587224906,2.9790660225442833,52.502683843263554,15.485775630703166,3.099838969404187,0.9594739667203436,,
104,10.413311862587225,6.6827697262479875,8.105206655931294,2.9790660225442833,52.32823403113258,15.438808373590982,3.0931293612453032,0.9594739667203436,,
105,10.641438539989265,6.6760601180891035,8.024691358024691,2.9790660225442833,52.234299516908216,15.391841116478798,3.0931293612453032,0.9594739667203436,,
106,10.84272678475577,6.6760601180891035,8.004562533548041,2.9119699409554483,51.610305958132045,15.92860976918948,3.066290928609769,0.9594739667203436,,
107,10.668276972624799,6.662640901771336,8.628556092324208,4.374664519592056,48.590982286634464,15.841384863123993,4.274020397208803,0.9594739667203436,,
108,11.030595813204508,6.541867954911433,8.628556092324208,4.374664519592056,47.18867418142781,17.37788513150832,3.898282340311326,0.9594739667203436,,
109,10.983628556092324,6.541867954911433,10.889694041867955,4.374664519592056,45.7259796027912,17.290660225442835,3.361513687600644,0.8319914117015567,,
110,11.252012882447666,6.541867954911433,10.889694041867955,4.374664519592056,45.57836822329576,17.16988727858293,3.361513687600644,0.8319914117015567,,
111,11.198336017176597,6.380837359098229,10.889694041867955,4.3478260869565215,45.8467525496511,17.143048845947398,3.361513687600644,0.8319914117015567,,
112,11.392914653784219,6.380837359098229,10.869565217391305,4.3478260869565215,45.67230273752013,17.143048845947398,3.361513687600644,0.8319914117015567,,
113,11.741814278046162,6.380837359098229,10.869565217391305,4.320987654320987,45.41733762748255,17.136339237788512,3.3011272141706924,0.8319914117015567,,
114,11.902844873859367,6.374127750939345,10.829307568438002,4.320987654320987,45.3569511540526,17.10950080515298,3.3011272141706924,0.8051529790660226,,
115,10.373054213633925,4.951690821256038,9.440418679549115,2.9388083735909825,53.656736446591516,14.741009125067096,3.1333870101986045,0.7648953301127214,,
116,10.534084809447128,4.951690821256038,9.426999463231347,2.9388083735909825,53.50912506709608,14.741009125067096,3.1333870101986045,0.7648953301127214,,
117,10.735373054213634,4.750402576489533,9.628287707997853,2.9388083735909825,53.39506172839506,14.65378421900161,3.1333870101986045,0.7648953301127214,,
118,7.011540526033279,46.765968867418145,2.9253891572732154,1.4694041867954912,34.01100375738057,6.340579710144928,1.0466988727858293,0.4294149221685454,,
119,7.011540526033279,44.55179817498658,2.3617820719269993,2.0263016639828235,29.03918411164788,12.466451959205582,2.1135265700483092,0.4294149221685454,,
120,7.085346215780999,43.73993558776167,2.3617820719269993,2.7979066022544283,29.005636070853463,12.466451959205582,2.1135265700483092,0.4294149221685454,,
121,7.340311325818572,43.73993558776167,2.3617820719269993,2.791196994095545,28.77750939345142,12.446323134728932,2.1135265700483092,0.4294149221685454,,
122,7.722758990874933,43.63929146537842,2.3617820719269993,2.791196994095545,28.683574879227052,12.325550187869029,2.046430488459474,0.4294149221685454,,
123,7.843531937734836,43.55877616747182,2.3617820719269993,2.771068169618894,28.663446054750402,12.325550187869029,2.046430488459474,0.4294149221685454,,
124,7.937466451959206,43.53864734299517,2.3617820719269993,2.7241009125067097,28.63660762211487,12.325550187869029,2.046430488459474,0.4294149221685454,,
125,8.004562533548041,43.505099302200755,2.3617820719269993,2.703972088030059,28.629898013955984,12.318840579710145,2.046430488459474,0.4294149221685454,,
126,8.393719806763285,43.25013419216318,2.3617820719269993,2.703972088030059,28.576221148684915,12.265163714439076,2.01959205582394,0.4294149221685454,,
127,8.514492753623188,43.203166935050994,2.3617820719269993,2.6972624798711755,28.14009661835749,12.211486849168008,2.01959205582394,0.8521202361782072,,
128,7.930756843800322,42.86768652710682,2.301395598497048,4.012345679012346,27.811325818572197,12.211486849168008,2.01959205582394,0.8454106280193237,,
129,8.091787439613526,42.77375201288245,2.301395598497048,4.582662372517445,27.220880300590444,12.191358024691358,1.9927536231884058,0.8454106280193237,,
130,7.977724100912507,42.028985507246375,4.49543746645196,4.549114331723027,26.20101986044015,13.365539452495975,0.5367686527106817,0.8454106280193237,,
131,8.085077831454644,40.54616210413312,4.488727858293076,7.085346215780999,25.503220611916262,13.211218464841654,0.5367686527106817,0.5434782608695652,,
132,7.9039184111647875,39.371980676328505,4.488727858293076,7.058507783145465,25.83870101986044,13.211218464841654,1.583467525496511,0.5434782608695652,,
133,8.179012345679013,39.24449812130972,4.488727858293076,7.024959742351046,27.435587761674718,11.500268384326356,1.583467525496511,0.5434782608695652,,
134,8.387010198604402,39.130434782608695,4.488727858293076,7.024959742351046,27.34165324745035,11.500268384326356,1.583467525496511,0.5434782608695652,,
135,8.997584541062801,38.828502415458935,4.461889425657541,7.004830917874396,27.086688137412775,11.493558776167472,1.583467525496511,0.5434782608695652,,
136,9.541062801932368,38.32528180354267,4.327697262479871,6.984702093397746,25.99302200751476,11.426462694578637,1.583467525496511,1.8183038110574343,,
137,9.923510466988727,38.14412238325282,5.6964573268921095,6.984702093397746,25.194578636607623,10.654857756307031,1.583467525496511,1.8183038110574343,,
138,10.11808910359635,38.04347826086956,5.669618894256575,6.91760601180891,25.194578636607623,10.654857756307031,1.583467525496511,1.8183038110574343,,
139,9.702093397745571,37.2987117552335,5.656199677938808,7.185990338164252,26.637144390767578,10.547504025764896,1.402308105206656,1.570048309178744,,
140,9.91009125067096,37.25845410628019,5.642780461621041,7.092055823939882,26.576757917337627,10.547504025764896,1.402308105206656,1.570048309178744,,
141,10.158346752549651,37.184648416532475,5.642780461621041,7.092055823939882,26.50966183574879,10.466988727858293,1.402308105206656,1.5432098765432098,,
142,10.399892646269459,37.13768115942029,5.629361245303274,6.998121309715513,26.476113794954376,10.413311862587225,1.402308105206656,1.5432098765432098,,
143,8.621846484165324,15.177133655394526,5.052334943639291,3.388352120236178,53.34138486312399,9.930220075147611,1.3486312399355878,3.140096618357488,,
144,8.809715512614064,15.177133655394526,5.032206119162641,3.388352120236178,52.91196994095545,9.930220075147611,1.3486312399355878,2.898550724637681,0.5032206119162641,
145,8.964036500268385,15.136876006441224,5.032206119162641,3.3682232957595275,52.844873859366615,9.903381642512077,1.3486312399355878,2.898550724637681,0.5032206119162641,
146,9.185453569511541,15.136876006441224,5.018786902844874,3.3682232957595275,52.65700483091788,9.883252818035427,1.3486312399355878,2.898550724637681,0.5032206119162641,
147,9.480676328502415,15.042941492216855,5.018786902844874,3.3682232957595275,52.47584541062802,9.863123993558776,1.3486312399355878,2.898550724637681,0.5032206119162641,
148,9.554482018250134,15.042941492216855,5.018786902844874,3.3682232957595275,52.45571658615137,9.836285560923242,1.3217928073000538,2.898550724637681,0.5032206119162641,
149,9.708803005904455,14.99597423510467,5.018786902844874,3.3682232957595275,52.34836285560923,9.836285560923242,1.3217928073000538,2.898550724637681,0.5032206119162641,
150,9.96376811594203,14.962426194310252,5.018786902844874,3.3682232957595275,52.180622651637144,9.782608695652174,1.3217928073000538,2.898550724637681,0.5032206119162641,
151,9.98389694041868,14.962426194310252,5.01207729468599,3.3682232957595275,48.97342995169082,9.480676328502415,2.8381642512077296,4.87788513150832,0.5032206119162641,
152,9.829575952764358,14.17740203972088,5.01207729468599,3.3682232957595275,48.2487922705314,9.480676328502415,2.8381642512077296,6.541867954911433,0.5032206119162641,
153,9.883252818035427,14.143853998926463,5.01207729468599,3.3682232957595275,48.22866344605475,9.480676328502415,2.8381642512077296,6.541867954911433,0.5032206119162641,
154,9.930220075147611,13.976113794954374,12.184648416532475,2.8784219001610305,41.035963499731615,9.125067096081589,2.8381642512077296,7.796564680622652,0.23483628556092323,
155,10.050993022007514,13.955984970477724,12.157809983896941,2.8784219001610305,40.49919484702093,9.125067096081589,2.8381642512077296,8.259527643585615,0.23483628556092323,
156,10.520665593129362,13.955984970477724,12.151100375738057,2.8650026838432634,39.91545893719807,9.024422973698336,2.831454643048846,8.501073537305421,0.23483628556092323,
157,10.63472893183038,13.942565754159958,12.13768115942029,2.8650026838432634,39.861782071927,8.99087493290392,2.831454643048846,8.501073537305421,0.23483628556092323,
158,10.84272678475577,13.875469672571121,12.110842726784755,2.844873859366613,39.774557165861516,8.99087493290392,2.8247450348899625,8.501073537305421,0.23483628556092323,
159,10.943370907139023,13.875469672571121,12.084004294149223,2.844873859366613,39.734299516908216,8.964036500268385,2.8247450348899625,8.494363929146537,0.23483628556092323,
160,11.312399355877616,13.761406333870102,12.084004294149223,2.844873859366613,39.52630166398282,8.809715512614064,2.8247450348899625,8.460815888352121,0.3757380568974772,
161,11.513687600644122,13.66076221148685,12.084004294149223,2.844873859366613,39.432367149758456,8.809715512614064,2.8247450348899625,8.454106280193237,0.3757380568974772,
162,11.58749329039184,13.66076221148685,12.084004294149223,2.844873859366613,39.35856146001073,8.809715512614064,2.8247450348899625,8.454106280193237,0.3757380568974772,
163,11.694847020933977,13.66076221148685,12.057165861513688,2.844873859366613,39.30488459473967,8.796296296296296,2.8247450348899625,8.440687063875469,0.3757380568974772,
164,11.902844873859367,13.627214170692431,11.956521739130435,2.8247450348899625,39.2914653784219,8.78287707997853,2.8247450348899625,8.413848631239935,0.3757380568974772,
165,12.04374664519592,13.607085346215781,11.862587224906065,2.8247450348899625,38.097155126140635,8.729200214707461,2.8247450348899625,9.346484165324744,0.6642512077294686,
166,12.27187332259796,13.58695652173913,11.808910359634996,2.8113258185721954,37.9898013955985,8.715780998389693,2.8247450348899625,9.326355340848094,0.6642512077294686,
167,12.5,13.560118089103597,11.748523886205046,2.804616210413312,37.69457863660762,8.68894256575416,2.8247450348899625,9.192163177670425,0.9863123993558777,
168,12.694578636607622,13.499731615673644,11.721685453569512,2.791196994095545,37.62748255501879,8.68894256575416,2.7979066022544283,9.192163177670425,0.9863123993558777,
169,12.801932367149758,13.479602791196994,11.701556629092861,2.791196994095545,37.58722490606549,8.675523349436393,2.7979066022544283,9.178743961352657,0.9863123993558777,
170,12.95625335480408,13.479602791196994,11.79549114331723,2.7777777777777777,37.35909822866345,8.668813741277509,2.7979066022544283,9.178743961352657,0.9863123993558777,
171,13.285024154589372,13.459473966720344,11.634460547504025,2.7509393451422435,37.29200214707461,8.635265700483092,2.7979066022544283,9.158615136876007,0.9863123993558777,
172,13.493022007514762,13.399087493290391,11.58749329039184,2.7509393451422435,37.19135802469136,8.635265700483092,2.7979066022544283,9.158615136876007,0.9863123993558777,
173,13.734567901234568,13.358829844337091,11.560654857756306,2.7509393451422435,37.184648416532475,8.527911969940956,2.7643585614600106,9.131776704240472,0.9863123993558777,
174,14.076757917337627,13.291733762748256,11.560654857756306,2.7509393451422435,36.93639291465379,8.527911969940956,2.7643585614600106,9.104938271604938,0.9863123993558777,
175,14.217659688674182,13.291733762748256,11.560654857756306,2.7442297369833604,36.89613526570049,8.480944712828771,2.7643585614600106,9.057971014492754,0.9863123993558777,
176,14.38539989264627,13.291733762748256,11.486849168008588,2.7241009125067097,36.86929683306495,8.467525496511003,2.7643585614600106,9.024422973698336,0.9863123993558777,
177,14.526301663982823,13.278314546430488,11.486849168008588,2.7241009125067097,36.782071926999464,8.440687063875469,2.7643585614600106,9.01100375738057,0.9863123993558777,
178,14.707461084272678,13.278314546430488,11.419753086419753,2.7241009125067097,36.741814278046164,8.427267847557703,2.7643585614600106,8.950617283950617,0.9863123993558777,
179,14.774557165861514,13.264895330112722,11.406333870101985,2.7241009125067097,36.71497584541063,8.427267847557703,2.7643585614600106,8.93719806763285,0.9863123993558777,
180,14.694041867954912,13.251476113794954,12.667740203972087,2.7241009125067097,35.668276972624795,8.427267847557703,2.757648953301127,8.82313472893183,0.9863123993558777,
181,14.949006977992486,13.217928073000536,12.567096081588835,2.7241009125067097,35.560923242082666,8.427267847557703,2.757648953301127,8.809715512614064,0.9863123993558777,
182,15.042941492216855,13.217928073000536,12.546967257112184,3.4286097691894795,34.99060654857756,8.413848631239935,2.737520128824477,8.635265700483092,0.9863123993558777,
183,15.304616210413311,13.20450885668277,12.52012882447665,3.4286097691894795,34.084809447128286,8.387010198604402,2.737520128824477,9.346484165324744,0.9863123993558777,
184,15.069779924852389,12.983091787439614,12.52012882447665,3.408480944712829,31.696188942565755,8.360171765968868,2.7106816961889426,12.265163714439076,0.9863123993558777,
185,14.99597423510467,12.801932367149758,12.392646269457863,3.388352120236178,31.17283950617284,9.326355340848094,2.7106816961889426,12.224906065485776,0.9863123993558777,
186,14.982555018786902,12.761674718196458,12.392646269457863,4.133118625872249,30.783682232957595,9.29951690821256,2.7106816961889426,11.949812130971551,0.9863123993558777,
187,14.224369296833064,12.74825550187869,6.219806763285024,4.119699409554482,40.485775630703166,9.25925925925926,2.7106816961889426,9.25925925925926,0.9728931830381106,
188,14.110305958132045,12.74825550187869,6.219806763285024,5.522007514761138,34.225711218464845,9.064680622651638,8.923778851315083,7.944176060118089,1.2412775093934514,
189,14.298174986580785,12.74825550187869,5.60252281266774,5.213365539452496,34.0378421900161,10.185185185185185,8.111916264090176,8.561460010735374,1.2412775093934514,
190,14.512882447665056,12.70799785292539,5.58239398819109,5.213365539452496,33.984165324745035,10.124798711755233,8.085077831454644,8.548040794417606,1.2412775093934514,
191,14.640365002683843,12.681159420289855,5.548845947396672,5.213365539452496,33.9573268921095,10.0979602791197,8.071658615136876,8.548040794417606,1.2412775093934514,
192,14.834943639291465,12.506709608158884,5.548845947396672,5.340848094471283,33.843263553408484,10.064412238325282,8.071658615136876,8.548040794417606,1.2412775093934514,
193,14.928878153515834,12.506709608158884,5.515297906602254,5.340848094471283,33.782877079978526,10.064412238325282,8.071658615136876,8.548040794417606,1.2412775093934514,
194,15.083199141170155,12.506709608158884,5.515297906602254,5.307300053676865,33.69565217391305,10.064412238325282,8.038110574342458,8.548040794417606,1.2412775093934514,
195,15.197262479871176,12.506709608158884,5.515297906602254,5.273752012882448,33.66881374127751,10.037573805689748,8.038110574342458,8.521202361782072,1.2412775093934514,
196,15.331454643048845,12.473161567364466,5.515297906602254,5.253623188405797,33.662104133118625,9.997316156736447,8.004562533548041,8.521202361782072,1.2412775093934514,
197,15.505904455179817,12.473161567364466,5.515297906602254,5.253623188405797,33.561460010735374,9.997316156736447,7.977724100912507,8.487654320987655,1.2278582930756843,
198,15.626677402039721,12.473161567364466,5.515297906602254,5.253623188405797,33.48765432098765,9.997316156736447,7.930756843800322,8.487654320987655,1.2278582930756843,
199,15.868223295759528,12.412775093934513,5.515297906602254,5.253623188405797,33.24610842726785,9.970477724100913,7.917337627482555,8.433977455716587,1.3821792807300053,
200,15.962157809983896,12.385936661298981,5.515297906602254,5.488459473966721,32.98443370907139,9.943639291465379,7.9039184111647875,8.433977455716587,1.3821792807300053,
201,16.089640365002683,12.151100375738057,4.985238862050457,5.414653784219001,32.588566827697264,11.258722490606548,7.9039184111647875,8.360171765968868,1.247987117552335,
202,16.29092860976919,12.124261943102523,4.985238862050457,5.414653784219001,32.420826623725176,11.258722490606548,7.9039184111647875,8.353462157809984,1.247987117552335,
203,16.398282340311326,12.124261943102523,4.985238862050457,5.414653784219001,32.380568974771876,11.191626409017713,7.9039184111647875,8.353462157809984,1.247987117552335,
204,16.626409017713364,12.090713902308105,4.985238862050457,5.414653784219001,32.27992485238862,11.18491680085883,7.9039184111647875,8.266237251744498,1.247987117552335,
205,14.861782071927,9.769189479334408,4.985238862050457,4.542404723564144,28.327965646806227,11.057434245840042,17.820719269994633,7.387278582930757,1.247987117552335,
206,14.284755770263017,8.413848631239935,4.985238862050457,4.414922168545357,36.47342995169082,11.017176596886742,12.513419216317766,6.843800322061192,1.0534084809447128,
207,13.774825550187868,8.984165324745035,6.414385399892646,4.133118625872249,35.319377348362856,11.010466988727858,12.5,6.830381105743425,1.0332796564680622,
208,13.976113794954374,8.984165324745035,6.394256575415996,4.1129898013955986,35.29253891572732,10.976918947933441,12.466451959205582,6.776704240472356,1.0198604401502953,
209,14.231078904991948,8.984165324745035,6.360708534621578,4.079441760601181,35.12479871175523,10.95679012345679,12.466451959205582,6.776704240472356,1.0198604401502953,
210,14.257917337627482,8.977455716586151,7.897208803005904,4.079441760601181,34.326355340848096,10.829307568438002,11.83574879227053,6.776704240472356,1.0198604401502953,
211,14.358561460010735,8.964036500268385,7.897208803005904,4.079441760601181,34.272678475577024,10.795759527643586,11.83574879227053,6.776704240472356,1.0198604401502953,
212,14.553140096618357,8.964036500268385,7.897208803005904,4.079441760601181,34.21900161030596,10.654857756307031,11.83574879227053,6.776704240472356,1.0198604401502953,
213,13.39237788513151,8.548040794417606,13.137412775093935,4.05931293612453,34.18545356951154,7.796564680622652,11.808910359634996,6.595544820182502,0.47638217928073,
214,13.506441223832528,8.548040794417606,13.103864734299517,4.05931293612453,34.13848631239936,7.796564680622652,11.77536231884058,6.595544820182502,0.47638217928073,
215,13.828502415458937,8.521202361782072,12.989801395598498,4.025764895330113,34.024422973698336,7.796564680622652,11.741814278046162,6.595544820182502,0.47638217928073,
216,13.989533011272142,8.501073537305421,12.95625335480408,4.025764895330113,33.984165324745035,7.769726247987117,11.741814278046162,6.5552871712292005,0.47638217928073,
217,14.090177133655395,8.480944712828771,12.922705314009661,4.025764895330113,33.943907675791735,7.769726247987117,11.741814278046162,6.5485775630703165,0.47638217928073,
218,14.479334406870638,8.440687063875469,12.909286097691895,4.025764895330113,33.8365539452496,7.769726247987117,11.54723564143854,6.515029522275899,0.47638217928073,
219,14.553140096618357,8.440687063875469,12.895866881374127,4.025764895330113,33.823134728931834,7.769726247987117,11.500268384326356,6.515029522275899,0.47638217928073,
220,14.99597423510467,8.393719806763285,12.741545893719806,3.9989264626945786,33.561460010735374,7.763016639828234,11.3191089640365,6.454643048845948,0.6105743424584005,0.1610305958132045
221,15.26435856146001,8.393719806763285,12.72812667740204,3.9989264626945786,33.467525496511,7.763016639828234,11.158078368223295,6.454643048845948,0.6105743424584005,0.1610305958132045
222,15.49248523886205,8.279656468062266,11.842458400429415,3.992216854535695,33.313204508856685,8.769457863660762,11.131239935587761,6.407675791733762,0.6105743424584005,0.1610305958132045
223,15.405260332796564,7.481213097155126,11.822329575952764,3.992216854535695,34.21900161030596,8.769457863660762,11.131239935587761,6.407675791733762,0.6105743424584005,0.1610305958132045
224,15.633387010198604,7.454374664519592,11.81561996779388,3.992216854535695,34.024422973698336,8.769457863660762,11.131239935587761,6.407675791733762,0.6105743424584005,0.1610305958132045
225,15.774288781535159,7.447665056360709,11.768652710681696,3.965378421900161,34.004294149221685,8.769457863660762,11.097691894793345,6.407675791733762,0.6038647342995169,0.1610305958132045
226,15.921900161030596,7.447665056360709,11.741814278046162,3.965378421900161,33.93719806763285,8.729200214707461,11.097691894793345,6.394256575415996,0.6038647342995169,0.1610305958132045
227,16.15673644659152,7.447665056360709,11.641170155662909,3.9318303811057436,33.8768115942029,8.729200214707461,11.07085346215781,6.380837359098229,0.6038647342995169,0.1610305958132045
228,16.284219001610307,7.447665056360709,11.60762211486849,3.9184111647879765,33.84997316156736,8.715780998389693,11.07085346215781,6.340579710144928,0.6038647342995169,0.1610305958132045
229,16.438539989264626,7.4208266237251745,11.600912506709609,3.9184111647879765,33.8365539452496,8.61513687600644,11.064143853998926,6.340579710144928,0.6038647342995169,0.1610305958132045
230,16.720343531937736,7.360440150295223,11.580783682232958,3.9184111647879765,33.69565217391305,8.59500805152979,11.05072463768116,6.3137412775093935,0.6038647342995169,0.1610305958132045
231,16.760601180891037,7.219538378958669,11.540526033279656,3.9184111647879765,33.60842726784756,7.937466451959206,11.936392914653783,6.3137412775093935,0.6038647342995169,0.1610305958132045
232,16.861245303274288,7.219538378958669,11.520397208803006,3.9184111647879765,33.56816961889426,7.937466451959206,11.896135265700483,6.3137412775093935,0.6038647342995169,0.1610305958132045
233,17.06924315619968,7.219538378958669,11.285560923242082,3.9184111647879765,33.45410628019324,7.937466451959206,12.070585077831455,6.280193236714976,0.6038647342995169,0.1610305958132045
234,17.250402576489535,7.199409554482019,11.211755233494364,3.9184111647879765,33.42055823939882,7.924047235641439,12.04374664519592,6.266774020397209,0.6038647342995169,0.1610305958132045
235,17.357756307031668,7.185990338164252,11.198336017176597,3.9184111647879765,33.373590982286636,7.924047235641439,12.04374664519592,6.233225979602791,0.6038647342995169,0.1610305958132045
236,17.52549651100376,7.179280730005368,11.158078368223295,3.9184111647879765,33.272946859903385,7.9106280193236715,12.037037037037036,6.233225979602791,0.6038647342995169,0.1610305958132045
237,18.256843800322063,6.877348362855609,11.144659151905529,3.9184111647879765,33.21256038647343,7.823403113258186,11.768652710681696,6.233225979602791,0.6038647342995169,0.1610305958132045
238,18.33064949006978,6.877348362855609,11.137949543746645,3.9184111647879765,33.20585077831455,7.823403113258186,11.741814278046162,6.199677938808374,0.6038647342995169,0.1610305958132045
239,18.4447128287708,6.877348362855609,11.137949543746645,3.9184111647879765,33.15888352120236,7.75630703166935,11.741814278046162,6.199677938808374,0.6038647342995169,0.1610305958132045
240,18.80703166935051,6.796833064949007,11.124530327428879,3.9989264626945786,33.06494900697799,7.64224369296833,11.714975845410628,6.085614600107354,0.6038647342995169,0.1610305958132045
241,19.048577563070317,6.769994632313473,11.097691894793345,3.9989264626945786,32.729468599033815,7.64224369296833,11.66129898013956,6.286902844873859,0.6038647342995169,0.1610305958132045
242,19.26328502415459,6.769994632313473,11.064143853998926,3.9989264626945786,32.62211486849168,7.628824476650563,11.614331723027375,6.286902844873859,0.6038647342995169,0.14761137949543746
243,19.41760601180891,6.769994632313473,11.064143853998926,3.9989264626945786,32.54830917874396,7.628824476650563,11.614331723027375,6.206387546967257,0.6038647342995169,0.14761137949543746
244,19.343800322061192,6.763285024154589,11.017176596886742,3.9989264626945786,32.67579173376275,7.628824476650563,12.037037037037036,5.897745571658615,0.48980139559849706,0.14761137949543746
245,19.53166935050993,6.763285024154589,11.017176596886742,3.9855072463768115,32.54830917874396,7.628824476650563,11.990069779924852,5.897745571658615,0.48980139559849706,0.14761137949543746
246,19.83360171765969,6.716317767042405,10.990338164251208,3.878153515834675,32.48121309715513,7.494632313472893,12.104133118625873,5.864197530864198,0.48980139559849706,0.14761137949543746
247,19.90740740740741,6.561996779388084,10.990338164251208,3.878153515834675,32.2061191626409,7.481213097155126,12.077294685990339,6.260064412238325,0.48980139559849706,0.14761137949543746
248,20.014761137949545,6.528448738593666,10.963499731615673,5.428073000536768,30.750134192163177,7.481213097155126,11.560654857756306,6.635802469135802,0.48980139559849706,0.14761137949543746
249,20.189210950080515,6.528448738593666,10.950080515297907,5.394524959742351,30.683038110574344,7.461084272678476,11.533816425120772,6.622383252818035,0.48980139559849706,0.14761137949543746
