,45,50,51,55,52,53,56,57,58,54,60,59
0,99.46323134728932,0.5367686527106817,,,,,,,,,,
1,99.1814278046162,0.8185721953837896,,,,,,,,,,
2,96.03462157809984,3.965378421900161,,,,,,,,,,
3,95.59178743961353,4.28743961352657,0.12077294685990338,,,,,,,,,
4,89.15056360708535,10.849436392914654,,,,,,,,,,
5,88.43263553408481,11.533816425120772,0.03354804079441761,,,,,,,,,
6,79.48201825013419,20.43075684380032,0.03354804079441761,0.05367686527106817,,,,,,,,
7,79.17337627482556,20.645464304884594,0.03354804079441761,0.14761137949543746,,,,,,,,
8,59.05797101449275,33.24610842726785,0.14761137949543746,0.14761137949543746,0.13419216317767044,7.1725711218464845,0.0939345142243693,,,,,
9,58.756038647343,33.42055823939882,0.14090177133655393,0.2952227589908749,0.13419216317767044,6.890767579173376,0.1274825550187869,0.14761137949543746,0.08722490606548577,,,
10,49.37600644122383,42.82071926999463,0.14090177133655393,0.2214170692431562,0.30193236714975846,6.776704240472356,0.1274825550187869,0.14761137949543746,0.08722490606548577,,,
11,49.503488996242616,42.3040794417606,0.14090177133655393,0.5434782608695652,1.1943102522812667,6.052066559312936,0.026838432635534086,0.14761137949543746,0.08722490606548577,,,
12,49.5504562533548,41.686795491143315,0.14090177133655393,1.0198604401502953,1.1540526033279657,6.1862587224906065,0.026838432635534086,0.14761137949543746,0.08722490606548577,,,
13,49.443102522812666,41.6532474503489,0.14090177133655393,1.2144390767579174,1.133923778851315,6.152710681696189,0.026838432635534086,0.14761137949543746,0.08722490606548577,,,
14,46.35668276972625,44.83360171765969,0.14090177133655393,1.1943102522812667,1.0399892646269457,5.850778314546431,0.026838432635534086,0.14761137949543746,0.20128824476650564,0.20799785292538917,,
15,46.303005904455176,44.7061191626409,0.14090177133655393,1.556629092860977,1.0399892646269457,5.676328502415459,0.026838432635534086,0.14761137949543746,0.19457863660762212,0.20799785292538917,,
16,46.081588835212024,44.7463768115942,0.14090177133655393,1.6304347826086956,1.1473429951690821,5.676328502415459,0.026838432635534086,0.14761137949543746,0.19457863660762212,0.20799785292538917,,
17,45.01476113794954,45.32340311325819,0.28180354267310787,1.9793344068706387,1.1473429951690821,5.676328502415459,0.026838432635534086,0.14761137949543746,0.19457863660762212,0.20799785292538917,,
18,42.069243156199676,47.26247987117552,1.7042404723564144,1.865271068169619,0.9796027911969941,5.750134192163178,0.026838432635534086,0.14761137949543746,0.19457863660762212,,,
19,41.87466451959206,47.26918947933441,1.6774020397208802,1.9659151905528718,0.9796027911969941,5.730005367686527,0.026838432635534086,0.14761137949543746,0.19457863660762212,0.13419216317767044,,
20,41.74718196457327,47.28260869565217,1.6572732152442298,2.033011272141707,0.9728931830381106,5.689747718733226,0.16774020397208803,0.1274825550187869,0.1878690284487386,0.13419216317767044,,
21,41.80756843800322,46.792807300053674,1.7713365539452497,2.26784755770263,0.9728931830381106,5.689747718733226,0.16774020397208803,0.1274825550187869,0.1878690284487386,0.2147074610842727,,
22,41.6129898013956,46.55126140633387,1.7579173376274826,2.7509393451422435,0.9594739667203436,5.662909286097692,0.14761137949543746,0.1274825550187869,0.2147074610842727,0.2147074610842727,,
23,40.47906602254428,47.678475577026305,1.7579173376274826,2.85829307568438,0.9594739667203436,5.448201825013419,0.14761137949543746,0.1274825550187869,0.2147074610842727,0.32877079978529256,,
24,29.314278046162105,59.54777241009125,1.6774020397208802,2.4221685453569513,0.8521202361782072,5.448201825013419,0.14761137949543746,0.1274825550187869,0.2147074610842727,0.24825550187869028,,
25,29.414922168545356,57.971014492753625,1.6774020397208802,2.6972624798711755,0.8387010198604401,6.360708534621578,0.2147074610842727,0.1274825550187869,0.30193236714975846,0.39586688137412773,,
26,29.53569511540526,57.67579173376275,1.6774020397208802,2.918679549114332,0.8387010198604401,6.273483628556092,0.2147074610842727,0.1274825550187869,0.3421900161030596,0.39586688137412773,,
27,29.643048845947398,56.50161030595813,1.6774020397208802,3.911701556629093,0.8387010198604401,6.011808910359635,0.6105743424584005,0.1274825550187869,0.28180354267310787,0.39586688137412773,,
28,25.120772946859905,46.3365539452496,16.29092860976919,3.9452495974235107,0.966183574879227,5.911164787976382,0.6105743424584005,0.1274825550187869,0.28180354267310787,0.4092860976918948,,
29,25.281803542673106,43.15619967793881,15.921900161030596,5.173107890499195,0.8990874932903918,8.051529790660226,0.6038647342995169,0.23483628556092323,0.2683843263553409,0.4092860976918948,,
30,20.645464304884594,33.051529790660226,34.41358024691358,3.6097691894793345,0.6709608158883521,6.655931293612453,0.14761137949543746,0.1878690284487386,0.2549651100375738,0.36231884057971014,,
31,20.75281803542673,32.82340311325819,34.09822866344606,3.911701556629093,0.6709608158883521,6.635802469135802,0.30193236714975846,0.1878690284487386,0.2549651100375738,0.36231884057971014,,
32,20.90042941492217,32.60198604401503,33.9573268921095,3.9049919484702094,0.6709608158883521,6.729736983360172,0.32877079978529256,0.1878690284487386,0.23483628556092323,0.4830917874396135,,
33,21.14868491680086,32.2463768115942,33.903650026838434,3.9855072463768115,0.6709608158883521,6.622383252818035,0.32877079978529256,0.1878690284487386,0.2952227589908749,0.6105743424584005,,
34,21.296296296296298,32.17257112184648,32.648953301127214,5.4549114331723025,0.6709608158883521,6.400966183574879,0.30193236714975846,0.1878690284487386,0.2885131508319914,0.5770263016639828,,
35,19.310252281266774,43.934514224369295,23.91304347826087,4.468599033816425,0.7246376811594203,6.387546967257112,0.30193236714975846,0.1878690284487386,0.2885131508319914,0.4830917874396135,,
36,19.47799248523886,43.68625872249061,23.72517444981213,4.622920021470746,0.7783145464304885,6.380837359098229,0.4092860976918948,0.1878690284487386,0.24825550187869028,0.4830917874396135,,
37,19.73966720343532,43.525228126677405,23.275630703166936,4.690016103059581,0.9192163177670424,6.3070316693505095,0.6575415995705851,0.1878690284487386,0.24825550187869028,0.4495437466451959,,
38,20.055018786902846,42.88781535158347,23.087761674718198,5.092592592592593,0.9192163177670424,6.226516371443908,0.7380568974771873,0.1878690284487386,0.24825550187869028,0.5568974771873323,,
39,20.2361782071927,42.290660225442835,22.893183038110575,5.615942028985507,0.9997316156736447,6.1862587224906065,0.7716049382716049,0.2281266774020397,0.24825550187869028,0.5300590445517982,,
40,20.43075684380032,41.80756843800322,22.114868491680085,6.112453032742888,0.9997316156736447,6.159420289855072,1.3687600644122384,0.2281266774020397,0.24825550187869028,0.5300590445517982,,
41,20.69243156199678,41.37144390767579,22.014224369296834,6.206387546967257,1.0534084809447128,6.139291465378422,1.42914653784219,0.2281266774020397,0.24825550187869028,0.5501878690284487,0.06709608158883522,
42,20.8870101986044,41.22383252818035,21.604938271604937,6.286902844873859,1.0466988727858293,6.132581857219538,1.724369296833065,0.2281266774020397,0.24825550187869028,0.5501878690284487,0.06709608158883522,
43,19.256575415995705,43.29710144927536,21.16881374127751,6.320450885668277,1.0466988727858293,6.0654857756307035,1.751207729468599,0.2281266774020397,0.24825550187869028,0.5501878690284487,0.06709608158883522,
44,19.49141170155663,43.03542673107891,20.779656468062264,6.763285024154589,1.0466988727858293,6.038647342995169,1.751207729468599,0.2281266774020397,0.24825550187869028,0.5501878690284487,0.06709608158883522,
45,19.49141170155663,42.78717122920021,19.524959742351047,8.239398819108963,1.0131508319914118,5.897745571658615,1.865271068169619,0.2281266774020397,0.27509393451422437,0.6105743424584005,0.06709608158883522,
46,17.793880837359097,45.893719806763286,19.37734836285561,8.165593129361245,0.9393451422436929,4.931561996779388,1.9927536231884058,0.14761137949543746,0.20128824476650564,0.48980139559849706,0.06709608158883522,
47,18.095813204508858,45.410628019323674,19.048577563070317,8.514492753623188,1.0601180891035964,4.911433172302737,2.059849704777241,0.14761137949543746,0.20128824476650564,0.4830917874396135,0.06709608158883522,
48,18.411164787976382,44.87385936661299,18.853998926462694,8.950617283950617,1.0601180891035964,4.911433172302737,2.0397208803005906,0.14761137949543746,0.20128824476650564,0.4830917874396135,0.06709608158883522,
49,18.45813204508857,44.06870638754697,18.719806763285025,9.702093397745571,1.0601180891035964,4.931561996779388,2.0128824476650564,0.14761137949543746,0.20128824476650564,0.630703166935051,0.06709608158883522,
50,18.55877616747182,43.69967793880837,18.59903381642512,10.050993022007514,1.0399892646269457,4.898013955984971,1.9793344068706387,0.14761137949543746,0.20128824476650564,0.7581857219538379,0.06709608158883522,
51,18.666129898013956,43.203166935050994,18.364197530864196,10.185185185185185,1.2949543746645196,4.884594739667204,2.227589908749329,0.14761137949543746,0.20128824476650564,0.7581857219538379,0.06709608158883522,
52,18.833870101986044,42.652979066022546,18.189747718733226,10.61460010735373,1.2949543746645196,4.931561996779388,2.227589908749329,0.14761137949543746,0.20128824476650564,0.8655394524959742,0.040257648953301126,
53,19.008319914117017,42.33762748255502,18.02871712292002,10.721953837895867,1.288244766505636,4.777241009125067,2.4020397208803006,0.2147074610842727,0.20128824476650564,0.9796027911969941,0.040257648953301126,
54,19.04186795491143,42.1833064949007,17.223564143854,12.04374664519592,1.2412775093934514,4.777241009125067,1.9726247987117553,0.2147074610842727,0.20128824476650564,1.0601180891035964,0.040257648953301126,
55,19.00161030595813,42.31749865807837,17.022275899087493,11.936392914653783,1.2412775093934514,4.797369833601718,2.0397208803005906,0.2147074610842727,0.17444981213097155,1.2144390767579174,0.040257648953301126,
56,19.07541599570585,42.190016103059584,16.968599033816425,11.963231347289318,1.2681159420289856,4.797369833601718,2.059849704777241,0.2147074610842727,0.17444981213097155,1.247987117552335,0.040257648953301126,
57,19.363929146537842,41.52576489533011,16.794149221685455,12.144390767579173,1.3754696725711217,4.703435319377348,2.0933977455716586,0.19457863660762212,0.17444981213097155,1.5901771336553945,0.040257648953301126,
58,19.47128287707998,40.70048309178744,16.552603327965645,12.68786902844874,1.3754696725711217,4.602791196994096,2.2611379495437465,0.2281266774020397,0.20799785292538917,1.8048845947396672,0.07380568974771873,0.03354804079441761
59,19.672571121846484,40.264358561460014,16.586151368760063,12.922705314009661,1.3754696725711217,4.5960815888352125,2.2342995169082127,0.2281266774020397,0.20799785292538917,1.778046162104133,0.10064412238325282,0.03354804079441761
60,19.81347289318304,40.103327965646805,16.545893719806763,12.815351583467525,1.3687600644122384,4.53569511540526,2.214170692431562,0.3824476650563607,0.20799785292538917,1.8786902844873858,0.10064412238325282,0.03354804079441761
61,19.558507783145465,38.61379495437466,16.364734299516908,13.110574342458401,3.0595813204508855,4.468599033816425,2.1135265700483092,0.3824476650563607,0.27509393451422437,1.9189479334406871,0.10064412238325282,0.03354804079441761
62,19.981213097155127,38.157541599570585,16.324476650563607,13.070316693505099,3.052871712292002,4.468599033816425,2.147074610842727,0.3824476650563607,0.27509393451422437,2.006172839506173,0.10064412238325282,0.03354804079441761
63,20.209339774557165,37.84219001610306,16.304347826086957,13.197799248523886,3.026033279656468,4.468599033816425,2.1068169618894257,0.3824476650563607,0.27509393451422437,2.0531400966183573,0.10064412238325282,0.03354804079441761
64,19.685990338164252,36.8491680085883,13.01663982823403,12.869028448738593,8.950617283950617,4.448470209339774,1.3821792807300053,0.3824476650563607,0.2683843263553409,2.0128824476650564,0.10064412238325282,0.03354804079441761
65,19.73966720343532,36.73510466988728,12.942834138486312,13.023349436392914,8.910359634997317,4.461889425657541,1.3955984970477724,0.4092860976918948,0.2683843263553409,1.9860440150295222,0.0939345142243693,0.03354804079441761
66,20.061728395061728,36.63446054750403,12.72812667740204,13.123993558776167,8.84326355340848,4.367954911433173,1.3620504562533549,0.49651100375738055,0.2683843263553409,1.9860440150295222,0.0939345142243693,0.03354804079441761
67,20.229468599033815,36.191626409017715,12.647611379495437,13.238056897477188,8.729200214707461,4.602791196994096,1.4895330112721417,0.49651100375738055,0.30864197530864196,1.9390767579173376,0.0939345142243693,0.03354804079441761
68,18.907675791733762,30.864197530864196,11.144659151905529,10.849436392914654,8.427267847557703,16.015834675254965,1.093666129898014,0.6239935587761675,0.30864197530864196,1.6371443907675791,0.0939345142243693,0.03354804079441761
69,19.162640901771336,30.709876543209877,10.869565217391305,10.836017176596886,8.28636607622115,15.96886741814278,1.328502415458937,0.7246376811594203,0.3488996242619431,1.6371443907675791,0.0939345142243693,0.03354804079441761
70,18.471551261406333,27.958937198067634,16.639828234031132,9.541062801932368,8.232689210950081,15.237520128824476,1.3754696725711217,0.7179280730005367,0.3488996242619431,1.3486312399355878,0.0939345142243693,0.03354804079441761
71,16.25738056897477,30.797101449275363,15.640096618357488,9.534353193773484,7.843531937734836,14.714170692431562,1.5029522275899088,0.9259259259259259,0.3824476650563607,2.2745571658615136,0.0939345142243693,0.03354804079441761
72,16.545893719806763,30.515297906602253,15.58641975308642,9.863123993558776,7.669082125603865,14.579978529253891,1.4895330112721417,0.9259259259259259,0.3824476650563607,2.314814814814815,0.0939345142243693,0.03354804079441761
73,16.686795491143318,30.334138486312398,15.5126140633387,9.990606548577563,7.669082125603865,14.465915190552872,1.4559849704777241,0.9930220075147611,0.3824476650563607,2.38191089640365,0.0939345142243693,0.03354804079441761
74,16.894793344068706,29.777241009125067,15.24422973698336,10.34621578099839,7.434245840042942,14.49946323134729,1.7042404723564144,1.1205045625335481,0.4092860976918948,2.442297369833602,0.0939345142243693,0.03354804079441761
75,16.948470209339774,29.522275899087493,15.170424047235642,10.225442834138486,7.514761137949543,14.304884594739667,1.737788513150832,1.1205045625335481,0.4092860976918948,2.918679549114332,0.0939345142243693,0.03354804079441761
76,17.028985507246375,29.334406870638755,15.01610305958132,10.19189479334407,7.360440150295223,14.2914653784219,2.006172839506173,1.1137949543746646,0.4092860976918948,3.1468062265163717,0.0939345142243693,0.0067096081588835215
77,17.270531400966185,28.904991948470208,14.855072463768115,11.158078368223295,6.662640901771336,14.392109500805153,2.006172839506173,1.1137949543746646,0.4092860976918948,3.1333870101986045,0.08722490606548577,0.0067096081588835215
78,17.270531400966185,28.609769189479334,14.821524422973699,11.473429951690822,6.6827697262479875,14.190821256038648,2.006172839506173,1.1272141706924315,0.5636070853462157,3.1602254428341383,0.08722490606548577,0.0067096081588835215
79,16.364734299516908,25.63070316693505,22.128287707997853,10.238862050456254,6.649221685453569,12.365807836822329,1.751207729468599,1.0131508319914118,0.5367686527106817,3.2340311325818574,0.08722490606548577,
80,16.391572732152444,25.315351583467525,22.08132045088567,10.406602254428341,6.588835212023618,12.359098228663447,1.9659151905528718,1.0131508319914118,0.5636070853462157,3.227321524422974,0.08722490606548577,
81,16.6935050993022,25.147611379495437,21.953837895866883,10.420021470746109,6.622383252818035,12.245034889962426,1.9994632313472893,1.0131508319914118,0.5636070853462157,3.2541599570585076,0.08722490606548577,
82,17.04911433172303,24.825550187869027,21.73913043478261,10.762211486849168,6.394256575415996,12.399355877616747,1.9994632313472893,0.9594739667203436,0.5636070853462157,3.2206119162640903,0.08722490606548577,
83,17.10950080515298,24.67793880837359,21.67874396135266,10.755501878690284,6.300322061191626,12.305421363392378,2.01959205582394,1.0466988727858293,0.6239935587761675,3.3950617283950617,0.08722490606548577,
84,17.391304347826086,24.550456253354803,21.490874932903917,10.909822866344605,6.1929683306494905,12.29200214707461,2.01959205582394,1.0802469135802468,0.5971551261406334,3.388352120236178,0.08722490606548577,
85,17.820719269994633,24.322329575952764,21.034621578099838,10.782340311325818,6.146001073537305,12.144390767579173,2.462426194310252,1.1943102522812667,0.630703166935051,3.374932903918411,0.08722490606548577,
86,17.55233494363929,23.879495437466453,23.22866344605475,10.681696188942565,5.025496511003757,11.976650563607086,2.3550724637681157,1.133923778851315,0.7179280730005367,3.374932903918411,0.07380568974771873,
87,17.867686527106816,23.785560923242084,22.544283413848632,11.064143853998926,5.005367686527107,12.057165861513688,2.3886205045625335,1.1473429951690821,0.7179280730005367,3.3480944712828773,0.07380568974771873,
88,18.00187869028449,23.564143853998928,22.094739667203434,11.057434245840042,4.99194847020934,12.359098228663447,2.3886205045625335,1.1473429951690821,0.8319914117015567,3.488996242619431,0.07380568974771873,
89,18.189747718733226,23.470209339774556,21.906870638754697,10.983628556092324,4.99194847020934,12.157809983896941,2.5697799248523885,1.2278582930756843,0.8319914117015567,3.5963499731615673,0.07380568974771873,
90,18.00858829844337,23.2487922705314,21.880032206119164,11.292270531400966,4.9718196457326895,12.077294685990339,2.636876006441224,1.261406333870102,0.8319914117015567,3.717122920021471,0.07380568974771873,
91,18.14278046162104,23.007246376811594,21.584809447128286,11.305689747718732,4.9718196457326895,12.191358024691358,2.6637144390767578,1.3888888888888888,0.8319914117015567,3.8378958668813743,0.07380568974771873,
92,18.552066559312937,22.879763821792807,21.470746108427267,11.252012882447666,4.918142780461621,12.157809983896941,2.6972624798711755,1.4090177133655395,0.8319914117015567,3.770799785292539,0.06038647342995169,
93,18.78690284487386,22.785829307568438,21.195652173913043,11.037305421363392,4.918142780461621,11.969940955448202,3.026033279656468,1.3754696725711217,0.8454106280193237,3.9989264626945786,0.06038647342995169,
94,19.082125603864736,22.477187332259795,21.00107353730542,11.2788513150832,4.904723564143854,12.090713902308105,2.9388083735909825,1.3553408480944713,0.8454106280193237,3.965378421900161,0.06038647342995169,
95,19.108964036500268,21.85319377348363,20.46430488459474,11.037305421363392,6.629092860976919,11.654589371980677,2.9790660225442833,1.3486312399355878,0.7716049382716049,4.092860976918948,0.06038647342995169,
96,19.196188942565755,21.71900161030596,20.29656468062265,11.104401502952227,6.622383252818035,11.533816425120772,3.0864197530864197,1.4492753623188406,0.8856682769726248,4.045893719806763,0.06038647342995169,
97,19.464573268921097,21.336553945249598,20.034889962426195,11.406333870101985,6.461352657004831,11.54723564143854,3.227321524422974,1.4224369296833066,0.8856682769726248,4.1532474503489,0.06038647342995169,
98,19.746376811594203,21.175523349436393,19.90740740740741,11.439881910896403,6.421095008051529,11.54723564143854,3.2340311325818574,1.4090177133655395,0.8722490606548577,4.186795491143317,0.06038647342995169,
99,19.940955448201827,21.00107353730542,19.87385936661299,11.426462694578637,6.340579710144928,11.352657004830919,3.2340311325818574,1.3419216317767042,0.9057971014492754,4.522275899087493,0.06038647342995169,
100,20.075147611379496,20.819914117015568,19.726247987117553,11.144659151905529,6.3070316693505095,11.366076221148685,3.3145464304884595,1.3419216317767042,0.8655394524959742,4.978529253891573,0.06038647342995169,
101,20.055018786902846,20.77294685990338,19.504830917874397,11.66129898013956,6.239935587761675,11.29898013955985,3.113258185721954,1.3888888888888888,0.8655394524959742,5.038915727321524,0.06038647342995169,
102,20.014761137949545,20.52469135802469,19.538378958668815,11.869296833064949,6.045356951154052,11.18491680085883,3.2742887815351582,1.3888888888888888,0.95276435856146,5.146269457863661,0.06038647342995169,
103,16.056092324208265,14.61352657004831,35.037573805689746,8.99087493290392,6.011808910359635,10.077831454643048,2.9790660225442833,1.5029522275899088,0.8990874932903918,3.770799785292539,0.06038647342995169,
104,16.109769189479334,14.459205582393988,34.82286634460547,9.064680622651638,5.971551261406334,9.970477724100913,3.1736446591519054,1.4559849704777241,0.8856682769726248,4.025764895330113,0.06038647342995169,
105,16.545893719806763,14.325013419216317,34.54777241009125,9.044551798174986,5.870907139023081,9.896672034353195,3.1065485775630703,1.5230810520665594,0.9057971014492754,4.17337627482555,0.06038647342995169,
106,16.820987654320987,14.231078904991948,34.14519592055824,8.789586688137414,5.837359098228664,9.903381642512077,3.5762211486849167,1.4358561460010735,0.95276435856146,4.247181964573269,0.06038647342995169,
107,17.042404723564143,13.821792807300053,34.12506709608159,9.01100375738057,5.837359098228664,9.88996242619431,3.6097691894793345,1.4224369296833066,0.9393451422436929,4.240472356414386,0.06038647342995169,
108,17.196725711218466,13.667471819645733,34.024422973698336,9.111647879763822,5.8172302737520125,9.876543209876543,3.435319377348363,1.4224369296833066,0.9393451422436929,4.448470209339774,0.06038647342995169,
109,16.841116478797638,12.506709608158884,32.98443370907139,8.76274825550188,5.736714975845411,9.842995169082126,3.44873859366613,1.415727321524423,1.0265700483091786,7.37385936661299,0.06038647342995169,
110,16.988727858293075,12.29200214707461,32.930756843800324,8.910359634997317,5.555555555555555,9.541062801932368,3.4151905528717124,1.415727321524423,1.3419216317767042,7.548309178743962,0.06038647342995169,
111,17.418142780461622,12.31213097155126,32.427536231884055,8.997584541062801,5.609232420826624,9.534353193773484,3.421900161030596,1.3821792807300053,1.328502415458937,7.50805152979066,0.06038647342995169,
112,17.53220611916264,11.990069779924852,26.623725174449813,8.836553945249598,5.609232420826624,15.673644659151906,3.388352120236178,1.3553408480944713,1.2815351583467525,7.648953301127214,0.06038647342995169,
113,17.639559849704778,11.889425657541599,26.556629092860977,8.923778851315083,5.636070853462158,15.633387010198604,3.3682232957595275,1.3486312399355878,1.2949543746645196,7.648953301127214,0.06038647342995169,
114,17.69994632313473,11.876006441223833,26.42914653784219,8.99087493290392,5.5689747718733225,15.58641975308642,3.3950617283950617,1.415727321524423,1.2546967257112185,7.702630166398282,0.06038647342995169,0.020128824476650563
115,17.867686527106816,11.741814278046162,26.1808910359635,9.024422973698336,5.46833064949007,15.4723564143854,3.6634460547504024,1.415727321524423,1.415727321524423,7.669082125603865,0.06038647342995169,0.020128824476650563
116,17.975040257648953,11.634460547504025,25.764895330112722,9.373322597960279,5.434782608695652,15.378421900161031,3.6902844873859366,1.3217928073000538,1.4895330112721417,7.856951154052603,0.06038647342995169,0.020128824476650563
117,17.995169082125603,11.54723564143854,25.623993558776167,9.386741814278047,5.428073000536768,15.378421900161031,3.683574879227053,1.3217928073000538,1.596886741814278,7.957595276435856,0.06038647342995169,0.020128824476650563
118,18.310520665593128,11.493558776167472,25.389157273215243,9.31964573268921,5.387815351583468,15.271068169618895,3.743961352657005,1.261406333870102,1.7713365539452497,7.971014492753623,0.06038647342995169,0.020128824476650563
119,17.995169082125603,11.037305421363392,25.02012882447665,9.346484165324744,5.367686527106817,15.08990874932904,3.7909286097691894,1.2412775093934514,1.9256575415995705,9.104938271604938,0.06038647342995169,0.020128824476650563
120,18.364197530864196,10.976918947933441,24.912775093934513,9.433709071390231,5.320719269994632,14.928878153515834,3.69699409554482,1.2412775093934514,2.0263016639828235,9.017713365539452,0.06038647342995169,0.020128824476650563
121,18.511808910359633,10.84272678475577,24.778582930756844,9.520933977455716,5.314009661835748,14.855072463768115,3.69699409554482,1.2412775093934514,2.1739130434782608,8.984165324745035,0.06038647342995169,0.020128824476650563
122,18.50509930220075,10.755501878690284,24.731615673644658,9.588030059044552,5.300590445517981,14.78797638217928,3.6634460547504024,1.2412775093934514,2.187332259796028,9.158615136876007,0.06038647342995169,0.020128824476650563
123,18.625872249060656,10.701825013419215,24.14787976382179,9.561191626409018,5.253623188405797,14.626945786366075,3.5292538915727323,1.3955984970477724,2.1739130434782608,9.903381642512077,0.06038647342995169,0.020128824476650563
124,16.19699409554482,10.131508319914117,33.20585077831455,8.071658615136876,2.589908749329039,13.848631239935587,3.2004830917874396,0.9728931830381106,2.13365539452496,9.628287707997853,,0.020128824476650563
125,16.465378421900162,10.11808910359635,32.79656468062265,8.044820182501342,2.589908749329039,13.70101986044015,3.502415458937198,1.0332796564680622,2.1403650026838434,9.588030059044552,,0.020128824476650563
126,16.55931293612453,10.077831454643048,30.857487922705314,8.239398819108963,2.576489533011272,13.694310252281268,3.5963499731615673,1.0265700483091786,2.086688137412775,11.265432098765432,,0.020128824476650563
127,16.961889425657542,9.977187332259795,30.300590445517983,8.57487922705314,2.576489533011272,13.58695652173913,3.556092324208266,1.1607622114868492,2.059849704777241,11.225174449812132,,0.020128824476650563
128,17.09608158883521,10.010735373054214,30.159688674181428,8.480944712828771,3.052871712292002,13.493022007514762,3.502415458937198,1.093666129898014,2.0799785292538915,11.010466988727858,,0.020128824476650563
129,17.438271604938272,9.883252818035427,29.602791196994094,8.454106280193237,3.052871712292002,13.385668276972625,3.824476650563607,1.06682769726248,2.0933977455716586,11.178207192699947,,0.020128824476650563
130,17.458400429414922,8.756038647342995,29.54911433172303,9.923510466988727,3.026033279656468,13.278314546430488,3.81105743424584,1.06682769726248,2.1940418679549114,10.916532474503489,,0.020128824476650563
131,17.673107890499196,8.621846484165324,29.314278046162105,9.916800858829845,2.9924852388620504,13.620504562533547,3.911701556629093,1.06682769726248,2.1269457863660763,10.735373054213634,,0.020128824476650563
132,17.62614063338701,8.628556092324208,28.817767042404725,10.373054213633925,3.099838969404187,13.493022007514762,3.9989264626945786,1.1003757380568975,2.120236178207193,10.68840579710145,,0.05367686527106817
133,17.498658078368223,8.474235104669887,28.32125603864734,11.144659151905529,3.0394524959742353,13.439345142243694,3.878153515834675,1.1272141706924315,2.120236178207193,10.903113258185721,,0.05367686527106817
134,17.14975845410628,10.037573805689748,27.885131508319915,10.943370907139023,2.757648953301127,13.298443370907139,3.8378958668813743,1.1406333870101986,2.1739130434782608,10.721953837895867,,0.05367686527106817
135,17.398013955984972,9.863123993558776,27.415458937198068,11.104401502952227,2.757648953301127,13.177670424047236,4.0995705850778315,1.3150831991411702,2.147074610842727,10.668276972624799,,0.05367686527106817
136,17.773752012882447,9.782608695652174,26.1808910359635,12.842190016103059,2.7442297369833604,12.52012882447665,4.274020397208803,1.2144390767579174,2.0531400966183573,10.507246376811594,,0.10735373054213634
137,17.840848094471284,9.346484165324744,25.979602791196996,12.258454106280194,3.9318303811057436,12.278582930756844,4.320987654320987,1.2949543746645196,2.2342995169082127,10.426731078904991,,0.08722490606548577
138,17.914653784219002,9.292807300053678,25.95276435856146,12.238325281803542,3.864734299516908,12.278582930756844,4.260601180891036,1.4090177133655395,2.301395598497048,10.399892646269459,,0.08722490606548577
139,18.209876543209877,9.16532474503489,25.91921631776704,12.171229200214707,3.851315083199141,12.258454106280194,4.28743961352657,1.3955984970477724,2.26784755770263,10.38647342995169,,0.08722490606548577
140,18.209876543209877,9.01100375738057,25.53676865271068,12.238325281803542,4.361245303274289,12.224906065485776,4.28743961352657,1.5096618357487923,2.2342995169082127,10.272410091250672,,0.11406333870101985
141,18.035426731078903,8.199141170155663,26.710950080515296,12.365807836822329,4.274020397208803,12.144390767579173,4.374664519592056,1.5096618357487923,2.214170692431562,10.030864197530864,0.026838432635534086,0.11406333870101985
142,18.183038110574344,8.125335480407944,26.529790660225444,12.352388620504563,4.260601180891036,12.124261943102523,4.643048845947397,1.5096618357487923,2.254428341384863,9.876543209876543,0.026838432635534086,0.11406333870101985
143,18.337359098228664,8.219269994632313,26.38888888888889,12.157809983896941,4.260601180891036,12.090713902308105,4.750402576489533,1.5029522275899088,2.254428341384863,9.836285560923242,0.026838432635534086,0.17444981213097155
144,18.50509930220075,8.13875469672571,26.053408480944714,12.318840579710145,4.233762748255502,12.050456253354804,4.830917874396135,1.5029522275899088,2.254428341384863,9.91009125067096,0.026838432635534086,0.17444981213097155
145,18.80703166935051,7.977724100912507,25.597155126140635,12.74825550187869,4.233762748255502,11.956521739130435,4.851046698872786,1.5432098765432098,2.2745571658615136,9.809447128287708,0.026838432635534086,0.17444981213097155
146,19.02173913043478,7.957595276435856,25.36231884057971,12.681159420289855,4.26731078904992,11.90955448201825,4.985238862050457,1.5432098765432098,2.2611379495437465,9.702093397745571,0.026838432635534086,0.28180354267310787
147,19.155931293612454,7.991143317230274,25.174449812130973,12.634192163177671,4.334406870638754,11.808910359634996,4.99194847020934,1.5365002683843263,2.3752012882447664,9.702093397745571,0.026838432635534086,0.2683843263553409
148,19.37734836285561,7.85024154589372,24.879227053140095,12.587224906065487,4.327697262479871,11.956521739130435,5.038915727321524,1.5096618357487923,2.428878153515835,9.588030059044552,0.026838432635534086,0.4294149221685454
149,19.49812130971551,7.816693505099302,24.664519592055825,12.667740203972087,4.327697262479871,11.98336017176597,5.005367686527107,1.5096618357487923,2.428878153515835,9.681964573268921,0.026838432635534086,0.38915727321524424
150,19.679280730005367,7.749597423510467,24.50348899624262,13.009930220075148,4.320987654320987,11.79549114331723,4.938271604938271,1.5096618357487923,2.4154589371980677,9.66183574879227,0.026838432635534086,0.38915727321524424
151,19.93424584004294,7.729468599033816,24.44310252281267,13.009930220075148,4.320987654320987,11.768652710681696,4.924852388620504,1.4694041867954912,2.3886205045625335,9.594739667203436,0.026838432635534086,0.38915727321524424
152,20.101986044015028,7.695920558239399,24.322329575952764,13.030059044551798,4.320987654320987,11.735104669887278,4.864465915190553,1.4694041867954912,2.428878153515835,9.614868491680086,0.026838432635534086,0.38915727321524424
153,20.222758990874933,7.716049382716049,23.899624261943103,12.72812667740204,4.958400429414922,11.79549114331723,4.750402576489533,1.4694041867954912,2.4557165861513686,9.588030059044552,0.026838432635534086,0.38915727321524424
154,20.564949006977994,7.6556629092860975,23.544015029522274,12.714707461084272,4.830917874396135,11.788781535158346,4.918142780461621,1.4694041867954912,2.4557165861513686,9.64170692431562,0.026838432635534086,0.38915727321524424
155,20.759527643585614,7.615405260332796,23.329307568438004,12.74825550187869,4.8376274825550185,11.748523886205046,4.99194847020934,1.4694041867954912,2.4490069779924855,9.634997316156737,0.026838432635534086,0.38915727321524424
156,20.913848631239937,7.561728395061729,23.11460010735373,12.593934514224369,4.978529253891573,11.808910359634996,4.99194847020934,1.556629092860977,2.428878153515835,9.634997316156737,0.026838432635534086,0.38915727321524424
157,21.24932903918411,7.548309178743962,22.530864197530864,12.654320987654321,4.951690821256038,11.654589371980677,5.347557702630167,1.4962426194310252,2.509393451422437,9.561191626409018,0.026838432635534086,0.46967257112184646
158,21.4170692431562,7.50805152979066,22.50402576489533,12.607353730542137,4.938271604938271,11.594202898550725,5.3341384863123995,1.4962426194310252,2.5429414922168547,9.561191626409018,0.026838432635534086,0.46967257112184646
159,21.72571121846484,7.474503488996243,22.27589908749329,12.52012882447665,4.938271604938271,11.540526033279656,5.387815351583468,1.4895330112721417,2.462426194310252,9.688674181427805,0.026838432635534086,0.46967257112184646
160,21.591519055287172,7.407407407407407,22.094739667203434,12.466451959205582,4.99194847020934,11.439881910896403,5.374396135265701,1.6035963499731616,2.462426194310252,10.071121846484166,0.026838432635534086,0.46967257112184646
161,21.66532474503489,7.333601717659689,21.940418679549115,12.47987117552335,4.958400429414922,11.473429951690822,5.360976918947934,1.710950080515298,2.462426194310252,10.144927536231885,0.026838432635534086,0.4428341384863124
162,22.054482018250134,7.139023081052066,21.85319377348363,12.560386473429952,4.851046698872786,11.43317230273752,5.394524959742351,1.710950080515298,2.4221685453569513,10.111379495437467,0.026838432635534086,0.4428341384863124
163,22.067901234567902,7.085346215780999,21.826355340848096,12.600644122383253,4.777241009125067,11.406333870101985,5.508588298443371,1.6975308641975309,2.4221685453569513,10.138217928073,0.026838432635534086,0.4428341384863124
164,22.17525496511004,7.078636607622115,21.423778851315085,13.050187869028449,4.656468062265164,11.506977992485238,5.481749865807837,1.6639828234031133,2.3617820719269993,10.131508319914117,0.026838432635534086,0.4428341384863124
165,22.490606548577563,7.03166935050993,21.135265700483092,12.97638217928073,4.636339237788513,11.66129898013956,5.589103596349974,1.6505636070853462,2.281266774020397,10.077831454643048,0.026838432635534086,0.4428341384863124
166,22.624798711755233,7.011540526033279,20.98094471282877,12.989801395598498,4.62962962962963,11.480139559849706,5.622651637144391,1.7176596886741815,2.281266774020397,10.19189479334407,0.026838432635534086,0.4428341384863124
167,22.765700483091788,6.998121309715513,20.69243156199678,13.056897477187333,4.703435319377348,11.426462694578637,5.703166935050993,1.7176596886741815,2.2410091250670963,10.25228126677402,0.026838432635534086,0.41599570585077833
168,23.161567364465917,6.910896403650026,20.417337627482556,12.962962962962964,4.830917874396135,11.41304347826087,5.6964573268921095,1.7176596886741815,2.187332259796028,10.272410091250672,0.026838432635534086,0.4025764895330113
169,23.396403650026837,6.877348362855609,20.189210950080515,13.157541599570585,4.817498658078368,11.352657004830919,5.629361245303274,1.8250134192163177,2.147074610842727,10.178475577026301,0.026838432635534086,0.4025764895330113
170,23.544015029522274,6.877348362855609,20.061728395061728,13.170960815888352,4.783950617283951,11.332528180354267,5.803811057434245,1.8250134192163177,2.1403650026838434,10.030864197530864,0.026838432635534086,0.4025764895330113
171,23.45679012345679,6.810252281266774,19.786634460547504,13.727858293075684,4.777241009125067,11.2788513150832,5.770263016639828,1.8250134192163177,2.1403650026838434,9.997316156736447,0.026838432635534086,0.4025764895330113
172,23.678207192699947,6.769994632313473,19.310252281266774,14.170692431561998,4.770531400966184,11.124530327428879,5.730005367686527,1.90552871712292,2.120236178207193,9.990606548577563,0.026838432635534086,0.4025764895330113
173,23.852657004830917,6.769994632313473,19.26328502415459,14.150563607085346,4.770531400966184,11.057434245840042,5.6964573268921095,1.90552871712292,2.120236178207193,9.98389694041868,0.026838432635534086,0.4025764895330113
174,23.980139559849704,6.769994632313473,19.142512077294686,14.298174986580785,4.757112184648417,11.144659151905529,5.649490069779925,1.7914653784219001,2.1068169618894257,9.930220075147611,0.026838432635534086,0.4025764895330113
175,23.691626409017715,6.515029522275899,19.048577563070317,14.110305958132045,5.609232420826624,11.104401502952227,5.528717122920021,1.737788513150832,2.0933977455716586,10.131508319914117,0.026838432635534086,0.4025764895330113
176,23.919753086419753,6.4412238325281805,18.833870101986044,14.184111647879764,5.810520665593129,11.037305421363392,5.481749865807837,1.710950080515298,2.0933977455716586,10.037573805689748,0.026838432635534086,0.4227053140096618
177,23.98684916800859,6.414385399892646,18.813741277509394,14.143853998926463,5.790391841116479,11.023886205045626,5.4549114331723025,1.6908212560386473,2.0933977455716586,10.138217928073,0.026838432635534086,0.4227053140096618
178,24.020397208803004,6.300322061191626,18.612453032742888,14.210950080515298,5.689747718733226,11.044015029522276,5.414653784219001,1.7713365539452497,2.0397208803005906,10.453569511540525,0.026838432635534086,0.41599570585077833
179,24.22168545356951,6.226516371443908,18.4849704777241,14.204240472356414,5.709876543209877,11.05072463768116,5.226784755770263,1.8048845947396672,2.0397208803005906,10.587761674718196,0.026838432635534086,0.41599570585077833
180,24.315619967793882,6.260064412238325,18.250134192163177,13.88888888888889,5.770263016639828,11.097691894793345,5.260332796564681,1.7847557702630166,2.0397208803005906,10.889694041867955,0.026838432635534086,0.41599570585077833
181,24.644390767579175,6.1929683306494905,17.85426731078905,14.06333870101986,5.763553408480945,11.151368760064413,5.280461621041331,1.7847557702630166,2.0128824476650564,10.829307568438002,0.026838432635534086,0.39586688137412773
182,24.778582930756844,6.1862587224906065,17.72007514761138,14.056629092860977,5.723295759527644,11.211755233494364,5.287171229200215,1.7713365539452497,2.0397208803005906,10.815888352120236,0.026838432635534086,0.3824476650563607
183,24.94632313472893,6.152710681696189,17.68652710681696,14.023081052066559,5.723295759527644,11.198336017176597,5.287171229200215,1.7713365539452497,2.006172839506173,10.795759527643586,0.026838432635534086,0.3824476650563607
184,25.013419216317768,6.0654857756307035,17.66639828234031,13.94927536231884,5.877616747181965,11.178207192699947,5.300590445517981,1.751207729468599,2.006172839506173,10.782340311325818,0.026838432635534086,0.3824476650563607
185,25.348899624261943,6.0654857756307035,17.478529253891573,13.754696725711218,5.8239398819108965,11.245303274288782,5.434782608695652,1.6908212560386473,1.9726247987117553,10.775630703166936,0.026838432635534086,0.3824476650563607
186,25.543478260869566,6.038647342995169,17.257112184648417,13.788244766505636,5.730005367686527,11.345947396672035,5.548845947396672,1.6639828234031133,1.9256575415995705,10.768921095008052,0.026838432635534086,0.36231884057971014
187,25.623993558776167,5.884326355340848,17.297369833601717,13.868760064412239,5.649490069779925,11.426462694578637,5.542136339237788,1.6035963499731616,1.8988191089640365,10.815888352120236,0.026838432635534086,0.36231884057971014
188,25.637412775093935,5.709876543209877,17.11621041331186,14.076757917337627,5.58239398819109,11.869296833064949,5.495169082125604,1.5633387010198605,1.8988191089640365,10.661567364465915,0.026838432635534086,0.36231884057971014
189,25.315351583467525,5.703166935050993,16.75389157273215,14.325013419216317,5.662909286097692,11.701556629092861,5.441492216854535,1.4626945786366077,1.8719806763285025,11.372785829307569,0.026838432635534086,0.36231884057971014
190,25.489801395598498,5.703166935050993,16.75389157273215,14.11701556629093,5.763553408480945,11.506977992485238,5.495169082125604,1.4895330112721417,1.8585614600107354,11.43317230273752,0.026838432635534086,0.36231884057971014
