,45,50,55,51,53,54,56,52,57,59,58,60,61,46
0,99.7987117552335,0.20128824476650564,,,,,,,,,,,,
1,99.7987117552335,0.20128824476650564,,,,,,,,,,,,
2,99.49006977992485,0.5099302200751477,,,,,,,,,,,,
3,97.71202361782072,2.2879763821792807,,,,,,,,,,,,
4,94.7866344605475,5.186527106816962,0.026838432635534086,,,,,,,,,,,
5,85.7487922705314,14.224369296833064,0.026838432635534086,,,,,,,,,,,
6,85.68840579710145,14.284755770263017,0.026838432635534086,,,,,,,,,,,
7,85.72866344605475,14.244498121309716,0.026838432635534086,,,,,,,,,,,
8,85.76892109500805,14.204240472356414,0.026838432635534086,,,,,,,,,,,
9,74.21497584541063,25.731347289318304,0.05367686527106817,,,,,,,,,,,
10,48.32259796027912,51.207729468599034,0.46967257112184646,,,,,,,,,,,
11,48.35614600107354,50.717928073000536,0.9259259259259259,,,,,,,,,,,
12,48.37627482555019,49.785292538915726,1.8384326355340848,,,,,,,,,,,
13,48.47691894793344,49.53703703703704,1.9860440150295222,,,,,,,,,,,
14,48.17498658078368,49.8389694041868,1.9860440150295222,,,,,,,,,,,
15,48.121309715512616,49.89264626945786,1.9860440150295222,,,,,,,,,,,
16,48.17498658078368,49.69135802469136,2.13365539452496,,,,,,,,,,,
17,47.60466988727858,49.14787976382179,2.13365539452496,1.1137949543746646,,,,,,,,,,
18,47.51073537305421,49.16129898013956,2.214170692431562,1.1137949543746646,,,,,,,,,,
19,45.18250134192163,51.35534084809447,2.3483628556092326,1.1137949543746646,,,,,,,,,,
20,45.24288781535159,50.77831454643049,2.7241009125067097,1.1137949543746646,0.14090177133655393,,,,,,,,,
21,45.06843800322061,48.87949543746645,2.703972088030059,1.1137949543746646,2.2342995169082127,,,,,,,,,
22,44.73966720343532,45.1959205582394,2.5161030595813205,6.602254428341385,0.9460547504025765,,,,,,,,,
23,44.806763285024154,45.14224369296833,2.5161030595813205,6.588835212023618,0.9460547504025765,,,,,,,,,
24,42.579173376274824,47.38325281803543,2.5026838432635534,6.588835212023618,0.9460547504025765,,,,,,,,,
25,42.639559849704774,47.336285560923244,2.5026838432635534,6.575415995705851,0.9460547504025765,,,,,,,,,
26,42.67981749865808,47.25577026301664,2.563070316693505,6.5552871712292005,0.9460547504025765,,,,,,,,,
27,42.77375201288245,46.725711218464845,3.012614063338701,6.541867954911433,0.9460547504025765,,,,,,,,,
28,42.74020397208803,46.71229200214707,3.012614063338701,6.541867954911433,0.9460547504025765,0.04696725711218465,,,,,,,,
29,42.29736983360172,44.20960815888352,3.012614063338701,9.4873859366613,0.9460547504025765,0.04696725711218465,,,,,,,,
30,42.29736983360172,44.20960815888352,3.012614063338701,9.4873859366613,0.9460547504025765,0.04696725711218465,,,,,,,,
31,41.720343531937736,39.90874932903918,2.5161030595813205,15.485775630703166,0.24825550187869028,0.12077294685990338,,,,,,,,
32,40.35829307568438,41.21041331186259,2.6502952227589907,15.371712292002147,0.24825550187869028,0.12077294685990338,0.040257648953301126,,,,,,,
33,28.421900161030596,51.731078904991946,2.281266774020397,15.33816425120773,0.24825550187869028,0.6105743424584005,0.040257648953301126,1.328502415458937,,,,,,
34,28.529253891572733,51.54320987654321,2.38191089640365,15.318035426731079,0.24825550187869028,0.6105743424584005,0.040257648953301126,1.328502415458937,,,,,,
35,28.690284487385938,51.39559849704777,2.38191089640365,15.26435856146001,0.24825550187869028,0.6843800322061192,0.040257648953301126,1.2949543746645196,,,,,,
36,28.764090177133657,51.36205045625336,2.38191089640365,15.230810520665592,0.24154589371980675,0.6843800322061192,0.040257648953301126,1.2949543746645196,,,,,,
37,28.83118625872249,51.328502415458935,2.38191089640365,15.197262479871176,0.24154589371980675,0.6843800322061192,0.040257648953301126,1.2949543746645196,,,,,,
38,28.63660762211487,51.25469672571122,2.38191089640365,15.45222758990875,0.2214170692431562,0.6843800322061192,0.07380568974771873,1.2949543746645196,,,,,,
39,28.59634997316157,48.33601717659689,2.4355877616747184,15.425389157273216,0.2214170692431562,0.6843800322061192,0.07380568974771873,4.2270531400966185,,,,,,
40,27.482555018786904,39.512882447665056,2.100107353730542,28.629898013955984,0.2214170692431562,0.6843800322061192,0.07380568974771873,1.2949543746645196,,,,,,
41,27.556360708534623,39.48604401502952,2.100107353730542,28.395061728395063,0.2214170692431562,0.6843800322061192,0.2616747181964573,1.2949543746645196,,,,,,
42,27.4422973698336,39.61352657004831,2.2342995169082127,28.20048309178744,0.2214170692431562,0.6843800322061192,0.30864197530864196,1.2949543746645196,,,,,,
43,27.482555018786904,39.57326892109501,2.2342995169082127,28.20048309178744,0.2214170692431562,0.6843800322061192,0.30864197530864196,1.2949543746645196,,,,,,
44,27.549651100375737,39.512882447665056,2.3550724637681157,28.073000536768653,0.2214170692431562,0.6843800322061192,0.30864197530864196,1.2949543746645196,,,,,,
45,27.616747181964573,39.51959205582394,2.3550724637681157,27.999194847020934,0.2214170692431562,0.6843800322061192,0.30864197530864196,1.2949543746645196,,,,,,
46,27.636876006441224,39.398819108964034,2.4691358024691357,27.985775630703166,0.2214170692431562,0.6843800322061192,0.30864197530864196,1.2949543746645196,,,,,,
47,27.690552871712292,39.35856146001073,2.4691358024691357,27.885131508319915,0.2214170692431562,0.6843800322061192,0.39586688137412773,1.2949543746645196,,,,,,
48,27.791196994095547,39.27133655394525,2.4691358024691357,27.51610305958132,0.2214170692431562,0.6843800322061192,0.7514761137949544,1.2949543746645196,,,,,,
49,27.831454643048847,39.190821256038646,2.563070316693505,27.435587761674718,0.2214170692431562,0.7581857219538379,0.7045088566827697,1.2949543746645196,,,,,,
50,27.643585614600106,39.432367149758456,2.563070316693505,27.38191089640365,0.2214170692431562,0.7581857219538379,0.7045088566827697,1.2949543746645196,,,,,,
51,27.67042404723564,39.29817498658078,2.6637144390767578,27.355072463768117,0.2549651100375738,0.7581857219538379,0.7045088566827697,1.2949543746645196,,,,,,
52,27.63016639828234,39.07675791733763,2.771068169618894,26.724369296833064,0.2549651100375738,0.7581857219538379,1.2949543746645196,1.4895330112721417,,,,,,
53,25.87224906065486,38.37224906065486,2.4355877616747184,22.758990874932906,0.2549651100375738,0.7581857219538379,1.4090177133655395,8.13875469672571,,,,,,
54,25.09393451422437,40.51932367149758,2.85829307568438,22.63150831991412,0.2549651100375738,0.2683843263553409,1.5230810520665594,6.850509930220075,,,,,,
55,25.140901771336555,40.51932367149758,2.85829307568438,22.611379495437465,0.2549651100375738,0.2683843263553409,1.5230810520665594,6.823671497584541,,,,,,
56,25.228126677402038,40.35829307568438,2.9589371980676327,22.584541062801932,0.2549651100375738,0.2683843263553409,1.5230810520665594,6.823671497584541,,,,,,
57,25.147611379495437,40.33816425120773,2.9723564143853998,22.65163714439077,0.2549651100375738,0.2683843263553409,1.5432098765432098,6.823671497584541,,,,,,
58,25.228126677402038,40.284487385936664,2.945517981749866,21.651905528717123,0.2549651100375738,0.2683843263553409,2.5429414922168547,6.823671497584541,,,,,,
59,25.41599570585078,40.13016639828234,2.945517981749866,21.564680622651636,0.2549651100375738,0.2683843263553409,2.5966183574879227,6.823671497584541,,,,,,
60,19.410896403650028,46.202361782071925,3.0394524959742353,21.40365002683843,0.2549651100375738,0.2683843263553409,2.5966183574879227,6.823671497584541,,,,,,
61,19.45786366076221,46.18894256575416,3.0394524959742353,21.370101986044016,0.2549651100375738,0.2683843263553409,2.5966183574879227,6.702898550724638,0.12077294685990338,,,,,
62,17.357756307031668,47.68518518518518,2.85829307568438,22.16183574879227,0.2549651100375738,0.2683843263553409,2.5966183574879227,6.696188942565755,0.12077294685990338,,,,,
63,17.485238862050455,47.59125067096082,2.8515834675254963,22.134997316156735,0.2549651100375738,0.2683843263553409,2.5966183574879227,6.696188942565755,0.12077294685990338,,,,,
64,16.935050993022006,45.611916264090176,2.8515834675254963,24.9194847020934,0.12077294685990338,0.14761137949543746,2.5966183574879227,6.696188942565755,0.12077294685990338,,,,,
65,16.99543746645196,45.53811057434246,2.9119699409554483,24.892646269457863,0.12077294685990338,0.14761137949543746,2.576489533011272,6.696188942565755,0.12077294685990338,,,,,
66,17.062533548040793,45.491143317230275,2.9119699409554483,24.84567901234568,0.12077294685990338,0.14761137949543746,2.61003757380569,6.689479334406871,0.12077294685990338,,,,,
67,17.16988727858293,45.4777241009125,2.9052603327965647,24.751744498121308,0.12077294685990338,0.14761137949543746,2.5496511003757383,6.689479334406871,0.1878690284487386,,,,,
68,17.24369296833065,45.430756843800324,2.9052603327965647,24.738325281803544,0.12077294685990338,0.14761137949543746,2.589908749329039,6.642512077294686,0.18115942028985507,,,,,
69,17.317498658078367,45.00805152979066,3.026033279656468,24.664519592055825,0.38915727321524424,0.14761137949543746,2.6502952227589907,6.615673644659152,0.18115942028985507,,,,,
70,17.404723564143854,44.87385936661299,3.0864197530864197,24.651100375738057,0.38915727321524424,0.14761137949543746,2.6502952227589907,6.615673644659152,0.18115942028985507,,,,,
71,17.458400429414922,44.847020933977454,3.0864197530864197,24.62426194310252,0.38915727321524424,0.14761137949543746,2.6502952227589907,6.615673644659152,0.18115942028985507,,,,,
72,17.54562533548041,44.77992485238862,3.0864197530864197,24.58400429414922,0.38915727321524424,0.18115942028985507,2.6502952227589907,6.602254428341385,0.18115942028985507,,,,,
73,17.612721417069242,44.545088566827694,3.2675791733762747,24.516908212560388,0.4092860976918948,0.18115942028985507,2.6838432635534084,6.602254428341385,0.18115942028985507,,,,,
74,16.1231884057971,44.38405797101449,3.207192699946323,23.778851315083198,0.4092860976918948,2.757648953301127,2.5563607085346214,6.602254428341385,0.18115942028985507,,,,,
75,16.371443907675793,44.12909286097692,3.3682232957595275,23.731884057971016,0.4092860976918948,2.717391304347826,2.5563607085346214,6.535158346752549,0.18115942028985507,,,,,
76,16.404991948470208,44.06199677938808,3.421900161030596,23.711755233494365,0.4092860976918948,2.717391304347826,2.5563607085346214,6.535158346752549,0.18115942028985507,,,,,
77,16.566022544283413,43.934514224369295,3.421900161030596,23.68491680085883,0.4092860976918948,2.717391304347826,2.5496511003757383,6.535158346752549,0.18115942028985507,,,,,
78,16.59957058507783,43.914385399892645,3.421900161030596,23.67149758454106,0.4092860976918948,2.717391304347826,2.5496511003757383,6.535158346752549,0.18115942028985507,,,,,
79,16.700214707461082,43.86070853462158,3.421900161030596,23.62453032742888,0.4092860976918948,2.717391304347826,2.5496511003757383,6.535158346752549,0.18115942028985507,,,,,
80,16.78743961352657,43.82045088566828,3.44873859366613,23.523886205045624,0.4562533548040794,2.717391304347826,2.5496511003757383,6.515029522275899,0.18115942028985507,,,,,
81,16.297638217928075,41.06280193236715,3.911701556629093,26.261406333870102,0.5233494363929146,2.7106816961889426,2.5496511003757383,6.501610305958132,0.18115942028985507,,,,,
82,16.358024691358025,41.00912506709608,3.8915727321524423,26.261406333870102,0.5233494363929146,2.6838432635534084,2.61003757380569,6.481481481481482,0.18115942028985507,,,,,
83,16.411701556629094,40.955448201825014,3.9184111647879765,26.25469672571122,0.5233494363929146,2.6838432635534084,2.61003757380569,6.461352657004831,0.18115942028985507,,,,,
84,16.485507246376812,40.90848094471283,3.9184111647879765,26.227858293075684,0.5233494363929146,2.6838432635534084,2.61003757380569,6.461352657004831,0.18115942028985507,,,,,
85,16.445249597423512,40.57300053676865,4.03918411164788,26.549919484702095,0.48980139559849706,2.6838432635534084,2.576489533011272,6.461352657004831,0.18115942028985507,,,,,
86,16.552603327965645,40.51932367149758,4.032474503488996,25.684380032206118,0.48980139559849706,2.657004830917874,2.6167471819645733,7.266505636070853,0.18115942028985507,,,,,
87,16.59286097691895,38.197799248523886,3.9586688137412773,28.133387010198604,0.4025764895330113,2.657004830917874,2.61003757380569,7.266505636070853,0.18115942028985507,,,,,
88,16.646537842190018,38.08373590982286,4.072732152442297,28.10654857756307,0.4025764895330113,2.657004830917874,2.5831991411701556,7.206119162640902,0.24154589371980675,,,,,
89,16.71363392377885,37.94283413848631,4.28743961352657,27.81803542673108,0.4025764895330113,2.831454643048846,2.5831991411701556,7.179280730005368,0.24154589371980675,,,,,
90,15.908480944712828,37.875738056897475,4.253891572732153,29.25389157273215,0.3824476650563607,2.831454643048846,2.100107353730542,7.152442297369833,0.24154589371980675,,,,,
91,15.935319377348362,37.86231884057971,4.280730005367687,29.22705314009662,0.3824476650563607,2.818035426731079,2.1269457863660763,7.125603864734299,0.24154589371980675,,,,,
92,16.069511540526033,37.86231884057971,5.005367686527107,29.1532474503489,0.3824476650563607,2.033011272141707,2.1269457863660763,7.125603864734299,0.24154589371980675,,,,,
93,16.203703703703702,37.848899624261946,5.005367686527107,29.052603327965645,0.3824476650563607,2.033011272141707,2.1269457863660763,7.105475040257649,0.24154589371980675,,,,,
94,15.767579173376275,37.56038647342995,4.824208266237251,26.92565754159957,0.3824476650563607,2.187332259796028,1.5633387010198605,10.61460010735373,0.17444981213097155,,,,,
95,15.841384863123993,37.39935587761675,4.824208266237251,26.690821256038646,0.5166398282340311,2.187332259796028,1.7713365539452497,10.59447128287708,0.17444981213097155,,,,,
96,15.935319377348362,37.36580783682233,4.85775630703167,26.596886741814277,0.5166398282340311,2.187332259796028,1.7713365539452497,10.59447128287708,0.17444981213097155,,,,,
97,16.022544283413847,37.31884057971015,4.85775630703167,26.570048309178745,0.5166398282340311,2.187332259796028,1.7713365539452497,10.581052066559312,0.17444981213097155,,,,,
98,16.10305958132045,36.94981213097155,4.85775630703167,26.496242619431026,0.8655394524959742,2.200751476113795,1.7713365539452497,10.581052066559312,0.17444981213097155,,,,,
99,16.11647879763822,36.4398819108964,5.307300053676865,26.36876006441224,0.8655394524959742,2.200751476113795,2.1135265700483092,10.413311862587225,0.17444981213097155,,,,,
100,16.243961352657006,36.41304347826087,5.307300053676865,26.321792807300053,0.8655394524959742,2.1806226516371443,2.1068169618894257,10.38647342995169,0.17444981213097155,,,,,
101,16.398282340311326,36.3593666129898,5.307300053676865,26.29495437466452,0.8655394524959742,2.120236178207193,2.100107353730542,10.379763821792807,0.17444981213097155,,,,,
102,16.505636070853463,36.05743424584004,5.307300053676865,26.247987117552334,0.9393451422436929,2.2946859903381642,2.100107353730542,10.373054213633925,0.17444981213097155,,,,,
103,16.606280193236714,36.010466988727856,5.3274288781535155,26.140633387010197,0.9393451422436929,2.2745571658615136,2.1806226516371443,10.34621578099839,0.17444981213097155,,,,,
104,16.6532474503489,35.31266774020397,5.152979066022544,26.06682769726248,0.9393451422436929,3.0327428878153517,2.1806226516371443,10.34621578099839,0.17444981213097155,0.14090177133655393,,,,
105,16.774020397208805,35.258990874932906,5.132850241545894,26.039989264626946,0.9393451422436929,3.0864197530864197,2.1068169618894257,10.34621578099839,0.17444981213097155,0.14090177133655393,,,,
106,16.78743961352657,35.225442834138484,5.132850241545894,25.89908749329039,1.0399892646269457,3.0864197530864197,2.167203435319377,10.34621578099839,0.17444981213097155,0.14090177133655393,,,,
107,9.46725711218465,48.121309715512616,3.4688674181427803,22.819377348362856,0.46967257112184646,2.918679549114332,2.2946859903381642,10.21202361782072,0.17444981213097155,0.05367686527106817,,,,
108,9.520933977455716,48.05421363392378,3.5292538915727323,22.799248523886206,0.46967257112184646,2.918679549114332,2.2946859903381642,10.185185185185185,0.17444981213097155,0.05367686527106817,,,,
109,9.574610842726784,48.03408480944713,3.5292538915727323,22.765700483091788,0.46967257112184646,2.918679549114332,2.2946859903381642,10.185185185185185,0.17444981213097155,0.05367686527106817,,,,
110,9.702093397745571,47.79253891572732,3.556092324208266,22.705314009661837,0.6977992485238862,2.898550724637681,2.2946859903381642,10.124798711755233,0.17444981213097155,0.05367686527106817,,,,
111,9.829575952764358,47.60466988727858,3.6768652710681695,22.624798711755233,0.6977992485238862,2.9119699409554483,2.314814814814815,10.084541062801932,0.20128824476650564,0.05367686527106817,,,,
112,9.896672034353195,47.56441223832528,3.6768652710681695,22.624798711755233,0.6977992485238862,2.9119699409554483,2.314814814814815,10.057702630166398,0.20128824476650564,0.05367686527106817,,,,
113,9.923510466988727,47.155126140633385,3.589640365002684,22.477187332259795,0.6977992485238862,3.455448201825013,2.408749329039184,10.037573805689748,0.20128824476650564,0.05367686527106817,,,,
114,9.957058507783145,47.128287707997856,3.589640365002684,22.38996242619431,0.6977992485238862,3.455448201825013,2.4892646269457863,10.037573805689748,0.20128824476650564,0.05367686527106817,,,,
115,10.091250670960816,47.08132045088567,3.589640365002684,22.38996242619431,0.6977992485238862,3.388352120236178,2.4892646269457863,10.017444981213098,0.20128824476650564,0.05367686527106817,,,,
116,10.11808910359635,47.034353193773484,3.656736446591519,22.356414385399894,0.6977992485238862,3.3548040794417604,2.522812667740204,10.00402576489533,0.20128824476650564,0.05367686527106817,,,,
117,10.158346752549651,46.866612989801396,3.92512077294686,22.228931830381107,0.6977992485238862,3.307836822329576,2.5563607085346214,10.00402576489533,0.20128824476650564,0.05367686527106817,,,,
118,9.816156736446592,37.17122920021471,2.8515834675254963,21.048040794417606,10.836017176596886,3.1870638754696725,2.4490069779924855,12.439613526570048,0.20128824476650564,,,,,
119,9.936929683306495,36.9699409554482,3.046162104133119,20.987654320987655,10.82259796027912,3.1870638754696725,2.408749329039184,12.439613526570048,0.20128824476650564,,,,,
120,9.977187332259795,36.8894256575416,3.099838969404187,20.987654320987655,10.809178743961352,3.1870638754696725,2.408749329039184,12.439613526570048,0.20128824476650564,,,,,
121,10.071121846484166,36.81561996779388,3.099838969404187,20.98094471282877,10.795759527643586,3.1870638754696725,2.408749329039184,12.439613526570048,0.20128824476650564,,,,,
122,10.091250670960816,36.493558776167475,3.1468062265163717,20.98094471282877,10.768921095008052,3.69699409554482,2.408749329039184,12.211486849168008,0.20128824476650564,,,,,
123,10.185185185185185,36.48684916800859,3.1468062265163717,20.739398819108963,10.721953837895867,3.69699409554482,2.636876006441224,12.184648416532475,0.20128824476650564,,,,,
124,10.279119699409554,36.43317230273752,3.180354267310789,20.739398819108963,10.668276972624799,3.69699409554482,2.636876006441224,12.164519592055823,0.20128824476650564,,,,,
125,10.50053676865271,36.292270531400966,3.207192699946323,20.67230273752013,10.641438539989265,3.69699409554482,2.623456790123457,12.13768115942029,0.20128824476650564,,0.026838432635534086,,,
126,10.507246376811594,35.829307568438004,4.2270531400966185,20.67230273752013,10.091250670960816,3.69699409554482,2.623456790123457,12.124261943102523,0.20128824476650564,,0.026838432635534086,,,
127,10.513955984970478,35.79575952764358,4.327697262479871,20.551529790660226,10.084541062801932,3.69699409554482,2.677133655394525,12.124261943102523,0.20128824476650564,,0.026838432635534086,,,
128,10.587761674718196,35.79575952764358,4.327697262479871,20.517981749865807,10.084541062801932,3.69699409554482,2.677133655394525,12.110842726784755,0.17444981213097155,,0.026838432635534086,,,
129,10.674986580783683,35.72866344605475,4.374664519592056,20.477724100912507,10.084541062801932,3.69699409554482,2.677133655394525,12.084004294149223,0.17444981213097155,,0.026838432635534086,,,
130,10.742082662372518,35.72866344605475,4.361245303274289,20.46430488459474,10.091250670960816,3.683574879227053,2.677133655394525,12.050456253354804,0.17444981213097155,,0.026838432635534086,,,
131,10.795759527643586,35.69511540526033,4.361245303274289,20.43075684380032,9.970477724100913,3.683574879227053,2.677133655394525,12.050456253354804,0.17444981213097155,,0.1610305958132045,,,
132,10.84272678475577,35.37976382179281,4.683306494900698,20.40391841116479,9.96376811594203,3.683574879227053,2.677133655394525,12.030327428878154,0.17444981213097155,,0.1610305958132045,,,
133,10.976918947933441,35.299248523886206,4.683306494900698,20.356951154052602,9.96376811594203,3.683574879227053,2.6704240472356413,12.030327428878154,0.17444981213097155,,0.1610305958132045,,,
134,11.044015029522276,35.158346752549654,4.817498658078368,20.336822329575952,9.936929683306495,3.683574879227053,2.6704240472356413,12.016908212560386,0.17444981213097155,,0.1610305958132045,,,
135,11.084272678475577,32.139023081052066,4.9651100375738055,19.826892109500804,9.936929683306495,6.769994632313473,2.952227589908749,11.990069779924852,0.17444981213097155,,0.1610305958132045,,,
136,11.231884057971014,32.09205582393988,4.9651100375738055,19.753086419753085,9.936929683306495,6.769994632313473,2.952227589908749,11.963231347289318,0.17444981213097155,,0.1610305958132045,,,
137,11.29898013955985,31.97799248523886,4.9651100375738055,19.598765432098766,10.017444981213098,6.769994632313473,3.0730005367686526,11.936392914653783,0.20128824476650564,,0.1610305958132045,,,
138,11.064143853998926,31.924315619967793,5.032206119162641,18.10252281266774,9.916800858829845,6.769994632313473,3.052871712292002,13.774825550187868,0.20128824476650564,,0.1610305958132045,,,
139,11.144659151905529,31.870638754696724,5.12614063338701,18.089103596349972,9.903381642512077,6.6760601180891035,3.052871712292002,13.774825550187868,0.20128824476650564,,0.1610305958132045,,,
140,11.325818572195384,31.816961889425656,5.12614063338701,18.055555555555557,9.849704777241008,6.6760601180891035,3.026033279656468,13.761406333870102,0.20128824476650564,,0.1610305958132045,,,
141,11.446591519055287,31.76328502415459,5.0993022007514766,18.04884594739667,9.849704777241008,6.6760601180891035,2.9924852388620504,13.761406333870102,0.20128824476650564,,0.1610305958132045,,,
142,11.540526033279656,31.743156199677937,5.0993022007514766,18.02871712292002,9.849704777241008,6.6760601180891035,2.985775630703167,13.714439076757918,0.20128824476650564,,0.1610305958132045,,,
143,11.668008588298443,31.743156199677937,5.038915727321524,17.834138486312398,9.849704777241008,6.6760601180891035,3.1333870101986045,13.694310252281268,0.20128824476650564,,0.1610305958132045,,,
144,11.761943102522812,31.5955448201825,5.12614063338701,17.773752012882447,9.849704777241008,6.6760601180891035,3.1602254428341383,13.694310252281268,0.20128824476650564,,0.1610305958132045,,,
145,11.862587224906065,31.582125603864736,5.0993022007514766,17.753623188405797,9.849704777241008,6.66935050993022,3.126677402039721,13.694310252281268,0.20128824476650564,,0.1610305958132045,,,
146,11.916264090177133,31.0252281266774,5.669618894256575,17.733494363929147,9.802737520128824,6.769994632313473,3.052871712292002,13.667471819645733,0.20128824476650564,,0.1610305958132045,,,
147,12.030327428878154,30.99838969404187,5.662909286097692,17.67981749865808,9.802737520128824,6.743156199677939,3.052871712292002,13.667471819645733,0.20128824476650564,,0.1610305958132045,,,
148,12.084004294149223,30.9849704777241,5.662909286097692,17.67981749865808,9.77589908749329,6.743156199677939,3.052871712292002,13.654052603327965,0.20128824476650564,,0.1610305958132045,,,
149,12.191358024691358,30.971551261406333,5.636070853462158,17.639559849704778,9.728931830381105,6.743156199677939,3.052871712292002,13.633923778851315,0.20128824476650564,,0.20128824476650564,,,
150,12.238325281803542,30.931293612453032,5.629361245303274,17.639559849704778,9.728931830381105,6.743156199677939,3.052871712292002,13.633923778851315,0.20128824476650564,,0.20128824476650564,,,
151,12.285292538915728,30.931293612453032,5.589103596349974,17.612721417069242,9.728931830381105,6.723027375201288,3.026033279656468,13.633923778851315,0.2683843263553409,,0.20128824476650564,,,
152,12.432903918411165,30.911164787976382,5.58239398819109,17.55233494363929,9.728931830381105,6.689479334406871,2.9790660225442833,13.620504562533547,0.2683843263553409,,0.20128824476650564,0.03354804079441761,,
153,12.553676865271068,30.790391841116477,5.58239398819109,17.52549651100376,9.75577026301664,6.689479334406871,2.9790660225442833,13.593666129898015,0.2952227589908749,,0.20128824476650564,0.03354804079441761,,
154,12.681159420289855,30.709876543209877,5.5756843800322065,17.52549651100376,9.66183574879227,6.6760601180891035,2.952227589908749,13.593666129898015,0.2952227589908749,,0.2952227589908749,0.03354804079441761,,
155,12.674449812130971,30.709876543209877,5.8172302737520125,17.404723564143854,9.608158883521202,6.6760601180891035,2.8918411164787976,13.593666129898015,0.2952227589908749,,0.2952227589908749,0.03354804079441761,,
156,11.782071926999464,25.85212023617821,5.522007514761138,16.72705314009662,9.5276435856146,3.6500268384326353,2.7442297369833604,23.67149758454106,0.2281266774020397,,0.2952227589908749,,,
157,11.869296833064949,25.825281803542673,5.522007514761138,16.720343531937736,9.5276435856146,3.6366076221148687,2.7442297369833604,23.63123993558776,0.2281266774020397,,0.2952227589908749,,,
158,12.090713902308105,25.677670424047236,5.3341384863123995,16.6935050993022,8.527911969940956,3.6366076221148687,3.7775093934514223,23.60440150295223,0.2281266774020397,,0.4294149221685454,,,
159,12.164519592055823,25.6105743424584,5.360976918947934,16.659957058507782,8.527911969940956,3.6366076221148687,3.7775093934514223,23.60440150295223,0.2281266774020397,,0.4294149221685454,,,
160,12.285292538915728,25.483091787439612,5.421363392377885,16.639828234031132,8.501073537305421,3.6366076221148687,3.770799785292539,23.60440150295223,0.2281266774020397,,0.4294149221685454,,,
161,12.31213097155126,25.462962962962962,5.421363392377885,16.6129898013956,8.501073537305421,3.6366076221148687,3.824476650563607,23.315888352120236,0.4830917874396135,,0.4294149221685454,,,
162,12.379227053140097,25.308641975308642,5.555555555555555,16.492216854535695,8.501073537305421,3.6366076221148687,3.898282340311326,23.315888352120236,0.4830917874396135,,0.4294149221685454,,,
163,12.560386473429952,25.295222758990874,5.555555555555555,16.404991948470208,8.373590982286634,3.616478797638218,3.978797638217928,23.30246913580247,0.4830917874396135,,0.4294149221685454,,,
164,12.654320987654321,25.221417069243156,5.5756843800322065,16.404991948470208,8.340042941492216,3.616478797638218,3.9720880300590444,23.26892109500805,0.5166398282340311,,0.4294149221685454,,,
165,12.265163714439076,25.221417069243156,5.60252281266774,16.384863123993558,8.333333333333334,6.629092860976919,3.8848631239935587,20.725979602791195,0.5233494363929146,,0.4294149221685454,,,
166,12.318840579710145,25.161030595813205,5.636070853462158,16.35131508319914,8.333333333333334,6.629092860976919,3.9184111647879765,20.699141170155663,0.5233494363929146,,0.4294149221685454,,,
167,12.345679012345679,25.161030595813205,5.636070853462158,16.35131508319914,8.319914117015566,6.629092860976919,3.9184111647879765,20.685721953837895,0.5233494363929146,,0.4294149221685454,,,
168,12.419484702093397,24.966451959205582,5.642780461621041,16.324476650563607,8.293075684380032,6.615673644659152,4.260601180891036,20.52469135802469,0.5233494363929146,,0.4294149221685454,,,
169,12.426194310252281,24.859098228663445,5.756843800322061,16.31105743424584,8.293075684380032,6.615673644659152,4.260601180891036,20.52469135802469,0.5233494363929146,,0.4294149221685454,,,
170,12.446323134728932,24.859098228663445,5.756843800322061,16.31105743424584,8.279656468062266,6.615673644659152,4.260601180891036,20.43075684380032,0.6105743424584005,,0.4294149221685454,,,
171,12.587224906065487,24.792002147074612,5.743424584004294,16.25067096081589,8.373590982286634,6.474771873322598,4.441760601180891,20.2361782071927,0.6374127750939346,,0.46296296296296297,,,
172,12.674449812130971,24.758454106280194,5.770263016639828,16.223832528180353,8.373590982286634,6.474771873322598,4.428341384863124,20.128824476650564,0.7045088566827697,,0.46296296296296297,,,
173,12.72812667740204,24.65780998389694,5.770263016639828,16.203703703703702,8.333333333333334,6.528448738593666,4.508856682769726,20.101986044015028,0.7045088566827697,,0.46296296296296297,,,
174,12.822061191626409,24.4699409554482,5.904455179817498,16.17686527106817,8.313204508856682,6.521739130434782,4.53569511540526,20.088566827697264,0.7045088566827697,,0.46296296296296297,,,
175,12.869028448738593,24.44981213097155,5.891035963499732,16.17686527106817,8.313204508856682,6.474771873322598,4.569243156199678,20.088566827697264,0.7045088566827697,,0.46296296296296297,,,
176,12.915995705850777,24.40955448201825,5.891035963499732,16.17686527106817,8.266237251744498,6.474771873322598,4.569243156199678,20.081857219538378,0.7045088566827697,,0.5099302200751477,,,
177,12.949543746645196,24.355877616747183,6.971282877079979,16.002415458937197,8.266237251744498,6.447933440687064,4.690016103059581,19.108964036500268,0.6977992485238862,,0.5099302200751477,,,
178,12.902576489533011,24.288781535158346,6.971282877079979,15.995705850778315,8.266237251744498,6.515029522275899,4.9651100375738055,18.887546967257112,0.6977992485238862,,0.5099302200751477,,,
179,12.962962962962964,24.288781535158346,6.951154052603328,15.98899624261943,8.252818035426731,6.501610305958132,4.9651100375738055,18.88083735909823,0.6977992485238862,,0.5099302200751477,,,
180,13.050187869028449,24.241814278046164,6.9310252281266775,15.98899624261943,8.21256038647343,6.501610305958132,4.958400429414922,18.766774020397207,0.8387010198604401,,0.5099302200751477,,,
181,13.24476650563607,24.033816425120772,6.219806763285024,15.821256038647343,8.09849704777241,6.427804616210413,4.951690821256038,19.94766505636071,0.7447665056360708,,0.5099302200751477,,,
182,13.325281803542673,23.96672034353194,6.246645195920558,15.794417606011809,8.085077831454644,6.461352657004831,4.944981213097155,19.940955448201827,0.7447665056360708,,0.48980139559849706,,,
183,13.47289318303811,23.939881910896403,6.233225979602791,15.754159957058508,8.004562533548041,6.461352657004831,4.918142780461621,19.920826623725173,0.7447665056360708,,0.5501878690284487,,,
184,13.533279656468062,23.879495437466453,6.219806763285024,15.458937198067632,8.179012345679013,6.414385399892646,5.12614063338701,19.89398819108964,0.7447665056360708,,0.5501878690284487,,,
185,13.372249060654857,23.872785829307567,6.132581857219538,14.579978529253891,8.165593129361245,7.669082125603865,5.119431025228127,19.732957595276435,0.8051529790660226,,0.5501878690284487,,,
186,11.285560923242082,21.18894256575416,4.703435319377348,32.910628019323674,7.763016639828234,3.140096618357488,3.3011272141706924,14.593397745571659,0.5636070853462157,,0.5501878690284487,,,
187,11.480139559849706,21.095008051529792,4.582662372517445,32.870370370370374,7.702630166398282,3.1065485775630703,3.408480944712829,14.392109500805153,0.7581857219538379,0.05367686527106817,0.5501878690284487,,,
188,11.54723564143854,21.095008051529792,4.582662372517445,32.66237251744498,7.702630166398282,3.1065485775630703,3.549382716049383,14.392109500805153,0.7581857219538379,0.05367686527106817,0.5501878690284487,,,
189,10.19189479334407,22.685185185185187,4.7101449275362315,32.46779388083736,7.608695652173913,3.079710144927536,3.5225442834138487,14.371980676328503,0.7581857219538379,0.05367686527106817,0.5501878690284487,,,
190,10.339506172839506,22.665056360708533,4.683306494900698,32.41411701556629,7.568438003220612,3.113258185721954,3.4957058507783145,14.358561460010735,0.7581857219538379,0.05367686527106817,0.5501878690284487,,,
191,10.46027911969941,22.624798711755233,4.723564143853999,32.37385936661299,7.494632313472893,3.113258185721954,3.488996242619431,14.358561460010735,0.7581857219538379,0.05367686527106817,0.5501878690284487,,,
192,10.513955984970478,22.584541062801932,4.723564143853999,32.360440150295226,7.440955448201825,3.1065485775630703,3.5225442834138487,14.331723027375201,0.7581857219538379,0.05367686527106817,0.6038647342995169,,,
193,10.621309715512615,22.550993022007514,4.723564143853999,32.2866344605475,7.4208266237251745,3.1065485775630703,3.569511540526033,14.31159420289855,0.7581857219538379,0.05367686527106817,0.5971551261406334,,,
194,10.641438539989265,22.584541062801932,4.723564143853999,32.26650563607085,7.39398819108964,3.1065485775630703,3.569511540526033,14.304884594739667,0.7581857219538379,0.05367686527106817,0.5971551261406334,,,
195,10.527375201288244,22.443639291465377,4.690016103059581,32.09205582393988,5.776972624798712,3.1065485775630703,3.7104133118625873,14.2914653784219,2.831454643048846,0.05367686527106817,0.4495437466451959,,0.026838432635534086,
196,10.560923242082662,22.41009125067096,4.690016103059581,32.085346215781,5.776972624798712,3.1333870101986045,3.6902844873859366,14.2914653784219,2.831454643048846,0.05367686527106817,0.4495437466451959,,0.026838432635534086,
197,10.641438539989265,22.38996242619431,4.676596886741814,32.01154052603328,5.776972624798712,3.1333870101986045,3.683574879227053,14.325013419216317,2.831454643048846,0.05367686527106817,0.4495437466451959,,0.026838432635534086,
198,10.715244229736983,22.38996242619431,4.696725711218465,31.89747718733226,5.763553408480945,3.1065485775630703,3.683574879227053,14.325013419216317,2.831454643048846,0.05367686527106817,0.4495437466451959,0.06038647342995169,0.026838432635534086,
199,10.748792270531402,22.38996242619431,4.696725711218465,31.89747718733226,5.763553408480945,3.099838969404187,3.683574879227053,14.298174986580785,2.831454643048846,0.05367686527106817,0.4495437466451959,0.06038647342995169,0.026838432635534086,
200,10.782340311325818,22.20209339774557,4.830917874396135,31.85721953837896,5.763553408480945,3.1602254428341383,3.683574879227053,14.298174986580785,2.831454643048846,0.05367686527106817,0.4495437466451959,0.06038647342995169,0.026838432635534086,
201,10.849436392914654,22.20209339774557,4.804079441760601,31.843800322061192,5.763553408480945,3.1468062265163717,3.670155662909286,14.298174986580785,2.831454643048846,0.05367686527106817,0.4495437466451959,0.06038647342995169,0.026838432635534086,
202,10.876274825550189,22.188674181427803,4.830917874396135,31.736446591519055,5.763553408480945,3.1468062265163717,3.7640901771336552,14.284755770263017,2.818035426731079,0.05367686527106817,0.4495437466451959,0.06038647342995169,0.026838432635534086,
203,10.815888352120236,22.188674181427803,4.830917874396135,31.64922168545357,5.763553408480945,3.1468062265163717,3.7640901771336552,14.459205582393988,2.791196994095545,0.05367686527106817,0.4495437466451959,0.06038647342995169,0.026838432635534086,
204,10.876274825550189,22.16183574879227,4.830917874396135,31.52173913043478,5.763553408480945,3.1468062265163717,3.8714439076757916,14.445786366076222,2.791196994095545,0.05367686527106817,0.4495437466451959,0.06038647342995169,0.026838432635534086,
205,11.117820719269995,22.148416532474503,4.817498658078368,31.340579710144926,5.763553408480945,3.1468062265163717,3.8714439076757916,14.412238325281804,2.791196994095545,0.05367686527106817,0.4495437466451959,0.06038647342995169,0.026838432635534086,
206,11.178207192699947,22.074610842726784,4.8443370907139025,31.260064412238325,5.763553408480945,3.2541599570585076,3.8714439076757916,14.398819108964037,2.791196994095545,0.05367686527106817,0.4227053140096618,0.06038647342995169,0.026838432635534086,
207,11.178207192699947,21.953837895866883,4.8376274825550185,31.159420289855074,5.763553408480945,3.2139023081052067,4.1532474503489,14.38539989264627,2.791196994095545,0.05367686527106817,0.4227053140096618,0.06038647342995169,0.026838432635534086,
208,11.292270531400966,21.940418679549115,4.8376274825550185,31.031937734836287,5.763553408480945,3.2139023081052067,4.180085882984434,14.38539989264627,2.791196994095545,0.05367686527106817,0.4227053140096618,0.06038647342995169,0.026838432635534086,
209,11.366076221148685,21.900161030595815,4.8376274825550185,30.971551261406333,5.763553408480945,3.2139023081052067,4.206924315619967,14.38539989264627,2.791196994095545,0.05367686527106817,0.4227053140096618,0.06038647342995169,0.026838432635534086,
210,11.446591519055287,21.886741814278047,4.8376274825550185,30.92458400429415,5.763553408480945,3.2139023081052067,4.186795491143317,14.38539989264627,2.791196994095545,0.05367686527106817,0.4227053140096618,0.06038647342995169,0.026838432635534086,
211,11.500268384326356,21.87332259796028,4.8376274825550185,30.911164787976382,5.763553408480945,3.2139023081052067,4.186795491143317,14.331723027375201,2.791196994095545,0.05367686527106817,0.4495437466451959,0.06038647342995169,0.026838432635534086,
212,11.520397208803006,21.87332259796028,4.8376274825550185,30.897745571658614,5.763553408480945,3.2139023081052067,4.180085882984434,14.331723027375201,2.791196994095545,0.05367686527106817,0.4495437466451959,0.06038647342995169,0.026838432635534086,
213,11.54723564143854,21.846484165324746,4.8376274825550185,30.877616747181964,5.797101449275362,3.2139023081052067,4.166666666666667,14.331723027375201,2.791196994095545,0.05367686527106817,0.4495437466451959,0.06038647342995169,0.026838432635534086,
214,11.574074074074074,21.846484165324746,4.8376274825550185,30.85077831454643,5.797101449275362,3.2139023081052067,4.166666666666667,14.331723027375201,2.791196994095545,0.05367686527106817,0.4495437466451959,0.06038647342995169,0.026838432635534086,
215,11.75523349436393,21.812936124530328,4.817498658078368,30.810520665593128,5.756843800322061,3.207192699946323,4.166666666666667,14.2914653784219,2.791196994095545,0.05367686527106817,0.4495437466451959,0.06038647342995169,0.026838432635534086,
216,11.842458400429415,21.64519592055824,4.9651100375738055,30.750134192163177,5.756843800322061,3.207192699946323,4.166666666666667,14.284755770263017,2.791196994095545,0.05367686527106817,0.4495437466451959,0.06038647342995169,0.026838432635534086,
217,11.902844873859367,21.598228663446054,5.072463768115942,30.609232420826622,5.756843800322061,3.240740740740741,4.1532474503489,14.284755770263017,2.791196994095545,0.05367686527106817,0.4495437466451959,0.06038647342995169,0.026838432635534086,
218,12.010198604401502,21.564680622651636,5.072463768115942,30.575684380032207,5.756843800322061,3.240740740740741,4.119699409554482,14.04320987654321,3.026033279656468,0.05367686527106817,0.4495437466451959,0.06038647342995169,0.026838432635534086,
219,11.976650563607086,21.497584541062803,5.038915727321524,30.69645732689211,5.756843800322061,3.240740740740741,4.159957058507783,14.016371443907676,3.026033279656468,0.05367686527106817,0.4495437466451959,0.06038647342995169,0.026838432635534086,
220,12.00348899624262,21.511003757380568,5.038915727321524,30.636070853462158,5.649490069779925,3.240740740740741,4.159957058507783,14.016371443907676,3.1535158346752548,0.05367686527106817,0.4495437466451959,0.06038647342995169,0.026838432635534086,
221,12.077294685990339,21.4573268921095,5.059044551798175,30.629361245303276,5.555555555555555,3.227321524422974,4.159957058507783,13.989533011272142,3.1535158346752548,0.05367686527106817,0.5501878690284487,0.06038647342995169,0.026838432635534086,
222,12.104133118625873,21.430488459473967,4.9651100375738055,29.777241009125067,8.3064949006978,3.227321524422974,4.052603327965647,12.23161567364466,3.2139023081052067,0.05367686527106817,0.5501878690284487,0.06038647342995169,0.026838432635534086,
223,12.164519592055823,21.4170692431562,4.9651100375738055,29.8040794417606,8.246108427267847,3.2139023081052067,4.052603327965647,12.191358024691358,3.227321524422974,0.08051529790660225,0.5501878690284487,0.06038647342995169,0.026838432635534086,
