,45,50,53,55,51,54,58,57,52,56,59
0,99.47665056360708,0.5233494363929146,,,,,,,,,
1,97.15512614063339,2.844873859366613,,,,,,,,,
2,90.74074074074075,9.25925925925926,,,,,,,,,
3,89.04320987654322,10.95679012345679,,,,,,,,,
4,85.07112184648416,14.928878153515834,,,,,,,,,
5,30.917874396135264,69.08212560386474,,,,,,,,,
6,31.085614600107355,56.91760601180891,9.27938808373591,2.717391304347826,,,,,,,
7,28.743961352657006,55.35426731078905,9.252549651100376,2.804616210413312,3.844605475040258,,,,,,
8,23.866076221148685,62.42619431025228,9.265968867418144,2.7241009125067097,1.7176596886741815,,,,,,
9,19.612184648416534,53.14680622651637,8.53462157809984,2.717391304347826,14.170692431561998,1.5230810520665594,0.2952227589908749,,,,
10,12.00348899624262,59.75577026301664,8.487654320987655,2.6838432635534084,14.110305958132045,2.6637144390767578,0.2952227589908749,,,,
11,10.171765968867419,57.46108427267848,6.608964036500268,2.8113258185721954,17.52549651100376,4.8376274825550185,0.2952227589908749,0.2885131508319914,,,
12,8.923778851315083,49.53703703703704,5.683038110574342,2.7844873859366612,30.038915727321523,2.4490069779924855,0.2952227589908749,0.2885131508319914,,,
13,6.635802469135802,19.310252281266774,1.6103059581320451,0.2147074610842727,56.18625872249061,,,0.5636070853462157,15.277777777777779,0.20128824476650564,
14,6.850509930220075,18.760064412238325,1.6103059581320451,0.6776704240472357,55.99168008588298,,,0.6843800322061192,15.150295222758992,0.27509393451422437,
15,7.306763285024155,18.61916264090177,3.743961352657005,0.6776704240472357,53.737251744498124,,,0.6843800322061192,14.955716586151368,0.27509393451422437,
16,7.125603864734299,16.391572732152444,4.810789049919484,0.6776704240472357,49.5504562533548,2.046430488459474,,0.6843800322061192,16.223832528180353,2.4892646269457863,
17,7.192699946323135,16.324476650563607,2.462426194310252,0.6776704240472357,53.62989801395599,0.41599570585077833,,0.7447665056360708,16.035963499731615,2.5161030595813205,
18,6.991411701556629,16.203703703703702,4.502147074610843,0.95276435856146,41.237251744498124,0.41599570585077833,,0.7246376811594203,26.247987117552334,2.7241009125067097,
19,7.447665056360709,14.794685990338165,4.213633923778851,1.288244766505636,40.92860976918948,2.1135265700483092,,0.6038647342995169,25.758185721953836,2.8515834675254963,
20,7.514761137949543,14.74771873322598,4.206924315619967,1.288244766505636,48.25550187869028,2.4490069779924855,,0.41599570585077833,18.21658615136876,2.9052603327965647,
21,7.051798174986581,13.331991411701557,4.186795491143317,1.3486312399355878,45.20263016639828,2.214170692431562,,0.4025764895330113,19.840311325818572,6.421095008051529,
22,7.14573268921095,12.781803542673108,6.112453032742888,1.4090177133655395,41.04938271604938,2.214170692431562,0.07380568974771873,0.39586688137412773,23.443370907139023,5.374396135265701,
23,7.440955448201825,12.640901771336553,6.112453032742888,6.179549114331723,36.45330112721417,1.932367149758454,0.07380568974771873,0.39586688137412773,23.382984433709073,5.387815351583468,
24,6.494900697799249,15.378421900161031,6.005099302200751,6.166129898013956,36.3996242619431,1.932367149758454,0.07380568974771873,0.6843800322061192,21.484165324745035,5.381105743424584,
25,6.286902844873859,13.546698872785829,4.824208266237251,6.052066559312936,44.07541599570585,4.0995705850778315,0.07380568974771873,0.6105743424584005,17.485238862050455,2.945517981749866,
26,6.152710681696189,13.539989264626946,4.824208266237251,6.025228126677402,44.71953837895867,4.032474503488996,0.07380568974771873,0.6105743424584005,16.955179817498657,3.066290928609769,
27,6.602254428341385,13.47289318303811,4.797369833601718,5.998389694041868,44.524959742351044,4.019055287171229,0.07380568974771873,0.6105743424584005,16.847826086956523,3.052871712292002,
28,7.0450885668276975,12.553676865271068,4.783950617283951,4.636339237788513,44.10225442834138,4.958400429414922,0.07380568974771873,0.6105743424584005,18.12265163714439,3.113258185721954,
29,7.5281803542673105,12.526838432635534,4.736983360171766,4.636339237788513,43.70638754696726,4.958400429414922,0.07380568974771873,0.5971551261406334,17.961621041331185,3.2742887815351582,
30,7.6556629092860975,12.526838432635534,6.723027375201288,3.44873859366613,43.25013419216318,4.931561996779388,0.07380568974771873,0.5971551261406334,17.518786902844873,3.2742887815351582,
31,7.991143317230274,12.52012882447665,6.6827697262479875,3.7238325281803544,42.78717122920021,4.87788513150832,0.07380568974771873,0.5904455179817498,17.478529253891573,3.2742887815351582,
32,7.7831454643048845,12.305421363392378,6.541867954911433,3.717122920021471,37.39935587761675,4.723564143853999,0.07380568974771873,0.5904455179817498,23.718464841653248,3.1468062265163717,
33,6.957863660762212,7.1725711218464845,6.119162640901771,2.9924852388620504,38.419216317767045,1.3821792807300053,0.2683843263553409,0.5636070853462157,33.02469135802469,3.099838969404187,
34,6.977992485238862,7.1725711218464845,8.943907675791733,2.965646806226516,35.849436392914654,1.2278582930756843,0.2683843263553409,1.328502415458937,32.23295759527644,3.0327428878153517,
35,7.098765432098766,7.159151905528717,11.010466988727858,2.8784219001610305,34.628287707997856,1.247987117552335,0.2683843263553409,1.2010198604401503,32.078636607622116,2.428878153515835,
36,6.743156199677939,4.508856682769726,10.93666129898014,2.8247450348899625,33.41384863123994,1.247987117552335,0.2683843263553409,0.9728931830381106,36.963231347289316,2.120236178207193,
37,7.071926999463232,4.4820182501341925,10.869565217391305,2.8247450348899625,31.568706387546968,1.247987117552335,0.2616747181964573,0.9728931830381106,35.621309715512616,5.0791733762748255,
38,7.300053676865271,4.4820182501341925,10.84272678475577,2.8247450348899625,31.427804616210413,1.2144390767579174,0.2616747181964573,1.093666129898014,35.42002147074611,5.132850241545894,
39,7.9106280193236715,4.388083735909823,10.68840579710145,2.757648953301127,32.56843800322061,1.2144390767579174,0.39586688137412773,1.1741814278046163,33.55475040257649,5.347557702630167,
40,5.978260869565218,4.213633923778851,9.131776704240472,1.6304347826086956,24.12775093934514,1.1540526033279657,0.2549651100375738,1.0265700483091786,50.275093934514224,2.2074610842726785,
41,5.83064949006978,4.213633923778851,9.017713365539452,1.6304347826086956,22.940150295222757,6.595544820182502,0.2549651100375738,1.2949543746645196,46.01449275362319,2.2074610842726785,
42,6.233225979602791,4.213633923778851,8.964036500268385,1.6304347826086956,22.926731078904993,6.568706387546968,0.2549651100375738,1.3955984970477724,45.60520665593129,2.2074610842726785,
43,6.360708534621578,3.938539989264627,8.447396672034353,1.865271068169619,22.69860440150295,6.662640901771336,0.36902844873859364,1.2815351583467525,45.82662372517445,2.5496511003757383,
44,6.447933440687064,3.5628019323671496,8.420558239398819,1.8518518518518519,24.44981213097155,5.522007514761138,0.24825550187869028,1.221148684916801,45.57836822329576,2.6972624798711755,
45,6.327160493827161,3.502415458937198,5.810520665593129,1.8183038110574343,32.95759527643585,4.938271604938271,0.2281266774020397,1.1473429951690821,41.39157273215244,1.8786902844873858,
46,6.796833064949007,3.488996242619431,5.790391841116479,1.7847557702630166,32.56843800322061,4.74369296833065,0.2281266774020397,1.1473429951690821,41.1231884057971,2.328234031132582,
47,7.246376811594203,3.488996242619431,5.730005367686527,1.7713365539452497,31.13929146537842,7.239667203435319,0.2281266774020397,1.1473429951690821,39.680622651637144,2.328234031132582,
48,7.555018786902845,3.408480944712829,5.71658615136876,1.7713365539452497,30.938003220611915,7.212828770799785,0.2281266774020397,1.1473429951690821,39.60010735373054,2.4221685453569513,
49,7.917337627482555,3.3011272141706924,5.709876543209877,1.7713365539452497,30.817230273752013,7.058507783145465,0.36902844873859364,1.2144390767579174,39.392109500805155,2.4490069779924855,
50,8.299785292538916,3.3011272141706924,5.709876543209877,1.7646269457863661,30.52200751476114,7.0450885668276975,0.36902844873859364,1.2144390767579174,39.32501341921632,2.4490069779924855,
51,8.527911969940956,3.2206119162640903,5.448201825013419,1.710950080515298,31.870638754696724,6.991411701556629,0.36902844873859364,1.415727321524423,38.04347826086956,2.4020397208803006,
52,8.132045088566828,2.395330112721417,5.414653784219001,1.6639828234031133,38.49302200751476,6.971282877079979,0.36902844873859364,1.6841116478797638,32.380568974771876,2.49597423510467,
53,8.55475040257649,2.395330112721417,5.35426731078905,1.6505636070853462,38.14412238325282,6.957863660762212,0.36902844873859364,1.6841116478797638,32.21282877079979,2.677133655394525,
54,8.59500805152979,2.3752012882447664,8.53462157809984,1.6371443907675791,35.21202361782072,6.957863660762212,0.36902844873859364,1.7310789049919484,31.964573268921097,2.623456790123457,
55,5.656199677938808,24.516908212560388,8.21256038647343,3.294417606011809,27.51610305958132,4.904723564143854,0.15432098765432098,1.1943102522812667,22.5577026301664,1.9927536231884058,
56,5.931293612453032,21.967257112184647,10.641438539989265,3.294417606011809,27.355072463768117,4.904723564143854,0.15432098765432098,1.3486312399355878,22.309447128287708,2.0933977455716586,
57,6.159420289855072,21.91358024691358,10.513955984970478,3.3145464304884595,27.26784755770263,4.891304347826087,0.2549651100375738,1.3352120236178207,22.29602791196994,2.0531400966183573,
58,6.595544820182502,14.78797638217928,8.044820182501342,3.2004830917874396,32.55501878690284,4.884594739667204,0.2549651100375738,1.6841116478797638,26.039989264626946,1.9524959742351047,
59,6.6760601180891035,13.103864734299517,7.776435856146001,5.280461621041331,35.16505636070853,3.052871712292002,0.2549651100375738,1.6639828234031133,25.15432098765432,1.8719806763285025,
60,6.971282877079979,13.056897477187333,7.776435856146001,5.280461621041331,34.997316156736446,3.0394524959742353,0.2549651100375738,1.6639828234031133,24.973161567364468,1.9860440150295222,
61,5.709876543209877,11.79549114331723,5.226784755770263,5.22007514761138,30.83064949006978,2.3081052066559313,0.4025764895330113,1.4224369296833066,35.245571658615134,1.8384326355340848,
62,6.407675791733762,10.453569511540525,5.2066559312936125,5.186527106816962,36.9296833064949,2.3081052066559313,0.5233494363929146,1.4224369296833066,29.62962962962963,1.932367149758454,
63,6.689479334406871,10.406602254428341,7.333601717659689,4.7101449275362315,36.218464841653244,1.8183038110574343,0.5233494363929146,1.4224369296833066,28.663446054750402,2.214170692431562,
64,6.957863660762212,10.379763821792807,7.092055823939882,5.199946323134729,35.39989264626946,2.0397208803005906,0.5166398282340311,1.4224369296833066,28.5829307568438,2.408749329039184,
65,7.273215244229737,10.312667740203972,7.085346215780999,5.0791733762748255,33.09849704777241,2.033011272141707,0.5166398282340311,1.4224369296833066,30.649490069779926,2.5295222758990876,
66,7.018250134192163,10.245571658615138,8.246108427267847,5.119431025228127,37.855609232420825,1.8048845947396672,0.5166398282340311,1.0735373054213635,25.905797101449274,2.214170692431562,
67,7.427536231884058,10.245571658615138,8.232689210950081,5.0858829844337095,36.66800858829844,1.7847557702630166,0.5166398282340311,1.0735373054213635,25.6105743424584,3.3548040794417604,
68,7.877079978529254,6.642512077294686,10.258990874932904,5.052334943639291,34.977187332259795,1.6371443907675791,0.5166398282340311,1.0601180891035964,28.824476650563607,3.1535158346752548,
69,8.239398819108963,6.615673644659152,9.849704777241008,5.025496511003757,35.27241009125067,1.6371443907675791,0.5032206119162641,1.0735373054213635,28.589640365002683,3.193773483628556,
70,7.541599570585078,6.595544820182502,8.413848631239935,5.683038110574342,33.73590982286635,1.6371443907675791,0.46296296296296297,0.9057971014492754,31.910896403650028,3.113258185721954,
71,8.232689210950081,6.474771873322598,8.3064949006978,5.636070853462158,33.561460010735374,1.6103059581320451,0.46296296296296297,0.8923778851315083,31.367418142780462,3.455448201825013,
72,8.608427267847558,6.327160493827161,8.3467525496511,5.6964573268921095,33.4272678475577,1.6103059581320451,0.46296296296296297,0.8923778851315083,31.226516371443907,3.4017713365539453,
73,8.970746108427267,6.266774020397209,8.266237251744498,5.810520665593129,33.04482018250134,1.6035963499731616,0.46296296296296297,1.1741814278046163,30.64278046162104,3.7573805689747717,
74,9.212292002147075,6.239935587761675,8.246108427267847,5.83064949006978,32.9374664519592,1.6035963499731616,0.46296296296296297,1.2278582930756843,30.48174986580784,3.7573805689747717,
75,9.634997316156737,6.031937734836285,8.199141170155663,5.730005367686527,32.79656468062265,2.3617820719269993,0.3421900161030596,1.2278582930756843,29.918142780461622,3.7573805689747717,
76,9.782608695652174,5.938003220611916,8.199141170155663,5.629361245303274,32.52147074610843,2.3617820719269993,0.3421900161030596,1.2278582930756843,29.455179817498657,4.542404723564144,
77,10.010735373054214,5.931293612453032,8.252818035426731,5.60252281266774,32.447665056360705,2.2946859903381642,0.3421900161030596,1.2144390767579174,29.381374127750938,4.522275899087493,
78,10.151637144390767,5.931293612453032,8.232689210950081,5.790391841116479,32.35373054213634,2.2946859903381642,0.3421900161030596,1.2144390767579174,29.294149221685455,4.394793344068707,
79,10.601180891035963,5.931293612453032,8.219269994632313,5.776972624798712,31.93102522812668,2.2946859903381642,0.3421900161030596,1.3620504562533549,28.992216854535695,4.549114331723027,
80,10.963499731615673,5.897745571658615,8.044820182501342,5.776972624798712,31.36070853462158,2.38191089640365,0.3421900161030596,1.3419216317767042,28.77079978529254,5.119431025228127,
81,11.33923778851315,5.850778314546431,7.950885668276973,6.421095008051529,30.783682232957595,2.368491680085883,0.3421900161030596,1.2949543746645196,28.670155662909288,4.978529253891573,
82,11.668008588298443,5.797101449275362,7.9106280193236715,8.80300590445518,28.92512077294686,2.2745571658615136,0.3421900161030596,1.4492753623188406,28.052871712292003,4.777241009125067,
83,12.097423510466989,5.669618894256575,7.87037037037037,8.896940418679549,28.69699409554482,2.2745571658615136,0.3421900161030596,1.5163714439076759,27.89855072463768,4.736983360171766,
84,12.607353730542137,5.548845947396672,7.85024154589372,8.769457863660762,28.522544283413847,2.2074610842726785,0.3421900161030596,1.6304347826086956,27.636876006441224,4.884594739667204,
85,12.969672571121846,5.542136339237788,7.836822329575953,8.856682769726248,28.22061191626409,2.1806226516371443,0.3421900161030596,1.6304347826086956,27.395330112721417,5.025496511003757,
86,13.177670424047236,5.528717122920021,7.836822329575953,8.82313472893183,28.12667740203972,2.167203435319377,0.3421900161030596,1.6304347826086956,27.34165324745035,5.025496511003757,
87,13.486312399355878,5.508588298443371,7.7898550724637685,8.756038647342995,27.730810520665592,2.167203435319377,0.3421900161030596,1.7176596886741815,27.15378421900161,5.347557702630167,
88,14.009661835748792,5.441492216854535,7.769726247987117,8.78287707997853,27.616747181964573,2.1604938271604937,0.3421900161030596,1.710950080515298,26.704240472356414,5.4616210413311865,
89,14.412238325281804,5.421363392377885,7.729468599033816,8.756038647342995,27.462426194310254,2.073268921095008,0.3421900161030596,1.6975308641975309,26.650563607085346,5.4549114331723025,
90,14.506172839506172,5.367686527106817,7.722758990874933,8.655394524959743,27.408749329039185,2.073268921095008,0.3421900161030596,1.7444981213097155,26.99946323134729,5.179817498658078,
91,14.579978529253891,5.35426731078905,10.064412238325282,8.695652173913043,25.489801395598498,2.059849704777241,0.3421900161030596,1.724369296833065,26.80488459473967,4.884594739667204,
92,13.982823403113258,5.340848094471283,9.923510466988727,6.769994632313473,28.415190552871714,2.059849704777241,0.3421900161030596,1.9122383252818036,26.590177133655395,4.663177670424047,
93,12.801932367149758,5.314009661835748,6.5485775630703165,5.756843800322061,37.33225979602791,1.0466988727858293,0.24825550187869028,1.892109500805153,25.811862587224905,3.2474503488996245,
94,13.144122383252817,5.314009661835748,6.528448738593666,5.750134192163178,36.99677938808374,1.0466988727858293,0.24825550187869028,1.892109500805153,25.704508856682768,3.374932903918411,
95,13.399087493290391,5.314009661835748,6.528448738593666,5.750134192163178,36.862587224906065,1.0466988727858293,0.24825550187869028,1.8585614600107354,25.63070316693505,3.361513687600644,
96,13.191089640365004,5.12614063338701,6.025228126677402,5.46833064949007,35.92324208266237,1.1137949543746646,0.24825550187869028,1.7713365539452497,27.160493827160494,3.9720880300590444,
97,13.318572195383789,5.112721417069243,6.005099302200751,5.522007514761138,35.57434245840043,1.1137949543746646,0.24825550187869028,1.8183038110574343,27.113526570048307,4.17337627482555,
98,13.425925925925926,5.0858829844337095,5.924584004294149,5.488459473966721,35.198604401502955,1.1137949543746646,0.35560923242082665,1.9457863660762211,26.7914653784219,4.669887278582931,
99,13.47289318303811,5.0791733762748255,5.857487922705314,5.4549114331723025,35.68840579710145,1.1137949543746646,0.35560923242082665,2.01959205582394,26.154052603327965,4.804079441760601,
100,13.486312399355878,4.9718196457326895,6.4412238325281805,5.589103596349974,35.45356951154053,1.1137949543746646,0.35560923242082665,1.9927536231884058,25.523349436392916,5.072463768115942,
101,13.868760064412239,4.944981213097155,6.4412238325281805,5.542136339237788,35.319377348362856,1.1137949543746646,0.35560923242082665,1.9927536231884058,25.348899624261943,5.072463768115942,
102,14.083467525496511,4.944981213097155,6.414385399892646,5.542136339237788,35.20531400966183,1.1137949543746646,0.35560923242082665,1.9927536231884058,25.301932367149757,5.045625335480408,
103,14.38539989264627,4.87788513150832,6.414385399892646,5.589103596349974,34.675254965110035,1.06682769726248,0.35560923242082665,1.9927536231884058,25.254965110037574,5.387815351583468,
104,14.566559312936125,4.851046698872786,6.407675791733762,5.475040257648954,34.98389694041868,1.06682769726248,0.35560923242082665,1.9927536231884058,25.120772946859905,5.179817498658078,
105,15.029522275899087,4.810789049919484,6.394256575415996,5.5689747718733225,34.634997316156735,1.06682769726248,0.35560923242082665,1.9860440150295222,25.09393451422437,5.059044551798175,
106,13.39237788513151,4.1532474503489,6.273483628556092,5.233494363929147,42.619431025228124,2.589908749329039,0.35560923242082665,1.5163714439076759,19.45115405260333,4.414922168545357,
107,13.81508319914117,4.126409017713366,6.260064412238325,5.186527106816962,42.351046698872786,2.576489533011272,0.35560923242082665,1.5163714439076759,19.343800322061192,4.468599033816425,
108,14.090177133655395,4.126409017713366,6.233225979602791,5.562265163714439,41.84111647879764,2.576489533011272,0.35560923242082665,1.5163714439076759,19.256575415995705,4.441760601180891,
109,14.123725174449811,4.126409017713366,8.454106280193237,5.548845947396672,40.002683843263554,2.576489533011272,0.35560923242082665,1.6035963499731616,19.061996779388085,4.146537842190016,
110,14.606816961889425,4.086151368760064,8.393719806763285,5.501878690284487,39.774557165861516,2.563070316693505,0.35560923242082665,1.6035963499731616,19.008319914117017,4.106280193236715,
111,15.069779924852389,4.086151368760064,8.252818035426731,5.709876543209877,39.33843263553408,2.563070316693505,0.35560923242082665,1.6035963499731616,18.853998926462694,4.166666666666667,
112,14.533011272141707,4.05931293612453,7.7361782071927,5.508588298443371,37.6610305958132,4.461889425657541,0.33548040794417605,1.3419216317767042,20.544820182501343,3.8177670424047236,
113,14.720880300590446,4.05931293612453,7.702630166398282,5.46833064949007,37.59393451422437,4.461889425657541,0.33548040794417605,1.3419216317767042,20.50456253354804,3.81105743424584,
114,15.183843263553408,4.019055287171229,7.689210950080516,5.4549114331723025,37.43961352657005,4.461889425657541,0.33548040794417605,1.402308105206656,20.222758990874933,3.7909286097691894,
115,15.257648953301127,4.019055287171229,7.588566827697263,5.4549114331723025,37.35909822866345,5.199946323134729,0.33548040794417605,1.3821792807300053,19.612184648416534,3.7909286097691894,
116,14.452495974235104,3.978797638217928,7.2933440687063875,5.0791733762748255,39.60681696188943,5.139559849704777,0.33548040794417605,1.3754696725711217,19.189479334406872,3.549382716049383,
117,13.47289318303811,3.9452495974235107,6.951154052603328,4.7168545356951155,41.888083735909824,5.0858829844337095,0.33548040794417605,1.3754696725711217,19.0552871712292,3.1736446591519054,
118,14.023081052066559,3.92512077294686,6.890767579173376,4.7101449275362315,41.532474503489,4.99194847020934,0.33548040794417605,1.415727321524423,18.968062265163713,3.207192699946323,
119,14.244498121309716,3.8915727321524423,6.877348362855609,4.790660225442834,41.398282340311326,4.99194847020934,0.33548040794417605,1.415727321524423,18.914385399892645,3.140096618357488,
120,14.63365539452496,3.8915727321524423,6.843800322061192,4.790660225442834,41.10305958132045,4.918142780461621,0.33548040794417605,1.415727321524423,18.840579710144926,3.227321524422974,
121,14.955716586151368,3.864734299516908,6.743156199677939,4.777241009125067,40.87493290391841,4.8443370907139025,0.39586688137412773,1.415727321524423,18.686258722490606,3.4420289855072466,
122,15.28448738593666,3.797638217928073,6.971282877079979,6.072195383789587,39.36527106816962,4.314278046162104,0.39586688137412773,1.3888888888888888,19.068706387546968,3.3413848631239937,
123,15.787707997852925,3.730542136339238,9.104938271604938,5.971551261406334,37.21819645732689,4.180085882984434,0.39586688137412773,1.3821792807300053,18.914385399892645,3.3145464304884595,
124,15.94873859366613,3.730542136339238,9.098228663446054,5.9514224369296835,36.68813741277509,4.106280193236715,0.47638217928073,1.3821792807300053,18.813741277509394,3.8043478260869565,
125,15.908480944712828,3.5829307568438002,9.004294149221685,5.891035963499732,35.64143853998927,4.924852388620504,0.47638217928073,1.3687600644122384,19.316961889425656,3.8848631239935587,
126,16.049382716049383,3.549382716049383,8.917069243156199,6.0587761674718195,35.44015029522276,4.924852388620504,0.46967257112184646,1.3687600644122384,19.229736983360173,3.992216854535695,
127,16.23054213633924,3.5426731078904994,8.890230810520666,6.038647342995169,35.178475577026305,4.99194847020934,0.46967257112184646,1.4895330112721417,19.068706387546968,4.0995705850778315,
128,16.639828234031132,3.5426731078904994,8.870101986044014,6.005099302200751,35.02415458937198,4.918142780461621,0.46967257112184646,1.4895330112721417,18.94122383252818,4.0995705850778315,
129,16.820987654320987,3.5426731078904994,8.742619431025227,6.3137412775093935,34.695383789586685,4.911433172302737,0.46967257112184646,1.4895330112721417,18.793612453032743,4.2203435319377345,
130,16.19699409554482,3.5426731078904994,8.004562533548041,6.119162640901771,34.17203435319377,7.1725711218464845,0.46967257112184646,1.932367149758454,18.42458400429415,3.965378421900161,
131,16.458668813741276,3.5426731078904994,7.944176060118089,6.146001073537305,34.01771336553945,7.1658615136876005,0.46967257112184646,1.9256575415995705,18.203166935050994,4.126409017713366,
132,15.391841116478798,3.502415458937198,7.776435856146001,5.3341384863123995,39.439076757917334,5.401234567901234,0.5770263016639828,1.7176596886741815,17.10950080515298,3.750670960815888,
133,15.673644659151906,3.502415458937198,7.675791733762749,5.307300053676865,39.2914653784219,5.293880837359098,0.5770263016639828,1.7176596886741815,17.10950080515298,3.851315083199141,
134,15.881642512077295,3.488996242619431,7.64224369296833,5.300590445517981,39.150563607085346,5.293880837359098,0.5770263016639828,1.7176596886741815,17.09608158883521,3.851315083199141,
135,16.109769189479334,3.488996242619431,7.581857219538379,5.3274288781535155,39.05662909286098,5.280461621041331,0.5770263016639828,1.7042404723564144,17.008856682769725,3.864734299516908,
136,15.787707997852925,3.374932903918411,7.561728395061729,5.22007514761138,38.58024691358025,5.314009661835748,0.5770263016639828,1.5633387010198605,18.04884594739667,3.9720880300590444,
137,15.5126140633387,3.374932903918411,9.494095544820183,5.0791733762748255,36.68813741277509,4.938271604938271,0.6910896403650026,1.5499194847020934,19.30354267310789,3.3682232957595275,
138,15.861513687600644,3.374932903918411,9.440418679549115,5.320719269994632,36.37949543746645,4.9718196457326895,0.6910896403650026,1.5499194847020934,19.061996779388085,3.3480944712828773,
139,15.92860976918948,3.3682232957595275,9.420289855072463,5.267042404723564,36.20504562533548,5.038915727321524,0.6910896403650026,1.5365002683843263,18.867418142780462,3.6768652710681695,
140,16.210413311862588,3.3682232957595275,9.359903381642512,5.300590445517981,35.93666129898014,5.146269457863661,0.7514761137949544,1.5365002683843263,18.800322061191626,3.589640365002684,
141,16.418411164787976,3.3682232957595275,9.31964573268921,5.488459473966721,35.567632850241544,5.139559849704777,0.7514761137949544,1.5365002683843263,18.706387546967257,3.7037037037037037,
142,16.022544283413847,3.3682232957595275,9.292807300053678,3.743961352657005,33.82984433709071,5.005367686527107,0.6776704240472357,1.442565754159957,22.799248523886206,3.8177670424047236,
143,16.183574879227052,3.2675791733762747,9.292807300053678,3.9049919484702094,33.70907139023081,5.005367686527107,0.6776704240472357,1.442565754159957,22.69860440150295,3.8177670424047236,
144,16.740472356414386,3.2675791733762747,9.252549651100376,3.9049919484702094,33.43397745571659,4.884594739667204,0.6776704240472357,1.4358561460010735,22.517444981213096,3.8848631239935587,
145,17.008856682769725,3.260869565217391,9.23913043478261,3.965378421900161,33.279656468062264,4.864465915190553,0.6776704240472357,1.402308105206656,22.416800858829845,3.8848631239935587,
146,17.398013955984972,3.2340311325818574,9.178743961352657,4.233762748255502,32.85024154589372,4.851046698872786,0.6776704240472357,1.402308105206656,22.32957595276436,3.844605475040258,
147,17.49194847020934,3.2340311325818574,9.192163177670425,4.341116478797638,32.72275899087493,4.851046698872786,0.6776704240472357,1.402308105206656,22.262479871175522,3.824476650563607,
148,17.98174986580784,3.2340311325818574,9.111647879763822,4.394793344068707,32.387278582930755,4.931561996779388,0.6776704240472357,1.402308105206656,22.067901234567902,3.81105743424584,
149,18.136070853462158,3.2004830917874396,9.091519055287172,4.38137412775094,32.33360171765969,4.985238862050457,0.6776704240472357,1.3620504562533549,22.034353193773484,3.797638217928073,
150,18.283682232957595,3.1333870101986045,9.091519055287172,4.435050993022007,32.19940955448202,5.233494363929147,0.6776704240472357,1.415727321524423,21.74584004294149,3.784219001610306,
151,17.914653784219002,3.1065485775630703,8.467525496511003,4.213633923778851,31.32716049382716,5.790391841116479,0.6776704240472357,1.415727321524423,23.463499731615673,3.6231884057971016,
152,18.250134192163177,3.0864197530864197,8.393719806763285,4.133118625872249,30.991680085882983,5.991680085882985,0.6374127750939346,1.4626945786366077,23.356146001073537,3.69699409554482,
153,18.5252281266774,3.0730005367686526,8.32662372517445,4.133118625872249,30.891035963499732,5.971551261406334,0.6374127750939346,1.4626945786366077,23.289049919484704,3.6902844873859366,
154,18.726516371443907,3.0595813204508855,8.21256038647343,4.374664519592056,30.656199677938808,5.984970477724101,0.6239935587761675,1.5767579173376274,23.09447128287708,3.6902844873859366,
155,18.947933440687063,3.0595813204508855,8.199141170155663,4.441760601180891,30.52200751476114,5.911164787976382,0.6239935587761675,1.5767579173376274,23.081052066559312,3.6366076221148687,
156,19.330381105743424,3.0595813204508855,8.172302737520129,4.435050993022007,30.3743961352657,5.870907139023081,0.6038647342995169,1.5767579173376274,22.953569511540525,3.6231884057971016,
157,19.410896403650028,3.046162104133119,8.11862587224906,4.522275899087493,30.340848094471284,5.870907139023081,0.6038647342995169,1.6170155662909287,22.84621578099839,3.6231884057971016,
158,19.753086419753085,2.9790660225442833,8.085077831454644,4.5893719806763285,30.119431025228128,5.8172302737520125,0.6038647342995169,1.6170155662909287,22.81266774020397,3.6231884057971016,
159,19.524959742351047,2.5496511003757383,10.010735373054214,4.455179817498658,29.898013955984972,5.797101449275362,0.6038647342995169,1.6170155662909287,21.833064949006978,3.7104133118625873,
160,19.692699946323135,2.5496511003757383,9.970477724100913,4.428341384863124,29.810789049919485,5.837359098228664,0.6038647342995169,1.7310789049919484,21.66532474503489,3.7104133118625873,
161,19.981213097155127,2.5496511003757383,9.883252818035427,4.4753086419753085,29.70343531937735,5.837359098228664,0.6038647342995169,1.6908212560386473,21.564680622651636,3.7104133118625873,
162,19.87385936661299,2.5295222758990876,9.54777241009125,5.877616747181965,28.978797638217927,5.837359098228664,0.5904455179817498,1.6908212560386473,21.511003757380568,3.5628019323671496,
163,20.2361782071927,2.5161030595813205,9.447128287707997,5.797101449275362,28.884863123993558,5.810520665593129,0.5904455179817498,1.6908212560386473,21.450617283950617,3.5762211486849167,
164,20.598497047772412,2.5026838432635534,9.447128287707997,5.756843800322061,28.764090177133657,5.689747718733226,0.5904455179817498,1.737788513150832,21.370101986044016,3.5426731078904994,
165,20.652173913043477,2.5026838432635534,9.420289855072463,5.750134192163178,28.65673644659152,6.112453032742888,0.5904455179817498,1.737788513150832,21.041331186258724,3.535963499731616,
166,20.276435856146,2.5026838432635534,9.29951690821256,5.763553408480945,25.764895330112722,7.87037037037037,0.5904455179817498,1.8384326355340848,22.571121846484164,3.5225442834138487,
167,20.263016639828233,2.4355877616747184,9.588030059044552,6.112453032742888,25.462962962962962,7.682501341921632,0.5904455179817498,1.8384326355340848,22.510735373054214,3.515834675254965,
168,20.363660762211488,2.4355877616747184,9.588030059044552,6.340579710144928,25.214707461084274,7.6556629092860975,0.5904455179817498,1.8250134192163177,22.262479871175522,3.7238325281803544,
169,20.417337627482556,2.4355877616747184,9.614868491680086,6.333870101986044,25.033548040794418,7.608695652173913,0.5703166935050993,1.8250134192163177,22.148416532474503,4.012345679012346,
170,20.638754696725712,2.4154589371980677,9.614868491680086,6.333870101986044,24.9597423510467,7.608695652173913,0.6843800322061192,1.8250134192163177,21.920289855072465,3.9989264626945786,
171,20.94068706387547,2.4154589371980677,9.588030059044552,6.400966183574879,24.718196457326894,7.521470746108427,0.6843800322061192,1.8250134192163177,21.79951690821256,4.106280193236715,
172,21.349973161567366,2.4154589371980677,9.473966720343531,6.642512077294686,24.490069779924852,7.313472893183038,0.6776704240472357,1.8048845947396672,21.75925925925926,4.072732152442297,
173,21.658615136876005,2.4154589371980677,9.433709071390231,6.615673644659152,24.402844873859365,7.2933440687063875,0.6776704240472357,1.8048845947396672,21.658615136876005,4.03918411164788,
174,19.524959742351047,2.3752012882447664,8.313204508856682,5.958132045088567,30.9044551798175,6.159420289855072,0.6776704240472357,1.8048845947396672,20.78636607622115,3.4957058507783145,
175,19.840311325818572,2.3752012882447664,8.266237251744498,6.374127750939345,30.46833064949007,6.099033816425121,0.6642512077294686,1.778046162104133,20.645464304884594,3.488996242619431,
176,19.93424584004294,2.3752012882447664,8.165593129361245,6.702898550724638,28.495705850778315,8.293075684380032,0.6642512077294686,1.778046162104133,20.276435856146,3.3145464304884595,
177,20.189210950080515,2.3752012882447664,8.132045088566828,6.78341384863124,28.26086956521739,8.279656468062266,0.6642512077294686,1.7713365539452497,20.115405260332796,3.4286097691894795,
178,20.40391841116479,2.3752012882447664,8.11862587224906,6.763285024154589,28.207192699946322,8.199141170155663,0.6642512077294686,1.8317230273752012,20.021470746108427,3.4151905528717124,
179,20.78636607622115,2.3752012882447664,8.091787439613526,6.629092860976919,27.80461621041331,8.165593129361245,0.6642512077294686,1.8317230273752012,20.061728395061728,3.4822866344605474,0.10735373054213634
180,20.115405260332796,2.3617820719269993,7.950885668276973,6.508319914117015,26.959205582393988,10.641438539989265,0.6642512077294686,1.7646269457863661,19.504830917874397,3.421900161030596,0.10735373054213634
181,20.39049919484702,2.341653247450349,7.944176060118089,6.394256575415996,26.7914653784219,10.641438539989265,0.6575415995705851,1.7646269457863661,19.370638754696724,3.6231884057971016,0.08051529790660225
182,20.531400966183575,2.341653247450349,8.09849704777241,6.769994632313473,26.46940418679549,10.560923242082662,0.6575415995705851,1.7646269457863661,19.102254428341386,3.6231884057971016,0.08051529790660225
183,20.8064949006978,2.341653247450349,8.031400966183575,6.769994632313473,26.37546967257112,10.507246376811594,0.6575415995705851,1.7176596886741815,19.03515834675255,3.6768652710681695,0.08051529790660225
184,21.048040794417606,2.341653247450349,8.024691358024691,6.763285024154589,26.247987117552334,10.44015029522276,0.6575415995705851,1.7914653784219001,18.84728931830381,3.7573805689747717,0.08051529790660225
185,21.336553945249598,2.341653247450349,7.877079978529254,6.729736983360172,26.214439076757916,10.379763821792807,0.7246376811594203,1.7914653784219001,18.793612453032743,3.730542136339238,0.08051529790660225
186,21.497584541062803,2.328234031132582,7.830112721417069,6.608964036500268,26.113794954374665,10.742082662372518,0.7045088566827697,1.7914653784219001,18.491680085882983,3.81105743424584,0.08051529790660225
187,21.85319377348363,2.328234031132582,7.830112721417069,6.649221685453569,25.939345142243692,10.661567364465915,0.7045088566827697,1.7914653784219001,18.417874396135264,3.743961352657005,0.08051529790660225
188,22.061191626409016,2.2879763821792807,7.830112721417069,6.602254428341385,25.89237788513151,10.48040794417606,0.6977992485238862,1.9256575415995705,18.250134192163177,3.8915727321524423,0.08051529790660225
189,20.343531937734838,1.778046162104133,5.763553408480945,6.112453032742888,33.21926999463231,9.762479871175524,0.6709608158883521,2.006172839506173,16.478797638217927,3.784219001610306,0.08051529790660225
190,20.517981749865807,1.778046162104133,5.730005367686527,6.112453032742888,32.971014492753625,9.762479871175524,0.6709608158883521,2.006172839506173,16.42512077294686,3.9452495974235107,0.08051529790660225
191,20.92055823939882,1.596886741814278,5.730005367686527,6.199677938808374,32.776435856146,9.64170692431562,0.6709608158883521,2.006172839506173,16.324476650563607,4.052603327965647,0.08051529790660225
192,21.101717659688674,1.596886741814278,5.730005367686527,6.1929683306494905,32.709339774557165,9.64170692431562,0.6709608158883521,2.006172839506173,16.23054213633924,4.03918411164788,0.08051529790660225
193,21.26274825550188,1.596886741814278,5.709876543209877,6.4345142243692965,32.52147074610843,9.4873859366613,0.6709608158883521,2.006172839506173,16.210413311862588,4.019055287171229,0.08051529790660225
194,21.470746108427267,1.596886741814278,5.790391841116479,6.5485775630703165,32.18599033816425,9.380032206119163,0.6709608158883521,2.006172839506173,16.17686527106817,4.092860976918948,0.08051529790660225
195,21.62506709608159,1.556629092860977,5.776972624798712,6.414385399892646,31.904186795491142,9.380032206119163,0.6709608158883521,2.006172839506173,16.23725174449812,4.3478260869565215,0.08051529790660225
196,21.93370907139023,1.5499194847020934,5.756843800322061,6.541867954911433,31.582125603864736,9.5276435856146,0.6709608158883521,2.006172839506173,16.022544283413847,4.327697262479871,0.08051529790660225
197,20.531400966183575,8.467525496511003,4.696725711218465,5.662909286097692,29.871175523349436,8.99087493290392,0.6709608158883521,2.01959205582394,14.949006977992486,4.05931293612453,0.08051529790660225
198,20.82662372517445,8.440687063875469,4.696725711218465,5.776972624798712,29.58937198067633,8.964036500268385,0.6709608158883521,2.01959205582394,14.875201288244767,4.05931293612453,0.08051529790660225
199,20.8870101986044,8.246108427267847,4.683306494900698,5.924584004294149,29.64975845410628,8.943907675791733,0.6709608158883521,2.0128824476650564,14.841653247450349,4.05931293612453,0.08051529790660225
200,21.26274825550188,8.239398819108963,4.683306494900698,5.857487922705314,29.461889425657542,8.930488459473967,0.6709608158883521,2.0128824476650564,14.65378421900161,4.146537842190016,0.08051529790660225
201,21.564680622651636,8.192431561996779,4.683306494900698,5.857487922705314,29.341116478797638,8.84326355340848,0.6709608158883521,2.006172839506173,14.586688137412775,4.17337627482555,0.08051529790660225
202,21.70558239398819,8.031400966183575,4.64975845410628,5.978260869565218,29.274020397208805,8.84326355340848,0.6709608158883521,2.006172839506173,14.600107353730541,4.159957058507783,0.08051529790660225
203,21.611647879763822,7.944176060118089,4.549114331723027,5.709876543209877,31.092324208266238,8.145464304884594,0.6508319914117016,1.9994632313472893,14.009661835748792,4.206924315619967,0.08051529790660225
204,21.880032206119164,7.877079978529254,4.528985507246377,5.71658615136876,30.9044551798175,8.232689210950081,0.6508319914117016,1.9592055823939882,13.989533011272142,4.180085882984434,0.08051529790660225
205,22.228931830381107,7.877079978529254,4.528985507246377,5.629361245303274,30.66290928609769,8.232689210950081,0.6508319914117016,1.9524959742351047,13.922436929683306,4.233762748255502,0.08051529790660225
206,22.356414385399894,7.877079978529254,4.4753086419753085,5.763553408480945,30.56897477187332,8.132045088566828,0.6508319914117016,1.9524959742351047,13.922436929683306,4.2203435319377345,0.08051529790660225
207,22.571121846484164,7.843531937734836,4.4753086419753085,5.83064949006978,30.434782608695652,8.132045088566828,0.644122383252818,2.0665593129361244,13.70101986044015,4.2203435319377345,0.08051529790660225
208,22.920021470746107,7.843531937734836,4.361245303274289,5.991680085882985,29.898013955984972,8.024691358024691,0.644122383252818,2.3349436392914655,13.506441223832528,4.394793344068707,0.08051529790660225
209,23.356146001073537,7.7831454643048845,4.3545356951154055,5.971551261406334,29.582662372517444,8.004562533548041,0.644122383252818,2.301395598497048,13.41250670960816,4.508856682769726,0.08051529790660225
210,23.658078368223297,7.776435856146001,4.334406870638754,6.179549114331723,29.367954911433173,7.971014492753623,0.644122383252818,2.301395598497048,13.285024154589372,4.40150295222759,0.08051529790660225
211,23.738593666129898,7.769726247987117,4.300858829844337,6.387546967257112,29.274020397208805,7.944176060118089,0.6374127750939346,2.301395598497048,13.16425120772947,4.40150295222759,0.08051529790660225
212,23.946591519055286,7.769726247987117,4.294149221685454,6.756575415995706,29.025764895330113,7.856951154052603,0.6374127750939346,2.301395598497048,13.003220611916264,4.327697262479871,0.08051529790660225
213,24.14117015566291,7.702630166398282,4.294149221685454,6.6760601180891035,28.958668813741276,7.85024154589372,0.6374127750939346,2.328234031132582,13.003220611916264,4.327697262479871,0.08051529790660225
214,24.651100375738057,7.635534084809447,4.294149221685454,6.649221685453569,28.723832528180353,7.776435856146001,0.6374127750939346,2.314814814814815,12.962962962962964,4.274020397208803,0.08051529790660225
