,45,50,55,51,52,53,57,60,54,59,56,58,61,46,48,62
0,99.85909822866344,0.14090177133655393,,,,,,,,,,,,,,
1,99.73832528180354,0.2616747181964573,,,,,,,,,,,,,,
2,98.49704777241008,1.5029522275899088,,,,,,,,,,,,,,
3,97.638217928073,2.3617820719269993,,,,,,,,,,,,,,
4,93.82045088566828,6.179549114331723,,,,,,,,,,,,,,
5,88.28502415458937,11.694847020933977,0.020128824476650563,,,,,,,,,,,,,
6,87.97638217928073,11.882716049382717,0.020128824476650563,0.12077294685990338,,,,,,,,,,,,
7,83.47423510466989,16.049382716049383,0.07380568974771873,0.35560923242082665,0.013419216317767043,0.03354804079441761,,,,,,,,,,
8,77.33494363929147,22.17525496511004,0.10735373054213634,0.2147074610842727,0.013419216317767043,0.15432098765432098,,,,,,,,,,
9,77.2410091250671,22.269189479334408,0.10735373054213634,0.2147074610842727,0.013419216317767043,0.15432098765432098,,,,,,,,,,
10,66.03596349973162,33.3870101986044,0.19457863660762212,0.2147074610842727,0.013419216317767043,0.15432098765432098,,,,,,,,,,
11,64.69404186795491,34.675254965110035,0.19457863660762212,0.24154589371980675,0.040257648953301126,0.15432098765432098,,,,,,,,,,
12,63.37224906065486,35.37305421363392,0.3153515834675255,0.7447665056360708,0.040257648953301126,0.15432098765432098,,,,,,,,,,
13,60.72195383789587,37.754965110037574,0.46296296296296297,0.8655394524959742,0.040257648953301126,0.15432098765432098,,,,,,,,,,
14,60.53408480944713,37.76838432635534,0.5904455179817498,0.8655394524959742,0.05367686527106817,0.1878690284487386,,,,,,,,,,
15,60.50053676865271,37.70799785292539,0.6642512077294686,0.8655394524959742,0.05367686527106817,0.20799785292538917,,,,,,,,,,
16,59.58132045088567,36.540526033279654,0.6642512077294686,2.898550724637681,0.07380568974771873,0.24154589371980675,,,,,,,,,,
17,57.80327428878154,38.27831454643049,0.6642512077294686,2.9119699409554483,0.10064412238325282,0.24154589371980675,,,,,,,,,,
18,55.26033279656468,38.0300590445518,0.8588298443370908,2.9119699409554483,2.6838432635534084,0.2549651100375738,,,,,,,,,,
19,53.247450348899626,39.93558776167472,0.9259259259259259,2.918679549114332,2.6704240472356413,0.2885131508319914,0.013419216317767043,,,,,,,,,
20,43.183038110574344,50.1610305958132,0.8252818035426731,2.871712292002147,2.6704240472356413,0.27509393451422437,0.013419216317767043,,,,,,,,,
21,41.43183038110574,51.52308105206656,1.2144390767579174,2.871712292002147,2.6704240472356413,0.27509393451422437,0.013419216317767043,,,,,,,,,
22,41.257380568974774,51.570048309178745,1.3016639828234031,2.9119699409554483,2.6704240472356413,0.27509393451422437,0.013419216317767043,,,,,,,,,
23,41.26409017713365,51.469404186795494,1.3888888888888888,2.871712292002147,2.6704240472356413,0.30864197530864196,0.013419216317767043,0.013419216317767043,,,,,,,,
24,41.27079978529254,51.14734299516908,1.6639828234031133,2.885131508319914,2.6704240472356413,0.30864197530864196,0.026838432635534086,0.013419216317767043,0.013419216317767043,,,,,,,
25,40.39855072463768,49.973161567364464,1.6237251744498122,4.9651100375738055,2.657004830917874,0.32877079978529256,0.026838432635534086,0.013419216317767043,0.013419216317767043,,,,,,,
26,36.513687600644126,53.97208803005905,1.6841116478797638,4.790660225442834,2.657004830917874,0.32877079978529256,0.026838432635534086,0.013419216317767043,0.013419216317767043,,,,,,,
27,36.46672034353194,53.898282340311326,1.7981749865807837,4.783950617283951,2.6704240472356413,0.32877079978529256,0.026838432635534086,0.013419216317767043,0.013419216317767043,,,,,,,
28,35.46027911969941,51.301663982823406,1.778046162104133,8.132045088566828,2.6704240472356413,0.32877079978529256,0.026838432635534086,0.013419216317767043,0.2885131508319914,,,,,,,
29,35.34621578099839,51.20101986044015,1.8719806763285025,8.111916264090176,2.6972624798711755,0.3824476650563607,0.026838432635534086,0.013419216317767043,0.3153515834675255,0.03354804079441761,,,,,,
30,35.258990874932906,51.17418142780462,1.9659151905528718,8.044820182501342,2.6704240472356413,0.4428341384863124,0.08051529790660225,0.013419216317767043,0.2952227589908749,0.03354804079441761,0.020128824476650563,,,,,
31,35.03086419753087,49.23510466988728,1.9994632313472893,8.011272141706923,3.294417606011809,0.4428341384863124,0.06709608158883522,0.013419216317767043,1.7847557702630166,0.03354804079441761,0.08722490606548577,,,,,
32,34.91009125067096,48.55072463768116,2.086688137412775,8.53462157809984,3.3011272141706924,0.4428341384863124,0.08722490606548577,0.020128824476650563,1.9457863660762211,0.03354804079441761,0.08722490606548577,,,,,
33,27.657004830917874,55.83735909822866,1.6103059581320451,9.198872785829307,3.2474503488996245,0.2616747181964573,0.11406333870101985,0.020128824476650563,1.9457863660762211,0.03354804079441761,0.07380568974771873,,,,,
34,27.643585614600106,55.703166935050994,1.8183038110574343,9.178743961352657,3.113258185721954,0.2616747181964573,0.13419216317767044,0.020128824476650563,1.9726247987117553,0.03354804079441761,0.12077294685990338,,,,,
35,27.569779924852387,55.501878690284485,2.033011272141707,9.23913043478261,3.0864197530864197,0.2616747181964573,0.1610305958132045,0.020128824476650563,1.9726247987117553,0.03354804079441761,0.12077294685990338,,,,,
36,27.361782071927,55.60923242082662,2.100107353730542,9.23913043478261,2.85829307568438,0.2952227589908749,0.1610305958132045,0.020128824476650563,1.9726247987117553,0.03354804079441761,0.3488996242619431,,,,,
37,27.34165324745035,55.360976918947934,2.341653247450349,9.23913043478261,2.7777777777777777,0.2952227589908749,0.24154589371980675,0.020128824476650563,1.9994632313472893,0.03354804079441761,0.3488996242619431,,,,,
38,26.529790660225444,54.830917874396135,2.5966183574879227,9.192163177670425,4.012345679012346,0.2952227589908749,0.2549651100375738,0.020128824476650563,1.8853998926462694,0.03354804079441761,0.3488996242619431,,,,,
39,26.160762211486848,53.69028448738594,2.5563607085346214,7.2933440687063875,7.454374664519592,0.30193236714975846,0.2683843263553409,0.020128824476650563,1.8853998926462694,0.06038647342995169,0.30864197530864196,,,,,
40,25.97289318303811,51.46269457863661,2.576489533011272,7.2933440687063875,9.896672034353195,0.30193236714975846,0.2885131508319914,0.020128824476650563,1.8183038110574343,0.06038647342995169,0.30864197530864196,,,,,
41,25.13419216317767,50.72463768115942,2.1940418679549114,5.917874396135265,12.27187332259796,1.221148684916801,0.322061191626409,0.040257648953301126,1.8183038110574343,0.04696725711218465,0.30864197530864196,,,,,
42,24.50348899624262,44.42431561996779,1.9592055823939882,9.447128287707997,16.069511540526033,1.1137949543746646,0.28180354267310787,0.026838432635534086,1.8250134192163177,0.020128824476650563,0.30193236714975846,0.026838432635534086,,,,
43,24.22168545356951,43.01529790660226,2.033011272141707,11.077563070316694,16.035963499731615,1.1137949543746646,0.30193236714975846,0.026838432635534086,1.8250134192163177,0.020128824476650563,0.30193236714975846,0.026838432635534086,,,,
44,24.114331723027377,40.98228663446055,2.086688137412775,10.587761674718196,17.122920021470748,1.1137949543746646,0.32877079978529256,0.026838432635534086,3.2742887815351582,0.020128824476650563,0.30193236714975846,0.040257648953301126,,,,
45,22.725442834138487,37.31884057971015,1.9189479334406871,17.64626945786366,15.197262479871176,1.1137949543746646,0.3488996242619431,0.026838432635534086,3.2474503488996245,0.04696725711218465,0.36902844873859364,0.040257648953301126,,,,
46,22.73886205045625,36.4398819108964,2.13365539452496,18.874127750939344,14.714170692431562,1.1137949543746646,0.30864197530864196,0.026838432635534086,3.2474503488996245,0.06038647342995169,0.30193236714975846,0.040257648953301126,,,,
47,22.65163714439077,32.971014492753625,5.199946323134729,18.65271068169619,15.116747181964573,1.3016639828234031,0.32877079978529256,0.026838432635534086,3.2742887815351582,0.040257648953301126,0.39586688137412773,0.040257648953301126,,,,
48,22.537573805689746,31.702898550724637,5.12614063338701,18.438003220611915,16.659957058507782,1.3150831991411702,0.33548040794417605,0.026838432635534086,3.3816425120772946,0.040257648953301126,0.39586688137412773,0.040257648953301126,,,,
49,16.740472356414386,41.55260332796565,5.025496511003757,19.55179817498658,13.311862587224907,0.5300590445517982,0.23483628556092323,0.020128824476650563,2.6033279656468062,0.026838432635534086,0.33548040794417605,0.06709608158883522,,,,
50,16.740472356414386,41.317767042404725,5.132850241545894,19.43773483628556,12.573805689747719,1.4895330112721417,0.20799785292538917,0.020128824476650563,2.6033279656468062,0.026838432635534086,0.3824476650563607,0.06709608158883522,,,,
51,16.284219001610307,42.19672571121846,5.22007514761138,19.256575415995705,11.453301127214171,1.5029522275899088,0.23483628556092323,,3.3950617283950617,0.026838432635534086,0.36231884057971014,0.06709608158883522,,,,
52,16.284219001610307,40.96886741814278,5.246913580246914,18.65271068169619,11.419753086419753,3.2675791733762747,0.23483628556092323,0.020128824476650563,3.3950617283950617,0.05367686527106817,0.36231884057971014,0.0939345142243693,,,,
53,16.009125067096083,38.077026301663984,4.99194847020934,18.35077831454643,15.318035426731079,3.066290928609769,0.23483628556092323,0.020128824476650563,3.3950617283950617,0.05367686527106817,0.3824476650563607,0.10064412238325282,,,,
54,15.995705850778315,38.04347826086956,5.072463768115942,18.283682232957595,15.304616210413311,3.066290928609769,0.24154589371980675,0.020128824476650563,3.374932903918411,0.06709608158883522,0.41599570585077833,0.11406333870101985,,,,
55,11.312399355877616,48.698336017176594,5.119431025228127,16.97530864197531,11.580783682232958,2.690552871712292,0.2214170692431562,0.020128824476650563,2.9924852388620504,0.026838432635534086,0.32877079978529256,0.03354804079441761,,,,
56,11.312399355877616,48.68491680085883,5.260332796564681,16.928341384863124,11.56736446591519,2.5295222758990876,0.23483628556092323,0.020128824476650563,2.9924852388620504,0.026838432635534086,0.3757380568974772,0.06709608158883522,,,,
57,11.245303274288782,48.68491680085883,5.938003220611916,16.941760601180892,11.56736446591519,2.5295222758990876,0.23483628556092323,0.08051529790660225,2.3349436392914655,,0.3757380568974772,0.06709608158883522,,,,
58,11.265432098765432,48.01395598497048,6.038647342995169,16.928341384863124,11.513687600644122,2.5026838432635534,0.23483628556092323,0.08051529790660225,2.9253891572732154,,0.3757380568974772,0.12077294685990338,,,,
59,11.258722490606548,47.73215244229737,6.293612453032743,16.914922168545356,11.513687600644122,2.5026838432635534,0.2683843263553409,0.08051529790660225,2.9253891572732154,0.020128824476650563,0.3824476650563607,0.10735373054213634,,,,
60,11.211755233494364,46.34997316156736,6.327160493827161,15.22410091250671,15.042941492216855,2.073268921095008,0.2616747181964573,0.08051529790660225,2.9253891572732154,0.020128824476650563,0.4025764895330113,0.08051529790660225,,,,
61,11.077563070316694,46.07487922705314,5.864197530864198,15.479066022544284,15.03623188405797,2.952227589908749,0.2616747181964573,0.08051529790660225,2.657004830917874,0.026838432635534086,0.4025764895330113,0.08722490606548577,,,,
62,11.084272678475577,45.67901234567901,5.763553408480945,15.4723564143854,14.942297369833602,2.952227589908749,0.27509393451422437,0.11406333870101985,3.1870638754696725,0.026838432635534086,0.41599570585077833,0.08722490606548577,,,,
63,11.05072463768116,45.29656468062265,5.676328502415459,14.76784755770263,14.526301663982823,2.9723564143853998,0.3488996242619431,0.08051529790660225,4.7101449275362315,0.026838432635534086,0.4294149221685454,0.11406333870101985,,,,
64,10.876274825550189,49.19484702093398,5.038915727321524,10.896403650026839,13.607085346215781,5.2066559312936125,0.30193236714975846,0.08051529790660225,4.17337627482555,0.026838432635534086,0.43612453032742887,0.1610305958132045,,,,
65,10.789049919484702,48.91304347826087,5.233494363929147,10.896403650026839,13.600375738056897,5.414653784219001,0.30193236714975846,0.08051529790660225,4.17337627482555,0.026838432635534086,0.39586688137412773,0.17444981213097155,,,,
66,10.82259796027912,48.8191089640365,5.267042404723564,10.876274825550189,13.560118089103597,5.434782608695652,0.32877079978529256,0.08051529790660225,4.139828234031133,0.06038647342995169,0.4092860976918948,0.20128824476650564,,,,
67,10.339506172839506,49.302200751476114,5.300590445517981,10.849436392914654,13.479602791196994,5.387815351583468,0.39586688137412773,0.08051529790660225,4.106280193236715,0.10064412238325282,0.4092860976918948,0.24825550187869028,,,,
68,9.655126140633387,48.35614600107354,3.878153515834675,12.99651100375738,12.721417069243156,8.252818035426731,0.32877079978529256,0.04696725711218465,3.079710144927536,0.06709608158883522,0.36902844873859364,0.24825550187869028,,,,
69,9.668545356951155,48.087761674718195,4.126409017713366,12.949543746645196,12.734836285560924,8.252818035426731,0.32877079978529256,0.04696725711218465,3.079710144927536,0.06709608158883522,0.4092860976918948,0.24825550187869028,,,,
70,9.668545356951155,48.027375201288244,4.294149221685454,12.949543746645196,12.70799785292539,8.13875469672571,0.32877079978529256,0.04696725711218465,3.079710144927536,0.06709608158883522,0.4092860976918948,0.28180354267310787,,,,
71,9.688674181427805,47.93344068706388,4.374664519592056,12.949543746645196,12.647611379495437,8.111916264090176,0.32877079978529256,0.04696725711218465,3.079710144927536,0.06709608158883522,0.4092860976918948,0.36231884057971014,,,,
72,9.681964573268921,47.77241009125067,4.388083735909823,12.741545893719806,12.580515297906603,8.393719806763285,0.5233494363929146,0.04696725711218465,3.066290928609769,0.08051529790660225,0.36902844873859364,0.35560923242082665,,,,
73,9.574610842726784,47.52415458937198,4.616210413311863,12.741545893719806,12.627482555018787,8.474235104669887,0.5233494363929146,0.04696725711218465,3.0327428878153517,0.11406333870101985,0.36902844873859364,0.35560923242082665,,,,
74,9.581320450885668,47.41009125067096,4.7101449275362315,12.775093934514224,12.627482555018787,8.407139023081053,0.5233494363929146,0.04696725711218465,3.0327428878153517,0.11406333870101985,0.36902844873859364,0.4025764895330113,,,,
75,9.581320450885668,47.12157809983897,4.998658078368224,12.775093934514224,12.587224906065487,8.407139023081053,0.5367686527106817,0.04696725711218465,3.046162104133119,0.13419216317767044,0.36902844873859364,0.39586688137412773,,,,
76,9.54777241009125,46.88003220611916,5.260332796564681,11.506977992485238,13.841921631776705,8.407139023081053,0.5568974771873323,0.04696725711218465,3.0730005367686526,0.13419216317767044,0.33548040794417605,0.4092860976918948,,,,
77,9.567901234567902,46.75925925925926,5.293880837359098,11.406333870101985,13.841921631776705,8.407139023081053,0.5703166935050993,0.04696725711218465,3.1333870101986045,0.13419216317767044,0.4294149221685454,0.4092860976918948,,,,
78,9.514224369296834,46.57139023081052,5.314009661835748,11.386205045625335,14.143853998926463,8.132045088566828,0.6172839506172839,0.04696725711218465,3.2139023081052067,0.1610305958132045,0.4495437466451959,0.4495437466451959,,,,
79,9.520933977455716,44.947665056360705,6.9243156199677935,11.379495437466453,14.143853998926463,8.145464304884594,0.6172839506172839,0.04696725711218465,3.2139023081052067,0.1610305958132045,0.4495437466451959,0.4495437466451959,,,,
80,9.265968867418144,44.43102522812668,6.951154052603328,11.372785829307569,14.794685990338165,8.132045088566828,0.644122383252818,0.04696725711218465,3.2340311325818574,0.1610305958132045,0.4495437466451959,0.5166398282340311,,,,
81,9.23913043478261,43.68625872249061,7.561728395061729,11.345947396672035,14.741009125067096,8.11862587224906,0.6709608158883521,0.12077294685990338,3.2675791733762747,0.1610305958132045,0.46967257112184646,0.6172839506172839,,,,
82,9.232420826623725,41.317767042404725,9.876543209876543,11.332528180354267,14.640365002683843,8.11862587224906,0.7246376811594203,0.12077294685990338,3.2675791733762747,0.1610305958132045,0.5166398282340311,0.6642512077294686,0.026838432635534086,,,
83,9.219001610305957,41.337895866881375,9.86983360171766,11.285560923242082,14.626945786366075,8.13875469672571,0.7313472893183038,0.12077294685990338,3.280998389694042,0.1610305958132045,0.5568974771873323,0.644122383252818,0.026838432635534086,,,
84,8.876811594202898,38.399087493290395,9.634997316156737,13.030059044551798,14.412238325281804,8.11862587224906,0.7716049382716049,0.13419216317767044,5.273752012882448,0.11406333870101985,0.5568974771873323,0.644122383252818,0.03354804079441761,,,
85,8.57487922705314,37.996511003757384,9.594739667203436,15.291196994095545,13.103864734299517,8.111916264090176,0.7648953301127214,0.13419216317767044,5.032206119162641,0.14761137949543746,0.5703166935050993,0.644122383252818,0.03354804079441761,,,
86,8.601717659688674,37.936124530327426,9.628287707997853,15.257648953301127,13.097155126140633,8.145464304884594,0.7648953301127214,0.13419216317767044,4.99194847020934,0.1610305958132045,0.6038647342995169,0.644122383252818,0.03354804079441761,,,
87,8.55475040257649,37.915995705850776,9.628287707997853,16.982018250134193,11.976650563607086,7.796564680622652,0.7045088566827697,0.13419216317767044,4.951690821256038,0.20128824476650564,0.5166398282340311,0.6038647342995169,0.03354804079441761,,,
88,8.59500805152979,37.6610305958132,9.842995169082126,16.955179817498657,11.976650563607086,7.816693505099302,0.7045088566827697,0.14761137949543746,4.931561996779388,0.20128824476650564,0.5300590445517982,0.6038647342995169,0.03354804079441761,,,
89,8.568169618894256,37.02361782071927,9.433709071390231,16.935050993022006,13.077026301663983,7.816693505099302,0.6709608158883521,0.14761137949543746,4.918142780461621,0.1878690284487386,0.5568974771873323,0.630703166935051,0.03354804079441761,,,
90,8.514492753623188,35.04428341384863,9.05126140633387,20.8064949006978,13.378958668813741,7.856951154052603,0.6172839506172839,0.14090177133655393,3.5091250670960816,0.10064412238325282,0.3824476650563607,0.5636070853462157,0.03354804079441761,,,
91,8.064949006977992,34.29951690821256,10.399892646269459,21.792807300053678,12.365807836822329,7.836822329575953,0.5568974771873323,0.14090177133655393,3.549382716049383,0.10064412238325282,0.46296296296296297,0.39586688137412773,0.03354804079441761,,,
92,8.051529790660226,34.20558239398819,10.527375201288244,21.68545356951154,12.359098228663447,7.85024154589372,0.5837359098228664,0.14090177133655393,3.535963499731616,0.10064412238325282,0.5300590445517982,0.39586688137412773,0.03354804079441761,,,
93,8.05823939881911,33.641975308641975,9.473966720343531,21.672034353193773,14.04320987654321,7.856951154052603,0.5904455179817498,0.08051529790660225,3.5091250670960816,0.10064412238325282,0.5434782608695652,0.39586688137412773,0.03354804079441761,,,
94,8.05823939881911,33.46081588835212,9.655126140633387,21.672034353193773,14.070048309178745,7.856951154052603,0.5904455179817498,0.08051529790660225,3.4822866344605474,0.10064412238325282,0.5434782608695652,0.39586688137412773,0.03354804079441761,,,
95,7.27992485238862,32.347020933977454,9.514224369296834,24.06736446591519,14.016371443907676,7.541599570585078,0.644122383252818,0.06038647342995169,3.321256038647343,0.10064412238325282,0.6776704240472357,0.39586688137412773,0.03354804079441761,,,
96,7.2933440687063875,32.18599033816425,10.144927536231885,23.57085346215781,14.016371443907676,7.541599570585078,0.6239935587761675,0.06038647342995169,3.3413848631239937,0.10064412238325282,0.6910896403650026,0.39586688137412773,0.03354804079441761,,,
97,7.306763285024155,32.01154052603328,10.225442834138486,23.483628556092324,14.002952227589908,7.50805152979066,0.6239935587761675,0.06038647342995169,3.4621578099838968,0.10735373054213634,0.7447665056360708,0.4294149221685454,0.03354804079441761,,,
98,7.306763285024155,31.756575415995705,10.326086956521738,22.82608695652174,14.761137949543746,7.48792270531401,0.6239935587761675,0.08051529790660225,3.475577026301664,0.12077294685990338,0.7380568974771873,0.46296296296296297,0.03354804079441761,,,
99,7.320182501341922,31.749865807836823,10.339506172839506,22.77241009125067,15.190552871712292,7.071926999463232,0.6239935587761675,0.05367686527106817,3.488996242619431,0.12077294685990338,0.7380568974771873,0.49651100375738055,0.03354804079441761,,,
100,7.306763285024155,31.709608158883523,10.326086956521738,22.705314009661837,15.063070316693505,7.085346215780999,0.630703166935051,0.0939345142243693,3.5091250670960816,0.13419216317767044,0.9393451422436929,0.46296296296296297,0.03354804079441761,,,
101,7.286634460547504,31.488191089640367,10.554213633923778,22.65163714439077,14.660493827160494,7.615405260332796,0.6038647342995169,0.12077294685990338,3.5225442834138487,0.13419216317767044,0.9192163177670424,0.4092860976918948,0.03354804079441761,,,
102,7.326892109500805,31.4747718733226,10.527375201288244,22.644927536231883,14.63365539452496,7.615405260332796,0.6239935587761675,0.12077294685990338,3.556092324208266,0.13419216317767044,0.8990874932903918,0.4092860976918948,0.03354804079441761,,,
103,7.340311325818572,31.374127750939344,10.59447128287708,22.644927536231883,14.63365539452496,7.628824476650563,0.6239935587761675,0.12077294685990338,3.5762211486849167,0.13419216317767044,0.8856682769726248,0.4092860976918948,0.03354804079441761,,,
104,7.273215244229737,31.253354804079443,10.587761674718196,22.57783145464305,14.855072463768115,7.628824476650563,0.5837359098228664,0.12077294685990338,3.5963499731615673,0.13419216317767044,0.9057971014492754,0.43612453032742887,0.04696725711218465,,,
105,7.273215244229737,31.13929146537842,10.661567364465915,22.57783145464305,14.834943639291465,7.628824476650563,0.644122383252818,0.12077294685990338,3.5963499731615673,0.13419216317767044,0.9057971014492754,0.43612453032742887,0.04696725711218465,,,
106,7.25979602791197,31.092324208266238,10.836017176596886,22.403381642512077,14.814814814814815,7.635534084809447,0.6910896403650026,0.08051529790660225,3.5963499731615673,0.13419216317767044,0.9728931830381106,0.43612453032742887,0.04696725711218465,,,
107,7.1725711218464845,31.199677938808374,10.815888352120236,22.34970477724101,14.80810520665593,7.669082125603865,0.6910896403650026,0.08722490606548577,3.5963499731615673,0.13419216317767044,0.9930220075147611,0.43612453032742887,0.04696725711218465,,,
108,7.1658615136876005,31.159420289855074,10.82259796027912,22.14170692431562,14.53972088030059,7.96430488459474,0.6910896403650026,0.0939345142243693,3.616478797638218,0.13419216317767044,1.107085346215781,0.49651100375738055,0.06709608158883522,,,
109,6.951154052603328,30.92458400429415,10.916532474503489,21.73913043478261,15.94873859366613,7.4141170155662905,0.7045088566827697,0.0939345142243693,3.408480944712829,0.14090177133655393,1.2345679012345678,0.4562533548040794,0.06709608158883522,,,
110,6.951154052603328,30.783682232957595,11.037305421363392,21.732420826623724,15.935319377348362,7.4141170155662905,0.7179280730005367,0.12077294685990338,3.408480944712829,0.14090177133655393,1.2345679012345678,0.4562533548040794,0.06709608158883522,,,
111,6.951154052603328,30.71658615136876,11.131239935587761,21.69887278582931,15.901771336553946,7.39398819108964,0.7581857219538379,0.12077294685990338,3.361513687600644,0.17444981213097155,1.247987117552335,0.47638217928073,0.06709608158883522,,,
112,6.977992485238862,30.589103596349972,11.20504562533548,21.591519055287172,15.801127214170693,7.387278582930757,0.8521202361782072,0.12077294685990338,3.408480944712829,0.14090177133655393,1.3821792807300053,0.47638217928073,0.06709608158883522,,,
113,6.998121309715513,30.173107890499196,10.084541062801932,23.89291465378422,15.727321524422974,6.971282877079979,0.785024154589372,0.11406333870101985,3.294417606011809,0.1274825550187869,1.3486312399355878,0.41599570585077833,0.06709608158883522,,,
114,6.749865807836822,29.844337090713903,10.158346752549651,24.52361782071927,15.53274288781535,6.944444444444445,0.8387010198604401,0.11406333870101985,3.294417606011809,0.1274825550187869,1.3888888888888888,0.41599570585077833,0.06709608158883522,,,
115,6.8035426731078905,29.777241009125067,10.104669887278583,24.490069779924852,15.53274288781535,6.944444444444445,0.8387010198604401,0.11406333870101985,3.2675791733762747,0.1274825550187869,1.5163714439076759,0.41599570585077833,0.06709608158883522,,,
116,6.830381105743425,29.428341384863124,10.165056360708535,26.288244766505635,14.304884594739667,6.877348362855609,0.6910896403650026,0.11406333870101985,3.240740740740741,0.1274825550187869,1.4224369296833066,0.41599570585077833,0.0939345142243693,,,
117,6.743156199677939,29.32769726247987,10.25228126677402,26.227858293075684,14.170692431561998,6.884057971014493,0.8387010198604401,0.11406333870101985,3.240740740740741,0.1274825550187869,1.5633387010198605,0.41599570585077833,0.0939345142243693,,,
118,6.575415995705851,27.4422973698336,9.930220075147611,26.1808910359635,16.61969940955448,6.843800322061192,0.8990874932903918,0.11406333870101985,3.1468062265163717,0.1274825550187869,1.596886741814278,0.41599570585077833,0.10735373054213634,,,
119,6.602254428341385,27.32823403113258,10.057702630166398,26.154052603327965,16.586151368760063,6.830381105743425,0.8990874932903918,0.11406333870101985,3.1468062265163717,0.1274825550187869,1.596886741814278,0.4495437466451959,0.10735373054213634,,,
120,6.099033816425121,26.73107890499195,10.010735373054214,27.194041867954912,16.485507246376812,6.830381105743425,1.0399892646269457,0.11406333870101985,3.1870638754696725,0.14090177133655393,1.6103059581320451,0.4495437466451959,0.10735373054213634,,,
121,6.085614600107354,26.643853998926463,10.02415458937198,26.798174986580783,16.472088030059044,7.4208266237251745,1.0466988727858293,0.11406333870101985,3.180354267310789,0.14090177133655393,1.482823403113258,0.4495437466451959,0.14090177133655393,,,
122,6.146001073537305,26.603596349973163,9.997316156736447,26.69753086419753,16.418411164787976,7.454374664519592,1.1272141706924315,0.11406333870101985,3.180354267310789,0.14090177133655393,1.5096618357487923,0.4495437466451959,0.1610305958132045,,,
123,6.1862587224906065,26.482823403113258,9.849704777241008,26.670692431561996,16.344605475040257,7.347020933977456,1.1808910359634996,0.11406333870101985,3.280998389694042,0.15432098765432098,1.7914653784219001,0.4294149221685454,0.16774020397208803,,,
124,6.179549114331723,26.442565754159958,9.829575952764358,26.603596349973163,16.344605475040257,7.306763285024155,1.1943102522812667,0.11406333870101985,3.280998389694042,0.15432098765432098,1.865271068169619,0.5166398282340311,0.16774020397208803,,,
125,6.125872249060655,25.369028448738593,10.010735373054214,24.550456253354803,16.31105743424584,7.286634460547504,1.2278582930756843,0.11406333870101985,6.246645195920558,0.1878690284487386,1.8853998926462694,0.5166398282340311,0.16774020397208803,,,
126,6.146001073537305,25.308641975308642,10.010735373054214,26.435856146001072,15.693773483628556,6.052066559312936,1.2144390767579174,0.11406333870101985,6.3137412775093935,0.1878690284487386,1.9256575415995705,0.4294149221685454,0.16774020397208803,,,
127,6.152710681696189,25.308641975308642,10.017444981213098,26.402308105206657,15.68035426731079,6.052066559312936,1.2144390767579174,0.11406333870101985,6.3137412775093935,0.1878690284487386,1.9256575415995705,0.4428341384863124,0.1878690284487386,,,
128,6.199677938808374,25.288513150831992,10.010735373054214,26.25469672571122,15.666935050993022,6.052066559312936,1.2144390767579174,0.11406333870101985,6.333870101986044,0.1878690284487386,2.046430488459474,0.4428341384863124,0.1878690284487386,,,
129,6.233225979602791,25.234836285560924,10.00402576489533,26.27482555018787,15.660225442834138,6.038647342995169,1.2144390767579174,0.11406333870101985,6.333870101986044,0.1878690284487386,2.046430488459474,0.46967257112184646,0.1878690284487386,,,
130,6.233225979602791,25.194578636607623,10.037573805689748,26.154052603327965,15.646806226516372,6.038647342995169,1.221148684916801,0.11406333870101985,6.3070316693505095,0.1878690284487386,2.1135265700483092,0.5032206119162641,0.24825550187869028,,,
131,6.246645195920558,25.087224906065487,10.326086956521738,25.966183574879228,15.660225442834138,5.964841653247451,1.2748255501878691,0.11406333870101985,6.280193236714976,0.2147074610842727,2.1135265700483092,0.5032206119162641,0.24825550187869028,,,
132,6.266774020397209,25.033548040794418,10.38647342995169,25.38244766505636,16.404991948470208,5.776972624798712,1.247987117552335,0.11406333870101985,6.280193236714976,0.24154589371980675,2.120236178207193,0.49651100375738055,0.24825550187869028,,,
133,6.260064412238325,22.893183038110575,10.044283413848632,25.97289318303811,15.4723564143854,8.568169618894256,1.1943102522812667,0.11406333870101985,6.300322061191626,0.24154589371980675,2.1403650026838434,0.5501878690284487,0.24825550187869028,,,
134,6.273483628556092,22.819377348362856,10.198604401502953,25.95276435856146,15.378421900161031,8.447396672034353,1.2748255501878691,0.11406333870101985,6.286902844873859,0.2616747181964573,2.167203435319377,0.5770263016639828,0.24825550187869028,,,
135,6.273483628556092,22.758990874932906,10.205314009661835,25.91250670960816,15.398550724637682,8.447396672034353,1.288244766505636,0.11406333870101985,6.327160493827161,0.2616747181964573,2.187332259796028,0.5770263016639828,0.24825550187869028,,,
136,6.253354804079442,22.75228126677402,10.265700483091788,25.81857219538379,15.398550724637682,8.460815888352121,1.3419216317767042,0.11406333870101985,6.273483628556092,0.2616747181964573,2.2208803005904456,0.6105743424584005,0.2281266774020397,,,
137,6.273483628556092,22.725442834138487,10.305958132045088,25.81857219538379,15.398550724637682,8.447396672034353,1.3217928073000538,0.11406333870101985,6.273483628556092,0.2616747181964573,2.2208803005904456,0.6105743424584005,0.2281266774020397,,,
138,5.730005367686527,21.38352120236178,9.950348899624261,28.401771336553946,13.607085346215781,10.86285560923242,1.2748255501878691,0.11406333870101985,5.3341384863123995,0.2281266774020397,2.2611379495437465,0.6239935587761675,0.2281266774020397,,,
139,5.71658615136876,21.38352120236178,9.916800858829845,28.388352120236178,13.593666129898015,10.84272678475577,1.2748255501878691,0.11406333870101985,5.387815351583468,0.2281266774020397,2.2745571658615136,0.6508319914117016,0.2281266774020397,,,
140,5.689747718733226,21.336553945249598,9.950348899624261,28.401771336553946,13.600375738056897,10.836017176596886,1.2748255501878691,0.11406333870101985,5.401234567901234,0.2281266774020397,2.281266774020397,0.6575415995705851,0.2281266774020397,,,
141,5.709876543209877,21.336553945249598,9.950348899624261,28.395061728395063,13.573537305421363,10.82259796027912,1.3016639828234031,0.11406333870101985,5.401234567901234,0.2281266774020397,2.281266774020397,0.6575415995705851,0.2281266774020397,,,
142,5.71658615136876,21.26945786366076,10.037573805689748,28.32125603864734,13.573537305421363,10.836017176596886,1.3016639828234031,0.15432098765432098,5.407944176060118,0.2281266774020397,2.26784755770263,0.6575415995705851,0.2281266774020397,,,
143,5.689747718733226,21.22249060654858,10.077831454643048,28.29441760601181,13.58695652173913,10.775630703166936,1.3150831991411702,0.15432098765432098,5.421363392377885,0.24825550187869028,2.2745571658615136,0.7112184648416533,0.2281266774020397,,,
144,5.6964573268921095,21.18894256575416,10.104669887278583,28.29441760601181,13.560118089103597,10.762211486849168,1.3419216317767042,0.15432098765432098,5.421363392377885,0.24825550187869028,2.2745571658615136,0.7246376811594203,0.2281266774020397,,,
145,5.609232420826624,20.685721953837895,10.091250670960816,28.166935050993022,13.546698872785829,10.755501878690284,1.3486312399355878,0.15432098765432098,6.246645195920558,0.24825550187869028,2.3081052066559313,0.6977992485238862,0.14090177133655393,,,
146,5.609232420826624,20.632045088566827,10.111379495437467,28.099838969404185,13.533279656468062,10.715244229736983,1.3486312399355878,0.15432098765432098,6.239935587761675,0.24154589371980675,2.408749329039184,0.7648953301127214,0.14090177133655393,,,
147,5.649490069779925,20.611916264090176,10.017444981213098,28.06629092860977,13.533279656468062,10.674986580783683,1.3486312399355878,0.15432098765432098,6.320450885668277,0.24154589371980675,2.442297369833602,0.798443370907139,0.14090177133655393,,,
148,5.683038110574342,20.585077831454644,10.017444981213098,27.905260332796566,13.446054750402576,10.654857756307031,1.3486312399355878,0.1878690284487386,6.3137412775093935,0.24154589371980675,2.677133655394525,0.798443370907139,0.14090177133655393,,,
149,5.3341384863123995,32.88378958668814,8.849973161567364,24.14787976382179,8.68894256575416,9.333064949006978,0.9863123993558777,0.17444981213097155,6.206387546967257,0.24154589371980675,2.2342995169082127,0.7783145464304885,0.14090177133655393,,,
150,5.320719269994632,30.971551261406333,7.803274288781535,24.12775093934514,8.68894256575416,9.151905528717123,0.9728931830381106,0.14090177133655393,9.54777241009125,0.2281266774020397,2.2342995169082127,0.7112184648416533,0.10064412238325282,,,
151,5.280461621041331,30.917874396135264,7.843531937734836,24.094202898550726,10.010735373054214,7.950885668276973,0.9728931830381106,0.14090177133655393,9.50751476113795,0.2549651100375738,2.24771873322598,0.644122383252818,0.13419216317767044,,,
152,5.293880837359098,30.88432635534085,7.85024154589372,24.060654857756308,9.990606548577563,7.98443370907139,0.9728931830381106,0.14090177133655393,9.514224369296834,0.2549651100375738,2.2745571658615136,0.644122383252818,0.13419216317767044,,,
153,5.314009661835748,30.857487922705314,7.816693505099302,24.000268384326354,9.990606548577563,7.957595276435856,0.9796027911969941,0.14090177133655393,9.567901234567902,0.2549651100375738,2.301395598497048,0.6776704240472357,0.14090177133655393,,,
154,5.280461621041331,30.823939881910896,7.796564680622652,23.993558776167472,9.936929683306495,7.924047235641439,1.0198604401502953,0.15432098765432098,9.520933977455716,0.28180354267310787,2.4355877616747184,0.6776704240472357,0.15432098765432098,,,
155,5.314009661835748,29.857756307031668,7.4141170155662905,23.89291465378422,9.86983360171766,7.897208803005904,1.0869565217391304,0.14761137949543746,10.983628556092324,0.28180354267310787,2.462426194310252,0.6508319914117016,0.14090177133655393,,,
156,5.300590445517981,29.7638217928073,7.447665056360709,23.859366612989803,9.836285560923242,8.004562533548041,1.093666129898014,0.14761137949543746,10.976918947933441,0.28180354267310787,2.49597423510467,0.6508319914117016,0.14090177133655393,,,
157,5.3274288781535155,29.683306494900698,7.514761137949543,23.738593666129898,9.816156736446592,8.004562533548041,1.1137949543746646,0.14761137949543746,10.976918947933441,0.28180354267310787,2.6033279656468062,0.6508319914117016,0.14090177133655393,,,
158,5.340848094471283,29.60950080515298,7.588566827697263,23.68491680085883,9.789318303811058,7.977724100912507,1.1272141706924315,0.14761137949543746,10.990338164251208,0.28180354267310787,2.636876006441224,0.6843800322061192,0.14090177133655393,,,
159,5.307300053676865,29.421631776704242,7.098765432098766,22.33628556092324,11.882716049382717,7.957595276435856,1.1205045625335481,0.14761137949543746,10.976918947933441,0.28180354267310787,2.6435856146001075,0.6843800322061192,0.14090177133655393,,,
160,5.287171229200215,29.414922168545356,7.092055823939882,22.15512614063339,11.98336017176597,7.977724100912507,1.133923778851315,0.14761137949543746,10.976918947933441,0.28180354267310787,2.6637144390767578,0.7313472893183038,0.15432098765432098,,,
161,5.347557702630167,28.723832528180353,7.1658615136876005,21.658615136876005,11.929683306494901,9.172034353193773,1.1674718196457328,0.14761137949543746,10.963499731615673,0.2616747181964573,2.5966183574879227,0.7112184648416533,0.15432098765432098,,,
162,5.314009661835748,28.6231884057971,7.199409554482019,21.651905528717123,11.81561996779388,9.172034353193773,1.1674718196457328,0.12077294685990338,10.963499731615673,0.2616747181964573,2.85829307568438,0.6977992485238862,0.15432098765432098,,,
163,5.3341384863123995,28.56280193236715,7.206119162640902,21.631776704240472,11.735104669887278,9.158615136876007,1.1674718196457328,0.1610305958132045,10.943370907139023,0.2952227589908749,2.8918411164787976,0.7581857219538379,0.15432098765432098,,,
164,5.3341384863123995,28.509125067096083,7.246376811594203,21.504294149221685,11.735104669887278,9.118357487922705,1.2010198604401503,0.1610305958132045,10.943370907139023,0.2952227589908749,2.985775630703167,0.8118625872249061,0.15432098765432098,,,
165,5.300590445517981,28.099838969404185,7.6556629092860975,21.511003757380568,11.66129898013956,9.057971014492754,1.2681159420289856,0.19457863660762212,10.95679012345679,0.322061191626409,2.985775630703167,0.798443370907139,0.1878690284487386,,,
166,5.314009661835748,27.965646806226516,7.991143317230274,21.235909822866343,11.580783682232958,9.037842190016104,1.2681159420289856,0.19457863660762212,10.970209339774557,0.322061191626409,3.1199677938808374,0.8118625872249061,0.1878690284487386,,,
167,5.320719269994632,27.95222758990875,7.991143317230274,21.088298443370906,11.580783682232958,8.943907675791733,1.402308105206656,0.19457863660762212,10.990338164251208,0.33548040794417605,3.1870638754696725,0.8252818035426731,0.1878690284487386,,,
168,5.293880837359098,27.4020397208803,7.883789586688137,21.732420826623724,11.137949543746645,10.071121846484166,1.3620504562533549,0.18115942028985507,10.198604401502953,0.33548040794417605,3.2675791733762747,0.9460547504025765,0.1878690284487386,,,
169,5.320719269994632,27.254428341384862,8.219269994632313,21.55126140633387,11.117820719269995,10.091250670960816,1.3821792807300053,0.19457863660762212,10.165056360708535,0.36231884057971014,3.207192699946323,0.9460547504025765,0.1878690284487386,,,
170,5.3274288781535155,27.167203435319376,8.373590982286634,21.504294149221685,11.077563070316694,10.091250670960816,1.3955984970477724,0.19457863660762212,10.158346752549651,0.35560923242082665,3.2139023081052067,0.9460547504025765,0.1878690284487386,0.0067096081588835215,,
171,5.347557702630167,27.140365002683843,8.373590982286634,21.490874932903917,11.05072463768116,10.057702630166398,1.4224369296833066,0.19457863660762212,10.238862050456254,0.32877079978529256,3.1870638754696725,0.9728931830381106,0.1878690284487386,0.0067096081588835215,,
172,5.320719269994632,27.100107353730543,8.413848631239935,21.235909822866343,11.54723564143854,9.930220075147611,1.442565754159957,0.19457863660762212,10.151637144390767,0.35560923242082665,3.140096618357488,0.9728931830381106,0.1878690284487386,0.0067096081588835215,,
173,5.300590445517981,26.99946323134729,8.541331186258722,21.215780998389693,11.520397208803006,9.91009125067096,1.4626945786366077,0.19457863660762212,10.151637144390767,0.35560923242082665,3.1535158346752548,0.9997316156736447,0.1878690284487386,0.0067096081588835215,,
174,5.340848094471283,26.939076757917338,8.588298443370908,21.162104133118625,11.486849168008588,9.883252818035427,1.4962426194310252,0.19457863660762212,10.151637144390767,0.3757380568974772,3.1870638754696725,0.9997316156736447,0.1878690284487386,0.0067096081588835215,,
175,5.226784755770263,26.684111647879764,8.561460010735374,21.68545356951154,11.446591519055287,9.742351046698873,1.5365002683843263,0.19457863660762212,10.131508319914117,0.3824476650563607,3.2139023081052067,0.9997316156736447,0.1878690284487386,0.0067096081588835215,,
176,5.119431025228127,26.44927536231884,8.608427267847558,21.62506709608159,11.896135265700483,9.73564143853999,1.5767579173376274,0.19457863660762212,9.98389694041868,0.35560923242082665,3.227321524422974,1.0332796564680622,0.1878690284487386,0.0067096081588835215,,
