,45,50,55,51,52,56,53,57,54,58,59,60,61
0,93.9747718733226,6.011808910359635,0.013419216317767043,,,,,,,,,,
1,93.94793344068707,6.038647342995169,0.013419216317767043,,,,,,,,,,
2,88.25147611379495,11.453301127214171,0.013419216317767043,0.14090177133655393,0.14090177133655393,,,,,,,,
3,88.17767042404724,11.493558776167472,0.04696725711218465,0.14090177133655393,0.14090177133655393,,,,,,,,
4,86.96994095544821,12.701288244766506,0.04696725711218465,0.14090177133655393,0.14090177133655393,,,,,,,,
5,84.2055823939882,14.472624798711756,0.08051529790660225,1.107085346215781,0.13419216317767044,,,,,,,,
6,84.18545356951154,14.492753623188406,0.08051529790660225,1.107085346215781,0.13419216317767044,,,,,,,,
7,71.60493827160494,24.60413311862587,0.07380568974771873,3.5829307568438002,0.13419216317767044,,,,,,,,
8,71.45061728395062,24.698067632850243,0.13419216317767044,3.5829307568438002,0.13419216317767044,,,,,,,,
9,70.99436392914654,25.214707461084274,0.13419216317767044,3.5225442834138487,0.13419216317767044,,,,,,,,
10,68.92109500805152,24.97987117552335,0.10735373054213634,3.5225442834138487,2.4691358024691357,,,,,,,,
11,68.92109500805152,24.476650563607084,0.10735373054213634,3.4822866344605474,3.012614063338701,,,,,,,,
12,58.60842726784756,30.139559849704778,0.0939345142243693,8.111916264090176,3.012614063338701,0.03354804079441761,,,,,,,
13,57.03166935050993,29.54911433172303,0.0939345142243693,10.379763821792807,2.9119699409554483,0.03354804079441761,,,,,,,
14,57.03166935050993,29.13311862587225,0.5300590445517982,10.359634997316157,2.9119699409554483,0.03354804079441761,,,,,,,
15,55.79710144927536,30.44820182501342,0.5300590445517982,10.279119699409554,2.9119699409554483,0.03354804079441761,,,,,,,
16,55.81052066559313,30.434782608695652,0.5300590445517982,10.279119699409554,2.9119699409554483,0.03354804079441761,,,,,,,
17,54.106280193236714,32.306763285024154,0.5501878690284487,10.258990874932904,2.7442297369833604,0.03354804079441761,,,,,,,
18,54.08615136876006,32.326892109500804,0.5501878690284487,10.23215244229737,2.7442297369833604,0.06038647342995169,,,,,,,
19,54.05931293612453,30.971551261406333,0.5770263016639828,10.02415458937198,4.30756843800322,0.06038647342995169,,,,,,,
20,53.60305958132045,31.280193236714975,0.5770263016639828,10.017444981213098,4.30756843800322,0.06038647342995169,0.15432098765432098,,,,,,
21,51.409017713365536,33.23268921095008,0.5770263016639828,10.017444981213098,4.549114331723027,0.06038647342995169,0.15432098765432098,,,,,,
22,42.941492216854535,39.65378421900161,0.7917337627482555,8.373590982286634,8.024691358024691,0.06038647342995169,0.15432098765432098,,,,,,
23,42.954911433172306,39.64707461084273,0.7917337627482555,8.55475040257649,7.803274288781535,0.06038647342995169,0.15432098765432098,0.03354804079441761,,,,,
24,38.64734299516908,40.465646806226516,0.32877079978529256,8.55475040257649,11.75523349436393,0.06038647342995169,0.15432098765432098,0.03354804079441761,,,,,
25,35.7085346215781,39.84836285560923,0.2952227589908749,12.198067632850242,11.708266237251744,0.06038647342995169,0.040257648953301126,0.14090177133655393,,,,,
26,34.96376811594203,41.0426731078905,0.2952227589908749,12.198067632850242,11.258722490606548,0.06038647342995169,0.040257648953301126,0.14090177133655393,,,,,
27,34.96376811594203,40.98899624261943,0.322061191626409,12.224906065485776,11.258722490606548,0.06038647342995169,0.040257648953301126,0.14090177133655393,,,,,
28,34.997316156736446,40.98228663446055,0.322061191626409,12.198067632850242,11.258722490606548,0.06038647342995169,0.040257648953301126,0.14090177133655393,,,,,
29,33.43397745571659,42.60601180891036,0.47638217928073,12.184648416532475,11.097691894793345,0.06038647342995169,,0.14090177133655393,,,,,
30,33.49436392914654,41.1231884057971,0.2952227589908749,12.130971551261407,10.010735373054214,0.06038647342995169,2.791196994095545,0.0939345142243693,,,,,
31,32.14573268921095,42.76704240472356,0.2683843263553409,12.104133118625873,9.708803005904455,0.06038647342995169,2.818035426731079,0.0939345142243693,0.03354804079441761,,,,
32,29.66988727858293,45.24288781535159,0.2683843263553409,12.104133118625873,9.708803005904455,0.06038647342995169,2.818035426731079,0.0939345142243693,0.03354804079441761,,,,
33,29.139828234031132,41.7337627482555,0.4294149221685454,15.982286634460548,9.708803005904455,0.06038647342995169,2.818035426731079,0.0939345142243693,0.03354804079441761,,,,
34,29.20692431561997,41.680085882984436,0.4562533548040794,15.942028985507246,9.708803005904455,0.06038647342995169,2.818035426731079,0.0939345142243693,0.03354804079441761,,,,
35,27.9723564143854,40.04965110037574,0.9728931830381106,18.290391841116477,9.708803005904455,0.06038647342995169,2.818035426731079,0.0939345142243693,0.03354804079441761,,,,
36,27.979066022544284,40.022812667740205,0.9594739667203436,18.17632850241546,9.614868491680086,0.15432098765432098,2.965646806226516,0.0939345142243693,0.03354804079441761,,,,
37,27.979066022544284,39.30488459473967,0.4428341384863124,19.410896403650028,9.614868491680086,0.15432098765432098,2.965646806226516,0.0939345142243693,0.03354804079441761,,,,
38,28.052871712292003,39.13714439076758,0.5770263016639828,19.39747718733226,9.588030059044552,0.15432098765432098,2.965646806226516,0.0939345142243693,0.03354804079441761,,,,
39,27.85829307568438,38.157541599570585,0.6239935587761675,19.363929146537842,10.25228126677402,0.15432098765432098,3.3011272141706924,0.0939345142243693,0.19457863660762212,,,,
40,27.563070316693505,37.21148684916801,0.6843800322061192,19.129092860976918,10.151637144390767,0.15432098765432098,4.817498658078368,0.0939345142243693,0.19457863660762212,,,,
41,27.623456790123456,36.131239935587764,0.7246376811594203,19.129092860976918,10.151637144390767,0.15432098765432098,5.797101449275362,0.0939345142243693,0.19457863660762212,,,,
42,27.730810520665592,36.131239935587764,0.8252818035426731,18.96135265700483,9.943639291465379,0.322061191626409,5.797101449275362,0.0939345142243693,0.19457863660762212,,,,
43,26.590177133655395,31.582125603864736,0.8655394524959742,24.651100375738057,10.507246376811594,0.2952227589908749,5.22007514761138,0.0939345142243693,0.19457863660762212,,,,
44,26.341921631776703,31.790123456790123,0.8923778851315083,23.10789049919485,12.06387546967257,0.2952227589908749,5.22007514761138,0.0939345142243693,0.19457863660762212,,,,
45,25.0805152979066,33.4272678475577,0.9259259259259259,22.69860440150295,12.06387546967257,0.2952227589908749,5.22007514761138,0.0939345142243693,0.19457863660762212,,,,
46,23.416532474503487,31.0252281266774,0.9728931830381106,26.482823403113258,12.915995705850777,0.2952227589908749,4.602791196994096,0.0939345142243693,0.19457863660762212,,,,
47,23.429951690821255,28.093129361245303,0.9125067096081588,25.59044551798175,12.721417069243156,0.2952227589908749,8.668813741277509,0.0939345142243693,0.19457863660762212,,,,
48,20.303274288781534,34.99060654857756,0.7917337627482555,28.24074074074074,11.379495437466453,0.2952227589908749,3.7104133118625873,0.0939345142243693,0.19457863660762212,,,,
49,20.37037037037037,34.977187332259795,0.8252818035426731,28.12667740203972,11.379495437466453,0.322061191626409,3.7104133118625873,0.0939345142243693,0.19457863660762212,,,,
50,20.061728395061728,34.997316156736446,0.8923778851315083,26.85185185185185,11.520397208803006,0.322061191626409,5.065754159957058,0.0939345142243693,0.19457863660762212,,,,
51,20.148953301127214,34.88996242619431,0.8856682769726248,26.84514224369297,11.3191089640365,0.3488996242619431,4.891304347826087,0.03354804079441761,0.6374127750939346,,,,
52,19.900697799248523,34.07809983896941,0.8856682769726248,28.18035426731079,11.07085346215781,0.322061191626409,4.864465915190553,0.03354804079441761,0.6374127750939346,0.026838432635534086,,,
53,19.94766505636071,33.541331186258724,0.9594739667203436,28.14009661835749,11.07085346215781,0.322061191626409,5.092592592592593,0.03354804079441761,0.8655394524959742,0.026838432635534086,,,
54,20.034889962426195,33.49436392914654,0.9259259259259259,26.341921631776703,12.895866881374127,0.2885131508319914,5.092592592592593,0.03354804079441761,0.8655394524959742,0.026838432635534086,,,
55,19.142512077294686,31.313741277509394,1.107085346215781,28.764090177133657,12.895866881374127,0.2885131508319914,5.0858829844337095,0.03354804079441761,1.3419216317767042,0.026838432635534086,,,
56,19.02173913043478,30.92458400429415,1.1540526033279657,28.73725174449812,13.352120236178207,0.2885131508319914,5.0858829844337095,0.06709608158883522,1.3419216317767042,0.026838432635534086,,,
57,19.108964036500268,30.870907139023082,1.1540526033279657,28.73725174449812,13.318572195383789,0.2885131508319914,5.0858829844337095,0.06709608158883522,1.3419216317767042,0.026838432635534086,,,
58,19.243156199677937,30.810520665593128,1.1540526033279657,28.710413311862588,13.285024154589372,0.2885131508319914,5.072463768115942,0.06709608158883522,1.3419216317767042,0.026838432635534086,,,
59,19.30354267310789,30.750134192163177,1.1540526033279657,28.710413311862588,13.285024154589372,0.2885131508319914,5.072463768115942,0.06709608158883522,1.3419216317767042,0.026838432635534086,,,
60,19.404186795491142,30.71658615136876,1.1540526033279657,28.67686527106817,13.238056897477188,0.3153515834675255,5.059044551798175,0.06709608158883522,1.3419216317767042,0.026838432635534086,,,
61,19.47128287707998,30.515297906602253,1.1540526033279657,28.6231884057971,13.20450885668277,0.3153515834675255,5.246913580246914,0.10064412238325282,1.3419216317767042,0.026838432635534086,,,
62,19.32367149758454,30.629361245303276,1.1540526033279657,28.65673644659152,13.16425120772947,0.3153515834675255,5.246913580246914,0.14090177133655393,1.3419216317767042,0.026838432635534086,,,
63,18.907675791733762,29.57595276435856,1.1808910359634996,28.247450348899623,13.150831991411701,0.2549651100375738,5.246913580246914,0.14090177133655393,3.2675791733762747,0.026838432635534086,,,
64,18.42458400429415,28.395061728395063,1.2815351583467525,31.82367149758454,12.030327428878154,0.2549651100375738,4.28743961352657,0.2683843263553409,3.207192699946323,0.026838432635534086,,,
65,18.438003220611915,28.26086956521739,1.2815351583467525,31.642512077294686,10.420021470746109,0.2549651100375738,6.1929683306494905,0.23483628556092323,3.2474503488996245,0.026838432635534086,,,
66,17.934782608695652,25.45625335480408,1.107085346215781,31.280193236714975,13.137412775093935,0.2549651100375738,7.5348899624261945,0.2616747181964573,3.0059044551798175,0.026838432635534086,,,
67,17.773752012882447,25.32206119162641,1.1137949543746646,30.844068706387546,14.492753623188406,0.4294149221685454,6.702898550724638,0.2616747181964573,3.0327428878153517,0.026838432635534086,,,
68,17.780461621041333,23.738593666129898,1.1741814278046163,30.58239398819109,13.989533011272142,0.6105743424584005,9.004294149221685,0.2616747181964573,2.831454643048846,0.026838432635534086,,,
69,17.74020397208803,23.07434245840043,1.9122383252818036,30.54884594739667,13.989533011272142,0.6105743424584005,8.923778851315083,0.2616747181964573,2.9119699409554483,0.026838432635534086,,,
70,17.733494363929147,22.765700483091788,1.724369296833065,29.716854535695116,15.33816425120773,0.6105743424584005,8.910359634997317,0.2616747181964573,2.898550724637681,0.040257648953301126,,,
71,17.37788513150832,22.10144927536232,1.6438539989264627,34.42699946323135,12.714707461084272,0.6105743424584005,8.064949006977992,0.12077294685990338,2.898550724637681,0.040257648953301126,,,
72,17.391304347826086,22.067901234567902,1.6438539989264627,34.17203435319377,12.949543746645196,0.6709608158883521,8.024691358024691,0.14761137949543746,2.8918411164787976,0.040257648953301126,,,
73,17.351046698872786,21.618357487922705,1.7444981213097155,33.84997316156736,12.889157273215245,0.5904455179817498,8.876811594202898,0.14761137949543746,2.8918411164787976,0.040257648953301126,,,
74,17.418142780461622,21.618357487922705,1.7444981213097155,33.756038647343,12.882447665056361,0.6575415995705851,8.849973161567364,0.14761137949543746,2.885131508319914,0.040257648953301126,,,
75,14.049919484702093,30.515297906602253,2.0128824476650564,33.17901234567901,8.447396672034353,0.5770263016639828,8.232689210950081,0.11406333870101985,2.831454643048846,0.040257648953301126,,,
76,14.056629092860977,30.48845947396672,2.01959205582394,32.910628019323674,8.447396672034353,0.8588298443370908,8.232689210950081,0.11406333870101985,2.831454643048846,0.040257648953301126,,,
77,14.204240472356414,29.643048845947398,1.9793344068706387,32.830112721417066,8.266237251744498,0.8588298443370908,8.185721953837897,0.11406333870101985,3.878153515834675,0.040257648953301126,,,
78,14.2914653784219,29.58937198067633,1.9994632313472893,32.80327428878154,8.266237251744498,0.8588298443370908,8.125335480407944,0.11406333870101985,3.878153515834675,0.07380568974771873,,,
79,14.2914653784219,29.09957058507783,2.006172839506173,35.258990874932906,7.347020933977456,0.8252818035426731,7.306763285024155,0.05367686527106817,3.784219001610306,0.026838432635534086,,,
80,14.358561460010735,29.086151368760063,2.15378421900161,35.03086419753087,7.347020933977456,0.8252818035426731,7.333601717659689,0.05367686527106817,3.784219001610306,0.026838432635534086,,,
81,14.076757917337627,28.529253891572733,2.120236178207193,31.716317767042405,10.59447128287708,0.785024154589372,8.313204508856682,0.05367686527106817,3.784219001610306,0.026838432635534086,,,
82,13.043478260869565,26.227858293075684,2.0128824476650564,35.80246913580247,10.46027911969941,0.6709608158883521,8.011272141706923,0.05367686527106817,3.6634460547504024,0.05367686527106817,,,
83,12.204777241009126,25.939345142243692,1.9659151905528718,37.52012882447665,9.353193773483628,0.6709608158883521,8.568169618894256,0.08051529790660225,3.643317230273752,0.05367686527106817,,,
84,12.265163714439076,25.93263553408481,1.9592055823939882,37.493290391841114,9.326355340848094,0.6709608158883521,8.541331186258722,0.08051529790660225,3.643317230273752,0.08722490606548577,,,
85,12.325550187869029,25.85882984433709,2.073268921095008,37.47987117552335,9.46725711218465,0.6709608158883521,8.313204508856682,0.08051529790660225,3.643317230273752,0.08722490606548577,,,
86,12.385936661298981,25.147611379495437,2.167203435319377,37.23832528180354,9.39345142243693,0.9057971014492754,8.923778851315083,0.08051529790660225,3.643317230273752,0.11406333870101985,,,
87,12.332259796027913,24.530327428878152,2.5966183574879227,36.963231347289316,8.930488459473967,0.9057971014492754,8.883521202361782,0.10735373054213634,4.663177670424047,0.08722490606548577,,,
88,12.379227053140097,24.436392914653783,2.6502952227589907,36.782071926999464,8.890230810520666,1.0802469135802468,8.870101986044014,0.14761137949543746,4.663177670424047,0.10064412238325282,,,
89,12.4597423510467,24.302200751476114,2.6301663982823404,36.70826623725174,9.185453569511541,1.0802469135802468,8.722490606548577,0.14761137949543746,4.663177670424047,0.10064412238325282,,,
90,12.533548040794418,24.261943102522814,2.6301663982823404,36.520397208803004,9.178743961352657,1.2412775093934514,8.722490606548577,0.14761137949543746,4.663177670424047,0.10064412238325282,,,
91,12.5402576489533,24.261943102522814,2.6301663982823404,36.493558776167475,9.178743961352657,1.261406333870102,8.722490606548577,0.14761137949543746,4.663177670424047,0.10064412238325282,,,
92,12.553676865271068,24.235104669887278,2.657004830917874,36.37949543746645,9.178743961352657,1.3754696725711217,8.709071390230811,0.14761137949543746,4.663177670424047,0.10064412238325282,,,
93,12.614063338701019,24.02710681696189,2.7308105206655933,36.34594739667203,9.265968867418144,1.442565754159957,8.662104133118627,0.14761137949543746,4.663177670424047,0.10064412238325282,,,
94,12.701288244766506,22.24235104669887,4.783950617283951,36.09769189479334,9.138486312399356,1.5096618357487923,8.655394524959743,0.14761137949543746,4.622920021470746,0.10064412238325282,,,
95,12.721417069243156,22.21551261406334,4.864465915190553,36.06414385399893,9.091519055287172,1.5230810520665594,8.655394524959743,0.14761137949543746,4.616210413311863,0.10064412238325282,,,
96,12.788513150831992,22.074610842726784,4.99194847020934,35.990338164251206,9.091519055287172,1.556629092860977,8.655394524959743,0.14761137949543746,4.602791196994096,0.10064412238325282,,,
97,12.070585077831455,21.511003757380568,5.10601180891036,33.380300590445515,12.983091787439614,1.415727321524423,9.386741814278047,0.040257648953301126,4.03918411164788,0.06709608158883522,,,
98,11.842458400429415,18.71309715512614,4.4753086419753085,33.89023081052066,12.506709608158884,1.5901771336553945,12.855609232420827,0.040257648953301126,4.019055287171229,0.06709608158883522,,,
99,11.949812130971551,18.686258722490606,4.461889425657541,33.8768115942029,11.869296833064949,2.1940418679549114,12.835480407944177,0.040257648953301126,4.019055287171229,0.06709608158883522,,,
100,12.084004294149223,18.511808910359633,4.609500805152979,33.81642512077295,11.855877616747183,2.1940418679549114,12.76838432635534,0.0939345142243693,3.9989264626945786,0.06709608158883522,,,
101,12.171229200214707,17.726784755770264,5.387815351583468,33.7157809983897,11.855877616747183,2.24771873322598,12.734836285560924,0.0939345142243693,3.9989264626945786,0.06709608158883522,,,
102,12.164519592055823,17.55233494363929,6.709608158883521,32.96430488459474,11.701556629092861,2.24771873322598,12.654320987654321,0.14090177133655393,3.797638217928073,0.06709608158883522,,,
103,10.909822866344605,18.988191089640367,6.863929146537842,32.85024154589372,11.520397208803006,2.2946859903381642,12.5402576489533,0.16774020397208803,3.797638217928073,0.06709608158883522,,,
104,10.95679012345679,18.907675791733762,6.702898550724638,31.11916264090177,10.809178743961352,2.2946859903381642,15.042941492216855,0.1610305958132045,3.938539989264627,0.06709608158883522,,,
105,10.849436392914654,18.867418142780462,6.877348362855609,30.20665593129361,10.674986580783683,2.1403650026838434,14.774557165861514,0.1610305958132045,5.381105743424584,0.06709608158883522,,,
106,10.795759527643586,18.773483628556093,6.877348362855609,29.938271604938272,10.621309715512615,2.073268921095008,15.378421900161031,0.2885131508319914,5.186527106816962,0.06709608158883522,,,
107,10.326086956521738,18.10252281266774,6.863929146537842,31.447933440687063,10.621309715512615,2.073268921095008,15.03623188405797,0.2885131508319914,5.173107890499195,0.06709608158883522,,,
108,10.373054213633925,18.035426731078903,6.635802469135802,31.414385399892645,10.829307568438002,2.328234031132582,14.855072463768115,0.2885131508319914,5.173107890499195,0.06709608158883522,,,
109,10.38647342995169,18.00858829844337,6.649221685453569,31.414385399892645,10.829307568438002,2.328234031132582,14.855072463768115,0.2885131508319914,5.173107890499195,0.06709608158883522,,,
110,10.19189479334407,17.98174986580784,6.561996779388084,32.55501878690284,10.245571658615138,2.328234031132582,14.935587761674718,0.23483628556092323,4.898013955984971,0.06709608158883522,,,
111,10.238862050456254,17.94820182501342,6.595544820182502,32.55501878690284,10.23215244229737,2.328234031132582,14.9020397208803,0.23483628556092323,4.898013955984971,0.06709608158883522,,,
112,10.292538915727322,17.92807300053677,6.709608158883521,32.50805152979066,10.21202361782072,2.3617820719269993,14.801395598497047,0.23483628556092323,4.884594739667204,0.06709608158883522,,,
113,10.326086956521738,17.780461621041333,6.810252281266774,32.48792270531401,10.21202361782072,2.254428341384863,14.754428341384862,0.27509393451422437,4.99194847020934,0.10735373054213634,,,
114,9.75577026301664,17.49194847020934,7.353730542136339,33.43397745571659,9.554482018250134,2.5966183574879227,14.74771873322598,0.30193236714975846,4.656468062265164,0.10735373054213634,,,
115,9.849704777241008,17.478529253891573,7.326892109500805,33.43397745571659,9.554482018250134,2.5966183574879227,14.694041867954912,0.30193236714975846,4.656468062265164,0.10735373054213634,,,
116,9.782608695652174,17.08937198067633,7.1658615136876005,32.25979602791197,9.554482018250134,2.563070316693505,16.505636070853463,0.32877079978529256,4.643048845947397,0.10735373054213634,,,
117,9.816156736446592,17.082662372517444,7.192699946323135,32.23966720343532,9.5276435856146,2.563070316693505,16.458668813741276,0.32877079978529256,4.669887278582931,0.12077294685990338,,,
118,9.856414385399892,17.082662372517444,7.192699946323135,32.18599033816425,9.5276435856146,2.589908749329039,16.445249597423512,0.32877079978529256,4.669887278582931,0.12077294685990338,,,
119,9.903381642512077,17.008856682769725,7.514761137949543,31.944444444444443,9.500805152979066,2.589908749329039,16.391572732152444,0.32877079978529256,4.669887278582931,0.14761137949543746,,,
120,9.990606548577563,17.008856682769725,7.494632313472893,31.93773483628556,9.500805152979066,2.6033279656468062,16.358024691358025,0.32877079978529256,4.62962962962963,0.14761137949543746,,,
121,9.957058507783145,16.545893719806763,7.4006977992485234,32.52818035426731,10.406602254428341,2.6033279656468062,15.613258185721953,0.30193236714975846,4.522275899087493,0.12077294685990338,,,
122,9.54777241009125,15.935319377348362,7.4006977992485234,33.97745571658615,10.426731078904991,2.589908749329039,15.157004830917874,0.30193236714975846,4.51556629092861,0.12077294685990338,0.026838432635534086,,
123,9.681964573268921,15.908480944712828,7.266505636070853,33.883521202361784,10.420021470746109,2.623456790123457,15.157004830917874,0.30193236714975846,4.51556629092861,0.2147074610842727,0.026838432635534086,,
124,9.695383789586689,15.814546430488459,7.266505636070853,33.48094471282877,10.359634997316157,3.0193236714975846,15.505904455179817,0.30193236714975846,4.314278046162104,0.2147074610842727,0.026838432635534086,,
125,9.796027911969942,15.814546430488459,6.400966183574879,32.84353193773484,12.714707461084272,3.026033279656468,14.76784755770263,0.17444981213097155,4.314278046162104,0.12077294685990338,0.026838432635534086,,
126,9.802737520128824,15.814546430488459,6.327160493827161,32.729468599033815,12.701288244766506,3.2206119162640903,14.76784755770263,0.17444981213097155,4.314278046162104,0.12077294685990338,0.026838432635534086,,
127,9.111647879763822,15.445517981749866,6.501610305958132,33.93048845947396,12.5402576489533,3.2206119162640903,14.486044015029522,0.19457863660762212,4.42163177670424,0.12077294685990338,0.026838432635534086,,
128,9.158615136876007,15.445517981749866,6.528448738593666,33.73590982286635,12.5402576489533,3.3682232957595275,14.486044015029522,0.19457863660762212,4.394793344068707,0.12077294685990338,0.026838432635534086,,
129,9.245840042941492,15.291196994095545,6.468062265163715,33.57487922705314,12.493290391841116,3.408480944712829,14.781266774020397,0.19457863660762212,4.394793344068707,0.12077294685990338,0.026838432635534086,,
130,9.326355340848094,15.291196994095545,6.474771873322598,33.01798174986581,12.211486849168008,3.8915727321524423,14.74771873322598,0.19457863660762212,4.696725711218465,0.12077294685990338,0.026838432635534086,,
131,9.326355340848094,14.982555018786902,6.515029522275899,32.90391841116479,12.097423510466989,3.8915727321524423,15.257648953301127,0.19457863660762212,4.656468062265164,0.12077294685990338,0.05367686527106817,,
132,9.272678475577026,15.002683843263553,6.521739130434782,32.90391841116479,12.084004294149223,3.9184111647879765,15.203972088030058,0.2616747181964573,4.656468062265164,0.12077294685990338,0.05367686527106817,,
133,9.373322597960279,15.002683843263553,6.521739130434782,32.84353193773484,12.06387546967257,3.9184111647879765,15.183843263553408,0.2616747181964573,4.656468062265164,0.12077294685990338,0.05367686527106817,,
134,9.400161030595813,15.002683843263553,6.5485775630703165,32.84353193773484,12.06387546967257,3.9184111647879765,15.11003757380569,0.2616747181964573,4.656468062265164,0.14090177133655393,0.05367686527106817,,
135,9.41358024691358,14.915458937198068,6.528448738593666,31.447933440687063,13.633923778851315,3.851315083199141,15.096618357487923,0.2616747181964573,4.656468062265164,0.14090177133655393,0.05367686527106817,,
136,9.41358024691358,14.915458937198068,6.528448738593666,31.427804616210413,13.580246913580247,3.844605475040258,15.311325818572195,0.2885131508319914,4.49543746645196,0.14090177133655393,0.05367686527106817,,
137,9.31964573268921,14.65378421900161,6.494900697799249,31.97128287707998,13.459473966720344,4.019055287171229,15.103327965646805,0.27509393451422437,4.4820182501341925,0.16774020397208803,0.05367686527106817,,
138,8.729200214707461,13.627214170692431,6.595544820182502,33.46081588835212,14.06333870101986,3.8177670424047236,14.834943639291465,0.36231884057971014,4.28743961352657,0.16774020397208803,0.05367686527106817,,
139,8.709071390230811,13.486312399355878,6.615673644659152,33.3064949006978,14.023081052066559,3.9452495974235107,14.700751476113794,0.36231884057971014,4.488727858293076,0.30864197530864196,0.05367686527106817,,
140,8.729200214707461,13.486312399355878,6.615673644659152,33.279656468062264,14.023081052066559,3.9519592055823938,14.700751476113794,0.36231884057971014,4.488727858293076,0.30864197530864196,0.05367686527106817,,
141,8.883521202361782,13.47289318303811,6.615673644659152,33.1857219538379,13.989533011272142,3.938539989264627,14.700751476113794,0.36231884057971014,4.488727858293076,0.30864197530864196,0.05367686527106817,,
142,8.970746108427267,13.425925925925926,6.582125603864735,33.1857219538379,13.962694578636608,3.938539989264627,14.694041867954912,0.38915727321524424,4.488727858293076,0.30864197530864196,0.05367686527106817,,
143,9.03113258185722,13.425925925925926,6.561996779388084,33.1857219538379,13.935856146001074,3.938539989264627,14.680622651637144,0.38915727321524424,4.488727858293076,0.30864197530864196,0.05367686527106817,,
144,9.078099838969404,13.41250670960816,6.561996779388084,33.16559312936125,13.915727321524423,3.911701556629093,14.492753623188406,0.36231884057971014,4.736983360171766,0.30864197530864196,0.05367686527106817,,
145,9.125067096081589,13.41250670960816,6.5552871712292005,33.12533548040794,13.83521202361782,3.911701556629093,14.492753623188406,0.4428341384863124,4.736983360171766,0.30864197530864196,0.05367686527106817,,
146,9.118357487922705,13.39237788513151,6.5485775630703165,32.92404723564144,13.83521202361782,4.1129898013955986,14.492753623188406,0.4428341384863124,4.770531400966184,0.30864197530864196,0.05367686527106817,,
147,9.185453569511541,13.378958668813741,6.5485775630703165,32.92404723564144,13.83521202361782,4.1129898013955986,14.472624798711756,0.4428341384863124,4.736983360171766,0.30864197530864196,0.05367686527106817,,
148,9.098228663446054,13.077026301663983,6.535158346752549,33.59500805152979,13.70101986044015,4.133118625872249,14.358561460010735,0.4428341384863124,4.696725711218465,0.30864197530864196,0.05367686527106817,,
149,9.145195920558239,13.050187869028449,6.702898550724638,33.48094471282877,13.66076221148685,4.126409017713366,14.331723027375201,0.4428341384863124,4.696725711218465,0.30864197530864196,0.05367686527106817,,
150,9.252549651100376,13.070316693505099,6.649221685453569,33.400429414922165,13.600375738056897,4.159957058507783,14.331723027375201,0.47638217928073,4.696725711218465,0.30864197530864196,0.05367686527106817,,
151,9.353193773483628,13.023349436392914,6.736446591519055,33.1857219538379,13.580246913580247,4.327697262479871,14.13714439076758,0.5703166935050993,4.683306494900698,0.33548040794417605,0.06709608158883522,,
152,9.39345142243693,13.023349436392914,6.736446591519055,33.1454643048846,13.580246913580247,4.327697262479871,14.13714439076758,0.5703166935050993,4.683306494900698,0.33548040794417605,0.06709608158883522,,
153,9.192163177670425,12.86231884057971,6.595544820182502,36.15807836822329,12.52012882447665,4.240472356414386,12.788513150831992,0.5703166935050993,4.555823939881911,0.4495437466451959,0.06709608158883522,,
154,9.205582393988191,12.86231884057971,6.595544820182502,36.14465915190553,12.52012882447665,4.240472356414386,12.76838432635534,0.5703166935050993,4.542404723564144,0.4830917874396135,0.06709608158883522,,
155,9.245840042941492,12.848899624261943,6.595544820182502,36.52710681696189,12.31213097155126,3.9855072463768115,12.741545893719806,0.5703166935050993,4.622920021470746,0.4830917874396135,0.06709608158883522,,
156,9.225711218464841,12.835480407944177,6.595544820182502,36.198336017176594,12.298711755233494,4.213633923778851,13.09044551798175,0.5703166935050993,4.42163177670424,0.4830917874396135,0.06709608158883522,,
157,9.29951690821256,12.795222758990874,6.588835212023618,36.09769189479334,12.285292538915728,4.314278046162104,13.050187869028449,0.5703166935050993,4.448470209339774,0.4830917874396135,0.06709608158883522,,
158,9.27938808373591,12.553676865271068,6.689479334406871,37.526838432635536,11.023886205045626,4.294149221685454,13.050187869028449,0.5837359098228664,4.448470209339774,0.4830917874396135,0.06709608158883522,,
159,9.386741814278047,12.546967257112184,6.716317767042405,36.50697799248524,11.023886205045626,4.334406870638754,13.170960815888352,0.5837359098228664,5.179817498658078,0.4830917874396135,0.06709608158883522,,
160,9.366612989801396,12.06387546967257,7.266505636070853,36.460010735373054,11.023886205045626,4.334406870638754,13.170960815888352,0.5837359098228664,5.179817498658078,0.4830917874396135,0.06709608158883522,,
161,9.05126140633387,12.04374664519592,7.4208266237251745,38.821792807300056,9.856414385399892,3.6500268384326353,13.144122383252817,0.5300590445517982,4.931561996779388,0.4830917874396135,0.06709608158883522,,
162,9.158615136876007,11.98336017176597,7.434245840042942,38.58695652173913,9.856414385399892,3.6500268384326353,13.083735909822867,0.5300590445517982,5.166398282340311,0.4830917874396135,0.06709608158883522,,
163,9.192163177670425,11.963231347289318,7.434245840042942,38.58695652173913,9.856414385399892,3.6500268384326353,12.99651100375738,0.6172839506172839,5.152979066022544,0.4830917874396135,0.06709608158883522,,
164,9.192163177670425,11.963231347289318,7.434245840042942,38.1105743424584,10.849436392914654,3.502415458937198,12.647611379495437,0.5971551261406334,5.152979066022544,0.4830917874396135,0.06709608158883522,,
165,9.245840042941492,11.929683306494901,7.434245840042942,38.0703166935051,10.836017176596886,3.535963499731616,12.661030595813205,0.5971551261406334,5.139559849704777,0.4830917874396135,0.06709608158883522,,
166,9.406870638754697,11.916264090177133,7.427536231884058,37.96967257112185,10.836017176596886,3.5225442834138487,12.634192163177671,0.6239935587761675,5.112721417069243,0.4830917874396135,0.06709608158883522,,
167,9.272678475577026,11.768652710681696,7.541599570585078,39.08346752549651,10.044283413848632,3.5292538915727323,12.513419216317766,0.6239935587761675,5.072463768115942,0.4830917874396135,0.06709608158883522,,
168,8.581588835212024,11.332528180354267,7.37385936661299,41.4922168545357,9.037842190016104,3.0059044551798175,13.848631239935587,0.5367686527106817,4.274020397208803,0.4495437466451959,0.06709608158883522,,
169,8.675523349436393,11.265432098765432,7.4208266237251745,41.237251744498124,9.024422973698336,3.193773483628556,13.875469672571121,0.5501878690284487,4.240472356414386,0.4495437466451959,0.06709608158883522,,
170,8.836553945249598,11.198336017176597,7.27992485238862,40.94873859366613,9.339774557165862,3.1468062265163717,14.016371443907676,0.5501878690284487,4.133118625872249,0.4830917874396135,0.06709608158883522,,
171,8.883521202361782,11.198336017176597,7.306763285024155,40.83467525496511,9.292807300053678,3.2340311325818574,14.016371443907676,0.5501878690284487,4.133118625872249,0.4830917874396135,0.06709608158883522,,
172,8.917069243156199,11.198336017176597,7.112184648416532,40.3918411164788,9.178743961352657,3.2340311325818574,13.83521202361782,0.5501878690284487,5.032206119162641,0.4830917874396135,0.06709608158883522,,
173,8.749329039184111,11.372785829307569,7.132313472893183,40.25764895330113,9.178743961352657,3.3816425120772946,13.79495437466452,0.5501878690284487,5.032206119162641,0.4830917874396135,0.06709608158883522,,
174,8.80300590445518,11.3191089640365,7.1658615136876005,39.55314009661836,9.037842190016104,4.193505099302201,13.768115942028986,0.5770263016639828,5.032206119162641,0.4830917874396135,0.06709608158883522,,
175,8.84326355340848,11.312399355877616,7.1658615136876005,38.70101986044015,9.004294149221685,3.9318303811057436,14.298174986580785,0.5770263016639828,5.615942028985507,0.4830917874396135,0.06709608158883522,,
176,8.863392377885132,11.312399355877616,6.709608158883521,40.19726247987118,9.004294149221685,4.005636070853462,13.88888888888889,0.5233494363929146,5.032206119162641,0.4495437466451959,0.013419216317767043,,
177,8.903650026838433,11.312399355877616,6.709608158883521,40.022812667740205,9.004294149221685,4.1532474503489,13.875469672571121,0.5233494363929146,5.032206119162641,0.4495437466451959,0.013419216317767043,,
178,9.004294149221685,11.29898013955985,6.696188942565755,40.00939345142244,9.004294149221685,4.1532474503489,13.81508319914117,0.5233494363929146,5.032206119162641,0.4495437466451959,0.013419216317767043,,
179,9.07139023081052,11.285560923242082,6.810252281266774,39.86849168008588,9.004294149221685,4.146537842190016,13.788244766505636,0.5099302200751477,5.01207729468599,0.48980139559849706,0.013419216317767043,,
180,9.091519055287172,11.312399355877616,7.004830917874396,39.48604401502952,8.950617283950617,4.146537842190016,13.70101986044015,0.5367686527106817,5.267042404723564,0.48980139559849706,0.013419216317767043,,
181,9.212292002147075,11.258722490606548,7.071926999463232,39.18411164787977,8.950617283950617,4.341116478797638,13.694310252281268,0.5367686527106817,5.246913580246914,0.48980139559849706,0.013419216317767043,,
182,9.25925925925926,11.252012882447666,7.071926999463232,38.70101986044015,8.917069243156199,4.488727858293076,13.600375738056897,0.5837359098228664,5.60252281266774,0.5099302200751477,0.013419216317767043,,
183,9.326355340848094,11.252012882447666,7.071926999463232,38.35212023617821,8.910359634997317,4.777241009125067,13.573537305421363,0.5837359098228664,5.60252281266774,0.5367686527106817,0.013419216317767043,,
184,9.41358024691358,11.252012882447666,7.340311325818572,38.2313472893183,8.769457863660762,4.723564143853999,13.519860440150294,0.6843800322061192,5.488459473966721,0.5636070853462157,0.013419216317767043,,
185,9.520933977455716,11.144659151905529,7.37385936661299,38.157541599570585,8.769457863660762,4.7168545356951155,13.493022007514762,0.6843800322061192,5.562265163714439,0.5636070853462157,0.013419216317767043,,
186,9.567901234567902,11.144659151905529,7.37385936661299,38.137412775093935,8.76274825550188,4.7168545356951155,13.479602791196994,0.6843800322061192,5.555555555555555,0.5636070853462157,0.013419216317767043,,
187,9.588030059044552,11.144659151905529,7.481213097155126,37.80864197530864,8.722490606548577,5.038915727321524,13.47289318303811,0.7179280730005367,5.448201825013419,0.5636070853462157,0.013419216317767043,,
188,9.64170692431562,11.137949543746645,7.454374664519592,37.76167471819646,8.709071390230811,5.059044551798175,13.47289318303811,0.7179280730005367,5.46833064949007,0.5636070853462157,0.013419216317767043,,
189,9.71551261406334,11.11111111111111,7.454374664519592,37.714707461084274,8.709071390230811,5.072463768115942,13.43263553408481,0.7581857219538379,5.4549114331723025,0.5636070853462157,0.013419216317767043,,
190,9.796027911969942,11.11111111111111,7.454374664519592,37.68115942028985,8.68894256575416,5.059044551798175,13.43263553408481,0.7447665056360708,5.4549114331723025,0.5636070853462157,0.013419216317767043,,
191,9.64170692431562,11.05072463768116,7.4006977992485234,37.98309178743961,8.655394524959743,5.059044551798175,13.405797101449275,0.7783145464304885,5.448201825013419,0.5636070853462157,0.013419216317767043,,
192,9.447128287707997,11.20504562533548,7.434245840042942,37.9092860976919,8.480944712828771,5.059044551798175,13.405797101449275,0.7514761137949544,5.730005367686527,0.5636070853462157,0.013419216317767043,,
193,9.473966720343531,11.137949543746645,7.4006977992485234,39.11701556629093,8.172302737520129,5.179817498658078,13.030059044551798,0.7045088566827697,5.173107890499195,0.5971551261406334,0.013419216317767043,,
194,9.54777241009125,11.137949543746645,7.4006977992485234,39.070048309178745,8.132045088566828,5.213365539452496,12.989801395598498,0.7380568974771873,5.159688674181428,0.5971551261406334,0.013419216317767043,,
195,9.588030059044552,11.137949543746645,7.360440150295223,39.029790660225444,8.132045088566828,5.246913580246914,13.01663982823403,0.7380568974771873,5.159688674181428,0.5770263016639828,0.013419216317767043,,
196,9.433709071390231,11.131239935587761,6.89747718733226,43.37761674718197,6.582125603864735,4.562533548040794,12.74825550187869,0.5166398282340311,4.193505099302201,0.5434782608695652,0.013419216317767043,,
197,9.4873859366613,11.131239935587761,6.884057971014493,43.33064949006978,6.582125603864735,4.562533548040794,12.734836285560924,0.5166398282340311,4.213633923778851,0.5434782608695652,0.013419216317767043,,
198,9.574610842726784,11.131239935587761,6.884057971014493,43.303811057434245,6.541867954911433,4.549114331723027,12.721417069243156,0.48980139559849706,4.247181964573269,0.5434782608695652,0.013419216317767043,,
199,9.648416532474503,11.131239935587761,6.870638754696726,43.243424584004295,6.541867954911433,4.582662372517445,12.68786902844874,0.48980139559849706,4.247181964573269,0.5434782608695652,0.013419216317767043,,
200,9.675254965110037,11.131239935587761,6.870638754696726,43.223295759527645,6.541867954911433,4.575952764358561,12.68786902844874,0.48980139559849706,4.247181964573269,0.5434782608695652,0.013419216317767043,,
201,9.708803005904455,11.11111111111111,6.870638754696726,43.20987654320987,6.541867954911433,4.575952764358561,12.68786902844874,0.48980139559849706,4.247181964573269,0.5434782608695652,0.013419216317767043,,
202,9.876543209876543,11.07085346215781,6.870638754696726,43.09581320450886,6.501610305958132,4.609500805152979,12.647611379495437,0.5233494363929146,4.247181964573269,0.5434782608695652,0.013419216317767043,,
203,9.943639291465379,11.07085346215781,6.870638754696726,43.02871712292002,6.501610305958132,4.5960815888352125,12.614063338701019,0.5434782608695652,4.274020397208803,0.5434782608695652,0.013419216317767043,,
204,9.970477724100913,11.07085346215781,6.998121309715513,42.975040257648956,6.501610305958132,4.616210413311863,12.52012882447665,0.5434782608695652,4.260601180891036,0.5300590445517982,0.013419216317767043,,
205,10.124798711755233,10.95679012345679,7.018250134192163,42.96833064949007,6.461352657004831,4.616210413311863,12.52012882447665,0.5770263016639828,4.213633923778851,0.5300590445517982,0.013419216317767043,,
206,10.138217928073,10.869565217391305,7.232957595276436,42.860976918947934,6.461352657004831,4.5960815888352125,12.513419216317766,0.5770263016639828,4.213633923778851,0.5233494363929146,0.013419216317767043,,
207,9.708803005904455,10.299248523886206,6.937734836285561,42.49194847020934,8.527911969940956,4.49543746645196,12.25174449812131,0.5770263016639828,4.17337627482555,0.5233494363929146,0.013419216317767043,,
208,9.742351046698873,10.299248523886206,6.937734836285561,42.45840042941492,8.527911969940956,4.49543746645196,12.25174449812131,0.5770263016639828,4.17337627482555,0.5233494363929146,0.013419216317767043,,
209,9.534353193773484,10.57434245840043,6.9310252281266775,42.42485238862051,8.527911969940956,4.4820182501341925,12.25174449812131,0.5703166935050993,4.166666666666667,0.5233494363929146,0.013419216317767043,,
210,9.594739667203436,10.57434245840043,6.9310252281266775,42.351046698872786,8.527911969940956,4.508856682769726,12.238325281803542,0.5703166935050993,4.166666666666667,0.5233494363929146,0.013419216317767043,,
