,45,50,51,55,52,53,54,56,57,58,59,60
0,96.64519592055824,3.3548040794417604,,,,,,,,,,
1,96.64519592055824,3.3548040794417604,,,,,,,,,,
2,84.68196457326893,15.318035426731079,,,,,,,,,,
3,61.48684916800859,38.51315083199141,,,,,,,,,,
4,61.553945249597426,38.446054750402574,,,,,,,,,,
5,60.581052066559316,33.63526570048309,5.783682232957595,,,,,,,,,
6,60.581052066559316,33.63526570048309,5.783682232957595,,,,,,,,,
7,60.581052066559316,31.582125603864736,5.783682232957595,2.0531400966183573,,,,,,,,
8,60.75550187869028,31.468062265163713,5.723295759527644,2.0531400966183573,,,,,,,,
9,52.48926462694579,29.57595276435856,13.580246913580247,2.0531400966183573,2.301395598497048,,,,,,,
10,50.026838432635536,33.1454643048846,12.842190016103059,0.9125067096081588,3.0730005367686526,,,,,,,
11,50.1610305958132,33.011272141706925,12.842190016103059,0.9125067096081588,3.0730005367686526,,,,,,,
12,47.61808910359635,32.769726247987116,13.942565754159958,0.9125067096081588,0.8990874932903918,3.569511540526033,0.2885131508319914,,,,,
13,47.34970477724101,31.031937734836287,16.458668813741276,0.4025764895330113,0.8990874932903918,3.569511540526033,0.2885131508319914,,,,,
14,40.50590445517982,31.09903381642512,22.886473429951693,0.5300590445517982,0.8990874932903918,3.556092324208266,0.5233494363929146,,,,,
15,38.7614063338701,26.69753086419753,28.978797638217927,0.5300590445517982,0.8990874932903918,3.455448201825013,0.6776704240472357,,,,,
16,38.57353730542136,25.805152979066023,31.95115405260333,0.5300590445517982,0.49651100375738055,2.4892646269457863,0.15432098765432098,,,,,
17,36.28556092324208,23.859366612989803,38.38566827697262,0.5300590445517982,0.49651100375738055,0.2885131508319914,0.15432098765432098,,,,,
18,36.33252818035427,23.141438539989263,35.95679012345679,0.36902844873859364,3.7573805689747717,0.2885131508319914,0.15432098765432098,,,,,
19,29.21363392377885,27.241009125067094,38.69431025228127,0.36902844873859364,3.730542136339238,0.27509393451422437,0.47638217928073,,,,,
20,24.335748792270532,21.73913043478261,49.22839506172839,0.2147074610842727,3.730542136339238,0.4227053140096618,0.32877079978529256,,,,,
21,24.282071926999464,21.85319377348363,49.16800858829844,0.2147074610842727,3.730542136339238,0.4227053140096618,0.32877079978529256,,,,,
22,24.268652710681696,21.947128287707997,48.84594739667203,0.4562533548040794,3.730542136339238,0.4227053140096618,0.32877079978529256,,,,,
23,22.544283413848632,21.886741814278047,50.52334943639291,0.4562533548040794,3.730542136339238,0.4227053140096618,0.32877079978529256,0.10735373054213634,,,,
24,19.639023081052066,18.303811057434245,57.407407407407405,0.4562533548040794,3.2541599570585076,0.4227053140096618,0.32877079978529256,0.1878690284487386,,,,
25,19.847020933977454,18.04213633923779,57.39398819108964,0.3824476650563607,3.2541599570585076,0.4227053140096618,0.32877079978529256,0.32877079978529256,,,,
26,15.666935050993022,8.205850778314547,72.59125067096082,0.27509393451422437,2.341653247450349,0.30864197530864196,0.322061191626409,0.2885131508319914,,,,
27,15.713902308105206,8.205850778314547,72.54428341384863,0.27509393451422437,2.341653247450349,0.30864197530864196,0.322061191626409,0.2885131508319914,,,,
28,15.613258185721953,7.997852925389157,72.63150831991412,0.27509393451422437,2.341653247450349,0.30864197530864196,0.322061191626409,0.5099302200751477,,,,
29,15.68035426731079,7.997852925389157,72.56441223832527,0.27509393451422437,2.341653247450349,0.30864197530864196,0.322061191626409,0.5099302200751477,,,,
30,12.02361782071927,7.347020933977456,68.04884594739667,0.30193236714975846,7.87037037037037,4.052603327965647,0.013419216317767043,0.3421900161030596,,,,
31,12.084004294149223,7.219538378958669,66.92163177670425,0.46296296296296297,7.87037037037037,4.052603327965647,0.013419216317767043,1.3754696725711217,,,,
32,11.929683306494901,7.199409554482019,66.02925389157274,0.46296296296296297,7.494632313472893,4.052603327965647,1.4559849704777241,1.3754696725711217,,,,
33,12.030327428878154,7.152442297369833,65.8749329039184,0.46296296296296297,7.494632313472893,4.052603327965647,1.4559849704777241,1.4761137949543746,,,,
34,10.037573805689748,29.367954911433173,45.571658615136876,0.2616747181964573,6.488191089640365,7.326892109500805,0.5703166935050993,0.3757380568974772,,,,
35,10.138217928073,29.30756843800322,45.531400966183575,0.2616747181964573,6.488191089640365,7.326892109500805,0.5703166935050993,0.3757380568974772,,,,
36,10.225442834138486,29.25389157273215,45.49785292538916,0.2616747181964573,6.488191089640365,7.326892109500805,0.5703166935050993,0.3757380568974772,,,,
37,10.332796564680622,29.1129898013956,45.46430488459474,0.2616747181964573,6.488191089640365,7.39398819108964,0.5703166935050993,0.3757380568974772,,,,
38,10.379763821792807,29.045893719806763,45.48443370907139,0.2616747181964573,6.488191089640365,7.39398819108964,0.5703166935050993,0.3757380568974772,,,,
39,10.138217928073,27.66371443907676,45.06172839506173,1.6572732152442298,5.495169082125604,7.39398819108964,2.214170692431562,0.3757380568974772,,,,
40,10.030864197530864,27.4422973698336,51.82501341921632,1.556629092860977,1.7579173376274826,6.729736983360172,0.5568974771873323,0.10064412238325282,,,,
41,8.266237251744498,24.08749329039184,56.95115405260333,1.556629092860977,1.7579173376274826,6.629092860976919,0.5568974771873323,0.19457863660762212,,,,
42,8.299785292538916,22.114868491680085,60.75550187869028,1.556629092860977,1.7579173376274826,5.320719269994632,,0.19457863660762212,,,,
43,8.440687063875469,22.108158883521202,57.33360171765969,1.556629092860977,5.045625335480408,5.320719269994632,,0.19457863660762212,,,,
44,8.413848631239935,22.108158883521202,59.01100375738057,1.556629092860977,3.3950617283950617,5.320719269994632,,0.19457863660762212,,,,
45,8.601717659688674,22.08132045088567,58.923778851315085,1.556629092860977,3.3816425120772946,5.260332796564681,,0.19457863660762212,,,,
46,8.648684916800859,20.8467525496511,58.82984433709071,2.8381642512077296,3.3816425120772946,5.260332796564681,,0.19457863660762212,,,,
47,8.76274825550188,20.779656468062264,58.81642512077295,2.804616210413312,3.3816425120772946,5.260332796564681,,0.19457863660762212,,,,
48,8.816425120772946,20.75281803542673,58.81642512077295,2.804616210413312,3.3816425120772946,5.233494363929147,,0.19457863660762212,,,,
49,8.883521202361782,20.75281803542673,58.76945786366076,2.804616210413312,3.3816425120772946,5.213365539452496,,0.19457863660762212,,,,
50,9.078099838969404,20.739398819108963,58.62855609232421,2.7777777777777777,3.3682232957595275,5.213365539452496,,0.19457863660762212,,,,
51,9.05126140633387,16.19699409554482,58.54804079441761,1.556629092860977,9.25925925925926,5.193236714975845,,0.19457863660762212,,,,
52,8.816425120772946,16.11647879763822,58.9573268921095,1.556629092860977,9.25925925925926,5.193236714975845,,0.10064412238325282,,,,
53,8.943907675791733,16.11647879763822,58.843263553408484,1.556629092860977,9.245840042941492,5.193236714975845,,0.10064412238325282,,,,
54,9.104938271604938,16.089640365002683,58.65539452495974,1.6706924315619969,9.219001610305957,5.0791733762748255,,0.18115942028985507,,,,
55,9.400161030595813,16.069511540526033,57.39398819108964,1.6706924315619969,9.104938271604938,6.179549114331723,,0.18115942028985507,,,,
56,9.433709071390231,16.035963499731615,57.39398819108964,1.6706924315619969,9.104938271604938,6.179549114331723,,0.18115942028985507,,,,
57,9.561191626409018,15.98899624261943,57.33360171765969,1.6706924315619969,9.104938271604938,6.159420289855072,,0.18115942028985507,,,,
58,9.453837895866881,15.98899624261943,57.44095544820183,1.6706924315619969,9.104938271604938,6.159420289855072,,0.18115942028985507,,,,
59,9.500805152979066,15.982286634460548,57.326892109500804,1.6706924315619969,9.104938271604938,6.139291465378422,,0.27509393451422437,,,,
60,9.655126140633387,15.767579173376275,56.34728931830381,1.8719806763285025,9.104938271604938,6.085614600107354,,1.1674718196457328,,,,
61,9.836285560923242,15.74074074074074,56.13258185721954,1.8719806763285025,9.078099838969404,6.025228126677402,,1.3150831991411702,,,,
62,9.977187332259795,15.687063875469672,56.09903381642512,1.8719806763285025,9.05126140633387,6.018518518518518,,1.2949543746645196,,,,
63,10.017444981213098,15.660225442834138,56.045356951154055,1.8719806763285025,9.05126140633387,6.018518518518518,,1.3352120236178207,,,,
64,10.071121846484166,15.660225442834138,56.01851851851852,1.8719806763285025,9.05126140633387,5.991680085882985,,1.3352120236178207,,,,
65,10.02415458937198,15.45222758990875,54.26060118089104,2.0799785292538915,8.158883521202362,8.68894256575416,,1.3352120236178207,,,,
66,10.138217928073,15.45222758990875,54.0727321524423,2.0799785292538915,8.031400966183575,8.675523349436393,,1.4224369296833066,0.1274825550187869,,,
67,10.292538915727322,15.418679549114332,53.878153515834676,2.0665593129361244,7.98443370907139,8.57487922705314,,1.4224369296833066,0.36231884057971014,,,
68,10.38647342995169,15.11003757380569,53.797638217928075,2.0397208803005906,8.3064949006978,8.57487922705314,,1.4224369296833066,0.36231884057971014,,,
69,10.621309715512615,15.049651100375739,53.77079978529254,2.0397208803005906,8.205850778314547,8.548040794417606,,1.4224369296833066,0.3421900161030596,,,
70,10.88298443370907,15.049651100375739,53.5829307568438,2.0397208803005906,8.205850778314547,8.36688137412775,,1.4224369296833066,0.4495437466451959,,,
71,10.950080515297907,14.949006977992486,50.93263553408481,2.0397208803005906,8.017981749865807,11.238593666129898,,1.4224369296833066,0.4495437466451959,,,
72,10.762211486849168,14.949006977992486,50.657541599570585,2.0397208803005906,8.487654320987655,11.231884057971014,,1.4224369296833066,0.4495437466451959,,,
73,10.95679012345679,14.949006977992486,50.55018786902845,2.0397208803005906,8.487654320987655,11.144659151905529,,1.4224369296833066,0.4495437466451959,,,
74,11.09098228663446,14.895330112721417,50.48309178743961,2.0397208803005906,8.487654320987655,11.131239935587761,,1.4224369296833066,0.4495437466451959,,,
75,10.849436392914654,15.190552871712292,50.14090177133655,2.1940418679549114,8.474235104669887,11.131239935587761,,1.570048309178744,0.4495437466451959,,,
76,11.023886205045626,15.150295222758992,49.932903918411164,2.1940418679549114,8.460815888352121,11.064143853998926,,1.724369296833065,0.4495437466451959,,,
77,7.340311325818572,13.110574342458401,56.796833064949006,2.1940418679549114,7.474503488996243,11.05072463768116,,1.583467525496511,0.4495437466451959,,,
78,7.407407407407407,12.962962962962964,56.62238325281803,2.5161030595813205,7.474503488996243,10.983628556092324,,1.583467525496511,0.4495437466451959,,,
79,7.467793880837359,12.962962962962964,56.407675791733766,2.5161030595813205,7.434245840042942,10.983628556092324,,1.778046162104133,0.4495437466451959,,,
80,7.521470746108427,12.949543746645196,55.93800322061192,2.5161030595813205,7.434245840042942,10.970209339774557,,2.2208803005904456,0.4495437466451959,,,
81,6.769994632313473,12.788513150831992,57.14573268921095,2.5161030595813205,7.4208266237251745,10.963499731615673,,1.9457863660762211,0.4495437466451959,,,
82,6.816961889425658,12.788513150831992,57.098765432098766,2.5161030595813205,7.4208266237251745,10.963499731615673,,1.9457863660762211,0.4495437466451959,,,
83,6.937734836285561,12.681159420289855,57.09205582393988,2.5161030595813205,7.4208266237251745,10.856146001073537,,1.9457863660762211,0.4495437466451959,0.10064412238325282,,
84,6.971282877079979,12.681159420289855,56.937734836285564,2.636876006441224,7.4208266237251745,10.856146001073537,,1.9457863660762211,0.4495437466451959,0.10064412238325282,,
85,4.159957058507783,32.689210950080515,43.525228126677405,2.0665593129361244,6.1862587224906065,8.876811594202898,,2.073268921095008,0.322061191626409,0.10064412238325282,,
86,4.233762748255502,30.66290928609769,43.27697262479871,4.314278046162104,6.139291465378422,8.876811594202898,,2.073268921095008,0.322061191626409,0.10064412238325282,,
87,3.9586688137412773,23.557434245840042,42.981749865807835,4.019055287171229,14.110305958132045,8.80300590445518,,2.073268921095008,0.322061191626409,0.17444981213097155,,
88,3.898282340311326,23.26892109500805,41.82769726247987,4.019055287171229,14.110305958132045,8.735909822866345,1.5901771336553945,2.073268921095008,0.30193236714975846,0.17444981213097155,,
89,3.938539989264627,23.22866344605475,41.82769726247987,4.019055287171229,14.110305958132045,8.735909822866345,1.5901771336553945,2.073268921095008,0.30193236714975846,0.17444981213097155,,
90,4.0995705850778315,23.10789049919485,41.82769726247987,4.005636070853462,14.083467525496511,8.735909822866345,1.5901771336553945,2.073268921095008,0.30193236714975846,0.17444981213097155,,
91,4.133118625872249,23.10789049919485,41.76060118089104,4.005636070853462,14.083467525496511,8.695652173913043,1.5901771336553945,2.073268921095008,0.3757380568974772,0.17444981213097155,,
92,4.17337627482555,23.09447128287708,41.7337627482555,4.005636070853462,14.083467525496511,8.635265700483092,1.5901771336553945,2.147074610842727,0.36231884057971014,0.17444981213097155,,
93,4.26731078904992,23.09447128287708,41.6532474503489,4.005636070853462,14.070048309178745,8.635265700483092,1.5901771336553945,2.147074610842727,0.36231884057971014,0.17444981213097155,,
94,4.30756843800322,23.020665593129362,41.18357487922705,4.005636070853462,13.996242619431026,8.527911969940956,1.5901771336553945,2.831454643048846,0.36231884057971014,0.17444981213097155,,
95,3.8177670424047236,19.061996779388085,35.46027911969941,3.8848631239935587,13.989533011272142,19.229736983360173,1.5901771336553945,2.475845410628019,0.3153515834675255,0.17444981213097155,,
96,3.878153515834675,19.061996779388085,35.42673107890499,3.8714439076757916,13.976113794954374,19.229736983360173,1.5901771336553945,2.475845410628019,0.3153515834675255,0.17444981213097155,,
97,4.106280193236715,19.061996779388085,35.245571658615134,3.8714439076757916,13.976113794954374,19.182769726247987,1.5901771336553945,2.475845410628019,0.3153515834675255,0.17444981213097155,,
98,4.1532474503489,19.061996779388085,35.057702630166396,3.8714439076757916,13.841921631776705,19.0955448201825,1.8853998926462694,2.475845410628019,0.3824476650563607,0.17444981213097155,,
99,4.320987654320987,19.048577563070317,34.876543209876544,4.012345679012346,13.788244766505636,19.082125603864736,1.8853998926462694,2.428878153515835,0.3824476650563607,0.17444981213097155,,
100,4.428341384863124,19.008319914117017,34.86312399355877,5.199946323134729,13.761406333870102,17.867686527106816,1.8853998926462694,2.428878153515835,0.3824476650563607,0.17444981213097155,,
101,4.569243156199678,19.008319914117017,34.836285560923244,5.199946323134729,13.754696725711218,17.807300053676865,1.8451422436929683,2.428878153515835,0.3757380568974772,0.17444981213097155,,
102,4.696725711218465,19.008319914117017,34.76918947933441,5.199946323134729,13.694310252281268,17.807300053676865,1.8451422436929683,2.428878153515835,0.3757380568974772,0.17444981213097155,,
103,4.817498658078368,18.9747718733226,34.70209339774557,5.199946323134729,13.6808910359635,17.807300053676865,1.8451422436929683,2.4221685453569513,0.3757380568974772,0.17444981213097155,,
104,3.864734299516908,18.90096618357488,38.73456790123457,5.199946323134729,13.613794954374665,15.08990874932904,1.8451422436929683,2.281266774020397,0.2952227589908749,0.17444981213097155,,
105,3.9586688137412773,18.88083735909823,38.70101986044015,5.199946323134729,13.613794954374665,15.049651100375739,1.8451422436929683,2.281266774020397,0.2952227589908749,0.17444981213097155,,
106,4.086151368760064,18.04884594739667,38.52657004830918,6.0654857756307035,13.264895330112722,15.049651100375739,1.8451422436929683,2.24771873322598,0.6374127750939346,0.2281266774020397,,
107,4.334406870638754,18.02200751476114,38.47289318303811,6.038647342995169,13.264895330112722,14.928878153515834,1.8250134192163177,2.24771873322598,0.6374127750939346,0.2281266774020397,,
108,4.5960815888352125,17.68652710681696,38.31186258722491,5.736714975845411,14.11701556629093,14.714170692431562,1.8250134192163177,2.147074610842727,0.6374127750939346,0.2281266774020397,,
109,3.7573805689747717,15.103327965646805,38.801663982823406,5.025496511003757,18.00187869028449,14.714170692431562,1.5767579173376274,2.0128824476650564,0.7783145464304885,0.2281266774020397,,
110,3.9720880300590444,14.989264626945786,38.74127750939345,5.025496511003757,18.00187869028449,14.673913043478262,1.5767579173376274,2.0128824476650564,0.7783145464304885,0.2281266774020397,,
111,4.086151368760064,14.928878153515834,38.727858293075684,5.01207729468599,17.975040257648953,14.673913043478262,1.5767579173376274,2.0128824476650564,0.7783145464304885,0.2281266774020397,,
112,3.8580246913580245,13.600375738056897,48.691626409017715,4.414922168545357,17.96833064949007,6.870638754696726,1.5767579173376274,2.0128824476650564,0.7783145464304885,0.2281266774020397,,
113,3.938539989264627,13.600375738056897,48.611111111111114,4.414922168545357,17.96833064949007,6.870638754696726,1.5767579173376274,2.0128824476650564,0.7783145464304885,0.2281266774020397,,
114,4.072732152442297,13.600375738056897,48.57756307031669,4.40150295222759,17.92807300053677,6.837090713902308,1.5767579173376274,1.9994632313472893,0.7783145464304885,0.2281266774020397,,
115,4.119699409554482,13.600375738056897,48.57085346215781,4.367954911433173,17.92807300053677,6.830381105743425,1.5767579173376274,1.9994632313472893,0.7783145464304885,0.2281266774020397,,
116,4.206924315619967,13.58695652173913,48.49704777241009,4.367954911433173,17.92807300053677,6.830381105743425,1.5767579173376274,1.9994632313472893,0.7783145464304885,0.2281266774020397,,
117,4.206924315619967,13.264895330112722,45.95410628019324,4.367954911433173,20.799785292538918,6.823671497584541,1.5767579173376274,1.9994632313472893,0.7783145464304885,0.2281266774020397,,
118,4.166666666666667,11.574074074074074,45.8064949006978,6.4345142243692965,20.67230273752013,6.763285024154589,1.5767579173376274,1.9994632313472893,0.7783145464304885,0.2281266774020397,,
119,4.300858829844337,11.54723564143854,41.98201825013419,6.407675791733762,20.67230273752013,6.6827697262479875,5.421363392377885,2.006172839506173,0.7514761137949544,0.2281266774020397,,
120,4.4753086419753085,11.54723564143854,41.968599033816425,6.387546967257112,20.551529790660226,6.6827697262479875,5.401234567901234,2.006172839506173,0.7514761137949544,0.2281266774020397,,
121,4.562533548040794,11.54723564143854,41.89479334406871,6.387546967257112,20.551529790660226,6.66935050993022,5.401234567901234,2.006172839506173,0.7514761137949544,0.2281266774020397,,
122,4.703435319377348,11.533816425120772,41.82098765432099,6.387546967257112,20.43075684380032,6.655931293612453,5.401234567901234,2.006172839506173,0.8319914117015567,0.2281266774020397,,
123,4.8376274825550185,11.500268384326356,41.82098765432099,6.380837359098229,20.363660762211488,6.629092860976919,5.401234567901234,2.006172839506173,0.8319914117015567,0.2281266774020397,,
124,4.871175523349437,11.500268384326356,41.8142780461621,6.374127750939345,20.25630703166935,6.629092860976919,5.401234567901234,2.006172839506173,0.9192163177670424,0.2281266774020397,,
125,4.904723564143854,11.500268384326356,41.7740203972088,6.340579710144928,20.108695652173914,6.629092860976919,5.394524959742351,2.006172839506173,1.1137949543746646,0.2281266774020397,,
126,5.059044551798175,11.453301127214171,41.700214707461086,6.286902844873859,20.108695652173914,6.622383252818035,5.394524959742351,2.006172839506173,1.1406333870101986,0.2281266774020397,,
127,5.179817498658078,11.453301127214171,41.626409017713364,6.286902844873859,20.088566827697264,6.595544820182502,5.394524959742351,2.006172839506173,1.1406333870101986,0.2281266774020397,,
128,5.287171229200215,11.386205045625335,41.54589371980676,6.353998926462695,20.061728395061728,6.595544820182502,5.394524959742351,2.006172839506173,1.1406333870101986,0.2281266774020397,,
129,5.421363392377885,11.3593666129898,41.50563607085346,6.3137412775093935,20.034889962426195,6.595544820182502,5.394524959742351,2.006172839506173,1.1406333870101986,0.2281266774020397,,
130,5.46833064949007,11.3593666129898,41.458668813741276,6.3137412775093935,19.753086419753085,6.595544820182502,5.394524959742351,2.006172839506173,1.4224369296833066,0.2281266774020397,,
131,5.4549114331723025,11.3593666129898,41.39157273215244,6.414385399892646,19.753086419753085,6.575415995705851,5.394524959742351,2.006172839506173,1.4224369296833066,0.2281266774020397,,
132,5.589103596349974,11.292270531400966,41.358024691358025,6.414385399892646,19.632313472893184,6.474771873322598,5.394524959742351,2.1068169618894257,1.5096618357487923,0.2281266774020397,,
133,5.703166935050993,11.265432098765432,41.277509393451425,6.414385399892646,19.6256038647343,6.474771873322598,5.394524959742351,2.1068169618894257,1.5096618357487923,0.2281266774020397,,
134,5.730005367686527,10.258990874932904,40.98228663446055,6.018518518518518,18.431293612453032,8.501073537305421,5.394524959742351,3.421900161030596,1.0332796564680622,0.2281266774020397,,
135,5.112721417069243,7.749597423510467,40.96886741814278,4.64975845410628,23.564143853998928,8.501073537305421,5.394524959742351,2.985775630703167,0.8923778851315083,0.18115942028985507,,
136,5.387815351583468,7.716049382716049,40.86822329575953,4.757112184648417,23.45679012345679,8.360171765968868,5.394524959742351,2.945517981749866,0.9460547504025765,0.16774020397208803,,
137,5.595813204508857,7.595276435856146,40.754159957058505,4.757112184648417,23.027375201288244,8.360171765968868,5.367686527106817,3.4286097691894795,0.9460547504025765,0.16774020397208803,,
138,5.448201825013419,6.857219538378959,45.169082125603865,5.173107890499195,22.550993022007514,6.340579710144928,3.9720880300590444,3.421900161030596,0.8990874932903918,0.16774020397208803,,
139,5.508588298443371,6.843800322061192,45.12211486849168,5.173107890499195,22.550993022007514,6.340579710144928,3.9720880300590444,3.421900161030596,0.8990874932903918,0.16774020397208803,,
140,5.763553408480945,6.837090713902308,45.05501878690284,5.173107890499195,22.36983360171766,6.340579710144928,3.9720880300590444,3.421900161030596,0.8990874932903918,0.16774020397208803,,
141,5.629361245303274,6.837090713902308,40.82796564680623,5.173107890499195,26.663982823403114,6.273483628556092,3.9720880300590444,3.556092324208266,0.8990874932903918,0.16774020397208803,,
142,5.683038110574342,6.816961889425658,40.82796564680623,5.166398282340311,26.637144390767578,6.273483628556092,3.9720880300590444,3.556092324208266,0.8990874932903918,0.16774020397208803,,
143,5.857487922705314,6.78341384863124,40.774288781535155,5.166398282340311,26.583467525496513,6.260064412238325,3.9586688137412773,3.556092324208266,0.8923778851315083,0.16774020397208803,,
144,5.730005367686527,6.78341384863124,40.70048309178744,6.099033816425121,25.85212023617821,6.260064412238325,3.9586688137412773,3.556092324208266,0.8923778851315083,0.16774020397208803,,
145,5.656199677938808,6.427804616210413,39.660493827160494,4.830917874396135,28.63660762211487,6.260064412238325,3.9586688137412773,3.556092324208266,0.8454106280193237,0.16774020397208803,,
146,5.730005367686527,6.427804616210413,39.59339774557166,4.830917874396135,28.63660762211487,6.253354804079442,3.9586688137412773,3.556092324208266,0.8454106280193237,0.16774020397208803,,
147,5.736714975845411,6.427804616210413,39.58668813741278,4.830917874396135,28.63660762211487,6.253354804079442,3.9586688137412773,3.556092324208266,0.8454106280193237,0.16774020397208803,,
148,5.897745571658615,6.427804616210413,39.46591519055287,4.830917874396135,28.59634997316157,6.253354804079442,3.9586688137412773,3.556092324208266,0.8454106280193237,0.16774020397208803,,
149,5.797101449275362,6.427804616210413,36.493558776167475,4.824208266237251,31.4747718733226,6.246645195920558,3.9586688137412773,3.7640901771336552,0.8454106280193237,0.16774020397208803,,
150,5.917874396135265,6.394256575415996,36.460010735373054,4.824208266237251,31.4345142243693,6.246645195920558,3.9586688137412773,3.750670960815888,0.8454106280193237,0.16774020397208803,,
151,6.092324208266238,6.394256575415996,36.44659151905529,4.783950617283951,31.34728931830381,6.213097155126141,3.9586688137412773,3.750670960815888,0.8454106280193237,0.16774020397208803,,
152,6.246645195920558,6.394256575415996,36.37278582930757,4.777241009125067,31.280193236714975,6.213097155126141,3.69699409554482,3.750670960815888,0.8319914117015567,0.16774020397208803,0.2683843263553409,
153,6.4345142243692965,6.394256575415996,36.30568974771873,4.777241009125067,31.159420289855074,6.213097155126141,3.69699409554482,3.750670960815888,0.8319914117015567,0.16774020397208803,0.2683843263553409,
154,6.602254428341385,6.333870101986044,36.14465915190553,4.777241009125067,31.052066559312937,6.179549114331723,3.6768652710681695,3.965378421900161,0.8319914117015567,0.16774020397208803,0.2683843263553409,
155,6.6760601180891035,6.333870101986044,36.08427267847558,4.723564143853999,30.099302200751477,6.179549114331723,4.669887278582931,3.965378421900161,0.8319914117015567,0.16774020397208803,0.2683843263553409,
156,6.736446591519055,6.333870101986044,36.08427267847558,4.723564143853999,30.05233494363929,6.166129898013956,4.669887278582931,3.965378421900161,0.8319914117015567,0.16774020397208803,0.2683843263553409,
157,6.776704240472356,6.280193236714976,36.05743424584004,4.777241009125067,30.038915727321523,6.166129898013956,4.669887278582931,3.965378421900161,0.8319914117015567,0.16774020397208803,0.2683843263553409,
158,6.89747718733226,6.206387546967257,35.98362855609233,4.696725711218465,29.99194847020934,6.166129898013956,4.824208266237251,3.965378421900161,0.8319914117015567,0.16774020397208803,0.2683843263553409,
159,6.582125603864735,5.233494363929147,35.98362855609233,3.797638217928073,32.25308641975309,6.166129898013956,4.824208266237251,3.8915727321524423,0.8319914117015567,0.16774020397208803,0.2683843263553409,
160,6.689479334406871,5.233494363929147,35.91653247450349,3.797638217928073,32.21282877079979,6.166129898013956,4.824208266237251,3.8915727321524423,0.8319914117015567,0.16774020397208803,0.2683843263553409,
161,6.830381105743425,5.233494363929147,35.87627482555019,3.797638217928073,32.15244229736983,6.166129898013956,4.810789049919484,3.864734299516908,0.8319914117015567,0.16774020397208803,0.2683843263553409,
162,6.374127750939345,5.193236714975845,38.378958668813745,3.730542136339238,31.736446591519055,5.132850241545894,4.669887278582931,3.6500268384326353,0.8051529790660226,0.06038647342995169,0.2683843263553409,
163,6.575415995705851,5.193236714975845,38.34541062801932,3.730542136339238,31.736446591519055,5.112721417069243,4.669887278582931,3.502415458937198,0.8051529790660226,0.06038647342995169,0.2683843263553409,
164,6.642512077294686,5.193236714975845,38.28502415458937,3.730542136339238,31.736446591519055,4.998658078368224,4.663177670424047,3.502415458937198,0.8051529790660226,0.17444981213097155,0.2683843263553409,
165,6.951154052603328,5.166398282340311,38.25147611379496,3.730542136339238,31.50161030595813,4.9718196457326895,4.736983360171766,3.502415458937198,0.7917337627482555,0.17444981213097155,0.2214170692431562,
166,6.957863660762212,5.166398282340311,38.06360708534621,3.4688674181427803,31.340579710144926,4.9718196457326895,4.736983360171766,3.670155662909286,0.8923778851315083,0.17444981213097155,0.2214170692431562,0.33548040794417605
167,7.1725711218464845,5.166398282340311,37.88244766505636,3.4688674181427803,31.30703166935051,4.9718196457326895,4.736983360171766,3.670155662909286,0.8923778851315083,0.17444981213097155,0.2214170692431562,0.33548040794417605
168,7.266505636070853,5.159688674181428,37.84219001610306,3.4688674181427803,31.30703166935051,4.9718196457326895,4.7168545356951155,3.643317230273752,0.8923778851315083,0.17444981213097155,0.2214170692431562,0.33548040794417605
169,7.4006977992485234,5.159688674181428,37.64761137949544,3.4688674181427803,31.28690284487386,4.9718196457326895,4.7168545356951155,3.7238325281803544,0.8923778851315083,0.17444981213097155,0.2214170692431562,0.33548040794417605
170,7.440955448201825,5.119431025228127,37.473161567364464,3.4688674181427803,31.28690284487386,4.938271604938271,4.7168545356951155,3.9318303811057436,0.8923778851315083,0.17444981213097155,0.2214170692431562,0.33548040794417605
171,7.474503488996243,5.119431025228127,37.473161567364464,3.4688674181427803,31.266774020397207,4.938271604938271,4.7168545356951155,3.9184111647879765,0.8923778851315083,0.17444981213097155,0.2214170692431562,0.33548040794417605
172,7.588566827697263,5.119431025228127,37.432903918411164,3.4688674181427803,31.239935587761675,4.898013955984971,4.7168545356951155,3.9184111647879765,0.8856682769726248,0.17444981213097155,0.2214170692431562,0.33548040794417605
173,7.6623725174449815,5.119431025228127,36.22517444981213,4.656468062265164,31.186258722490606,4.898013955984971,4.7168545356951155,3.9184111647879765,0.8856682769726248,0.17444981213097155,0.2214170692431562,0.33548040794417605
174,7.682501341921632,5.119431025228127,36.22517444981213,4.656468062265164,31.179549114331724,4.898013955984971,4.7168545356951155,3.9049919484702094,0.8856682769726248,0.17444981213097155,0.2214170692431562,0.33548040794417605
175,7.809983896940419,5.119431025228127,36.090982286634464,4.656468062265164,31.146001073537306,4.884594739667204,4.696725711218465,3.9989264626945786,0.8856682769726248,0.17444981213097155,0.20128824476650564,0.33548040794417605
176,7.830112721417069,5.119431025228127,36.07085346215781,4.656468062265164,31.146001073537306,4.884594739667204,4.696725711218465,3.9989264626945786,0.8856682769726248,0.17444981213097155,0.20128824476650564,0.33548040794417605
177,7.9106280193236715,5.119431025228127,36.03730542136339,4.656468062265164,31.112453032742888,4.824208266237251,4.696725711218465,3.9855072463768115,0.8856682769726248,0.23483628556092323,0.20128824476650564,0.33548040794417605
178,8.13875469672571,5.119431025228127,35.98362855609233,4.656468062265164,30.951422436929683,4.824208266237251,4.683306494900698,3.9855072463768115,0.8856682769726248,0.23483628556092323,0.20128824476650564,0.33548040794417605
179,8.387010198604402,5.119431025228127,35.909822866344605,4.656468062265164,30.73671497584541,4.757112184648417,4.683306494900698,4.092860976918948,0.8856682769726248,0.23483628556092323,0.20128824476650564,0.33548040794417605
180,8.407139023081053,5.119431025228127,35.889694041867955,4.656468062265164,30.73671497584541,4.757112184648417,4.683306494900698,4.092860976918948,0.8856682769726248,0.23483628556092323,0.20128824476650564,0.33548040794417605
181,8.655394524959743,5.119431025228127,35.82259796027912,4.643048845947397,30.595813204508858,4.757112184648417,4.683306494900698,4.079441760601181,0.8856682769726248,0.23483628556092323,0.1878690284487386,0.33548040794417605
182,8.36688137412775,5.0993022007514766,34.796027911969944,4.643048845947397,30.50858829844337,5.837359098228664,5.146269457863661,3.9586688137412773,0.9393451422436929,0.18115942028985507,0.1878690284487386,0.33548040794417605
183,8.527911969940956,5.0993022007514766,34.715512614063336,4.562533548040794,30.50858829844337,5.837359098228664,5.146269457863661,3.9586688137412773,0.9393451422436929,0.18115942028985507,0.1878690284487386,0.33548040794417605
184,8.964036500268385,5.0858829844337095,34.594739667203434,4.562533548040794,30.46833064949007,5.810520665593129,5.146269457863661,3.7238325281803544,0.9393451422436929,0.18115942028985507,0.1878690284487386,0.33548040794417605
185,9.01100375738057,5.01207729468599,34.46725711218465,4.602791196994096,30.307300053676865,5.810520665593129,5.146269457863661,3.9989264626945786,0.9393451422436929,0.18115942028985507,0.1878690284487386,0.33548040794417605
186,9.245840042941492,5.01207729468599,34.44041867954911,4.575952764358561,30.152979066022546,5.783682232957595,5.146269457863661,3.9989264626945786,0.9393451422436929,0.18115942028985507,0.1878690284487386,0.33548040794417605
187,9.292807300053678,5.01207729468599,34.41358024691358,4.575952764358561,30.132850241545892,5.783682232957595,5.146269457863661,3.9989264626945786,0.9393451422436929,0.18115942028985507,0.1878690284487386,0.33548040794417605
188,9.386741814278047,4.985238862050457,34.41358024691358,4.575952764358561,29.978529253891573,5.783682232957595,5.287171229200215,3.9452495974235107,0.9393451422436929,0.18115942028985507,0.1878690284487386,0.33548040794417605
189,8.917069243156199,4.985238862050457,33.380300590445515,4.575952764358561,29.978529253891573,7.87037037037037,4.9651100375738055,3.683574879227053,0.9393451422436929,0.18115942028985507,0.1878690284487386,0.33548040794417605
190,8.809715512614064,4.884594739667204,31.642512077294686,4.374664519592056,29.56924315619968,7.87037037037037,7.635534084809447,3.569511540526033,0.9393451422436929,0.18115942028985507,0.1878690284487386,0.33548040794417605
191,8.917069243156199,4.884594739667204,31.5955448201825,4.374664519592056,29.528985507246375,7.85024154589372,7.635534084809447,3.569511540526033,0.9393451422436929,0.18115942028985507,0.1878690284487386,0.33548040794417605
192,8.910359634997317,4.884594739667204,31.300322061191626,4.7638217928073,29.49543746645196,7.85024154589372,7.62211486849168,3.5292538915727323,0.9393451422436929,0.18115942028985507,0.1878690284487386,0.33548040794417605
193,8.93719806763285,4.884594739667204,31.300322061191626,4.7638217928073,29.468599033816425,7.85024154589372,7.62211486849168,3.5292538915727323,0.9393451422436929,0.18115942028985507,0.1878690284487386,0.33548040794417605
194,9.078099838969404,4.884594739667204,31.266774020397207,4.750402576489533,29.414922168545356,7.823403113258186,7.62211486849168,3.515834675254965,0.9393451422436929,0.18115942028985507,0.1878690284487386,0.33548040794417605
195,9.252549651100376,4.810789049919484,31.239935587761675,4.8376274825550185,29.260601180891037,7.816693505099302,7.62211486849168,3.515834675254965,0.9393451422436929,0.18115942028985507,0.1878690284487386,0.33548040794417605
196,9.588030059044552,4.770531400966184,31.146001073537306,4.8376274825550185,29.106280193236714,7.816693505099302,7.575147611379496,3.515834675254965,0.9393451422436929,0.18115942028985507,0.1878690284487386,0.33548040794417605
197,9.621578099838969,4.770531400966184,31.146001073537306,4.8376274825550185,29.106280193236714,7.796564680622652,7.575147611379496,3.515834675254965,0.9393451422436929,0.16774020397208803,0.1878690284487386,0.33548040794417605
198,9.681964573268921,4.750402576489533,31.105743424584006,4.8376274825550185,29.106280193236714,7.796564680622652,7.575147611379496,3.515834675254965,0.9393451422436929,0.16774020397208803,0.1878690284487386,0.33548040794417605
199,9.473966720343531,4.750402576489533,29.58937198067633,4.656468062265164,29.09957058507783,9.75577026301664,7.575147611379496,3.488996242619431,0.9393451422436929,0.16774020397208803,0.16774020397208803,0.33548040794417605
200,9.588030059044552,4.750402576489533,29.482018250134193,4.636339237788513,29.005636070853463,9.75577026301664,7.575147611379496,3.5963499731615673,0.9393451422436929,0.16774020397208803,0.16774020397208803,0.33548040794417605
201,9.668545356951155,4.750402576489533,29.361245303274288,4.636339237788513,29.005636070853463,9.708803005904455,7.575147611379496,3.683574879227053,0.9393451422436929,0.16774020397208803,0.16774020397208803,0.33548040794417605
202,9.742351046698873,4.750402576489533,29.341116478797638,4.636339237788513,28.965378421900162,9.708803005904455,7.575147611379496,3.6768652710681695,0.9326355340848095,0.16774020397208803,0.16774020397208803,0.33548040794417605
203,9.749060654857756,4.636339237788513,29.314278046162105,4.602791196994096,28.878153515834676,9.708803005904455,7.575147611379496,3.9318303811057436,0.9326355340848095,0.16774020397208803,0.16774020397208803,0.33548040794417605
204,9.829575952764358,4.636339237788513,29.260601180891037,4.602791196994096,28.75738056897477,9.681964573268921,7.575147611379496,3.9318303811057436,1.0534084809447128,0.16774020397208803,0.16774020397208803,0.33548040794417605
205,9.883252818035427,4.528985507246377,29.22705314009662,4.730273752012883,28.71712292002147,9.681964573268921,7.575147611379496,3.9318303811057436,1.0534084809447128,0.16774020397208803,0.16774020397208803,0.33548040794417605
206,10.00402576489533,4.522275899087493,29.186795491143318,4.730273752012883,28.64331723027375,9.681964573268921,7.575147611379496,3.9318303811057436,1.0534084809447128,0.16774020397208803,0.16774020397208803,0.33548040794417605
207,9.957058507783145,4.49543746645196,29.1532474503489,4.7101449275362315,28.60305958132045,9.681964573268921,7.575147611379496,4.0995705850778315,1.0534084809447128,0.16774020397208803,0.16774020397208803,0.33548040794417605
208,9.88996242619431,4.49543746645196,28.59634997316157,6.233225979602791,27.81803542673108,9.668545356951155,7.474503488996243,4.0995705850778315,1.0534084809447128,0.16774020397208803,0.16774020397208803,0.33548040794417605
209,9.98389694041868,4.49543746645196,28.5829307568438,6.233225979602791,27.811325818572197,9.614868491680086,7.467793880837359,4.086151368760064,1.0534084809447128,0.16774020397208803,0.16774020397208803,0.33548040794417605
210,9.702093397745571,4.03918411164788,28.502415458937197,6.092324208266238,25.05367686527107,9.849704777241008,11.2788513150832,3.9452495974235107,0.8655394524959742,0.16774020397208803,0.16774020397208803,0.33548040794417605
211,9.863123993558776,4.03918411164788,28.361513687600645,6.031937734836285,23.65136876006441,10.909822866344605,11.265432098765432,4.341116478797638,0.8655394524959742,0.16774020397208803,0.16774020397208803,0.33548040794417605
212,9.91009125067096,4.03918411164788,28.348094471282877,6.031937734836285,23.65136876006441,10.876274825550189,11.265432098765432,4.341116478797638,0.8655394524959742,0.16774020397208803,0.16774020397208803,0.33548040794417605
213,10.02415458937198,4.025764895330113,28.287707997852927,6.031937734836285,23.62453032742888,10.876274825550189,11.252012882447666,4.341116478797638,0.8655394524959742,0.16774020397208803,0.16774020397208803,0.33548040794417605
214,10.030864197530864,4.025764895330113,25.89237788513151,6.031937734836285,23.523886205045624,13.539989264626946,11.16478797638218,4.253891572732153,0.8655394524959742,0.16774020397208803,0.16774020397208803,0.33548040794417605
215,10.198604401502953,4.025764895330113,25.865539452495973,6.018518518518518,23.443370907139023,13.539989264626946,11.117820719269995,4.253891572732153,0.8655394524959742,0.16774020397208803,0.16774020397208803,0.33548040794417605
216,10.433440687063875,4.025764895330113,25.744766505636072,5.978260869565218,23.396403650026837,13.533279656468062,11.097691894793345,4.253891572732153,0.8655394524959742,0.16774020397208803,0.16774020397208803,0.33548040794417605
217,10.520665593129362,4.025764895330113,25.697799248523886,5.978260869565218,23.389694041867955,13.513150831991412,11.084272678475577,4.253891572732153,0.8655394524959742,0.16774020397208803,0.16774020397208803,0.33548040794417605
218,10.567632850241546,4.025764895330113,25.677670424047236,5.978260869565218,23.389694041867955,13.506441223832528,11.064143853998926,4.253891572732153,0.8655394524959742,0.16774020397208803,0.16774020397208803,0.33548040794417605
219,10.628019323671497,4.025764895330113,25.664251207729468,5.978260869565218,23.369565217391305,13.493022007514762,11.064143853998926,4.253891572732153,0.8521202361782072,0.16774020397208803,0.16774020397208803,0.33548040794417605
220,10.721953837895867,3.992216854535695,25.650831991411703,5.978260869565218,23.356146001073537,13.459473966720344,11.064143853998926,4.253891572732153,0.8521202361782072,0.16774020397208803,0.16774020397208803,0.33548040794417605
