,45,50,55,51,53,52,54,58,56,57,60,59,61,46
0,99.92619431025228,0.07380568974771873,,,,,,,,,,,,
1,99.56387546967257,0.43612453032742887,,,,,,,,,,,,
2,99.49006977992485,0.5099302200751477,,,,,,,,,,,,
3,98.91975308641975,1.0802469135802468,,,,,,,,,,,,
4,98.77214170692432,1.2278582930756843,,,,,,,,,,,,
5,98.28234031132583,1.7176596886741815,,,,,,,,,,,,
6,97.9669887278583,2.033011272141707,,,,,,,,,,,,
7,97.83279656468062,2.167203435319377,,,,,,,,,,,,
8,84.5276435856146,15.4723564143854,,,,,,,,,,,,
9,84.44041867954911,15.539452495974235,0.020128824476650563,,,,,,,,,,,
10,84.17203435319378,15.794417606011809,0.020128824476650563,0.013419216317767043,,,,,,,,,,
11,84.05126140633386,15.915190552871712,0.020128824476650563,0.013419216317767043,,,,,,,,,,
12,76.51637144390767,23.30246913580247,0.16774020397208803,0.013419216317767043,,,,,,,,,,
13,76.2211486849168,23.315888352120236,0.41599570585077833,0.013419216317767043,0.03354804079441761,,,,,,,,,
14,76.14734299516908,23.349436392914654,0.43612453032742887,0.013419216317767043,0.03354804079441761,0.020128824476650563,,,,,,,,
15,73.96001073537306,25.53676865271068,0.43612453032742887,0.013419216317767043,0.03354804079441761,0.020128824476650563,,,,,,,,
16,73.06763285024155,26.40901771336554,0.4562533548040794,0.013419216317767043,0.03354804079441761,0.020128824476650563,,,,,,,,
17,72.46376811594203,26.959205582393988,0.5099302200751477,0.013419216317767043,0.03354804079441761,0.020128824476650563,,,,,,,,
18,63.909017713365536,34.74906065485776,0.5501878690284487,0.013419216317767043,0.03354804079441761,0.7447665056360708,,,,,,,,
19,63.848631239935585,34.74906065485776,0.5904455179817498,0.03354804079441761,0.03354804079441761,0.7447665056360708,,,,,,,,
20,63.687600644122384,34.648416532474506,0.8051529790660226,0.08051529790660225,0.03354804079441761,0.7447665056360708,,,,,,,,
21,63.64734299516908,34.634997316156735,0.8319914117015567,0.08051529790660225,0.03354804079441761,0.7447665056360708,0.026838432635534086,,,,,,,
22,63.6003757380569,34.68196457326892,0.8319914117015567,0.08051529790660225,0.03354804079441761,0.7447665056360708,0.026838432635534086,,,,,,,
23,63.53327965646806,34.614868491680085,0.8655394524959742,0.08051529790660225,0.03354804079441761,0.8454106280193237,0.026838432635534086,,,,,,,
24,63.17096081588835,34.94363929146538,0.8990874932903918,0.08051529790660225,0.03354804079441761,0.8454106280193237,0.026838432635534086,,,,,,,
25,62.754965110037574,35.339506172839506,0.9192163177670424,0.08051529790660225,0.03354804079441761,0.8454106280193237,0.026838432635534086,,,,,,,
26,60.48040794417606,36.85587761674718,0.95276435856146,0.05367686527106817,0.7447665056360708,0.8588298443370908,0.026838432635534086,0.026838432635534086,,,,,,
27,58.9170692431562,35.487117552334944,0.9796027911969941,2.9589371980676327,0.7447665056360708,0.8588298443370908,0.026838432635534086,0.026838432635534086,,,,,,
28,58.78958668813741,35.601180891035966,0.9930220075147611,2.9589371980676327,0.7447665056360708,0.8588298443370908,0.026838432635534086,0.026838432635534086,,,,,,
29,52.12023617820719,42.250402576489535,0.9863123993558777,2.9589371980676327,0.7447665056360708,0.8588298443370908,0.05367686527106817,0.026838432635534086,,,,,,
30,51.851851851851855,42.45169082125604,0.9863123993558777,2.9924852388620504,0.7447665056360708,0.8588298443370908,0.08722490606548577,0.026838432635534086,,,,,,
31,51.20101986044015,42.961621041331185,1.1272141706924315,2.9924852388620504,0.7447665056360708,0.8588298443370908,0.08722490606548577,0.026838432635534086,,,,,,
32,51.13392377885131,42.64626945786366,1.1205045625335481,2.918679549114332,1.06682769726248,0.8588298443370908,0.08722490606548577,0.026838432635534086,0.14090177133655393,,,,,
33,51.006441223832525,42.74691358024691,1.1205045625335481,2.918679549114332,1.093666129898014,0.8588298443370908,0.08722490606548577,0.026838432635534086,0.14090177133655393,,,,,
34,50.925925925925924,42.80730005367686,1.1406333870101986,2.918679549114332,1.093666129898014,0.8588298443370908,0.08722490606548577,0.026838432635534086,0.14090177133655393,,,,,
35,50.66425120772947,43.06897477187332,1.1406333870101986,2.918679549114332,1.093666129898014,0.8588298443370908,0.08722490606548577,0.026838432635534086,0.14090177133655393,,,,,
36,50.64412238325282,43.03542673107891,1.1741814278046163,2.918679549114332,1.093666129898014,0.8588298443370908,0.08722490606548577,0.026838432635534086,0.1610305958132045,,,,,
37,50.577026301663984,42.99516908212561,1.2815351583467525,2.918679549114332,1.093666129898014,0.8588298443370908,0.08722490606548577,0.026838432635534086,0.1610305958132045,,,,,
38,49.81213097155126,43.45813204508857,1.583467525496511,2.918679549114332,1.0601180891035964,0.8588298443370908,0.12077294685990338,0.026838432635534086,0.1610305958132045,,,,,
39,49.77858293075684,43.49168008588298,1.583467525496511,2.918679549114332,1.0601180891035964,0.8588298443370908,0.12077294685990338,0.026838432635534086,0.1610305958132045,,,,,
40,49.53032742887815,43.57890499194847,1.7176596886741815,2.281266774020397,1.0601180891035964,1.5432098765432098,0.12077294685990338,0.026838432635534086,0.14090177133655393,,,,,
41,49.241814278046164,43.76677402039721,1.8250134192163177,2.2745571658615136,1.0601180891035964,1.5432098765432098,0.12077294685990338,0.026838432635534086,0.14090177133655393,,,,,
42,45.00134192163178,48.631239935587764,0.9930220075147611,2.2611379495437465,1.0601180891035964,1.8317230273752012,0.07380568974771873,0.026838432635534086,0.12077294685990338,,,,,
43,44.87385936661299,48.7385936661299,1.0131508319914118,2.2611379495437465,1.0601180891035964,1.8317230273752012,0.07380568974771873,0.026838432635534086,0.12077294685990338,,,,,
44,44.83360171765969,48.698336017176594,1.093666129898014,2.2611379495437465,1.0601180891035964,1.8317230273752012,0.07380568974771873,0.026838432635534086,0.12077294685990338,,,,,
45,43.86070853462158,45.571658615136876,1.0735373054213635,6.729736983360172,1.0332796564680622,1.5365002683843263,0.0939345142243693,0.026838432635534086,0.07380568974771873,,,,,
46,40.58641975308642,38.65405260332797,0.9863123993558777,17.659688674181428,0.9863123993558777,0.9728931830381106,0.0939345142243693,0.026838432635534086,0.03354804079441761,,,,,
47,40.41867954911433,38.79495437466452,1.0131508319914118,17.659688674181428,0.9863123993558777,0.9728931830381106,0.0939345142243693,0.026838432635534086,0.03354804079441761,,,,,
48,40.11003757380569,39.090177133655395,1.0265700483091786,17.639559849704778,0.9863123993558777,0.9728931830381106,0.0939345142243693,0.026838432635534086,0.05367686527106817,,,,,
49,38.81508319914117,36.24530327428878,0.9863123993558777,21.786097691894792,0.9863123993558777,0.9393451422436929,0.0939345142243693,0.026838432635534086,0.12077294685990338,,,,,
50,38.81508319914117,36.13794954374664,1.06682769726248,21.77938808373591,0.9863123993558777,0.966183574879227,0.0939345142243693,0.026838432635534086,0.1274825550187869,,,,,
51,38.79495437466452,36.02388620504563,1.288244766505636,21.68545356951154,0.9863123993558777,0.966183574879227,0.0939345142243693,0.026838432635534086,0.13419216317767044,,,,,
52,38.727858293075684,35.869565217391305,1.288244766505636,21.095008051529792,1.6304347826086956,0.9594739667203436,0.0939345142243693,0.026838432635534086,0.30864197530864196,,,,,
53,38.727858293075684,35.81588835212023,1.3419216317767042,21.095008051529792,1.6304347826086956,0.9594739667203436,0.0939345142243693,0.026838432635534086,0.30864197530864196,,,,,
54,38.64734299516908,35.85614600107354,1.3754696725711217,21.088298443370906,1.6304347826086956,0.9594739667203436,0.10735373054213634,0.026838432635534086,0.30864197530864196,,,,,
55,38.61379495437466,35.889694041867955,1.3754696725711217,21.088298443370906,1.6304347826086956,0.9594739667203436,0.10735373054213634,0.026838432635534086,0.30864197530864196,,,,,
56,37.473161567364464,35.94337090713902,1.3754696725711217,22.52415458937198,1.6304347826086956,0.630703166935051,0.10735373054213634,0.026838432635534086,0.2885131508319914,,,,,
57,37.39935587761675,35.88298443370907,1.4895330112721417,22.490606548577563,1.6438539989264627,0.6374127750939346,0.10735373054213634,0.026838432635534086,0.322061191626409,,,,,
58,37.35238862050456,35.90311325818572,1.5096618357487923,22.470477724100913,1.6438539989264627,0.6374127750939346,0.13419216317767044,0.026838432635534086,0.322061191626409,,,,,
59,37.35238862050456,35.829307568438004,1.5633387010198605,22.423510466988727,1.6438539989264627,0.6374127750939346,0.15432098765432098,0.026838432635534086,0.36902844873859364,,,,,
60,36.85587761674718,35.621309715512616,1.5499194847020934,22.423510466988727,1.6706924315619969,1.3150831991411702,0.15432098765432098,0.026838432635534086,0.3824476650563607,,,,,
61,35.65485775630703,33.091787439613526,1.5297906602254427,26.25469672571122,1.6706924315619969,1.3083735909822867,0.14090177133655393,0.026838432635534086,0.322061191626409,,,,,
62,35.68169618894257,33.091787439613526,1.5163714439076759,26.060118089103597,1.6706924315619969,1.3083735909822867,0.14090177133655393,0.026838432635534086,0.5032206119162641,,,,,
63,35.29253891572732,32.82340311325819,1.5163714439076759,26.67740203972088,1.6706924315619969,1.3486312399355878,0.14090177133655393,0.026838432635534086,0.5032206119162641,,,,,
64,35.238862050456255,31.01851851851852,1.482823403113258,26.67740203972088,3.5829307568438002,1.3553408480944713,0.11406333870101985,0.026838432635534086,0.5032206119162641,,,,,
65,35.017444981213096,31.219806763285025,1.4626945786366077,26.637144390767578,3.603059581320451,1.3553408480944713,0.1274825550187869,0.026838432635534086,0.5501878690284487,,,,,
66,34.916800858829845,31.333870101986044,1.4626945786366077,26.536500268384327,3.603059581320451,1.3553408480944713,0.1274825550187869,0.026838432635534086,0.6374127750939346,,,,,
67,34.76247987117552,31.313741277509394,1.4895330112721417,24.684648416532475,3.5628019323671496,3.3950617283950617,0.1274825550187869,0.06709608158883522,0.5971551261406334,,,,,
68,34.614868491680085,31.4747718733226,1.482823403113258,24.570585077831456,3.556092324208266,3.3950617283950617,0.1274825550187869,0.06709608158883522,0.7112184648416533,,,,,
69,34.58132045088567,31.508319914117017,1.482823403113258,24.54374664519592,3.5829307568438002,3.3950617283950617,0.1274825550187869,0.06709608158883522,0.7112184648416533,,,,,
70,31.57541599570585,34.38003220611916,1.5499194847020934,24.46323134728932,3.502415458937198,3.3950617283950617,0.27509393451422437,0.06709608158883522,0.7917337627482555,,,,,
71,31.548577563070317,34.33977455716586,1.583467525496511,24.416264090177133,3.388352120236178,3.3950617283950617,0.4227053140096618,0.0939345142243693,0.8118625872249061,,,,,
72,31.52173913043478,34.326355340848096,1.596886741814278,24.349168008588297,3.4017713365539453,3.3950617283950617,0.4092860976918948,0.0939345142243693,0.9057971014492754,,,,,
73,27.9723564143854,37.07058507783145,1.6371443907675791,24.255233494363928,4.213633923778851,3.3682232957595275,0.4092860976918948,0.12077294685990338,0.95276435856146,,,,,
74,27.95222758990875,37.03703703703704,1.6706924315619969,24.27536231884058,4.213633923778851,3.3682232957595275,0.4092860976918948,0.12077294685990338,0.95276435856146,,,,,
75,27.91867954911433,36.922973698336016,1.751207729468599,24.295491143317232,4.126409017713366,3.3950617283950617,0.5032206119162641,0.12077294685990338,0.966183574879227,,,,,
76,27.911969940955448,36.90955448201825,1.778046162104133,24.295491143317232,4.126409017713366,3.374932903918411,0.5032206119162641,0.12077294685990338,0.966183574879227,0.013419216317767043,,,,
77,27.80461621041331,36.943102522812666,1.778046162104133,24.268652710681696,4.126409017713366,3.374932903918411,0.6038647342995169,0.12077294685990338,0.966183574879227,0.013419216317767043,,,,
78,27.596618357487923,37.13768115942029,1.8048845947396672,24.255233494363928,4.126409017713366,3.374932903918411,0.6038647342995169,0.12077294685990338,0.966183574879227,0.013419216317767043,,,,
79,27.596618357487923,37.1309715512614,1.8115942028985508,24.255233494363928,4.126409017713366,3.3682232957595275,0.6038647342995169,0.12077294685990338,0.966183574879227,0.020128824476650563,,,,
80,27.51610305958132,36.73510466988728,1.8115942028985508,24.255233494363928,4.1532474503489,3.8043478260869565,0.6172839506172839,0.12077294685990338,0.966183574879227,0.020128824476650563,,,,
81,26.898819108964037,34.634997316156735,1.8115942028985508,26.94578636607622,4.133118625872249,3.8043478260869565,0.644122383252818,0.12077294685990338,0.9863123993558777,0.020128824476650563,,,,
82,26.88539989264627,34.614868491680085,1.9726247987117553,26.932367149758456,3.9989264626945786,3.8043478260869565,0.644122383252818,0.12077294685990338,1.0064412238325282,0.020128824476650563,,,,
83,26.84514224369297,34.46725711218465,2.0665593129361244,26.8719806763285,4.03918411164788,3.8714439076757916,0.644122383252818,0.12077294685990338,1.0534084809447128,0.020128824476650563,,,,
84,26.8317230273752,34.306226516371446,2.2879763821792807,26.764626945786365,4.072732152442297,3.8378958668813743,0.644122383252818,0.12077294685990338,1.0802469135802468,0.05367686527106817,,,,
85,26.7914653784219,34.03113258185722,2.2879763821792807,26.764626945786365,4.388083735909823,3.8378958668813743,0.644122383252818,0.12077294685990338,1.0802469135802468,0.05367686527106817,,,,
86,26.764626945786365,34.01771336553945,2.2879763821792807,26.710950080515296,4.428341384863124,3.8378958668813743,0.644122383252818,0.12077294685990338,1.133923778851315,0.05367686527106817,,,,
87,26.623725174449813,33.89023081052066,2.522812667740204,26.737788513150832,4.428341384863124,3.844605475040258,0.644122383252818,0.12077294685990338,1.133923778851315,0.05367686527106817,,,,
88,26.603596349973163,33.883521202361784,2.5697799248523885,26.643853998926463,4.428341384863124,3.844605475040258,0.644122383252818,0.12077294685990338,1.2077294685990339,0.05367686527106817,,,,
89,26.590177133655395,33.863392377885134,2.576489533011272,26.590177133655395,4.314278046162104,3.8378958668813743,0.7917337627482555,0.12077294685990338,1.261406333870102,0.05367686527106817,,,,
90,26.44927536231884,33.964036500268385,2.6167471819645733,26.590177133655395,4.314278046162104,3.8378958668813743,0.7917337627482555,0.12077294685990338,1.261406333870102,0.05367686527106817,,,,
91,25.751476113794954,32.13231347289318,2.3886205045625335,26.603596349973163,7.058507783145465,3.8378958668813743,0.7917337627482555,0.12077294685990338,1.261406333870102,0.05367686527106817,,,,
92,25.704508856682768,31.97128287707998,2.368491680085883,28.67686527106817,5.213365539452496,3.7573805689747717,0.8923778851315083,0.12077294685990338,1.2412775093934514,0.05367686527106817,,,,
93,25.603864734299517,32.11218464841653,2.368491680085883,28.650026838432634,5.186527106816962,3.730542136339238,0.8923778851315083,0.14761137949543746,1.2546967257112185,0.05367686527106817,,,,
94,25.0,31.582125603864736,2.408749329039184,29.757112184648417,5.052334943639291,3.7238325281803544,0.8923778851315083,0.14761137949543746,1.3821792807300053,0.05367686527106817,,,,
95,24.745034889962426,30.50187869028449,2.408749329039184,31.07890499194847,5.052334943639291,3.7238325281803544,0.8923778851315083,0.14761137949543746,1.3955984970477724,0.05367686527106817,,,,
96,24.704777241009126,30.50187869028449,2.4020397208803006,31.0654857756307,4.99194847020934,3.7238325281803544,0.8923778851315083,0.14761137949543746,1.4090177133655395,0.1610305958132045,,,,
97,24.537037037037038,30.629361245303276,2.4020397208803006,31.072195383789587,4.99194847020934,3.7573805689747717,0.8923778851315083,0.14761137949543746,1.4090177133655395,0.1610305958132045,,,,
98,24.550456253354803,30.60252281266774,2.4154589371980677,31.011808910359633,4.99194847020934,3.750670960815888,0.8923778851315083,0.14761137949543746,1.4694041867954912,0.16774020397208803,,,,
99,24.537037037037038,30.515297906602253,2.5496511003757383,31.011808910359633,4.958400429414922,3.750670960815888,0.8923778851315083,0.14761137949543746,1.4694041867954912,0.16774020397208803,,,,
100,24.40955448201825,30.609232420826622,2.563070316693505,30.931293612453032,4.958400429414922,3.750670960815888,0.9259259259259259,0.14761137949543746,1.5365002683843263,0.16774020397208803,,,,
101,24.261943102522814,30.515297906602253,2.791196994095545,30.9044551798175,4.951690821256038,3.7640901771336552,0.9259259259259259,0.14761137949543746,1.556629092860977,0.18115942028985507,,,,
102,23.711755233494365,28.495705850778315,2.536231884057971,34.23242082662372,4.609500805152979,3.6634460547504024,0.798443370907139,0.12077294685990338,1.6505636070853462,0.18115942028985507,,,,
103,23.711755233494365,28.509125067096083,2.536231884057971,34.18545356951154,4.609500805152979,3.656736446591519,0.798443370907139,0.12077294685990338,1.6908212560386473,0.18115942028985507,,,,
104,23.65136876006441,28.381642512077295,2.536231884057971,34.18545356951154,4.4820182501341925,3.8043478260869565,0.9796027911969941,0.12077294685990338,1.6774020397208802,0.18115942028985507,,,,
105,23.65136876006441,28.341384863123995,2.563070316693505,34.064680622651636,4.4820182501341925,3.8177670424047236,0.9796027911969941,0.12077294685990338,1.7981749865807837,0.18115942028985507,,,,
106,23.691626409017715,28.166935050993022,2.6704240472356413,34.044551798174986,4.4820182501341925,3.878153515834675,0.9796027911969941,0.12077294685990338,1.7847557702630166,0.18115942028985507,,,,
107,23.691626409017715,28.166935050993022,2.6704240472356413,33.97745571658615,4.4820182501341925,3.878153515834675,0.9796027911969941,0.12077294685990338,1.8518518518518519,0.18115942028985507,,,,
108,23.07434245840043,28.703703703703702,2.6502952227589907,34.01771336553945,4.4820182501341925,3.8043478260869565,1.0198604401502953,0.12077294685990338,1.9457863660762211,0.18115942028985507,,,,
109,22.946859903381643,28.381642512077295,2.6301663982823404,32.11218464841653,7.1658615136876005,3.750670960815888,1.0332796564680622,0.12077294685990338,1.6774020397208802,0.18115942028985507,,,,
110,22.946859903381643,28.153515834675254,2.804616210413312,32.118894256575416,7.1658615136876005,3.717122920021471,1.1003757380568975,0.12077294685990338,1.6572732152442298,0.2147074610842727,,,,
111,22.946859903381643,28.133387010198604,3.6768652710681695,31.266774020397207,7.1658615136876005,3.717122920021471,1.1003757380568975,0.12077294685990338,1.6572732152442298,0.2147074610842727,,,,
112,22.920021470746107,28.14009661835749,3.7238325281803544,31.21309715512614,7.1658615136876005,3.717122920021471,1.1003757380568975,0.12077294685990338,1.6841116478797638,0.2147074610842727,,,,
113,22.913311862587225,28.059581320450885,3.797638217928073,31.17283950617284,7.1658615136876005,3.7573805689747717,1.1003757380568975,0.12077294685990338,1.6975308641975309,0.2147074610842727,,,,
114,22.920021470746107,28.059581320450885,3.797638217928073,30.951422436929683,7.1658615136876005,3.7573805689747717,1.3150831991411702,0.12077294685990338,1.6975308641975309,0.2147074610842727,,,,
115,22.81266774020397,27.945517981749866,3.8714439076757916,30.9447128287708,7.14573268921095,3.844605475040258,1.3419216317767042,0.14090177133655393,1.7042404723564144,0.24825550187869028,,,,
116,22.819377348362856,27.905260332796566,3.911701556629093,30.83064949006978,7.065217391304348,3.8177670424047236,1.3352120236178207,0.23483628556092323,1.8048845947396672,0.27509393451422437,,,,
117,21.3768115942029,26.80488459473967,3.9855072463768115,32.367149758454104,8.017981749865807,3.784219001610306,1.3352120236178207,0.23483628556092323,1.8183038110574343,0.27509393451422437,,,,
118,21.35668276972625,26.82501341921632,3.9855072463768115,32.340311325818575,8.017981749865807,3.784219001610306,1.3352120236178207,0.23483628556092323,1.8451422436929683,0.27509393451422437,,,,
119,21.35668276972625,26.818303811057433,3.978797638217928,32.32018250134192,8.004562533548041,3.784219001610306,1.3486312399355878,0.24825550187869028,1.865271068169619,0.27509393451422437,,,,
120,21.39694041867955,26.7914653784219,4.341116478797638,31.91760601180891,8.004562533548041,3.7775093934514223,1.3419216317767042,0.2616747181964573,1.8719806763285025,0.2952227589908749,,,,
121,21.410359634997317,26.77133655394525,4.314278046162104,31.769994632313473,8.004562533548041,3.7775093934514223,1.442565754159957,0.2616747181964573,1.9524959742351047,0.2952227589908749,,,,
122,21.410359634997317,26.81159420289855,4.314278046162104,31.676060118089104,7.997852925389157,3.6902844873859366,1.583467525496511,0.2683843263553409,1.9524959742351047,0.2952227589908749,,,,
123,21.410359634997317,26.81159420289855,4.314278046162104,31.568706387546968,7.997852925389157,3.6902844873859366,1.6170155662909287,0.2683843263553409,2.0263016639828235,0.2952227589908749,,,,
124,21.423778851315085,26.482823403113258,4.435050993022007,31.57541599570585,8.07836822329576,3.6634460547504024,1.724369296833065,0.2683843263553409,2.0531400966183573,0.2952227589908749,,,,
125,21.443907675791735,26.46940418679549,4.435050993022007,31.568706387546968,8.064949006977992,3.6768652710681695,1.7042404723564144,0.28180354267310787,2.059849704777241,0.2952227589908749,,,,
126,21.450617283950617,26.39559849704777,4.555823939881911,31.5150295222759,8.064949006977992,3.6634460547504024,1.7042404723564144,0.28180354267310787,2.059849704777241,0.30864197530864196,,,,
127,21.24932903918411,26.570048309178745,4.555823939881911,31.49490069779925,8.05823939881911,3.670155662909286,1.7042404723564144,0.322061191626409,2.059849704777241,0.3153515834675255,,,,
128,21.101717659688674,26.717659688674182,4.555823939881911,31.46135265700483,8.05823939881911,3.670155662909286,1.7042404723564144,0.322061191626409,2.0933977455716586,0.3153515834675255,,,,
129,21.101717659688674,26.690821256038646,4.582662372517445,31.46135265700483,8.05823939881911,3.670155662909286,1.7042404723564144,0.322061191626409,2.0933977455716586,0.3153515834675255,,,,
130,21.088298443370906,26.50295222758991,4.5893719806763285,31.447933440687063,8.266237251744498,3.670155662909286,1.7042404723564144,0.322061191626409,2.0933977455716586,0.3153515834675255,,,,
131,21.068169618894256,26.52308105206656,4.5893719806763285,31.447933440687063,8.259527643585615,3.670155662909286,1.7042404723564144,0.32877079978529256,2.0933977455716586,0.3153515834675255,,,,
132,21.068169618894256,26.536500268384327,4.5893719806763285,31.374127750939344,8.259527643585615,3.670155662909286,1.7042404723564144,0.32877079978529256,2.15378421900161,0.3153515834675255,,,,
133,21.07487922705314,26.442565754159958,4.609500805152979,31.34728931830381,8.239398819108963,3.6634460547504024,1.7042404723564144,0.3421900161030596,2.2410091250670963,0.33548040794417605,,,,
134,21.061460010735374,26.42914653784219,4.609500805152979,31.32716049382716,8.239398819108963,3.6902844873859366,1.7042404723564144,0.3421900161030596,2.2611379495437465,0.33548040794417605,,,,
135,21.041331186258724,26.435856146001072,4.636339237788513,31.313741277509394,8.239398819108963,3.6902844873859366,1.7042404723564144,0.3421900161030596,2.2611379495437465,0.33548040794417605,,,,
136,20.96081588835212,26.496242619431026,4.62962962962963,31.300322061191626,8.246108427267847,3.6902844873859366,1.710950080515298,0.3421900161030596,2.2879763821792807,0.33548040794417605,,,,
137,20.853462157809982,26.496242619431026,4.669887278582931,31.394256575415994,8.232689210950081,3.6902844873859366,1.7444981213097155,0.3421900161030596,2.2410091250670963,0.33548040794417605,,,,
138,20.71256038647343,26.630434782608695,4.64975845410628,31.374127750939344,8.21256038647343,3.7104133118625873,1.7444981213097155,0.3421900161030596,2.2611379495437465,0.36231884057971014,,,,
139,20.679012345679013,26.590177133655395,4.622920021470746,31.340579710144926,8.279656468062266,3.7573805689747717,1.7444981213097155,0.32877079978529256,2.2946859903381642,0.36231884057971014,,,,
140,20.679012345679013,26.556629092860977,4.85775630703167,31.374127750939344,8.044820182501342,3.7573805689747717,1.7444981213097155,0.32877079978529256,2.2946859903381642,0.36231884057971014,,,,
141,20.705850778314545,26.529790660225444,4.8443370907139025,31.353998926462694,8.044820182501342,3.7573805689747717,1.7444981213097155,0.32877079978529256,2.314814814814815,0.36231884057971014,0.013419216317767043,,,
142,20.618625872249062,26.42914653784219,4.62962962962963,28.247450348899623,10.413311862587225,4.864465915190553,2.1068169618894257,0.32877079978529256,2.0665593129361244,0.28180354267310787,0.013419216317767043,,,
143,20.517981749865807,26.42914653784219,3.938539989264627,26.44927536231884,13.399087493290391,4.864465915190553,2.073268921095008,0.322061191626409,1.710950080515298,0.28180354267310787,0.013419216317767043,,,
144,20.531400966183575,26.40901771336554,3.992216854535695,26.362050456253353,13.399087493290391,4.851046698872786,2.073268921095008,0.322061191626409,1.7646269457863661,0.28180354267310787,0.013419216317767043,,,
145,20.517981749865807,26.402308105206657,3.992216854535695,26.34863123993559,13.372249060654857,4.851046698872786,2.073268921095008,0.35560923242082665,1.7646269457863661,0.30864197530864196,0.013419216317767043,,,
146,20.45088566827697,26.442565754159958,4.005636070853462,26.362050456253353,13.365539452495975,4.824208266237251,2.073268921095008,0.35560923242082665,1.7847557702630166,0.322061191626409,0.013419216317767043,,,
147,20.44417606011809,26.462694578636608,4.032474503488996,26.301663982823403,13.365539452495975,4.810789049919484,2.073268921095008,0.35560923242082665,1.7981749865807837,0.322061191626409,0.013419216317767043,0.020128824476650563,,
148,20.142243692968332,26.7512077294686,4.052603327965647,26.281535158346752,13.318572195383789,4.804079441760601,2.073268921095008,0.4025764895330113,1.8183038110574343,0.322061191626409,0.013419216317767043,0.020128824476650563,,
149,20.101986044015028,26.31508319914117,4.045893719806763,26.241277509393452,13.271604938271604,4.804079441760601,2.6033279656468062,0.43612453032742887,1.8250134192163177,0.322061191626409,0.013419216317767043,0.020128824476650563,,
150,20.108695652173914,26.31508319914117,4.1129898013955986,26.241277509393452,13.137412775093935,4.804079441760601,2.6301663982823404,0.46967257112184646,1.8250134192163177,0.322061191626409,0.013419216317767043,0.020128824476650563,,
151,20.02818035426731,26.37546967257112,4.126409017713366,26.154052603327965,13.110574342458401,4.783950617283951,2.6301663982823404,0.49651100375738055,1.9189479334406871,0.3421900161030596,0.013419216317767043,0.020128824476650563,,
152,20.014761137949545,26.247987117552334,4.03918411164788,26.073537305421365,13.425925925925926,4.757112184648417,2.623456790123457,0.48980139559849706,1.932367149758454,0.36231884057971014,0.013419216317767043,0.020128824476650563,,
153,19.97450348899624,26.301663982823403,4.045893719806763,25.83870101986044,13.378958668813741,4.757112184648417,2.8515834675254963,0.5166398282340311,1.9390767579173376,0.36231884057971014,0.013419216317767043,0.020128824476650563,,
154,19.97450348899624,26.221148684916802,4.092860976918948,25.83870101986044,13.378958668813741,4.757112184648417,2.885131508319914,0.5166398282340311,1.9390767579173376,0.36231884057971014,0.013419216317767043,0.020128824476650563,,
155,19.961084272678477,26.194310252281266,4.133118625872249,25.825281803542673,13.378958668813741,4.757112184648417,2.885131508319914,0.5166398282340311,1.9524959742351047,0.36231884057971014,0.013419216317767043,0.020128824476650563,,
156,19.92753623188406,26.133923778851315,4.327697262479871,25.731347289318304,13.459473966720344,4.757112184648417,2.885131508319914,0.5166398282340311,1.865271068169619,0.36231884057971014,0.013419216317767043,0.020128824476650563,,
157,19.93424584004294,26.133923778851315,4.327697262479871,25.51663982823403,13.56682769726248,4.898013955984971,2.85829307568438,0.5166398282340311,1.8518518518518519,0.36231884057971014,0.013419216317767043,0.020128824476650563,,
158,19.90740740740741,25.83870101986044,4.64975845410628,25.503220611916262,13.56682769726248,4.898013955984971,2.85829307568438,0.5166398282340311,1.865271068169619,0.36231884057971014,0.013419216317767043,0.020128824476650563,,
159,19.90740740740741,25.738056897477186,4.85775630703167,25.503220611916262,13.399087493290391,4.864465915190553,2.85829307568438,0.5770263016639828,1.865271068169619,0.39586688137412773,0.013419216317767043,0.020128824476650563,,
160,19.91411701556629,25.43612453032743,5.152979066022544,25.44283413848631,13.399087493290391,4.864465915190553,2.85829307568438,0.5770263016639828,1.9256575415995705,0.39586688137412773,0.013419216317767043,0.020128824476650563,,
161,19.900697799248523,25.39586688137413,5.01207729468599,24.54374664519592,13.43263553408481,6.239935587761675,2.6502952227589907,0.5770263016639828,1.8048845947396672,0.4092860976918948,0.013419216317767043,0.020128824476650563,,
162,19.900697799248523,25.38244766505636,5.025496511003757,24.52361782071927,13.419216317767042,6.239935587761675,2.6502952227589907,0.5770263016639828,1.8048845947396672,0.4428341384863124,0.013419216317767043,0.020128824476650563,,
163,19.880568974771872,25.40257648953301,5.025496511003757,24.44310252281267,13.372249060654857,6.226516371443908,2.6502952227589907,0.6374127750939346,1.8853998926462694,0.4428341384863124,0.013419216317767043,0.020128824476650563,,
164,19.91411701556629,25.389157273215243,5.018786902844874,24.4296833064949,13.39237788513151,6.213097155126141,2.6502952227589907,0.6508319914117016,1.865271068169619,0.4428341384863124,0.013419216317767043,0.020128824476650563,,
165,19.900697799248523,25.39586688137413,5.018786902844874,24.416264090177133,13.41250670960816,6.1862587224906065,2.6637144390767578,0.6508319914117016,1.8451422436929683,0.47638217928073,0.013419216317767043,0.020128824476650563,,
166,19.900697799248523,25.335480407944175,5.045625335480408,24.422973698336016,13.41250670960816,6.1862587224906065,2.690552871712292,0.6508319914117016,1.8451422436929683,0.47638217928073,0.013419216317767043,0.020128824476650563,,
167,19.90740740740741,25.301932367149757,5.045625335480408,24.456521739130434,13.352120236178207,6.1862587224906065,2.690552871712292,0.7045088566827697,1.8451422436929683,0.47638217928073,0.013419216317767043,0.020128824476650563,,
168,19.92753623188406,25.201288244766506,5.052334943639291,24.4699409554482,13.43263553408481,6.152710681696189,2.690552871712292,0.6843800322061192,1.8451422436929683,0.47638217928073,0.013419216317767043,0.05367686527106817,,
169,19.90740740740741,25.207997852925388,5.038915727321524,24.4699409554482,13.45276435856146,6.139291465378422,2.6838432635534084,0.7112184648416533,1.8451422436929683,0.47638217928073,0.013419216317767043,0.05367686527106817,,
170,19.860440150295222,25.221417069243156,5.065754159957058,24.52361782071927,13.45276435856146,6.099033816425121,2.6838432635534084,0.7112184648416533,1.8384326355340848,0.47638217928073,0.013419216317767043,0.05367686527106817,,
171,19.81347289318304,24.54374664519592,4.643048845947397,24.382716049382715,13.39237788513151,7.2933440687063875,2.657004830917874,0.6843800322061192,1.9726247987117553,0.5501878690284487,0.013419216317767043,0.05367686527106817,,
172,19.79334406870639,24.4699409554482,4.7638217928073,24.261943102522814,13.385668276972625,7.2933440687063875,2.657004830917874,0.6843800322061192,2.059849704777241,0.5636070853462157,0.013419216317767043,0.05367686527106817,,
173,19.786634460547504,24.496779388083738,4.777241009125067,24.194847020933977,13.352120236178207,7.286634460547504,2.657004830917874,0.7179280730005367,2.100107353730542,0.5636070853462157,0.013419216317767043,0.05367686527106817,,
174,19.77992485238862,24.496779388083738,4.85775630703167,24.10762211486849,13.385668276972625,7.273215244229737,2.6435856146001075,0.7179280730005367,2.0933977455716586,0.5770263016639828,0.013419216317767043,0.05367686527106817,,
175,19.766505636070853,24.510198604401502,4.85775630703167,23.772141706924316,13.358829844337091,7.273215244229737,2.6435856146001075,0.7447665056360708,2.428878153515835,0.5770263016639828,0.013419216317767043,0.05367686527106817,,
176,19.753086419753085,24.456521739130434,4.884594739667204,23.752012882447666,13.33870101986044,7.273215244229737,2.6704240472356413,0.7716049382716049,2.4557165861513686,0.5770263016639828,0.013419216317767043,0.05367686527106817,,
177,19.753086419753085,24.422973698336016,4.904723564143854,23.752012882447666,13.33870101986044,7.273215244229737,2.6838432635534084,0.7716049382716049,2.4557165861513686,0.5770263016639828,0.013419216317767043,0.05367686527106817,,
178,19.746376811594203,24.40955448201825,5.132850241545894,23.51046698872786,13.352120236178207,7.300053676865271,2.677133655394525,0.7716049382716049,2.4557165861513686,0.5770263016639828,0.013419216317767043,0.05367686527106817,,
179,19.665861513687602,24.382716049382715,5.179817498658078,23.463499731615673,13.613794954374665,7.219538378958669,2.6301663982823404,0.7716049382716049,2.4490069779924855,0.5568974771873323,0.013419216317767043,0.05367686527106817,,
180,19.43773483628556,24.570585077831456,5.300590445517981,23.289049919484704,13.627214170692431,7.266505636070853,2.6301663982823404,0.7716049382716049,2.4825550187869028,0.5568974771873323,0.013419216317767043,0.05367686527106817,,
181,19.296833064949006,24.724906065485776,5.3274288781535155,23.21524422973698,13.627214170692431,7.253086419753086,2.6301663982823404,0.7716049382716049,2.509393451422437,0.5770263016639828,0.013419216317767043,0.05367686527106817,,
182,19.296833064949006,24.724906065485776,5.387815351583468,23.161567364465917,13.654052603327965,7.253086419753086,2.636876006441224,0.7648953301127214,2.475845410628019,0.5770263016639828,0.013419216317767043,0.05367686527106817,,
183,19.290123456790123,24.724906065485776,5.407944176060118,23.1280193236715,13.6406333870102,7.253086419753086,2.636876006441224,0.7648953301127214,2.509393451422437,0.5770263016639828,0.013419216317767043,0.05367686527106817,,
184,19.243156199677937,24.738325281803544,5.434782608695652,23.07434245840043,13.627214170692431,7.266505636070853,2.636876006441224,0.7648953301127214,2.563070316693505,0.5837359098228664,0.013419216317767043,0.05367686527106817,,
185,19.236446591519055,24.61755233494364,5.522007514761138,23.067632850241544,13.600375738056897,7.2933440687063875,2.6704240472356413,0.7648953301127214,2.563070316693505,0.5837359098228664,0.013419216317767043,0.06709608158883522,,
186,19.256575415995705,24.57729468599034,5.5756843800322065,23.047504025764894,13.546698872785829,7.219538378958669,2.717391304347826,0.7917337627482555,2.5429414922168547,0.644122383252818,0.013419216317767043,0.06709608158883522,,
187,19.082125603864736,24.704777241009126,5.669618894256575,22.940150295222757,13.546698872785829,7.219538378958669,2.717391304347826,0.7917337627482555,2.589908749329039,0.644122383252818,0.026838432635534086,0.06709608158883522,,
188,19.082125603864736,24.684648416532475,5.689747718733226,22.832796564680624,13.486312399355878,7.232957595276436,2.717391304347826,0.8252818035426731,2.6704240472356413,0.6843800322061192,0.026838432635534086,0.06709608158883522,,
189,19.0955448201825,24.651100375738057,5.689747718733226,22.765700483091788,13.47289318303811,7.232957595276436,2.737520128824477,0.8252818035426731,2.7509393451422435,0.6843800322061192,0.026838432635534086,0.06709608158883522,,
190,19.129092860976918,24.62426194310252,5.683038110574342,22.65834675254965,13.627214170692431,7.232957595276436,2.737520128824477,0.798443370907139,2.7308105206655933,0.6843800322061192,0.026838432635534086,0.06709608158883522,,
191,19.122383252818036,24.610842726784757,5.783682232957595,22.63150831991412,13.479602791196994,7.232957595276436,2.844873859366613,0.785024154589372,2.757648953301127,0.6575415995705851,0.026838432635534086,0.06709608158883522,,
192,18.947933440687063,24.349168008588297,5.837359098228664,23.047504025764894,13.459473966720344,7.232957595276436,2.831454643048846,0.785024154589372,2.757648953301127,0.6575415995705851,0.026838432635534086,0.06709608158883522,,
193,18.9747718733226,24.322329575952764,5.837359098228664,23.007246376811594,13.45276435856146,7.192699946323135,2.831454643048846,0.7917337627482555,2.791196994095545,0.6977992485238862,0.026838432635534086,0.07380568974771873,,
194,18.894256575415994,24.510198604401502,5.870907139023081,22.859634997316157,13.446054750402576,7.192699946323135,2.831454643048846,0.7917337627482555,2.804616210413312,0.6977992485238862,0.026838432635534086,0.07380568974771873,,
195,18.88083735909823,24.490069779924852,5.904455179817498,22.84621578099839,13.372249060654857,7.1725711218464845,2.831454643048846,0.8655394524959742,2.804616210413312,0.7179280730005367,0.026838432635534086,0.08722490606548577,,
196,18.86070853462158,24.510198604401502,5.877616747181965,22.84621578099839,13.345410628019323,7.1725711218464845,2.831454643048846,0.8655394524959742,2.818035426731079,0.7179280730005367,0.026838432635534086,0.1274825550187869,,
197,18.88083735909823,24.4699409554482,5.770263016639828,22.839506172839506,13.486312399355878,7.159151905528717,2.831454643048846,0.8655394524959742,2.7979066022544283,0.7179280730005367,0.026838432635534086,0.1274825550187869,0.026838432635534086,
198,18.853998926462694,24.355877616747183,5.797101449275362,22.886473429951693,13.486312399355878,7.152442297369833,2.898550724637681,0.8118625872249061,2.844873859366613,0.7179280730005367,0.026838432635534086,0.14090177133655393,0.026838432635534086,
199,18.719806763285025,24.302200751476114,5.763553408480945,23.282340311325818,13.45276435856146,7.004830917874396,2.898550724637681,0.8387010198604401,2.8247450348899625,0.7179280730005367,0.026838432635534086,0.14090177133655393,0.026838432635534086,
200,18.719806763285025,24.288781535158346,5.763553408480945,23.26892109500805,13.479602791196994,6.991411701556629,2.898550724637681,0.8387010198604401,2.8247450348899625,0.7313472893183038,0.026838432635534086,0.14090177133655393,0.026838432635534086,
201,18.686258722490606,24.194847020933977,5.891035963499732,23.235373054213635,13.479602791196994,6.991411701556629,2.898550724637681,0.8387010198604401,2.85829307568438,0.7313472893183038,0.026838432635534086,0.14090177133655393,0.026838432635534086,
202,18.706387546967257,24.168008588298445,5.917874396135265,23.221953837895867,13.459473966720344,7.024959742351046,2.9119699409554483,0.8387010198604401,2.85829307568438,0.6977992485238862,0.026838432635534086,0.14090177133655393,0.026838432635534086,
203,18.632581857219538,24.27536231884058,5.924584004294149,23.181696188942567,13.47289318303811,7.024959742351046,2.9119699409554483,0.8387010198604401,2.844873859366613,0.6977992485238862,0.026838432635534086,0.14090177133655393,0.026838432635534086,
204,18.625872249060656,24.288781535158346,5.924584004294149,23.17498658078368,13.47289318303811,6.991411701556629,2.9253891572732154,0.8387010198604401,2.844873859366613,0.7179280730005367,0.026838432635534086,0.14090177133655393,0.026838432635534086,
205,18.129361245303276,25.013419216317768,5.924584004294149,23.19511540526033,13.459473966720344,6.8035426731078905,2.9119699409554483,0.8387010198604401,2.844873859366613,0.6843800322061192,0.026838432635534086,0.14090177133655393,0.026838432635534086,
206,18.14278046162104,24.859098228663445,6.052066559312936,23.15485775630703,13.45276435856146,6.816961889425658,2.9119699409554483,0.8319914117015567,2.898550724637681,0.6843800322061192,0.026838432635534086,0.14090177133655393,0.026838432635534086,
207,18.149490069779926,24.711486849168008,6.159420289855072,23.121309715512613,13.385668276972625,6.816961889425658,3.066290928609769,0.798443370907139,2.932098765432099,0.6642512077294686,0.026838432635534086,0.14090177133655393,0.026838432635534086,
