,45,50,51,55,52,54,53,58,56,57,59,61,62,60,46,47
0,96.43048845947396,3.569511540526033,,,,,,,,,,,,,,
1,96.08158883521202,3.9184111647879765,,,,,,,,,,,,,,
2,95.62533548040794,4.3478260869565215,0.026838432635534086,,,,,,,,,,,,,
3,95.21604938271605,4.757112184648417,0.026838432635534086,,,,,,,,,,,,,
4,90.90848094471284,8.99087493290392,0.05367686527106817,0.04696725711218465,,,,,,,,,,,,
5,85.12479871175523,14.707461084272678,0.05367686527106817,0.10735373054213634,0.0067096081588835215,,,,,,,,,,,
6,80.38110574342458,19.310252281266774,0.06709608158883522,0.18115942028985507,0.06038647342995169,,,,,,,,,,,
7,79.95840042941492,19.639023081052066,0.06709608158883522,0.27509393451422437,0.06038647342995169,,,,,,,,,,,
8,76.9524959742351,22.564412238325282,0.10735373054213634,0.30864197530864196,0.06709608158883522,,,,,,,,,,,
9,75.13419216317767,24.302200751476114,0.11406333870101985,0.35560923242082665,0.08051529790660225,0.013419216317767043,,,,,,,,,,
10,74.85238862050456,24.402844873859365,0.19457863660762212,0.4428341384863124,0.0939345142243693,0.013419216317767043,,,,,,,,,,
11,74.7181964573269,24.342458400429415,0.24825550187869028,0.5837359098228664,0.0939345142243693,0.013419216317767043,,,,,,,,,,
12,74.56387546967257,24.456521739130434,0.2616747181964573,0.5971551261406334,0.10735373054213634,0.013419216317767043,,,,,,,,,,
13,74.16800858829845,24.812130971551262,0.30193236714975846,0.5971551261406334,0.10735373054213634,0.013419216317767043,,,,,,,,,,
14,71.96054750402577,26.89210950080515,0.39586688137412773,0.5568974771873323,0.10735373054213634,0.08722490606548577,,,,,,,,,,
15,71.69887278582931,27.012882447665056,0.4562533548040794,0.5971551261406334,0.10735373054213634,0.08722490606548577,0.040257648953301126,,,,,,,,,
16,69.41760601180891,29.24718196457327,0.4428341384863124,0.6575415995705851,0.10735373054213634,0.08722490606548577,0.040257648953301126,,,,,,,,,
17,64.6202361782072,33.964036500268385,0.4495437466451959,0.7045088566827697,0.12077294685990338,0.08722490606548577,0.05367686527106817,,,,,,,,,
18,62.47987117552335,35.89640365002684,0.46296296296296297,0.8722490606548577,0.12077294685990338,0.11406333870101985,0.05367686527106817,,,,,,,,,
19,62.02361782071927,36.05743424584004,0.5904455179817498,0.9863123993558777,0.14761137949543746,0.11406333870101985,0.08051529790660225,,,,,,,,,
20,61.761943102522814,36.191626409017715,0.6105743424584005,1.0735373054213635,0.16774020397208803,0.11406333870101985,0.08051529790660225,,,,,,,,,
21,58.541331186258724,39.17740203972088,0.644122383252818,1.1876006441223832,0.18115942028985507,0.14761137949543746,0.12077294685990338,,,,,,,,,
22,56.615673644659154,39.67391304347826,1.892109500805153,1.3016639828234031,0.19457863660762212,0.14761137949543746,0.17444981213097155,,,,,,,,,
23,53.24074074074074,43.69967793880837,1.3486312399355878,1.2278582930756843,0.13419216317767044,0.14761137949543746,0.20128824476650564,,,,,,,,,
24,53.0931293612453,43.71309715512614,1.3419216317767042,1.3419216317767042,0.16774020397208803,0.17444981213097155,0.16774020397208803,,,,,,,,,
25,51.09366612989801,45.57836822329576,1.4224369296833066,1.42914653784219,0.16774020397208803,0.17444981213097155,0.13419216317767044,,,,,,,,,
26,43.86741814278046,52.885131508319915,1.4090177133655395,1.442565754159957,0.15432098765432098,0.0939345142243693,0.14761137949543746,,,,,,,,,
27,43.55877616747182,52.9723564143854,1.4090177133655395,1.5633387010198605,0.20799785292538917,0.14090177133655393,0.14761137949543746,,,,,,,,,
28,43.29039184111648,48.470209339774556,1.4224369296833066,1.724369296833065,0.23483628556092323,0.16774020397208803,4.690016103059581,,,,,,,,,
29,41.52576489533011,47.57112184648417,2.831454643048846,1.737788513150832,1.4694041867954912,0.16774020397208803,4.669887278582931,0.026838432635534086,,,,,,,,
30,36.63446054750403,53.07971014492754,2.086688137412775,1.8384326355340848,1.4895330112721417,0.1610305958132045,4.62962962962963,0.05367686527106817,0.026838432635534086,,,,,,,
31,36.07085346215781,50.85212023617821,2.100107353730542,1.8451422436929683,4.367954911433173,0.1610305958132045,4.522275899087493,0.05367686527106817,0.026838432635534086,,,,,,,
32,35.99704777241009,50.657541599570585,2.1403650026838434,2.0397208803005906,4.367954911433173,0.14761137949543746,4.488727858293076,0.10735373054213634,0.026838432635534086,0.026838432635534086,,,,,,
33,34.07809983896941,51.53650026838432,2.167203435319377,2.442297369833602,4.911433172302737,0.14761137949543746,4.528985507246377,0.10735373054213634,0.026838432635534086,0.05367686527106817,,,,,,
34,31.790123456790123,53.676865271068166,2.147074610842727,2.61003757380569,4.891304347826087,0.14090177133655393,4.428341384863124,0.20799785292538917,0.026838432635534086,0.08051529790660225,,,,,,
35,31.682769726247987,50.77831454643049,2.2342995169082127,2.690552871712292,8.199141170155663,0.15432098765432098,3.81105743424584,0.20799785292538917,0.14090177133655393,0.10064412238325282,,,,,,
36,31.468062265163713,48.87278582930757,4.086151368760064,2.9052603327965647,8.165593129361245,0.20799785292538917,3.7909286097691894,0.24154589371980675,0.15432098765432098,0.10735373054213634,,,,,,
37,31.32716049382716,48.83923778851315,4.106280193236715,3.079710144927536,8.205850778314547,0.17444981213097155,3.7909286097691894,0.2147074610842727,0.15432098765432098,0.10735373054213634,,,,,,
38,28.213902308105208,53.958668813741276,4.092860976918948,2.6435856146001075,6.843800322061192,0.13419216317767044,3.770799785292539,0.2147074610842727,0.05367686527106817,0.07380568974771873,,,,,,
39,27.891841116478798,54.03918411164788,4.092860976918948,2.804616210413312,6.870638754696726,0.14761137949543746,3.7775093934514223,0.2147074610842727,0.08722490606548577,0.07380568974771873,,,,,,
40,25.939345142243692,53.95195920558239,4.079441760601181,2.9723564143853998,7.64224369296833,1.4358561460010735,3.5426731078904994,0.19457863660762212,0.11406333870101985,0.11406333870101985,0.013419216317767043,,,,,
41,25.885668276972623,53.87144390767579,3.978797638217928,3.012614063338701,7.6556629092860975,1.482823403113258,3.589640365002684,0.19457863660762212,0.1878690284487386,0.1274825550187869,0.013419216317767043,,,,,
42,22.86634460547504,53.676865271068166,13.989533011272142,2.8113258185721954,4.012345679012346,0.4227053140096618,1.751207729468599,0.0939345142243693,0.28180354267310787,0.08051529790660225,0.013419216317767043,,,,,
43,22.000805152979066,43.27026301663983,15.94873859366613,3.898282340311326,13.22463768115942,0.27509393451422437,0.8655394524959742,0.05367686527106817,0.3824476650563607,0.08051529790660225,,,,,,
44,21.980676328502415,43.16961889425657,15.94873859366613,3.92512077294686,13.20450885668277,0.27509393451422437,0.8990874932903918,0.05367686527106817,0.4227053140096618,0.12077294685990338,,,,,,
45,21.89345142243693,43.162909286097694,14.694041867954912,3.9989264626945786,12.822061191626409,0.27509393451422437,0.8990874932903918,0.08051529790660225,1.8451422436929683,0.32877079978529256,,,,,,
46,19.920826623725173,43.86070853462158,15.069779924852389,3.9855072463768115,13.667471819645733,0.28180354267310787,0.8990874932903918,0.08051529790660225,1.8853998926462694,0.3488996242619431,,,,,,
47,19.92753623188406,43.69967793880837,15.042941492216855,4.066022544283414,13.654052603327965,0.30193236714975846,0.9796027911969941,0.08051529790660225,1.8719806763285025,0.3488996242619431,0.026838432635534086,,,,,
48,19.538378958668815,42.8743961352657,14.922168545356952,4.17337627482555,14.65378421900161,0.35560923242082665,0.9997316156736447,0.08051529790660225,1.9524959742351047,0.4025764895330113,0.026838432635534086,0.020128824476650563,,,,
49,18.95464304884595,43.364197530864196,14.841653247450349,4.327697262479871,14.63365539452496,0.35560923242082665,1.0265700483091786,0.08051529790660225,1.9793344068706387,0.41599570585077833,,0.020128824476650563,,,,
50,18.323939881910896,41.6129898013956,18.51851851851852,4.092860976918948,13.674181427804616,0.2885131508319914,0.966183574879227,0.0939345142243693,1.9256575415995705,0.4562533548040794,0.026838432635534086,0.020128824476650563,,,,
51,18.263553408480945,41.48550724637681,18.5252281266774,4.180085882984434,13.6406333870102,0.322061191626409,0.9796027911969941,0.0939345142243693,1.9592055823939882,0.5032206119162641,0.026838432635534086,0.020128824476650563,,,,
52,18.183038110574344,41.0426731078905,18.53864734299517,4.5893719806763285,13.58695652173913,0.36231884057971014,0.9796027911969941,0.0939345142243693,2.0531400966183573,0.5233494363929146,0.026838432635534086,0.020128824476650563,,,,
53,18.02200751476114,39.85507246376812,19.920826623725173,4.522275899087493,13.506441223832528,0.36231884057971014,0.95276435856146,0.05367686527106817,2.147074610842727,0.6105743424584005,0.026838432635534086,0.020128824476650563,,,,
54,18.00858829844337,39.801395598497045,19.880568974771872,4.582662372517445,13.486312399355878,0.36231884057971014,0.9930220075147611,0.05367686527106817,2.167203435319377,0.6172839506172839,0.026838432635534086,0.020128824476650563,,,,
55,17.64626945786366,40.01610305958132,19.92753623188406,4.62962962962963,13.47289318303811,0.41599570585077833,0.966183574879227,0.06038647342995169,2.167203435319377,0.6508319914117016,0.026838432635534086,0.020128824476650563,,,,
56,17.53220611916264,39.801395598497045,19.699409554482017,4.797369833601718,13.58695652173913,0.5501878690284487,0.966183574879227,0.07380568974771873,2.2879763821792807,0.6575415995705851,0.026838432635534086,0.020128824476650563,,,,
57,16.069511540526033,41.035963499731615,19.484702093397747,4.985238862050457,13.600375738056897,0.5703166935050993,0.9997316156736447,0.08722490606548577,2.4490069779924855,0.6709608158883521,0.026838432635534086,0.020128824476650563,,,,
58,15.908480944712828,39.18411164787977,21.960547504025765,4.944981213097155,12.983091787439614,0.6239935587761675,0.966183574879227,0.08722490606548577,2.61003757380569,0.6843800322061192,0.026838432635534086,0.020128824476650563,,,,
59,15.908480944712828,39.04320987654321,21.786097691894792,4.958400429414922,13.130703166935051,0.7246376811594203,0.9930220075147611,0.11406333870101985,2.6435856146001075,0.6374127750939346,0.026838432635534086,0.03354804079441761,,,,
60,15.874932903918411,39.03650026838432,21.672034353193773,4.938271604938271,12.909286097691895,0.7447665056360708,1.0265700483091786,0.11406333870101985,2.7777777777777777,0.8454106280193237,0.026838432635534086,0.03354804079441761,,,,
61,14.338432635534085,45.390499194847024,19.940955448201827,3.3816425120772946,11.741814278046162,0.5703166935050993,0.9728931830381106,0.08722490606548577,2.657004830917874,0.8588298443370908,0.026838432635534086,0.03354804079441761,,,,
62,14.103596349973161,45.551529790660226,19.887278582930758,3.488996242619431,11.694847020933977,0.5703166935050993,0.966183574879227,0.08722490606548577,2.7442297369833604,0.8454106280193237,0.026838432635534086,0.03354804079441761,,,,
63,14.170692431561998,45.17579173376275,19.82018250134192,3.589640365002684,11.66129898013956,0.6843800322061192,1.1808910359634996,0.08722490606548577,2.757648953301127,0.8118625872249061,0.026838432635534086,0.03354804079441761,,,,
64,14.070048309178745,45.10198604401503,19.652442297369834,3.6634460547504024,11.654589371980677,0.7648953301127214,1.2077294685990339,0.08722490606548577,2.9388083735909825,0.798443370907139,0.026838432635534086,0.03354804079441761,,,,
65,13.20450885668277,41.438539989264626,22.517444981213096,3.5628019323671496,11.876006441223833,0.8990874932903918,2.442297369833602,0.12077294685990338,3.0730005367686526,0.8051529790660226,0.026838432635534086,0.03354804079441761,,,,
66,11.842458400429415,42.7133655394525,22.342995169082126,3.7037037037037037,11.876006441223833,0.9326355340848095,2.442297369833602,0.12077294685990338,3.1602254428341383,0.8051529790660226,0.026838432635534086,0.03354804079441761,,,,
67,11.916264090177133,40.975577026301664,22.25577026301664,5.421363392377885,11.849168008588299,0.9326355340848095,2.5026838432635534,0.12077294685990338,3.1468062265163717,0.8185721953837896,0.026838432635534086,0.03354804079441761,,,,
68,11.936392914653783,40.80112721417069,22.25577026301664,5.522007514761138,11.674718196457327,0.8923778851315083,2.5026838432635534,0.12077294685990338,3.4017713365539453,0.8051529790660226,0.026838432635534086,0.06038647342995169,,,,
69,11.902844873859367,40.64680622651637,22.15512614063339,5.548845947396672,11.674718196457327,0.8923778851315083,2.7308105206655933,0.11406333870101985,3.4621578099838968,0.7783145464304885,0.026838432635534086,0.06709608158883522,,,,
70,11.882716049382717,40.45893719806763,22.0276435856146,5.683038110574342,11.701556629092861,0.9326355340848095,2.7106816961889426,0.11406333870101985,3.569511540526033,0.8051529790660226,0.026838432635534086,0.08722490606548577,,,,
71,11.963231347289318,40.24422973698336,21.926999463231347,5.790391841116479,11.701556629092861,0.9594739667203436,2.7241009125067097,0.14761137949543746,3.643317230273752,0.7581857219538379,0.026838432635534086,0.11406333870101985,,,,
72,11.949812130971551,39.96913580246913,21.77938808373591,6.031937734836285,11.708266237251744,0.9997316156736447,2.8247450348899625,0.14761137949543746,3.7037037037037037,0.7313472893183038,0.026838432635534086,0.1274825550187869,,,,
73,11.902844873859367,39.982555018786904,21.70558239398819,6.052066559312936,11.708266237251744,0.9796027911969941,2.8381642512077296,0.14761137949543746,3.750670960815888,0.7783145464304885,0.026838432635534086,0.1274825550187869,,,,
74,11.728395061728396,39.14385399892646,22.6784755770263,6.0587761674718195,11.634460547504025,0.9259259259259259,2.85829307568438,0.14761137949543746,3.8177670424047236,0.8521202361782072,0.026838432635534086,0.1274825550187869,,,,
75,11.77536231884058,38.93585614600107,22.61808910359635,6.166129898013956,11.627750939345143,0.9326355340848095,2.8784219001610305,0.14761137949543746,3.9318303811057436,0.8319914117015567,0.026838432635534086,0.1274825550187869,,,,
76,11.761943102522812,38.58695652173913,22.57783145464305,6.360708534621578,11.694847020933977,0.9594739667203436,2.9388083735909825,0.14761137949543746,3.9855072463768115,0.8319914117015567,0.026838432635534086,0.1274825550187869,,,,
77,11.238593666129898,38.06360708534621,23.443370907139023,6.602254428341385,11.627750939345143,0.9594739667203436,2.898550724637681,0.17444981213097155,3.9989264626945786,0.8387010198604401,0.026838432635534086,0.1274825550187869,,,,
78,11.2788513150832,37.27187332259796,23.429951690821255,6.649221685453569,11.520397208803006,1.0534084809447128,3.589640365002684,0.17444981213097155,3.9720880300590444,0.9057971014492754,0.026838432635534086,0.1274825550187869,,,,
79,11.238593666129898,37.063875469672574,23.040794417606012,6.689479334406871,12.13768115942029,1.1003757380568975,3.421900161030596,0.1274825550187869,4.066022544283414,0.9393451422436929,0.026838432635534086,0.14761137949543746,,,,
80,11.285560923242082,36.86929683306495,22.705314009661837,6.729736983360172,12.050456253354804,1.4559849704777241,3.421900161030596,0.1274825550187869,4.159957058507783,1.0198604401502953,0.026838432635534086,0.14761137949543746,,,,
81,11.2788513150832,36.78878153515835,22.61808910359635,6.749865807836822,12.110842726784755,1.4895330112721417,3.4151905528717124,0.1274825550187869,4.213633923778851,1.0332796564680622,0.026838432635534086,0.14761137949543746,,,,
82,11.305689747718732,36.58749329039184,21.504294149221685,6.756575415995706,13.117283950617283,1.6237251744498122,3.408480944712829,0.1274825550187869,4.233762748255502,1.1205045625335481,0.026838432635534086,0.1610305958132045,0.026838432635534086,,,
83,11.332528180354267,36.480139559849704,21.443907675791735,6.743156199677939,13.077026301663983,1.7176596886741815,3.408480944712829,0.14761137949543746,4.30756843800322,1.133923778851315,0.040257648953301126,0.14090177133655393,0.026838432635534086,,,
84,11.345947396672035,36.30568974771873,21.34326355340848,6.8035426731078905,13.063607085346217,1.778046162104133,3.455448201825013,0.14761137949543746,4.327697262479871,1.1943102522812667,0.06709608158883522,0.14090177133655393,0.026838432635534086,,,
85,11.044015029522276,36.3593666129898,21.24261943102523,7.03166935050993,13.009930220075148,1.8048845947396672,3.515834675254965,0.1274825550187869,4.30756843800322,1.3486312399355878,0.040257648953301126,0.14090177133655393,0.026838432635534086,,,
86,10.983628556092324,35.218733225979605,21.128556092324207,8.272946859903382,12.99651100375738,1.8183038110574343,3.556092324208266,0.1274825550187869,4.314278046162104,1.3754696725711217,0.040257648953301126,0.14090177133655393,0.026838432635534086,,,
87,11.017176596886742,35.12479871175523,21.061460010735374,8.319914117015566,12.909286097691895,1.865271068169619,3.515834675254965,0.14761137949543746,4.327697262479871,1.4895330112721417,0.040257648953301126,0.15432098765432098,0.026838432635534086,,,
88,10.983628556092324,34.99060654857756,21.081588835212024,8.407139023081053,12.895866881374127,1.8786902844873858,3.4957058507783145,0.1878690284487386,4.314278046162104,1.5029522275899088,0.040257648953301126,0.19457863660762212,0.026838432635534086,,,
89,10.178475577026301,33.5077831454643,25.10064412238325,7.615405260332796,11.668008588298443,1.8384326355340848,3.4957058507783145,0.2147074610842727,4.676596886741814,1.4559849704777241,0.040257648953301126,0.18115942028985507,0.026838432635534086,,,
90,10.144927536231885,33.393719806763286,25.13419216317767,7.769726247987117,11.654589371980677,1.8115942028985508,3.4957058507783145,0.23483628556092323,4.669887278582931,1.4559849704777241,0.040257648953301126,0.16774020397208803,0.026838432635534086,,,
91,10.131508319914117,33.23268921095008,24.93961352657005,7.87037037037037,11.721685453569512,1.8048845947396672,3.535963499731616,0.23483628556092323,4.8376274825550185,1.4559849704777241,0.040257648953301126,0.16774020397208803,0.026838432635534086,,,
92,10.0979602791197,32.809983896940416,25.489801395598498,7.9039184111647875,11.553945249597424,1.8048845947396672,3.549382716049383,0.23483628556092323,4.85775630703167,1.4626945786366077,0.040257648953301126,0.16774020397208803,0.026838432635534086,,,
93,9.98389694041868,31.320450885668276,30.079173376274827,6.884057971014493,11.574074074074074,1.8719806763285025,3.549382716049383,0.14761137949543746,3.2139023081052067,1.1808910359634996,0.026838432635534086,0.14090177133655393,0.026838432635534086,,,
94,9.88996242619431,30.85077831454643,30.267042404723565,6.9243156199677935,11.540526033279656,1.90552871712292,3.4286097691894795,0.14761137949543746,3.629898013955985,1.2077294685990339,0.026838432635534086,0.15432098765432098,0.026838432635534086,,,
95,9.896672034353195,30.770263016639827,30.26033279656468,6.890767579173376,11.520397208803006,1.9457863660762211,3.4621578099838968,0.14761137949543746,3.6366076221148687,1.261406333870102,0.026838432635534086,0.15432098765432098,0.026838432635534086,,,
96,9.916800858829845,30.71658615136876,30.10601180891036,6.944444444444445,11.54723564143854,1.9927536231884058,3.5292538915727323,0.14761137949543746,3.6366076221148687,1.2546967257112185,0.026838432635534086,0.15432098765432098,0.026838432635534086,,,
97,9.88996242619431,30.636070853462158,28.6231884057971,7.179280730005368,11.023886205045626,1.8451422436929683,5.884326355340848,0.14090177133655393,3.3816425120772946,1.2144390767579174,0.026838432635534086,0.15432098765432098,,,,
98,9.930220075147611,30.367686527106816,28.515834675254965,7.380568974771873,10.990338164251208,1.8451422436929683,5.931293612453032,0.14761137949543746,3.44873859366613,1.261406333870102,0.026838432635534086,0.15432098765432098,,,,
99,9.943639291465379,30.18652710681696,28.408480944712828,7.461084272678476,10.943370907139023,1.9256575415995705,5.991680085882985,0.14761137949543746,3.5426731078904994,1.3083735909822867,0.026838432635534086,0.11406333870101985,,,,
100,9.923510466988727,30.112721417069242,28.307836822329577,7.481213097155126,10.93666129898014,1.9994632313472893,5.938003220611916,0.14761137949543746,3.6500268384326353,1.3553408480944713,0.03354804079441761,0.11406333870101985,,,,
101,9.916800858829845,29.99194847020934,28.06629092860977,7.467793880837359,10.896403650026839,2.1269457863660763,6.031937734836285,0.14761137949543746,3.7775093934514223,1.42914653784219,0.03354804079441761,0.11406333870101985,,,,
102,9.923510466988727,29.354535695115406,28.56280193236715,7.581857219538379,10.896403650026839,2.120236178207193,6.005099302200751,0.14761137949543746,3.8311862587224907,1.42914653784219,0.03354804079441761,0.11406333870101985,,,,
103,9.863123993558776,29.280730005367687,28.509125067096083,7.6556629092860975,10.836017176596886,2.1604938271604937,5.978260869565218,0.14761137949543746,3.8915727321524423,1.5297906602254427,0.03354804079441761,0.11406333870101985,,,,
104,9.91009125067096,29.166666666666668,28.401771336553946,7.716049382716049,10.762211486849168,2.147074610842727,6.0587761674718195,0.15432098765432098,3.92512077294686,1.556629092860977,0.08722490606548577,0.11406333870101985,,,,
105,9.91009125067096,29.0727321524423,28.25415995705851,7.7831454643048845,10.742082662372518,2.1604938271604937,6.0654857756307035,0.18115942028985507,3.9989264626945786,1.6035963499731616,0.11406333870101985,0.11406333870101985,,,,
106,9.876543209876543,28.683574879227052,28.12667740203972,7.601986044015029,10.50053676865271,2.2208803005904456,6.9243156199677935,0.16774020397208803,4.079441760601181,1.5767579173376274,0.11406333870101985,0.1274825550187869,,,,
107,8.333333333333334,38.888888888888886,24.476650563607084,7.4006977992485234,9.386741814278047,2.073268921095008,4.435050993022007,0.14090177133655393,3.294417606011809,1.3888888888888888,0.05367686527106817,0.1274825550187869,,,,
108,8.313204508856682,38.7211486849168,24.44981213097155,7.286634460547504,9.380032206119163,2.301395598497048,4.468599033816425,0.14090177133655393,3.33467525496511,1.3754696725711217,0.10735373054213634,0.12077294685990338,,,,
109,8.3467525496511,38.506441223832525,24.402844873859365,7.440955448201825,9.353193773483628,2.328234031132582,4.508856682769726,0.1610305958132045,3.321256038647343,1.402308105206656,0.10735373054213634,0.12077294685990338,,,,
110,8.246108427267847,38.39237788513151,24.4699409554482,7.568438003220612,9.312936124530328,2.341653247450349,4.549114331723027,0.14761137949543746,3.3480944712828773,1.402308105206656,0.10735373054213634,0.11406333870101985,,,,
111,7.9039184111647875,37.9092860976919,23.872785829307567,7.7831454643048845,9.272678475577026,2.254428341384863,5.9447128287707995,0.17444981213097155,3.2675791733762747,1.4224369296833066,0.08051529790660225,0.11406333870101985,,,,
112,7.843531937734836,36.77536231884058,23.946591519055286,7.749597423510467,10.34621578099839,2.2745571658615136,5.924584004294149,0.17444981213097155,3.3480944712828773,1.4224369296833066,0.08051529790660225,0.11406333870101985,,,,
113,7.427536231884058,36.70826623725174,21.68545356951154,7.9106280193236715,13.553408480944713,2.1940418679549114,5.938003220611916,0.14761137949543746,2.831454643048846,1.3754696725711217,0.11406333870101985,0.11406333870101985,,,,
114,7.48792270531401,36.40633387010199,20.652173913043477,8.13875469672571,13.466183574879228,3.2139023081052067,5.9514224369296835,0.14761137949543746,2.8650026838432634,1.4626945786366077,0.11406333870101985,0.0939345142243693,,,,
115,7.548309178743962,36.30568974771873,20.591787439613526,8.192431561996779,13.47289318303811,3.260869565217391,5.991680085882985,0.14761137949543746,2.804616210413312,1.4761137949543746,0.11406333870101985,0.0939345142243693,,,,
116,7.548309178743962,36.2385936661299,20.477724100912507,8.192431561996779,13.439345142243694,3.2742887815351582,6.018518518518518,0.20128824476650564,2.898550724637681,1.5029522275899088,0.11406333870101985,0.0939345142243693,,,,
117,6.937734836285561,35.138217928073,23.416532474503487,8.111916264090176,12.453032742887816,3.2340311325818574,5.917874396135265,0.20128824476650564,2.9388083735909825,1.442565754159957,0.11406333870101985,0.0939345142243693,,,,
118,6.756575415995706,34.916800858829845,26.187600644122384,7.856951154052603,10.789049919484702,3.2139023081052067,5.783682232957595,0.20128824476650564,2.6838432635534084,1.3620504562533549,0.15432098765432098,0.0939345142243693,,,,
119,6.635802469135802,34.74235104669887,25.771604938271604,7.9106280193236715,11.406333870101985,3.207192699946323,5.8172302737520125,0.20128824476650564,2.7106816961889426,1.3486312399355878,0.15432098765432098,0.0939345142243693,,,,
120,6.367418142780462,32.8569511540526,28.743961352657006,7.648953301127214,11.218464841653248,3.066290928609769,5.495169082125604,0.20128824476650564,2.757648953301127,1.3553408480944713,0.19457863660762212,0.0939345142243693,,,,
121,6.253354804079442,32.1658615136876,28.59634997316157,8.111916264090176,11.198336017176597,3.515834675254965,5.4616210413311865,0.2549651100375738,2.757648953301127,1.3687600644122384,0.2281266774020397,0.08722490606548577,,,,
122,6.286902844873859,31.99141170155663,28.361513687600645,8.259527643585615,11.05072463768116,3.5963499731615673,5.508588298443371,0.24825550187869028,2.898550724637681,1.4761137949543746,0.23483628556092323,0.08722490606548577,,,,
123,4.985238862050457,30.347557702630166,31.696188942565755,8.051529790660226,11.352657004830919,3.502415458937198,5.293880837359098,0.24154589371980675,2.9253891572732154,1.261406333870102,0.23483628556092323,0.10735373054213634,,,,
124,5.01207729468599,30.14626945786366,31.588835212023618,8.239398819108963,11.225174449812132,3.4688674181427803,5.488459473966721,0.2683843263553409,2.952227589908749,1.2681159420289856,0.23483628556092323,0.10735373054213634,,,,
125,5.032206119162641,30.03220611916264,31.45464304884595,8.3467525496511,11.191626409017713,3.488996242619431,5.515297906602254,0.2952227589908749,3.052871712292002,1.247987117552335,0.23483628556092323,0.10735373054213634,,,,
126,5.059044551798175,29.857756307031668,31.300322061191626,8.433977455716587,11.084272678475577,3.670155662909286,5.501878690284487,0.30864197530864196,3.1602254428341383,1.2815351583467525,0.23483628556092323,0.10735373054213634,,,,
127,5.0858829844337095,29.56924315619968,31.199677938808374,8.735909822866345,11.017176596886742,3.683574879227053,5.46833064949007,0.30864197530864196,3.2206119162640903,1.3620504562533549,0.24825550187869028,0.10064412238325282,,,,
128,5.072463768115942,29.542404723564143,31.13929146537842,8.776167471819646,10.93666129898014,3.743961352657005,5.481749865807837,0.2952227589908749,3.280998389694042,1.3955984970477724,0.23483628556092323,0.10064412238325282,,,,
129,5.0858829844337095,29.367954911433173,30.9447128287708,8.883521202361782,10.88298443370907,3.8378958668813743,5.4549114331723025,0.2952227589908749,3.44873859366613,1.4358561460010735,0.2616747181964573,0.10064412238325282,,,,
130,5.065754159957058,29.159957058507782,30.71658615136876,9.037842190016104,10.889694041867955,3.898282340311326,5.448201825013419,0.3488996242619431,3.629898013955985,1.442565754159957,0.2616747181964573,0.10064412238325282,,,,
131,5.119431025228127,29.012345679012345,30.246913580246915,9.54777241009125,10.755501878690284,3.844605475040258,5.562265163714439,0.36902844873859364,3.743961352657005,1.402308105206656,0.2683843263553409,0.10064412238325282,,0.026838432635534086,,
132,5.139559849704777,28.864734299516908,30.159688674181428,9.561191626409018,10.909822866344605,3.8177670424047236,5.615942028985507,0.36902844873859364,3.7909286097691894,1.402308105206656,0.24154589371980675,0.10064412238325282,,0.026838432635534086,,
133,5.179817498658078,28.75738056897477,30.038915727321523,9.668545356951155,10.836017176596886,3.938539989264627,5.615942028985507,0.3421900161030596,3.844605475040258,1.4090177133655395,0.24154589371980675,0.10064412238325282,,0.026838432635534086,,
134,5.22007514761138,28.609769189479334,29.683306494900698,9.762479871175524,10.809178743961352,4.213633923778851,5.636070853462158,0.3153515834675255,3.9318303811057436,1.4492753623188406,0.24154589371980675,0.10064412238325282,,0.026838432635534086,,
135,5.246913580246914,28.529253891572733,29.663177670424048,9.782608695652174,10.815888352120236,4.186795491143317,5.609232420826624,0.3153515834675255,3.9586688137412773,1.5096618357487923,0.2549651100375738,0.10064412238325282,,0.026838432635534086,,
136,5.22007514761138,28.37493290391841,29.73027375201288,9.896672034353195,10.762211486849168,4.2270531400966185,5.595813204508857,0.3153515834675255,3.992216854535695,1.5163714439076759,0.24154589371980675,0.10064412238325282,,0.026838432635534086,,
137,5.146269457863661,28.093129361245303,30.73671497584541,9.876543209876543,10.755501878690284,3.7640901771336552,5.542136339237788,0.3153515834675255,3.8580246913580245,1.5163714439076759,0.2549651100375738,0.10064412238325282,,0.040257648953301126,,
138,5.173107890499195,27.717391304347824,31.42109500805153,9.970477724100913,10.742082662372518,3.7238325281803544,5.0993022007514766,0.2885131508319914,3.9318303811057436,1.5096618357487923,0.28180354267310787,0.10064412238325282,,0.040257648953301126,,
139,5.112721417069243,27.49597423510467,31.253354804079443,9.950348899624261,10.963499731615673,3.878153515834675,5.112721417069243,0.2885131508319914,4.012345679012346,1.5096618357487923,0.28180354267310787,0.10064412238325282,,0.040257648953301126,,
140,5.01207729468599,27.234299516908212,30.19994632313473,10.00402576489533,11.023886205045626,3.8580246913580245,6.407675791733762,0.27509393451422437,4.012345679012346,1.5499194847020934,0.28180354267310787,0.10064412238325282,,0.040257648953301126,,
141,5.0858829844337095,27.220880300590444,30.12614063338701,10.00402576489533,11.023886205045626,3.878153515834675,6.541867954911433,0.2549651100375738,4.019055287171229,1.4224369296833066,0.28180354267310787,0.10064412238325282,,0.040257648953301126,,
142,5.072463768115942,26.717659688674182,29.736983360171767,9.842995169082126,11.057434245840042,3.8915727321524423,7.447665056360709,0.30193236714975846,4.052603327965647,1.4761137949543746,0.2616747181964573,0.10064412238325282,,0.040257648953301126,,
143,5.025496511003757,26.214439076757916,28.858024691358025,10.037573805689748,10.93666129898014,4.012345679012346,8.662104133118627,0.2549651100375738,4.045893719806763,1.5096618357487923,0.27509393451422437,0.1274825550187869,,0.040257648953301126,,
144,5.01207729468599,26.174181427804616,28.784219001610307,10.084541062801932,10.88298443370907,4.086151368760064,8.655394524959743,0.24154589371980675,3.992216854535695,1.6304347826086956,0.30193236714975846,0.1274825550187869,,0.026838432635534086,,
145,4.99194847020934,25.939345142243692,28.670155662909288,10.319377348362856,10.869565217391305,4.133118625872249,8.601717659688674,0.27509393451422437,4.0995705850778315,1.6438539989264627,0.30193236714975846,0.1274825550187869,,0.026838432635534086,,
146,5.038915727321524,25.87224906065486,28.455448201825014,10.36634460547504,10.829307568438002,4.0995705850778315,8.59500805152979,0.322061191626409,4.260601180891036,1.6774020397208802,0.32877079978529256,0.1274825550187869,,0.026838432635534086,,
147,5.045625335480408,25.79844337090714,28.361513687600645,10.326086956521738,10.849436392914654,4.200214707461084,8.57487922705314,0.33548040794417605,4.3478260869565215,1.6639828234031133,0.3421900161030596,0.1274825550187869,,0.026838432635534086,,
148,5.065754159957058,24.48336017176597,28.08641975308642,10.23215244229737,10.809178743961352,4.247181964573269,9.856414385399892,0.3757380568974772,4.42163177670424,1.9390767579173376,0.32877079978529256,0.1274825550187869,,0.026838432635534086,,
149,5.139559849704777,24.342458400429415,28.44873859366613,10.19189479334407,10.809178743961352,4.032474503488996,9.749060654857756,0.4227053140096618,4.455179817498658,1.892109500805153,0.36231884057971014,0.1274825550187869,,0.026838432635534086,,
150,5.0993022007514766,24.322329575952764,28.388352120236178,10.258990874932904,10.82259796027912,4.126409017713366,9.608158883521202,0.5367686527106817,4.414922168545357,1.8853998926462694,0.3824476650563607,0.1274825550187869,,0.026838432635534086,,
151,4.723564143853999,22.63150831991412,32.47450348899624,9.876543209876543,10.38647342995169,3.717122920021471,8.903650026838433,0.5300590445517982,4.388083735909823,1.8518518518518519,0.36231884057971014,0.1274825550187869,,0.026838432635534086,,
152,4.7101449275362315,22.63150831991412,32.43424584004294,9.903381642512077,10.379763821792807,3.7640901771336552,8.903650026838433,0.5300590445517982,4.38137412775094,1.8384326355340848,0.36902844873859364,0.1274825550187869,,0.026838432635534086,,
153,4.7168545356951155,22.591250670960815,32.340311325818575,10.00402576489533,10.305958132045088,3.81105743424584,8.84326355340848,0.5434782608695652,4.435050993022007,1.8853998926462694,0.36902844873859364,0.1274825550187869,,0.026838432635534086,,
154,4.736983360171766,22.52415458937198,32.17257112184648,10.00402576489533,10.285829307568438,4.045893719806763,8.849973161567364,0.5568974771873323,4.441760601180891,1.8853998926462694,0.3421900161030596,0.1274825550187869,,0.026838432635534086,,
155,4.757112184648417,22.450348899624263,32.118894256575416,10.057702630166398,10.198604401502953,4.092860976918948,8.870101986044014,0.5568974771873323,4.441760601180891,1.9592055823939882,0.3421900161030596,0.1274825550187869,,0.026838432635534086,,
156,4.797369833601718,22.34970477724101,32.085346215781,10.104669887278583,10.171765968867419,4.066022544283414,8.950617283950617,0.5568974771873323,4.42163177670424,2.0128824476650564,0.32877079978529256,0.1274825550187869,,0.026838432635534086,,
157,4.7638217928073,22.16183574879227,32.05179817498658,10.453569511540525,10.071121846484166,4.1129898013955986,8.917069243156199,0.5568974771873323,4.388083735909823,2.0263016639828235,0.3421900161030596,0.1274825550187869,,0.026838432635534086,,
158,4.804079441760601,22.10144927536232,31.83709071390231,10.453569511540525,10.050993022007514,4.139828234031133,8.923778851315083,0.5837359098228664,4.555823939881911,2.0531400966183573,0.3421900161030596,0.1274825550187869,,0.026838432635534086,,
159,4.830917874396135,22.088030059044552,31.736446591519055,10.446859903381643,10.050993022007514,4.17337627482555,8.896940418679549,0.5837359098228664,4.622920021470746,2.0665593129361244,0.3421900161030596,0.1274825550187869,,0.03354804079441761,,
160,4.7638217928073,21.906870638754697,31.00509930220075,10.332796564680622,10.413311862587225,4.2203435319377345,9.943639291465379,0.5770263016639828,4.394793344068707,1.8988191089640365,0.36902844873859364,0.1274825550187869,,0.04696725711218465,,
161,4.851046698872786,21.72571121846484,30.857487922705314,10.466988727858293,10.44015029522276,4.213633923778851,9.88996242619431,0.6642512077294686,4.448470209339774,1.8988191089640365,0.36902844873859364,0.1274825550187869,,0.04696725711218465,,
162,4.938271604938271,21.490874932903917,30.73671497584541,10.61460010735373,10.493827160493828,4.260601180891036,9.896672034353195,0.6642512077294686,4.488727858293076,1.8719806763285025,0.36902844873859364,0.1274825550187869,,0.04696725711218465,,
163,4.951690821256038,21.484165324745035,30.575684380032207,10.607890499194847,10.453569511540525,4.2270531400966185,9.883252818035427,0.7246376811594203,4.64975845410628,1.892109500805153,0.3757380568974772,0.1274825550187869,,0.04696725711218465,,
164,4.924852388620504,20.517981749865807,30.52200751476114,11.574074074074074,10.433440687063875,4.28743961352657,9.829575952764358,0.7447665056360708,4.690016103059581,1.892109500805153,0.4092860976918948,0.1274825550187869,,0.04696725711218465,,
165,4.9651100375738055,20.316693505099302,30.454911433172303,11.748523886205046,10.420021470746109,4.341116478797638,9.849704777241008,0.7447665056360708,4.676596886741814,1.892109500805153,0.41599570585077833,0.1274825550187869,,0.04696725711218465,,
166,4.978529253891573,20.303274288781534,30.320719269994633,11.788781535158346,10.359634997316157,4.435050993022007,9.876543209876543,0.7447665056360708,4.683306494900698,1.90552871712292,0.41599570585077833,0.1274825550187869,,0.06038647342995169,,
167,4.924852388620504,20.283145464304884,30.17981749865808,11.862587224906065,10.393183038110575,4.53569511540526,9.863123993558776,0.7447665056360708,4.703435319377348,1.892109500805153,0.41599570585077833,0.1274825550187869,,0.06038647342995169,0.013419216317767043,
168,4.951690821256038,20.189210950080515,30.173107890499196,11.842458400429415,10.34621578099839,4.5960815888352125,9.782608695652174,0.7581857219538379,4.736983360171766,2.006172839506173,0.41599570585077833,0.1274825550187869,,0.06038647342995169,0.013419216317767043,
169,4.9718196457326895,20.148953301127214,30.152979066022546,11.916264090177133,10.299248523886206,4.562533548040794,9.789318303811058,0.7783145464304885,4.783950617283951,1.9793344068706387,0.41599570585077833,0.1274825550187869,,0.06038647342995169,0.013419216317767043,
170,4.978529253891573,20.12211486849168,30.059044551798173,11.949812130971551,10.25228126677402,4.575952764358561,9.809447128287708,0.7648953301127214,4.830917874396135,1.9927536231884058,0.46296296296296297,0.1274825550187869,,0.06038647342995169,0.013419216317767043,
171,4.676596886741814,17.28395061728395,36.04401502952228,11.225174449812132,9.588030059044552,4.133118625872249,9.353193773483628,0.7514761137949544,4.300858829844337,1.9659151905528718,0.46296296296296297,0.14090177133655393,,0.06038647342995169,0.013419216317767043,
172,4.683306494900698,17.216854535695116,35.950080515297905,11.2788513150832,9.447128287707997,4.193505099302201,9.346484165324744,0.7514761137949544,4.341116478797638,2.1135265700483092,0.46296296296296297,0.14090177133655393,,0.06038647342995169,0.013419216317767043,
173,4.723564143853999,17.14975845410628,35.78234031132582,11.2788513150832,9.75577026301664,4.2270531400966185,9.333064949006978,0.7783145464304885,4.367954911433173,1.9256575415995705,0.46296296296296297,0.14090177133655393,,0.06038647342995169,0.013419216317767043,
174,4.777241009125067,17.09608158883521,35.59447128287708,11.272141706924316,9.722222222222221,4.280730005367687,9.359903381642512,0.7783145464304885,4.4820182501341925,1.9860440150295222,0.43612453032742887,0.14090177133655393,,0.06038647342995169,0.013419216317767043,
175,4.7638217928073,17.09608158883521,35.51395598497048,11.2788513150832,9.742351046698873,4.233762748255502,9.373322597960279,0.7783145464304885,4.51556629092861,2.0397208803005906,0.43612453032742887,0.14090177133655393,,0.07380568974771873,0.013419216317767043,
176,4.817498658078368,17.08937198067633,35.42673107890499,11.198336017176597,9.668545356951155,4.28743961352657,9.380032206119163,0.7783145464304885,4.569243156199678,2.120236178207193,0.43612453032742887,0.14090177133655393,,0.07380568974771873,0.013419216317767043,
177,4.3545356951154055,16.411701556629094,36.07756307031669,11.144659151905529,9.534353193773484,4.723564143853999,9.366612989801396,0.798443370907139,4.757112184648417,2.147074610842727,0.46967257112184646,0.14090177133655393,,0.06038647342995169,0.013419216317767043,
178,4.374664519592056,16.398282340311326,35.909822866344605,11.16478797638218,9.5276435856146,4.944981213097155,9.185453569511541,0.785024154589372,4.871175523349437,2.15378421900161,0.46967257112184646,0.14090177133655393,,0.06038647342995169,0.013419216317767043,
179,4.3545356951154055,16.33118625872249,34.72222222222222,11.044015029522276,10.88298443370907,4.938271604938271,9.172034353193773,0.798443370907139,4.87788513150832,2.1806226516371443,0.4830917874396135,0.14090177133655393,,0.06038647342995169,0.013419216317767043,
180,4.3545356951154055,16.25067096081589,34.60144927536232,11.023886205045626,10.84272678475577,5.005367686527107,9.326355340848094,0.8185721953837896,4.864465915190553,2.1940418679549114,0.5032206119162641,0.14090177133655393,,0.06038647342995169,0.013419216317767043,
