,45,50,51,53,55,52,56,57,54
0,100.0,,,,,,,,
1,87.15110037573805,12.848899624261943,,,,,,,
2,84.52093397745571,12.224906065485776,3.2541599570585076,,,,,,
3,70.29656468062265,26.482823403113258,3.2206119162640903,,,,,,
4,70.35695115405261,23.121309715512613,3.2206119162640903,3.3011272141706924,,,,,
5,66.92834138486312,26.556629092860977,3.2139023081052067,3.3011272141706924,,,,,
6,66.76731078904992,26.717659688674182,3.2139023081052067,3.3011272141706924,,,,,
7,56.76328502415459,37.43961352657005,2.5026838432635534,3.294417606011809,,,,,
8,53.193773483628554,33.23268921095008,10.144927536231885,3.280998389694042,0.14761137949543746,,,,
9,53.254159957058505,33.1857219538379,10.131508319914117,3.280998389694042,0.14761137949543746,,,,
10,53.22061191626409,28.166935050993022,8.333333333333334,3.2675791733762747,0.14761137949543746,6.588835212023618,0.27509393451422437,,
11,53.40177133655394,28.099838969404185,8.333333333333334,3.2004830917874396,0.14761137949543746,6.541867954911433,0.27509393451422437,,
12,53.65002683843264,27.965646806226516,8.192431561996779,3.166935050993022,0.14761137949543746,6.414385399892646,0.46296296296296297,,
13,53.6634460547504,27.95222758990875,8.192431561996779,3.166935050993022,0.14761137949543746,6.414385399892646,0.46296296296296297,,
14,47.987117552334944,26.529790660225444,15.197262479871176,3.099838969404187,0.30864197530864196,6.414385399892646,0.46296296296296297,,
15,48.17498658078368,25.744766505636072,16.411701556629094,3.099838969404187,0.30864197530864196,6.132581857219538,0.1274825550187869,,
16,46.57809983896941,28.515834675254965,14.432367149758454,4.012345679012346,0.30864197530864196,6.025228126677402,0.1274825550187869,,
17,46.77938808373591,28.361513687600645,14.40552871712292,3.9989264626945786,0.30864197530864196,6.018518518518518,0.1274825550187869,,
18,41.99543746645196,34.74906065485776,12.889157273215245,3.978797638217928,0.2683843263553409,5.991680085882985,0.1274825550187869,,
19,42.1833064949007,34.14519592055824,12.399355877616747,3.9184111647879765,1.2345679012345678,5.991680085882985,0.1274825550187869,,
20,42.1027911969941,33.84997316156736,11.43317230273752,3.556092324208266,1.2345679012345678,7.823403113258186,,,
21,41.646537842190014,34.33977455716586,11.43317230273752,3.549382716049383,1.2345679012345678,7.796564680622652,,,
22,41.700214707461086,32.85024154589372,11.332528180354267,5.0993022007514766,1.221148684916801,7.796564680622652,,,
23,41.7740203972088,32.789855072463766,11.258722490606548,5.092592592592593,1.221148684916801,7.863660762211487,,,
24,39.15727321524423,30.213365539452496,19.90740740740741,5.401234567901234,0.12077294685990338,5.059044551798175,,0.14090177133655393,
25,29.542404723564143,41.93505099302201,19.95437466451959,3.4151905528717124,0.95276435856146,4.05931293612453,,0.14090177133655393,
26,29.60950080515298,41.83440687063875,19.92753623188406,3.4151905528717124,1.2077294685990339,3.864734299516908,,0.14090177133655393,
27,28.743961352657006,41.076221148684915,21.390230810520666,3.408480944712829,1.3888888888888888,3.851315083199141,,0.14090177133655393,
28,28.965378421900162,40.89506172839506,21.390230810520666,3.408480944712829,1.3888888888888888,3.81105743424584,,0.14090177133655393,
29,25.06038647342995,43.263553408480945,22.926731078904993,3.408480944712829,1.3888888888888888,3.81105743424584,,0.14090177133655393,
30,25.194578636607623,41.67337627482555,22.5577026301664,5.287171229200215,1.3821792807300053,3.7640901771336552,,0.14090177133655393,
31,22.873054213633925,43.72651637144391,19.03515834675255,4.824208266237251,1.1540526033279657,8.246108427267847,,0.14090177133655393,
32,23.376274825550187,43.41116478797638,18.96135265700483,4.797369833601718,1.1540526033279657,8.158883521202362,,0.14090177133655393,
33,23.544015029522274,41.22383252818035,21.64519592055824,4.783950617283951,1.1540526033279657,7.50805152979066,,0.14090177133655393,
34,23.396403650026837,38.539989264626946,25.006709608158882,3.44873859366613,1.0131508319914118,7.481213097155126,,0.14090177133655393,0.9728931830381106
35,23.752012882447666,38.38566827697262,24.805421363392377,3.294417606011809,1.0131508319914118,7.481213097155126,,0.14090177133655393,1.1272141706924315
36,24.308910359634996,38.137412775093935,24.590713902308106,3.227321524422974,1.0131508319914118,7.481213097155126,,0.14090177133655393,1.1003757380568975
37,24.94632313472893,37.27187332259796,24.362587224906065,3.2139023081052067,1.482823403113258,7.481213097155126,,0.14090177133655393,1.1003757380568975
38,23.65136876006441,36.66129898013956,31.293612453032743,2.831454643048846,1.1607622114868492,3.3816425120772946,,,1.0198604401502953
39,23.91304347826087,36.600912506709605,31.09903381642512,2.831454643048846,1.1607622114868492,3.374932903918411,,,1.0198604401502953
40,16.5727321524423,47.57783145464305,27.771068169618893,2.522812667740204,1.1607622114868492,3.374932903918411,,,1.0198604401502953
41,16.63311862587225,46.79951690821256,26.455984970477726,4.42163177670424,1.3083735909822867,3.374932903918411,,,1.0064412238325282
42,16.935050993022006,46.04804079441761,25.89908749329039,4.562533548040794,2.314814814814815,3.240740740740741,,,0.9997316156736447
43,17.12962962962963,45.92055823939882,25.83870101986044,4.555823939881911,2.314814814814815,3.240740740740741,,,0.9997316156736447
44,16.029253891572733,45.833333333333336,27.65029522275899,4.4820182501341925,2.314814814814815,2.690552871712292,,,0.9997316156736447
45,16.458668813741276,45.55823939881911,27.522812667740205,4.4820182501341925,2.2879763821792807,2.690552871712292,,,0.9997316156736447
46,16.183574879227052,41.0829307568438,32.59527643585615,4.441760601180891,2.0128824476650564,2.690552871712292,,,0.9930220075147611
47,16.478797638217927,40.935319377348364,32.50805152979066,4.414922168545357,1.9793344068706387,2.690552871712292,,,0.9930220075147611
48,16.7337627482555,40.774288781535155,32.41411701556629,4.414922168545357,1.9793344068706387,2.690552871712292,,,0.9930220075147611
49,15.465646806226516,33.15888352120236,43.364197530864196,3.2541599570585076,1.2077294685990339,2.6301663982823404,,,0.9192163177670424
50,15.713902308105206,33.00456253354804,43.27026301663983,3.2541599570585076,1.2077294685990339,2.6301663982823404,,,0.9192163177670424
51,16.33118625872249,32.64224369296833,43.01529790660226,3.2541599570585076,1.2077294685990339,2.6301663982823404,,,0.9192163177670424
52,16.53918411164788,31.97128287707998,45.78636607622115,1.0869565217391304,1.2077294685990339,2.5161030595813205,,,0.8923778851315083
53,17.09608158883521,31.743156199677937,45.50456253354804,1.0869565217391304,1.2077294685990339,2.4691358024691357,,,0.8923778851315083
54,17.458400429414922,31.548577563070317,45.33682232957595,1.0869565217391304,1.2077294685990339,2.4691358024691357,,,0.8923778851315083
55,17.713365539452496,31.353998926462694,45.28314546430489,1.0869565217391304,1.2077294685990339,2.462426194310252,,,0.8923778851315083
56,15.116747181964573,29.367954911433173,49.89264626945786,1.0869565217391304,1.2077294685990339,2.4355877616747184,,,0.8923778851315083
57,15.391841116478798,29.314278046162105,49.67122920021471,1.0869565217391304,1.2077294685990339,2.4355877616747184,,,0.8923778851315083
58,15.438808373590982,27.47584541062802,52.22758990874933,0.9460547504025765,1.1876006441223832,1.8317230273752012,,,0.8923778851315083
59,15.673644659151906,27.428878153515836,52.05314009661836,0.9460547504025765,1.1876006441223832,1.8183038110574343,,,0.8923778851315083
60,15.962157809983896,27.314814814814813,51.878690284487384,0.9460547504025765,1.1876006441223832,1.8183038110574343,,,0.8923778851315083
61,16.29092860976919,27.294685990338163,51.650563607085346,0.9460547504025765,1.1272141706924315,1.7981749865807837,,,0.8923778851315083
62,16.6532474503489,27.20746108427268,51.1808910359635,0.9460547504025765,1.1272141706924315,1.7713365539452497,0.2214170692431562,,0.8923778851315083
63,17.008856682769725,27.053140096618357,50.979602791196996,0.9460547504025765,1.1272141706924315,1.7713365539452497,0.2214170692431562,,0.8923778851315083
64,17.351046698872786,26.972624798711756,50.717928073000536,0.9460547504025765,1.1272141706924315,1.7713365539452497,0.2214170692431562,,0.8923778851315083
65,17.827428878153516,26.764626945786365,50.4495437466452,0.9460547504025765,1.1272141706924315,1.7713365539452497,0.2214170692431562,,0.8923778851315083
66,16.82769726247987,26.402308105206657,45.8064949006978,0.6239935587761675,1.1272141706924315,7.98443370907139,0.2214170692431562,,1.0064412238325282
67,17.11621041331186,26.37546967257112,45.59849704777241,0.6172839506172839,1.1272141706924315,7.937466451959206,0.2214170692431562,,1.0064412238325282
68,17.55233494363929,26.261406333870102,44.49141170155663,1.570048309178744,1.1272141706924315,7.7831454643048845,0.2214170692431562,,0.9930220075147611
69,17.894524959742352,26.247987117552334,43.96135265700483,1.4761137949543746,1.1272141706924315,7.7361782071927,0.5636070853462157,,0.9930220075147611
70,17.887815351583466,25.59044551798175,43.78690284487386,2.3752012882447664,1.1272141706924315,7.675791733762749,0.5636070853462157,,0.9930220075147611
71,17.733494363929147,24.651100375738057,37.60735373054214,2.147074610842727,1.1272141706924315,15.177133655394526,0.5636070853462157,,0.9930220075147611
72,17.92807300053677,24.55716586151369,37.5805152979066,2.1269457863660763,1.1137949543746646,15.136876006441224,0.5636070853462157,,0.9930220075147611
73,18.183038110574344,24.52361782071927,37.39935587761675,2.1269457863660763,1.1137949543746646,15.11003757380569,0.5636070853462157,,0.9796027911969941
74,18.491680085882983,24.335748792270532,37.31884057971015,2.1269457863660763,1.1137949543746646,15.083199141170155,0.5636070853462157,,0.966183574879227
75,18.605743424584006,24.335748792270532,37.265163714439076,2.1269457863660763,1.1137949543746646,15.022812667740205,0.5636070853462157,,0.966183574879227
76,19.28341384863124,24.08749329039184,41.40499194847021,2.0263016639828235,1.1137949543746646,10.554213633923778,0.5636070853462157,,0.966183574879227
77,19.806763285024154,23.980139559849704,41.035963499731615,2.0263016639828235,1.1137949543746646,10.507246376811594,0.5636070853462157,,0.966183574879227
78,20.21604938271605,23.946591519055286,40.687063875469676,2.0263016639828235,1.1137949543746646,10.48040794417606,0.5636070853462157,,0.966183574879227
79,14.371980676328503,25.39586688137413,37.855609232420825,2.0263016639828235,1.0332796564680622,17.98845947396672,0.5300590445517982,,0.798443370907139
80,14.42565754159957,25.315351583467525,37.124261943102525,2.01959205582394,2.0128824476650564,17.773752012882447,0.5300590445517982,,0.798443370907139
81,14.55984970477724,25.281803542673106,36.71497584541063,2.01959205582394,2.0128824476650564,17.793880837359097,0.8185721953837896,,0.798443370907139
82,13.405797101449275,22.57783145464305,40.05636070853462,3.4621578099838968,1.8317230273752012,17.183306494900698,0.8185721953837896,,0.6642512077294686
83,13.741277509393452,22.38996242619431,40.042941492216855,3.374932903918411,1.8317230273752012,17.136339237788512,0.8185721953837896,,0.6642512077294686
84,14.123725174449811,22.383252818035427,39.82823403113258,3.307836822329576,1.8115942028985508,17.062533548040793,0.8185721953837896,,0.6642512077294686
85,14.452495974235104,22.188674181427803,39.57997852925389,3.307836822329576,1.8115942028985508,17.04911433172303,0.8185721953837896,,0.7917337627482555
86,14.667203435319378,20.840042941492218,39.45920558239399,3.307836822329576,1.8115942028985508,16.532474503488995,0.8185721953837896,,2.563070316693505
87,14.942297369833602,20.69243156199678,39.36527106816962,3.294417606011809,1.8115942028985508,16.512345679012345,0.8185721953837896,,2.563070316693505
88,15.257648953301127,20.531400966183575,39.19753086419753,3.180354267310789,1.8115942028985508,16.49892646269458,0.8185721953837896,,2.703972088030059
89,15.807836822329575,20.41062801932367,38.137412775093935,2.945517981749866,1.8115942028985508,16.109769189479334,0.9594739667203436,,3.8177670424047236
90,16.10305958132045,20.29656468062265,37.936124530327426,2.9388083735909825,1.9390767579173376,16.022544283413847,0.9594739667203436,,3.8043478260869565
91,16.243961352657006,20.276435856146,37.895866881374126,2.9388083735909825,1.9390767579173376,15.975577026301664,0.9594739667203436,,3.770799785292539
92,15.056360708534621,20.222758990874933,41.0426731078905,2.9388083735909825,1.9390767579173376,14.210950080515298,0.8185721953837896,,3.770799785292539
93,15.519323671497585,19.659151905528716,38.89559849704777,3.260869565217391,1.865271068169619,16.210413311862588,0.8185721953837896,,3.770799785292539
94,15.915190552871712,19.558507783145465,38.79495437466452,3.180354267310789,1.865271068169619,16.1231884057971,0.8185721953837896,,3.743961352657005
95,16.337895866881375,19.404186795491142,38.56682769726248,3.180354267310789,2.147074610842727,15.854804079441761,0.8185721953837896,,3.6902844873859366
96,15.83467525496511,17.518786902844873,38.18438003220612,3.1602254428341383,2.147074610842727,18.646001073537306,0.8185721953837896,,3.6902844873859366
97,16.14331723027375,17.485238862050455,38.08373590982286,3.1602254428341383,2.120236178207193,18.5252281266774,0.8185721953837896,,3.6634460547504024
98,16.59957058507783,17.364465915190554,37.88244766505636,3.1535158346752548,2.120236178207193,18.397745571658614,0.8185721953837896,,3.6634460547504024
99,16.774020397208805,17.310789049919485,37.80193236714976,3.1535158346752548,2.0933977455716586,18.38432635534085,0.8185721953837896,,3.6634460547504024
100,17.20343531937735,17.16988727858293,37.65432098765432,3.1535158346752548,2.086688137412775,18.250134192163177,0.8185721953837896,,3.6634460547504024
101,17.404723564143854,17.04911433172303,37.63419216317767,3.1535158346752548,2.086688137412775,18.189747718733226,0.8185721953837896,,3.6634460547504024
102,14.673913043478262,13.097155126140633,49.121041331186255,2.7844873859366612,1.8518518518518519,14.076757917337627,0.7917337627482555,,3.603059581320451
103,14.9020397208803,12.99651100375738,48.43666129898014,2.7844873859366612,1.8518518518518519,13.70101986044015,0.7917337627482555,,4.53569511540526
104,14.056629092860977,17.257112184648417,44.53166935050993,1.710950080515298,1.4761137949543746,16.72705314009662,0.6776704240472357,,3.5628019323671496
105,14.398819108964037,17.19001610305958,44.42431561996779,1.6572732152442298,1.4694041867954912,16.63311862587225,0.6776704240472357,,3.549382716049383
106,14.942297369833602,16.834406870638755,43.894256575415994,1.6572732152442298,2.1135265700483092,16.545893719806763,0.6776704240472357,,3.33467525496511
107,15.485775630703166,16.6532474503489,42.84755770263017,1.6438539989264627,2.1135265700483092,16.324476650563607,1.6170155662909287,,3.3145464304884595
108,15.599838969404187,16.626409017713364,42.84755770263017,1.6438539989264627,2.086688137412775,16.264090177133657,1.6170155662909287,,3.3145464304884595
109,15.92860976918948,16.492216854535695,42.81400966183575,1.6438539989264627,2.086688137412775,16.10305958132045,1.6170155662909287,,3.3145464304884595
110,16.0426731078905,16.378153515834676,42.619431025228124,1.6438539989264627,2.7308105206655933,15.707192699946322,1.6170155662909287,,3.260869565217391
111,16.478797638217927,15.331454643048845,42.43827160493827,1.6438539989264627,3.69699409554482,15.633387010198604,1.556629092860977,,3.2206119162640903
112,16.720343531937736,15.324745034889963,41.84111647879764,1.6438539989264627,3.69699409554482,15.559581320450885,1.9994632313472893,,3.2139023081052067
113,17.14975845410628,15.28448738593666,41.59286097691895,1.6438539989264627,3.643317230273752,15.505904455179817,1.9659151905528718,,3.2139023081052067
114,17.47181964573269,15.250939345142244,41.51234567901235,1.5901771336553945,3.6231884057971016,15.371712292002147,1.9659151905528718,,3.2139023081052067
115,17.961621041331185,15.250939345142244,41.156736446591516,1.5901771336553945,3.488996242619431,15.371712292002147,1.9659151905528718,,3.2139023081052067
116,18.4447128287708,15.210681696188942,40.86151368760064,1.5901771336553945,3.488996242619431,15.26435856146001,1.9256575415995705,,3.2139023081052067
117,18.80703166935051,15.056360708534621,40.80783682232958,1.5767579173376274,3.4151905528717124,15.197262479871176,1.9256575415995705,,3.2139023081052067
118,19.276704240472355,14.989264626945786,40.41867954911433,1.570048309178744,3.4151905528717124,15.08990874932904,1.9256575415995705,,3.3145464304884595
119,19.565217391304348,14.969135802469136,40.163714439076756,1.570048309178744,3.4151905528717124,15.083199141170155,1.9189479334406871,,3.3145464304884595
120,17.12962962962963,14.888620504562533,47.89989264626946,1.570048309178744,4.569243156199678,11.33923778851315,0.20128824476650564,,2.4020397208803006
121,17.498658078368223,14.875201288244767,47.65163714439077,1.570048309178744,4.488727858293076,11.33923778851315,0.20128824476650564,,2.3752012882447664
122,17.840848094471284,14.761137949543746,47.45034889962426,1.570048309178744,4.4753086419753085,11.325818572195384,0.20128824476650564,,2.3752012882447664
123,17.45169082125604,13.969404186795492,47.128287707997856,5.4616210413311865,4.435050993022007,8.984165324745035,0.20128824476650564,,2.368491680085883
124,16.861245303274288,13.92914653784219,50.006709608158886,4.7101449275362315,4.435050993022007,8.038110574342458,0.20128824476650564,,1.8183038110574343
125,17.082662372517444,13.92914653784219,49.8389694041868,4.656468062265164,4.435050993022007,8.038110574342458,0.20128824476650564,,1.8183038110574343
126,17.163177670424048,13.915727321524423,49.80542136339238,4.656468062265164,4.435050993022007,8.011272141706923,0.20128824476650564,,1.8115942028985508
127,17.344337090713903,13.882179280730005,49.67122920021471,4.643048845947397,4.435050993022007,8.011272141706923,0.20128824476650564,,1.8115942028985508
128,17.599302200751477,13.855340848094471,49.55716586151369,4.622920021470746,4.435050993022007,7.917337627482555,0.20128824476650564,,1.8115942028985508
129,17.94820182501342,13.81508319914117,49.382716049382715,4.488727858293076,4.435050993022007,7.917337627482555,0.20128824476650564,,1.8115942028985508
130,18.19645732689211,13.81508319914117,48.61782071926999,5.132850241545894,4.435050993022007,7.7898550724637685,0.20128824476650564,,1.8115942028985508
131,18.364197530864196,13.81508319914117,48.47691894793344,5.132850241545894,4.408212560386473,7.7898550724637685,0.20128824476650564,,1.8115942028985508
132,18.00187869028449,13.493022007514762,46.09500805152979,5.132850241545894,4.374664519592056,10.889694041867955,0.322061191626409,,1.6908212560386473
133,17.277241009125067,11.117820719269995,52.341653247450346,3.5091250670960816,4.28743961352657,9.453837895866881,0.322061191626409,,1.6908212560386473
134,17.58588298443371,11.030595813204508,51.388888888888886,4.334406870638754,4.206924315619967,9.440418679549115,0.322061191626409,,1.6908212560386473
135,17.820719269994633,10.997047772410092,51.227858293075684,4.334406870638754,4.206924315619967,9.400161030595813,0.322061191626409,,1.6908212560386473
136,17.518786902844873,10.970209339774557,47.83279656468062,8.709071390230811,4.193505099302201,8.621846484165324,0.46296296296296297,,1.6908212560386473
137,17.820719269994633,10.896403650026839,47.64492753623188,8.78287707997853,4.159957058507783,8.541331186258722,0.46296296296296297,,1.6908212560386473
138,18.06226516371444,10.896403650026839,47.59125067096082,8.57487922705314,4.294149221685454,8.427267847557703,0.46296296296296297,,1.6908212560386473
139,18.323939881910896,10.775630703166936,47.18867418142781,8.57487922705314,4.032474503488996,8.393719806763285,0.46296296296296297,,2.24771873322598
140,18.45813204508857,9.990606548577563,46.73913043478261,8.494363929146537,4.240472356414386,8.393719806763285,0.46296296296296297,,3.2206119162640903
141,18.69296833064949,9.977187332259795,46.55797101449275,8.467525496511003,4.240472356414386,8.380300590445518,0.46296296296296297,,3.2206119162640903
142,18.887546967257112,9.957058507783145,46.18894256575416,8.467525496511003,3.8378958668813743,8.319914117015566,0.38915727321524424,,3.9519592055823938
143,18.06897477187332,9.88996242619431,49.75845410628019,7.64224369296833,2.623456790123457,7.675791733762749,0.38915727321524424,,3.9519592055823938
144,14.942297369833602,6.6760601180891035,58.863392377885134,6.743156199677939,3.046162104133119,6.796833064949007,0.38915727321524424,,2.5429414922168547
145,15.150295222758992,6.629092860976919,58.42055823939882,6.743156199677939,3.046162104133119,6.790123456790123,0.6977992485238862,,2.522812667740204
146,15.640096618357488,6.629092860976919,58.01798174986581,6.66935050993022,3.046162104133119,6.776704240472356,0.6977992485238862,,2.522812667740204
147,16.0829307568438,6.501610305958132,57.85024154589372,6.588835212023618,3.0327428878153517,6.723027375201288,0.6977992485238862,,2.522812667740204
148,16.27750939345142,6.481481481481482,57.769726247987116,6.588835212023618,2.9924852388620504,6.66935050993022,0.6977992485238862,,2.522812667740204
149,16.740472356414386,6.380837359098229,57.54830917874396,6.474771873322598,2.9924852388620504,6.66935050993022,0.6977992485238862,,2.49597423510467
150,16.7337627482555,4.884594739667204,57.19940955448202,6.474771873322598,2.200751476113795,9.500805152979066,0.6843800322061192,,2.3215244229736984
151,17.156468062265162,4.817498658078368,56.34057971014493,6.414385399892646,2.804616210413312,9.473966720343531,0.6709608158883521,,2.3215244229736984
152,17.371175523349436,4.790660225442834,55.77697262479871,6.414385399892646,2.757648953301127,9.386741814278047,1.1808910359634996,,2.3215244229736984
153,17.58588298443371,4.770531400966184,55.14626945786366,6.099033816425121,3.2340311325818574,9.252549651100376,1.3217928073000538,,2.589908749329039
154,17.995169082125603,4.770531400966184,54.82420826623725,6.078904991948471,3.2340311325818574,9.185453569511541,1.3217928073000538,,2.589908749329039
155,18.61916264090177,4.643048845947397,54.41492216854536,6.038647342995169,3.227321524422974,9.145195920558239,1.3217928073000538,,2.589908749329039
156,19.14922168545357,4.643048845947397,53.958668813741276,6.038647342995169,3.2139023081052067,9.084809447128288,1.3217928073000538,,2.589908749329039
157,17.639559849704778,3.9989264626945786,57.447665056360705,4.884594739667204,3.2139023081052067,9.017713365539452,1.3150831991411702,,2.4825550187869028
158,17.954911433172303,3.9989264626945786,57.17257112184648,4.884594739667204,3.180354267310789,9.01100375738057,1.3150831991411702,,2.4825550187869028
159,18.51851851851852,3.965378421900161,56.816961889425656,4.864465915190553,3.0730005367686526,8.964036500268385,1.3150831991411702,,2.4825550187869028
160,18.780193236714975,3.9586688137412773,56.70289855072464,4.864465915190553,3.0059044551798175,8.890230810520666,1.3150831991411702,,2.4825550187869028
161,18.223295759527645,3.5292538915727323,60.64143853998927,5.924584004294149,2.5161030595813205,6.756575415995706,1.2077294685990339,,1.2010198604401503
162,18.23671497584541,3.515834675254965,58.20585077831455,5.924584004294149,4.978529253891573,6.729736983360172,1.2077294685990339,,1.2010198604401503
163,18.820450885668276,3.488996242619431,57.75630703166935,5.917874396135265,4.8376274825550185,6.568706387546968,1.2077294685990339,,1.402308105206656
164,19.32367149758454,3.455448201825013,57.41411701556629,5.877616747181965,4.817498658078368,6.501610305958132,1.2077294685990339,,1.402308105206656
165,19.390767579173378,3.4286097691894795,57.340311325818575,5.870907139023081,4.736983360171766,6.501610305958132,1.1876006441223832,,1.5432098765432098
166,19.712828770799785,3.388352120236178,57.078636607622116,5.864197530864198,4.736983360171766,6.494900697799249,1.1876006441223832,,1.5365002683843263
167,19.98792270531401,3.374932903918411,56.91089640365003,5.864197530864198,4.7101449275362315,6.461352657004831,1.1876006441223832,,1.5029522275899088
168,20.128824476650564,3.3413848631239937,56.87063875469673,5.850778314546431,4.7101449275362315,6.407675791733762,1.1876006441223832,,1.5029522275899088
169,20.229468599033815,3.3413848631239937,56.84380032206119,5.83064949006978,4.703435319377348,6.407675791733762,1.1876006441223832,,1.4559849704777241
170,20.081857219538378,3.294417606011809,59.68867418142781,5.46833064949007,2.462426194310252,6.380837359098229,1.1876006441223832,,1.4358561460010735
171,19.484702093397747,3.294417606011809,50.6508319914117,4.9718196457326895,2.1403650026838434,16.97530864197531,1.1876006441223832,,1.2949543746645196
172,20.209339774557165,3.294417606011809,50.254965110037574,4.918142780461621,2.1403650026838434,16.700214707461082,1.1876006441223832,,1.2949543746645196
173,20.417337627482556,3.294417606011809,50.0805152979066,4.918142780461621,2.1403650026838434,16.666666666666668,1.1876006441223832,,1.2949543746645196
174,20.779656468062264,3.294417606011809,49.81213097155126,4.918142780461621,2.1403650026838434,16.57944176060118,1.1876006441223832,,1.288244766505636
175,20.893719806763286,3.2541599570585076,49.51690821256039,4.87788513150832,2.0665593129361244,16.53918411164788,1.1876006441223832,,1.6639828234031133
176,21.121846484165324,3.240740740740741,49.37600644122383,4.85775630703167,2.0665593129361244,16.297638217928075,1.3955984970477724,,1.6438539989264627
177,21.296296296296298,3.240740740740741,49.25523349436393,4.830917874396135,2.0665593129361244,16.27079978529254,1.3955984970477724,,1.6438539989264627
178,21.70558239398819,3.2139023081052067,49.04723564143854,4.830917874396135,2.046430488459474,16.129898013955984,1.3821792807300053,,1.6438539989264627
179,22.134997316156735,3.2139023081052067,48.74530327428878,4.817498658078368,2.046430488459474,16.015834675254965,1.3821792807300053,,1.6438539989264627
180,22.356414385399894,3.2139023081052067,48.58427267847558,4.817498658078368,2.046430488459474,15.955448201825014,1.3821792807300053,,1.6438539989264627
181,22.436929683306495,3.2139023081052067,48.33601717659689,4.817498658078368,1.865271068169619,15.861513687600644,1.3821792807300053,,2.086688137412775
182,22.470477724100913,3.2139023081052067,48.22866344605475,4.817498658078368,1.9994632313472893,15.801127214170693,1.3821792807300053,,2.086688137412775
183,22.705314009661837,3.2139023081052067,48.007246376811594,4.817498658078368,1.9994632313472893,15.787707997852925,1.3821792807300053,,2.086688137412775
184,21.027911969940956,2.462426194310252,50.83199141170156,4.622920021470746,1.9927536231884058,15.640096618357488,1.3486312399355878,,2.073268921095008
185,21.430488459473967,2.462426194310252,50.738056897477186,4.622920021470746,1.9793344068706387,15.378421900161031,1.3150831991411702,,2.073268921095008
186,21.906870638754697,2.462426194310252,50.516639828234034,4.582662372517445,1.9592055823939882,15.183843263553408,1.3150831991411702,,2.073268921095008
187,22.25577026301664,2.4490069779924855,50.16774020397209,4.542404723564144,2.100107353730542,15.13016639828234,1.2815351583467525,,2.073268921095008
188,22.383252818035427,2.4490069779924855,50.0805152979066,4.542404723564144,2.100107353730542,15.08990874932904,1.2815351583467525,,2.073268921095008
189,22.383252818035427,2.4355877616747184,49.932903918411164,4.528985507246377,2.0799785292538915,15.157004830917874,1.2815351583467525,,2.200751476113795
190,22.604669887278583,2.4221685453569513,49.77858293075684,4.502147074610843,2.073268921095008,15.150295222758992,1.2681159420289856,,2.200751476113795
191,22.041062801932366,2.368491680085883,51.17418142780462,4.159957058507783,1.9592055823939882,14.855072463768115,1.2681159420289856,,2.1739130434782608
192,22.537573805689746,2.368491680085883,50.999731615673646,4.052603327965647,1.865271068169619,14.76784755770263,1.2412775093934514,,2.167203435319377
193,22.69860440150295,2.368491680085883,50.4898013955985,4.052603327965647,2.214170692431562,14.76784755770263,1.2412775093934514,,2.167203435319377
194,20.38378958668814,2.167203435319377,45.7662372517445,2.690552871712292,1.9457863660762211,23.8191089640365,1.2412775093934514,,1.9860440150295222
195,20.86688137412775,2.15378421900161,45.54482018250134,2.690552871712292,1.9390767579173376,23.577563070316693,1.2412775093934514,,1.9860440150295222
196,21.027911969940956,2.147074610842727,45.42404723564144,2.690552871712292,1.9390767579173376,23.544015029522274,1.2412775093934514,,1.9860440150295222
197,21.18894256575416,2.13365539452496,45.34353193773484,2.690552871712292,1.9390767579173376,23.47691894793344,1.2412775093934514,,1.9860440150295222
198,21.62506709608159,2.0665593129361244,45.03488996242619,2.690552871712292,1.9189479334406871,23.356146001073537,1.133923778851315,,2.1739130434782608
199,22.014224369296834,2.0665593129361244,44.887278582930755,2.6704240472356413,1.9189479334406871,23.13472893183038,1.133923778851315,,2.1739130434782608
200,22.289318303811058,2.0665593129361244,44.236446591519055,2.6033279656468062,1.9122383252818036,23.07434245840043,1.133923778851315,,2.6838432635534084
201,22.497316156736446,2.0665593129361244,43.49838969404187,2.6033279656468062,1.9122383252818036,23.007246376811594,1.0265700483091786,,3.388352120236178
202,21.75925925925926,2.0665593129361244,40.4723564143854,6.501610305958132,1.90552871712292,22.879763821792807,1.0265700483091786,,3.388352120236178
203,22.10144927536232,2.0665593129361244,40.37842190016103,6.394256575415996,1.8853998926462694,22.81266774020397,0.9997316156736447,,3.361513687600644
204,22.571121846484164,2.0665593129361244,39.761137949543745,6.340579710144928,2.167203435319377,22.75228126677402,0.9930220075147611,,3.3480944712828773
205,22.82608695652174,2.0665593129361244,39.53301127214171,6.340579710144928,2.167203435319377,22.725442834138487,0.9930220075147611,,3.3480944712828773
206,23.30246913580247,1.9860440150295222,39.24449812130972,5.971551261406334,2.61003757380569,22.644927536231883,0.9863123993558777,,3.2541599570585076
207,23.443370907139023,1.9860440150295222,39.14385399892646,5.971551261406334,2.589908749329039,22.624798711755233,0.9863123993558777,,3.2541599570585076
208,23.64465915190553,1.9860440150295222,38.73456790123457,5.964841653247451,2.717391304347826,22.470477724100913,1.2278582930756843,,3.2541599570585076
209,23.906333870101985,1.9860440150295222,38.60708534621578,5.964841653247451,2.717391304347826,22.33628556092324,1.2278582930756843,,3.2541599570585076
210,24.18142780461621,1.9860440150295222,38.459473966720346,5.964841653247451,2.717391304347826,22.22222222222222,1.2144390767579174,,3.2541599570585076
211,24.20155662909286,1.9860440150295222,37.6207729468599,5.964841653247451,2.717391304347826,23.53059581320451,1.2144390767579174,,2.7643585614600106
212,24.27536231884058,1.9860440150295222,37.58722490606549,5.964841653247451,2.8515834675254963,23.396403650026837,1.1943102522812667,,2.7442297369833604
213,24.362587224906065,1.9860440150295222,37.3389694041868,5.9514224369296835,3.421900161030596,22.799248523886206,1.1943102522812667,0.2147074610842727,2.7308105206655933
214,24.644390767579175,1.9524959742351047,37.21819645732689,5.924584004294149,3.4621578099838968,22.725442834138487,1.1943102522812667,0.1878690284487386,2.690552871712292
215,24.89935587761675,1.9524959742351047,37.124261943102525,5.857487922705314,3.4621578099838968,22.67176596886742,1.1674718196457328,0.1878690284487386,2.677133655394525
216,25.15432098765432,1.9524959742351047,37.003488996242616,5.857487922705314,3.421900161030596,22.57783145464305,1.1674718196457328,0.1878690284487386,2.677133655394525
217,25.523349436392916,1.9524959742351047,36.9699409554482,5.857487922705314,3.421900161030596,22.24235104669887,1.1674718196457328,0.1878690284487386,2.677133655394525
218,25.805152979066023,1.9524959742351047,36.91626409017714,5.857487922705314,3.421900161030596,22.067901234567902,1.1540526033279657,0.18115942028985507,2.6435856146001075
219,25.87895866881374,1.9524959742351047,36.902844873859365,5.857487922705314,3.3950617283950617,22.034353193773484,1.1540526033279657,0.18115942028985507,2.6435856146001075
220,26.35534084809447,1.9524959742351047,36.600912506709605,5.810520665593129,3.3950617283950617,21.926999463231347,1.133923778851315,0.18115942028985507,2.6435856146001075
221,26.50966183574879,1.9524959742351047,36.3191089640365,6.072195383789587,3.3011272141706924,21.886741814278047,1.133923778851315,0.18115942028985507,2.6435856146001075
222,26.684111647879764,1.932367149758454,36.252012882447666,6.072195383789587,3.260869565217391,21.87332259796028,1.133923778851315,0.18115942028985507,2.61003757380569
223,26.878690284487387,1.932367149758454,36.131239935587764,6.072195383789587,3.260869565217391,21.79951690821256,1.133923778851315,0.18115942028985507,2.61003757380569
224,27.462426194310254,1.932367149758454,35.72195383789587,6.072195383789587,3.1870638754696725,21.69887278582931,1.133923778851315,0.18115942028985507,2.61003757380569
225,27.690552871712292,1.9122383252818036,35.35963499731616,5.978260869565218,3.4621578099838968,21.67874396135266,1.1272141706924315,0.18115942028985507,2.61003757380569
226,27.851583467525497,1.8988191089640365,34.66854535695116,5.964841653247451,4.213633923778851,21.497584541062803,1.1137949543746646,0.18115942028985507,2.61003757380569
227,27.03972088030059,1.8115942028985508,36.56736446591519,6.662640901771336,4.200214707461084,20.169082125603865,1.247987117552335,0.18115942028985507,2.120236178207193
228,27.576489533011273,1.8115942028985508,36.42646269457864,6.5552871712292005,4.200214707461084,19.920826623725173,1.247987117552335,0.18115942028985507,2.0799785292538915
229,27.831454643048847,1.8115942028985508,36.231884057971016,6.5552871712292005,4.200214707461084,19.860440150295222,1.247987117552335,0.18115942028985507,2.0799785292538915
230,28.193773483628558,1.737788513150832,36.12453032742888,6.535158346752549,4.1532474503489,19.746376811594203,1.247987117552335,0.18115942028985507,2.0799785292538915
231,28.31454643048846,1.7176596886741815,36.05072463768116,6.521739130434782,4.1532474503489,19.732957595276435,1.247987117552335,0.18115942028985507,2.0799785292538915
232,28.670155662909288,1.710950080515298,35.809178743961354,6.468062265163715,4.139828234031133,19.692699946323135,1.247987117552335,0.18115942028985507,2.0799785292538915
233,28.75738056897477,1.710950080515298,35.57434245840043,6.407675791733762,4.367954911433173,19.692699946323135,1.247987117552335,0.18115942028985507,2.059849704777241
234,28.938539989264626,1.710950080515298,35.47369833601718,6.400966183574879,4.367954911433173,19.618894256575416,1.247987117552335,0.18115942028985507,2.059849704777241
235,29.280730005367687,1.710950080515298,35.35292538915727,6.400966183574879,4.3545356951154055,19.410896403650028,1.247987117552335,0.18115942028985507,2.059849704777241
236,29.56924315619968,1.710950080515298,35.16505636070853,6.400966183574879,4.3478260869565215,19.32367149758454,1.247987117552335,0.18115942028985507,2.0531400966183573
237,29.56924315619968,1.5767579173376274,34.95034889962426,6.400966183574879,4.334406870638754,19.122383252818036,1.2412775093934514,0.1610305958132045,2.6435856146001075
238,29.488727858293075,1.556629092860977,34.74235104669887,6.400966183574879,4.334406870638754,19.108964036500268,1.2412775093934514,0.1610305958132045,2.965646806226516
239,29.810789049919485,1.5499194847020934,34.6081588835212,6.374127750939345,4.28743961352657,19.00161030595813,1.2412775093934514,0.1610305958132045,2.965646806226516
240,28.193773483628558,1.5163714439076759,36.94981213097155,6.1862587224906065,4.206924315619967,18.894256575415994,0.9393451422436929,0.1610305958132045,2.952227589908749
241,28.589640365002683,1.5163714439076759,36.79549114331723,6.072195383789587,4.180085882984434,18.813741277509394,0.9259259259259259,0.1610305958132045,2.945517981749866
242,29.11969940955448,1.5163714439076759,36.08427267847558,6.018518518518518,4.468599033816425,18.78690284487386,0.8990874932903918,0.1610305958132045,2.945517981749866
243,29.421631776704242,1.5163714439076759,35.82259796027912,5.998389694041868,4.448470209339774,18.78690284487386,0.8990874932903918,0.1610305958132045,2.945517981749866
244,29.770531400966185,1.5163714439076759,35.70182501341922,5.991680085882985,4.448470209339774,18.59903381642512,0.8990874932903918,0.1610305958132045,2.9119699409554483
245,29.871175523349436,1.5163714439076759,35.581052066559316,5.991680085882985,4.408212560386473,18.59903381642512,0.8923778851315083,0.1610305958132045,2.9790660225442833
246,30.16639828234031,1.5096618357487923,35.37976382179281,5.877616747181965,4.3545356951154055,18.310520665593128,1.0332796564680622,0.1610305958132045,3.207192699946323
247,30.314009661835748,1.5096618357487923,35.31266774020397,5.877616747181965,4.320987654320987,18.283682232957595,1.0131508319914118,0.1610305958132045,3.207192699946323
248,30.475040257648953,1.5096618357487923,35.265700483091784,5.877616747181965,4.320987654320987,18.19645732689211,0.9863123993558777,0.1610305958132045,3.207192699946323
249,30.790391841116477,1.4761137949543746,35.07112184648417,5.877616747181965,4.314278046162104,18.14278046162104,0.9863123993558777,0.1610305958132045,3.180354267310789
250,31.105743424584006,1.4761137949543746,34.78931830381106,5.877616747181965,4.314278046162104,18.12265163714439,0.9728931830381106,0.1610305958132045,3.180354267310789
251,31.608964036500268,1.4761137949543746,34.514224369296834,5.877616747181965,4.30756843800322,17.961621041331185,0.9728931830381106,0.1610305958132045,3.1199677938808374
252,31.850509930220074,1.4761137949543746,34.40016103059581,5.864197530864198,4.280730005367687,17.8743961352657,0.9728931830381106,0.1610305958132045,3.1199677938808374
253,32.14573268921095,1.442565754159957,34.31964573268921,5.756843800322061,4.26731078904992,17.814009661835748,0.9728931830381106,0.1610305958132045,3.1199677938808374
254,32.326892109500804,1.442565754159957,34.20558239398819,5.730005367686527,4.2270531400966185,17.814009661835748,0.9728931830381106,0.1610305958132045,3.1199677938808374
255,32.1256038647343,1.4358561460010735,33.84997316156736,5.703166935050993,4.864465915190553,17.787171229200215,0.9728931830381106,0.1610305958132045,3.099838969404187
256,32.367149758454104,1.4358561460010735,33.722490606548575,5.6964573268921095,4.864465915190553,17.693236714975846,0.966183574879227,0.1610305958132045,3.0931293612453032
257,32.60198604401503,1.4358561460010735,33.373590982286636,5.662909286097692,5.199946323134729,17.518786902844873,0.966183574879227,0.1610305958132045,3.079710144927536
258,32.809983896940416,1.4358561460010735,33.36688137412775,5.656199677938808,5.199946323134729,17.324208266237253,0.966183574879227,0.1610305958132045,3.079710144927536
259,33.04482018250134,1.4090177133655395,33.313204508856685,5.656199677938808,5.199946323134729,17.16988727858293,0.966183574879227,0.1610305958132045,3.079710144927536
260,33.4272678475577,1.4090177133655395,33.21926999463231,5.642780461621041,5.186527106816962,16.914922168545356,0.966183574879227,0.1610305958132045,3.0730005367686526
261,33.60842726784756,1.4090177133655395,33.19243156199678,5.60252281266774,5.173107890499195,16.881374127750938,0.8990874932903918,0.1610305958132045,3.0730005367686526
262,33.89023081052066,1.4090177133655395,33.13204508856683,5.58239398819109,5.12614063338701,16.72705314009662,0.8990874932903918,0.1610305958132045,3.0730005367686526
263,34.272678475577024,1.4090177133655395,32.830112721417066,5.58239398819109,5.12614063338701,16.646537842190018,0.8990874932903918,0.1610305958132045,3.0730005367686526
264,34.44041867954911,1.4090177133655395,32.830112721417066,5.58239398819109,5.092592592592593,16.512345679012345,0.8990874932903918,0.1610305958132045,3.0730005367686526
265,34.836285560923244,1.402308105206656,32.21953837895867,5.5756843800322065,5.059044551798175,16.431830381105744,1.2412775093934514,0.1610305958132045,3.0730005367686526
