,45,50,51,53,52,55,54,56,57,60,58,59
0,98.10789049919485,1.892109500805153,,,,,,,,,,
1,96.08158883521202,3.9184111647879765,,,,,,,,,,
2,95.99436392914654,4.005636070853462,,,,,,,,,,
3,94.31025228126677,5.689747718733226,,,,,,,,,,
4,94.06870638754697,5.10601180891036,0.6843800322061192,0.14090177133655393,,,,,,,,
5,91.78073000536769,7.4208266237251745,0.6575415995705851,0.14090177133655393,,,,,,,,
6,89.80139559849705,7.997852925389157,2.059849704777241,0.14090177133655393,,,,,,,,
7,89.84165324745035,7.957595276435856,2.059849704777241,0.14090177133655393,,,,,,,,
8,89.69404186795491,8.105206655931294,2.059849704777241,0.14090177133655393,,,,,,,,
9,86.21846484165324,11.520397208803006,1.9457863660762211,0.14090177133655393,0.17444981213097155,,,,,,,
10,86.26543209876543,11.473429951690822,1.9457863660762211,0.14090177133655393,0.17444981213097155,,,,,,,
11,82.53488996242619,7.0450885668276975,10.124798711755233,0.14090177133655393,0.15432098765432098,,,,,,,
12,82.53488996242619,7.0450885668276975,10.124798711755233,0.14090177133655393,0.15432098765432098,,,,,,,
13,82.46779388083736,7.125603864734299,10.111379495437467,0.14090177133655393,0.15432098765432098,,,,,,,
14,80.58910359634997,9.03113258185722,10.084541062801932,0.14090177133655393,0.15432098765432098,,,,,,,
15,80.77697262479872,9.098228663446054,9.829575952764358,0.14090177133655393,0.15432098765432098,,,,,,,
16,80.80381105743425,9.05126140633387,9.829575952764358,0.1274825550187869,0.15432098765432098,0.03354804079441761,,,,,,
17,75.979602791197,13.70101986044015,9.856414385399892,0.1274825550187869,0.15432098765432098,0.06709608158883522,0.11406333870101985,,,,,
18,72.28260869565217,17.52549651100376,9.728931830381105,0.1274825550187869,0.15432098765432098,0.06709608158883522,0.11406333870101985,,,,,
19,71.35668276972625,18.183038110574344,9.997316156736447,0.1274825550187869,0.15432098765432098,0.06709608158883522,0.11406333870101985,,,,,
20,71.32984433709072,18.06226516371444,9.997316156736447,0.27509393451422437,0.15432098765432098,0.06709608158883522,0.11406333870101985,,,,,
21,71.08158883521202,18.035426731078903,10.272410091250672,0.27509393451422437,0.15432098765432098,0.06709608158883522,0.11406333870101985,,,,,
22,71.10842726784756,18.02871712292002,10.104669887278583,0.27509393451422437,0.15432098765432098,0.2147074610842727,0.11406333870101985,,,,,
23,69.61218464841653,17.612721417069242,12.171229200214707,0.27509393451422437,,0.2147074610842727,0.11406333870101985,,,,,
24,67.53891572732152,19.665861513687602,12.191358024691358,0.27509393451422437,,0.2147074610842727,0.11406333870101985,,,,,
25,67.58588298443371,19.6256038647343,12.184648416532475,0.27509393451422437,,0.2147074610842727,0.11406333870101985,,,,,
26,67.58588298443371,19.558507783145465,12.177938808373591,0.27509393451422437,,0.2147074610842727,0.1878690284487386,,,,,
27,67.5925925925926,19.55179817498658,12.177938808373591,0.27509393451422437,,0.2147074610842727,0.1878690284487386,,,,,
28,67.223564143854,18.4044551798175,13.600375738056897,0.27509393451422437,,0.27509393451422437,0.1878690284487386,0.03354804079441761,,,,
29,67.21014492753623,18.370907139023082,11.963231347289318,0.27509393451422437,,0.30864197530864196,1.8384326355340848,0.03354804079441761,,,,
30,64.52630166398282,21.014492753623188,11.714975845410628,0.27509393451422437,,0.30864197530864196,2.1269457863660763,0.03354804079441761,,,,
31,64.3317230273752,18.129361245303276,13.788244766505636,0.27509393451422437,0.9728931830381106,0.2616747181964573,2.1604938271604937,0.08051529790660225,,,,
32,64.4122383252818,18.10252281266774,13.741277509393452,0.27509393451422437,0.966183574879227,0.2616747181964573,2.1604938271604937,0.08051529790660225,,,,
33,64.34514224369296,18.209876543209877,13.6406333870102,0.27509393451422437,0.966183574879227,0.2885131508319914,2.1604938271604937,0.11406333870101985,,,,
34,63.768115942028984,18.59903381642512,12.95625335480408,0.27509393451422437,1.6908212560386473,0.2616747181964573,2.1604938271604937,0.2885131508319914,,,,
35,63.808373590982285,17.54562533548041,13.996242619431026,0.27509393451422437,1.6908212560386473,0.23483628556092323,2.1604938271604937,0.2885131508319914,,,,
36,61.38620504562534,20.417337627482556,13.7211486849168,0.16774020397208803,1.6572732152442298,0.20128824476650564,2.1604938271604937,0.2885131508319914,,,,
37,61.3996242619431,20.40391841116479,13.533279656468062,0.16774020397208803,1.6572732152442298,0.38915727321524424,2.1604938271604937,0.2885131508319914,,,,
38,61.20504562533548,20.564949006977994,13.493022007514762,0.16774020397208803,1.7176596886741815,0.4025764895330113,2.1604938271604937,0.2885131508319914,,,,
39,58.4272678475577,23.275630703166936,13.486312399355878,0.16774020397208803,1.7914653784219001,0.4025764895330113,2.1604938271604937,0.2885131508319914,,,,
40,57.407407407407405,22.148416532474503,15.60654857756307,0.16774020397208803,1.7914653784219001,0.4025764895330113,2.187332259796028,0.2885131508319914,,,,
41,57.447665056360705,22.108158883521202,15.60654857756307,0.16774020397208803,1.7914653784219001,0.4025764895330113,2.187332259796028,0.2885131508319914,,,,
42,54.95169082125604,21.87332259796028,16.867954911433173,0.16774020397208803,3.4957058507783145,0.2683843263553409,2.100107353730542,0.27509393451422437,,,,
43,54.97852925389157,21.846484165324746,16.74718196457327,0.16774020397208803,3.4957058507783145,0.2683843263553409,2.100107353730542,0.39586688137412773,,,,
44,54.891304347826086,21.886741814278047,16.75389157273215,0.16774020397208803,3.4688674181427803,0.30864197530864196,2.100107353730542,0.4227053140096618,,,,
45,52.180622651637144,24.630971551261407,16.7337627482555,0.16774020397208803,3.4688674181427803,0.30864197530864196,2.086688137412775,0.4227053140096618,,,,
46,51.09366612989801,22.940150295222757,19.55179817498658,0.16774020397208803,3.4286097691894795,0.30864197530864196,2.086688137412775,0.4227053140096618,,,,
47,48.86607622114869,25.187869028448738,19.53166935050993,0.16774020397208803,3.4286097691894795,0.30864197530864196,2.086688137412775,0.4227053140096618,,,,
48,47.86634460547504,26.214439076757916,19.53166935050993,0.16774020397208803,3.4017713365539453,0.30864197530864196,2.086688137412775,0.4227053140096618,,,,
49,47.436929683306495,24.261943102522814,21.900161030595815,0.19457863660762212,3.4017713365539453,0.30864197530864196,2.073268921095008,0.4227053140096618,,,,
50,47.54428341384863,24.194847020933977,21.833064949006978,0.19457863660762212,3.4017713365539453,0.30864197530864196,2.100107353730542,0.4227053140096618,,,,
51,47.50402576489533,24.241814278046164,21.81964573268921,0.2281266774020397,3.4017713365539453,0.30864197530864196,2.073268921095008,0.4227053140096618,,,,
52,47.41009125067096,24.3894256575416,21.77938808373591,0.2281266774020397,3.388352120236178,0.30864197530864196,2.073268921095008,0.4227053140096618,,,,
53,47.436929683306495,24.335748792270532,21.77938808373591,0.2281266774020397,3.388352120236178,0.33548040794417605,2.073268921095008,0.4227053140096618,,,,
54,45.10198604401503,26.69753086419753,21.752549651100377,0.2281266774020397,3.388352120236178,0.33548040794417605,2.073268921095008,0.4227053140096618,,,,
55,45.169082125603865,26.549919484702095,21.72571121846484,0.2281266774020397,3.4957058507783145,0.33548040794417605,2.073268921095008,0.4227053140096618,,,,
56,43.63258185721954,26.435856146001072,23.235373054213635,0.20799785292538917,3.4957058507783145,0.4428341384863124,2.046430488459474,0.5032206119162641,,,,
57,42.25711218464841,26.939076757917338,23.047504025764894,1.5163714439076759,3.2541599570585076,0.4428341384863124,2.0263016639828235,0.5032206119162641,0.013419216317767043,,,
58,42.29736983360172,26.952495974235106,22.993827160493826,1.5163714439076759,3.2541599570585076,0.4428341384863124,2.0263016639828235,0.5032206119162641,0.013419216317767043,,,
59,40.98899624261943,28.113258185721953,22.993827160493826,1.5163714439076759,3.4017713365539453,0.4428341384863124,2.0263016639828235,0.5032206119162641,0.013419216317767043,,,
60,40.385131508319915,27.502683843263554,24.261943102522814,1.5163714439076759,3.374932903918411,0.41599570585077833,2.0263016639828235,0.5032206119162641,0.013419216317767043,,,
61,40.39855072463768,27.388620504562535,24.235104669887278,1.5096618357487923,3.421900161030596,0.5099302200751477,2.0263016639828235,0.49651100375738055,0.013419216317767043,,,
62,38.808373590982285,29.066022544283413,24.14787976382179,1.5096618357487923,3.4017713365539453,0.5300590445517982,2.0263016639828235,0.49651100375738055,0.013419216317767043,,,
63,37.19806763285024,29.965110037573805,24.9194847020934,1.5096618357487923,3.3413848631239937,0.5300590445517982,2.0263016639828235,0.49651100375738055,0.013419216317767043,,,
64,22.926731078904993,60.07112184648417,10.876274825550189,1.5096618357487923,3.0394524959742353,0.15432098765432098,1.3150831991411702,0.0939345142243693,0.013419216317767043,,,
65,23.007246376811594,59.836285560923244,10.903113258185721,1.6170155662909287,3.026033279656468,0.1878690284487386,1.3150831991411702,0.0939345142243693,0.013419216317767043,,,
66,23.181696188942567,59.64170692431562,10.258990874932904,1.6170155662909287,3.7104133118625873,0.1878690284487386,1.3150831991411702,0.07380568974771873,0.013419216317767043,,,
67,23.295759527643586,59.45383789586688,10.258990874932904,1.6170155662909287,3.7104133118625873,0.2616747181964573,1.3150831991411702,0.07380568974771873,0.013419216317767043,,,
68,23.32259796027912,57.306763285024154,10.23215244229737,1.6170155662909287,3.7104133118625873,2.395330112721417,1.3150831991411702,0.08722490606548577,0.013419216317767043,,,
69,23.463499731615673,57.22624798711755,10.23215244229737,1.6170155662909287,3.670155662909286,2.395330112721417,1.2949543746645196,0.08722490606548577,0.013419216317767043,,,
70,23.564143853998928,57.058507783145465,10.165056360708535,1.6170155662909287,3.670155662909286,2.462426194310252,1.2949543746645196,0.15432098765432098,0.013419216317767043,,,
71,23.423242082662373,57.2061191626409,10.165056360708535,1.6170155662909287,3.670155662909286,2.462426194310252,1.288244766505636,0.15432098765432098,0.013419216317767043,,,
72,23.315888352120236,57.25308641975309,10.225442834138486,1.6170155662909287,3.670155662909286,2.462426194310252,1.288244766505636,0.15432098765432098,0.013419216317767043,,,
73,20.75281803542673,59.695383789586685,10.245571658615138,1.6170155662909287,3.670155662909286,2.563070316693505,1.288244766505636,0.15432098765432098,0.013419216317767043,,,
74,20.71256038647343,59.695383789586685,10.218733225979603,1.6170155662909287,3.7372517444981215,2.563070316693505,1.288244766505636,0.15432098765432098,0.013419216317767043,,,
75,20.705850778314545,63.39237788513151,7.695920558239399,1.583467525496511,3.052871712292002,2.563070316693505,0.8990874932903918,0.0939345142243693,0.013419216317767043,,,
76,20.73268921095008,60.869565217391305,7.709339774557166,1.7713365539452497,3.012614063338701,4.898013955984971,0.8990874932903918,0.0939345142243693,0.013419216317767043,,,
77,20.779656468062264,60.03086419753087,7.675791733762749,1.8183038110574343,3.012614063338701,4.898013955984971,1.6774020397208802,0.0939345142243693,0.013419216317767043,,,
78,20.78636607622115,60.017444981213096,7.648953301127214,1.8183038110574343,3.012614063338701,4.931561996779388,1.6774020397208802,0.0939345142243693,0.013419216317767043,,,
79,20.94068706387547,59.90338164251208,7.648953301127214,1.7914653784219001,3.012614063338701,4.918142780461621,1.6774020397208802,0.0939345142243693,0.013419216317767043,,,
80,20.954106280193237,59.88996242619431,7.648953301127214,1.7914653784219001,3.012614063338701,4.891304347826087,1.6774020397208802,0.0939345142243693,0.013419216317767043,0.026838432635534086,,
81,21.081588835212024,59.76918947933441,7.628824476650563,1.7847557702630166,3.012614063338701,4.911433172302737,1.6774020397208802,0.0939345142243693,0.013419216317767043,0.026838432635534086,,
82,20.511272141706925,60.929951690821255,7.105475040257649,1.7310789049919484,3.012614063338701,4.904723564143854,1.6706924315619969,0.0939345142243693,0.013419216317767043,0.026838432635534086,,
83,19.95437466451959,59.004294149221685,9.561191626409018,1.7176596886741815,2.945517981749866,5.01207729468599,1.6706924315619969,0.0939345142243693,0.013419216317767043,0.026838432635534086,,
84,18.411164787976382,55.501878690284485,11.748523886205046,1.7176596886741815,2.945517981749866,7.729468599033816,1.6639828234031133,0.24154589371980675,0.013419216317767043,0.026838432635534086,,
85,18.531937734836287,55.421363392377884,11.714975845410628,1.7176596886741815,2.9388083735909825,7.729468599033816,1.6639828234031133,0.24154589371980675,0.013419216317767043,0.026838432635534086,,
86,18.592324208266238,55.152979066022546,11.272141706924316,1.7042404723564144,3.569511540526033,7.763016639828234,1.6639828234031133,0.24154589371980675,0.013419216317767043,0.026838432635534086,,
87,18.605743424584006,55.152979066022546,11.258722490606548,1.7042404723564144,3.569511540526033,7.555018786902845,1.6237251744498122,0.24154589371980675,0.013419216317767043,0.27509393451422437,,
88,17.713365539452496,54.06602254428341,13.043478260869565,1.6572732152442298,3.569511540526033,7.716049382716049,1.6639828234031133,0.28180354267310787,0.013419216317767043,0.27509393451422437,,
89,17.840848094471284,52.42887815351583,12.942834138486312,1.6572732152442298,3.569511540526033,9.326355340848094,1.6639828234031133,0.28180354267310787,0.013419216317767043,0.27509393451422437,,
90,17.941492216854535,52.31481481481482,12.942834138486312,1.6572732152442298,3.556092324208266,9.312936124530328,1.6639828234031133,0.28180354267310787,0.013419216317767043,0.3153515834675255,,
91,17.23027375201288,53.274288781535155,12.567096081588835,1.6572732152442298,3.556092324208266,9.453837895866881,1.6505636070853462,0.28180354267310787,0.013419216317767043,0.3153515834675255,,
92,12.04374664519592,61.18491680085883,11.272141706924316,1.6237251744498122,2.006172839506173,9.66183574879227,1.6103059581320451,0.2683843263553409,0.013419216317767043,0.3153515834675255,,
93,11.956521739130435,60.08454106280193,14.224369296833064,0.38915727321524424,1.4761137949543746,9.749060654857756,1.5230810520665594,0.2683843263553409,0.013419216317767043,0.3153515834675255,,
94,11.922973698336017,59.796027911969944,14.204240472356414,0.7246376811594203,1.4761137949543746,9.75577026301664,1.4492753623188406,0.2683843263553409,0.08722490606548577,0.3153515834675255,,
95,11.916264090177133,59.648416532474506,14.163982823403114,0.7246376811594203,1.4761137949543746,9.749060654857756,1.6170155662909287,0.2683843263553409,0.08722490606548577,0.3488996242619431,,
96,11.956521739130435,57.30005367686527,14.06333870101986,0.6843800322061192,3.488996242619431,9.742351046698873,2.059849704777241,0.2683843263553409,0.08722490606548577,0.3488996242619431,,
97,12.00348899624262,57.18599033816425,14.06333870101986,0.6843800322061192,3.488996242619431,9.809447128287708,2.059849704777241,0.2683843263553409,0.08722490606548577,0.3488996242619431,,
98,11.976650563607086,56.816961889425656,14.049919484702093,0.6843800322061192,3.7573805689747717,9.621578099838969,2.0531400966183573,0.30864197530864196,0.08722490606548577,0.644122383252818,,
99,11.98336017176597,56.64922168545357,14.016371443907676,0.7246376811594203,3.7573805689747717,9.762479871175524,2.033011272141707,0.3421900161030596,0.08722490606548577,0.644122383252818,,
100,12.077294685990339,56.56870638754697,13.982823403113258,0.7246376811594203,3.7573805689747717,9.782608695652174,2.033011272141707,0.3421900161030596,0.08722490606548577,0.644122383252818,,
101,12.117552334943639,56.50831991411702,14.023081052066559,0.7246376811594203,3.7573805689747717,9.762479871175524,2.033011272141707,0.3421900161030596,0.08722490606548577,0.644122383252818,,
102,12.191358024691358,54.750402576489535,14.023081052066559,0.7246376811594203,3.7573805689747717,11.419753086419753,2.033011272141707,0.32877079978529256,0.08722490606548577,0.6843800322061192,,
103,12.245034889962426,54.26060118089104,14.002952227589908,0.7246376811594203,3.7238325281803544,11.889425657541599,2.033011272141707,0.32877079978529256,0.10735373054213634,0.6843800322061192,,
104,12.258454106280194,51.98604401502952,13.895598497047773,0.7246376811594203,3.7238325281803544,14.304884594739667,2.0263016639828235,0.2885131508319914,0.10735373054213634,0.6843800322061192,,
105,12.345679012345679,51.878690284487384,13.875469672571121,0.7246376811594203,3.7238325281803544,14.418947933440688,1.9860440150295222,0.2885131508319914,0.10735373054213634,0.6508319914117016,,
106,11.426462694578637,50.85882984433709,13.647342995169081,0.7246376811594203,5.870907139023081,14.439076757917338,1.9860440150295222,0.2885131508319914,0.10735373054213634,0.6508319914117016,,
107,11.533816425120772,50.77831454643049,13.593666129898015,0.7246376811594203,5.870907139023081,14.459205582393988,2.0128824476650564,0.2683843263553409,0.10735373054213634,0.6508319914117016,,
108,11.574074074074074,50.76489533011272,13.593666129898015,0.7246376811594203,5.870907139023081,14.439076757917338,2.0128824476650564,0.2683843263553409,0.10735373054213634,0.644122383252818,,
109,11.614331723027375,50.75147611379496,13.539989264626946,0.7246376811594203,5.870907139023081,14.439076757917338,2.0128824476650564,0.2952227589908749,0.10735373054213634,0.644122383252818,,
110,11.761943102522812,50.536768652710684,13.419216317767042,0.7246376811594203,5.870907139023081,14.51959205582394,2.1604938271604937,0.2952227589908749,0.10735373054213634,0.6038647342995169,,
111,11.802200751476114,50.09393451422437,13.39237788513151,0.7246376811594203,5.964841653247451,14.855072463768115,2.1604938271604937,0.2952227589908749,0.10735373054213634,0.6038647342995169,,
112,11.83574879227053,50.067096081588836,13.39237788513151,0.7246376811594203,5.958132045088567,14.720880300590446,2.2946859903381642,0.2952227589908749,0.10735373054213634,0.6038647342995169,,
113,11.876006441223833,49.973161567364464,13.39237788513151,0.7246376811594203,5.891035963499732,14.720880300590446,2.2946859903381642,0.41599570585077833,0.10735373054213634,0.6038647342995169,,
114,12.016908212560386,49.85909822866345,13.372249060654857,0.7179280730005367,5.891035963499732,14.720880300590446,2.2946859903381642,0.41599570585077833,0.10735373054213634,0.6038647342995169,,
115,12.177938808373591,49.75174449812131,13.358829844337091,0.7112184648416533,5.891035963499732,14.65378421900161,2.2611379495437465,0.48980139559849706,0.10735373054213634,0.5971551261406334,,
116,12.29200214707461,49.71819645732689,13.311862587224907,0.7112184648416533,5.891035963499732,14.620236178207193,2.2611379495437465,0.48980139559849706,0.10735373054213634,0.5971551261406334,,
117,12.117552334943639,49.53703703703704,13.365539452495975,1.5163714439076759,5.884326355340848,14.593397745571659,1.8250134192163177,0.4562533548040794,0.10735373054213634,0.5971551261406334,,
118,12.144390767579173,49.53703703703704,13.365539452495975,1.5163714439076759,5.884326355340848,14.566559312936125,1.8250134192163177,0.4562533548040794,0.10735373054213634,0.5971551261406334,,
119,12.25174449812131,49.3894256575416,13.318572195383789,1.5163714439076759,5.884326355340848,14.546430488459475,1.8250134192163177,0.5636070853462157,0.10735373054213634,0.5971551261406334,,
120,12.385936661298981,49.29549114331723,13.318572195383789,1.5163714439076759,5.884326355340848,14.506172839506172,1.8250134192163177,0.5636070853462157,0.10735373054213634,0.5971551261406334,,
121,12.446323134728932,49.040526033279654,13.318572195383789,2.0933977455716586,5.884326355340848,14.056629092860977,1.8250134192163177,0.5501878690284487,0.10735373054213634,0.5837359098228664,0.0939345142243693,
122,12.526838432635534,49.00697799248524,13.271604938271604,2.0933977455716586,5.884326355340848,14.056629092860977,1.8250134192163177,0.5501878690284487,0.10735373054213634,0.5837359098228664,0.0939345142243693,
123,12.654320987654321,48.91304347826087,13.24476650563607,2.0665593129361244,5.911164787976382,14.049919484702093,1.8250134192163177,0.5501878690284487,0.10735373054213634,0.5837359098228664,0.0939345142243693,
124,12.70799785292539,48.8593666129898,13.24476650563607,2.0665593129361244,5.911164787976382,14.049919484702093,1.8250134192163177,0.5501878690284487,0.10735373054213634,0.5837359098228664,0.0939345142243693,
125,12.828770799785293,48.60440150295223,13.197799248523886,2.0665593129361244,5.911164787976382,14.210950080515298,1.8518518518518519,0.5434782608695652,0.10735373054213634,0.5837359098228664,0.0939345142243693,
126,12.895866881374127,47.86634460547504,13.197799248523886,2.0665593129361244,5.649490069779925,14.9020397208803,1.8518518518518519,0.785024154589372,0.10735373054213634,0.5837359098228664,0.0939345142243693,
127,12.962962962962964,47.82608695652174,13.197799248523886,2.0665593129361244,5.703166935050993,14.9020397208803,1.778046162104133,0.7783145464304885,0.10735373054213634,0.5837359098228664,0.0939345142243693,
128,12.942834138486312,47.73215244229737,13.18438003220612,2.0665593129361244,5.703166935050993,14.99597423510467,1.8115942028985508,0.7783145464304885,0.10735373054213634,0.5837359098228664,0.0939345142243693,
129,13.056897477187333,47.61808910359635,13.170960815888352,2.0665593129361244,5.689747718733226,15.022812667740205,1.8115942028985508,0.7783145464304885,0.10735373054213634,0.5837359098228664,0.0939345142243693,
130,13.077026301663983,47.416800858829845,13.137412775093935,2.0665593129361244,5.689747718733226,15.237520128824476,1.8384326355340848,0.7514761137949544,0.10735373054213634,0.5837359098228664,0.0939345142243693,
131,12.962962962962964,46.765968867418145,13.875469672571121,2.0665593129361244,5.689747718733226,15.210681696188942,1.892109500805153,0.7514761137949544,0.10735373054213634,0.5837359098228664,0.0939345142243693,
132,12.72812667740204,47.336285560923244,13.526570048309178,2.0665593129361244,5.689747718733226,15.22410091250671,1.892109500805153,0.7514761137949544,0.10735373054213634,0.5837359098228664,0.0939345142243693,
133,12.211486849168008,45.94068706387547,15.780998389694043,2.0665593129361244,5.152979066022544,15.418679549114332,1.892109500805153,0.7514761137949544,0.10735373054213634,0.5837359098228664,0.0939345142243693,
134,11.990069779924852,44.02844873859367,16.800858829844337,1.9122383252818036,5.152979066022544,16.700214707461082,1.892109500805153,0.7380568974771873,0.10735373054213634,0.5837359098228664,0.0939345142243693,
135,12.010198604401502,43.974771873322595,16.740472356414386,1.9122383252818036,5.152979066022544,16.67337627482555,1.8853998926462694,0.7380568974771873,0.10735373054213634,0.5837359098228664,0.2214170692431562,
136,12.057165861513688,43.63929146537842,16.70692431561997,2.059849704777241,5.12614063338701,16.874664519592056,1.8853998926462694,0.7380568974771873,0.10735373054213634,0.5837359098228664,0.2214170692431562,
137,12.218196457326892,43.605743424584006,16.6129898013956,2.059849704777241,5.112721417069243,16.854535695115406,1.8853998926462694,0.7380568974771873,0.10735373054213634,0.5837359098228664,0.2214170692431562,
138,12.198067632850242,43.17632850241546,16.586151368760063,2.0933977455716586,5.186527106816962,17.24369296833065,1.865271068169619,0.7380568974771873,0.10735373054213634,0.5837359098228664,0.2214170692431562,
139,12.27187332259796,43.02871712292002,16.5727321524423,2.0933977455716586,5.186527106816962,17.223564143854,1.9793344068706387,0.7313472893183038,0.10735373054213634,0.5837359098228664,0.2214170692431562,
140,12.372517444981213,42.99516908212561,16.552603327965645,2.0799785292538915,5.186527106816962,17.196725711218466,1.9793344068706387,0.7313472893183038,0.10735373054213634,0.5837359098228664,0.2147074610842727,
141,12.52012882447665,42.954911433172306,16.505636070853463,2.0799785292538915,5.186527106816962,17.136339237788512,1.9793344068706387,0.7313472893183038,0.10735373054213634,0.5837359098228664,0.2147074610842727,
142,12.627482555018787,42.8341384863124,16.378153515834676,2.0799785292538915,5.186527106816962,17.20343531937735,2.0531400966183573,0.7313472893183038,0.10735373054213634,0.5837359098228664,0.2147074610842727,
143,12.694578636607622,42.7938808373591,16.35131508319914,2.0799785292538915,5.260332796564681,17.20343531937735,2.0531400966183573,0.7313472893183038,0.03354804079441761,0.5837359098228664,0.2147074610842727,
144,12.741545893719806,42.639559849704774,16.304347826086957,2.0799785292538915,5.260332796564681,17.330917874396135,2.0531400966183573,0.7581857219538379,0.03354804079441761,0.5837359098228664,0.2147074610842727,
145,12.600644122383253,41.67337627482555,16.163446054750402,1.3217928073000538,9.950348899624261,15.351583467525497,1.8115942028985508,0.5703166935050993,0.03354804079441761,0.30864197530864196,0.2147074610842727,
146,12.681159420289855,41.626409017713364,16.14331723027375,1.3217928073000538,9.936929683306495,15.351583467525497,1.8115942028985508,0.5703166935050993,0.03354804079441761,0.30864197530864196,0.2147074610842727,
147,12.788513150831992,41.59286097691895,16.109769189479334,1.3217928073000538,9.936929683306495,15.311325818572195,1.8115942028985508,0.5703166935050993,0.03354804079441761,0.30864197530864196,0.2147074610842727,
148,12.842190016103059,41.606280193236714,16.029253891572733,1.3217928073000538,9.930220075147611,15.304616210413311,1.8115942028985508,0.5971551261406334,0.03354804079441761,0.30864197530864196,0.2147074610842727,
149,12.889157273215245,41.55931293612453,16.029253891572733,1.3217928073000538,9.930220075147611,15.304616210413311,1.8115942028985508,0.5971551261406334,0.03354804079441761,0.30864197530864196,0.2147074610842727,
150,12.902576489533011,41.4922168545357,16.029253891572733,1.3217928073000538,9.829575952764358,15.35829307568438,1.8115942028985508,0.5971551261406334,0.13419216317767044,0.30864197530864196,0.2147074610842727,
151,13.009930220075148,41.30434782608695,15.995705850778315,1.3217928073000538,9.71551261406334,15.391841116478798,1.892109500805153,0.5971551261406334,0.24825550187869028,0.30864197530864196,0.2147074610842727,
152,13.09044551798175,41.08964036500269,15.982286634460548,1.3217928073000538,9.621578099838969,15.526033279656469,1.9390767579173376,0.5971551261406334,0.30864197530864196,0.30864197530864196,0.2147074610842727,
153,10.581052066559312,48.07434245840043,13.070316693505099,1.4559849704777241,8.722490606548577,15.311325818572195,1.4626945786366077,0.48980139559849706,0.30864197530864196,0.30864197530864196,0.2147074610842727,
154,10.111379495437467,47.36983360171766,14.667203435319378,1.1607622114868492,8.68894256575416,15.250939345142244,1.4626945786366077,0.4227053140096618,0.3421900161030596,0.30864197530864196,0.2147074610842727,
155,10.285829307568438,47.336285560923244,14.65378421900161,1.1607622114868492,8.648684916800859,15.163714439076758,1.4626945786366077,0.4227053140096618,0.3421900161030596,0.30864197530864196,0.2147074610842727,
156,10.379763821792807,47.128287707997856,14.546430488459475,1.1607622114868492,8.621846484165324,15.33816425120773,1.4626945786366077,0.49651100375738055,0.3421900161030596,0.30864197530864196,0.2147074610842727,
157,10.44015029522276,47.094739667203434,14.36527106816962,1.1607622114868492,8.608427267847558,15.324745034889963,1.4626945786366077,0.6776704240472357,0.3421900161030596,0.30864197530864196,0.2147074610842727,
158,10.534084809447128,47.04106280193237,14.331723027375201,1.1607622114868492,8.57487922705314,15.123456790123457,1.4626945786366077,0.6776704240472357,0.3421900161030596,0.30864197530864196,0.20128824476650564,0.24154589371980675
159,10.57434245840043,47.00080515297907,14.331723027375201,1.1607622114868492,8.57487922705314,15.11003757380569,1.4626945786366077,0.6776704240472357,0.35560923242082665,0.30864197530864196,0.20128824476650564,0.24154589371980675
160,10.661567364465915,46.91358024691358,14.331723027375201,1.1607622114868492,8.57487922705314,15.11003757380569,1.4626945786366077,0.6776704240472357,0.35560923242082665,0.30864197530864196,0.20128824476650564,0.24154589371980675
161,10.72866344605475,46.81964573268921,14.284755770263017,1.1607622114868492,8.57487922705314,15.096618357487923,1.5499194847020934,0.6776704240472357,0.35560923242082665,0.30864197530864196,0.20128824476650564,0.24154589371980675
162,10.742082662372518,46.786097691894796,14.284755770263017,1.1607622114868492,8.57487922705314,15.116747181964573,1.5499194847020934,0.6776704240472357,0.35560923242082665,0.30864197530864196,0.20128824476650564,0.24154589371980675
163,10.621309715512615,45.58507783145464,14.264626945786366,1.1540526033279657,8.57487922705314,14.55984970477724,3.455448201825013,0.6776704240472357,0.35560923242082665,0.30864197530864196,0.20128824476650564,0.24154589371980675
164,10.701825013419215,45.51798174986581,14.251207729468598,1.1540526033279657,8.57487922705314,14.55984970477724,3.455448201825013,0.6776704240472357,0.35560923242082665,0.30864197530864196,0.20128824476650564,0.24154589371980675
165,10.748792270531402,45.4374664519592,14.231078904991948,1.1540526033279657,8.568169618894256,14.620236178207193,3.455448201825013,0.6776704240472357,0.35560923242082665,0.30864197530864196,0.20128824476650564,0.24154589371980675
166,10.82259796027912,45.370370370370374,14.204240472356414,1.1540526033279657,8.568169618894256,14.640365002683843,3.455448201825013,0.6776704240472357,0.35560923242082665,0.30864197530864196,0.20128824476650564,0.24154589371980675
167,10.916532474503489,45.34353193773484,14.13714439076758,1.1540526033279657,8.568169618894256,14.660493827160494,3.455448201825013,0.6776704240472357,0.35560923242082665,0.30864197530864196,0.18115942028985507,0.24154589371980675
168,11.030595813204508,45.3166935050993,13.976113794954374,1.1540526033279657,8.548040794417606,14.61352657004831,3.455448201825013,0.8185721953837896,0.35560923242082665,0.30864197530864196,0.18115942028985507,0.24154589371980675
169,10.88298443370907,45.309983896940416,13.47289318303811,2.4825550187869028,8.165593129361245,14.224369296833064,3.3950617283950617,0.8789586688137413,0.4562533548040794,0.30864197530864196,0.18115942028985507,0.24154589371980675
170,10.916532474503489,45.276435856146,13.47289318303811,2.475845410628019,8.158883521202362,14.237788513150832,3.3950617283950617,0.8789586688137413,0.4562533548040794,0.30864197530864196,0.18115942028985507,0.24154589371980675
171,10.809178743961352,43.585614600107355,13.285024154589372,3.9989264626945786,8.145464304884594,14.002952227589908,4.079441760601181,0.8789586688137413,0.4562533548040794,0.30864197530864196,0.18115942028985507,0.2683843263553409
172,10.876274825550189,43.53864734299517,13.258185721953838,3.9989264626945786,8.11862587224906,13.982823403113258,4.066022544283414,0.9460547504025765,0.4562533548040794,0.30864197530864196,0.18115942028985507,0.2683843263553409
173,10.983628556092324,43.4447128287708,13.231347289318304,3.9452495974235107,8.11862587224906,13.94927536231884,4.166666666666667,0.9460547504025765,0.4562533548040794,0.30864197530864196,0.18115942028985507,0.2683843263553409
174,11.124530327428879,43.37090713902308,13.22463768115942,3.9452495974235107,8.085077831454644,13.922436929683306,4.139828234031133,0.9460547504025765,0.4562533548040794,0.30864197530864196,0.18115942028985507,0.2952227589908749
175,11.191626409017713,43.283682232957595,13.22463768115942,3.9452495974235107,8.085077831454644,13.90901771336554,4.17337627482555,0.9460547504025765,0.4562533548040794,0.30864197530864196,0.18115942028985507,0.2952227589908749
176,11.218464841653248,43.283682232957595,13.20450885668277,3.9452495974235107,8.085077831454644,13.875469672571121,4.200214707461084,0.9460547504025765,0.4562533548040794,0.30864197530864196,0.18115942028985507,0.2952227589908749
177,11.312399355877616,43.25684380032206,13.177670424047236,3.9452495974235107,8.038110574342458,13.841921631776705,4.200214707461084,0.9863123993558777,0.4562533548040794,0.30864197530864196,0.18115942028985507,0.2952227589908749
178,11.419753086419753,43.17632850241546,13.157541599570585,3.9318303811057436,8.017981749865807,13.875469672571121,4.200214707461084,0.9863123993558777,0.43612453032742887,0.30864197530864196,0.19457863660762212,0.2952227589908749
179,11.332528180354267,43.162909286097694,13.144122383252817,3.9184111647879765,7.997852925389157,13.989533011272142,4.200214707461084,0.9863123993558777,0.4428341384863124,0.30864197530864196,0.19457863660762212,0.322061191626409
180,11.406333870101985,43.12936124530327,13.144122383252817,3.9184111647879765,7.997852925389157,13.989533011272142,4.159957058507783,0.9863123993558777,0.4428341384863124,0.30864197530864196,0.19457863660762212,0.322061191626409
181,11.574074074074074,43.00858829844337,13.144122383252817,3.9184111647879765,7.991143317230274,13.962694578636608,4.159957058507783,0.9863123993558777,0.4428341384863124,0.30864197530864196,0.18115942028985507,0.322061191626409
182,11.634460547504025,42.99516908212561,13.097155126140633,3.9184111647879765,7.991143317230274,13.962694578636608,4.159957058507783,0.9863123993558777,0.4428341384863124,0.30864197530864196,0.18115942028985507,0.322061191626409
183,11.748523886205046,42.92807300053677,13.036768652710682,3.9184111647879765,7.977724100912507,13.895598497047773,4.086151368760064,1.0332796564680622,0.4428341384863124,0.4294149221685454,0.18115942028985507,0.322061191626409
184,11.829039184111648,42.92807300053677,12.99651100375738,3.9184111647879765,7.9039184111647875,13.875469672571121,4.086151368760064,1.0332796564680622,0.49651100375738055,0.4294149221685454,0.18115942028985507,0.322061191626409
185,11.855877616747183,42.914653784219,12.989801395598498,3.9184111647879765,7.863660762211487,13.875469672571121,4.086151368760064,1.06682769726248,0.49651100375738055,0.4294149221685454,0.18115942028985507,0.322061191626409
186,11.90955448201825,42.84755770263017,12.983091787439614,3.616478797638218,7.836822329575953,14.224369296833064,4.086151368760064,1.06682769726248,0.49651100375738055,0.4294149221685454,0.18115942028985507,0.322061191626409
187,11.996779388083736,42.55904455179817,12.909286097691895,3.616478797638218,8.07836822329576,14.257917337627482,4.086151368760064,1.06682769726248,0.49651100375738055,0.4294149221685454,0.18115942028985507,0.322061191626409
188,12.037037037037036,42.25711218464841,12.875738056897477,4.086151368760064,7.937466451959206,14.412238325281804,4.166666666666667,0.798443370907139,0.49651100375738055,0.4294149221685454,0.18115942028985507,0.322061191626409
189,12.104133118625873,42.169887278582934,12.875738056897477,4.086151368760064,7.937466451959206,14.439076757917338,4.166666666666667,0.798443370907139,0.49651100375738055,0.4227053140096618,0.18115942028985507,0.322061191626409
190,11.81561996779388,41.358024691358025,12.31213097155126,6.179549114331723,7.924047235641439,13.083735909822867,4.4820182501341925,1.4224369296833066,0.49651100375738055,0.4227053140096618,0.18115942028985507,0.322061191626409
191,11.876006441223833,41.237251744498124,12.305421363392378,6.152710681696189,8.031400966183575,13.070316693505099,4.4820182501341925,1.4224369296833066,0.49651100375738055,0.4227053140096618,0.18115942028985507,0.322061191626409
192,12.06387546967257,40.94873859366613,12.23161567364466,6.152710681696189,8.024691358024691,13.251476113794954,4.4820182501341925,1.4224369296833066,0.49651100375738055,0.4227053140096618,0.18115942028985507,0.322061191626409
193,12.097423510466989,40.79441760601181,12.211486849168008,6.166129898013956,8.011272141706923,13.39237788513151,4.4820182501341925,1.4224369296833066,0.49651100375738055,0.4227053140096618,0.18115942028985507,0.322061191626409
194,12.198067632850242,40.50590445517982,12.191358024691358,6.166129898013956,7.971014492753623,13.385668276972625,4.703435319377348,1.4224369296833066,0.5300590445517982,0.4227053140096618,0.18115942028985507,0.322061191626409
195,12.285292538915728,40.49919484702093,12.191358024691358,6.139291465378422,7.944176060118089,13.372249060654857,4.690016103059581,1.4224369296833066,0.5300590445517982,0.4227053140096618,0.18115942028985507,0.322061191626409
196,12.338969404186795,39.34514224369297,11.641170155662909,6.125872249060655,9.634997316156737,13.33870101986044,4.683306494900698,1.4358561460010735,0.5300590445517982,0.4227053140096618,0.18115942028985507,0.322061191626409
197,12.365807836822329,39.231078904991946,11.574074074074074,6.239935587761675,9.5276435856146,13.20450885668277,4.824208266237251,1.5297906602254427,0.6374127750939346,0.36231884057971014,0.18115942028985507,0.322061191626409
198,12.446323134728932,39.07675791733763,11.553945249597424,6.239935587761675,9.473966720343531,13.352120236178207,4.750402576489533,1.5297906602254427,0.6374127750939346,0.36231884057971014,0.18115942028985507,0.39586688137412773
199,12.379227053140097,38.94927536231884,10.61460010735373,5.911164787976382,11.023886205045626,13.331991411701557,4.7168545356951155,1.4626945786366077,0.6374127750939346,0.36231884057971014,0.18115942028985507,0.4294149221685454
200,12.191358024691358,38.6406333870102,10.61460010735373,5.911164787976382,11.05072463768116,12.781803542673108,5.984970477724101,1.4626945786366077,0.6374127750939346,0.36231884057971014,0.0939345142243693,0.2683843263553409
201,12.278582930756844,38.47289318303811,10.601180891035963,5.911164787976382,11.030595813204508,12.788513150831992,6.099033816425121,1.4559849704777241,0.6374127750939346,0.36231884057971014,0.0939345142243693,0.2683843263553409
202,12.345679012345679,38.425925925925924,10.567632850241546,5.911164787976382,11.057434245840042,12.775093934514224,6.099033816425121,1.4559849704777241,0.6374127750939346,0.36231884057971014,0.0939345142243693,0.2683843263553409
203,12.473161567364466,38.405797101449274,10.50053676865271,5.904455179817498,11.057434245840042,12.741545893719806,6.099033816425121,1.4559849704777241,0.6374127750939346,0.36231884057971014,0.0939345142243693,0.2683843263553409
204,12.493290391841116,38.405797101449274,10.359634997316157,5.904455179817498,11.044015029522276,12.902576489533011,6.072195383789587,1.4559849704777241,0.6374127750939346,0.36231884057971014,0.0939345142243693,0.2683843263553409
205,12.526838432635534,38.28502415458937,10.359634997316157,6.6827697262479875,11.044015029522276,12.318840579710145,5.998389694041868,1.4559849704777241,0.6374127750939346,0.32877079978529256,0.0939345142243693,0.2683843263553409
206,12.620772946859903,38.258185721953836,10.332796564680622,6.6827697262479875,11.044015029522276,12.278582930756844,5.971551261406334,1.4559849704777241,0.6374127750939346,0.32877079978529256,0.0939345142243693,0.2952227589908749
207,12.74825550187869,38.258185721953836,10.319377348362856,6.6827697262479875,11.030595813204508,12.177938808373591,5.971551261406334,1.4559849704777241,0.6374127750939346,0.32877079978529256,0.0939345142243693,0.2952227589908749
208,12.822061191626409,38.217928073000536,10.319377348362856,6.662640901771336,10.976918947933441,12.184648416532475,5.9447128287707995,1.4559849704777241,0.6642512077294686,0.32877079978529256,0.0939345142243693,0.32877079978529256
209,12.681159420289855,36.761943102522814,10.285829307568438,6.561996779388084,12.962962962962964,12.02361782071927,5.9447128287707995,1.4559849704777241,0.5703166935050993,0.32877079978529256,0.0939345142243693,0.32877079978529256
210,12.775093934514224,36.69484702093398,10.285829307568438,6.561996779388084,12.915995705850777,12.04374664519592,5.9447128287707995,1.4559849704777241,0.5703166935050993,0.32877079978529256,0.0939345142243693,0.32877079978529256
211,12.674449812130971,36.171497584541065,10.185185185185185,8.943907675791733,12.902576489533011,12.00348899624262,4.455179817498658,1.442565754159957,0.5703166935050993,0.32877079978529256,0.0939345142243693,0.2281266774020397
