,45,50,55,51,53,54,57,56,58,52,59
0,99.42297369833602,0.5770263016639828,,,,,,,,,
1,99.08078368223296,0.9192163177670424,,,,,,,,,
2,98.81239935587762,1.1876006441223832,,,,,,,,,
3,97.95356951154052,2.046430488459474,,,,,,,,,
4,80.50187869028449,19.390767579173378,0.10735373054213634,,,,,,,,
5,79.48201825013419,20.41062801932367,0.10735373054213634,,,,,,,,
6,79.56253354804079,20.33011272141707,0.10735373054213634,,,,,,,,
7,78.72383252818035,21.121846484165324,0.10735373054213634,0.04696725711218465,,,,,,,
8,74.59071390230811,25.214707461084274,0.14761137949543746,0.04696725711218465,,,,,,,
9,74.06736446591519,25.738056897477186,0.14761137949543746,0.04696725711218465,,,,,,,
10,73.2890499194847,24.349168008588297,2.314814814814815,0.04696725711218465,,,,,,,
11,71.33655394524959,26.31508319914117,2.301395598497048,0.04696725711218465,,,,,,,
12,70.8064949006978,22.020933977455716,1.3016639828234031,0.04696725711218465,5.300590445517981,0.4562533548040794,0.06709608158883522,,,,
13,70.4844337090714,22.208803005904453,1.3016639828234031,0.04696725711218465,5.300590445517981,0.5904455179817498,0.06709608158883522,,,,
14,69.19618894256575,23.43666129898014,1.3821792807300053,0.10735373054213634,5.152979066022544,0.5904455179817498,0.06709608158883522,0.06709608158883522,,,
15,68.5654857756307,23.95330112721417,1.8518518518518519,0.10735373054213634,4.696725711218465,0.5904455179817498,0.06709608158883522,0.06709608158883522,0.10064412238325282,,
16,68.46484165324745,23.637949543746647,1.8518518518518519,0.24154589371980675,4.696725711218465,0.8722490606548577,0.06709608158883522,0.06709608158883522,0.10064412238325282,,
17,62.31884057971015,29.78395061728395,1.8518518518518519,0.24154589371980675,4.696725711218465,0.8722490606548577,0.06709608158883522,0.06709608158883522,0.10064412238325282,,
18,61.808910359635,30.005367686527105,1.8786902844873858,0.2147074610842727,4.663177670424047,1.0064412238325282,0.06709608158883522,0.06709608158883522,0.10064412238325282,0.1878690284487386,
19,62.043746645195924,29.830917874396135,1.8786902844873858,0.2147074610842727,4.602791196994096,1.0064412238325282,0.06709608158883522,0.06709608158883522,0.10064412238325282,0.1878690284487386,
20,55.77026301663983,35.89640365002684,1.932367149758454,0.32877079978529256,4.602791196994096,0.9930220075147611,0.06709608158883522,0.06709608158883522,0.10064412238325282,0.24154589371980675,
21,55.89774557165862,35.66156736446592,2.0397208803005906,0.32877079978529256,4.602791196994096,0.9930220075147611,0.06709608158883522,0.06709608158883522,0.10064412238325282,0.24154589371980675,
22,55.83735909822866,35.34621578099839,2.0397208803005906,0.5703166935050993,4.602791196994096,1.1272141706924315,0.06709608158883522,0.06709608158883522,0.10064412238325282,0.24154589371980675,
23,55.662909286097694,35.38647342995169,2.1135265700483092,0.630703166935051,4.602791196994096,1.0198604401502953,0.06709608158883522,0.17444981213097155,0.10064412238325282,0.24154589371980675,
24,55.723295759527645,35.34621578099839,2.100107353730542,0.630703166935051,4.5960815888352125,1.0198604401502953,0.06709608158883522,0.17444981213097155,0.10064412238325282,0.24154589371980675,
25,55.43478260869565,35.33279656468062,2.4020397208803006,0.6642512077294686,4.5960815888352125,1.0198604401502953,0.06709608158883522,0.17444981213097155,0.10064412238325282,0.20799785292538917,
26,54.8443370907139,34.99060654857756,2.5295222758990876,1.4694041867954912,4.609500805152979,1.0198604401502953,0.06709608158883522,0.17444981213097155,0.10064412238325282,0.19457863660762212,
27,54.750402576489535,35.08454106280193,2.5295222758990876,1.4694041867954912,4.609500805152979,1.0198604401502953,0.06709608158883522,0.17444981213097155,0.10064412238325282,0.19457863660762212,
28,54.79736983360172,33.93048845947396,2.5161030595813205,1.4694041867954912,5.589103596349974,1.0198604401502953,0.06709608158883522,0.17444981213097155,0.24154589371980675,0.19457863660762212,
29,54.6027911969941,34.09151905528717,2.5161030595813205,1.5029522275899088,5.589103596349974,1.0198604401502953,0.06709608158883522,0.17444981213097155,0.24154589371980675,0.19457863660762212,
30,54.119699409554485,31.870638754696724,2.5161030595813205,3.3011272141706924,6.494900697799249,1.0198604401502953,0.06709608158883522,0.17444981213097155,0.24154589371980675,0.19457863660762212,
31,43.63258185721954,40.324745034889965,2.49597423510467,5.146269457863661,6.494900697799249,1.2278582930756843,0.06709608158883522,0.17444981213097155,0.24154589371980675,0.19457863660762212,
32,43.646001073537306,40.17042404723564,2.636876006441224,5.092592592592593,6.347289318303811,1.2278582930756843,0.20799785292538917,0.2281266774020397,0.24825550187869028,0.19457863660762212,
33,43.63258185721954,40.01610305958132,2.8113258185721954,5.005367686527107,6.427804616210413,1.2278582930756843,0.20799785292538917,0.2281266774020397,0.24825550187869028,0.19457863660762212,
34,43.545356951154055,39.90874932903918,2.952227589908749,5.0791733762748255,6.407675791733762,1.2278582930756843,0.20799785292538917,0.2281266774020397,0.24825550187869028,0.19457863660762212,
35,43.51180891035963,39.92887815351583,2.952227589908749,5.0791733762748255,6.501610305958132,1.1741814278046163,0.20799785292538917,0.20128824476650564,0.24825550187869028,0.19457863660762212,
36,42.52549651100376,38.99624261943102,3.0931293612453032,6.944444444444445,6.226516371443908,1.247987117552335,0.20799785292538917,0.19457863660762212,0.36902844873859364,0.19457863660762212,
37,42.572463768115945,38.888888888888886,3.2004830917874396,6.910896403650026,6.213097155126141,1.247987117552335,0.20799785292538917,0.19457863660762212,0.36902844873859364,0.19457863660762212,
38,42.53891572732152,38.75469672571122,3.3682232957595275,6.910896403650026,6.213097155126141,1.247987117552335,0.20799785292538917,0.19457863660762212,0.36902844873859364,0.19457863660762212,
39,42.612721417069245,38.7614063338701,3.3682232957595275,6.884057971014493,6.159420289855072,1.247987117552335,0.20799785292538917,0.19457863660762212,0.36902844873859364,0.19457863660762212,
40,42.77375201288245,38.177670424047236,3.5628019323671496,6.951154052603328,6.374127750939345,1.2010198604401503,0.20128824476650564,0.16774020397208803,0.3488996242619431,0.24154589371980675,
41,42.881105743424584,37.9898013955985,3.730542136339238,6.910896403650026,6.327160493827161,1.2010198604401503,0.20128824476650564,0.16774020397208803,0.3488996242619431,0.24154589371980675,
42,43.042136339237786,37.82877079978529,3.730542136339238,6.910896403650026,6.327160493827161,1.2010198604401503,0.20128824476650564,0.16774020397208803,0.3488996242619431,0.24154589371980675,
43,41.98201825013419,40.21068169618894,3.8580246913580245,5.381105743424584,6.407675791733762,1.2010198604401503,0.20128824476650564,0.16774020397208803,0.3488996242619431,0.24154589371980675,
44,42.24369296833065,39.97584541062802,3.8580246913580245,5.374396135265701,6.387546967257112,1.2010198604401503,0.20128824476650564,0.16774020397208803,0.3488996242619431,0.24154589371980675,
45,41.0024154589372,41.196994095544824,3.851315083199141,5.374396135265701,6.347289318303811,1.2681159420289856,0.20128824476650564,0.16774020397208803,0.3488996242619431,0.24154589371980675,
46,41.1634460547504,41.00912506709608,3.9318303811057436,5.374396135265701,6.333870101986044,1.2278582930756843,0.20128824476650564,0.16774020397208803,0.3488996242619431,0.24154589371980675,
47,41.12989801395599,40.79441760601181,4.025764895330113,5.448201825013419,6.374127750939345,1.2681159420289856,0.20128824476650564,0.16774020397208803,0.3488996242619431,0.24154589371980675,
48,41.176865271068166,39.2914653784219,4.394793344068707,5.448201825013419,7.440955448201825,1.3016639828234031,0.20128824476650564,0.16774020397208803,0.3488996242619431,0.2281266774020397,
49,41.2842190016103,39.10359634997316,4.367954911433173,5.448201825013419,7.440955448201825,1.4224369296833066,0.20128824476650564,0.16774020397208803,0.3488996242619431,0.2147074610842727,
50,41.257380568974774,38.821792807300056,4.555823939881911,5.589103596349974,7.434245840042942,1.4090177133655395,0.20128824476650564,0.16774020397208803,0.3488996242619431,0.2147074610842727,
51,41.33118625872249,38.62050456253355,4.602791196994096,5.629361245303274,7.367149758454106,1.5163714439076759,0.20128824476650564,0.16774020397208803,0.3488996242619431,0.2147074610842727,
52,28.710413311862588,53.30783682232958,4.106280193236715,4.253891572732153,7.367149758454106,1.3687600644122384,0.20128824476650564,0.16774020397208803,0.3488996242619431,0.16774020397208803,
53,27.871712292002147,53.958668813741276,4.260601180891036,4.314278046162104,7.286634460547504,1.3687600644122384,0.20128824476650564,0.11406333870101985,0.3488996242619431,0.27509393451422437,
54,28.093129361245303,53.69028448738594,4.260601180891036,4.30756843800322,7.340311325818572,1.3687600644122384,0.20128824476650564,0.11406333870101985,0.3488996242619431,0.27509393451422437,
55,28.44873859366613,53.24074074074074,4.388083735909823,4.2203435319377345,7.461084272678476,1.3016639828234031,0.20128824476650564,0.11406333870101985,0.3488996242619431,0.27509393451422437,
56,28.23403113258186,53.29441760601181,4.388083735909823,4.2203435319377345,7.561728395061729,1.3016639828234031,0.20128824476650564,0.11406333870101985,0.3488996242619431,0.33548040794417605,
57,28.609769189479334,52.83145464304884,4.636339237788513,4.079441760601181,7.474503488996243,1.3821792807300053,0.1878690284487386,0.11406333870101985,0.3488996242619431,0.33548040794417605,
58,28.985507246376812,52.482555018786904,4.542404723564144,4.079441760601181,7.608695652173913,1.3150831991411702,0.1878690284487386,0.11406333870101985,0.3488996242619431,0.33548040794417605,
59,17.733494363929147,69.24315619967794,2.563070316693505,3.730542136339238,5.287171229200215,0.7648953301127214,0.1878690284487386,0.11406333870101985,0.3488996242619431,0.026838432635534086,
60,16.1231884057971,68.25013419216317,2.636876006441224,6.843800322061192,4.99194847020934,0.5636070853462157,0.1878690284487386,0.11406333870101985,0.2616747181964573,0.026838432635534086,
61,16.411701556629094,67.97504025764896,2.6838432635534084,6.796833064949007,4.99194847020934,0.5636070853462157,0.1878690284487386,0.11406333870101985,0.24825550187869028,0.026838432635534086,
62,16.908212560386474,65.58641975308642,4.569243156199678,6.796833064949007,4.944981213097155,0.5636070853462157,0.1878690284487386,0.11406333870101985,0.24825550187869028,0.08051529790660225,
63,16.74718196457327,53.06629092860977,4.119699409554482,20.538110574342458,4.414922168545357,0.5636070853462157,0.16774020397208803,0.11406333870101985,0.20128824476650564,0.06709608158883522,
64,17.277241009125067,52.46913580246913,4.28743961352657,20.39049919484702,4.3478260869565215,0.5636070853462157,0.16774020397208803,0.2281266774020397,0.20128824476650564,0.06709608158883522,
65,17.344337090713903,52.07326892109501,4.643048845947397,20.363660762211488,4.3478260869565215,0.5636070853462157,0.16774020397208803,0.2281266774020397,0.20128824476650564,0.06709608158883522,
66,17.438271604938272,51.918947933440684,4.663177670424047,20.323403113258184,4.428341384863124,0.5636070853462157,0.16774020397208803,0.2281266774020397,0.20128824476650564,0.06709608158883522,
67,17.619431025228128,51.77804616210413,4.703435319377348,20.128824476650564,4.40150295222759,0.5636070853462157,0.16774020397208803,0.36902844873859364,0.20128824476650564,0.06709608158883522,
68,17.907944176060116,51.50295222758991,4.783950617283951,19.981213097155127,4.388083735909823,0.5636070853462157,0.16774020397208803,0.43612453032742887,0.20128824476650564,0.06709608158883522,
69,18.00187869028449,51.15405260332797,5.032206119162641,19.83360171765969,4.388083735909823,0.6105743424584005,0.16774020397208803,0.5434782608695652,0.20128824476650564,0.06709608158883522,
70,17.814009661835748,49.21497584541063,5.287171229200215,19.77992485238862,5.971551261406334,0.8387010198604401,0.16774020397208803,0.5434782608695652,0.3153515834675255,0.06709608158883522,
71,17.975040257648953,48.87278582930757,5.414653784219001,19.57192699946323,5.971551261406334,0.9728931830381106,0.16774020397208803,0.6709608158883521,0.3153515834675255,0.06709608158883522,
72,18.297101449275363,48.63794954374664,5.407944176060118,19.49141170155663,5.971551261406334,0.9728931830381106,0.16774020397208803,0.6709608158883521,0.3153515834675255,0.06709608158883522,
73,18.753354804079443,48.18840579710145,5.367686527106817,19.363929146537842,5.971551261406334,0.9863123993558777,0.16774020397208803,0.8185721953837896,0.3153515834675255,0.06709608158883522,
74,18.552066559312937,47.48389694041868,6.233225979602791,18.988191089640367,5.609232420826624,0.9863123993558777,0.03354804079441761,0.7514761137949544,0.23483628556092323,1.1272141706924315,
75,18.71309715512614,47.36312399355877,6.233225979602791,18.947933440687063,5.609232420826624,0.9863123993558777,0.03354804079441761,0.7514761137949544,0.23483628556092323,1.1272141706924315,
76,19.008319914117017,47.034353193773484,6.9243156199677935,18.47826086956522,5.448201825013419,0.8521202361782072,0.03354804079441761,0.8588298443370908,0.23483628556092323,1.1272141706924315,
77,19.14922168545357,46.92699946323135,6.951154052603328,18.38432635534085,5.387815351583468,0.8521202361782072,0.03354804079441761,0.95276435856146,0.23483628556092323,1.1272141706924315,
78,19.618894256575416,46.47745571658615,7.179280730005368,18.02871712292002,5.387815351583468,0.8454106280193237,0.03354804079441761,1.06682769726248,0.23483628556092323,1.1272141706924315,
79,19.867149758454108,46.15539452495974,7.27992485238862,18.015297906602253,5.387815351583468,0.8454106280193237,0.03354804079441761,1.06682769726248,0.2214170692431562,1.1272141706924315,
80,19.98792270531401,45.93397745571659,7.232957595276436,17.840848094471284,5.46833064949007,0.8454106280193237,0.03354804079441761,1.3083735909822867,0.2214170692431562,1.1272141706924315,
81,19.83360171765969,43.35748792270532,6.729736983360172,17.773752012882447,8.715780998389693,0.9057971014492754,0.03354804079441761,1.3016639828234031,0.2214170692431562,1.1272141706924315,
82,20.075147611379496,43.08239398819109,6.89747718733226,17.70665593129361,8.588298443370908,0.9057971014492754,0.08051529790660225,1.3620504562533549,0.2214170692431562,1.0802469135802468,
83,20.303274288781534,43.01529790660226,6.796833064949007,17.652979066022546,8.628556092324208,0.8588298443370908,0.08051529790660225,1.3620504562533549,0.2214170692431562,1.0802469135802468,
84,20.41062801932367,42.860976918947934,6.78341384863124,17.652979066022546,8.447396672034353,0.8588298443370908,0.20799785292538917,1.3620504562533549,0.33548040794417605,1.0802469135802468,
85,20.759527643585614,42.55904455179817,6.763285024154589,17.57246376811594,8.433977455716587,0.9259259259259259,0.20799785292538917,1.3620504562533549,0.33548040794417605,1.0802469135802468,
86,20.665593129361245,42.619431025228124,6.830381105743425,17.51207729468599,8.427267847557703,0.9259259259259259,0.20799785292538917,1.3955984970477724,0.33548040794417605,1.0802469135802468,
87,20.491143317230275,42.32420826623725,7.454374664519592,17.371175523349436,8.427267847557703,0.9259259259259259,0.20799785292538917,1.3352120236178207,0.33548040794417605,1.1272141706924315,
88,20.638754696725712,42.13633923778851,7.581857219538379,17.10950080515298,8.581588835212024,0.9259259259259259,0.20799785292538917,1.3754696725711217,0.33548040794417605,1.107085346215781,
89,21.121846484165324,41.53918411164788,7.991143317230274,16.894793344068706,8.568169618894256,0.9125067096081588,0.1878690284487386,1.3419216317767042,0.33548040794417605,1.107085346215781,
90,21.35668276972625,41.44524959742351,7.977724100912507,16.80756843800322,8.527911969940956,0.9125067096081588,0.1878690284487386,1.3419216317767042,0.33548040794417605,1.107085346215781,
91,21.772678475577028,41.10976918947934,7.803274288781535,16.80756843800322,8.621846484165324,0.9125067096081588,0.1878690284487386,1.3419216317767042,0.33548040794417605,1.107085346215781,
92,21.67874396135266,40.89506172839506,7.897208803005904,16.888083735909824,8.601717659688674,0.9125067096081588,0.1878690284487386,1.4962426194310252,0.33548040794417605,1.107085346215781,
93,21.631776704240472,40.62667740203972,7.816693505099302,15.526033279656469,9.836285560923242,0.9125067096081588,0.1878690284487386,2.01959205582394,0.33548040794417605,1.107085346215781,
94,21.67874396135266,40.58641975308642,7.816693505099302,15.432098765432098,9.802737520128824,0.9125067096081588,0.3153515834675255,2.01959205582394,0.32877079978529256,1.107085346215781,
95,21.517713365539453,39.95571658615137,7.763016639828234,15.277777777777779,10.037573805689748,0.9125067096081588,0.3153515834675255,2.0933977455716586,0.32877079978529256,1.7981749865807837,
96,21.564680622651636,39.774557165861516,7.749597423510467,15.257648953301127,10.071121846484166,0.9125067096081588,0.3153515834675255,2.0933977455716586,0.32877079978529256,1.932367149758454,
97,21.886741814278047,39.48604401502952,7.675791733762749,14.962426194310252,9.943639291465379,1.3016639828234031,0.3757380568974772,2.1940418679549114,0.32877079978529256,1.8451422436929683,
98,21.89345142243693,39.392109500805155,7.628824476650563,14.962426194310252,9.420289855072463,1.5767579173376274,0.8051529790660226,2.187332259796028,0.32877079978529256,1.8048845947396672,
99,22.10144927536232,39.20424047235642,7.608695652173913,14.915458937198068,9.46725711218465,1.5767579173376274,0.8051529790660226,2.187332259796028,0.32877079978529256,1.8048845947396672,
100,22.208803005904453,38.969404186795494,7.890499194847021,14.861782071927,9.366612989801396,1.6572732152442298,0.8051529790660226,2.073268921095008,0.32877079978529256,1.8384326355340848,
101,22.188674181427803,38.768115942028984,7.96430488459474,14.848362855609233,9.54777241009125,1.7176596886741815,0.7514761137949544,2.073268921095008,0.32877079978529256,1.8115942028985508,
102,22.383252818035427,38.425925925925924,8.09849704777241,14.781266774020397,9.520933977455716,1.9189479334406871,0.7514761137949544,2.046430488459474,0.32877079978529256,1.7444981213097155,
103,21.980676328502415,37.97638217928073,8.09849704777241,14.774557165861514,9.494095544820183,1.9189479334406871,0.7514761137949544,2.046430488459474,0.32877079978529256,2.6301663982823404,
104,21.531132581857218,36.533816425120776,7.991143317230274,16.6935050993022,9.312936124530328,2.1806226516371443,0.7514761137949544,2.046430488459474,0.32877079978529256,2.6301663982823404,
105,21.833064949006978,36.090982286634464,8.017981749865807,16.63311862587225,9.453837895866881,2.214170692431562,0.7514761137949544,2.046430488459474,0.32877079978529256,2.6301663982823404,
106,21.953837895866883,36.010466988727856,8.011272141706923,16.63311862587225,9.433709071390231,2.167203435319377,0.8387010198604401,1.9927536231884058,0.32877079978529256,2.6301663982823404,
107,21.618357487922705,35.67498658078368,8.004562533548041,16.606280193236714,8.527911969940956,3.81105743424584,0.8387010198604401,1.9927536231884058,0.32877079978529256,2.5966183574879227,
108,21.450617283950617,35.64143853998927,7.937466451959206,16.445249597423512,8.568169618894256,4.032474503488996,0.8387010198604401,2.1604938271604937,0.32877079978529256,2.5966183574879227,
109,21.68545356951154,35.37305421363392,8.017981749865807,16.358024691358025,8.61513687600644,4.032474503488996,0.8387010198604401,2.1604938271604937,0.32877079978529256,2.589908749329039,
110,21.91358024691358,34.876543209876544,8.21256038647343,15.92860976918948,8.655394524959743,4.066022544283414,0.8387010198604401,2.589908749329039,0.32877079978529256,2.589908749329039,
111,21.598228663446054,34.50080515297907,7.930756843800322,10.701825013419215,8.608427267847558,4.079441760601181,0.8387010198604401,1.0064412238325282,0.4092860976918948,10.326086956521738,
112,21.67874396135266,34.27938808373591,8.185721953837897,10.674986580783683,8.59500805152979,4.045893719806763,0.9057971014492754,1.0064412238325282,0.4092860976918948,10.218733225979603,
113,21.598228663446054,34.044551798174986,8.199141170155663,10.789049919484702,8.440687063875469,3.9855072463768115,1.0265700483091786,1.1205045625335481,0.36231884057971014,10.433440687063875,
114,21.611647879763822,33.984165324745035,8.158883521202362,10.775630703166936,8.440687063875469,4.086151368760064,1.0265700483091786,1.1205045625335481,0.36231884057971014,10.433440687063875,
115,21.638486312399355,33.60842726784756,8.373590982286634,10.68840579710145,8.53462157809984,4.213633923778851,1.0265700483091786,1.1205045625335481,0.36231884057971014,10.433440687063875,
116,21.980676328502415,33.40713902308105,8.373590982286634,10.587761674718196,8.588298443370908,4.186795491143317,1.0265700483091786,1.1205045625335481,0.36231884057971014,10.36634460547504,
117,22.23564143853999,33.25281803542673,8.319914117015566,10.57434245840043,8.548040794417606,4.1532474503489,1.0265700483091786,1.1674718196457328,0.36231884057971014,10.359634997316157,
118,22.24235104669887,33.091787439613526,8.57487922705314,10.520665593129362,8.501073537305421,4.1532474503489,1.0265700483091786,1.1674718196457328,0.36231884057971014,10.359634997316157,
119,19.209608158883523,28.488996242619432,6.937734836285561,23.047504025764894,6.206387546967257,3.4420289855072466,1.0265700483091786,0.9326355340848095,0.36231884057971014,10.34621578099839,
120,19.370638754696724,27.925389157273216,7.561728395061729,22.69189479334407,6.119162640901771,3.5829307568438002,1.1406333870101986,0.9326355340848095,0.36231884057971014,10.312667740203972,
121,19.665861513687602,27.831454643048847,7.581857219538379,22.571121846484164,6.179549114331723,3.5829307568438002,1.1406333870101986,0.8051529790660226,0.36231884057971014,10.279119699409554,
122,19.880568974771872,27.80461621041331,7.635534084809447,22.436929683306495,6.179549114331723,3.5628019323671496,1.1406333870101986,0.8051529790660226,0.322061191626409,10.23215244229737,
123,19.98792270531401,27.84487385936661,7.601986044015029,22.363123993558776,6.172839506172839,3.5628019323671496,1.1272141706924315,0.8051529790660226,0.4562533548040794,10.077831454643048,
124,19.97450348899624,27.79790660225443,7.702630166398282,22.342995169082126,6.219806763285024,3.535963499731616,1.1272141706924315,0.7648953301127214,0.4562533548040794,10.077831454643048,
125,19.83360171765969,27.449006977992486,7.796564680622652,22.839506172839506,6.052066559312936,3.603059581320451,1.1272141706924315,0.7648953301127214,0.4562533548040794,10.077831454643048,
126,19.847020933977454,27.254428341384862,8.038110574342458,22.779119699409556,6.052066559312936,3.603059581320451,1.1272141706924315,0.7648953301127214,0.4562533548040794,10.077831454643048,
127,20.316693505099302,26.972624798711756,7.944176060118089,22.57783145464305,5.924584004294149,3.784219001610306,1.1272141706924315,0.8319914117015567,0.4562533548040794,10.064412238325282,
128,20.128824476650564,25.684380032206118,7.950885668276973,22.208803005904453,7.48792270531401,3.824476650563607,1.1272141706924315,1.0198604401502953,0.4562533548040794,10.111379495437467,
129,20.189210950080515,25.275093934514224,8.199141170155663,22.188674181427803,7.7898550724637685,3.6500268384326353,1.1272141706924315,1.0735373054213635,0.4562533548040794,10.050993022007514,
130,20.417337627482556,25.234836285560924,8.13875469672571,22.114868491680085,7.7898550724637685,3.6500268384326353,1.1272141706924315,1.0735373054213635,0.4562533548040794,9.997316156736447,
131,20.21604938271605,24.9597423510467,8.13875469672571,22.591250670960815,7.7898550724637685,3.6500268384326353,1.1272141706924315,1.0735373054213635,0.5233494363929146,9.930220075147611,
132,20.316693505099302,24.89935587761675,8.044820182501342,22.5577026301664,7.85024154589372,3.7037037037037037,1.1137949543746646,1.0735373054213635,0.6642512077294686,9.77589908749329,
133,20.249597423510465,24.738325281803544,7.9106280193236715,22.497316156736446,7.709339774557166,3.9586688137412773,1.1137949543746646,1.1674718196457328,0.9326355340848095,9.722222222222221,
134,20.316693505099302,24.644390767579175,8.024691358024691,22.309447128287708,7.675791733762749,4.032474503488996,1.1137949543746646,1.1540526033279657,0.9326355340848095,9.796027911969942,
135,20.014761137949545,23.96672034353194,7.957595276435856,23.503757380568974,7.635534084809447,3.978797638217928,1.1137949543746646,1.1540526033279657,0.9326355340848095,9.742351046698873,
136,19.92753623188406,23.812399355877616,7.9106280193236715,23.564143853998928,7.742887815351583,4.0995705850778315,1.1137949543746646,1.1540526033279657,0.9326355340848095,9.742351046698873,
137,20.088566827697264,23.785560923242084,7.971014492753623,23.396403650026837,7.742887815351583,4.072732152442297,1.1137949543746646,1.1540526033279657,0.9326355340848095,9.742351046698873,
138,19.565217391304348,23.315888352120236,7.830112721417069,20.564949006977994,8.333333333333334,4.019055287171229,0.5233494363929146,1.0735373054213635,0.7179280730005367,14.056629092860977,
139,20.021470746108427,23.201825013419217,7.823403113258186,20.46430488459474,8.252818035426731,4.03918411164788,0.5233494363929146,0.9930220075147611,0.7045088566827697,13.976113794954374,
140,20.242887815351583,23.10789049919485,7.722758990874933,20.44417606011809,8.407139023081053,3.9989264626945786,0.5233494363929146,0.9930220075147611,0.6910896403650026,13.868760064412239,
141,20.477724100912507,22.973698336017176,7.776435856146001,20.25630703166935,8.3467525496511,4.052603327965647,0.5233494363929146,1.0802469135802468,0.7112184648416533,13.761406333870102,0.040257648953301126
142,20.611916264090176,22.497316156736446,7.48792270531401,20.189210950080515,8.340042941492216,4.99194847020934,0.5233494363929146,1.0802469135802468,0.7112184648416533,13.526570048309178,0.040257648953301126
143,21.054750402576488,22.36983360171766,7.695920558239399,19.679280730005367,8.400429414922169,4.951690821256038,0.5233494363929146,1.0802469135802468,0.7112184648416533,13.493022007514762,0.040257648953301126
144,20.873590982286636,22.29602791196994,8.232689210950081,19.243156199677937,8.641975308641975,5.092592592592593,0.5233494363929146,1.1003757380568975,0.7112184648416533,13.24476650563607,0.040257648953301126
145,21.007783145464305,22.22222222222222,8.219269994632313,19.122383252818036,8.521202361782072,5.314009661835748,0.5233494363929146,1.1003757380568975,0.7112184648416533,13.217928073000536,0.040257648953301126
146,20.74610842726785,21.973966720343533,8.132045088566828,18.766774020397207,8.246108427267847,5.374396135265701,0.36902844873859364,1.1003757380568975,0.644122383252818,14.606816961889425,0.040257648953301126
147,20.92055823939882,21.75925925925926,8.319914117015566,18.63929146537842,8.145464304884594,5.488459473966721,0.36902844873859364,1.1003757380568975,0.644122383252818,14.573268921095009,0.040257648953301126
148,20.377079978529252,20.001341921631777,7.333601717659689,23.51046698872786,7.856951154052603,4.294149221685454,0.5099302200751477,1.0802469135802468,0.6977992485238862,14.298174986580785,0.040257648953301126
149,20.638754696725712,19.981213097155127,7.333601717659689,23.161567364465917,7.769726247987117,4.374664519592056,0.5099302200751477,1.221148684916801,0.6977992485238862,14.27133655394525,0.040257648953301126
150,20.7662372517445,19.961084272678477,7.326892109500805,22.987117552334944,7.769726247987117,4.374664519592056,0.5099302200751477,1.3016639828234031,0.6977992485238862,14.264626945786366,0.040257648953301126
151,20.98094471282877,19.685990338164252,7.25979602791197,22.33628556092324,8.682232957595277,4.26731078904992,0.5099302200751477,1.3016639828234031,0.6977992485238862,14.237788513150832,0.040257648953301126
152,21.027911969940956,19.578636607622116,7.25979602791197,22.450348899624263,8.635265700483092,4.260601180891036,0.5099302200751477,1.3016639828234031,0.6977992485238862,14.237788513150832,0.040257648953301126
153,20.994363929146537,19.545088566827697,7.232957595276436,22.342995169082126,8.628556092324208,4.414922168545357,0.5099302200751477,1.3754696725711217,0.6977992485238862,14.217659688674182,0.040257648953301126
154,20.98094471282877,19.41760601180891,7.427536231884058,22.302737520128826,8.628556092324208,4.280730005367687,0.5099302200751477,1.3754696725711217,0.6977992485238862,14.338432635534085,0.040257648953301126
155,21.36339237788513,19.363929146537842,7.427536231884058,22.148416532474503,8.225979602791197,4.327697262479871,0.5099302200751477,1.3687600644122384,0.798443370907139,14.42565754159957,0.040257648953301126
156,21.524422973698336,19.33709071390231,7.514761137949543,21.920289855072465,8.165593129361245,4.394793344068707,0.6642512077294686,1.3687600644122384,0.798443370907139,14.27133655394525,0.040257648953301126
157,21.64519592055824,19.33709071390231,7.387278582930757,21.752549651100377,8.179012345679013,4.367954911433173,0.6642512077294686,1.6035963499731616,0.798443370907139,14.224369296833064,0.040257648953301126
158,21.940418679549115,19.243156199677937,7.219538378958669,21.73913043478261,8.179012345679013,4.488727858293076,0.6642512077294686,1.6035963499731616,0.7514761137949544,14.130434782608695,0.040257648953301126
159,22.249060654857757,19.02173913043478,7.27992485238862,21.792807300053678,8.13875469672571,4.488727858293076,0.6642512077294686,1.6035963499731616,0.7514761137949544,13.969404186795492,0.040257648953301126
160,21.564680622651636,18.47826086956522,7.0450885668276975,24.053945249597422,7.776435856146001,4.253891572732153,0.6508319914117016,1.4559849704777241,0.7514761137949544,13.92914653784219,0.040257648953301126
161,21.64519592055824,18.377616747181964,7.018250134192163,23.946591519055286,7.877079978529254,4.334406870638754,0.6508319914117016,1.442565754159957,0.7514761137949544,13.915727321524423,0.040257648953301126
162,21.477455716586153,18.297101449275363,7.313472893183038,23.778851315083198,7.763016639828234,4.28743961352657,0.7045088566827697,1.5230810520665594,0.7514761137949544,14.06333870101986,0.040257648953301126
163,21.484165324745035,18.35077831454643,7.313472893183038,23.711755233494365,7.763016639828234,4.260601180891036,0.6910896403650026,1.5767579173376274,0.7514761137949544,14.056629092860977,0.040257648953301126
164,21.74584004294149,18.250134192163177,7.387278582930757,23.698336017176597,7.581857219538379,4.3545356951154055,0.644122383252818,1.5633387010198605,0.7380568974771873,13.996242619431026,0.040257648953301126
165,21.866612989801396,18.109232420826622,7.37385936661299,23.450080515297905,7.924047235641439,4.3545356951154055,0.644122383252818,1.5633387010198605,0.7112184648416533,13.962694578636608,0.040257648953301126
166,21.89345142243693,18.109232420826622,7.440955448201825,23.34272678475577,7.883789586688137,4.327697262479871,0.7112184648416533,1.5633387010198605,0.7112184648416533,13.976113794954374,0.040257648953301126
167,22.208803005904453,18.095813204508858,7.427536231884058,23.289049919484704,7.803274288781535,4.320987654320987,0.7112184648416533,1.5297906602254427,0.7112184648416533,13.862050456253355,0.040257648953301126
168,22.322866344605476,17.92807300053677,7.360440150295223,23.1280193236715,7.742887815351583,4.28743961352657,0.8990874932903918,1.482823403113258,0.6977992485238862,14.110305958132045,0.040257648953301126
169,22.477187332259795,17.881105743424584,7.407407407407407,23.05421363392378,7.769726247987117,4.253891572732153,0.8990874932903918,1.5029522275899088,0.7581857219538379,13.955984970477724,0.040257648953301126
170,22.530864197530864,17.860976918947934,7.4006977992485234,22.946859903381643,7.763016639828234,4.253891572732153,0.8990874932903918,1.6237251744498122,0.7581857219538379,13.922436929683306,0.040257648953301126
171,22.457058507783145,17.867686527106816,7.387278582930757,22.86634460547504,7.856951154052603,4.253891572732153,0.8990874932903918,1.751207729468599,0.7581857219538379,13.862050456253355,0.040257648953301126
172,22.886473429951693,17.773752012882447,7.347020933977456,22.65163714439077,7.7898550724637685,4.233762748255502,0.8990874932903918,1.8384326355340848,0.7581857219538379,13.781535158346752,0.040257648953301126
173,22.913311862587225,17.619431025228128,7.48792270531401,22.477187332259795,7.7898550724637685,4.367954911433173,0.8990874932903918,1.8384326355340848,0.7581857219538379,13.808373590982287,0.040257648953301126
174,23.295759527643586,17.559044551798173,7.367149758454106,22.27589908749329,7.863660762211487,4.3545356951154055,0.8990874932903918,1.8250134192163177,0.7581857219538379,13.761406333870102,0.040257648953301126
175,23.2085346215781,17.498658078368223,7.360440150295223,22.168545356951153,7.883789586688137,4.502147074610843,0.8789586688137413,1.9457863660762211,0.7581857219538379,13.754696725711218,0.040257648953301126
176,23.34272678475577,17.398013955984972,7.273215244229737,22.18196457326892,7.883789586688137,4.575952764358561,0.8789586688137413,1.9457863660762211,0.7581857219538379,13.7211486849168,0.040257648953301126
177,23.369565217391305,17.317498658078367,7.266505636070853,22.12157809983897,8.05823939881911,4.575952764358561,0.8789586688137413,1.9457863660762211,0.8319914117015567,13.593666129898015,0.040257648953301126
178,23.66478797638218,17.3040794417606,7.226247987117552,21.83977455716586,8.125335480407944,4.562533548040794,0.8454106280193237,2.046430488459474,0.8319914117015567,13.513150831991412,0.040257648953301126
179,23.389694041867955,17.223564143854,7.118894256575416,21.054750402576488,8.125335480407944,5.850778314546431,0.8454106280193237,1.9860440150295222,0.8319914117015567,13.533279656468062,0.040257648953301126
180,23.47691894793344,17.143048845947398,7.118894256575416,21.041331186258724,8.125335480407944,5.837359098228664,0.8454106280193237,1.9860440150295222,0.8319914117015567,13.553408480944713,0.040257648953301126
181,23.926462694578635,16.820987654320987,7.105475040257649,21.014492753623188,8.125335480407944,5.837359098228664,0.7648953301127214,1.9793344068706387,0.8319914117015567,13.553408480944713,0.040257648953301126
182,23.93317230273752,16.80756843800322,7.206119162640902,20.88030059044552,8.192431561996779,5.8239398819108965,0.9057971014492754,1.9793344068706387,0.8319914117015567,13.399087493290391,0.040257648953301126
183,24.168008588298445,16.59957058507783,7.434245840042942,20.652173913043477,8.165593129361245,5.931293612453032,0.9057971014492754,2.073268921095008,0.8319914117015567,13.197799248523886,0.040257648953301126
184,24.396135265700483,16.525764895330113,7.474503488996243,20.497852925389157,8.125335480407944,5.931293612453032,1.0534084809447128,2.073268921095008,0.7716049382716049,13.110574342458401,0.040257648953301126
185,23.98684916800859,15.693773483628556,7.4208266237251745,20.397208803005906,9.608158883521202,5.8172302737520125,1.288244766505636,2.073268921095008,0.7716049382716049,12.902576489533011,0.040257648953301126
186,23.946591519055286,15.673644659151906,7.407407407407407,20.33011272141707,9.695383789586689,5.904455179817498,1.2748255501878691,2.073268921095008,0.7581857219538379,12.895866881374127,0.040257648953301126
187,24.08749329039184,15.693773483628556,7.407407407407407,20.068438003220614,9.554482018250134,5.783682232957595,1.3955984970477724,2.26784755770263,0.7581857219538379,12.942834138486312,0.040257648953301126
188,24.288781535158346,15.693773483628556,7.407407407407407,19.867149758454108,9.433709071390231,5.783682232957595,1.3955984970477724,2.428878153515835,0.8923778851315083,12.76838432635534,0.040257648953301126
189,24.342458400429415,16.49892646269458,7.340311325818572,19.30354267310789,9.306226516371444,5.797101449275362,1.3955984970477724,2.3215244229736984,0.8923778851315083,12.761674718196458,0.040257648953301126
190,24.516908212560388,16.438539989264626,7.313472893183038,19.26328502415459,9.386741814278047,5.776972624798712,1.4626945786366077,2.3215244229736984,0.8923778851315083,12.587224906065487,0.040257648953301126
191,24.46323134728932,16.358024691358025,7.481213097155126,19.16935050993022,9.54777241009125,5.776972624798712,1.4626945786366077,2.3215244229736984,0.8923778851315083,12.486580783682234,0.040257648953301126
192,24.44310252281267,16.210413311862588,7.595276435856146,19.196188942565755,9.554482018250134,5.763553408480945,1.4358561460010735,2.4221685453569513,0.8789586688137413,12.4597423510467,0.040257648953301126
193,24.785292538915726,16.109769189479334,7.555018786902845,18.98148148148148,9.473966720343531,5.924584004294149,1.4358561460010735,2.462426194310252,0.8588298443370908,12.372517444981213,0.040257648953301126
194,24.966451959205582,16.10305958132045,7.695920558239399,18.853998926462694,9.373322597960279,5.911164787976382,1.4559849704777241,2.462426194310252,0.8454106280193237,12.29200214707461,0.040257648953301126
195,25.15432098765432,16.076221148684915,7.695920558239399,18.780193236714975,9.326355340848094,5.911164787976382,1.4492753623188406,2.4490069779924855,0.8454106280193237,12.27187332259796,0.040257648953301126
196,25.36231884057971,16.035963499731615,7.803274288781535,18.780193236714975,9.245840042941492,5.884326355340848,1.4492753623188406,2.428878153515835,0.8454106280193237,12.124261943102523,0.040257648953301126
197,25.53676865271068,15.868223295759528,7.803274288781535,18.605743424584006,9.245840042941492,5.864197530864198,1.4492753623188406,2.428878153515835,0.8454106280193237,12.31213097155126,0.040257648953301126
198,25.657541599570585,15.861513687600644,7.742887815351583,18.5654857756307,9.23913043478261,5.904455179817498,1.4492753623188406,2.428878153515835,0.8454106280193237,12.265163714439076,0.040257648953301126
199,25.939345142243692,15.767579173376275,7.742887815351583,18.552066559312937,9.252549651100376,5.904455179817498,1.442565754159957,2.4825550187869028,0.8387010198604401,12.037037037037036,0.040257648953301126
200,26.1808910359635,15.445517981749866,7.856951154052603,18.54535695115405,9.31964573268921,5.870907139023081,1.442565754159957,2.4825550187869028,0.8387010198604401,11.976650563607086,0.040257648953301126
201,26.382179280730007,15.425389157273216,7.836822329575953,18.377616747181964,9.292807300053678,5.917874396135265,1.442565754159957,2.475845410628019,0.8387010198604401,11.969940955448202,0.040257648953301126
202,26.174181427804616,15.230810520665592,7.823403113258186,18.5252281266774,9.46725711218465,6.025228126677402,1.442565754159957,2.475845410628019,0.8387010198604401,11.956521739130435,0.040257648953301126
203,26.29495437466452,15.163714439076758,7.7898550724637685,18.344068706387546,9.514224369296834,6.025228126677402,1.42914653784219,2.623456790123457,0.8252818035426731,11.949812130971551,0.040257648953301126
204,26.39559849704777,15.170424047235642,7.722758990874933,18.303811057434245,9.695383789586689,6.025228126677402,1.42914653784219,2.5026838432635534,0.8252818035426731,11.889425657541599,0.040257648953301126
205,26.737788513150832,15.063070316693505,7.716049382716049,18.203166935050994,9.648416532474503,5.984970477724101,1.5767579173376274,2.4892646269457863,0.8252818035426731,11.714975845410628,0.040257648953301126
206,26.858561460010737,14.888620504562533,7.682501341921632,18.035426731078903,9.695383789586689,6.219806763285024,1.5767579173376274,2.5429414922168547,0.8252818035426731,11.634460547504025,0.040257648953301126
207,27.073268921095007,14.794685990338165,7.64224369296833,17.901234567901234,9.621578099838969,6.219806763285024,1.5767579173376274,2.717391304347826,0.8252818035426731,11.54723564143854,0.08051529790660225
208,27.388620504562535,14.78797638217928,7.555018786902845,17.807300053676865,9.574610842726784,6.266774020397209,1.5767579173376274,2.6435856146001075,0.8252818035426731,11.493558776167472,0.08051529790660225
209,27.636876006441224,14.694041867954912,7.555018786902845,17.733494363929147,9.54777241009125,6.266774020397209,1.5297906602254427,2.6435856146001075,0.8252818035426731,11.486849168008588,0.08051529790660225
