,45,50,51,52,53,55,54,56,60,57,58,59,62,61,63
0,99.33574879227054,0.6642512077294686,,,,,,,,,,,,,
1,98.49033816425121,1.482823403113258,0.026838432635534086,,,,,,,,,,,,
2,97.78582930756843,2.120236178207193,0.06038647342995169,0.020128824476650563,0.013419216317767043,,,,,,,,,,
3,97.33628556092324,2.5429414922168547,0.08722490606548577,0.020128824476650563,0.013419216317767043,,,,,,,,,,
4,95.86017176596887,3.992216854535695,0.10064412238325282,0.020128824476650563,0.026838432635534086,,,,,,,,,,
5,86.8491680085883,12.882447665056361,0.1610305958132045,0.020128824476650563,0.05367686527106817,0.03354804079441761,,,,,,,,,
6,86.20504562533549,13.372249060654857,0.24825550187869028,0.020128824476650563,0.06038647342995169,0.08722490606548577,0.0067096081588835215,,,,,,,,
7,85.82259796027913,13.714439076757918,0.2683843263553409,0.020128824476650563,0.06038647342995169,0.10735373054213634,0.0067096081588835215,,,,,,,,
8,84.78931830381106,13.90901771336554,1.0198604401502953,0.04696725711218465,0.06038647342995169,0.16774020397208803,0.0067096081588835215,,,,,,,,
9,82.43424584004295,16.13660762211487,1.0869565217391304,0.05367686527106817,0.06038647342995169,0.20128824476650564,0.026838432635534086,,,,,,,,
10,67.512077294686,30.83064949006978,1.1205045625335481,0.04696725711218465,0.04696725711218465,0.39586688137412773,0.04696725711218465,,,,,,,,
11,67.03569511540526,31.092324208266238,1.1406333870101986,0.10735373054213634,0.04696725711218465,0.5300590445517982,0.04696725711218465,,,,,,,,
12,52.341653247450346,45.82662372517445,0.785024154589372,0.14761137949543746,0.026838432635534086,0.8252818035426731,0.04696725711218465,,,,,,,,
13,52.12023617820719,45.21604938271605,0.7716049382716049,0.14761137949543746,0.08051529790660225,1.6170155662909287,0.04696725711218465,,,,,,,,
14,51.58346752549651,44.39747718733226,2.0665593129361244,0.14761137949543746,0.08051529790660225,1.6438539989264627,0.08051529790660225,,,,,,,,
15,51.13392377885131,44.538378958668815,2.1135265700483092,0.1878690284487386,0.08051529790660225,1.865271068169619,0.08051529790660225,,,,,,,,
16,49.7987117552335,45.73268921095008,2.1403650026838434,0.20128824476650564,0.08722490606548577,1.9256575415995705,0.11406333870101985,,,,,,,,
17,48.107890499194845,46.772678475577024,2.0263016639828235,0.20128824476650564,0.2147074610842727,2.4691358024691357,0.20799785292538917,,,,,,,,
18,47.46376811594203,46.59151905528717,2.576489533011272,0.23483628556092323,0.2147074610842727,2.6704240472356413,0.24154589371980675,0.0067096081588835215,,,,,,,
19,47.04106280193237,46.73242082662372,2.5966183574879227,0.2885131508319914,0.2214170692431562,2.7844873859366612,0.27509393451422437,0.0067096081588835215,0.05367686527106817,,,,,,
20,34.07809983896941,57.7361782071927,2.4825550187869028,1.9189479334406871,0.2885131508319914,3.0059044551798175,0.3824476650563607,0.03354804079441761,0.05367686527106817,0.013419216317767043,0.0067096081588835215,,,,
21,33.68894256575416,57.360440150295226,2.5161030595813205,2.1739130434782608,0.3153515834675255,3.455448201825013,0.32877079978529256,0.06038647342995169,0.05367686527106817,0.040257648953301126,0.0067096081588835215,,,,
22,33.319914117015564,57.55501878690284,2.4691358024691357,2.13365539452496,0.36231884057971014,3.549382716049383,0.38915727321524424,0.08051529790660225,0.05367686527106817,0.08051529790660225,0.0067096081588835215,,,,
23,33.091787439613526,57.51476113794954,2.475845410628019,2.2074610842726785,0.3488996242619431,3.616478797638218,0.43612453032742887,0.15432098765432098,0.05367686527106817,0.08051529790660225,0.020128824476650563,,,,
24,32.62211486849168,57.14573268921095,2.4892646269457863,2.2410091250670963,0.3488996242619431,3.898282340311326,0.9057971014492754,0.15432098765432098,0.05367686527106817,0.12077294685990338,0.020128824476650563,,,,
25,31.743156199677937,54.85775630703167,6.333870101986044,1.3083735909822867,0.39586688137412773,4.1129898013955986,0.9393451422436929,0.15432098765432098,0.05367686527106817,0.08051529790660225,0.020128824476650563,,,,
26,28.703703703703702,58.81642512077295,5.864197530864198,0.6843800322061192,0.36231884057971014,4.206924315619967,0.9594739667203436,0.24154589371980675,0.05367686527106817,0.06709608158883522,0.013419216317767043,0.026838432635534086,,,
27,28.589640365002683,58.279656468062264,5.891035963499732,0.7917337627482555,0.36231884057971014,4.676596886741814,1.0064412238325282,0.24154589371980675,0.05367686527106817,0.06709608158883522,0.013419216317767043,0.026838432635534086,,,
28,28.33467525496511,55.683038110574344,5.870907139023081,0.8252818035426731,0.35560923242082665,5.884326355340848,2.623456790123457,0.2616747181964573,0.07380568974771873,0.06709608158883522,0.013419216317767043,0.0067096081588835215,,,
29,27.254428341384862,55.03891572732152,7.320182501341922,0.8252818035426731,0.36902844873859364,6.038647342995169,2.6033279656468062,0.36231884057971014,0.10064412238325282,0.06709608158883522,0.013419216317767043,0.0067096081588835215,,,
30,27.120236178207193,54.891304347826086,7.353730542136339,0.8454106280193237,0.36902844873859364,6.179549114331723,2.6033279656468062,0.39586688137412773,0.1274825550187869,0.06709608158883522,0.013419216317767043,0.03354804079441761,,,
31,26.898819108964037,54.64975845410628,7.367149758454106,0.8521202361782072,0.5099302200751477,6.414385399892646,2.6637144390767578,0.3824476650563607,0.14761137949543746,0.06709608158883522,0.013419216317767043,0.03354804079441761,,,
32,26.744498121309714,54.33440687063875,7.306763285024155,0.8789586688137413,0.5971551261406334,6.689479334406871,2.7106816961889426,0.47638217928073,0.14761137949543746,0.06709608158883522,0.013419216317767043,0.03354804079441761,,,
33,26.50966183574879,54.166666666666664,7.273215244229737,0.8789586688137413,0.6910896403650026,6.971282877079979,2.7106816961889426,0.5166398282340311,0.16774020397208803,0.06709608158883522,0.013419216317767043,0.03354804079441761,,,
34,26.321792807300053,52.603327965646805,7.246376811594203,0.8789586688137413,0.7380568974771873,8.548040794417606,2.818035426731079,0.5233494363929146,0.18115942028985507,0.06709608158883522,0.040257648953301126,0.03354804079441761,,,
35,26.207729468599034,51.03327965646806,7.226247987117552,0.8923778851315083,0.8185721953837896,10.064412238325282,2.844873859366613,0.5703166935050993,0.1878690284487386,0.06709608158883522,0.040257648953301126,0.04696725711218465,,,
36,24.872517444981213,41.79414922168545,20.551529790660226,0.7514761137949544,0.5837359098228664,7.7361782071927,2.6972624798711755,0.6709608158883521,0.2147074610842727,0.05367686527106817,0.026838432635534086,0.04696725711218465,,,
37,23.70504562533548,41.06951154052604,20.135534084809446,2.5831991411701556,0.5568974771873323,7.816693505099302,3.079710144927536,0.7246376811594203,0.2147074610842727,0.040257648953301126,0.026838432635534086,0.04696725711218465,,,
38,23.409822866344605,41.2037037037037,20.095276435856146,2.5966183574879227,0.630703166935051,7.796564680622652,3.0864197530864197,0.8118625872249061,0.24154589371980675,0.05367686527106817,0.026838432635534086,0.04696725711218465,,,
39,23.22866344605475,41.06280193236715,19.672571121846484,2.5966183574879227,0.7112184648416533,7.877079978529254,3.2004830917874396,1.2546967257112185,0.24154589371980675,0.08051529790660225,0.026838432635534086,0.04696725711218465,,,
40,23.19511540526033,40.92860976918948,19.504830917874397,2.5966183574879227,0.7313472893183038,8.085077831454644,3.2340311325818574,1.328502415458937,0.24154589371980675,0.08051529790660225,0.026838432635534086,0.04696725711218465,,,
41,20.625335480407944,33.44739667203435,28.804347826086957,5.374396135265701,0.644122383252818,6.454643048845948,2.8381642512077296,1.415727321524423,0.1878690284487386,0.13419216317767044,0.026838432635534086,0.04696725711218465,,,
42,18.95464304884595,31.50161030595813,32.360440150295226,5.441492216854535,0.5568974771873323,6.394256575415996,2.804616210413312,1.5767579173376274,0.1878690284487386,0.13419216317767044,0.026838432635534086,0.04696725711218465,0.013419216317767043,,
43,18.853998926462694,31.374127750939344,32.1256038647343,5.428073000536768,0.5837359098228664,6.508319914117015,2.8784219001610305,1.8250134192163177,0.1878690284487386,0.14761137949543746,0.026838432635534086,0.04696725711218465,0.013419216317767043,,
44,18.55877616747182,31.48148148148148,31.99141170155663,5.381105743424584,0.6172839506172839,6.568706387546968,2.9924852388620504,1.90552871712292,0.17444981213097155,0.2147074610842727,0.05367686527106817,0.04696725711218465,0.013419216317767043,,
45,16.15673644659152,28.039452495974235,38.52657004830918,5.387815351583468,0.6172839506172839,6.078904991948471,2.8515834675254963,1.7914653784219001,0.18115942028985507,0.24825550187869028,0.05367686527106817,0.05367686527106817,0.013419216317767043,,
46,16.10305958132045,27.66371443907676,37.9092860976919,5.35426731078905,0.6575415995705851,6.830381105743425,2.8247450348899625,1.9994632313472893,0.2214170692431562,0.3153515834675255,0.05367686527106817,0.05367686527106817,0.013419216317767043,,
47,16.0829307568438,27.482555018786904,37.795222758990874,5.307300053676865,0.6910896403650026,6.877348362855609,2.9119699409554483,2.147074610842727,0.23483628556092323,0.3488996242619431,0.05367686527106817,0.05367686527106817,0.013419216317767043,,
48,15.787707997852925,26.455984970477726,38.12399355877617,5.300590445517981,2.9723564143853998,5.622651637144391,2.8918411164787976,2.2611379495437465,0.11406333870101985,0.3488996242619431,0.026838432635534086,0.08051529790660225,0.013419216317767043,,
49,13.519860440150294,26.710950080515296,37.795222758990874,7.96430488459474,2.4892646269457863,5.595813204508857,2.8784219001610305,2.462426194310252,0.11406333870101985,0.36902844873859364,0.0067096081588835215,0.08051529790660225,0.013419216317767043,,
50,13.47289318303811,26.40901771336554,37.58722490606549,7.897208803005904,2.462426194310252,5.615942028985507,3.2139023081052067,2.677133655394525,0.12077294685990338,0.4294149221685454,0.020128824476650563,0.08051529790660225,0.013419216317767043,,
51,13.331991411701557,26.133923778851315,37.25845410628019,7.635534084809447,2.7442297369833604,5.723295759527644,3.240740740740741,3.2206119162640903,0.14761137949543746,0.4025764895330113,0.06709608158883522,0.08051529790660225,0.013419216317767043,,
52,13.305152979066023,26.039989264626946,37.13768115942029,7.575147611379496,2.8381642512077296,5.730005367686527,3.2474503488996245,3.33467525496511,0.14761137949543746,0.4495437466451959,0.10064412238325282,0.08051529790660225,0.013419216317767043,,
53,13.291733762748256,25.637412775093935,37.02361782071927,7.4141170155662905,2.8247450348899625,5.891035963499732,3.643317230273752,3.4420289855072466,0.14761137949543746,0.4562533548040794,0.10064412238325282,0.11406333870101985,0.013419216317767043,,
54,13.20450885668277,25.36231884057971,35.51395598497048,8.997584541062801,2.7979066022544283,6.125872249060655,3.730542136339238,3.374932903918411,0.14761137949543746,0.5032206119162641,0.11406333870101985,0.11406333870101985,0.013419216317767043,,
55,13.103864734299517,25.328770799785293,34.84970477724101,8.917069243156199,2.771068169618894,6.072195383789587,4.079441760601181,3.878153515834675,0.1610305958132045,0.5434782608695652,0.14090177133655393,0.14090177133655393,0.013419216317767043,,
56,13.050187869028449,25.02012882447665,34.60144927536232,9.004294149221685,3.0595813204508855,6.052066559312936,4.146537842190016,4.045893719806763,0.1878690284487386,0.5501878690284487,0.1274825550187869,0.14090177133655393,0.013419216317767043,,
57,13.030059044551798,24.92619431025228,34.48067632850242,8.997584541062801,3.0730005367686526,6.085614600107354,4.1532474503489,4.133118625872249,0.1878690284487386,0.5971551261406334,0.15432098765432098,0.16774020397208803,0.013419216317767043,,
58,12.929414922168545,24.704777241009126,34.25925925925926,8.950617283950617,3.1870638754696725,6.152710681696189,4.213633923778851,4.3545356951154055,0.1878690284487386,0.6508319914117016,0.18115942028985507,0.2147074610842727,0.013419216317767043,,
59,12.795222758990874,24.698067632850243,34.15190552871712,8.93719806763285,3.2004830917874396,6.072195383789587,4.300858829844337,4.542404723564144,0.1878690284487386,0.6843800322061192,0.20128824476650564,0.2147074610842727,0.013419216317767043,,
60,12.781803542673108,24.490069779924852,33.74932903918411,8.742619431025227,3.2004830917874396,6.407675791733762,4.616210413311863,4.690016103059581,0.20799785292538917,0.6709608158883521,0.2147074610842727,0.2147074610842727,0.013419216317767043,,
61,12.781803542673108,24.422973698336016,33.57487922705314,8.76274825550188,3.180354267310789,6.407675791733762,4.609500805152979,4.8443370907139025,0.20128824476650564,0.6843800322061192,0.2281266774020397,0.2616747181964573,0.013419216317767043,0.026838432635534086,
62,12.614063338701019,24.516908212560388,33.52120236178207,8.742619431025227,3.140096618357488,6.454643048845948,4.7638217928073,4.783950617283951,0.20128824476650564,0.6910896403650026,0.2549651100375738,0.27509393451422437,0.013419216317767043,0.026838432635534086,
63,12.453032742887816,24.50348899624262,33.601717659688674,8.68894256575416,3.1736446591519054,6.353998926462695,4.817498658078368,4.810789049919484,0.20128824476650564,0.7581857219538379,0.2952227589908749,0.2885131508319914,0.013419216317767043,0.040257648953301126,
64,11.694847020933977,23.792270531400966,33.3467525496511,8.675523349436393,3.1870638754696725,6.219806763285024,5.146269457863661,6.273483628556092,0.20799785292538917,0.8118625872249061,0.30193236714975846,0.2885131508319914,0.013419216317767043,0.040257648953301126,
65,11.634460547504025,23.60440150295223,33.3467525496511,8.709071390230811,3.321256038647343,6.239935587761675,5.186527106816962,6.246645195920558,0.2214170692431562,0.8319914117015567,0.30193236714975846,0.28180354267310787,0.013419216317767043,0.06038647342995169,
66,11.553945249597424,22.77241009125067,32.57514761137949,8.561460010735374,3.307836822329576,6.072195383789587,7.0450885668276975,6.286902844873859,0.2147074610842727,0.8789586688137413,0.3488996242619431,0.30864197530864196,0.013419216317767043,0.06038647342995169,
67,11.54723564143854,22.6784755770263,32.427536231884055,8.514492753623188,3.3279656468062266,6.166129898013956,7.058507783145465,6.374127750939345,0.20799785292538917,0.8387010198604401,0.47638217928073,0.30864197530864196,0.013419216317767043,0.06038647342995169,
68,11.406333870101985,21.578099838969404,31.629092860976918,9.970477724100913,4.0995705850778315,6.4345142243692965,6.8035426731078905,6.092324208266238,0.20799785292538917,0.8722490606548577,0.5099302200751477,0.30864197530864196,0.013419216317767043,0.07380568974771873,
69,11.325818572195384,21.557971014492754,30.595813204508858,9.98389694041868,4.005636070853462,6.427804616210413,7.836822329575953,6.152710681696189,0.20799785292538917,0.9057971014492754,0.5636070853462157,0.3488996242619431,0.013419216317767043,0.07380568974771873,
70,10.84272678475577,21.256038647342994,31.105743424584006,9.96376811594203,4.03918411164788,6.515029522275899,7.7898550724637685,6.266774020397209,0.20128824476650564,0.9594739667203436,0.5904455179817498,0.3824476650563607,0.013419216317767043,0.07380568974771873,
71,10.815888352120236,21.155394524959743,31.011808910359633,9.86983360171766,4.1129898013955986,6.649221685453569,7.702630166398282,6.400966183574879,0.2147074610842727,0.9930220075147611,0.5568974771873323,0.4294149221685454,0.013419216317767043,0.07380568974771873,
72,10.668276972624799,19.867149758454108,31.608964036500268,9.695383789586689,4.0995705850778315,7.729468599033816,8.091787439613526,5.904455179817498,0.1878690284487386,1.107085346215781,0.5501878690284487,0.4294149221685454,0.013419216317767043,0.04696725711218465,
73,10.654857756307031,19.840311325818572,31.260064412238325,9.73564143853999,4.106280193236715,7.816693505099302,8.05823939881911,6.139291465378422,0.20128824476650564,1.093666129898014,0.5636070853462157,0.4562533548040794,0.013419216317767043,0.06038647342995169,
74,10.59447128287708,19.102254428341386,31.199677938808374,9.534353193773484,4.126409017713366,7.6556629092860975,9.118357487922705,6.206387546967257,0.2147074610842727,1.0869565217391304,0.6374127750939346,0.4428341384863124,0.020128824476650563,0.06038647342995169,
75,10.332796564680622,19.316961889425656,31.112453032742888,9.380032206119163,4.146537842190016,7.6623725174449815,9.131776704240472,6.374127750939345,0.2147074610842727,1.107085346215781,0.6642512077294686,0.47638217928073,0.020128824476650563,0.06038647342995169,
76,9.86983360171766,19.773215244229736,31.03864734299517,9.31964573268921,4.260601180891036,7.6556629092860975,9.111647879763822,6.360708534621578,0.2281266774020397,1.0802469135802468,0.6508319914117016,0.5501878690284487,0.020128824476650563,0.08051529790660225,
77,9.856414385399892,19.665861513687602,30.750134192163177,9.346484165324744,4.334406870638754,7.836822329575953,9.017713365539452,6.501610305958132,0.2281266774020397,1.1003757380568975,0.6575415995705851,0.6038647342995169,0.020128824476650563,0.08051529790660225,
78,9.856414385399892,19.6256038647343,30.609232420826622,9.312936124530328,4.3545356951154055,7.863660762211487,8.997584541062801,6.642512077294686,0.2281266774020397,1.1272141706924315,0.6575415995705851,0.6239935587761675,0.020128824476650563,0.08051529790660225,
79,9.73564143853999,18.98148148148148,30.334138486312398,13.291733762748256,3.3816425120772946,7.716049382716049,7.628824476650563,6.535158346752549,0.2214170692431562,1.0534084809447128,0.5703166935050993,0.4495437466451959,0.020128824476650563,0.08051529790660225,
80,9.614868491680086,18.99490069779925,30.07246376811594,13.22463768115942,3.374932903918411,7.863660762211487,7.722758990874933,6.642512077294686,0.24825550187869028,1.133923778851315,0.5568974771873323,0.4495437466451959,0.020128824476650563,0.08051529790660225,
81,9.567901234567902,18.9747718733226,29.904723564143854,13.318572195383789,3.3816425120772946,7.924047235641439,7.702630166398282,6.723027375201288,0.2549651100375738,1.133923778851315,0.5568974771873323,0.4495437466451959,0.020128824476650563,0.08722490606548577,
82,9.4873859366613,27.791196994095547,24.416264090177133,12.325550187869029,3.166935050993022,7.682501341921632,7.347020933977456,5.394524959742351,0.2616747181964573,1.0534084809447128,0.5434782608695652,0.43612453032742887,0.0067096081588835215,0.08722490606548577,
83,8.896940418679549,27.13365539452496,25.563607085346217,12.191358024691358,3.166935050993022,7.675791733762749,7.199409554482019,5.683038110574342,0.2616747181964573,1.1540526033279657,0.5501878690284487,0.4294149221685454,0.0067096081588835215,0.08722490606548577,
84,8.883521202361782,25.97289318303811,25.45625335480408,13.499731615673644,3.1870638754696725,7.50805152979066,7.105475040257649,5.770263016639828,0.27509393451422437,1.2077294685990339,0.5501878690284487,0.4562533548040794,0.0067096081588835215,0.12077294685990338,
85,8.76274825550188,25.744766505636072,24.993290391841118,13.446054750402576,3.2139023081052067,8.57487922705314,6.910896403650026,5.656199677938808,0.30864197530864196,1.2546967257112185,0.5568974771873323,0.46967257112184646,0.0067096081588835215,0.10064412238325282,
86,8.76274825550188,25.577026301663984,24.859098228663445,13.217928073000536,3.2742887815351582,8.601717659688674,7.152442297369833,5.770263016639828,0.32877079978529256,1.3217928073000538,0.5367686527106817,0.48980139559849706,0.0067096081588835215,0.10064412238325282,
87,8.742619431025227,25.45625335480408,24.610842726784757,13.170960815888352,3.294417606011809,8.709071390230811,7.273215244229737,5.770263016639828,0.32877079978529256,1.4626945786366077,0.5367686527106817,0.5367686527106817,0.0067096081588835215,0.10064412238325282,
88,8.709071390230811,24.355877616747183,24.550456253354803,13.144122383252817,4.951690821256038,8.548040794417606,6.957863660762212,5.723295759527644,0.32877079978529256,1.5029522275899088,0.5636070853462157,0.5568974771873323,0.0067096081588835215,0.10064412238325282,
89,8.709071390230811,24.208266237251745,24.510198604401502,13.077026301663983,5.025496511003757,8.655394524959743,6.951154052603328,5.6964573268921095,0.3421900161030596,1.5901771336553945,0.5636070853462157,0.5636070853462157,0.0067096081588835215,0.10064412238325282,
90,8.608427267847558,24.241814278046164,24.402844873859365,13.077026301663983,5.10601180891036,8.621846484165324,6.89747718733226,5.723295759527644,0.4294149221685454,1.6035963499731616,0.6105743424584005,0.5636070853462157,0.0067096081588835215,0.10735373054213634,
91,8.568169618894256,24.02710681696189,24.214975845410628,13.33870101986044,5.193236714975845,8.910359634997317,6.729736983360172,5.6964573268921095,0.4562533548040794,1.5163714439076759,0.6172839506172839,0.6038647342995169,0.0067096081588835215,0.12077294685990338,
92,8.340042941492216,23.637949543746647,24.758454106280194,13.137412775093935,5.092592592592593,9.098228663446054,6.568706387546968,5.689747718733226,0.5099302200751477,1.6170155662909287,0.8118625872249061,0.6105743424584005,0.0067096081588835215,0.12077294685990338,
93,8.333333333333334,23.564143853998928,24.651100375738057,13.077026301663983,5.159688674181428,9.111647879763822,6.635802469135802,5.703166935050993,0.5032206119162641,1.6841116478797638,0.8252818035426731,0.6239935587761675,0.0067096081588835215,0.12077294685990338,
94,8.32662372517445,23.450080515297905,24.58400429414922,13.003220611916264,5.0993022007514766,9.205582393988191,6.756575415995706,5.797101449275362,0.5032206119162641,1.6774020397208802,0.8655394524959742,0.6038647342995169,0.0067096081588835215,0.12077294685990338,
95,8.293075684380032,23.275630703166936,24.3894256575416,12.761674718196458,5.166398282340311,9.312936124530328,6.857219538378959,6.139291465378422,0.47638217928073,1.6706924315619969,0.8990874932903918,0.644122383252818,0.0067096081588835215,0.10735373054213634,
96,8.239398819108963,23.121309715512613,24.134460547504027,12.493290391841116,5.186527106816962,9.91009125067096,6.944444444444445,6.052066559312936,0.48980139559849706,1.7646269457863661,0.9057971014492754,0.644122383252818,0.0067096081588835215,0.10735373054213634,
97,8.225979602791197,23.027375201288244,24.06736446591519,12.5,5.213365539452496,10.02415458937198,7.024959742351046,5.991680085882985,0.5099302200751477,1.778046162104133,0.8789586688137413,0.644122383252818,0.0067096081588835215,0.10735373054213634,
98,8.225979602791197,22.839506172839506,23.336017176596886,12.399355877616747,7.085346215780999,9.406870638754697,6.998121309715513,5.810520665593129,0.4562533548040794,1.751207729468599,0.9259259259259259,0.630703166935051,0.0067096081588835215,0.1274825550187869,
99,8.192431561996779,22.73886205045625,22.987117552334944,12.392646269457863,7.1658615136876005,9.31964573268921,7.326892109500805,5.870907139023081,0.4495437466451959,1.8317230273752012,0.9594739667203436,0.630703166935051,0.0067096081588835215,0.1274825550187869,
100,8.179012345679013,22.705314009661837,22.5979602791197,12.406065485775631,7.179280730005368,9.312936124530328,7.682501341921632,5.844068706387547,0.46296296296296297,1.8853998926462694,0.9796027911969941,0.630703166935051,0.0067096081588835215,0.1274825550187869,
101,7.924047235641439,22.879763821792807,22.342995169082126,12.332259796027913,7.313472893183038,9.29951690821256,7.843531937734836,5.837359098228664,0.48980139559849706,1.9122383252818036,1.0399892646269457,0.6575415995705851,0.0067096081588835215,0.12077294685990338,
102,7.890499194847021,22.73886205045625,22.322866344605476,12.31213097155126,7.37385936661299,9.23913043478261,8.05823939881911,5.857487922705314,0.5166398282340311,1.8786902844873858,1.0399892646269457,0.644122383252818,0.0067096081588835215,0.12077294685990338,
103,7.877079978529254,22.6784755770263,22.168545356951153,12.338969404186795,7.37385936661299,9.225711218464841,8.11862587224906,6.045356951154052,0.5166398282340311,1.8719806763285025,1.0265700483091786,0.630703166935051,0.0067096081588835215,0.12077294685990338,
104,7.87037037037037,22.50402576489533,22.16183574879227,12.318840579710145,7.407407407407407,9.306226516371444,8.09849704777241,6.0654857756307035,0.5166398282340311,1.9189479334406871,1.0735373054213635,0.630703166935051,0.0067096081588835215,0.12077294685990338,
105,7.454374664519592,21.604938271604937,26.10708534621578,11.372785829307569,7.118894256575416,8.561460010735374,7.98443370907139,5.837359098228664,0.4830917874396135,1.6841116478797638,1.0601180891035964,0.6172839506172839,0.0067096081588835215,0.10735373054213634,
106,7.4006977992485234,21.504294149221685,26.060118089103597,11.506977992485238,7.206119162640902,8.541331186258722,8.011272141706923,5.797101449275362,0.5032206119162641,1.6841116478797638,1.0534084809447128,0.6172839506172839,0.0067096081588835215,0.10735373054213634,
107,7.340311325818572,21.316425120772948,25.711218464841654,12.620772946859903,7.14573268921095,8.93719806763285,7.709339774557166,5.314009661835748,0.5032206119162641,1.6774020397208802,1.0265700483091786,0.5703166935050993,0.0067096081588835215,0.12077294685990338,
108,7.326892109500805,21.256038647342994,25.63070316693505,12.620772946859903,7.1725711218464845,8.903650026838433,7.749597423510467,5.314009661835748,0.46967257112184646,1.7042404723564144,1.0601180891035964,0.6642512077294686,0.0067096081588835215,0.12077294685990338,
109,7.320182501341922,21.155394524959743,25.38244766505636,13.714439076757918,7.239667203435319,8.313204508856682,7.615405260332796,5.428073000536768,0.4025764895330113,1.6706924315619969,1.0735373054213635,0.5703166935050993,0.0067096081588835215,0.10735373054213634,
110,7.306763285024155,21.048040794417606,25.335480407944175,13.620504562533547,7.219538378958669,8.340042941492216,7.628824476650563,5.46833064949007,0.4294149221685454,1.8518518518518519,1.1137949543746646,0.5501878690284487,0.0067096081588835215,0.08051529790660225,
111,6.716317767042405,20.699141170155663,25.717928073000536,13.425925925925926,8.266237251744498,7.977724100912507,7.742887815351583,5.428073000536768,0.3824476650563607,1.8853998926462694,1.1205045625335481,0.5501878690284487,0.0067096081588835215,0.08051529790660225,
112,6.709608158883521,20.585077831454644,25.5703166935051,13.479602791196994,8.3467525496511,7.977724100912507,7.7831454643048845,5.495169082125604,0.3824476650563607,1.9122383252818036,1.1205045625335481,0.5501878690284487,0.0067096081588835215,0.08051529790660225,
113,6.696188942565755,20.511272141706925,25.503220611916262,13.365539452495975,8.487654320987655,7.944176060118089,7.796564680622652,5.488459473966721,0.35560923242082665,2.0263016639828235,1.1607622114868492,0.5770263016639828,0.0067096081588835215,0.08051529790660225,
114,6.649221685453569,20.061728395061728,25.32206119162641,13.285024154589372,8.413848631239935,8.373590982286634,8.038110574342458,5.636070853462158,0.35560923242082665,2.073268921095008,1.1272141706924315,0.5770263016639828,0.0067096081588835215,0.08051529790660225,
115,6.5552871712292005,19.639023081052066,24.852388620504563,13.378958668813741,10.165056360708535,7.877079978529254,7.7831454643048845,5.662909286097692,0.30193236714975846,2.0263016639828235,1.093666129898014,0.5770263016639828,0.0067096081588835215,0.08051529790660225,
116,6.5552871712292005,19.51825013419216,24.691358024691358,13.399087493290391,10.225442834138486,7.917337627482555,7.763016639828234,5.770263016639828,0.2952227589908749,2.046430488459474,1.1137949543746646,0.6172839506172839,0.0067096081588835215,0.08051529790660225,
117,6.521739130434782,19.410896403650028,24.63768115942029,13.647342995169081,10.205314009661835,7.930756843800322,7.595276435856146,5.776972624798712,0.30864197530864196,2.059849704777241,1.1137949543746646,0.7045088566827697,0.0067096081588835215,0.08051529790660225,
118,6.508319914117015,19.37734836285561,24.510198604401502,13.6808910359635,10.185185185185185,7.897208803005904,7.595276435856146,5.83064949006978,0.30864197530864196,2.1135265700483092,1.1876006441223832,0.7179280730005367,0.0067096081588835215,0.08051529790660225,
119,6.421095008051529,19.404186795491142,24.261943102522814,13.600375738056897,10.19189479334407,7.836822329575953,7.595276435856146,6.078904991948471,0.32877079978529256,2.200751476113795,1.2815351583467525,0.7179280730005367,,0.08051529790660225,
120,6.421095008051529,19.316961889425656,24.228395061728396,13.627214170692431,10.245571658615138,7.9106280193236715,7.608695652173913,6.018518518518518,0.322061191626409,2.200751476113795,1.2949543746645196,0.7313472893183038,,0.07380568974771873,
121,6.407675791733762,19.135802469135804,24.154589371980677,13.613794954374665,10.178475577026301,7.930756843800322,7.924047235641439,6.038647342995169,0.322061191626409,2.187332259796028,1.3083735909822867,0.7246376811594203,,0.07380568974771873,
122,6.367418142780462,19.068706387546968,23.805689747718734,13.620504562533547,10.111379495437467,8.420558239398819,7.957595276435856,5.9447128287707995,0.322061191626409,2.254428341384863,1.328502415458937,0.7246376811594203,,0.07380568974771873,
123,6.367418142780462,19.00161030595813,23.718464841653248,13.580246913580247,10.11808910359635,8.360171765968868,8.017981749865807,6.038647342995169,0.3421900161030596,2.2879763821792807,1.3419216317767042,0.7380568974771873,,0.08722490606548577,
124,6.340579710144928,18.968062265163713,23.49033816425121,13.600375738056897,10.00402576489533,8.621846484165324,8.239398819108963,5.897745571658615,0.3421900161030596,2.328234031132582,1.3419216317767042,0.7380568974771873,,0.08722490606548577,
125,6.213097155126141,18.471551261406333,23.55072463768116,14.210950080515298,10.064412238325282,8.621846484165324,7.96430488459474,5.984970477724101,0.36902844873859364,2.3617820719269993,1.328502415458937,0.785024154589372,,0.07380568974771873,
126,6.1862587224906065,18.344068706387546,23.523886205045624,14.251207729468598,10.11808910359635,8.702361782071927,7.957595276435856,5.984970477724101,0.38915727321524424,2.3752012882447664,1.328502415458937,0.7648953301127214,,0.07380568974771873,
127,6.159420289855072,18.297101449275363,23.503757380568974,14.278046162104133,10.104669887278583,8.709071390230811,7.950885668276973,6.038647342995169,0.35560923242082665,2.3886205045625335,1.3486312399355878,0.7648953301127214,,0.10064412238325282,
128,6.159420289855072,18.08239398819109,23.221953837895867,16.391572732152444,9.460547504025765,8.55475040257649,7.387278582930757,5.931293612453032,0.3488996242619431,2.3617820719269993,1.2949543746645196,0.7179280730005367,,0.08722490606548577,
129,6.159420289855072,17.921363392377884,22.705314009661837,16.23725174449812,9.420289855072463,9.339774557165862,7.628824476650563,5.649490069779925,0.35560923242082665,2.4825550187869028,1.328502415458937,0.6776704240472357,,0.0939345142243693,
130,6.139291465378422,17.827428878153516,22.57783145464305,16.304347826086957,9.426999463231347,9.514224369296834,7.648953301127214,5.636070853462158,0.3824476650563607,2.4691358024691357,1.328502415458937,0.6508319914117016,,0.0939345142243693,
131,6.105743424584004,17.787171229200215,22.530864197530864,16.25067096081589,9.433709071390231,9.500805152979066,7.836822329575953,5.615942028985507,0.36231884057971014,2.5026838432635534,1.3352120236178207,0.644122383252818,,0.0939345142243693,
132,6.099033816425121,17.518786902844873,22.094739667203434,16.10305958132045,9.219001610305957,9.433709071390231,8.863392377885132,5.562265163714439,0.3421900161030596,2.5563607085346214,1.402308105206656,0.7112184648416533,,0.0939345142243693,
133,6.0587761674718195,17.58588298443371,21.960547504025765,15.94873859366613,9.353193773483628,9.41358024691358,8.910359634997317,5.58239398819109,0.3421900161030596,2.589908749329039,1.4358561460010735,0.7246376811594203,,0.0939345142243693,
134,6.018518518518518,17.57246376811594,21.812936124530328,15.921900161030596,9.426999463231347,9.460547504025765,8.910359634997317,5.642780461621041,0.3421900161030596,2.61003757380569,1.4626945786366077,0.7246376811594203,,0.0939345142243693,
135,6.005099302200751,17.290660225442835,21.74584004294149,16.13660762211487,9.366612989801396,9.655126140633387,8.836553945249598,5.649490069779925,0.3421900161030596,2.6435856146001075,1.4492753623188406,0.7648953301127214,,0.11406333870101985,
136,5.991680085882985,17.20343531937735,21.658615136876005,16.15673644659152,9.39345142243693,9.655126140633387,8.890230810520666,5.71658615136876,0.3421900161030596,2.6704240472356413,1.4626945786366077,0.7246376811594203,,0.13419216317767044,
137,5.984970477724101,17.196725711218466,21.55126140633387,16.11647879763822,9.520933977455716,9.614868491680086,8.910359634997317,5.669618894256575,0.3421900161030596,2.7106816961889426,1.4895330112721417,0.7514761137949544,,0.14090177133655393,
138,5.83064949006978,17.122920021470748,22.745571658615138,16.049382716049383,8.950617283950617,9.655126140633387,8.796296296296296,5.58239398819109,0.3421900161030596,2.6838432635534084,1.3821792807300053,0.7179280730005367,,0.14090177133655393,
139,5.83064949006978,17.05582393988191,22.32957595276436,15.982286634460548,8.984165324745035,9.473966720343531,9.534353193773484,5.488459473966721,0.3421900161030596,2.737520128824477,1.3821792807300053,0.7179280730005367,,0.14090177133655393,
140,5.8172302737520125,16.988727858293075,22.228931830381107,15.827965646806227,9.480676328502415,9.574610842726784,9.31964573268921,5.589103596349974,0.3421900161030596,2.7442297369833604,1.2748255501878691,0.6709608158883521,,0.14090177133655393,
141,5.790391841116479,16.941760601180892,22.16183574879227,15.895061728395062,9.480676328502415,9.500805152979066,9.346484165324744,5.58239398819109,0.3421900161030596,2.8113258185721954,1.288244766505636,0.6910896403650026,,0.16774020397208803,
142,5.776972624798712,16.75389157273215,22.302737520128826,15.895061728395062,9.453837895866881,9.480676328502415,9.41358024691358,5.589103596349974,0.3421900161030596,2.771068169618894,1.3083735909822867,0.7179280730005367,,0.19457863660762212,
143,5.776972624798712,16.57944176060118,22.228931830381107,15.83467525496511,9.46725711218465,9.4873859366613,9.50751476113795,5.662909286097692,0.3421900161030596,2.9052603327965647,1.2815351583467525,0.7313472893183038,,0.19457863660762212,
144,5.763553408480945,16.445249597423512,22.20209339774557,16.485507246376812,9.111647879763822,9.46725711218465,9.386741814278047,5.683038110574342,0.33548040794417605,2.871712292002147,1.2815351583467525,0.7716049382716049,,0.19457863660762212,
145,5.730005367686527,16.398282340311326,22.18196457326892,16.451959205582394,9.111647879763822,9.520933977455716,9.386741814278047,5.649490069779925,0.3153515834675255,2.898550724637681,1.3352120236178207,0.8252818035426731,,0.19457863660762212,
146,5.689747718733226,15.70048309178744,22.12157809983897,16.431830381105744,9.037842190016104,10.36634460547504,9.306226516371444,5.730005367686527,0.35560923242082665,2.9388083735909825,1.3016639828234031,0.8252818035426731,,0.19457863660762212,
147,5.689747718733226,15.613258185721953,21.423778851315085,16.304347826086957,8.99087493290392,10.373054213633925,10.520665593129362,5.595813204508857,0.35560923242082665,2.985775630703167,1.247987117552335,0.7648953301127214,,0.13419216317767044,
148,5.629361245303274,15.519323671497585,21.38352120236178,16.391572732152444,8.950617283950617,10.413311862587225,10.59447128287708,5.60252281266774,0.36231884057971014,2.9924852388620504,1.2681159420289856,0.7648953301127214,,0.1274825550187869,
149,5.622651637144391,15.170424047235642,21.256038647342994,17.277241009125067,8.648684916800859,10.406602254428341,10.48040794417606,5.515297906602254,0.36902844873859364,3.0327428878153517,1.2949543746645196,0.7716049382716049,,0.15432098765432098,
150,5.615942028985507,15.103327965646805,21.155394524959743,17.28395061728395,8.662104133118627,10.46027911969941,10.681696188942565,5.46833064949007,0.36902844873859364,2.9790660225442833,1.2949543746645196,0.7716049382716049,,0.15432098765432098,
151,5.488459473966721,15.230810520665592,21.128556092324207,17.2638217928073,8.668813741277509,10.628019323671497,10.641438539989265,5.401234567901234,0.35560923242082665,2.9723564143853998,1.288244766505636,0.7648953301127214,,0.16774020397208803,
152,5.488459473966721,15.183843263553408,20.96081588835212,17.250402576489535,8.675523349436393,10.681696188942565,10.621309715512615,5.421363392377885,0.35560923242082665,2.985775630703167,1.4090177133655395,0.7716049382716049,,0.19457863660762212,
153,5.481749865807837,15.157004830917874,20.967525496511005,17.156468062265162,8.702361782071927,10.782340311325818,10.560923242082662,5.495169082125604,0.35560923242082665,3.066290928609769,1.3486312399355878,0.7380568974771873,,0.1878690284487386,
154,5.475040257648954,15.056360708534621,20.799785292538918,17.156468062265162,8.662104133118627,10.701825013419215,10.668276972624799,5.709876543209877,0.35560923242082665,3.0864197530864197,1.3486312399355878,0.7917337627482555,,0.1878690284487386,
155,5.475040257648954,14.989264626945786,20.544820182501343,17.12962962962963,8.695652173913043,10.802469135802468,10.789049919484702,5.776972624798712,0.3488996242619431,3.1333870101986045,1.3352120236178207,0.7917337627482555,,0.1878690284487386,
156,5.4549114331723025,14.989264626945786,20.48443370907139,17.122920021470748,8.722490606548577,10.82259796027912,10.782340311325818,5.803811057434245,0.36231884057971014,3.1535158346752548,1.3217928073000538,0.7917337627482555,,0.1878690284487386,
157,5.4549114331723025,14.97584541062802,20.303274288781534,17.08937198067633,8.709071390230811,10.929951690821255,10.715244229736983,6.125872249060655,0.3488996242619431,3.113258185721954,1.3016639828234031,0.7447665056360708,,0.1878690284487386,
158,5.441492216854535,14.989264626945786,20.21604938271605,17.07595276435856,8.749329039184111,10.970209339774557,10.762211486849168,6.159420289855072,0.3488996242619431,3.099838969404187,1.2681159420289856,0.7313472893183038,,0.1878690284487386,
159,5.428073000536768,14.908749329039184,20.209339774557165,17.14975845410628,8.695652173913043,11.003757380568974,10.755501878690284,6.233225979602791,0.35560923242082665,3.0730005367686526,1.2681159420289856,0.7045088566827697,,0.2147074610842727,
160,5.367686527106817,14.855072463768115,20.1959205582394,17.022275899087493,8.870101986044014,11.104401502952227,10.68840579710145,6.246645195920558,0.36231884057971014,3.0931293612453032,1.2815351583467525,0.6977992485238862,,0.2147074610842727,
161,5.360976918947934,14.76784755770263,20.101986044015028,16.961889425657542,9.03113258185722,11.231884057971014,10.674986580783683,6.233225979602791,0.36902844873859364,3.0730005367686526,1.2815351583467525,0.6977992485238862,,0.2147074610842727,
162,5.360976918947934,24.530327428878152,19.867149758454108,13.70101986044015,6.964573268921095,10.198604401502953,9.426999463231347,5.904455179817498,0.28180354267310787,2.24771873322598,0.8655394524959742,0.43612453032742887,,0.2147074610842727,
163,5.360976918947934,23.866076221148685,19.679280730005367,15.291196994095545,6.816961889425658,10.02415458937198,9.198872785829307,5.736714975845411,0.28180354267310787,2.2410091250670963,0.8319914117015567,0.4428341384863124,,0.2147074610842727,0.013419216317767043
164,5.35426731078905,23.752012882447666,19.685990338164252,15.331454643048845,6.816961889425658,10.178475577026301,9.172034353193773,5.723295759527644,0.28180354267310787,2.214170692431562,0.8319914117015567,0.4294149221685454,,0.2147074610842727,0.013419216317767043
165,5.35426731078905,23.66478797638218,19.64573268921095,15.344873859366613,6.843800322061192,10.279119699409554,9.07139023081052,5.803811057434245,0.2885131508319914,2.15378421900161,0.8454106280193237,0.5032206119162641,,0.1878690284487386,0.013419216317767043
