,45,50,55,52,51,54,56,53,59,57,60,58,61
0,85.25228126677402,14.640365002683843,0.10735373054213634,,,,,,,,,,
1,85.20531400966183,12.97638217928073,,1.8183038110574343,,,,,,,,,
2,85.03757380568975,13.144122383252817,,1.8183038110574343,,,,,,,,,
3,84.71551261406334,13.18438003220612,0.28180354267310787,1.8183038110574343,,,,,,,,,
4,84.6484165324745,13.24476650563607,0.30864197530864196,1.7981749865807837,,,,,,,,,
5,83.80971551261406,13.955984970477724,0.4495437466451959,1.7847557702630166,,,,,,,,,
6,83.64868491680086,14.11701556629093,0.4495437466451959,1.7847557702630166,,,,,,,,,
7,83.36017176596887,14.264626945786366,0.5904455179817498,1.7847557702630166,,,,,,,,,
8,78.39506172839506,17.60601180891036,0.5904455179817498,1.6304347826086956,1.778046162104133,,,,,,,,
9,77.23429951690821,17.3040794417606,0.5904455179817498,1.6304347826086956,3.240740740740741,,,,,,,,
10,77.26113794954375,17.277241009125067,0.5904455179817498,1.6304347826086956,3.240740740740741,,,,,,,,
11,20.316693505099302,72.69189479334406,0.5032206119162641,3.569511540526033,2.918679549114332,,,,,,,,
12,20.276435856146,70.90713902308106,2.341653247450349,3.569511540526033,2.9052603327965647,,,,,,,,
13,20.356951154052602,70.46430488459474,2.576489533011272,3.569511540526033,2.9052603327965647,0.1274825550187869,,,,,,,
14,20.377079978529252,70.13553408480945,2.85829307568438,3.556092324208266,2.9052603327965647,0.1274825550187869,0.040257648953301126,,,,,,
15,20.37037037037037,70.0684380032206,2.932098765432099,3.556092324208266,2.8515834675254963,0.1274825550187869,0.0939345142243693,,,,,,
16,17.787171229200215,71.64519592055824,3.938539989264627,3.556092324208266,2.7844873859366612,0.1274825550187869,0.1610305958132045,,,,,,
17,17.693236714975846,69.73295759527643,3.938539989264627,3.643317230273752,2.7844873859366612,0.1274825550187869,0.1610305958132045,1.9189479334406871,,,,,
18,16.478797638217927,65.18384326355341,3.844605475040258,3.643317230273752,5.381105743424584,3.743961352657005,0.1610305958132045,1.5633387010198605,,,,,
19,15.5126140633387,62.0504562533548,4.26731078904992,3.643317230273752,5.381105743424584,4.079441760601181,0.1610305958132045,4.904723564143854,,,,,
20,15.599838969404187,61.91626409017714,4.314278046162104,3.643317230273752,5.381105743424584,4.079441760601181,0.1610305958132045,4.891304347826087,0.013419216317767043,,,,
21,15.53274288781535,59.11835748792271,7.50805152979066,3.643317230273752,5.025496511003757,4.079441760601181,0.1610305958132045,4.918142780461621,0.013419216317767043,,,,
22,15.552871712292003,58.581588835212024,8.024691358024691,3.643317230273752,5.025496511003757,3.965378421900161,0.27509393451422437,4.918142780461621,0.013419216317767043,,,,
23,15.687063875469672,58.44068706387547,8.017981749865807,3.4957058507783145,5.025496511003757,3.965378421900161,0.27509393451422437,4.918142780461621,0.013419216317767043,0.14761137949543746,0.013419216317767043,,
24,15.653515834675256,55.52871712292002,8.541331186258722,8.199141170155663,5.025496511003757,2.5496511003757383,0.1610305958132045,4.180085882984434,,0.14761137949543746,0.013419216317767043,,
25,13.123993558776167,53.24074074074074,6.166129898013956,7.716049382716049,11.16478797638218,4.025764895330113,0.2214170692431562,4.180085882984434,,0.14761137949543746,0.013419216317767043,,
26,13.18438003220612,53.166935050993025,6.1929683306494905,7.669082125603865,11.16478797638218,4.025764895330113,0.2214170692431562,4.180085882984434,,0.18115942028985507,0.013419216317767043,,
27,12.352388620504563,52.58990874932904,6.380837359098229,7.6623725174449815,12.392646269457863,4.025764895330113,0.2214170692431562,4.180085882984434,,0.18115942028985507,0.013419216317767043,,
28,11.439881910896403,51.871980676328505,6.327160493827161,10.520665593129362,11.07085346215781,4.025764895330113,0.2214170692431562,4.072732152442297,,0.32877079978529256,0.013419216317767043,0.10735373054213634,
29,11.480139559849706,51.73778851315083,6.4345142243692965,10.507246376811594,11.07085346215781,4.025764895330113,0.2214170692431562,4.072732152442297,,0.32877079978529256,0.013419216317767043,0.10735373054213634,
30,11.60762211486849,51.610305958132045,6.582125603864735,10.520665593129362,10.909822866344605,4.025764895330113,0.2214170692431562,4.072732152442297,,0.32877079978529256,0.013419216317767043,0.10735373054213634,
31,10.111379495437467,51.21443907675792,6.6760601180891035,9.634997316156737,10.601180891035963,6.991411701556629,0.24825550187869028,4.072732152442297,,0.32877079978529256,0.013419216317767043,0.10735373054213634,
32,10.205314009661835,50.88566827697262,6.964573268921095,9.621578099838969,10.547504025764896,6.971282877079979,0.6910896403650026,3.6634460547504024,,0.32877079978529256,0.013419216317767043,0.10735373054213634,
33,10.25228126677402,50.78502415458937,7.118894256575416,9.581320450885668,10.493827160493828,6.971282877079979,0.6910896403650026,3.656736446591519,,0.32877079978529256,0.013419216317767043,0.10735373054213634,
34,10.352925389157273,50.68438003220612,7.105475040257649,9.54777241009125,10.379763821792807,6.655931293612453,0.7514761137949544,3.656736446591519,,0.7447665056360708,0.013419216317767043,0.10735373054213634,
35,9.608158883521202,47.84621578099839,6.447933440687064,9.4873859366613,11.949812130971551,6.655931293612453,0.5971551261406334,6.427804616210413,0.03354804079441761,0.7447665056360708,0.013419216317767043,0.1878690284487386,
36,9.27938808373591,47.26247987117552,6.4412238325281805,9.104938271604938,13.264895330112722,6.655931293612453,0.5837359098228664,6.427804616210413,0.03354804079441761,0.7447665056360708,0.013419216317767043,0.1878690284487386,
37,9.292807300053678,46.202361782071925,6.320450885668277,9.057971014492754,13.264895330112722,7.87037037037037,0.5837359098228664,6.427804616210413,0.03354804079441761,0.7447665056360708,0.013419216317767043,0.1878690284487386,
38,8.970746108427267,30.038915727321523,4.159957058507783,5.622651637144391,42.069243156199676,4.314278046162104,0.20799785292538917,3.9855072463768115,0.03354804079441761,0.39586688137412773,0.013419216317767043,0.1878690284487386,
39,8.950617283950617,29.22705314009662,4.206924315619967,5.287171229200215,33.353462157809986,3.44873859366613,0.23483628556092323,14.673913043478262,0.03354804079441761,0.3824476650563607,0.013419216317767043,0.1878690284487386,
40,8.930488459473967,29.086151368760063,4.260601180891036,5.233494363929147,33.17901234567901,3.2877079978529253,0.4495437466451959,14.673913043478262,0.03354804079441761,0.3824476650563607,0.013419216317767043,0.46967257112184646,
41,9.03113258185722,29.05931293612453,4.253891572732153,5.226784755770263,33.08507783145464,3.280998389694042,0.5099302200751477,14.65378421900161,0.03354804079441761,0.3824476650563607,0.013419216317767043,0.46967257112184646,
42,9.138486312399356,29.005636070853463,4.690016103059581,5.199946323134729,32.628824476650564,3.280998389694042,0.4830917874396135,14.65378421900161,0.03354804079441761,0.4025764895330113,0.013419216317767043,0.46967257112184646,
43,9.158615136876007,29.032474503488995,4.74369296833065,5.199946323134729,32.50134192163178,3.280998389694042,0.5099302200751477,14.65378421900161,0.03354804079441761,0.4025764895330113,0.013419216317767043,0.46967257112184646,
44,8.635265700483092,27.87842190016103,5.179817498658078,5.199946323134729,33.63526570048309,3.770799785292539,0.6172839506172839,14.090177133655395,0.03354804079441761,0.4025764895330113,0.013419216317767043,0.5434782608695652,
45,8.68894256575416,27.831454643048847,5.24020397208803,5.199946323134729,33.57487922705314,3.770799785292539,0.6105743424584005,14.090177133655395,0.03354804079441761,0.4025764895330113,0.013419216317767043,0.5434782608695652,
46,8.588298443370908,27.67042404723564,5.35426731078905,6.944444444444445,31.830381105743424,3.770799785292539,0.6105743424584005,14.237788513150832,0.03354804079441761,0.4025764895330113,0.013419216317767043,0.5434782608695652,
47,8.68894256575416,27.167203435319376,5.58239398819109,6.870638754696726,31.709608158883523,3.92512077294686,0.8319914117015567,14.231078904991948,0.03354804079441761,0.4025764895330113,0.013419216317767043,0.5434782608695652,
48,8.722490606548577,27.147074610842726,5.58239398819109,6.850509930220075,31.696188942565755,3.864734299516908,0.8319914117015567,14.231078904991948,0.07380568974771873,0.4428341384863124,0.013419216317767043,0.5434782608695652,
49,8.769457863660762,27.006172839506174,5.676328502415459,6.830381105743425,31.57541599570585,4.005636070853462,0.8319914117015567,14.029790660225443,0.07380568974771873,0.644122383252818,0.013419216317767043,0.5434782608695652,
50,8.84326355340848,26.979334406870638,5.676328502415459,6.790123456790123,31.44122383252818,4.005636070853462,0.9594739667203436,14.029790660225443,0.07380568974771873,0.644122383252818,0.013419216317767043,0.5434782608695652,
51,8.883521202361782,26.670692431561996,6.038647342995169,6.736446591519055,31.427804616210413,4.683306494900698,0.9594739667203436,13.372249060654857,0.07380568974771873,0.5971551261406334,0.013419216317767043,0.5434782608695652,
52,8.816425120772946,24.376006441223833,8.903650026838433,6.736446591519055,31.179549114331724,7.14573268921095,0.9863123993558777,10.406602254428341,0.07380568974771873,0.6977992485238862,0.013419216317767043,0.6642512077294686,
53,8.53462157809984,23.060923242082662,8.420558239398819,6.696188942565755,33.09849704777241,7.14573268921095,1.0735373054213635,10.393183038110575,0.07380568974771873,0.798443370907139,0.040257648953301126,0.6642512077294686,
54,8.568169618894256,23.027375201288244,8.420558239398819,6.696188942565755,32.950885668276975,7.14573268921095,1.221148684916801,10.393183038110575,0.07380568974771873,0.798443370907139,0.040257648953301126,0.6642512077294686,
55,8.333333333333334,20.40391841116479,7.7831454643048845,6.535158346752549,32.9374664519592,7.14573268921095,1.221148684916801,14.049919484702093,0.07380568974771873,0.8118625872249061,0.040257648953301126,0.6642512077294686,
56,8.460815888352121,20.397208803005906,7.7831454643048845,6.535158346752549,32.8972088030059,7.065217391304348,1.221148684916801,13.996242619431026,0.07380568974771873,0.8118625872249061,0.040257648953301126,0.7179280730005367,
57,8.59500805152979,20.128824476650564,7.769726247987117,6.494900697799249,32.769726247987116,7.601986044015029,1.247987117552335,13.667471819645733,0.07380568974771873,0.8923778851315083,0.040257648953301126,0.7179280730005367,
58,8.641975308641975,20.115405260332796,7.769726247987117,6.494900697799249,32.769726247987116,7.601986044015029,1.247987117552335,13.539989264626946,0.07380568974771873,0.8588298443370908,0.040257648953301126,0.8454106280193237,
59,8.568169618894256,19.840311325818572,7.957595276435856,6.400966183574879,32.82340311325819,7.300053676865271,1.261406333870102,13.526570048309178,0.07380568974771873,1.3888888888888888,0.040257648953301126,0.8185721953837896,
60,8.467525496511003,19.887278582930758,8.044820182501342,6.394256575415996,32.63553408480945,7.300053676865271,1.4224369296833066,13.526570048309178,0.07380568974771873,1.3888888888888888,0.040257648953301126,0.8185721953837896,
61,8.487654320987655,19.83360171765969,8.132045088566828,6.394256575415996,32.57514761137949,7.300053676865271,1.4224369296833066,13.493022007514762,0.07380568974771873,1.42914653784219,0.040257648953301126,0.8185721953837896,
62,8.541331186258722,19.639023081052066,8.333333333333334,6.293612453032743,32.380568974771876,7.192699946323135,1.6371443907675791,13.372249060654857,0.16774020397208803,1.4895330112721417,0.040257648953301126,0.9125067096081588,
63,8.568169618894256,19.565217391304348,8.400429414922169,6.293612453032743,32.27992485238862,7.078636607622115,1.7176596886741815,13.365539452495975,0.2885131508319914,1.4895330112721417,0.040257648953301126,0.9125067096081588,
64,8.735909822866345,19.410896403650028,8.340042941492216,6.280193236714976,31.924315619967793,7.0450885668276975,1.9457863660762211,13.446054750402576,0.2885131508319914,1.6304347826086956,0.040257648953301126,0.9125067096081588,
65,8.715780998389693,19.068706387546968,8.28636607622115,6.266774020397209,31.66935050993022,6.749865807836822,2.328234031132582,14.049919484702093,0.28180354267310787,1.6304347826086956,0.040257648953301126,0.9125067096081588,
66,8.78287707997853,19.061996779388085,7.977724100912507,6.139291465378422,31.5955448201825,6.66935050993022,2.328234031132582,13.94927536231884,0.28180354267310787,2.120236178207193,0.040257648953301126,1.0534084809447128,
67,8.68894256575416,19.061996779388085,7.977724100912507,6.139291465378422,31.642512077294686,6.649221685453569,2.395330112721417,13.94927536231884,0.28180354267310787,2.120236178207193,0.040257648953301126,1.0534084809447128,
68,8.568169618894256,18.92109500805153,7.977724100912507,7.286634460547504,30.730005367686527,6.649221685453569,2.4490069779924855,13.922436929683306,0.28180354267310787,2.120236178207193,0.040257648953301126,1.0534084809447128,
69,8.628556092324208,18.820450885668276,7.98443370907139,7.286634460547504,30.683038110574344,6.729736983360172,2.4490069779924855,13.895598497047773,0.28180354267310787,2.120236178207193,0.040257648953301126,1.0802469135802468,
70,8.836553945249598,18.800322061191626,7.98443370907139,7.25979602791197,30.656199677938808,6.729736983360172,2.4490069779924855,13.79495437466452,0.28180354267310787,2.1403650026838434,0.040257648953301126,1.0265700483091786,
71,8.82313472893183,18.646001073537306,8.044820182501342,7.25979602791197,30.3743961352657,6.837090713902308,2.7308105206655933,13.79495437466452,0.28180354267310787,2.1403650026838434,0.040257648953301126,1.0265700483091786,
72,8.923778851315083,18.55877616747182,8.158883521202362,7.25979602791197,30.253623188405797,6.890767579173376,2.7106816961889426,13.754696725711218,0.28180354267310787,2.1403650026838434,0.040257648953301126,1.0265700483091786,
73,8.970746108427267,18.47826086956522,8.232689210950081,7.232957595276436,30.233494363929147,6.8035426731078905,2.7106816961889426,13.687600644122384,0.32877079978529256,2.1403650026838434,0.15432098765432098,1.0265700483091786,
74,8.997584541062801,18.431293612453032,8.219269994632313,7.326892109500805,29.602791196994094,6.8035426731078905,3.280998389694042,13.687600644122384,0.32877079978529256,2.1403650026838434,0.15432098765432098,1.0265700483091786,
75,8.917069243156199,17.907944176060116,8.225979602791197,7.232957595276436,29.274020397208805,6.796833064949007,3.280998389694042,14.667203435319378,0.32877079978529256,2.187332259796028,0.19457863660762212,0.9863123993558777,
76,8.977455716586151,17.907944176060116,8.433977455716587,7.232957595276436,28.978797638217927,6.796833064949007,3.3480944712828773,14.42565754159957,0.3824476650563607,2.187332259796028,0.19457863660762212,1.133923778851315,
77,9.004294149221685,17.881105743424584,8.507783145464305,7.232957595276436,28.871443907675793,7.239667203435319,3.3950617283950617,14.049919484702093,0.3824476650563607,2.187332259796028,0.19457863660762212,1.0534084809447128,
78,9.004294149221685,17.74020397208803,8.648684916800859,7.273215244229737,28.844605475040257,7.212828770799785,3.408480944712829,14.049919484702093,0.3824476650563607,2.187332259796028,0.19457863660762212,1.0534084809447128,
79,9.05126140633387,17.70665593129361,8.749329039184111,7.273215244229737,28.73725174449812,7.179280730005368,3.4286097691894795,14.023081052066559,0.3824476650563607,2.187332259796028,0.2281266774020397,1.0534084809447128,
80,9.138486312399356,16.545893719806763,8.246108427267847,7.266505636070853,28.56280193236715,8.977455716586151,3.388352120236178,14.023081052066559,0.3824476650563607,2.187332259796028,0.2281266774020397,1.0534084809447128,
81,9.078099838969404,16.505636070853463,8.246108427267847,7.266505636070853,26.442565754159958,10.7085346215781,3.260869565217391,14.586688137412775,0.3824476650563607,2.120236178207193,0.3488996242619431,1.0534084809447128,
82,9.172034353193773,16.431830381105744,8.172302737520129,6.957863660762212,26.42914653784219,10.701825013419215,3.260869565217391,14.546430488459475,0.3824476650563607,2.4355877616747184,0.4294149221685454,1.0802469135802468,
83,9.219001610305957,16.364734299516908,8.232689210950081,6.884057971014493,26.362050456253353,10.218733225979603,3.4017713365539453,14.861782071927,0.5099302200751477,2.4355877616747184,0.4294149221685454,1.0802469135802468,
84,9.16532474503489,14.720880300590446,7.7831454643048845,6.863929146537842,26.207729468599034,9.836285560923242,3.4017713365539453,17.54562533548041,0.5099302200751477,2.428878153515835,0.4294149221685454,1.107085346215781,
85,9.245840042941492,14.720880300590446,7.7831454643048845,6.863929146537842,26.20101986044015,9.836285560923242,3.4017713365539453,17.518786902844873,0.5099302200751477,2.395330112721417,0.4294149221685454,1.093666129898014,
86,9.386741814278047,14.445786366076222,7.648953301127214,6.850509930220075,26.04669887278583,10.205314009661835,3.5091250670960816,17.478529253891573,0.5099302200751477,2.395330112721417,0.4294149221685454,1.093666129898014,
87,9.400161030595813,14.351851851851851,7.716049382716049,6.850509930220075,25.986312399355878,10.185185185185185,3.569511540526033,17.485238862050455,0.5099302200751477,2.3215244229736984,0.4294149221685454,1.1943102522812667,
88,9.54777241009125,14.338432635534085,7.716049382716049,6.843800322061192,25.939345142243692,10.165056360708535,3.569511540526033,17.398013955984972,0.5099302200751477,2.3349436392914655,0.4294149221685454,1.2077294685990339,
89,9.71551261406334,14.345142243692969,7.776435856146001,6.843800322061192,25.85212023617821,10.111379495437467,3.569511540526033,17.270531400966185,0.5434782608695652,2.3349436392914655,0.4294149221685454,1.2077294685990339,
90,9.77589908749329,14.257917337627482,7.769726247987117,6.810252281266774,25.925925925925927,10.111379495437467,3.569511540526033,17.23027375201288,0.5434782608695652,2.368491680085883,0.4294149221685454,1.2077294685990339,
91,9.842995169082126,14.257917337627482,7.769726247987117,6.810252281266774,25.905797101449274,10.077831454643048,3.569511540526033,17.08937198067633,0.5434782608695652,2.368491680085883,0.4294149221685454,1.3352120236178207,
92,9.936929683306495,14.257917337627482,7.769726247987117,6.78341384863124,25.704508856682768,10.104669887278583,3.7104133118625873,17.05582393988191,0.5434782608695652,2.368491680085883,0.4294149221685454,1.3352120236178207,
93,10.017444981213098,14.257917337627482,7.75630703166935,6.78341384863124,25.657541599570585,10.104669887278583,3.8848631239935587,16.908212560386474,0.5434782608695652,2.301395598497048,0.4294149221685454,1.3553408480944713,
94,9.977187332259795,14.237788513150832,7.75630703166935,8.246108427267847,25.650831991411703,10.104669887278583,3.8848631239935587,15.660225442834138,0.46296296296296297,2.26784755770263,0.4294149221685454,1.3217928073000538,
95,10.044283413848632,14.237788513150832,7.75630703166935,8.246108427267847,25.509930220075148,10.091250670960816,3.9855072463768115,15.58641975308642,0.46296296296296297,2.3215244229736984,0.4428341384863124,1.3150831991411702,
96,10.091250670960816,14.029790660225443,5.6964573268921095,11.513687600644122,25.40257648953301,9.916800858829845,3.9318303811057436,15.203972088030058,0.46296296296296297,2.2745571658615136,0.2952227589908749,1.1808910359634996,
97,10.205314009661835,14.029790660225443,5.669618894256575,11.453301127214171,25.281803542673106,9.916800858829845,4.032474503488996,15.197262479871176,0.46296296296296297,2.2745571658615136,0.2952227589908749,1.1808910359634996,
98,10.225442834138486,13.955984970477724,5.649490069779925,13.989533011272142,24.261943102522814,9.024422973698336,3.603059581320451,15.411969940955448,0.46296296296296297,2.2410091250670963,0.2952227589908749,0.8789586688137413,
99,10.111379495437467,14.083467525496511,5.642780461621041,13.976113794954374,24.261943102522814,9.024422973698336,3.603059581320451,15.405260332796564,0.46296296296296297,2.254428341384863,0.2952227589908749,0.8789586688137413,
100,10.225442834138486,14.056629092860977,5.642780461621041,13.828502415458937,24.214975845410628,9.145195920558239,3.629898013955985,15.385131508319914,0.46296296296296297,2.2342995169082127,0.2952227589908749,0.8789586688137413,
101,10.057702630166398,13.989533011272142,5.770263016639828,13.801663982823403,24.879227053140095,8.460815888352121,4.05931293612453,15.11003757380569,0.46296296296296297,2.2342995169082127,0.2952227589908749,0.8789586688137413,
102,10.044283413848632,13.969404186795492,5.837359098228664,13.801663982823403,24.812130971551262,8.413848631239935,4.019055287171229,15.150295222758992,0.5434782608695652,2.2342995169082127,0.2952227589908749,0.8789586688137413,
103,10.11808910359635,13.935856146001074,5.837359098228664,13.801663982823403,24.785292538915726,8.413848631239935,4.019055287171229,15.08990874932904,0.5367686527106817,2.2342995169082127,0.2952227589908749,0.9326355340848095,
104,10.218733225979603,13.915727321524423,6.367418142780462,13.70101986044015,24.416264090177133,8.413848631239935,4.012345679012346,15.022812667740205,0.5367686527106817,2.1940418679549114,0.2952227589908749,0.9057971014492754,
105,10.23215244229737,13.895598497047773,6.454643048845948,13.6808910359635,24.402844873859365,8.413848631239935,3.911701556629093,15.049651100375739,0.5367686527106817,2.2208803005904456,0.2952227589908749,0.9057971014492754,
106,10.339506172839506,13.875469672571121,6.4412238325281805,13.58695652173913,24.349168008588297,8.232689210950081,4.025764895330113,15.03623188405797,0.5367686527106817,2.200751476113795,0.2952227589908749,1.0802469135802468,
107,10.25228126677402,13.788244766505636,6.508319914117015,13.251476113794954,24.268652710681696,8.172302737520129,3.9720880300590444,15.92860976918948,0.5367686527106817,1.90552871712292,0.2952227589908749,1.1205045625335481,
108,10.406602254428341,13.734567901234568,6.561996779388084,13.24476650563607,24.154589371980677,8.232689210950081,3.9452495974235107,15.895061728395062,0.5367686527106817,1.8719806763285025,0.2952227589908749,1.1205045625335481,
109,10.379763821792807,13.633923778851315,6.662640901771336,13.231347289318304,24.02710681696189,8.232689210950081,4.408212560386473,15.391841116478798,0.47638217928073,2.15378421900161,0.2952227589908749,1.107085346215781,
110,10.379763821792807,13.607085346215781,6.689479334406871,13.231347289318304,23.89291465378422,8.232689210950081,4.542404723564144,15.391841116478798,0.47638217928073,2.15378421900161,0.2952227589908749,1.107085346215781,
111,10.466988727858293,13.425925925925926,6.910896403650026,13.217928073000536,23.765432098765434,8.179012345679013,4.542404723564144,15.365002683843263,0.47638217928073,2.24771873322598,0.2952227589908749,1.107085346215781,
112,10.567632850241546,13.425925925925926,6.904186795491143,13.144122383252817,23.61111111111111,8.152173913043478,4.703435319377348,15.318035426731079,0.47638217928073,2.2946859903381642,0.2952227589908749,1.107085346215781,
113,10.279119699409554,11.996779388083736,6.830381105743425,13.110574342458401,24.053945249597422,8.467525496511003,4.804079441760601,16.33118625872249,0.46296296296296297,2.2611379495437465,0.2952227589908749,1.107085346215781,
114,10.198604401502953,11.996779388083736,9.27938808373591,13.077026301663983,22.088030059044552,8.467525496511003,4.435050993022007,16.33118625872249,0.46296296296296297,2.2611379495437465,0.2952227589908749,1.107085346215781,
115,10.178475577026301,11.996779388083736,9.27938808373591,13.077026301663983,22.128287707997853,8.407139023081053,4.3545356951154055,16.391572732152444,0.46296296296296297,2.2611379495437465,0.35560923242082665,1.107085346215781,
116,10.111379495437467,11.963231347289318,9.306226516371444,12.97638217928073,22.12157809983897,8.407139023081053,4.643048845947397,16.223832528180353,0.5367686527106817,2.214170692431562,0.35560923242082665,1.1406333870101986,
117,10.11808910359635,11.943102522812667,9.23913043478261,12.97638217928073,22.12157809983897,8.427267847557703,4.643048845947397,16.21712292002147,0.5367686527106817,2.214170692431562,0.4227053140096618,1.1406333870101986,
118,10.205314009661835,11.862587224906065,9.192163177670425,12.97638217928073,22.094739667203434,8.494363929146537,4.656468062265164,16.15673644659152,0.5367686527106817,2.214170692431562,0.4227053140096618,1.1876006441223832,
119,10.245571658615138,11.862587224906065,9.192163177670425,12.902576489533011,22.061191626409016,8.494363929146537,4.683306494900698,16.11647879763822,0.5367686527106817,2.2946859903381642,0.4227053140096618,1.1876006441223832,
120,10.326086956521738,11.842458400429415,9.138486312399356,12.835480407944177,22.061191626409016,8.494363929146537,4.683306494900698,16.170155662909288,0.5367686527106817,2.3215244229736984,0.4025764895330113,1.1876006441223832,
121,10.406602254428341,11.741814278046162,9.29951690821256,12.835480407944177,21.987385936661298,8.541331186258722,4.656468062265164,16.1231884057971,0.5367686527106817,2.3215244229736984,0.4025764895330113,1.1473429951690821,
122,10.453569511540525,11.540526033279656,9.138486312399356,12.701288244766506,21.77938808373591,8.863392377885132,4.931561996779388,15.96886741814278,0.5099302200751477,2.442297369833602,0.4025764895330113,1.2681159420289856,
123,10.379763821792807,11.272141706924316,9.39345142243693,12.701288244766506,21.906870638754697,8.84326355340848,4.931561996779388,15.94873859366613,0.5099302200751477,2.442297369833602,0.4025764895330113,1.2681159420289856,
124,10.312667740203972,10.775630703166936,9.198872785829307,12.68786902844874,24.792002147074612,7.159151905528717,4.931561996779388,15.92860976918948,0.35560923242082665,2.509393451422437,0.1878690284487386,1.1607622114868492,
125,10.312667740203972,10.775630703166936,9.198872785829307,12.68786902844874,24.771873322597962,7.159151905528717,4.951690821256038,15.92860976918948,0.35560923242082665,2.509393451422437,0.1878690284487386,1.1607622114868492,
126,10.379763821792807,10.775630703166936,9.346484165324744,12.654320987654321,24.724906065485776,7.159151905528717,4.944981213097155,15.888352120236178,0.35560923242082665,2.5429414922168547,0.1878690284487386,1.0399892646269457,
127,10.507246376811594,10.735373054213634,9.29951690821256,12.640901771336553,24.691358024691358,7.132313472893183,4.985238862050457,15.854804079441761,0.33548040794417605,2.5429414922168547,0.1878690284487386,1.0869565217391304,
128,10.507246376811594,10.681696188942565,9.29951690821256,12.151100375738057,24.691358024691358,7.132313472893183,4.985238862050457,16.344605475040257,0.33548040794417605,2.5966183574879227,0.1878690284487386,1.0869565217391304,
129,10.34621578099839,10.332796564680622,8.957326892109501,15.03623188405797,23.792270531400966,7.018250134192163,4.74369296833065,15.814546430488459,0.33548040794417605,2.395330112721417,0.1878690284487386,1.0399892646269457,
130,10.373054213633925,10.332796564680622,9.044551798174986,15.029522275899087,23.772141706924316,7.018250134192163,4.74369296833065,15.794417606011809,0.33548040794417605,2.328234031132582,0.1878690284487386,1.0399892646269457,
131,10.34621578099839,10.332796564680622,9.044551798174986,15.029522275899087,23.564143853998928,7.232957595276436,4.7638217928073,15.794417606011809,0.33548040794417605,2.328234031132582,0.1878690284487386,1.0399892646269457,
132,10.426731078904991,10.292538915727322,9.064680622651638,15.13016639828234,23.463499731615673,7.1725711218464845,4.669887278582931,15.874932903918411,0.33548040794417605,2.341653247450349,0.1878690284487386,1.0399892646269457,
133,10.433440687063875,10.19189479334407,9.044551798174986,15.13016639828234,23.45679012345679,7.226247987117552,4.669887278582931,15.874932903918411,0.33548040794417605,2.408749329039184,0.1878690284487386,1.0399892646269457,
134,10.540794417606012,10.171765968867419,9.044551798174986,15.116747181964573,23.45679012345679,7.1725711218464845,4.669887278582931,15.801127214170693,0.33548040794417605,2.408749329039184,0.24154589371980675,1.0399892646269457,
135,10.59447128287708,10.165056360708535,9.03113258185722,15.13016639828234,23.255501878690286,7.1725711218464845,4.938271604938271,15.687063875469672,0.33548040794417605,2.408749329039184,0.24154589371980675,1.0399892646269457,
136,10.628019323671497,10.151637144390767,9.03113258185722,15.11003757380569,23.255501878690286,7.152442297369833,4.938271604938271,15.646806226516372,0.43612453032742887,2.408749329039184,0.24154589371980675,0.9997316156736447,
137,10.695115405260333,10.077831454643048,9.091519055287172,15.069779924852389,23.22866344605475,7.152442297369833,4.924852388620504,15.646806226516372,0.43612453032742887,2.4355877616747184,0.24154589371980675,0.9997316156736447,
138,10.715244229736983,10.077831454643048,9.091519055287172,15.069779924852389,23.221953837895867,7.139023081052066,4.924852388620504,15.633387010198604,0.4495437466451959,2.4154589371980677,0.24154589371980675,1.0198604401502953,
139,10.72866344605475,10.077831454643048,9.091519055287172,15.056360708534621,23.221953837895867,7.139023081052066,4.924852388620504,15.633387010198604,0.4495437466451959,2.4154589371980677,0.24154589371980675,1.0198604401502953,
140,10.84272678475577,10.050993022007514,9.131776704240472,15.042941492216855,23.141438539989263,7.139023081052066,4.951690821256038,15.573000536768653,0.4495437466451959,2.4154589371980677,0.24154589371980675,1.0198604401502953,
141,10.856146001073537,10.050993022007514,9.158615136876007,15.009393451422437,23.1280193236715,7.132313472893183,4.951690821256038,15.559581320450885,0.4495437466451959,2.442297369833602,0.24154589371980675,1.0198604401502953,
142,10.876274825550189,9.96376811594203,9.473966720343531,15.009393451422437,22.765700483091788,6.998121309715513,5.173107890499195,15.666935050993022,0.4294149221685454,2.442297369833602,0.1878690284487386,1.0131508319914118,
143,10.466988727858293,9.86983360171766,9.326355340848094,16.404991948470208,21.967257112184647,6.957863660762212,5.2066559312936125,15.593129361245303,0.4562533548040794,2.5496511003757383,0.1878690284487386,1.0131508319914118,
144,10.50053676865271,9.856414385399892,9.31964573268921,16.404991948470208,21.953837895866883,6.971282877079979,5.2066559312936125,15.579710144927537,0.4562533548040794,2.5496511003757383,0.1878690284487386,1.0131508319914118,
145,10.567632850241546,9.856414385399892,9.433709071390231,16.391572732152444,21.75925925925926,6.971282877079979,5.320719269994632,15.505904455179817,0.4562533548040794,2.536231884057971,0.1878690284487386,1.0131508319914118,
146,10.581052066559312,9.856414385399892,9.433709071390231,16.451959205582394,21.69887278582931,7.232957595276436,5.2066559312936125,15.438808373590982,0.4562533548040794,2.4691358024691357,0.1878690284487386,0.9863123993558777,
147,10.587761674718196,9.77589908749329,9.789318303811058,16.17686527106817,21.62506709608159,7.212828770799785,5.233494363929147,15.385131508319914,0.4562533548040794,2.5831991411701556,0.1878690284487386,0.9863123993558777,
148,10.587761674718196,9.73564143853999,9.75577026301664,16.17686527106817,21.316425120772948,7.125603864734299,5.5689747718733225,15.385131508319914,0.4562533548040794,2.5831991411701556,0.1878690284487386,1.1205045625335481,
149,10.607890499194847,9.440418679549115,9.66183574879227,16.076221148684915,21.26274825550188,7.702630166398282,5.562265163714439,15.304616210413311,0.4562533548040794,2.6167471819645733,0.1878690284487386,1.1205045625335481,
150,10.661567364465915,9.460547504025765,9.695383789586689,16.076221148684915,21.22920021470746,7.682501341921632,5.5689747718733225,15.271068169618895,0.4562533548040794,2.589908749329039,0.1878690284487386,1.1205045625335481,
151,10.72866344605475,9.460547504025765,9.601449275362318,16.015834675254965,21.182232957595275,7.669082125603865,5.5689747718733225,15.24422973698336,0.4562533548040794,2.61003757380569,0.2952227589908749,1.1674718196457328,
152,10.755501878690284,9.406870638754697,9.621578099838969,15.901771336553946,21.048040794417606,7.669082125603865,5.776972624798712,15.297906602254429,0.4562533548040794,2.6033279656468062,0.2952227589908749,1.1674718196457328,
153,10.789049919484702,9.453837895866881,9.494095544820183,15.780998389694043,21.007783145464305,7.702630166398282,5.891035963499732,15.22410091250671,0.47638217928073,2.6033279656468062,0.2952227589908749,1.2815351583467525,
154,10.789049919484702,9.453837895866881,9.514224369296834,15.774288781535159,20.994363929146537,7.702630166398282,5.870907139023081,15.26435856146001,0.47638217928073,2.5831991411701556,0.2952227589908749,1.2815351583467525,
155,10.82259796027912,9.453837895866881,9.514224369296834,15.774288781535159,20.8870101986044,7.702630166398282,5.9447128287707995,15.26435856146001,0.47638217928073,2.5831991411701556,0.2952227589908749,1.2815351583467525,
156,10.869565217391305,9.138486312399356,9.433709071390231,15.646806226516372,19.659151905528716,7.7361782071927,5.71658615136876,17.163177670424048,0.47638217928073,2.5831991411701556,0.2952227589908749,1.2815351583467525,
157,10.93666129898014,9.138486312399356,9.896672034353195,15.566290928609769,19.276704240472355,7.722758990874933,5.676328502415459,17.12962962962963,0.47638217928073,2.5831991411701556,0.2952227589908749,1.3016639828234031,
158,11.023886205045626,9.091519055287172,9.916800858829845,15.425389157273216,19.249865807836823,7.836822329575953,5.703166935050993,17.10950080515298,0.47638217928073,2.5697799248523885,0.2952227589908749,1.3016639828234031,
159,10.923242082662373,8.756038647342995,9.54777241009125,14.546430488459475,20.8870101986044,7.581857219538379,5.689747718733226,17.53220611916264,0.47638217928073,2.5563607085346214,0.24825550187869028,1.2546967257112185,
160,11.064143853998926,8.722490606548577,9.614868491680086,14.533011272141707,20.860171765968868,7.48792270531401,5.669618894256575,17.478529253891573,0.47638217928073,2.589908749329039,0.24825550187869028,1.2546967257112185,
161,11.151368760064413,8.702361782071927,9.634997316156737,14.338432635534085,20.82662372517445,7.427536231884058,5.656199677938808,17.478529253891573,0.5099302200751477,2.703972088030059,0.24825550187869028,1.247987117552335,0.07380568974771873
162,11.225174449812132,8.702361782071927,9.54777241009125,14.284755770263017,20.739398819108963,7.50805152979066,5.750134192163178,17.45169082125604,0.5099302200751477,2.6838432635534084,0.24825550187869028,1.2748255501878691,0.07380568974771873
163,11.238593666129898,8.702361782071927,9.534353193773484,14.284755770263017,20.73268921095008,7.5348899624261945,5.730005367686527,17.45169082125604,0.5099302200751477,2.6838432635534084,0.24825550187869028,1.2748255501878691,0.07380568974771873
164,11.292270531400966,8.662104133118627,9.534353193773484,14.244498121309716,20.73268921095008,7.5348899624261945,5.71658615136876,17.45169082125604,0.5099302200751477,2.7241009125067097,0.24825550187869028,1.2748255501878691,0.07380568974771873
165,11.171497584541063,8.635265700483092,9.433709071390231,14.150563607085346,20.35024154589372,9.044551798174986,5.159688674181428,17.236983360171767,0.5099302200751477,2.7106816961889426,0.24825550187869028,1.2748255501878691,0.07380568974771873
166,11.07085346215781,8.635265700483092,9.554482018250134,14.002952227589908,20.242887815351583,9.292807300053678,5.622651637144391,16.72705314009662,0.5099302200751477,2.7442297369833604,0.24825550187869028,1.2748255501878691,0.07380568974771873
167,11.05072463768116,8.420558239398819,9.822866344605474,13.996242619431026,20.242887815351583,9.252549651100376,5.622651637144391,16.63311862587225,0.5099302200751477,2.898550724637681,0.24825550187869028,1.2278582930756843,0.07380568974771873
168,11.104401502952227,8.413848631239935,9.809447128287708,13.996242619431026,20.2361782071927,9.339774557165862,5.508588298443371,16.63311862587225,0.5099302200751477,2.898550724637681,0.24825550187869028,1.2278582930756843,0.07380568974771873
169,10.983628556092324,7.7898550724637685,9.554482018250134,16.59957058507783,20.155662909286097,8.809715512614064,5.488459473966721,15.881642512077295,0.48980139559849706,2.690552871712292,0.24825550187869028,1.2345679012345678,0.07380568974771873
170,10.976918947933441,7.521470746108427,9.594739667203436,16.75389157273215,19.90740740740741,9.219001610305957,5.441492216854535,15.814546430488459,0.48980139559849706,2.690552871712292,0.24825550187869028,1.2681159420289856,0.07380568974771873
171,11.044015029522276,7.521470746108427,9.473966720343531,16.398282340311326,19.880568974771872,9.192163177670425,5.441492216854535,16.19699409554482,0.5166398282340311,2.7509393451422435,0.24825550187869028,1.261406333870102,0.07380568974771873
172,11.044015029522276,7.461084272678476,8.76274825550188,19.07541599570585,19.424315619967793,9.05126140633387,5.246913580246914,15.210681696188942,0.5166398282340311,2.623456790123457,0.24825550187869028,1.261406333870102,0.07380568974771873
173,11.044015029522276,7.387278582930757,8.601717659688674,19.07541599570585,19.343800322061192,9.292807300053678,5.22007514761138,15.190552871712292,0.5166398282340311,2.623456790123457,0.36902844873859364,1.261406333870102,0.07380568974771873
174,11.097691894793345,7.367149758454106,8.601717659688674,18.9345142243693,19.176060118089104,9.286097691894794,5.381105743424584,15.190552871712292,0.5166398282340311,2.7442297369833604,0.36902844873859364,1.261406333870102,0.07380568974771873
175,11.124530327428879,7.367149758454106,8.601717659688674,18.914385399892645,19.14922168545357,9.25925925925926,5.414653784219001,15.190552871712292,0.5166398282340311,2.7308105206655933,0.39586688137412773,1.261406333870102,0.07380568974771873
176,10.93666129898014,7.306763285024155,8.252818035426731,18.230005367686527,18.391035963499732,8.910359634997317,5.159688674181428,17.72007514761138,0.5166398282340311,2.7308105206655933,0.43612453032742887,1.3352120236178207,0.07380568974771873
177,10.399892646269459,7.112184648416532,7.4208266237251745,21.175523349436393,17.52549651100376,8.903650026838433,5.0791733762748255,17.357756307031668,0.5166398282340311,2.7241009125067097,0.43612453032742887,1.3352120236178207,0.013419216317767043
178,10.487117552334944,7.112184648416532,7.326892109500805,21.108427267847556,17.498658078368223,8.890230810520666,5.10601180891036,17.398013955984972,0.5166398282340311,2.7777777777777777,0.43612453032742887,1.328502415458937,0.013419216317767043
179,10.38647342995169,7.112184648416532,7.232957595276436,20.79307568438003,17.404723564143854,8.84326355340848,5.226784755770263,17.827428878153516,0.5166398282340311,2.7777777777777777,0.5434782608695652,1.3217928073000538,0.013419216317767043
180,10.473698336017177,7.112184648416532,7.14573268921095,20.77294685990338,17.37788513150832,8.930488459473967,5.186527106816962,17.840848094471284,0.5166398282340311,2.7643585614600106,0.5434782608695652,1.3217928073000538,0.013419216317767043
181,10.628019323671497,7.03166935050993,7.226247987117552,20.71256038647343,17.277241009125067,8.923778851315083,5.186527106816962,17.76033279656468,0.5166398282340311,2.818035426731079,0.5434782608695652,1.3620504562533549,0.013419216317767043
182,10.829307568438002,6.998121309715513,7.206119162640902,20.544820182501343,17.19001610305958,8.957326892109501,5.300590445517981,17.726784755770264,0.5166398282340311,2.8113258185721954,0.5434782608695652,1.3620504562533549,0.013419216317767043
183,10.782340311325818,7.018250134192163,7.575147611379496,20.44417606011809,17.07595276435856,9.064680622651638,5.287171229200215,17.37788513150832,0.5166398282340311,2.9388083735909825,0.5434782608695652,1.3620504562533549,0.013419216317767043
184,10.768921095008052,6.957863660762212,7.501341921631776,20.229468599033815,17.028985507246375,9.151905528717123,5.287171229200215,17.713365539452496,0.5636070853462157,2.8515834675254963,0.5434782608695652,1.3888888888888888,0.013419216317767043
