,45,50,51,52,55,54,57,59,53,58,56,60,61,62,46
0,99.10762211486849,0.8923778851315083,,,,,,,,,,,,,
1,98.62453032742887,1.3754696725711217,,,,,,,,,,,,,
2,97.2691894793344,2.5697799248523885,0.1610305958132045,,,,,,,,,,,,
3,96.87332259796028,2.965646806226516,0.1610305958132045,,,,,,,,,,,,
4,96.0882984433709,3.750670960815888,0.1610305958132045,,,,,,,,,,,,
5,94.88727858293076,4.951690821256038,0.1610305958132045,,,,,,,,,,,,
6,93.57219538378959,6.179549114331723,0.1610305958132045,0.08722490606548577,,,,,,,,,,,
7,81.94444444444444,17.05582393988191,0.06038647342995169,0.08722490606548577,0.8521202361782072,,,,,,,,,,
8,81.28019323671498,17.67981749865808,0.08051529790660225,0.08722490606548577,0.8722490606548577,,,,,,,,,,
9,67.82742887815351,31.072195383789587,0.07380568974771873,0.08722490606548577,0.9393451422436929,,,,,,,,,,
10,67.41143317230274,31.38083735909823,0.07380568974771873,0.08722490606548577,1.0466988727858293,,,,,,,,,,
11,66.0829307568438,32.447665056360705,0.11406333870101985,0.08722490606548577,1.2681159420289856,,,,,,,,,,
12,61.2385936661299,36.594202898550726,0.0939345142243693,0.1878690284487386,1.8853998926462694,,,,,,,,,,
13,60.72866344605475,36.91626409017714,0.0939345142243693,0.1878690284487386,2.073268921095008,,,,,,,,,,
14,39.60681696188943,58.43397745571659,0.12077294685990338,0.17444981213097155,1.6639828234031133,,,,,,,,,,
15,39.46591519055287,57.94417606011809,0.12077294685990338,0.17444981213097155,2.2946859903381642,,,,,,,,,,
16,38.84192163177671,57.48792270531401,0.19457863660762212,1.1137949543746646,2.3617820719269993,,,,,,,,,,
17,32.17928073000537,58.2662372517445,1.107085346215781,1.0735373054213635,2.2946859903381642,4.938271604938271,0.040257648953301126,0.10064412238325282,,,,,,,
18,31.11916264090177,59.11835748792271,1.0869565217391304,1.0869565217391304,2.475845410628019,4.898013955984971,0.040257648953301126,0.14090177133655393,0.03354804079441761,,,,,,
19,30.790391841116477,58.782877079978526,1.0869565217391304,1.0802469135802468,2.804616210413312,4.931561996779388,0.27509393451422437,0.14090177133655393,0.10735373054213634,,,,,,
20,28.462157809983896,52.97906602254428,1.2546967257112185,10.091250670960816,2.831454643048846,3.8580246913580245,0.27509393451422437,0.14090177133655393,0.10735373054213634,,,,,,
21,27.214170692431562,52.20746108427268,6.944444444444445,6.179549114331723,3.0730005367686526,3.8580246913580245,0.27509393451422437,0.14090177133655393,0.10735373054213634,,,,,,
22,27.01959205582394,52.02630166398282,6.944444444444445,5.991680085882985,3.3950617283950617,4.086151368760064,0.23483628556092323,0.14090177133655393,0.10735373054213634,0.05367686527106817,,,,,
23,26.737788513150832,51.892109500805155,6.944444444444445,5.991680085882985,3.7640901771336552,4.086151368760064,0.23483628556092323,0.14090177133655393,0.15432098765432098,0.05367686527106817,,,,,
24,8.420558239398819,84.95705850778315,0.9997316156736447,0.11406333870101985,1.583467525496511,,,,3.92512077294686,,,,,,
25,8.454106280193237,84.7289318303811,0.9997316156736447,0.11406333870101985,1.7176596886741815,,0.06038647342995169,,3.7909286097691894,0.13419216317767044,,,,,
26,8.501073537305421,83.93719806763285,0.9997316156736447,0.11406333870101985,2.475845410628019,,0.04696725711218465,,3.7909286097691894,0.13419216317767044,,,,,
27,8.507783145464305,83.11191626409018,0.8655394524959742,0.11406333870101985,3.2877079978529253,,0.04696725711218465,,3.7909286097691894,0.13419216317767044,0.14090177133655393,,,,
28,8.541331186258722,81.87734836285561,0.8789586688137413,0.11406333870101985,4.394793344068707,0.08051529790660225,0.04696725711218465,,3.7909286097691894,0.13419216317767044,0.14090177133655393,,,,
29,7.092055823939882,80.64278046162104,3.2340311325818574,0.11406333870101985,4.723564143853999,0.08051529790660225,0.04696725711218465,,3.7573805689747717,0.16774020397208803,0.14090177133655393,,,,
30,7.058507783145465,70.65888352120236,3.2206119162640903,10.124798711755233,4.555823939881911,0.08051529790660225,0.19457863660762212,,3.7573805689747717,0.16774020397208803,0.18115942028985507,,,,
31,7.004830917874396,70.51798174986581,3.2004830917874396,10.084541062801932,4.757112184648417,0.08051529790660225,0.2214170692431562,,3.784219001610306,0.16774020397208803,0.18115942028985507,,,,
32,5.4549114331723025,37.1309715512614,53.11325818572195,1.2412775093934514,2.6301663982823404,0.08051529790660225,0.020128824476650563,,0.07380568974771873,,0.2549651100375738,,,,
33,5.448201825013419,37.084004294149224,40.042941492216855,1.2412775093934514,2.6301663982823404,0.08051529790660225,0.020128824476650563,,12.895866881374127,0.30864197530864196,0.24825550187869028,,,,
34,5.287171229200215,36.211755233494365,39.231078904991946,0.9326355340848095,2.771068169618894,0.08051529790660225,0.06038647342995169,,13.821792807300053,0.4227053140096618,1.1808910359634996,,,,
35,5.300590445517981,35.487117552334944,38.7614063338701,0.9326355340848095,3.4286097691894795,0.20128824476650564,0.17444981213097155,,13.774825550187868,0.4562533548040794,1.482823403113258,,,,
36,5.320719269994632,34.48067632850242,36.48684916800859,0.9326355340848095,7.635534084809447,0.20128824476650564,0.13419216317767044,,12.305421363392378,0.5770263016639828,1.9256575415995705,,,,
37,5.253623188405797,33.85668276972625,36.36607622114869,0.9326355340848095,8.225979602791197,0.2147074610842727,0.13419216317767044,,12.285292538915728,0.5971551261406334,2.13365539452496,,,,
38,5.347557702630167,33.7962962962963,36.10440150295223,0.9326355340848095,8.179012345679013,0.2147074610842727,0.13419216317767044,,12.278582930756844,0.5971551261406334,2.328234031132582,0.08722490606548577,,,
39,5.35426731078905,33.47423510466989,36.05072463768116,0.9326355340848095,8.521202361782072,0.2147074610842727,0.13419216317767044,,12.104133118625873,0.7514761137949544,2.3752012882447664,0.08722490606548577,,,
40,5.320719269994632,32.15244229736983,37.57380568974772,0.9326355340848095,8.883521202361782,0.2147074610842727,0.13419216317767044,,11.131239935587761,0.7581857219538379,2.757648953301127,0.14090177133655393,,,
41,5.320719269994632,30.790391841116477,37.446323134728935,0.9326355340848095,10.265700483091788,0.2147074610842727,0.13419216317767044,,11.084272678475577,0.7581857219538379,2.9119699409554483,0.14090177133655393,,,
42,5.287171229200215,30.12614063338701,29.542404723564143,13.6808910359635,10.44015029522276,0.5703166935050993,0.13419216317767044,0.12077294685990338,6.575415995705851,0.7581857219538379,2.6167471819645733,0.14761137949543746,,,
43,5.253623188405797,29.938271604938272,29.51556629092861,13.674181427804616,10.621309715512615,0.5703166935050993,0.14761137949543746,0.12077294685990338,6.521739130434782,0.8118625872249061,2.6637144390767578,0.1610305958132045,,,
44,5.166398282340311,29.61621041331186,29.180085882984432,13.533279656468062,10.950080515297907,0.5703166935050993,0.14761137949543746,0.12077294685990338,6.595544820182502,0.8118625872249061,3.1468062265163717,0.1610305958132045,,,
45,5.005367686527107,29.274020397208805,27.455716586151368,15.425389157273216,11.137949543746645,0.5434782608695652,0.23483628556092323,0.12077294685990338,6.642512077294686,0.8521202361782072,3.1468062265163717,0.1610305958132045,,,
46,4.9718196457326895,29.01905528717123,27.355072463768117,15.35829307568438,11.43317230273752,0.5501878690284487,0.23483628556092323,0.12077294685990338,6.642512077294686,0.9594739667203436,3.193773483628556,0.1610305958132045,,,
47,5.005367686527107,27.985775630703166,27.26784755770263,15.271068169618895,12.573805689747719,0.5501878690284487,0.30864197530864196,0.12077294685990338,6.535158346752549,0.9863123993558777,3.2340311325818574,0.1610305958132045,,,
48,5.025496511003757,27.012882447665056,26.455984970477726,15.123456790123457,14.049919484702093,0.5501878690284487,0.3824476650563607,0.12077294685990338,6.481481481481482,1.0534084809447128,3.408480944712829,0.33548040794417605,,,
49,5.032206119162641,26.986044015029524,26.362050456253353,14.915458937198068,14.163982823403114,0.5434782608695652,0.6172839506172839,0.12077294685990338,6.407675791733762,1.093666129898014,3.421900161030596,0.33548040794417605,,,
50,4.9718196457326895,23.60440150295223,23.65136876006441,14.949006977992486,15.083199141170155,0.5434782608695652,0.5770263016639828,0.12077294685990338,11.83574879227053,1.3217928073000538,3.0193236714975846,0.322061191626409,,,
51,4.9651100375738055,23.262211486849168,23.537305421363392,14.935587761674718,15.485775630703166,0.5434782608695652,0.5770263016639828,0.12077294685990338,11.83574879227053,1.3217928073000538,3.0931293612453032,0.322061191626409,,,
52,4.884594739667204,23.235373054213635,23.483628556092324,14.680622651637144,15.593129361245303,0.5434782608695652,0.5770263016639828,0.12077294685990338,11.81561996779388,1.596886741814278,3.1468062265163717,0.322061191626409,,,
53,4.790660225442834,23.1682769726248,23.295759527643586,16.1231884057971,15.854804079441761,0.5434782608695652,0.5904455179817498,0.12077294685990338,10.332796564680622,1.6572732152442298,3.2004830917874396,0.322061191626409,,,
54,4.750402576489533,21.571390230810522,23.15485775630703,20.175791733762747,13.493022007514762,0.4092860976918948,0.8789586688137413,0.12077294685990338,10.171765968867419,1.7444981213097155,3.207192699946323,0.322061191626409,,,
55,4.7101449275362315,21.410359634997317,22.893183038110575,20.075147611379496,13.358829844337091,0.7514761137949544,0.8789586688137413,0.12077294685990338,10.0979602791197,1.7579173376274826,3.6231884057971016,0.322061191626409,,,
56,4.696725711218465,21.16881374127751,22.61808910359635,19.592055823939884,13.405797101449275,0.7514761137949544,1.9189479334406871,0.12077294685990338,9.782608695652174,1.8786902844873858,3.6366076221148687,0.4294149221685454,,,
57,4.51556629092861,20.90042941492217,20.397208803005906,18.511808910359633,13.063607085346217,0.785024154589372,2.0397208803005906,0.12077294685990338,13.506441223832528,1.6639828234031133,3.9720880300590444,0.5233494363929146,,,
58,4.166666666666667,20.417337627482556,19.28341384863124,16.63311862587225,11.694847020933977,4.1129898013955986,1.7713365539452497,0.12077294685990338,14.13714439076758,1.8853998926462694,5.360976918947934,0.41599570585077833,,,
59,4.166666666666667,20.40391841116479,18.887546967257112,15.60654857756307,11.708266237251744,4.159957058507783,1.7310789049919484,0.12077294685990338,14.083467525496511,1.7713365539452497,6.904186795491143,0.41599570585077833,0.040257648953301126,,
60,4.139828234031133,20.02818035426731,17.344337090713903,15.385131508319914,13.841921631776705,4.146537842190016,1.8115942028985508,0.13419216317767044,14.029790660225443,1.8115942028985508,6.816961889425658,0.41599570585077833,0.0939345142243693,,
61,4.126409017713366,20.021470746108427,17.223564143854,15.35829307568438,13.79495437466452,4.334406870638754,1.8250134192163177,0.13419216317767044,14.06333870101986,1.8115942028985508,6.790123456790123,0.41599570585077833,0.10064412238325282,,
62,4.139828234031133,19.786634460547504,17.04911433172303,14.895330112721417,14.029790660225443,4.233762748255502,2.4221685453569513,0.13419216317767044,14.070048309178745,2.006172839506173,6.689479334406871,0.4428341384863124,0.10064412238325282,,
63,4.139828234031133,19.685990338164252,16.961889425657542,14.78797638217928,14.123725174449811,4.213633923778851,2.4557165861513686,0.13419216317767044,14.103596349973161,2.1403650026838434,6.709608158883521,0.4428341384863124,0.10064412238325282,,
64,4.139828234031133,19.343800322061192,20.28985507246377,14.526301663982823,12.95625335480408,4.280730005367687,2.462426194310252,0.2683843263553409,12.184648416532475,2.2946859903381642,6.696188942565755,0.4562533548040794,0.10064412238325282,,
65,4.1532474503489,19.061996779388085,17.54562533548041,17.787171229200215,12.412775093934513,6.5485775630703165,2.3617820719269993,0.2683843263553409,12.130971551261407,2.2611379495437465,4.911433172302737,0.4562533548040794,0.10064412238325282,,
66,4.213633923778851,18.753354804079443,17.196725711218466,17.66639828234031,12.93612453032743,6.535158346752549,2.3617820719269993,0.2683843263553409,11.943102522812667,2.475845410628019,5.092592592592593,0.4562533548040794,0.10064412238325282,,
67,4.2203435319377345,18.753354804079443,17.196725711218466,17.66639828234031,12.93612453032743,6.468062265163715,2.3617820719269993,0.33548040794417605,11.882716049382717,2.5295222758990876,5.092592592592593,0.4562533548040794,0.10064412238325282,,
68,4.159957058507783,18.438003220611915,16.76731078904992,17.47181964573269,12.969672571121846,6.515029522275899,2.7643585614600106,0.33548040794417605,12.00348899624262,2.5295222758990876,5.488459473966721,0.4562533548040794,0.10064412238325282,,
69,4.186795491143317,18.303811057434245,16.76731078904992,17.05582393988191,13.036768652710682,6.515029522275899,2.952227589908749,0.33548040794417605,11.943102522812667,2.522812667740204,5.8239398819108965,0.4562533548040794,0.10064412238325282,,
70,3.9318303811057436,17.814009661835748,17.11621041331186,16.7337627482555,13.258185721953838,6.380837359098229,3.361513687600644,0.4025764895330113,12.030327428878154,2.4825550187869028,5.971551261406334,0.4562533548040794,0.06038647342995169,,
71,3.81105743424584,16.760601180891037,16.485507246376812,14.868491680085883,14.217659688674182,8.99087493290392,3.2004830917874396,0.49651100375738055,12.00348899624262,2.5161030595813205,6.132581857219538,0.4562533548040794,0.06038647342995169,,
72,3.844605475040258,16.7337627482555,16.445249597423512,14.74771873322598,14.17740203972088,8.957326892109501,3.4621578099838968,0.49651100375738055,11.882716049382717,2.589908749329039,6.1862587224906065,0.41599570585077833,0.06038647342995169,,
73,3.535963499731616,15.995705850778315,16.586151368760063,15.391841116478798,14.304884594739667,9.064680622651638,3.502415458937198,0.4830917874396135,11.869296833064949,2.5496511003757383,6.226516371443908,0.4294149221685454,0.06038647342995169,,
74,3.535963499731616,15.962157809983896,16.411701556629094,15.385131508319914,14.459205582393988,9.064680622651638,3.488996242619431,0.4830917874396135,11.788781535158346,2.623456790123457,6.3070316693505095,0.4294149221685454,0.06038647342995169,,
75,3.589640365002684,15.841384863123993,16.418411164787976,15.405260332796564,14.371980676328503,9.172034353193773,3.4017713365539453,0.5032206119162641,11.614331723027375,2.7979066022544283,6.400966183574879,0.4227053140096618,0.06038647342995169,,
76,3.6097691894793345,15.821256038647343,16.418411164787976,15.391841116478798,14.371980676328503,9.225711218464841,3.5426731078904994,0.5032206119162641,11.460010735373054,2.771068169618894,6.400966183574879,0.4227053140096618,0.06038647342995169,,
77,3.6097691894793345,15.780998389694043,16.29092860976919,15.049651100375739,13.81508319914117,9.225711218464841,3.6634460547504024,0.5434782608695652,11.131239935587761,3.066290928609769,7.219538378958669,0.5568974771873323,0.04696725711218465,,
78,3.374932903918411,16.09634997316157,15.982286634460548,14.398819108964037,14.123725174449811,9.265968867418144,4.3478260869565215,0.5568974771873323,11.037305421363392,2.999194847020934,7.212828770799785,0.5568974771873323,0.04696725711218465,,
79,3.408480944712829,15.633387010198604,15.257648953301127,14.002952227589908,13.573537305421363,8.876811594202898,4.30756843800322,0.6239935587761675,13.41250670960816,3.052871712292002,7.105475040257649,0.6977992485238862,0.04696725711218465,,
80,3.4286097691894795,15.49248523886205,15.136876006441224,13.747987117552334,13.493022007514762,9.145195920558239,4.30756843800322,0.6776704240472357,13.459473966720344,3.126677402039721,7.239667203435319,0.6977992485238862,0.04696725711218465,,
81,3.4151905528717124,12.97638217928073,15.190552871712292,13.714439076757918,12.607353730542137,9.172034353193773,4.26731078904992,0.6776704240472357,16.968599033816425,3.126677402039721,7.139023081052066,0.6977992485238862,0.04696725711218465,,
82,3.3950617283950617,12.620772946859903,15.157004830917874,15.60654857756307,12.493290391841116,9.172034353193773,4.5960815888352125,0.6776704240472357,15.190552871712292,3.1602254428341383,7.185990338164252,0.6977992485238862,0.04696725711218465,,
83,3.307836822329576,12.493290391841116,15.157004830917874,14.97584541062802,13.399087493290391,9.440418679549115,4.51556629092861,0.6776704240472357,15.190552871712292,2.999194847020934,7.098765432098766,0.6977992485238862,0.04696725711218465,,
84,3.207192699946323,12.191358024691358,15.391841116478798,14.982555018786902,13.499731615673644,9.440418679549115,4.616210413311863,0.6776704240472357,15.143585614600108,2.965646806226516,7.098765432098766,0.7246376811594203,0.06038647342995169,,
85,3.207192699946323,12.171229200214707,15.250939345142244,14.908749329039184,13.506441223832528,9.628287707997853,4.663177670424047,0.6776704240472357,15.136876006441224,2.871712292002147,7.192699946323135,0.7246376811594203,0.06038647342995169,,
86,3.166935050993022,12.23161567364466,15.123456790123457,14.908749329039184,13.627214170692431,9.628287707997853,4.64975845410628,0.6776704240472357,14.875201288244767,3.1065485775630703,7.219538378958669,0.7246376811594203,0.06038647342995169,,
87,3.227321524422974,12.151100375738057,15.022812667740205,14.801395598497047,13.519860440150294,10.00402576489533,4.783950617283951,0.5770263016639828,14.828234031132581,3.126677402039721,7.27992485238862,0.6172839506172839,0.06038647342995169,,
88,3.180354267310789,12.090713902308105,14.928878153515834,14.834943639291465,13.607085346215781,9.876543209876543,4.770531400966184,0.6374127750939346,14.741009125067096,3.280998389694042,7.320182501341922,0.6172839506172839,0.11406333870101985,,
89,3.2877079978529253,12.02361782071927,14.9020397208803,14.794685990338165,13.553408480944713,10.044283413848632,4.730273752012883,0.7246376811594203,14.506172839506172,3.1602254428341383,7.555018786902845,0.6172839506172839,0.10064412238325282,,
90,3.240740740740741,11.862587224906065,14.855072463768115,14.687332259796028,13.70101986044015,9.977187332259795,4.958400429414922,0.7380568974771873,14.49946323134729,3.2474503488996245,7.514761137949543,0.6172839506172839,0.10064412238325282,,
91,3.2474503488996245,11.822329575952764,14.828234031132581,14.727589908749328,13.674181427804616,9.943639291465379,4.931561996779388,0.7716049382716049,14.465915190552872,3.3480944712828773,7.575147611379496,0.5636070853462157,0.10064412238325282,,
92,3.099838969404187,10.46027911969941,26.80488459473967,11.654589371980677,11.580783682232958,5.770263016639828,4.676596886741814,0.6977992485238862,14.15727321524423,3.3480944712828773,6.977992485238862,0.6709608158883521,0.10064412238325282,,
93,3.046162104133119,10.138217928073,23.1280193236715,15.5126140633387,11.594202898550725,5.763553408480945,4.8443370907139025,0.7447665056360708,14.224369296833064,3.3480944712828773,6.884057971014493,0.6709608158883521,0.10064412238325282,,
94,3.066290928609769,10.02415458937198,23.1280193236715,15.411969940955448,11.52710681696189,5.683038110574342,4.998658078368224,0.8387010198604401,14.298174986580785,3.408480944712829,6.870638754696726,0.644122383252818,0.10064412238325282,,
95,3.0931293612453032,9.762479871175524,22.933440687063875,15.365002683843263,11.66129898013956,5.803811057434245,5.01207729468599,0.8387010198604401,14.27133655394525,3.455448201825013,7.004830917874396,0.644122383252818,0.15432098765432098,,
96,3.0864197530864197,9.708803005904455,22.799248523886206,15.257648953301127,11.949812130971551,5.743424584004294,4.9651100375738055,0.8521202361782072,14.076757917337627,3.5829307568438002,7.192699946323135,0.630703166935051,0.15432098765432098,,
97,3.1333870101986045,9.621578099838969,22.6784755770263,15.170424047235642,11.956521739130435,5.837359098228664,5.052334943639291,0.8521202361782072,14.056629092860977,3.643317230273752,7.212828770799785,0.630703166935051,0.15432098765432098,,
98,3.0595813204508855,8.890230810520666,21.611647879763822,15.022812667740205,11.52710681696189,8.360171765968868,5.12614063338701,0.9930220075147611,13.83521202361782,3.616478797638218,7.152442297369833,0.630703166935051,0.15432098765432098,0.020128824476650563,
99,3.0730005367686526,8.776167471819646,21.121846484165324,14.895330112721417,11.842458400429415,8.172302737520129,5.173107890499195,0.9930220075147611,14.103596349973161,3.670155662909286,7.360440150295223,0.630703166935051,0.15432098765432098,0.03354804079441761,
100,3.0730005367686526,8.729200214707461,21.007783145464305,14.868491680085883,11.990069779924852,8.09849704777241,5.280461621041331,1.0198604401502953,14.345142243692969,3.535963499731616,7.239667203435319,0.630703166935051,0.14761137949543746,0.03354804079441761,
101,3.012614063338701,8.68894256575416,30.88432635534085,13.741277509393452,9.594739667203436,7.273215244229737,4.106280193236715,0.9863123993558777,12.466451959205582,2.6704240472356413,6.0587761674718195,0.33548040794417605,0.14761137949543746,0.03354804079441761,
102,3.0193236714975846,7.769726247987117,30.870907139023082,13.768115942028986,8.621846484165324,9.125067096081589,4.092860976918948,1.0265700483091786,12.379227053140097,2.6704240472356413,6.139291465378422,0.33548040794417605,0.14761137949543746,0.03354804079441761,
103,3.0327428878153517,7.769726247987117,30.50187869028449,12.580515297906603,9.943639291465379,9.125067096081589,3.992216854535695,1.0265700483091786,12.379227053140097,2.6704240472356413,6.427804616210413,0.36902844873859364,0.14761137949543746,0.03354804079441761,
104,3.0394524959742353,7.682501341921632,30.253623188405797,12.600644122383253,10.124798711755233,9.111647879763822,4.03918411164788,1.0131508319914118,12.332259796027913,2.6704240472356413,6.582125603864735,0.36902844873859364,0.14761137949543746,0.03354804079441761,
105,3.066290928609769,7.615405260332796,30.139559849704778,12.567096081588835,9.88996242619431,9.232420826623725,4.052603327965647,1.0131508319914118,12.379227053140097,2.6704240472356413,6.810252281266774,0.36902844873859364,0.1610305958132045,0.03354804079441761,
106,3.0931293612453032,7.39398819108964,30.038915727321523,12.52012882447665,9.957058507783145,9.158615136876007,3.9989264626945786,1.1272141706924315,12.593934514224369,2.7509393451422435,6.8035426731078905,0.36902844873859364,0.1610305958132045,0.03354804079441761,
107,3.0931293612453032,7.353730542136339,29.918142780461622,12.453032742887816,9.91009125067096,9.064680622651638,3.8915727321524423,1.1406333870101986,13.177670424047236,2.7643585614600106,6.588835212023618,0.4495437466451959,0.1610305958132045,0.03354804079441761,
108,3.126677402039721,7.313472893183038,29.716854535695116,12.265163714439076,9.990606548577563,9.064680622651638,3.8580246913580245,1.1406333870101986,13.157541599570585,2.7241009125067097,6.998121309715513,0.4495437466451959,0.1610305958132045,0.03354804079441761,
109,1.596886741814278,12.587224906065487,28.187063875469672,10.748792270531402,9.796027911969942,9.07139023081052,3.9586688137412773,1.1406333870101986,12.446323134728932,2.636876006441224,7.118894256575416,0.4495437466451959,0.2281266774020397,0.03354804079441761,
110,1.583467525496511,12.567096081588835,27.999194847020934,10.279119699409554,10.46027911969941,9.07139023081052,4.012345679012346,1.1876006441223832,12.090713902308105,2.6301663982823404,7.353730542136339,0.4495437466451959,0.2683843263553409,0.04696725711218465,
111,1.6035963499731616,12.486580783682234,27.945517981749866,10.238862050456254,10.285829307568438,9.192163177670425,4.206924315619967,1.2815351583467525,11.849168008588299,2.737520128824477,7.367149758454106,0.48980139559849706,0.2683843263553409,0.04696725711218465,
112,0.966183574879227,11.520397208803006,30.797101449275363,9.896672034353195,12.02361782071927,9.024422973698336,3.864734299516908,1.2815351583467525,10.393183038110575,1.9189479334406871,7.50805152979066,0.48980139559849706,0.2683843263553409,0.04696725711218465,
113,0.9930220075147611,11.506977992485238,30.703166935050994,9.708803005904455,12.164519592055823,9.01100375738057,4.086151368760064,1.2815351583467525,10.23215244229737,1.9122383252818036,7.595276435856146,0.48980139559849706,0.2683843263553409,0.04696725711218465,
114,1.0265700483091786,11.480139559849706,30.50187869028449,9.648416532474503,12.164519592055823,9.004294149221685,4.126409017713366,1.3687600644122384,10.238862050456254,1.9122383252818036,7.722758990874933,0.48980139559849706,0.2683843263553409,0.04696725711218465,
115,1.1205045625335481,11.366076221148685,30.401234567901234,9.5276435856146,12.298711755233494,9.151905528717123,4.17337627482555,1.3419216317767042,10.23215244229737,1.9122383252818036,7.695920558239399,0.48980139559849706,0.2616747181964573,0.026838432635534086,
116,1.1674718196457328,11.265432098765432,30.246913580246915,9.400161030595813,12.258454106280194,9.03113258185722,4.17337627482555,1.6774020397208802,10.23215244229737,1.90552871712292,7.830112721417069,0.48980139559849706,0.2952227589908749,0.026838432635534086,
117,1.1808910359634996,11.265432098765432,30.193236714975846,9.400161030595813,12.218196457326892,9.044551798174986,4.17337627482555,1.7176596886741815,10.23215244229737,1.90552871712292,7.863660762211487,0.4830917874396135,0.2952227589908749,0.026838432635534086,
118,1.1943102522812667,11.077563070316694,29.918142780461622,9.312936124530328,12.392646269457863,9.03113258185722,4.072732152442297,1.7646269457863661,10.473698336017177,1.8853998926462694,8.05823939881911,0.4294149221685454,0.36902844873859364,0.020128824476650563,
119,1.247987117552335,10.950080515297907,29.643048845947398,9.232420826623725,12.473161567364466,8.970746108427267,4.247181964573269,1.7646269457863661,10.46027911969941,1.9390767579173376,8.252818035426731,0.4294149221685454,0.36902844873859364,0.020128824476650563,
120,1.328502415458937,10.929951690821255,27.958937198067634,11.18491680085883,12.218196457326892,9.064680622651638,4.240472356414386,1.596886741814278,10.279119699409554,1.9256575415995705,8.454106280193237,0.4495437466451959,0.3488996242619431,0.020128824476650563,
121,1.2412775093934514,10.815888352120236,36.111111111111114,8.11862587224906,11.131239935587761,9.07139023081052,3.8848631239935587,1.6572732152442298,8.440687063875469,1.328502415458937,7.588566827697263,0.38915727321524424,0.2214170692431562,,
122,1.3217928073000538,10.815888352120236,35.7085346215781,8.064949006977992,10.976918947933441,9.078099838969404,3.8848631239935587,1.6572732152442298,8.440687063875469,1.3553408480944713,8.085077831454644,0.38915727321524424,0.2214170692431562,,
123,1.3352120236178207,10.815888352120236,35.567632850241544,8.004562533548041,10.95679012345679,9.232420826623725,3.9318303811057436,1.6572732152442298,8.440687063875469,1.3553408480944713,8.091787439613526,0.38915727321524424,0.2214170692431562,,
124,1.3687600644122384,10.795759527643586,35.16505636070853,8.044820182501342,10.916532474503489,9.27938808373591,4.019055287171229,1.6572732152442298,8.36688137412775,1.3217928073000538,8.474235104669887,0.38915727321524424,0.20128824476650564,,
125,1.4090177133655395,10.748792270531402,34.75577026301664,8.044820182501342,10.849436392914654,9.333064949006978,4.019055287171229,1.6774020397208802,8.36688137412775,1.3217928073000538,8.863392377885132,0.4092860976918948,0.20128824476650564,,
126,1.42914653784219,10.735373054213634,34.49409554482018,7.997852925389157,10.876274825550189,9.333064949006978,4.03918411164788,1.6774020397208802,8.36688137412775,1.4358561460010735,9.03113258185722,0.3824476650563607,0.20128824476650564,,
127,1.4090177133655395,10.789049919484702,34.27938808373591,8.152173913043478,10.86285560923242,9.31964573268921,4.17337627482555,1.6774020397208802,8.313204508856682,1.4492753623188406,8.99087493290392,0.3824476650563607,0.20128824476650564,,
128,1.3955984970477724,10.695115405260333,34.024422973698336,8.152173913043478,10.7085346215781,9.473966720343531,4.180085882984434,1.6774020397208802,8.387010198604402,1.4559849704777241,9.265968867418144,0.3824476650563607,0.20128824476650564,,
129,1.4492753623188406,10.654857756307031,33.7962962962963,8.59500805152979,10.466988727858293,9.46725711218465,4.072732152442297,1.5365002683843263,8.420558239398819,1.3620504562533549,9.621578099838969,0.36231884057971014,0.19457863660762212,,
130,1.4358561460010735,10.59447128287708,33.15888352120236,8.635265700483092,10.628019323671497,9.453837895866881,4.166666666666667,1.5365002683843263,8.420558239398819,1.3620504562533549,10.050993022007514,0.36231884057971014,0.19457863660762212,,
131,1.4559849704777241,10.527375201288244,30.099302200751477,7.944176060118089,10.809178743961352,9.104938271604938,4.119699409554482,1.5297906602254427,12.855609232420827,1.402308105206656,9.648416532474503,0.36231884057971014,0.14090177133655393,,
132,1.5163714439076759,10.433440687063875,30.038915727321523,7.944176060118089,10.916532474503489,9.07139023081052,4.092860976918948,1.5297906602254427,12.855609232420827,1.442565754159957,9.66183574879227,0.3421900161030596,0.15432098765432098,,
133,1.6035963499731616,10.406602254428341,29.78395061728395,7.924047235641439,10.748792270531402,9.158615136876007,4.092860976918948,1.5297906602254427,12.95625335480408,1.442565754159957,9.836285560923242,0.3421900161030596,0.17444981213097155,,
134,1.6170155662909287,10.285829307568438,29.676596886741816,7.98443370907139,11.741814278046162,9.017713365539452,4.03918411164788,1.7646269457863661,12.305421363392378,1.2748255501878691,9.708803005904455,0.3421900161030596,0.24154589371980675,,
135,1.6438539989264627,10.272410091250672,29.59608158883521,7.890499194847021,11.674718196457327,8.849973161567364,4.193505099302201,1.7646269457863661,12.580515297906603,1.2345679012345678,9.71551261406334,0.3421900161030596,0.24154589371980675,,
136,1.6572732152442298,10.151637144390767,29.394793344068706,7.890499194847021,11.701556629092861,9.07139023081052,4.193505099302201,1.7646269457863661,12.600644122383253,1.2345679012345678,9.75577026301664,0.3421900161030596,0.24154589371980675,,
137,1.6572732152442298,10.057702630166398,29.260601180891037,7.950885668276973,11.855877616747183,9.01100375738057,4.320987654320987,1.7646269457863661,12.600644122383253,1.2345679012345678,9.702093397745571,0.3421900161030596,0.24154589371980675,,
138,1.6639828234031133,9.936929683306495,29.159957058507782,7.9039184111647875,11.741814278046162,9.07139023081052,4.40150295222759,1.7646269457863661,12.560386473429952,1.2546967257112185,9.957058507783145,0.3421900161030596,0.24154589371980675,,
139,1.556629092860977,9.272678475577026,28.965378421900162,7.112184648416532,11.480139559849706,8.836553945249598,4.300858829844337,1.724369296833065,14.647074610842727,1.2345679012345678,10.292538915727322,0.3421900161030596,0.23483628556092323,,
140,1.570048309178744,9.272678475577026,28.797638217928075,7.071926999463232,11.446591519055287,9.01100375738057,4.300858829844337,1.724369296833065,14.49946323134729,1.3687600644122384,10.359634997316157,0.3421900161030596,0.23483628556092323,,
141,1.583467525496511,9.131776704240472,28.63660762211487,7.004830917874396,11.54723564143854,9.01100375738057,4.414922168545357,1.724369296833065,14.687332259796028,1.3821792807300053,10.258990874932904,0.3824476650563607,0.23483628556092323,,
142,1.5767579173376274,9.131776704240472,28.5426731078905,6.964573268921095,11.614331723027375,8.943907675791733,4.408212560386473,1.7579173376274826,14.714170692431562,1.402308105206656,10.299248523886206,0.4092860976918948,0.23483628556092323,,
143,1.583467525496511,9.057971014492754,28.529253891572733,6.910896403650026,11.419753086419753,8.93719806763285,4.408212560386473,1.8115942028985508,14.700751476113794,1.415727321524423,10.587761674718196,0.4025764895330113,0.23483628556092323,,
144,1.6103059581320451,9.057971014492754,28.442028985507246,6.91760601180891,11.533816425120772,8.896940418679549,4.408212560386473,1.8115942028985508,14.667203435319378,1.415727321524423,10.560923242082662,0.4428341384863124,0.23483628556092323,,
145,1.6371443907675791,8.957326892109501,28.381642512077295,6.843800322061192,11.574074074074074,9.286097691894794,4.361245303274289,1.7176596886741815,14.600107353730541,1.4895330112721417,10.473698336017177,0.4428341384863124,0.23483628556092323,,
146,1.6371443907675791,8.957326892109501,28.27428878153516,6.910896403650026,11.506977992485238,9.31964573268921,4.361245303274289,1.7176596886741815,14.600107353730541,1.4895330112721417,10.547504025764896,0.4428341384863124,0.23483628556092323,,
147,1.6035963499731616,8.695652173913043,28.052871712292003,8.259527643585615,10.889694041867955,9.333064949006978,4.30756843800322,1.6908212560386473,14.15727321524423,1.4694041867954912,10.86285560923242,0.4428341384863124,0.23483628556092323,,
148,1.6639828234031133,8.581588835212024,27.72410091250671,8.105206655931294,10.93666129898014,9.373322597960279,4.294149221685454,1.7042404723564144,14.130434782608695,1.5365002683843263,11.272141706924316,0.4428341384863124,0.23483628556092323,,
149,1.7042404723564144,8.548040794417606,27.24771873322598,8.05823939881911,10.963499731615673,9.500805152979066,4.53569511540526,1.7042404723564144,14.023081052066559,1.5365002683843263,11.500268384326356,0.4428341384863124,0.23483628556092323,,
150,1.6170155662909287,5.038915727321524,26.757917337627482,12.842190016103059,10.265700483091788,9.245840042941492,4.53569511540526,1.7042404723564144,14.284755770263017,1.5365002683843263,11.493558776167472,0.4428341384863124,0.23483628556092323,,
151,1.6170155662909287,4.931561996779388,26.33521202361782,12.647611379495437,10.715244229736983,9.286097691894794,4.64975845410628,1.6438539989264627,14.284755770263017,1.5365002683843263,11.674718196457327,0.4428341384863124,0.23483628556092323,,
152,1.6572732152442298,4.918142780461621,26.321792807300053,12.587224906065487,10.473698336017177,9.339774557165862,4.676596886741814,1.6438539989264627,14.278046162104133,1.6304347826086956,11.782071926999464,0.4428341384863124,0.23483628556092323,0.013419216317767043,
153,1.6572732152442298,4.918142780461621,26.060118089103597,12.560386473429952,10.453569511540525,9.27938808373591,4.663177670424047,1.6371443907675791,14.237788513150832,1.7981749865807837,12.04374664519592,0.4428341384863124,0.23483628556092323,0.013419216317767043,
154,1.6639828234031133,4.904723564143854,25.89908749329039,12.466451959205582,10.607890499194847,9.27938808373591,4.62962962962963,1.6237251744498122,14.2914653784219,1.7310789049919484,12.211486849168008,0.4428341384863124,0.23483628556092323,0.013419216317767043,
155,1.6908212560386473,4.790660225442834,25.831991411701555,12.392646269457863,10.681696188942565,9.185453569511541,4.797369833601718,1.6237251744498122,14.231078904991948,1.7646269457863661,12.318840579710145,0.4428341384863124,0.23483628556092323,0.013419216317767043,
156,1.737788513150832,4.730273752012883,25.677670424047236,12.446323134728932,10.802469135802468,9.078099838969404,4.7638217928073,1.6237251744498122,13.955984970477724,1.8048845947396672,12.68786902844874,0.4428341384863124,0.23483628556092323,0.013419216317767043,
157,1.778046162104133,4.676596886741814,25.523349436392916,12.298711755233494,10.802469135802468,9.05126140633387,4.951690821256038,1.6237251744498122,13.882179280730005,1.737788513150832,12.97638217928073,0.4495437466451959,0.23483628556092323,0.013419216317767043,
158,1.8451422436929683,4.663177670424047,25.449543746645197,12.27187332259796,10.809178743961352,9.004294149221685,4.8376274825550185,1.7310789049919484,13.6406333870102,1.7847557702630166,13.264895330112722,0.4495437466451959,0.23483628556092323,0.013419216317767043,
159,1.8317230273752012,4.602791196994096,25.214707461084274,12.218196457326892,10.88298443370907,9.05126140633387,4.87788513150832,1.7310789049919484,13.627214170692431,1.7847557702630166,13.479602791196994,0.4495437466451959,0.23483628556092323,0.013419216317767043,
160,1.865271068169619,4.582662372517445,24.053945249597422,12.084004294149223,10.701825013419215,9.916800858829845,5.005367686527107,1.7444981213097155,13.533279656468062,1.8786902844873858,13.935856146001074,0.4495437466451959,0.23483628556092323,0.013419216317767043,
161,1.8518518518518519,4.53569511540526,23.711755233494365,12.010198604401502,10.701825013419215,9.977187332259795,4.911433172302737,1.7444981213097155,13.513150831991412,2.0799785292538915,14.264626945786366,0.4495437466451959,0.23483628556092323,0.013419216317767043,
162,1.9189479334406871,4.51556629092861,23.55072463768116,12.00348899624262,10.829307568438002,9.896672034353195,5.10601180891036,1.7310789049919484,13.439345142243694,2.0397208803005906,14.27133655394525,0.4495437466451959,0.23483628556092323,0.013419216317767043,
163,1.9122383252818036,4.508856682769726,23.51046698872786,12.00348899624262,10.909822866344605,9.849704777241008,5.10601180891036,1.7310789049919484,13.439345142243694,2.0397208803005906,14.257917337627482,0.4830917874396135,0.23483628556092323,0.013419216317767043,
164,1.9457863660762211,4.42163177670424,23.30246913580247,11.842458400429415,11.003757380568974,9.816156736446592,5.179817498658078,1.751207729468599,13.506441223832528,2.0397208803005906,14.445786366076222,0.4830917874396135,0.23483628556092323,0.026838432635534086,
165,1.9793344068706387,4.05931293612453,23.18840579710145,11.634460547504025,11.493558776167472,9.762479871175524,5.166398282340311,1.751207729468599,13.539989264626946,2.0397208803005906,14.640365002683843,0.4830917874396135,0.23483628556092323,0.026838432635534086,
166,1.8719806763285025,4.05931293612453,21.336553945249598,14.99597423510467,11.735104669887278,9.091519055287172,5.683038110574342,1.8183038110574343,13.493022007514762,2.01959205582394,13.191089640365004,0.4428341384863124,0.23483628556092323,0.026838432635534086,
167,1.9189479334406871,3.9989264626945786,20.96081588835212,14.955716586151368,11.98336017176597,9.03113258185722,5.978260869565218,1.7646269457863661,13.285024154589372,2.01959205582394,13.425925925925926,0.41599570585077833,0.23483628556092323,0.026838432635534086,
168,1.8988191089640365,3.9989264626945786,20.860171765968868,14.841653247450349,12.117552334943639,9.131776704240472,6.011808910359635,1.8183038110574343,13.137412775093935,2.1604938271604937,13.399087493290391,0.36231884057971014,0.23483628556092323,0.026838432635534086,
169,1.8719806763285025,3.9989264626945786,19.85373054213634,14.606816961889425,13.654052603327965,9.037842190016104,5.9514224369296835,1.8183038110574343,12.95625335480408,2.187332259796028,13.325281803542673,0.47638217928073,0.23483628556092323,0.026838432635534086,
170,1.8786902844873858,3.965378421900161,19.826892109500804,14.338432635534085,13.425925925925926,8.581588835212024,6.072195383789587,1.8585614600107354,13.902308105206655,2.147074610842727,13.170960815888352,0.5703166935050993,0.23483628556092323,0.026838432635534086,
171,1.865271068169619,3.8378958668813743,19.80005367686527,14.251207729468598,13.647342995169081,8.548040794417606,6.112453032742888,1.8853998926462694,13.902308105206655,2.120236178207193,13.18438003220612,0.5971551261406334,0.23483628556092323,0.013419216317767043,
172,1.892109500805153,3.8043478260869565,19.75979602791197,14.351851851851851,13.600375738056897,8.413848631239935,6.146001073537305,1.9122383252818036,13.989533011272142,2.1403650026838434,13.177670424047236,0.5434782608695652,0.2549651100375738,0.013419216317767043,
173,1.9256575415995705,3.7775093934514223,19.679280730005367,14.278046162104133,13.479602791196994,8.413848631239935,6.152710681696189,1.9122383252818036,14.170692431561998,2.1403650026838434,13.258185721953838,0.5434782608695652,0.2549651100375738,0.013419216317767043,
174,1.9592055823939882,3.730542136339238,19.592055823939884,14.278046162104133,13.546698872785829,8.460815888352121,6.146001073537305,1.9122383252818036,14.056629092860977,2.2410091250670963,13.238056897477188,0.5703166935050993,0.2549651100375738,0.013419216317767043,
