,45,50,55,54,51,53,52,59,58,60,56,57
0,99.43639291465378,0.5636070853462157,,,,,,,,,,
1,96.98067632850241,3.0193236714975846,,,,,,,,,,
2,92.49194847020934,7.50805152979066,,,,,,,,,,
3,92.3913043478261,7.581857219538379,0.026838432635534086,,,,,,,,,
4,92.42485238862051,7.548309178743962,0.026838432635534086,,,,,,,,,
5,92.29066022544283,7.367149758454106,0.020128824476650563,0.322061191626409,,,,,,,,
6,92.06253354804079,7.467793880837359,0.020128824476650563,0.4495437466451959,,,,,,,,
7,91.66666666666667,7.863660762211487,0.020128824476650563,0.4495437466451959,,,,,,,,
8,91.27750939345142,8.225979602791197,0.020128824476650563,0.4495437466451959,0.026838432635534086,,,,,,,
9,90.24422973698336,9.245840042941492,0.03354804079441761,0.4495437466451959,0.026838432635534086,,,,,,,
10,89.98926462694578,9.453837895866881,0.03354804079441761,0.4495437466451959,0.07380568974771873,,,,,,,
11,87.68115942028986,11.714975845410628,0.06038647342995169,0.46967257112184646,0.07380568974771873,,,,,,,
12,70.6454643048846,29.260601180891037,0.013419216317767043,0.026838432635534086,0.05367686527106817,,,,,,,
13,70.71256038647343,29.1935050993022,0.013419216317767043,0.026838432635534086,0.05367686527106817,,,,,,,
14,67.55904455179818,32.31347289318304,0.04696725711218465,0.026838432635534086,0.05367686527106817,,,,,,,
15,67.74691358024691,32.07192699946323,0.07380568974771873,0.026838432635534086,0.08051529790660225,,,,,,,
16,67.2638217928073,32.52818035426731,0.07380568974771873,0.026838432635534086,0.10735373054213634,,,,,,,
17,58.051529790660226,41.686795491143315,0.10064412238325282,0.026838432635534086,0.13419216317767044,,,,,,,
18,57.8972088030059,41.7740203972088,0.16774020397208803,0.026838432635534086,0.13419216317767044,,,,,,,
19,56.13258185721954,40.01610305958132,1.093666129898014,0.026838432635534086,0.1610305958132045,2.5697799248523885,,,,,,
20,56.01180891035963,40.03623188405797,1.1540526033279657,0.026838432635534086,0.1610305958132045,2.5429414922168547,0.040257648953301126,0.026838432635534086,,,,
21,52.63687600644123,43.45142243692968,1.1674718196457328,0.026838432635534086,0.13419216317767044,2.395330112721417,0.040257648953301126,0.14761137949543746,,,,
22,39.65378421900161,54.126409017713364,1.221148684916801,2.703972088030059,0.10735373054213634,1.9659151905528718,0.040257648953301126,0.14761137949543746,0.03354804079441761,,,
23,39.30488459473967,54.42163177670424,1.288244766505636,2.703972088030059,0.10735373054213634,1.9524959742351047,0.040257648953301126,0.14761137949543746,0.03354804079441761,,,
24,39.439076757917334,54.04589371980676,1.288244766505636,2.9052603327965647,0.10735373054213634,1.9256575415995705,0.07380568974771873,0.14761137949543746,0.03354804079441761,0.03354804079441761,,
25,39.49946323134729,52.33494363929147,1.3150831991411702,5.528717122920021,0.10735373054213634,0.9393451422436929,0.06038647342995169,0.12077294685990338,0.03354804079441761,0.03354804079441761,0.026838432635534086,
26,39.62023617820719,52.10681696188943,1.3486312399355878,5.562265163714439,0.0939345142243693,0.966183574879227,0.06038647342995169,0.12077294685990338,0.03354804079441761,0.03354804079441761,0.05367686527106817,
27,39.78797638217928,51.892109500805155,1.4090177133655395,5.548845947396672,0.0939345142243693,0.966183574879227,0.06038647342995169,0.12077294685990338,0.03354804079441761,0.03354804079441761,0.05367686527106817,
28,39.841653247450346,51.670692431561996,1.570048309178744,5.495169082125604,0.12077294685990338,0.9997316156736447,0.06038647342995169,0.12077294685990338,0.03354804079441761,0.03354804079441761,0.05367686527106817,
29,39.942297369833604,51.39559849704777,1.778046162104133,5.428073000536768,0.12077294685990338,0.9997316156736447,0.06038647342995169,0.15432098765432098,0.03354804079441761,0.03354804079441761,0.05367686527106817,
30,39.99597423510467,51.19431025228127,1.8250134192163177,5.441492216854535,0.20799785292538917,0.9997316156736447,0.06038647342995169,0.15432098765432098,0.03354804079441761,0.03354804079441761,0.05367686527106817,
31,38.405797101449274,49.88593666129898,1.9189479334406871,5.394524959742351,3.0595813204508855,0.9997316156736447,0.06038647342995169,0.15432098765432098,0.03354804079441761,0.03354804079441761,0.05367686527106817,
32,37.07058507783145,51.10708534621578,2.1403650026838434,5.347557702630167,3.012614063338701,0.9863123993558777,0.06038647342995169,0.15432098765432098,0.03354804079441761,0.03354804079441761,0.05367686527106817,
33,37.15780998389694,50.77831454643049,2.2074610842726785,5.501878690284487,2.999194847020934,1.0399892646269457,0.06038647342995169,0.14761137949543746,0.03354804079441761,0.03354804079441761,0.040257648953301126,
34,37.37251744498121,50.496511003757384,2.281266774020397,5.501878690284487,2.999194847020934,1.0332796564680622,0.06038647342995169,0.14761137949543746,0.03354804079441761,0.03354804079441761,0.040257648953301126,
35,37.52012882447665,49.93961352657005,2.7106816961889426,5.481749865807837,2.999194847020934,1.0332796564680622,0.06038647342995169,0.14761137949543746,0.03354804079441761,0.03354804079441761,0.040257648953301126,
36,37.70799785292539,49.724906065485776,2.7442297369833604,5.475040257648954,2.999194847020934,1.0332796564680622,0.06038647342995169,0.14761137949543746,0.03354804079441761,0.03354804079441761,0.040257648953301126,
37,37.82206119162641,49.51690821256039,2.818035426731079,5.515297906602254,2.9924852388620504,1.0198604401502953,0.06038647342995169,0.14761137949543746,0.03354804079441761,0.03354804079441761,0.040257648953301126,
38,37.88915727321525,49.443102522812666,2.8247450348899625,5.495169082125604,3.0059044551798175,0.9728931830381106,0.06038647342995169,0.16774020397208803,0.06709608158883522,0.03354804079441761,0.040257648953301126,
39,30.347557702630166,57.407407407407405,3.7104133118625873,4.2270531400966185,2.9253891572732154,0.95276435856146,0.14761137949543746,0.14761137949543746,0.06038647342995169,0.03354804079441761,0.040257648953301126,
40,29.522275899087493,54.99865807836822,3.5829307568438002,4.166666666666667,2.885131508319914,0.95276435856146,3.5091250670960816,0.18115942028985507,0.06038647342995169,0.03354804079441761,0.10735373054213634,
41,29.086151368760063,49.422973698336016,3.140096618357488,1.7444981213097155,2.8784219001610305,0.95276435856146,12.4597423510467,0.14761137949543746,0.06709608158883522,0.03354804079441761,0.06709608158883522,
42,29.1532474503489,49.29549114331723,3.193773483628556,1.737788513150832,2.8515834675254963,0.9393451422436929,12.406065485775631,0.14761137949543746,0.06709608158883522,0.03354804079441761,0.0939345142243693,0.08051529790660225
43,28.965378421900162,49.2686527106817,3.2340311325818574,1.737788513150832,3.046162104133119,0.9393451422436929,12.359098228663447,0.14761137949543746,0.06709608158883522,0.03354804079441761,0.0939345142243693,0.10735373054213634
44,27.77777777777778,50.0805152979066,3.475577026301664,1.6304347826086956,2.7509393451422435,1.5365002683843263,12.265163714439076,0.1610305958132045,0.06709608158883522,0.03354804079441761,0.08722490606548577,0.13419216317767044
45,27.9723564143854,49.97987117552335,3.455448201825013,1.6505636070853462,2.717391304347826,1.5365002683843263,12.177938808373591,0.1610305958132045,0.06709608158883522,0.03354804079441761,0.11406333870101985,0.13419216317767044
46,28.16022544283414,49.7987117552335,3.4688674181427803,1.6438539989264627,2.6972624798711755,1.5365002683843263,12.090713902308105,0.1610305958132045,0.06709608158883522,0.03354804079441761,0.14761137949543746,0.19457863660762212
47,28.495705850778315,49.322329575952764,3.670155662909286,1.6774020397208802,2.7308105206655933,1.5096618357487923,11.969940955448202,0.1610305958132045,0.06709608158883522,0.03354804079441761,0.14761137949543746,0.2147074610842727
48,25.697799248523886,39.88191089640365,3.81105743424584,1.3150831991411702,15.505904455179817,1.3016639828234031,11.802200751476114,0.1610305958132045,0.06709608158883522,0.03354804079441761,0.18115942028985507,0.24154589371980675
49,25.72463768115942,39.25791733762748,3.8915727321524423,1.3687600644122384,15.445517981749866,1.3016639828234031,12.31213097155126,0.1610305958132045,0.06709608158883522,0.03354804079441761,0.18115942028985507,0.2549651100375738
50,24.288781535158346,40.81454643048846,3.8915727321524423,1.3620504562533549,15.385131508319914,1.2949543746645196,12.285292538915728,0.1610305958132045,0.06709608158883522,0.03354804079441761,0.1610305958132045,0.2549651100375738
51,24.342458400429415,40.72061191626409,3.878153515834675,1.3620504562533549,15.458937198067632,1.2949543746645196,12.204777241009126,0.1610305958132045,0.06709608158883522,0.03354804079441761,0.1610305958132045,0.3153515834675255
52,24.349168008588297,40.62667740203972,3.965378421900161,1.3955984970477724,15.297906602254429,1.2949543746645196,12.198067632850242,0.1610305958132045,0.06709608158883522,0.03354804079441761,0.2952227589908749,0.3153515834675255
53,24.50348899624262,40.365002683843265,4.1129898013955986,1.3955984970477724,15.271068169618895,1.2949543746645196,12.184648416532475,0.1610305958132045,0.06709608158883522,0.03354804079441761,0.2952227589908749,0.3153515834675255
54,24.65780998389694,39.71417069243156,4.106280193236715,2.8113258185721954,14.439076757917338,1.247987117552335,12.144390767579173,0.1878690284487386,0.06709608158883522,0.03354804079441761,0.27509393451422437,0.3153515834675255
55,24.436392914653783,38.077026301663984,4.139828234031133,2.791196994095545,15.955448201825014,1.247987117552335,12.439613526570048,0.1878690284487386,0.06709608158883522,0.03354804079441761,0.30864197530864196,0.3153515834675255
56,24.745034889962426,37.875738056897475,4.159957058507783,2.7442297369833604,15.861513687600644,1.247987117552335,12.399355877616747,0.2214170692431562,0.06709608158883522,0.03354804079441761,0.32877079978529256,0.3153515834675255
57,24.798711755233494,37.74825550187869,4.233762748255502,2.7777777777777777,15.801127214170693,1.247987117552335,12.365807836822329,0.2214170692431562,0.06709608158883522,0.03354804079441761,0.35560923242082665,0.3488996242619431
58,23.295759527643586,36.41975308641975,4.106280193236715,2.7777777777777777,18.833870101986044,1.247987117552335,12.29200214707461,0.2214170692431562,0.06709608158883522,0.03354804079441761,0.35560923242082665,0.3488996242619431
59,23.59098228663446,36.29898013955985,4.066022544283414,2.7777777777777777,18.753354804079443,1.247987117552335,12.177938808373591,0.2214170692431562,0.06709608158883522,0.05367686527106817,0.3824476650563607,0.36231884057971014
60,20.343531937734838,37.7012882447665,4.032474503488996,2.536231884057971,20.933977455716587,1.1607622114868492,11.990069779924852,0.2214170692431562,0.06709608158883522,0.05367686527106817,0.4562533548040794,0.5032206119162641
61,20.578368223295758,37.30542136339238,4.4820182501341925,2.522812667740204,20.725979602791195,1.1607622114868492,11.922973698336017,0.2214170692431562,0.06709608158883522,0.05367686527106817,0.4562533548040794,0.5032206119162641
62,20.276435856146,35.38647342995169,4.555823939881911,1.8988191089640365,13.868760064412239,1.1406333870101986,21.618357487922705,0.19457863660762212,0.06709608158883522,0.05367686527106817,0.43612453032742887,0.5032206119162641
63,20.263016639828233,35.319377348362856,4.575952764358561,1.9256575415995705,13.868760064412239,1.1406333870101986,21.672034353193773,0.19457863660762212,0.06709608158883522,0.05367686527106817,0.4025764895330113,0.5166398282340311
64,19.592055823939884,34.10493827160494,4.542404723564144,3.374932903918411,15.03623188405797,1.1808910359634996,20.987654320987655,0.19457863660762212,0.06709608158883522,0.05367686527106817,0.32877079978529256,0.5367686527106817
65,19.961084272678477,34.004294149221685,4.51556629092861,3.3279656468062266,14.868491680085883,1.1808910359634996,20.86688137412775,0.2281266774020397,0.06709608158883522,0.05367686527106817,0.38915727321524424,0.5367686527106817
66,20.182501341921633,33.8768115942029,4.62962962962963,3.3145464304884595,14.80810520665593,1.0869565217391304,20.78636607622115,0.2281266774020397,0.06709608158883522,0.05367686527106817,0.41599570585077833,0.5501878690284487
67,20.33011272141707,33.77616747181965,4.636339237788513,3.3145464304884595,14.700751476113794,1.133923778851315,20.73268921095008,0.19457863660762212,0.06709608158883522,0.05367686527106817,0.5099302200751477,0.5501878690284487
68,20.558239398819108,33.62855609232421,4.62962962962963,3.388352120236178,14.606816961889425,1.133923778851315,20.578368223295758,0.19457863660762212,0.06709608158883522,0.05367686527106817,0.5837359098228664,0.5770263016639828
69,20.611916264090176,33.57487922705314,4.5960815888352125,3.3480944712828773,14.506172839506172,1.1674718196457328,20.50456253354804,0.2616747181964573,0.06709608158883522,0.07380568974771873,0.6843800322061192,0.6038647342995169
70,20.86688137412775,33.43397745571659,4.636339237788513,3.3480944712828773,14.452495974235104,1.1674718196457328,20.034889962426195,0.2616747181964573,0.06709608158883522,0.07380568974771873,0.6843800322061192,0.9728931830381106
71,20.90042941492217,33.28636607622115,4.622920021470746,3.502415458937198,14.439076757917338,1.1674718196457328,19.981213097155127,0.2616747181964573,0.05367686527106817,0.07380568974771873,0.7179280730005367,0.9930220075147611
72,20.974235104669887,33.2662372517445,4.616210413311863,3.4688674181427803,14.36527106816962,1.2010198604401503,19.93424584004294,0.23483628556092323,0.05367686527106817,0.07380568974771873,0.785024154589372,1.0265700483091786
73,21.22249060654858,32.90391841116479,4.64975845410628,3.730542136339238,14.264626945786366,1.2010198604401503,19.719538378958667,0.23483628556092323,0.05367686527106817,0.07380568974771873,0.9460547504025765,0.9997316156736447
74,21.34326355340848,32.8569511540526,4.616210413311863,3.730542136339238,14.190821256038648,1.2010198604401503,19.719538378958667,0.23483628556092323,0.05367686527106817,0.07380568974771873,0.9460547504025765,1.0332796564680622
75,20.40391841116479,28.985507246376812,3.3145464304884595,3.3279656468062266,21.886741814278047,1.1876006441223832,18.67283950617284,0.2147074610842727,0.08051529790660225,0.06709608158883522,0.9393451422436929,0.9192163177670424
76,19.860440150295222,27.851583467525497,3.227321524422974,3.3145464304884595,22.0276435856146,1.2010198604401503,20.303274288781534,0.2147074610842727,0.08051529790660225,0.06709608158883522,0.9997316156736447,0.8521202361782072
77,19.90740740740741,27.82474503488996,3.2675791733762747,3.3145464304884595,21.973966720343533,1.2010198604401503,20.249597423510465,0.24825550187869028,0.08051529790660225,0.06709608158883522,0.9863123993558777,0.8789586688137413
78,20.135534084809446,27.502683843263554,3.5426731078904994,3.307836822329576,21.87332259796028,1.2010198604401503,20.1959205582394,0.24825550187869028,0.08051529790660225,0.06038647342995169,0.9930220075147611,0.8588298443370908
79,20.222758990874933,27.30810520665593,3.656736446591519,3.321256038647343,21.517713365539453,1.2010198604401503,20.209339774557165,0.24825550187869028,0.08051529790660225,0.06038647342995169,1.3150831991411702,0.8588298443370908
80,20.323403113258184,27.2812667740204,3.616478797638218,3.3279656468062266,21.4573268921095,1.06682769726248,20.397208803005906,0.24825550187869028,0.08051529790660225,0.06038647342995169,1.3083735909822867,0.8319914117015567
81,20.591787439613526,27.24771873322598,3.5963499731615673,3.2877079978529253,21.36339237788513,1.0601180891035964,20.30998389694042,0.28180354267310787,0.08051529790660225,0.06038647342995169,1.3083735909822867,0.8118625872249061
82,20.685721953837895,27.160493827160494,3.6097691894793345,3.280998389694042,21.309715512614062,1.0601180891035964,20.336822329575952,0.28180354267310787,0.08051529790660225,0.06038647342995169,1.3083735909822867,0.8252818035426731
83,20.605206655931294,27.140365002683843,3.6097691894793345,3.207192699946323,20.8064949006978,3.7037037037037037,18.51851851851852,0.27509393451422437,0.08051529790660225,0.06038647342995169,1.3217928073000538,0.6709608158883521
84,20.779656468062264,27.106816961889425,3.6634460547504024,3.207192699946323,20.719269994632313,3.6634460547504024,18.451422436929683,0.27509393451422437,0.05367686527106817,0.06038647342995169,1.3150831991411702,0.7045088566827697
85,20.638754696725712,27.006172839506174,3.8177670424047236,4.314278046162104,20.437466451959207,3.6231884057971016,17.58588298443371,0.2616747181964573,0.05367686527106817,0.06038647342995169,1.442565754159957,0.7581857219538379
86,20.75281803542673,27.073268921095007,3.7775093934514223,4.3478260869565215,20.417337627482556,3.5225442834138487,17.53220611916264,0.24825550187869028,0.05367686527106817,0.06038647342995169,1.442565754159957,0.7716049382716049
87,20.79307568438003,27.079978529253893,3.81105743424584,4.374664519592056,20.38378958668814,3.5292538915727323,17.47181964573269,0.24825550187869028,0.05367686527106817,0.06038647342995169,1.4224369296833066,0.7716049382716049
88,20.73268921095008,27.03972088030059,3.864734299516908,4.455179817498658,20.242887815351583,3.5292538915727323,17.639559849704778,0.24825550187869028,0.05367686527106817,0.06038647342995169,1.3955984970477724,0.7380568974771873
89,20.94068706387547,26.972624798711756,3.864734299516908,4.53569511540526,20.088566827697264,3.502415458937198,17.56575415995706,0.28180354267310787,0.05367686527106817,0.06038647342995169,1.3955984970477724,0.7380568974771873
90,21.00107353730542,26.85185185185185,3.8311862587224907,6.407675791733762,20.001341921631777,3.502415458937198,16.11647879763822,0.28180354267310787,0.05367686527106817,0.06038647342995169,1.2815351583467525,0.6105743424584005
91,21.108427267847556,26.630434782608695,3.7909286097691894,6.427804616210413,19.95437466451959,3.750670960815888,16.069511540526033,0.2616747181964573,0.05367686527106817,0.06038647342995169,1.2815351583467525,0.6105743424584005
92,21.215780998389693,26.56333870101986,3.8915727321524423,6.454643048845948,19.85373054213634,3.7238325281803544,16.029253891572733,0.2616747181964573,0.05367686527106817,0.06038647342995169,1.2815351583467525,0.6105743424584005
93,21.3768115942029,26.46940418679549,3.8580246913580245,6.454643048845948,19.753086419753085,3.7037037037037037,16.035963499731615,0.2616747181964573,0.05367686527106817,0.06038647342995169,1.3620504562533549,0.6105743424584005
94,21.537842190016104,26.33521202361782,3.9519592055823938,6.380837359098229,19.652442297369834,3.6902844873859366,16.009125067096083,0.2952227589908749,0.05367686527106817,0.06038647342995169,1.4224369296833066,0.6105743424584005
95,21.672034353193773,26.247987117552334,3.911701556629093,6.340579710144928,19.652442297369834,3.730542136339238,15.861513687600644,0.2952227589908749,0.05367686527106817,0.06038647342995169,1.4224369296833066,0.7514761137949544
96,21.70558239398819,26.221148684916802,3.911701556629093,6.340579710144928,19.639023081052066,3.730542136339238,15.780998389694043,0.322061191626409,0.05367686527106817,0.06038647342995169,1.482823403113258,0.7514761137949544
97,21.77938808373591,25.469672571121848,3.8714439076757916,7.105475040257649,19.558507783145465,3.717122920021471,15.76086956521739,0.3153515834675255,0.0939345142243693,0.06038647342995169,1.5163714439076759,0.7514761137949544
98,21.631776704240472,25.42270531400966,3.8915727321524423,8.641975308641975,19.504830917874397,3.7372517444981215,14.472624798711756,0.3153515834675255,0.11406333870101985,0.06038647342995169,1.5096618357487923,0.6977992485238862
99,19.98792270531401,22.758990874932906,3.8714439076757916,8.541331186258722,24.040526033279658,3.81105743424584,14.251207729468598,0.30864197530864196,0.11406333870101985,0.06038647342995169,1.556629092860977,0.6977992485238862
100,19.94766505636071,22.705314009661837,3.8848631239935587,8.11862587224906,23.95330112721417,3.3413848631239937,15.385131508319914,0.30864197530864196,0.11406333870101985,0.06038647342995169,1.5767579173376274,0.6038647342995169
101,20.21604938271605,22.65163714439077,3.824476650563607,8.09849704777241,23.906333870101985,3.3548040794417604,15.297906602254429,0.30864197530864196,0.11406333870101985,0.06038647342995169,1.5633387010198605,0.6038647342995169
102,20.356951154052602,22.490606548577563,3.8714439076757916,8.28636607622115,23.72517444981213,3.3279656468062266,15.237520128824476,0.30193236714975846,0.11406333870101985,0.06038647342995169,1.583467525496511,0.644122383252818
103,20.638754696725712,22.450348899624263,3.844605475040258,8.158883521202362,23.470209339774556,3.3413848631239937,15.190552871712292,0.33548040794417605,0.10064412238325282,0.06038647342995169,1.751207729468599,0.6575415995705851
104,20.92055823939882,22.41009125067096,3.844605475040258,8.152173913043478,23.389694041867955,3.3413848631239937,15.103327965646805,0.33548040794417605,0.06709608158883522,0.06038647342995169,1.751207729468599,0.6239935587761675
105,21.128556092324207,22.363123993558776,3.824476650563607,8.111916264090176,23.26892109500805,3.3145464304884595,15.069779924852389,0.33548040794417605,0.06709608158883522,0.06038647342995169,1.8048845947396672,0.6508319914117016
106,21.235909822866343,22.22222222222222,3.824476650563607,8.219269994632313,23.235373054213635,3.2877079978529253,15.042941492216855,0.33548040794417605,0.06709608158883522,0.06038647342995169,1.8183038110574343,0.6508319914117016
107,21.490874932903917,22.18196457326892,3.784219001610306,8.185721953837897,23.101180891035963,3.2877079978529253,14.982555018786902,0.33548040794417605,0.06709608158883522,0.06038647342995169,1.8719806763285025,0.6508319914117016
108,21.571390230810522,21.752549651100377,3.717122920021471,8.192431561996779,22.785829307568438,4.079441760601181,14.922168545356952,0.33548040794417605,0.06709608158883522,0.08051529790660225,1.8317230273752012,0.6642512077294686
109,21.68545356951154,21.67874396135266,3.7775093934514223,7.9106280193236715,22.69189479334407,4.079441760601181,14.828234031132581,0.4092860976918948,0.17444981213097155,0.08051529790660225,2.046430488459474,0.6374127750939346
110,20.29656468062265,20.632045088566827,3.3145464304884595,5.609232420826624,32.648953301127214,4.079441760601181,10.601180891035963,0.30864197530864196,0.16774020397208803,0.020128824476650563,1.8250134192163177,0.49651100375738055
111,20.42404723564144,20.417337627482556,3.2742887815351582,5.783682232957595,32.340311325818575,4.086151368760064,10.795759527643586,0.30864197530864196,0.16774020397208803,0.020128824476650563,1.8518518518518519,0.5300590445517982
112,20.517981749865807,20.40391841116479,3.5225442834138487,5.776972624798712,31.99812130971551,4.0995705850778315,10.735373054213634,0.30864197530864196,0.16774020397208803,0.020128824476650563,1.9189479334406871,0.5300590445517982
113,20.471014492753625,20.33011272141707,3.475577026301664,5.850778314546431,32.038378958668815,4.139828234031133,10.7085346215781,0.30864197530864196,0.16774020397208803,0.020128824476650563,1.932367149758454,0.5568974771873323
114,20.544820182501343,20.323403113258184,3.5292538915727323,5.884326355340848,31.95115405260333,4.1129898013955986,10.681696188942565,0.27509393451422437,0.16774020397208803,0.020128824476650563,1.9524959742351047,0.5568974771873323
115,20.41062801932367,20.29656468062265,3.6366076221148687,7.300053676865271,30.756843800322063,4.079441760601181,10.487117552334944,0.27509393451422437,0.2281266774020397,0.020128824476650563,1.9524959742351047,0.5568974771873323
116,20.558239398819108,20.142243692968332,3.8580246913580245,7.246376811594203,30.575684380032207,4.079441760601181,10.473698336017177,0.27509393451422437,0.2281266774020397,0.05367686527106817,1.9256575415995705,0.5837359098228664
117,20.585077831454644,19.920826623725173,3.9049919484702094,7.239667203435319,30.656199677938808,4.106280193236715,10.453569511540525,0.27509393451422437,0.2281266774020397,0.05367686527106817,1.9659151905528718,0.6105743424584005
118,16.42512077294686,32.991143317230275,2.85829307568438,6.233225979602791,25.577026301663984,3.2340311325818574,9.943639291465379,0.2683843263553409,0.1878690284487386,0.05367686527106817,1.6975308641975309,0.5300590445517982
119,16.566022544283413,32.7361782071927,3.140096618357488,6.233225979602791,25.38244766505636,3.2474503488996245,9.98389694041868,0.2683843263553409,0.1878690284487386,0.05367686527106817,1.6706924315619969,0.5300590445517982
120,16.700214707461082,32.66237251744498,3.3682232957595275,6.1862587224906065,25.161030595813205,3.240740740740741,9.88996242619431,0.2952227589908749,0.1878690284487386,0.05367686527106817,1.6706924315619969,0.5837359098228664
121,16.800858829844337,32.52147074610843,3.4017713365539453,6.1862587224906065,25.033548040794418,3.1870638754696725,9.990606548577563,0.2952227589908749,0.1878690284487386,0.05367686527106817,1.7579173376274826,0.5837359098228664
122,16.955179817498657,32.37385936661299,3.4688674181427803,6.179549114331723,24.832259796027913,3.1535158346752548,9.970477724100913,0.2952227589908749,0.1878690284487386,0.08051529790660225,1.8786902844873858,0.6239935587761675
123,17.10950080515298,32.1658615136876,3.589640365002684,6.253354804079442,24.718196457326894,3.1065485775630703,9.990606548577563,0.2952227589908749,0.1878690284487386,0.04696725711218465,1.9122383252818036,0.6239935587761675
124,17.344337090713903,32.05179817498658,3.5628019323671496,6.105743424584004,24.698067632850243,3.0931293612453032,9.930220075147611,0.4428341384863124,0.1878690284487386,0.04696725711218465,1.9122383252818036,0.6239935587761675
125,17.317498658078367,31.904186795491142,3.5628019323671496,6.159420289855072,23.429951690821255,3.0730005367686526,9.923510466988727,0.4428341384863124,0.1878690284487386,0.04696725711218465,3.3279656468062266,0.6239935587761675
126,17.438271604938272,31.622383252818036,3.5762211486849167,6.347289318303811,23.329307568438004,3.0931293612453032,9.91009125067096,0.4428341384863124,0.1878690284487386,0.04696725711218465,3.3816425120772946,0.6239935587761675
127,17.579173376274827,31.4747718733226,3.6768652710681695,6.253354804079442,23.262211486849168,3.2877079978529253,9.796027911969942,0.4428341384863124,0.1878690284487386,0.04696725711218465,3.3950617283950617,0.5971551261406334
128,17.579173376274827,31.40096618357488,4.280730005367687,6.239935587761675,22.805958132045088,3.2877079978529253,9.722222222222221,0.4428341384863124,0.1878690284487386,0.04696725711218465,3.3816425120772946,0.6239935587761675
129,17.773752012882447,31.28690284487386,4.280730005367687,6.273483628556092,22.71202361782072,3.307836822329576,9.702093397745571,0.4428341384863124,0.1878690284487386,0.04696725711218465,3.3480944712828773,0.6374127750939346
130,18.04213633923779,31.146001073537306,4.30756843800322,6.260064412238325,22.50402576489533,3.280998389694042,9.64170692431562,0.4428341384863124,0.1878690284487386,0.04696725711218465,3.488996242619431,0.6508319914117016
131,18.169618894256576,31.03864734299517,4.334406870638754,6.6827697262479875,22.0276435856146,3.2474503488996245,9.541062801932368,0.4830917874396135,0.1878690284487386,0.04696725711218465,3.5762211486849167,0.6642512077294686
132,18.35077831454643,30.92458400429415,4.26731078904992,6.662640901771336,21.960547504025765,3.4151905528717124,9.4873859366613,0.4830917874396135,0.1878690284487386,0.04696725711218465,3.549382716049383,0.6642512077294686
133,18.471551261406333,30.857487922705314,4.247181964573269,6.6760601180891035,21.960547504025765,3.361513687600644,9.480676328502415,0.4830917874396135,0.1878690284487386,0.07380568974771873,3.535963499731616,0.6642512077294686
134,18.686258722490606,30.770263016639827,4.42163177670424,6.743156199677939,21.73913043478261,3.361513687600644,9.453837895866881,0.4562533548040794,0.1878690284487386,0.07380568974771873,3.4420289855072466,0.6642512077294686
135,18.874127750939344,30.703166935050994,4.461889425657541,6.823671497584541,21.70558239398819,3.2742887815351582,9.41358024691358,0.4428341384863124,0.1878690284487386,0.05367686527106817,3.3950617283950617,0.6642512077294686
136,18.947933440687063,30.56897477187332,4.5960815888352125,6.816961889425658,21.692163177670423,3.2340311325818574,9.420289855072463,0.4428341384863124,0.1878690284487386,0.05367686527106817,3.374932903918411,0.6642512077294686
137,19.02173913043478,30.441492216854535,4.5893719806763285,6.877348362855609,21.68545356951154,3.2340311325818574,9.440418679549115,0.4428341384863124,0.1878690284487386,0.05367686527106817,3.361513687600644,0.6642512077294686
138,19.243156199677937,30.320719269994633,4.5893719806763285,6.837090713902308,21.64519592055824,3.2340311325818574,9.380032206119163,0.4428341384863124,0.1878690284487386,0.05367686527106817,3.3816425120772946,0.6843800322061192
139,19.47799248523886,30.293880837359097,4.542404723564144,6.830381105743425,21.598228663446054,3.2340311325818574,9.333064949006978,0.4428341384863124,0.1878690284487386,0.05367686527106817,3.294417606011809,0.7112184648416533
140,19.592055823939884,30.22007514761138,4.562533548040794,6.756575415995706,21.55126140633387,3.2675791733762747,9.265968867418144,0.4428341384863124,0.1878690284487386,0.05367686527106817,3.3480944712828773,0.7514761137949544
141,19.51154052603328,26.8719806763285,4.428341384863124,10.332796564680622,21.430488459473967,3.2340311325818574,9.366612989801396,0.4428341384863124,0.1878690284487386,0.0939345142243693,3.3480944712828773,0.7514761137949544
142,19.605475040257648,26.84514224369297,4.455179817498658,10.272410091250672,21.34326355340848,3.260869565217391,9.339774557165862,0.4428341384863124,0.2281266774020397,0.0939345142243693,3.3480944712828773,0.7648953301127214
143,19.706119162640903,26.80488459473967,4.455179817498658,10.198604401502953,21.101717659688674,3.2541599570585076,9.31964573268921,0.4830917874396135,0.2281266774020397,0.0939345142243693,3.616478797638218,0.7380568974771873
144,19.732957595276435,26.778046162104133,4.736983360171766,10.21202361782072,20.853462157809982,3.240740740740741,9.265968867418144,0.5032206119162641,0.2281266774020397,0.0939345142243693,3.616478797638218,0.7380568974771873
145,19.91411701556629,26.643853998926463,4.797369833601718,10.19189479334407,20.840042941492218,3.2340311325818574,9.25925925925926,0.5032206119162641,0.2281266774020397,0.0939345142243693,3.589640365002684,0.7045088566827697
146,20.108695652173914,26.462694578636608,4.898013955984971,10.091250670960816,20.7662372517445,3.2541599570585076,9.232420826623725,0.5636070853462157,0.2281266774020397,0.0939345142243693,3.616478797638218,0.6843800322061192
147,20.209339774557165,26.435856146001072,4.898013955984971,10.064412238325282,20.685721953837895,3.2474503488996245,9.232420826623725,0.5636070853462157,0.2147074610842727,0.0939345142243693,3.670155662909286,0.6843800322061192
148,19.32367149758454,26.133923778851315,4.804079441760601,10.030864197530864,22.282608695652176,3.280998389694042,8.943907675791733,0.5636070853462157,0.2147074610842727,0.0939345142243693,3.643317230273752,0.6843800322061192
149,18.96135265700483,27.053140096618357,4.777241009125067,10.131508319914117,22.04777241009125,3.240740740740741,8.487654320987655,0.5636070853462157,0.2147074610842727,0.0939345142243693,3.717122920021471,0.7112184648416533
150,19.129092860976918,27.006172839506174,4.783950617283951,10.091250670960816,21.973966720343533,3.2675791733762747,8.454106280193237,0.5636070853462157,0.24154589371980675,0.0939345142243693,3.6768652710681695,0.7179280730005367
151,19.129092860976918,25.5300590445518,4.622920021470746,11.83574879227053,21.926999463231347,3.2541599570585076,8.454106280193237,0.5434782608695652,0.24154589371980675,0.0939345142243693,3.6500268384326353,0.7179280730005367
152,19.310252281266774,25.44283413848631,4.609500805152979,11.855877616747183,21.85990338164251,3.2340311325818574,8.413848631239935,0.5300590445517982,0.2885131508319914,0.12077294685990338,3.616478797638218,0.7179280730005367
153,19.444444444444443,25.335480407944175,4.622920021470746,11.829039184111648,21.79951690821256,3.227321524422974,8.32662372517445,0.5300590445517982,0.2885131508319914,0.12077294685990338,3.7640901771336552,0.7112184648416533
154,19.73966720343532,25.15432098765432,4.703435319377348,11.802200751476114,21.672034353193773,3.2139023081052067,8.28636607622115,0.5434782608695652,0.2885131508319914,0.0939345142243693,3.7909286097691894,0.7112184648416533
155,19.82018250134192,25.0805152979066,4.690016103059581,11.81561996779388,21.638486312399355,3.207192699946323,8.28636607622115,0.5434782608695652,0.2885131508319914,0.0939345142243693,3.824476650563607,0.7112184648416533
156,19.887278582930758,24.590713902308106,4.602791196994096,13.291733762748256,21.054750402576488,2.9790660225442833,8.205850778314547,0.6374127750939346,0.2885131508319914,0.0939345142243693,3.7037037037037037,0.6642512077294686
157,19.97450348899624,24.570585077831456,4.488727858293076,13.358829844337091,20.994363929146537,2.999194847020934,8.205850778314547,0.6374127750939346,0.2683843263553409,0.0939345142243693,3.743961352657005,0.6642512077294686
158,19.900697799248523,24.355877616747183,4.528985507246377,13.372249060654857,20.94068706387547,3.026033279656468,8.568169618894256,0.6105743424584005,0.2683843263553409,0.0939345142243693,3.6768652710681695,0.6575415995705851
159,19.95437466451959,24.288781535158346,4.582662372517445,13.311862587224907,20.8870101986044,3.046162104133119,8.501073537305421,0.644122383252818,0.2683843263553409,0.0939345142243693,3.7372517444981215,0.6843800322061192
160,19.880568974771872,24.18142780461621,4.99194847020934,13.231347289318304,20.86688137412775,2.932098765432099,8.487654320987655,0.6172839506172839,0.2683843263553409,0.08722490606548577,3.770799785292539,0.6843800322061192
161,20.075147611379496,24.14787976382179,4.985238862050457,13.18438003220612,20.759527643585614,2.932098765432099,8.487654320987655,0.6172839506172839,0.2683843263553409,0.08722490606548577,3.770799785292539,0.6843800322061192
162,20.169082125603865,24.08749329039184,5.018786902844874,13.18438003220612,20.69243156199678,2.8784219001610305,8.427267847557703,0.6172839506172839,0.2683843263553409,0.08722490606548577,3.7573805689747717,0.8118625872249061
163,20.38378958668814,23.993558776167472,5.018786902844874,13.083735909822867,20.665593129361245,2.9388083735909825,8.413848631239935,0.5636070853462157,0.2683843263553409,0.08722490606548577,3.7372517444981215,0.8454106280193237
164,20.48443370907139,23.906333870101985,5.018786902844874,13.050187869028449,20.605206655931294,2.9589371980676327,8.400429414922169,0.5971551261406334,0.2683843263553409,0.08722490606548577,3.7775093934514223,0.8454106280193237
165,20.578368223295758,23.845947396672035,5.025496511003757,13.030059044551798,20.50456253354804,3.0595813204508855,8.353462157809984,0.5971551261406334,0.2683843263553409,0.08722490606548577,3.851315083199141,0.798443370907139
166,20.719269994632313,23.832528180354267,5.005367686527107,12.909286097691895,20.44417606011809,3.046162104133119,8.3467525496511,0.6508319914117016,0.2683843263553409,0.12077294685990338,3.8714439076757916,0.785024154589372
167,20.7662372517445,23.8191089640365,4.985238862050457,12.902576489533011,20.377079978529252,3.0864197530864197,8.353462157809984,0.6508319914117016,0.2683843263553409,0.12077294685990338,3.8915727321524423,0.7783145464304885
168,20.8870101986044,23.74530327428878,4.938271604938271,12.95625335480408,20.29656468062265,3.113258185721954,8.293075684380032,0.6508319914117016,0.2683843263553409,0.12077294685990338,3.92512077294686,0.8051529790660226
169,21.034621578099838,23.66478797638218,4.958400429414922,12.93612453032743,20.249597423510465,3.1199677938808374,8.266237251744498,0.6709608158883521,0.2683843263553409,0.12077294685990338,3.9049919484702094,0.8051529790660226
170,21.07487922705314,23.429951690821255,5.193236714975845,12.915995705850777,20.1959205582394,3.180354267310789,8.225979602791197,0.644122383252818,0.2683843263553409,0.12077294685990338,3.9452495974235107,0.8051529790660226
171,21.202361782071925,23.409822866344605,5.347557702630167,12.848899624261943,20.142243692968332,3.0595813204508855,8.185721953837897,0.644122383252818,0.2683843263553409,0.14761137949543746,3.911701556629093,0.8319914117015567
172,21.43719806763285,23.22866344605475,5.401234567901234,12.781803542673108,20.115405260332796,3.099838969404187,8.152173913043478,0.6508319914117016,0.2952227589908749,0.14761137949543746,3.8915727321524423,0.798443370907139
173,21.423778851315085,22.96027911969941,5.360976918947934,13.264895330112722,19.94766505636071,3.046162104133119,8.13875469672571,0.630703166935051,0.32877079978529256,0.14090177133655393,3.9452495974235107,0.8118625872249061
174,21.296296296296298,22.819377348362856,5.233494363929147,13.191089640365004,20.50456253354804,3.0394524959742353,8.132045088566828,0.6172839506172839,0.32877079978529256,0.14090177133655393,3.8848631239935587,0.8118625872249061
175,21.62506709608159,22.71202361782072,5.246913580246914,13.117283950617283,20.457595276435857,3.0193236714975846,8.085077831454644,0.6172839506172839,0.32877079978529256,0.14090177133655393,3.8378958668813743,0.8118625872249061
176,21.631776704240472,22.665056360708533,5.267042404723564,13.097155126140633,20.44417606011809,3.046162104133119,8.111916264090176,0.6172839506172839,0.32877079978529256,0.14090177133655393,3.8378958668813743,0.8118625872249061
177,21.812936124530328,22.074610842726784,5.763553408480945,13.063607085346217,20.40391841116479,3.0730005367686526,8.07836822329576,0.6172839506172839,0.32877079978529256,0.14090177133655393,3.8311862587224907,0.8118625872249061
178,21.89345142243693,21.772678475577028,6.072195383789587,13.063607085346217,20.336822329575952,3.1065485775630703,8.05823939881911,0.6172839506172839,0.32877079978529256,0.14090177133655393,3.797638217928073,0.8118625872249061
179,22.134997316156735,21.70558239398819,6.085614600107354,13.09044551798175,20.21604938271605,3.1065485775630703,8.05823939881911,0.5837359098228664,0.32877079978529256,0.07380568974771873,3.8043478260869565,0.8118625872249061
180,22.134997316156735,21.87332259796028,6.132581857219538,13.056897477187333,20.142243692968332,3.099838969404187,8.031400966183575,0.5837359098228664,0.32877079978529256,0.07380568974771873,3.743961352657005,0.798443370907139
181,22.20209339774557,21.866612989801396,6.105743424584004,13.030059044551798,20.128824476650564,3.099838969404187,8.031400966183575,0.5837359098228664,0.32877079978529256,0.07380568974771873,3.717122920021471,0.8319914117015567
182,22.269189479334408,21.81964573268921,6.132581857219538,12.99651100375738,20.101986044015028,3.0931293612453032,8.024691358024691,0.5837359098228664,0.32877079978529256,0.07380568974771873,3.743961352657005,0.8319914117015567
183,22.262479871175522,21.812936124530328,6.105743424584004,12.99651100375738,20.075147611379496,3.113258185721954,8.051529790660226,0.5837359098228664,0.32877079978529256,0.07380568974771873,3.7640901771336552,0.8319914117015567
184,22.29602791196994,21.732420826623724,6.105743424584004,12.99651100375738,20.088566827697264,3.126677402039721,8.051529790660226,0.5837359098228664,0.32877079978529256,0.10064412238325282,3.770799785292539,0.8185721953837896
185,22.430220075147613,21.591519055287172,6.112453032742888,13.009930220075148,20.014761137949545,3.1065485775630703,8.07836822329576,0.5837359098228664,0.32877079978529256,0.10064412238325282,3.824476650563607,0.8185721953837896
186,22.591250670960815,21.531132581857218,6.219806763285024,12.969672571121846,19.92753623188406,3.079710144927536,8.07836822329576,0.5837359098228664,0.32877079978529256,0.10064412238325282,3.770799785292539,0.8185721953837896
187,22.57783145464305,21.517713365539453,6.206387546967257,12.93612453032743,19.91411701556629,3.1199677938808374,8.132045088566828,0.6239935587761675,0.32877079978529256,0.10064412238325282,3.7238325281803544,0.8185721953837896
