,45,50,51,55,53,54,52,56,57,59,58,61,60,46
0,99.94632313472893,0.05367686527106817,,,,,,,,,,,,
1,99.84567901234568,0.15432098765432098,,,,,,,,,,,,
2,99.84567901234568,0.15432098765432098,,,,,,,,,,,,
3,99.57058507783145,0.4294149221685454,,,,,,,,,,,,
4,96.53113258185722,3.4688674181427803,,,,,,,,,,,,
5,95.47772410091251,4.522275899087493,,,,,,,,,,,,
6,93.70638754696726,6.293612453032743,,,,,,,,,,,,
7,90.56629092860977,9.433709071390231,,,,,,,,,,,,
8,81.58212560386474,18.33064949006978,0.026838432635534086,0.06038647342995169,,,,,,,,,,
9,81.05206655931293,18.82716049382716,0.026838432635534086,0.0939345142243693,,,,,,,,,,
10,73.40982286634461,26.422436929683307,0.026838432635534086,0.11406333870101985,0.026838432635534086,,,,,,,,,
11,73.40982286634461,26.382179280730007,0.026838432635534086,0.15432098765432098,0.026838432635534086,,,,,,,,,
12,72.926731078905,26.86527106816962,0.026838432635534086,0.15432098765432098,0.026838432635534086,,,,,,,,,
13,72.926731078905,26.86527106816962,0.026838432635534086,0.15432098765432098,0.026838432635534086,,,,,,,,,
14,72.86634460547504,26.78475577026302,0.026838432635534086,0.15432098765432098,0.026838432635534086,0.14090177133655393,,,,,,,,
15,72.89318303811058,26.757917337627482,0.026838432635534086,0.15432098765432098,0.026838432635534086,0.14090177133655393,,,,,,,,
16,72.48389694041867,26.7512077294686,0.46296296296296297,0.15432098765432098,0.026838432635534086,0.12077294685990338,,,,,,,,
17,72.45034889962426,26.757917337627482,0.46296296296296297,0.15432098765432098,0.026838432635534086,0.12077294685990338,0.026838432635534086,,,,,,,
18,72.48389694041867,26.69753086419753,0.46296296296296297,0.15432098765432098,0.026838432635534086,0.14761137949543746,0.026838432635534086,,,,,,,
19,61.600912506709605,37.60064412238325,0.46296296296296297,0.13419216317767044,0.026838432635534086,0.14761137949543746,0.026838432635534086,,,,,,,
20,56.17954911433172,40.90177133655394,0.15432098765432098,0.1610305958132045,0.026838432635534086,0.14761137949543746,2.428878153515835,,,,,,,
21,55.783682232957595,41.31105743424584,0.15432098765432098,0.1610305958132045,0.026838432635534086,0.14761137949543746,2.4154589371980677,,,,,,,
22,45.57836822329576,38.27831454643049,13.056897477187333,0.1610305958132045,0.36231884057971014,0.14761137949543746,2.4154589371980677,,,,,,,
23,43.76006441223833,40.11674718196457,13.056897477187333,0.1610305958132045,0.36231884057971014,0.12077294685990338,2.4221685453569513,,,,,,,
24,43.77348362855609,40.103327965646805,13.030059044551798,0.1878690284487386,0.36231884057971014,0.12077294685990338,2.4221685453569513,,,,,,,
25,43.77348362855609,40.083199141170155,13.01663982823403,0.2214170692431562,0.36231884057971014,0.12077294685990338,2.4221685453569513,,,,,,,
26,42.975040257648956,40.79441760601181,12.983091787439614,0.3153515834675255,0.36231884057971014,0.12077294685990338,2.4221685453569513,0.026838432635534086,,,,,,
27,42.632850241545896,35.49382716049383,12.95625335480408,1.1808910359634996,5.166398282340311,0.12077294685990338,2.4221685453569513,0.026838432635534086,,,,,,
28,42.70665593129361,35.39989264626946,12.95625335480408,1.1808910359634996,5.166398282340311,0.12077294685990338,2.3550724637681157,0.11406333870101985,,,,,,
29,42.69994632313473,35.37976382179281,12.989801395598498,1.1741814278046163,5.166398282340311,0.12077294685990338,2.3349436392914655,0.11406333870101985,0.020128824476650563,,,,,
30,35.607890499194845,42.31749865807837,13.050187869028449,1.2681159420289856,5.166398282340311,0.12077294685990338,2.3349436392914655,0.11406333870101985,0.020128824476650563,,,,,
31,35.628019323671495,42.28395061728395,13.036768652710682,1.2949543746645196,4.696725711218465,0.5904455179817498,2.3349436392914655,0.11406333870101985,0.020128824476650563,,,,,
32,35.72866344605475,42.09608158883521,13.030059044551798,1.402308105206656,4.683306494900698,0.5904455179817498,2.314814814814815,0.11406333870101985,0.040257648953301126,,,,,
33,31.810252281266774,45.96081588835212,12.13768115942029,3.052871712292002,4.609500805152979,0.5904455179817498,1.7042404723564144,0.11406333870101985,0.020128824476650563,,,,,
34,31.863929146537842,45.9272678475577,12.097423510466989,3.052871712292002,4.5960815888352125,0.5904455179817498,1.7042404723564144,0.14761137949543746,0.020128824476650563,,,,,
35,32.018250134192165,45.840042941492214,12.050456253354804,3.052871712292002,4.575952764358561,0.5904455179817498,1.7042404723564144,0.14761137949543746,0.020128824476650563,,,,,
36,31.796833064949006,41.237251744498124,16.774020397208805,3.1535158346752548,4.575952764358561,0.5904455179817498,1.7042404723564144,0.14761137949543746,0.020128824476650563,,,,,
37,31.850509930220074,41.18357487922705,16.774020397208805,3.207192699946323,4.575952764358561,0.5367686527106817,1.7042404723564144,0.14761137949543746,0.020128824476650563,,,,,
38,31.904186795491142,41.14331723027375,16.75389157273215,3.227321524422974,4.569243156199678,0.5367686527106817,1.6975308641975309,0.14761137949543746,0.020128824476650563,,,,,
39,31.93102522812668,41.015834675254965,16.472088030059044,3.3145464304884595,4.5960815888352125,0.5367686527106817,1.6975308641975309,0.41599570585077833,0.020128824476650563,,,,,
40,30.62265163714439,40.21068169618894,18.54535695115405,3.388352120236178,4.562533548040794,0.5367686527106817,1.6975308641975309,0.41599570585077833,0.020128824476650563,,,,,
41,30.73671497584541,40.11674718196457,18.4849704777241,3.502415458937198,4.53569511540526,0.5166398282340311,1.6706924315619969,0.41599570585077833,0.020128824476650563,,,,,
42,30.83064949006978,39.98926462694579,18.42458400429415,3.556092324208266,4.528985507246377,0.5166398282340311,1.6706924315619969,0.46296296296296297,0.020128824476650563,,,,,
43,30.730005367686527,39.110305958132045,18.377616747181964,3.69699409554482,5.381105743424584,0.5166398282340311,1.6706924315619969,0.49651100375738055,0.020128824476650563,,,,,
44,30.730005367686527,38.519860440150296,18.35077831454643,3.69699409554482,5.998389694041868,0.5166398282340311,1.6706924315619969,0.49651100375738055,0.020128824476650563,,,,,
45,30.763553408480945,38.486312399355874,18.310520665593128,3.69699409554482,5.998389694041868,0.5166398282340311,1.6706924315619969,0.5367686527106817,0.020128824476650563,,,,,
46,30.810520665593128,38.31857219538379,18.209876543209877,3.7909286097691894,5.998389694041868,0.5501878690284487,1.6706924315619969,0.630703166935051,0.020128824476650563,,,,,
47,30.817230273752013,38.27160493827161,18.17632850241546,3.8378958668813743,5.991680085882985,0.5501878690284487,1.6706924315619969,0.6642512077294686,0.020128824476650563,,,,,
48,30.951422436929683,38.191089640365,18.136070853462158,3.8378958668813743,5.978260869565218,0.5501878690284487,1.6706924315619969,0.6642512077294686,0.020128824476650563,,,,,
49,29.20692431561997,40.49248523886205,17.599302200751477,3.8714439076757916,5.978260869565218,0.5501878690284487,1.6572732152442298,0.644122383252818,,,,,,
50,29.03918411164788,40.33145464304884,17.612721417069242,3.8714439076757916,5.978260869565218,0.5501878690284487,1.9726247987117553,0.644122383252818,,,,,,
51,22.10144927536232,42.07595276435856,22.779119699409556,3.898282340311326,5.978260869565218,0.5501878690284487,1.9726247987117553,0.644122383252818,,,,,,
52,22.21551261406334,41.948470209339774,22.69189479334407,3.92512077294686,5.9514224369296835,0.5501878690284487,2.073268921095008,0.644122383252818,,,,,,
53,22.31615673644659,41.93505099302201,22.604669887278583,3.92512077294686,5.555555555555555,0.9460547504025765,2.073268921095008,0.644122383252818,,,,,,
54,21.93370907139023,39.56655931293612,25.583735909822867,3.670155662909286,5.555555555555555,0.9728931830381106,2.073268921095008,0.644122383252818,,,,,,
55,22.020933977455716,39.48604401502952,25.51663982823403,3.730542136339238,5.555555555555555,0.9728931830381106,2.073268921095008,0.644122383252818,,,,,,
56,20.02818035426731,42.14975845410628,25.369028448738593,3.126677402039721,5.555555555555555,0.9728931830381106,2.073268921095008,0.7246376811594203,,,,,,
57,20.169082125603865,41.98201825013419,25.275093934514224,3.2340311325818574,5.535426731078905,0.9728931830381106,2.059849704777241,0.7514761137949544,,0.020128824476650563,,,,
58,17.693236714975846,32.648953301127214,37.78851315083199,2.898550724637681,5.495169082125604,0.9728931830381106,1.7310789049919484,0.7514761137949544,,0.020128824476650563,,,,
59,17.371175523349436,32.90391841116479,37.61406333870102,2.9388083735909825,5.495169082125604,0.9728931830381106,1.8250134192163177,0.8588298443370908,,0.020128824476650563,,,,
60,17.431561996779386,32.87707997852925,37.553676865271065,2.9388083735909825,5.495169082125604,0.9728931830381106,1.8250134192163177,0.8856682769726248,,0.020128824476650563,,,,
61,17.59259259259259,32.729468599033815,37.513419216317764,2.9723564143853998,5.481749865807837,0.9728931830381106,1.7981749865807837,0.9192163177670424,,0.020128824476650563,,,,
62,17.57246376811594,32.06521739130435,37.47987117552335,3.0730005367686526,4.958400429414922,0.8856682769726248,3.026033279656468,0.9192163177670424,,0.020128824476650563,,,,
63,16.6935050993022,33.373590982286636,39.62694578636608,2.8113258185721954,4.334406870638754,0.18115942028985507,2.073268921095008,0.8856682769726248,,0.020128824476650563,,,,
64,16.834406870638755,33.299785292538914,39.512882447665056,2.8381642512077296,4.361245303274289,0.18115942028985507,2.0665593129361244,0.8856682769726248,,0.020128824476650563,,,,
65,15.72061191626409,43.10252281266774,31.30703166935051,2.657004830917874,3.938539989264627,0.2147074610842727,2.3617820719269993,0.6776704240472357,,0.020128824476650563,,,,
66,15.002683843263553,41.18357487922705,28.502415458937197,3.5426731078904994,2.006172839506173,0.15432098765432098,9.07139023081052,0.5166398282340311,,0.020128824476650563,,,,
67,15.143585614600108,41.076221148684915,28.475577026301664,3.5628019323671496,1.9793344068706387,0.15432098765432098,9.07139023081052,0.5166398282340311,,0.020128824476650563,,,,
68,14.673913043478262,35.33279656468062,27.428878153515836,3.4957058507783145,1.8585614600107354,1.221148684916801,15.458937198067632,0.48980139559849706,0.020128824476650563,0.020128824476650563,,,,
69,14.734299516908212,34.98389694041868,27.415458937198068,3.6634460547504024,1.9927536231884058,1.221148684916801,15.458937198067632,0.48980139559849706,0.020128824476650563,0.020128824476650563,,,,
70,14.848362855609233,34.80273752012882,27.24771873322598,3.7909286097691894,1.9793344068706387,1.221148684916801,15.445517981749866,0.6239935587761675,0.020128824476650563,0.020128824476650563,,,,
71,11.728395061728396,37.92941492216855,27.241009125067094,3.7909286097691894,1.9793344068706387,1.221148684916801,15.445517981749866,0.6239935587761675,0.020128824476650563,0.020128824476650563,,,,
72,11.782071926999464,37.88915727321525,27.093397745571657,3.81105743424584,1.9793344068706387,1.221148684916801,15.391841116478798,0.7380568974771873,0.07380568974771873,0.020128824476650563,,,,
73,11.81561996779388,37.875738056897475,27.079978529253893,3.81105743424584,1.9592055823939882,1.221148684916801,15.35829307568438,0.7380568974771873,0.10064412238325282,0.020128824476650563,0.020128824476650563,,,
74,11.969940955448202,37.82206119162641,26.643853998926463,4.2270531400966185,1.9592055823939882,1.221148684916801,15.24422973698336,0.7716049382716049,0.10064412238325282,0.020128824476650563,0.020128824476650563,,,
75,9.078099838969404,33.863392377885134,35.64143853998927,4.542404723564144,1.710950080515298,1.8719806763285025,12.13768115942029,1.06682769726248,0.04696725711218465,0.020128824476650563,0.020128824476650563,,,
76,9.158615136876007,33.50107353730542,35.607890499194845,4.783950617283951,1.710950080515298,1.8719806763285025,12.130971551261407,1.1205045625335481,0.04696725711218465,0.020128824476650563,0.04696725711218465,,,
77,9.252549651100376,33.50107353730542,35.54079441760601,4.783950617283951,1.710950080515298,1.8719806763285025,12.104133118625873,1.1205045625335481,0.04696725711218465,0.020128824476650563,0.04696725711218465,,,
78,9.420289855072463,33.17901234567901,35.037573805689746,5.038915727321524,1.710950080515298,1.8719806763285025,12.04374664519592,1.583467525496511,0.04696725711218465,0.020128824476650563,0.04696725711218465,,,
79,9.520933977455716,33.13204508856683,35.02415458937198,5.01207729468599,1.710950080515298,1.8719806763285025,12.030327428878154,1.583467525496511,0.04696725711218465,0.020128824476650563,0.04696725711218465,,,
80,9.306226516371444,32.9374664519592,34.977187332259795,5.038915727321524,1.7042404723564144,1.8719806763285025,12.379227053140097,1.6170155662909287,0.10064412238325282,0.020128824476650563,0.04696725711218465,,,
81,8.460815888352121,30.3743961352657,41.36473429951691,5.052334943639291,1.7042404723564144,1.8719806763285025,9.326355340848094,1.7579173376274826,0.020128824476650563,0.020128824476650563,0.04696725711218465,,,
82,8.085077831454644,27.314814814814813,47.32286634460547,4.119699409554482,1.7042404723564144,1.261406333870102,8.313204508856682,1.7914653784219001,0.020128824476650563,0.020128824476650563,0.04696725711218465,,,
83,7.9039184111647875,26.939076757917338,44.920826623725176,2.9723564143853998,1.8250134192163177,1.3419216317767042,12.647611379495437,1.3620504562533549,0.04696725711218465,0.020128824476650563,0.020128824476650563,,,
84,7.326892109500805,23.26892109500805,40.02952227589909,2.737520128824477,1.5029522275899088,1.3419216317767042,22.27589908749329,1.2010198604401503,0.27509393451422437,0.020128824476650563,0.020128824476650563,,,
85,7.347020933977456,23.242082662372518,39.92216854535695,2.737520128824477,1.5029522275899088,1.3419216317767042,22.24235104669887,1.3486312399355878,0.27509393451422437,0.020128824476650563,0.020128824476650563,,,
86,7.427536231884058,23.181696188942567,39.841653247450346,2.7979066022544283,1.5029522275899088,1.3419216317767042,22.24235104669887,1.3486312399355878,0.27509393451422437,0.020128824476650563,0.020128824476650563,,,
87,7.481213097155126,23.067632850241544,39.76784755770263,2.8247450348899625,1.5029522275899088,1.328502415458937,22.08132045088567,1.6505636070853462,0.2549651100375738,0.020128824476650563,0.020128824476650563,,,
88,7.568438003220612,23.007246376811594,39.60010735373054,2.8247450348899625,1.5163714439076759,1.328502415458937,22.054482018250134,1.8048845947396672,0.2549651100375738,0.020128824476650563,0.020128824476650563,,,
89,7.39398819108964,21.121846484165324,42.29736983360172,2.7442297369833604,1.2681159420289856,1.328502415458937,21.76596886741814,1.7847557702630166,0.2549651100375738,0.020128824476650563,0.020128824476650563,,,
90,7.514761137949543,21.048040794417606,42.16317767042405,2.7777777777777777,1.2681159420289856,1.328502415458937,21.672034353193773,1.9189479334406871,0.2683843263553409,0.020128824476650563,0.020128824476650563,,,
91,7.575147611379496,21.027911969940956,42.13633923778851,2.7643585614600106,1.2681159420289856,1.328502415458937,21.672034353193773,1.9189479334406871,0.2683843263553409,0.020128824476650563,0.020128824476650563,,,
92,7.669082125603865,20.933977455716587,42.08266237251745,2.844873859366613,1.2681159420289856,1.3553408480944713,21.631776704240472,1.90552871712292,0.2683843263553409,0.020128824476650563,0.020128824476650563,,,
93,7.682501341921632,20.913848631239937,39.72758990874933,2.8247450348899625,1.2681159420289856,3.193773483628556,22.22222222222222,1.8585614600107354,0.2683843263553409,0.020128824476650563,0.020128824476650563,,,
94,7.702630166398282,20.8870101986044,39.70746108427268,2.8247450348899625,1.2681159420289856,3.1870638754696725,22.21551261406334,1.8988191089640365,0.2683843263553409,0.020128824476650563,0.020128824476650563,,,
95,7.742887815351583,20.8870101986044,39.64707461084273,2.8247450348899625,1.2681159420289856,3.2340311325818574,22.19538378958669,1.892109500805153,0.2683843263553409,0.020128824476650563,0.020128824476650563,,,
96,7.749597423510467,20.94068706387547,39.59339774557166,2.8650026838432634,1.2681159420289856,3.2340311325818574,22.12157809983897,1.892109500805153,0.2952227589908749,0.020128824476650563,0.020128824476650563,,,
97,7.863660762211487,20.9272678475577,39.50617283950617,2.8650026838432634,1.2681159420289856,3.2340311325818574,22.108158883521202,1.892109500805153,0.2952227589908749,0.020128824476650563,0.020128824476650563,,,
98,7.96430488459474,20.86688137412775,39.754428341384866,2.8650026838432634,1.1473429951690821,3.099838969404187,22.074610842726784,1.892109500805153,0.2952227589908749,0.020128824476650563,0.020128824476650563,,,
99,8.11862587224906,20.7662372517445,39.660493827160494,2.9052603327965647,1.1473429951690821,3.126677402039721,22.04777241009125,1.892109500805153,0.2952227589908749,0.020128824476650563,0.020128824476650563,,,
100,8.145464304884594,20.739398819108963,39.62023617820719,2.932098765432099,1.1473429951690821,3.1535158346752548,22.020933977455716,1.90552871712292,0.2952227589908749,0.020128824476650563,0.020128824476650563,,,
101,8.266237251744498,20.658883521202362,38.61379495437466,3.227321524422974,1.1473429951690821,3.126677402039721,21.93370907139023,2.6637144390767578,0.322061191626409,0.020128824476650563,0.020128824476650563,,,
102,8.232689210950081,19.49141170155663,36.99006977992485,3.2004830917874396,3.7775093934514223,3.1199677938808374,21.953837895866883,2.871712292002147,0.322061191626409,0.020128824476650563,0.020128824476650563,,,
103,8.373590982286634,19.30354267310789,36.822329575952764,3.1870638754696725,3.9318303811057436,3.113258185721954,21.920289855072465,2.985775630703167,0.322061191626409,0.020128824476650563,0.020128824476650563,,,
104,8.480944712828771,19.30354267310789,36.7686527106817,3.180354267310789,3.8915727321524423,3.113258185721954,21.900161030595815,2.9790660225442833,0.3153515834675255,0.020128824476650563,0.04696725711218465,,,
105,8.655394524959743,19.26328502415459,36.64787976382179,3.180354267310789,3.864734299516908,3.113258185721954,21.87332259796028,2.965646806226516,0.3421900161030596,0.020128824476650563,0.07380568974771873,,,
106,8.61513687600644,19.155931293612454,38.71443907675792,3.140096618357488,4.025764895330113,1.4962426194310252,21.83977455716586,2.576489533011272,0.3421900161030596,0.020128824476650563,0.07380568974771873,,,
107,8.702361782071927,19.135802469135804,38.65405260332797,3.140096618357488,4.025764895330113,1.5163714439076759,21.81964573268921,2.5697799248523885,0.3421900161030596,0.020128824476650563,0.07380568974771873,,,
108,8.420558239398819,18.80703166935051,36.922973698336016,3.140096618357488,3.9586688137412773,1.4895330112721417,24.302200751476114,2.522812667740204,0.3421900161030596,0.020128824476650563,0.07380568974771873,,,
109,8.487654320987655,18.726516371443907,36.90955448201825,3.193773483628556,3.9318303811057436,1.4895330112721417,24.302200751476114,2.4892646269457863,0.3421900161030596,0.020128824476650563,0.10735373054213634,,,
110,8.044820182501342,19.33709071390231,35.339506172839506,3.227321524422974,3.616478797638218,1.4626945786366077,26.435856146001072,2.0933977455716586,0.3421900161030596,0.020128824476650563,0.08051529790660225,,,
111,7.917337627482555,18.572195383789587,41.40499194847021,2.4557165861513686,3.616478797638218,1.4626945786366077,22.054482018250134,2.0665593129361244,0.36902844873859364,,0.08051529790660225,,,
112,8.004562533548041,18.42458400429415,40.9621578099839,2.9589371980676327,3.589640365002684,1.5432098765432098,22.0276435856146,2.0397208803005906,0.36902844873859364,,0.08051529790660225,,,
113,7.997852925389157,18.411164787976382,40.3918411164788,3.0730005367686526,3.589640365002684,1.5096618357487923,22.020933977455716,2.5563607085346214,0.36902844873859364,,0.08051529790660225,,,
114,8.017981749865807,17.518786902844873,39.45920558239399,3.052871712292002,5.669618894256575,1.4895330112721417,21.537842190016104,2.804616210413312,0.36902844873859364,,0.08051529790660225,,,
115,8.105206655931294,17.498658078368223,39.44578636607622,3.052871712292002,6.172839506172839,1.4895330112721417,20.98094471282877,2.804616210413312,0.36902844873859364,,0.08051529790660225,,,
116,8.239398819108963,17.49194847020934,39.371980676328505,3.0864197530864197,6.132581857219538,1.4895330112721417,20.933977455716587,2.804616210413312,0.36902844873859364,,0.08051529790660225,,,
117,8.36688137412775,17.458400429414922,38.57353730542136,3.0864197530864197,6.132581857219538,1.5297906602254427,20.90042941492217,3.475577026301664,0.39586688137412773,,0.08051529790660225,,,
118,8.373590982286634,17.404723564143854,37.936124530327426,3.3413848631239937,6.132581857219538,1.5230810520665594,20.779656468062264,3.911701556629093,0.5166398282340311,,0.08051529790660225,,,
119,8.460815888352121,17.257112184648417,37.88244766505636,3.3413848631239937,6.132581857219538,1.9592055823939882,20.471014492753625,3.911701556629093,0.5032206119162641,,0.08051529790660225,,,
120,8.447396672034353,16.774020397208805,37.82877079978529,3.2742887815351582,6.132581857219538,2.475845410628019,20.45088566827697,4.032474503488996,0.5032206119162641,,0.08051529790660225,,,
121,8.319914117015566,16.183574879227052,36.2788513150832,3.2474503488996245,6.602254428341385,4.609500805152979,20.075147611379496,4.0995705850778315,0.5032206119162641,,0.08051529790660225,,,
122,8.340042941492216,15.982286634460548,36.2788513150832,3.2206119162640903,6.629092860976919,4.508856682769726,20.356951154052602,4.0995705850778315,0.5032206119162641,,0.08051529790660225,,,
123,8.353462157809984,16.009125067096083,36.231884057971016,3.2206119162640903,6.629092860976919,4.4820182501341925,20.356951154052602,4.133118625872249,0.5032206119162641,,0.08051529790660225,,,
124,8.454106280193237,15.995705850778315,36.16478797638218,3.207192699946323,6.588835212023618,4.4820182501341925,20.323403113258184,4.133118625872249,0.5703166935050993,,0.08051529790660225,,,
125,8.541331186258722,15.935319377348362,35.75550187869028,3.629898013955985,6.568706387546968,4.4820182501341925,20.303274288781534,4.133118625872249,0.5703166935050993,,0.08051529790660225,,,
126,8.601717659688674,15.935319377348362,35.648148148148145,3.629898013955985,6.568706387546968,4.461889425657541,20.303274288781534,4.200214707461084,0.5703166935050993,,0.08051529790660225,,,
127,8.494363929146537,15.687063875469672,32.870370370370374,4.314278046162104,6.528448738593666,5.562265163714439,22.20209339774557,3.6634460547504024,0.5971551261406334,,0.08051529790660225,,,
128,8.474235104669887,15.593129361245303,32.870370370370374,4.28743961352657,6.461352657004831,5.770263016639828,22.168545356951153,3.6634460547504024,0.5971551261406334,,0.11406333870101985,,,
129,7.96430488459474,14.774557165861514,39.59339774557166,3.844605475040258,4.435050993022007,5.2066559312936125,20.041599570585078,3.5829307568438002,0.5032206119162641,,0.05367686527106817,,,
130,8.024691358024691,14.774557165861514,39.55984970477724,3.864734299516908,4.441760601180891,5.193236714975845,19.994632313472895,3.5829307568438002,0.5099302200751477,,0.05367686527106817,,,
131,7.991143317230274,14.687332259796028,33.903650026838434,3.8378958668813743,4.2203435319377345,5.112721417069243,26.100375738056897,3.556092324208266,0.5367686527106817,,0.05367686527106817,,,
132,8.152173913043478,14.600107353730541,33.82984433709071,3.8378958668813743,4.2203435319377345,5.193236714975845,25.986312399355878,3.556092324208266,0.5703166935050993,,0.05367686527106817,,,
133,8.3064949006978,14.55984970477724,33.340042941492214,3.784219001610306,4.206924315619967,5.756843800322061,25.93263553408481,3.5292538915727323,0.5367686527106817,,0.04696725711218465,,,
134,8.373590982286634,14.553140096618357,33.071658615136876,3.784219001610306,4.05931293612453,5.743424584004294,25.89908749329039,3.797638217928073,0.6910896403650026,,0.026838432635534086,,,
135,8.440687063875469,13.94927536231884,32.60198604401503,3.7238325281803544,4.663177670424047,5.763553408480945,25.85882984433709,4.240472356414386,0.7045088566827697,,0.05367686527106817,,,
136,8.521202361782072,13.94927536231884,32.447665056360705,3.7104133118625873,4.663177670424047,5.763553408480945,25.791733762748255,4.367954911433173,0.7313472893183038,,0.05367686527106817,,,
137,8.581588835212024,13.922436929683306,32.367149758454104,3.784219001610306,4.663177670424047,5.750134192163178,25.751476113794954,4.367954911433173,0.7581857219538379,,0.05367686527106817,,,
138,8.051529790660226,13.58695652173913,36.01717659688674,4.193505099302201,4.663177670424047,5.152979066022544,23.2487922705314,4.274020397208803,0.7581857219538379,,0.05367686527106817,,,
139,8.13875469672571,13.573537305421363,35.90311325818572,4.200214707461084,4.643048845947397,5.152979066022544,23.161567364465917,4.300858829844337,0.8319914117015567,0.040257648953301126,0.05367686527106817,,,
140,8.239398819108963,13.560118089103597,35.85614600107354,4.200214707461084,4.643048845947397,5.12614063338701,23.020665593129362,4.300858829844337,0.9594739667203436,0.040257648953301126,0.05367686527106817,,,
141,8.3467525496511,13.560118089103597,35.75550187869028,4.200214707461084,4.643048845947397,5.12614063338701,23.020665593129362,4.294149221685454,0.9594739667203436,0.040257648953301126,0.05367686527106817,,,
142,8.474235104669887,13.513150831991412,35.73537305421363,4.200214707461084,4.62962962962963,5.092592592592593,23.007246376811594,4.294149221685454,0.9594739667203436,0.040257648953301126,0.05367686527106817,,,
143,4.790660225442834,57.00483091787439,14.123725174449811,2.26784755770263,7.763016639828234,1.5096618357487923,8.957326892109501,2.965646806226516,0.5501878690284487,0.040257648953301126,0.026838432635534086,,,
144,4.797369833601718,56.977992485238865,14.096886741814279,2.26784755770263,7.823403113258186,1.5096618357487923,8.943907675791733,2.965646806226516,0.5501878690284487,0.040257648953301126,0.026838432635534086,,,
145,4.864465915190553,56.696188942565755,14.04320987654321,2.4490069779924855,7.776435856146001,1.596886741814278,8.930488459473967,3.0327428878153517,0.5434782608695652,0.040257648953301126,0.026838432635534086,,,
146,4.944981213097155,56.52844873859367,13.989533011272142,2.5295222758990876,7.776435856146001,1.596886741814278,8.930488459473967,3.0931293612453032,0.5434782608695652,0.040257648953301126,0.026838432635534086,,,
147,5.12614063338701,56.447933440687066,13.935856146001074,2.5295222758990876,7.776435856146001,1.5767579173376274,8.930488459473967,3.066290928609769,0.5434782608695652,0.040257648953301126,0.026838432635534086,,,
148,5.0791733762748255,47.396672034353195,13.895598497047773,2.442297369833602,7.776435856146001,1.6841116478797638,17.03569511540526,3.670155662909286,0.95276435856146,0.040257648953301126,0.026838432635534086,,,
149,5.173107890499195,46.806226516371446,13.895598497047773,2.945517981749866,7.742887815351583,1.6841116478797638,16.874664519592056,3.670155662909286,1.1406333870101986,0.040257648953301126,0.026838432635534086,,,
150,5.401234567901234,46.68545356951154,13.841921631776705,2.9790660225442833,7.742887815351583,1.6841116478797638,16.7337627482555,3.6634460547504024,1.2010198604401503,0.040257648953301126,0.026838432635534086,,,
151,5.501878690284487,46.564680622651636,13.801663982823403,3.066290928609769,7.716049382716049,1.6841116478797638,16.7337627482555,3.6634460547504024,1.2010198604401503,0.040257648953301126,0.026838432635534086,,,
152,5.58239398819109,46.4975845410628,13.781535158346752,3.046162104133119,7.702630166398282,1.6841116478797638,16.7337627482555,3.7037037037037037,1.2010198604401503,0.040257648953301126,0.026838432635534086,,,
153,5.649490069779925,46.464036500268385,13.754696725711218,3.046162104133119,7.702630166398282,1.6841116478797638,16.70692431561997,3.7238325281803544,1.2010198604401503,0.040257648953301126,0.026838432635534086,,,
154,5.83064949006978,46.06816961889426,13.6406333870102,3.388352120236178,7.702630166398282,1.6841116478797638,16.6532474503489,3.7640901771336552,1.2010198604401503,0.040257648953301126,0.026838432635534086,,,
155,5.971551261406334,45.99436392914654,13.620504562533547,3.388352120236178,7.62211486849168,1.6841116478797638,16.35131508319914,4.213633923778851,1.0198604401502953,0.040257648953301126,0.0939345142243693,,,
156,6.099033816425121,45.95410628019324,13.573537305421363,3.421900161030596,7.568438003220612,1.6841116478797638,16.304347826086957,4.240472356414386,1.0198604401502953,0.040257648953301126,0.0939345142243693,,,
157,6.226516371443908,45.90713902308105,13.58695652173913,3.3950617283950617,7.555018786902845,1.6841116478797638,16.25067096081589,4.240472356414386,1.0198604401502953,0.040257648953301126,0.0939345142243693,,,
158,6.199677938808374,44.135802469135804,12.72812667740204,3.0193236714975846,7.521470746108427,1.6841116478797638,19.35721953837896,4.200214707461084,1.0198604401502953,0.040257648953301126,0.0939345142243693,,,
159,6.1862587224906065,44.12238325281803,12.72812667740204,3.0193236714975846,8.09849704777241,1.6841116478797638,18.679549114331724,4.186795491143317,1.1607622114868492,0.040257648953301126,0.0939345142243693,,,
160,6.219806763285024,44.06199677938808,12.72812667740204,3.079710144927536,8.09849704777241,1.6706924315619969,18.666129898013956,4.180085882984434,1.1607622114868492,0.040257648953301126,0.0939345142243693,,,
161,6.199677938808374,44.0552871712292,12.392646269457863,3.5225442834138487,8.085077831454644,1.6908212560386473,18.59903381642512,4.126409017713366,1.1943102522812667,0.040257648953301126,0.0939345142243693,,,
162,6.246645195920558,43.994900697799245,12.365807836822329,3.535963499731616,8.051529790660226,1.6975308641975309,18.59903381642512,4.1532474503489,1.221148684916801,0.040257648953301126,0.0939345142243693,,,
163,6.333870101986044,43.80703166935051,12.352388620504563,3.629898013955985,7.997852925389157,1.7914653784219001,18.57890499194847,4.1532474503489,1.221148684916801,0.040257648953301126,0.0939345142243693,,,
164,6.400966183574879,43.41116478797638,12.325550187869029,3.9720880300590444,7.98443370907139,1.7914653784219001,18.5252281266774,4.206924315619967,1.221148684916801,0.040257648953301126,0.12077294685990338,,,
165,6.488191089640365,43.364197530864196,12.325550187869029,3.938539989264627,7.98443370907139,1.7914653784219001,18.50509930220075,4.193505099302201,1.221148684916801,0.040257648953301126,0.14761137949543746,,,
166,6.622383252818035,43.19645732689211,12.325550187869029,4.03918411164788,7.957595276435856,1.7914653784219001,18.491680085882983,4.166666666666667,1.221148684916801,0.040257648953301126,0.14761137949543746,,,
167,6.689479334406871,43.10923242082662,12.29200214707461,4.03918411164788,8.044820182501342,1.7914653784219001,18.45813204508857,4.166666666666667,1.221148684916801,0.040257648953301126,0.14761137949543746,,,
168,6.810252281266774,43.001878690284485,12.278582930756844,4.086151368760064,8.071658615136876,1.7914653784219001,18.45813204508857,4.126409017713366,1.1876006441223832,0.040257648953301126,0.14761137949543746,,,
169,7.018250134192163,42.82071926999463,12.224906065485776,4.166666666666667,8.071658615136876,1.7914653784219001,18.270263016639827,4.280730005367687,1.1674718196457328,0.040257648953301126,0.14761137949543746,,,
170,7.065217391304348,42.7938808373591,12.224906065485776,4.193505099302201,8.071658615136876,1.7646269457863661,18.270263016639827,4.260601180891036,1.1674718196457328,0.040257648953301126,0.14761137949543746,,,
171,7.112184648416532,42.659688674181425,12.184648416532475,4.28743961352657,8.091787439613526,1.7646269457863661,18.270263016639827,4.274020397208803,1.1674718196457328,0.040257648953301126,0.14761137949543746,,,
172,7.105475040257649,42.049114331723025,12.184648416532475,4.904723564143854,8.091787439613526,1.7847557702630166,18.21658615136876,4.30756843800322,1.1674718196457328,0.040257648953301126,0.14761137949543746,,,
173,7.1658615136876005,42.0222758990875,12.117552334943639,4.924852388620504,8.091787439613526,1.6371443907675791,18.337359098228664,4.3478260869565215,1.1674718196457328,0.040257648953301126,0.14761137949543746,,,
174,7.03166935050993,40.995705850778315,12.090713902308105,4.891304347826087,8.085077831454644,5.991680085882985,15.230810520665592,4.180085882984434,1.3150831991411702,0.040257648953301126,0.14761137949543746,,,
175,7.118894256575416,40.92860976918948,12.030327428878154,4.918142780461621,8.085077831454644,5.991680085882985,15.217391304347826,4.206924315619967,1.3150831991411702,0.040257648953301126,0.14761137949543746,,,
176,7.024959742351046,40.61996779388084,15.056360708534621,4.864465915190553,8.038110574342458,5.884326355340848,13.01663982823403,4.186795491143317,1.0869565217391304,0.07380568974771873,0.14761137949543746,,,
177,7.0450885668276975,40.53945249597424,15.049651100375739,4.898013955984971,8.004562533548041,5.884326355340848,13.050187869028449,4.186795491143317,1.0869565217391304,0.07380568974771873,0.18115942028985507,,,
178,7.018250134192163,40.385131508319915,15.042941492216855,5.146269457863661,7.85024154589372,5.884326355340848,12.983091787439614,4.186795491143317,1.1205045625335481,0.07380568974771873,0.30864197530864196,,,
179,7.118894256575416,40.103327965646805,15.029522275899087,5.414653784219001,7.85024154589372,5.884326355340848,12.983091787439614,4.139828234031133,1.1205045625335481,0.07380568974771873,0.28180354267310787,,,
180,7.226247987117552,39.92216854535695,15.002683843263553,5.548845947396672,7.85024154589372,5.844068706387547,12.962962962962964,4.166666666666667,1.1205045625335481,0.07380568974771873,0.28180354267310787,,,
181,7.286634460547504,38.81508319914117,14.962426194310252,6.655931293612453,7.85024154589372,5.8239398819108965,12.895866881374127,4.166666666666667,1.107085346215781,0.07380568974771873,0.36231884057971014,,,
182,7.27992485238862,38.69431025228127,14.935587761674718,6.649221685453569,7.890499194847021,5.9447128287707995,12.869028448738593,4.166666666666667,1.133923778851315,0.07380568974771873,0.36231884057971014,,,
183,6.709608158883521,30.421363392377884,28.978797638217927,5.58239398819109,6.468062265163715,3.2877079978529253,12.761674718196458,4.193505099302201,1.2010198604401503,0.07380568974771873,0.322061191626409,,,
184,6.749865807836822,30.394524959742352,28.965378421900162,5.58239398819109,6.468062265163715,3.2877079978529253,12.761674718196458,4.193505099302201,1.2010198604401503,0.07380568974771873,0.322061191626409,,,
185,6.790123456790123,30.347557702630166,28.945249597423512,5.609232420826624,6.4412238325281805,3.2877079978529253,12.734836285560924,4.193505099302201,1.2278582930756843,0.07380568974771873,0.3488996242619431,,,
186,6.810252281266774,30.327428878153516,28.723832528180353,5.609232420826624,6.4412238325281805,3.2877079978529253,12.734836285560924,4.414922168545357,1.2278582930756843,0.07380568974771873,0.3488996242619431,,,
187,6.843800322061192,30.327428878153516,28.629898013955984,5.609232420826624,6.4345142243692965,3.2877079978529253,12.466451959205582,4.770531400966184,1.2077294685990339,0.07380568974771873,0.3488996242619431,,,
188,6.870638754696726,30.05233494363929,28.401771336553946,5.938003220611916,6.4345142243692965,3.2877079978529253,12.439613526570048,4.944981213097155,1.2077294685990339,0.07380568974771873,0.3488996242619431,,,
189,6.910896403650026,30.038915727321523,28.388352120236178,5.938003220611916,6.4345142243692965,3.3145464304884595,12.439613526570048,4.931561996779388,1.2077294685990339,0.04696725711218465,0.3488996242619431,,,
190,6.91760601180891,29.978529253891573,27.375201288244767,5.938003220611916,6.89747718733226,3.3011272141706924,12.372517444981213,5.615942028985507,1.2077294685990339,0.04696725711218465,0.3488996242619431,,,
191,6.9243156199677935,29.97181964573269,27.32823403113258,5.938003220611916,6.89747718733226,3.3145464304884595,12.151100375738057,5.958132045088567,1.1808910359634996,0.04696725711218465,0.2885131508319914,,,
192,6.964573268921095,29.944981213097154,27.3215244229737,6.011808910359635,6.957863660762212,3.3145464304884595,12.097423510466989,5.877616747181965,1.1741814278046163,0.04696725711218465,0.2885131508319914,,,
193,6.991411701556629,29.643048845947398,27.046430488459475,6.078904991948471,6.944444444444445,3.33467525496511,11.842458400429415,6.608964036500268,1.1741814278046163,0.04696725711218465,0.2885131508319914,,,
194,7.0450885668276975,29.60950080515298,27.006172839506174,6.099033816425121,6.944444444444445,3.33467525496511,11.842458400429415,6.608964036500268,1.1741814278046163,0.04696725711218465,0.2885131508319914,,,
195,7.118894256575416,28.77750939345142,26.757917337627482,7.112184648416532,6.9243156199677935,3.44873859366613,11.668008588298443,6.702898550724638,1.1540526033279657,0.04696725711218465,0.2885131508319914,,,
196,7.139023081052066,28.361513687600645,26.113794954374665,7.62211486849168,6.9243156199677935,3.44873859366613,11.668008588298443,7.232957595276436,1.1540526033279657,0.04696725711218465,0.2885131508319914,,,
197,7.1658615136876005,26.80488459473967,26.10708534621578,7.709339774557166,6.9243156199677935,4.924852388620504,11.668008588298443,7.206119162640902,1.1540526033279657,0.04696725711218465,0.2885131508319914,,,
198,7.212828770799785,26.617015566290927,26.080246913580247,7.635534084809447,6.850509930220075,5.267042404723564,11.668008588298443,7.206119162640902,1.1540526033279657,0.04696725711218465,0.2616747181964573,,,
199,7.326892109500805,26.482823403113258,26.073537305421365,7.62211486849168,6.823671497584541,5.253623188405797,11.493558776167472,7.481213097155126,1.133923778851315,0.04696725711218465,0.2616747181964573,,,
200,7.4141170155662905,26.442565754159958,26.060118089103597,7.601986044015029,6.823671497584541,5.24020397208803,11.493558776167472,7.481213097155126,1.133923778851315,0.04696725711218465,0.2616747181964573,,,
201,7.461084272678476,26.40901771336554,26.03327965646806,7.608695652173913,6.857219538378959,5.233494363929147,11.493558776167472,7.461084272678476,1.133923778851315,0.04696725711218465,0.2616747181964573,,,
202,7.514761137949543,26.29495437466452,25.979602791196996,7.722758990874933,6.857219538378959,5.233494363929147,11.486849168008588,7.467793880837359,1.133923778851315,0.04696725711218465,0.2616747181964573,,,
203,7.575147611379496,26.281535158346752,25.87895866881374,7.722758990874933,6.857219538378959,5.233494363929147,11.480139559849706,7.5281803542673105,1.133923778851315,0.04696725711218465,0.2616747181964573,,,
204,7.635534084809447,26.214439076757916,25.85212023617821,7.75630703166935,6.857219538378959,5.233494363929147,11.480139559849706,7.5281803542673105,1.133923778851315,0.04696725711218465,0.2616747181964573,,,
205,7.776435856146001,26.127214170692433,25.644122383252817,7.75630703166935,6.857219538378959,5.233494363929147,11.466720343531938,7.6556629092860975,1.1741814278046163,0.04696725711218465,0.2616747181964573,,,
206,7.890499194847021,26.03327965646806,25.644122383252817,7.7831454643048845,6.857219538378959,5.233494363929147,11.43317230273752,7.6556629092860975,1.1607622114868492,0.04696725711218465,0.2616747181964573,,,
207,7.977724100912507,26.019860440150296,25.47638217928073,7.729468599033816,6.843800322061192,5.233494363929147,11.460010735373054,7.7898550724637685,1.1607622114868492,0.04696725711218465,0.2616747181964573,,,
208,8.152173913043478,25.89237788513151,25.429414922168544,7.709339774557166,6.816961889425658,5.267042404723564,11.2788513150832,7.7898550724637685,1.3553408480944713,0.04696725711218465,0.2616747181964573,,,
209,8.199141170155663,25.81857219538379,25.42270531400966,7.749597423510467,6.816961889425658,5.260332796564681,11.2788513150832,7.7898550724637685,1.3553408480944713,0.04696725711218465,0.2616747181964573,,,
210,8.360171765968868,25.744766505636072,25.389157273215243,7.749597423510467,6.957863660762212,5.12614063338701,11.218464841653248,7.7898550724637685,1.3553408480944713,0.04696725711218465,0.2616747181964573,,,
