,45,50,51,53,52,55,54,59,60,56,57,58
0,100.0,,,,,,,,,,,
1,99.87251744498121,0.1274825550187869,,,,,,,,,,
2,98.65136876006441,1.3486312399355878,,,,,,,,,,
3,98.59098228663446,1.4090177133655395,,,,,,,,,,
4,94.67928073000537,5.320719269994632,,,,,,,,,,
5,94.69940955448202,5.300590445517981,,,,,,,,,,
6,93.30381105743425,6.696188942565755,,,,,,,,,,
7,71.91358024691358,28.08641975308642,,,,,,,,,,
8,67.43827160493827,30.877616747181964,1.6841116478797638,,,,,,,,,
9,67.04240472356415,28.911701556629094,1.6841116478797638,2.3617820719269993,,,,,,,,
10,65.8346752549651,28.133387010198604,3.7238325281803544,2.3081052066559313,,,,,,,,
11,65.955448201825,28.012614063338702,3.7238325281803544,2.3081052066559313,,,,,,,,
12,65.4723564143854,28.495705850778315,3.7238325281803544,2.3081052066559313,,,,,,,,
13,62.92941492216855,31.052066559312937,3.7104133118625873,2.3081052066559313,,,,,,,,
14,59.816156736446594,33.42055823939882,3.683574879227053,2.3081052066559313,0.7716049382716049,,,,,,,
15,56.92431561996779,35.64143853998927,3.670155662909286,2.3081052066559313,0.7716049382716049,0.6843800322061192,,,,,,
16,14.398819108964037,79.435050993022,1.2077294685990339,1.415727321524423,2.85829307568438,0.6843800322061192,,,,,,
17,7.75630703166935,90.72061191626409,,,0.8387010198604401,0.6843800322061192,,,,,,
18,8.044820182501342,87.7012882447665,,,0.8387010198604401,0.6843800322061192,2.7308105206655933,,,,,
19,6.072195383789587,87.39264626945787,,,0.8387010198604401,2.965646806226516,2.7308105206655933,,,,,
20,6.400966183574879,86.97665056360708,,,0.8387010198604401,3.052871712292002,2.7308105206655933,,,,,
21,6.6827697262479875,85.99033816425121,,1.2681159420289856,0.8387010198604401,2.509393451422437,2.7106816961889426,,,,,
22,7.085346215780999,85.63472893183038,,1.2681159420289856,0.8387010198604401,2.462426194310252,2.7106816961889426,,,,,
23,7.407407407407407,85.10466988727859,,1.2681159420289856,0.8387010198604401,2.6704240472356413,2.7106816961889426,,,,,
24,7.6556629092860975,84.86983360171766,,1.2681159420289856,0.8387010198604401,2.657004830917874,2.7106816961889426,,,,,
25,8.192431561996779,84.14519592055824,,1.2681159420289856,0.798443370907139,2.932098765432099,2.6637144390767578,,,,,
26,8.460815888352121,83.8768115942029,,1.2681159420289856,0.798443370907139,2.932098765432099,2.6637144390767578,,,,,
27,8.78287707997853,81.46806226516371,,1.2681159420289856,0.798443370907139,2.7844873859366612,4.898013955984971,,,,,
28,9.25925925925926,81.03193773483629,,1.2681159420289856,0.798443370907139,2.7844873859366612,4.85775630703167,,,,,
29,9.41358024691358,80.30059044551798,,1.8451422436929683,0.798443370907139,2.7844873859366612,4.85775630703167,,,,,
30,8.836553945249598,79.41492216854536,,1.6706924315619969,2.442297369833602,2.7777777777777777,4.85775630703167,,,,,
31,9.078099838969404,79.02576489533011,,1.7176596886741815,2.442297369833602,2.8784219001610305,4.85775630703167,,,,,
32,9.219001610305957,76.69082125603865,,1.7176596886741815,2.442297369833602,5.072463768115942,4.85775630703167,,,,,
33,9.75577026301664,76.24798711755234,,1.7176596886741815,2.3886205045625335,5.032206119162641,4.85775630703167,,,,,
34,9.876543209876543,76.05340848094471,,1.7176596886741815,2.3886205045625335,5.12614063338701,4.8376274825550185,,,,,
35,10.084541062801932,75.79173376274825,,1.7176596886741815,2.3886205045625335,5.2066559312936125,4.810789049919484,,,,,
36,10.446859903381643,73.70504562533549,,1.7176596886741815,2.3483628556092326,7.004830917874396,4.777241009125067,,,,,
37,10.560923242082662,71.7458400429415,,1.6908212560386473,2.341653247450349,7.4141170155662905,6.246645195920558,,,,,
38,10.789049919484702,67.96162104133118,,5.01207729468599,2.328234031132582,5.810520665593129,8.09849704777241,,,,,
39,11.124530327428879,67.4718196457327,,5.0993022007514766,2.3081052066559313,6.005099302200751,7.407407407407407,0.5837359098228664,,,,
40,11.3593666129898,66.43853998926463,,5.0858829844337095,2.3081052066559313,6.857219538378959,7.367149758454106,0.5837359098228664,,,,
41,11.708266237251744,66.22383252818035,,5.005367686527107,2.3081052066559313,6.816961889425658,7.353730542136339,0.5837359098228664,,,,
42,11.98336017176597,65.97557702630166,,5.005367686527107,2.1068169618894257,6.816961889425658,7.5281803542673105,0.5837359098228664,,,,
43,12.23161567364466,65.77428878153516,,4.998658078368224,2.1068169618894257,6.816961889425658,7.48792270531401,0.5837359098228664,,,,
44,12.627482555018787,65.14358561460011,,4.985238862050457,2.1068169618894257,7.367149758454106,7.185990338164252,0.5837359098228664,,,,
45,13.009930220075148,64.6604938271605,,4.951690821256038,2.1068169618894257,7.5281803542673105,7.159151905528717,0.5837359098228664,,,,
46,13.251476113794954,64.39210950080515,,4.938271604938271,2.1940418679549114,7.5281803542673105,7.152442297369833,0.5434782608695652,,,,
47,13.466183574879228,64.2109500805153,,4.938271604938271,2.1739130434782608,7.514761137949543,7.152442297369833,0.5434782608695652,,,,
48,13.788244766505636,63.909017713365536,,4.904723564143854,2.167203435319377,7.568438003220612,7.118894256575416,0.5434782608695652,,,,
49,13.902308105206655,61.64787976382179,,4.790660225442834,2.1269457863660763,8.051529790660226,8.93719806763285,0.5434782608695652,,,,
50,13.828502415458937,59.004294149221685,,4.770531400966184,2.1269457863660763,10.829307568438002,8.896940418679549,0.5434782608695652,,,,
51,14.224369296833064,58.7157809983897,,4.770531400966184,2.1269457863660763,10.789049919484702,8.829844337090714,0.5434782608695652,,,,
52,14.392109500805153,58.57487922705314,,4.770531400966184,2.1269457863660763,10.762211486849168,8.829844337090714,0.5434782608695652,,,,
53,12.338969404186795,53.56280193236715,,6.481481481481482,4.830917874396135,13.446054750402576,8.796296296296296,0.5434782608695652,,,,
54,10.963499731615673,50.85212023617821,,6.407675791733762,6.837090713902308,15.666935050993022,8.729200214707461,0.5434782608695652,,,,
55,11.131239935587761,50.09393451422437,0.9326355340848095,6.407675791733762,6.575415995705851,15.633387010198604,8.695652173913043,0.5300590445517982,,,,
56,10.916532474503489,48.429951690821255,0.9326355340848095,6.407675791733762,6.575415995705851,15.593129361245303,10.963499731615673,0.18115942028985507,,,,
57,11.11111111111111,48.329307568438004,0.9326355340848095,6.407675791733762,6.575415995705851,15.552871712292003,10.909822866344605,0.18115942028985507,,,,
58,11.560654857756306,48.11460010735373,0.9326355340848095,6.394256575415996,6.494900697799249,15.418679549114332,10.903113258185721,0.18115942028985507,,,,
59,11.802200751476114,47.54428341384863,0.9326355340848095,6.394256575415996,6.481481481481482,15.76086956521739,10.903113258185721,0.18115942028985507,,,,
60,12.25174449812131,47.32286634460547,0.9326355340848095,6.347289318303811,6.4345142243692965,15.693773483628556,10.836017176596886,0.18115942028985507,,,,
61,12.332259796027913,46.92028985507246,0.9326355340848095,7.7361782071927,6.286902844873859,15.26435856146001,10.34621578099839,0.18115942028985507,,,,
62,12.620772946859903,46.85319377348363,0.9125067096081588,7.695920558239399,6.286902844873859,15.197262479871176,10.25228126677402,0.18115942028985507,,,,
63,12.929414922168545,46.67203435319377,0.8923778851315083,7.803274288781535,6.286902844873859,15.157004830917874,10.077831454643048,0.18115942028985507,,,,
64,12.352388620504563,44.39747718733226,0.8923778851315083,7.796564680622652,5.924584004294149,18.310520665593128,10.02415458937198,0.18115942028985507,0.12077294685990338,,,
65,10.473698336017177,39.67391304347826,21.517713365539453,1.3687600644122384,4.911433172302737,16.243961352657006,5.508588298443371,0.18115942028985507,0.12077294685990338,,,
66,10.124798711755233,38.446054750402574,16.968599033816425,1.2546967257112185,11.681427804616211,15.794417606011809,5.508588298443371,0.18115942028985507,0.040257648953301126,,,
67,10.420021470746109,38.33199141170156,16.847826086956523,1.247987117552335,11.58749329039184,15.780998389694043,5.508588298443371,0.18115942028985507,0.040257648953301126,0.05367686527106817,,
68,10.762211486849168,38.09044551798175,16.820987654320987,1.2345679012345678,11.553945249597424,15.754159957058508,5.508588298443371,0.18115942028985507,0.040257648953301126,0.05367686527106817,,
69,10.534084809447128,36.39291465378422,16.264090177133657,1.2345679012345678,11.493558776167472,18.323939881910896,5.481749865807837,0.18115942028985507,0.040257648953301126,0.05367686527106817,,
70,10.399892646269459,34.70880300590446,16.25738056897477,1.2345679012345678,11.480139559849706,20.169082125603865,5.481749865807837,0.18115942028985507,0.040257648953301126,0.04696725711218465,,
71,9.05126140633387,30.139559849704778,16.25738056897477,0.16774020397208803,11.124530327428879,19.81347289318304,13.097155126140633,0.18115942028985507,0.040257648953301126,0.04696725711218465,0.08051529790660225,
72,9.426999463231347,30.12614063338701,16.21712292002147,0.16774020397208803,10.990338164251208,19.692699946323135,13.036768652710682,0.18115942028985507,0.03354804079441761,0.04696725711218465,0.08051529790660225,
73,9.406870638754697,29.502147074610843,16.11647879763822,0.16774020397208803,10.950080515297907,19.51825013419216,13.996242619431026,0.18115942028985507,0.03354804079441761,0.04696725711218465,0.08051529790660225,
74,9.628287707997853,29.408212560386474,16.109769189479334,0.16774020397208803,10.929951690821255,19.47128287707998,13.942565754159958,0.18115942028985507,0.03354804079441761,0.04696725711218465,0.08051529790660225,
75,9.856414385399892,29.320987654320987,16.06280193236715,0.16774020397208803,10.896403650026839,19.45786366076221,13.895598497047773,0.18115942028985507,0.03354804079441761,0.04696725711218465,0.08051529790660225,
76,10.057702630166398,29.274020397208805,16.022544283413847,0.16774020397208803,10.849436392914654,19.43102522812668,13.855340848094471,0.18115942028985507,0.03354804079441761,0.04696725711218465,0.08051529790660225,
77,10.379763821792807,29.1935050993022,15.921900161030596,0.16774020397208803,10.789049919484702,19.37734836285561,13.828502415458937,0.18115942028985507,0.03354804079441761,0.04696725711218465,0.08051529790660225,
78,10.7085346215781,29.106280193236714,15.479066022544284,0.16774020397208803,10.695115405260333,19.73966720343532,13.345410628019323,0.18115942028985507,0.03354804079441761,0.46296296296296297,0.08051529790660225,
79,11.07085346215781,29.005636070853463,15.378421900161031,0.16774020397208803,10.641438539989265,19.07541599570585,13.258185721953838,0.18115942028985507,0.03354804079441761,1.107085346215781,0.08051529790660225,
80,11.41304347826087,28.898282340311326,15.203972088030058,0.16774020397208803,10.628019323671497,19.048577563070317,13.238056897477188,0.18115942028985507,0.03354804079441761,1.107085346215781,0.08051529790660225,
81,11.929683306494901,28.609769189479334,15.157004830917874,0.16774020397208803,10.59447128287708,18.92109500805153,13.217928073000536,0.18115942028985507,0.03354804079441761,1.107085346215781,0.08051529790660225,
82,12.157809983896941,28.5426731078905,15.096618357487923,0.16774020397208803,10.560923242082662,18.853998926462694,13.217928073000536,0.18115942028985507,0.03354804079441761,1.107085346215781,0.08051529790660225,
83,12.406065485775631,28.529253891572733,15.042941492216855,0.16774020397208803,10.560923242082662,18.78690284487386,13.137412775093935,0.18115942028985507,0.03354804079441761,1.0735373054213635,0.08051529790660225,
84,11.513687600644122,25.369028448738593,23.58427267847558,0.013419216317767043,10.50053676865271,15.291196994095545,12.224906065485776,0.18115942028985507,0.03354804079441761,1.2077294685990339,0.08051529790660225,
85,11.876006441223833,25.295222758990874,21.470746108427267,0.013419216317767043,12.412775093934513,15.197262479871176,12.117552334943639,0.18115942028985507,0.03354804079441761,1.3217928073000538,0.08051529790660225,
86,11.956521739130435,25.194578636607623,21.410359634997317,0.013419216317767043,12.352388620504563,15.767579173376275,11.473429951690822,0.18115942028985507,0.03354804079441761,0.8990874932903918,0.7179280730005367,
87,12.31213097155126,25.0402576489533,21.316425120772948,0.013419216317767043,12.352388620504563,15.687063875469672,11.29898013955985,0.18115942028985507,0.03354804079441761,0.8990874932903918,0.8655394524959742,
88,12.466451959205582,24.953032742887814,21.30300590445518,0.013419216317767043,12.318840579710145,15.70048309178744,11.285560923242082,0.18115942028985507,0.03354804079441761,0.8789586688137413,0.8655394524959742,
89,12.969672571121846,24.698067632850243,21.20907139023081,0.013419216317767043,12.265163714439076,15.646806226516372,11.238593666129898,0.18115942028985507,0.03354804079441761,0.8789586688137413,0.8655394524959742,
90,13.231347289318304,24.61755233494364,21.14868491680086,0.013419216317767043,12.224906065485776,15.613258185721953,11.198336017176597,0.18115942028985507,0.03354804079441761,0.8722490606548577,0.8655394524959742,
91,13.573537305421363,24.550456253354803,21.027911969940956,0.013419216317767043,12.171229200214707,15.58641975308642,11.124530327428879,0.18115942028985507,0.03354804079441761,0.8722490606548577,0.8655394524959742,
92,13.754696725711218,24.4699409554482,20.96081588835212,0.013419216317767043,12.124261943102523,15.566290928609769,11.158078368223295,0.18115942028985507,0.03354804079441761,0.8722490606548577,0.8655394524959742,
93,14.056629092860977,24.422973698336016,20.853462157809982,0.013419216317767043,12.110842726784755,15.499194847020934,11.104401502952227,0.18115942028985507,0.03354804079441761,0.8588298443370908,0.8655394524959742,
94,14.546430488459475,24.194847020933977,20.69243156199678,0.013419216317767043,12.110842726784755,15.331454643048845,11.044015029522276,0.3153515834675255,0.03354804079441761,0.8521202361782072,0.8655394524959742,
95,14.640365002683843,24.154589371980677,20.48443370907139,0.013419216317767043,12.573805689747719,15.022812667740205,10.970209339774557,0.3153515834675255,0.03354804079441761,0.9259259259259259,0.8655394524959742,
96,14.861782071927,24.12775093934514,20.42404723564144,0.013419216317767043,12.5,14.969135802469136,10.856146001073537,0.3153515834675255,0.14090177133655393,0.9259259259259259,0.8655394524959742,
97,14.801395598497047,23.141438539989263,20.00805152979066,0.013419216317767043,12.466451959205582,14.278046162104133,12.701288244766506,0.3153515834675255,0.14090177133655393,1.2681159420289856,0.8655394524959742,
98,13.211218464841654,20.37037037037037,29.965110037573805,0.0067096081588835215,8.702361782071927,12.560386473429952,12.701288244766506,0.3153515834675255,0.10735373054213634,1.1943102522812667,0.8655394524959742,
99,12.922705314009661,19.243156199677937,31.743156199677937,0.0067096081588835215,8.668813741277509,12.359098228663447,12.573805689747719,0.3153515834675255,0.10735373054213634,1.1943102522812667,0.8655394524959742,
100,13.278314546430488,19.16935050993022,31.602254428341386,0.0067096081588835215,8.601717659688674,12.345679012345679,12.513419216317766,0.3153515834675255,0.10735373054213634,1.1943102522812667,0.8655394524959742,
101,13.56682769726248,18.612453032742888,31.414385399892645,0.0067096081588835215,8.55475040257649,12.808641975308642,12.466451959205582,0.4025764895330113,0.10735373054213634,1.1943102522812667,0.8655394524959742,
102,14.023081052066559,18.47826086956522,31.0654857756307,0.0067096081588835215,8.467525496511003,12.453032742887816,12.412775093934513,0.7447665056360708,0.10735373054213634,1.2546967257112185,0.9863123993558777,
103,14.231078904991948,18.411164787976382,31.01851851851852,0.0067096081588835215,8.467525496511003,12.426194310252281,12.365807836822329,0.7447665056360708,0.10735373054213634,1.2345679012345678,0.9863123993558777,
104,14.38539989264627,18.297101449275363,30.897745571658614,0.0067096081588835215,8.427267847557703,12.580515297906603,12.338969404186795,0.7447665056360708,0.10735373054213634,1.2345679012345678,0.9796027911969941,
105,14.714170692431562,18.263553408480945,30.797101449275363,0.0067096081588835215,8.387010198604402,12.453032742887816,12.325550187869029,0.7447665056360708,0.10735373054213634,1.2345679012345678,0.966183574879227,
106,14.781266774020397,18.250134192163177,30.770263016639827,0.0067096081588835215,8.387010198604402,12.453032742887816,12.298711755233494,0.7447665056360708,0.10735373054213634,1.2345679012345678,0.966183574879227,
107,15.076489533011273,18.230005367686527,30.66290928609769,0.0067096081588835215,8.353462157809984,12.372517444981213,12.245034889962426,0.7447665056360708,0.10735373054213634,1.2345679012345678,0.966183574879227,
108,15.33816425120773,18.12265163714439,29.186795491143318,0.0067096081588835215,7.7831454643048845,12.318840579710145,14.190821256038648,0.7447665056360708,0.10735373054213634,1.2345679012345678,0.966183574879227,
109,15.505904455179817,18.109232420826622,29.139828234031132,0.0067096081588835215,7.7831454643048845,12.245034889962426,14.170692431561998,0.7380568974771873,0.10735373054213634,1.2278582930756843,0.966183574879227,
110,15.593129361245303,18.075684380032207,28.985507246376812,0.0067096081588835215,7.729468599033816,12.224906065485776,13.687600644122384,0.7380568974771873,0.10735373054213634,1.3553408480944713,0.9393451422436929,0.5568974771873323
111,15.848094471282877,18.04884594739667,28.77750939345142,0.0067096081588835215,7.702630166398282,12.157809983896941,13.6808910359635,0.7380568974771873,0.10735373054213634,1.4626945786366077,0.9393451422436929,0.5300590445517982
112,16.0426731078905,17.995169082125603,28.743961352657006,0.0067096081588835215,7.689210950080516,12.104133118625873,13.493022007514762,0.7380568974771873,0.10735373054213634,1.4626945786366077,1.093666129898014,0.5233494363929146
113,16.049382716049383,17.693236714975846,28.589640365002683,0.0067096081588835215,7.682501341921632,11.963231347289318,14.197530864197532,0.6977992485238862,0.10735373054213634,1.4626945786366077,1.093666129898014,0.4562533548040794
114,16.13660762211487,17.559044551798173,28.5426731078905,0.0067096081588835215,7.50805152979066,12.077294685990339,14.143853998926463,0.6977992485238862,0.10735373054213634,1.4626945786366077,1.3016639828234031,0.4562533548040794
115,16.304347826086957,17.478529253891573,28.31454643048846,0.0067096081588835215,7.50805152979066,12.037037037037036,14.184111647879764,0.6977992485238862,0.10735373054213634,1.6035963499731616,1.3016639828234031,0.4562533548040794
116,16.606280193236714,17.404723564143854,28.12667740203972,0.0067096081588835215,7.50805152979066,12.030327428878154,14.170692431561998,0.6977992485238862,0.10735373054213634,1.6035963499731616,1.2815351583467525,0.4562533548040794
117,16.324476650563607,15.385131508319914,27.985775630703166,0.0067096081588835215,7.50805152979066,14.841653247450349,13.81508319914117,0.6977992485238862,0.10735373054213634,1.6035963499731616,1.2815351583467525,0.4428341384863124
118,16.0829307568438,14.553140096618357,27.871712292002147,0.0067096081588835215,7.50805152979066,14.586688137412775,15.411969940955448,0.6642512077294686,0.03354804079441761,1.583467525496511,1.2546967257112185,0.4428341384863124
119,16.606280193236714,14.412238325281804,27.78448738593666,0.0067096081588835215,7.461084272678476,14.506172839506172,15.331454643048845,0.6642512077294686,0.03354804079441761,1.4962426194310252,1.2546967257112185,0.4428341384863124
120,16.968599033816425,14.331723027375201,27.576489533011273,0.0067096081588835215,7.447665056360709,15.063070316693505,14.65378421900161,0.5971551261406334,0.03354804079441761,1.6237251744498122,1.2546967257112185,0.4428341384863124
121,17.14975845410628,14.331723027375201,26.670692431561996,0.9728931830381106,7.380568974771873,15.002683843263553,14.479334406870638,0.5971551261406334,0.03354804079441761,1.5901771336553945,1.3486312399355878,0.4428341384863124
122,17.223564143854,13.915727321524423,26.54320987654321,0.9728931830381106,7.380568974771873,15.552871712292003,14.432367149758454,0.5971551261406334,0.03354804079441761,1.5901771336553945,1.3150831991411702,0.4428341384863124
123,17.357756307031668,13.88888888888889,26.42914653784219,0.9728931830381106,7.360440150295223,15.539452495974235,14.358561460010735,0.5971551261406334,0.03354804079441761,1.724369296833065,1.3150831991411702,0.4227053140096618
124,17.632850241545892,13.868760064412239,26.37546967257112,0.9728931830381106,7.300053676865271,15.432098765432098,14.325013419216317,0.5971551261406334,0.03354804079441761,1.724369296833065,1.3150831991411702,0.4227053140096618
125,17.773752012882447,13.774825550187868,26.31508319914117,0.9728931830381106,7.253086419753086,15.552871712292003,14.2914653784219,0.5971551261406334,0.03354804079441761,1.6975308641975309,1.3150831991411702,0.4227053140096618
126,17.961621041331185,13.7211486849168,26.227858293075684,0.9393451422436929,8.715780998389693,14.955716586151368,13.580246913580247,0.48980139559849706,,1.6975308641975309,1.288244766505636,0.4227053140096618
127,18.243424584004295,13.667471819645733,26.073537305421365,0.9393451422436929,8.702361782071927,14.861782071927,13.613794954374665,0.48980139559849706,,1.6975308641975309,1.288244766505636,0.4227053140096618
128,18.4849704777241,13.66076221148685,25.85212023617821,0.9393451422436929,8.662104133118627,14.828234031132581,13.553408480944713,0.48980139559849706,,1.8183038110574343,1.288244766505636,0.4227053140096618
129,18.63929146537842,13.358829844337091,25.77831454643049,1.0265700483091786,8.648684916800859,14.667203435319378,13.875469672571121,0.48980139559849706,,1.8048845947396672,1.288244766505636,0.4227053140096618
130,18.297101449275363,12.620772946859903,23.993558776167472,1.0198604401502953,11.721685453569512,14.667203435319378,13.694310252281268,0.6038647342995169,,1.6706924315619969,1.288244766505636,0.4227053140096618
131,18.51851851851852,12.620772946859903,23.758722490606548,1.0064412238325282,11.66129898013956,14.667203435319378,13.6406333870102,0.6038647342995169,,1.8115942028985508,1.288244766505636,0.4227053140096618
132,18.659420289855074,12.620772946859903,23.58427267847558,1.0064412238325282,11.627750939345143,14.620236178207193,13.600375738056897,0.6038647342995169,,1.9659151905528718,1.288244766505636,0.4227053140096618
133,18.840579710144926,12.587224906065487,23.557434245840042,0.9997316156736447,11.594202898550725,14.593397745571659,13.553408480944713,0.6038647342995169,,1.9659151905528718,1.2815351583467525,0.4227053140096618
134,19.162640901771336,12.533548040794418,23.443370907139023,0.9997316156736447,11.594202898550725,14.55984970477724,13.47289318303811,0.6038647342995169,,1.9390767579173376,1.2681159420289856,0.4227053140096618
135,19.142512077294686,11.829039184111648,23.21524422973698,0.9997316156736447,11.560654857756306,14.15727321524423,14.774557165861514,0.6038647342995169,,2.0263016639828235,1.2681159420289856,0.4227053140096618
136,18.874127750939344,11.386205045625335,23.081052066559312,0.9863123993558777,11.030595813204508,14.070048309178745,16.384863123993558,0.48980139559849706,,2.006172839506173,1.2681159420289856,0.4227053140096618
137,19.07541599570585,11.345947396672035,23.007246376811594,0.9863123993558777,10.990338164251208,14.009661835748792,16.190284487385938,0.6038647342995169,,2.100107353730542,1.2681159420289856,0.4227053140096618
138,19.182769726247987,11.345947396672035,22.966988727858293,0.9863123993558777,10.93666129898014,13.955984970477724,16.17686527106817,0.6575415995705851,,2.100107353730542,1.2681159420289856,0.4227053140096618
139,19.390767579173378,11.33923778851315,22.82608695652174,0.7313472893183038,10.795759527643586,13.83521202361782,16.53918411164788,0.7313472893183038,,2.120236178207193,1.2681159420289856,0.4227053140096618
140,19.558507783145465,11.265432098765432,22.69189479334407,0.7313472893183038,10.789049919484702,13.781535158346752,16.53918411164788,0.7313472893183038,,2.2208803005904456,1.2681159420289856,0.4227053140096618
141,19.35721953837896,11.258722490606548,21.464036500268385,0.7313472893183038,10.695115405260333,13.66076221148685,18.310520665593128,0.7313472893183038,,2.13365539452496,1.261406333870102,0.39586688137412773
142,19.578636607622116,11.252012882447666,21.423778851315085,0.7313472893183038,10.695115405260333,13.56682769726248,18.256843800322063,0.7313472893183038,,2.1068169618894257,1.261406333870102,0.39586688137412773
143,19.753086419753085,11.245303274288782,21.3768115942029,0.7313472893183038,10.513955984970478,13.506441223832528,18.317230273752013,0.7246376811594203,,2.0933977455716586,1.3419216317767042,0.39586688137412773
144,20.175791733762747,11.137949543746645,21.329844337090712,0.7179280730005367,10.513955984970478,13.439345142243694,18.156199677938808,0.7246376811594203,,2.0933977455716586,1.3419216317767042,0.36902844873859364
145,20.377079978529252,11.097691894793345,21.289586688137412,0.7179280730005367,10.50053676865271,13.372249060654857,18.12265163714439,0.7246376811594203,,2.086688137412775,1.3419216317767042,0.36902844873859364
146,20.638754696725712,10.970209339774557,21.22249060654858,0.7179280730005367,10.466988727858293,13.358829844337091,18.12265163714439,0.7246376811594203,,2.086688137412775,1.3217928073000538,0.36902844873859364
147,20.954106280193237,10.889694041867955,21.202361782071925,0.7179280730005367,10.393183038110575,13.311862587224907,18.04884594739667,0.7246376811594203,,2.0665593129361244,1.3217928073000538,0.36902844873859364
148,21.07487922705314,10.86285560923242,21.07487922705314,0.7179280730005367,10.393183038110575,13.385668276972625,18.02871712292002,0.7246376811594203,,2.046430488459474,1.3217928073000538,0.36902844873859364
149,21.276167471819647,10.86285560923242,21.041331186258724,0.6910896403650026,10.34621578099839,13.385668276972625,17.941492216854535,0.7246376811594203,,2.0397208803005906,1.3217928073000538,0.36902844873859364
150,21.041331186258724,10.547504025764896,20.98094471282877,2.4355877616747184,10.305958132045088,12.385936661298981,17.847557702630166,0.7246376811594203,,2.0397208803005906,1.3217928073000538,0.36902844873859364
151,20.551529790660226,9.822866344605474,20.88030059044552,2.4355877616747184,10.285829307568438,11.044015029522276,20.517981749865807,0.7246376811594203,,2.046430488459474,1.3217928073000538,0.36902844873859364
152,20.71256038647343,9.809447128287708,20.840042941492218,2.408749329039184,10.272410091250672,11.037305421363392,20.471014492753625,0.7246376811594203,,2.033011272141707,1.3217928073000538,0.36902844873859364
153,20.377079978529252,9.782608695652174,17.961621041331185,5.897745571658615,10.258990874932904,11.030595813204508,20.40391841116479,0.7246376811594203,,1.8719806763285025,1.3217928073000538,0.36902844873859364
154,20.564949006977994,9.75577026301664,17.934782608695652,5.897745571658615,10.151637144390767,11.003757380568974,20.316693505099302,0.7246376811594203,,1.9592055823939882,1.3217928073000538,0.36902844873859364
155,20.69243156199678,9.75577026301664,17.887815351583466,5.870907139023081,10.138217928073,11.003757380568974,20.276435856146,0.7246376811594203,,1.9592055823939882,1.3217928073000538,0.36902844873859364
156,20.833333333333332,9.75577026301664,17.887815351583466,5.870907139023081,10.111379495437467,10.903113258185721,20.263016639828233,0.7246376811594203,,1.9592055823939882,1.3217928073000538,0.36902844873859364
157,20.994363929146537,9.71551261406334,17.746913580246915,5.857487922705314,10.02415458937198,10.903113258185721,20.222758990874933,0.7246376811594203,,2.120236178207193,1.3217928073000538,0.36902844873859364
158,21.155394524959743,9.702093397745571,17.713365539452496,5.857487922705314,10.02415458937198,10.869565217391305,20.142243692968332,0.7246376811594203,,2.120236178207193,1.3217928073000538,0.36902844873859364
159,21.35668276972625,9.688674181427805,17.673107890499196,5.844068706387547,10.02415458937198,10.856146001073537,20.001341921631777,0.7179280730005367,,2.147074610842727,1.3217928073000538,0.36902844873859364
160,21.524422973698336,9.594739667203436,17.619431025228128,5.8172302737520125,9.977187332259795,10.963499731615673,19.96779388083736,0.7179280730005367,,2.1269457863660763,1.3217928073000538,0.36902844873859364
161,20.491143317230275,9.23913043478261,20.625335480407944,5.8172302737520125,9.500805152979066,10.795759527643586,19.243156199677937,0.7179280730005367,,2.0933977455716586,1.2949543746645196,0.18115942028985507
162,20.67230273752013,9.225711218464841,20.44417606011809,5.797101449275362,9.460547504025765,10.795759527643586,19.189479334406872,0.7179280730005367,,2.2208803005904456,1.2949543746645196,0.18115942028985507
163,20.652173913043477,9.024422973698336,20.33011272141707,5.763553408480945,8.943907675791733,10.674986580783683,20.175791733762747,0.7179280730005367,,2.26784755770263,1.2949543746645196,0.15432098765432098
164,20.7662372517445,9.024422973698336,20.26972624798712,5.763553408480945,8.93719806763285,10.674986580783683,20.128824476650564,0.7179280730005367,,2.26784755770263,1.2949543746645196,0.15432098765432098
165,20.82662372517445,9.017713365539452,20.26972624798712,5.763553408480945,8.93719806763285,10.661567364465915,20.088566827697264,0.7179280730005367,,2.26784755770263,1.2949543746645196,0.15432098765432098
166,21.027911969940956,8.99087493290392,20.202630166398283,5.797101449275362,8.903650026838433,10.621309715512615,20.061728395061728,0.7179280730005367,,2.254428341384863,1.2681159420289856,0.15432098765432098
167,21.108427267847556,8.896940418679549,19.82018250134192,5.797101449275362,8.876811594202898,11.312399355877616,19.806763285024154,0.7045088566827697,,2.254428341384863,1.2681159420289856,0.15432098765432098
168,20.947396672034355,8.863392377885132,19.578636607622116,5.676328502415459,10.050993022007514,11.238593666129898,19.008319914117017,0.6709608158883521,,2.5496511003757383,1.261406333870102,0.15432098765432098
169,21.349973161567366,8.849973161567364,19.49141170155663,5.649490069779925,9.990606548577563,11.198336017176597,18.853998926462694,0.6709608158883521,,2.5295222758990876,1.261406333870102,0.15432098765432098
170,21.4170692431562,8.849973161567364,19.49141170155663,5.649490069779925,9.96376811594203,11.191626409017713,18.82716049382716,0.6709608158883521,,2.5295222758990876,1.2546967257112185,0.15432098765432098
171,21.631776704240472,8.849973161567364,19.350509930220074,5.595813204508857,9.96376811594203,11.191626409017713,18.813741277509394,0.6709608158883521,,2.5295222758990876,1.247987117552335,0.15432098765432098
172,21.886741814278047,8.849973161567364,19.243156199677937,5.595813204508857,9.849704777241008,11.258722490606548,18.625872249060656,0.6709608158883521,,2.5026838432635534,1.3620504562533549,0.15432098765432098
173,22.24235104669887,8.78287707997853,19.162640901771336,5.589103596349974,9.802737520128824,11.20504562533548,18.5252281266774,0.6709608158883521,,2.5026838432635534,1.3620504562533549,0.15432098765432098
174,22.611379495437465,8.742619431025227,19.03515834675255,5.589103596349974,9.742351046698873,11.178207192699947,18.4447128287708,0.6709608158883521,,2.4691358024691357,1.3620504562533549,0.15432098765432098
175,22.376543209876544,8.165593129361245,18.9345142243693,5.501878690284487,9.601449275362318,10.849436392914654,19.95437466451959,0.6374127750939346,,2.462426194310252,1.3620504562533549,0.15432098765432098
176,22.134997316156735,7.447665056360709,18.250134192163177,5.46833064949007,9.601449275362318,12.587224906065487,19.746376811594203,0.6374127750939346,,2.395330112721417,1.442565754159957,0.2885131508319914
177,22.262479871175522,7.447665056360709,18.230005367686527,5.46833064949007,9.601449275362318,12.560386473429952,19.672571121846484,0.6374127750939346,,2.395330112721417,1.4358561460010735,0.2885131508319914
178,22.530864197530864,7.434245840042942,18.17632850241546,5.46833064949007,9.561191626409018,12.493290391841116,19.578636607622116,0.6374127750939346,,2.395330112721417,1.4358561460010735,0.2885131508319914
179,22.745571658615138,7.434245840042942,18.14278046162104,5.428073000536768,9.541062801932368,12.493290391841116,19.47128287707998,0.6374127750939346,,2.38191089640365,1.4358561460010735,0.2885131508319914
180,23.047504025764894,7.4208266237251745,18.04213633923779,5.428073000536768,9.5276435856146,12.439613526570048,19.43102522812668,0.5636070853462157,,2.3752012882447664,1.4358561460010735,0.2885131508319914
181,23.121309715512613,7.37385936661299,18.00858829844337,5.428073000536768,9.473966720343531,12.419484702093397,19.236446591519055,0.5636070853462157,,2.6704240472356413,1.415727321524423,0.2885131508319914
182,23.30246913580247,7.2933440687063875,17.961621041331185,5.428073000536768,9.440418679549115,12.446323134728932,19.189479334406872,0.5636070853462157,,2.6704240472356413,1.415727321524423,0.2885131508319914
183,23.463499731615673,7.2933440687063875,17.907944176060116,5.407944176060118,9.406870638754697,12.419484702093397,19.162640901771336,0.5636070853462157,,2.6704240472356413,1.415727321524423,0.2885131508319914
184,23.49033816425121,7.253086419753086,17.767042404723565,5.407944176060118,9.373322597960279,12.614063338701019,19.209608158883523,0.5636070853462157,,2.6637144390767578,1.3687600644122384,0.2885131508319914
185,23.68491680085883,7.246376811594203,17.70665593129361,5.360976918947934,9.312936124530328,12.607353730542137,19.196188942565755,0.5636070853462157,,2.6637144390767578,1.3687600644122384,0.2885131508319914
186,23.839237788513152,7.246376811594203,17.66639828234031,5.360976918947934,9.292807300053678,12.600644122383253,19.108964036500268,0.5636070853462157,,2.6637144390767578,1.3687600644122384,0.2885131508319914
187,24.04723564143854,7.232957595276436,17.599302200751477,5.347557702630167,9.272678475577026,12.553676865271068,19.061996779388085,0.5636070853462157,,2.6637144390767578,1.3687600644122384,0.2885131508319914
188,23.97342995169082,7.085346215780999,17.59259259259259,5.340848094471283,9.225711218464841,12.600644122383253,19.30354267310789,0.5636070853462157,,2.657004830917874,1.3687600644122384,0.2885131508319914
189,24.053945249597422,7.0383789586688135,17.55233494363929,5.3274288781535155,9.185453569511541,12.942834138486312,19.03515834675255,0.5636070853462157,,2.6435856146001075,1.3687600644122384,0.2885131508319914
190,24.094202898550726,7.024959742351046,16.72705314009662,5.314009661835748,9.07139023081052,14.130434782608695,18.98148148148148,0.5636070853462157,,2.5026838432635534,1.3016639828234031,0.2885131508319914
191,24.48336017176597,6.709608158883521,16.485507246376812,5.314009661835748,8.997584541062801,14.600107353730541,18.813741277509394,0.5636070853462157,,2.462426194310252,1.2815351583467525,0.2885131508319914
192,24.14787976382179,6.709608158883521,15.519323671497585,7.246376811594203,8.964036500268385,14.351851851851851,18.51851851851852,0.5300590445517982,,2.4490069779924855,1.2748255501878691,0.2885131508319914
193,24.020397208803004,6.709608158883521,15.519323671497585,7.246376811594203,9.722222222222221,13.81508319914117,18.431293612453032,0.5300590445517982,,2.442297369833602,1.2748255501878691,0.2885131508319914
194,24.168008588298445,6.702898550724638,15.385131508319914,7.514761137949543,9.648416532474503,13.976113794954374,18.089103596349972,0.4830917874396135,,2.4355877616747184,1.3083735909822867,0.2885131508319914
195,24.228395061728396,6.702898550724638,15.371712292002147,7.883789586688137,9.621578099838969,13.922436929683306,17.753623188405797,0.4830917874396135,,2.4355877616747184,1.3083735909822867,0.2885131508319914
196,24.315619967793882,6.702898550724638,15.344873859366613,7.883789586688137,9.614868491680086,13.902308105206655,17.74020397208803,0.4830917874396135,,2.4154589371980677,1.3083735909822867,0.2885131508319914
197,24.033816425120772,6.702898550724638,15.08990874932904,7.689210950080516,11.688137412775093,13.801663982823403,16.53918411164788,0.4830917874396135,,2.3752012882447664,1.3083735909822867,0.2885131508319914
198,24.20155662909286,6.66935050993022,15.042941492216855,7.669082125603865,11.688137412775093,13.768115942028986,16.53918411164788,0.47638217928073,,2.3483628556092326,1.3083735909822867,0.2885131508319914
199,24.376006441223833,6.66935050993022,15.01610305958132,7.615405260332796,11.688137412775093,13.754696725711218,16.458668813741276,0.47638217928073,,2.3483628556092326,1.3083735909822867,0.2885131508319914
200,24.52361782071927,6.66935050993022,14.982555018786902,7.615405260332796,11.58749329039184,13.754696725711218,16.445249597423512,0.47638217928073,,2.3483628556092326,1.3083735909822867,0.2885131508319914
201,24.792002147074612,6.66935050993022,14.922168545356952,7.548309178743962,11.520397208803006,13.714439076757918,16.411701556629094,0.47638217928073,,2.3483628556092326,1.3083735909822867,0.2885131508319914
202,24.932903918411164,6.662640901771336,14.888620504562533,7.548309178743962,11.513687600644122,13.714439076757918,16.317767042404725,0.47638217928073,,2.3483628556092326,1.3083735909822867,0.2885131508319914
203,25.0402576489533,6.655931293612453,14.888620504562533,7.5281803542673105,11.500268384326356,13.667471819645733,16.297638217928075,0.47638217928073,,2.3483628556092326,1.3083735909822867,0.2885131508319914
204,25.181159420289855,6.655931293612453,14.861782071927,7.514761137949543,11.480139559849706,13.647342995169081,16.23725174449812,0.47638217928073,,2.3483628556092326,1.3083735909822867,0.2885131508319914
205,24.771873322597962,6.528448738593666,14.814814814814815,7.454374664519592,13.479602791196994,12.654320987654321,16.14331723027375,0.47638217928073,,2.0799785292538915,1.3083735909822867,0.2885131508319914
206,25.140901771336555,6.521739130434782,14.734299516908212,7.427536231884058,13.419216317767042,12.614063338701019,16.002415458937197,0.47638217928073,,2.0799785292538915,1.2949543746645196,0.2885131508319914
207,25.39586688137413,6.521739130434782,14.600107353730541,7.360440150295223,13.419216317767042,12.52012882447665,15.92860976918948,0.47638217928073,,2.1940418679549114,1.2949543746645196,0.2885131508319914
208,25.53676865271068,6.521739130434782,14.586688137412775,7.333601717659689,13.405797101449275,12.5,15.861513687600644,0.47638217928073,,2.1940418679549114,1.2949543746645196,0.2885131508319914
209,25.677670424047236,6.494900697799249,14.459205582393988,7.27992485238862,13.22463768115942,12.647611379495437,15.814546430488459,0.47638217928073,,2.341653247450349,1.2949543746645196,0.2885131508319914
210,25.939345142243692,6.488191089640365,14.378690284487385,7.1658615136876005,13.191089640365004,12.721417069243156,15.734031132581856,0.47638217928073,,2.328234031132582,1.288244766505636,0.2885131508319914
211,26.10708534621578,6.461352657004831,14.371980676328503,7.132313472893183,13.170960815888352,12.68786902844874,15.72061191626409,0.47638217928073,,2.3081052066559313,1.2748255501878691,0.2885131508319914
212,26.227858293075684,6.461352657004831,14.257917337627482,7.098765432098766,13.16425120772947,12.647611379495437,15.70048309178744,0.47638217928073,,2.4020397208803006,1.2748255501878691,0.2885131508319914
213,26.281535158346752,6.461352657004831,14.244498121309716,7.0383789586688135,12.828770799785293,12.634192163177671,15.653515834675256,0.47638217928073,,2.4020397208803006,1.6908212560386473,0.2885131508319914
214,26.38888888888889,6.454643048845948,14.217659688674182,7.03166935050993,12.848899624261943,12.600644122383253,15.60654857756307,0.47638217928073,,2.395330112721417,1.6908212560386473,0.2885131508319914
215,26.630434782608695,6.454643048845948,14.143853998926463,6.971282877079979,12.801932367149758,12.573805689747719,15.573000536768653,0.47638217928073,,2.395330112721417,1.6908212560386473,0.2885131508319914
216,26.462694578636608,6.407675791733762,14.143853998926463,6.944444444444445,13.996242619431026,12.526838432635534,14.600107353730541,0.47638217928073,,2.462426194310252,1.6908212560386473,0.2885131508319914
