,45,50,51,55,53,52,54,56,57,59,60,61,58,46,62,63
0,96.68545356951154,3.3145464304884595,,,,,,,,,,,,,,
1,95.91384863123993,4.052603327965647,0.03354804079441761,,,,,,,,,,,,,
2,80.75684380032206,18.867418142780462,0.03354804079441761,0.3421900161030596,,,,,,,,,,,,
3,76.94578636607622,22.550993022007514,0.03354804079441761,0.43612453032742887,0.03354804079441761,,,,,,,,,,,
4,74.77858293075684,24.610842726784757,0.03354804079441761,0.5032206119162641,0.03354804079441761,0.013419216317767043,0.026838432635534086,,,,,,,,,
5,74.59071390230811,24.644390767579175,0.05367686527106817,0.6374127750939346,0.03354804079441761,0.013419216317767043,0.026838432635534086,,,,,,,,,
6,69.49141170155663,29.502147074610843,0.08051529790660225,0.7112184648416533,0.17444981213097155,0.013419216317767043,0.026838432635534086,,,,,,,,,
7,68.49168008588299,30.340848094471284,0.10064412238325282,0.8118625872249061,0.19457863660762212,0.020128824476650563,0.040257648953301126,,,,,,,,,
8,67.04240472356415,31.602254428341386,0.14761137949543746,0.9393451422436929,0.19457863660762212,0.020128824476650563,0.05367686527106817,,,,,,,,,
9,66.67337627482556,31.80354267310789,0.2214170692431562,1.0198604401502953,0.19457863660762212,0.03354804079441761,0.05367686527106817,,,,,,,,,
10,66.33789586688137,31.97799248523886,0.2616747181964573,1.0869565217391304,0.2281266774020397,0.03354804079441761,0.07380568974771873,,,,,,,,,
11,65.68035426731079,32.49463231347289,0.3153515834675255,1.1741814278046163,0.2281266774020397,0.03354804079441761,0.07380568974771873,,,,,,,,,
12,65.41196994095544,32.50134192163178,0.3757380568974772,1.2815351583467525,0.2952227589908749,0.03354804079441761,0.10064412238325282,,,,,,,,,
13,64.54643048845948,31.4747718733226,0.46296296296296297,1.1003757380568975,0.8185721953837896,1.4626945786366077,0.13419216317767044,,,,,,,,,
14,61.94981213097155,33.59500805152979,2.073268921095008,1.2077294685990339,0.8185721953837896,0.19457863660762212,0.1610305958132045,,,,,,,,,
15,61.72839506172839,33.641975308641975,2.073268921095008,1.3352120236178207,0.8185721953837896,0.19457863660762212,0.20799785292538917,,,,,,,,,
16,57.648953301127214,26.85185185185185,14.002952227589908,0.9057971014492754,0.24154589371980675,0.19457863660762212,0.14090177133655393,0.013419216317767043,,,,,,,,
17,54.74369296833065,29.636339237788512,13.862050456253355,0.95276435856146,0.30864197530864196,0.20799785292538917,0.14761137949543746,0.14090177133655393,,,,,,,,
18,53.42190016103059,30.917874396135264,13.781535158346752,0.9863123993558777,0.2952227589908749,0.27509393451422437,0.14761137949543746,0.17444981213097155,,,,,,,,
19,48.55743424584004,33.15217391304348,15.002683843263553,2.033011272141707,0.2885131508319914,0.4562533548040794,0.17444981213097155,0.33548040794417605,,,,,,,,
20,44.48470209339774,31.890767579173378,20.209339774557165,1.9994632313472893,0.30193236714975846,0.43612453032742887,0.23483628556092323,0.4428341384863124,,,,,,,,
21,35.245571658615134,41.217122920021474,18.53864734299517,2.0531400966183573,0.36231884057971014,1.8384326355340848,0.24154589371980675,0.4562533548040794,0.013419216317767043,0.03354804079441761,,,,,,
22,35.04428341384863,40.653515834675254,18.344068706387546,2.4221685453569513,0.6508319914117016,1.8585614600107354,0.36902844873859364,0.6038647342995169,0.013419216317767043,0.03354804079441761,0.0067096081588835215,,,,,
23,34.66854535695116,40.58641975308642,18.511808910359633,2.5563607085346214,0.6843800322061192,1.8451422436929683,0.41599570585077833,0.6642512077294686,0.026838432635534086,0.03354804079441761,0.0067096081588835215,,,,,
24,34.6081588835212,40.25093934514224,18.438003220611915,2.985775630703167,0.6642512077294686,1.8786902844873858,0.41599570585077833,0.6910896403650026,0.026838432635534086,0.03354804079441761,0.0067096081588835215,,,,,
25,33.40713902308105,37.043746645195924,20.142243692968332,3.1736446591519054,0.6843800322061192,1.8786902844873858,2.9723564143853998,0.630703166935051,0.026838432635534086,0.03354804079441761,0.0067096081588835215,,,,,
26,33.380300590445515,37.063875469672574,20.081857219538378,3.2206119162640903,0.6910896403650026,1.90552871712292,2.9388083735909825,0.6508319914117016,0.026838432635534086,0.03354804079441761,0.0067096081588835215,,,,,
27,32.66237251744498,37.553676865271065,19.79334406870639,3.5426731078904994,0.6977992485238862,1.932367149758454,2.898550724637681,0.8655394524959742,0.013419216317767043,0.03354804079441761,0.0067096081588835215,,,,,
28,31.246645195920557,36.07085346215781,22.550993022007514,3.5963499731615673,0.7447665056360708,1.9189479334406871,2.8515834675254963,0.8789586688137413,0.06709608158883522,0.03354804079441761,0.040257648953301126,,,,,
29,31.052066559312937,36.02388620504563,22.584541062801932,3.616478797638218,0.8319914117015567,1.9256575415995705,2.8918411164787976,0.8588298443370908,0.06709608158883522,0.03354804079441761,0.11406333870101985,,,,,
30,31.07890499194847,35.77563070316693,22.061191626409016,3.8311862587224907,1.1272141706924315,1.9726247987117553,2.885131508319914,1.0131508319914118,0.08051529790660225,0.03354804079441761,0.14090177133655393,,,,,
31,30.48845947396672,38.747987117552334,18.914385399892645,4.636339237788513,1.247987117552335,1.9256575415995705,2.831454643048846,0.95276435856146,0.05367686527106817,0.026838432635534086,0.15432098765432098,0.020128824476650563,,,,
32,30.35426731078905,37.17122920021471,18.840579710144926,4.797369833601718,1.221148684916801,3.4822866344605474,2.831454643048846,1.0064412238325282,0.0939345142243693,0.026838432635534086,0.15432098765432098,0.020128824476650563,,,,
33,29.341116478797638,38.33870101986044,18.71309715512614,4.830917874396135,1.2010198604401503,3.408480944712829,2.844873859366613,0.9863123993558777,0.13419216317767044,0.026838432635534086,0.15432098765432098,0.020128824476650563,,,,
34,29.367954911433173,38.09044551798175,18.679549114331724,5.032206119162641,1.2010198604401503,3.408480944712829,2.844873859366613,1.0399892646269457,0.13419216317767044,0.026838432635534086,0.15432098765432098,0.020128824476650563,,,,
35,29.126409017713364,38.1105743424584,18.666129898013956,5.065754159957058,1.2345679012345678,3.44873859366613,2.9253891572732154,1.0534084809447128,0.14090177133655393,0.026838432635534086,0.18115942028985507,0.020128824476650563,,,,
36,29.146537842190018,37.58722490606549,18.9747718733226,5.253623188405797,1.2010198604401503,3.421900161030596,2.945517981749866,1.0601180891035964,0.16774020397208803,0.026838432635534086,0.19457863660762212,0.020128824476650563,,,,
37,28.918411164787976,37.17122920021471,19.088835212023618,5.71658615136876,1.2144390767579174,3.4151905528717124,2.8784219001610305,1.1473429951690821,0.16774020397208803,0.06709608158883522,0.19457863660762212,0.020128824476650563,,,,
38,28.502415458937197,36.93639291465379,19.57192699946323,5.810520665593129,1.2345679012345678,3.4151905528717124,2.9589371980676327,1.133923778851315,0.17444981213097155,0.06709608158883522,0.17444981213097155,0.020128824476650563,,,,
39,28.556092324208265,36.63446054750403,19.45786366076221,5.864197530864198,1.42914653784219,3.4688674181427803,3.0193236714975846,1.133923778851315,0.17444981213097155,0.06709608158883522,0.17444981213097155,0.020128824476650563,,,,
40,28.63660762211487,36.41304347826087,19.53166935050993,5.924584004294149,1.4626945786366077,3.2474503488996245,3.260869565217391,1.1205045625335481,0.16774020397208803,0.06709608158883522,0.14761137949543746,0.020128824476650563,,,,
41,28.59634997316157,34.40016103059581,19.202898550724637,6.0587761674718195,1.5029522275899088,5.0993022007514766,3.5091250670960816,1.2144390767579174,0.18115942028985507,0.06709608158883522,0.14761137949543746,0.020128824476650563,,,,
42,20.933977455716587,60.849436392914654,4.414922168545357,6.139291465378422,1.1473429951690821,3.026033279656468,3.0327428878153517,0.06709608158883522,0.13419216317767044,0.06709608158883522,0.16774020397208803,0.020128824476650563,,,,
43,17.418142780461622,55.61594202898551,13.358829844337091,6.085614600107354,1.1808910359634996,2.703972088030059,3.066290928609769,0.18115942028985507,0.13419216317767044,0.06709608158883522,0.16774020397208803,0.020128824476650563,,,,
44,17.45169082125604,55.079173376274824,13.298443370907139,6.5485775630703165,1.1808910359634996,2.7106816961889426,3.166935050993022,0.19457863660762212,0.13419216317767044,0.06709608158883522,0.14761137949543746,0.020128824476650563,,,,
45,15.955448201825014,50.10735373054214,21.256038647342994,4.810789049919484,1.1808910359634996,3.294417606011809,2.8784219001610305,0.2549651100375738,0.0939345142243693,0.040257648953301126,0.1274825550187869,,,,,
46,15.405260332796564,45.65888352120236,21.202361782071925,5.038915727321524,1.221148684916801,3.2675791733762747,7.595276435856146,0.27509393451422437,0.0939345142243693,0.0939345142243693,0.14761137949543746,,,,,
47,14.962426194310252,42.049114331723025,18.08239398819109,6.447933440687064,1.221148684916801,8.917069243156199,7.615405260332796,0.32877079978529256,0.13419216317767044,0.0939345142243693,0.14761137949543746,,,,,
48,14.667203435319378,41.337895866881375,17.713365539452496,6.622383252818035,1.2412775093934514,9.829575952764358,7.62211486849168,0.5904455179817498,0.13419216317767044,0.0939345142243693,0.14761137949543746,,,,,
49,14.741009125067096,41.116478797638216,17.60601180891036,6.776704240472356,1.3352120236178207,9.77589908749329,7.588566827697263,0.6105743424584005,0.14761137949543746,0.15432098765432098,0.14761137949543746,,,,,
50,14.687332259796028,39.392109500805155,17.45169082125604,8.165593129361245,1.8585614600107354,9.66183574879227,7.561728395061729,0.6776704240472357,0.20799785292538917,0.1878690284487386,0.14761137949543746,,,,,
51,14.727589908749328,39.30488459473967,17.344337090713903,8.494363929146537,1.8853998926462694,9.561191626409018,7.320182501341922,0.7380568974771873,0.322061191626409,0.15432098765432098,0.14761137949543746,,,,,
52,14.647074610842727,41.0426731078905,16.78743961352657,8.675523349436393,1.8115942028985508,8.400429414922169,7.27992485238862,0.7447665056360708,0.30864197530864196,0.15432098765432098,0.14761137949543746,,,,,
53,14.278046162104133,37.0504562533548,11.822329575952764,8.53462157809984,2.38191089640365,17.418142780461622,7.239667203435319,0.5099302200751477,0.4227053140096618,0.16774020397208803,0.17444981213097155,,,,,
54,14.15727321524423,36.67471819645733,11.889425657541599,8.722490606548577,2.4020397208803006,17.344337090713903,7.514761137949543,0.5434782608695652,0.4092860976918948,0.16774020397208803,0.17444981213097155,,,,,
55,13.808373590982287,35.97691894793344,13.768115942028986,8.3467525496511,2.522812667740204,16.961889425657542,7.4141170155662905,0.38915727321524424,0.4092860976918948,0.2549651100375738,0.14761137949543746,,,,,
56,13.81508319914117,29.931561996779386,13.620504562533547,6.260064412238325,2.5161030595813205,27.214170692431562,5.300590445517981,0.47638217928073,0.6172839506172839,0.1274825550187869,0.12077294685990338,,,,,
57,13.70101986044015,29.528985507246375,13.6808910359635,6.360708534621578,2.5429414922168547,27.254428341384862,5.407944176060118,0.5233494363929146,0.7313472893183038,0.1274825550187869,0.14090177133655393,,,,,
58,11.802200751476114,23.886205045625335,21.564680622651636,6.535158346752549,2.2611379495437465,26.818303811057433,5.387815351583468,0.5837359098228664,0.8923778851315083,0.1274825550187869,0.14090177133655393,,,,,
59,11.922973698336017,23.792270531400966,21.048040794417606,6.515029522275899,2.3215244229736984,26.516371443907676,5.367686527106817,1.107085346215781,1.1137949543746646,0.13419216317767044,0.14090177133655393,,0.020128824476650563,,,
60,10.527375201288244,24.758454106280194,20.685721953837895,7.608695652173913,2.314814814814815,25.85882984433709,5.35426731078905,1.328502415458937,1.2681159420289856,0.13419216317767044,0.14090177133655393,,0.020128824476650563,,,
61,10.61460010735373,24.48336017176597,19.048577563070317,7.608695652173913,2.3886205045625335,26.992753623188406,5.891035963499732,1.221148684916801,1.482823403113258,0.13419216317767044,0.11406333870101985,,0.020128824476650563,,,
62,10.82259796027912,24.402844873859365,18.98148148148148,7.548309178743962,2.3886205045625335,26.549919484702095,5.917874396135265,1.4559849704777241,1.6371443907675791,0.13419216317767044,0.11406333870101985,,0.04696725711218465,,,
63,10.916532474503489,23.336017176596886,18.947933440687063,7.568438003220612,2.395330112721417,27.066559312936125,5.971551261406334,1.4358561460010735,2.01959205582394,0.15432098765432098,0.11406333870101985,,0.07380568974771873,,,
64,10.976918947933441,23.242082662372518,18.914385399892645,7.695920558239399,2.3483628556092326,26.89210950080515,5.857487922705314,1.42914653784219,2.2208803005904456,0.20128824476650564,0.11406333870101985,,0.10735373054213634,,,
65,10.916532474503489,22.094739667203434,20.457595276435857,7.763016639828234,2.26784755770263,26.321792807300053,5.837359098228664,1.4358561460010735,2.408749329039184,0.2147074610842727,0.11406333870101985,,0.16774020397208803,,,
66,11.023886205045626,21.89345142243693,20.377079978529252,7.796564680622652,2.3081052066559313,26.321792807300053,5.991680085882985,1.4090177133655395,2.38191089640365,0.2147074610842727,0.11406333870101985,,0.16774020397208803,,,
67,11.117820719269995,21.81964573268921,20.26972624798712,7.9039184111647875,2.3349436392914655,26.174181427804616,5.978260869565218,1.4090177133655395,2.4825550187869028,0.2147074610842727,0.1274825550187869,,0.16774020397208803,,,
68,10.856146001073537,20.229468599033815,30.817230273752013,7.742887815351583,2.6502952227589907,16.14331723027375,5.9447128287707995,3.321256038647343,1.8048845947396672,0.19457863660762212,0.1274825550187869,,0.16774020397208803,,,
69,10.393183038110575,18.907675791733762,30.54884594739667,7.48792270531401,5.810520665593129,15.92860976918948,5.609232420826624,2.9723564143853998,1.8048845947396672,0.1878690284487386,0.14761137949543746,,0.20128824476650564,,,
70,10.413311862587225,18.733225979602793,29.106280193236714,7.48792270531401,5.83064949006978,15.901771336553946,7.14573268921095,2.9052603327965647,1.7646269457863661,0.2549651100375738,0.1610305958132045,,0.2952227589908749,,,
71,9.77589908749329,17.767042404723565,31.910896403650028,7.286634460547504,7.125603864734299,13.560118089103597,7.098765432098766,3.1065485775630703,1.6505636070853462,0.24154589371980675,0.18115942028985507,,0.2952227589908749,,,
72,9.762479871175524,16.935050993022006,30.837359098228664,7.192699946323135,10.84272678475577,12.084004294149223,7.092055823939882,2.8113258185721954,1.442565754159957,0.32877079978529256,0.18115942028985507,,0.48980139559849706,,,
73,9.842995169082126,16.80756843800322,30.515297906602253,7.454374664519592,10.815888352120236,11.735104669887278,7.098765432098766,2.8247450348899625,1.8518518518518519,0.32877079978529256,0.20128824476650564,,0.5233494363929146,,,
74,9.742351046698873,16.935050993022006,30.253623188405797,7.5281803542673105,10.809178743961352,11.520397208803006,7.273215244229737,2.999194847020934,1.751207729468599,0.35560923242082665,0.27509393451422437,,0.5568974771873323,,,
75,9.634997316156737,16.820987654320987,29.602791196994094,7.581857219538379,11.58749329039184,11.439881910896403,7.192699946323135,3.0931293612453032,1.751207729468599,0.39586688137412773,0.27509393451422437,,0.6239935587761675,,,
76,9.406870638754697,16.55931293612453,30.12614063338701,7.588566827697263,11.641170155662909,11.137949543746645,7.14573268921095,3.33467525496511,1.7444981213097155,0.36902844873859364,0.2952227589908749,,0.6508319914117016,,,
77,9.440418679549115,16.451959205582394,29.8040794417606,7.5281803542673105,11.654589371980677,11.003757380568974,7.1725711218464845,3.7372517444981215,1.737788513150832,0.36902844873859364,0.2952227589908749,,0.8051529790660226,,,
78,9.54777241009125,16.35131508319914,29.55582393988191,7.588566827697263,11.688137412775093,10.916532474503489,7.353730542136339,3.824476650563607,1.6975308641975309,0.4092860976918948,0.2549651100375738,,0.8118625872249061,,,
79,9.668545356951155,16.183574879227052,29.354535695115406,7.541599570585078,11.057434245840042,11.292270531400966,7.7898550724637685,3.8378958668813743,1.8183038110574343,0.4092860976918948,0.2549651100375738,,0.7917337627482555,,,
80,9.695383789586689,16.150026838432634,29.220343531937736,7.461084272678476,12.057165861513688,11.272141706924316,7.0383789586688135,3.864734299516908,1.8048845947396672,0.32877079978529256,0.2683843263553409,,0.8118625872249061,0.026838432635534086,,
81,9.883252818035427,16.13660762211487,28.75067096081589,7.514761137949543,11.969940955448202,11.178207192699947,7.011540526033279,4.126409017713366,1.8988191089640365,0.39586688137412773,0.2549651100375738,,0.8319914117015567,0.026838432635534086,0.020128824476650563,
82,10.02415458937198,16.022544283413847,28.495705850778315,7.501341921631776,12.278582930756844,11.137949543746645,7.024959742351046,4.106280193236715,1.8317230273752012,0.4227053140096618,0.2549651100375738,,0.8319914117015567,0.026838432635534086,0.040257648953301126,
83,9.970477724100913,14.707461084272678,28.287707997852927,6.850509930220075,14.694041867954912,10.929951690821255,6.91760601180891,4.206924315619967,1.8518518518518519,0.41599570585077833,0.24154589371980675,,0.8789586688137413,0.026838432635534086,0.020128824476650563,
84,9.876543209876543,14.55984970477724,28.019323671497585,6.998121309715513,14.298174986580785,11.621041331186259,6.649221685453569,4.502147074610843,1.8786902844873858,0.4025764895330113,0.2281266774020397,,0.9192163177670424,0.026838432635534086,0.020128824476650563,
85,8.876811594202898,27.3215244229737,24.825550187869027,8.239398819108963,11.366076221148685,8.272946859903382,5.186527106816962,3.2541599570585076,1.5029522275899088,0.2147074610842727,0.2281266774020397,,0.6843800322061192,0.026838432635534086,,
86,8.816425120772946,25.228126677402038,27.70397208803006,8.246108427267847,9.668545356951155,8.293075684380032,6.119162640901771,3.33467525496511,1.4761137949543746,0.2147074610842727,0.1610305958132045,,0.7112184648416533,0.026838432635534086,,
87,8.735909822866345,24.90606548577563,27.482555018786904,8.219269994632313,10.279119699409554,8.199141170155663,6.078904991948471,3.4017713365539453,1.4761137949543746,0.2147074610842727,0.1610305958132045,,0.8185721953837896,0.026838432635534086,,
88,8.964036500268385,24.771873322597962,27.234299516908212,8.105206655931294,10.279119699409554,8.172302737520129,6.125872249060655,3.556092324208266,1.4962426194310252,0.2147074610842727,0.20128824476650564,0.06038647342995169,0.7917337627482555,0.026838432635534086,,
89,9.057971014492754,24.704777241009126,27.113526570048307,8.024691358024691,10.245571658615138,8.064949006977992,6.400966183574879,3.5225442834138487,1.5432098765432098,0.2147074610842727,0.19457863660762212,0.08051529790660225,0.8051529790660226,0.026838432635534086,,
90,9.16532474503489,24.255233494363928,26.96591519055287,7.877079978529254,10.292538915727322,8.011272141706923,7.051798174986581,3.569511540526033,1.5432098765432098,0.17444981213097155,0.19457863660762212,0.0939345142243693,0.7783145464304885,0.026838432635534086,,
91,9.172034353193773,23.55072463768116,25.275093934514224,9.433709071390231,9.936929683306495,7.98443370907139,7.461084272678476,4.361245303274289,1.5297906602254427,0.15432098765432098,0.23483628556092323,0.0939345142243693,0.785024154589372,0.026838432635534086,,
92,8.930488459473967,23.101180891035963,24.818840579710145,9.91009125067096,9.567901234567902,9.05126140633387,6.998121309715513,4.51556629092861,1.8384326355340848,0.10064412238325282,0.20799785292538917,0.0939345142243693,0.8387010198604401,0.026838432635534086,,
93,8.923778851315083,22.765700483091788,24.14117015566291,10.064412238325282,9.863123993558776,8.440687063875469,7.977724100912507,4.736983360171766,1.751207729468599,0.10064412238325282,0.20799785292538917,0.11406333870101985,0.8856682769726248,0.026838432635534086,,
94,9.064680622651638,22.510735373054214,24.000268384326354,10.0979602791197,9.930220075147611,8.61513687600644,7.803274288781535,4.804079441760601,1.7646269457863661,0.14090177133655393,0.23483628556092323,0.11406333870101985,0.8923778851315083,0.026838432635534086,,
95,9.192163177670425,22.282608695652176,23.21524422973698,10.158346752549651,9.957058507783145,8.568169618894256,7.803274288781535,5.649490069779925,1.751207729468599,0.15432098765432098,0.23483628556092323,0.11406333870101985,0.8923778851315083,0.026838432635534086,,
96,9.306226516371444,22.054482018250134,22.966988727858293,10.352925389157273,10.017444981213098,8.57487922705314,7.9106280193236715,5.676328502415459,1.7579173376274826,0.14090177133655393,0.23483628556092323,0.11406333870101985,0.8655394524959742,0.026838432635534086,,
97,8.68894256575416,20.148953301127214,29.502147074610843,9.796027911969942,9.037842190016104,8.655394524959743,7.742887815351583,3.5292538915727323,1.6639828234031133,0.10064412238325282,0.23483628556092323,0.11406333870101985,0.7581857219538379,0.026838432635534086,,
98,8.84326355340848,20.068438003220614,29.314278046162105,9.836285560923242,9.01100375738057,8.548040794417606,7.803274288781535,3.6500268384326353,1.6841116478797638,0.10064412238325282,0.2616747181964573,0.11406333870101985,0.7380568974771873,0.026838432635534086,,
99,8.917069243156199,19.98792270531401,29.200214707461082,9.66183574879227,8.890230810520666,8.333333333333334,7.836822329575953,3.9989264626945786,1.8384326355340848,0.10064412238325282,0.2616747181964573,0.11406333870101985,0.8319914117015567,0.026838432635534086,,
100,9.064680622651638,19.51825013419216,25.999731615673646,10.38647342995169,8.943907675791733,8.239398819108963,7.689210950080516,6.9243156199677935,1.8786902844873858,0.10064412238325282,0.2616747181964573,0.11406333870101985,0.8521202361782072,0.026838432635534086,,
101,7.997852925389157,16.686795491143318,33.62855609232421,9.88996242619431,7.856951154052603,7.62211486849168,6.957863660762212,6.447933440687064,1.5633387010198605,0.10064412238325282,0.27509393451422437,0.14761137949543746,0.798443370907139,0.026838432635534086,,
102,8.199141170155663,16.566022544283413,33.319914117015564,9.943639291465379,7.763016639828234,7.601986044015029,6.937734836285561,6.6827697262479875,1.583467525496511,0.13419216317767044,0.27509393451422437,0.14761137949543746,0.8185721953837896,0.026838432635534086,,
103,8.420558239398819,16.512345679012345,32.8569511540526,9.863123993558776,7.950885668276973,7.581857219538379,6.910896403650026,6.91760601180891,1.5499194847020934,0.13419216317767044,0.27509393451422437,0.17444981213097155,0.8252818035426731,0.026838432635534086,,
104,7.675791733762749,14.922168545356952,41.15002683843264,9.03113258185722,6.072195383789587,7.320182501341922,6.353998926462695,4.804079441760601,1.2681159420289856,0.11406333870101985,0.27509393451422437,0.17444981213097155,0.8118625872249061,0.026838432635534086,,
105,7.843531937734836,14.834943639291465,40.673644659151904,9.004294149221685,6.3137412775093935,7.253086419753086,6.253354804079442,5.005367686527107,1.4694041867954912,0.11406333870101985,0.27509393451422437,0.17444981213097155,0.7581857219538379,0.026838432635534086,,
106,7.863660762211487,14.754428341384862,39.841653247450346,9.655126140633387,6.353998926462695,7.266505636070853,6.260064412238325,5.10601180891036,1.4492753623188406,0.1610305958132045,0.27509393451422437,0.20128824476650564,0.785024154589372,0.026838432635534086,,
107,7.991143317230274,14.506172839506172,39.32501341921632,10.178475577026301,6.280193236714976,7.232957595276436,6.300322061191626,5.273752012882448,1.482823403113258,0.1610305958132045,0.2281266774020397,0.2281266774020397,0.785024154589372,0.026838432635534086,,
108,8.111916264090176,14.49946323134729,38.97611379495437,10.111379495437467,6.253354804079442,7.219538378958669,6.320450885668277,5.481749865807837,1.5230810520665594,0.18115942028985507,0.2281266774020397,0.24154589371980675,0.8252818035426731,0.026838432635534086,,
109,8.266237251744498,14.398819108964037,38.727858293075684,10.030864197530864,6.387546967257112,7.179280730005368,6.360708534621578,5.622651637144391,1.5096618357487923,0.18115942028985507,0.2281266774020397,0.24154589371980675,0.8387010198604401,0.026838432635534086,,
110,7.192699946323135,16.344605475040257,37.714707461084274,10.02415458937198,6.380837359098229,7.380568974771873,6.3070316693505095,5.629361245303274,1.5163714439076759,0.17444981213097155,0.2281266774020397,0.24154589371980675,0.8387010198604401,0.026838432635534086,,
111,7.27992485238862,16.29092860976919,37.47987117552335,9.990606548577563,6.394256575415996,7.340311325818572,6.333870101986044,5.797101449275362,1.5365002683843263,0.17444981213097155,0.2281266774020397,0.24154589371980675,0.8856682769726248,0.026838432635534086,,
112,7.326892109500805,16.264090177133657,36.090982286634464,9.896672034353195,6.4345142243692965,7.306763285024155,7.823403113258186,5.736714975845411,1.5230810520665594,0.17444981213097155,0.2281266774020397,0.28180354267310787,0.8856682769726248,0.026838432635534086,,
113,7.353730542136339,16.170155662909288,35.20531400966183,9.856414385399892,6.394256575415996,7.4006977992485234,7.883789586688137,6.515029522275899,1.5297906602254427,0.1878690284487386,0.20799785292538917,0.28180354267310787,0.95276435856146,0.026838432635534086,0.03354804079441761,
114,7.555018786902845,16.11647879763822,35.09125067096082,9.742351046698873,6.414385399892646,7.387278582930757,7.96430488459474,6.5552871712292005,1.4895330112721417,0.1878690284487386,0.2281266774020397,0.27509393451422437,0.966183574879227,0.026838432635534086,,
115,7.5348899624261945,15.98899624261943,34.957058507783145,9.77589908749329,6.421095008051529,7.353730542136339,8.004562533548041,6.743156199677939,1.5096618357487923,0.1878690284487386,0.2616747181964573,0.27509393451422437,0.9594739667203436,0.026838432635534086,,
116,7.501341921631776,15.982286634460548,34.77589908749329,9.762479871175524,6.4412238325281805,7.387278582930757,8.179012345679013,6.830381105743425,1.4694041867954912,0.17444981213097155,0.2616747181964573,0.27509393451422437,0.9594739667203436,,,
117,7.5281803542673105,15.96886741814278,34.35990338164251,9.970477724100913,6.488191089640365,7.226247987117552,8.219269994632313,6.937734836285561,1.5365002683843263,0.2147074610842727,0.24825550187869028,0.30193236714975846,0.9997316156736447,,,
118,7.581857219538379,15.445517981749866,33.89694041867955,10.02415458937198,6.561996779388084,7.139023081052066,8.856682769726248,7.219538378958669,1.583467525496511,0.2281266774020397,0.24825550187869028,0.2147074610842727,0.9997316156736447,,,
119,7.635534084809447,15.371712292002147,33.59500805152979,10.077831454643048,6.595544820182502,7.152442297369833,8.776167471819646,7.427536231884058,1.6371443907675791,0.2281266774020397,0.27509393451422437,0.2147074610842727,1.0131508319914118,,,
120,7.7831454643048845,15.257648953301127,33.360171765968865,10.084541062801932,6.508319914117015,7.14573268921095,8.984165324745035,7.514761137949543,1.6237251744498122,0.2281266774020397,0.27509393451422437,0.2147074610842727,1.0198604401502953,,,
121,7.716049382716049,15.01610305958132,33.09849704777241,10.030864197530864,5.978260869565218,7.065217391304348,10.19189479334407,7.474503488996243,1.6103059581320451,0.2281266774020397,0.30193236714975846,0.20128824476650564,1.0869565217391304,,,
122,7.635534084809447,14.741009125067096,32.94417606011809,9.494095544820183,5.917874396135265,8.474235104669887,9.88996242619431,7.467793880837359,1.7981749865807837,0.2281266774020397,0.2214170692431562,0.20799785292538917,0.9796027911969941,,,
123,7.7831454643048845,14.707461084272678,32.57514761137949,9.789318303811058,5.924584004294149,8.420558239398819,9.91009125067096,7.4141170155662905,1.8451422436929683,0.2281266774020397,0.20799785292538917,0.20799785292538917,0.9863123993558777,,,
124,7.9039184111647875,14.63365539452496,32.380568974771876,9.822866344605474,5.931293612453032,8.393719806763285,9.91009125067096,7.467793880837359,1.90552871712292,0.2281266774020397,0.20799785292538917,0.2281266774020397,0.9863123993558777,,,
125,8.024691358024691,14.472624798711756,32.15244229736983,9.836285560923242,5.917874396135265,8.360171765968868,10.104669887278583,7.541599570585078,1.9793344068706387,0.2281266774020397,0.20799785292538917,0.2281266774020397,0.9460547504025765,,,
126,7.836822329575953,13.560118089103597,31.32716049382716,9.440418679549115,9.574610842726784,8.246108427267847,10.084541062801932,6.421095008051529,1.9860440150295222,0.2147074610842727,0.17444981213097155,0.2214170692431562,0.9125067096081588,,,
127,7.803274288781535,13.58695652173913,30.783682232957595,9.39345142243693,9.400161030595813,8.870101986044014,10.312667740203972,6.367418142780462,1.90552871712292,0.2147074610842727,0.1878690284487386,0.2214170692431562,0.95276435856146,,,
128,7.971014492753623,13.560118089103597,30.495169082125603,9.386741814278047,9.39345142243693,8.876811594202898,10.272410091250672,6.541867954911433,1.8988191089640365,0.24154589371980675,0.2214170692431562,0.2214170692431562,0.9192163177670424,,,
129,7.924047235641439,13.439345142243694,28.945249597423512,11.010466988727858,9.41358024691358,8.930488459473967,10.238862050456254,6.521739130434782,1.9927536231884058,0.24154589371980675,0.2214170692431562,0.19457863660762212,0.9259259259259259,,,
130,8.017981749865807,13.331991411701557,28.911701556629094,11.09098228663446,9.440418679549115,8.856682769726248,10.279119699409554,6.474771873322598,1.9592055823939882,0.24154589371980675,0.24825550187869028,0.19457863660762212,0.95276435856146,,,
131,7.803274288781535,13.177670424047236,28.052871712292003,10.701825013419215,9.621578099838969,9.400161030595813,11.245303274288782,6.367418142780462,1.9524959742351047,0.2616747181964573,0.2549651100375738,0.19457863660762212,0.966183574879227,,,
132,7.917337627482555,13.137412775093935,27.87842190016103,10.735373054213634,9.594739667203436,9.353193773483628,11.218464841653248,6.394256575415996,1.9457863660762211,0.2616747181964573,0.27509393451422437,0.24825550187869028,1.0399892646269457,,,
133,7.809983896940419,12.25174449812131,27.68384326355341,10.131508319914117,9.588030059044552,9.359903381642512,12.915995705850777,6.3137412775093935,1.9457863660762211,0.322061191626409,0.27509393451422437,0.1878690284487386,1.2144390767579174,,,
134,7.883789586688137,12.204777241009126,27.482555018786904,10.178475577026301,9.500805152979066,9.312936124530328,12.855609232420827,6.4412238325281805,1.9860440150295222,0.3824476650563607,0.27509393451422437,0.1878690284487386,1.3083735909822867,,,
135,8.031400966183575,11.969940955448202,27.254428341384862,10.23215244229737,9.447128287707997,9.252549651100376,12.86231884057971,6.6760601180891035,2.0933977455716586,0.39586688137412773,0.27509393451422437,0.20128824476650564,1.3083735909822867,,,
136,8.017981749865807,11.79549114331723,27.167203435319376,10.507246376811594,9.460547504025765,9.245840042941492,12.835480407944177,6.756575415995706,2.0531400966183573,0.36902844873859364,0.27509393451422437,0.1878690284487386,1.328502415458937,,,
137,8.125335480407944,11.574074074074074,26.737788513150832,10.527375201288244,9.420289855072463,9.111647879763822,12.983091787439614,7.024959742351046,2.2074610842726785,0.3824476650563607,0.27509393451422437,0.2147074610842727,1.415727321524423,,,
138,8.132045088566828,11.500268384326356,26.207729468599034,10.84272678475577,9.473966720343531,9.312936124530328,12.989801395598498,7.125603864734299,2.1403650026838434,0.4294149221685454,0.27509393451422437,0.2147074610842727,1.3553408480944713,,,
139,8.272946859903382,11.43317230273752,26.113794954374665,10.84272678475577,9.447128287707997,9.212292002147075,13.009930220075148,7.139023081052066,2.214170692431562,0.4294149221685454,0.27509393451422437,0.2147074610842727,1.3955984970477724,,,
140,8.28636607622115,11.18491680085883,25.85882984433709,10.775630703166936,10.48040794417606,9.265968867418144,12.47987117552335,7.14573268921095,2.187332259796028,0.4025764895330113,0.2952227589908749,0.2147074610842727,1.4224369296833066,,,
141,8.360171765968868,11.158078368223295,25.409286097691894,10.628019323671497,10.446859903381643,9.125067096081589,13.083735909822867,7.051798174986581,2.3349436392914655,0.4294149221685454,0.2952227589908749,0.2281266774020397,1.4492753623188406,,,
142,8.427267847557703,11.124530327428879,24.55716586151369,10.668276972624799,10.493827160493828,9.138486312399356,13.7211486849168,7.078636607622115,2.3483628556092326,0.48980139559849706,0.27509393451422437,0.2214170692431562,1.4559849704777241,,,
143,7.461084272678476,8.984165324745035,36.01717659688674,8.192431561996779,10.292538915727322,9.044551798174986,10.768921095008052,5.226784755770263,2.3483628556092326,0.2683843263553409,0.2214170692431562,0.040257648953301126,1.133923778851315,,,
144,7.5348899624261945,8.863392377885132,35.84272678475577,8.179012345679013,10.292538915727322,8.923778851315083,10.916532474503489,5.407944176060118,2.3550724637681157,0.27509393451422437,0.2147074610842727,0.040257648953301126,1.1540526033279657,,,
145,7.521470746108427,8.61513687600644,35.69511540526033,8.085077831454644,11.017176596886742,8.474235104669887,10.997047772410092,5.475040257648954,2.3215244229736984,0.38915727321524424,0.2147074610842727,0.040257648953301126,1.1540526033279657,,,
146,7.50805152979066,8.59500805152979,35.50053676865271,8.11862587224906,11.681427804616211,8.07836822329576,10.856146001073537,5.595813204508857,2.26784755770263,0.38915727321524424,0.2147074610842727,0.040257648953301126,1.1540526033279657,,,
147,7.555018786902845,8.420558239398819,35.198604401502955,8.319914117015566,11.56736446591519,8.165593129361245,10.768921095008052,5.709876543209877,2.3215244229736984,0.4495437466451959,0.2885131508319914,0.040257648953301126,1.1943102522812667,,,
148,7.64224369296833,8.293075684380032,34.916800858829845,8.53462157809984,11.540526033279656,8.152173913043478,10.809178743961352,5.730005367686527,2.328234031132582,0.5233494363929146,0.2952227589908749,0.040257648953301126,1.1943102522812667,,,
149,7.575147611379496,7.9106280193236715,34.70209339774557,8.447396672034353,13.479602791196994,7.541599570585078,10.520665593129362,5.609232420826624,2.167203435319377,0.48980139559849706,0.2952227589908749,0.040257648953301126,1.221148684916801,,,
150,7.555018786902845,7.897208803005904,34.655126140633385,8.487654320987655,13.539989264626946,7.514761137949543,10.534084809447128,5.58239398819109,2.147074610842727,0.48980139559849706,0.2952227589908749,0.040257648953301126,1.261406333870102,,,
151,7.5348899624261945,7.856951154052603,34.21229200214707,8.232689210950081,13.539989264626946,8.152173913043478,10.299248523886206,5.83064949006978,2.281266774020397,0.5099302200751477,0.2885131508319914,0.026838432635534086,1.2345679012345678,,,
152,7.568438003220612,7.85024154589372,32.8972088030059,8.158883521202362,13.271604938271604,8.192431561996779,11.990069779924852,5.770263016639828,2.254428341384863,0.5367686527106817,0.2885131508319914,0.026838432635534086,1.1943102522812667,,,
153,7.809983896940419,7.85024154589372,32.648953301127214,8.266237251744498,13.150831991411701,8.21256038647343,11.963231347289318,5.790391841116479,2.227589908749329,0.5636070853462157,0.2885131508319914,0.026838432635534086,1.2010198604401503,,,
154,7.823403113258186,7.836822329575953,32.03166935050993,8.427267847557703,13.358829844337091,8.219269994632313,11.969940955448202,6.072195383789587,2.187332259796028,0.5099302200751477,0.2885131508319914,0.026838432635534086,1.247987117552335,,,
155,7.924047235641439,7.836822329575953,31.944444444444443,8.460815888352121,13.22463768115942,8.28636607622115,11.855877616747183,6.152710681696189,2.2611379495437465,0.5032206119162641,0.2885131508319914,0.026838432635534086,1.2345679012345678,,,
156,7.997852925389157,7.702630166398282,31.830381105743424,8.313204508856682,13.546698872785829,8.205850778314547,11.882716049382717,6.226516371443908,2.227589908749329,0.5032206119162641,0.28180354267310787,0.026838432635534086,1.2546967257112185,,,
157,8.165593129361245,7.555018786902845,31.5150295222759,8.293075684380032,13.479602791196994,8.28636607622115,11.849168008588299,6.468062265163715,2.2410091250670963,0.5837359098228664,0.28180354267310787,0.026838432635534086,1.2546967257112185,,,
158,8.165593129361245,7.548309178743962,31.03864734299517,8.373590982286634,14.210950080515298,8.219269994632313,11.849168008588299,6.179549114331723,2.200751476113795,0.6172839506172839,0.28180354267310787,0.026838432635534086,1.288244766505636,,,
159,8.252818035426731,7.481213097155126,30.864197530864196,8.447396672034353,14.143853998926463,8.085077831454644,11.90955448201825,6.333870101986044,2.2745571658615136,0.5770263016639828,0.3153515834675255,0.026838432635534086,1.288244766505636,,,
160,8.266237251744498,7.454374664519592,30.783682232957595,8.474235104669887,14.096886741814279,8.09849704777241,11.990069779924852,6.3137412775093935,2.2879763821792807,0.6374127750939346,0.3153515834675255,0.026838432635534086,1.2546967257112185,,,
161,8.017981749865807,7.286634460547504,34.17874396135266,7.769726247987117,13.493022007514762,7.139023081052066,11.855877616747183,6.011808910359635,2.073268921095008,0.6105743424584005,0.30193236714975846,0.026838432635534086,1.2345679012345678,,,
162,7.830112721417069,7.14573268921095,34.27938808373591,8.011272141706923,13.191089640365004,7.058507783145465,11.81561996779388,6.340579710144928,2.15378421900161,0.6172839506172839,0.30193236714975846,0.026838432635534086,1.2278582930756843,,,
163,7.843531937734836,7.092055823939882,32.94417606011809,8.259527643585615,13.036768652710682,7.1658615136876005,12.86231884057971,6.3137412775093935,2.227589908749329,0.6172839506172839,0.30193236714975846,0.026838432635534086,1.3083735909822867,,,
164,7.897208803005904,6.998121309715513,32.709339774557165,8.420558239398819,13.09044551798175,7.1658615136876005,12.795222758990874,6.394256575415996,2.2410091250670963,0.6374127750939346,0.30193236714975846,0.026838432635534086,1.3217928073000538,,,
165,7.695920558239399,6.977992485238862,27.79790660225443,8.407139023081053,12.775093934514224,14.103596349973161,11.688137412775093,6.099033816425121,2.200751476113795,0.6575415995705851,0.30193236714975846,0.026838432635534086,1.2681159420289856,,,
166,7.682501341921632,6.944444444444445,27.72410091250671,8.460815888352121,12.74825550187869,14.083467525496511,11.641170155662909,6.166129898013956,2.24771873322598,0.6374127750939346,0.3488996242619431,0.026838432635534086,1.288244766505636,,,
167,7.709339774557166,6.877348362855609,27.49597423510467,8.695652173913043,12.781803542673108,14.06333870101986,11.594202898550725,6.146001073537305,2.3483628556092326,0.6374127750939346,0.3421900161030596,0.026838432635534086,1.2815351583467525,,,
168,7.836822329575953,6.8035426731078905,27.254428341384862,8.80300590445518,13.023349436392914,13.922436929683306,11.43317230273752,6.1862587224906065,2.462426194310252,0.6239935587761675,0.3421900161030596,0.026838432635534086,1.2815351583467525,,,
169,5.522007514761138,4.374664519592056,41.6532474503489,4.8443370907139025,14.855072463768115,12.070585077831455,8.68894256575416,4.656468062265164,2.059849704777241,0.33548040794417605,0.06709608158883522,,0.8722490606548577,,,
170,5.622651637144391,4.367954911433173,41.29092860976919,4.817498658078368,14.868491680085883,12.110842726784755,8.668813741277509,4.904723564143854,2.059849704777241,0.33548040794417605,0.06709608158883522,,0.8856682769726248,,,
171,5.790391841116479,4.28743961352657,41.00912506709608,4.978529253891573,14.734299516908212,12.037037037037036,8.608427267847558,5.139559849704777,2.059849704777241,0.36231884057971014,0.06709608158883522,,0.9259259259259259,,,
