,45,50,51,52,53,55,54,56,57,58,59
0,90.05636070853463,9.943639291465379,,,,,,,,,
1,85.53408480944712,14.465915190552872,,,,,,,,,
2,85.17176596886742,14.828234031132581,,,,,,,,,
3,85.17176596886742,14.828234031132581,,,,,,,,,
4,83.68223295759528,14.002952227589908,2.314814814814815,,,,,,,,
5,81.66935050993023,16.022544283413847,2.3081052066559313,,,,,,,,
6,80.42807300053677,17.2638217928073,2.3081052066559313,,,,,,,,
7,80.36097691894793,17.09608158883521,2.5429414922168547,,,,,,,,
8,76.37546967257113,21.081588835212024,2.5429414922168547,,,,,,,,
9,75.98631239935588,21.470746108427267,2.5429414922168547,,,,,,,,
10,74.46323134728932,22.993827160493826,2.5429414922168547,,,,,,,,
11,72.89989264626946,24.48336017176597,1.7847557702630166,0.7581857219538379,0.07380568974771873,,,,,,
12,67.50536768652711,30.059044551798173,1.6035963499731616,0.7581857219538379,0.07380568974771873,,,,,,
13,67.54562533548041,30.018786902844873,1.6035963499731616,0.7581857219538379,0.07380568974771873,,,,,,
14,66.95517981749866,30.609232420826622,1.6035963499731616,0.7581857219538379,0.07380568974771873,,,,,,
15,66.88808373590982,30.67632850241546,1.6035963499731616,0.7581857219538379,0.07380568974771873,,,,,,
16,65.64680622651638,31.99141170155663,1.6035963499731616,0.7581857219538379,,,,,,,
17,65.38513150831992,31.57541599570585,1.6035963499731616,0.7581857219538379,0.6776704240472357,,,,,,
18,62.92270531400966,34.0378421900161,1.6035963499731616,0.7581857219538379,0.6776704240472357,,,,,,
19,63.04347826086956,33.9170692431562,1.6035963499731616,0.7581857219538379,0.6776704240472357,,,,,,
20,63.10386473429951,33.85668276972625,1.6035963499731616,0.7581857219538379,0.6776704240472357,,,,,,
21,61.86929683306495,35.06441223832528,1.5163714439076759,0.7581857219538379,0.6776704240472357,0.11406333870101985,,,,,
22,55.9447128287708,40.98899624261943,1.5163714439076759,0.7581857219538379,0.6776704240472357,0.11406333870101985,,,,,
23,55.95142243692968,40.98228663446055,1.5163714439076759,0.7581857219538379,0.6776704240472357,0.11406333870101985,,,,,
24,55.97826086956522,40.86151368760064,1.5163714439076759,0.7581857219538379,0.6776704240472357,0.20799785292538917,,,,,
25,56.17954911433172,39.962426194310254,1.5163714439076759,0.7581857219538379,0.6776704240472357,0.9057971014492754,,,,,
26,56.15942028985507,39.55314009661836,1.5163714439076759,0.7581857219538379,0.6776704240472357,1.2412775093934514,0.0939345142243693,,,,
27,56.18625872249061,39.52630166398282,1.5163714439076759,0.7581857219538379,0.6776704240472357,1.2412775093934514,0.0939345142243693,,,,
28,56.23322597960279,39.378690284487384,1.5163714439076759,0.7581857219538379,0.6776704240472357,1.3419216317767042,0.0939345142243693,,,,
29,56.065485775630705,39.54643048845947,1.5163714439076759,0.7581857219538379,0.6776704240472357,1.3419216317767042,0.0939345142243693,,,,
30,56.005099302200755,39.42565754159957,1.5163714439076759,0.7581857219538379,0.6776704240472357,1.4090177133655395,0.20799785292538917,,,,
31,56.03193773483628,39.398819108964034,1.5163714439076759,0.7581857219538379,0.6776704240472357,1.4090177133655395,0.20799785292538917,,,,
32,56.09903381642512,39.35856146001073,1.5163714439076759,0.7581857219538379,0.6508319914117016,1.4090177133655395,0.20799785292538917,,,,
33,51.86527106816962,44.256575415995705,0.8319914117015567,0.7179280730005367,0.7179280730005367,1.3419216317767042,0.2683843263553409,,,,
34,51.86527106816962,44.256575415995705,0.8319914117015567,0.7179280730005367,0.7179280730005367,1.3419216317767042,0.2683843263553409,,,,
35,51.97933440687064,44.216317767042405,0.7581857219538379,0.7179280730005367,0.7179280730005367,1.3419216317767042,0.2683843263553409,,,,
36,52.21417069243156,44.02844873859367,0.7581857219538379,0.7179280730005367,0.6709608158883521,1.3419216317767042,0.2683843263553409,,,,
37,52.26784755770263,43.974771873322595,0.7581857219538379,0.7179280730005367,0.6709608158883521,1.3419216317767042,0.2683843263553409,,,,
38,51.328502415458935,44.72624798711755,0.6374127750939346,0.2214170692431562,0.6709608158883521,1.3419216317767042,1.0735373054213635,,,,
39,35.07112184648417,63.64734299516908,0.2683843263553409,,0.6038647342995169,0.24154589371980675,0.16774020397208803,,,,
40,34.99060654857756,50.26167471819646,12.030327428878154,,0.6038647342995169,1.8183038110574343,0.16774020397208803,0.06038647342995169,0.06709608158883522,,
41,34.306226516371446,40.063070316693505,5.501878690284487,18.10252281266774,0.2616747181964573,1.107085346215781,0.16774020397208803,0.05367686527106817,0.43612453032742887,,
42,32.10547504025765,40.92190016103059,5.394524959742351,19.370638754696724,0.2616747181964573,1.2144390767579174,0.16774020397208803,0.05367686527106817,0.5099302200751477,,
43,32.118894256575416,40.80783682232958,5.381105743424584,19.370638754696724,0.2616747181964573,1.328502415458937,0.16774020397208803,0.05367686527106817,0.5099302200751477,,
44,32.18599033816425,40.61996779388084,5.360976918947934,19.370638754696724,0.2616747181964573,1.4694041867954912,0.16774020397208803,0.05367686527106817,0.5099302200751477,,
45,32.21282877079979,40.61996779388084,5.360976918947934,19.343800322061192,0.2616747181964573,1.4694041867954912,0.16774020397208803,0.05367686527106817,0.5099302200751477,,
46,32.09205582393988,38.969404186795494,5.360976918947934,19.618894256575416,0.2616747181964573,1.3821792807300053,0.16774020397208803,0.05367686527106817,2.0933977455716586,,
47,32.024959742351044,38.89559849704777,5.360976918947934,18.136070853462158,0.2616747181964573,1.3821792807300053,2.120236178207193,0.05367686527106817,1.7646269457863661,,
48,32.07192699946323,38.88217928073001,5.360976918947934,18.136070853462158,0.2616747181964573,1.3821792807300053,2.120236178207193,0.05367686527106817,1.7310789049919484,,
49,32.118894256575416,38.83521202361782,5.360976918947934,18.136070853462158,0.2616747181964573,1.3821792807300053,2.120236178207193,0.05367686527106817,1.7310789049919484,,
50,32.21282877079979,38.79495437466452,5.360976918947934,18.015297906602253,0.2616747181964573,1.9793344068706387,1.6237251744498122,0.05367686527106817,1.6975308641975309,,
51,30.58239398819109,40.45893719806763,5.360976918947934,17.8743961352657,0.2616747181964573,1.9793344068706387,1.6237251744498122,0.05367686527106817,1.8048845947396672,,
52,30.629361245303276,40.425389157273216,5.347557702630167,17.8743961352657,0.2616747181964573,1.9793344068706387,1.6237251744498122,0.1610305958132045,1.6975308641975309,,
53,30.66290928609769,40.27106816961889,5.267042404723564,17.8743961352657,0.2616747181964573,2.100107353730542,1.6237251744498122,0.24154589371980675,1.6975308641975309,,
54,30.575684380032207,40.3918411164788,5.267042404723564,17.840848094471284,0.2616747181964573,2.100107353730542,1.6237251744498122,0.24154589371980675,1.6975308641975309,,
55,30.797101449275363,40.351583467525494,5.24020397208803,17.64626945786366,0.2616747181964573,2.1403650026838434,1.6237251744498122,0.24154589371980675,1.6975308641975309,,
56,30.897745571658614,40.264358561460014,5.24020397208803,17.632850241545892,0.2616747181964573,2.1403650026838434,1.6237251744498122,0.24154589371980675,1.6975308641975309,,
57,30.656199677938808,36.93639291465379,6.541867954911433,17.60601180891036,0.2616747181964573,4.435050993022007,1.5432098765432098,0.3488996242619431,1.6706924315619969,,
58,30.877616747181964,36.74852388620504,6.541867954911433,17.24369296833065,0.2616747181964573,4.42163177670424,1.5432098765432098,0.4294149221685454,1.932367149758454,,
59,30.9849704777241,36.70155662909286,6.541867954911433,17.21014492753623,0.2616747181964573,4.42163177670424,1.5432098765432098,0.4294149221685454,1.90552871712292,,
60,30.9849704777241,36.71497584541063,6.541867954911433,17.196725711218466,0.2616747181964573,4.42163177670424,1.5432098765432098,0.4294149221685454,1.90552871712292,,
61,31.112453032742888,36.58749329039184,6.468062265163715,17.28395061728395,0.2616747181964573,4.408212560386473,1.5432098765432098,0.4294149221685454,1.90552871712292,,
62,31.13929146537842,36.58749329039184,5.736714975845411,17.24369296833065,0.2616747181964573,5.233494363929147,1.5432098765432098,0.3488996242619431,1.90552871712292,,
63,29.522275899087493,27.77777777777778,18.00858829844337,16.183574879227052,0.2616747181964573,4.448470209339774,1.5432098765432098,0.3488996242619431,1.90552871712292,,
64,29.53569511540526,27.77777777777778,18.00858829844337,16.183574879227052,0.2616747181964573,4.435050993022007,1.5432098765432098,0.3488996242619431,1.90552871712292,,
65,29.622920021470748,27.717391304347824,17.98845947396672,16.069511540526033,0.2616747181964573,4.428341384863124,1.5432098765432098,0.3488996242619431,2.01959205582394,,
66,29.830917874396135,27.395330112721417,17.975040257648953,16.069511540526033,0.2616747181964573,4.555823939881911,1.5432098765432098,0.3488996242619431,2.01959205582394,,
67,30.059044551798173,27.254428341384862,17.914653784219002,15.94873859366613,0.2616747181964573,4.555823939881911,1.5432098765432098,0.3488996242619431,2.1135265700483092,,
68,30.226784755770264,27.13365539452496,17.767042404723565,15.92860976918948,0.2616747181964573,4.555823939881911,1.5365002683843263,0.47638217928073,2.1135265700483092,,
69,30.461621041331185,27.106816961889425,17.726784755770264,15.901771336553946,0.2616747181964573,4.542404723564144,1.5365002683843263,0.47638217928073,1.9860440150295222,,
70,30.629361245303276,27.053140096618357,17.693236714975846,15.848094471282877,0.2616747181964573,4.51556629092861,1.5365002683843263,0.47638217928073,1.9860440150295222,,
71,30.656199677938808,27.053140096618357,17.67981749865808,15.693773483628556,0.2616747181964573,4.51556629092861,1.5365002683843263,0.47638217928073,2.1269457863660763,,
72,30.730005367686527,27.01959205582394,17.612721417069242,15.747450348899624,0.2616747181964573,4.488727858293076,1.5365002683843263,0.47638217928073,2.1269457863660763,,
73,30.71658615136876,26.94578636607622,17.05582393988191,15.747450348899624,0.2616747181964573,4.49543746645196,1.5365002683843263,1.1137949543746646,2.1269457863660763,,
74,30.770263016639827,26.918947933440688,17.05582393988191,15.747450348899624,0.2616747181964573,4.468599033816425,1.5365002683843263,1.1137949543746646,2.1269457863660763,,
75,30.864197530864196,26.90552871712292,17.05582393988191,15.707192699946322,0.2616747181964573,4.428341384863124,1.5365002683843263,1.1137949543746646,2.1269457863660763,,
76,27.106816961889425,32.85024154589372,16.63311862587225,13.231347289318304,0.18115942028985507,4.428341384863124,2.281266774020397,1.1137949543746646,2.1739130434782608,,
77,27.22758990874933,32.79656468062265,16.63311862587225,13.211218464841654,0.18115942028985507,4.428341384863124,2.24771873322598,1.1137949543746646,2.1604938271604937,,
78,26.617015566290927,33.55475040257649,16.63311862587225,13.063607085346217,0.18115942028985507,4.428341384863124,2.24771873322598,1.1137949543746646,2.1604938271604937,,
79,26.7512077294686,33.44739667203435,16.55931293612453,13.023349436392914,0.18115942028985507,4.542404723564144,2.24771873322598,1.0869565217391304,2.1604938271604937,,
80,26.8317230273752,32.41411701556629,16.61969940955448,13.023349436392914,0.18115942028985507,5.434782608695652,2.24771873322598,1.0869565217391304,2.1604938271604937,,
81,26.77133655394525,32.400697799248526,16.72705314009662,12.989801395598498,0.18115942028985507,5.293880837359098,2.3886205045625335,1.0869565217391304,2.1604938271604937,,
82,25.6105743424584,29.361245303274288,23.161567364465917,11.017176596886742,0.18115942028985507,5.072463768115942,2.3886205045625335,1.1137949543746646,2.0933977455716586,,
83,25.677670424047236,29.32769726247987,23.15485775630703,10.990338164251208,0.18115942028985507,5.072463768115942,2.3886205045625335,1.1137949543746646,2.0933977455716586,,
84,25.87224906065486,29.280730005367687,23.09447128287708,10.923242082662373,0.18115942028985507,5.052334943639291,2.3886205045625335,1.1137949543746646,2.0933977455716586,,
85,25.79844337090714,27.34165324745035,20.35024154589372,16.99543746645196,0.18115942028985507,4.978529253891573,1.482823403113258,1.1137949543746646,1.7579173376274826,,
86,25.355609232420825,25.43612453032743,19.685990338164252,14.016371443907676,7.454374664519592,4.978529253891573,1.482823403113258,0.9259259259259259,0.6642512077294686,,
87,25.449543746645197,25.36231884057971,19.685990338164252,14.016371443907676,7.440955448201825,4.9718196457326895,1.482823403113258,0.9259259259259259,0.6642512077294686,,
88,25.5703166935051,25.288513150831992,19.652442297369834,13.996242619431026,7.380568974771873,5.038915727321524,1.482823403113258,0.9259259259259259,0.6642512077294686,,
89,25.281803542673106,23.939881910896403,21.309715512614062,13.90901771336554,7.380568974771873,4.951690821256038,1.6371443907675791,0.9259259259259259,0.6642512077294686,,
90,25.355609232420825,23.91304347826087,21.289586688137412,13.90901771336554,7.367149758454106,4.951690821256038,1.6371443907675791,0.9125067096081588,0.6642512077294686,,
91,24.48336017176597,22.73886205045625,20.679012345679013,15.552871712292003,6.179549114331723,7.159151905528717,1.6371443907675791,0.9057971014492754,0.6642512077294686,,
92,23.8191089640365,22.289318303811058,21.833064949006978,15.552871712292003,6.146001073537305,7.152442297369833,1.6371443907675791,0.9057971014492754,0.6642512077294686,,
93,23.93317230273752,22.282608695652176,21.812936124530328,15.465646806226516,6.146001073537305,7.152442297369833,1.6371443907675791,0.9057971014492754,0.6642512077294686,,
94,23.60440150295223,21.89345142243693,22.530864197530864,15.465646806226516,6.146001073537305,7.152442297369833,1.6371443907675791,0.9057971014492754,0.6642512077294686,,
95,23.70504562533548,21.89345142243693,22.490606548577563,15.405260332796564,6.146001073537305,7.152442297369833,1.6371443907675791,0.9057971014492754,0.6642512077294686,,
96,23.329307568438004,22.007514761137948,22.470477724100913,18.94122383252818,3.629898013955985,7.139023081052066,1.442565754159957,0.9057971014492754,0.13419216317767044,,
97,23.2085346215781,21.336553945249598,23.275630703166936,18.94122383252818,3.616478797638218,7.139023081052066,1.442565754159957,0.9057971014492754,0.13419216317767044,,
98,23.295759527643586,21.289586688137412,22.450348899624263,18.94122383252818,3.603059581320451,6.9310252281266775,2.3617820719269993,0.9930220075147611,0.13419216317767044,,
99,23.369565217391305,21.289586688137412,22.416800858829845,18.90096618357488,3.603059581320451,6.9310252281266775,2.3617820719269993,0.9930220075147611,0.13419216317767044,,
100,23.49033816425121,21.26945786366076,22.416800858829845,18.706387546967257,3.603059581320451,6.9310252281266775,2.3617820719269993,0.9930220075147611,0.2281266774020397,,
101,23.55072463768116,20.967525496511005,22.396672034353195,18.438003220611915,3.603059581320451,7.192699946323135,2.3617820719269993,0.9930220075147611,0.49651100375738055,,
102,23.70504562533548,20.967525496511005,22.342995169082126,18.297101449275363,3.603059581320451,7.179280730005368,2.3617820719269993,1.0466988727858293,0.49651100375738055,,
103,23.678207192699947,20.90713902308105,22.322866344605476,18.095813204508858,3.717122920021471,7.179280730005368,2.3617820719269993,1.0466988727858293,0.6910896403650026,,
104,24.000268384326354,20.860171765968868,22.17525496511004,17.98174986580784,3.7037037037037037,7.179280730005368,2.3617820719269993,1.0466988727858293,0.6910896403650026,,
105,24.16129898013956,20.759527643585614,22.168545356951153,17.94820182501342,3.7037037037037037,7.159151905528717,2.3617820719269993,1.0466988727858293,0.6910896403650026,,
106,24.46323134728932,20.638754696725712,21.85319377348363,17.94820182501342,3.569511540526033,7.440955448201825,2.3483628556092326,1.0466988727858293,0.6910896403650026,,
107,24.516908212560388,20.585077831454644,21.826355340848096,17.94820182501342,3.569511540526033,7.353730542136339,2.5161030595813205,0.9930220075147611,0.6910896403650026,,
108,24.718196457326894,20.558239398819108,21.812936124530328,17.76033279656468,3.5426731078904994,7.320182501341922,2.5161030595813205,0.9930220075147611,0.7783145464304885,,
109,24.792002147074612,20.52469135802469,21.692163177670423,17.753623188405797,3.5426731078904994,7.320182501341922,2.5161030595813205,1.0802469135802468,0.7783145464304885,,
110,24.879227053140095,20.531400966183575,21.638486312399355,17.726784755770264,3.5426731078904994,7.306763285024155,2.5161030595813205,1.0802469135802468,0.7783145464304885,,
111,25.15432098765432,20.477724100912507,21.618357487922705,17.652979066022546,3.502415458937198,7.226247987117552,2.5161030595813205,1.0802469135802468,0.7716049382716049,,
112,25.221417069243156,20.43075684380032,21.443907675791735,17.652979066022546,3.502415458937198,7.380568974771873,2.5161030595813205,1.0802469135802468,0.7716049382716049,,
113,25.355609232420825,20.43075684380032,21.43719806763285,17.60601180891036,3.4688674181427803,7.353730542136339,2.5161030595813205,1.0601180891035964,0.7716049382716049,,
114,25.389157273215243,20.43075684380032,21.430488459473967,17.579173376274827,3.4688674181427803,7.353730542136339,2.5161030595813205,1.0601180891035964,0.7716049382716049,,
115,25.34219001610306,20.40391841116479,21.40365002683843,18.511808910359633,2.636876006441224,7.353730542136339,2.5161030595813205,1.0601180891035964,0.7716049382716049,,
116,24.3894256575416,19.732957595276435,23.10789049919485,18.511808910359633,2.7106816961889426,7.2933440687063875,2.5161030595813205,0.9728931830381106,0.7648953301127214,,
117,24.63768115942029,19.652442297369834,22.933440687063875,18.35077831454643,2.7106816961889426,7.347020933977456,2.5161030595813205,0.9728931830381106,0.8789586688137413,,
118,24.698067632850243,19.652442297369834,22.82608695652174,18.317230273752013,2.7106816961889426,7.347020933977456,2.5161030595813205,1.0534084809447128,0.8789586688137413,,
119,24.805421363392377,19.652442297369834,22.81266774020397,18.223295759527645,2.7106816961889426,7.347020933977456,2.5161030595813205,1.0534084809447128,0.8789586688137413,,
120,24.859098228663445,19.6256038647343,22.799248523886206,18.223295759527645,2.7106816961889426,7.333601717659689,2.5161030595813205,1.0534084809447128,0.8789586688137413,,
121,25.087224906065487,19.53166935050993,22.65834675254965,18.209876543209877,2.7979066022544283,7.300053676865271,2.4825550187869028,1.0534084809447128,0.8789586688137413,,
122,24.550456253354803,19.43773483628556,22.65834675254965,18.927804616210413,2.7979066022544283,7.300053676865271,2.442297369833602,1.0064412238325282,0.8789586688137413,,
123,24.778582930756844,19.343800322061192,22.52415458937198,18.86070853462158,2.6637144390767578,7.4208266237251745,2.442297369833602,1.0064412238325282,0.8789586688137413,0.08051529790660225,
124,25.033548040794418,19.223027375201287,22.396672034353195,18.773483628556093,2.6637144390767578,7.541599570585078,2.4020397208803006,1.0064412238325282,0.8789586688137413,0.08051529790660225,
125,24.510198604401502,19.082125603864736,23.081052066559312,18.760064412238325,2.6637144390767578,7.5348899624261945,2.4020397208803006,1.0064412238325282,0.8789586688137413,0.08051529790660225,
126,24.496779388083738,18.753354804079443,23.081052066559312,18.760064412238325,2.6637144390767578,7.877079978529254,2.4020397208803006,1.0064412238325282,0.8789586688137413,0.08051529790660225,
127,24.724906065485776,18.69296833064949,22.906602254428343,18.65271068169619,2.623456790123457,7.863660762211487,2.3886205045625335,1.1137949543746646,0.8655394524959742,0.08051529790660225,0.08722490606548577
128,24.785292538915726,18.67283950617284,22.86634460547504,18.65271068169619,2.623456790123457,7.863660762211487,2.3886205045625335,1.1137949543746646,0.8655394524959742,0.08051529790660225,0.08722490606548577
129,24.872517444981213,18.61916264090177,22.859634997316157,18.51851851851852,2.623456790123457,7.971014492753623,2.3886205045625335,1.1137949543746646,0.8655394524959742,0.08051529790660225,0.08722490606548577
130,24.97987117552335,18.605743424584006,22.96027911969941,18.323939881910896,2.5966183574879227,8.293075684380032,2.2342995169082127,1.1137949543746646,0.7246376811594203,0.08051529790660225,0.08722490606548577
131,25.107353730542137,18.552066559312937,22.940150295222757,18.17632850241546,2.5966183574879227,8.293075684380032,2.1940418679549114,1.247987117552335,0.7246376811594203,0.08051529790660225,0.08722490606548577
132,24.973161567364468,18.23671497584541,22.940150295222757,17.901234567901234,3.280998389694042,8.21256038647343,2.1806226516371443,1.3821792807300053,0.7246376811594203,0.08051529790660225,0.08722490606548577
133,24.966451959205582,18.19645732689211,22.987117552334944,17.901234567901234,3.280998389694042,8.21256038647343,2.1806226516371443,1.3821792807300053,0.7246376811594203,0.08051529790660225,0.08722490606548577
134,25.013419216317768,18.149490069779926,22.940150295222757,17.901234567901234,3.2474503488996245,8.172302737520129,2.301395598497048,1.3821792807300053,0.7246376811594203,0.08051529790660225,0.08722490606548577
135,24.67793880837359,18.572195383789587,22.886473429951693,17.867686527106816,3.140096618357488,8.279656468062266,2.301395598497048,1.3821792807300053,0.7246376811594203,0.08051529790660225,0.08722490606548577
136,24.698067632850243,18.572195383789587,22.886473429951693,17.867686527106816,3.140096618357488,8.259527643585615,2.301395598497048,1.3821792807300053,0.7246376811594203,0.08051529790660225,0.08722490606548577
137,24.698067632850243,18.54535695115405,22.933440687063875,17.867686527106816,3.140096618357488,8.239398819108963,2.301395598497048,1.3821792807300053,0.7246376811594203,0.08051529790660225,0.08722490606548577
138,24.812130971551262,18.53864734299517,22.893183038110575,17.807300053676865,3.140096618357488,8.239398819108963,2.301395598497048,1.3821792807300053,0.7179280730005367,0.08051529790660225,0.08722490606548577
139,20.544820182501343,23.765432098765434,22.363123993558776,17.793880837359097,2.6637144390767578,8.32662372517445,2.2745571658615136,1.3821792807300053,0.7179280730005367,0.08051529790660225,0.08722490606548577
140,20.578368223295758,23.738593666129898,22.27589908749329,17.76033279656468,2.6637144390767578,8.32662372517445,2.2745571658615136,1.4962426194310252,0.7179280730005367,0.08051529790660225,0.08722490606548577
141,20.67230273752013,23.79898013955985,22.208803005904453,17.70665593129361,2.6435856146001075,8.313204508856682,2.2745571658615136,1.4962426194310252,0.7179280730005367,0.08051529790660225,0.08722490606548577
142,19.048577563070317,16.740472356414386,30.9044551798175,17.70665593129361,2.6435856146001075,8.313204508856682,2.2208803005904456,1.4962426194310252,0.7581857219538379,0.08051529790660225,0.08722490606548577
143,16.35131508319914,19.612184648416534,30.864197530864196,17.47181964573269,2.6435856146001075,8.192431561996779,2.214170692431562,1.4962426194310252,0.9863123993558777,0.08051529790660225,0.08722490606548577
144,16.639828234031132,19.612184648416534,30.636070853462158,17.458400429414922,2.6167471819645733,8.192431561996779,2.214170692431562,1.4962426194310252,0.966183574879227,0.08051529790660225,0.08722490606548577
145,16.760601180891037,19.612184648416534,28.650026838432634,17.458400429414922,4.502147074610843,8.172302737520129,2.214170692431562,1.4962426194310252,0.966183574879227,0.08051529790660225,0.08722490606548577
146,16.888083735909824,19.47799248523886,28.650026838432634,17.424852388620504,4.502147074610843,8.105206655931294,2.214170692431562,1.4962426194310252,0.966183574879227,0.1878690284487386,0.08722490606548577
147,16.928341384863124,19.370638754696724,28.61647879763822,17.424852388620504,4.609500805152979,8.105206655931294,2.2074610842726785,1.4962426194310252,0.966183574879227,0.1878690284487386,0.08722490606548577
148,16.982018250134193,19.048577563070317,28.576221148684915,17.800590445517983,4.602791196994096,8.011272141706923,2.3081052066559313,1.4962426194310252,0.8990874932903918,0.1878690284487386,0.08722490606548577
149,17.022275899087493,19.02173913043478,28.576221148684915,17.753623188405797,4.602791196994096,8.011272141706923,2.2879763821792807,1.4962426194310252,0.95276435856146,0.1878690284487386,0.08722490606548577
150,17.05582393988191,19.02173913043478,28.56280193236715,17.74020397208803,4.5960815888352125,8.011272141706923,2.2879763821792807,1.4962426194310252,0.95276435856146,0.1878690284487386,0.08722490606548577
151,16.935050993022006,18.988191089640367,27.180622651637144,19.35721953837896,4.5960815888352125,7.930756843800322,2.2879763821792807,1.4962426194310252,0.95276435856146,0.1878690284487386,0.08722490606548577
152,17.042404723564143,18.9747718733226,27.120236178207193,19.32367149758454,4.5960815888352125,7.930756843800322,2.2879763821792807,1.4962426194310252,0.95276435856146,0.1878690284487386,0.08722490606548577
153,17.163177670424048,18.914385399892645,27.093397745571657,19.290123456790123,4.5960815888352125,7.930756843800322,2.2879763821792807,1.4962426194310252,0.95276435856146,0.1878690284487386,0.08722490606548577
154,17.19001610305958,18.887546967257112,26.670692431561996,19.236446591519055,5.407944176060118,7.64224369296833,2.2879763821792807,1.482823403113258,0.9192163177670424,0.1878690284487386,0.08722490606548577
155,17.223564143854,18.887546967257112,26.670692431561996,19.209608158883523,5.407944176060118,7.64224369296833,2.2879763821792807,1.4761137949543746,0.9192163177670424,0.1878690284487386,0.08722490606548577
156,17.143048845947398,17.961621041331185,27.737520128824478,19.155931293612454,5.401234567901234,7.64224369296833,2.2879763821792807,1.4761137949543746,0.9192163177670424,0.1878690284487386,0.08722490606548577
157,17.324208266237253,17.92807300053677,27.811325818572197,19.008319914117017,5.374396135265701,7.595276435856146,2.2879763821792807,1.4761137949543746,0.9192163177670424,0.1878690284487386,0.08722490606548577
158,17.424852388620504,17.921363392377884,27.74422973698336,18.968062265163713,5.374396135265701,7.595276435856146,2.301395598497048,1.4761137949543746,0.9192163177670424,0.1878690284487386,0.08722490606548577
159,17.51207729468599,17.894524959742352,27.690552871712292,18.907675791733762,5.374396135265701,7.615405260332796,2.26784755770263,1.5432098765432098,0.9192163177670424,0.1878690284487386,0.08722490606548577
160,17.60601180891036,17.847557702630166,27.677133655394524,18.907675791733762,5.407944176060118,7.581857219538379,2.2342995169082127,1.5432098765432098,0.9192163177670424,0.1878690284487386,0.08722490606548577
161,17.72007514761138,17.780461621041333,27.536231884057973,18.907675791733762,5.448201825013419,7.568438003220612,2.301395598497048,1.5432098765432098,0.9192163177670424,0.1878690284487386,0.08722490606548577
162,17.64626945786366,17.76033279656468,27.086688137412775,18.867418142780462,5.448201825013419,7.568438003220612,2.301395598497048,2.1269457863660763,0.9192163177670424,0.1878690284487386,0.08722490606548577
163,17.726784755770264,17.64626945786366,26.78475577026302,18.833870101986044,5.434782608695652,7.957595276435856,2.301395598497048,2.120236178207193,0.9192163177670424,0.1878690284487386,0.08722490606548577
164,17.847557702630166,17.54562533548041,26.549919484702095,18.833870101986044,5.401234567901234,7.950885668276973,2.442297369833602,2.2342995169082127,0.9192163177670424,0.1878690284487386,0.08722490606548577
165,17.860976918947934,17.505367686527105,26.603596349973163,18.813741277509394,5.401234567901234,7.944176060118089,2.442297369833602,2.2342995169082127,0.9192163177670424,0.1878690284487386,0.08722490606548577
166,17.921363392377884,17.505367686527105,26.54320987654321,18.813741277509394,5.401234567901234,7.944176060118089,2.442297369833602,2.2342995169082127,0.9192163177670424,0.1878690284487386,0.08722490606548577
167,17.85426731078905,17.465110037573805,26.39559849704777,18.813741277509394,5.9447128287707995,7.6623725174449815,2.442297369833602,2.227589908749329,0.9192163177670424,0.1878690284487386,0.08722490606548577
168,18.04884594739667,17.444981213097154,26.36876006441224,18.706387546967257,5.9447128287707995,7.635534084809447,2.428878153515835,2.227589908749329,0.9192163177670424,0.1878690284487386,0.08722490606548577
169,18.04884594739667,17.444981213097154,25.37573805689748,19.732957595276435,5.911164787976382,7.635534084809447,2.428878153515835,2.227589908749329,0.9192163177670424,0.1878690284487386,0.08722490606548577
170,18.263553408480945,17.444981213097154,25.181159420289855,19.732957595276435,5.911164787976382,7.615405260332796,2.428878153515835,2.227589908749329,0.9192163177670424,0.1878690284487386,0.08722490606548577
171,18.35077831454643,17.438271604938272,25.13419216317767,19.726247987117553,5.911164787976382,7.615405260332796,2.4020397208803006,2.227589908749329,0.9192163177670424,0.1878690284487386,0.08722490606548577
172,18.35077831454643,17.364465915190554,24.825550187869027,19.202898550724637,5.891035963499732,7.917337627482555,2.4020397208803006,2.8515834675254963,0.9192163177670424,0.1878690284487386,0.08722490606548577
173,18.471551261406333,17.330917874396135,24.825550187869027,19.162640901771336,5.870907139023081,7.890499194847021,2.4020397208803006,2.8515834675254963,0.9192163177670424,0.1878690284487386,0.08722490606548577
174,18.706387546967257,17.324208266237253,24.704777241009126,19.122383252818036,5.83064949006978,7.890499194847021,2.3752012882447664,2.8515834675254963,0.9192163177670424,0.1878690284487386,0.08722490606548577
175,18.753354804079443,17.324208266237253,24.671229200214707,19.122383252818036,5.83064949006978,7.877079978529254,2.3752012882447664,2.8515834675254963,0.9192163177670424,0.1878690284487386,0.08722490606548577
176,18.250134192163177,17.022275899087493,26.133923778851315,18.391035963499732,5.83064949006978,7.883789586688137,2.3752012882447664,2.918679549114332,0.9192163177670424,0.1878690284487386,0.08722490606548577
177,18.337359098228664,16.888083735909824,26.127214170692433,18.337359098228664,5.83064949006978,7.977724100912507,2.254428341384863,2.918679549114332,0.9192163177670424,0.322061191626409,0.08722490606548577
178,18.411164787976382,16.814278046162105,26.01315083199141,18.337359098228664,5.83064949006978,7.977724100912507,2.254428341384863,3.0327428878153517,0.9192163177670424,0.322061191626409,0.08722490606548577
179,18.370907139023082,16.794149221685455,25.979602791196996,18.136070853462158,5.83064949006978,7.957595276435856,2.254428341384863,3.361513687600644,0.9057971014492754,0.322061191626409,0.08722490606548577
180,18.35077831454643,16.74718196457327,25.97289318303811,18.136070853462158,5.790391841116479,7.950885668276973,2.3752012882447664,3.361513687600644,0.9057971014492754,0.322061191626409,0.08722490606548577
181,18.47826086956522,16.6935050993022,25.83870101986044,18.129361245303276,5.790391841116479,7.950885668276973,2.3752012882447664,3.4286097691894795,0.9057971014492754,0.322061191626409,0.08722490606548577
182,18.59903381642512,16.659957058507782,25.81857219538379,17.94820182501342,5.776972624798712,7.950885668276973,2.3752012882447664,3.556092324208266,0.9057971014492754,0.322061191626409,0.08722490606548577
183,18.54535695115405,16.78743961352657,25.77831454643049,17.92807300053677,5.763553408480945,7.950885668276973,2.3752012882447664,3.556092324208266,0.9057971014492754,0.322061191626409,0.08722490606548577
184,18.364197530864196,16.035963499731615,25.261674718196456,17.887815351583466,7.561728395061729,7.7361782071927,2.3550724637681157,3.4822866344605474,0.9057971014492754,0.322061191626409,0.08722490606548577
185,18.42458400429415,16.035963499731615,25.11406333870102,17.74020397208803,7.548309178743962,7.7361782071927,2.3550724637681157,3.730542136339238,0.9057971014492754,0.322061191626409,0.08722490606548577
186,18.686258722490606,15.868223295759528,25.0402576489533,17.74020397208803,7.5281803542673105,7.7361782071927,2.3550724637681157,3.730542136339238,0.9057971014492754,0.322061191626409,0.08722490606548577
187,18.82716049382716,15.814546430488459,25.02012882447665,17.673107890499196,7.5281803542673105,7.7361782071927,2.3550724637681157,3.730542136339238,0.9057971014492754,0.322061191626409,0.08722490606548577
188,18.88083735909823,15.801127214170693,25.02012882447665,17.632850241545892,7.5281803542673105,7.7361782071927,2.3550724637681157,3.730542136339238,0.9057971014492754,0.322061191626409,0.08722490606548577
189,19.00161030595813,15.767579173376275,24.9194847020934,17.66639828234031,7.514761137949543,7.729468599033816,2.3550724637681157,3.730542136339238,0.9057971014492754,0.322061191626409,0.08722490606548577
190,19.14922168545357,15.754159957058508,24.805421363392377,17.66639828234031,7.514761137949543,7.729468599033816,2.3483628556092326,3.717122920021471,0.9057971014492754,0.322061191626409,0.08722490606548577
191,19.343800322061192,15.68035426731079,24.751744498121308,17.619431025228128,7.514761137949543,7.709339774557166,2.3483628556092326,3.717122920021471,0.9057971014492754,0.322061191626409,0.08722490606548577
192,19.404186795491142,15.68035426731079,24.698067632850243,17.612721417069242,7.514761137949543,7.709339774557166,2.3483628556092326,3.717122920021471,0.9057971014492754,0.322061191626409,0.08722490606548577
193,19.53166935050993,15.68035426731079,24.651100375738057,17.57246376811594,7.481213097155126,7.702630166398282,2.3483628556092326,3.717122920021471,0.9057971014492754,0.322061191626409,0.08722490606548577
194,19.692699946323135,15.673644659151906,24.60413311862587,17.310789049919485,7.360440150295223,7.702630166398282,2.623456790123457,3.717122920021471,0.9057971014492754,0.322061191626409,0.08722490606548577
195,19.746376811594203,15.666935050993022,24.570585077831456,17.310789049919485,7.360440150295223,7.702630166398282,2.61003757380569,3.717122920021471,0.9057971014492754,0.322061191626409,0.08722490606548577
196,19.840311325818572,15.60654857756307,24.308910359634996,18.364197530864196,6.702898550724638,7.702630166398282,2.442297369833602,3.717122920021471,0.9057971014492754,0.322061191626409,0.08722490606548577
197,19.981213097155127,15.559581320450885,24.174718196457327,18.323939881910896,6.6827697262479875,7.702630166398282,2.563070316693505,3.69699409554482,0.9057971014492754,0.322061191626409,0.08722490606548577
198,20.115405260332796,15.559581320450885,24.14787976382179,18.156199677938808,6.6827697262479875,7.695920558239399,2.563070316693505,3.784219001610306,0.8856682769726248,0.322061191626409,0.08722490606548577
199,19.773215244229736,15.539452495974235,24.10091250670961,17.70665593129361,7.588566827697263,7.695920558239399,2.6972624798711755,3.6366076221148687,0.8521202361782072,0.322061191626409,0.08722490606548577
200,19.940955448201827,15.411969940955448,24.10091250670961,17.68652710681696,7.561728395061729,7.695920558239399,2.7308105206655933,3.6097691894793345,0.8521202361782072,0.322061191626409,0.08722490606548577
201,20.02818035426731,15.411969940955448,24.074074074074073,17.67981749865808,7.561728395061729,7.682501341921632,2.7308105206655933,3.569511540526033,0.8521202361782072,0.322061191626409,0.08722490606548577
202,20.169082125603865,15.344873859366613,23.980139559849704,17.66639828234031,7.514761137949543,7.648953301127214,2.7106816961889426,3.7037037037037037,0.8521202361782072,0.322061191626409,0.08722490606548577
203,20.222758990874933,15.33816425120773,23.43666129898014,17.324208266237253,8.460815888352121,7.481213097155126,2.7106816961889426,3.6768652710681695,0.8521202361782072,0.4092860976918948,0.08722490606548577
204,19.706119162640903,15.33816425120773,23.295759527643586,16.19699409554482,10.628019323671497,7.447665056360709,2.5563607085346214,3.589640365002684,0.7447665056360708,0.4092860976918948,0.08722490606548577
205,19.83360171765969,15.33816425120773,23.1682769726248,16.27750939345142,10.628019323671497,7.353730542136339,2.442297369833602,3.717122920021471,0.7447665056360708,0.4092860976918948,0.08722490606548577
206,19.92753623188406,15.291196994095545,23.13472893183038,16.163446054750402,10.607890499194847,7.340311325818572,2.442297369833602,3.851315083199141,0.7447665056360708,0.4092860976918948,0.08722490606548577
207,20.182501341921633,15.271068169618895,23.027375201288244,16.14331723027375,10.527375201288244,7.333601717659689,2.442297369833602,3.8311862587224907,0.7447665056360708,0.4092860976918948,0.08722490606548577
208,20.068438003220614,15.271068169618895,22.79253891572732,16.14331723027375,10.50053676865271,7.071926999463232,3.079710144927536,3.8311862587224907,0.7447665056360708,0.4092860976918948,0.08722490606548577
209,20.095276435856146,15.271068169618895,22.69189479334407,16.13660762211487,10.50053676865271,7.071926999463232,3.079710144927536,3.911701556629093,0.7447665056360708,0.4092860976918948,0.08722490606548577
210,20.128824476650564,15.271068169618895,22.69189479334407,16.1231884057971,10.48040794417606,7.071926999463232,3.079710144927536,3.911701556629093,0.7447665056360708,0.4092860976918948,0.08722490606548577
211,20.316693505099302,15.271068169618895,22.604669887278583,16.10305958132045,10.413311862587225,7.058507783145465,3.079710144927536,3.911701556629093,0.7447665056360708,0.4092860976918948,0.08722490606548577
212,20.658883521202362,15.190552871712292,22.537573805689746,15.955448201825014,10.36634460547504,7.058507783145465,3.079710144927536,3.911701556629093,0.7447665056360708,0.4092860976918948,0.08722490606548577
213,20.759527643585614,15.096618357487923,22.537573805689746,15.955448201825014,10.332796564680622,7.051798174986581,3.079710144927536,3.911701556629093,0.7783145464304885,0.4092860976918948,0.08722490606548577
214,20.50456253354804,14.351851851851851,23.980139559849704,16.55931293612453,9.567901234567902,6.984702093397746,2.9052603327965647,3.8848631239935587,0.7783145464304885,0.4092860976918948,0.07380568974771873
215,20.618625872249062,14.304884594739667,23.93317230273752,16.55931293612453,9.460547504025765,6.977992485238862,2.9052603327965647,3.8714439076757916,0.8856682769726248,0.4092860976918948,0.07380568974771873
216,20.77294685990338,14.304884594739667,23.919753086419753,16.525764895330113,9.460547504025765,6.870638754696726,2.9052603327965647,3.8714439076757916,0.8856682769726248,0.4092860976918948,0.07380568974771873
217,20.833333333333332,14.304884594739667,23.919753086419753,16.505636070853463,9.460547504025765,6.857219538378959,2.9052603327965647,3.844605475040258,0.8856682769726248,0.4092860976918948,0.07380568974771873
218,20.88030059044552,14.11701556629093,23.295759527643586,17.418142780461622,9.440418679549115,6.790123456790123,2.844873859366613,3.844605475040258,0.8856682769726248,0.4092860976918948,0.07380568974771873
219,20.833333333333332,14.04320987654321,23.17498658078368,17.391304347826086,9.440418679549115,6.763285024154589,3.140096618357488,3.844605475040258,0.8856682769726248,0.4092860976918948,0.07380568974771873
220,20.987654320987655,14.04320987654321,23.14814814814815,17.297369833601717,9.426999463231347,6.763285024154589,3.140096618357488,3.824476650563607,0.8856682769726248,0.4092860976918948,0.07380568974771873
221,21.14868491680086,14.04320987654321,23.101180891035963,17.250402576489535,9.426999463231347,6.709608158883521,3.140096618357488,3.824476650563607,0.8856682769726248,0.39586688137412773,0.07380568974771873
222,21.195652173913043,14.04320987654321,23.060923242082662,17.250402576489535,9.426999463231347,6.709608158883521,3.1333870101986045,3.824476650563607,0.8856682769726248,0.39586688137412773,0.07380568974771873
223,21.30300590445518,14.036500268384327,22.920021470746107,17.250402576489535,9.373322597960279,6.662640901771336,3.1333870101986045,3.965378421900161,0.8856682769726248,0.39586688137412773,0.07380568974771873
224,21.35668276972625,14.036500268384327,22.920021470746107,17.250402576489535,9.339774557165862,6.642512077294686,3.1333870101986045,3.965378421900161,0.8856682769726248,0.39586688137412773,0.07380568974771873
