,45,50,55,52,51,54,60,53,56,57,59,58,61,62,63,64,65,66
0,75.2818035426731,24.691358024691358,0.026838432635534086,,,,,,,,,,,,,,,
1,75.0402576489533,24.932903918411164,0.026838432635534086,,,,,,,,,,,,,,,
2,69.51154052603329,30.367686527106816,0.12077294685990338,,,,,,,,,,,,,,,
3,66.87466451959206,32.80327428878154,0.12077294685990338,0.20128824476650564,,,,,,,,,,,,,,
4,60.668276972624795,38.89559849704777,0.23483628556092323,0.20128824476650564,,,,,,,,,,,,,,
5,59.68867418142781,34.614868491680085,0.20799785292538917,0.20128824476650564,5.287171229200215,,,,,,,,,,,,,
6,55.62265163714439,38.33199141170156,0.20799785292538917,0.20128824476650564,5.287171229200215,0.3488996242619431,,,,,,,,,,,,
7,53.10654857756307,40.83467525496511,0.2214170692431562,0.20128824476650564,5.287171229200215,0.3488996242619431,,,,,,,,,,,,
8,48.92646269457864,36.85587761674718,0.4294149221685454,0.0067096081588835215,13.43263553408481,0.322061191626409,0.026838432635534086,,,,,,,,,,,
9,48.83252818035427,36.822329575952764,0.5099302200751477,0.026838432635534086,13.43263553408481,0.3488996242619431,0.026838432635534086,,,,,,,,,,,
10,35.909822866344605,51.2211486849168,0.5837359098228664,0.026838432635534086,11.728395061728396,0.3488996242619431,0.026838432635534086,0.14761137949543746,0.0067096081588835215,,,,,,,,,
11,21.73913043478261,52.85829307568438,0.5904455179817498,2.965646806226516,21.20907139023081,0.2616747181964573,,0.2616747181964573,0.11406333870101985,,,,,,,,,
12,21.24932903918411,44.45115405260333,0.630703166935051,16.478797638217927,16.566022544283413,0.2616747181964573,,0.2616747181964573,0.10064412238325282,,,,,,,,,
13,21.021202361782073,44.08212560386473,0.644122383252818,17.733494363929147,15.801127214170693,0.2616747181964573,,0.2616747181964573,0.16774020397208803,0.026838432635534086,,,,,,,,
14,20.987654320987655,43.79361245303274,0.966183574879227,17.70665593129361,15.801127214170693,0.2616747181964573,,0.2616747181964573,0.16774020397208803,0.05367686527106817,,,,,,,,
15,17.290660225442835,47.67176596886742,0.9057971014492754,17.612721417069242,15.754159957058508,0.2616747181964573,,0.14090177133655393,0.2147074610842727,0.14761137949543746,,,,,,,,
16,17.022275899087493,47.745571658615134,1.1272141706924315,17.57246376811594,15.707192699946322,0.2616747181964573,,0.14090177133655393,0.23483628556092323,0.1878690284487386,,,,,,,,
17,16.99543746645196,47.61137949543747,1.221148684916801,17.485238862050455,15.707192699946322,0.32877079978529256,,0.14090177133655393,0.23483628556092323,0.27509393451422437,,,,,,,,
18,16.928341384863124,47.58454106280193,1.3150831991411702,17.47181964573269,15.707192699946322,0.32877079978529256,,0.14090177133655393,0.23483628556092323,0.2885131508319914,,,,,,,,
19,16.760601180891037,47.36312399355877,1.3553408480944713,16.861245303274288,15.666935050993022,1.2681159420289856,,0.14090177133655393,0.2952227589908749,0.2885131508319914,,,,,,,,
20,16.72705314009662,47.00080515297907,1.5163714439076759,14.781266774020397,17.907944176060116,1.2681159420289856,,0.14090177133655393,0.36902844873859364,0.2885131508319914,,,,,,,,
21,16.686795491143318,43.927804616210416,1.6035963499731616,14.781266774020397,20.759527643585614,1.5432098765432098,,,0.4092860976918948,0.2885131508319914,,,,,,,,
22,16.686795491143318,43.907675791733766,1.6237251744498122,14.734299516908212,20.685721953837895,1.5432098765432098,,,0.4830917874396135,0.33548040794417605,,,,,,,,
23,16.59286097691895,37.11755233494364,1.6505636070853462,18.183038110574344,23.89291465378422,1.4090177133655395,,,0.7514761137949544,0.3757380568974772,0.026838432635534086,,,,,,,
24,7.62211486849168,65.5931293612453,0.95276435856146,10.46027911969941,10.68840579710145,4.448470209339774,,,0.04696725711218465,0.17444981213097155,0.013419216317767043,,,,,,,
25,6.488191089640365,45.04159957058508,0.5837359098228664,23.201825013419217,10.628019323671497,4.448470209339774,,9.353193773483628,0.04696725711218465,0.18115942028985507,0.013419216317767043,0.013419216317767043,,,,,,
26,6.454643048845948,34.86312399355877,0.5904455179817498,24.302200751476114,10.628019323671497,4.38137412775094,,18.203166935050994,0.04696725711218465,0.5032206119162641,0.013419216317767043,0.013419216317767043,,,,,,
27,6.454643048845948,33.97745571658615,0.5904455179817498,24.208266237251745,10.59447128287708,5.891035963499732,,17.478529253891573,0.08051529790660225,0.5971551261406334,0.10064412238325282,0.026838432635534086,,,,,,
28,6.427804616210413,33.8365539452496,0.7581857219538379,24.208266237251745,10.59447128287708,5.891035963499732,,17.47181964573269,0.08051529790660225,0.5971551261406334,0.10064412238325282,0.03354804079441761,,,,,,
29,6.3137412775093935,33.782877079978526,0.8990874932903918,24.18142780461621,10.520665593129362,5.911164787976382,,17.337627482555018,0.1878690284487386,0.5971551261406334,0.10064412238325282,0.16774020397208803,,,,,,
30,6.3070316693505095,33.16559312936125,4.193505099302201,25.469672571121848,10.513955984970478,5.911164787976382,,13.58695652173913,0.19457863660762212,0.5367686527106817,0.10064412238325282,0.020128824476650563,,,,,,
31,6.3070316693505095,33.071658615136876,4.320987654320987,25.275093934514224,10.48040794417606,5.897745571658615,,13.553408480944713,0.19457863660762212,0.7380568974771873,0.1274825550187869,0.03354804079441761,,,,,,
32,6.280193236714976,32.930756843800324,4.461889425657541,25.275093934514224,10.225442834138486,6.166129898013956,,13.553408480944713,0.20799785292538917,0.7380568974771873,0.1274825550187869,0.03354804079441761,,,,,,
33,6.280193236714976,32.6556629092861,4.669887278582931,25.10064412238325,10.21202361782072,6.233225979602791,,13.519860440150294,0.2214170692431562,0.9125067096081588,0.1274825550187869,0.06709608158883522,,,,,,
34,6.280193236714976,32.49463231347289,4.810789049919484,25.033548040794418,10.151637144390767,6.233225979602791,,13.39237788513151,0.28180354267310787,1.0601180891035964,0.1274825550187869,0.13419216317767044,,,,,,
35,6.280193236714976,32.43424584004294,4.85775630703167,25.0,10.151637144390767,6.233225979602791,,13.33870101986044,0.30193236714975846,1.0869565217391304,0.1274825550187869,0.1878690284487386,,,,,,
36,6.266774020397209,30.394524959742352,7.749597423510467,24.12104133118626,10.138217928073,6.206387546967257,0.040257648953301126,13.291733762748256,0.30193236714975846,1.0869565217391304,0.16774020397208803,0.23483628556092323,,,,,,
37,5.186527106816962,27.294685990338163,7.340311325818572,21.75925925925926,17.277241009125067,6.1862587224906065,0.040257648953301126,12.808641975308642,0.2281266774020397,0.9930220075147611,0.16774020397208803,0.7179280730005367,,,,,,
38,5.186527106816962,27.274557165861513,7.313472893183038,21.658615136876005,17.2638217928073,6.1862587224906065,0.07380568974771873,12.70799785292539,0.2616747181964573,1.093666129898014,0.16774020397208803,0.8118625872249061,,,,,,
39,5.186527106816962,27.079978529253893,6.011808910359635,23.2487922705314,17.236983360171767,6.1862587224906065,0.08722490606548577,12.553676865271068,0.2885131508319914,0.9863123993558777,0.16774020397208803,0.966183574879227,,,,,,
40,5.173107890499195,20.8467525496511,4.247181964573269,33.63526570048309,19.847020933977454,4.441760601180891,0.05367686527106817,9.782608695652174,0.3153515834675255,0.8722490606548577,0.13419216317767044,0.6508319914117016,,,,,,
41,5.173107890499195,20.283145464304884,6.5485775630703165,32.87707997852925,19.847020933977454,4.441760601180891,0.05367686527106817,8.769457863660762,0.3153515834675255,0.9192163177670424,0.13419216317767044,0.6374127750939346,,,,,,
42,5.173107890499195,20.242887815351583,6.4412238325281805,32.809983896940416,19.786634460547504,4.441760601180891,0.05367686527106817,8.769457863660762,0.3757380568974772,1.133923778851315,0.13419216317767044,0.6374127750939346,,,,,,
43,5.173107890499195,20.061728395061728,7.494632313472893,32.038378958668815,19.712828770799785,4.455179817498658,0.05367686527106817,8.722490606548577,0.4495437466451959,1.0332796564680622,0.14090177133655393,0.6642512077294686,,,,,,
44,5.173107890499195,20.02818035426731,7.5348899624261945,29.70343531937735,19.706119162640903,3.643317230273752,0.05367686527106817,11.708266237251744,0.4495437466451959,1.1406333870101986,0.1274825550187869,0.7313472893183038,,,,,,
45,4.736983360171766,19.202898550724637,7.555018786902845,29.64975845410628,21.296296296296298,3.3011272141706924,0.05367686527106817,11.460010735373054,0.4562533548040794,1.1808910359634996,0.1274825550187869,0.9796027911969941,,,,,,
46,4.736983360171766,15.271068169618895,7.212828770799785,24.966451959205582,30.320719269994633,3.280998389694042,0.05367686527106817,11.399624261943103,0.47638217928073,1.093666129898014,0.14761137949543746,1.0399892646269457,,,,,,
47,4.260601180891036,13.009930220075148,7.440955448201825,35.80246913580247,21.967257112184647,3.227321524422974,0.05367686527106817,11.292270531400966,0.5837359098228664,1.1473429951690821,0.14761137949543746,1.0399892646269457,0.026838432635534086,,,,,
48,4.200214707461084,11.171497584541063,4.180085882984434,38.59366612989801,20.652173913043477,2.9924852388620504,0.020128824476650563,15.519323671497585,0.43612453032742887,1.0869565217391304,0.1274825550187869,1.0198604401502953,,,,,,
49,3.938539989264627,8.165593129361245,3.4621578099838968,36.38620504562534,34.225711218464845,0.6910896403650026,0.020128824476650563,10.983628556092324,0.5367686527106817,0.9259259259259259,0.013419216317767043,0.6508319914117016,,,,,,
50,3.9318303811057436,8.165593129361245,3.4621578099838968,35.83601717659689,34.13848631239936,0.6910896403650026,0.020128824476650563,10.997047772410092,1.2748255501878691,0.8185721953837896,0.013419216317767043,0.6508319914117016,,,,,,
51,3.5426731078904994,8.051529790660226,3.4688674181427803,36.65458937198068,33.81642512077295,0.6776704240472357,0.020128824476650563,10.983628556092324,1.2748255501878691,0.8454106280193237,0.013419216317767043,0.6508319914117016,,,,,,
52,3.502415458937198,7.96430488459474,4.582662372517445,35.7085346215781,33.52791196994095,0.6776704240472357,0.020128824476650563,11.104401502952227,1.3620504562533549,0.8856682769726248,0.013419216317767043,0.6508319914117016,,,,,,
53,3.435319377348363,7.816693505099302,4.253891572732153,35.71524422973698,34.333064949006975,0.6776704240472357,0.10064412238325282,10.990338164251208,1.288244766505636,0.7447665056360708,0.013419216317767043,0.630703166935051,,,,,,
54,3.421900161030596,7.830112721417069,4.247181964573269,35.668276972624795,34.312936124530324,0.6776704240472357,0.10735373054213634,10.990338164251208,1.3016639828234031,0.7783145464304885,0.013419216317767043,0.6508319914117016,,,,,,
55,3.2474503488996245,7.729468599033816,4.247181964573269,40.43880837359098,31.635802469135804,0.5770263016639828,0.10735373054213634,9.212292002147075,1.3486312399355878,0.7716049382716049,0.04696725711218465,0.6374127750939346,,,,,,
56,3.2474503488996245,7.702630166398282,4.274020397208803,40.163714439076756,31.246645195920557,0.5770263016639828,0.10735373054213634,9.158615136876007,1.3687600644122384,1.4761137949543746,0.04696725711218465,0.630703166935051,,,,,,
57,3.2474503488996245,6.481481481481482,3.7640901771336552,36.70155662909286,38.93585614600107,0.6038647342995169,0.10735373054213634,7.380568974771873,1.0534084809447128,1.1607622114868492,0.04696725711218465,0.5166398282340311,,,,,,
58,3.2474503488996245,24.053945249597422,3.6097691894793345,31.99812130971551,28.65673644659152,0.6038647342995169,0.10735373054213634,5.676328502415459,0.95276435856146,0.8051529790660226,0.04696725711218465,0.24154589371980675,,,,,,
59,3.2474503488996245,23.852657004830917,3.4822866344605474,25.301932367149757,36.47342995169082,0.6038647342995169,0.026838432635534086,5.186527106816962,0.7246376811594203,0.8118625872249061,0.04696725711218465,0.24154589371980675,,,,,,
60,2.4825550187869028,19.545088566827697,3.435319377348363,25.107353730542137,36.24530327428878,0.6038647342995169,0.026838432635534086,10.507246376811594,0.95276435856146,0.8118625872249061,0.04696725711218465,0.23483628556092323,,,,,,
61,2.4825550187869028,19.524959742351047,4.166666666666667,24.590713902308106,36.00375738056898,0.6038647342995169,0.026838432635534086,10.473698336017177,0.9863123993558777,0.798443370907139,0.04696725711218465,0.2952227589908749,,,,,,
62,2.4825550187869028,19.51825013419216,4.17337627482555,24.12775093934514,35.628019323671495,0.6038647342995169,0.026838432635534086,10.473698336017177,1.7914653784219001,0.8319914117015567,0.04696725711218465,0.2952227589908749,,,,,,
63,2.3550724637681157,19.592055823939884,4.139828234031133,24.053945249597422,35.44015029522276,0.6038647342995169,0.026838432635534086,10.473698336017177,1.9122383252818036,1.0601180891035964,0.04696725711218465,0.2952227589908749,,,,,,
64,2.3483628556092326,19.444444444444443,3.7640901771336552,18.089103596349972,43.10252281266774,0.6038647342995169,0.0067096081588835215,9.77589908749329,1.9457863660762211,0.7447665056360708,0.04696725711218465,0.1274825550187869,,,,,,
65,2.3483628556092326,19.404186795491142,3.8043478260869565,18.00187869028449,43.03542673107891,0.6038647342995169,0.0067096081588835215,9.71551261406334,2.0128824476650564,0.8319914117015567,0.04696725711218465,0.1878690284487386,,,,,,
66,2.3483628556092326,19.390767579173378,3.8177670424047236,14.056629092860977,47.59125067096082,0.5904455179817498,0.0067096081588835215,9.695383789586689,1.442565754159957,0.8051529790660226,0.04696725711218465,0.20799785292538917,,,,,,
67,2.3483628556092326,19.370638754696724,3.824476650563607,14.04320987654321,47.457058507783145,0.6776704240472357,0.0067096081588835215,9.668545356951155,1.5499194847020934,0.8051529790660226,0.04696725711218465,0.20128824476650564,,,,,,
68,2.341653247450349,12.345679012345679,3.5628019323671496,12.775093934514224,57.60198604401503,0.6776704240472357,0.0067096081588835215,8.219269994632313,1.6371443907675791,0.7514761137949544,0.04696725711218465,0.03354804079441761,,,,,,
69,2.341653247450349,12.345679012345679,3.5628019323671496,12.681159420289855,49.3894256575416,0.6776704240472357,0.0067096081588835215,16.59957058507783,1.5365002683843263,0.7648953301127214,0.04696725711218465,0.04696725711218465,,,,,,
70,2.341653247450349,12.191358024691358,3.8043478260869565,12.681159420289855,49.22839506172839,0.6776704240472357,0.0067096081588835215,16.5727321524423,1.6371443907675791,0.7380568974771873,0.04696725711218465,0.07380568974771873,,,,,,
71,2.2879763821792807,12.245034889962426,3.7573805689747717,12.5,45.511272141706925,0.6776704240472357,0.0067096081588835215,20.44417606011809,1.6975308641975309,0.6910896403650026,0.06038647342995169,0.12077294685990338,,,,,,
72,0.7514761137949544,11.003757380568974,2.7979066022544283,17.538915727321523,45.35024154589372,0.6776704240472357,0.0067096081588835215,19.068706387546968,1.865271068169619,0.6910896403650026,0.0939345142243693,0.15432098765432098,,,,,,
73,0.7514761137949544,10.735373054213634,3.0864197530864197,17.28395061728395,45.33682232957595,0.6776704240472357,0.0067096081588835215,18.947933440687063,1.8585614600107354,0.9460547504025765,0.0939345142243693,0.27509393451422437,,,,,,
74,0.7514761137949544,8.923778851315083,3.2004830917874396,17.257112184648417,42.72678475577026,0.6776704240472357,0.0067096081588835215,18.9345142243693,6.152710681696189,0.9997316156736447,0.0939345142243693,0.27509393451422437,,,,,,
75,0.7514761137949544,8.923778851315083,3.166935050993022,17.257112184648417,42.70665593129361,0.6776704240472357,0.0067096081588835215,18.9345142243693,6.172839506172839,0.9997316156736447,0.1274825550187869,0.27509393451422437,,,,,,
76,0.7514761137949544,8.923778851315083,3.166935050993022,17.11621041331186,42.639559849704774,0.6776704240472357,0.0067096081588835215,18.82716049382716,6.239935587761675,1.1272141706924315,0.1274825550187869,0.39586688137412773,,,,,,
77,0.7447665056360708,8.132045088566828,3.066290928609769,17.08937198067633,44.08883521202362,0.30864197530864196,0.0067096081588835215,18.69296833064949,5.9447128287707995,1.247987117552335,0.11406333870101985,0.5636070853462157,,,,,,
78,0.7447665056360708,8.111916264090176,1.9256575415995705,22.966988727858293,53.81105743424584,0.30864197530864196,,7.011540526033279,3.656736446591519,1.247987117552335,0.040257648953301126,0.17444981213097155,,,,,,
79,0.7447665056360708,7.7831454643048845,2.167203435319377,20.73268921095008,48.389694041867955,3.0193236714975846,,10.25228126677402,5.387815351583468,1.3083735909822867,0.05367686527106817,0.1610305958132045,,,,,,
80,0.7447665056360708,7.763016639828234,2.1604938271604937,20.719269994632313,48.34272678475577,3.0193236714975846,,10.245571658615138,5.434782608695652,1.3150831991411702,0.08722490606548577,0.16774020397208803,,,,,,
81,0.7447665056360708,5.246913580246914,1.7646269457863661,28.951959205582394,44.69940955448202,3.0193236714975846,,10.124798711755233,3.7909286097691894,1.3687600644122384,0.08722490606548577,0.20128824476650564,,,,,,
82,0.7447665056360708,5.22007514761138,1.778046162104133,28.951959205582394,44.67928073000537,3.012614063338701,0.013419216317767043,10.124798711755233,3.81105743424584,1.3687600644122384,0.0939345142243693,0.20128824476650564,,,,,,
83,0.7447665056360708,5.152979066022544,1.556629092860977,36.99006977992485,40.11003757380569,0.9796027911969941,0.013419216317767043,9.172034353193773,3.717122920021471,1.288244766505636,0.07380568974771873,0.20128824476650564,,,,,,
84,0.7447665056360708,5.139559849704777,1.556629092860977,38.93585614600107,39.55984970477724,0.9796027911969941,0.013419216317767043,7.575147611379496,3.7640901771336552,1.4358561460010735,0.13419216317767044,0.1610305958132045,,,,,,
85,0.4025764895330113,4.924852388620504,1.4559849704777241,37.5,41.686795491143315,0.9796027911969941,0.013419216317767043,7.575147611379496,3.784219001610306,1.3821792807300053,0.13419216317767044,0.1610305958132045,,,,,,
86,0.4025764895330113,4.918142780461621,1.4492753623188406,37.432903918411164,41.67337627482555,0.9796027911969941,0.013419216317767043,7.588566827697263,3.797638217928073,1.4492753623188406,0.13419216317767044,0.1610305958132045,,,,,,
87,0.4025764895330113,4.918142780461621,1.4492753623188406,37.31884057971015,41.606280193236714,0.9796027911969941,0.013419216317767043,7.588566827697263,3.844605475040258,1.583467525496511,0.13419216317767044,0.1610305958132045,,,,,,
88,0.4025764895330113,4.918142780461621,1.4492753623188406,36.68813741277509,38.79495437466452,0.7648953301127214,0.013419216317767043,10.923242082662373,4.126409017713366,1.6170155662909287,0.13419216317767044,0.16774020397208803,,,,,,
89,0.4025764895330113,4.918142780461621,1.4492753623188406,34.15190552871712,38.747987117552334,0.7648953301127214,0.013419216317767043,13.378958668813741,4.186795491143317,1.6841116478797638,0.13419216317767044,0.16774020397208803,,,,,,
90,0.4025764895330113,4.911433172302737,1.4559849704777241,34.10493827160494,38.62050456253355,0.9259259259259259,0.013419216317767043,13.217928073000536,4.28743961352657,1.7310789049919484,0.13419216317767044,0.16774020397208803,0.026838432635534086,,,,,
91,0.4025764895330113,4.911433172302737,1.4559849704777241,33.97074610842727,38.59366612989801,0.9259259259259259,0.013419216317767043,13.217928073000536,4.408212560386473,1.7713365539452497,0.13419216317767044,0.16774020397208803,0.026838432635534086,,,,,
92,0.4025764895330113,4.904723564143854,1.5163714439076759,33.95061728395062,38.177670424047236,0.9259259259259259,0.013419216317767043,13.211218464841654,4.777241009125067,1.7914653784219001,0.13419216317767044,0.16774020397208803,0.026838432635534086,,,,,
93,0.4025764895330113,4.891304347826087,1.556629092860977,36.95652173913044,34.66854535695116,0.9259259259259259,0.013419216317767043,14.392109500805153,3.9855072463768115,1.8451422436929683,0.16774020397208803,0.16774020397208803,0.026838432635534086,,,,,
94,0.4025764895330113,4.891304347826087,1.556629092860977,40.92860976918948,30.709876543209877,0.9125067096081588,0.013419216317767043,14.284755770263017,3.898282340311326,1.8988191089640365,0.27509393451422437,0.20128824476650564,0.026838432635534086,,,,,
95,0.4025764895330113,4.884594739667204,1.556629092860977,40.693773483628554,30.589103596349972,0.8856682769726248,0.013419216317767043,14.278046162104133,3.92512077294686,2.2074610842726785,0.27509393451422437,0.2616747181964573,0.026838432635534086,,,,,
96,0.4025764895330113,4.884594739667204,1.556629092860977,40.56629092860977,30.589103596349972,0.8856682769726248,0.013419216317767043,14.278046162104133,3.92512077294686,2.3349436392914655,0.27509393451422437,0.2616747181964573,0.026838432635534086,,,,,
97,0.4025764895330113,4.871175523349437,4.663177670424047,40.13687600644123,28.824476650563607,0.8856682769726248,0.04696725711218465,13.385668276972625,4.005636070853462,2.187332259796028,0.2683843263553409,0.2952227589908749,0.026838432635534086,,,,,
98,0.4025764895330113,4.871175523349437,4.663177670424047,40.09661835748792,28.764090177133657,0.8856682769726248,0.04696725711218465,13.33870101986044,3.9989264626945786,2.301395598497048,0.2683843263553409,0.33548040794417605,0.026838432635534086,,,,,
99,0.4025764895330113,4.871175523349437,4.669887278582931,38.056897477187334,28.67686527106817,0.6642512077294686,0.04696725711218465,15.660225442834138,4.066022544283414,2.24771873322598,0.2885131508319914,0.322061191626409,0.026838432635534086,,,,,
100,0.4025764895330113,4.824208266237251,4.703435319377348,38.137412775093935,28.502415458937197,0.6776704240472357,0.04696725711218465,15.673644659151906,4.066022544283414,2.328234031132582,0.2885131508319914,0.322061191626409,0.026838432635534086,,,,,
101,0.4025764895330113,4.817498658078368,4.703435319377348,38.05018786902845,28.502415458937197,0.6776704240472357,0.04696725711218465,15.539452495974235,4.0995705850778315,2.3886205045625335,0.2885131508319914,0.4562533548040794,0.026838432635534086,,,,,
102,0.4025764895330113,4.5960815888352125,5.22007514761138,38.02334943639291,27.979066022544284,0.6910896403650026,0.04696725711218465,15.693773483628556,4.133118625872249,2.38191089640365,0.3153515834675255,0.48980139559849706,0.026838432635534086,,,,,
103,0.4025764895330113,4.5893719806763285,3.079710144927536,36.10440150295223,33.48094471282877,0.6910896403650026,0.020128824476650563,14.647074610842727,3.8177670424047236,2.428878153515835,0.18115942028985507,0.5166398282340311,0.040257648953301126,,,,,
104,0.4025764895330113,4.575952764358561,3.079710144927536,38.34541062801932,31.64922168545357,0.6910896403650026,0.0067096081588835215,14.579978529253891,3.7775093934514223,2.200751476113795,0.18115942028985507,0.46967257112184646,0.040257648953301126,,,,,
105,0.4025764895330113,4.575952764358561,2.703972088030059,37.815351583467525,28.978797638217927,0.7112184648416533,,17.8743961352657,3.9049919484702094,2.328234031132582,0.18115942028985507,0.4830917874396135,0.040257648953301126,,,,,
106,0.04696725711218465,3.878153515834675,2.5295222758990876,37.11755233494364,32.84353193773484,0.6105743424584005,,16.881374127750938,3.2206119162640903,2.2208803005904456,0.14761137949543746,0.46296296296296297,0.040257648953301126,,,,,
107,0.04696725711218465,3.7775093934514223,2.6435856146001075,36.963231347289316,31.468062265163713,2.6502952227589907,,16.70692431561997,3.1199677938808374,1.9592055823939882,0.14761137949543746,0.47638217928073,0.040257648953301126,,,,,
108,0.04696725711218465,3.7775093934514223,2.6435856146001075,36.93639291465379,31.266774020397207,3.2541599570585076,,16.163446054750402,3.1333870101986045,2.120236178207193,0.14090177133655393,0.47638217928073,0.040257648953301126,,,,,
109,0.04696725711218465,3.7775093934514223,3.052871712292002,36.52710681696189,31.199677938808374,3.2474503488996245,,15.881642512077295,3.1468062265163717,2.442297369833602,0.15432098765432098,0.4830917874396135,0.040257648953301126,,,,,
110,0.04696725711218465,3.7372517444981215,3.0931293612453032,36.44659151905529,31.199677938808374,3.2139023081052067,,15.821256038647343,3.1468062265163717,2.522812667740204,0.24825550187869028,0.4830917874396135,0.040257648953301126,,,,,
111,0.04696725711218465,3.7372517444981215,3.066290928609769,35.89640365002684,30.971551261406333,3.180354267310789,,16.465378421900162,3.207192699946323,2.5831991411701556,0.30864197530864196,0.49651100375738055,0.040257648953301126,,,,,
112,0.04696725711218465,3.7372517444981215,3.066290928609769,35.65485775630703,30.891035963499732,3.180354267310789,,16.42512077294686,3.4017713365539453,2.7509393451422435,0.30864197530864196,0.49651100375738055,0.040257648953301126,,,,,
113,0.04696725711218465,0.5300590445517982,2.1940418679549114,40.68035426731079,30.253623188405797,3.207192699946323,,16.337895866881375,3.207192699946323,2.6502952227589907,0.2952227589908749,0.5568974771873323,0.040257648953301126,,,,,
114,0.04696725711218465,0.5300590445517982,2.2611379495437465,40.666935050993025,30.18652710681696,3.207192699946323,,16.33118625872249,3.2474503488996245,2.6301663982823404,0.2952227589908749,0.5568974771873323,0.040257648953301126,,,,,
115,0.04696725711218465,0.5300590445517982,2.2611379495437465,40.64680622651637,30.173107890499196,3.207192699946323,,16.33118625872249,3.260869565217391,2.636876006441224,0.2952227589908749,0.5703166935050993,0.040257648953301126,,,,,
116,0.04696725711218465,0.5300590445517982,5.367686527106817,35.16505636070853,33.10520665593129,2.677133655394525,,16.317767042404725,3.193773483628556,2.6502952227589907,0.2885131508319914,0.6038647342995169,0.05367686527106817,,,,,
117,0.04696725711218465,0.5300590445517982,5.367686527106817,35.158346752549654,33.05823939881911,2.677133655394525,,16.23054213633924,3.2206119162640903,2.6838432635534084,0.2885131508319914,0.6843800322061192,0.05367686527106817,,,,,
118,0.04696725711218465,0.5300590445517982,5.367686527106817,35.017444981213096,32.930756843800324,2.677133655394525,,16.23054213633924,3.435319377348363,2.737520128824477,0.2885131508319914,0.6843800322061192,0.05367686527106817,,,,,
119,0.04696725711218465,0.5300590445517982,5.35426731078905,34.92351046698873,32.930756843800324,2.677133655394525,,16.203703703703702,3.421900161030596,2.831454643048846,0.3153515834675255,0.7112184648416533,0.05367686527106817,,,,,
120,0.04696725711218465,0.5300590445517982,5.340848094471283,34.86983360171766,32.8972088030059,2.677133655394525,0.013419216317767043,16.11647879763822,3.455448201825013,2.8515834675254963,0.3153515834675255,0.8319914117015567,0.05367686527106817,,,,,
121,0.04696725711218465,0.5300590445517982,5.340848094471283,34.84970477724101,30.683038110574344,2.677133655394525,0.013419216317767043,16.11647879763822,5.703166935050993,2.8113258185721954,0.3153515834675255,0.8319914117015567,0.08051529790660225,,,,,
122,0.04696725711218465,0.3757380568974772,5.22007514761138,33.85668276972625,26.8317230273752,2.657004830917874,0.013419216317767043,21.712292002147073,5.267042404723564,2.7777777777777777,0.3488996242619431,0.8118625872249061,0.08051529790660225,,,,,
123,0.04696725711218465,0.3757380568974772,5.22007514761138,33.8365539452496,26.80488459473967,2.657004830917874,0.013419216317767043,21.70558239398819,5.293880837359098,2.7979066022544283,0.35560923242082665,0.8118625872249061,0.08051529790660225,,,,,
124,0.04696725711218465,0.36902844873859364,5.347557702630167,33.4272678475577,26.50966183574879,2.657004830917874,0.026838432635534086,21.611647879763822,5.750134192163178,2.791196994095545,0.35560923242082665,1.0265700483091786,0.08051529790660225,,,,,
125,0.04696725711218465,0.36902844873859364,5.347557702630167,33.373590982286636,26.48953301127214,2.657004830917874,0.026838432635534086,21.604938271604937,5.756843800322061,2.8113258185721954,0.35560923242082665,1.06682769726248,0.0939345142243693,,,,,
126,0.04696725711218465,0.36902844873859364,5.347557702630167,33.24610842726785,26.41572732152442,2.657004830917874,0.026838432635534086,21.557971014492754,5.8239398819108965,2.918679549114332,0.35560923242082665,1.1272141706924315,0.10735373054213634,,,,,
127,0.04696725711218465,0.36902844873859364,5.273752012882448,33.06494900697799,26.34863123993559,2.657004830917874,0.026838432635534086,21.517713365539453,6.085614600107354,2.9790660225442833,0.35560923242082665,1.1674718196457328,0.10735373054213634,,,,,
128,0.04696725711218465,0.36902844873859364,5.280461621041331,33.03811057434246,26.268115942028984,2.657004830917874,0.026838432635534086,21.477455716586153,6.166129898013956,2.999194847020934,0.35560923242082665,1.2077294685990339,0.10735373054213634,,,,,
129,0.04696725711218465,0.36902844873859364,5.280461621041331,32.96430488459474,26.261406333870102,2.657004830917874,0.026838432635534086,21.443907675791735,6.172839506172839,3.1199677938808374,0.35560923242082665,1.1943102522812667,0.10735373054213634,,,,,
130,0.04696725711218465,0.36902844873859364,5.280461621041331,32.950885668276975,26.261406333870102,2.6435856146001075,0.026838432635534086,21.443907675791735,6.172839506172839,3.1602254428341383,0.3421900161030596,1.1943102522812667,0.10735373054213634,,,,,
131,0.04696725711218465,0.36902844873859364,5.173107890499195,32.85024154589372,25.825281803542673,3.2206119162640903,0.04696725711218465,21.38352120236178,6.119162640901771,3.2340311325818574,0.3421900161030596,1.2815351583467525,0.10735373054213634,,,,,
132,0.04696725711218465,0.36902844873859364,5.314009661835748,32.749597423510465,25.644122383252817,3.2206119162640903,0.04696725711218465,21.329844337090712,6.219806763285024,3.2675791733762747,0.3421900161030596,1.3419216317767042,0.10735373054213634,,,,,
133,0.04696725711218465,0.30864197530864196,5.562265163714439,30.038915727321523,28.341384863123995,3.2206119162640903,0.04696725711218465,21.26945786366076,6.199677938808374,3.113258185721954,0.3421900161030596,1.402308105206656,0.10735373054213634,,,,,
134,0.04696725711218465,0.30864197530864196,5.5756843800322065,30.018786902844873,28.33467525496511,3.2206119162640903,0.04696725711218465,21.235909822866343,6.206387546967257,3.1199677938808374,0.3757380568974772,1.402308105206656,0.10735373054213634,,,,,
135,0.04696725711218465,0.30864197530864196,5.958132045088567,29.97181964573269,28.046162104133117,3.0931293612453032,0.04696725711218465,21.115136876006442,6.239935587761675,3.1199677938808374,0.3757380568974772,1.570048309178744,0.10735373054213634,,,,,
136,0.04696725711218465,0.30864197530864196,5.917874396135265,29.944981213097154,27.925389157273216,3.113258185721954,0.07380568974771873,21.101717659688674,6.273483628556092,3.2139023081052067,0.3757380568974772,1.570048309178744,0.13419216317767044,,,,,
137,0.04696725711218465,0.30864197530864196,5.884326355340848,29.918142780461622,27.89855072463768,3.140096618357488,0.11406333870101985,21.034621578099838,6.300322061191626,3.2004830917874396,0.39586688137412773,1.6237251744498122,0.13419216317767044,,,,,
138,0.04696725711218465,0.30864197530864196,5.877616747181965,29.770531400966185,27.851583467525497,3.140096618357488,0.11406333870101985,21.014492753623188,6.333870101986044,3.3548040794417604,0.4092860976918948,1.6438539989264627,0.13419216317767044,,,,,
139,0.04696725711218465,0.30864197530864196,5.743424584004294,29.757112184648417,30.870907139023082,3.113258185721954,0.08722490606548577,18.47826086956522,6.112453032742888,3.3548040794417604,0.4092860976918948,1.596886741814278,0.12077294685990338,,,,,
140,0.04696725711218465,0.30864197530864196,5.649490069779925,35.97691894793344,27.77777777777778,2.5295222758990876,0.08722490606548577,16.646537842190018,5.958132045088567,3.099838969404187,0.20799785292538917,1.596886741814278,0.11406333870101985,,,,,
141,0.04696725711218465,0.30864197530864196,5.649490069779925,35.91653247450349,27.717391304347824,2.5295222758990876,0.08722490606548577,16.606280193236714,6.005099302200751,3.1602254428341383,0.20799785292538917,1.6371443907675791,0.1274825550187869,,,,,
142,0.04696725711218465,0.30864197530864196,5.649490069779925,35.91653247450349,27.710681696188942,2.509393451422437,0.1274825550187869,16.472088030059044,6.018518518518518,3.1333870101986045,0.20799785292538917,1.7713365539452497,0.1274825550187869,,,,,
143,0.04696725711218465,0.30864197530864196,5.615942028985507,35.84272678475577,27.63016639828234,2.509393451422437,0.14090177133655393,16.451959205582394,6.172839506172839,3.1065485775630703,0.20799785292538917,1.8384326355340848,0.1274825550187869,,,,,
144,0.04696725711218465,0.30864197530864196,5.60252281266774,35.71524422973698,27.583199141170155,2.509393451422437,0.15432098765432098,16.364734299516908,6.1862587224906065,3.193773483628556,0.20799785292538917,1.9994632313472893,0.1274825550187869,,,,,
145,0.04696725711218465,0.30864197530864196,5.6964573268921095,35.567632850241544,27.489264626945786,2.49597423510467,0.16774020397208803,16.304347826086957,6.206387546967257,3.3011272141706924,0.20799785292538917,2.0799785292538915,0.1274825550187869,,,,,
146,0.04696725711218465,0.30864197530864196,5.924584004294149,35.42673107890499,27.388620504562535,2.5026838432635534,0.16774020397208803,16.27750939345142,6.219806763285024,3.3011272141706924,0.20799785292538917,2.100107353730542,0.1274825550187869,,,,,
147,0.04696725711218465,0.30864197530864196,5.924584004294149,35.14492753623188,27.375201288244767,2.5026838432635534,0.16774020397208803,16.264090177133657,6.233225979602791,3.535963499731616,0.20799785292538917,2.1604938271604937,0.1274825550187869,,,,,
148,0.04696725711218465,0.30864197530864196,5.891035963499732,35.14492753623188,27.3215244229737,2.5026838432635534,0.16774020397208803,16.264090177133657,6.286902844873859,3.535963499731616,0.20799785292538917,2.1604938271604937,0.1610305958132045,,,,,
149,0.04696725711218465,0.30864197530864196,5.924584004294149,35.057702630166396,27.20746108427268,2.4892646269457863,0.19457863660762212,16.264090177133657,6.327160493827161,3.5829307568438002,0.20799785292538917,2.200751476113795,0.1878690284487386,,,,,
150,0.04696725711218465,0.30864197530864196,5.924584004294149,34.62157809983897,27.194041867954912,2.7979066022544283,0.19457863660762212,16.15673644659152,6.3137412775093935,3.7372517444981215,0.20799785292538917,2.3081052066559313,0.1878690284487386,,,,,
151,0.04696725711218465,0.30864197530864196,5.924584004294149,34.58803005904455,27.079978529253893,2.7979066022544283,0.19457863660762212,16.14331723027375,6.421095008051529,3.7775093934514223,0.20799785292538917,2.3215244229736984,0.1878690284487386,,,,,
152,0.04696725711218465,0.30864197530864196,5.924584004294149,34.292807300053674,27.053140096618357,2.7979066022544283,0.19457863660762212,16.13660762211487,6.447933440687064,4.052603327965647,0.20799785292538917,2.3483628556092326,0.1878690284487386,,,,,
153,0.04696725711218465,0.30864197530864196,5.911164787976382,34.252549651100374,27.033011272141707,2.8650026838432634,0.19457863660762212,16.13660762211487,6.4345142243692965,4.072732152442297,0.20799785292538917,2.3483628556092326,0.1878690284487386,,,,,
154,0.04696725711218465,0.30864197530864196,5.9514224369296835,34.09822866344606,26.959205582393988,2.8784219001610305,0.19457863660762212,16.13660762211487,6.454643048845948,4.2270531400966185,0.20799785292538917,2.3349436392914655,0.20128824476650564,,,,,
155,0.04696725711218465,0.30864197530864196,5.924584004294149,34.044551798174986,26.952495974235106,2.8650026838432634,0.2214170692431562,16.13660762211487,6.461352657004831,4.240472356414386,0.2214170692431562,2.3752012882447664,0.20128824476650564,,,,,
156,0.04696725711218465,0.30864197530864196,5.911164787976382,33.943907675791735,26.939076757917338,2.8650026838432634,0.2214170692431562,16.10305958132045,6.474771873322598,4.3545356951154055,0.2214170692431562,2.408749329039184,0.20128824476650564,,,,,
157,0.04696725711218465,0.30864197530864196,5.911164787976382,33.89694041867955,26.932367149758456,2.8515834675254963,0.24825550187869028,16.076221148684915,6.508319914117015,4.361245303274289,0.2214170692431562,2.4355877616747184,0.20128824476650564,,,,,
158,0.04696725711218465,0.30864197530864196,5.911164787976382,33.782877079978526,26.898819108964037,2.8381642512077296,0.24825550187869028,16.035963499731615,6.642512077294686,4.414922168545357,0.23483628556092323,2.4355877616747184,0.20128824476650564,,,,,
159,0.04696725711218465,0.30864197530864196,8.051529790660226,32.98443370907139,25.684380032206118,2.8381642512077296,0.28180354267310787,16.029253891572733,6.595544820182502,4.3478260869565215,0.2281266774020397,2.4020397208803006,0.20128824476650564,,,,,
160,0.04696725711218465,0.30864197530864196,8.051529790660226,32.86366076221149,25.59044551798175,2.8381642512077296,0.28180354267310787,15.780998389694043,6.689479334406871,4.616210413311863,0.24825550187869028,2.4825550187869028,0.20128824476650564,,,,,
161,0.04696725711218465,0.30864197530864196,8.239398819108963,32.23295759527644,25.483091787439612,2.7509393451422435,0.28180354267310787,16.820987654320987,6.5552871712292005,4.468599033816425,0.24825550187869028,2.3617820719269993,0.20128824476650564,,,,,
162,0.04696725711218465,0.30864197530864196,8.239398819108963,32.21282877079979,25.40257648953301,2.7844873859366612,0.28180354267310787,16.78743961352657,6.629092860976919,4.461889425657541,0.24825550187869028,2.395330112721417,0.20128824476650564,,,,,
163,0.04696725711218465,0.30864197530864196,8.239398819108963,32.10547504025765,25.40257648953301,2.7844873859366612,0.28180354267310787,16.78743961352657,6.629092860976919,4.549114331723027,0.24825550187869028,2.4154589371980677,0.20128824476650564,,,,,
164,0.04696725711218465,0.30864197530864196,8.232689210950081,35.34621578099839,24.986580783682232,2.7844873859366612,0.3153515834675255,13.955984970477724,6.837090713902308,4.569243156199678,0.24825550187869028,2.167203435319377,0.20128824476650564,,,,,
165,0.04696725711218465,0.30864197530864196,8.219269994632313,35.218733225979605,24.832259796027913,2.7844873859366612,0.3153515834675255,13.915727321524423,7.03166935050993,4.7101449275362315,0.2683843263553409,2.147074610842727,0.20128824476650564,,,,,
166,0.04696725711218465,0.30864197530864196,8.192431561996779,37.11084272678475,23.020665593129362,2.7979066022544283,0.3153515834675255,13.895598497047773,6.951154052603328,4.669887278582931,0.2683843263553409,2.2208803005904456,0.20128824476650564,,,,,
167,0.04696725711218465,0.30864197530864196,8.179012345679013,36.7686527106817,21.89345142243693,2.7979066022544283,0.32877079978529256,15.304616210413311,6.9310252281266775,4.730273752012883,0.2683843263553409,2.214170692431562,0.2147074610842727,0.013419216317767043,,,,
168,0.04696725711218465,0.30864197530864196,8.158883521202362,36.7686527106817,21.85319377348363,2.7844873859366612,0.3421900161030596,15.257648953301127,6.944444444444445,4.7638217928073,0.30193236714975846,2.2410091250670963,0.2147074610842727,0.013419216317767043,,,,
169,0.04696725711218465,0.30864197530864196,8.145464304884594,36.131239935587764,21.85319377348363,2.7844873859366612,0.35560923242082665,15.217391304347826,7.514761137949543,4.804079441760601,0.3153515834675255,2.2946859903381642,0.2147074610842727,0.013419216317767043,,,,
170,0.04696725711218465,0.30864197530864196,8.145464304884594,36.10440150295223,21.826355340848096,2.771068169618894,0.35560923242082665,15.083199141170155,7.541599570585078,4.830917874396135,0.32877079978529256,2.428878153515835,0.2147074610842727,0.013419216317767043,,,,
171,0.04696725711218465,0.30864197530864196,8.145464304884594,35.99704777241009,21.826355340848096,2.771068169618894,0.35560923242082665,15.157004830917874,7.575147611379496,4.851046698872786,0.32877079978529256,2.408749329039184,0.2147074610842727,0.013419216317767043,,,,
172,0.04696725711218465,0.30864197530864196,8.641975308641975,37.4194847020934,21.55126140633387,2.7844873859366612,0.38915727321524424,13.741277509393452,7.561728395061729,4.643048845947397,0.32877079978529256,2.3550724637681157,0.2147074610842727,0.013419216317767043,,,,
