,45,50,53,55,52,51,56,54,57
0,99.73832528180354,0.2616747181964573,,,,,,,
1,84.73564143853999,15.26435856146001,,,,,,,
2,83.9170692431562,16.0829307568438,,,,,,,
3,83.9170692431562,16.0829307568438,,,,,,,
4,82.50805152979066,17.49194847020934,,,,,,,
5,81.85721953837896,18.14278046162104,,,,,,,
6,74.97316156736447,25.026838432635532,,,,,,,
7,69.47799248523886,29.938271604938272,0.4562533548040794,0.1274825550187869,,,,,
8,63.36553945249597,36.05072463768116,0.4562533548040794,0.1274825550187869,,,,,
9,63.51315083199141,35.90311325818572,0.4562533548040794,0.1274825550187869,,,,,
10,54.6027911969941,44.81347289318304,0.4562533548040794,0.1274825550187869,,,,,
11,53.91170155662909,43.05555555555556,2.4691358024691357,0.1274825550187869,0.43612453032742887,,,,
12,53.96537842190016,42.411433172302736,1.1943102522812667,0.1274825550187869,2.301395598497048,,,,
13,53.93183038110574,42.45169082125604,1.1943102522812667,0.12077294685990338,2.301395598497048,,,,
14,53.11325818572195,43.27026301663983,1.1943102522812667,0.12077294685990338,2.301395598497048,,,,
15,50.40257648953301,47.08132045088567,1.0735373054213635,0.33548040794417605,1.107085346215781,,,,
16,47.24235104669887,50.24154589371981,1.0735373054213635,0.33548040794417605,1.107085346215781,,,,
17,47.20209339774557,50.28180354267311,1.0735373054213635,0.33548040794417605,1.107085346215781,,,,
18,43.72651637144391,53.757380568974774,1.0735373054213635,0.33548040794417605,1.107085346215781,,,,
19,40.995705850778315,48.19511540526033,0.8387010198604401,0.2147074610842727,3.8043478260869565,5.9514224369296835,,,
20,41.21041331186259,48.107890499194845,0.8387010198604401,0.2147074610842727,3.8043478260869565,5.8239398819108965,,,
21,41.36473429951691,47.97369833601718,0.8387010198604401,0.2147074610842727,3.6768652710681695,5.8172302737520125,0.11406333870101985,,
22,41.015834675254965,47.745571658615134,0.8387010198604401,0.2147074610842727,3.6768652710681695,6.394256575415996,0.11406333870101985,,
23,41.06280193236715,47.698604401502955,0.8387010198604401,0.2147074610842727,3.6768652710681695,6.394256575415996,0.11406333870101985,,
24,41.14331723027375,47.537573805689746,0.8387010198604401,0.32877079978529256,3.6768652710681695,6.360708534621578,0.11406333870101985,,
25,39.83494363929147,43.10252281266774,3.965378421900161,0.32877079978529256,3.6097691894793345,9.044551798174986,0.11406333870101985,,
26,39.92216854535695,42.921363392377884,3.965378421900161,0.5367686527106817,3.6097691894793345,8.930488459473967,0.11406333870101985,,
27,40.022812667740205,42.881105743424584,3.965378421900161,0.5367686527106817,3.5963499731615673,8.883521202361782,0.11406333870101985,,
28,40.21739130434783,42.69994632313473,3.965378421900161,0.5367686527106817,3.5963499731615673,8.870101986044014,0.11406333870101985,,
29,40.304616210413315,41.0426731078905,5.60252281266774,0.5367686527106817,3.569511540526033,8.829844337090714,0.11406333870101985,,
30,40.33816425120773,40.78099838969404,5.897745571658615,0.5367686527106817,3.5426731078904994,8.789586688137414,0.11406333870101985,,
31,40.25093934514224,40.90177133655394,5.864197530864198,0.5367686527106817,3.5426731078904994,8.789586688137414,0.11406333870101985,,
32,38.20450885668277,39.660493827160494,5.790391841116479,0.5367686527106817,10.721953837895867,4.9718196457326895,0.11406333870101985,,
33,38.25147611379496,39.331723027375205,5.790391841116479,0.8387010198604401,10.721953837895867,4.951690821256038,0.11406333870101985,,
34,38.24476650563607,39.378690284487384,5.790391841116479,0.8387010198604401,10.681696188942565,4.951690821256038,0.11406333870101985,,
35,38.34541062801932,38.0300590445518,5.629361245303274,0.8252818035426731,10.46027911969941,5.22007514761138,0.5434782608695652,0.9460547504025765,
36,38.02334943639291,35.95679012345679,5.609232420826624,0.8252818035426731,12.392646269457863,5.709876543209877,0.5367686527106817,0.9460547504025765,
37,33.903650026838434,41.4922168545357,5.609232420826624,0.8252818035426731,12.379227053140097,5.226784755770263,0.5367686527106817,0.026838432635534086,
38,32.75630703166935,40.19055287171229,5.609232420826624,0.7112184648416533,12.332259796027913,7.836822329575953,0.5367686527106817,0.026838432635534086,
39,32.950885668276975,40.08990874932904,5.609232420826624,0.7112184648416533,12.305421363392378,7.769726247987117,0.5367686527106817,0.026838432635534086,
40,26.48953301127214,49.84567901234568,5.609232420826624,0.7112184648416533,9.567901234567902,7.105475040257649,0.5367686527106817,0.13419216317767044,
41,26.643853998926463,49.69806763285024,5.60252281266774,0.7112184648416533,9.567901234567902,7.105475040257649,0.5367686527106817,0.13419216317767044,
42,26.744498121309714,48.89291465378422,5.4616210413311865,1.6170155662909287,9.567901234567902,7.092055823939882,0.48980139559849706,0.13419216317767044,
43,26.710950080515296,47.87976382179281,7.0383789586688135,1.6170155662909287,9.05126140633387,7.078636607622115,0.48980139559849706,0.13419216317767044,
44,26.73107890499195,47.94015029522276,7.0383789586688135,1.6170155662909287,9.017713365539452,7.03166935050993,0.48980139559849706,0.13419216317767044,
45,26.81159420289855,47.89989264626946,7.011540526033279,1.6035963499731616,9.017713365539452,7.03166935050993,0.48980139559849706,0.13419216317767044,
46,26.979334406870638,47.78582930756844,6.998121309715513,1.5901771336553945,9.017713365539452,7.004830917874396,0.48980139559849706,0.13419216317767044,
47,26.42914653784219,42.49194847020934,6.991411701556629,1.5230810520665594,14.942297369833602,6.998121309715513,0.48980139559849706,0.13419216317767044,
48,26.241277509393452,39.24449812130972,6.333870101986044,1.5230810520665594,13.050187869028449,13.24476650563607,0.2281266774020397,0.13419216317767044,
49,17.54562533548041,55.54884594739667,7.669082125603865,1.3150831991411702,6.414385399892646,11.144659151905529,0.2281266774020397,0.13419216317767044,
50,17.66639828234031,53.30783682232958,7.5281803542673105,1.2949543746645196,4.327697262479871,15.539452495974235,0.2281266774020397,0.10735373054213634,
51,17.98845947396672,52.865002683843265,7.5281803542673105,1.5297906602254427,4.30756843800322,15.445517981749866,0.2281266774020397,0.10735373054213634,
52,18.06226516371444,51.898819108964034,7.494632313472893,1.5297906602254427,4.30756843800322,15.01610305958132,0.2281266774020397,1.4626945786366077,
53,18.209876543209877,51.83843263553408,7.467793880837359,1.5297906602254427,4.30756843800322,14.955716586151368,0.2281266774020397,1.4626945786366077,
54,18.35077831454643,50.925925925925924,7.467793880837359,1.5633387010198605,4.30756843800322,14.928878153515834,0.2281266774020397,2.227589908749329,
55,18.57890499194847,50.81186258722491,7.434245840042942,1.5633387010198605,3.629898013955985,14.432367149758454,0.2281266774020397,3.321256038647343,
56,18.391035963499732,51.019860440150296,7.4208266237251745,1.556629092860977,3.629898013955985,14.432367149758454,0.2281266774020397,3.321256038647343,
57,17.438271604938272,47.04106280193237,7.37385936661299,1.42914653784219,5.381105743424584,17.800590445517983,0.2281266774020397,3.307836822329576,
58,17.2638217928073,45.70585077831455,7.37385936661299,1.42914653784219,6.320450885668277,18.370907139023082,0.2281266774020397,3.307836822329576,
59,17.028985507246375,43.183038110574344,7.340311325818572,1.328502415458937,6.910896403650026,20.67230273752013,0.2281266774020397,3.307836822329576,
60,17.042404723564143,42.921363392377884,7.340311325818572,1.596886741814278,6.910896403650026,20.652173913043477,0.2281266774020397,3.307836822329576,
61,17.270531400966185,42.73349436392915,7.340311325818572,1.7042404723564144,6.910896403650026,20.50456253354804,0.2281266774020397,3.307836822329576,
62,17.250402576489535,41.80085882984434,7.092055823939882,2.100107353730542,8.78287707997853,19.585346215780998,0.2281266774020397,3.1602254428341383,
63,17.364465915190554,41.6129898013956,7.092055823939882,2.2074610842726785,8.769457863660762,19.565217391304348,0.2281266774020397,3.1602254428341383,
64,17.66639828234031,41.53918411164788,7.092055823939882,2.2074610842726785,8.729200214707461,19.404186795491142,0.2281266774020397,3.1333870101986045,
65,17.60601180891036,36.69484702093398,7.004830917874396,1.932367149758454,8.53462157809984,24.88593666129898,0.2281266774020397,3.113258185721954,
66,17.76033279656468,36.520397208803004,7.004830917874396,2.0799785292538915,8.507783145464305,24.818840579710145,0.2281266774020397,3.079710144927536,
67,17.894524959742352,36.533816425120776,7.004830917874396,2.0531400966183573,8.480944712828771,24.724906065485776,0.2281266774020397,3.079710144927536,
68,18.129361245303276,36.41975308641975,6.890767579173376,2.0531400966183573,8.319914117015566,24.718196457326894,0.2281266774020397,3.066290928609769,0.17444981213097155
69,18.45813204508857,36.15807836822329,6.890767579173376,2.0531400966183573,8.319914117015566,24.664519592055825,0.2281266774020397,3.052871712292002,0.17444981213097155
70,18.69296833064949,36.11782071926999,6.890767579173376,2.0531400966183573,8.319914117015566,24.4699409554482,0.2281266774020397,3.052871712292002,0.17444981213097155
71,17.599302200751477,35.73537305421363,6.877348362855609,2.0531400966183573,8.252818035426731,26.02657004830918,0.2281266774020397,3.052871712292002,0.17444981213097155
72,17.68652710681696,35.68169618894257,6.850509930220075,2.0531400966183573,8.252818035426731,26.02657004830918,0.2281266774020397,3.046162104133119,0.17444981213097155
73,16.364734299516908,35.547504025764894,6.850509930220075,2.0531400966183573,8.252818035426731,27.482555018786904,0.2281266774020397,3.046162104133119,0.17444981213097155
74,16.458668813741276,34.86983360171766,6.850509930220075,2.4355877616747184,7.856951154052603,27.38191089640365,0.2281266774020397,3.743961352657005,0.17444981213097155
75,16.646537842190018,34.68867418142781,6.696188942565755,2.6301663982823404,7.843531937734836,27.361782071927,0.2281266774020397,3.730542136339238,0.17444981213097155
76,16.70692431561997,34.66183574879227,6.696188942565755,2.6301663982823404,7.823403113258186,27.361782071927,0.2281266774020397,3.717122920021471,0.17444981213097155
77,17.236983360171767,34.37332259796028,6.6760601180891035,2.6301663982823404,7.776435856146001,27.20746108427268,0.2281266774020397,3.69699409554482,0.17444981213097155
78,17.498658078368223,32.71604938271605,6.6760601180891035,2.314814814814815,7.682501341921632,27.28797638217928,0.14761137949543746,5.501878690284487,0.17444981213097155
79,16.72705314009662,33.722490606548575,6.6760601180891035,2.314814814814815,7.568438003220612,27.234299516908212,0.14761137949543746,5.434782608695652,0.17444981213097155
80,16.606280193236714,33.55475040257649,6.535158346752549,2.314814814814815,8.3064949006978,27.22758990874933,0.14761137949543746,5.22007514761138,0.08722490606548577
81,16.512345679012345,32.789855072463766,5.756843800322061,2.24771873322598,10.373054213633925,27.194041867954912,0.14761137949543746,4.891304347826087,0.08722490606548577
82,16.794149221685455,32.6959205582394,5.683038110574342,2.2342995169082127,10.359634997316157,27.106816961889425,0.14761137949543746,4.891304347826087,0.08722490606548577
83,16.988727858293075,32.669082125603865,5.676328502415459,2.2342995169082127,10.225442834138486,27.079978529253893,0.14761137949543746,4.891304347826087,0.08722490606548577
84,17.008856682769725,32.447665056360705,5.662909286097692,2.2342995169082127,10.225442834138486,27.033011272141707,0.14761137949543746,5.152979066022544,0.08722490606548577
85,17.122920021470748,32.427536231884055,5.662909286097692,2.2208803005904456,10.198604401502953,27.006172839506174,0.14761137949543746,5.12614063338701,0.08722490606548577
86,17.357756307031668,32.26650563607085,5.662909286097692,2.2208803005904456,10.198604401502953,26.932367149758456,0.14761137949543746,5.12614063338701,0.08722490606548577
87,17.57246376811594,32.10547504025765,5.636070853462158,2.2208803005904456,10.185185185185185,26.932367149758456,0.14761137949543746,5.112721417069243,0.08722490606548577
88,12.560386473429952,55.823939881910896,5.421363392377885,2.2074610842726785,3.2139023081052067,17.28395061728395,0.14761137949543746,3.3413848631239937,
89,12.714707461084272,55.69645732689211,5.421363392377885,2.200751476113795,3.207192699946323,17.270531400966185,0.14761137949543746,3.3413848631239937,
90,12.902576489533011,55.54884594739667,5.421363392377885,2.200751476113795,3.1870638754696725,17.250402576489535,0.14761137949543746,3.3413848631239937,
91,12.989801395598498,55.475040257648956,5.407944176060118,2.200751476113795,3.1870638754696725,17.250402576489535,0.14761137949543746,3.3413848631239937,
92,12.949543746645196,53.32796564680623,7.709339774557166,2.1135265700483092,3.1870638754696725,17.223564143854,0.14761137949543746,3.3413848631239937,
93,13.600375738056897,49.020397208803004,7.702630166398282,2.1068169618894257,3.1736446591519054,17.16988727858293,0.14761137949543746,7.078636607622115,
94,13.774825550187868,48.84594739667203,7.702630166398282,2.1068169618894257,3.1736446591519054,17.16988727858293,0.14761137949543746,7.078636607622115,
95,13.868760064412239,48.72517444981213,7.702630166398282,2.1068169618894257,3.1736446591519054,17.196725711218466,0.14761137949543746,7.078636607622115,
96,13.982823403113258,46.63848631239936,7.6623725174449815,4.938271604938271,3.1736446591519054,17.136339237788512,0.14761137949543746,6.320450885668277,
97,13.768115942028986,44.806763285024154,9.769189479334408,4.938271604938271,3.113258185721954,17.136339237788512,0.14761137949543746,6.320450885668277,
98,14.070048309178745,44.618894256575416,9.742351046698873,4.924852388620504,3.113258185721954,17.062533548040793,0.14761137949543746,6.320450885668277,
99,14.190821256038648,44.39076757917338,9.742351046698873,5.0858829844337095,3.1065485775630703,17.03569511540526,0.14761137949543746,6.300322061191626,
100,14.284755770263017,44.32367149758454,9.742351046698873,5.0858829844337095,3.1065485775630703,17.03569511540526,0.14761137949543746,6.273483628556092,
101,14.17740203972088,44.18947933440687,9.863123993558776,4.9651100375738055,3.9049919484702094,15.344873859366613,0.14761137949543746,7.407407407407407,
102,14.506172839506172,43.914385399892645,9.856414385399892,4.9651100375738055,3.9049919484702094,15.297906602254429,0.14761137949543746,7.407407407407407,
103,14.727589908749328,43.80703166935051,9.856414385399892,5.0791733762748255,3.864734299516908,15.116747181964573,0.14761137949543746,7.4006977992485234,
104,14.962426194310252,42.901234567901234,11.66129898013956,4.884594739667204,3.864734299516908,15.009393451422437,0.14761137949543746,6.568706387546968,
105,15.01610305958132,42.8743961352657,11.66129898013956,4.884594739667204,3.864734299516908,14.982555018786902,0.14761137949543746,6.568706387546968,
106,14.982555018786902,42.51878690284487,11.60762211486849,4.830917874396135,3.864734299516908,14.982555018786902,0.14761137949543746,7.065217391304348,
107,15.01610305958132,42.50536768652711,11.60762211486849,4.830917874396135,3.864734299516908,14.982555018786902,0.14761137949543746,7.0450885668276975,
108,15.197262479871176,40.68035426731079,14.325013419216317,4.830917874396135,3.8580246913580245,14.935587761674718,0.14761137949543746,6.025228126677402,
109,14.163982823403114,42.05582393988191,14.304884594739667,4.99194847020934,3.844605475040258,14.479334406870638,0.14761137949543746,6.011808910359635,
110,14.418947933440688,41.94176060118089,14.184111647879764,4.938271604938271,3.844605475040258,14.445786366076222,0.14761137949543746,5.958132045088567,0.12077294685990338
111,14.465915190552872,41.928341384863124,13.741277509393452,4.938271604938271,3.844605475040258,14.42565754159957,0.14761137949543746,6.400966183574879,0.10735373054213634
112,14.579978529253891,41.7337627482555,13.727858293075684,5.139559849704777,3.844605475040258,14.42565754159957,0.14761137949543746,6.293612453032743,0.10735373054213634
113,14.714170692431562,41.619699409554485,13.707729468599034,5.139559849704777,3.844605475040258,14.42565754159957,0.14761137949543746,6.293612453032743,0.10735373054213634
114,14.090177133655395,39.962426194310254,13.620504562533547,5.092592592592593,7.2933440687063875,14.412238325281804,0.14761137949543746,5.273752012882448,0.10735373054213634
115,14.2914653784219,39.418947933440684,13.479602791196994,5.072463768115942,7.25979602791197,14.04320987654321,0.14761137949543746,6.179549114331723,0.10735373054213634
116,14.217659688674182,39.331723027375205,13.117283950617283,5.072463768115942,9.359903381642512,12.506709608158884,0.14761137949543746,6.139291465378422,0.10735373054213634
117,14.27133655394525,39.049919484702095,13.117283950617283,5.072463768115942,9.359903381642512,12.5,0.14761137949543746,6.374127750939345,0.10735373054213634
118,14.553140096618357,38.91572732152442,13.077026301663983,5.072463768115942,9.326355340848094,12.47987117552335,0.14761137949543746,6.320450885668277,0.10735373054213634
119,15.03623188405797,38.77482555018787,13.043478260869565,5.052334943639291,9.252549651100376,12.265163714439076,0.14761137949543746,6.320450885668277,0.10735373054213634
120,15.163714439076758,37.513419216317764,13.036768652710682,6.266774020397209,9.225711218464841,12.25174449812131,0.14761137949543746,6.286902844873859,0.10735373054213634
121,15.398550724637682,37.38593666129898,12.949543746645196,6.340579710144928,9.212292002147075,12.23161567364466,0.14761137949543746,6.226516371443908,0.10735373054213634
122,15.4723564143854,37.17793880837359,13.137412775093935,6.327160493827161,9.192163177670425,12.23161567364466,0.14761137949543746,6.206387546967257,0.10735373054213634
123,15.673644659151906,37.07729468599034,13.130703166935051,6.300322061191626,9.07139023081052,12.218196457326892,0.2549651100375738,6.166129898013956,0.10735373054213634
124,15.780998389694043,36.480139559849704,11.929683306494901,6.414385399892646,10.84272678475577,12.02361782071927,0.2549651100375738,6.166129898013956,0.10735373054213634
125,16.170155662909288,36.41304347826087,11.761943102522812,6.347289318303811,10.84272678475577,11.936392914653783,0.2549651100375738,6.166129898013956,0.10735373054213634
126,15.942028985507246,35.90311325818572,11.721685453569512,6.347289318303811,10.782340311325818,12.775093934514224,0.2549651100375738,6.166129898013956,0.10735373054213634
127,15.908480944712828,34.252549651100374,13.070316693505099,5.622651637144391,10.748792270531402,12.741545893719806,0.2549651100375738,7.2933440687063875,0.10735373054213634
128,16.06280193236715,34.18545356951154,13.030059044551798,5.60252281266774,10.748792270531402,12.714707461084272,0.2549651100375738,7.2933440687063875,0.10735373054213634
129,16.0829307568438,33.984165324745035,13.01663982823403,5.394524959742351,10.661567364465915,13.741277509393452,0.2549651100375738,6.756575415995706,0.10735373054213634
130,16.431830381105744,33.80971551261406,12.99651100375738,5.387815351583468,10.534084809447128,13.727858293075684,0.2549651100375738,6.749865807836822,0.10735373054213634
131,16.51905528717123,33.78958668813741,12.99651100375738,5.548845947396672,10.473698336017177,13.560118089103597,0.2549651100375738,6.749865807836822,0.10735373054213634
132,16.5727321524423,33.77616747181965,12.99651100375738,5.548845947396672,10.446859903381643,13.560118089103597,0.2549651100375738,6.736446591519055,0.10735373054213634
133,16.666666666666668,33.72920021470746,12.99651100375738,5.548845947396672,10.245571658615138,13.546698872785829,0.4227053140096618,6.736446591519055,0.10735373054213634
134,16.163446054750402,32.31347289318304,10.628019323671497,3.8714439076757916,18.02871712292002,13.419216317767042,0.4227053140096618,5.152979066022544,
135,16.391572732152444,32.05179817498658,10.560923242082662,3.8378958668813743,18.357487922705314,13.311862587224907,0.4227053140096618,5.065754159957058,
136,16.264090177133657,31.97799248523886,10.560923242082662,4.05931293612453,18.310520665593128,13.291733762748256,0.4227053140096618,5.112721417069243,
137,16.358024691358025,31.863929146537842,10.520665593129362,4.17337627482555,18.276972624798713,13.271604938271604,0.4227053140096618,5.112721417069243,
138,16.512345679012345,31.85721953837896,10.50053676865271,4.17337627482555,18.149490069779926,13.271604938271604,0.4227053140096618,5.112721417069243,
139,16.23054213633924,31.689479334406872,10.272410091250672,4.159957058507783,18.149490069779926,14.130434782608695,0.4227053140096618,4.944981213097155,
140,16.552603327965645,31.528448738593667,10.238862050456254,4.106280193236715,18.109232420826622,14.130434782608695,0.4227053140096618,4.911433172302737,
141,15.640096618357488,26.992753623188406,10.0979602791197,3.388352120236178,25.845410628019323,13.90901771336554,0.4227053140096618,3.7037037037037037,
142,15.975577026301664,26.89210950080515,10.037573805689748,3.321256038647343,25.791733762748255,13.855340848094471,0.4227053140096618,3.7037037037037037,
143,16.09634997316157,26.684111647879764,10.02415458937198,3.556092324208266,25.241545893719806,13.841921631776705,0.4227053140096618,3.7037037037037037,0.4294149221685454
144,16.404991948470208,26.663982823403114,10.02415458937198,3.556092324208266,24.993290391841118,13.81508319914117,0.4227053140096618,3.7037037037037037,0.41599570585077833
145,15.4723564143854,23.825818572195384,7.937466451959206,3.374932903918411,24.54374664519592,20.38378958668814,0.4227053140096618,3.6231884057971016,0.41599570585077833
146,15.774288781535159,23.738593666129898,7.930756843800322,3.374932903918411,24.3894256575416,20.33011272141707,0.4227053140096618,3.6231884057971016,0.41599570585077833
147,16.150026838432634,23.62453032742888,7.930756843800322,3.2675791733762747,24.355877616747183,20.209339774557165,0.4227053140096618,3.6231884057971016,0.41599570585077833
148,16.27079978529254,23.2085346215781,7.991143317230274,3.69699409554482,24.188137412775095,20.182501341921633,0.4227053140096618,3.6231884057971016,0.41599570585077833
149,16.606280193236714,23.1682769726248,7.977724100912507,3.6634460547504024,24.12104133118626,20.041599570585078,0.4227053140096618,3.5829307568438002,0.41599570585077833
150,16.82769726247987,23.1280193236715,7.977724100912507,3.6634460547504024,24.02710681696189,19.96779388083736,0.4227053140096618,3.5829307568438002,0.4025764895330113
151,17.002147074610843,23.10789049919485,7.977724100912507,3.6634460547504024,23.91304347826087,19.92753623188406,0.4227053140096618,3.5829307568438002,0.4025764895330113
152,17.10950080515298,23.10789049919485,7.950885668276973,3.6634460547504024,23.872785829307567,19.753086419753085,0.5568974771873323,3.5829307568438002,0.4025764895330113
153,17.23027375201288,23.081052066559312,7.937466451959206,3.6634460547504024,23.805689747718734,19.73966720343532,0.5568974771873323,3.5829307568438002,0.4025764895330113
154,17.411433172302736,23.007246376811594,9.225711218464841,3.6634460547504024,22.41009125067096,19.73966720343532,0.5568974771873323,3.5829307568438002,0.4025764895330113
155,17.505367686527105,22.879763821792807,9.225711218464841,3.7238325281803544,22.41009125067096,19.692699946323135,0.5568974771873323,3.629898013955985,0.3757380568974772
156,17.70665593129361,22.779119699409556,9.16532474503489,3.717122920021471,22.376543209876544,19.692699946323135,0.5568974771873323,3.629898013955985,0.3757380568974772
157,17.834138486312398,22.73215244229737,9.151905528717123,3.717122920021471,22.779119699409556,19.236446591519055,0.5568974771873323,3.616478797638218,0.3757380568974772
158,17.840848094471284,22.685185185185187,9.151905528717123,3.717122920021471,22.779119699409556,18.947933440687063,0.5568974771873323,3.9452495974235107,0.3757380568974772
159,17.961621041331185,22.537573805689746,9.118357487922705,3.824476650563607,22.77241009125067,18.907675791733762,0.5568974771873323,3.9452495974235107,0.3757380568974772
160,18.02871712292002,22.50402576489533,9.118357487922705,3.824476650563607,22.73886205045625,18.907675791733762,0.5568974771873323,3.9452495974235107,0.3757380568974772
161,18.10252281266774,22.490606548577563,9.118357487922705,3.824476650563607,22.685185185185187,18.90096618357488,0.5568974771873323,3.9452495974235107,0.3757380568974772
162,18.209876543209877,22.470477724100913,9.118357487922705,3.824476650563607,22.65163714439077,18.86070853462158,0.5568974771873323,3.9318303811057436,0.3757380568974772
163,18.46484165324745,22.396672034353195,9.07139023081052,3.824476650563607,22.584541062801932,18.813741277509394,0.5367686527106817,3.9318303811057436,0.3757380568974772
164,18.57890499194847,22.21551261406334,9.07139023081052,4.092860976918948,22.50402576489533,18.69296833064949,0.5367686527106817,3.9318303811057436,0.3757380568974772
165,18.719806763285025,22.19538378958669,9.064680622651638,4.092860976918948,22.457058507783145,18.109232420826622,1.0534084809447128,3.9318303811057436,0.3757380568974772
166,18.867418142780462,22.14170692431562,9.064680622651638,4.092860976918948,22.457058507783145,18.02871712292002,1.0399892646269457,3.9318303811057436,0.3757380568974772
167,19.129092860976918,22.074610842726784,9.064680622651638,4.045893719806763,22.396672034353195,17.961621041331185,1.0399892646269457,3.911701556629093,0.3757380568974772
168,19.296833064949006,22.041062801932366,9.01100375738057,4.045893719806763,22.356414385399894,17.921363392377884,1.0399892646269457,3.911701556629093,0.3757380568974772
169,19.43102522812668,22.041062801932366,8.997584541062801,4.045893719806763,22.27589908749329,17.901234567901234,1.0265700483091786,3.911701556629093,0.36902844873859364
170,19.49141170155663,22.0276435856146,8.984165324745035,4.045893719806763,22.25577026301664,17.887815351583466,1.0265700483091786,3.911701556629093,0.36902844873859364
171,19.632313472893184,21.973966720343533,8.896940418679549,4.045893719806763,22.114868491680085,17.746913580246915,1.0265700483091786,3.911701556629093,0.6508319914117016
172,19.685990338164252,21.967257112184647,8.896940418679549,4.045893719806763,22.08132045088567,17.74020397208803,1.0265700483091786,3.911701556629093,0.644122383252818
173,19.77992485238862,21.940418679549115,8.883521202361782,4.045893719806763,22.0276435856146,17.74020397208803,1.0265700483091786,3.911701556629093,0.644122383252818
174,19.45115405260333,21.141975308641975,8.252818035426731,4.045893719806763,21.926999463231347,19.598765432098766,1.0265700483091786,3.911701556629093,0.644122383252818
175,19.565217391304348,21.135265700483092,8.252818035426731,4.045893719806763,21.83977455716586,19.578636607622116,1.0265700483091786,3.911701556629093,0.644122383252818
176,13.969404186795492,42.93478260869565,4.750402576489533,2.61003757380569,17.21014492753623,16.076221148684915,0.19457863660762212,1.6103059581320451,0.644122383252818
177,14.231078904991948,42.3040794417606,4.750402576489533,3.026033279656468,17.196725711218466,16.0426731078905,0.19457863660762212,1.6103059581320451,0.644122383252818
178,14.392109500805153,42.07595276435856,4.750402576489533,3.1199677938808374,17.196725711218466,16.015834675254965,0.19457863660762212,1.6103059581320451,0.644122383252818
179,14.506172839506172,42.0222758990875,4.723564143853999,3.1199677938808374,17.163177670424048,16.015834675254965,0.19457863660762212,1.6103059581320451,0.644122383252818
180,14.700751476113794,41.99543746645196,4.723564143853999,3.113258185721954,17.05582393988191,15.962157809983896,0.19457863660762212,1.6103059581320451,0.644122383252818
181,14.875201288244767,41.928341384863124,4.723564143853999,3.113258185721954,16.988727858293075,15.921900161030596,0.19457863660762212,1.6103059581320451,0.644122383252818
182,14.989264626945786,41.8545356951154,4.723564143853999,3.113258185721954,16.988727858293075,15.881642512077295,0.19457863660762212,1.6103059581320451,0.644122383252818
183,15.210681696188942,41.84111647879764,4.4753086419753085,3.113258185721954,16.961889425657542,15.821256038647343,0.19457863660762212,1.737788513150832,0.644122383252818
184,15.633387010198604,41.58615136876006,4.4753086419753085,3.113258185721954,16.901502952227588,15.713902308105206,0.19457863660762212,1.737788513150832,0.644122383252818
185,14.714170692431562,42.72678475577026,5.394524959742351,3.113258185721954,15.68035426731079,15.438808373590982,0.6843800322061192,1.6035963499731616,0.644122383252818
186,14.80810520665593,42.659688674181425,5.394524959742351,3.113258185721954,15.660225442834138,15.438808373590982,0.6843800322061192,1.6035963499731616,0.6374127750939346
187,14.97584541062802,42.51207729468599,5.394524959742351,3.113258185721954,15.653515834675256,15.425389157273216,0.6843800322061192,1.6035963499731616,0.6374127750939346
188,15.096618357487923,42.39801395598497,5.394524959742351,3.113258185721954,15.653515834675256,15.418679549114332,0.6843800322061192,1.6035963499731616,0.6374127750939346
189,15.311325818572195,42.310789049919485,5.394524959742351,3.113258185721954,15.613258185721953,15.331454643048845,0.6843800322061192,1.6035963499731616,0.6374127750939346
190,15.411969940955448,42.24369296833065,5.374396135265701,3.113258185721954,15.599838969404187,15.331454643048845,0.6843800322061192,1.6035963499731616,0.6374127750939346
191,15.68035426731079,42.15646806226516,5.374396135265701,3.113258185721954,15.566290928609769,15.183843263553408,0.6843800322061192,1.6035963499731616,0.6374127750939346
192,15.888352120236178,41.87466451959206,5.293880837359098,3.2004830917874396,15.687063875469672,15.13016639828234,0.6843800322061192,1.6035963499731616,0.6374127750939346
193,16.002415458937197,41.78073000536769,5.179817498658078,3.2004830917874396,15.687063875469672,15.08990874932904,0.6843800322061192,1.737788513150832,0.6374127750939346
194,16.069511540526033,41.74718196457327,5.179817498658078,3.2004830917874396,15.653515834675256,15.08990874932904,0.6843800322061192,1.737788513150832,0.6374127750939346
195,16.163446054750402,41.277509393451425,5.173107890499195,3.616478797638218,15.626677402039721,15.083199141170155,0.6843800322061192,1.737788513150832,0.6374127750939346
196,16.210413311862588,39.418947933440684,5.173107890499195,5.428073000536768,15.613258185721953,14.969135802469136,0.6843800322061192,1.865271068169619,0.6374127750939346
197,16.297638217928075,38.69431025228127,5.173107890499195,5.723295759527644,16.324476650563607,14.741009125067096,0.6843800322061192,1.865271068169619,0.49651100375738055
198,16.358024691358025,38.6808910359635,5.173107890499195,5.723295759527644,16.31105743424584,14.714170692431562,0.6843800322061192,1.8585614600107354,0.49651100375738055
199,16.364734299516908,38.45276435856146,5.159688674181428,5.615942028985507,17.07595276435856,14.304884594739667,0.6843800322061192,1.8585614600107354,0.4830917874396135
200,16.606280193236714,38.35212023617821,5.0993022007514766,5.615942028985507,17.03569511540526,14.264626945786366,0.6843800322061192,1.8585614600107354,0.4830917874396135
201,16.72705314009662,38.29173376274826,5.0993022007514766,5.595813204508857,16.31105743424584,14.949006977992486,0.6843800322061192,1.8585614600107354,0.4830917874396135
202,16.854535695115406,38.26489533011272,5.092592592592593,5.595813204508857,16.25067096081589,14.915458937198068,0.6843800322061192,1.8585614600107354,0.4830917874396135
203,17.19001610305958,37.96296296296296,5.072463768115942,5.595813204508857,16.23725174449812,14.915458937198068,0.6843800322061192,1.8585614600107354,0.4830917874396135
204,17.324208266237253,37.9495437466452,5.038915727321524,5.595813204508857,16.23725174449812,14.855072463768115,0.6709608158883521,1.8585614600107354,0.46967257112184646
205,17.37788513150832,37.9495437466452,5.038915727321524,5.595813204508857,16.210413311862588,14.828234031132581,0.6709608158883521,1.8585614600107354,0.46967257112184646
206,17.351046698872786,37.8690284487386,5.038915727321524,5.938003220611916,16.210413311862588,14.620236178207193,0.644122383252818,1.8585614600107354,0.46967257112184646
207,17.70665593129361,37.57380568974772,5.025496511003757,6.011808910359635,16.150026838432634,14.566559312936125,0.644122383252818,1.8518518518518519,0.46967257112184646
208,17.8743961352657,37.56038647342995,5.025496511003757,5.931293612453032,16.13660762211487,14.506172839506172,0.644122383252818,1.8518518518518519,0.46967257112184646
209,18.089103596349972,37.5402576489533,5.025496511003757,5.931293612453032,16.009125067096083,14.439076757917338,0.644122383252818,1.8518518518518519,0.46967257112184646
210,18.156199677938808,37.513419216317764,5.018786902844874,5.917874396135265,16.009125067096083,14.42565754159957,0.6374127750939346,1.8518518518518519,0.46967257112184646
211,17.820719269994633,35.88298443370907,7.347020933977456,6.4345142243692965,15.505904455179817,14.096886741814279,0.6105743424584005,1.8317230273752012,0.46967257112184646
212,18.04213633923779,35.87627482555019,7.326892109500805,6.4345142243692965,15.33816425120773,14.076757917337627,0.6105743424584005,1.8317230273752012,0.46296296296296297
213,18.16290928609769,35.84272678475577,7.326892109500805,6.414385399892646,15.33816425120773,14.016371443907676,0.6105743424584005,1.8250134192163177,0.46296296296296297
214,17.975040257648953,35.789049919484704,7.461084272678476,6.743156199677939,15.324745034889963,13.808373590982287,0.6105743424584005,1.8250134192163177,0.46296296296296297
215,18.16290928609769,35.66156736446592,7.461084272678476,6.743156199677939,15.271068169618895,13.801663982823403,0.6105743424584005,1.8250134192163177,0.46296296296296297
216,18.632581857219538,35.339506172839506,7.447665056360709,6.716317767042405,15.163714439076758,13.801663982823403,0.6105743424584005,1.8250134192163177,0.46296296296296297
217,18.69296833064949,35.31266774020397,7.4208266237251745,6.716317767042405,15.163714439076758,13.79495437466452,0.6105743424584005,1.8250134192163177,0.46296296296296297
218,18.766774020397207,35.265700483091784,7.4208266237251745,6.709608158883521,15.150295222758992,13.788244766505636,0.6105743424584005,1.8250134192163177,0.46296296296296297
219,18.988191089640367,35.17176596886742,7.39398819108964,6.66935050993022,15.096618357487923,13.781535158346752,0.6105743424584005,1.8250134192163177,0.46296296296296297
220,19.108964036500268,35.10466988727858,7.367149758454106,6.655931293612453,15.083199141170155,13.781535158346752,0.6105743424584005,1.8250134192163177,0.46296296296296297
221,19.229736983360173,35.037573805689746,7.367149758454106,6.655931293612453,15.029522275899087,13.781535158346752,0.6105743424584005,1.8250134192163177,0.46296296296296297
222,19.404186795491142,34.836285560923244,7.367149758454106,6.736446591519055,15.002683843263553,13.781535158346752,0.6105743424584005,1.7981749865807837,0.46296296296296297
223,19.618894256575416,34.836285560923244,7.219538378958669,6.736446591519055,14.955716586151368,13.761406333870102,0.6105743424584005,1.7981749865807837,0.46296296296296297
224,19.786634460547504,34.80944712828771,7.219538378958669,6.702898550724638,14.88191089640365,13.727858293075684,0.6105743424584005,1.7981749865807837,0.46296296296296297
225,19.96779388083736,34.72222222222222,7.219538378958669,6.66935050993022,14.821524422973699,13.727858293075684,0.6105743424584005,1.7981749865807837,0.46296296296296297
226,20.142243692968332,34.66183574879227,7.212828770799785,6.66935050993022,14.781266774020397,13.667471819645733,0.6105743424584005,1.7981749865807837,0.4562533548040794
227,20.21604938271605,34.594739667203434,7.481213097155126,6.602254428341385,14.63365539452496,13.506441223832528,0.7179280730005367,1.7914653784219001,0.4562533548040794
228,20.35024154589372,34.326355340848096,7.481213097155126,6.763285024154589,14.606816961889425,13.506441223832528,0.7179280730005367,1.7914653784219001,0.4562533548040794
229,20.316693505099302,34.18545356951154,8.715780998389693,5.703166935050993,14.606816961889425,13.506441223832528,0.7179280730005367,1.7914653784219001,0.4562533548040794
230,20.685721953837895,33.9975845410628,8.635265700483092,5.669618894256575,14.573268921095009,13.47289318303811,0.7179280730005367,1.7914653784219001,0.4562533548040794
231,19.51154052603328,33.111916264090176,8.474235104669887,5.629361245303274,13.808373590982287,16.512345679012345,0.6977992485238862,1.7981749865807837,0.4562533548040794
232,19.639023081052066,33.00456253354804,8.474235104669887,5.622651637144391,13.79495437466452,16.512345679012345,0.6977992485238862,1.7981749865807837,0.4562533548040794
233,19.93424584004294,32.91733762748255,8.440687063875469,5.562265163714439,13.727858293075684,16.465378421900162,0.6977992485238862,1.7981749865807837,0.4562533548040794
234,20.101986044015028,32.8166935050993,8.440687063875469,5.528717122920021,13.707729468599034,16.451959205582394,0.6977992485238862,1.7981749865807837,0.4562533548040794
235,20.323403113258184,32.6959205582394,8.36688137412775,5.528717122920021,13.707729468599034,16.42512077294686,0.6977992485238862,1.7981749865807837,0.4562533548040794
236,20.46430488459474,32.6959205582394,8.319914117015566,5.501878690284487,13.6808910359635,16.391572732152444,0.6977992485238862,1.7914653784219001,0.4562533548040794
237,20.531400966183575,32.6959205582394,8.319914117015566,5.501878690284487,13.633923778851315,16.371443907675793,0.6977992485238862,1.7914653784219001,0.4562533548040794
238,20.658883521202362,32.54159957058508,8.319914117015566,5.609232420826624,13.607085346215781,16.317767042404725,0.6977992485238862,1.7914653784219001,0.4562533548040794
239,20.73268921095008,32.49463231347289,8.3064949006978,5.609232420826624,13.593666129898015,16.317767042404725,0.6977992485238862,1.7914653784219001,0.4562533548040794
240,20.90042941492217,32.49463231347289,8.279656468062266,5.515297906602254,13.593666129898015,16.27750939345142,0.6910896403650026,1.7914653784219001,0.4562533548040794
241,20.98094471282877,32.420826623725176,8.272946859903382,5.595813204508857,13.546698872785829,16.27750939345142,0.6910896403650026,1.7914653784219001,0.4227053140096618
242,21.16881374127751,32.30005367686527,8.272946859903382,5.595813204508857,13.533279656468062,16.25067096081589,0.6910896403650026,1.7646269457863661,0.4227053140096618
243,21.20907139023081,32.14573268921095,8.259527643585615,5.750134192163178,13.519860440150294,16.23725174449812,0.6910896403650026,1.7646269457863661,0.4227053140096618
244,21.40365002683843,32.045088566827694,8.239398819108963,5.750134192163178,13.519860440150294,16.17686527106817,0.6910896403650026,1.751207729468599,0.4227053140096618
245,21.55126140633387,32.00483091787439,8.219269994632313,5.750134192163178,13.486312399355878,16.1231884057971,0.6910896403650026,1.751207729468599,0.4227053140096618
246,21.76596886741814,31.863929146537842,8.219269994632313,5.750134192163178,13.459473966720344,16.076221148684915,0.6910896403650026,1.751207729468599,0.4227053140096618
247,21.920289855072465,31.76328502415459,8.192431561996779,5.750134192163178,13.459473966720344,16.049382716049383,0.6910896403650026,1.751207729468599,0.4227053140096618
248,21.960547504025765,31.736446591519055,8.179012345679013,5.750134192163178,13.459473966720344,16.049382716049383,0.6910896403650026,1.751207729468599,0.4227053140096618
249,22.014224369296834,31.702898550724637,8.179012345679013,5.736714975845411,13.459473966720344,16.0426731078905,0.6910896403650026,1.751207729468599,0.4227053140096618
250,22.14170692431562,31.676060118089104,8.172302737520129,5.736714975845411,13.425925925925926,16.009125067096083,0.6776704240472357,1.737788513150832,0.4227053140096618
251,22.32957595276436,31.635802469135804,8.152173913043478,5.736714975845411,13.39237788513151,15.915190552871712,0.6776704240472357,1.737788513150832,0.4227053140096618
252,22.571121846484164,31.468062265163713,8.125335480407944,5.736714975845411,13.385668276972625,15.901771336553946,0.6776704240472357,1.710950080515298,0.4227053140096618
253,22.75228126677402,31.447933440687063,8.111916264090176,5.723295759527644,13.251476113794954,15.901771336553946,0.6776704240472357,1.710950080515298,0.4227053140096618
