,45,50,51,54,55,56,53,58,52,59,57,60,46
0,96.83306494900698,3.166935050993022,,,,,,,,,,,
1,93.83387010198605,6.166129898013956,,,,,,,,,,,
2,73.33601717659688,26.663982823403114,,,,,,,,,,,
3,73.33601717659688,26.663982823403114,,,,,,,,,,,
4,67.86768652710681,29.60950080515298,2.522812667740204,,,,,,,,,,
5,55.23349436392915,29.965110037573805,14.231078904991948,0.5703166935050993,,,,,,,,,
6,49.40955448201825,35.648148148148145,14.231078904991948,0.7112184648416533,,,,,,,,,
7,47.99382716049383,36.33923778851315,14.727589908749328,0.8454106280193237,0.0939345142243693,,,,,,,,
8,48.047504025764894,36.29898013955985,14.687332259796028,0.8454106280193237,0.12077294685990338,,,,,,,,
9,47.92673107890499,36.30568974771873,14.687332259796028,0.8454106280193237,0.23483628556092323,,,,,,,,
10,47.49060654857756,36.73510466988728,14.660493827160494,0.8454106280193237,0.2683843263553409,,,,,,,,
11,45.06843800322061,36.82903918411165,14.351851851851851,3.140096618357488,0.30193236714975846,0.30864197530864196,,,,,,,
12,45.03488996242619,36.3191089640365,14.351851851851851,3.140096618357488,0.41599570585077833,0.30864197530864196,0.4294149221685454,,,,,,
13,45.06172839506173,36.272141706924316,14.371980676328503,3.140096618357488,0.41599570585077833,0.30864197530864196,0.4294149221685454,,,,,,
14,45.09527643585615,36.211755233494365,14.371980676328503,3.1065485775630703,0.4092860976918948,0.30864197530864196,0.46296296296296297,0.03354804079441761,,,,,
15,41.908212560386474,37.02361782071927,14.325013419216317,3.1065485775630703,0.6374127750939346,0.30864197530864196,0.46296296296296297,0.03354804079441761,2.1940418679549114,,,,
16,41.93505099302201,36.94981213097155,14.325013419216317,3.079710144927536,0.6843800322061192,0.30864197530864196,0.46296296296296297,0.03354804079441761,2.1940418679549114,0.026838432635534086,,,
17,41.646537842190014,37.151100375738054,14.412238325281804,3.079710144927536,0.6843800322061192,0.30864197530864196,0.46296296296296297,0.03354804079441761,2.1940418679549114,0.026838432635534086,,,
18,40.53945249597424,38.077026301663984,14.371980676328503,3.3011272141706924,0.6843800322061192,0.30864197530864196,0.46296296296296297,0.03354804079441761,2.1940418679549114,0.026838432635534086,,,
19,39.398819108964034,38.888888888888886,14.338432635534085,3.2877079978529253,1.0869565217391304,0.30864197530864196,0.46296296296296297,0.03354804079441761,2.167203435319377,0.026838432635534086,,,
20,37.84219001610306,40.37842190016103,15.056360708534621,2.589908749329039,1.1003757380568975,0.30864197530864196,0.49651100375738055,0.03354804079441761,2.167203435319377,0.026838432635534086,,,
21,33.641975308641975,44.91411701556629,13.922436929683306,3.2742887815351582,0.7246376811594203,0.2683843263553409,1.0265700483091786,0.03354804079441761,2.167203435319377,0.026838432635534086,,,
22,33.65539452495974,44.880568974771876,13.90901771336554,3.2742887815351582,0.785024154589372,0.2683843263553409,1.0265700483091786,0.03354804079441761,2.1403650026838434,0.026838432635534086,,,
23,33.803005904455176,44.77992485238862,13.868760064412239,3.240740740740741,0.785024154589372,0.30864197530864196,1.0265700483091786,0.03354804079441761,2.1269457863660763,0.026838432635534086,,,
24,32.92404723564144,42.31749865807837,13.47289318303811,1.724369296833065,0.785024154589372,0.8051529790660226,1.0265700483091786,,6.91760601180891,0.026838432635534086,,,
25,32.13231347289318,37.21819645732689,18.16290928609769,1.724369296833065,0.8588298443370908,0.8051529790660226,0.7380568974771873,,8.3064949006978,0.026838432635534086,0.026838432635534086,,
26,32.10547504025765,37.21819645732689,18.189747718733226,1.724369296833065,0.8588298443370908,0.8051529790660226,0.7380568974771873,,8.3064949006978,0.026838432635534086,0.026838432635534086,,
27,29.62962962962963,39.331723027375205,18.095813204508858,1.5163714439076759,1.3486312399355878,0.8655394524959742,0.8655394524959742,,8.293075684380032,0.026838432635534086,0.026838432635534086,,
28,24.872517444981213,44.947665056360705,18.035426731078903,1.4626945786366077,1.3821792807300053,0.8655394524959742,0.8655394524959742,,7.514761137949543,0.026838432635534086,0.026838432635534086,,
29,23.43666129898014,40.485775630703166,24.315619967793882,1.4626945786366077,1.3217928073000538,0.9057971014492754,1.3083735909822867,,6.709608158883521,0.026838432635534086,0.026838432635534086,,
30,23.463499731615673,39.88862050456253,23.235373054213635,1.4626945786366077,1.3888888888888888,1.0064412238325282,1.2681159420289856,,8.232689210950081,0.026838432635534086,0.026838432635534086,,
31,20.913848631239937,33.8768115942029,24.00697799248524,0.9259259259259259,1.261406333870102,1.0869565217391304,1.2681159420289856,,16.57944176060118,0.026838432635534086,0.05367686527106817,,
32,20.92055823939882,33.69565217391305,23.812399355877616,0.9259259259259259,1.2815351583467525,1.0869565217391304,1.8518518518518519,,16.344605475040257,0.026838432635534086,0.05367686527106817,,
33,20.987654320987655,33.63526570048309,23.805689747718734,0.9259259259259259,1.2815351583467525,1.0869565217391304,1.8518518518518519,,16.344605475040257,0.026838432635534086,0.05367686527106817,,
34,20.853462157809982,33.561460010735374,22.67176596886742,0.36231884057971014,1.2815351583467525,0.9930220075147611,3.7037037037037037,,16.492216854535695,0.026838432635534086,0.05367686527106817,,
35,19.685990338164252,32.83682232957595,22.63150831991412,0.36231884057971014,1.2815351583467525,1.3821792807300053,5.904455179817498,,15.83467525496511,0.026838432635534086,0.05367686527106817,,
36,19.30354267310789,32.669082125603865,23.181696188942567,0.36231884057971014,1.3016639828234031,1.3821792807300053,5.904455179817498,,15.814546430488459,0.026838432635534086,0.05367686527106817,,
37,19.363929146537842,32.00483091787439,23.101180891035963,0.36231884057971014,1.5365002683843263,1.3821792807300053,6.367418142780462,,15.780998389694043,0.026838432635534086,0.07380568974771873,,
38,19.108964036500268,31.61567364465915,23.262211486849168,0.36231884057971014,1.5365002683843263,1.9726247987117553,6.367418142780462,,15.673644659151906,0.026838432635534086,0.07380568974771873,,
39,18.95464304884595,30.441492216854535,24.62426194310252,0.36231884057971014,1.482823403113258,1.9860440150295222,6.595544820182502,,15.45222758990875,0.026838432635534086,0.07380568974771873,,
40,18.968062265163713,29.20692431561997,19.83360171765969,0.9393451422436929,1.442565754159957,1.4761137949543746,6.447933440687064,,21.557971014492754,0.026838432635534086,0.10064412238325282,,
41,18.82716049382716,29.139828234031132,19.961084272678477,0.9393451422436929,1.442565754159957,1.6572732152442298,6.447933440687064,,21.4573268921095,0.026838432635534086,0.10064412238325282,,
42,18.86070853462158,29.13311862587225,19.961084272678477,0.9393451422436929,1.442565754159957,1.6572732152442298,6.421095008051529,,21.4170692431562,0.026838432635534086,0.14090177133655393,,
43,18.760064412238325,28.938539989264626,19.961084272678477,1.9189479334406871,1.442565754159957,1.6572732152442298,6.394256575415996,,20.759527643585614,0.026838432635534086,0.14090177133655393,,
44,18.813741277509394,28.710413311862588,19.920826623725173,2.428878153515835,1.6706924315619969,1.5633387010198605,6.394256575415996,,20.33011272141707,0.026838432635534086,0.14090177133655393,,
45,18.377616747181964,26.221148684916802,23.792270531400966,2.428878153515835,1.6237251744498122,1.5901771336553945,5.897745571658615,,19.900697799248523,0.026838432635534086,0.14090177133655393,,
46,18.230005367686527,26.02657004830918,23.658078368223297,2.4020397208803006,1.6908212560386473,1.6304347826086956,5.897745571658615,,20.2361782071927,0.05367686527106817,0.17444981213097155,,
47,18.256843800322063,25.409286097691894,25.825281803542673,2.3081052066559313,1.8317230273752012,1.4761137949543746,5.877616747181965,,18.78690284487386,0.05367686527106817,0.17444981213097155,,
48,18.256843800322063,25.409286097691894,25.79844337090714,2.3081052066559313,1.8317230273752012,1.5029522275899088,5.877616747181965,,18.760064412238325,0.05367686527106817,0.20128824476650564,,
49,18.23671497584541,25.295222758990874,25.79844337090714,1.8451422436929683,1.9592055823939882,1.5029522275899088,5.877616747181965,,19.229736983360173,0.05367686527106817,0.20128824476650564,,
50,18.00858829844337,24.020397208803004,24.56387546967257,1.8451422436929683,2.059849704777241,1.4761137949543746,5.877616747181965,,21.89345142243693,0.05367686527106817,0.20128824476650564,,
51,17.954911433172303,23.993558776167472,24.12104133118626,2.2879763821792807,2.2410091250670963,1.415727321524423,5.877616747181965,,21.786097691894792,0.05367686527106817,0.2683843263553409,,
52,18.00187869028449,23.98684916800859,23.805689747718734,2.4691358024691357,2.2410091250670963,1.5096618357487923,5.877616747181965,,21.786097691894792,0.05367686527106817,0.2683843263553409,,
53,18.015297906602253,23.98684916800859,23.805689747718734,2.4691358024691357,2.2410091250670963,1.5096618357487923,5.8239398819108965,,21.772678475577028,0.05367686527106817,0.322061191626409,,
54,17.673107890499196,23.872785829307567,23.64465915190553,2.4691358024691357,2.281266774020397,1.5096618357487923,5.770263016639828,0.040257648953301126,22.363123993558776,0.05367686527106817,0.322061191626409,,
55,17.713365539452496,23.255501878690286,24.88593666129898,2.4691358024691357,2.1269457863660763,1.442565754159957,5.6964573268921095,0.040257648953301126,22.0276435856146,0.05367686527106817,0.2885131508319914,,
56,17.74020397208803,23.03408480944713,24.872517444981213,2.4691358024691357,2.3349436392914655,1.442565754159957,5.971551261406334,0.040257648953301126,21.752549651100377,0.05367686527106817,0.2885131508319914,,
57,17.780461621041333,23.03408480944713,24.537037037037038,2.4691358024691357,2.6435856146001075,1.442565754159957,5.971551261406334,0.040257648953301126,21.64519592055824,0.05367686527106817,0.3824476650563607,,
58,16.720343531937736,23.59098228663446,26.25469672571122,1.8451422436929683,2.6435856146001075,1.4694041867954912,5.964841653247451,0.040257648953301126,21.061460010735374,0.05367686527106817,0.35560923242082665,,
59,16.774020397208805,23.59098228663446,26.207729468599034,1.8451422436929683,2.6435856146001075,1.4962426194310252,5.938003220611916,0.040257648953301126,21.027911969940956,0.05367686527106817,0.3824476650563607,,
60,16.82769726247987,23.537305421363392,26.194310252281266,1.8451422436929683,2.6704240472356413,1.4962426194310252,5.938003220611916,0.040257648953301126,21.014492753623188,0.05367686527106817,0.3824476650563607,,
61,16.505636070853463,20.41062801932367,31.07890499194847,1.8115942028985508,2.3550724637681157,1.5163714439076759,5.938003220611916,0.040257648953301126,19.96779388083736,0.026838432635534086,0.3488996242619431,,
62,16.451959205582394,20.30998389694042,31.031937734836287,1.8115942028985508,2.3550724637681157,1.7847557702630166,5.924584004294149,0.040257648953301126,19.900697799248523,0.026838432635534086,0.36231884057971014,,
63,16.478797638217927,20.068438003220614,34.29951690821256,1.9189479334406871,2.3215244229736984,1.5163714439076759,6.360708534621578,0.040257648953301126,16.67337627482555,0.026838432635534086,0.2952227589908749,,
64,16.1231884057971,19.766505636070853,35.990338164251206,2.328234031132582,2.2611379495437465,1.5163714439076759,6.360708534621578,0.040257648953301126,15.418679549114332,0.026838432635534086,0.16774020397208803,,
65,16.035963499731615,19.57192699946323,35.41331186258722,2.3215244229736984,2.073268921095008,1.5163714439076759,5.5756843800322065,0.040257648953301126,17.257112184648417,0.026838432635534086,0.16774020397208803,,
66,15.96886741814278,19.558507783145465,33.81642512077295,2.3215244229736984,2.100107353730542,1.415727321524423,7.353730542136339,0.040257648953301126,17.257112184648417,0.026838432635534086,0.14090177133655393,,
67,15.975577026301664,19.410896403650028,35.84272678475577,2.3081052066559313,2.100107353730542,1.4694041867954912,7.0383789586688135,0.08051529790660225,15.60654857756307,0.026838432635534086,0.14090177133655393,,
68,16.002415458937197,19.390767579173378,35.80246913580247,2.3081052066559313,2.13365539452496,1.4694041867954912,7.0383789586688135,0.08051529790660225,15.60654857756307,0.026838432635534086,0.14090177133655393,,
69,15.868223295759528,19.565217391304348,35.73537305421363,2.3081052066559313,2.1806226516371443,1.4694041867954912,6.863929146537842,0.2549651100375738,15.58641975308642,0.026838432635534086,0.14090177133655393,,
70,15.921900161030596,19.330381105743424,36.15807836822329,2.2879763821792807,2.2745571658615136,1.892109500805153,6.407675791733762,0.2549651100375738,15.304616210413311,0.026838432635534086,0.14090177133655393,,
71,15.479066022544284,19.122383252818036,36.9699409554482,2.2879763821792807,2.4221685453569513,1.778046162104133,6.407675791733762,0.2549651100375738,15.103327965646805,0.026838432635534086,0.14761137949543746,,
72,15.53274288781535,19.122383252818036,36.70155662909286,2.2879763821792807,2.4221685453569513,1.778046162104133,6.890767579173376,0.2549651100375738,14.754428341384862,0.026838432635534086,0.2281266774020397,,
73,15.479066022544284,18.88083735909823,36.3996242619431,2.2879763821792807,2.4221685453569513,2.187332259796028,6.702898550724638,0.2549651100375738,15.13016639828234,0.026838432635534086,0.2281266774020397,,
74,15.519323671497585,18.88083735909823,36.36607622114869,2.281266774020397,2.4221685453569513,2.187332259796028,6.702898550724638,0.2549651100375738,15.13016639828234,0.026838432635534086,0.2281266774020397,,
75,15.351583467525497,18.853998926462694,36.882716049382715,2.120236178207193,2.214170692431562,2.2879763821792807,6.702898550724638,0.2549651100375738,15.076489533011273,0.026838432635534086,0.2281266774020397,,
76,15.465646806226516,18.84728931830381,36.802200751476114,2.120236178207193,2.214170692431562,2.314814814814815,6.702898550724638,0.2549651100375738,15.022812667740205,0.026838432635534086,0.2281266774020397,,
77,15.411969940955448,17.94820182501342,37.23161567364466,2.1068169618894257,2.7241009125067097,2.341653247450349,6.702898550724638,0.2549651100375738,15.022812667740205,0.026838432635534086,0.2281266774020397,,
78,15.432098765432098,17.934782608695652,37.19135802469136,2.1068169618894257,2.7241009125067097,2.3752012882447664,6.702898550724638,0.2549651100375738,15.022812667740205,0.026838432635534086,0.2281266774020397,,
79,15.411969940955448,17.894524959742352,36.741814278046164,2.9924852388620504,2.7643585614600106,2.3752012882447664,6.340579710144928,0.2549651100375738,14.99597423510467,0.026838432635534086,0.20128824476650564,,
80,14.88191089640365,17.20343531937735,39.64707461084273,2.9723564143853998,2.7106816961889426,1.6237251744498122,6.340579710144928,0.2549651100375738,14.13714439076758,0.026838432635534086,0.20128824476650564,,
81,14.814814814814815,17.277241009125067,39.63365539452496,2.771068169618894,2.7106816961889426,1.6237251744498122,6.615673644659152,0.2549651100375738,13.996242619431026,0.026838432635534086,0.27509393451422437,,
82,13.20450885668277,13.506441223832528,45.3972088030059,2.737520128824477,2.4892646269457863,1.6035963499731616,6.568706387546968,0.2549651100375738,13.935856146001074,0.026838432635534086,0.27509393451422437,,
83,13.33870101986044,13.459473966720344,45.08185721953838,2.737520128824477,2.7241009125067097,1.6035963499731616,6.568706387546968,0.2549651100375738,13.92914653784219,0.026838432635534086,0.27509393451422437,,
84,13.291733762748256,13.419216317767042,45.1959205582394,2.7241009125067097,2.717391304347826,1.6035963499731616,6.568706387546968,0.2885131508319914,13.88888888888889,0.026838432635534086,0.27509393451422437,,
85,13.405797101449275,13.41250670960816,45.088566827697264,2.7241009125067097,2.7106816961889426,1.6035963499731616,6.595544820182502,0.2885131508319914,13.841921631776705,0.026838432635534086,0.30193236714975846,,
86,13.405797101449275,13.41250670960816,45.03488996242619,2.7241009125067097,2.6704240472356413,1.7579173376274826,6.595544820182502,0.2885131508319914,13.781535158346752,0.026838432635534086,0.30193236714975846,,
87,13.385668276972625,13.365539452495975,45.94068706387547,2.717391304347826,2.791196994095545,1.9659151905528718,6.595544820182502,0.2885131508319914,12.72812667740204,0.026838432635534086,0.19457863660762212,,
88,12.795222758990874,12.184648416532475,44.598765432098766,2.717391304347826,2.717391304347826,1.9659151905528718,6.575415995705851,0.2885131508319914,15.935319377348362,0.026838432635534086,0.19457863660762212,,
89,12.734836285560924,12.164519592055823,42.76704240472356,2.7442297369833604,2.717391304347826,2.200751476113795,8.28636607622115,0.2885131508319914,15.874932903918411,0.026838432635534086,0.19457863660762212,,
90,12.392646269457863,12.620772946859903,42.62614063338701,2.7442297369833604,2.717391304347826,2.2342995169082127,8.279656468062266,0.2885131508319914,15.874932903918411,0.026838432635534086,0.19457863660762212,,
91,12.412775093934513,12.620772946859903,42.552334943639295,2.7442297369833604,2.717391304347826,2.301395598497048,8.279656468062266,0.2885131508319914,15.861513687600644,0.026838432635534086,0.19457863660762212,,
92,12.506709608158884,12.587224906065487,42.23698336017176,2.9119699409554483,2.717391304347826,2.408749329039184,8.279656468062266,0.2885131508319914,15.848094471282877,0.026838432635534086,0.1878690284487386,,
93,12.47987117552335,12.439613526570048,39.982555018786904,2.898550724637681,2.717391304347826,2.4355877616747184,10.876274825550189,0.2885131508319914,15.666935050993022,0.026838432635534086,0.1878690284487386,,
94,12.52012882447665,12.352388620504563,39.79468599033817,2.898550724637681,3.2877079978529253,2.563070316693505,10.876274825550189,0.2885131508319914,15.203972088030058,0.026838432635534086,0.1878690284487386,,
95,12.587224906065487,12.338969404186795,39.54643048845947,3.046162104133119,3.2877079978529253,2.6435856146001075,10.849436392914654,0.2885131508319914,15.197262479871176,0.026838432635534086,0.1878690284487386,,
96,11.98336017176597,13.197799248523886,38.808373590982285,2.999194847020934,3.797638217928073,2.6637144390767578,10.849436392914654,0.2885131508319914,15.136876006441224,0.026838432635534086,0.24825550187869028,,
97,11.996779388083736,13.036768652710682,40.90177133655394,2.999194847020934,3.7909286097691894,2.771068169618894,10.144927536231885,0.2885131508319914,13.828502415458937,0.026838432635534086,0.2147074610842727,,
98,12.04374664519592,13.036768652710682,40.86822329575953,2.999194847020934,3.7775093934514223,2.771068169618894,10.144927536231885,0.2885131508319914,13.828502415458937,0.026838432635534086,0.2147074610842727,,
99,12.06387546967257,13.023349436392914,40.61325818572195,2.999194847020934,3.3011272141706924,2.9924852388620504,10.144927536231885,0.2885131508319914,14.331723027375201,0.026838432635534086,0.2147074610842727,,
100,12.258454106280194,13.023349436392914,40.57971014492754,2.9723564143853998,3.260869565217391,2.965646806226516,10.084541062801932,0.30864197530864196,14.304884594739667,0.026838432635534086,0.2147074610842727,,
101,12.090713902308105,12.587224906065487,40.24422973698336,2.9253891572732154,3.260869565217391,2.9388083735909825,10.312667740203972,0.30864197530864196,15.08990874932904,0.026838432635534086,0.2147074610842727,,
102,12.070585077831455,12.614063338701019,38.86205045625336,3.0931293612453032,3.2474503488996245,2.7106816961889426,11.761943102522812,0.30864197530864196,15.08990874932904,0.026838432635534086,0.2147074610842727,,
103,12.177938808373591,12.593934514224369,38.74127750939345,3.0931293612453032,3.2474503488996245,2.804616210413312,11.714975845410628,0.30864197530864196,15.042941492216855,0.026838432635534086,0.24825550187869028,,
104,11.869296833064949,12.822061191626409,38.177670424047236,3.0864197530864197,3.2742887815351582,2.5496511003757383,11.674718196457327,0.3488996242619431,15.921900161030596,0.026838432635534086,0.24825550187869028,,
105,11.969940955448202,12.795222758990874,38.13070316693505,3.0864197530864197,3.2742887815351582,2.522812667740204,11.674718196457327,0.3488996242619431,15.921900161030596,0.026838432635534086,0.24825550187869028,,
106,11.882716049382717,12.70799785292539,38.56682769726248,2.8515834675254963,3.2742887815351582,2.49597423510467,11.929683306494901,0.3488996242619431,15.666935050993022,0.026838432635534086,0.24825550187869028,,
107,11.896135265700483,12.694578636607622,38.258185721953836,2.7979066022544283,3.2742887815351582,2.9052603327965647,11.929683306494901,0.41599570585077833,15.552871712292003,0.026838432635534086,0.24825550187869028,,
108,11.956521739130435,12.694578636607622,38.197799248523886,2.7979066022544283,3.2742887815351582,2.9052603327965647,11.929683306494901,0.41599570585077833,15.552871712292003,0.026838432635534086,0.24825550187869028,,
109,11.782071926999464,12.835480407944177,38.14412238325282,3.240740740740741,3.3145464304884595,2.8650026838432634,11.929683306494901,0.41599570585077833,15.197262479871176,0.026838432635534086,0.24825550187869028,,
110,11.956521739130435,12.775093934514224,38.097155126140635,3.240740740740741,3.280998389694042,3.046162104133119,11.896135265700483,0.41599570585077833,15.01610305958132,0.026838432635534086,0.24825550187869028,,
111,11.600912506709609,12.721417069243156,38.747987117552334,3.240740740740741,3.280998389694042,3.012614063338701,11.802200751476114,0.49651100375738055,14.821524422973699,0.026838432635534086,0.24825550187869028,,
112,11.600912506709609,12.721417069243156,38.707729468599034,3.2541599570585076,3.2675791733762747,3.1602254428341383,11.694847020933977,0.49651100375738055,14.821524422973699,0.026838432635534086,0.24825550187869028,,
113,10.943370907139023,12.573805689747719,39.76784755770263,3.113258185721954,3.240740740740741,3.1535158346752548,11.694847020933977,0.49651100375738055,14.741009125067096,0.026838432635534086,0.24825550187869028,,
114,10.084541062801932,11.312399355877616,44.46457326892109,3.113258185721954,3.3145464304884595,3.4822866344605474,9.749060654857756,0.41599570585077833,13.788244766505636,0.026838432635534086,0.24825550187869028,,
115,10.124798711755233,11.312399355877616,44.44444444444444,3.113258185721954,3.3145464304884595,3.4822866344605474,9.728931830381105,0.41599570585077833,13.788244766505636,0.026838432635534086,0.24825550187869028,,
116,10.25228126677402,11.305689747718732,44.36392914653784,3.0931293612453032,3.307836822329576,3.488996242619431,9.71551261406334,0.41599570585077833,13.81508319914117,0.026838432635534086,0.2147074610842727,,
117,10.23215244229737,11.084272678475577,42.579173376274824,3.012614063338701,3.33467525496511,3.515834675254965,12.016908212560386,0.41599570585077833,13.56682769726248,0.026838432635534086,0.2147074610842727,,
118,10.037573805689748,9.426999463231347,44.31025228126678,2.1739130434782608,3.307836822329576,3.321256038647343,11.869296833064949,0.41599570585077833,14.895330112721417,0.026838432635534086,0.2147074610842727,,
119,10.198604401502953,9.400161030595813,44.26999463231347,2.1739130434782608,3.3011272141706924,3.321256038647343,11.782071926999464,0.41599570585077833,14.895330112721417,0.026838432635534086,0.2147074610842727,,
120,10.218733225979603,9.312936124530328,44.196188942565755,2.1739130434782608,3.4420289855072466,3.321256038647343,11.782071926999464,0.41599570585077833,14.895330112721417,0.026838432635534086,0.2147074610842727,,
121,10.165056360708535,8.675523349436393,44.196188942565755,2.9589371980676327,3.6902844873859366,3.2206119162640903,11.654589371980677,0.41599570585077833,14.781266774020397,0.026838432635534086,0.2147074610842727,,
122,10.225442834138486,8.548040794417606,44.14251207729468,2.945517981749866,3.8311862587224907,3.2474503488996245,11.634460547504025,0.41599570585077833,14.76784755770263,0.026838432635534086,0.2147074610842727,,
123,10.292538915727322,8.413848631239935,44.115673644659154,2.945517981749866,3.8177670424047236,3.2474503488996245,10.567632850241546,0.41599570585077833,15.942028985507246,0.026838432635534086,0.2147074610842727,,
124,10.453569511540525,8.407139023081053,44.02173913043478,2.945517981749866,3.8177670424047236,3.2474503488996245,10.507246376811594,0.41599570585077833,15.942028985507246,0.026838432635534086,0.2147074610842727,,
125,9.809447128287708,8.07836822329576,44.97450348899624,2.945517981749866,3.8378958668813743,3.2340311325818574,10.520665593129362,0.41599570585077833,15.942028985507246,0.026838432635534086,0.2147074610842727,,
126,9.655126140633387,7.601986044015029,43.994900697799245,2.945517981749866,3.7640901771336552,3.207192699946323,11.439881910896403,0.4495437466451959,16.700214707461082,0.026838432635534086,0.2147074610842727,,
127,9.695383789586689,7.588566827697263,43.82045088566828,2.9388083735909825,3.750670960815888,3.616478797638218,11.66129898013956,0.4495437466451959,16.223832528180353,0.026838432635534086,0.2281266774020397,,
128,9.762479871175524,7.575147611379496,43.605743424584006,2.965646806226516,3.750670960815888,3.8311862587224907,11.600912506709609,0.4495437466451959,16.203703703703702,0.026838432635534086,0.2281266774020397,,
129,9.876543209876543,7.50805152979066,43.585614600107355,2.965646806226516,3.750670960815888,3.851315083199141,11.600912506709609,0.4495437466451959,16.15673644659152,0.026838432635534086,0.2281266774020397,,
130,9.930220075147611,7.50805152979066,43.23671497584541,3.374932903918411,3.784219001610306,3.851315083199141,11.600912506709609,0.4495437466451959,16.029253891572733,0.026838432635534086,0.20799785292538917,,
131,9.96376811594203,7.50805152979066,43.142780461621044,3.408480944712829,4.066022544283414,3.8580246913580245,11.332528180354267,0.4562533548040794,16.029253891572733,0.026838432635534086,0.20799785292538917,,
132,10.017444981213098,7.50805152979066,43.12265163714439,3.408480944712829,4.066022544283414,3.8580246913580245,11.332528180354267,0.4562533548040794,15.995705850778315,0.026838432635534086,0.20799785292538917,,
133,10.0979602791197,7.50805152979066,42.961621041331185,3.408480944712829,4.03918411164788,3.978797638217928,11.332528180354267,0.4562533548040794,15.982286634460548,0.026838432635534086,0.20799785292538917,,
134,9.41358024691358,7.179280730005368,45.98765432098765,3.0931293612453032,4.066022544283414,3.844605475040258,11.097691894793345,0.4562533548040794,14.647074610842727,0.026838432635534086,0.1878690284487386,,
135,9.4873859366613,7.179280730005368,45.591787439613526,3.4688674181427803,4.066022544283414,3.844605475040258,11.077563070316694,0.4562533548040794,14.61352657004831,0.026838432635534086,0.1878690284487386,,
136,9.5276435856146,7.179280730005368,45.55823939881911,3.4688674181427803,4.066022544283414,3.8378958668813743,11.077563070316694,0.4562533548040794,14.61352657004831,0.026838432635534086,0.1878690284487386,,
137,9.41358024691358,7.192699946323135,45.32340311325819,3.4688674181427803,4.0995705850778315,3.7640901771336552,11.017176596886742,0.4562533548040794,15.11003757380569,0.026838432635534086,0.1274825550187869,,
138,9.50751476113795,7.1658615136876005,45.289855072463766,3.4420289855072466,4.159957058507783,3.7640901771336552,10.990338164251208,0.4562533548040794,15.069779924852389,0.026838432635534086,0.1274825550187869,,
139,9.5276435856146,7.132313472893183,44.75979602791197,3.421900161030596,4.676596886741814,3.5426731078904994,10.990338164251208,0.4562533548040794,15.33816425120773,0.026838432635534086,0.1274825550187869,,
140,9.386741814278047,14.06333870101986,41.79414922168545,3.44873859366613,4.274020397208803,3.33467525496511,9.004294149221685,0.4227053140096618,14.083467525496511,0.026838432635534086,0.1610305958132045,,
141,9.541062801932368,14.06333870101986,41.76731078904992,3.44873859366613,4.274020397208803,3.321256038647343,8.943907675791733,0.4227053140096618,14.029790660225443,0.026838432635534086,0.1610305958132045,,
142,9.601449275362318,14.023081052066559,41.75389157273215,3.44873859366613,4.274020397208803,3.321256038647343,8.93719806763285,0.4227053140096618,13.976113794954374,0.026838432635534086,0.2147074610842727,,
143,9.655126140633387,14.023081052066559,41.700214707461086,3.435319377348363,4.274020397208803,3.321256038647343,8.93719806763285,0.43612453032742887,13.976113794954374,0.026838432635534086,0.2147074610842727,,
144,9.71551261406334,14.023081052066559,41.680085882984436,3.435319377348363,4.26731078904992,3.321256038647343,8.923778851315083,0.43612453032742887,13.955984970477724,0.026838432635534086,0.2147074610842727,,
145,9.782608695652174,14.023081052066559,41.6532474503489,3.4151905528717124,4.26731078904992,3.321256038647343,8.917069243156199,0.46296296296296297,13.915727321524423,0.026838432635534086,0.2147074610842727,,
146,9.849704777241008,13.996242619431026,41.599570585077835,3.4151905528717124,4.26731078904992,3.33467525496511,8.917069243156199,0.46296296296296297,13.915727321524423,0.026838432635534086,0.2147074610842727,,
147,9.842995169082126,13.976113794954374,40.68035426731079,3.616478797638218,4.240472356414386,3.307836822329576,9.802737520128824,0.5703166935050993,13.7211486849168,0.026838432635534086,0.2147074610842727,,
148,9.903381642512077,13.962694578636608,40.64009661835749,3.616478797638218,4.233762748255502,3.2742887815351582,9.836285560923242,0.5703166935050993,13.7211486849168,0.026838432635534086,0.2147074610842727,,
149,9.708803005904455,13.915727321524423,40.9621578099839,3.616478797638218,4.206924315619967,3.1468062265163717,8.675523349436393,0.5703166935050993,15.076489533011273,0.026838432635534086,0.0939345142243693,,
150,9.695383789586689,13.915727321524423,40.9621578099839,3.616478797638218,4.206924315619967,3.1468062265163717,8.675523349436393,0.5703166935050993,15.022812667740205,0.026838432635534086,0.1610305958132045,,
151,7.125603864734299,23.1280193236715,37.184648416532475,2.657004830917874,3.5292538915727323,3.046162104133119,8.031400966183575,0.46967257112184646,14.667203435319378,,0.1610305958132045,,
152,6.944444444444445,23.295759527643586,37.043746645195924,2.657004830917874,3.7037037037037037,3.099838969404187,8.581588835212024,0.46967257112184646,14.04320987654321,,0.1610305958132045,,
153,7.058507783145465,23.26892109500805,36.943102522812666,2.657004830917874,3.6902844873859366,3.1468062265163717,8.561460010735374,0.46967257112184646,14.04320987654321,,0.1610305958132045,,
154,7.071926999463232,23.26892109500805,36.943102522812666,2.657004830917874,3.6902844873859366,3.1468062265163717,8.548040794417606,0.46967257112184646,14.04320987654321,,0.1610305958132045,,
155,7.125603864734299,23.26892109500805,36.943102522812666,2.657004830917874,3.6902844873859366,3.1468062265163717,8.548040794417606,0.46967257112184646,13.989533011272142,,0.1610305958132045,,
156,7.1658615136876005,23.262211486849168,36.8894256575416,2.657004830917874,3.6902844873859366,3.2675791733762747,8.507783145464305,0.4428341384863124,13.88888888888889,,0.2281266774020397,,
157,7.092055823939882,23.221953837895867,34.76918947933441,2.657004830917874,3.8177670424047236,3.3011272141706924,10.695115405260333,0.4428341384863124,13.774825550187868,,0.2281266774020397,,
158,6.005099302200751,22.21551261406334,35.93666129898014,2.657004830917874,3.7909286097691894,3.2675791733762747,9.876543209876543,0.4428341384863124,15.579710144927537,,0.2281266774020397,,
159,6.072195383789587,22.168545356951153,35.889694041867955,2.636876006441224,3.844605475040258,3.321256038647343,9.86983360171766,0.4428341384863124,15.526033279656469,,0.2281266774020397,,
160,6.132581857219538,22.168545356951153,35.86285560923242,2.636876006441224,3.8311862587224907,3.3011272141706924,9.86983360171766,0.4428341384863124,15.526033279656469,,0.2281266774020397,,
161,6.166129898013956,22.148416532474503,35.527375201288244,2.636876006441224,3.9519592055823938,3.321256038647343,10.064412238325282,0.4428341384863124,15.5126140633387,,0.2281266774020397,,
162,6.387546967257112,22.000805152979066,35.487117552334944,2.636876006441224,3.9519592055823938,3.3413848631239937,10.064412238325282,0.4428341384863124,15.458937198067632,,0.2281266774020397,,
163,6.400966183574879,21.994095544820183,35.42002147074611,2.636876006441224,3.9989264626945786,3.3682232957595275,10.057702630166398,0.4428341384863124,15.45222758990875,,0.2281266774020397,,
164,6.400966183574879,21.806226516371442,35.42002147074611,2.636876006441224,3.9989264626945786,3.3682232957595275,10.245571658615138,0.4428341384863124,15.45222758990875,,0.2281266774020397,,
165,6.461352657004831,21.77938808373591,34.75577026301664,2.636876006441224,4.159957058507783,3.3413848631239937,10.158346752549651,0.4428341384863124,16.035963499731615,,0.2281266774020397,,
166,6.561996779388084,21.732420826623724,34.66183574879227,2.885131508319914,4.019055287171229,3.3413848631239937,10.131508319914117,0.4428341384863124,15.995705850778315,,0.2281266774020397,,
167,6.561996779388084,21.71900161030596,34.554482018250134,2.818035426731079,4.1532474503489,3.3480944712828773,9.75577026301664,0.4428341384863124,16.418411164787976,,0.2281266774020397,,
168,6.655931293612453,21.70558239398819,34.39345142243693,2.999194847020934,4.045893719806763,3.3011272141706924,10.044283413848632,0.4428341384863124,16.150026838432634,,0.2616747181964573,,
169,4.274020397208803,34.82957595276436,26.737788513150832,2.804616210413312,3.6500268384326353,2.3752012882447664,9.769189479334408,0.4428341384863124,14.875201288244767,,0.24154589371980675,,
170,4.314278046162104,34.23242082662372,26.684111647879764,2.7979066022544283,4.274020397208803,2.3752012882447664,9.75577026301664,0.4428341384863124,14.868491680085883,,0.2549651100375738,,
171,4.247181964573269,27.791196994095547,25.91250670960816,2.7979066022544283,3.9855072463768115,2.341653247450349,17.733494363929147,0.4428341384863124,14.492753623188406,,0.2549651100375738,,
172,4.334406870638754,27.750939345142243,25.865539452495973,2.7979066022544283,3.9855072463768115,2.341653247450349,17.733494363929147,0.4428341384863124,14.492753623188406,,0.2549651100375738,,
173,4.414922168545357,27.556360708534623,25.85212023617821,2.7979066022544283,4.139828234031133,2.314814814814815,17.753623188405797,0.4428341384863124,14.472624798711756,,0.2549651100375738,,
174,4.4753086419753085,27.522812667740205,25.738056897477186,2.7979066022544283,4.17337627482555,2.4221685453569513,17.726784755770264,0.4830917874396135,14.40552871712292,,0.2549651100375738,,
175,4.4753086419753085,27.522812667740205,25.738056897477186,2.7979066022544283,4.17337627482555,2.4221685453569513,17.726784755770264,0.4830917874396135,14.40552871712292,,0.2549651100375738,,
176,4.549114331723027,27.482555018786904,25.704508856682768,2.7979066022544283,4.17337627482555,2.4221685453569513,17.726784755770264,0.4830917874396135,14.40552871712292,,0.2549651100375738,,
177,4.602791196994096,27.24771873322598,25.657541599570585,2.7979066022544283,4.17337627482555,2.3483628556092326,16.626409017713364,0.4830917874396135,15.807836822329575,,0.2549651100375738,,
178,4.616210413311863,26.898819108964037,25.42270531400966,2.7777777777777777,4.206924315619967,2.7979066022544283,16.7337627482555,0.4830917874396135,15.807836822329575,,0.2549651100375738,,
179,4.643048845947397,26.818303811057433,25.308641975308642,2.8515834675254963,4.300858829844337,2.7979066022544283,16.7337627482555,0.4830917874396135,15.807836822329575,,0.2549651100375738,,
180,4.388083735909823,21.994095544820183,25.147611379495437,2.7777777777777777,3.7640901771336552,2.7979066022544283,16.639828234031132,0.4830917874396135,21.752549651100377,,0.2549651100375738,,
181,4.455179817498658,21.987385936661298,25.147611379495437,2.8650026838432634,3.7640901771336552,2.771068169618894,16.57944176060118,0.4830917874396135,21.692163177670423,,0.2549651100375738,,
182,4.42163177670424,21.450617283950617,25.13419216317767,2.8515834675254963,4.17337627482555,2.771068169618894,16.42512077294686,0.4830917874396135,22.034353193773484,,0.2549651100375738,,
183,4.42163177670424,21.34326355340848,25.120772946859905,2.8515834675254963,4.2270531400966185,2.8515834675254963,16.42512077294686,0.4830917874396135,22.020933977455716,,0.2549651100375738,,
184,4.5960815888352125,21.276167471819647,25.013419216317768,2.831454643048846,4.294149221685454,2.844873859366613,16.391572732152444,0.5099302200751477,21.987385936661298,,0.2549651100375738,,
185,4.609500805152979,21.048040794417606,23.517176596886742,2.737520128824477,4.864465915190553,2.8650026838432634,17.800590445517983,0.5099302200751477,21.792807300053678,,0.2549651100375738,,
186,4.62962962962963,20.598497047772412,23.45679012345679,2.818035426731079,5.314009661835748,2.8247450348899625,17.800590445517983,0.5099302200751477,21.792807300053678,,0.2549651100375738,,
187,4.656468062265164,20.591787439613526,23.43666129898014,2.8113258185721954,5.314009661835748,2.85829307568438,17.793880837359097,0.5099302200751477,21.772678475577028,,0.2549651100375738,,
188,4.696725711218465,20.558239398819108,23.30246913580247,2.8113258185721954,5.3274288781535155,2.9924852388620504,17.76033279656468,0.5099302200751477,21.75925925925926,0.026838432635534086,0.2549651100375738,,
189,4.777241009125067,20.511272141706925,23.255501878690286,2.8247450348899625,5.3274288781535155,3.052871712292002,17.72007514761138,0.5501878690284487,21.69887278582931,0.026838432635534086,0.2549651100375738,,
190,4.790660225442834,20.491143317230275,23.255501878690286,2.8247450348899625,5.3274288781535155,2.965646806226516,18.659420289855074,0.5501878690284487,20.853462157809982,0.026838432635534086,0.2549651100375738,,
191,4.918142780461621,20.40391841116479,23.1682769726248,2.8247450348899625,5.4616210413311865,2.965646806226516,18.61916264090177,0.5501878690284487,20.8064949006978,0.026838432635534086,0.2549651100375738,,
192,4.951690821256038,20.377079978529252,23.15485775630703,2.8247450348899625,5.475040257648954,3.026033279656468,18.417874396135264,0.6843800322061192,20.8064949006978,0.026838432635534086,0.2549651100375738,,
193,4.978529253891573,20.249597423510465,23.141438539989263,2.804616210413312,5.595813204508857,3.026033279656468,18.4044551798175,0.6843800322061192,20.8064949006978,0.026838432635534086,0.28180354267310787,,
194,5.045625335480408,20.229468599033815,23.13472893183038,2.804616210413312,5.589103596349974,3.026033279656468,18.38432635534085,0.6843800322061192,20.779656468062264,0.026838432635534086,0.2952227589908749,,
195,5.146269457863661,20.229468599033815,23.101180891035963,2.804616210413312,5.589103596349974,2.999194847020934,18.364197530864196,0.6910896403650026,20.75281803542673,0.026838432635534086,0.2952227589908749,,
196,5.24020397208803,20.182501341921633,23.067632850241544,2.804616210413312,5.595813204508857,2.999194847020934,18.357487922705314,0.6910896403650026,20.739398819108963,0.026838432635534086,0.2952227589908749,,
197,5.293880837359098,20.128824476650564,23.007246376811594,2.804616210413312,5.662909286097692,2.999194847020934,18.35077831454643,0.6910896403650026,20.739398819108963,0.026838432635534086,0.2952227589908749,,
198,5.434782608695652,20.101986044015028,22.946859903381643,2.791196994095545,5.662909286097692,3.026033279656468,18.223295759527645,0.6910896403650026,20.685721953837895,0.04696725711218465,0.38915727321524424,,
199,5.562265163714439,20.101986044015028,22.832796564680624,2.791196994095545,5.662909286097692,3.026033279656468,17.827428878153516,0.7045088566827697,21.054750402576488,0.04696725711218465,0.38915727321524424,,
200,5.609232420826624,20.081857219538378,22.832796564680624,2.791196994095545,5.622651637144391,3.052871712292002,17.404723564143854,0.7045088566827697,21.048040794417606,0.46296296296296297,0.38915727321524424,,
201,5.709876543209877,20.04830917874396,22.79253891572732,2.791196994095545,5.622651637144391,3.0931293612453032,17.37788513150832,0.7045088566827697,21.007783145464305,0.46296296296296297,0.38915727321524424,,
