,45,50,51,55,54,53,52,56,57,58,59,60,61
0,96.7458400429415,3.2541599570585076,,,,,,,,,,,
1,95.967525496511,3.9184111647879765,0.11406333870101985,,,,,,,,,,
2,95.18921095008052,4.696725711218465,0.11406333870101985,,,,,,,,,,
3,94.23644659151906,5.622651637144391,0.11406333870101985,0.026838432635534086,,,,,,,,,
4,92.15646806226516,7.454374664519592,0.07380568974771873,0.026838432635534086,0.2885131508319914,,,,,,,,
5,91.86795491143317,7.742887815351583,0.07380568974771873,0.026838432635534086,0.2885131508319914,,,,,,,,
6,90.94202898550725,8.433977455716587,0.20799785292538917,0.06038647342995169,0.2885131508319914,0.06709608158883522,,,,,,,
7,89.29817498658079,10.077831454643048,0.20799785292538917,0.06038647342995169,0.2885131508319914,0.06709608158883522,,,,,,,
8,89.14385399892646,10.11808910359635,0.23483628556092323,0.14761137949543746,0.2885131508319914,0.06709608158883522,,,,,,,
9,89.01637144390767,10.218733225979603,0.2616747181964573,0.14761137949543746,0.2885131508319914,0.06709608158883522,,,,,,,
10,84.044551798175,15.009393451422437,0.36231884057971014,0.1878690284487386,0.28180354267310787,0.11406333870101985,,,,,,,
11,77.4825550187869,21.35668276972625,0.3488996242619431,0.14761137949543746,0.4092860976918948,0.11406333870101985,0.14090177133655393,,,,,,
12,74.16129898013956,24.59742351046699,0.2616747181964573,0.3153515834675255,0.4092860976918948,0.11406333870101985,0.14090177133655393,,,,,,
13,70.14224369296834,28.29441760601181,0.39586688137412773,0.3488996242619431,0.5636070853462157,0.11406333870101985,0.14090177133655393,,,,,,
14,69.65244229736983,28.797638217928075,0.39586688137412773,0.3488996242619431,0.5501878690284487,0.11406333870101985,0.14090177133655393,,,,,,
15,69.52495974235104,28.475577026301664,0.4294149221685454,0.43612453032742887,0.5501878690284487,0.14090177133655393,0.4428341384863124,,,,,,
16,65.06977992485238,31.689479334406872,1.4895330112721417,0.6239935587761675,0.5501878690284487,0.14090177133655393,0.43612453032742887,,,,,,
17,63.29173376274826,33.25952764358561,1.5230810520665594,0.6508319914117016,0.6977992485238862,0.14090177133655393,0.43612453032742887,,,,,,
18,63.51315083199141,32.49463231347289,1.4962426194310252,1.0802469135802468,0.8454106280193237,0.14090177133655393,0.4294149221685454,,,,,,
19,61.93639291465379,32.6556629092861,3.0730005367686526,1.0265700483091786,0.6977992485238862,0.14090177133655393,0.4294149221685454,0.040257648953301126,,,,,
20,61.37278582930757,32.88378958668814,3.2877079978529253,1.0198604401502953,0.6910896403650026,0.23483628556092323,0.46967257112184646,0.040257648953301126,,,,,
21,61.480139559849704,32.71604938271605,3.294417606011809,1.0601180891035964,0.6776704240472357,0.23483628556092323,0.46967257112184646,0.06709608158883522,,,,,
22,61.500268384326354,32.56172839506173,3.3279656468062266,1.0601180891035964,0.6776704240472357,0.33548040794417605,0.46967257112184646,0.06709608158883522,,,,,
23,55.93800322061192,38.10386473429951,3.240740740740741,1.0869565217391304,0.6776704240472357,0.3153515834675255,0.5703166935050993,0.06709608158883522,,,,,
24,54.28073000536769,37.40606548577563,5.4616210413311865,1.1943102522812667,0.6776704240472357,0.3153515834675255,0.5703166935050993,0.0939345142243693,,,,,
25,54.09286097691895,37.29200214707461,5.649490069779925,1.221148684916801,0.6776704240472357,0.4092860976918948,0.5636070853462157,0.0939345142243693,,,,,
26,54.26731078904992,36.91626409017714,5.622651637144391,1.1943102522812667,0.798443370907139,0.5770263016639828,0.5300590445517982,0.0939345142243693,,,,,
27,54.1532474503489,36.66800858829844,5.542136339237788,1.2278582930756843,0.798443370907139,0.9796027911969941,0.5367686527106817,0.0939345142243693,,,,,
28,54.1129898013956,36.65458937198068,5.548845947396672,1.2546967257112185,0.8185721953837896,0.9393451422436929,0.5770263016639828,0.0939345142243693,,,,,
29,53.46886741814278,33.984165324745035,5.662909286097692,1.2345679012345678,2.5161030595813205,0.8655394524959742,2.1739130434782608,0.0939345142243693,,,,,
30,52.945517981749866,34.25925925925926,5.676328502415459,1.5633387010198605,2.4892646269457863,0.8655394524959742,2.1068169618894257,0.0939345142243693,,,,,
31,52.79119699409554,33.95061728395062,5.837359098228664,1.5633387010198605,2.4892646269457863,0.8655394524959742,2.408749329039184,0.0939345142243693,,,,,
32,51.469404186795494,33.48094471282877,7.461084272678476,1.7444981213097155,2.408749329039184,0.9125067096081588,2.428878153515835,0.0939345142243693,,,,,
33,51.03327965646806,33.843263553408484,7.340311325818572,1.7847557702630166,2.4221685453569513,0.9125067096081588,2.536231884057971,0.1274825550187869,,,,,
34,47.155126140633385,36.95652173913044,8.179012345679013,1.8518518518518519,2.38191089640365,0.9393451422436929,2.408749329039184,0.1274825550187869,,,,,
35,47.34970477724101,36.67471819645733,8.085077831454644,2.046430488459474,2.3349436392914655,0.9393451422436929,2.408749329039184,0.1274825550187869,0.03354804079441761,,,,
36,41.33118625872249,41.04938271604938,10.171765968867419,1.9457863660762211,2.428878153515835,0.7783145464304885,2.1604938271604937,0.10064412238325282,0.03354804079441761,,,,
37,41.700214707461086,40.552871712292,10.084541062801932,2.0263016639828235,2.428878153515835,0.7783145464304885,2.2946859903381642,0.10064412238325282,0.03354804079441761,,,,
38,41.79414922168545,40.52603327965647,10.050993022007514,2.0531400966183573,2.4020397208803006,0.7783145464304885,2.2611379495437465,0.10064412238325282,0.03354804079441761,,,,
39,42.12292002147075,40.07648953301127,9.997316156736447,2.1068169618894257,2.5161030595813205,0.9192163177670424,2.1269457863660763,0.10064412238325282,0.03354804079441761,,,,
40,38.92914653784219,42.921363392377884,9.876543209876543,2.086688137412775,2.6838432635534084,1.2144390767579174,2.120236178207193,0.13419216317767044,0.03354804079441761,,,,
41,38.747987117552334,42.80059044551798,10.010735373054214,2.1806226516371443,2.623456790123457,1.2748255501878691,2.15378421900161,0.17444981213097155,0.03354804079441761,,,,
42,39.049919484702095,42.109500805152976,10.037573805689748,2.227589908749329,2.945517981749866,1.2748255501878691,2.1403650026838434,0.18115942028985507,0.03354804079441761,,,,
43,35.88298443370907,45.71256038647343,9.64170692431562,2.509393451422437,2.690552871712292,1.1943102522812667,2.1604938271604937,0.17444981213097155,0.03354804079441761,,,,
44,36.18491680085883,45.34353193773484,9.634997316156737,2.5295222758990876,2.6972624798711755,1.2748255501878691,2.1269457863660763,0.17444981213097155,0.03354804079441761,,,,
45,34.5276435856146,46.99409554482018,9.588030059044552,2.6637144390767578,2.6167471819645733,1.261406333870102,2.1068169618894257,0.20799785292538917,0.03354804079441761,,,,
46,33.53462157809984,48.56414385399893,9.426999463231347,2.395330112721417,2.442297369833602,1.4358561460010735,1.9592055823939882,0.20799785292538917,0.03354804079441761,,,,
47,33.23268921095008,47.08132045088567,11.439881910896403,2.2946859903381642,2.4355877616747184,1.3419216317767042,1.9592055823939882,0.18115942028985507,0.03354804079441761,,,,
48,32.64224369296833,47.54428341384863,11.29898013955985,2.38191089640365,2.3349436392914655,1.5096618357487923,2.073268921095008,0.18115942028985507,0.03354804079441761,,,,
49,33.111916264090176,47.18867418142781,11.084272678475577,2.395330112721417,2.3215244229736984,1.4761137949543746,2.073268921095008,0.3153515834675255,0.03354804079441761,,,,
50,33.21256038647343,45.819914117015564,11.11111111111111,2.522812667740204,2.49597423510467,1.4962426194310252,2.9924852388620504,0.3153515834675255,0.03354804079441761,,,,
51,30.280461621041333,53.193773483628554,6.977992485238862,2.3483628556092326,2.5295222758990876,1.5767579173376274,2.85829307568438,0.20128824476650564,0.03354804079441761,,,,
52,30.589103596349972,52.683843263553406,7.0450885668276975,2.4892646269457863,2.5966183574879227,1.5297906602254427,2.831454643048846,0.20128824476650564,0.03354804079441761,,,,
53,31.0654857756307,51.851851851851855,6.904186795491143,2.871712292002147,2.5966183574879227,1.5163714439076759,2.885131508319914,0.27509393451422437,0.03354804079441761,,,,
54,31.13929146537842,51.23456790123457,6.890767579173376,3.33467525496511,2.5831991411701556,1.4895330112721417,3.0193236714975846,0.27509393451422437,0.03354804079441761,,,,
55,29.106280193236714,47.89989264626946,12.057165861513688,3.3279656468062266,2.6637144390767578,1.6505636070853462,2.985775630703167,0.27509393451422437,0.03354804079441761,,,,
56,28.75067096081589,45.229468599033815,13.117283950617283,3.683574879227053,4.260601180891036,1.6841116478797638,2.965646806226516,0.27509393451422437,0.03354804079441761,,,,
57,28.29441760601181,43.01529790660226,16.210413311862588,3.5628019323671496,4.314278046162104,1.4559849704777241,2.8381642512077296,0.27509393451422437,0.03354804079441761,,,,
58,27.415458937198068,43.67283950617284,16.55931293612453,3.6231884057971016,4.341116478797638,1.247987117552335,2.831454643048846,0.27509393451422437,0.03354804079441761,,,,
59,27.502683843263554,43.13607085346216,16.284219001610307,4.166666666666667,4.294149221685454,1.3553408480944713,2.9119699409554483,0.27509393451422437,0.07380568974771873,,,,
60,27.80461621041331,42.96833064949007,16.015834675254965,4.388083735909823,4.260601180891036,1.3217928073000538,2.898550724637681,0.2683843263553409,0.07380568974771873,,,,
61,28.06629092860977,42.552334943639295,15.881642512077295,4.562533548040794,4.394793344068707,1.2681159420289856,2.932098765432099,0.2683843263553409,0.07380568974771873,,,,
62,28.341384863123995,42.351046698872786,15.687063875469672,4.636339237788513,4.4820182501341925,1.2681159420289856,2.9052603327965647,0.2549651100375738,0.07380568974771873,,,,
63,28.052871712292003,41.27079978529254,17.002147074610843,5.166398282340311,4.508856682769726,1.1540526033279657,2.5161030595813205,0.2549651100375738,0.07380568974771873,,,,
64,28.576221148684915,40.774288781535155,16.780730005367687,5.233494363929147,4.408212560386473,1.3486312399355878,2.4892646269457863,0.3153515834675255,0.07380568974771873,,,,
65,28.703703703703702,40.53274288781535,16.6935050993022,5.24020397208803,4.5960815888352125,1.3352120236178207,2.5161030595813205,0.30864197530864196,0.07380568974771873,,,,
66,28.864734299516908,38.6406333870102,16.391572732152444,6.642512077294686,5.186527106816962,1.328502415458937,2.4825550187869028,0.38915727321524424,0.07380568974771873,,,,
67,28.75738056897477,36.60762211486849,18.733225979602793,6.454643048845948,5.166398282340311,1.1876006441223832,2.442297369833602,0.5770263016639828,0.07380568974771873,,,,
68,28.629898013955984,35.487117552334944,20.142243692968332,6.374127750939345,5.139559849704777,1.1607622114868492,2.2745571658615136,0.7179280730005367,0.07380568974771873,,,,
69,28.931830381105744,33.93719806763285,20.04830917874396,6.166129898013956,4.978529253891573,1.1607622114868492,3.9989264626945786,0.7045088566827697,0.07380568974771873,,,,
70,29.126409017713364,33.73590982286635,19.82018250134192,6.119162640901771,5.10601180891036,1.3150831991411702,3.9989264626945786,0.7045088566827697,0.07380568974771873,,,,
71,29.086151368760063,32.078636607622116,19.545088566827697,5.978260869565218,5.522007514761138,3.012614063338701,3.992216854535695,0.6776704240472357,0.07380568974771873,0.03354804079441761,,,
72,29.320987654320987,31.723027375201287,19.49812130971551,6.025228126677402,5.508588298443371,3.0394524959742353,3.9855072463768115,0.6776704240472357,0.07380568974771873,0.14761137949543746,,,
73,29.28743961352657,30.689747718733226,19.008319914117017,5.776972624798712,5.971551261406334,3.2340311325818574,5.059044551798175,0.7045088566827697,0.12077294685990338,0.14761137949543746,,,
74,29.47530864197531,30.334138486312398,18.82716049382716,5.924584004294149,6.1862587224906065,3.1602254428341383,5.052334943639291,0.6977992485238862,0.12077294685990338,0.2214170692431562,,,
75,29.73027375201288,29.636339237788512,18.61916264090177,5.904455179817498,6.152710681696189,3.844605475040258,5.01207729468599,0.7581857219538379,0.12077294685990338,0.2214170692431562,,,
76,29.904723564143854,29.334406870638755,18.391035963499732,6.367418142780462,6.105743424584004,3.8378958668813743,4.958400429414922,0.7581857219538379,0.12077294685990338,0.2214170692431562,,,
77,29.965110037573805,28.348094471282877,21.027911969940956,5.199946323134729,6.199677938808374,3.3011272141706924,4.790660225442834,0.8252818035426731,0.12077294685990338,0.2214170692431562,,,
78,30.09259259259259,27.395330112721417,20.229468599033815,5.253623188405797,6.226516371443908,3.475577026301664,6.1862587224906065,0.8319914117015567,0.08722490606548577,0.2214170692431562,,,
79,30.213365539452496,27.18733225979603,19.47799248523886,5.293880837359098,6.246645195920558,3.33467525496511,7.03166935050993,0.7917337627482555,0.20128824476650564,0.2214170692431562,,,
80,29.750402576489535,28.408480944712828,19.102254428341386,5.159688674181428,6.199677938808374,3.33467525496511,6.843800322061192,0.7783145464304885,0.20128824476650564,0.2214170692431562,,,
81,30.24020397208803,28.193773483628558,18.625872249060656,5.273752012882448,6.159420289855072,3.556092324208266,6.749865807836822,0.7783145464304885,0.20128824476650564,0.2214170692431562,,,
82,24.986580783682232,20.799785292538918,37.224906065485776,4.139828234031133,4.51556629092861,2.737520128824477,4.42163177670424,0.7648953301127214,0.1878690284487386,0.2214170692431562,,,
83,25.254965110037574,20.82662372517445,36.91626409017714,4.092860976918948,4.461889425657541,2.771068169618894,4.280730005367687,0.9125067096081588,0.1878690284487386,0.2952227589908749,,,
84,25.697799248523886,20.645464304884594,36.37278582930757,4.314278046162104,4.51556629092861,2.771068169618894,4.253891572732153,0.9460547504025765,0.1878690284487386,0.2952227589908749,,,
85,25.127482555018787,19.37734836285561,38.506441223832525,4.51556629092861,4.28743961352657,2.6704240472356413,4.025764895330113,1.0064412238325282,0.1610305958132045,0.322061191626409,,,
86,22.450348899624263,29.998658078368223,31.414385399892645,4.206924315619967,2.623456790123457,2.3349436392914655,5.736714975845411,0.7447665056360708,0.16774020397208803,0.322061191626409,,,
87,23.013955984970476,29.522275899087493,30.870907139023082,4.508856682769726,2.757648953301127,2.4020397208803006,5.689747718733226,0.7447665056360708,0.16774020397208803,0.322061191626409,,,
88,23.51046698872786,29.300858829844337,30.46833064949007,4.502147074610843,2.804616210413312,2.4825550187869028,5.6964573268921095,0.7447665056360708,0.16774020397208803,0.322061191626409,,,
89,24.040526033279658,28.824476650563607,30.226784755770264,4.4820182501341925,2.985775630703167,2.462426194310252,5.743424584004294,0.7447665056360708,0.16774020397208803,0.322061191626409,,,
90,24.349168008588297,27.78448738593666,29.394793344068706,4.461889425657541,4.669887278582931,2.462426194310252,5.589103596349974,0.7380568974771873,0.16774020397208803,0.3824476650563607,,,
91,24.691358024691358,27.482555018786904,29.200214707461082,4.542404723564144,4.622920021470746,2.428878153515835,5.662909286097692,0.8185721953837896,0.16774020397208803,0.3824476650563607,,,
92,24.97987117552335,27.234299516908212,29.012345679012345,4.750402576489533,4.656468062265164,2.395330112721417,5.656199677938808,0.785024154589372,0.16774020397208803,0.36231884057971014,,,
93,25.10064412238325,27.093397745571657,28.784219001610307,5.005367686527107,4.696725711218465,2.395330112721417,5.5756843800322065,0.8185721953837896,0.16774020397208803,0.36231884057971014,,,
94,23.07434245840043,29.55582393988191,28.31454643048846,5.10601180891036,4.783950617283951,2.3081052066559313,5.46833064949007,0.8856682769726248,0.16774020397208803,0.33548040794417605,,,
95,19.53166935050993,41.57944176060118,20.155662909286097,3.7573805689747717,3.207192699946323,2.1739130434782608,8.487654320987655,0.6374127750939346,0.16774020397208803,0.30193236714975846,,,
96,19.900697799248523,41.00912506709608,19.880568974771872,4.274020397208803,3.280998389694042,2.1403650026838434,8.387010198604402,0.6374127750939346,0.2281266774020397,0.2616747181964573,,,
97,19.753086419753085,39.962426194310254,19.216317767042405,4.690016103059581,3.3950617283950617,2.13365539452496,9.675254965110037,0.6172839506172839,0.2952227589908749,0.2616747181964573,,,
98,20.014761137949545,39.49946323134729,19.223027375201287,4.938271604938271,3.3950617283950617,2.13365539452496,9.54777241009125,0.6172839506172839,0.36902844873859364,0.2616747181964573,,,
99,20.42404723564144,39.210950080515296,19.07541599570585,5.025496511003757,3.535963499731616,2.0397208803005906,9.440418679549115,0.6172839506172839,0.36902844873859364,0.2616747181964573,,,
100,20.725979602791195,38.95598497047772,18.887546967257112,5.152979066022544,3.5292538915727323,2.0397208803005906,9.473966720343531,0.6038647342995169,0.36902844873859364,0.2616747181964573,,,
101,21.28287707997853,38.26489533011272,18.753354804079443,5.4549114331723025,3.5762211486849167,2.1403650026838434,9.292807300053678,0.6038647342995169,0.36902844873859364,0.2616747181964573,,,
102,21.752549651100377,37.76838432635534,18.5252281266774,5.864197530864198,3.5628019323671496,2.1135265700483092,9.017713365539452,0.630703166935051,0.5032206119162641,0.2616747181964573,,,
103,21.289586688137412,27.992485238862052,29.032474503488995,5.515297906602254,3.6231884057971016,2.1135265700483092,8.863392377885132,0.6642512077294686,0.644122383252818,0.2616747181964573,,,
104,21.544551798174986,28.039452495974235,28.743961352657006,5.515297906602254,3.643317230273752,2.1068169618894257,8.641975308641975,0.8588298443370908,0.644122383252818,0.2616747181964573,,,
105,22.020933977455716,27.83816425120773,28.475577026301664,5.35426731078905,3.8177670424047236,2.1604938271604937,8.501073537305421,0.9259259259259259,0.644122383252818,0.2616747181964573,,,
106,22.530864197530864,27.435587761674718,28.16022544283414,5.448201825013419,3.784219001610306,2.1940418679549114,8.447396672034353,1.0869565217391304,0.6172839506172839,0.2952227589908749,,,
107,22.859634997316157,27.167203435319376,27.79790660225443,5.622651637144391,3.9452495974235107,2.254428341384863,8.353462157809984,1.0869565217391304,0.6172839506172839,0.2952227589908749,,,
108,23.013955984970476,26.7512077294686,27.791196994095547,5.709876543209877,3.978797638217928,2.1940418679549114,8.507783145464305,1.1137949543746646,0.644122383252818,0.2952227589908749,,,
109,23.423242082662373,26.34863123993559,27.408749329039185,6.018518518518518,3.898282340311326,2.254428341384863,8.387010198604402,1.3352120236178207,0.6038647342995169,0.322061191626409,,,
110,23.752012882447666,26.154052603327965,27.22758990874933,6.152710681696189,3.9318303811057436,2.227589908749329,8.293075684380032,1.3620504562533549,0.5770263016639828,0.322061191626409,,,
111,21.490874932903917,21.72571121846484,38.34541062801932,5.199946323134729,3.2877079978529253,1.3486312399355878,6.763285024154589,1.2278582930756843,0.5770263016639828,0.03354804079441761,,,
112,21.940418679549115,21.571390230810522,37.96296296296296,5.35426731078905,3.2877079978529253,1.328502415458937,6.716317767042405,1.2278582930756843,0.5770263016639828,0.03354804079441761,,,
113,22.403381642512077,21.43719806763285,37.513419216317764,5.35426731078905,3.2340311325818574,1.3754696725711217,6.736446591519055,1.3352120236178207,0.5770263016639828,0.03354804079441761,,,
114,22.624798711755233,21.135265700483092,37.3389694041868,5.314009661835748,3.5426731078904994,1.3687600644122384,6.729736983360172,1.3352120236178207,0.5770263016639828,0.03354804079441761,,,
115,22.933440687063875,20.994363929146537,36.99006977992485,5.46833064949007,3.6768652710681695,1.4761137949543746,6.528448738593666,1.3352120236178207,0.5636070853462157,0.03354804079441761,,,
116,23.221953837895867,20.947396672034355,36.42646269457864,5.736714975845411,3.69699409554482,1.4626945786366077,6.508319914117015,1.402308105206656,0.5636070853462157,0.03354804079441761,,,
117,23.34272678475577,20.699141170155663,36.15807836822329,6.246645195920558,3.7372517444981215,1.4626945786366077,6.347289318303811,1.4761137949543746,0.49651100375738055,0.03354804079441761,,,
118,23.637949543746647,20.511272141706925,35.68840579710145,6.333870101986044,3.717122920021471,1.7444981213097155,6.3070316693505095,1.5297906602254427,0.49651100375738055,0.03354804079441761,,,
119,23.866076221148685,20.44417606011809,34.15190552871712,7.608695652173913,3.643317230273752,1.7713365539452497,6.246645195920558,1.7042404723564144,0.5300590445517982,0.03354804079441761,,,
120,24.335748792270532,20.283145464304884,33.742619431025226,7.628824476650563,3.6768652710681695,1.6103059581320451,6.226516371443908,1.8250134192163177,0.6374127750939346,0.03354804079441761,,,
121,24.852388620504563,19.95437466451959,33.45410628019324,7.615405260332796,3.670155662909286,1.6572732152442298,6.239935587761675,1.8853998926462694,0.6374127750939346,0.03354804079441761,,,
122,24.208266237251745,19.45115405260333,34.695383789586685,7.769726247987117,3.878153515834675,1.6237251744498122,5.776972624798712,1.9256575415995705,0.6374127750939346,0.03354804079441761,,,
123,24.14787976382179,18.96135265700483,37.07058507783145,7.648953301127214,3.750670960815888,1.6304347826086956,4.62962962962963,1.6706924315619969,0.46296296296296297,0.026838432635534086,,,
124,23.899624261943103,18.625872249060656,34.90338164251208,6.850509930220075,3.978797638217928,1.6170155662909287,7.749597423510467,1.7646269457863661,0.5837359098228664,0.026838432635534086,,,
125,23.429951690821255,17.465110037573805,37.493290391841114,6.642512077294686,3.898282340311326,1.6035963499731616,7.253086419753086,1.6035963499731616,0.5837359098228664,0.026838432635534086,,,
126,23.926462694578635,17.330917874396135,37.17122920021471,6.6760601180891035,3.851315083199141,1.6505636070853462,7.152442297369833,1.6035963499731616,0.6105743424584005,0.026838432635534086,,,
127,24.12775093934514,17.424852388620504,36.86929683306495,6.541867954911433,3.9049919484702094,1.7176596886741815,7.118894256575416,1.6304347826086956,0.6105743424584005,0.026838432635534086,0.026838432635534086,,
128,24.62426194310252,17.330917874396135,36.191626409017715,6.702898550724638,3.878153515834675,1.710950080515298,7.105475040257649,1.7713365539452497,0.6105743424584005,0.04696725711218465,0.026838432635534086,,
129,24.402844873859365,16.75389157273215,36.89613526570049,6.756575415995706,3.864734299516908,1.6975308641975309,7.058507783145465,1.8853998926462694,0.6105743424584005,0.04696725711218465,0.026838432635534086,,
130,24.44310252281267,16.59286097691895,36.77536231884058,6.877348362855609,3.8043478260869565,1.8988191089640365,6.9243156199677935,1.9122383252818036,0.6977992485238862,0.04696725711218465,0.026838432635534086,,
131,24.67793880837359,16.27079978529254,36.42646269457864,6.723027375201288,3.864734299516908,1.8853998926462694,7.320182501341922,1.9927536231884058,0.6910896403650026,0.12077294685990338,0.026838432635534086,,
132,25.107353730542137,15.96886741814278,36.2385936661299,6.9243156199677935,3.851315083199141,1.9524959742351047,7.179280730005368,1.9659151905528718,0.6642512077294686,0.12077294685990338,0.026838432635534086,,
133,25.617283950617285,15.83467525496511,35.527375201288244,7.1658615136876005,3.784219001610306,1.9524959742351047,7.179280730005368,2.1269457863660763,0.6642512077294686,0.12077294685990338,0.026838432635534086,,
134,25.5300590445518,16.069511540526033,35.33279656468062,7.132313472893183,3.844605475040258,2.046430488459474,7.159151905528717,2.100107353730542,0.6374127750939346,0.12077294685990338,0.026838432635534086,,
135,25.751476113794954,15.895061728395062,35.20531400966183,7.159151905528717,3.9855072463768115,2.006172839506173,7.105475040257649,2.086688137412775,0.6575415995705851,0.12077294685990338,0.026838432635534086,,
136,26.221148684916802,15.780998389694043,34.816156736446594,7.159151905528717,3.9519592055823938,2.006172839506173,7.0450885668276975,2.26784755770263,0.630703166935051,0.12077294685990338,,,
137,26.42914653784219,15.653515834675256,34.74906065485776,7.185990338164252,3.9184111647879765,1.9994632313472893,7.018250134192163,2.2946859903381642,0.630703166935051,0.12077294685990338,,,
138,26.34863123993559,15.633387010198604,34.14519592055824,7.427536231884058,4.066022544283414,2.0128824476650564,7.024959742351046,2.509393451422437,0.7112184648416533,0.12077294685990338,,,
139,26.402308105206657,15.60654857756307,34.064680622651636,7.548309178743962,4.146537842190016,1.9994632313472893,6.9310252281266775,2.4355877616747184,0.7447665056360708,0.12077294685990338,,,
140,26.288244766505635,15.49248523886205,31.105743424584006,10.695115405260333,4.086151368760064,2.059849704777241,6.78341384863124,2.5026838432635534,0.8655394524959742,0.12077294685990338,,,
141,26.583467525496513,15.405260332796564,30.823939881910896,10.748792270531402,4.166666666666667,2.046430488459474,6.769994632313473,2.4691358024691357,0.8655394524959742,0.12077294685990338,,,
142,26.918947933440688,15.277777777777779,30.54213633923779,10.715244229736983,4.166666666666667,2.167203435319377,6.816961889425658,2.4154589371980677,0.8588298443370908,0.12077294685990338,,,
143,27.388620504562535,15.069779924852389,30.152979066022546,9.614868491680086,4.106280193236715,2.167203435319377,8.158883521202362,2.3886205045625335,0.8319914117015567,0.12077294685990338,,,
144,27.415458937198068,14.962426194310252,29.99194847020934,9.695383789586689,4.233762748255502,2.1940418679549114,8.07836822329576,2.5026838432635534,0.8051529790660226,0.12077294685990338,,,
145,27.462426194310254,14.727589908749328,29.502147074610843,9.702093397745571,4.260601180891036,2.49597423510467,8.091787439613526,2.7241009125067097,0.9125067096081588,0.12077294685990338,,,
146,27.549651100375737,14.586688137412775,29.441760601180892,9.742351046698873,4.4820182501341925,2.49597423510467,7.9106280193236715,2.7844873859366612,0.8856682769726248,0.12077294685990338,,,
147,27.91867954911433,14.492753623188406,29.159957058507782,9.77589908749329,4.388083735909823,2.5966183574879227,7.883789586688137,2.7777777777777777,0.8856682769726248,0.12077294685990338,,,
148,24.704777241009126,27.120236178207193,20.813204508856682,8.192431561996779,3.9586688137412773,2.227589908749329,10.299248523886206,2.1135265700483092,0.4495437466451959,0.12077294685990338,,,
149,24.86580783682233,26.952495974235106,20.779656468062264,8.179012345679013,3.911701556629093,2.4221685453569513,10.205314009661835,2.1135265700483092,0.4495437466451959,0.12077294685990338,,,
150,24.818840579710145,26.77133655394525,21.329844337090712,7.991143317230274,3.9720880300590444,2.3752012882447664,10.077831454643048,2.0933977455716586,0.4495437466451959,0.12077294685990338,,,
151,24.62426194310252,25.59044551798175,21.034621578099838,9.896672034353195,3.9184111647879765,2.341653247450349,9.936929683306495,2.059849704777241,0.47638217928073,0.12077294685990338,,,
152,24.9194847020934,25.389157273215243,20.840042941492218,9.943639291465379,3.8915727321524423,2.4221685453569513,9.943639291465379,2.0531400966183573,0.47638217928073,0.12077294685990338,,,
153,24.422973698336016,24.966451959205582,20.162372517444982,8.957326892109501,3.9184111647879765,5.199946323134729,10.02415458937198,1.8786902844873858,0.39586688137412773,0.07380568974771873,,,
154,24.698067632850243,24.664519592055825,20.014761137949545,9.286097691894794,3.9184111647879765,5.193236714975845,9.876543209876543,1.8786902844873858,0.39586688137412773,0.07380568974771873,,,
155,24.416264090177133,23.886205045625335,19.639023081052066,9.172034353193773,3.8177670424047236,5.60252281266774,11.117820719269995,1.8451422436929683,0.4294149221685454,0.07380568974771873,,,
156,24.684648416532475,23.65136876006441,19.45115405260333,9.27938808373591,3.7909286097691894,5.703166935050993,10.997047772410092,1.8853998926462694,0.4294149221685454,0.1274825550187869,,,
157,24.892646269457863,23.21524422973698,19.142512077294686,9.406870638754697,3.9586688137412773,5.803811057434245,10.976918947933441,2.033011272141707,0.4428341384863124,0.1274825550187869,,,
158,25.046967257112186,22.953569511540525,19.142512077294686,9.567901234567902,4.066022544283414,5.776972624798712,10.84272678475577,2.033011272141707,0.4428341384863124,0.1274825550187869,,,
159,25.389157273215243,22.725442834138487,18.99490069779925,9.648416532474503,3.9519592055823938,5.911164787976382,10.782340311325818,1.9927536231884058,0.4428341384863124,0.1610305958132045,,,
160,25.946054750402578,22.463768115942027,18.98148148148148,9.588030059044552,3.911701556629093,5.857487922705314,10.742082662372518,1.9592055823939882,0.4025764895330113,0.14761137949543746,,,
161,26.039989264626946,22.108158883521202,19.659151905528716,9.433709071390231,3.824476650563607,5.522007514761138,10.581052066559312,2.1403650026838434,0.4025764895330113,0.2214170692431562,0.06709608158883522,,
162,26.268115942028984,21.91358024691358,19.33709071390231,9.581320450885668,4.240472356414386,5.314009661835748,10.507246376811594,2.1269457863660763,0.39586688137412773,0.24825550187869028,0.06709608158883522,,
163,25.939345142243692,21.69887278582931,20.78636607622115,9.453837895866881,4.1532474503489,5.320719269994632,9.876543209876543,2.2208803005904456,0.20128824476650564,0.24825550187869028,0.06709608158883522,0.03354804079441761,
164,25.389157273215243,21.32313472893183,22.094739667203434,9.366612989801396,3.992216854535695,5.260332796564681,9.64170692431562,2.314814814814815,0.24154589371980675,0.27509393451422437,0.06709608158883522,0.03354804079441761,
165,25.670960815888353,21.195652173913043,21.886741814278047,9.447128287707997,3.9989264626945786,5.280461621041331,9.500805152979066,2.428878153515835,0.20128824476650564,0.2885131508319914,0.06709608158883522,0.03354804079441761,
166,26.402308105206657,20.96081588835212,21.40365002683843,9.41358024691358,3.898282340311326,5.273752012882448,9.561191626409018,2.49597423510467,0.20128824476650564,0.2885131508319914,0.06709608158883522,0.03354804079441761,
167,26.583467525496513,20.813204508856682,21.336553945249598,9.265968867418144,4.025764895330113,5.360976918947934,9.500805152979066,2.522812667740204,0.20128824476650564,0.2885131508319914,0.06709608158883522,0.03354804079441761,
168,25.55018786902845,19.216317767042405,21.591519055287172,8.836553945249598,6.3137412775093935,5.307300053676865,10.279119699409554,2.5161030595813205,0.16774020397208803,0.12077294685990338,0.06709608158883522,0.03354804079441761,
169,25.503220611916262,18.853998926462694,21.578099838969404,8.896940418679549,6.608964036500268,5.267042404723564,10.25228126677402,2.623456790123457,0.16774020397208803,0.12077294685990338,0.0939345142243693,0.03354804079441761,
170,25.93263553408481,18.357487922705314,21.3768115942029,9.16532474503489,6.5552871712292005,5.307300053676865,10.305958132045088,2.5831991411701556,0.16774020397208803,0.12077294685990338,0.0939345142243693,0.03354804079441761,
171,26.120504562533547,18.095813204508858,20.96081588835212,9.628287707997853,6.5552871712292005,5.360976918947934,10.25228126677402,2.61003757380569,0.16774020397208803,0.12077294685990338,0.0939345142243693,0.03354804079441761,
172,26.167471819645733,17.54562533548041,20.645464304884594,9.614868491680086,6.092324208266238,6.541867954911433,10.279119699409554,2.6972624798711755,0.16774020397208803,0.12077294685990338,0.0939345142243693,0.03354804079441761,
173,26.362050456253353,17.398013955984972,20.437466451959207,9.588030059044552,6.052066559312936,6.568706387546968,10.104669887278583,3.066290928609769,0.16774020397208803,0.1274825550187869,0.0939345142243693,0.03354804079441761,
174,26.630434782608695,17.37788513150832,20.229468599033815,9.688674181427805,5.904455179817498,6.481481481481482,10.138217928073,3.126677402039721,0.16774020397208803,0.1274825550187869,0.0939345142243693,0.03354804079441761,
175,26.838432635534083,17.310789049919485,20.155662909286097,9.675254965110037,5.884326355340848,6.421095008051529,10.104669887278583,3.126677402039721,0.16774020397208803,0.1274825550187869,0.15432098765432098,0.03354804079441761,
176,27.093397745571657,17.082662372517444,20.115405260332796,9.628287707997853,5.844068706387547,6.461352657004831,10.144927536231885,3.079710144927536,0.16774020397208803,0.1610305958132045,0.15432098765432098,0.06709608158883522,
177,27.388620504562535,16.76731078904992,20.04830917874396,9.930220075147611,5.783682232957595,6.515029522275899,9.936929683306495,3.0059044551798175,0.2549651100375738,0.14761137949543746,0.15432098765432098,0.06709608158883522,
178,27.70397208803006,16.6532474503489,19.94766505636071,9.88996242619431,5.770263016639828,6.5485775630703165,9.742351046698873,3.0394524959742353,0.3421900161030596,0.14761137949543746,0.14761137949543746,0.06709608158883522,
179,27.79790660225443,16.55931293612453,19.80005367686527,9.849704777241008,5.71658615136876,6.716317767042405,9.742351046698873,3.0864197530864197,0.3421900161030596,0.17444981213097155,0.14761137949543746,0.06709608158883522,
180,28.026033279656467,16.404991948470208,19.43773483628556,9.930220075147611,5.636070853462158,6.877348362855609,9.708803005904455,3.113258185721954,0.3421900161030596,0.30864197530864196,0.14761137949543746,0.06709608158883522,
181,28.267579173376276,16.190284487385938,19.49812130971551,9.943639291465379,5.770263016639828,6.662640901771336,9.648416532474503,3.1199677938808374,0.3421900161030596,0.36231884057971014,0.14761137949543746,0.04696725711218465,
182,28.75738056897477,16.09634997316157,19.350509930220074,9.863123993558776,5.750134192163178,6.5485775630703165,9.494095544820183,3.099838969404187,0.3757380568974772,0.4428341384863124,0.17444981213097155,0.04696725711218465,
183,28.958668813741276,16.002415458937197,19.26328502415459,9.782608695652174,5.884326355340848,6.427804616210413,9.54777241009125,3.0730005367686526,0.41599570585077833,0.4227053140096618,0.17444981213097155,0.04696725711218465,
184,29.139828234031132,15.827965646806227,19.061996779388085,9.930220075147611,6.005099302200751,6.461352657004831,9.41358024691358,3.0730005367686526,0.43612453032742887,0.4227053140096618,0.18115942028985507,0.04696725711218465,
185,29.032474503488995,15.579710144927537,18.59903381642512,9.702093397745571,6.139291465378422,7.682501341921632,9.252549651100376,2.9723564143853998,0.43612453032742887,0.3757380568974772,0.18115942028985507,0.04696725711218465,
186,29.300858829844337,15.559581320450885,18.511808910359633,9.695383789586689,6.018518518518518,7.669082125603865,9.25925925925926,2.9723564143853998,0.43612453032742887,0.3757380568974772,0.15432098765432098,0.04696725711218465,
187,29.280730005367687,15.425389157273216,18.511808910359633,9.789318303811058,6.005099302200751,7.675791733762749,9.373322597960279,2.9388083735909825,0.4227053140096618,0.3757380568974772,0.15432098765432098,0.04696725711218465,
188,29.482018250134193,15.26435856146001,18.377616747181964,9.796027911969942,6.159420289855072,7.64224369296833,9.359903381642512,2.918679549114332,0.4227053140096618,0.3757380568974772,0.15432098765432098,0.04696725711218465,
189,29.716854535695116,15.163714439076758,18.263553408480945,9.822866344605474,6.260064412238325,7.581857219538379,9.272678475577026,2.9253891572732154,0.4227053140096618,0.3757380568974772,0.14761137949543746,0.04696725711218465,
190,29.884594739667204,15.056360708534621,18.230005367686527,9.936929683306495,6.213097155126141,7.5348899624261945,9.252549651100376,2.898550724637681,0.4227053140096618,0.3757380568974772,0.14761137949543746,0.04696725711218465,
191,30.139559849704778,15.029522275899087,17.995169082125603,9.849704777241008,6.246645195920558,7.461084272678476,9.366612989801396,2.85829307568438,0.4428341384863124,0.38915727321524424,0.14761137949543746,0.07380568974771873,
192,29.663177670424048,13.821792807300053,17.834138486312398,11.714975845410628,6.253354804079442,7.521470746108427,9.41358024691358,2.7241009125067097,0.4428341384863124,0.38915727321524424,0.14761137949543746,0.07380568974771873,
193,29.394793344068706,13.714439076757918,19.53166935050993,10.668276972624799,6.300322061191626,7.5281803542673105,9.23913043478261,2.6301663982823404,0.4428341384863124,0.35560923242082665,0.13419216317767044,0.06038647342995169,
194,29.54911433172303,13.56682769726248,19.410896403650028,10.84272678475577,6.018518518518518,7.575147611379496,9.178743961352657,2.6167471819645733,0.47638217928073,0.35560923242082665,0.3488996242619431,0.06038647342995169,
195,29.696725711218466,13.41250670960816,19.088835212023618,11.104401502952227,6.199677938808374,7.615405260332796,9.05126140633387,2.6704240472356413,0.41599570585077833,0.35560923242082665,0.32877079978529256,0.06038647342995169,
196,29.482018250134193,12.533548040794418,18.92109500805153,11.037305421363392,6.0654857756307035,9.252549651100376,8.984165324745035,2.6167471819645733,0.36231884057971014,0.35560923242082665,0.32877079978529256,0.06038647342995169,
197,29.468599033816425,12.305421363392378,18.63929146537842,11.16478797638218,5.971551261406334,9.936929683306495,8.816425120772946,2.6033279656468062,0.3488996242619431,0.35560923242082665,0.32877079978529256,0.06038647342995169,
198,29.528985507246375,11.996779388083736,18.38432635534085,11.808910359634996,6.031937734836285,9.822866344605474,8.735909822866345,2.6033279656468062,0.3488996242619431,0.3488996242619431,0.32877079978529256,0.06038647342995169,
199,29.622920021470748,11.949812130971551,18.283682232957595,11.829039184111648,6.011808910359635,9.722222222222221,8.856682769726248,2.636876006441224,0.3488996242619431,0.3488996242619431,0.32877079978529256,0.06038647342995169,
200,29.200214707461082,11.60762211486849,19.618894256575416,11.922973698336017,5.783682232957595,9.480676328502415,8.68894256575416,2.6435856146001075,0.3488996242619431,0.32877079978529256,0.3153515834675255,0.06038647342995169,
201,29.24718196457327,11.594202898550725,19.558507783145465,11.788781535158346,5.756843800322061,9.473966720343531,8.729200214707461,2.8113258185721954,0.33548040794417605,0.32877079978529256,0.3153515834675255,0.06038647342995169,
202,29.388083735909824,11.52710681696189,19.49141170155663,11.621041331186259,5.736714975845411,9.426999463231347,8.776167471819646,2.8113258185721954,0.4092860976918948,0.4092860976918948,0.3421900161030596,0.06038647342995169,
203,29.74369296833065,11.473429951690822,19.249865807836823,11.849168008588299,5.703166935050993,9.232420826623725,8.702361782071927,2.7979066022544283,0.43612453032742887,0.4092860976918948,0.3421900161030596,0.06038647342995169,
204,29.757112184648417,11.41304347826087,19.243156199677937,11.855877616747183,5.743424584004294,9.219001610305957,8.749329039184111,2.7979066022544283,0.43612453032742887,0.4092860976918948,0.3153515834675255,0.06038647342995169,
205,29.716854535695116,11.238593666129898,19.122383252818036,11.90955448201825,5.797101449275362,9.232420826623725,8.702361782071927,3.0595813204508855,0.43612453032742887,0.4092860976918948,0.3153515834675255,0.06038647342995169,
206,29.944981213097154,11.124530327428879,19.07541599570585,11.808910359634996,5.9447128287707995,9.145195920558239,8.695652173913043,3.026033279656468,0.46967257112184646,0.4092860976918948,0.2952227589908749,0.06038647342995169,
207,30.139559849704778,11.037305421363392,18.968062265163713,11.788781535158346,5.984970477724101,9.037842190016104,8.796296296296296,3.026033279656468,0.4562533548040794,0.4092860976918948,0.2952227589908749,0.06038647342995169,
208,30.334138486312398,10.943370907139023,18.80703166935051,11.668008588298443,6.125872249060655,9.111647879763822,8.809715512614064,2.985775630703167,0.4227053140096618,0.4092860976918948,0.2952227589908749,0.08722490606548577,
209,30.381105743424584,10.795759527643586,18.686258722490606,11.688137412775093,6.3137412775093935,8.984165324745035,8.856682769726248,2.9589371980676327,0.5434782608695652,0.4092860976918948,0.2952227589908749,0.08722490606548577,
