,45,50,51,53,55,56,58,52,54,61,60,57,59,46,63,62
0,99.63097155126141,0.36902844873859364,,,,,,,,,,,,,,
1,99.3491680085883,0.630703166935051,0.013419216317767043,0.0067096081588835215,,,,,,,,,,,,
2,97.89318303811058,2.086688137412775,0.013419216317767043,0.0067096081588835215,,,,,,,,,,,,
3,97.43692968330649,2.5295222758990876,0.026838432635534086,0.0067096081588835215,,,,,,,,,,,,
4,93.31052066559313,6.642512077294686,0.026838432635534086,0.0067096081588835215,0.013419216317767043,,,,,,,,,,,
5,93.08239398819109,6.870638754696726,0.026838432635534086,0.0067096081588835215,0.013419216317767043,,,,,,,,,,,
6,91.43183038110574,8.521202361782072,0.026838432635534086,0.0067096081588835215,0.013419216317767043,,,,,,,,,,,
7,70.26972624798712,29.656468062265162,0.026838432635534086,0.0067096081588835215,0.040257648953301126,,,,,,,,,,,
8,65.68035426731079,32.47450348899624,1.710950080515298,0.0067096081588835215,0.1274825550187869,,,,,,,,,,,
9,65.08990874932904,30.615942028985508,1.737788513150832,2.368491680085883,0.1878690284487386,,,,,,,,,,,
10,63.53327965646806,30.079173376274827,3.797638217928073,2.3081052066559313,0.20128824476650564,0.026838432635534086,0.05367686527106817,,,,,,,,,
11,63.439345142243695,30.079173376274827,3.797638217928073,2.3081052066559313,0.2683843263553409,0.026838432635534086,0.05367686527106817,0.026838432635534086,,,,,,,,
12,62.848899624261946,30.64278046162104,3.824476650563607,2.3081052066559313,0.2683843263553409,0.026838432635534086,0.05367686527106817,0.026838432635534086,,,,,,,,
13,60.31266774020397,33.13875469672571,3.784219001610306,2.3081052066559313,0.3488996242619431,0.026838432635534086,0.05367686527106817,0.026838432635534086,,,,,,,,
14,56.68276972624799,35.85614600107354,3.7775093934514223,2.3215244229736984,0.4562533548040794,0.05367686527106817,0.05367686527106817,0.798443370907139,,,,,,,,
15,53.72383252818035,38.05018786902845,3.7909286097691894,2.3215244229736984,1.1943102522812667,0.040257648953301126,0.05367686527106817,0.8252818035426731,,,,,,,,
16,13.070316693505099,79.97852925389158,1.221148684916801,1.415727321524423,1.0802469135802468,0.2683843263553409,0.04696725711218465,2.885131508319914,0.03354804079441761,,,,,,,
17,7.105475040257649,90.84138486312399,0.03354804079441761,,1.1473429951690821,,,0.8387010198604401,0.03354804079441761,,,,,,,
18,7.300053676865271,87.80193236714976,0.03354804079441761,,1.247987117552335,,,0.8521202361782072,2.7643585614600106,,,,,,,
19,5.065754159957058,87.40606548577563,0.03354804079441761,,3.864734299516908,,,0.8521202361782072,2.7643585614600106,0.013419216317767043,,,,,,
20,5.092592592592593,87.00348899624262,0.03354804079441761,,4.206924315619967,,,0.8521202361782072,2.7643585614600106,0.013419216317767043,0.03354804079441761,,,,,
21,5.213365539452496,86.01046698872786,0.03354804079441761,1.261406333870102,3.8714439076757916,,,0.8521202361782072,2.7442297369833604,0.013419216317767043,,,,,,
22,5.280461621041331,85.64143853998927,0.03354804079441761,1.261406333870102,4.126409017713366,,0.020128824476650563,0.8521202361782072,2.7442297369833604,0.040257648953301126,,,,,,
23,5.320719269994632,85.09125067096082,0.03354804079441761,1.2748255501878691,4.622920021470746,,0.020128824476650563,0.8521202361782072,2.7442297369833604,0.040257648953301126,,,,,,
24,5.441492216854535,84.81615673644659,0.03354804079441761,1.2681159420289856,4.783950617283951,,0.020128824476650563,0.8521202361782072,2.7442297369833604,0.040257648953301126,,,,,,
25,5.508588298443371,84.0848094471283,0.03354804079441761,1.2681159420289856,5.448201825013419,,0.020128824476650563,0.8118625872249061,2.6972624798711755,0.040257648953301126,,0.040257648953301126,0.04696725711218465,,,
26,5.555555555555555,83.79629629629629,0.03354804079441761,1.2949543746645196,5.662909286097692,,0.020128824476650563,0.8118625872249061,2.6972624798711755,0.040257648953301126,,0.040257648953301126,0.04696725711218465,,,
27,5.683038110574342,81.40767579173377,0.03354804079441761,1.2949543746645196,5.662909286097692,,0.020128824476650563,0.8118625872249061,4.931561996779388,0.040257648953301126,,0.040257648953301126,0.07380568974771873,,,
28,5.83064949006978,80.95813204508856,0.03354804079441761,1.2949543746645196,5.931293612453032,,0.020128824476650563,0.8118625872249061,4.924852388620504,0.040257648953301126,,0.040257648953301126,0.11406333870101985,,,
29,6.011808910359635,80.19323671497584,0.03354804079441761,1.8719806763285025,5.938003220611916,,0.03354804079441761,0.8118625872249061,4.911433172302737,0.040257648953301126,,0.040257648953301126,0.11406333870101985,,,
30,5.293880837359098,79.33440687063876,0.020128824476650563,1.6975308641975309,6.0587761674718195,0.026838432635534086,0.013419216317767043,2.4557165861513686,4.904723564143854,0.040257648953301126,,0.040257648953301126,0.11406333870101985,,,
31,5.394524959742351,78.9519592055824,0.020128824476650563,1.778046162104133,6.260064412238325,0.026838432635534086,0.013419216317767043,2.4557165861513686,4.904723564143854,0.040257648953301126,,0.040257648953301126,0.11406333870101985,,,
32,5.441492216854535,76.64385399892646,0.020128824476650563,1.778046162104133,8.474235104669887,0.026838432635534086,0.013419216317767043,2.4557165861513686,4.938271604938271,0.040257648953301126,,0.040257648953301126,0.1274825550187869,,,
33,5.595813204508857,76.1808910359635,0.020128824476650563,1.7914653784219001,8.675523349436393,0.026838432635534086,0.013419216317767043,2.428878153515835,5.005367686527107,0.040257648953301126,,0.0939345142243693,0.1274825550187869,,,
34,5.622651637144391,75.96618357487922,0.020128824476650563,1.7914653784219001,8.870101986044014,0.026838432635534086,0.013419216317767043,2.442297369833602,4.985238862050457,0.040257648953301126,,0.0939345142243693,0.1274825550187869,,,
35,5.71658615136876,75.691089640365,0.020128824476650563,1.7914653784219001,9.037842190016104,0.026838432635534086,0.013419216317767043,2.442297369833602,4.9718196457326895,0.040257648953301126,0.026838432635534086,0.0939345142243693,0.1274825550187869,,,
36,5.763553408480945,73.59098228663446,0.020128824476650563,1.8183038110574343,10.983628556092324,0.026838432635534086,0.013419216317767043,2.4154589371980677,4.938271604938271,0.040257648953301126,0.07380568974771873,0.1610305958132045,0.15432098765432098,,,
37,5.709876543209877,71.63177670424047,0.020128824476650563,1.8451422436929683,11.446591519055287,0.05367686527106817,0.013419216317767043,2.408749329039184,6.454643048845948,0.0939345142243693,0.07380568974771873,0.1610305958132045,0.08722490606548577,,,
38,5.783682232957595,67.88110574342458,0.020128824476650563,5.166398282340311,9.977187332259795,0.08722490606548577,0.013419216317767043,2.395330112721417,8.32662372517445,,0.07380568974771873,0.1878690284487386,0.08722490606548577,,,
39,5.783682232957595,67.32420826623725,0.08722490606548577,5.253623188405797,10.379763821792807,0.08722490606548577,0.013419216317767043,2.3752012882447664,7.635534084809447,,0.07380568974771873,0.20799785292538917,0.7783145464304885,,,
40,5.770263016639828,66.31776704240472,0.0939345142243693,5.293880837359098,11.33923778851315,0.08722490606548577,0.026838432635534086,2.3752012882447664,7.595276435856146,,0.07380568974771873,0.20799785292538917,0.8185721953837896,,,
41,5.870907139023081,66.07622114868492,0.0939345142243693,5.213365539452496,11.513687600644122,0.08722490606548577,0.05367686527106817,2.3752012882447664,7.581857219538379,,0.07380568974771873,0.20799785292538917,0.8521202361782072,,,
42,5.924584004294149,65.89506172839506,0.12077294685990338,5.24020397208803,11.58749329039184,0.08722490606548577,0.05367686527106817,2.1739130434782608,7.769726247987117,,0.10064412238325282,0.19457863660762212,0.8521202361782072,,,
43,6.0654857756307035,65.69377348362856,0.12077294685990338,5.22007514761138,11.66129898013956,0.08722490606548577,0.05367686527106817,2.1739130434782608,7.7361782071927,,0.10064412238325282,0.2214170692431562,0.8655394524959742,,,
44,6.293612453032743,65.05636070853463,0.12077294685990338,5.199946323134729,12.345679012345679,0.10064412238325282,0.05367686527106817,2.1806226516371443,7.447665056360709,,0.10064412238325282,0.2214170692431562,0.8789586688137413,,,
45,6.394256575415996,64.56655931293612,0.12077294685990338,5.166398282340311,12.741545893719806,0.10064412238325282,0.08722490606548577,2.1806226516371443,7.440955448201825,,0.10064412238325282,0.2214170692431562,0.8789586688137413,,,
46,6.387546967257112,64.29817498658079,0.12077294685990338,5.152979066022544,12.915995705850777,0.1610305958132045,0.08722490606548577,2.26784755770263,7.474503488996243,,0.10064412238325282,0.2214170692431562,0.8118625872249061,,,
47,6.4345142243692965,64.11701556629093,0.12077294685990338,5.186527106816962,13.003220611916264,0.1610305958132045,0.08722490606548577,2.24771873322598,7.50805152979066,,0.10064412238325282,0.2214170692431562,0.8118625872249061,,,
48,6.561996779388084,63.801663982823406,0.12077294685990338,5.179817498658078,13.097155126140633,0.18115942028985507,0.12077294685990338,2.2410091250670963,7.595276435856146,,0.10064412238325282,0.20128824476650564,0.798443370907139,,,
49,6.642512077294686,61.493558776167475,0.12077294685990338,5.0791733762748255,13.479602791196994,0.18115942028985507,0.11406333870101985,2.200751476113795,9.420289855072463,,0.10735373054213634,0.33548040794417605,0.8252818035426731,,,
50,6.5485775630703165,58.87010198604401,0.12077294685990338,5.059044551798175,16.183574879227052,0.18115942028985507,0.11406333870101985,2.200751476113795,9.406870638754697,0.04696725711218465,0.10735373054213634,0.30864197530864196,0.8521202361782072,,,
51,6.602254428341385,58.621846484165324,0.12077294685990338,5.10601180891036,16.27750939345142,0.20799785292538917,0.11406333870101985,2.200751476113795,9.346484165324744,0.07380568974771873,0.13419216317767044,0.30864197530864196,0.8856682769726248,,,
52,6.6827697262479875,58.467525496511,0.12077294685990338,5.132850241545894,16.297638217928075,0.20799785292538917,0.11406333870101985,2.200751476113795,9.346484165324744,0.10064412238325282,0.13419216317767044,0.30864197530864196,0.8856682769726248,,,
53,5.4616210413311865,53.28770799785293,0.040257648953301126,6.78341384863124,18.54535695115405,0.18115942028985507,0.13419216317767044,4.904723564143854,9.265968867418144,0.10064412238325282,0.13419216317767044,0.27509393451422437,0.8856682769726248,,,
54,4.274020397208803,50.50993022007515,0.03354804079441761,6.723027375201288,20.558239398819108,0.18115942028985507,0.13419216317767044,6.910896403650026,9.178743961352657,0.10064412238325282,0.13419216317767044,0.2885131508319914,0.9728931830381106,,,
55,4.28743961352657,49.75845410628019,0.966183574879227,6.736446591519055,20.497852925389157,0.18115942028985507,0.17444981213097155,6.649221685453569,9.198872785829307,0.10064412238325282,0.14090177133655393,0.322061191626409,0.9863123993558777,,,
56,4.280730005367687,48.060923242082666,0.966183574879227,6.736446591519055,20.343531937734838,0.15432098765432098,0.1610305958132045,6.662640901771336,11.466720343531938,0.10064412238325282,0.10735373054213634,0.2952227589908749,0.6642512077294686,,,
57,4.314278046162104,47.96027911969941,0.966183574879227,6.756575415995706,20.33011272141707,0.18115942028985507,0.1610305958132045,6.635802469135802,11.453301127214171,0.10064412238325282,0.14090177133655393,0.33548040794417605,0.6642512077294686,,,
58,4.42163177670424,47.77241009125067,0.966183574879227,6.756575415995706,20.242887815351583,0.18115942028985507,0.17444981213097155,6.588835212023618,11.533816425120772,0.18115942028985507,0.16774020397208803,0.3488996242619431,0.6642512077294686,,,
59,4.528985507246377,47.215512614063336,0.966183574879227,6.756575415995706,20.652173913043477,0.18115942028985507,0.17444981213097155,6.575415995705851,11.54723564143854,0.18115942028985507,0.16774020397208803,0.36231884057971014,0.6910896403650026,,,
60,4.683306494900698,47.00751476113795,0.966183574879227,6.696188942565755,20.71256038647343,0.18115942028985507,0.2214170692431562,6.528448738593666,11.493558776167472,0.20128824476650564,0.20799785292538917,0.4227053140096618,0.6776704240472357,,,
61,4.703435319377348,46.59822866344606,0.966183574879227,8.085077831454644,20.35024154589372,0.18115942028985507,0.23483628556092323,6.367418142780462,11.003757380568974,0.20128824476650564,0.2214170692431562,0.4227053140096618,0.6642512077294686,,,
62,4.871175523349437,46.53113258185722,0.9460547504025765,8.05823939881911,20.21604938271605,0.2147074610842727,0.2616747181964573,6.367418142780462,10.997047772410092,0.20128824476650564,0.2214170692431562,0.4227053140096618,0.6910896403650026,,,
63,5.005367686527107,46.35668276972625,0.9259259259259259,8.21256038647343,20.2361782071927,0.23483628556092323,0.2885131508319914,6.353998926462695,10.82259796027912,0.20128824476650564,0.23483628556092323,0.43612453032742887,0.6910896403650026,,,
64,4.703435319377348,44.07541599570585,0.9259259259259259,8.21256038647343,23.2085346215781,0.2281266774020397,0.2885131508319914,5.9514224369296835,10.748792270531402,0.20128824476650564,0.35560923242082665,0.39586688137412773,0.7045088566827697,,,
65,3.965378421900161,39.38539989264627,21.55126140633387,1.7579173376274826,20.679012345679013,0.2281266774020397,0.06709608158883522,4.938271604938271,6.146001073537305,0.20128824476650564,0.33548040794417605,0.3153515834675255,0.4294149221685454,,,
66,3.7238325281803544,38.16425120772947,17.002147074610843,1.6706924315619969,19.961084272678477,0.38915727321524424,0.08051529790660225,11.708266237251744,6.092324208266238,0.20128824476650564,0.2549651100375738,0.33548040794417605,0.41599570585077833,,,
67,3.784219001610306,38.05018786902845,16.881374127750938,1.6774020397208802,20.034889962426195,0.4830917874396135,0.06709608158883522,11.60762211486849,6.112453032742888,0.2147074610842727,0.2549651100375738,0.41599570585077833,0.41599570585077833,,,
68,3.9184111647879765,37.82877079978529,16.841116478797638,1.6639828234031133,20.162372517444982,0.5099302200751477,0.05367686527106817,11.574074074074074,6.125872249060655,0.2147074610842727,0.2549651100375738,0.43612453032742887,0.41599570585077833,,,
69,3.8580246913580245,36.131239935587764,16.284219001610307,1.596886741814278,22.571121846484164,0.5032206119162641,0.06709608158883522,11.506977992485238,6.085614600107354,0.20128824476650564,0.28180354267310787,0.49651100375738055,0.41599570585077833,,,
70,3.750670960815888,34.50080515297907,16.264090177133657,1.596886741814278,24.228395061728396,0.5099302200751477,0.08722490606548577,11.493558776167472,6.092324208266238,0.2147074610842727,0.35560923242082665,0.48980139559849706,0.41599570585077833,,,
71,3.4621578099838968,29.97181964573269,16.264090177133657,0.5099302200751477,23.027375201288244,0.4495437466451959,0.06038647342995169,11.137949543746645,13.6406333870102,0.2147074610842727,0.3824476650563607,0.46967257112184646,0.4092860976918948,,,
72,3.4822866344605474,29.958400429414922,16.223832528180353,0.5099302200751477,22.879763821792807,0.6038647342995169,0.1610305958132045,11.003757380568974,13.580246913580247,0.27509393451422437,0.38915727321524424,0.46967257112184646,0.46296296296296297,,,
73,3.4621578099838968,29.354535695115406,16.1231884057971,0.48980139559849706,22.624798711755233,0.6843800322061192,0.1610305958132045,10.943370907139023,14.566559312936125,0.2683843263553409,0.32877079978529256,0.5099302200751477,0.4830917874396135,,,
74,3.5426731078904994,29.260601180891037,16.11647879763822,0.48980139559849706,22.665056360708533,0.6843800322061192,0.1610305958132045,10.909822866344605,14.512882447665056,0.2683843263553409,0.322061191626409,0.5300590445517982,0.5367686527106817,,,
75,3.6231884057971016,29.17337627482555,16.069511540526033,0.47638217928073,22.69860440150295,0.7179280730005367,0.1610305958132045,10.896403650026839,14.472624798711756,0.2683843263553409,0.33548040794417605,0.5434782608695652,0.5636070853462157,,,
76,3.6097691894793345,29.09957058507783,16.06280193236715,0.5032206119162641,22.69860440150295,0.7313472893183038,0.1610305958132045,10.849436392914654,14.459205582393988,0.2683843263553409,0.36231884057971014,0.6038647342995169,0.5904455179817498,,,
77,3.8043478260869565,29.01905528717123,15.962157809983896,0.48980139559849706,22.624798711755233,0.8185721953837896,0.14761137949543746,10.789049919484702,14.432367149758454,0.2952227589908749,0.36231884057971014,0.6642512077294686,0.5904455179817498,,,
78,3.844605475040258,28.911701556629094,15.519323671497585,0.48980139559849706,23.03408480944713,1.3016639828234031,0.14761137949543746,10.695115405260333,13.955984970477724,0.322061191626409,0.4495437466451959,0.6642512077294686,0.6642512077294686,,,
79,3.965378421900161,28.804347826086957,15.405260332796564,0.48980139559849706,22.416800858829845,2.0397208803005906,0.14761137949543746,10.641438539989265,13.862050456253355,0.35560923242082665,0.4495437466451959,0.7045088566827697,0.7179280730005367,,,
80,4.005636070853462,28.69699409554482,15.230810520665592,0.48980139559849706,22.497316156736446,2.1940418679549114,0.14761137949543746,10.628019323671497,13.875469672571121,0.36902844873859364,0.43612453032742887,0.6910896403650026,0.7380568974771873,,,
81,4.139828234031133,28.408480944712828,15.197262479871176,0.48980139559849706,22.537573805689746,2.2342995169082127,0.17444981213097155,10.59447128287708,13.922436929683306,0.4294149221685454,0.4227053140096618,0.7112184648416533,0.7380568974771873,,,
82,4.206924315619967,28.341384863123995,15.136876006441224,0.48980139559849706,22.50402576489533,2.2611379495437465,0.17444981213097155,10.560923242082662,14.023081052066559,0.4025764895330113,0.43612453032742887,0.7246376811594203,0.7380568974771873,,,
83,4.253891572732153,28.327965646806227,15.083199141170155,0.5367686527106817,22.383252818035427,2.26784755770263,0.20799785292538917,10.560923242082662,13.94927536231884,0.4495437466451959,0.43612453032742887,0.7246376811594203,0.8185721953837896,,,
84,3.9720880300590444,25.181159420289855,23.61111111111111,0.3421900161030596,18.397745571658614,2.2745571658615136,0.2952227589908749,10.466988727858293,12.869028448738593,0.4495437466451959,0.35560923242082665,0.7447665056360708,1.0399892646269457,,,
85,4.139828234031133,25.09393451422437,21.497584541062803,0.3421900161030596,18.303811057434245,2.4154589371980677,0.2952227589908749,12.379227053140097,12.808641975308642,0.49651100375738055,0.36231884057971014,0.7447665056360708,1.1205045625335481,,,
86,4.186795491143317,24.993290391841118,21.43719806763285,0.3824476650563607,18.874127750939344,2.0531400966183573,0.2683843263553409,12.298711755233494,12.164519592055823,0.4495437466451959,0.3153515834675255,1.415727321524423,1.1607622114868492,,,
87,4.260601180891036,24.838969404186795,21.34326355340848,0.4025764895330113,18.853998926462694,2.1739130434782608,0.2952227589908749,12.298711755233494,11.990069779924852,0.47638217928073,0.3153515834675255,1.5901771336553945,1.1607622114868492,,,
88,4.300858829844337,24.751744498121308,21.329844337090712,0.4092860976918948,18.853998926462694,2.1604938271604937,0.2683843263553409,12.265163714439076,12.04374664519592,0.47638217928073,0.3421900161030596,1.6237251744498122,1.1741814278046163,,,
89,4.361245303274289,24.50348899624262,21.235909822866343,0.46296296296296297,18.907675791733762,2.2879763821792807,0.2683843263553409,12.211486849168008,12.010198604401502,0.47638217928073,0.3421900161030596,1.6438539989264627,1.288244766505636,,,
90,4.394793344068707,24.422973698336016,21.175523349436393,0.5367686527106817,18.84728931830381,2.395330112721417,0.2683843263553409,12.171229200214707,11.990069779924852,0.4830917874396135,0.3421900161030596,1.6572732152442298,1.3150831991411702,,,
91,4.528985507246377,24.335748792270532,21.088298443370906,0.5300590445517982,18.80703166935051,2.5026838432635534,0.2952227589908749,12.117552334943639,11.969940955448202,0.4830917874396135,0.32877079978529256,1.710950080515298,1.3016639828234031,,,
92,4.5893719806763285,24.255233494363928,21.014492753623188,0.5166398282340311,18.853998926462694,2.5295222758990876,0.2952227589908749,12.070585077831455,12.02361782071927,0.5032206119162641,0.32877079978529256,1.6841116478797638,1.3352120236178207,,,
93,4.723564143853999,24.208266237251745,20.913848631239937,0.48980139559849706,18.813741277509394,2.5563607085346214,0.2952227589908749,12.057165861513688,11.969940955448202,0.5099302200751477,0.35560923242082665,1.724369296833065,1.3821792807300053,,,
94,4.810789049919484,23.980139559849704,20.739398819108963,0.49651100375738055,18.874127750939344,2.6502952227589907,0.2952227589908749,12.057165861513688,11.876006441223833,0.5434782608695652,0.35560923242082665,1.7713365539452497,1.5499194847020934,,,
95,4.87788513150832,23.939881910896403,20.531400966183575,0.49651100375738055,18.572195383789587,2.6972624798711755,0.3153515834675255,12.52012882447665,11.829039184111648,0.5434782608695652,0.3824476650563607,1.6975308641975309,1.596886741814278,,,
96,4.938271604938271,23.926462694578635,20.48443370907139,0.5032206119162641,18.511808910359633,2.7442297369833604,0.3153515834675255,12.4597423510467,11.701556629092861,0.5434782608695652,0.4830917874396135,1.8317230273752012,1.556629092860977,,,
97,5.032206119162641,22.966988727858293,20.068438003220614,0.47638217928073,17.70665593129361,3.079710144927536,0.3824476650563607,12.426194310252281,13.493022007514762,0.4227053140096618,0.5099302200751477,1.8585614600107354,1.5767579173376274,,,
98,4.62962962962963,20.229468599033815,30.02549651100376,0.4092860976918948,15.579710144927537,2.831454643048846,0.322061191626409,8.655394524959743,13.325281803542673,0.38915727321524424,0.4830917874396135,1.556629092860977,1.5633387010198605,,,
99,4.361245303274289,19.061996779388085,31.736446591519055,0.3824476650563607,15.371712292002147,2.8381642512077296,0.322061191626409,8.608427267847558,13.191089640365004,0.38915727321524424,0.5300590445517982,1.556629092860977,1.6505636070853462,,,
100,4.49543746645196,18.98148148148148,31.5955448201825,0.3824476650563607,15.344873859366613,2.918679549114332,0.322061191626409,8.541331186258722,13.137412775093935,0.38915727321524424,0.5300590445517982,1.6237251744498122,1.737788513150832,,,
101,4.51556629092861,18.4447128287708,31.394256575415994,0.3824476650563607,15.874932903918411,3.0931293612453032,0.322061191626409,8.494363929146537,13.09044551798175,0.38915727321524424,0.5300590445517982,1.6438539989264627,1.8250134192163177,,,
102,4.643048845947397,18.310520665593128,31.04535695115405,0.3824476650563607,15.666935050993022,3.3480944712828773,0.322061191626409,8.427267847557703,13.030059044551798,0.3488996242619431,0.5300590445517982,1.7646269457863661,2.1806226516371443,,,
103,4.824208266237251,18.243424584004295,30.99838969404187,0.4562533548040794,15.646806226516372,3.3413848631239937,0.322061191626409,8.427267847557703,12.962962962962964,0.3488996242619431,0.5300590445517982,1.7646269457863661,2.13365539452496,,,
104,4.871175523349437,18.129361245303276,30.877616747181964,0.4428341384863124,15.787707997852925,3.408480944712829,0.3421900161030596,8.413848631239935,12.902576489533011,0.3488996242619431,0.5367686527106817,1.8183038110574343,2.1135265700483092,0.0067096081588835215,,
105,5.018786902844874,18.095813204508858,30.770263016639827,0.4428341384863124,15.693773483628556,3.4286097691894795,0.3421900161030596,8.373590982286634,12.915995705850777,0.4092860976918948,0.5367686527106817,1.8719806763285025,2.100107353730542,,,
106,5.059044551798175,18.08239398819109,30.743424584004295,0.5099302200751477,15.626677402039721,3.4286097691894795,0.3421900161030596,8.373590982286634,12.889157273215245,0.4092860976918948,0.5367686527106817,1.8719806763285025,2.1269457863660763,,,
107,5.132850241545894,18.06226516371444,30.636070853462158,0.5099302200751477,15.526033279656469,3.515834675254965,0.3421900161030596,8.36688137412775,12.835480407944177,0.4495437466451959,0.5703166935050993,1.8853998926462694,2.167203435319377,,,
108,5.146269457863661,17.961621041331185,29.159957058507782,0.5233494363929146,15.438808373590982,3.7909286097691894,0.322061191626409,7.823403113258186,14.781266774020397,0.4428341384863124,0.5703166935050993,1.8786902844873858,2.1604938271604937,,,
109,5.267042404723564,17.94820182501342,29.086151368760063,0.5233494363929146,15.365002683843263,3.784219001610306,0.33548040794417605,7.796564680622652,14.78797638217928,0.4495437466451959,0.5971551261406334,1.8786902844873858,2.1806226516371443,,,
110,5.199946323134729,17.921363392377884,28.951959205582394,0.5434782608695652,15.324745034889963,3.878153515834675,0.8923778851315083,7.749597423510467,14.36527106816962,0.4495437466451959,0.630703166935051,1.90552871712292,2.187332259796028,,,
111,5.226784755770263,17.894524959742352,28.73054213633924,0.5703166935050993,15.237520128824476,4.0995705850778315,0.8655394524959742,7.722758990874933,14.38539989264627,0.48980139559849706,0.644122383252818,1.932367149758454,2.200751476113795,,,
112,5.273752012882448,17.834138486312398,28.69699409554482,0.5703166935050993,15.230810520665592,4.092860976918948,0.8588298443370908,7.709339774557166,14.224369296833064,0.5166398282340311,0.644122383252818,2.1135265700483092,2.2342995169082127,,,
113,5.267042404723564,17.53220611916264,28.549382716049383,0.5703166935050993,14.969135802469136,4.2270531400966185,0.8051529790660226,7.702630166398282,14.955716586151368,0.5434782608695652,0.630703166935051,2.13365539452496,2.1135265700483092,,,
114,5.3274288781535155,17.398013955984972,28.495705850778315,0.5971551261406334,14.969135802469136,4.26731078904992,0.8051529790660226,7.555018786902845,14.9020397208803,0.5636070853462157,0.630703166935051,2.3215244229736984,2.167203435319377,,,
115,5.320719269994632,17.317498658078367,28.267579173376276,0.6105743424584005,14.9020397208803,4.461889425657541,0.8051529790660226,7.561728395061729,14.99597423510467,0.5770263016639828,0.630703166935051,2.3215244229736984,2.227589908749329,,,
116,5.320719269994632,17.24369296833065,28.079710144927535,0.6575415995705851,14.949006977992486,4.62962962962963,0.8051529790660226,7.561728395061729,15.009393451422437,0.5770263016639828,0.630703166935051,2.2745571658615136,2.2410091250670963,0.020128824476650563,,
117,5.24020397208803,15.22410091250671,27.945517981749866,0.5837359098228664,17.57246376811594,4.663177670424047,0.798443370907139,7.561728395061729,14.566559312936125,0.5770263016639828,0.6843800322061192,2.2745571658615136,2.2879763821792807,0.020128824476650563,,
118,5.159688674181428,14.412238325281804,27.82474503488996,0.5837359098228664,17.21014492753623,4.690016103059581,0.7514761137949544,7.5348899624261945,16.14331723027375,0.5501878690284487,0.6642512077294686,2.2879763821792807,2.167203435319377,0.020128824476650563,,
119,5.253623188405797,14.278046162104133,27.737520128824478,0.6105743424584005,17.24369296833065,4.690016103059581,0.785024154589372,7.494632313472893,16.06280193236715,0.5501878690284487,0.7045088566827697,2.3550724637681157,2.214170692431562,0.020128824476650563,,
120,5.35426731078905,14.197530864197532,27.529522275899087,0.6105743424584005,17.8743961352657,4.884594739667204,0.8051529790660226,7.481213097155126,15.391841116478798,0.5837359098228664,0.7581857219538379,2.38191089640365,2.1269457863660763,0.020128824476650563,,
121,5.367686527106817,14.190821256038648,26.603596349973163,1.6035963499731616,17.827428878153516,4.830917874396135,0.8722490606548577,7.4141170155662905,15.230810520665592,0.5837359098228664,0.8118625872249061,2.442297369833602,2.200751476113795,0.020128824476650563,,
122,5.515297906602254,13.774825550187868,26.476113794954376,1.6035963499731616,18.323939881910896,4.924852388620504,0.8722490606548577,7.4141170155662905,15.143585614600108,0.5837359098228664,0.7648953301127214,2.408749329039184,2.1739130434782608,0.020128824476650563,,
123,5.562265163714439,13.754696725711218,26.362050456253353,1.6639828234031133,18.276972624798713,5.038915727321524,0.8387010198604401,7.39398819108964,15.083199141170155,0.5837359098228664,0.7514761137949544,2.4691358024691357,2.1806226516371443,0.040257648953301126,,
124,5.642780461621041,13.734567901234568,26.301663982823403,1.7310789049919484,18.17632850241546,4.958400429414922,0.8789586688137413,7.333601717659689,15.13016639828234,0.5837359098228664,0.8454106280193237,2.462426194310252,2.1806226516371443,0.040257648953301126,,
125,5.609232420826624,13.6406333870102,26.241277509393452,1.751207729468599,18.323939881910896,4.978529253891573,0.9057971014492754,7.306763285024155,15.08990874932904,0.5837359098228664,0.8588298443370908,2.4892646269457863,2.1806226516371443,0.040257648953301126,,
126,5.615942028985507,13.58695652173913,26.1808910359635,1.7176596886741815,17.767042404723565,5.025496511003757,0.9393451422436929,8.769457863660762,14.38539989264627,0.5837359098228664,0.7716049382716049,2.522812667740204,2.0933977455716586,0.040257648953301126,,
127,5.662909286097692,13.533279656468062,26.02657004830918,1.737788513150832,17.673107890499196,5.213365539452496,0.9393451422436929,8.756038647342995,14.418947933440688,0.5837359098228664,0.7716049382716049,2.522812667740204,2.120236178207193,0.040257648953301126,,
128,5.743424584004294,13.526570048309178,25.81857219538379,1.751207729468599,17.69994632313473,5.320719269994632,0.9728931830381106,8.715780998389693,14.371980676328503,0.5837359098228664,0.7716049382716049,2.563070316693505,2.120236178207193,0.040257648953301126,,
129,5.736714975845411,13.22463768115942,25.731347289318304,1.7981749865807837,17.55233494363929,5.340848094471283,1.0869565217391304,8.68894256575416,14.707461084272678,0.6105743424584005,0.7581857219538379,2.563070316693505,2.1604938271604937,0.040257648953301126,,
130,5.542136339237788,12.533548040794418,23.96672034353194,1.7914653784219001,17.538915727321523,5.038915727321524,1.1137949543746646,11.761943102522812,14.452495974235104,0.6105743424584005,0.7581857219538379,2.5831991411701556,2.26784755770263,0.040257648953301126,,
131,5.676328502415459,12.533548040794418,23.731884057971016,1.8048845947396672,17.53220611916264,5.22007514761138,1.1137949543746646,11.694847020933977,14.398819108964037,0.6105743424584005,0.7514761137949544,2.6435856146001075,2.24771873322598,0.040257648953301126,,
132,5.6964573268921095,12.533548040794418,23.55072463768116,1.8048845947396672,17.55233494363929,5.374396135265701,1.133923778851315,11.681427804616211,14.36527106816962,0.6105743424584005,0.7514761137949544,2.6637144390767578,2.2410091250670963,0.040257648953301126,,
133,5.783682232957595,12.5,23.51046698872786,1.8250134192163177,17.52549651100376,5.374396135265701,1.1943102522812667,11.634460547504025,14.345142243692969,0.5971551261406334,0.7514761137949544,2.6637144390767578,2.254428341384863,0.040257648953301126,,
134,5.857487922705314,12.453032742887816,23.409822866344605,1.8250134192163177,17.58588298443371,5.434782608695652,1.2077294685990339,11.647879763821793,14.257917337627482,0.5971551261406334,0.785024154589372,2.6704240472356413,2.227589908749329,0.040257648953301126,,
135,5.770263016639828,11.748523886205046,23.19511540526033,1.8048845947396672,17.09608158883521,5.58239398819109,1.261406333870102,11.56736446591519,15.599838969404187,0.5971551261406334,0.8319914117015567,2.677133655394525,2.227589908749329,0.040257648953301126,,
136,5.642780461621041,11.3191089640365,23.060923242082662,1.7713365539452497,16.921631776704242,5.589103596349974,1.3352120236178207,11.023886205045626,17.163177670424048,0.6374127750939346,0.8588298443370908,2.6033279656468062,2.033011272141707,0.040257648953301126,,
137,5.662909286097692,11.2788513150832,22.987117552334944,1.7981749865807837,16.955179817498657,5.709876543209877,1.3217928073000538,10.990338164251208,17.002147074610843,0.5971551261406334,0.8588298443370908,2.6167471819645733,2.1806226516371443,0.040257648953301126,,
138,5.723295759527644,11.2788513150832,22.96027911969941,1.7981749865807837,16.935050993022006,5.770263016639828,1.3083735909822867,10.93666129898014,16.948470209339774,0.5837359098228664,0.8319914117015567,2.6838432635534084,2.200751476113795,0.040257648953301126,,
139,5.810520665593129,11.272141706924316,22.84621578099839,1.5163714439076759,16.794149221685455,5.8239398819108965,1.3217928073000538,10.802469135802468,17.317498658078367,0.5837359098228664,0.8319914117015567,2.6972624798711755,2.341653247450349,0.040257648953301126,,
140,5.931293612453032,11.198336017176597,22.67176596886742,1.5432098765432098,16.814278046162105,5.870907139023081,1.3217928073000538,10.789049919484702,17.317498658078367,0.5837359098228664,0.8856682769726248,2.6972624798711755,2.3349436392914655,0.040257648953301126,,
141,5.924584004294149,11.191626409017713,21.443907675791735,1.5499194847020934,16.67337627482555,5.528717122920021,1.2949543746645196,10.695115405260333,19.129092860976918,0.5837359098228664,0.8319914117015567,2.757648953301127,2.3550724637681157,0.040257648953301126,,
142,6.005099302200751,11.18491680085883,21.40365002683843,1.5499194847020934,16.566022544283413,5.528717122920021,1.2949543746645196,10.695115405260333,19.07541599570585,0.5971551261406334,0.8319914117015567,2.757648953301127,2.4691358024691357,0.040257648953301126,,
143,6.018518518518518,11.178207192699947,21.34326355340848,1.5499194847020934,16.485507246376812,5.535426731078905,1.3754696725711217,10.547504025764896,19.162640901771336,0.5837359098228664,0.8319914117015567,2.8918411164787976,2.4490069779924855,0.04696725711218465,,
144,6.099033816425121,11.064143853998926,21.296296296296298,1.5365002683843263,16.505636070853463,5.58239398819109,1.4962426194310252,10.547504025764896,19.00161030595813,0.5770263016639828,0.8722490606548577,2.932098765432099,2.442297369833602,0.04696725711218465,,
145,6.119162640901771,11.023886205045626,21.256038647342994,1.5767579173376274,16.42512077294686,5.615942028985507,1.4962426194310252,10.534084809447128,18.9747718733226,0.5770263016639828,0.9125067096081588,2.945517981749866,2.49597423510467,0.04696725711218465,,
146,6.132581857219538,10.896403650026839,21.18894256575416,1.5901771336553945,16.639828234031132,5.609232420826624,1.5096618357487923,10.50053676865271,18.988191089640367,0.5770263016639828,0.9125067096081588,2.9119699409554483,2.49597423510467,0.04696725711218465,,
147,6.199677938808374,10.815888352120236,21.16881374127751,1.6103059581320451,16.6129898013956,5.555555555555555,1.5096618357487923,10.433440687063875,19.048577563070317,0.5770263016639828,0.9393451422436929,2.932098765432099,2.5496511003757383,0.04696725711218465,,
148,6.213097155126141,10.809178743961352,21.041331186258724,1.6438539989264627,16.659957058507782,5.58239398819109,1.5432098765432098,10.433440687063875,19.048577563070317,0.5770263016639828,0.9460547504025765,2.932098765432099,2.522812667740204,0.04696725711218465,,
149,6.233225979602791,10.809178743961352,21.007783145464305,1.6304347826086956,16.659957058507782,5.60252281266774,1.6304347826086956,10.399892646269459,18.947933440687063,0.5770263016639828,0.9460547504025765,2.9589371980676327,2.5496511003757383,0.04696725711218465,,
150,6.206387546967257,10.493827160493828,20.947396672034355,3.388352120236178,15.660225442834138,5.548845947396672,1.556629092860977,10.373054213633925,18.82716049382716,0.5636070853462157,0.8923778851315083,2.945517981749866,2.5496511003757383,0.04696725711218465,,
151,6.038647342995169,9.769189479334408,20.8064949006978,3.3413848631239937,14.023081052066559,5.60252281266774,1.5297906602254427,10.332796564680622,21.564680622651636,0.5770263016639828,0.8722490606548577,2.9723564143853998,2.522812667740204,0.04696725711218465,,
152,6.105743424584004,9.75577026301664,20.7662372517445,3.3145464304884595,14.036500268384327,5.595813204508857,1.583467525496511,10.319377348362856,21.578099838969404,0.5770263016639828,0.8722490606548577,2.945517981749866,2.5026838432635534,0.04696725711218465,,
153,5.857487922705314,9.722222222222221,17.92807300053677,6.870638754696726,13.982823403113258,5.159688674181428,1.6304347826086956,10.305958132045088,21.557971014492754,0.5770263016639828,0.8722490606548577,2.918679549114332,2.5697799248523885,0.04696725711218465,,
154,5.9514224369296835,9.695383789586689,17.8743961352657,6.857219538378959,13.996242619431026,5.260332796564681,1.6639828234031133,10.198604401502953,21.450617283950617,0.6105743424584005,0.8454106280193237,2.945517981749866,2.6033279656468062,0.04696725711218465,,
155,5.984970477724101,9.695383789586689,17.827428878153516,6.863929146537842,14.04320987654321,5.246913580246914,1.6908212560386473,10.178475577026301,21.43719806763285,0.6105743424584005,0.8454106280193237,2.9052603327965647,2.623456790123457,0.04696725711218465,,
156,6.052066559312936,9.668545356951155,17.827428878153516,6.843800322061192,13.94927536231884,5.186527106816962,1.7713365539452497,10.151637144390767,21.4573268921095,0.6105743424584005,0.8588298443370908,2.9052603327965647,2.6704240472356413,0.04696725711218465,,
157,6.112453032742888,9.634997316156737,17.68652710681696,6.857219538378959,13.955984970477724,5.414653784219001,1.751207729468599,10.057702630166398,21.43719806763285,0.6105743424584005,0.8454106280193237,2.918679549114332,2.6704240472356413,0.04696725711218465,,
158,6.260064412238325,9.621578099838969,17.652979066022546,6.937734836285561,13.88888888888889,5.360976918947934,1.751207729468599,10.057702630166398,21.329844337090712,0.6105743424584005,0.8319914117015567,2.918679549114332,2.7308105206655933,0.04696725711218465,,
159,6.260064412238325,9.608158883521202,17.599302200751477,6.944444444444445,13.81508319914117,5.4549114331723025,1.7646269457863661,10.091250670960816,21.18894256575416,0.5971551261406334,0.8454106280193237,3.012614063338701,2.771068169618894,0.04696725711218465,,
160,6.360708534621578,9.514224369296834,17.538915727321523,6.937734836285561,13.935856146001074,5.448201825013419,1.7646269457863661,10.050993022007514,21.155394524959743,0.5904455179817498,0.8722490606548577,2.9924852388620504,2.791196994095545,0.04696725711218465,,
161,6.1862587224906065,9.158615136876007,20.551529790660226,6.91760601180891,13.687600644122384,5.253623188405797,1.3352120236178207,9.574610842726784,20.39049919484702,0.5904455179817498,0.8319914117015567,2.831454643048846,2.6435856146001075,0.04696725711218465,,
162,6.159420289855072,9.145195920558239,20.37037037037037,6.910896403650026,13.70101986044015,5.46833064949007,1.3553408480944713,9.534353193773484,20.37037037037037,0.5904455179817498,0.8118625872249061,2.8247450348899625,2.7106816961889426,0.04696725711218465,,
163,6.119162640901771,8.943907675791733,20.283145464304884,6.89747718733226,13.56682769726248,5.636070853462158,1.2815351583467525,9.017713365539452,21.276167471819647,0.5770263016639828,0.798443370907139,2.804616210413312,2.7241009125067097,0.04696725711218465,0.026838432635534086,
164,6.166129898013956,8.943907675791733,20.222758990874933,6.9310252281266775,13.580246913580247,5.683038110574342,1.2546967257112185,9.01100375738057,21.26945786366076,0.5770263016639828,0.798443370907139,2.771068169618894,2.717391304347826,0.04696725711218465,0.026838432635534086,
165,6.206387546967257,8.93719806763285,20.222758990874933,6.984702093397746,13.573537305421363,5.683038110574342,1.221148684916801,9.01100375738057,21.22920021470746,0.5770263016639828,0.7716049382716049,2.804616210413312,2.703972088030059,0.04696725711218465,0.026838432635534086,
166,6.172839506172839,8.93719806763285,20.155662909286097,7.004830917874396,13.546698872785829,5.703166935050993,1.2412775093934514,9.037842190016104,21.22920021470746,0.5770263016639828,0.7380568974771873,2.8650026838432634,2.717391304347826,0.04696725711218465,0.026838432635534086,
167,6.206387546967257,8.856682769726248,19.75979602791197,7.018250134192163,14.257917337627482,5.709876543209877,1.2681159420289856,9.03113258185722,21.00107353730542,0.5770263016639828,0.6910896403650026,2.85829307568438,2.690552871712292,0.04696725711218465,0.026838432635534086,
