,45,50,55,51,53,52,54,59,56,58,60,57,61,46
0,86.66129898013956,13.231347289318304,0.10735373054213634,,,,,,,,,,,
1,85.26570048309179,14.573268921095009,0.13419216317767044,0.026838432635534086,,,,,,,,,,
2,76.65056360708535,22.987117552334944,0.2952227589908749,0.06038647342995169,0.0067096081588835215,,,,,,,,,
3,76.05340848094471,23.429951690821255,0.4227053140096618,0.06038647342995169,0.0067096081588835215,0.026838432635534086,,,,,,,,
4,75.75147611379495,19.880568974771872,0.46967257112184646,0.06709608158883522,0.0067096081588835215,0.026838432635534086,3.797638217928073,,,,,,,
5,74.41626409017714,20.061728395061728,0.5703166935050993,0.0939345142243693,1.0198604401502953,0.040257648953301126,3.770799785292539,0.026838432635534086,,,,,,
6,74.09420289855072,20.02818035426731,0.9393451422436929,0.10735373054213634,1.0198604401502953,0.040257648953301126,3.770799785292539,,,,,,,
7,73.51046698872786,20.477724100912507,1.0534084809447128,0.0939345142243693,1.0198604401502953,0.040257648953301126,3.750670960815888,0.020128824476650563,0.03354804079441761,,,,,
8,73.12130971551261,20.001341921631777,1.0802469135802468,0.13419216317767044,1.0064412238325282,0.040257648953301126,4.549114331723027,0.020128824476650563,0.03354804079441761,0.013419216317767043,,,,
9,57.930756843800324,28.5829307568438,1.2815351583467525,6.488191089640365,1.0064412238325282,0.040257648953301126,4.53569511540526,0.020128824476650563,0.10064412238325282,0.013419216317767043,,,,
10,56.112453032742884,30.17981749865808,1.3620504562533549,6.515029522275899,0.95276435856146,0.10064412238325282,4.575952764358561,0.020128824476650563,0.14090177133655393,0.040257648953301126,,,,
11,53.96537842190016,32.14573268921095,1.5365002683843263,6.320450885668277,0.9863123993558777,0.24825550187869028,4.549114331723027,0.04696725711218465,0.1610305958132045,0.040257648953301126,,,,
12,53.87144390767579,31.132581857219538,2.6033279656468062,6.367418142780462,0.9594739667203436,0.2683843263553409,4.49543746645196,0.04696725711218465,0.1610305958132045,0.0939345142243693,,,,
13,53.656736446591516,31.15271068169619,2.6502952227589907,6.360708534621578,1.0534084809447128,0.2683843263553409,4.549114331723027,0.07380568974771873,0.1610305958132045,0.07380568974771873,,,,
14,52.81132581857219,31.5150295222759,2.6637144390767578,6.588835212023618,1.06682769726248,0.28180354267310787,4.643048845947397,0.10064412238325282,0.18115942028985507,0.10735373054213634,0.040257648953301126,,,
15,52.57648953301127,31.293612453032743,2.9119699409554483,6.508319914117015,1.1473429951690821,0.4227053140096618,4.569243156199678,0.14090177133655393,0.28180354267310787,0.10735373054213634,0.040257648953301126,,,
16,40.43880837359098,46.15539452495974,1.402308105206656,7.27992485238862,0.14761137949543746,4.03918411164788,0.28180354267310787,,0.24825550187869028,0.0067096081588835215,,,,
17,40.31803542673108,43.552066559312934,1.6371443907675791,7.347020933977456,2.536231884057971,3.9989264626945786,0.30864197530864196,,0.24825550187869028,0.0067096081588835215,,0.04696725711218465,,
18,40.103327965646805,43.31052066559313,1.9457863660762211,7.320182501341922,2.563070316693505,4.012345679012346,0.33548040794417605,,0.3153515834675255,0.0067096081588835215,,0.08722490606548577,,
19,39.76784755770263,43.51180891035963,2.0263016639828235,7.306763285024155,2.5563607085346214,3.9989264626945786,0.39586688137412773,0.0067096081588835215,0.30864197530864196,0.0067096081588835215,,0.11406333870101985,,
20,38.687600644122384,42.15646806226516,2.314814814814815,6.260064412238325,2.623456790123457,7.071926999463232,0.41599570585077833,0.0067096081588835215,0.30864197530864196,0.0067096081588835215,,0.14761137949543746,,
21,38.6808910359635,41.82769726247987,2.5496511003757383,6.239935587761675,2.636876006441224,7.011540526033279,0.47638217928073,0.0067096081588835215,0.35560923242082665,0.0067096081588835215,,0.20799785292538917,,
22,38.378958668813745,41.89479334406871,2.771068169618894,6.293612453032743,2.636876006441224,6.984702093397746,0.46296296296296297,0.0067096081588835215,0.35560923242082665,0.0067096081588835215,,0.20799785292538917,,
23,38.378958668813745,41.74718196457327,3.079710144927536,6.286902844873859,2.509393451422437,6.884057971014493,0.5166398282340311,0.0067096081588835215,0.3757380568974772,0.0067096081588835215,,0.20799785292538917,,
24,34.97047772410091,41.78073000536769,3.140096618357488,6.266774020397209,3.8043478260869565,8.735909822866345,0.5300590445517982,0.0067096081588835215,0.3421900161030596,0.0067096081588835215,,0.41599570585077833,,
25,34.064680622651636,41.2037037037037,3.388352120236178,5.689747718733226,3.7573805689747717,10.165056360708535,0.5434782608695652,0.0067096081588835215,0.7447665056360708,0.0067096081588835215,,0.4294149221685454,,
26,33.091787439613526,41.1634460547504,3.388352120236178,5.6964573268921095,3.7640901771336552,10.789049919484702,0.7179280730005367,0.06038647342995169,0.7783145464304885,0.0067096081588835215,,0.5434782608695652,,
27,32.930756843800324,40.975577026301664,3.616478797638218,5.730005367686527,3.797638217928073,10.701825013419215,0.7380568974771873,0.08051529790660225,0.8387010198604401,0.0067096081588835215,,0.5837359098228664,,
28,32.68250134192163,40.264358561460014,3.978797638217928,6.474771873322598,3.7775093934514223,10.507246376811594,0.6843800322061192,0.06038647342995169,0.9057971014492754,0.020128824476650563,,0.644122383252818,,
29,31.89747718733226,39.18411164787977,4.019055287171229,9.265968867418144,3.750670960815888,9.594739667203436,0.6374127750939346,0.06038647342995169,0.8990874932903918,0.020128824476650563,,0.6508319914117016,0.020128824476650563,
30,31.830381105743424,38.888888888888886,4.032474503488996,9.567901234567902,3.770799785292539,9.534353193773484,0.6374127750939346,0.13419216317767044,0.8990874932903918,0.026838432635534086,,0.6575415995705851,0.020128824476650563,
31,31.159420289855074,39.512882447665056,4.300858829844337,10.02415458937198,3.2004830917874396,9.440418679549115,0.6575415995705851,0.13419216317767044,0.9057971014492754,0.0067096081588835215,,0.6374127750939346,0.020128824476650563,
32,31.09903381642512,37.82206119162641,5.736714975845411,10.017444981213098,3.2675791733762747,9.668545356951155,0.6910896403650026,0.13419216317767044,0.8588298443370908,0.0067096081588835215,,0.6776704240472357,0.020128824476650563,
33,30.10601180891036,35.7085346215781,5.770263016639828,9.816156736446592,3.1870638754696725,13.170960815888352,0.5166398282340311,0.13419216317767044,0.9057971014492754,0.0067096081588835215,,0.6575415995705851,0.020128824476650563,
34,20.725979602791195,55.71658615136876,4.361245303274289,7.112184648416532,2.6637144390767578,7.501341921631776,0.43612453032742887,0.13419216317767044,0.8454106280193237,,,0.4830917874396135,0.020128824476650563,
35,20.7662372517445,55.421363392377884,4.5960815888352125,7.051798174986581,2.703972088030059,7.434245840042942,0.48980139559849706,0.13419216317767044,0.8722490606548577,,,0.5099302200751477,0.020128824476650563,
36,20.74610842726785,51.49624261943102,5.038915727321524,6.850509930220075,6.353998926462695,7.4141170155662905,0.46967257112184646,0.1610305958132045,0.9393451422436929,,0.013419216317767043,0.49651100375738055,0.020128824476650563,
37,20.759527643585614,51.12721417069243,5.287171229200215,6.810252281266774,6.360708534621578,7.467793880837359,0.5032206119162641,0.1610305958132045,0.966183574879227,0.026838432635534086,0.013419216317767043,0.49651100375738055,0.020128824476650563,
38,20.74610842726785,50.7313472893183,5.83064949006978,6.790123456790123,6.139291465378422,7.454374664519592,0.48980139559849706,0.1610305958132045,1.0064412238325282,0.013419216317767043,0.013419216317767043,0.6038647342995169,0.020128824476650563,
39,20.853462157809982,50.295222758990874,6.105743424584004,6.763285024154589,6.099033816425121,7.39398819108964,0.5971551261406334,0.19457863660762212,1.0466988727858293,,0.013419216317767043,0.6172839506172839,0.020128824476650563,
40,19.370638754696724,46.19565217391305,5.991680085882985,12.426194310252281,6.038647342995169,7.313472893183038,0.630703166935051,0.30193236714975846,1.1137949543746646,0.0067096081588835215,0.013419216317767043,0.5971551261406334,,
41,19.612184648416534,43.39103596349973,6.1929683306494905,12.057165861513688,6.025228126677402,9.722222222222221,0.6776704240472357,0.30864197530864196,1.3955984970477724,0.020128824476650563,0.013419216317767043,0.5837359098228664,,
42,19.53166935050993,43.31052066559313,6.327160493827161,12.104133118625873,6.005099302200751,9.66183574879227,0.6776704240472357,0.2549651100375738,1.3821792807300053,0.040257648953301126,0.026838432635534086,0.6776704240472357,,
43,18.263553408480945,44.56521739130435,6.367418142780462,12.02361782071927,6.078904991948471,9.541062801932368,0.6709608158883521,0.2549651100375738,1.415727321524423,0.040257648953301126,0.026838432635534086,0.7514761137949544,,
44,18.16290928609769,41.39157273215244,5.35426731078905,11.761943102522812,6.0587761674718195,13.311862587224907,1.3217928073000538,0.33548040794417605,1.4895330112721417,0.040257648953301126,0.013419216317767043,0.7581857219538379,,
45,17.418142780461622,40.60654857756307,5.387815351583468,15.203972088030058,6.119162640901771,11.158078368223295,1.3083735909822867,0.33548040794417605,1.6304347826086956,0.040257648953301126,0.013419216317767043,0.7783145464304885,,
46,16.378153515834676,37.76838432635534,5.636070853462158,16.458668813741276,6.239935587761675,12.942834138486312,1.3486312399355878,0.32877079978529256,1.8317230273752012,0.020128824476650563,0.013419216317767043,1.0332796564680622,,
47,15.22410091250671,38.097155126140635,6.5552871712292005,16.25067096081589,6.246645195920558,12.835480407944177,1.4358561460010735,0.32877079978529256,1.8719806763285025,0.020128824476650563,0.013419216317767043,1.1205045625335481,,
48,14.647074610842727,37.9092860976919,6.702898550724638,17.894524959742352,6.1929683306494905,11.862587224906065,1.3687600644122384,0.3488996242619431,1.8518518518518519,0.04696725711218465,0.026838432635534086,1.1473429951690821,,
49,14.834943639291465,37.64090177133655,6.850509930220075,17.746913580246915,6.179549114331723,11.58749329039184,1.3553408480944713,0.3421900161030596,2.1806226516371443,0.06709608158883522,0.026838432635534086,1.1876006441223832,,
50,14.848362855609233,37.15780998389694,7.300053676865271,17.72007514761138,6.179549114331723,11.574074074074074,1.415727321524423,0.3421900161030596,2.187332259796028,0.08722490606548577,0.026838432635534086,1.1607622114868492,,
51,14.949006977992486,36.68813741277509,7.944176060118089,17.619431025228128,6.105743424584004,11.18491680085883,1.442565754159957,0.3488996242619431,2.2074610842726785,0.15432098765432098,0.026838432635534086,1.328502415458937,,
52,15.022812667740205,36.46672034353194,8.152173913043478,17.411433172302736,6.0587761674718195,11.151368760064413,1.5096618357487923,0.3757380568974772,2.301395598497048,0.15432098765432098,0.05367686527106817,1.3419216317767042,,
53,14.955716586151368,35.849436392914654,8.246108427267847,16.646537842190018,7.118894256575416,11.09098228663446,1.596886741814278,0.36902844873859364,2.5563607085346214,0.15432098765432098,0.05367686527106817,1.3620504562533549,,
54,14.049919484702093,37.245034889962426,8.152173913043478,15.76086956521739,7.071926999463232,11.017176596886742,1.583467525496511,0.36902844873859364,3.0193236714975846,0.1878690284487386,0.07380568974771873,1.4694041867954912,,
55,14.049919484702093,36.963231347289316,8.225979602791197,15.861513687600644,7.132313472893183,10.903113258185721,1.6103059581320451,0.36902844873859364,3.0595813204508855,0.1878690284487386,0.08722490606548577,1.5499194847020934,,
56,14.11701556629093,36.68813741277509,8.28636607622115,15.955448201825014,7.071926999463232,10.916532474503489,1.6304347826086956,0.36902844873859364,3.0931293612453032,0.2147074610842727,0.08722490606548577,1.570048309178744,,
57,14.217659688674182,36.460010735373054,8.333333333333334,15.854804079441761,7.132313472893183,10.916532474503489,1.6505636070853462,0.3421900161030596,3.2139023081052067,0.2147074610842727,0.08722490606548577,1.5767579173376274,,
58,14.197530864197532,35.95679012345679,8.675523349436393,15.58641975308642,7.440955448201825,10.829307568438002,1.7713365539452497,0.3421900161030596,3.166935050993022,0.2214170692431562,0.10064412238325282,1.710950080515298,,
59,14.036500268384327,36.05743424584004,8.635265700483092,15.465646806226516,7.427536231884058,10.802469135802468,1.865271068169619,0.36902844873859364,3.2742887815351582,0.2549651100375738,0.10064412238325282,1.710950080515298,,
60,14.2914653784219,35.581052066559316,8.903650026838433,15.344873859366613,7.467793880837359,10.795759527643586,1.9189479334406871,0.4025764895330113,3.3011272141706924,0.24154589371980675,0.10064412238325282,1.6505636070853462,,
61,13.654052603327965,34.74906065485776,8.427267847557703,14.49946323134729,7.333601717659689,13.486312399355878,1.9592055823939882,0.4025764895330113,3.388352120236178,0.2683843263553409,0.16774020397208803,1.6639828234031133,,
62,13.6406333870102,33.782877079978526,8.715780998389693,13.982823403113258,7.9039184111647875,14.53972088030059,1.865271068169619,0.4025764895330113,3.046162104133119,0.24825550187869028,0.16774020397208803,1.7042404723564144,,
63,13.7211486849168,33.60842726784756,8.715780998389693,13.88888888888889,7.856951154052603,14.53972088030059,2.006172839506173,0.41599570585077833,3.0864197530864197,0.2952227589908749,0.16774020397208803,1.6975308641975309,,
64,13.533279656468062,33.561460010735374,8.849973161567364,13.761406333870102,8.07836822329576,14.459205582393988,2.059849704777241,0.41599570585077833,3.099838969404187,0.2952227589908749,0.16774020397208803,1.7176596886741815,,
65,13.647342995169081,33.46081588835212,8.84326355340848,13.526570048309178,8.145464304884594,14.392109500805153,2.100107353730542,0.41599570585077833,3.294417606011809,0.27509393451422437,0.16774020397208803,1.7310789049919484,,
66,13.741277509393452,33.10520665593129,9.064680622651638,13.41250670960816,8.158883521202362,14.345142243692969,2.147074610842727,0.4294149221685454,3.3279656468062266,0.27509393451422437,0.19457863660762212,1.7981749865807837,,
67,13.828502415458937,32.68250134192163,9.131776704240472,13.298443370907139,8.152173913043478,14.566559312936125,2.563070316693505,0.4294149221685454,3.2541599570585076,0.27509393451422437,0.19457863660762212,1.6237251744498122,,
68,12.99651100375738,30.35426731078905,8.588298443370908,19.0552871712292,7.39398819108964,13.345410628019323,2.4020397208803006,0.4428341384863124,3.207192699946323,0.2214170692431562,0.19457863660762212,1.7981749865807837,,
69,13.01663982823403,29.26731078904992,9.702093397745571,18.947933440687063,7.380568974771873,13.285024154589372,2.4490069779924855,0.4428341384863124,3.240740740740741,0.27509393451422437,0.20128824476650564,1.7914653784219001,,
70,13.144122383252817,28.992216854535695,9.648416532474503,18.86070853462158,7.454374664519592,13.231347289318304,2.6301663982823404,0.4227053140096618,3.3279656468062266,0.2683843263553409,0.17444981213097155,1.8451422436929683,,
71,13.20450885668277,28.898282340311326,9.749060654857756,18.59903381642512,7.467793880837359,13.191089640365004,2.7979066022544283,0.4092860976918948,3.3816425120772946,0.28180354267310787,0.17444981213097155,1.8451422436929683,,
72,13.251476113794954,28.69699409554482,10.111379495437467,18.572195383789587,7.5281803542673105,12.983091787439614,2.7844873859366612,0.4092860976918948,3.3950617283950617,0.2616747181964573,0.17444981213097155,1.8317230273752012,,
73,13.083735909822867,25.489801395598498,12.084004294149223,18.451422436929683,7.25979602791197,12.734836285560924,4.636339237788513,0.38915727321524424,3.502415458937198,0.36231884057971014,0.1610305958132045,1.8451422436929683,,
74,13.325281803542673,25.37573805689748,11.929683306494901,18.317230273752013,7.367149758454106,12.754965110037574,4.616210413311863,0.4092860976918948,3.475577026301664,0.36231884057971014,0.1878690284487386,1.8786902844873858,,
75,13.358829844337091,25.315351583467525,11.81561996779388,18.243424584004295,7.447665056360709,12.76838432635534,4.609500805152979,0.4227053140096618,3.556092324208266,0.3488996242619431,0.2147074610842727,1.8988191089640365,,
76,12.694578636607622,24.402844873859365,11.66129898013956,20.283145464304884,7.139023081052066,12.781803542673108,4.64975845410628,0.4227053140096618,3.5091250670960816,0.3757380568974772,0.2147074610842727,1.865271068169619,,
77,12.76838432635534,24.261943102522814,11.553945249597424,20.155662909286097,7.098765432098766,12.74825550187869,4.723564143853999,0.4227053140096618,3.750670960815888,0.36902844873859364,0.2147074610842727,1.932367149758454,,
78,12.4597423510467,22.940150295222757,8.76274825550188,20.095276435856146,7.065217391304348,17.398013955984972,4.663177670424047,0.3757380568974772,3.770799785292539,0.36231884057971014,0.14761137949543746,1.9592055823939882,,
79,12.486580783682234,22.893183038110575,8.769457863660762,20.04830917874396,7.0383789586688135,17.250402576489535,4.7168545356951155,0.4092860976918948,3.8378958668813743,0.36902844873859364,0.1610305958132045,2.01959205582394,,
80,12.560386473429952,22.67176596886742,8.82313472893183,19.93424584004294,7.185990338164252,17.216854535695116,4.643048845947397,0.4428341384863124,3.9049919484702094,0.3824476650563607,0.1610305958132045,2.073268921095008,,
81,12.600644122383253,22.33628556092324,10.36634460547504,18.5654857756307,7.179280730005368,16.921631776704242,4.931561996779388,0.4428341384863124,3.9184111647879765,0.39586688137412773,0.1878690284487386,2.120236178207193,0.03354804079441761,
82,12.52012882447665,20.833333333333332,9.675254965110037,18.51851851851852,6.850509930220075,20.068438003220614,4.408212560386473,0.32877079978529256,3.9720880300590444,0.3824476650563607,0.1878690284487386,2.2208803005904456,0.03354804079441761,
83,12.600644122383253,20.705850778314545,9.769189479334408,18.303811057434245,7.051798174986581,19.981213097155127,4.40150295222759,0.3421900161030596,4.032474503488996,0.36231884057971014,0.17444981213097155,2.2410091250670963,0.03354804079441761,
84,12.473161567364466,20.632045088566827,9.842995169082126,18.21658615136876,7.132313472893183,20.068438003220614,4.461889425657541,0.35560923242082665,3.965378421900161,0.36231884057971014,0.1878690284487386,2.26784755770263,0.03354804079441761,
85,12.345679012345679,20.652173913043477,11.506977992485238,16.881374127750938,7.125603864734299,19.806763285024154,4.388083735909823,0.3824476650563607,3.8915727321524423,0.4294149221685454,0.2147074610842727,2.341653247450349,0.03354804079441761,
86,12.325550187869029,20.665593129361245,11.345947396672035,16.800858829844337,7.286634460547504,19.578636607622116,4.616210413311863,0.3824476650563607,3.9049919484702094,0.4495437466451959,0.24154589371980675,2.368491680085883,0.03354804079441761,
87,12.27187332259796,19.330381105743424,11.037305421363392,16.626409017713364,8.903650026838433,19.43773483628556,4.871175523349437,0.39586688137412773,3.9989264626945786,0.5032206119162641,0.24154589371980675,2.3483628556092326,0.03354804079441761,
88,12.211486849168008,18.230005367686527,9.366612989801396,19.37734836285561,8.896940418679549,19.860440150295222,4.777241009125067,0.4227053140096618,4.025764895330113,0.4830917874396135,0.13419216317767044,2.1806226516371443,0.03354804079441761,
89,12.238325281803542,18.209876543209877,9.158615136876007,19.243156199677937,8.896940418679549,20.055018786902846,4.783950617283951,0.4092860976918948,4.072732152442297,0.5099302200751477,0.13419216317767044,2.254428341384863,0.03354804079441761,
90,12.473161567364466,17.726784755770264,9.017713365539452,18.820450885668276,9.802737520128824,19.900697799248523,5.045625335480408,0.48980139559849706,3.8378958668813743,0.49651100375738055,0.17444981213097155,2.1739130434782608,0.040257648953301126,
91,12.493290391841116,17.68652710681696,8.923778851315083,18.625872249060656,10.138217928073,19.612184648416534,5.072463768115942,0.46967257112184646,3.9049919484702094,0.5166398282340311,0.1610305958132045,2.328234031132582,0.06709608158883522,
92,12.406065485775631,17.612721417069242,8.917069243156199,18.270263016639827,10.091250670960816,19.773215244229736,5.12614063338701,0.4830917874396135,4.180085882984434,0.4830917874396135,0.1610305958132045,2.428878153515835,0.06709608158883522,
93,12.526838432635534,17.505367686527105,8.876811594202898,18.23671497584541,9.957058507783145,19.545088566827697,5.112721417069243,0.48980139559849706,4.394793344068707,0.46967257112184646,0.16774020397208803,2.6502952227589907,0.06709608158883522,
94,12.580515297906603,17.23027375201288,8.903650026838433,18.115942028985508,9.98389694041868,19.90740740740741,5.025496511003757,0.4830917874396135,4.42163177670424,0.46967257112184646,0.13419216317767044,2.677133655394525,0.06709608158883522,
95,12.546967257112184,17.102791196994094,8.883521202361782,17.72007514761138,10.312667740203972,19.826892109500804,5.179817498658078,0.5099302200751477,4.51556629092861,0.46967257112184646,0.12077294685990338,2.717391304347826,0.0939345142243693,
96,12.667740203972087,17.062533548040793,8.796296296296296,17.619431025228128,10.426731078904991,19.719538378958667,5.199946323134729,0.5099302200751477,4.53569511540526,0.4495437466451959,0.10735373054213634,2.791196994095545,0.11406333870101985,
97,12.5402576489533,16.552603327965645,8.789586688137414,17.310789049919485,10.312667740203972,19.981213097155127,5.83064949006978,0.48980139559849706,4.730273752012883,0.4495437466451959,0.10735373054213634,2.791196994095545,0.11406333870101985,
98,11.688137412775093,16.659957058507782,8.373590982286634,16.74718196457327,14.88191089640365,17.860976918947934,5.60252281266774,0.4092860976918948,4.602791196994096,0.3757380568974772,0.10735373054213634,2.576489533011272,0.11406333870101985,
99,11.761943102522812,15.794417606011809,7.924047235641439,16.015834675254965,14.63365539452496,20.645464304884594,5.421363392377885,0.43612453032742887,4.26731078904992,0.4294149221685454,0.0939345142243693,2.5161030595813205,0.06038647342995169,
100,11.735104669887278,15.318035426731079,7.588566827697263,16.076221148684915,14.479334406870638,20.457595276435857,6.602254428341385,0.4227053140096618,4.294149221685454,0.4025764895330113,0.0939345142243693,2.4691358024691357,0.06038647342995169,
101,11.829039184111648,15.28448738593666,7.5281803542673105,16.089640365002683,14.392109500805153,20.44417606011809,6.709608158883521,0.4227053140096618,4.28743961352657,0.39586688137412773,0.0939345142243693,2.462426194310252,0.06038647342995169,
102,11.808910359634996,15.157004830917874,7.501341921631776,15.70048309178744,14.949006977992486,20.162372517444982,6.769994632313473,0.39586688137412773,4.233762748255502,0.43612453032742887,0.10064412238325282,2.7241009125067097,0.06038647342995169,
103,11.829039184111648,15.029522275899087,7.4141170155662905,15.619967793880837,14.861782071927,20.088566827697264,6.823671497584541,0.38915727321524424,4.555823939881911,0.5300590445517982,0.10064412238325282,2.6972624798711755,0.06038647342995169,
104,11.77536231884058,14.982555018786902,7.521470746108427,15.519323671497585,14.754428341384862,20.081857219538378,7.03166935050993,0.3757380568974772,4.569243156199678,0.5770263016639828,0.10064412238325282,2.657004830917874,0.05367686527106817,
105,12.02361782071927,14.754428341384862,7.494632313472893,15.465646806226516,14.74771873322598,20.04830917874396,7.132313472893183,0.38915727321524424,4.53569511540526,0.5770263016639828,0.10064412238325282,2.677133655394525,0.05367686527106817,
106,12.04374664519592,14.680622651637144,7.64224369296833,15.33816425120773,14.834943639291465,19.82018250134192,7.098765432098766,0.4025764895330113,4.656468062265164,0.5770263016639828,0.1274825550187869,2.7241009125067097,0.05367686527106817,
107,12.144390767579173,14.606816961889425,7.561728395061729,15.190552871712292,15.150295222758992,19.57192699946323,7.219538378958669,0.4025764895330113,4.669887278582931,0.6508319914117016,0.1274825550187869,2.6502952227589907,0.05367686527106817,
108,12.238325281803542,14.445786366076222,7.6556629092860975,15.123456790123457,15.11003757380569,19.652442297369834,7.152442297369833,0.4025764895330113,4.7101449275362315,0.6776704240472357,0.1274825550187869,2.6502952227589907,0.05367686527106817,
109,12.245034889962426,14.278046162104133,7.595276435856146,15.042941492216855,14.915458937198068,19.860440150295222,7.246376811594203,0.3757380568974772,4.904723564143854,0.6843800322061192,0.1274825550187869,2.6704240472356413,0.05367686527106817,
110,12.338969404186795,14.231078904991948,7.601986044015029,15.049651100375739,14.640365002683843,19.6256038647343,7.239667203435319,0.4092860976918948,5.213365539452496,0.798443370907139,0.1274825550187869,2.6704240472356413,0.05367686527106817,
111,12.332259796027913,14.15727321524423,7.863660762211487,14.97584541062802,14.553140096618357,19.578636607622116,7.27992485238862,0.4428341384863124,5.173107890499195,0.8319914117015567,0.1274825550187869,2.6301663982823404,0.05367686527106817,
112,12.218196457326892,14.123725174449811,8.293075684380032,14.821524422973699,14.53972088030059,19.598765432098766,7.2933440687063875,0.46967257112184646,5.0993022007514766,0.7716049382716049,0.1274825550187869,2.589908749329039,0.05367686527106817,
113,12.27187332259796,14.009661835748792,8.501073537305421,14.794685990338165,14.251207729468598,19.578636607622116,7.4208266237251745,0.46296296296296297,5.12614063338701,0.7917337627482555,0.1274825550187869,2.61003757380569,0.05367686527106817,
114,12.224906065485776,13.969404186795492,8.507783145464305,14.63365539452496,14.210950080515298,19.45786366076221,7.548309178743962,0.43612453032742887,5.260332796564681,0.8387010198604401,0.1274825550187869,2.7308105206655933,0.05367686527106817,
115,12.365807836822329,13.761406333870102,8.61513687600644,14.566559312936125,14.170692431561998,19.236446591519055,7.749597423510467,0.43612453032742887,5.307300053676865,0.8588298443370908,0.10064412238325282,2.7777777777777777,0.05367686527106817,
116,12.29200214707461,13.781535158346752,8.494363929146537,14.593397745571659,14.17740203972088,19.14922168545357,7.716049382716049,0.5099302200751477,5.320719269994632,0.9594739667203436,0.11406333870101985,2.8113258185721954,0.08051529790660225,
117,4.247181964573269,80.64278046162104,1.2144390767579174,4.542404723564144,3.140096618357488,3.2877079978529253,1.4090177133655395,,0.8521202361782072,0.20128824476650564,,0.46296296296296297,,
118,4.468599033816425,73.53059581320451,7.977724100912507,4.542404723564144,3.1535158346752548,3.294417606011809,1.4358561460010735,,0.8923778851315083,0.2147074610842727,,0.46296296296296297,0.026838432635534086,
119,4.683306494900698,72.73215244229738,8.507783145464305,4.53569511540526,3.193773483628556,3.294417606011809,1.4358561460010735,,0.8923778851315083,0.2147074610842727,0.020128824476650563,0.46296296296296297,0.026838432635534086,
120,4.810789049919484,68.57219538378959,8.722490606548577,4.522275899087493,6.810252281266774,3.307836822329576,1.4492753623188406,0.11406333870101985,0.9125067096081588,0.2147074610842727,0.040257648953301126,0.47638217928073,0.04696725711218465,
121,4.951690821256038,67.63955984970478,9.400161030595813,4.522275899087493,6.776704240472356,3.3480944712828773,1.4761137949543746,0.11406333870101985,0.9393451422436929,0.2147074610842727,0.040257648953301126,0.47638217928073,0.10064412238325282,
122,5.0791733762748255,66.96859903381643,9.842995169082126,4.562533548040794,6.743156199677939,3.3548040794417604,1.4962426194310252,0.11406333870101985,0.9460547504025765,0.2281266774020397,0.07380568974771873,0.47638217928073,0.11406333870101985,
123,5.287171229200215,65.54616210413312,11.003757380568974,4.528985507246377,6.696188942565755,3.3816425120772946,1.4962426194310252,0.11406333870101985,0.9997316156736447,0.2281266774020397,0.0939345142243693,0.5367686527106817,0.08722490606548577,
124,5.394524959742351,63.5601180891036,11.882716049382717,4.488727858293076,6.427804616210413,3.3950617283950617,1.5297906602254427,0.11406333870101985,2.1604938271604937,0.27509393451422437,0.13419216317767044,0.5367686527106817,0.10064412238325282,
125,5.4549114331723025,59.77589908749329,15.304616210413311,4.502147074610843,6.421095008051529,3.44873859366613,1.583467525496511,0.11406333870101985,2.1403650026838434,0.41599570585077833,0.13419216317767044,0.5770263016639828,0.1274825550187869,
126,5.689747718733226,59.084809447128286,15.526033279656469,4.636339237788513,6.4412238325281805,3.421900161030596,1.6304347826086956,0.15432098765432098,2.100107353730542,0.4495437466451959,0.13419216317767044,0.5770263016639828,0.15432098765432098,
127,5.8239398819108965,55.60923242082662,15.391841116478798,4.64975845410628,6.421095008051529,3.388352120236178,5.032206119162641,0.15432098765432098,2.100107353730542,0.47638217928073,0.1878690284487386,0.5770263016639828,0.1878690284487386,
128,6.085614600107354,55.152979066022546,15.4723564143854,4.62962962962963,6.488191089640365,3.3950617283950617,5.038915727321524,0.15432098765432098,2.120236178207193,0.47638217928073,0.1878690284487386,0.5770263016639828,0.2214170692431562,
129,6.045356951154052,54.90472356414385,15.747450348899624,4.522275899087493,6.360708534621578,3.455448201825013,5.032206119162641,0.15432098765432098,2.100107353730542,0.6508319914117016,0.2281266774020397,0.5770263016639828,0.2214170692431562,
130,6.166129898013956,54.468599033816425,15.96886741814278,4.502147074610843,6.360708534621578,3.4420289855072466,5.112721417069243,0.14761137949543746,2.073268921095008,0.6642512077294686,0.2683843263553409,0.5770263016639828,0.24825550187869028,
131,6.347289318303811,53.83118625872249,16.35131508319914,4.448470209339774,6.253354804079442,3.44873859366613,5.186527106816962,0.1610305958132045,2.214170692431562,0.6910896403650026,0.28180354267310787,0.5367686527106817,0.24825550187869028,
132,6.172839506172839,50.637412775093935,19.49141170155663,4.455179817498658,6.226516371443908,3.44873859366613,5.226784755770263,0.14761137949543746,2.2410091250670963,0.785024154589372,0.35560923242082665,0.5636070853462157,0.24825550187869028,
133,6.213097155126141,50.20799785292539,19.45115405260333,5.528717122920021,5.964841653247451,3.180354267310789,5.0858829844337095,0.13419216317767044,2.254428341384863,0.8118625872249061,0.3757380568974772,0.5501878690284487,0.24154589371980675,
134,6.380837359098229,49.785292538915726,19.578636607622116,5.508588298443371,5.924584004294149,3.180354267310789,5.146269457863661,0.13419216317767044,2.254428341384863,0.8856682769726248,0.41599570585077833,0.5367686527106817,0.2683843263553409,
135,6.347289318303811,48.70504562533548,20.202630166398283,5.495169082125604,5.971551261406334,3.1602254428341383,5.501878690284487,0.13419216317767044,2.2745571658615136,0.8990874932903918,0.4025764895330113,0.6038647342995169,0.30193236714975846,
136,6.461352657004831,48.05421363392378,20.652173913043477,5.495169082125604,5.991680085882985,3.052871712292002,5.515297906602254,0.17444981213097155,2.254428341384863,0.8990874932903918,0.5501878690284487,0.6239935587761675,0.27509393451422437,
137,6.655931293612453,47.779119699409556,20.511272141706925,5.508588298443371,6.038647342995169,3.052871712292002,5.522007514761138,0.17444981213097155,2.26784755770263,0.8789586688137413,0.6374127750939346,0.6977992485238862,0.27509393451422437,
138,6.843800322061192,47.316156736446594,20.611916264090176,5.528717122920021,6.052066559312936,3.046162104133119,5.515297906602254,0.20128824476650564,2.301395598497048,0.8789586688137413,0.6508319914117016,0.7783145464304885,0.27509393451422437,
139,6.823671497584541,45.65888352120236,20.263016639828233,7.6556629092860975,5.978260869565218,2.9589371980676327,5.589103596349974,0.20128824476650564,2.281266774020397,0.8722490606548577,0.6843800322061192,0.7783145464304885,0.2549651100375738,
140,6.964573268921095,45.06172839506173,20.538110574342458,7.615405260332796,5.984970477724101,2.9924852388620504,5.676328502415459,0.20128824476650564,2.3483628556092326,0.8722490606548577,0.6776704240472357,0.8118625872249061,0.2549651100375738,
141,7.098765432098766,44.47128287707998,20.94068706387547,7.575147611379496,6.072195383789587,2.952227589908749,5.615942028985507,0.20128824476650564,2.395330112721417,0.8856682769726248,0.7246376811594203,0.7917337627482555,0.27509393451422437,
142,7.139023081052066,42.99516908212561,22.309447128287708,7.481213097155126,5.9514224369296835,2.932098765432099,5.736714975845411,0.2281266774020397,2.3550724637681157,0.8856682769726248,0.7648953301127214,0.9057971014492754,0.3153515834675255,
143,6.964573268921095,42.31749865807837,22.859634997316157,9.118357487922705,5.877616747181965,1.90552871712292,5.528717122920021,0.2281266774020397,2.2946859903381642,0.9460547504025765,0.798443370907139,0.8118625872249061,0.3488996242619431,
144,7.078636607622115,41.988727858293075,22.705314009661837,9.118357487922705,5.924584004294149,1.9659151905528718,5.535426731078905,0.2281266774020397,2.2410091250670963,0.9259259259259259,0.8454106280193237,1.0466988727858293,0.39586688137412773,
145,7.313472893183038,41.646537842190014,22.591250670960815,9.03113258185722,5.938003220611916,1.9726247987117553,5.548845947396672,0.33548040794417605,2.2946859903381642,0.9326355340848095,0.9057971014492754,1.0735373054213635,0.41599570585077833,
146,7.461084272678476,41.25067096081589,22.81266774020397,8.950617283950617,5.998389694041868,2.006172839506173,5.548845947396672,0.36902844873859364,2.2879763821792807,0.9192163177670424,0.9192163177670424,1.0735373054213635,0.4025764895330113,
147,7.333601717659689,40.13016639828234,23.450080515297905,9.111647879763822,6.1929683306494905,2.006172839506173,5.609232420826624,0.3421900161030596,2.563070316693505,0.8923778851315083,0.8923778851315083,1.0735373054213635,0.4025764895330113,
148,7.232957595276436,39.680622651637144,23.698336017176597,8.903650026838433,6.226516371443908,1.9860440150295222,5.837359098228664,0.3757380568974772,2.636876006441224,0.9460547504025765,0.9125067096081588,1.133923778851315,0.4294149221685454,
149,7.387278582930757,39.53301127214171,23.557434245840042,8.870101986044014,6.213097155126141,1.9994632313472893,5.911164787976382,0.36231884057971014,2.6637144390767578,0.9259259259259259,0.9728931830381106,1.1943102522812667,0.4092860976918948,
150,7.5281803542673105,39.10359634997316,23.55072463768116,8.80300590445518,6.273483628556092,1.9793344068706387,5.924584004294149,0.36902844873859364,2.757648953301127,1.1272141706924315,0.9796027911969941,1.1943102522812667,0.4092860976918948,
151,7.581857219538379,37.86231884057971,24.382716049382715,8.78287707997853,6.253354804079442,2.01959205582394,6.300322061191626,0.36902844873859364,2.6637144390767578,1.1943102522812667,0.9796027911969941,1.2278582930756843,0.3824476650563607,
152,7.675791733762749,37.60735373054214,24.208266237251745,8.735909822866345,6.286902844873859,2.0397208803005906,6.253354804079442,0.36902844873859364,2.6704240472356413,1.2278582930756843,1.0198604401502953,1.5230810520665594,0.3824476650563607,
153,7.588566827697263,37.25174449812131,24.20155662909286,8.648684916800859,6.367418142780462,2.509393451422437,6.179549114331723,0.39586688137412773,2.703972088030059,1.247987117552335,1.0198604401502953,1.5029522275899088,0.3824476650563607,
154,7.716049382716049,37.104133118625874,24.16129898013956,8.588298443370908,6.367418142780462,2.5295222758990876,6.152710681696189,0.36902844873859364,2.717391304347826,1.2546967257112185,1.0534084809447128,1.6170155662909287,0.36902844873859364,
155,7.803274288781535,36.90955448201825,24.168008588298445,8.387010198604402,6.3137412775093935,2.5831991411701556,6.421095008051529,0.39586688137412773,2.657004830917874,1.2949543746645196,1.0534084809447128,1.6438539989264627,0.36902844873859364,
156,7.816693505099302,36.621041331186255,24.362587224906065,8.387010198604402,6.340579710144928,2.5429414922168547,6.474771873322598,0.4092860976918948,2.7106816961889426,1.2815351583467525,1.0399892646269457,1.6438539989264627,0.36902844873859364,
157,7.96430488459474,36.45330112721417,24.329039184111647,8.380300590445518,6.280193236714976,2.5429414922168547,6.481481481481482,0.4562533548040794,2.757648953301127,1.261406333870102,1.06682769726248,1.6572732152442298,0.36902844873859364,
158,8.011272141706923,36.01717659688674,24.4699409554482,8.393719806763285,6.327160493827161,2.5295222758990876,6.588835212023618,0.49651100375738055,2.7844873859366612,1.261406333870102,1.06682769726248,1.6908212560386473,0.36231884057971014,
159,7.971014492753623,35.86285560923242,24.44981213097155,8.313204508856682,6.374127750939345,2.576489533011272,6.5552871712292005,0.49651100375738055,2.918679549114332,1.221148684916801,1.133923778851315,1.7646269457863661,0.36231884057971014,
160,8.05823939881911,35.648148148148145,24.52361782071927,8.252818035426731,6.394256575415996,2.61003757380569,6.588835212023618,0.5099302200751477,2.945517981749866,1.247987117552335,1.1406333870101986,1.7444981213097155,0.33548040794417605,
161,8.11862587224906,35.42673107890499,24.97987117552335,8.011272141706923,6.353998926462695,2.5161030595813205,6.66935050993022,0.5434782608695652,2.932098765432099,1.2144390767579174,1.1473429951690821,1.751207729468599,0.33548040794417605,
162,8.145464304884594,35.23215244229737,24.973161567364468,7.977724100912507,6.4412238325281805,2.657004830917874,6.629092860976919,0.5233494363929146,3.012614063338701,1.1808910359634996,1.1674718196457328,1.737788513150832,0.322061191626409,
163,8.28636607622115,35.02415458937198,24.852388620504563,7.930756843800322,6.515029522275899,2.703972088030059,6.575415995705851,0.6977992485238862,3.1065485775630703,1.1674718196457328,1.093666129898014,1.724369296833065,0.322061191626409,
164,8.246108427267847,34.86312399355877,24.892646269457863,7.856951154052603,6.991411701556629,2.7442297369833604,6.5485775630703165,0.7246376811594203,2.804616210413312,1.2010198604401503,1.0601180891035964,1.7444981213097155,0.322061191626409,
165,8.266237251744498,33.561460010735374,24.48336017176597,7.716049382716049,6.769994632313473,2.771068169618894,8.360171765968868,0.7514761137949544,2.9119699409554483,1.2077294685990339,1.0534084809447128,1.8250134192163177,0.322061191626409,
166,8.333333333333334,32.950885668276975,24.60413311862587,7.64224369296833,6.89747718733226,2.818035426731079,8.460815888352121,0.7447665056360708,3.026033279656468,1.2345679012345678,1.0534084809447128,1.9122383252818036,0.322061191626409,
167,8.380300590445518,32.7361782071927,24.90606548577563,7.347020933977456,7.27992485238862,2.818035426731079,8.313204508856682,0.7447665056360708,2.9388083735909825,1.2345679012345678,1.0466988727858293,1.90552871712292,0.3488996242619431,
168,8.53462157809984,32.367149758454104,24.416264090177133,7.306763285024155,7.246376811594203,2.831454643048846,9.212292002147075,0.7447665056360708,2.9253891572732154,1.2681159420289856,0.95276435856146,1.8451422436929683,0.3488996242619431,
169,8.662104133118627,32.27321524422974,24.3894256575416,7.300053676865271,7.320182501341922,2.8247450348899625,9.172034353193773,0.7447665056360708,2.885131508319914,1.2345679012345678,0.9728931830381106,1.8719806763285025,0.3488996242619431,
170,8.682232957595277,32.118894256575416,24.355877616747183,7.27992485238862,7.447665056360709,2.8918411164787976,9.098228663446054,0.7581857219538379,2.871712292002147,1.3083735909822867,0.9728931830381106,1.865271068169619,0.3488996242619431,
171,8.514492753623188,32.098765432098766,24.396135265700483,7.179280730005368,7.682501341921632,2.7979066022544283,9.151905528717123,0.7783145464304885,2.85829307568438,1.3352120236178207,1.0265700483091786,1.8451422436929683,0.33548040794417605,
