,45,50,53,54,51,55,52,56,57,59,58
0,99.70477724100913,0.2952227589908749,,,,,,,,,
1,99.49677938808374,0.5032206119162641,,,,,,,,,
2,96.40365002683843,3.5963499731615673,,,,,,,,,
3,93.63258185721953,6.367418142780462,,,,,,,,,
4,92.47852925389158,7.521470746108427,,,,,,,,,
5,92.2638217928073,7.7361782071927,,,,,,,,,
6,91.84111647879764,8.158883521202362,,,,,,,,,
7,91.72034353193773,8.279656468062266,,,,,,,,,
8,89.21765968867417,10.782340311325818,,,,,,,,,
9,89.02979066022544,10.970209339774557,,,,,,,,,
10,78.76409017713365,21.235909822866343,,,,,,,,,
11,78.61647879763822,21.38352120236178,,,,,,,,,
12,78.6231884057971,21.3768115942029,,,,,,,,,
13,64.55984970477724,35.30595813204509,0.13419216317767044,,,,,,,,
14,63.16425120772947,36.553945249597426,0.13419216317767044,0.14761137949543746,,,,,,,
15,63.16425120772947,36.553945249597426,0.13419216317767044,0.14761137949543746,,,,,,,
16,62.96967257112185,36.47342995169082,0.18115942028985507,0.24154589371980675,0.13419216317767044,,,,,,
17,62.86231884057971,36.580783682232955,0.18115942028985507,0.24154589371980675,0.13419216317767044,,,,,,
18,59.68196457326892,39.680622651637144,0.18115942028985507,0.0939345142243693,0.24825550187869028,0.11406333870101985,,,,,
19,59.82957595276436,39.53301127214171,0.18115942028985507,0.0939345142243693,0.24825550187869028,0.11406333870101985,,,,,
20,51.24127750939345,47.40338164251208,0.3421900161030596,0.14090177133655393,0.2952227589908749,0.5770263016639828,,,,,
21,51.19431025228127,47.36983360171766,0.4227053140096618,0.14090177133655393,0.2952227589908749,0.5770263016639828,,,,,
22,51.09366612989801,47.28260869565217,0.49651100375738055,0.14090177133655393,0.2952227589908749,0.6910896403650026,,,,,
23,51.039989264626946,47.26247987117552,0.48980139559849706,0.14090177133655393,0.3757380568974772,0.6910896403650026,,,,,
24,51.25469672571122,46.88674181427805,0.48980139559849706,0.14090177133655393,0.3757380568974772,0.8521202361782072,,,,,
25,41.7337627482555,55.38781535158347,1.7444981213097155,0.04696725711218465,0.24154589371980675,0.8454106280193237,,,,,
26,41.606280193236714,54.119699409554485,1.5901771336553945,0.04696725711218465,1.90552871712292,0.7313472893183038,,,,,
27,40.123456790123456,55.51529790660226,1.596886741814278,0.04696725711218465,1.8585614600107354,0.8588298443370908,,,,,
28,40.083199141170155,55.2938808373591,1.5901771336553945,0.04696725711218465,1.9524959742351047,1.0332796564680622,,,,,
29,39.97584541062802,55.401234567901234,1.5901771336553945,0.04696725711218465,1.9524959742351047,1.0332796564680622,,,,,
30,40.022812667740205,55.32071926999463,1.5901771336553945,0.04696725711218465,1.9524959742351047,1.06682769726248,,,,,
31,40.05636070853462,54.99194847020934,1.5901771336553945,0.04696725711218465,2.0665593129361244,1.247987117552335,,,,,
32,33.883521202361784,60.64143853998927,1.3821792807300053,0.04696725711218465,0.46296296296296297,1.2010198604401503,2.38191089640365,,,,
33,33.863392377885134,60.339506172839506,1.3821792807300053,0.04696725711218465,0.46296296296296297,1.5230810520665594,2.38191089640365,,,,
34,34.09151905528717,59.614868491680085,1.3217928073000538,0.04696725711218465,0.46296296296296297,1.9860440150295222,2.38191089640365,0.0939345142243693,,,
35,33.59500805152979,60.05099302200752,1.3217928073000538,0.04696725711218465,0.46296296296296297,2.0665593129361244,2.38191089640365,0.07380568974771873,,,
36,33.60842726784756,59.42699946323135,1.3217928073000538,0.16774020397208803,0.46296296296296297,2.4490069779924855,2.4892646269457863,0.07380568974771873,,,
37,33.07836822329576,58.2662372517445,1.3217928073000538,0.23483628556092323,0.5166398282340311,2.2946859903381642,4.213633923778851,0.07380568974771873,,,
38,33.272946859903385,58.08507783145464,1.3217928073000538,0.23483628556092323,0.5166398282340311,2.2946859903381642,4.200214707461084,0.07380568974771873,,,
39,33.272946859903385,57.95759527643585,1.3217928073000538,0.23483628556092323,0.5166398282340311,2.4490069779924855,4.17337627482555,0.07380568974771873,,,
40,33.293075684380035,57.789855072463766,1.2077294685990339,0.23483628556092323,0.7112184648416533,2.5295222758990876,4.159957058507783,0.07380568974771873,,,
41,33.25952764358561,57.56172839506173,1.2077294685990339,0.36902844873859364,0.8387010198604401,2.5295222758990876,4.159957058507783,0.07380568974771873,,,
42,33.53462157809984,57.26650563607085,1.2077294685990339,0.36902844873859364,0.8387010198604401,2.5496511003757383,4.159957058507783,0.07380568974771873,,,
43,33.803005904455176,57.05179817498658,1.093666129898014,0.46967257112184646,0.8387010198604401,2.509393451422437,4.159957058507783,0.07380568974771873,,,
44,27.938808373590984,63.801663982823406,0.6239935587761675,1.0399892646269457,0.3421900161030596,2.01959205582394,4.159957058507783,0.07380568974771873,,,
45,28.193773483628558,62.513419216317764,0.6910896403650026,1.0399892646269457,0.3421900161030596,2.999194847020934,4.146537842190016,0.07380568974771873,,,
46,28.5426731078905,61.63446054750403,0.7514761137949544,1.1473429951690821,0.3421900161030596,3.361513687600644,4.146537842190016,0.07380568974771873,,,
47,28.703703703703702,61.171497584541065,0.8319914117015567,1.1473429951690821,0.3421900161030596,3.589640365002684,4.139828234031133,0.07380568974771873,,,
48,28.75067096081589,60.869565217391305,0.8319914117015567,1.261406333870102,0.4092860976918948,3.6634460547504024,4.139828234031133,0.07380568974771873,,,
49,27.985775630703166,50.637412775093935,0.9594739667203436,1.3821792807300053,11.922973698336017,2.898550724637681,4.025764895330113,0.1878690284487386,,,
50,27.22758990874933,51.35534084809447,0.9594739667203436,1.3821792807300053,12.070585077831455,2.8650026838432634,3.9519592055823938,0.1878690284487386,,,
51,27.314814814814813,51.16076221148685,0.9594739667203436,1.3821792807300053,12.057165861513688,2.9790660225442833,3.8848631239935587,0.2616747181964573,,,
52,27.26113794954375,51.03327965646806,0.9594739667203436,1.3821792807300053,12.057165861513688,3.166935050993022,3.824476650563607,0.2616747181964573,0.05367686527106817,,
53,27.3215244229737,50.758185721953836,0.9594739667203436,1.3821792807300053,12.037037037037036,3.3145464304884595,3.911701556629093,0.2616747181964573,0.05367686527106817,,
54,27.36849168008588,50.7313472893183,0.9594739667203436,1.3821792807300053,12.016908212560386,3.3145464304884595,3.911701556629093,0.2616747181964573,0.05367686527106817,,
55,27.449006977992486,49.644390767579175,0.9594739667203436,1.3821792807300053,11.969940955448202,4.314278046162104,3.965378421900161,0.2616747181964573,0.05367686527106817,,
56,27.616747181964573,49.11433172302738,0.9594739667203436,1.3821792807300053,11.963231347289318,4.696725711218465,3.9519592055823938,0.2616747181964573,0.05367686527106817,,
57,27.643585614600106,49.060654857756305,0.95276435856146,1.3821792807300053,11.855877616747183,4.804079441760601,3.8915727321524423,0.35560923242082665,0.05367686527106817,,
58,27.3215244229737,47.0276435856146,1.0265700483091786,3.9720880300590444,11.788781535158346,4.49543746645196,3.8915727321524423,0.4227053140096618,0.05367686527106817,,
59,27.462426194310254,46.833064949006975,1.0265700483091786,3.9720880300590444,11.701556629092861,4.636339237788513,3.8915727321524423,0.4227053140096618,0.05367686527106817,,
60,27.509393451422437,46.31642512077295,1.0265700483091786,3.9720880300590444,11.701556629092861,4.958400429414922,4.03918411164788,0.4227053140096618,0.05367686527106817,,
61,27.74422973698336,46.14868491680086,1.0265700483091786,3.9720880300590444,11.688137412775093,4.938271604938271,4.005636070853462,0.4227053140096618,0.05367686527106817,,
62,27.596618357487923,45.97423510466989,1.0265700483091786,4.012345679012346,11.56736446591519,5.139559849704777,4.092860976918948,0.5367686527106817,0.05367686527106817,,
63,27.791196994095547,45.45759527643585,1.0265700483091786,3.9586688137412773,11.56736446591519,5.515297906602254,4.092860976918948,0.5367686527106817,0.05367686527106817,,
64,27.831454643048847,45.276435856146,1.0265700483091786,4.052603327965647,11.41304347826087,5.589103596349974,4.092860976918948,0.6642512077294686,0.05367686527106817,,
65,28.079710144927535,44.920826623725176,1.0265700483091786,4.133118625872249,11.392914653784219,5.636070853462158,4.092860976918948,0.6642512077294686,0.05367686527106817,,
66,28.166935050993022,44.927536231884055,1.0265700483091786,4.133118625872249,11.3593666129898,5.5756843800322065,4.206924315619967,0.5501878690284487,0.05367686527106817,,
67,28.113258185721953,44.68599033816425,1.107085346215781,4.233762748255502,11.137949543746645,5.676328502415459,4.206924315619967,0.785024154589372,0.05367686527106817,,
68,28.18035426731079,44.316961889425656,1.107085346215781,4.38137412775094,10.963499731615673,5.615942028985507,4.4753086419753085,0.9057971014492754,0.05367686527106817,,
69,27.449006977992486,44.860440150295226,1.107085346215781,4.314278046162104,10.923242082662373,5.9447128287707995,4.441760601180891,0.9057971014492754,0.05367686527106817,,
70,20.25630703166935,53.234031132581855,0.966183574879227,4.17337627482555,10.560923242082662,5.6964573268921095,4.03918411164788,1.0198604401502953,0.05367686527106817,,
71,18.055555555555557,56.09903381642512,1.0399892646269457,4.159957058507783,10.560923242082662,5.917874396135265,3.1468062265163717,1.0198604401502953,,,
72,18.06897477187332,55.763553408480945,1.1540526033279657,4.139828234031133,10.547504025764896,6.166129898013956,3.140096618357488,1.0198604401502953,,,
73,18.256843800322063,55.31400966183575,1.1540526033279657,4.1129898013955986,10.493827160493828,6.508319914117015,3.140096618357488,1.0198604401502953,,,
74,18.169618894256576,55.03891572732152,1.1540526033279657,4.159957058507783,10.493827160493828,6.823671497584541,3.140096618357488,1.0198604401502953,,,
75,18.10252281266774,55.12614063338701,1.1473429951690821,4.159957058507783,10.487117552334944,6.823671497584541,3.1333870101986045,1.0198604401502953,,,
76,16.961889425657542,51.80488459473967,0.9393451422436929,4.797369833601718,14.465915190552872,6.91760601180891,3.0931293612453032,1.0198604401502953,,,
77,16.988727858293075,50.738056897477186,0.9393451422436929,4.884594739667204,14.392109500805153,7.944176060118089,3.0931293612453032,1.0198604401502953,,,
78,17.028985507246375,50.64412238325282,1.9793344068706387,4.884594739667204,13.271604938271604,7.977724100912507,3.0931293612453032,1.1205045625335481,,,
79,17.344337090713903,50.34219001610306,1.9793344068706387,4.884594739667204,13.103864734299517,8.132045088566828,3.0931293612453032,1.1205045625335481,,,
80,16.317767042404725,46.06816961889426,1.9793344068706387,4.723564143853999,19.290123456790123,7.380568974771873,2.999194847020934,1.2412775093934514,,,
81,16.49892646269458,45.63875469672571,1.9122383252818036,4.528985507246377,19.216317767042405,7.836822329575953,2.999194847020934,1.221148684916801,0.14761137949543746,,
82,16.76731078904992,45.4374664519592,1.9122383252818036,4.609500805152979,19.02173913043478,7.836822329575953,2.9790660225442833,1.288244766505636,0.14761137949543746,,
83,16.921631776704242,45.3569511540526,2.046430488459474,4.542404723564144,19.00161030595813,7.669082125603865,3.026033279656468,1.288244766505636,0.14761137949543746,,
84,17.270531400966185,44.95437466451959,2.046430488459474,4.542404723564144,18.894256575415994,7.9106280193236715,3.026033279656468,1.2077294685990339,0.14761137949543746,,
85,17.330917874396135,44.87385936661299,2.01959205582394,4.542404723564144,18.820450885668276,7.87037037037037,3.026033279656468,1.3687600644122384,0.14761137949543746,,
86,17.51207729468599,44.69940955448202,2.0128824476650564,4.542404723564144,18.820450885668276,7.87037037037037,3.026033279656468,1.3687600644122384,0.14761137949543746,,
87,17.59259259259259,44.41760601180891,2.0128824476650564,4.542404723564144,18.80703166935051,8.085077831454644,3.026033279656468,1.3687600644122384,0.14761137949543746,,
88,17.76033279656468,44.236446591519055,2.0128824476650564,4.394793344068707,18.706387546967257,8.172302737520129,3.026033279656468,1.415727321524423,0.14761137949543746,0.1274825550187869,
89,17.344337090713903,42.961621041331185,1.892109500805153,4.394793344068707,17.518786902844873,8.158883521202362,6.038647342995169,1.415727321524423,0.14761137949543746,0.1274825550187869,
90,17.632850241545892,42.74691358024691,1.892109500805153,4.327697262479871,17.431561996779386,8.158883521202362,6.038647342995169,1.415727321524423,0.14761137949543746,0.20799785292538917,
91,17.56575415995706,42.639559849704774,1.892109500805153,4.327697262479871,17.458400429414922,8.259527643585615,5.9514224369296835,1.5499194847020934,0.14761137949543746,0.20799785292538917,
92,17.2638217928073,39.60681696188943,1.0601180891035964,4.2270531400966185,26.167471819645733,7.0450885668276975,2.831454643048846,1.2077294685990339,0.28180354267310787,0.1878690284487386,0.12077294685990338
93,17.485238862050455,39.439076757917334,1.0601180891035964,4.28743961352657,25.89908749329039,7.078636607622115,2.831454643048846,1.328502415458937,0.28180354267310787,0.1878690284487386,0.12077294685990338
94,17.538915727321523,39.17740203972088,1.0601180891035964,4.28743961352657,25.697799248523886,7.232957595276436,2.818035426731079,1.596886741814278,0.28180354267310787,0.1878690284487386,0.12077294685990338
95,17.67981749865808,38.95598497047772,1.133923778851315,4.28743961352657,25.389157273215243,7.232957595276436,2.818035426731079,1.9122383252818036,0.28180354267310787,0.1878690284487386,0.12077294685990338
96,18.075684380032207,38.27160493827161,1.1205045625335481,3.4420289855072466,25.36231884057971,8.57487922705314,2.818035426731079,1.7914653784219001,0.28180354267310787,0.1878690284487386,0.07380568974771873
97,18.230005367686527,38.25147611379496,1.1205045625335481,3.435319377348363,25.234836285560924,8.57487922705314,2.818035426731079,1.7914653784219001,0.28180354267310787,0.1878690284487386,0.07380568974771873
98,18.310520665593128,38.18438003220612,1.1205045625335481,3.435319377348363,25.221417069243156,8.527911969940956,2.818035426731079,1.8384326355340848,0.28180354267310787,0.1878690284487386,0.07380568974771873
99,18.51851851851852,37.97638217928073,1.1205045625335481,3.435319377348363,24.93961352657005,8.662104133118627,2.818035426731079,1.9860440150295222,0.28180354267310787,0.1878690284487386,0.07380568974771873
100,18.63929146537842,37.92270531400966,1.1205045625335481,3.435319377348363,24.771873322597962,8.628556092324208,2.818035426731079,2.120236178207193,0.28180354267310787,0.1878690284487386,0.07380568974771873
101,18.686258722490606,37.754965110037574,1.1205045625335481,3.455448201825013,24.771873322597962,8.601717659688674,2.945517981749866,2.120236178207193,0.28180354267310787,0.1878690284487386,0.07380568974771873
102,18.733225979602793,37.5,1.2278582930756843,4.770531400966184,23.450080515297905,8.68894256575416,2.844873859366613,2.254428341384863,0.2683843263553409,0.1878690284487386,0.07380568974771873
103,18.86070853462158,37.43961352657005,1.3687600644122384,4.636339237788513,23.161567364465917,8.957326892109501,2.844873859366613,2.200751476113795,0.2683843263553409,0.1878690284487386,0.07380568974771873
104,19.04186795491143,37.29200214707461,1.3687600644122384,4.636339237788513,23.1280193236715,8.957326892109501,2.844873859366613,2.200751476113795,0.2683843263553409,0.1878690284487386,0.07380568974771873
105,18.793612453032743,35.07112184648417,1.3687600644122384,7.675791733762749,23.007246376811594,8.588298443370908,2.8113258185721954,2.200751476113795,0.2214170692431562,0.1878690284487386,0.07380568974771873
106,18.96135265700483,34.86983360171766,1.3687600644122384,7.877079978529254,22.953569511540525,8.474235104669887,2.8113258185721954,2.200751476113795,0.2214170692431562,0.1878690284487386,0.07380568974771873
107,19.061996779388085,33.56816961889426,1.4559849704777241,9.541062801932368,22.84621578099839,7.96430488459474,2.8113258185721954,2.26784755770263,0.2214170692431562,0.1878690284487386,0.07380568974771873
108,19.11567364465915,33.42055823939882,1.4559849704777241,9.541062801932368,22.785829307568438,8.064949006977992,2.8113258185721954,2.3215244229736984,0.2214170692431562,0.1878690284487386,0.07380568974771873
109,19.310252281266774,31.97799248523886,3.1870638754696725,9.353193773483628,22.77241009125067,7.87037037037037,2.7442297369833604,2.314814814814815,0.20799785292538917,0.1878690284487386,0.07380568974771873
110,19.404186795491142,31.843800322061192,3.1870638754696725,9.353193773483628,22.69189479334407,7.856951154052603,2.7442297369833604,2.4490069779924855,0.20799785292538917,0.1878690284487386,0.07380568974771873
111,19.652442297369834,31.702898550724637,3.1870638754696725,9.339774557165862,22.5979602791197,7.709339774557166,2.831454643048846,2.5161030595813205,0.20128824476650564,0.1878690284487386,0.07380568974771873
112,19.753086419753085,31.635802469135804,3.1602254428341383,9.272678475577026,22.584541062801932,7.6556629092860975,2.9790660225442833,2.49597423510467,0.20128824476650564,0.1878690284487386,0.07380568974771873
113,19.83360171765969,31.5150295222759,3.2742887815351582,9.272678475577026,22.376543209876544,7.648953301127214,2.9790660225442833,2.636876006441224,0.20128824476650564,0.1878690284487386,0.07380568974771873
114,20.068438003220614,31.300322061191626,3.2742887815351582,9.091519055287172,22.114868491680085,7.809983896940419,2.965646806226516,2.9119699409554483,0.20128824476650564,0.1878690284487386,0.07380568974771873
115,20.229468599033815,30.96484165324745,3.2742887815351582,9.339774557165862,22.08132045088567,7.716049382716049,2.965646806226516,2.9119699409554483,0.20128824476650564,0.24154589371980675,0.07380568974771873
116,20.41062801932367,30.9044551798175,3.4151905528717124,9.044551798174986,21.75925925925926,7.709339774557166,2.965646806226516,3.113258185721954,0.20128824476650564,0.24154589371980675,0.23483628556092323
117,20.491143317230275,30.9849704777241,3.515834675254965,8.943907675791733,21.55126140633387,7.555018786902845,2.965646806226516,3.207192699946323,0.3153515834675255,0.24154589371980675,0.2281266774020397
118,20.725979602791195,30.783682232957595,3.515834675254965,8.903650026838433,21.477455716586153,7.568438003220612,2.898550724637681,3.2004830917874396,0.3153515834675255,0.2281266774020397,0.3824476650563607
119,20.987654320987655,30.669618894256576,3.515834675254965,8.890230810520666,21.195652173913043,7.568438003220612,2.898550724637681,3.3480944712828773,0.3153515834675255,0.2281266774020397,0.3824476650563607
120,20.33011272141707,30.267042404723565,5.669618894256575,8.957326892109501,20.061728395061728,7.4141170155662905,2.7979066022544283,3.5762211486849167,0.3153515834675255,0.2281266774020397,0.3824476650563607
121,20.477724100912507,30.253623188405797,5.797101449275362,8.82313472893183,19.867149758454108,7.387278582930757,2.7979066022544283,3.6902844873859366,0.3153515834675255,0.2147074610842727,0.3757380568974772
122,20.46430488459474,29.97181964573269,5.790391841116479,9.017713365539452,19.726247987117553,7.427536231884058,2.885131508319914,3.81105743424584,0.3153515834675255,0.2147074610842727,0.3757380568974772
123,20.477724100912507,29.851046698872786,5.790391841116479,9.017713365539452,19.464573268921097,7.930756843800322,2.885131508319914,3.6768652710681695,0.3153515834675255,0.2147074610842727,0.3757380568974772
124,20.705850778314545,29.56924315619968,5.71658615136876,9.037842190016104,19.410896403650028,8.05823939881911,2.8650026838432634,3.6768652710681695,0.2952227589908749,0.2147074610842727,0.4495437466451959
125,20.94068706387547,29.461889425657542,5.676328502415459,9.017713365539452,19.189479334406872,8.145464304884594,2.8650026838432634,3.750670960815888,0.2952227589908749,0.20799785292538917,0.4495437466451959
126,21.256038647342994,29.341116478797638,5.5756843800322065,8.997584541062801,19.0150295222759,8.111916264090176,2.8650026838432634,3.8848631239935587,0.2952227589908749,0.20799785292538917,0.4495437466451959
127,21.20907139023081,29.428341384863124,5.5756843800322065,8.883521202361782,18.907675791733762,8.125335480407944,2.8650026838432634,4.052603327965647,0.2952227589908749,0.20799785292538917,0.4495437466451959
128,21.30300590445518,29.32769726247987,5.662909286097692,8.849973161567364,18.80703166935051,8.225979602791197,2.8515834675254963,4.019055287171229,0.2952227589908749,0.20799785292538917,0.4495437466451959
129,21.484165324745035,29.200214707461082,5.662909286097692,8.923778851315083,18.699677938808374,8.219269994632313,2.8515834675254963,4.005636070853462,0.2952227589908749,0.20799785292538917,0.4495437466451959
130,21.712292002147073,28.958668813741276,5.662909286097692,9.044551798174986,18.67283950617284,8.152173913043478,2.8515834675254963,3.992216854535695,0.2952227589908749,0.20799785292538917,0.4495437466451959
131,21.83977455716586,28.522544283413847,5.656199677938808,9.41358024691358,18.552066559312937,8.111916264090176,2.8515834675254963,4.0995705850778315,0.2952227589908749,0.20799785292538917,0.4495437466451959
132,22.134997316156735,28.31454643048846,5.656199677938808,9.353193773483628,18.491680085882983,8.185721953837897,2.8515834675254963,4.092860976918948,0.2952227589908749,0.18115942028985507,0.4428341384863124
133,22.302737520128826,28.213902308105208,5.723295759527644,9.29951690821256,18.471551261406333,8.152173913043478,2.8515834675254963,4.066022544283414,0.2952227589908749,0.18115942028985507,0.4428341384863124
134,22.423510466988727,28.12667740203972,5.709876543209877,9.29951690821256,18.451422436929683,8.152173913043478,2.8515834675254963,4.066022544283414,0.2952227589908749,0.18115942028985507,0.4428341384863124
135,22.497316156736446,28.119967793880836,5.776972624798712,9.192163177670425,18.451422436929683,8.152173913043478,2.8247450348899625,4.066022544283414,0.2952227589908749,0.18115942028985507,0.4428341384863124
136,22.550993022007514,27.985775630703166,5.8239398819108965,9.23913043478261,18.61916264090177,8.024691358024691,2.771068169618894,4.066022544283414,0.2952227589908749,0.18115942028985507,0.4428341384863124
137,22.65834675254965,27.84487385936661,5.709876543209877,9.111647879763822,18.67283950617284,8.024691358024691,2.8918411164787976,4.159957058507783,0.2952227589908749,0.18115942028985507,0.4495437466451959
138,22.6784755770263,27.791196994095547,5.662909286097692,9.111647879763822,18.733225979602793,7.98443370907139,2.8918411164787976,4.159957058507783,0.35560923242082665,0.18115942028985507,0.4495437466451959
139,22.86634460547504,27.737520128824478,5.5756843800322065,9.07139023081052,18.666129898013956,8.07836822329576,2.8918411164787976,4.159957058507783,0.35560923242082665,0.18115942028985507,0.41599570585077833
140,22.940150295222757,27.657004830917874,5.622651637144391,9.03113258185722,18.4849704777241,8.038110574342458,2.9790660225442833,4.294149221685454,0.35560923242082665,0.18115942028985507,0.41599570585077833
141,23.09447128287708,27.596618357487923,5.622651637144391,8.977455716586151,18.491680085882983,8.024691358024691,2.8515834675254963,4.388083735909823,0.35560923242082665,0.18115942028985507,0.41599570585077833
142,23.275630703166936,27.489264626945786,5.528717122920021,8.883521202361782,18.42458400429415,8.105206655931294,2.8515834675254963,4.488727858293076,0.35560923242082665,0.18115942028985507,0.41599570585077833
143,23.262211486849168,27.462426194310254,5.629361245303274,8.849973161567364,18.310520665593128,8.219269994632313,2.8247450348899625,4.488727858293076,0.35560923242082665,0.18115942028985507,0.41599570585077833
144,23.26892109500805,27.355072463768117,5.515297906602254,8.849973161567364,18.310520665593128,8.353462157809984,2.9052603327965647,4.488727858293076,0.35560923242082665,0.18115942028985507,0.41599570585077833
145,23.329307568438004,27.30810520665593,5.515297906602254,8.849973161567364,18.250134192163177,8.353462157809984,2.9052603327965647,4.53569511540526,0.35560923242082665,0.18115942028985507,0.41599570585077833
146,23.55072463768116,27.214170692431562,5.515297906602254,8.809715512614064,18.16290928609769,8.501073537305421,2.8918411164787976,4.408212560386473,0.3488996242619431,0.18115942028985507,0.41599570585077833
147,23.255501878690286,27.214170692431562,5.515297906602254,8.984165324745035,18.136070853462158,8.494363929146537,2.8918411164787976,4.562533548040794,0.3488996242619431,0.18115942028985507,0.41599570585077833
148,23.376274825550187,27.113526570048307,5.488459473966721,9.581320450885668,17.58588298443371,8.621846484165324,2.8918411164787976,4.394793344068707,0.3488996242619431,0.18115942028985507,0.41599570585077833
149,23.691626409017715,26.54320987654321,5.488459473966721,9.628287707997853,17.518786902844873,8.682232957595277,2.9924852388620504,4.394793344068707,0.3488996242619431,0.18115942028985507,0.5300590445517982
150,23.993558776167472,26.41572732152442,5.407944176060118,9.762479871175524,17.384594739667204,8.655394524959743,2.9052603327965647,4.414922168545357,0.3488996242619431,0.18115942028985507,0.5300590445517982
151,24.342458400429415,26.321792807300053,5.3341384863123995,9.668545356951155,17.310789049919485,8.621846484165324,2.9052603327965647,4.394793344068707,0.3488996242619431,0.2214170692431562,0.5300590445517982
152,24.4296833064949,26.29495437466452,5.3341384863123995,9.708803005904455,17.176596886741816,8.621846484165324,2.9052603327965647,4.441760601180891,0.3488996242619431,0.20799785292538917,0.5300590445517982
153,24.308910359634996,26.33521202361782,5.293880837359098,9.769189479334408,17.310789049919485,8.59500805152979,2.9052603327965647,4.414922168545357,0.32877079978529256,0.20799785292538917,0.5300590445517982
154,23.825818572195384,25.704508856682768,5.293880837359098,10.406602254428341,19.920826623725173,8.07836822329576,1.5365002683843263,4.2203435319377345,0.27509393451422437,0.20799785292538917,0.5300590445517982
155,23.89291465378422,25.577026301663984,5.535426731078905,10.406602254428341,19.91411701556629,7.930756843800322,1.5230810520665594,4.206924315619967,0.27509393451422437,0.20799785292538917,0.5300590445517982
156,24.06736446591519,25.483091787439612,5.609232420826624,10.406602254428341,19.880568974771872,7.816693505099302,1.5230810520665594,4.200214707461084,0.27509393451422437,0.20799785292538917,0.5300590445517982
157,24.22168545356951,25.449543746645197,5.609232420826624,10.393183038110575,19.773215244229736,7.816693505099302,1.5230810520665594,4.200214707461084,0.27509393451422437,0.20799785292538917,0.5300590445517982
158,24.570585077831456,25.36231884057971,5.609232420826624,10.393183038110575,19.524959742351047,7.816693505099302,1.5230810520665594,4.186795491143317,0.27509393451422437,0.20799785292538917,0.5300590445517982
159,24.724906065485776,25.187869028448738,5.609232420826624,10.339506172839506,19.49141170155663,7.930756843800322,1.5230810520665594,4.180085882984434,0.27509393451422437,0.20799785292538917,0.5300590445517982
160,24.93961352657005,25.140901771336555,5.656199677938808,10.305958132045088,19.45786366076221,7.7831454643048845,1.5230810520665594,4.180085882984434,0.27509393451422437,0.20799785292538917,0.5300590445517982
161,25.07380568974772,25.13419216317767,5.629361245303274,10.124798711755233,19.45786366076221,7.843531937734836,1.6505636070853462,4.072732152442297,0.27509393451422437,0.20799785292538917,0.5300590445517982
162,25.087224906065487,25.13419216317767,5.629361245303274,10.124798711755233,19.444444444444443,7.843531937734836,1.6505636070853462,4.072732152442297,0.27509393451422437,0.20799785292538917,0.5300590445517982
163,25.13419216317767,25.026838432635532,5.629361245303274,10.111379495437467,19.43102522812668,7.937466451959206,1.6505636070853462,4.066022544283414,0.27509393451422437,0.20799785292538917,0.5300590445517982
164,25.187869028448738,24.993290391841118,5.770263016639828,9.977187332259795,19.37734836285561,7.96430488459474,1.6505636070853462,4.066022544283414,0.27509393451422437,0.20799785292538917,0.5300590445517982
165,25.013419216317768,24.053945249597422,5.743424584004294,9.977187332259795,19.108964036500268,8.064949006977992,2.9589371980676327,4.066022544283414,0.27509393451422437,0.20799785292538917,0.5300590445517982
166,25.140901771336555,23.89291465378422,5.783682232957595,9.86983360171766,19.135802469135804,7.991143317230274,2.9589371980676327,4.066022544283414,0.27509393451422437,0.20799785292538917,0.6776704240472357
167,25.34219001610306,23.785560923242084,5.763553408480945,9.822866344605474,19.082125603864736,8.024691358024691,2.9589371980676327,4.05931293612453,0.27509393451422437,0.20799785292538917,0.6776704240472357
168,25.409286097691894,23.64465915190553,6.038647342995169,9.916800858829845,19.0150295222759,7.856951154052603,2.8918411164787976,4.032474503488996,0.3421900161030596,0.20799785292538917,0.644122383252818
169,25.42270531400966,23.617820719269993,6.038647342995169,9.936929683306495,18.96135265700483,7.9039184111647875,2.8918411164787976,4.032474503488996,0.3421900161030596,0.20799785292538917,0.644122383252818
170,25.59044551798175,23.59098228663446,6.025228126677402,9.863123993558776,18.800322061191626,7.897208803005904,2.885131508319914,4.1532474503489,0.3421900161030596,0.20799785292538917,0.644122383252818
171,25.07380568974772,23.315888352120236,4.951690821256038,9.695383789586689,17.183306494900698,8.031400966183575,6.635802469135802,3.9184111647879765,0.3421900161030596,0.20799785292538917,0.644122383252818
172,25.288513150831992,23.309178743961354,4.7638217928073,9.728931830381105,17.008856682769725,8.111916264090176,6.6827697262479875,3.911701556629093,0.3421900161030596,0.20799785292538917,0.644122383252818
173,25.41599570585078,23.255501878690286,4.736983360171766,9.695383789586689,16.881374127750938,8.111916264090176,6.6827697262479875,4.025764895330113,0.3421900161030596,0.20799785292538917,0.644122383252818
174,25.37573805689748,23.027375201288244,4.736983360171766,9.916800858829845,17.008856682769725,8.111916264090176,6.655931293612453,4.005636070853462,0.3421900161030596,0.20799785292538917,0.6105743424584005
175,25.47638217928073,23.020665593129362,4.736983360171766,9.916800858829845,16.646537842190018,8.340042941492216,6.649221685453569,4.052603327965647,0.3421900161030596,0.20799785292538917,0.6105743424584005
176,25.644122383252817,22.893183038110575,4.736983360171766,10.02415458937198,16.5727321524423,8.373590982286634,6.508319914117015,4.086151368760064,0.3421900161030596,0.20799785292538917,0.6105743424584005
177,25.771604938271604,22.940150295222757,4.736983360171766,9.950348899624261,16.445249597423512,8.427267847557703,6.508319914117015,4.05931293612453,0.3421900161030596,0.20799785292538917,0.6105743424584005
178,25.791733762748255,22.5979602791197,4.736983360171766,9.943639291465379,16.411701556629094,8.789586688137414,6.508319914117015,4.05931293612453,0.3421900161030596,0.20799785292538917,0.6105743424584005
179,26.10708534621578,22.517444981213096,4.736983360171766,9.943639291465379,16.284219001610307,8.82313472893183,6.414385399892646,4.012345679012346,0.3421900161030596,0.20799785292538917,0.6105743424584005
180,26.053408480944714,22.430220075147613,4.736983360171766,10.319377348362856,16.11647879763822,8.776167471819646,6.414385399892646,3.992216854535695,0.3421900161030596,0.20799785292538917,0.6105743424584005
181,26.234567901234566,22.342995169082126,4.797369833601718,10.21202361782072,16.089640365002683,8.709071390230811,6.400966183574879,3.992216854535695,0.3153515834675255,0.20799785292538917,0.6977992485238862
182,26.301663982823403,22.289318303811058,4.797369833601718,10.205314009661835,16.13660762211487,8.695652173913043,6.374127750939345,3.978797638217928,0.3153515834675255,0.20799785292538917,0.6977992485238862
183,26.20101986044015,22.014224369296834,4.797369833601718,10.084541062801932,16.431830381105744,8.78287707997853,6.488191089640365,3.978797638217928,0.3153515834675255,0.20799785292538917,0.6977992485238862
184,26.247987117552334,22.014224369296834,4.797369833601718,10.064412238325282,16.42512077294686,8.78287707997853,6.468062265163715,3.978797638217928,0.3153515834675255,0.20799785292538917,0.6977992485238862
185,26.56333870101986,21.74584004294149,4.723564143853999,9.98389694041868,16.324476650563607,8.917069243156199,6.427804616210413,4.052603327965647,0.3153515834675255,0.18115942028985507,0.7648953301127214
186,26.154052603327965,21.128556092324207,4.690016103059581,9.896672034353195,17.767042404723565,9.044551798174986,6.005099302200751,4.052603327965647,0.3153515834675255,0.18115942028985507,0.7648953301127214
187,26.482823403113258,20.974235104669887,4.817498658078368,9.896672034353195,17.58588298443371,8.890230810520666,6.005099302200751,4.086151368760064,0.3153515834675255,0.18115942028985507,0.7648953301127214
188,26.67740203972088,20.9272678475577,4.790660225442834,9.896672034353195,17.478529253891573,8.890230810520666,5.991680085882985,4.086151368760064,0.3153515834675255,0.18115942028985507,0.7648953301127214
189,26.8317230273752,20.90042941492217,4.703435319377348,9.896672034353195,17.418142780461622,8.984165324745035,5.9447128287707995,4.079441760601181,0.3153515834675255,0.18115942028985507,0.7447665056360708
190,26.80488459473967,20.96081588835212,4.696725711218465,10.00402576489533,17.270531400966185,8.977455716586151,6.0587761674718195,3.9855072463768115,0.3153515834675255,0.18115942028985507,0.7447665056360708
191,26.710950080515296,21.061460010735374,4.663177670424047,9.96376811594203,17.277241009125067,8.93719806763285,6.0587761674718195,3.9855072463768115,0.3153515834675255,0.32877079978529256,0.6977992485238862
192,26.86527106816962,21.034621578099838,4.602791196994096,9.923510466988727,17.07595276435856,9.07139023081052,5.911164787976382,4.17337627482555,0.3153515834675255,0.32877079978529256,0.6977992485238862
193,26.8719806763285,20.98094471282877,4.602791196994096,10.084541062801932,17.002147074610843,9.158615136876007,5.783682232957595,4.17337627482555,0.3153515834675255,0.32877079978529256,0.6977992485238862
194,27.147074610842726,20.893719806763286,4.656468062265164,10.064412238325282,16.82769726247987,9.286097691894794,5.703166935050993,4.139828234031133,0.2616747181964573,0.32877079978529256,0.6910896403650026
195,27.30810520665593,20.79307568438003,4.656468062265164,10.064412238325282,16.700214707461082,9.386741814278047,5.683038110574342,4.126409017713366,0.2616747181964573,0.32877079978529256,0.6910896403650026
196,27.36849168008588,20.638754696725712,4.656468062265164,10.064412238325282,16.63311862587225,9.494095544820183,5.649490069779925,4.213633923778851,0.2616747181964573,0.32877079978529256,0.6910896403650026
197,27.536231884057973,20.538110574342458,4.643048845947397,10.198604401502953,16.586151368760063,9.359903381642512,5.542136339237788,4.314278046162104,0.2616747181964573,0.32877079978529256,0.6910896403650026
198,27.70397208803006,20.618625872249062,4.643048845947397,10.158346752549651,16.42512077294686,9.339774557165862,5.515297906602254,4.314278046162104,0.2616747181964573,0.32877079978529256,0.6910896403650026
199,27.865002683843265,20.43075684380032,4.643048845947397,10.238862050456254,16.398282340311326,9.366612989801396,5.515297906602254,4.260601180891036,0.2616747181964573,0.32877079978529256,0.6910896403650026
200,27.932098765432098,20.43075684380032,4.643048845947397,10.19189479334407,16.398282340311326,9.346484165324744,5.515297906602254,4.260601180891036,0.2616747181964573,0.32877079978529256,0.6910896403650026
201,27.992485238862052,20.169082125603865,4.555823939881911,10.36634460547504,16.378153515834676,9.27938808373591,5.5756843800322065,4.40150295222759,0.2616747181964573,0.32877079978529256,0.6910896403650026
202,27.91867954911433,20.115405260332796,4.616210413311863,10.393183038110575,16.29092860976919,9.25925925925926,5.8172302737520125,4.3545356951154055,0.2616747181964573,0.32877079978529256,0.644122383252818
203,28.08641975308642,20.04830917874396,4.528985507246377,10.393183038110575,16.29092860976919,9.265968867418144,5.797101449275362,4.3545356951154055,0.2616747181964573,0.32877079978529256,0.644122383252818
204,28.193773483628558,19.93424584004294,4.508856682769726,10.373054213633925,16.398282340311326,9.212292002147075,5.763553408480945,4.448470209339774,0.2616747181964573,0.28180354267310787,0.6239935587761675
205,28.37493290391841,19.77992485238862,4.49543746645196,10.44015029522276,16.264090177133657,9.306226516371444,5.763553408480945,4.408212560386473,0.2616747181964573,0.28180354267310787,0.6239935587761675
206,28.395061728395063,19.685990338164252,4.488727858293076,10.36634460547504,16.06280193236715,9.380032206119163,5.763553408480945,4.690016103059581,0.2616747181964573,0.28180354267310787,0.6239935587761675
207,28.388352120236178,19.786634460547504,4.461889425657541,10.393183038110575,15.935319377348362,9.27938808373591,5.763553408480945,4.830917874396135,0.2616747181964573,0.28180354267310787,0.6172839506172839
208,28.35480407944176,19.75979602791197,4.461889425657541,10.393183038110575,15.895061728395062,9.41358024691358,5.763553408480945,4.797369833601718,0.2616747181964573,0.28180354267310787,0.6172839506172839
209,28.67686527106817,19.612184648416534,4.488727858293076,10.399892646269459,15.841384863123993,9.312936124530328,5.763553408480945,4.757112184648417,0.24825550187869028,0.28180354267310787,0.6172839506172839
210,28.743961352657006,19.585346215780998,4.4820182501341925,10.393183038110575,15.747450348899624,9.292807300053678,5.763553408480945,4.851046698872786,0.24825550187869028,0.27509393451422437,0.6172839506172839
211,28.945249597423512,19.565217391304348,4.4820182501341925,10.359634997316157,15.687063875469672,9.292807300053678,5.743424584004294,4.851046698872786,0.18115942028985507,0.27509393451422437,0.6172839506172839
212,28.938539989264626,19.424315619967793,4.622920021470746,10.44015029522276,15.687063875469672,9.245840042941492,5.736714975845411,4.851046698872786,0.18115942028985507,0.27509393451422437,0.5971551261406334
213,28.85131508319914,19.370638754696724,4.622920021470746,10.399892646269459,15.640096618357488,9.420289855072463,5.629361245303274,5.01207729468599,0.18115942028985507,0.27509393451422437,0.5971551261406334
214,29.11969940955448,19.30354267310789,4.622920021470746,10.534084809447128,15.49248523886205,9.29951690821256,5.5756843800322065,4.998658078368224,0.18115942028985507,0.27509393451422437,0.5971551261406334
215,29.22705314009662,19.28341384863124,4.602791196994096,10.453569511540525,15.405260332796564,9.29951690821256,5.683038110574342,4.99194847020934,0.18115942028985507,0.27509393451422437,0.5971551261406334
216,29.374664519592056,19.269994632313473,4.602791196994096,10.453569511540525,15.351583467525497,9.245840042941492,5.669618894256575,4.978529253891573,0.18115942028985507,0.27509393451422437,0.5971551261406334
217,29.47530864197531,19.229736983360173,4.502147074610843,10.453569511540525,15.210681696188942,9.366612989801396,5.629361245303274,5.0993022007514766,0.16774020397208803,0.27509393451422437,0.5904455179817498
218,29.542404723564143,19.176060118089104,4.4753086419753085,10.446859903381643,15.183843263553408,9.31964573268921,5.730005367686527,5.092592592592593,0.16774020397208803,0.27509393451422437,0.5904455179817498
219,29.750402576489535,19.048577563070317,4.4753086419753085,10.379763821792807,15.170424047235642,9.31964573268921,5.730005367686527,5.092592592592593,0.16774020397208803,0.27509393451422437,0.5904455179817498
220,29.837627482555018,19.03515834675255,4.4753086419753085,10.379763821792807,15.123456790123457,9.31964573268921,5.730005367686527,5.065754159957058,0.16774020397208803,0.27509393451422437,0.5904455179817498
221,29.884594739667204,18.760064412238325,4.4753086419753085,10.762211486849168,15.049651100375739,9.23913043478261,5.850778314546431,4.944981213097155,0.16774020397208803,0.27509393451422437,0.5904455179817498
