,45,50,55,53,52,54,57,51,56
0,94.52495974235104,5.475040257648954,,,,,,,
1,92.59930220075148,7.4006977992485234,,,,,,,
2,90.4320987654321,9.567901234567902,,,,,,,
3,72.90660225442834,27.093397745571657,,,,,,,
4,71.14197530864197,28.858024691358025,,,,,,,
5,70.65217391304348,29.347826086956523,,,,,,,
6,70.28314546430488,29.716854535695116,,,,,,,
7,68.99490069779925,30.88432635534085,0.12077294685990338,,,,,,
8,69.1760601180891,29.8040794417606,1.0198604401502953,,,,,,
9,69.43773483628556,29.542404723564143,1.0198604401502953,,,,,,
10,69.07541599570585,28.193773483628558,1.0198604401502953,1.710950080515298,,,,,
11,40.23752012882448,57.15244229736983,0.9796027911969941,1.6304347826086956,,,,,
12,36.252012882447666,46.02120236178207,0.8588298443370908,1.8585614600107354,12.506709608158884,2.5026838432635534,,,
13,36.69484702093398,45.893719806763286,0.8387010198604401,1.8585614600107354,12.31213097155126,2.4020397208803006,,,
14,36.18491680085883,43.46484165324745,0.8387010198604401,1.8451422436929683,12.761674718196458,4.904723564143854,,,
15,36.82903918411165,42.89452495974235,0.8387010198604401,1.8451422436929683,12.177938808373591,4.85775630703167,0.5568974771873323,,
16,37.0504562533548,42.78046162104133,0.8051529790660226,1.8384326355340848,12.110842726784755,4.85775630703167,0.5568974771873323,,
17,35.66156736446592,44.04186795491143,1.2949543746645196,1.8384326355340848,12.057165861513688,4.549114331723027,0.5568974771873323,,
18,34.95034889962426,40.687063875469676,3.670155662909286,1.8250134192163177,12.00348899624262,3.8177670424047236,0.5568974771873323,2.4892646269457863,
19,35.13150831991412,38.29173376274826,6.099033816425121,1.8250134192163177,11.90955448201825,3.750670960815888,0.5568974771873323,2.4355877616747184,
20,33.353462157809986,37.30542136339238,5.736714975845411,1.8250134192163177,11.788781535158346,4.522275899087493,0.4495437466451959,5.018786902844874,
21,32.078636607622116,35.87627482555019,4.64975845410628,1.8250134192163177,15.626677402039721,4.4820182501341925,0.4428341384863124,5.018786902844874,
22,31.340579710144926,31.95115405260333,4.64975845410628,1.7042404723564144,16.049382716049383,8.917069243156199,0.4428341384863124,4.944981213097155,
23,30.441492216854535,33.15217391304348,4.5960815888352125,2.61003757380569,15.848094471282877,8.883521202361782,0.4428341384863124,4.025764895330113,
24,30.971551261406333,32.910628019323674,4.528985507246377,2.61003757380569,15.747450348899624,8.829844337090714,0.3757380568974772,4.025764895330113,
25,27.65029522275899,35.265700483091784,4.502147074610843,2.4355877616747184,15.311325818572195,8.55475040257649,0.3757380568974772,5.904455179817498,
26,27.999194847020934,35.017444981213096,4.4820182501341925,2.428878153515835,15.271068169618895,8.53462157809984,0.3757380568974772,5.891035963499732,
27,28.348094471282877,33.69565217391305,4.367954911433173,4.569243156199678,15.03623188405797,7.816693505099302,0.3488996242619431,5.8172302737520125,
28,28.26086956521739,33.28636607622115,4.341116478797638,3.5628019323671496,16.639828234031132,7.769726247987117,0.3488996242619431,5.790391841116479,
29,27.945517981749866,31.407675791733762,4.341116478797638,3.515834675254965,17.49194847020934,7.729468599033816,0.12077294685990338,7.447665056360709,
30,28.488996242619432,31.0654857756307,4.30756843800322,3.515834675254965,15.901771336553946,7.675791733762749,0.12077294685990338,8.923778851315083,
31,28.609769189479334,30.595813204508858,4.636339237788513,4.253891572732153,15.801127214170693,7.071926999463232,0.12077294685990338,8.910359634997317,
32,24.060654857756308,41.00912506709608,4.609500805152979,4.240472356414386,14.620236178207193,5.132850241545894,0.12077294685990338,6.206387546967257,
33,24.738325281803544,39.18411164787977,4.582662372517445,4.240472356414386,14.566559312936125,6.387546967257112,0.12077294685990338,6.179549114331723,
34,25.013419216317768,39.02308105206656,4.562533548040794,4.240472356414386,14.512882447665056,6.360708534621578,0.12077294685990338,6.166129898013956,
35,25.43612453032743,38.7211486849168,4.522275899087493,4.240472356414386,14.512882447665056,6.3137412775093935,0.12077294685990338,6.132581857219538,
36,25.91250670960816,38.405797101449274,4.522275899087493,4.213633923778851,14.439076757917338,6.293612453032743,0.12077294685990338,6.092324208266238,
37,26.321792807300053,38.217928073000536,4.502147074610843,4.213633923778851,14.298174986580785,6.260064412238325,0.12077294685990338,6.0654857756307035,
38,26.710950080515296,37.96967257112185,4.428341384863124,4.213633923778851,14.264626945786366,6.233225979602791,0.12077294685990338,6.0587761674718195,
39,26.99946323134729,37.76838432635534,4.40150295222759,4.193505099302201,14.237788513150832,6.219806763285024,0.12077294685990338,6.0587761674718195,
40,25.295222758990874,36.3191089640365,4.361245303274289,6.125872249060655,13.513150831991412,5.636070853462158,0.12077294685990338,8.628556092324208,
41,23.577563070316693,29.1129898013956,4.341116478797638,6.125872249060655,13.325281803542673,5.770263016639828,0.12077294685990338,17.62614063338701,
42,23.778851315083198,28.442028985507246,4.327697262479871,6.790123456790123,13.291733762748256,5.736714975845411,0.12077294685990338,17.51207729468599,
43,23.866076221148685,27.750939345142243,5.850778314546431,6.689479334406871,12.426194310252281,5.71658615136876,0.12077294685990338,17.485238862050455,0.0939345142243693
44,24.208266237251745,27.63016639828234,5.810520665593129,6.662640901771336,12.359098228663447,5.683038110574342,0.12077294685990338,17.431561996779386,0.0939345142243693
45,24.436392914653783,26.133923778851315,7.521470746108427,6.615673644659152,12.29200214707461,5.649490069779925,0.12077294685990338,17.136339237788512,0.0939345142243693
46,23.14814814814815,27.851583467525497,7.481213097155126,6.615673644659152,13.459473966720344,5.649490069779925,0.12077294685990338,15.579710144927537,0.0939345142243693
47,23.74530327428878,27.70397208803006,7.407407407407407,6.582125603864735,13.372249060654857,5.60252281266774,0.12077294685990338,15.371712292002147,0.0939345142243693
48,24.134460547504027,27.529522275899087,7.353730542136339,6.515029522275899,13.318572195383789,5.5756843800322065,0.12077294685990338,15.35829307568438,0.0939345142243693
49,24.382716049382715,27.449006977992486,7.306763285024155,6.488191089640365,13.291733762748256,5.555555555555555,0.12077294685990338,15.311325818572195,0.0939345142243693
50,24.738325281803544,26.610305958132045,7.273215244229737,7.98443370907139,12.379227053140097,5.508588298443371,0.12077294685990338,15.291196994095545,0.0939345142243693
51,24.724906065485776,25.93263553408481,7.219538378958669,8.930488459473967,12.352388620504563,5.508588298443371,0.12077294685990338,15.116747181964573,0.0939345142243693
52,20.69243156199678,16.183574879227052,2.5429414922168547,7.7361782071927,11.05072463768116,5.025496511003757,0.12077294685990338,36.553945249597426,0.0939345142243693
53,20.96081588835212,15.921900161030596,2.5429414922168547,8.044820182501342,10.950080515297907,5.260332796564681,0.12077294685990338,36.10440150295223,0.0939345142243693
54,21.464036500268385,15.881642512077295,2.5429414922168547,7.991143317230274,10.84272678475577,5.166398282340311,0.12077294685990338,35.89640365002684,0.0939345142243693
55,21.141975308641975,15.049651100375739,1.9994632313472893,7.6623725174449815,13.264895330112722,5.092592592592593,0.12077294685990338,35.581052066559316,0.08722490606548577
56,21.07487922705314,14.714170692431562,1.9994632313472893,7.541599570585078,14.170692431561998,5.092592592592593,0.12077294685990338,35.198604401502955,0.08722490606548577
57,20.75281803542673,14.418947933440688,1.9994632313472893,7.440955448201825,15.881642512077295,5.2066559312936125,0.12077294685990338,34.09151905528717,0.08722490606548577
58,21.38352120236178,14.231078904991948,1.9994632313472893,6.052066559312936,17.619431025228128,5.2066559312936125,0.10064412238325282,32.48792270531401,0.9192163177670424
59,22.088030059044552,14.17740203972088,1.9994632313472893,5.958132045088567,17.330917874396135,5.065754159957058,0.10064412238325282,32.360440150295226,0.9192163177670424
60,22.356414385399894,14.11701556629093,3.589640365002684,5.9447128287707995,17.176596886741816,5.032206119162641,0.10064412238325282,30.763553408480945,0.9192163177670424
61,22.63150831991412,14.023081052066559,3.4017713365539453,5.938003220611916,17.52549651100376,4.830917874396135,0.10064412238325282,30.629361245303276,0.9192163177670424
62,22.249060654857757,14.217659688674182,3.361513687600644,5.911164787976382,17.418142780461622,5.60252281266774,0.10064412238325282,30.22007514761138,0.9192163177670424
63,20.001341921631777,12.473161567364466,3.193773483628556,4.931561996779388,12.338969404186795,5.22007514761138,0.05367686527106817,40.955448201825014,0.8319914117015567
64,20.41062801932367,12.171229200214707,3.126677402039721,6.736446591519055,12.037037037037036,5.179817498658078,0.05367686527106817,39.452495974235106,0.8319914117015567
65,20.833333333333332,12.02361782071927,3.1065485775630703,6.729736983360172,11.996779388083736,5.179817498658078,0.05367686527106817,39.24449812130972,0.8319914117015567
66,20.517981749865807,11.735104669887278,3.066290928609769,5.8239398819108965,14.31159420289855,4.790660225442834,0.05367686527106817,38.90230810520666,0.798443370907139
67,20.987654320987655,11.292270531400966,3.052871712292002,5.528717122920021,14.794685990338165,4.730273752012883,0.05367686527106817,37.21819645732689,2.341653247450349
68,21.672034353193773,11.171497584541063,3.683574879227053,5.522007514761138,14.680622651637144,4.7168545356951155,0.05367686527106817,36.15807836822329,2.341653247450349
69,22.054482018250134,11.131239935587761,3.743961352657005,5.501878690284487,14.606816961889425,4.676596886741814,0.05367686527106817,35.909822866344605,2.3215244229736984
70,22.17525496511004,11.084272678475577,3.1333870101986045,8.923778851315083,14.566559312936125,4.676596886741814,0.05367686527106817,33.393719806763286,1.9927536231884058
71,22.490606548577563,11.064143853998926,3.1333870101986045,8.910359634997317,14.479334406870638,4.64975845410628,0.05367686527106817,33.2259796027912,1.9927536231884058
72,22.873054213633925,11.064143853998926,3.1333870101986045,8.76274825550188,14.465915190552872,4.582662372517445,0.05367686527106817,33.08507783145464,1.9793344068706387
73,22.79253891572732,10.795759527643586,3.1333870101986045,9.77589908749329,16.076221148684915,4.1129898013955986,0.05367686527106817,31.05877616747182,2.200751476113795
74,23.03408480944713,10.990338164251208,3.1333870101986045,9.681964573268921,15.96886741814278,4.1129898013955986,0.05367686527106817,30.83064949006978,2.1940418679549114
75,23.517176596886742,10.869565217391305,3.1199677938808374,9.648416532474503,15.895061728395062,4.072732152442297,0.05367686527106817,30.629361245303276,2.1940418679549114
76,24.000268384326354,10.742082662372518,3.1199677938808374,9.561191626409018,15.619967793880837,4.233762748255502,0.05367686527106817,30.475040257648953,2.1940418679549114
77,24.342458400429415,10.668276972624799,3.0595813204508855,9.453837895866881,16.606280193236714,4.025764895330113,0.05367686527106817,29.1129898013956,2.677133655394525
78,24.932903918411164,10.554213633923778,3.0595813204508855,9.406870638754697,16.451959205582394,3.965378421900161,0.040257648953301126,28.911701556629094,2.677133655394525
79,25.523349436392916,10.466988727858293,3.0595813204508855,9.312936124530328,16.324476650563607,3.9586688137412773,0.040257648953301126,28.65673644659152,2.657004830917874
80,26.06682769726248,10.352925389157273,3.0730005367686526,9.286097691894794,15.96886741814278,3.9586688137412773,0.040257648953301126,28.59634997316157,2.657004830917874
81,26.03327965646806,10.339506172839506,3.0394524959742353,9.084809447128288,16.465378421900162,3.9184111647879765,0.040257648953301126,28.421900161030596,2.657004830917874
82,26.39559849704777,10.272410091250672,3.0394524959742353,9.01100375738057,16.438539989264626,3.824476650563607,0.040257648953301126,28.33467525496511,2.6435856146001075
83,26.86527106816962,10.238862050456254,3.0193236714975846,8.896940418679549,16.358024691358025,3.81105743424584,0.040257648953301126,28.166935050993022,2.6033279656468062
84,27.234299516908212,10.23215244229737,2.999194847020934,8.816425120772946,16.297638217928075,3.797638217928073,0.040257648953301126,27.999194847020934,2.5831991411701556
85,26.01315083199141,9.138486312399356,2.4020397208803006,8.809715512614064,15.425389157273216,2.7509393451422435,0.040257648953301126,32.87707997852925,2.5429414922168547
86,26.308373590982285,9.084809447128288,2.3886205045625335,8.809715512614064,15.411969940955448,2.7509393451422435,0.040257648953301126,32.68250134192163,2.522812667740204
87,24.268652710681696,11.077563070316694,2.623456790123457,10.68840579710145,14.049919484702093,2.576489533011272,0.040257648953301126,32.18599033816425,2.4892646269457863
88,24.510198604401502,10.976918947933441,2.623456790123457,10.668276972624799,14.04320987654321,2.576489533011272,0.040257648953301126,32.07192699946323,2.4892646269457863
89,24.825550187869027,10.976918947933441,2.623456790123457,10.607890499194847,13.580246913580247,2.985775630703167,0.040257648953301126,31.87734836285561,2.4825550187869028
90,25.268384326355342,10.86285560923242,2.563070316693505,10.426731078904991,13.493022007514762,3.4286097691894795,0.040257648953301126,30.71658615136876,3.2004830917874396
91,25.785024154589372,10.178475577026301,2.5429414922168547,10.57434245840043,13.70101986044015,3.4286097691894795,0.040257648953301126,30.394524959742352,3.3548040794417604
92,25.925925925925927,10.084541062801932,2.428878153515835,10.527375201288244,13.6406333870102,4.341116478797638,0.040257648953301126,29.797369833601717,3.2139023081052067
93,26.34863123993559,9.702093397745571,3.388352120236178,10.36634460547504,13.311862587224907,4.810789049919484,0.040257648953301126,28.837895866881375,3.193773483628556
94,26.20101986044015,9.520933977455716,3.388352120236178,9.29951690821256,13.285024154589372,6.535158346752549,0.040257648953301126,28.549382716049383,3.180354267310789
95,26.04669887278583,8.970746108427267,3.589640365002684,8.3064949006978,15.633387010198604,6.535158346752549,0.040257648953301126,27.697262479871174,3.180354267310789
96,26.35534084809447,8.943907675791733,3.589640365002684,8.266237251744498,15.519323671497585,6.521739130434782,0.040257648953301126,27.583199141170155,3.180354267310789
97,26.986044015029524,8.82313472893183,3.549382716049383,8.125335480407944,15.405260332796564,6.427804616210413,0.040257648953301126,27.462426194310254,3.180354267310789
98,25.45625335480408,6.374127750939345,3.549382716049383,7.192699946323135,13.976113794954374,5.938003220611916,0.040257648953301126,34.5679012345679,2.9052603327965647
99,24.966451959205582,6.353998926462695,3.5091250670960816,9.078099838969404,13.922436929683306,5.8172302737520125,0.040257648953301126,33.44068706387547,2.871712292002147
100,24.932903918411164,6.206387546967257,3.502415458937198,8.99087493290392,13.882179280730005,6.286902844873859,0.040257648953301126,33.19243156199678,2.965646806226516
101,25.315351583467525,6.1929683306494905,3.488996242619431,8.99087493290392,13.774825550187868,6.689479334406871,0.040257648953301126,32.66237251744498,2.844873859366613
102,25.650831991411703,6.159420289855072,3.488996242619431,8.903650026838433,13.714439076757918,6.830381105743425,0.040257648953301126,32.380568974771876,2.831454643048846
103,25.89908749329039,6.0587761674718195,3.488996242619431,9.883252818035427,12.909286097691895,7.226247987117552,0.0067096081588835215,31.696188942565755,2.831454643048846
104,26.093666129898015,6.031937734836285,3.455448201825013,9.856414385399892,14.479334406870638,7.14573268921095,0.0067096081588835215,29.8040794417606,3.126677402039721
105,26.40901771336554,6.018518518518518,3.4286097691894795,9.849704777241008,14.358561460010735,7.125603864734299,0.0067096081588835215,29.676596886741816,3.126677402039721
106,26.39559849704777,5.501878690284487,3.388352120236178,9.621578099838969,14.754428341384862,7.085346215780999,0.0067096081588835215,30.48174986580784,2.7643585614600106
107,26.40901771336554,5.421363392377885,3.307836822329576,9.426999463231347,16.626409017713364,6.736446591519055,0.0067096081588835215,29.300858829844337,2.7643585614600106
108,25.684380032206118,5.293880837359098,3.2877079978529253,10.285829307568438,16.586151368760063,9.473966720343531,0.0067096081588835215,27.147074610842726,2.2342995169082127
109,25.87895866881374,5.293880837359098,3.9049919484702094,10.25228126677402,16.472088030059044,9.420289855072463,0.0067096081588835215,26.54320987654321,2.227589908749329
110,26.093666129898015,5.280461621041331,3.9049919484702094,10.25228126677402,16.445249597423512,9.39345142243693,0.0067096081588835215,26.39559849704777,2.227589908749329
111,26.167471819645733,5.12614063338701,3.9049919484702094,10.205314009661835,16.928341384863124,9.25925925925926,0.0067096081588835215,26.194310252281266,2.2074610842726785
112,26.496242619431026,5.119431025228127,3.844605475040258,10.205314009661835,16.800858829844337,9.245840042941492,0.0067096081588835215,26.127214170692433,2.15378421900161
113,26.918947933440688,5.119431025228127,3.9318303811057436,10.111379495437467,16.57944176060118,9.212292002147075,0.0067096081588835215,25.966183574879228,2.15378421900161
114,27.603327965646805,5.065754159957058,4.186795491143317,10.037573805689748,16.418411164787976,9.084809447128288,0.0067096081588835215,25.623993558776167,1.9726247987117553
115,27.999194847020934,5.032206119162641,4.1532474503489,9.809447128287708,16.659957058507782,8.93719806763285,0.0067096081588835215,25.483091787439612,1.9189479334406871
116,28.30112721417069,5.032206119162641,4.139828234031133,9.742351046698873,16.532474503488995,8.903650026838433,0.0067096081588835215,25.42270531400966,1.9189479334406871
117,28.75738056897477,5.018786902844874,4.133118625872249,9.601449275362318,16.418411164787976,8.890230810520666,0.0067096081588835215,25.167740203972087,2.006172839506173
118,28.864734299516908,4.931561996779388,4.133118625872249,9.554482018250134,16.317767042404725,8.78287707997853,0.0067096081588835215,25.40257648953301,2.006172839506173
119,28.67686527106817,4.911433172302737,4.133118625872249,10.466988727858293,16.210413311862588,8.769457863660762,0.0067096081588835215,24.852388620504563,1.9726247987117553
120,29.045893719806763,4.871175523349437,4.086151368760064,10.413311862587225,16.10305958132045,8.756038647342995,0.0067096081588835215,24.751744498121308,1.9659151905528718
121,29.334406870638755,4.864465915190553,4.045893719806763,10.36634460547504,16.035963499731615,8.655394524959743,0.0067096081588835215,24.724906065485776,1.9659151905528718
122,29.66988727858293,4.864465915190553,4.045893719806763,10.23215244229737,16.035963499731615,8.608427267847558,0.0067096081588835215,24.570585077831456,1.9659151905528718
123,30.535426731078903,4.851046698872786,3.9452495974235107,10.131508319914117,15.92860976918948,8.28636607622115,0.0067096081588835215,24.349168008588297,1.9659151905528718
124,30.381105743424584,4.455179817498658,3.9452495974235107,11.77536231884058,15.83467525496511,7.944176060118089,0.0067096081588835215,23.711755233494365,1.9457863660762211
125,30.434782608695652,4.428341384863124,3.92512077294686,11.688137412775093,15.767579173376275,7.87037037037037,0.0067096081588835215,23.93317230273752,1.9457863660762211
126,30.756843800322063,4.42163177670424,3.9049919484702094,11.614331723027375,15.666935050993022,7.830112721417069,0.0067096081588835215,23.859366612989803,1.9390767579173376
127,31.199677938808374,4.40150295222759,3.8714439076757916,11.58749329039184,15.445517981749866,7.803274288781535,0.0067096081588835215,23.778851315083198,1.90552871712292
128,30.951422436929683,4.394793344068707,3.8714439076757916,11.574074074074074,15.787707997852925,7.7898550724637685,0.0067096081588835215,23.718464841653248,1.90552871712292
129,31.367418142780462,4.394793344068707,3.864734299516908,11.446591519055287,15.687063875469672,7.7361782071927,0.0067096081588835215,23.597691894793343,1.8988191089640365
130,31.729736983360173,4.394793344068707,3.864734299516908,11.41304347826087,15.579710144927537,7.628824476650563,0.0067096081588835215,23.483628556092324,1.8988191089640365
131,31.944444444444443,4.394793344068707,3.864734299516908,11.721685453569512,15.33816425120773,7.608695652173913,0.0067096081588835215,23.34272678475577,1.778046162104133
132,32.01154052603328,4.374664519592056,3.864734299516908,11.352657004830919,15.713902308105206,7.595276435856146,0.0067096081588835215,23.30246913580247,1.778046162104133
133,32.07192699946323,4.374664519592056,3.864734299516908,12.171229200214707,15.157004830917874,7.581857219538379,0.0067096081588835215,22.993827160493826,1.778046162104133
134,32.52818035426731,4.374664519592056,3.7775093934514223,12.110842726784755,15.08990874932904,7.555018786902845,0.0067096081588835215,22.799248523886206,1.7579173376274826
135,32.809983896940416,4.341116478797638,4.119699409554482,11.976650563607086,15.029522275899087,7.5281803542673105,0.0067096081588835215,22.430220075147613,1.7579173376274826
136,33.07836822329576,4.320987654320987,4.119699409554482,12.070585077831455,14.74771873322598,7.50805152979066,0.0067096081588835215,22.38996242619431,1.7579173376274826
137,33.25952764358561,4.320987654320987,4.0995705850778315,12.124261943102523,14.647074610842727,7.50805152979066,0.0067096081588835215,22.27589908749329,1.7579173376274826
138,32.37385936661299,4.28743961352657,4.019055287171229,10.077831454643048,14.526301663982823,7.481213097155126,0.0067096081588835215,25.670960815888353,1.556629092860977
139,32.71604938271605,4.2270531400966185,4.005636070853462,10.071121846484166,14.439076757917338,7.37385936661299,0.0067096081588835215,25.6105743424584,1.5499194847020934
140,33.071658615136876,4.2270531400966185,3.9855072463768115,10.010735373054214,14.378690284487385,7.306763285024155,0.0067096081588835215,25.462962962962962,1.5499194847020934
141,33.05823939881911,3.9989264626945786,3.9720880300590444,10.560923242082662,14.31159420289855,7.226247987117552,0.0067096081588835215,25.315351583467525,1.5499194847020934
142,33.313204508856685,3.9989264626945786,3.938539989264627,10.513955984970478,14.304884594739667,7.212828770799785,0.0067096081588835215,25.174449812130973,1.5365002683843263
143,33.80971551261406,3.9184111647879765,3.851315083199141,10.48040794417606,14.231078904991948,7.179280730005368,0.0067096081588835215,24.986580783682232,1.5365002683843263
144,34.13177670424047,3.9184111647879765,3.8378958668813743,10.446859903381643,14.184111647879764,7.132313472893183,0.0067096081588835215,24.805421363392377,1.5365002683843263
145,34.46725711218465,3.898282340311326,3.8043478260869565,10.413311862587225,14.13714439076758,7.118894256575416,0.0067096081588835215,24.61755233494364,1.5365002683843263
146,33.74932903918411,3.8714439076757916,4.166666666666667,10.359634997316157,15.747450348899624,6.635802469135802,0.0067096081588835215,23.96672034353194,1.4962426194310252
147,34.11164787976382,3.8714439076757916,4.133118625872249,10.359634997316157,15.666935050993022,6.608964036500268,0.0067096081588835215,23.74530327428878,1.4962426194310252
148,34.17874396135266,3.8714439076757916,4.133118625872249,10.326086956521738,16.25738056897477,6.561996779388084,0.0067096081588835215,23.1682769726248,1.4962426194310252
149,34.655126140633385,3.8714439076757916,4.072732152442297,10.245571658615138,16.23725174449812,6.501610305958132,0.0067096081588835215,22.913311862587225,1.4962426194310252
150,34.91009125067096,3.851315083199141,4.05931293612453,10.238862050456254,16.15673644659152,6.4412238325281805,0.0067096081588835215,22.839506172839506,1.4962426194310252
151,35.218733225979605,3.851315083199141,4.05931293612453,10.11808910359635,16.10305958132045,6.421095008051529,0.0067096081588835215,22.725442834138487,1.4962426194310252
152,35.46698872785829,3.8378958668813743,4.032474503488996,10.077831454643048,15.955448201825014,6.421095008051529,0.0067096081588835215,22.705314009661837,1.4962426194310252
153,35.789049919484704,3.81105743424584,4.005636070853462,9.96376811594203,15.895061728395062,6.421095008051529,0.0067096081588835215,22.638217928073,1.4694041867954912
154,32.25308641975309,3.6500268384326353,3.549382716049383,9.648416532474503,14.942297369833602,5.9514224369296835,0.0067096081588835215,28.703703703703702,1.2949543746645196
155,32.60198604401503,3.6500268384326353,3.549382716049383,9.614868491680086,14.80810520665593,5.917874396135265,0.0067096081588835215,28.556092324208265,1.2949543746645196
156,32.80327428878154,3.643317230273752,3.4957058507783145,9.54777241009125,14.761137949543746,6.045356951154052,0.0067096081588835215,28.435319377348364,1.261406333870102
157,33.11862587224906,3.643317230273752,3.488996242619431,9.480676328502415,14.65378421900161,5.978260869565218,0.0067096081588835215,28.368223295759528,1.261406333870102
158,33.56816961889426,3.569511540526033,3.455448201825013,9.426999463231347,14.472624798711756,6.1929683306494905,0.0067096081588835215,28.06629092860977,1.2412775093934514
159,33.964036500268385,3.5628019323671496,3.421900161030596,9.380032206119163,14.40552871712292,6.119162640901771,0.0067096081588835215,27.89855072463768,1.2412775093934514
160,34.05797101449275,3.5628019323671496,3.4017713365539453,9.380032206119163,14.036500268384327,6.6827697262479875,0.0067096081588835215,27.63016639828234,1.2412775093934514
161,34.252549651100374,3.549382716049383,3.3950617283950617,9.373322597960279,13.982823403113258,6.6760601180891035,0.0067096081588835215,27.529522275899087,1.2345679012345678
162,33.843263553408484,3.3011272141706924,3.3950617283950617,9.104938271604938,13.439345142243694,6.608964036500268,0.0067096081588835215,29.066022544283413,1.2345679012345678
163,33.48765432098765,3.3816425120772946,3.33467525496511,10.648148148148149,13.09044551798175,6.595544820182502,0.0067096081588835215,28.22061191626409,1.2345679012345678
164,32.96430488459474,4.388083735909823,3.33467525496511,10.38647342995169,13.009930220075148,6.521739130434782,0.0067096081588835215,28.16022544283414,1.2278582930756843
165,33.2662372517445,4.3545356951154055,4.213633923778851,10.245571658615138,12.86231884057971,6.4412238325281805,0.0067096081588835215,27.38191089640365,1.2278582930756843
166,33.54804079441761,4.3545356951154055,4.193505099302201,10.158346752549651,12.86231884057971,6.367418142780462,0.0067096081588835215,27.294685990338163,1.2144390767579174
167,33.756038647343,4.3545356951154055,4.180085882984434,10.104669887278583,12.788513150831992,6.360708534621578,0.0067096081588835215,27.234299516908212,1.2144390767579174
168,34.07809983896941,4.334406870638754,4.146537842190016,10.037573805689748,12.72812667740204,6.3070316693505095,0.0067096081588835215,27.147074610842726,1.2144390767579174
169,34.37332259796028,4.327697262479871,4.146537842190016,10.010735373054214,12.694578636607622,6.253354804079442,0.0067096081588835215,26.972624798711756,1.2144390767579174
170,34.70880300590446,4.327697262479871,4.119699409554482,9.950348899624261,12.661030595813205,6.246645195920558,0.0067096081588835215,26.764626945786365,1.2144390767579174
171,35.01073537305421,4.300858829844337,4.119699409554482,9.863123993558776,12.5402576489533,6.239935587761675,0.0067096081588835215,26.704240472356414,1.2144390767579174
172,35.39989264626946,4.280730005367687,4.092860976918948,9.849704777241008,12.513419216317766,6.179549114331723,0.0067096081588835215,26.462694578636608,1.2144390767579174
173,35.547504025764894,4.280730005367687,4.092860976918948,9.842995169082126,12.513419216317766,6.146001073537305,0.0067096081588835215,26.35534084809447,1.2144390767579174
174,36.10440150295223,4.274020397208803,4.1129898013955986,9.842995169082126,12.406065485775631,6.146001073537305,0.0067096081588835215,25.89237788513151,1.2144390767579174
175,36.3593666129898,4.26731078904992,4.106280193236715,9.88996242619431,12.338969404186795,6.146001073537305,0.0067096081588835215,25.677670424047236,1.2077294685990339
176,30.9044551798175,3.9049919484702094,3.1468062265163717,7.85024154589372,11.312399355877616,4.85775630703167,0.0067096081588835215,36.808910359635,1.2077294685990339
177,31.05877616747182,3.878153515834675,3.140096618357488,7.816693505099302,11.305689747718732,5.166398282340311,0.0067096081588835215,36.41975308641975,1.2077294685990339
178,31.45464304884595,3.864734299516908,3.052871712292002,7.7831454643048845,11.285560923242082,5.166398282340311,0.0067096081588835215,36.178207192699944,1.2077294685990339
179,31.87734836285561,3.864734299516908,3.052871712292002,7.742887815351583,11.16478797638218,5.146269457863661,0.0067096081588835215,35.93666129898014,1.2077294685990339
180,32.07192699946323,3.864734299516908,3.046162104133119,7.836822329575953,11.124530327428879,5.112721417069243,0.0067096081588835215,35.7487922705314,1.1876006441223832
181,32.789855072463766,3.8378958668813743,2.999194847020934,8.11862587224906,11.117820719269995,4.891304347826087,0.0067096081588835215,35.05099302200752,1.1876006441223832
182,33.23268921095008,3.8177670424047236,3.408480944712829,8.219269994632313,11.057434245840042,4.7638217928073,0.0067096081588835215,34.37332259796028,1.1205045625335481
183,32.9374664519592,3.750670960815888,3.388352120236178,8.064949006977992,12.385936661298981,4.508856682769726,0.0067096081588835215,33.8365539452496,1.1205045625335481
184,33.1857219538379,3.750670960815888,3.374932903918411,8.004562533548041,12.318840579710145,4.508856682769726,0.0067096081588835215,33.72920021470746,1.1205045625335481
185,33.313204508856685,3.750670960815888,4.99194847020934,7.883789586688137,12.265163714439076,4.38137412775094,0.0067096081588835215,32.2866344605475,1.1205045625335481
186,33.756038647343,3.670155662909286,4.911433172302737,7.803274288781535,12.23161567364466,4.367954911433173,0.0067096081588835215,32.13231347289318,1.1205045625335481
187,34.16532474503489,3.670155662909286,4.884594739667204,7.749597423510467,12.164519592055823,4.3545356951154055,0.0067096081588835215,31.884057971014492,1.1205045625335481
188,34.54106280193237,3.670155662909286,4.85775630703167,7.716049382716049,12.06387546967257,4.3545356951154055,0.0067096081588835215,31.66935050993022,1.1205045625335481
189,34.82957595276436,3.6366076221148687,4.851046698872786,7.635534084809447,11.990069779924852,4.3545356951154055,0.0067096081588835215,31.57541599570585,1.1205045625335481
190,35.198604401502955,3.6097691894793345,4.824208266237251,7.588566827697263,11.98336017176597,4.3545356951154055,0.0067096081588835215,31.313741277509394,1.1205045625335481
191,34.68867418142781,3.6097691894793345,4.790660225442834,9.178743961352657,12.077294685990339,4.166666666666667,0.0067096081588835215,30.401234567901234,1.0802469135802468
192,34.96376811594203,3.6097691894793345,4.783950617283951,9.151905528717123,12.010198604401502,4.133118625872249,0.0067096081588835215,30.26033279656468,1.0802469135802468
193,34.03113258185722,3.6097691894793345,4.703435319377348,9.104938271604938,17.68652710681696,4.133118625872249,0.0067096081588835215,25.644122383252817,1.0802469135802468
194,34.38003220611916,3.603059581320451,4.703435319377348,9.104938271604938,17.632850241545892,4.025764895330113,0.0067096081588835215,25.483091787439612,1.0601180891035964
195,34.76918947933441,3.5963499731615673,4.669887278582931,9.084809447128288,17.485238862050455,3.9452495974235107,0.0067096081588835215,25.39586688137413,1.0466988727858293
196,34.997316156736446,3.5963499731615673,4.656468062265164,9.017713365539452,17.391304347826086,3.9452495974235107,0.0067096081588835215,25.34219001610306,1.0466988727858293
197,35.08454106280193,3.569511540526033,4.64975845410628,9.004294149221685,17.391304347826086,3.9452495974235107,0.0067096081588835215,25.301932367149757,1.0466988727858293
198,35.19189479334407,3.569511540526033,4.911433172302737,8.977455716586151,17.351046698872786,3.9452495974235107,0.0067096081588835215,25.0,1.0466988727858293
199,35.37305421363392,3.5628019323671496,4.911433172302737,8.93719806763285,17.310789049919485,3.9452495974235107,0.0067096081588835215,24.90606548577563,1.0466988727858293
200,35.59447128287708,3.5426731078904994,4.898013955984971,8.910359634997317,17.196725711218466,3.8043478260869565,0.0067096081588835215,24.792002147074612,1.2546967257112185
201,35.81588835212023,3.5225442834138487,4.8443370907139025,8.890230810520666,17.176596886741816,3.8043478260869565,0.0067096081588835215,24.684648416532475,1.2546967257112185
202,36.00375738056898,3.515834675254965,4.830917874396135,8.849973161567364,17.12962962962963,3.8043478260869565,0.0067096081588835215,24.60413311862587,1.2546967257112185
203,36.178207192699944,3.502415458937198,4.810789049919484,8.829844337090714,17.10950080515298,3.8043478260869565,0.0067096081588835215,24.50348899624262,1.2546967257112185
204,36.34594739667203,3.475577026301664,4.797369833601718,8.80300590445518,17.06924315619968,3.7909286097691894,0.0067096081588835215,24.4699409554482,1.2412775093934514
205,33.68894256575416,3.4286097691894795,4.663177670424047,7.85024154589372,16.203703703703702,3.502415458937198,0.0067096081588835215,29.428341384863124,1.2278582930756843
206,33.8768115942029,3.4151905528717124,4.663177670424047,7.749597423510467,16.11647879763822,3.6231884057971016,0.0067096081588835215,29.320987654320987,1.2278582930756843
207,34.09151905528717,3.4151905528717124,4.663177670424047,7.695920558239399,16.069511540526033,3.6097691894793345,0.0067096081588835215,29.220343531937736,1.2278582930756843
208,34.38003220611916,3.4151905528717124,4.64975845410628,7.675791733762749,16.056092324208265,3.603059581320451,0.0067096081588835215,29.012345679012345,1.2010198604401503
209,34.534353193773484,3.361513687600644,4.62962962962963,7.6623725174449815,16.955179817498657,2.999194847020934,0.0067096081588835215,28.650026838432634,1.2010198604401503
210,34.90338164251208,3.2877079978529253,4.622920021470746,7.601986044015029,16.881374127750938,2.9790660225442833,0.0067096081588835215,28.515834675254965,1.2010198604401503
211,35.225442834138484,3.2877079978529253,4.602791196994096,7.601986044015029,16.820987654320987,2.9790660225442833,0.0067096081588835215,28.27428878153516,1.2010198604401503
212,35.47369833601718,3.2675791733762747,4.555823939881911,7.568438003220612,16.75389157273215,2.9790660225442833,0.0067096081588835215,28.193773483628558,1.2010198604401503
213,35.7487922705314,3.2675791733762747,4.502147074610843,7.48792270531401,16.7337627482555,2.9790660225442833,0.0067096081588835215,28.099838969404185,1.1741814278046163
214,36.30568974771873,3.2675791733762747,4.468599033816425,7.48792270531401,16.700214707461082,2.9723564143853998,0.0067096081588835215,27.616747181964573,1.1741814278046163
215,36.741814278046164,3.2541599570585076,4.468599033816425,7.48792270531401,16.63311862587225,2.9253891572732154,0.0067096081588835215,27.30810520665593,1.1741814278046163
216,37.03703703703704,3.227321524422974,4.468599033816425,7.48792270531401,16.492216854535695,2.9253891572732154,0.0067096081588835215,27.18733225979603,1.1674718196457328
217,36.91626409017714,3.052871712292002,4.455179817498658,8.32662372517445,16.404991948470208,2.918679549114332,0.0067096081588835215,26.7512077294686,1.1674718196457328
218,36.78878153515835,3.046162104133119,4.428341384863124,8.132045088566828,16.31105743424584,3.515834675254965,0.0067096081588835215,26.603596349973163,1.1674718196457328
219,35.990338164251206,3.046162104133119,4.414922168545357,8.051529790660226,15.593129361245303,3.5091250670960816,0.0067096081588835215,28.22061191626409,1.1674718196457328
220,36.312399355877616,2.985775630703167,4.408212560386473,8.038110574342458,15.398550724637682,3.4621578099838968,0.0067096081588835215,27.91867954911433,1.4694041867954912
221,36.68813741277509,2.985775630703167,4.408212560386473,8.031400966183575,15.324745034889963,3.388352120236178,0.0067096081588835215,27.697262479871174,1.4694041867954912
222,36.983360171765966,2.985775630703167,4.388083735909823,7.98443370907139,15.304616210413311,3.3548040794417604,0.0067096081588835215,27.529522275899087,1.4626945786366077
223,37.23832528180354,2.9723564143853998,4.38137412775094,7.977724100912507,15.297906602254429,3.2877079978529253,0.0067096081588835215,27.375201288244767,1.4626945786366077
224,37.47987117552335,2.9723564143853998,4.3545356951154055,7.930756843800322,15.257648953301127,3.260869565217391,0.0067096081588835215,27.274557165861513,1.4626945786366077
225,37.59393451422437,2.9723564143853998,4.3545356951154055,7.716049382716049,15.58641975308642,3.260869565217391,0.0067096081588835215,27.053140096618357,1.4559849704777241
226,37.895866881374126,2.9589371980676327,4.582662372517445,7.695920558239399,15.203972088030058,3.475577026301664,0.0067096081588835215,26.724369296833064,1.4559849704777241
227,38.04347826086956,2.952227589908749,4.53569511540526,7.669082125603865,15.183843263553408,3.475577026301664,0.0067096081588835215,26.67740203972088,1.4559849704777241
228,38.1508319914117,2.9388083735909825,4.53569511540526,7.635534084809447,15.183843263553408,3.475577026301664,0.0067096081588835215,26.617015566290927,1.4559849704777241
229,38.466183574879224,2.918679549114332,4.528985507246377,7.581857219538379,15.143585614600108,3.435319377348363,0.0067096081588835215,26.462694578636608,1.4559849704777241
230,38.70101986044015,2.9119699409554483,4.522275899087493,7.575147611379496,15.03623188405797,3.435319377348363,0.0067096081588835215,26.35534084809447,1.4559849704777241
231,38.969404186795494,2.8784219001610305,4.522275899087493,7.5348899624261945,14.928878153515834,3.435319377348363,0.0067096081588835215,26.268115942028984,1.4559849704777241
232,39.36527106816962,2.8784219001610305,4.51556629092861,7.474503488996243,14.834943639291465,3.421900161030596,0.0067096081588835215,26.04669887278583,1.4559849704777241
233,39.50617283950617,2.8515834675254963,4.51556629092861,7.467793880837359,14.754428341384862,3.421900161030596,0.0067096081588835215,26.03327965646806,1.442565754159957
234,39.720880300590444,2.8515834675254963,4.51556629092861,7.4141170155662905,14.687332259796028,3.408480944712829,0.0067096081588835215,25.966183574879228,1.42914653784219
235,39.93558776167472,2.8515834675254963,4.502147074610843,7.387278582930757,14.65378421900161,3.408480944712829,0.0067096081588835215,25.825281803542673,1.42914653784219
236,40.09661835748792,2.8381642512077296,4.488727858293076,7.246376811594203,14.61352657004831,3.5225442834138487,0.0067096081588835215,25.758185721953836,1.42914653784219
237,40.344873859366615,2.8247450348899625,4.448470209339774,7.206119162640902,14.546430488459475,3.5225442834138487,0.0067096081588835215,25.684380032206118,1.415727321524423
238,40.55958132045089,2.8247450348899625,4.428341384863124,7.152442297369833,14.512882447665056,3.5091250670960816,0.0067096081588835215,25.59044551798175,1.415727321524423
239,40.39855072463768,2.8247450348899625,4.240472356414386,6.300322061191626,15.901771336553946,3.435319377348363,0.0067096081588835215,25.47638217928073,1.415727321524423
240,40.57300053676865,2.8247450348899625,4.159957058507783,6.300322061191626,15.888352120236178,3.435319377348363,0.0067096081588835215,25.39586688137413,1.415727321524423
241,38.37224906065486,2.818035426731079,4.703435319377348,6.280193236714976,22.396672034353195,3.3816425120772946,0.0067096081588835215,20.625335480407944,1.415727321524423
242,38.66076221148685,2.818035426731079,4.62962962962963,6.233225979602791,22.31615673644659,3.3816425120772946,0.0067096081588835215,20.544820182501343,1.4090177133655395
243,38.909017713365536,2.8113258185721954,4.569243156199678,6.146001073537305,22.20209339774557,3.3480944712828773,0.0067096081588835215,20.45088566827697,1.556629092860977
