,45,50,52,53,51,55,54,56,57
0,95.59178743961353,4.408212560386473,,,,,,,
1,95.59178743961353,4.408212560386473,,,,,,,
2,94.23644659151906,5.763553408480945,,,,,,,
3,80.51529790660226,19.484702093397747,,,,,,,
4,77.71739130434783,22.282608695652176,,,,,,,
5,61.520397208803004,36.89613526570049,1.583467525496511,,,,,,
6,52.99248523886205,43.98148148148148,1.583467525496511,1.442565754159957,,,,,
7,49.7987117552335,47.175254965110035,1.583467525496511,1.442565754159957,,,,,
8,48.32259796027912,46.92699946323135,1.583467525496511,0.013419216317767043,3.1535158346752548,,,,
9,46.31642512077295,48.93317230273752,1.583467525496511,0.013419216317767043,3.1535158346752548,,,,
10,45.62533548040794,41.7337627482555,9.473966720343531,0.013419216317767043,3.1535158346752548,,,,
11,42.66639828234031,43.01529790660226,13.47289318303811,0.0067096081588835215,0.8387010198604401,,,,
12,40.31132581857219,43.46484165324745,13.41250670960816,0.0067096081588835215,2.804616210413312,,,,
13,40.31803542673108,43.525228126677405,13.345410628019323,0.0067096081588835215,2.804616210413312,,,,
14,39.98926462694579,43.43129361245303,13.539989264626946,0.0067096081588835215,2.7979066022544283,0.23483628556092323,,,
15,37.533548040794415,44.69269994632314,13.479602791196994,0.0067096081588835215,4.052603327965647,0.23483628556092323,,,
16,33.7157809983897,48.510466988727856,13.479602791196994,0.0067096081588835215,4.052603327965647,0.23483628556092323,,,
17,32.31347289318304,43.585614600107355,13.45276435856146,0.0067096081588835215,10.406602254428341,0.23483628556092323,,,
18,32.420826623725176,43.51851851851852,13.419216317767042,0.0067096081588835215,10.399892646269459,0.23483628556092323,,,
19,32.46779388083736,43.47155126140633,13.419216317767042,0.0067096081588835215,10.399892646269459,0.23483628556092323,,,
20,31.266774020397207,40.11003757380569,19.028448738593667,2.0128824476650564,7.347020933977456,0.23483628556092323,,,
21,30.99838969404187,38.87546967257112,18.57890499194847,2.0128824476650564,8.635265700483092,0.23483628556092323,0.6642512077294686,,
22,30.88432635534085,36.540526033279654,19.96779388083736,2.0128824476650564,9.695383789586689,0.23483628556092323,0.6642512077294686,,
23,30.287171229200215,37.29200214707461,19.840311325818572,1.9927536231884058,9.688674181427805,0.23483628556092323,0.6642512077294686,,
24,30.314009661835748,37.15780998389694,19.840311325818572,1.0601180891035964,10.72866344605475,0.23483628556092323,0.6642512077294686,,
25,29.622920021470748,37.848899624261946,19.840311325818572,1.0601180891035964,10.72866344605475,0.23483628556092323,0.6642512077294686,,
26,29.965110037573805,37.82206119162641,19.840311325818572,0.9997316156736447,10.473698336017177,0.23483628556092323,0.6642512077294686,,
27,30.253623188405797,37.74154589371981,19.746376811594203,0.9997316156736447,10.446859903381643,0.23483628556092323,0.5770263016639828,,
28,30.05233494363929,37.57380568974772,19.45115405260333,0.9997316156736447,11.11111111111111,0.23483628556092323,0.5770263016639828,,
29,29.56924315619968,38.30515297906602,19.202898550724637,0.9997316156736447,11.11111111111111,0.23483628556092323,0.5770263016639828,,
30,24.745034889962426,42.351046698872786,19.142512077294686,1.8585614600107354,11.11111111111111,0.23483628556092323,0.5568974771873323,,
31,24.590713902308106,41.7337627482555,19.92753623188406,1.8585614600107354,11.097691894793345,0.23483628556092323,0.5568974771873323,,
32,24.46323134728932,41.86124530327429,19.92753623188406,1.8585614600107354,11.097691894793345,0.23483628556092323,0.5568974771873323,,
33,23.658078368223297,42.44498121309716,20.538110574342458,1.8585614600107354,10.59447128287708,0.23483628556092323,0.6709608158883521,,
34,23.79898013955985,39.418947933440684,20.41062801932367,1.093666129898014,14.371980676328503,0.23483628556092323,0.6709608158883521,,
35,23.832528180354267,39.38539989264627,20.41062801932367,1.093666129898014,14.371980676328503,0.23483628556092323,0.6709608158883521,,
36,23.450080515297905,39.78797638217928,20.39049919484702,1.093666129898014,14.371980676328503,0.23483628556092323,0.6709608158883521,,
37,23.49033816425121,39.110305958132045,20.39049919484702,1.0802469135802468,15.022812667740205,0.23483628556092323,0.6709608158883521,,
38,23.62453032742888,39.070048309178745,20.377079978529252,1.0802469135802468,14.942297369833602,0.23483628556092323,0.6709608158883521,,
39,23.242082662372518,37.6207729468599,19.92753623188406,1.0802469135802468,17.384594739667204,0.23483628556092323,0.5099302200751477,,
40,23.49033816425121,37.567096081588836,19.80005367686527,1.0802469135802468,17.317498658078367,0.23483628556092323,0.5099302200751477,,
41,23.617820719269993,37.35909822866345,19.773215244229736,1.0802469135802468,17.3040794417606,0.23483628556092323,0.630703166935051,,
42,23.121309715512613,34.70209339774557,19.726247987117553,1.0802469135802468,20.52469135802469,0.23483628556092323,0.6105743424584005,,
43,22.953569511540525,33.43397745571659,20.531400966183575,1.0802469135802468,21.155394524959743,0.23483628556092323,0.6105743424584005,,
44,22.188674181427803,34.23913043478261,20.242887815351583,1.0802469135802468,21.155394524959743,0.23483628556092323,0.8588298443370908,,
45,22.33628556092324,33.2259796027912,19.370638754696724,1.0802469135802468,22.893183038110575,0.23483628556092323,0.8588298443370908,,
46,21.947128287707997,32.86366076221149,16.19699409554482,1.4895330112721417,26.40901771336554,0.23483628556092323,0.8588298443370908,,
47,22.15512614063339,32.56843800322061,16.170155662909288,1.7847557702630166,26.227858293075684,0.23483628556092323,0.8588298443370908,,
48,21.994095544820183,30.66290928609769,18.927804616210413,1.7713365539452497,25.55018786902845,0.23483628556092323,0.8588298443370908,,
49,21.960547504025765,30.42807300053677,18.92109500805153,1.7713365539452497,25.11406333870102,0.9460547504025765,0.8588298443370908,,
50,22.054482018250134,30.18652710681696,18.572195383789587,1.7713365539452497,24.97987117552335,0.9460547504025765,1.4895330112721417,,
51,22.17525496511004,29.61621041331186,19.51825013419216,1.7713365539452497,23.74530327428878,0.9460547504025765,2.227589908749329,,
52,21.390230810520666,27.415458937198068,18.55877616747182,3.180354267310789,26.308373590982285,0.9460547504025765,2.200751476113795,,
53,21.14868491680086,26.529790660225444,19.94766505636071,3.180354267310789,26.08695652173913,0.9460547504025765,2.1604938271604937,,
54,21.40365002683843,26.20101986044015,19.806763285024154,2.7106816961889426,26.898819108964037,0.8185721953837896,2.1604938271604937,,
55,21.276167471819647,24.90606548577563,19.618894256575416,2.7106816961889426,26.670692431561996,1.1473429951690821,3.670155662909286,,
56,21.55126140633387,24.879227053140095,19.605475040257648,2.7106816961889426,26.435856146001072,1.1473429951690821,3.670155662909286,,
57,21.786097691894792,24.785292538915726,19.592055823939884,2.6972624798711755,26.321792807300053,1.1473429951690821,3.670155662909286,,
58,21.79951690821256,24.771873322597962,19.45786366076221,2.831454643048846,26.321792807300053,1.1473429951690821,3.670155662909286,,
59,21.980676328502415,24.684648416532475,19.269994632313473,2.831454643048846,26.288244766505635,1.2949543746645196,3.6500268384326353,,
60,22.148416532474503,24.65780998389694,19.236446591519055,2.831454643048846,26.1808910359635,1.2949543746645196,3.6500268384326353,,
61,22.356414385399894,24.62426194310252,19.135802469135804,2.831454643048846,26.10708534621578,1.2949543746645196,3.6500268384326353,,
62,22.510735373054214,24.610842726784757,19.0552871712292,2.831454643048846,26.04669887278583,1.2949543746645196,3.6500268384326353,,
63,22.604669887278583,24.40955448201825,18.33064949006978,2.8113258185721954,26.167471819645733,1.2949543746645196,4.38137412775094,,
64,22.84621578099839,24.342458400429415,18.209876543209877,2.8113258185721954,26.113794954374665,1.2949543746645196,4.38137412775094,,
65,23.282340311325818,24.282071926999464,18.00858829844337,2.8113258185721954,25.939345142243692,1.2949543746645196,4.38137412775094,,
66,22.893183038110575,24.020397208803004,18.746645195920557,2.8113258185721954,25.691089640365004,1.6103059581320451,4.2270531400966185,,
67,23.067632850241544,23.906333870101985,18.71309715512614,2.8113258185721954,25.664251207729468,1.6103059581320451,4.2270531400966185,,
68,21.994095544820183,23.678207192699947,18.71309715512614,2.8113258185721954,26.96591519055287,1.6103059581320451,4.2270531400966185,,
69,22.067901234567902,23.64465915190553,18.699677938808374,2.8113258185721954,26.939076757917338,1.6103059581320451,4.2270531400966185,,
70,21.71900161030596,23.832528180354267,18.699677938808374,2.804616210413312,27.106816961889425,1.6103059581320451,4.2270531400966185,,
71,21.866612989801396,23.79898013955985,18.699677938808374,2.804616210413312,26.992753623188406,1.6103059581320451,4.2270531400966185,,
72,20.605206655931294,23.289049919484704,17.834138486312398,2.7844873859366612,29.51556629092861,1.7444981213097155,4.2270531400966185,,
73,20.74610842726785,23.03408480944713,16.968599033816425,2.7844873859366612,30.810520665593128,1.7444981213097155,3.911701556629093,,
74,20.77294685990338,23.03408480944713,16.881374127750938,2.7844873859366612,30.783682232957595,1.8317230273752012,3.911701556629093,,
75,20.987654320987655,22.993827160493826,16.881374127750938,2.7844873859366612,30.609232420826622,1.8317230273752012,3.911701556629093,,
76,21.108427267847556,22.98040794417606,16.841116478797638,2.7844873859366612,30.54213633923779,1.8317230273752012,3.911701556629093,,
77,21.18894256575416,22.644927536231883,16.451959205582394,2.7844873859366612,31.199677938808374,1.8183038110574343,3.911701556629093,,
78,21.235909822866343,22.20209339774557,16.391572732152444,2.7844873859366612,31.66935050993022,1.8048845947396672,3.911701556629093,,
79,21.256038647342994,21.329844337090712,16.391572732152444,3.9989264626945786,31.313741277509394,1.8048845947396672,3.9049919484702094,,
80,21.470746108427267,21.235909822866343,16.304347826086957,3.9989264626945786,31.280193236714975,1.8048845947396672,3.9049919484702094,,
81,21.74584004294149,21.101717659688674,16.170155662909288,3.9989264626945786,31.226516371443907,1.8518518518518519,3.9049919484702094,,
82,20.799785292538918,22.705314009661837,16.170155662909288,3.7640901771336552,30.803811057434245,1.8518518518518519,3.9049919484702094,,
83,20.947396672034355,22.705314009661837,16.163446054750402,3.7640901771336552,30.71658615136876,1.8518518518518519,3.851315083199141,,
84,21.128556092324207,22.571121846484164,16.056092324208265,3.7640901771336552,30.790391841116477,1.8518518518518519,3.8378958668813743,,
85,21.20907139023081,22.550993022007514,16.056092324208265,3.750670960815888,30.750134192163177,1.8518518518518519,3.8311862587224907,,
86,21.35668276972625,22.517444981213096,16.029253891572733,3.750670960815888,30.66290928609769,1.8518518518518519,3.8311862587224907,,
87,21.524422973698336,22.517444981213096,15.96886741814278,3.750670960815888,30.636070853462158,1.8518518518518519,3.750670960815888,,
88,21.591519055287172,22.517444981213096,15.915190552871712,3.750670960815888,30.62265163714439,1.8518518518518519,3.750670960815888,,
89,21.672034353193773,22.470477724100913,15.895061728395062,3.750670960815888,30.609232420826622,1.8518518518518519,3.750670960815888,,
90,21.43719806763285,22.18196457326892,16.069511540526033,3.750670960815888,31.04535695115405,1.7646269457863661,3.750670960815888,,
91,20.685721953837895,21.846484165324746,19.867149758454108,3.750670960815888,28.35480407944176,1.7444981213097155,3.750670960815888,,
92,16.774020397208805,31.736446591519055,17.04911433172303,4.622920021470746,24.550456253354803,1.5230810520665594,3.743961352657005,,
93,16.861245303274288,31.702898550724637,17.04911433172303,4.609500805152979,24.510198604401502,1.5230810520665594,3.743961352657005,,
94,16.961889425657542,31.689479334406872,17.01556629092861,4.609500805152979,24.456521739130434,1.5230810520665594,3.743961352657005,,
95,17.03569511540526,31.635802469135804,17.01556629092861,4.609500805152979,24.436392914653783,1.5230810520665594,3.743961352657005,,
96,17.09608158883521,31.608964036500268,16.99543746645196,4.609500805152979,24.422973698336016,1.5230810520665594,3.743961352657005,,
97,17.223564143854,31.447933440687063,16.955179817498657,4.609500805152979,24.396135265700483,1.5230810520665594,3.844605475040258,,
98,17.324208266237253,30.911164787976382,16.955179817498657,4.609500805152979,24.376006441223833,1.9793344068706387,3.844605475040258,,
99,17.47181964573269,30.83064949006978,16.955179817498657,4.609500805152979,24.329039184111647,1.9592055823939882,3.844605475040258,,
100,17.538915727321523,29.56924315619968,15.908480944712828,5.280461621041331,25.89908749329039,1.9592055823939882,3.844605475040258,,
101,17.66639828234031,28.945249597423512,15.854804079441761,5.24020397208803,25.603864734299517,1.9592055823939882,4.730273752012883,,
102,18.04884594739667,28.710413311862588,15.74074074074074,5.24020397208803,25.59044551798175,1.9390767579173376,4.730273752012883,,
103,18.06897477187332,27.408749329039185,15.74074074074074,5.750134192163178,24.718196457326894,1.90552871712292,6.407675791733762,,
104,16.841116478797638,26.02657004830918,14.51959205582394,5.750134192163178,29.978529253891573,1.4761137949543746,5.407944176060118,,
105,17.438271604938272,26.02657004830918,14.472624798711756,5.750134192163178,29.455179817498657,1.4761137949543746,5.381105743424584,,
106,16.243961352657006,31.863929146537842,14.331723027375201,5.193236714975845,26.234567901234566,1.4761137949543746,4.656468062265164,,
107,16.21712292002147,31.4747718733226,16.25067096081589,5.193236714975845,25.925925925925927,1.3486312399355878,3.589640365002684,,
108,15.92860976918948,31.414385399892645,17.941492216854535,5.193236714975845,24.58400429414922,1.3486312399355878,3.589640365002684,,
109,16.23725174449812,31.132581857219538,17.907944176060116,5.10601180891036,24.691358024691358,1.3352120236178207,3.589640365002684,,
110,16.472088030059044,30.92458400429415,17.881105743424584,5.10601180891036,24.691358024691358,1.3352120236178207,3.589640365002684,,
111,16.505636070853463,30.891035963499732,17.881105743424584,5.10601180891036,24.691358024691358,1.3352120236178207,3.589640365002684,,
112,16.59286097691895,30.152979066022546,17.277241009125067,5.10601180891036,25.999731615673646,1.2949543746645196,3.5762211486849167,,
113,16.57944176060118,30.038915727321523,16.183574879227052,4.3545356951154055,27.9723564143854,1.2949543746645196,3.5762211486849167,,
114,16.774020397208805,29.374664519592056,16.076221148684915,3.770799785292539,29.13311862587225,1.2949543746645196,3.5762211486849167,,
115,16.955179817498657,29.220343531937736,16.076221148684915,3.770799785292539,29.106280193236714,1.2949543746645196,3.5762211486849167,,
116,16.834406870638755,29.60950080515298,16.049382716049383,3.743961352657005,28.938539989264626,1.2815351583467525,3.5426731078904994,,
117,17.270531400966185,29.401502952227588,15.975577026301664,3.643317230273752,28.884863123993558,1.2815351583467525,3.5426731078904994,,
118,17.28395061728395,29.401502952227588,15.962157809983896,3.643317230273752,28.884863123993558,1.2815351583467525,3.5426731078904994,,
119,17.364465915190554,29.32769726247987,15.92860976918948,3.643317230273752,28.77079978529254,1.4224369296833066,3.5426731078904994,,
120,17.56575415995706,29.2337627482555,15.92860976918948,3.569511540526033,28.75067096081589,1.4224369296833066,3.5292538915727323,,
121,17.807300053676865,29.139828234031132,15.901771336553946,3.569511540526033,28.629898013955984,1.4224369296833066,3.5292538915727323,,
122,17.901234567901234,29.05931293612453,15.888352120236178,3.569511540526033,28.629898013955984,1.4224369296833066,3.5292538915727323,,
123,17.8743961352657,28.81105743424584,15.814546430488459,3.2742887815351582,28.5426731078905,1.4224369296833066,4.260601180891036,,
124,17.954911433172303,28.77079978529254,15.814546430488459,3.2742887815351582,28.046162104133117,1.4224369296833066,4.7168545356951155,,
125,18.115942028985508,28.764090177133657,15.72061191626409,3.2675791733762747,28.005904455179817,1.4224369296833066,4.703435319377348,,
126,18.095813204508858,27.91867954911433,15.579710144927537,3.2675791733762747,28.005904455179817,2.428878153515835,4.703435319377348,,
127,18.250134192163177,27.905260332796566,15.546162104133119,3.2675791733762747,27.965646806226516,2.428878153515835,4.636339237788513,,
128,18.59903381642512,27.47584541062802,15.519323671497585,3.2675791733762747,27.932098765432098,2.8247450348899625,4.38137412775094,,
129,18.780193236714975,27.34165324745035,15.519323671497585,3.2675791733762747,27.905260332796566,2.8247450348899625,4.361245303274289,,
130,18.820450885668276,27.34165324745035,15.519323671497585,3.2675791733762747,27.905260332796566,2.7844873859366612,4.361245303274289,,
131,19.061996779388085,27.254428341384862,15.49248523886205,3.2675791733762747,27.791196994095547,2.771068169618894,4.361245303274289,,
132,18.84728931830381,26.90552871712292,17.257112184648417,3.2675791733762747,27.26784755770263,2.7308105206655933,3.7238325281803544,,
133,18.78690284487386,26.7512077294686,17.082662372517444,3.5963499731615673,27.160493827160494,2.898550724637681,3.7238325281803544,,
134,18.78690284487386,26.422436929683307,17.042404723564143,4.274020397208803,26.576757917337627,3.1736446591519054,3.7238325281803544,,
135,18.9345142243693,26.39559849704777,16.968599033816425,4.253891572732153,26.56333870101986,3.1602254428341383,3.7238325281803544,,
136,19.00161030595813,26.39559849704777,16.941760601180892,4.253891572732153,26.52308105206656,3.1602254428341383,3.7238325281803544,,
137,19.102254428341386,26.36876006441224,17.143048845947398,4.03918411164788,26.462694578636608,3.1602254428341383,3.7238325281803544,,
138,19.048577563070317,24.838969404186795,17.894524959742352,5.394524959742351,26.140633387010197,3.9452495974235107,2.737520128824477,,
139,19.290123456790123,24.751744498121308,17.8743961352657,5.394524959742351,26.006441223832528,3.9452495974235107,2.737520128824477,,
140,19.45115405260333,24.355877616747183,17.847557702630166,5.374396135265701,25.89908749329039,3.9452495974235107,3.126677402039721,,
141,19.565217391304348,24.20155662909286,17.834138486312398,5.3274288781535155,25.845410628019323,4.0995705850778315,3.126677402039721,,
142,19.592055823939884,24.194847020933977,17.834138486312398,5.3274288781535155,25.825281803542673,4.0995705850778315,3.126677402039721,,
143,19.665861513687602,24.18142780461621,17.834138486312398,5.3274288781535155,25.764895330112722,4.0995705850778315,3.126677402039721,,
144,19.826892109500804,24.12104133118626,17.773752012882447,5.314009661835748,25.738056897477186,4.0995705850778315,3.126677402039721,,
145,20.148953301127214,23.906333870101985,17.74020397208803,5.314009661835748,25.738056897477186,4.0995705850778315,3.052871712292002,,
146,20.249597423510465,23.805689747718734,17.74020397208803,5.314009661835748,25.738056897477186,4.0995705850778315,3.052871712292002,,
147,20.034889962426195,24.792002147074612,17.632850241545892,5.314009661835748,25.295222758990874,4.0995705850778315,2.831454643048846,,
148,20.21604938271605,24.691358024691358,17.632850241545892,5.287171229200215,25.107353730542137,4.0995705850778315,2.831454643048846,0.13419216317767044,
149,20.30998389694042,24.671229200214707,17.599302200751477,5.287171229200215,25.09393451422437,4.086151368760064,2.818035426731079,0.13419216317767044,
150,20.477724100912507,24.664519592055825,17.579173376274827,5.280461621041331,24.986580783682232,4.086151368760064,2.791196994095545,0.13419216317767044,
151,19.196188942565755,24.235104669887278,16.680085882984432,3.670155662909286,29.260601180891037,4.072732152442297,2.7509393451422435,0.13419216317767044,
152,19.182769726247987,23.778851315083198,16.646537842190018,3.6366076221148687,29.891304347826086,4.072732152442297,2.657004830917874,0.13419216317767044,
153,19.182769726247987,23.778851315083198,16.646537842190018,3.6366076221148687,29.891304347826086,4.072732152442297,2.657004830917874,0.13419216317767044,
154,19.00161030595813,22.98040794417606,16.15673644659152,3.6366076221148687,31.36070853462158,4.072732152442297,2.657004830917874,0.13419216317767044,
155,19.202898550724637,22.926731078904993,16.21712292002147,3.6366076221148687,31.15271068169619,4.072732152442297,2.657004830917874,0.13419216317767044,
156,19.28341384863124,22.913311862587225,16.190284487385938,3.6366076221148687,31.13929146537842,4.072732152442297,2.6301663982823404,0.13419216317767044,
157,19.45786366076221,22.893183038110575,15.96886741814278,3.6366076221148687,31.085614600107355,4.05931293612453,2.7643585614600106,0.13419216317767044,
158,19.57192699946323,22.396672034353195,15.96886741814278,3.6366076221148687,30.92458400429415,3.8311862587224907,3.535963499731616,0.13419216317767044,
159,19.706119162640903,22.309447128287708,15.552871712292003,4.240472356414386,30.810520665593128,3.8311862587224907,3.4151905528717124,0.13419216317767044,
160,19.826892109500804,22.24235104669887,15.5126140633387,4.240472356414386,30.797101449275363,3.8311862587224907,3.4151905528717124,0.13419216317767044,
161,19.900697799248523,22.22222222222222,15.707192699946322,4.394793344068707,30.56897477187332,3.656736446591519,3.4151905528717124,0.13419216317767044,
162,20.323403113258184,22.21551261406334,15.566290928609769,4.361245303274289,30.44820182501342,3.643317230273752,3.307836822329576,0.13419216317767044,
163,20.30998389694042,21.880032206119164,15.566290928609769,4.361245303274289,30.44820182501342,3.4286097691894795,3.8714439076757916,0.13419216317767044,
164,20.33011272141707,21.85990338164251,15.566290928609769,4.361245303274289,30.44820182501342,3.4286097691894795,3.8714439076757916,0.13419216317767044,
165,20.618625872249062,21.833064949006978,15.398550724637682,4.3478260869565215,30.387815351583466,3.4151905528717124,3.864734299516908,0.13419216317767044,
166,20.90713902308105,21.752549651100377,15.33816425120773,4.334406870638754,30.267042404723565,3.408480944712829,3.8580246913580245,0.13419216317767044,
167,20.840042941492218,21.752549651100377,15.33816425120773,4.334406870638754,29.374664519592056,4.38137412775094,3.844605475040258,0.13419216317767044,
168,20.94068706387547,21.72571121846484,15.297906602254429,4.320987654320987,29.354535695115406,4.38137412775094,3.844605475040258,0.13419216317767044,
169,20.679012345679013,21.390230810520666,15.365002683843263,5.662909286097692,28.743961352657006,4.38137412775094,3.643317230273752,0.13419216317767044,
170,20.538110574342458,21.00107353730542,15.33816425120773,5.508588298443371,29.468599033816425,4.38137412775094,3.629898013955985,0.13419216317767044,
171,20.75281803542673,20.665593129361245,14.922168545356952,5.401234567901234,30.273752012882447,4.38137412775094,3.4688674181427803,0.13419216317767044,
172,20.82662372517445,20.665593129361245,14.875201288244767,5.401234567901234,30.246913580246915,4.38137412775094,3.4688674181427803,0.13419216317767044,
173,20.7662372517445,20.652173913043477,15.552871712292003,5.401234567901234,29.770531400966185,4.253891572732153,3.4688674181427803,0.13419216317767044,
174,19.424315619967793,19.108964036500268,17.223564143854,6.9243156199677935,29.502147074610843,4.2203435319377345,3.4621578099838968,0.13419216317767044,
175,20.115405260332796,18.699677938808374,17.28395061728395,6.816961889425658,29.274020397208805,4.213633923778851,3.4621578099838968,0.13419216317767044,
176,20.169082125603865,18.699677938808374,17.28395061728395,6.816961889425658,29.220343531937736,4.213633923778851,3.4621578099838968,0.13419216317767044,
177,20.26972624798712,18.699677938808374,17.23027375201288,6.810252281266774,29.1935050993022,4.200214707461084,3.4621578099838968,0.13419216317767044,
178,20.471014492753625,18.679549114331724,17.11621041331186,6.78341384863124,29.166666666666668,4.186795491143317,3.4621578099838968,0.13419216317767044,
179,20.564949006977994,18.625872249060656,17.08937198067633,6.78341384863124,29.1532474503489,4.186795491143317,3.4621578099838968,0.13419216317767044,
180,20.538110574342458,18.605743424584006,16.31105743424584,6.716317767042405,30.173107890499196,4.180085882984434,3.3413848631239937,0.13419216317767044,
181,20.75281803542673,18.605743424584006,16.31105743424584,6.689479334406871,30.005367686527105,4.17337627482555,3.3279656468062266,0.13419216317767044,
182,21.00107353730542,18.572195383789587,16.31105743424584,6.689479334406871,29.73027375201288,4.166666666666667,3.3279656468062266,0.20128824476650564,
183,21.088298443370906,18.47826086956522,16.505636070853463,6.649221685453569,29.294149221685455,4.455179817498658,3.3279656468062266,0.20128824476650564,
184,21.202361782071925,17.820719269994633,16.445249597423512,6.642512077294686,29.294149221685455,4.455179817498658,3.938539989264627,0.20128824476650564,
185,21.316425120772948,17.780461621041333,16.445249597423512,6.642512077294686,29.26731078904992,4.455179817498658,3.8915727321524423,0.20128824476650564,
186,21.35668276972625,17.66639828234031,16.411701556629094,6.635802469135802,29.435050993022006,4.428341384863124,3.864734299516908,0.20128824476650564,
187,21.484165324745035,17.66639828234031,16.324476650563607,6.635802469135802,29.394793344068706,4.428341384863124,3.864734299516908,0.20128824476650564,
188,21.511003757380568,17.66639828234031,16.324476650563607,6.635802469135802,29.367954911433173,4.428341384863124,3.864734299516908,0.20128824476650564,
189,21.43719806763285,17.652979066022546,17.176596886741816,6.615673644659152,28.804347826086957,4.247181964573269,3.864734299516908,0.20128824476650564,
190,21.604938271604937,17.652979066022546,17.156468062265162,6.582125603864735,28.690284487385938,4.247181964573269,3.864734299516908,0.20128824476650564,
191,21.584809447128286,17.652979066022546,16.988727858293075,6.964573268921095,28.495705850778315,4.247181964573269,3.864734299516908,0.20128824476650564,
192,21.87332259796028,17.639559849704778,16.941760601180892,6.9310252281266775,28.401771336553946,4.1532474503489,3.8580246913580245,0.20128824476650564,
193,22.36983360171766,17.270531400966185,16.49892646269458,6.347289318303811,29.361245303274288,4.119699409554482,3.8311862587224907,0.20128824476650564,
194,22.510735373054214,17.2638217928073,16.472088030059044,6.340579710144928,29.260601180891037,4.119699409554482,3.8311862587224907,0.20128824476650564,
195,22.604669887278583,17.216854535695116,16.458668813741276,6.333870101986044,29.2337627482555,4.119699409554482,3.8311862587224907,0.20128824476650564,
196,22.946859903381643,17.156468062265162,16.411701556629094,6.172839506172839,29.17337627482555,4.119699409554482,3.8177670424047236,0.20128824476650564,
197,22.48389694041868,16.378153515834676,16.49892646269458,5.964841653247451,31.488191089640367,3.166935050993022,3.8177670424047236,0.20128824476650564,
198,22.5979602791197,16.378153515834676,16.431830381105744,5.964841653247451,31.44122383252818,3.166935050993022,3.8177670424047236,0.20128824476650564,
199,22.69860440150295,16.364734299516908,16.391572732152444,5.964841653247451,31.273483628556093,3.2877079978529253,3.8177670424047236,0.20128824476650564,
200,23.00053676865271,16.364734299516908,16.297638217928075,5.964841653247451,31.07890499194847,3.2877079978529253,3.8043478260869565,0.20128824476650564,
201,23.09447128287708,16.364734299516908,16.25067096081589,5.964841653247451,31.031937734836287,3.2877079978529253,3.8043478260869565,0.20128824476650564,
202,21.826355340848096,16.069511540526033,15.801127214170693,5.938003220611916,33.071658615136876,3.2877079978529253,3.8043478260869565,0.20128824476650564,
203,22.24235104669887,15.94873859366613,15.633387010198604,5.884326355340848,32.8972088030059,3.2474503488996245,3.9452495974235107,0.20128824476650564,
204,22.396672034353195,15.935319377348362,15.519323671497585,5.884326355340848,32.870370370370374,3.2474503488996245,3.9452495974235107,0.20128824476650564,
205,22.517444981213096,15.935319377348362,15.5126140633387,5.998389694041868,32.64224369296833,3.2474503488996245,3.9452495974235107,0.20128824476650564,
206,22.71202361782072,15.888352120236178,15.5126140633387,5.9514224369296835,32.54159957058508,3.2474503488996245,3.9452495974235107,0.20128824476650564,
207,22.86634460547504,15.888352120236178,15.5126140633387,5.9514224369296835,32.48792270531401,3.1468062265163717,3.9452495974235107,0.20128824476650564,
208,22.987117552334944,15.801127214170693,15.458937198067632,5.9514224369296835,32.407407407407405,3.2541599570585076,3.938539989264627,0.20128824476650564,
209,22.993827160493826,15.801127214170693,15.45222758990875,5.9514224369296835,32.407407407407405,3.2541599570585076,3.938539989264627,0.20128824476650564,
210,22.77241009125067,15.559581320450885,15.22410091250671,5.938003220611916,33.20585077831455,3.1736446591519054,3.92512077294686,0.20128824476650564,
211,22.98040794417606,15.546162104133119,15.210681696188942,5.891035963499732,33.13875469672571,3.1065485775630703,3.92512077294686,0.20128824476650564,
212,23.18840579710145,15.53274288781535,15.096618357487923,5.864197530864198,33.09849704777241,3.1065485775630703,3.911701556629093,0.20128824476650564,
213,23.255501878690286,15.499194847020934,15.203972088030058,5.864197530864198,32.9777241009125,3.099838969404187,3.898282340311326,0.20128824476650564,
214,22.67176596886742,15.190552871712292,15.68035426731079,5.864197530864198,33.64868491680086,2.885131508319914,3.8580246913580245,0.20128824476650564,
215,22.79253891572732,15.170424047235642,15.68035426731079,5.837359098228664,33.57487922705314,2.885131508319914,3.8580246913580245,0.20128824476650564,
216,22.920021470746107,15.13016639828234,15.68035426731079,5.810520665593129,33.51449275362319,2.885131508319914,3.8580246913580245,0.20128824476650564,
217,22.933440687063875,15.13016639828234,15.68035426731079,5.810520665593129,33.50107353730542,2.885131508319914,3.8580246913580245,0.20128824476650564,
218,23.1280193236715,15.056360708534621,15.626677402039721,5.810520665593129,33.43397745571659,2.885131508319914,3.8580246913580245,0.20128824476650564,
219,23.282340311325818,15.022812667740205,15.599838969404187,5.810520665593129,33.21256038647343,3.012614063338701,3.8580246913580245,0.20128824476650564,
220,23.49704777241009,14.942297369833602,15.599838969404187,5.810520665593129,33.07836822329576,3.012614063338701,3.8580246913580245,0.20128824476650564,
221,23.483628556092324,14.687332259796028,15.53274288781535,6.4412238325281805,32.80327428878154,3.012614063338701,3.8378958668813743,0.20128824476650564,
222,23.14814814814815,13.526570048309178,15.53274288781535,8.199141170155663,32.55501878690284,2.8784219001610305,3.9586688137412773,0.20128824476650564,
223,23.30246913580247,13.425925925925926,15.53274288781535,8.199141170155663,32.50805152979066,2.8784219001610305,3.9519592055823938,0.20128824476650564,
224,23.396403650026837,13.425925925925926,15.53274288781535,8.199141170155663,32.427536231884055,2.8784219001610305,3.938539989264627,0.20128824476650564,
225,23.470209339774556,13.41250670960816,15.5126140633387,8.199141170155663,32.387278582930755,2.8784219001610305,3.938539989264627,0.20128824476650564,
226,23.26892109500805,13.217928073000536,15.499194847020934,8.628556092324208,32.367149758454104,2.8784219001610305,3.938539989264627,0.20128824476650564,
227,23.416532474503487,13.170960815888352,15.49248523886205,8.628556092324208,32.27321524422974,2.8784219001610305,3.938539989264627,0.20128824476650564,
228,23.65136876006441,13.130703166935051,15.60654857756307,8.628556092324208,31.964573268921097,2.8784219001610305,3.938539989264627,0.20128824476650564,
229,23.758722490606548,13.097155126140633,15.60654857756307,8.561460010735374,31.95786366076221,2.8784219001610305,3.938539989264627,0.20128824476650564,
230,24.020397208803004,12.983091787439614,15.566290928609769,8.548040794417606,31.863929146537842,2.8784219001610305,3.938539989264627,0.20128824476650564,
231,23.960010735373054,12.889157273215245,16.203703703703702,8.548040794417606,31.38083735909823,2.8784219001610305,3.938539989264627,0.20128824476650564,
232,23.98684916800859,12.889157273215245,16.170155662909288,8.548040794417606,31.260064412238325,3.0059044551798175,3.938539989264627,0.20128824476650564,
233,24.08078368223296,12.882447665056361,16.09634997316157,8.548040794417606,31.246645195920557,3.0059044551798175,3.938539989264627,0.20128824476650564,
234,24.12775093934514,12.882447665056361,16.089640365002683,8.527911969940956,31.226516371443907,3.0059044551798175,3.938539989264627,0.20128824476650564,
235,24.48336017176597,12.882447665056361,15.962157809983896,8.487654320987655,31.0654857756307,2.9790660225442833,3.938539989264627,0.20128824476650564,
236,24.879227053140095,12.869028448738593,15.888352120236178,8.487654320987655,30.756843800322063,2.9790660225442833,3.938539989264627,0.20128824476650564,
237,24.718196457326894,12.560386473429952,15.861513687600644,8.997584541062801,30.743424584004295,2.9790660225442833,3.938539989264627,0.20128824476650564,
238,24.818840579710145,12.533548040794418,15.83467525496511,8.997584541062801,30.709876543209877,2.965646806226516,3.938539989264627,0.20128824476650564,
239,24.698067632850243,12.5,15.398550724637682,9.916800858829845,30.495169082125603,2.932098765432099,3.8580246913580245,0.20128824476650564,
240,24.818840579710145,12.5,15.351583467525497,9.856414385399892,30.48174986580784,2.932098765432099,3.8580246913580245,0.20128824476650564,
241,25.241545893719806,12.4597423510467,15.277777777777779,9.655126140633387,30.3743961352657,2.932098765432099,3.8580246913580245,0.20128824476650564,
242,25.40257648953301,12.4597423510467,15.230810520665592,9.628287707997853,30.287171229200215,2.932098765432099,3.8580246913580245,0.20128824476650564,
243,25.37573805689748,12.4597423510467,14.781266774020397,10.25228126677402,30.246913580246915,2.8247450348899625,3.8580246913580245,0.20128824476650564,
244,25.281803542673106,12.4597423510467,14.781266774020397,10.534084809447128,30.059044551798173,2.8247450348899625,3.8580246913580245,0.20128824476650564,
245,25.07380568974772,12.446323134728932,15.304616210413311,10.319377348362856,30.059044551798173,2.8247450348899625,3.770799785292539,0.20128824476650564,
246,24.852388620504563,12.412775093934513,15.136876006441224,11.238593666129898,29.62962962962963,2.757648953301127,3.770799785292539,0.20128824476650564,
247,24.818840579710145,12.412775093934513,15.13016639828234,11.876006441223833,29.032474503488995,2.757648953301127,3.770799785292539,0.20128824476650564,
248,24.349168008588297,12.412775093934513,15.076489533011273,11.81561996779388,29.64975845410628,2.757648953301127,3.7372517444981215,0.20128824476650564,
249,24.44310252281267,12.365807836822329,15.076489533011273,11.802200751476114,29.61621041331186,2.757648953301127,3.7372517444981215,0.20128824476650564,
250,24.644390767579175,12.325550187869029,15.022812667740205,11.79549114331723,29.51556629092861,2.757648953301127,3.7372517444981215,0.20128824476650564,
251,24.724906065485776,12.31213097155126,15.022812667740205,11.79549114331723,29.508856682769725,2.757648953301127,3.6768652710681695,0.20128824476650564,
252,24.738325281803544,12.298711755233494,15.01610305958132,11.79549114331723,29.428341384863124,2.757648953301127,3.7640901771336552,0.20128824476650564,
253,24.88593666129898,12.298711755233494,15.01610305958132,11.77536231884058,29.341116478797638,2.757648953301127,3.7238325281803544,0.20128824476650564,
254,25.02012882447665,12.27187332259796,15.01610305958132,11.708266237251744,29.300858829844337,2.757648953301127,3.7238325281803544,0.20128824476650564,
255,24.422973698336016,12.27187332259796,14.61352657004831,11.60762211486849,30.407944176060116,2.757648953301127,3.717122920021471,0.20128824476650564,
256,24.570585077831456,12.27187332259796,14.606816961889425,11.520397208803006,30.360976918947934,2.7509393451422435,3.717122920021471,0.20128824476650564,
257,24.651100375738057,12.245034889962426,14.573268921095009,11.520397208803006,30.35426731078905,2.737520128824477,3.717122920021471,0.20128824476650564,
258,24.65780998389694,12.245034889962426,14.573268921095009,11.386205045625335,30.35426731078905,2.737520128824477,3.7104133118625873,0.20128824476650564,0.13419216317767044
259,24.892646269457863,12.211486849168008,14.472624798711756,11.386205045625335,30.253623188405797,2.737520128824477,3.7104133118625873,0.20128824476650564,0.13419216317767044
260,24.912775093934513,12.191358024691358,14.472624798711756,11.386205045625335,30.253623188405797,2.737520128824477,3.7104133118625873,0.20128824476650564,0.13419216317767044
261,25.046967257112186,12.191358024691358,14.472624798711756,11.345947396672035,30.159688674181428,2.737520128824477,3.7104133118625873,0.20128824476650564,0.13419216317767044
262,25.06038647342995,12.191358024691358,14.472624798711756,11.345947396672035,30.14626945786366,2.737520128824477,3.7104133118625873,0.20128824476650564,0.13419216317767044
263,25.181159420289855,12.171229200214707,14.439076757917338,11.33923778851315,30.112721417069242,2.7106816961889426,3.7104133118625873,0.20128824476650564,0.13419216317767044
264,25.187869028448738,12.130971551261407,14.439076757917338,11.332528180354267,30.018786902844873,2.703972088030059,3.851315083199141,0.20128824476650564,0.13419216317767044
265,25.301932367149757,12.124261943102523,14.432367149758454,11.29898013955985,29.95169082125604,2.703972088030059,3.851315083199141,0.20128824476650564,0.13419216317767044
266,25.5300590445518,12.070585077831455,14.432367149758454,11.29898013955985,29.777241009125067,2.703972088030059,3.851315083199141,0.20128824476650564,0.13419216317767044
267,25.738056897477186,12.04374664519592,14.325013419216317,11.265432098765432,29.757112184648417,2.6972624798711755,3.8378958668813743,0.20128824476650564,0.13419216317767044
268,25.85882984433709,12.00348899624262,14.325013419216317,11.245303274288782,29.582662372517444,2.6972624798711755,3.9519592055823938,0.20128824476650564,0.13419216317767044
269,25.85882984433709,12.00348899624262,14.325013419216317,11.245303274288782,29.582662372517444,2.6972624798711755,3.9519592055823938,0.20128824476650564,0.13419216317767044
270,26.08695652173913,11.996779388083736,14.278046162104133,11.16478797638218,29.488727858293075,2.6972624798711755,3.9519592055823938,0.20128824476650564,0.13419216317767044
271,26.154052603327965,11.996779388083736,14.278046162104133,11.16478797638218,29.435050993022006,2.6972624798711755,3.938539989264627,0.20128824476650564,0.13419216317767044
272,26.341921631776703,11.889425657541599,14.264626945786366,11.11111111111111,29.421631776704242,2.6972624798711755,3.938539989264627,0.20128824476650564,0.13419216317767044
273,26.54320987654321,11.889425657541599,14.217659688674182,11.104401502952227,29.274020397208805,2.6972624798711755,3.938539989264627,0.20128824476650564,0.13419216317767044
274,26.8317230273752,11.768652710681696,14.184111647879764,11.104401502952227,29.146537842190018,2.6972624798711755,3.9318303811057436,0.20128824476650564,0.13419216317767044
275,27.17391304347826,11.768652710681696,14.17740203972088,10.876274825550189,29.03918411164788,2.6972624798711755,3.9318303811057436,0.20128824476650564,0.13419216317767044
276,27.17391304347826,11.768652710681696,14.17740203972088,10.876274825550189,29.03918411164788,2.6972624798711755,3.9318303811057436,0.20128824476650564,0.13419216317767044
277,27.26784755770263,11.75523349436393,14.17740203972088,10.876274825550189,28.992216854535695,2.690552871712292,3.9049919484702094,0.20128824476650564,0.13419216317767044
278,27.509393451422437,11.75523349436393,14.076757917337627,10.829307568438002,28.911701556629094,2.690552871712292,3.8915727321524423,0.20128824476650564,0.13419216317767044
279,27.576489533011273,11.701556629092861,14.049919484702093,10.815888352120236,28.878153515834676,2.690552871712292,3.9519592055823938,0.20128824476650564,0.13419216317767044
