,45,50,51,52,55,54,53,56,57
0,100.0,,,,,,,,
1,100.0,,,,,,,,
2,96.32313472893183,3.6768652710681695,,,,,,,
3,95.91384863123993,4.086151368760064,,,,,,,
4,92.94149221685454,7.058507783145465,,,,,,,
5,92.7133655394525,7.286634460547504,,,,,,,
6,92.7133655394525,7.286634460547504,,,,,,,
7,92.72678475577027,7.273215244229737,,,,,,,
8,83.82313472893183,16.17686527106817,,,,,,,
9,80.46833064949007,19.53166935050993,,,,,,,
10,68.43129361245303,31.568706387546968,,,,,,,
11,66.79414922168546,27.408749329039185,5.797101449275362,,,,,,
12,45.880300590445515,42.68652710681696,11.43317230273752,,,,,,
13,46.081588835212024,42.391304347826086,11.218464841653248,0.30864197530864196,,,,,
14,41.6129898013956,37.9495437466452,6.468062265163715,13.459473966720344,0.5099302200751477,,,,
15,41.686795491143315,37.4597423510467,6.608964036500268,13.479602791196994,0.5099302200751477,0.2549651100375738,,,
16,41.53918411164788,37.453032742887814,4.904723564143854,13.466183574879228,0.5099302200751477,0.2549651100375738,1.8719806763285025,,
17,41.15002683843264,34.4873859366613,8.259527643585615,13.466183574879228,0.5099302200751477,0.2549651100375738,1.8719806763285025,,
18,41.277509393451425,34.447128287708,8.232689210950081,13.405797101449275,0.5099302200751477,0.2549651100375738,1.8719806763285025,,
19,42.07595276435856,33.7157809983897,8.165593129361245,13.405797101449275,0.5099302200751477,0.2549651100375738,1.8719806763285025,,
20,42.17659688674181,33.62855609232421,8.152173913043478,13.405797101449275,0.5099302200751477,0.2549651100375738,1.8719806763285025,,
21,42.3443370907139,33.60842726784756,8.011272141706923,13.399087493290391,0.5099302200751477,0.2549651100375738,1.8719806763285025,,
22,42.55904455179817,33.09849704777241,8.011272141706923,13.399087493290391,0.5099302200751477,0.5501878690284487,1.8719806763285025,,
23,42.592592592592595,33.279656468062264,8.011272141706923,13.399087493290391,0.5099302200751477,0.5501878690284487,1.6572732152442298,,
24,42.028985507246375,33.1857219538379,8.816425120772946,13.399087493290391,0.5099302200751477,0.5501878690284487,1.5096618357487923,,
25,42.24369296833065,33.11862587224906,8.816425120772946,13.251476113794954,0.5099302200751477,0.5501878690284487,1.5096618357487923,,
26,42.371175523349436,33.091787439613526,8.816425120772946,13.150831991411701,0.5099302200751477,0.5501878690284487,1.5096618357487923,,
27,42.612721417069245,32.90391841116479,8.809715512614064,13.103864734299517,0.5099302200751477,0.5501878690284487,1.5096618357487923,,
28,36.902844873859365,38.66076221148685,8.796296296296296,13.070316693505099,0.5099302200751477,0.5501878690284487,1.5096618357487923,,
29,35.17176596886742,40.35829307568438,8.749329039184111,12.969672571121846,0.6910896403650026,0.5501878690284487,1.5096618357487923,,
30,34.4873859366613,39.962426194310254,8.393719806763285,14.40552871712292,0.6910896403650026,0.5501878690284487,1.5096618357487923,,
31,34.554482018250134,39.90874932903918,8.393719806763285,14.40552871712292,0.6910896403650026,0.5501878690284487,1.4962426194310252,,
32,34.52093397745572,39.86849168008588,8.467525496511003,14.40552871712292,0.6910896403650026,0.5501878690284487,1.4962426194310252,,
33,33.24610842726785,40.83467525496511,8.789586688137414,14.40552871712292,0.6910896403650026,0.5501878690284487,1.482823403113258,,
34,33.541331186258724,39.170692431561996,9.923510466988727,14.190821256038648,0.6910896403650026,0.8722490606548577,1.6103059581320451,,
35,32.56843800322061,37.09742351046699,13.519860440150294,14.123725174449811,0.20799785292538917,0.8722490606548577,1.6103059581320451,,
36,32.67579173376275,36.97665056360709,13.063607085346217,13.982823403113258,0.20799785292538917,1.482823403113258,1.6103059581320451,,
37,32.9777241009125,36.782071926999464,12.969672571121846,13.982823403113258,0.20799785292538917,1.482823403113258,1.596886741814278,,
38,32.098765432098766,29.435050993022006,21.75925925925926,13.828502415458937,0.18115942028985507,1.1003757380568975,1.596886741814278,,
39,31.46135265700483,30.14626945786366,21.752549651100377,13.761406333870102,0.18115942028985507,1.1003757380568975,1.596886741814278,,
40,30.756843800322063,27.15378421900161,25.89237788513151,13.318572195383789,0.18115942028985507,1.1003757380568975,1.596886741814278,,
41,30.347557702630166,27.30139559849705,25.89237788513151,13.311862587224907,0.18115942028985507,1.1003757380568975,1.865271068169619,,
42,24.93961352657005,39.418947933440684,22.886473429951693,11.09098228663446,0.18115942028985507,1.1003757380568975,0.3824476650563607,,
43,25.046967257112186,39.35856146001073,22.886473429951693,11.044015029522276,0.18115942028985507,1.1003757380568975,0.3824476650563607,,
44,22.322866344605476,24.416264090177133,45.1556629092861,6.521739130434782,0.18115942028985507,0.8856682769726248,0.3824476650563607,0.13419216317767044,
45,22.490606548577563,22.73886205045625,44.72624798711755,6.494900697799249,0.18115942028985507,0.8856682769726248,2.1135265700483092,0.36902844873859364,
46,22.665056360708533,22.705314009661837,44.618894256575416,6.461352657004831,0.18115942028985507,0.8856682769726248,2.1135265700483092,0.36902844873859364,
47,20.175791733762747,24.074074074074073,37.02361782071927,7.635534084809447,0.4428341384863124,0.8856682769726248,9.5276435856146,0.23483628556092323,
48,20.363660762211488,23.93317230273752,37.0101986044015,7.635534084809447,0.4428341384863124,0.8856682769726248,9.494095544820183,0.23483628556092323,
49,20.86688137412775,23.919753086419753,36.594202898550726,7.588566827697263,0.4428341384863124,0.8856682769726248,9.46725711218465,0.23483628556092323,
50,21.20907139023081,23.752012882447666,36.493558776167475,7.5281803542673105,0.4428341384863124,0.8856682769726248,9.453837895866881,0.23483628556092323,
51,18.874127750939344,17.8743961352657,44.6256038647343,7.5281803542673105,0.2616747181964573,0.8856682769726248,9.71551261406334,0.23483628556092323,
52,18.55877616747182,18.270263016639827,44.545088566827694,7.5281803542673105,0.2616747181964573,0.8856682769726248,9.71551261406334,0.23483628556092323,
53,18.706387546967257,18.230005367686527,44.45115405260333,7.5281803542673105,0.2616747181964573,0.8856682769726248,9.702093397745571,0.23483628556092323,
54,18.71309715512614,17.881105743424584,44.37063875469673,7.5281803542673105,0.9259259259259259,0.8856682769726248,9.460547504025765,0.23483628556092323,
55,19.028448738593667,17.69994632313473,43.934514224369295,7.521470746108427,1.261406333870102,0.8588298443370908,9.460547504025765,0.23483628556092323,
56,19.444444444444443,17.67981749865808,43.853998926462694,7.48792270531401,1.261406333870102,0.8588298443370908,9.178743961352657,0.23483628556092323,
57,18.820450885668276,15.143585614600108,47.47047772410091,6.9243156199677935,0.5971551261406334,0.8588298443370908,9.608158883521202,0.5770263016639828,
58,18.625872249060656,15.479066022544284,47.43022007514761,6.823671497584541,0.5971551261406334,0.8588298443370908,9.608158883521202,0.5770263016639828,
59,17.54562533548041,16.659957058507782,47.04777241009125,6.816961889425658,0.9192163177670424,0.8588298443370908,9.574610842726784,0.5770263016639828,
60,17.57246376811594,16.659957058507782,47.02093397745572,6.816961889425658,0.9192163177670424,0.8588298443370908,9.574610842726784,0.5770263016639828,
61,17.196725711218466,16.6129898013956,46.262748255501876,6.723027375201288,0.9192163177670424,0.8588298443370908,10.849436392914654,0.5770263016639828,
62,17.270531400966185,16.6129898013956,46.202361782071925,6.816961889425658,0.9192163177670424,0.8588298443370908,10.742082662372518,0.5770263016639828,
63,16.720343531937736,19.28341384863124,44.82018250134192,6.716317767042405,0.9192163177670424,0.2214170692431562,10.742082662372518,0.5770263016639828,
64,16.881374127750938,19.269994632313473,44.68599033816425,6.716317767042405,0.9192163177670424,0.2214170692431562,10.72866344605475,0.5770263016639828,
65,16.968599033816425,18.947933440687063,45.7259796027912,6.582125603864735,0.9192163177670424,0.2214170692431562,10.057702630166398,0.5770263016639828,
66,17.062533548040793,18.88083735909823,45.69914117015566,6.582125603864735,0.9192163177670424,0.2214170692431562,10.057702630166398,0.5770263016639828,
67,17.2638217928073,17.58588298443371,45.189210950080515,8.031400966183575,0.9192163177670424,0.2214170692431562,10.21202361782072,0.5770263016639828,
68,17.444981213097154,17.58588298443371,45.02147074610843,8.031400966183575,0.9192163177670424,0.2214170692431562,10.198604401502953,0.5770263016639828,
69,18.04213633923779,17.317498658078367,44.73966720343532,8.011272141706923,0.9192163177670424,0.2214170692431562,10.171765968867419,0.5770263016639828,
70,18.115942028985508,17.317498658078367,44.37734836285561,8.011272141706923,0.9192163177670424,0.2214170692431562,10.165056360708535,0.8722490606548577,
71,17.236983360171767,17.136339237788512,42.94820182501342,10.540794417606012,1.1876006441223832,0.11406333870101985,10.165056360708535,0.6709608158883521,
72,17.411433172302736,17.028985507246375,42.74691358024691,10.540794417606012,1.3217928073000538,0.11406333870101985,10.165056360708535,0.6709608158883521,
73,17.713365539452496,17.01556629092861,42.652979066022546,10.493827160493828,1.3217928073000538,0.11406333870101985,10.017444981213098,0.6709608158883521,
74,18.129361245303276,16.76731078904992,42.48523886205046,10.493827160493828,1.3217928073000538,0.11406333870101985,10.017444981213098,0.6709608158883521,
75,18.370907139023082,16.6935050993022,42.48523886205046,10.326086956521738,1.3217928073000538,0.11406333870101985,10.017444981213098,0.6709608158883521,
76,18.344068706387546,15.633387010198604,41.10305958132045,13.654052603327965,1.3217928073000538,0.06709608158883522,9.205582393988191,0.6709608158883521,
77,18.055555555555557,15.35829307568438,40.94202898550725,13.654052603327965,1.3217928073000538,0.06709608158883522,9.930220075147611,0.6709608158883521,
78,18.21658615136876,15.029522275899087,43.4447128287708,11.473429951690822,1.3217928073000538,0.06709608158883522,9.77589908749329,0.6709608158883521,
79,18.572195383789587,14.801395598497047,43.35077831454643,11.473429951690822,1.3217928073000538,0.03354804079441761,9.77589908749329,0.6709608158883521,
80,18.914385399892645,14.566559312936125,41.4922168545357,12.117552334943639,1.3217928073000538,0.03354804079441761,9.272678475577026,2.281266774020397,
81,19.00161030595813,14.546430488459475,41.45195920558239,12.090713902308105,1.3217928073000538,0.03354804079441761,9.272678475577026,2.281266774020397,
82,19.243156199677937,14.53972088030059,41.35131508319914,11.808910359634996,1.2412775093934514,0.03354804079441761,9.219001610305957,2.281266774020397,0.28180354267310787
83,19.39747718733226,14.51959205582394,41.297638217928075,11.808910359634996,1.2412775093934514,0.03354804079441761,9.219001610305957,2.200751476113795,0.28180354267310787
84,19.659151905528716,14.459205582393988,41.1634460547504,11.808910359634996,1.2412775093934514,0.03354804079441761,9.192163177670425,2.1604938271604937,0.28180354267310787
85,19.806763285024154,14.74771873322598,40.76757917337628,11.782071926999464,1.2412775093934514,0.03354804079441761,9.178743961352657,2.1604938271604937,0.28180354267310787
86,19.887278582930758,14.828234031132581,40.693773483628554,11.748523886205046,1.2412775093934514,0.03354804079441761,9.131776704240472,2.15378421900161,0.28180354267310787
87,20.1959205582394,14.821524422973699,40.23081052066559,11.721685453569512,1.6774020397208802,0.03354804079441761,8.883521202361782,2.15378421900161,0.28180354267310787
88,20.585077831454644,14.734299516908212,39.83494363929147,11.668008588298443,1.6304347826086956,0.28180354267310787,8.870101986044014,2.1135265700483092,0.28180354267310787
89,20.652173913043477,14.720880300590446,39.56655931293612,11.634460547504025,1.6304347826086956,0.28180354267310787,8.870101986044014,2.3617820719269993,0.28180354267310787
90,20.457595276435857,12.674449812130971,40.687063875469676,11.574074074074074,1.6304347826086956,0.28180354267310787,10.050993022007514,2.3617820719269993,0.28180354267310787
91,20.497852925389157,12.661030595813205,40.673644659151904,11.574074074074074,1.6304347826086956,0.28180354267310787,10.037573805689748,2.3617820719269993,0.28180354267310787
92,20.551529790660226,12.52012882447665,38.75469672571122,11.345947396672035,1.3955984970477724,0.28180354267310787,12.365807836822329,2.5026838432635534,0.28180354267310787
93,20.719269994632313,12.506709608158884,37.41277509393451,11.345947396672035,1.3955984970477724,1.5096618357487923,12.325550187869029,2.5026838432635534,0.28180354267310787
94,20.799785292538918,12.359098228663447,37.493290391841114,11.332528180354267,1.3955984970477724,1.5096618357487923,12.325550187869029,2.5026838432635534,0.28180354267310787
95,20.933977455716587,12.338969404186795,37.4597423510467,11.312399355877616,1.3486312399355878,1.5096618357487923,12.318840579710145,2.5026838432635534,0.27509393451422437
96,21.591519055287172,12.278582930756844,37.3792270531401,11.171497584541063,1.3486312399355878,1.5096618357487923,11.956521739130435,2.4892646269457863,0.27509393451422437
97,22.08132045088567,12.245034889962426,37.07058507783145,11.144659151905529,1.3486312399355878,1.5096618357487923,11.83574879227053,2.4892646269457863,0.27509393451422437
98,22.5979602791197,12.144390767579173,36.74852388620504,11.07085346215781,1.3486312399355878,1.5096618357487923,11.81561996779388,2.4892646269457863,0.27509393451422437
99,22.550993022007514,12.607353730542137,36.533816425120776,10.950080515297907,1.3352120236178207,1.5096618357487923,11.81561996779388,2.4221685453569513,0.27509393451422437
100,21.564680622651636,12.258454106280194,42.391304347826086,7.4141170155662905,1.3352120236178207,1.596886741814278,11.104401502952227,2.3349436392914655,
101,21.72571121846484,12.151100375738057,42.20343531937735,7.266505636070853,1.3352120236178207,1.8786902844873858,11.104401502952227,2.3349436392914655,
102,21.651905528717123,12.110842726784755,42.12292002147075,7.232957595276436,1.3352120236178207,1.8786902844873858,11.332528180354267,2.3349436392914655,
103,22.363123993558776,11.929683306494901,41.59286097691895,7.232957595276436,1.3352120236178207,1.8786902844873858,11.332528180354267,2.3349436392914655,
104,22.396672034353195,11.929683306494901,41.55931293612453,7.232957595276436,1.3352120236178207,1.8786902844873858,11.332528180354267,2.3349436392914655,
105,22.443639291465377,11.929683306494901,41.55931293612453,7.206119162640902,1.3352120236178207,1.8786902844873858,11.312399355877616,2.3349436392914655,
106,22.530864197530864,11.929683306494901,41.50563607085346,7.206119162640902,1.3352120236178207,1.8786902844873858,11.2788513150832,2.3349436392914655,
107,22.758990874932906,11.929683306494901,41.30434782608695,7.206119162640902,1.3083735909822867,1.8786902844873858,11.2788513150832,2.3349436392914655,
108,23.2085346215781,11.822329575952764,40.41196994095545,7.199409554482019,1.6035963499731616,1.8786902844873858,11.252012882447666,2.623456790123457,
109,23.15485775630703,10.393183038110575,40.09661835748792,7.1658615136876005,3.2004830917874396,2.1806226516371443,11.18491680085883,2.623456790123457,
110,22.33628556092324,9.494095544820183,41.90150295222759,7.1658615136876005,3.2004830917874396,2.690552871712292,11.097691894793345,2.1135265700483092,
111,22.67176596886742,9.46725711218465,41.6935050993022,7.159151905528717,3.2004830917874396,2.623456790123457,11.097691894793345,2.086688137412775,
112,22.69189479334407,9.46725711218465,41.619699409554485,7.125603864734299,3.2004830917874396,2.623456790123457,11.18491680085883,2.086688137412775,
113,22.84621578099839,9.433709071390231,41.54589371980676,7.118894256575416,3.1736446591519054,2.61003757380569,11.18491680085883,2.086688137412775,
114,22.920021470746107,9.426999463231347,41.47879763821793,7.118894256575416,3.1736446591519054,2.61003757380569,11.18491680085883,2.086688137412775,
115,23.221953837895867,9.373322597960279,40.9621578099839,7.078636607622115,3.1736446591519054,2.5295222758990876,11.574074074074074,2.086688137412775,
116,23.275630703166936,9.373322597960279,40.9621578099839,7.071926999463232,3.1736446591519054,2.5161030595813205,11.56736446591519,2.059849704777241,
117,23.62453032742888,9.312936124530328,40.90848094471283,7.018250134192163,3.1468062265163717,2.5161030595813205,11.41304347826087,2.059849704777241,
118,23.731884057971016,9.306226516371444,40.86151368760064,7.018250134192163,3.1199677938808374,2.509393451422437,11.406333870101985,2.046430488459474,
119,23.906333870101985,9.306226516371444,40.774288781535155,6.998121309715513,3.1199677938808374,2.509393451422437,11.366076221148685,2.01959205582394,
120,23.812399355877616,9.265968867418144,40.143585614600106,6.998121309715513,3.099838969404187,2.4892646269457863,12.27187332259796,1.9189479334406871,
121,24.10091250670961,9.23913043478261,40.042941492216855,6.951154052603328,3.099838969404187,2.4892646269457863,12.157809983896941,1.9189479334406871,
122,24.20155662909286,9.219001610305957,39.99597423510467,6.951154052603328,3.099838969404187,2.4892646269457863,12.124261943102523,1.9189479334406871,
123,24.000268384326354,8.99087493290392,39.50617283950617,8.32662372517445,3.33467525496511,2.4892646269457863,11.43317230273752,1.9189479334406871,
124,23.101180891035963,10.057702630166398,39.378690284487384,8.32662372517445,3.3145464304884595,2.4825550187869028,11.419753086419753,1.9189479334406871,
125,23.47691894793344,10.050993022007514,39.04320987654321,8.3064949006978,3.3145464304884595,2.4825550187869028,11.285560923242082,2.0397208803005906,
126,23.470209339774556,10.050993022007514,38.97611379495437,8.57487922705314,3.307836822329576,2.4825550187869028,10.95679012345679,2.1806226516371443,
127,23.396403650026837,9.970477724100913,38.808373590982285,8.514492753623188,3.307836822329576,2.918679549114332,10.95679012345679,2.1269457863660763,
128,23.43666129898014,9.970477724100913,38.79495437466452,8.514492753623188,3.307836822329576,2.918679549114332,10.929951690821255,2.1269457863660763,
129,23.463499731615673,9.876543209876543,38.95598497047772,8.487654320987655,3.307836822329576,2.885131508319914,10.896403650026839,2.1269457863660763,
130,22.926731078904993,10.755501878690284,38.66076221148685,8.467525496511003,3.307836822329576,2.885131508319914,10.869565217391305,2.1269457863660763,
131,23.429951690821255,10.493827160493828,38.56682769726248,8.21256038647343,3.307836822329576,2.871712292002147,10.990338164251208,2.1269457863660763,
132,23.503757380568974,10.493827160493828,38.49302200751476,8.21256038647343,3.307836822329576,2.871712292002147,10.990338164251208,2.1269457863660763,
133,23.57085346215781,10.426731078904991,38.33199141170156,8.21256038647343,3.502415458937198,2.8381642512077296,10.990338164251208,2.1269457863660763,
134,23.95330112721417,10.393183038110575,38.26489533011272,8.21256038647343,3.549382716049383,2.7442297369833604,10.755501878690284,2.1269457863660763,
135,24.074074074074073,10.359634997316157,38.177670424047236,8.21256038647343,3.549382716049383,2.7442297369833604,10.755501878690284,2.1269457863660763,
136,24.10091250670961,10.359634997316157,38.1508319914117,8.21256038647343,3.549382716049383,2.7442297369833604,10.755501878690284,2.1269457863660763,
137,24.268652710681696,10.299248523886206,38.13070316693505,8.205850778314547,3.5091250670960816,2.8784219001610305,10.581052066559312,2.1269457863660763,
138,24.36929683306495,10.299248523886206,37.74825550187869,8.152173913043478,3.5091250670960816,2.8784219001610305,10.581052066559312,2.462426194310252,
139,24.537037037037038,10.299248523886206,37.66774020397209,8.105206655931294,3.4957058507783145,2.8784219001610305,10.554213633923778,2.462426194310252,
140,24.59742351046699,10.299248523886206,37.65432098765432,8.05823939881911,3.4957058507783145,2.8784219001610305,10.554213633923778,2.462426194310252,
141,24.785292538915726,10.272410091250672,37.526838432635536,8.031400966183575,3.6634460547504024,2.8784219001610305,10.379763821792807,2.462426194310252,
142,23.49033816425121,9.138486312399356,40.774288781535155,7.823403113258186,3.3413848631239937,2.871712292002147,10.0979602791197,2.462426194310252,
143,23.537305421363392,9.138486312399356,40.747450348899626,7.803274288781535,3.3413848631239937,2.871712292002147,10.0979602791197,2.462426194310252,
144,23.72517444981213,9.037842190016104,40.687063875469676,7.803274288781535,3.3413848631239937,2.871712292002147,10.077831454643048,2.4557165861513686,
145,23.845947396672035,9.03113258185722,40.5931293612453,7.803274288781535,3.3413848631239937,2.871712292002147,10.057702630166398,2.4557165861513686,
146,23.89291465378422,9.03113258185722,40.57300053676865,7.803274288781535,3.3413848631239937,2.871712292002147,10.030864197530864,2.4557165861513686,
147,24.610842726784757,8.917069243156199,40.23752012882448,7.776435856146001,3.1468062265163717,2.871712292002147,9.98389694041868,2.4557165861513686,
148,24.590713902308106,8.910359634997317,39.86849168008588,7.776435856146001,3.5426731078904994,2.871712292002147,9.98389694041868,2.4557165861513686,
149,24.4296833064949,8.910359634997317,39.53972088030059,9.494095544820183,3.4286097691894795,2.6033279656468062,9.138486312399356,2.4557165861513686,
150,24.758454106280194,8.715780998389693,39.40552871712292,9.494095544820183,3.4286097691894795,2.6033279656468062,9.138486312399356,2.4557165861513686,
151,25.0,8.662104133118627,39.15727321524423,9.245840042941492,3.361513687600644,2.5563607085346214,9.098228663446054,2.918679549114332,
152,25.13419216317767,8.621846484165324,39.09688674181428,9.212292002147075,3.361513687600644,2.5563607085346214,9.098228663446054,2.918679549114332,
153,25.275093934514224,8.59500805152979,39.029790660225444,9.198872785829307,3.3480944712828773,2.536231884057971,9.098228663446054,2.918679549114332,
154,25.37573805689748,8.541331186258722,39.009661835748794,9.185453569511541,3.33467525496511,2.536231884057971,9.098228663446054,2.918679549114332,
155,25.489801395598498,8.340042941492216,38.56682769726248,9.185453569511541,2.7643585614600106,2.536231884057971,10.064412238325282,3.052871712292002,
156,25.577026301663984,8.340042941492216,38.499731615673646,9.185453569511541,2.7643585614600106,2.5161030595813205,10.064412238325282,3.052871712292002,
157,25.731347289318304,8.333333333333334,38.37224906065486,9.185453569511541,2.7643585614600106,2.5161030595813205,10.064412238325282,3.0327428878153517,
158,25.85212023617821,8.333333333333334,38.35882984433709,9.178743961352657,2.7643585614600106,2.4221685453569513,10.064412238325282,3.026033279656468,
159,25.925925925925927,8.319914117015566,38.33199141170156,9.145195920558239,2.7643585614600106,2.4221685453569513,10.064412238325282,3.026033279656468,
160,25.95276435856146,8.299785292538916,37.96967257112185,9.138486312399356,2.677133655394525,3.1199677938808374,9.836285560923242,3.0059044551798175,
161,25.697799248523886,8.172302737520129,36.65458937198068,9.104938271604938,4.555823939881911,2.9723564143853998,9.836285560923242,3.0059044551798175,
162,25.785024154589372,8.158883521202362,36.493558776167475,9.782608695652174,4.294149221685454,2.9589371980676327,9.520933977455716,3.0059044551798175,
163,25.811862587224905,8.13875469672571,36.46672034353194,9.655126140633387,4.294149221685454,2.9589371980676327,9.668545356951155,3.0059044551798175,
164,26.073537305421365,8.13875469672571,36.30568974771873,9.621578099838969,4.294149221685454,2.9589371980676327,9.601449275362318,3.0059044551798175,
165,25.905797101449274,8.13875469672571,36.030595813204506,9.473966720343531,4.193505099302201,3.6500268384326353,9.601449275362318,3.0059044551798175,
166,25.986312399355878,8.13875469672571,35.96349973161568,9.473966720343531,4.180085882984434,3.6500268384326353,9.601449275362318,3.0059044551798175,
167,26.31508319914117,7.695920558239399,35.89640365002684,9.433709071390231,4.17337627482555,3.8915727321524423,9.588030059044552,3.0059044551798175,
168,26.455984970477726,7.695920558239399,35.63472893183038,9.420289855072463,4.17337627482555,3.8915727321524423,9.588030059044552,3.140096618357488,
169,26.84514224369297,7.682501341921632,35.34621578099839,9.406870638754697,4.126409017713366,3.8915727321524423,9.561191626409018,3.140096618357488,
170,26.96591519055287,7.648953301127214,35.319377348362856,9.346484165324744,4.126409017713366,3.8915727321524423,9.561191626409018,3.140096618357488,
171,27.01959205582394,7.648953301127214,34.957058507783145,9.346484165324744,4.435050993022007,3.8915727321524423,9.561191626409018,3.140096618357488,
172,27.180622651637144,7.64224369296833,34.91009125067096,9.245840042941492,4.435050993022007,3.8915727321524423,9.554482018250134,3.140096618357488,
173,27.073268921095007,7.763016639828234,34.44041867954911,9.23913043478261,4.898013955984971,3.8915727321524423,9.554482018250134,3.140096618357488,
174,26.214439076757916,7.50805152979066,36.922973698336016,8.561460010735374,4.871175523349437,3.8714439076757916,9.212292002147075,2.8381642512077296,
175,26.42914653784219,7.50805152979066,36.89613526570049,8.561460010735374,4.871175523349437,3.8714439076757916,9.024422973698336,2.8381642512077296,
176,26.167471819645733,7.467793880837359,35.90311325818572,8.541331186258722,4.804079441760601,5.434782608695652,9.024422973698336,2.657004830917874,
177,26.281535158346752,7.467793880837359,35.849436392914654,8.541331186258722,4.783950617283951,5.407944176060118,9.01100375738057,2.657004830917874,
178,26.33521202361782,7.447665056360709,35.83601717659689,8.541331186258722,4.783950617283951,5.387815351583468,9.01100375738057,2.657004830917874,
179,26.27482555018787,7.440955448201825,35.37976382179281,8.454106280193237,5.535426731078905,5.132850241545894,8.970746108427267,2.8113258185721954,
180,26.341921631776703,7.440955448201825,35.31266774020397,8.454106280193237,5.535426731078905,5.132850241545894,8.970746108427267,2.8113258185721954,
181,26.41572732152442,7.440955448201825,34.735641438539986,8.454106280193237,5.535426731078905,5.683038110574342,8.923778851315083,2.8113258185721954,
182,26.690821256038646,7.427536231884058,34.5276435856146,8.433977455716587,5.535426731078905,5.676328502415459,8.923778851315083,2.7844873859366612,
183,26.757917337627482,7.427536231884058,34.5276435856146,8.36688137412775,5.535426731078905,5.676328502415459,8.923778851315083,2.7844873859366612,
184,26.88539989264627,7.427536231884058,34.43370907139023,8.360171765968868,5.508588298443371,5.676328502415459,8.923778851315083,2.7844873859366612,
185,26.630434782608695,7.105475040257649,34.35990338164251,8.943907675791733,5.609232420826624,5.642780461621041,8.923778851315083,2.7844873859366612,
186,26.992753623188406,7.078636607622115,34.13848631239936,8.883521202361782,5.609232420826624,5.615942028985507,8.896940418679549,2.7844873859366612,
187,27.20746108427268,6.823671497584541,34.245840042941495,8.856682769726248,5.58239398819109,5.615942028985507,8.896940418679549,2.771068169618894,
188,27.596618357487923,6.568706387546968,34.23242082662372,8.836553945249598,5.5756843800322065,5.615942028985507,8.80300590445518,2.771068169618894,
189,28.032742887815353,6.4345142243692965,34.09151905528717,8.756038647342995,5.562265163714439,5.615942028985507,8.735909822866345,2.771068169618894,
190,28.26086956521739,6.4345142243692965,33.99087493290392,8.756038647342995,5.515297906602254,5.615942028985507,8.655394524959743,2.771068169618894,
191,28.381642512077295,6.414385399892646,33.923778851315085,8.756038647342995,5.488459473966721,5.615942028985507,8.655394524959743,2.7643585614600106,
192,28.522544283413847,6.414385399892646,33.87010198604401,8.756038647342995,5.488459473966721,5.528717122920021,8.655394524959743,2.7643585614600106,
193,28.663446054750402,6.3137412775093935,33.843263553408484,8.756038647342995,5.488459473966721,5.528717122920021,8.655394524959743,2.7509393451422435,
194,28.650026838432634,6.293612453032743,33.48094471282877,8.742619431025227,5.911164787976382,5.528717122920021,8.641975308641975,2.7509393451422435,
195,28.442028985507246,6.213097155126141,33.77616747181965,8.735909822866345,5.911164787976382,5.528717122920021,8.641975308641975,2.7509393451422435,
196,28.395061728395063,6.1929683306494905,33.601717659688674,8.729200214707461,6.052066559312936,5.669618894256575,8.608427267847558,2.7509393451422435,
197,28.69699409554482,6.146001073537305,33.45410628019324,8.729200214707461,6.011808910359635,5.60252281266774,8.608427267847558,2.7509393451422435,
198,28.931830381105744,6.139291465378422,33.293075684380035,8.675523349436393,5.998389694041868,5.60252281266774,8.608427267847558,2.7509393451422435,
199,29.11969940955448,6.045356951154052,33.23939881910896,8.675523349436393,5.998389694041868,5.60252281266774,8.608427267847558,2.7106816961889426,
200,29.30756843800322,6.045356951154052,33.15888352120236,8.675523349436393,5.998389694041868,5.501878690284487,8.601717659688674,2.7106816961889426,
201,28.24074074074074,6.045356951154052,30.54213633923779,12.929414922168545,5.897745571658615,5.4616210413311865,8.568169618894256,2.314814814814815,
202,28.26086956521739,6.045356951154052,30.535426731078903,12.68786902844874,6.139291465378422,5.4616210413311865,8.55475040257649,2.314814814814815,
203,28.65673644659152,5.964841653247451,30.44820182501342,12.506709608158884,6.139291465378422,5.4616210413311865,8.514492753623188,2.3081052066559313,
204,28.804347826086957,5.964841653247451,30.42807300053677,12.466451959205582,6.052066559312936,5.4616210413311865,8.514492753623188,2.3081052066559313,
205,28.92512077294686,5.958132045088567,30.407944176060116,12.419484702093397,6.038647342995169,5.4616210413311865,8.494363929146537,2.2946859903381642,
206,29.01905528717123,5.958132045088567,30.3743961352657,12.419484702093397,6.025228126677402,5.428073000536768,8.480944712828771,2.2946859903381642,
207,29.0727321524423,5.958132045088567,30.360976918947934,12.419484702093397,5.991680085882985,5.428073000536768,8.480944712828771,2.2879763821792807,
208,29.13311862587225,5.958132045088567,30.327428878153516,12.419484702093397,5.991680085882985,5.428073000536768,8.454106280193237,2.2879763821792807,
209,29.180085882984432,5.958132045088567,30.314009661835748,12.412775093934513,5.978260869565218,5.428073000536768,8.440687063875469,2.2879763821792807,
210,29.381374127750938,5.931293612453032,30.18652710681696,12.379227053140097,5.978260869565218,5.428073000536768,8.427267847557703,2.2879763821792807,
211,29.428341384863124,5.931293612453032,30.18652710681696,12.365807836822329,5.958132045088567,5.428073000536768,8.413848631239935,2.2879763821792807,
212,29.394793344068706,5.931293612453032,30.03220611916264,12.365807836822329,5.904455179817498,5.5689747718733225,8.373590982286634,2.428878153515835,
213,29.448470209339774,5.931293612453032,30.03220611916264,12.325550187869029,5.904455179817498,5.555555555555555,8.373590982286634,2.428878153515835,
214,29.797369833601717,5.911164787976382,29.817498658078367,12.218196457326892,5.904455179817498,5.555555555555555,8.36688137412775,2.428878153515835,
215,29.837627482555018,5.911164787976382,29.716854535695116,12.02361782071927,5.897745571658615,5.555555555555555,8.628556092324208,2.428878153515835,
216,29.924852388620504,5.911164787976382,29.636339237788512,12.016908212560386,5.897745571658615,5.555555555555555,8.628556092324208,2.428878153515835,
217,30.14626945786366,5.83064949006978,29.522275899087493,12.016908212560386,5.884326355340848,5.555555555555555,8.61513687600644,2.428878153515835,
218,30.226784755770264,5.83064949006978,29.488727858293075,12.00348899624262,5.884326355340848,5.522007514761138,8.61513687600644,2.428878153515835,
219,30.454911433172303,5.83064949006978,29.455179817498657,11.956521739130435,5.884326355340848,5.522007514761138,8.467525496511003,2.428878153515835,
220,30.629361245303276,5.83064949006978,29.367954911433173,11.822329575952764,5.964841653247451,5.522007514761138,8.433977455716587,2.428878153515835,
221,30.54213633923779,5.83064949006978,29.28743961352657,12.104133118625873,5.964841653247451,5.441492216854535,8.420558239398819,2.408749329039184,
222,30.56226516371444,5.83064949006978,29.032474503488995,12.104133118625873,6.226516371443908,5.428073000536768,8.407139023081053,2.408749329039184,
223,30.689747718733226,5.776972624798712,29.025764895330113,12.070585077831455,6.226516371443908,5.428073000536768,8.373590982286634,2.408749329039184,
224,30.83064949006978,5.776972624798712,29.01905528717123,12.030327428878154,6.206387546967257,5.414653784219001,8.32662372517445,2.395330112721417,
225,31.072195383789587,5.763553408480945,28.864734299516908,12.030327428878154,6.206387546967257,5.340848094471283,8.32662372517445,2.395330112721417,
226,31.273483628556093,5.629361245303274,28.864734299516908,12.010198604401502,6.1929683306494905,5.340848094471283,8.293075684380032,2.395330112721417,
227,31.49490069779925,5.615942028985507,28.864734299516908,11.98336017176597,6.1929683306494905,5.340848094471283,8.111916264090176,2.395330112721417,
228,31.655931293612454,5.5689747718733225,28.723832528180353,11.956521739130435,6.367418142780462,5.340848094471283,7.991143317230274,2.395330112721417,
229,31.76328502415459,5.522007514761138,28.690284487385938,11.956521739130435,6.340579710144928,5.340848094471283,7.991143317230274,2.395330112721417,
230,31.884057971014492,5.522007514761138,28.65673644659152,11.869296833064949,6.340579710144928,5.340848094471283,7.991143317230274,2.395330112721417,
231,32.024959742351044,5.522007514761138,28.60305958132045,11.869296833064949,6.3137412775093935,5.314009661835748,7.957595276435856,2.395330112721417,
232,32.387278582930755,5.522007514761138,28.341384863123995,11.869296833064949,6.213097155126141,5.314009661835748,7.957595276435856,2.395330112721417,
233,32.56172839506173,5.46833064949007,28.247450348899623,11.842458400429415,6.213097155126141,5.314009661835748,7.957595276435856,2.395330112721417,
234,32.9374664519592,5.4549114331723025,28.193773483628558,11.842458400429415,6.213097155126141,5.314009661835748,7.648953301127214,2.395330112721417,
235,33.12533548040794,5.4549114331723025,27.905260332796566,11.761943102522812,6.159420289855072,5.226784755770263,7.977724100912507,2.3886205045625335,
236,33.19914117015566,5.4549114331723025,27.865002683843265,11.761943102522812,6.146001073537305,5.2066559312936125,7.977724100912507,2.3886205045625335,
237,33.340042941492214,5.428073000536768,27.79790660225443,11.761943102522812,6.132581857219538,5.2066559312936125,7.944176060118089,2.3886205045625335,
238,33.45410628019324,5.428073000536768,27.72410091250671,11.741814278046162,6.125872249060655,5.2066559312936125,7.944176060118089,2.3752012882447664,
239,33.541331186258724,5.428073000536768,27.58990874932904,11.741814278046162,6.125872249060655,5.260332796564681,7.937466451959206,2.3752012882447664,
240,33.73590982286635,5.394524959742351,27.529522275899087,11.714975845410628,6.119162640901771,5.199946323134729,7.930756843800322,2.3752012882447664,
241,33.80971551261406,5.367686527106817,27.47584541062802,11.735104669887278,6.119162640901771,5.186527106816962,7.930756843800322,2.3752012882447664,
242,32.79656468062265,6.521739130434782,27.20746108427268,11.60762211486849,6.119162640901771,5.186527106816962,7.930756843800322,2.6301663982823404,
243,32.87707997852925,6.494900697799249,27.200751476113794,11.600912506709609,6.078904991948471,5.186527106816962,7.930756843800322,2.6301663982823404,
244,33.04482018250134,6.474771873322598,27.160493827160494,11.600912506709609,6.045356951154052,5.186527106816962,7.87037037037037,2.6167471819645733,
245,33.10520665593129,6.474771873322598,27.13365539452496,11.600912506709609,6.045356951154052,5.152979066022544,7.87037037037037,2.6167471819645733,
246,33.702361782071925,6.367418142780462,26.818303811057433,11.560654857756306,6.025228126677402,5.146269457863661,7.843531937734836,2.536231884057971,
247,33.66881374127751,6.347289318303811,26.529790660225444,11.560654857756306,6.367418142780462,5.146269457863661,7.843531937734836,2.536231884057971,
248,33.782877079978526,6.293612453032743,26.50966183574879,11.560654857756306,6.340579710144928,5.146269457863661,7.830112721417069,2.536231884057971,
249,33.943907675791735,6.293612453032743,26.435856146001072,11.473429951690822,6.340579710144928,5.146269457863661,7.830112721417069,2.536231884057971,
250,33.964036500268385,6.293612453032743,26.435856146001072,11.453301127214171,6.340579710144928,5.146269457863661,7.830112721417069,2.536231884057971,
251,34.01771336553945,6.293612453032743,26.37546967257112,11.533816425120772,6.333870101986044,5.0791733762748255,7.830112721417069,2.536231884057971,
252,34.044551798174986,6.286902844873859,26.35534084809447,11.533816425120772,6.333870101986044,5.0791733762748255,7.830112721417069,2.536231884057971,
253,34.306226516371446,6.286902844873859,26.160762211486848,11.386205045625335,6.320450885668277,5.314009661835748,7.7361782071927,2.4892646269457863,
254,34.634997316156735,6.260064412238325,26.04669887278583,11.265432098765432,6.266774020397209,5.314009661835748,7.729468599033816,2.4825550187869028,
255,34.78931830381106,6.233225979602791,26.04669887278583,11.137949543746645,6.266774020397209,5.314009661835748,7.729468599033816,2.4825550187869028,
256,34.82286634460547,6.219806763285024,25.825281803542673,11.137949543746645,6.474771873322598,5.314009661835748,7.722758990874933,2.4825550187869028,
257,34.86983360171766,6.219806763285024,25.811862587224905,11.137949543746645,6.468062265163715,5.314009661835748,7.695920558239399,2.4825550187869028,
258,34.94363929146538,6.219806763285024,25.811862587224905,11.137949543746645,6.468062265163715,5.287171229200215,7.648953301127214,2.4825550187869028,
259,34.957058507783145,6.219806763285024,25.811862587224905,11.124530327428879,6.468062265163715,5.287171229200215,7.648953301127214,2.4825550187869028,
260,35.057702630166396,6.219806763285024,25.711218464841654,11.124530327428879,6.468062265163715,5.287171229200215,7.648953301127214,2.4825550187869028,
261,35.17176596886742,6.179549114331723,25.711218464841654,11.124530327428879,6.454643048845948,5.287171229200215,7.588566827697263,2.4825550187869028,
262,35.19189479334407,6.172839506172839,25.583735909822867,11.124530327428879,6.642512077294686,5.287171229200215,7.588566827697263,2.408749329039184,
263,35.67498658078368,6.172839506172839,25.369028448738593,10.903113258185721,6.622383252818035,5.273752012882448,7.575147611379496,2.408749329039184,
264,35.768921095008054,6.146001073537305,25.335480407944175,10.896403650026839,6.622383252818035,5.273752012882448,7.548309178743962,2.408749329039184,
265,35.929951690821255,6.146001073537305,25.32206119162641,10.755501878690284,6.615673644659152,5.273752012882448,7.548309178743962,2.408749329039184,
266,35.279119699409556,5.428073000536768,27.006172839506174,10.715244229736983,6.582125603864735,5.038915727321524,7.541599570585078,2.408749329039184,
267,35.28582930756844,5.428073000536768,26.912238325281802,10.715244229736983,6.561996779388084,5.146269457863661,7.541599570585078,2.408749329039184,
268,35.339506172839506,5.428073000536768,26.89210950080515,10.7085346215781,6.561996779388084,5.146269457863661,7.514761137949543,2.408749329039184,
269,35.31266774020397,5.428073000536768,26.798174986580783,10.641438539989265,6.414385399892646,5.146269457863661,7.85024154589372,2.408749329039184,
270,35.33279656468062,5.428073000536768,26.798174986580783,10.628019323671497,6.414385399892646,5.139559849704777,7.85024154589372,2.408749329039184,
271,35.20531400966183,5.421363392377885,26.717659688674182,10.674986580783683,6.635802469135802,5.12614063338701,7.85024154589372,2.368491680085883,
272,35.28582930756844,5.347557702630167,26.65727321524423,10.668276972624799,6.629092860976919,5.12614063338701,7.917337627482555,2.368491680085883,
273,35.7487922705314,5.273752012882448,26.41572732152442,10.661567364465915,6.588835212023618,5.112721417069243,7.836822329575953,2.3617820719269993,
