,45,50,51,55,53,54,56,52,57,58,59,60
0,99.7987117552335,0.20128824476650564,,,,,,,,,,
1,86.96323134728932,13.036768652710682,,,,,,,,,,
2,84.19887278582931,12.533548040794418,3.2541599570585076,0.013419216317767043,,,,,,,,
3,69.77992485238862,26.939076757917338,3.193773483628556,0.08722490606548577,,,,,,,,
4,69.77321524422973,23.62453032742888,3.1870638754696725,0.11406333870101985,3.3011272141706924,,,,,,,
5,66.18357487922705,27.160493827160494,3.180354267310789,0.11406333870101985,3.2675791733762747,0.0939345142243693,,,,,,
6,66.03596349973162,27.241009125067094,3.180354267310789,0.20799785292538917,3.240740740740741,0.0939345142243693,,,,,,
7,56.045356951154055,37.915995705850776,2.509393451422437,0.19457863660762212,3.2206119162640903,0.0939345142243693,0.020128824476650563,,,,,
8,52.30810520665593,33.675523349436396,10.151637144390767,0.5568974771873323,3.193773483628556,0.0939345142243693,0.020128824476650563,,,,,
9,52.241009125067094,33.702361782071925,10.151637144390767,0.5568974771873323,3.193773483628556,0.0939345142243693,0.020128824476650563,0.040257648953301126,,,,
10,51.871980676328505,28.931830381105744,8.373590982286634,0.5300590445517982,3.1468062265163717,0.0939345142243693,0.36231884057971014,6.689479334406871,,,,
11,51.871980676328505,29.05931293612453,8.32662372517445,0.5300590445517982,3.066290928609769,0.0939345142243693,0.36231884057971014,6.642512077294686,0.04696725711218465,,,
12,51.98604401502952,28.972088030059044,8.205850778314547,0.6038647342995169,3.0059044551798175,0.0939345142243693,0.5703166935050993,6.515029522275899,0.04696725711218465,,,
13,51.60359634997316,29.314278046162105,8.246108427267847,0.6038647342995169,3.0059044551798175,0.0939345142243693,0.5703166935050993,6.515029522275899,0.04696725711218465,,,
14,46.26945786366076,27.657004830917874,15.22410091250671,0.7045088566827697,2.9388083735909825,0.0939345142243693,0.5501878690284487,6.515029522275899,0.04696725711218465,,,
15,46.256038647343,26.88539989264627,16.431830381105744,0.7514761137949544,2.898550724637681,0.0939345142243693,0.4025764895330113,6.233225979602791,0.04696725711218465,,,
16,44.85373054213634,29.66988727858293,14.472624798711756,0.7112184648416533,3.8311862587224907,,0.32877079978529256,6.085614600107354,0.04696725711218465,,,
17,44.98121309715513,29.502147074610843,14.472624798711756,0.7112184648416533,3.8177670424047236,0.08722490606548577,0.32877079978529256,6.052066559312936,0.04696725711218465,,,
18,40.183843263553406,35.72866344605475,12.942834138486312,0.6977992485238862,3.797638217928073,0.2214170692431562,0.32877079978529256,6.025228126677402,0.07380568974771873,,,
19,40.37842190016103,35.17176596886742,12.392646269457863,1.6639828234031133,3.7640901771336552,0.2214170692431562,0.32877079978529256,6.025228126677402,0.05367686527106817,,,
20,40.41867954911433,34.836285560923244,11.446591519055287,1.596886741814278,3.4017713365539453,0.2214170692431562,0.20128824476650564,7.85024154589372,0.026838432635534086,,,
21,39.85507246376812,35.31266774020397,11.426462694578637,1.7310789049919484,3.374932903918411,0.2214170692431562,0.20128824476650564,7.823403113258186,0.05367686527106817,,,
22,39.78797638217928,33.85668276972625,11.345947396672035,1.710950080515298,4.924852388620504,0.2214170692431562,0.30864197530864196,7.7898550724637685,0.05367686527106817,,,
23,39.90874932903918,33.74932903918411,11.272141706924316,1.710950080515298,4.918142780461621,0.2214170692431562,0.30864197530864196,7.863660762211487,0.04696725711218465,,,
24,37.17122920021471,31.28690284487386,19.96779388083736,0.644122383252818,5.226784755770263,0.2214170692431562,0.2616747181964573,5.032206119162641,0.1878690284487386,,,
25,28.073000536768653,42.73349436392915,19.860440150295222,1.2748255501878691,3.3413848631239937,0.24825550187869028,0.2616747181964573,4.019055287171229,0.1878690284487386,,,
26,28.24074074074074,42.51207729468599,19.83360171765969,1.5499194847020934,3.3413848631239937,0.24825550187869028,0.2616747181964573,3.824476650563607,0.1878690284487386,,,
27,27.395330112721417,41.706924315619965,21.296296296296298,1.7310789049919484,3.33467525496511,0.27509393451422437,0.2616747181964573,3.81105743424584,0.1878690284487386,,,
28,27.556360708534623,41.46537842190016,21.276167471819647,1.7713365539452497,3.33467525496511,0.3757380568974772,0.2616747181964573,3.770799785292539,0.1878690284487386,,,
29,23.960010735373054,43.53864734299517,22.799248523886206,1.7713365539452497,3.33467525496511,0.3757380568974772,0.2616747181964573,3.770799785292539,0.1878690284487386,,,
30,24.04723564143854,42.028985507246375,22.403381642512077,1.724369296833065,5.213365539452496,0.3757380568974772,0.2952227589908749,3.7238325281803544,0.1878690284487386,,,
31,21.886741814278047,44.135802469135804,18.92109500805153,1.3754696725711217,4.750402576489533,0.2147074610842727,0.2952227589908749,8.232689210950081,0.1878690284487386,,,
32,22.249060654857757,43.78019323671498,18.84728931830381,1.5432098765432098,4.723564143853999,0.2147074610842727,0.2952227589908749,8.158883521202362,0.1878690284487386,,,
33,22.14170692431562,41.51905528717123,21.544551798174986,1.5230810520665594,4.884594739667204,0.2147074610842727,0.4830917874396135,7.501341921631776,0.1878690284487386,,,
34,22.020933977455716,38.84192163177671,24.973161567364468,1.3352120236178207,3.535963499731616,1.1003757380568975,0.5636070853462157,7.440955448201825,0.1878690284487386,,,
35,22.282608695652176,38.6808910359635,24.745034889962426,1.4559849704777241,3.3816425120772946,1.221148684916801,0.6172839506172839,7.427536231884058,0.1878690284487386,,,
36,22.624798711755233,38.486312399355874,24.496779388083738,1.482823403113258,3.321256038647343,1.1943102522812667,0.7783145464304885,7.427536231884058,0.1878690284487386,,,
37,23.00053676865271,37.567096081588836,24.255233494363928,2.1806226516371443,3.307836822329576,1.1943102522812667,0.8789586688137413,7.427536231884058,0.1878690284487386,,,
38,21.349973161567366,36.94981213097155,31.132581857219538,1.8451422436929683,2.9253891572732154,1.1137949543746646,1.3553408480944713,3.3279656468062266,,,,
39,21.4573268921095,36.8894256575416,30.971551261406333,1.9390767579173376,2.9253891572732154,1.1137949543746646,1.3888888888888888,3.3145464304884595,,,,
40,14.351851851851851,47.73215244229737,27.677133655394524,1.8518518518518519,2.623456790123457,0.9930220075147611,1.4559849704777241,3.3145464304884595,,,,
41,14.63365539452496,46.92028985507246,26.442565754159958,1.9994632313472893,4.522275899087493,0.9796027911969941,1.1876006441223832,3.3145464304884595,,,,
42,14.928878153515834,46.14868491680086,25.85882984433709,3.0595813204508855,4.663177670424047,0.9728931830381106,1.1876006441223832,3.180354267310789,,,,
43,15.136876006441224,46.0077831454643,25.764895330112722,3.079710144927536,4.656468062265164,0.9728931830381106,1.2010198604401503,3.180354267310789,,,,
44,13.989533011272142,45.793075684380035,27.576489533011273,3.0864197530864197,4.5960815888352125,0.9728931830381106,1.3352120236178207,2.6502952227589907,,,,
45,14.170692431561998,45.50456253354804,27.449006977992486,3.240740740740741,4.5960815888352125,1.0534084809447128,1.3352120236178207,2.6502952227589907,,,,
46,14.190821256038648,41.06280193236715,32.56172839506173,3.0327428878153517,4.549114331723027,1.0466988727858293,0.9057971014492754,2.6502952227589907,,,,
47,14.325013419216317,40.86151368760064,32.47450348899624,2.999194847020934,4.49543746645196,1.1205045625335481,1.0735373054213635,2.6502952227589907,,,,
48,14.573268921095009,40.673644659151904,32.35373054213634,2.9723564143853998,4.582662372517445,1.1205045625335481,1.0735373054213635,2.6502952227589907,,,,
49,13.761406333870102,33.111916264090176,43.243424584004295,1.7579173376274826,3.4151905528717124,1.0466988727858293,1.0735373054213635,2.589908749329039,,,,
50,13.942565754159958,32.91733762748255,43.02871712292002,1.7579173376274826,3.643317230273752,1.0466988727858293,1.0735373054213635,2.589908749329039,,,,
51,14.143853998926463,32.54830917874396,42.693236714975846,2.006172839506173,3.730542136339238,1.0466988727858293,1.2546967257112185,2.576489533011272,,,,
52,13.868760064412239,31.910896403650028,45.40391841116479,2.01959205582394,1.6438539989264627,1.0466988727858293,1.5297906602254427,2.462426194310252,,0.11406333870101985,,
53,14.04320987654321,31.830381105743424,45.07514761137949,2.1940418679549114,1.6438539989264627,1.0466988727858293,1.6035963499731616,2.4154589371980677,0.03354804079441761,0.11406333870101985,,
54,14.204240472356414,31.676060118089104,44.85373054213634,2.314814814814815,1.6438539989264627,1.0466988727858293,1.6975308641975309,2.4154589371980677,0.03354804079441761,0.11406333870101985,,
55,14.38539989264627,31.4747718733226,44.73966720343532,2.4221685453569513,1.6438539989264627,1.0466988727858293,1.7310789049919484,2.408749329039184,0.03354804079441761,0.11406333870101985,,
56,12.399355877616747,29.280730005367687,49.584004294149224,2.38191089640365,1.6438539989264627,1.0466988727858293,1.133923778851315,2.38191089640365,0.03354804079441761,0.11406333870101985,,
57,12.620772946859903,29.220343531937736,49.3491680085883,2.4355877616747184,1.6304347826086956,1.0466988727858293,1.1674718196457328,2.38191089640365,0.03354804079441761,0.11406333870101985,,
58,12.681159420289855,27.30810520665593,51.851851851851855,2.38191089640365,1.4895330112721417,1.0064412238325282,1.3553408480944713,1.778046162104133,0.03354804079441761,0.11406333870101985,,
59,12.97638217928073,27.15378421900161,51.66398282340311,2.3550724637681157,1.482823403113258,1.0064412238325282,1.4492753623188406,1.7646269457863661,0.03354804079441761,0.11406333870101985,,
60,13.191089640365004,27.03972088030059,51.469404186795494,2.4490069779924855,1.482823403113258,1.0064412238325282,1.4492753623188406,1.7646269457863661,0.03354804079441761,0.11406333870101985,,
61,13.593666129898015,26.932367149758456,51.1808910359635,2.3886205045625335,1.5297906602254427,1.0064412238325282,1.4761137949543746,1.7444981213097155,0.03354804079441761,0.11406333870101985,,
62,13.79495437466452,26.85185185185185,50.71121846484165,2.3886205045625335,1.5297906602254427,1.0064412238325282,1.8518518518518519,1.7176596886741815,0.03354804079441761,0.11406333870101985,,
63,13.989533011272142,26.710950080515296,50.4898013955985,2.4825550187869028,1.5230810520665594,1.0064412238325282,1.932367149758454,1.7176596886741815,0.03354804079441761,0.11406333870101985,,
64,14.123725174449811,26.663982823403114,50.18115942028985,2.509393451422437,1.5432098765432098,1.0064412238325282,2.1068169618894257,1.7176596886741815,0.03354804079441761,0.11406333870101985,,
65,14.351851851851851,26.435856146001072,49.8389694041868,2.657004830917874,1.5432098765432098,1.0064412238325282,2.301395598497048,1.7176596886741815,0.03354804079441761,0.11406333870101985,,
66,13.868760064412239,26.073537305421365,45.249597423510465,2.5496511003757383,1.1607622114868492,1.093666129898014,1.9122383252818036,7.944176060118089,0.03354804079441761,0.11406333870101985,,
67,14.15727321524423,26.04669887278583,44.99463231347289,2.6033279656468062,1.1540526033279657,1.093666129898014,1.892109500805153,7.897208803005904,0.026838432635534086,0.13419216317767044,,
68,14.318303811057435,25.939345142243692,43.84728931830381,2.677133655394525,2.1068169618894257,1.06682769726248,2.1135265700483092,7.742887815351583,0.05367686527106817,0.13419216317767044,,
69,14.418947933440688,25.89908749329039,43.29039184111648,2.677133655394525,2.0128824476650564,1.093666129898014,2.6033279656468062,7.695920558239399,0.05367686527106817,0.2549651100375738,,
70,14.445786366076222,25.254965110037574,43.10923242082662,2.5831991411701556,2.9119699409554483,1.093666129898014,2.623456790123457,7.635534084809447,0.05367686527106817,0.2885131508319914,,
71,14.298174986580785,24.335748792270532,36.99677938808374,2.5429414922168547,2.6838432635534084,1.093666129898014,2.589908749329039,15.116747181964573,0.05367686527106817,0.2885131508319914,,
72,14.418947933440688,24.228395061728396,36.94981213097155,2.5429414922168547,2.6637144390767578,1.1607622114868492,2.589908749329039,15.063070316693505,0.0939345142243693,0.2885131508319914,,
73,14.533011272141707,24.194847020933977,36.68142780461621,2.6838432635534084,2.6637144390767578,1.1473429951690821,2.677133655394525,15.03623188405797,0.0939345142243693,0.2885131508319914,,
74,14.781266774020397,24.033816425120772,36.580783682232955,2.6838432635534084,2.6502952227589907,1.133923778851315,2.7442297369833604,15.009393451422437,0.0939345142243693,0.2885131508319914,,
75,14.888620504562533,24.00697799248524,36.50697799248524,2.6838432635534084,2.636876006441224,1.133923778851315,2.7844873859366612,14.97584541062802,0.0939345142243693,0.2885131508319914,,
76,14.969135802469136,23.758722490606548,40.673644659151904,2.6704240472356413,2.509393451422437,1.1607622114868492,3.3480944712828773,10.527375201288244,0.0939345142243693,0.2885131508319914,,
77,15.237520128824476,23.63123993558776,40.27777777777778,2.7442297369833604,2.509393451422437,1.1607622114868492,3.569511540526033,10.44015029522276,0.14090177133655393,0.2885131508319914,,
78,15.4723564143854,23.60440150295223,39.89533011272142,2.8515834675254963,2.509393451422437,1.1607622114868492,3.7037037037037037,10.373054213633925,0.14090177133655393,0.2885131508319914,,
79,10.567632850241546,24.993290391841118,37.03032742887815,2.536231884057971,2.3349436392914655,0.9393451422436929,3.3145464304884595,17.85426731078905,0.14090177133655393,0.2885131508319914,,
80,10.735373054213634,24.832259796027913,36.28556092324208,3.515834675254965,2.328234031132582,0.9728931830381106,3.260869565217391,17.639559849704778,0.14090177133655393,0.2885131508319914,,
81,10.715244229736983,24.745034889962426,35.869565217391305,3.5091250670960816,2.328234031132582,0.9728931830381106,3.656736446591519,17.659688674181428,0.2214170692431562,0.322061191626409,,
82,9.749060654857756,22.041062801932366,39.16398282340311,3.3279656468062266,3.7640901771336552,0.7648953301127214,3.643317230273752,17.05582393988191,0.2147074610842727,0.27509393451422437,,
83,10.02415458937198,21.900161030595815,39.12372517444981,3.44873859366613,3.6500268384326353,0.7648953301127214,3.643317230273752,16.99543746645196,0.2147074610842727,0.23483628556092323,,
84,10.265700483091788,21.866612989801396,38.868760064412236,3.4286097691894795,3.5829307568438002,0.7581857219538379,3.824476650563607,16.921631776704242,0.24825550187869028,0.23483628556092323,,
85,10.581052066559312,21.64519592055824,38.61379495437466,3.5628019323671496,3.5829307568438002,0.8856682769726248,3.750670960815888,16.894793344068706,0.24825550187869028,0.23483628556092323,,
86,10.748792270531402,20.316693505099302,38.459473966720346,3.5628019323671496,3.569511540526033,2.657004830917874,3.8311862587224907,16.371443907675793,0.24825550187869028,0.23483628556092323,,
87,10.93666129898014,20.182501341921633,38.36553945249597,3.6902844873859366,3.549382716049383,2.657004830917874,3.8311862587224907,16.304347826086957,0.24825550187869028,0.23483628556092323,,
88,11.044015029522276,19.98792270531401,38.197799248523886,3.824476650563607,3.4420289855072466,2.885131508319914,3.8848631239935587,16.25067096081589,0.24825550187869028,0.23483628556092323,,
89,11.023886205045626,19.847020933977454,37.19806763285024,3.824476650563607,3.2474503488996245,3.9989264626945786,4.488727858293076,15.888352120236178,0.24825550187869028,0.23483628556092323,,
90,11.305689747718732,19.719538378958667,36.95652173913044,4.05931293612453,3.2340311325818574,3.978797638217928,4.488727858293076,15.780998389694043,0.24825550187869028,0.2281266774020397,,
91,11.466720343531938,19.699409554482017,36.87600644122383,4.05931293612453,3.2340311325818574,3.9452495974235107,4.4753086419753085,15.734031132581856,0.24825550187869028,0.2281266774020397,0.03354804079441761,
92,10.607890499194847,19.592055823939884,40.23752012882448,4.025764895330113,3.388352120236178,3.9452495974235107,3.670155662909286,14.023081052066559,0.24825550187869028,0.2281266774020397,0.03354804079441761,
93,10.748792270531402,19.02173913043478,38.137412775093935,3.9184111647879765,3.6768652710681695,4.0995705850778315,3.8378958668813743,16.022544283413847,0.27509393451422437,0.2281266774020397,0.03354804079441761,
94,11.030595813204508,18.90096618357488,37.96967257112185,3.9452495974235107,3.5963499731615673,4.072732152442297,3.9855072463768115,15.92860976918948,0.30864197530864196,0.2281266774020397,0.03354804079441761,
95,11.104401502952227,18.773483628556093,37.72812667740204,4.2203435319377345,3.5829307568438002,4.019055287171229,4.341116478797638,15.660225442834138,0.30864197530864196,0.2281266774020397,0.03354804079441761,
96,11.05072463768116,16.97530864197531,37.27858293075684,3.8177670424047236,3.5628019323671496,4.005636070853462,4.28743961352657,18.451422436929683,0.30864197530864196,0.2281266774020397,0.03354804079441761,
97,11.218464841653248,16.941760601180892,37.164519592055825,3.824476650563607,3.5628019323671496,3.978797638217928,4.38137412775094,18.33064949006978,0.33548040794417605,0.2281266774020397,0.03354804079441761,
98,11.574074074074074,16.834406870638755,36.95652173913044,3.9184111647879765,3.556092324208266,3.9519592055823938,4.40150295222759,18.183038110574344,0.36231884057971014,0.2281266774020397,0.03354804079441761,
99,11.714975845410628,16.794149221685455,36.87600644122383,3.8915727321524423,3.556092324208266,3.9855072463768115,4.40150295222759,18.156199677938808,0.36231884057971014,0.2281266774020397,0.03354804079441761,
100,11.768652710681696,16.6532474503489,36.72168545356951,4.019055287171229,3.5628019323671496,3.9855072463768115,4.5893719806763285,18.00858829844337,0.4294149221685454,0.2281266774020397,0.03354804079441761,
101,11.963231347289318,16.532474503488995,36.64787976382179,4.019055287171229,3.5628019323671496,4.019055287171229,4.575952764358561,17.98845947396672,0.4294149221685454,0.2281266774020397,0.03354804079441761,
102,10.560923242082662,12.667740203972087,48.03408480944713,3.1870638754696725,3.0595813204508855,3.9184111647879765,4.072732152442297,13.902308105206655,0.2616747181964573,0.2683843263553409,0.06709608158883522,
103,10.621309715512615,12.600644122383253,47.34970477724101,3.2474503488996245,3.0595813204508855,4.851046698872786,4.092860976918948,13.526570048309178,0.3153515834675255,0.2683843263553409,0.06709608158883522,
104,9.722222222222221,16.935050993022006,43.605743424584006,2.677133655394525,2.1135265700483092,3.8714439076757916,4.012345679012346,16.512345679012345,0.36231884057971014,0.13419216317767044,0.05367686527106817,
105,10.071121846484166,16.867954911433173,43.484970477724104,2.6637144390767578,2.059849704777241,3.8580246913580245,4.045893719806763,16.371443907675793,0.36231884057971014,0.1610305958132045,0.05367686527106817,
106,10.292538915727322,16.552603327965645,42.90794417606012,3.361513687600644,2.059849704777241,3.643317230273752,4.327697262479871,16.27750939345142,0.36231884057971014,0.1610305958132045,0.05367686527106817,
107,10.715244229736983,16.384863123993558,41.82769726247987,3.475577026301664,2.046430488459474,3.6231884057971016,5.287171229200215,16.06280193236715,0.36231884057971014,0.1610305958132045,0.05367686527106817,
108,10.93666129898014,16.344605475040257,41.75389157273215,3.44873859366613,2.046430488459474,3.6097691894793345,5.287171229200215,15.995705850778315,0.36231884057971014,0.1610305958132045,0.05367686527106817,
109,11.09098228663446,16.19699409554482,41.67337627482555,3.556092324208266,2.046430488459474,3.6097691894793345,5.280461621041331,15.83467525496511,0.49651100375738055,0.1610305958132045,0.05367686527106817,
110,11.460010735373054,16.035963499731615,41.46537842190016,4.200214707461084,2.046430488459474,3.556092324208266,5.0993022007514766,15.438808373590982,0.49651100375738055,0.14761137949543746,0.05367686527106817,
111,11.446591519055287,15.096618357487923,41.2842190016103,5.260332796564681,2.059849704777241,3.515834675254965,5.199946323134729,15.324745034889963,0.5703166935050993,0.14761137949543746,0.0939345142243693,
112,11.647879763821793,15.056360708534621,40.68035426731079,5.260332796564681,2.059849704777241,3.5091250670960816,5.736714975845411,15.237520128824476,0.5703166935050993,0.14761137949543746,0.0939345142243693,
113,11.822329575952764,15.002683843263553,40.45893719806763,5.3274288781535155,2.046430488459474,3.5426731078904994,5.803811057434245,15.183843263553408,0.5703166935050993,0.14761137949543746,0.0939345142243693,
114,11.98336017176597,14.969135802469136,40.351583467525494,5.287171229200215,1.9860440150295222,3.5426731078904994,5.9514224369296835,15.029522275899087,0.6038647342995169,0.20128824476650564,0.0939345142243693,
115,12.157809983896941,14.969135802469136,40.01610305958132,5.146269457863661,1.9860440150295222,3.6500268384326353,6.146001073537305,15.029522275899087,0.6038647342995169,0.20128824476650564,0.0939345142243693,
116,12.473161567364466,14.928878153515834,39.741009125067094,5.159688674181428,2.01959205582394,3.629898013955985,6.159420289855072,14.9020397208803,0.6910896403650026,0.20128824476650564,0.0939345142243693,
117,12.573805689747719,14.76784755770263,39.680622651637144,5.112721417069243,1.9793344068706387,3.6231884057971016,6.447933440687064,14.828234031132581,0.6910896403650026,0.20128824476650564,0.0939345142243693,
118,12.949543746645196,14.700751476113794,39.21765968867418,5.0993022007514766,1.9726247987117553,3.730542136339238,6.602254428341385,14.754428341384862,0.6910896403650026,0.20128824476650564,0.08051529790660225,
119,13.39237788513151,14.660493827160494,38.90230810520666,5.072463768115942,1.9726247987117553,3.730542136339238,6.575415995705851,14.761137949543746,0.6910896403650026,0.20128824476650564,0.040257648953301126,
120,11.79549114331723,14.566559312936125,46.947128287708,6.132581857219538,1.9860440150295222,2.945517981749866,3.5829307568438002,11.11111111111111,0.6910896403650026,0.20128824476650564,0.040257648953301126,
121,12.097423510466989,14.533011272141707,46.71229200214707,6.052066559312936,1.9860440150295222,2.918679549114332,3.656736446591519,11.11111111111111,0.6910896403650026,0.20128824476650564,0.040257648953301126,
122,12.426194310252281,14.42565754159957,46.464036500268385,6.038647342995169,1.9726247987117553,2.918679549114332,3.7238325281803544,11.097691894793345,0.6910896403650026,0.20128824476650564,0.040257648953301126,
123,12.04374664519592,13.633923778851315,46.141975308641975,5.9447128287707995,5.864197530864198,2.9052603327965647,3.7372517444981215,8.796296296296296,0.6910896403650026,0.20128824476650564,0.040257648953301126,
124,11.768652710681696,13.687600644122384,48.91975308641975,5.9447128287707995,5.146269457863661,2.442297369833602,3.556092324208266,7.85024154589372,0.5434782608695652,0.12077294685990338,0.020128824476650563,
125,11.916264090177133,13.667471819645733,48.752012882447666,5.971551261406334,5.0791733762748255,2.4020397208803006,3.6231884057971016,7.85024154589372,0.5971551261406334,0.12077294685990338,0.020128824476650563,
126,12.084004294149223,13.620504562533547,48.70504562533548,5.971551261406334,5.038915727321524,2.395330112721417,3.6231884057971016,7.823403113258186,0.5971551261406334,0.12077294685990338,0.020128824476650563,
127,12.265163714439076,13.573537305421363,48.50375738056898,6.018518518518518,5.025496511003757,2.395330112721417,3.656736446591519,7.823403113258186,0.5971551261406334,0.12077294685990338,0.020128824476650563,
128,12.399355877616747,13.560118089103597,48.31588835212023,6.132581857219538,4.978529253891573,2.395330112721417,3.643317230273752,7.729468599033816,0.7045088566827697,0.12077294685990338,0.020128824476650563,
129,12.674449812130971,13.486312399355878,48.101180891035966,6.132581857219538,4.8443370907139025,2.395330112721417,3.7909286097691894,7.729468599033816,0.7045088566827697,0.12077294685990338,0.020128824476650563,
130,12.795222758990874,13.47289318303811,47.40338164251208,6.132581857219538,5.488459473966721,2.509393451422437,3.7640901771336552,7.601986044015029,0.6910896403650026,0.12077294685990338,0.020128824476650563,
131,12.882447665056361,13.47289318303811,47.26247987117552,6.1929683306494905,5.488459473966721,2.509393451422437,3.7573805689747717,7.601986044015029,0.6910896403650026,0.12077294685990338,0.020128824476650563,
132,12.533548040794418,13.177670424047236,44.96779388083736,6.0587761674718195,5.488459473966721,2.3886205045625335,3.864734299516908,10.735373054213634,0.6709608158883521,0.0939345142243693,0.020128824476650563,
133,11.647879763821793,10.983628556092324,51.2614063338701,5.924584004294149,3.911701556629093,2.341653247450349,3.851315083199141,9.373322597960279,0.5904455179817498,0.0939345142243693,0.020128824476650563,
134,11.949812130971551,10.889694041867955,50.24825550187869,5.850778314546431,4.7638217928073,2.341653247450349,3.9184111647879765,9.333064949006978,0.5904455179817498,0.0939345142243693,0.020128824476650563,
135,12.238325281803542,10.84272678475577,50.06038647342995,5.850778314546431,4.783950617283951,2.341653247450349,3.938539989264627,9.23913043478261,0.5904455179817498,0.0939345142243693,0.020128824476650563,
136,11.956521739130435,10.829307568438002,46.69216317767042,5.803811057434245,9.192163177670425,2.341653247450349,4.005636070853462,8.474235104669887,0.5904455179817498,0.0939345142243693,0.020128824476650563,
137,12.177938808373591,10.715244229736983,46.51100375738057,5.723295759527644,9.306226516371444,2.408749329039184,4.025764895330113,8.393719806763285,0.6239935587761675,0.0939345142243693,0.020128824476650563,
138,12.338969404186795,10.715244229736983,46.43048845947396,5.857487922705314,9.098228663446054,2.408749329039184,4.106280193236715,8.279656468062266,0.6239935587761675,0.0939345142243693,0.04696725711218465,
139,12.493290391841116,10.587761674718196,46.02120236178207,5.763553408480945,9.084809447128288,2.965646806226516,4.05931293612453,8.225979602791197,0.6575415995705851,0.0939345142243693,0.04696725711218465,
140,12.694578636607622,9.842995169082126,45.48443370907139,5.958132045088567,8.984165324745035,3.898282340311326,4.086151368760064,8.252818035426731,0.6575415995705851,0.0939345142243693,0.04696725711218465,
141,12.842190016103059,9.842995169082126,45.26301663982824,6.045356951154052,8.957326892109501,3.8915727321524423,4.119699409554482,8.239398819108963,0.6575415995705851,0.0939345142243693,0.04696725711218465,
142,12.915995705850777,9.822866344605474,44.900697799248526,5.683038110574342,8.950617283950617,4.622920021470746,4.052603327965647,8.172302737520129,0.7380568974771873,0.0939345142243693,0.04696725711218465,
143,11.849168008588299,9.702093397745571,48.718464841653244,4.575952764358561,7.991143317230274,4.569243156199678,4.019055287171229,7.5281803542673105,0.7380568974771873,0.2281266774020397,0.08051529790660225,
144,9.373322597960279,6.595544820182502,57.88378958668814,4.851046698872786,7.085346215780999,2.8247450348899625,3.7104133118625873,6.622383252818035,0.7112184648416533,0.2147074610842727,0.1274825550187869,
145,9.634997316156737,6.515029522275899,57.367149758454104,4.8443370907139025,7.152442297369833,2.7844873859366612,4.079441760601181,6.568706387546968,0.7112184648416533,0.2147074610842727,0.1274825550187869,
146,9.816156736446592,6.515029522275899,56.92431561996779,5.018786902844874,7.058507783145465,2.8650026838432634,4.206924315619967,6.541867954911433,0.7112184648416533,0.2147074610842727,0.1274825550187869,
147,10.017444981213098,6.407675791733762,56.74986580783682,5.179817498658078,7.004830917874396,2.8650026838432634,4.206924315619967,6.488191089640365,0.7380568974771873,0.2147074610842727,0.1274825550187869,
148,10.104669887278583,6.387546967257112,56.655931293612454,5.139559849704777,7.058507783145465,2.8650026838432634,4.240472356414386,6.4345142243692965,0.7716049382716049,0.2147074610842727,0.1274825550187869,
149,10.36634460547504,6.286902844873859,56.434514224369295,5.112721417069243,6.9310252281266775,2.818035426731079,4.388083735909823,6.4345142243692965,0.7716049382716049,0.32877079978529256,0.1274825550187869,
150,10.319377348362856,4.817498658078368,56.105743424584006,4.2203435319377345,6.91760601180891,2.657004830917874,4.609500805152979,9.23913043478261,0.6575415995705851,0.32877079978529256,0.1274825550187869,
151,10.601180891035963,4.750402576489533,55.23349436392915,4.8443370907139025,6.857219538378959,2.657004830917874,4.730273752012883,9.198872785829307,0.6575415995705851,0.3421900161030596,0.1274825550187869,
152,10.775630703166936,4.723564143853999,54.64975845410628,4.797369833601718,6.857219538378959,2.657004830917874,5.314009661835748,9.111647879763822,0.6575415995705851,0.32877079978529256,0.1274825550187869,
153,10.93666129898014,4.703435319377348,54.01905528717123,5.24020397208803,6.541867954911433,2.9790660225442833,5.495169082125604,8.984165324745035,0.6575415995705851,0.32877079978529256,0.11406333870101985,
154,11.178207192699947,4.703435319377348,53.7037037037037,5.24020397208803,6.521739130434782,2.9790660225442833,5.662909286097692,8.910359634997317,0.6575415995705851,0.32877079978529256,0.11406333870101985,
155,11.392914653784219,4.616210413311863,53.29441760601181,5.367686527106817,6.481481481481482,2.9790660225442833,5.911164787976382,8.856682769726248,0.6575415995705851,0.32877079978529256,0.11406333870101985,
156,11.56736446591519,4.616210413311863,52.85829307568438,5.4616210413311865,6.575415995705851,3.180354267310789,5.877616747181965,8.76274825550188,0.6575415995705851,0.32877079978529256,0.11406333870101985,
157,10.82259796027912,4.012345679012346,56.387546967257116,5.018786902844874,5.421363392377885,3.079710144927536,5.407944176060118,8.695652173913043,0.7112184648416533,0.32877079978529256,0.11406333870101985,
158,11.017176596886742,4.012345679012346,56.07890499194847,4.985238862050457,5.421363392377885,3.079710144927536,5.562265163714439,8.68894256575416,0.7112184648416533,0.32877079978529256,0.11406333870101985,
159,11.29898013955985,4.005636070853462,55.59581320450886,4.985238862050457,5.394524959742351,3.079710144927536,5.709876543209877,8.635265700483092,0.8521202361782072,0.32877079978529256,0.11406333870101985,
160,11.493558776167472,3.9855072463768115,55.414653784219,5.018786902844874,5.360976918947934,3.079710144927536,5.783682232957595,8.568169618894256,0.8521202361782072,0.32877079978529256,0.11406333870101985,
161,10.674986580783683,3.603059581320451,59.47396672034353,4.683306494900698,6.367418142780462,1.7914653784219001,5.528717122920021,6.468062265163715,0.966183574879227,0.32877079978529256,0.11406333870101985,
162,10.72866344605475,3.589640365002684,56.998121309715515,7.212828770799785,6.367418142780462,1.7042404723564144,5.555555555555555,6.4345142243692965,0.966183574879227,0.32877079978529256,0.11406333870101985,
163,10.970209339774557,3.549382716049383,56.454643048845945,7.078636607622115,6.360708534621578,2.006172839506173,5.904455179817498,6.266774020397209,0.966183574879227,0.32877079978529256,0.11406333870101985,
164,11.41304347826087,3.515834675254965,55.95813204508857,7.125603864734299,6.3137412775093935,2.006172839506173,5.904455179817498,6.1929683306494905,1.1272141706924315,0.32877079978529256,0.11406333870101985,
165,11.52710681696189,3.488996242619431,55.844068706387546,7.0450885668276975,6.3070316693505095,2.147074610842727,5.797101449275362,6.1929683306494905,1.2077294685990339,0.32877079978529256,0.11406333870101985,
166,11.66129898013956,3.4420289855072466,55.522007514761135,7.098765432098766,6.4412238325281805,2.1403650026838434,5.864197530864198,6.1862587224906065,1.2010198604401503,0.32877079978529256,0.11406333870101985,
167,11.943102522812667,3.4286097691894795,55.22007514761138,7.071926999463232,6.515029522275899,2.13365539452496,5.850778314546431,6.152710681696189,1.2010198604401503,0.32877079978529256,0.14761137949543746,0.0067096081588835215
168,12.157809983896941,3.3548040794417604,55.193236714975846,7.071926999463232,6.488191089640365,2.100107353730542,5.891035963499732,6.072195383789587,1.1876006441223832,0.32877079978529256,0.14761137949543746,0.0067096081588835215
169,12.372517444981213,3.3548040794417604,55.119431025228124,7.03166935050993,6.468062265163715,2.0531400966183573,5.864197530864198,6.072195383789587,1.1808910359634996,0.32877079978529256,0.14761137949543746,0.0067096081588835215
170,12.345679012345679,3.307836822329576,57.971014492753625,4.703435319377348,6.105743424584004,2.1135265700483092,5.83064949006978,6.045356951154052,1.1808910359634996,0.2281266774020397,0.16774020397208803,
171,11.98336017176597,3.307836822329576,49.094202898550726,4.2203435319377345,5.609232420826624,1.9457863660762211,5.662909286097692,16.659957058507782,1.1205045625335481,0.2281266774020397,0.16774020397208803,
172,12.258454106280194,3.294417606011809,48.65807836822329,4.2203435319377345,5.562265163714439,2.01959205582394,5.911164787976382,16.358024691358025,1.2949543746645196,0.2549651100375738,0.16774020397208803,
173,12.493290391841116,3.294417606011809,48.46349973161568,4.2203435319377345,5.542136339237788,2.01959205582394,5.924584004294149,16.324476650563607,1.2949543746645196,0.2549651100375738,0.16774020397208803,
174,12.620772946859903,3.2675791733762747,48.20182501341922,4.193505099302201,5.542136339237788,2.0128824476650564,6.179549114331723,16.23725174449812,1.3217928073000538,0.2549651100375738,0.16774020397208803,
175,12.76838432635534,3.227321524422974,47.87976382179281,4.133118625872249,5.488459473966721,2.38191089640365,6.159420289855072,16.203703703703702,1.3352120236178207,0.2549651100375738,0.16774020397208803,
176,12.889157273215245,3.2139023081052067,47.68518518518518,4.086151368760064,5.542136339237788,2.38191089640365,6.481481481481482,15.935319377348362,1.3620504562533549,0.2549651100375738,0.16774020397208803,
177,13.150831991411701,3.2139023081052067,47.51073537305421,4.066022544283414,5.508588298443371,2.38191089640365,6.494900697799249,15.895061728395062,1.3620504562533549,0.24825550187869028,0.16774020397208803,
178,13.39237788513151,3.1870638754696725,47.30273752012882,3.9855072463768115,5.4616210413311865,2.395330112721417,6.629092860976919,15.734031132581856,1.4962426194310252,0.24825550187869028,0.16774020397208803,
179,13.627214170692431,3.1870638754696725,46.97396672034353,4.066022544283414,5.448201825013419,2.408749329039184,6.790123456790123,15.58641975308642,1.4962426194310252,0.24825550187869028,0.16774020397208803,
180,13.761406333870102,3.1870638754696725,46.812936124530324,4.066022544283414,5.428073000536768,2.408749329039184,6.890767579173376,15.505904455179817,1.5297906602254427,0.24154589371980675,0.16774020397208803,
181,13.774825550187868,3.1870638754696725,46.49087493290392,3.844605475040258,5.401234567901234,2.952227589908749,6.957863660762212,15.432098765432098,1.5499194847020934,0.24154589371980675,0.16774020397208803,
182,13.90901771336554,3.1870638754696725,46.31642512077295,4.005636070853462,5.401234567901234,2.9790660225442833,6.957863660762212,15.344873859366613,1.4895330112721417,0.24154589371980675,0.16774020397208803,
183,14.056629092860977,3.1870638754696725,46.06816961889426,4.005636070853462,5.401234567901234,3.012614063338701,7.071926999463232,15.297906602254429,1.4895330112721417,0.24154589371980675,0.16774020397208803,
184,13.285024154589372,2.509393451422437,48.91975308641975,3.7104133118625873,5.119431025228127,2.9589371980676327,6.535158346752549,15.136876006441224,1.415727321524423,0.24154589371980675,0.16774020397208803,
185,13.419216317767042,2.509393451422437,48.86607622114869,3.7238325281803544,5.119431025228127,2.9589371980676327,6.461352657004831,14.861782071927,1.6706924315619969,0.24154589371980675,0.16774020397208803,
186,13.6406333870102,2.509393451422437,48.64465915190553,3.69699409554482,5.0791733762748255,2.9589371980676327,6.642512077294686,14.680622651637144,1.7646269457863661,0.2147074610842727,0.16774020397208803,
187,13.942565754159958,2.49597423510467,48.309178743961354,3.851315083199141,5.038915727321524,2.9589371980676327,6.662640901771336,14.61352657004831,1.7444981213097155,0.2147074610842727,0.16774020397208803,
188,14.070048309178745,2.49597423510467,48.22195383789587,3.8378958668813743,5.072463768115942,2.952227589908749,6.649221685453569,14.55984970477724,1.7579173376274826,0.2147074610842727,0.16774020397208803,
189,14.257917337627482,2.4825550187869028,48.047504025764894,3.8177670424047236,5.059044551798175,3.079710144927536,6.5485775630703165,14.620236178207193,1.7042404723564144,0.2147074610842727,0.16774020397208803,
190,14.533011272141707,2.4691358024691357,47.85292538915727,3.81105743424584,5.025496511003757,3.079710144927536,6.535158346752549,14.61352657004831,1.6975308641975309,0.2147074610842727,0.16774020397208803,
191,14.231078904991948,2.4221685453569513,49.23510466988728,3.683574879227053,4.7101449275362315,3.0730005367686526,6.1862587224906065,14.351851851851851,1.724369296833065,0.2147074610842727,0.16774020397208803,
192,14.38539989264627,2.4221685453569513,49.053945249597426,3.549382716049383,4.609500805152979,3.2206119162640903,6.152710681696189,14.284755770263017,1.9390767579173376,0.2147074610842727,0.16774020397208803,
193,14.31159420289855,2.4221685453569513,48.57085346215781,4.05931293612453,4.609500805152979,3.260869565217391,6.159420289855072,14.284755770263017,1.9390767579173376,0.2147074610842727,0.16774020397208803,
194,12.97638217928073,2.214170692431562,43.974771873322595,3.743961352657005,3.2877079978529253,2.918679549114332,5.703166935050993,23.362855609232422,1.4962426194310252,0.2147074610842727,0.10735373054213634,
195,13.170960815888352,2.214170692431562,43.70638754696726,3.8311862587224907,3.3011272141706924,2.9388083735909825,5.857487922705314,23.121309715512613,1.5365002683843263,0.2147074610842727,0.10735373054213634,
196,13.278314546430488,2.2074610842726785,43.525228126677405,3.8311862587224907,3.3011272141706924,3.0193236714975846,5.857487922705314,23.087761674718198,1.570048309178744,0.2147074610842727,0.10735373054213634,
197,13.405797101449275,2.2074610842726785,43.45142243692968,3.8311862587224907,3.3011272141706924,3.0193236714975846,5.897745571658615,23.020665593129362,1.5432098765432098,0.2147074610842727,0.10735373054213634,
198,13.56682769726248,2.1403650026838434,43.10252281266774,4.186795491143317,3.435319377348363,3.1870638754696725,5.683038110574342,22.86634460547504,1.5096618357487923,0.2147074610842727,0.10735373054213634,
199,13.573537305421363,2.1403650026838434,42.93478260869565,4.341116478797638,3.4151905528717124,3.1870638754696725,5.743424584004294,22.644927536231883,1.6706924315619969,0.24154589371980675,0.10735373054213634,
200,13.7211486849168,2.1403650026838434,42.310789049919485,4.334406870638754,3.3480944712828773,3.743961352657005,5.770263016639828,22.57783145464305,1.7042404723564144,0.24154589371980675,0.10735373054213634,
201,13.754696725711218,2.1403650026838434,41.58615136876006,4.320987654320987,3.3413848631239937,4.42163177670424,5.83064949006978,22.510735373054214,1.7444981213097155,0.24154589371980675,0.10735373054213634,
202,13.405797101449275,2.1403650026838434,38.61379495437466,4.200214707461084,7.199409554482019,4.361245303274289,5.5689747718733225,22.416800858829845,1.7444981213097155,0.24154589371980675,0.10735373054213634,
203,13.674181427804616,2.1403650026838434,38.49302200751476,4.441760601180891,7.092055823939882,4.327697262479871,5.4549114331723025,22.289318303811058,1.737788513150832,0.24154589371980675,0.10735373054213634,
204,13.862050456253355,2.13365539452496,37.855609232420825,4.810789049919484,7.0383789586688135,4.300858829844337,5.71658615136876,22.17525496511004,1.7579173376274826,0.24154589371980675,0.10735373054213634,
205,14.029790660225443,2.13365539452496,37.6610305958132,4.810789049919484,7.0383789586688135,4.300858829844337,5.83064949006978,22.12157809983897,1.751207729468599,0.2147074610842727,0.10735373054213634,
