,45,50,54,51,53,55,52,56,57,58
0,89.24449812130972,10.755501878690284,,,,,,,,
1,88.54669887278583,11.453301127214171,,,,,,,,
2,87.94283413848632,12.057165861513688,,,,,,,,
3,75.50993022007515,24.14117015566291,0.3488996242619431,,,,,,,
4,63.1105743424584,36.87600644122383,0.013419216317767043,,,,,,,
5,47.51073537305421,41.23054213633924,0.013419216317767043,11.245303274288782,,,,,,
6,45.48443370907139,36.171497584541065,0.013419216317767043,18.33064949006978,,,,,,
7,33.863392377885134,47.57783145464305,0.013419216317767043,18.115942028985508,0.2885131508319914,0.14090177133655393,,,,
8,33.89694041867955,47.46376811594203,0.013419216317767043,18.19645732689211,0.2885131508319914,0.14090177133655393,,,,
9,30.589103596349972,52.14707461084273,0.2147074610842727,16.67337627482555,,0.3757380568974772,,,,
10,29.280730005367687,47.094739667203434,0.013419216317767043,22.463768115942027,,0.6977992485238862,0.4495437466451959,,,
11,27.529522275899087,46.59151905528717,0.013419216317767043,24.88593666129898,,0.7648953301127214,0.2147074610842727,,,
12,27.549651100375737,43.69967793880837,0.013419216317767043,24.731615673644658,2.1604938271604937,0.8990874932903918,0.41599570585077833,0.5300590445517982,,
13,27.482555018786904,40.82796564680623,0.0067096081588835215,26.617015566290927,2.1604938271604937,1.1205045625335481,1.2546967257112185,0.5300590445517982,,
14,25.44283413848631,38.77482555018787,0.0067096081588835215,30.609232420826622,2.1604938271604937,1.3620504562533549,1.1137949543746646,0.5300590445517982,,
15,25.744766505636072,38.65405260332797,0.0067096081588835215,30.005367686527105,2.13365539452496,1.570048309178744,1.1137949543746646,0.7716049382716049,,
16,25.825281803542673,38.59366612989801,0.0067096081588835215,29.985238862050455,2.13365539452496,1.570048309178744,1.1137949543746646,0.7716049382716049,,
17,26.207729468599034,38.425925925925924,0.0067096081588835215,29.770531400966185,2.13365539452496,1.570048309178744,1.1137949543746646,0.7716049382716049,,
18,26.40901771336554,38.00993022007515,0.3757380568974772,29.502147074610843,2.13365539452496,1.5633387010198605,1.1137949543746646,0.8923778851315083,,
19,23.423242082662373,34.70209339774557,0.3757380568974772,34.876543209876544,2.13365539452496,1.482823403113258,2.2074610842726785,0.798443370907139,,
20,23.919753086419753,34.41358024691358,0.3757380568974772,34.66854535695116,2.13365539452496,1.482823403113258,2.2074610842726785,0.798443370907139,,
21,24.06736446591519,34.48067632850242,0.3757380568974772,34.4068706387547,2.281266774020397,1.442565754159957,2.2074610842726785,0.7380568974771873,,
22,23.772141706924316,31.622383252818036,0.0067096081588835215,37.7012882447665,2.4020397208803006,1.6505636070853462,2.1940418679549114,0.6508319914117016,,
23,22.29602791196994,30.46833064949007,0.0067096081588835215,40.00939345142244,2.4020397208803006,2.0799785292538915,2.1806226516371443,0.5568974771873323,,
24,20.45088566827697,29.891304347826086,0.0067096081588835215,42.1833064949007,2.898550724637681,1.8317230273752012,2.1806226516371443,0.5568974771873323,,
25,17.20343531937735,34.29951690821256,0.0067096081588835215,40.08990874932904,2.2879763821792807,1.9592055823939882,2.2410091250670963,1.9122383252818036,,
26,16.841116478797638,29.30756843800322,,45.591787439613526,2.147074610842727,1.9592055823939882,2.2410091250670963,1.9122383252818036,,
27,17.297369833601717,28.978797638217927,,45.48443370907139,2.147074610842727,1.9390767579173376,2.2410091250670963,1.9122383252818036,,
28,16.445249597423512,26.100375738056897,0.20799785292538917,49.10762211486849,2.147074610842727,1.8384326355340848,2.2410091250670963,1.9122383252818036,,
29,16.908212560386474,25.93263553408481,0.20799785292538917,48.87278582930757,2.086688137412775,1.8384326355340848,2.2410091250670963,1.9122383252818036,,
30,16.888083735909824,24.10091250670961,0.7648953301127214,46.323134728931834,2.086688137412775,1.7847557702630166,6.139291465378422,1.9122383252818036,,
31,17.59259259259259,24.033816425120772,0.7648953301127214,45.4374664519592,2.086688137412775,1.7847557702630166,5.991680085882985,2.3081052066559313,,
32,17.881105743424584,23.95330112721417,0.7648953301127214,45.128824476650564,2.086688137412775,1.8853998926462694,5.991680085882985,2.3081052066559313,,
33,17.60601180891036,22.302737520128826,0.7648953301127214,43.51180891035963,2.086688137412775,2.033011272141707,9.426999463231347,2.26784755770263,,
34,17.20343531937735,18.947933440687063,0.7648953301127214,47.20880300590446,2.086688137412775,2.368491680085883,9.151905528717123,2.26784755770263,,
35,16.42512077294686,21.443907675791735,0.8923778851315083,45.873590982286636,2.086688137412775,2.589908749329039,8.507783145464305,2.1806226516371443,,
36,12.828770799785293,29.542404723564143,0.8923778851315083,41.47879763821793,2.0531400966183573,2.8650026838432634,8.28636607622115,2.0531400966183573,,
37,12.72812667740204,29.334406870638755,0.8454106280193237,38.79495437466452,2.0531400966183573,2.7442297369833604,11.117820719269995,2.38191089640365,,
38,13.419216317767042,29.106280193236714,0.8454106280193237,38.519860440150296,1.9994632313472893,2.717391304347826,11.010466988727858,2.38191089640365,,
39,13.667471819645733,28.951959205582394,0.8454106280193237,38.459473966720346,1.9994632313472893,2.717391304347826,10.976918947933441,2.38191089640365,,
40,13.694310252281268,28.6231884057971,0.9393451422436929,39.24449812130972,2.281266774020397,2.9052603327965647,9.957058507783145,2.3550724637681157,,
41,11.949812130971551,31.93102522812668,0.9393451422436929,37.66774020397209,2.4020397208803006,2.9253891572732154,9.950348899624261,2.2342995169082127,,
42,10.59447128287708,27.026301663982824,0.9326355340848095,46.41035963499731,1.9726247987117553,2.5496511003757383,8.474235104669887,2.0397208803005906,,
43,9.762479871175524,25.831991411701555,0.9326355340848095,48.02066559312936,1.9726247987117553,3.0327428878153517,8.407139023081053,2.0397208803005906,,
44,9.977187332259795,25.744766505636072,0.43612453032742887,48.85265700483092,1.8988191089640365,3.0327428878153517,7.87037037037037,2.187332259796028,,
45,10.607890499194847,25.523349436392916,0.43612453032742887,48.70504562533548,1.8250134192163177,2.7777777777777777,7.87037037037037,2.254428341384863,,
46,10.809178743961352,25.42270531400966,0.43612453032742887,48.48362855609233,1.8250134192163177,2.9052603327965647,7.863660762211487,2.254428341384863,,
47,9.541062801932368,22.69860440150295,0.4294149221685454,43.53864734299517,1.932367149758454,4.26731078904992,16.15673644659152,1.4358561460010735,,
48,9.762479871175524,22.497316156736446,0.4294149221685454,43.42458400429415,2.0397208803005906,4.3545356951154055,16.056092324208265,1.4358561460010735,,
49,10.171765968867419,22.423510466988727,0.4294149221685454,43.15619967793881,2.01959205582394,4.3545356951154055,16.009125067096083,1.4358561460010735,,
50,10.34621578099839,22.289318303811058,0.4294149221685454,42.981749865807835,2.01959205582394,4.468599033816425,15.868223295759528,1.596886741814278,,
51,10.487117552334944,22.24235104669887,0.4294149221685454,42.901234567901234,2.01959205582394,4.669887278582931,15.653515834675256,1.596886741814278,,
52,10.84272678475577,22.04777241009125,0.5434782608695652,42.592592592592595,2.01959205582394,4.669887278582931,15.687063875469672,1.596886741814278,,
53,11.325818572195384,22.041062801932366,0.5434782608695652,42.223564143854,2.01959205582394,4.669887278582931,15.579710144927537,1.596886741814278,,
54,10.976918947933441,21.772678475577028,0.5434782608695652,44.71953837895867,2.01959205582394,5.340848094471283,12.962962962962964,1.6639828234031133,,
55,10.487117552334944,21.24932903918411,0.5434782608695652,49.684648416532475,1.8988191089640365,5.052334943639291,9.581320450885668,1.5029522275899088,,
56,10.064412238325282,20.73268921095008,0.5434782608695652,51.7914653784219,1.8988191089640365,5.595813204508857,7.742887815351583,1.4962426194310252,0.13419216317767044,
57,10.171765968867419,18.947933440687063,0.5434782608695652,51.368760064412236,2.49597423510467,4.99194847020934,9.903381642512077,1.442565754159957,0.13419216317767044,
58,8.816425120772946,14.734299516908212,0.630703166935051,56.05877616747182,2.3081052066559313,4.1129898013955986,11.560654857756306,1.6438539989264627,0.13419216317767044,
59,8.011272141706923,11.83574879227053,0.322061191626409,59.0378421900161,1.2546967257112185,3.784219001610306,14.197530864197532,1.4224369296833066,0.13419216317767044,
60,8.581588835212024,11.829039184111648,0.322061191626409,53.60976918947934,1.2546967257112185,3.81105743424584,19.088835212023618,1.3687600644122384,0.13419216317767044,
61,8.527911969940956,11.728395061728396,0.322061191626409,48.01395598497048,1.2546967257112185,3.911701556629093,25.53676865271068,0.5703166935050993,0.13419216317767044,
62,8.80300590445518,11.694847020933977,0.322061191626409,47.69189479334407,1.3419216317767042,3.911701556629093,25.5300590445518,0.5703166935050993,0.13419216317767044,
63,9.05126140633387,11.688137412775093,0.322061191626409,47.46376811594203,1.3419216317767042,3.911701556629093,25.429414922168544,0.6709608158883521,0.12077294685990338,
64,9.594739667203436,11.540526033279656,0.322061191626409,47.24906065485776,1.3419216317767042,3.797638217928073,25.36231884057971,0.6709608158883521,0.12077294685990338,
65,9.688674181427805,11.379495437466453,0.322061191626409,44.00831991411702,1.3419216317767042,4.066022544283414,28.35480407944176,0.630703166935051,0.20799785292538917,
66,10.084541062801932,11.305689747718732,0.322061191626409,43.71980676328502,1.3016639828234031,4.066022544283414,28.267579173376276,0.7246376811594203,0.20799785292538917,
67,8.917069243156199,10.554213633923778,1.4694041867954912,48.960010735373054,0.9192163177670424,4.092860976918948,24.302200751476114,0.5770263016639828,0.20799785292538917,
68,9.131776704240472,7.716049382716049,6.9243156199677935,47.61137949543747,0.9192163177670424,3.556092324208266,23.255501878690286,0.6776704240472357,0.20799785292538917,
69,9.426999463231347,7.716049382716049,6.850509930220075,47.316156736446594,1.8786902844873858,3.5829307568438002,22.342995169082126,0.6776704240472357,0.20799785292538917,
70,9.41358024691358,7.581857219538379,7.004830917874396,46.51771336553945,1.8384326355340848,3.556092324208266,22.5577026301664,1.2077294685990339,0.322061191626409,
71,9.158615136876007,6.293612453032743,9.923510466988727,42.53891572732152,1.8250134192163177,3.5762211486849167,24.88593666129898,1.4761137949543746,0.322061191626409,
72,9.500805152979066,6.280193236714976,9.923510466988727,40.385131508319915,3.8848631239935587,3.5762211486849167,24.651100375738057,1.4761137949543746,0.322061191626409,
73,9.695383789586689,6.239935587761675,10.218733225979603,39.36527106816962,3.8848631239935587,4.200214707461084,24.59742351046699,1.4761137949543746,0.322061191626409,
74,10.030864197530864,6.239935587761675,10.218733225979603,39.27133655394525,3.8848631239935587,4.146537842190016,24.40955448201825,1.4761137949543746,0.322061191626409,
75,10.520665593129362,6.226516371443908,10.158346752549651,38.96269457863661,3.8580246913580245,4.294149221685454,24.10091250670961,1.556629092860977,0.322061191626409,
76,10.903113258185721,6.226516371443908,10.037573805689748,38.79495437466452,3.8580246913580245,4.38137412775094,23.980139559849704,1.4962426194310252,0.322061191626409,
77,9.96376811594203,6.0654857756307035,11.20504562533548,45.36366076221149,3.8311862587224907,4.3545356951154055,17.579173376274827,1.415727321524423,0.2214170692431562,
78,9.930220075147611,6.031937734836285,11.191626409017713,44.75979602791197,3.92512077294686,4.74369296833065,17.498658078368223,1.5901771336553945,0.32877079978529256,
79,9.977187332259795,6.018518518518518,9.145195920558239,40.25764895330113,8.702361782071927,4.280730005367687,19.558507783145465,1.7310789049919484,0.32877079978529256,
80,10.768921095008052,5.870907139023081,9.252549651100376,39.94900697799248,8.655394524959743,4.280730005367687,19.176060118089104,1.7176596886741815,0.32877079978529256,
81,8.407139023081053,3.4688674181427803,8.870101986044014,47.799248523886206,7.917337627482555,3.717122920021471,18.17632850241546,1.3150831991411702,0.32877079978529256,
82,8.487654320987655,3.4420289855072466,6.977992485238862,50.64412238325282,7.890499194847021,3.4286097691894795,17.384594739667204,1.415727321524423,0.32877079978529256,
83,9.03113258185722,3.3950617283950617,7.25979602791197,49.87251744498121,7.635534084809447,3.6500268384326353,16.908212560386474,1.8115942028985508,0.43612453032742887,
84,8.722490606548577,3.3950617283950617,7.098765432098766,54.32769726247987,6.535158346752549,3.992216854535695,14.016371443907676,1.4090177133655395,0.5032206119162641,
85,9.185453569511541,3.3950617283950617,6.816961889425658,56.94444444444444,4.998658078368224,3.8848631239935587,13.036768652710682,1.4090177133655395,0.32877079978529256,
86,9.541062801932368,3.3950617283950617,6.769994632313473,56.54857756307032,4.985238862050457,3.8714439076757916,13.009930220075148,1.5499194847020934,0.32877079978529256,
87,8.340042941492216,3.113258185721954,6.5485775630703165,65.57300053676865,3.978797638217928,3.4286097691894795,7.024959742351046,1.778046162104133,0.2147074610842727,
88,8.61513687600644,3.099838969404187,6.488191089640365,65.29119699409554,3.978797638217928,3.549382716049383,7.024959742351046,1.7646269457863661,0.1878690284487386,
89,6.005099302200751,2.6637144390767578,5.71658615136876,70.03488996242619,3.8378958668813743,2.9119699409554483,7.024959742351046,1.6170155662909287,0.1878690284487386,
90,6.052066559312936,2.6637144390767578,5.8172302737520125,69.92082662372518,3.8378958668813743,2.8784219001610305,7.024959742351046,1.6170155662909287,0.1878690284487386,
91,6.146001073537305,2.6637144390767578,5.9447128287707995,69.6256038647343,3.8378958668813743,2.8784219001610305,6.964573268921095,1.751207729468599,0.1878690284487386,
92,6.226516371443908,2.6637144390767578,5.9447128287707995,67.89452495974236,3.7372517444981215,2.8784219001610305,8.715780998389693,1.751207729468599,0.1878690284487386,
93,6.655931293612453,2.6167471819645733,5.730005367686527,67.3443370907139,3.878153515834675,3.0059044551798175,8.695652173913043,1.8853998926462694,0.1878690284487386,
94,6.984702093397746,2.6167471819645733,5.703166935050993,67.10950080515298,3.878153515834675,3.0059044551798175,8.628556092324208,1.8853998926462694,0.1878690284487386,
95,7.39398819108964,2.563070316693505,5.669618894256575,66.6129898013956,3.8714439076757916,2.9723564143853998,8.621846484165324,2.1068169618894257,0.1878690284487386,
96,7.6623725174449815,2.563070316693505,5.649490069779925,66.40499194847021,3.8714439076757916,2.9723564143853998,8.581588835212024,2.1068169618894257,0.1878690284487386,
97,7.85024154589372,2.522812667740204,5.636070853462158,66.17015566290928,3.8311862587224907,2.9723564143853998,8.55475040257649,2.2745571658615136,0.1878690284487386,
98,8.172302737520129,2.49597423510467,5.636070853462158,65.84809447128288,3.8311862587224907,2.9723564143853998,8.460815888352121,2.395330112721417,0.1878690284487386,
99,8.93719806763285,2.49597423510467,5.4549114331723025,65.4723564143854,3.797638217928073,3.0595813204508855,8.239398819108963,2.3550724637681157,0.1878690284487386,
100,9.272678475577026,2.3886205045625335,5.535426731078905,64.96242619431025,3.797638217928073,3.180354267310789,8.105206655931294,2.5697799248523885,0.1878690284487386,
101,9.386741814278047,2.3617820719269993,5.535426731078905,64.75442834138487,3.797638217928073,3.180354267310789,8.105206655931294,2.690552871712292,0.1878690284487386,
102,8.917069243156199,2.3617820719269993,5.60252281266774,55.77697262479871,2.7509393451422435,3.1535158346752548,18.840579710144926,2.408749329039184,0.1878690284487386,
103,8.735909822866345,2.3617820719269993,5.850778314546431,55.9447128287708,2.7509393451422435,3.1468062265163717,18.61916264090177,2.4020397208803006,0.1878690284487386,
104,9.158615136876007,2.3081052066559313,5.8172302737520125,55.61594202898551,2.818035426731079,3.079710144927536,18.612453032742888,2.4020397208803006,0.1878690284487386,
105,9.272678475577026,2.3081052066559313,5.8172302737520125,55.475040257648956,2.818035426731079,3.2675791733762747,18.491680085882983,2.3617820719269993,0.1878690284487386,
106,9.473966720343531,2.2879763821792807,5.763553408480945,55.32742887815352,2.818035426731079,3.2675791733762747,18.263553408480945,2.3617820719269993,0.43612453032742887,
107,9.796027911969942,2.2879763821792807,5.683038110574342,54.92485238862051,2.757648953301127,3.2675791733762747,18.263553408480945,2.5831991411701556,0.43612453032742887,
108,10.38647342995169,2.2879763821792807,5.60252281266774,54.26060118089104,2.757648953301127,3.374932903918411,18.115942028985508,2.7777777777777777,0.43612453032742887,
109,10.540794417606012,2.2879763821792807,5.60252281266774,54.159957058507786,2.717391304347826,3.374932903918411,18.10252281266774,2.7777777777777777,0.43612453032742887,
110,10.57434245840043,2.281266774020397,5.60252281266774,54.6833064949007,2.717391304347826,3.0595813204508855,18.00187869028449,2.6637144390767578,0.41599570585077833,
111,10.997047772410092,2.2745571658615136,5.515297906602254,54.41492216854536,2.804616210413312,3.026033279656468,17.881105743424584,2.6704240472356413,0.41599570585077833,
112,11.694847020933977,2.1940418679549114,5.750134192163178,53.737251744498124,2.791196994095545,3.2139023081052067,17.639559849704778,2.636876006441224,0.3421900161030596,
113,10.205314009661835,1.8853998926462694,5.421363392377885,55.12614063338701,1.9457863660762211,2.6704240472356413,19.847020933977454,2.6435856146001075,0.2549651100375738,
114,10.332796564680622,1.8853998926462694,5.300590445517981,54.690016103059584,1.9256575415995705,3.046162104133119,19.665861513687602,2.898550724637681,0.2549651100375738,
115,10.782340311325818,1.8853998926462694,5.300590445517981,54.02576489533011,2.3550724637681157,3.046162104133119,19.316961889425656,3.0327428878153517,0.2549651100375738,
116,11.017176596886742,1.8853998926462694,5.300590445517981,53.837895866881375,2.3550724637681157,3.0327428878153517,19.296833064949006,3.0193236714975846,0.2549651100375738,
117,10.433440687063875,1.865271068169619,5.260332796564681,55.49516908212561,2.3550724637681157,2.5161030595813205,18.94122383252818,2.8784219001610305,0.2549651100375738,
118,9.420289855072463,1.7981749865807837,2.831454643048846,65.2308105206656,2.187332259796028,2.2410091250670963,13.58695652173913,2.4490069779924855,0.2549651100375738,
119,9.91009125067096,1.778046162104133,2.831454643048846,64.54643048845948,2.187332259796028,2.2410091250670963,13.43263553408481,2.818035426731079,0.2549651100375738,
120,9.265968867418144,1.751207729468599,2.5966183574879227,65.5126140633387,2.187332259796028,6.253354804079442,9.433709071390231,2.7509393451422435,0.24825550187869028,
121,7.890499194847021,1.093666129898014,2.214170692431562,72.41680085882984,0.9259259259259259,5.340848094471283,7.568438003220612,2.341653247450349,0.20799785292538917,
122,8.192431561996779,1.093666129898014,2.214170692431562,71.88674181427804,1.0466988727858293,5.340848094471283,7.548309178743962,2.5496511003757383,0.1274825550187869,
123,8.849973161567364,1.093666129898014,2.214170692431562,71.26274825550188,1.0399892646269457,5.340848094471283,7.548309178743962,2.5295222758990876,0.12077294685990338,
124,8.910359634997317,1.093666129898014,2.214170692431562,70.18250134192164,1.0399892646269457,5.340848094471283,7.548309178743962,3.549382716049383,0.12077294685990338,
125,9.353193773483628,1.093666129898014,2.214170692431562,69.57863660762212,1.0399892646269457,5.434782608695652,7.548309178743962,3.616478797638218,0.12077294685990338,
126,9.66183574879227,1.093666129898014,2.2074610842726785,69.27670424047236,1.0399892646269457,5.434782608695652,7.548309178743962,3.616478797638218,0.12077294685990338,
127,10.0979602791197,1.093666129898014,2.2074610842726785,68.95464304884595,1.0399892646269457,5.401234567901234,7.300053676865271,3.7037037037037037,0.20128824476650564,
128,10.493827160493828,1.0869565217391304,2.2074610842726785,67.90794417606011,1.0399892646269457,5.998389694041868,7.25979602791197,3.8043478260869565,0.20128824476650564,
129,8.93719806763285,0.8521202361782072,1.107085346215781,74.16800858829845,0.9259259259259259,6.132581857219538,4.676596886741814,3.0595813204508855,0.14090177133655393,
130,9.044551798174986,0.8521202361782072,1.1943102522812667,74.04723564143853,0.9259259259259259,6.0587761674718195,4.676596886741814,3.0595813204508855,0.14090177133655393,
131,9.447128287707997,0.8521202361782072,1.1943102522812667,73.16156736446591,0.9259259259259259,6.219806763285024,4.669887278582931,3.388352120236178,0.14090177133655393,
132,9.856414385399892,0.8521202361782072,1.3016639828234031,72.65834675254965,0.8185721953837896,6.219806763285024,4.64975845410628,3.502415458937198,0.14090177133655393,
133,10.245571658615138,0.8521202361782072,1.3016639828234031,72.28260869565217,0.8185721953837896,6.219806763285024,4.636339237788513,3.502415458937198,0.14090177133655393,
134,10.319377348362856,0.8521202361782072,1.2949543746645196,68.65271068169619,4.3478260869565215,6.219806763285024,4.549114331723027,3.6500268384326353,0.11406333870101985,
135,10.601180891035963,0.8521202361782072,1.2815351583467525,68.17632850241546,4.26731078904992,6.561996779388084,4.502147074610843,3.643317230273752,0.11406333870101985,
136,10.856146001073537,0.8521202361782072,1.2815351583467525,67.9549114331723,4.1532474503489,6.6760601180891035,4.468599033816425,3.643317230273752,0.11406333870101985,
137,11.084272678475577,0.8521202361782072,1.2815351583467525,67.19672571121846,4.1129898013955986,6.575415995705851,4.468599033816425,4.314278046162104,0.11406333870101985,
138,11.312399355877616,0.8319914117015567,1.2815351583467525,66.9753086419753,4.005636070853462,6.696188942565755,4.468599033816425,4.314278046162104,0.11406333870101985,
139,10.50053676865271,0.8319914117015567,1.2815351583467525,68.41787439613526,4.005636070853462,6.696188942565755,4.133118625872249,4.052603327965647,0.08051529790660225,
140,10.82259796027912,0.8319914117015567,1.2815351583467525,67.67981749865808,4.005636070853462,6.696188942565755,4.119699409554482,4.4820182501341925,0.08051529790660225,
141,11.16478797638218,0.8319914117015567,1.2815351583467525,67.17659688674182,4.005636070853462,6.790123456790123,4.119699409554482,4.549114331723027,0.08051529790660225,
142,11.58749329039184,0.8319914117015567,1.2815351583467525,66.88137412775095,4.086151368760064,6.642512077294686,4.052603327965647,4.555823939881911,0.08051529790660225,
143,11.81561996779388,0.8319914117015567,1.2815351583467525,66.76060118089103,4.086151368760064,6.642512077294686,4.052603327965647,4.448470209339774,0.08051529790660225,
144,12.164519592055823,0.8319914117015567,2.1135265700483092,65.44551798174986,4.045893719806763,6.454643048845948,4.052603327965647,4.810789049919484,0.08051529790660225,
145,12.379227053140097,0.8319914117015567,2.1135265700483092,65.30461621041331,3.9452495974235107,6.4412238325281805,4.052603327965647,4.851046698872786,0.08051529790660225,
146,13.003220611916264,0.8319914117015567,2.1135265700483092,64.61352657004831,3.9184111647879765,6.394256575415996,4.052603327965647,4.99194847020934,0.08051529790660225,
147,13.238056897477188,0.8319914117015567,2.1135265700483092,64.33843263553409,3.9184111647879765,6.494900697799249,4.012345679012346,4.9718196457326895,0.08051529790660225,
148,13.768115942028986,0.8319914117015567,2.1135265700483092,63.868760064412236,3.784219001610306,6.629092860976919,3.9519592055823938,4.9718196457326895,0.08051529790660225,
149,14.023081052066559,0.8319914117015567,2.1135265700483092,63.378958668813745,3.784219001610306,6.629092860976919,3.9519592055823938,5.2066559312936125,0.08051529790660225,
150,14.210950080515298,0.785024154589372,2.1135265700483092,63.00322061191626,3.784219001610306,6.595544820182502,3.9519592055823938,5.475040257648954,0.08051529790660225,
151,14.076757917337627,0.7380568974771873,2.1135265700483092,60.789049919484704,3.784219001610306,6.709608158883521,6.380837359098229,5.340848094471283,0.06709608158883522,
152,12.661030595813205,0.7380568974771873,2.086688137412775,54.98523886205046,11.788781535158346,6.957863660762212,5.656199677938808,5.059044551798175,0.06709608158883522,
153,12.828770799785293,0.7380568974771873,2.0799785292538915,54.30085882984434,11.52710681696189,7.199409554482019,5.609232420826624,5.649490069779925,0.06709608158883522,
154,13.311862587224907,0.7380568974771873,2.0799785292538915,54.09286097691895,11.513687600644122,7.018250134192163,5.528717122920021,5.649490069779925,0.06709608158883522,
155,13.593666129898015,0.7179280730005367,2.0799785292538915,53.88486312399356,11.493558776167472,7.011540526033279,5.528717122920021,5.622651637144391,0.06709608158883522,
156,14.016371443907676,0.7179280730005367,2.0397208803005906,53.32125603864734,11.312399355877616,7.253086419753086,5.495169082125604,5.776972624798712,0.06709608158883522,
157,14.17740203972088,0.7179280730005367,2.1403650026838434,53.07971014492754,11.312399355877616,7.253086419753086,5.475040257648954,5.776972624798712,0.06709608158883522,
158,14.371980676328503,0.7179280730005367,2.1403650026838434,52.89855072463768,11.305689747718732,7.253086419753086,5.475040257648954,5.770263016639828,0.06709608158883522,
159,14.506172839506172,0.7179280730005367,2.073268921095008,52.79790660225443,11.265432098765432,7.326892109500805,5.475040257648954,5.770263016639828,0.06709608158883522,
160,14.31159420289855,0.7179280730005367,3.9049919484702094,51.281535158346756,11.258722490606548,7.326892109500805,5.475040257648954,5.656199677938808,0.06709608158883522,
161,14.459205582393988,0.7179280730005367,3.8580246913580245,51.1003757380569,11.231884057971014,7.353730542136339,5.4616210413311865,5.750134192163178,0.06709608158883522,
162,14.848362855609233,0.7179280730005367,3.8580246913580245,50.68438003220612,11.124530327428879,7.39398819108964,5.407944176060118,5.897745571658615,0.06709608158883522,
163,15.183843263553408,0.7179280730005367,3.7573805689747717,49.8792270531401,11.104401502952227,7.333601717659689,5.515297906602254,6.226516371443908,0.20128824476650564,0.08051529790660225
164,15.465646806226516,0.7179280730005367,3.730542136339238,49.59742351046699,11.191626409017713,7.39398819108964,5.515297906602254,6.105743424584004,0.20128824476650564,0.08051529790660225
165,15.727321524422974,0.7179280730005367,3.730542136339238,49.5101986044015,11.09098228663446,7.454374664519592,5.515297906602254,6.052066559312936,0.12077294685990338,0.08051529790660225
166,16.14331723027375,0.7112184648416533,3.5292538915727323,49.18813741277509,11.084272678475577,7.454374664519592,5.501878690284487,6.1862587224906065,0.12077294685990338,0.08051529790660225
167,16.525764895330113,0.7112184648416533,3.515834675254965,48.50375738056898,10.997047772410092,7.6623725174449815,5.394524959742351,6.387546967257112,0.2214170692431562,0.08051529790660225
168,16.720343531937736,0.7112184648416533,3.515834675254965,47.779119699409556,10.997047772410092,7.648953301127214,5.394524959742351,6.9310252281266775,0.2214170692431562,0.08051529790660225
169,16.780730005367687,0.7112184648416533,3.280998389694042,47.28931830381106,12.084004294149223,7.628824476650563,5.367686527106817,6.5552871712292005,0.2214170692431562,0.08051529790660225
170,17.330917874396135,0.7112184648416533,3.260869565217391,46.91358024691358,12.084004294149223,7.575147611379496,5.320719269994632,6.501610305958132,0.2214170692431562,0.08051529790660225
171,12.99651100375738,0.2281266774020397,2.804616210413312,37.01690821256039,11.842458400429415,6.380837359098229,23.081052066559312,5.347557702630167,0.2214170692431562,0.08051529790660225
172,13.211218464841654,0.2281266774020397,3.1870638754696725,36.73510466988728,11.748523886205046,6.380837359098229,22.859634997316157,5.347557702630167,0.2214170692431562,0.08051529790660225
173,13.325281803542673,0.2281266774020397,3.1870638754696725,36.61433172302738,11.647879763821793,6.461352657004831,22.859634997316157,5.374396135265701,0.2214170692431562,0.08051529790660225
174,13.258185721953838,0.2281266774020397,3.227321524422974,36.03730542136339,11.647879763821793,6.971282877079979,22.852925389157274,5.475040257648954,0.2214170692431562,0.08051529790660225
175,13.479602791196994,0.2281266774020397,3.227321524422974,35.84272678475577,11.77536231884058,6.9310252281266775,22.77241009125067,5.360976918947934,0.30193236714975846,0.08051529790660225
176,13.365539452495975,0.2281266774020397,2.0531400966183573,39.83494363929147,11.768652710681696,5.119431025228127,22.24235104669887,5.018786902844874,0.36902844873859364,
177,13.56682769726248,0.2281266774020397,1.9122383252818036,39.67391304347826,11.735104669887278,5.24020397208803,22.18196457326892,5.092592592592593,0.36902844873859364,
178,13.88888888888889,0.2281266774020397,1.9122383252818036,39.32501341921632,11.735104669887278,5.441492216854535,22.128287707997853,4.9718196457326895,0.36902844873859364,
179,14.11701556629093,0.2281266774020397,1.9122383252818036,39.070048309178745,11.681427804616211,5.434782608695652,22.088030059044552,5.0993022007514766,0.36902844873859364,
180,14.834943639291465,0.2281266774020397,1.9122383252818036,38.43263553408481,11.681427804616211,5.367686527106817,21.987385936661298,5.186527106816962,0.36902844873859364,
181,15.304616210413311,0.2281266774020397,1.9122383252818036,37.915995705850776,11.681427804616211,5.367686527106817,21.73913043478261,5.293880837359098,0.5568974771873323,
182,15.787707997852925,0.2281266774020397,1.9122383252818036,37.775093934514224,11.56736446591519,5.340848094471283,21.598228663446054,5.233494363929147,0.5568974771873323,
183,16.015834675254965,0.2281266774020397,1.9122383252818036,37.57380568974772,11.540526033279656,5.340848094471283,21.557971014492754,5.273752012882448,0.5568974771873323,
184,15.318035426731079,0.2281266774020397,1.8719806763285025,43.76677402039721,9.950348899624261,5.595813204508857,17.599302200751477,5.314009661835748,0.35560923242082665,
185,15.438808373590982,0.2281266774020397,1.8719806763285025,43.47826086956522,9.950348899624261,5.71658615136876,17.518786902844873,5.441492216854535,0.35560923242082665,
186,15.613258185721953,0.2281266774020397,1.8719806763285025,43.203166935050994,9.950348899624261,5.689747718733226,17.51207729468599,5.5756843800322065,0.35560923242082665,
187,15.807836822329575,0.2281266774020397,2.2342995169082127,42.80059044551798,9.91009125067096,5.609232420826624,17.384594739667204,5.535426731078905,0.48980139559849706,
188,15.908480944712828,0.2281266774020397,2.2342995169082127,42.25711218464841,9.903381642512077,5.730005367686527,17.364465915190554,5.884326355340848,0.48980139559849706,
189,16.63311862587225,0.2147074610842727,2.5966183574879227,41.680085882984436,9.903381642512077,5.803811057434245,17.122920021470748,5.555555555555555,0.48980139559849706,
190,16.961889425657542,0.2147074610842727,2.5831991411701556,41.25067096081589,9.601449275362318,6.092324208266238,17.122920021470748,5.542136339237788,0.48980139559849706,0.14090177133655393
191,16.99543746645196,0.2147074610842727,2.5831991411701556,40.88164251207729,9.581320450885668,6.092324208266238,17.028985507246375,5.991680085882985,0.48980139559849706,0.14090177133655393
192,16.566022544283413,0.2147074610842727,2.5831991411701556,39.04320987654321,9.440418679549115,6.085614600107354,19.732957595276435,5.703166935050993,0.48980139559849706,0.14090177133655393
193,16.626409017713364,0.2147074610842727,2.5831991411701556,38.22463768115942,9.440418679549115,6.541867954911433,19.699409554482017,6.038647342995169,0.48980139559849706,0.14090177133655393
194,16.794149221685455,0.2147074610842727,2.509393451422437,38.217928073000536,9.433709071390231,6.541867954911433,19.618894256575416,6.038647342995169,0.48980139559849706,0.14090177133655393
195,17.143048845947398,0.2147074610842727,2.509393451422437,37.86231884057971,9.420289855072463,6.602254428341385,19.578636607622116,6.038647342995169,0.48980139559849706,0.14090177133655393
196,17.418142780461622,0.2147074610842727,2.509393451422437,37.6207729468599,9.420289855072463,6.561996779388084,19.605475040257648,6.018518518518518,0.48980139559849706,0.14090177133655393
197,17.800590445517983,0.2147074610842727,2.49597423510467,37.2987117552335,9.420289855072463,6.561996779388084,19.598765432098766,5.978260869565218,0.48980139559849706,0.14090177133655393
198,18.364197530864196,0.2147074610842727,2.49597423510467,36.983360171765966,9.326355340848094,6.622383252818035,19.39747718733226,5.884326355340848,0.5703166935050993,0.14090177133655393
199,18.61916264090177,0.2147074610842727,2.49597423510467,36.70155662909286,9.306226516371444,6.622383252818035,19.330381105743424,5.998389694041868,0.5703166935050993,0.14090177133655393
200,19.068706387546968,0.2147074610842727,2.49597423510467,36.26543209876543,9.27938808373591,6.702898550724638,19.290123456790123,5.971551261406334,0.5703166935050993,0.14090177133655393
201,19.061996779388085,0.2147074610842727,4.213633923778851,34.98389694041868,9.272678475577026,6.951154052603328,18.99490069779925,5.595813204508857,0.5703166935050993,0.14090177133655393
202,19.370638754696724,0.2147074610842727,4.200214707461084,34.42699946323135,9.064680622651638,7.548309178743962,18.853998926462694,5.609232420826624,0.5703166935050993,0.14090177133655393
203,19.652442297369834,0.2147074610842727,4.186795491143317,34.23913043478261,9.037842190016104,7.541599570585078,18.833870101986044,5.58239398819109,0.5703166935050993,0.14090177133655393
204,19.732957595276435,0.2147074610842727,4.166666666666667,34.15190552871712,9.024422973698336,7.615405260332796,18.800322061191626,5.58239398819109,0.5703166935050993,0.14090177133655393
205,19.89398819108964,0.2147074610842727,4.166666666666667,33.99087493290392,9.024422973698336,7.601986044015029,18.800322061191626,5.595813204508857,0.5703166935050993,0.14090177133655393
206,19.96779388083736,0.2147074610842727,4.575952764358561,33.68894256575416,9.29951690821256,7.4141170155662905,18.57890499194847,5.548845947396672,0.5703166935050993,0.14090177133655393
207,20.551529790660226,0.2147074610842727,4.575952764358561,33.16559312936125,9.272678475577026,7.4006977992485234,18.54535695115405,5.562265163714439,0.5703166935050993,0.14090177133655393
208,20.90713902308105,0.2147074610842727,4.575952764358561,32.94417606011809,9.212292002147075,7.4006977992485234,18.4849704777241,5.548845947396672,0.5703166935050993,0.14090177133655393
209,21.034621578099838,0.2147074610842727,4.542404723564144,32.84353193773484,9.118357487922705,7.796564680622652,18.06226516371444,5.676328502415459,0.5703166935050993,0.14090177133655393
210,21.28287707997853,0.2147074610842727,4.542404723564144,32.71604938271605,8.943907675791733,7.7361782071927,18.06226516371444,5.676328502415459,0.6843800322061192,0.14090177133655393
211,21.26274825550188,0.2147074610842727,4.542404723564144,31.830381105743424,7.467793880837359,7.239667203435319,20.92055823939882,5.6964573268921095,0.6843800322061192,0.14090177133655393
212,21.36339237788513,0.2147074610842727,4.64975845410628,31.54186795491143,7.447665056360709,7.434245840042942,20.86688137412775,5.656199677938808,0.6843800322061192,0.14090177133655393
213,21.91358024691358,0.20128824476650564,4.703435319377348,31.166129898013956,7.5281803542673105,7.320182501341922,20.82662372517445,5.515297906602254,0.6843800322061192,0.14090177133655393
214,22.10144927536232,0.20128824476650564,4.790660225442834,31.13929146537842,7.360440150295223,7.313472893183038,20.7662372517445,5.515297906602254,0.6843800322061192,0.1274825550187869
215,20.933977455716587,0.20128824476650564,4.723564143853999,40.21068169618894,2.4020397208803006,6.9310252281266775,18.605743424584006,5.421363392377885,0.5703166935050993,
216,21.054750402576488,0.20128824476650564,4.723564143853999,40.083199141170155,2.4020397208803006,6.91760601180891,18.46484165324745,5.58239398819109,0.5703166935050993,
217,21.296296296296298,0.20128824476650564,4.871175523349437,39.87520128824477,2.3886205045625335,6.810252281266774,18.377616747181964,5.736714975845411,0.4428341384863124,
218,21.43719806763285,0.20128824476650564,4.871175523349437,39.47933440687064,2.3752012882447664,6.796833064949007,18.310520665593128,6.085614600107354,0.4428341384863124,
219,21.786097691894792,0.20128824476650564,4.824208266237251,39.36527106816962,2.3752012882447664,6.769994632313473,18.17632850241546,6.0587761674718195,0.4428341384863124,
220,21.953837895866883,0.20128824476650564,4.53569511540526,38.79495437466452,3.046162104133119,6.850509930220075,18.14278046162104,6.031937734836285,0.4428341384863124,
221,21.987385936661298,0.20128824476650564,4.683306494900698,38.57353730542136,3.046162104133119,6.769994632313473,18.14278046162104,6.152710681696189,0.4428341384863124,
222,22.15512614063339,0.20128824476650564,4.676596886741814,38.519860440150296,3.046162104133119,6.850509930220075,18.04884594739667,6.0587761674718195,0.4428341384863124,
223,22.490606548577563,0.20128824476650564,4.555823939881911,38.38566827697262,3.046162104133119,6.810252281266774,18.02200751476114,6.045356951154052,0.4428341384863124,
224,22.584541062801932,0.20128824476650564,4.5893719806763285,38.16425120772947,3.046162104133119,6.9243156199677935,18.00187869028449,6.045356951154052,0.4428341384863124,
225,22.839506172839506,0.20128824476650564,4.5893719806763285,37.98309178743961,3.046162104133119,6.884057971014493,17.954911433172303,6.0587761674718195,0.4428341384863124,
226,23.09447128287708,0.20128824476650564,4.703435319377348,37.76167471819646,2.985775630703167,7.065217391304348,17.753623188405797,5.998389694041868,0.43612453032742887,
227,23.423242082662373,0.20128824476650564,4.669887278582931,37.5402576489533,2.985775630703167,7.058507783145465,17.746913580246915,5.938003220611916,0.43612453032742887,
228,23.577563070316693,0.20128824476650564,4.669887278582931,37.466451959205585,2.985775630703167,7.058507783145465,17.693236714975846,5.911164787976382,0.43612453032742887,
229,23.805689747718734,0.20128824476650564,4.669887278582931,37.32555018786903,3.1333870101986045,7.051798174986581,17.478529253891573,5.897745571658615,0.43612453032742887,
230,23.95330112721417,0.20128824476650564,4.669887278582931,37.23832528180354,3.1333870101986045,7.0383789586688135,17.478529253891573,5.850778314546431,0.43612453032742887,
231,24.08749329039184,0.20128824476650564,4.669887278582931,37.164519592055825,3.1333870101986045,6.998121309715513,17.458400429414922,5.850778314546431,0.43612453032742887,
232,24.214975845410628,0.20128824476650564,4.810789049919484,37.043746645195924,3.1333870101986045,6.998121309715513,17.290660225442835,5.870907139023081,0.43612453032742887,
233,24.315619967793882,0.20128824476650564,4.757112184648417,36.8894256575416,3.3413848631239937,7.058507783145465,17.277241009125067,5.790391841116479,0.36902844873859364,
234,23.329307568438004,0.20128824476650564,4.569243156199678,41.706924315619965,2.945517981749866,6.837090713902308,14.88191089640365,5.159688674181428,0.36902844873859364,
235,23.376274825550187,0.20128824476650564,4.569243156199678,41.659957058507786,2.945517981749866,6.837090713902308,14.88191089640365,5.159688674181428,0.36902844873859364,
236,23.70504562533548,0.20128824476650564,4.4820182501341925,41.56602254428341,2.945517981749866,6.810252281266774,14.700751476113794,5.12614063338701,0.46296296296296297,
237,23.805689747718734,0.20128824476650564,4.542404723564144,41.34460547504026,3.2004830917874396,6.709608158883521,14.371980676328503,5.434782608695652,0.38915727321524424,
238,24.00697799248524,0.20128824476650564,4.542404723564144,41.18357487922705,3.2004830917874396,6.6827697262479875,14.15727321524423,5.636070853462158,0.38915727321524424,
