,45,50,52,51,55,53,54,58,56,57,60,59,61
0,99.51690821256038,0.4830917874396135,,,,,,,,,,,
1,94.68599033816425,5.314009661835748,,,,,,,,,,,
2,94.20960815888353,5.770263016639828,0.020128824476650563,,,,,,,,,,
3,91.63982823403113,8.279656468062266,0.020128824476650563,0.04696725711218465,0.013419216317767043,,,,,,,,
4,86.1580783682233,13.7211486849168,0.020128824476650563,0.04696725711218465,0.05367686527106817,,,,,,,,
5,85.5072463768116,14.31159420289855,0.020128824476650563,0.04696725711218465,0.10064412238325282,0.013419216317767043,,,,,,,
6,78.56951154052604,20.840042941492218,0.020128824476650563,0.06709608158883522,0.10735373054213634,0.13419216317767044,0.2616747181964573,,,,,,
7,78.03945249597423,21.215780998389693,0.020128824476650563,0.0939345142243693,0.23483628556092323,0.13419216317767044,0.2616747181964573,,,,,,
8,77.52952227589908,21.591519055287172,0.020128824476650563,0.10735373054213634,0.30864197530864196,0.15432098765432098,0.2885131508319914,,,,,,
9,77.07997852925389,21.973966720343533,0.020128824476650563,0.12077294685990338,0.32877079978529256,0.15432098765432098,0.322061191626409,,,,,,
10,76.20772946859903,22.5979602791197,0.14090177133655393,0.12077294685990338,0.32877079978529256,0.28180354267310787,0.322061191626409,,,,,,
11,75.77160493827161,22.953569511540525,0.1878690284487386,0.10735373054213634,0.3757380568974772,0.30864197530864196,0.2952227589908749,,,,,,
12,75.16774020397209,23.429951690821255,0.2147074610842727,0.14761137949543746,0.43612453032742887,0.3421900161030596,0.2616747181964573,,,,,,
13,73.26221148684917,24.785292538915726,0.2147074610842727,0.1610305958132045,0.5434782608695652,0.7380568974771873,0.2952227589908749,,,,,,
14,73.11460010735372,24.718196457326894,0.2147074610842727,0.1610305958132045,0.7447665056360708,0.7514761137949544,0.2952227589908749,,,,,,
15,72.69189479334406,24.93961352657005,0.30864197530864196,0.17444981213097155,0.7917337627482555,0.7917337627482555,0.30193236714975846,,,,,,
16,70.7662372517445,26.86527106816962,0.28180354267310787,0.24154589371980675,0.8252818035426731,0.6709608158883521,0.3488996242619431,,,,,,
17,70.4844337090714,27.012882447665056,0.30864197530864196,0.2885131508319914,0.8856682769726248,0.6709608158883521,0.3488996242619431,,,,,,
18,70.00134192163178,27.428878153515836,0.322061191626409,0.3153515834675255,0.9125067096081588,0.6709608158883521,0.3488996242619431,,,,,,
19,68.9747718733226,28.26086956521739,0.30864197530864196,0.3153515834675255,1.0332796564680622,0.7581857219538379,0.3488996242619431,,,,,,
20,68.87412775093935,28.10654857756307,0.49651100375738055,0.4495437466451959,1.0534084809447128,0.6709608158883521,0.3488996242619431,,,,,,
21,67.2638217928073,29.455179817498657,0.6038647342995169,0.47638217928073,1.1137949543746646,0.7045088566827697,0.3824476650563607,,,,,,
22,67.04240472356415,29.53569511540526,0.6508319914117016,0.5032206119162641,1.133923778851315,0.7380568974771873,0.39586688137412773,,,,,,
23,64.34514224369296,31.769994632313473,0.6910896403650026,0.8118625872249061,1.2278582930756843,0.7581857219538379,0.39586688137412773,,,,,,
24,60.52066559312936,32.70263016639828,0.7179280730005367,3.743961352657005,1.261406333870102,0.7447665056360708,0.30864197530864196,,,,,,
25,58.883521202361784,34.13177670424047,0.7380568974771873,3.8580246913580245,1.2345679012345678,0.8655394524959742,0.2885131508319914,,,,,,
26,58.340042941492214,34.366612989801396,0.7447665056360708,3.898282340311326,1.3150831991411702,1.0466988727858293,0.2885131508319914,,,,,,
27,57.51476113794954,35.017444981213096,0.798443370907139,3.9519592055823938,1.3486312399355878,1.0466988727858293,0.322061191626409,,,,,,
28,54.388083735909824,38.08373590982286,0.8319914117015567,3.7775093934514223,1.5499194847020934,1.0466988727858293,0.322061191626409,,,,,,
29,54.227053140096615,38.05018786902845,0.9460547504025765,3.730542136339238,1.6103059581320451,1.093666129898014,0.3421900161030596,,,,,,
30,52.824745034889965,38.95598497047772,1.1003757380568975,3.6366076221148687,1.8719806763285025,1.107085346215781,0.5032206119162641,,,,,,
31,52.442297369833604,38.707729468599034,1.5029522275899088,3.743961352657005,2.1068169618894257,1.1272141706924315,0.36902844873859364,,,,,,
32,52.00617283950617,38.97611379495437,1.5297906602254427,3.7640901771336552,2.227589908749329,1.1205045625335481,0.36902844873859364,0.0067096081588835215,,,,,
33,51.65727321524423,38.499731615673646,1.6841116478797638,4.455179817498658,2.26784755770263,1.0131508319914118,0.41599570585077833,0.0067096081588835215,,,,,
34,49.8389694041868,39.99597423510467,1.6706924315619969,4.790660225442834,2.301395598497048,0.95276435856146,0.4428341384863124,0.0067096081588835215,,,,,
35,49.85238862050456,39.734299516908216,1.865271068169619,4.804079441760601,2.2611379495437465,0.9863123993558777,0.48980139559849706,0.0067096081588835215,,,,,
36,49.261943102522814,39.62023617820719,1.8317230273752012,5.22007514761138,2.328234031132582,1.2412775093934514,0.48980139559849706,0.0067096081588835215,,,,,
37,47.83279656468062,41.1634460547504,1.6103059581320451,5.233494363929147,2.0933977455716586,1.107085346215781,0.95276435856146,0.0067096081588835215,,,,,
38,47.59125067096082,41.14331723027375,1.5901771336553945,5.394524959742351,2.1135265700483092,1.1406333870101986,1.0198604401502953,0.0067096081588835215,,,,,
39,47.698604401502955,40.90848094471283,1.6170155662909287,5.347557702630167,2.187332259796028,1.133923778851315,1.1003757380568975,0.0067096081588835215,,,,,
40,47.02093397745572,41.34460547504026,1.570048309178744,5.35426731078905,2.341653247450349,1.0534084809447128,1.3083735909822867,0.0067096081588835215,,,,,
41,46.846484165324746,39.64036500268384,1.6035963499731616,7.092055823939882,2.4154589371980677,1.0332796564680622,1.3486312399355878,0.0067096081588835215,0.013419216317767043,,,,
42,44.826892109500804,41.378153515834676,1.6371443907675791,6.823671497584541,2.677133655394525,1.2546967257112185,1.3955984970477724,0.0067096081588835215,,,,,
43,44.31025228126678,41.41170155662909,1.6572732152442298,7.232957595276436,2.703972088030059,1.3217928073000538,1.3553408480944713,0.0067096081588835215,,,,,
44,44.26999463231347,41.217122920021474,1.6572732152442298,7.320182501341922,2.8113258185721954,1.3217928073000538,1.3687600644122384,0.0067096081588835215,0.026838432635534086,,,,
45,43.33735909822866,42.371175523349436,1.6505636070853462,7.0383789586688135,2.818035426731079,1.3486312399355878,1.402308105206656,0.0067096081588835215,0.026838432635534086,,,,
46,40.351583467525494,44.81347289318304,1.6975308641975309,7.27992485238862,2.818035426731079,1.3754696725711217,1.6304347826086956,0.0067096081588835215,0.026838432635534086,,,,
47,40.33816425120773,44.518250134192165,1.6841116478797638,7.306763285024155,2.871712292002147,1.42914653784219,1.778046162104133,0.0067096081588835215,0.06709608158883522,,,,
48,37.546967257112186,46.464036500268385,2.0665593129361244,7.434245840042942,3.1199677938808374,1.4694041867954912,1.8250134192163177,0.0067096081588835215,0.06709608158883522,,,,
49,37.17122920021471,46.846484165324746,2.046430488459474,7.4208266237251745,3.1602254428341383,1.442565754159957,1.8317230273752012,0.0067096081588835215,0.07380568974771873,,,,
50,36.90955448201825,46.13526570048309,2.0397208803005906,7.722758990874933,3.656736446591519,1.5365002683843263,1.8988191089640365,0.0067096081588835215,0.0939345142243693,,,,
51,36.85587761674718,45.779656468062264,2.0397208803005906,8.024691358024691,3.7104133118625873,1.556629092860977,1.9457863660762211,0.0067096081588835215,0.08051529790660225,,,,
52,36.61433172302738,45.3569511540526,1.9927536231884058,8.387010198604402,3.864734299516908,1.6237251744498122,2.073268921095008,0.0067096081588835215,0.08051529790660225,,,,
53,31.776704240472355,50.905797101449274,1.8518518518518519,8.017981749865807,3.7775093934514223,1.6103059581320451,1.9860440150295222,,0.07380568974771873,,,,
54,31.816961889425656,49.986580783682236,2.4020397208803006,8.031400966183575,3.938539989264627,1.6639828234031133,2.059849704777241,,0.10064412238325282,,,,
55,31.76328502415459,49.67793880837359,2.5161030595813205,8.071658615136876,4.079441760601181,1.6639828234031133,2.1269457863660763,,0.10064412238325282,,,,
56,31.87734836285561,49.22839506172839,2.5697799248523885,8.05823939881911,4.394793344068707,1.6438539989264627,2.1269457863660763,,0.10064412238325282,,,,
57,31.702898550724637,49.308910359635,2.3886205045625335,7.977724100912507,4.468599033816425,1.6706924315619969,2.1806226516371443,,0.30193236714975846,,,,
58,31.776704240472355,48.94659151905529,2.442297369833602,7.937466451959206,4.602791196994096,1.6706924315619969,2.3215244229736984,,0.30193236714975846,,,,
59,29.334406870638755,52.09339774557166,2.1269457863660763,7.729468599033816,4.5960815888352125,1.6237251744498122,2.1739130434782608,0.020128824476650563,0.30193236714975846,,,,
60,25.161030595813205,54.87788513150832,3.2206119162640903,7.695920558239399,4.864465915190553,1.6505636070853462,2.1135265700483092,0.020128824476650563,0.3757380568974772,0.020128824476650563,,,
61,23.89291465378422,55.475040257648956,3.4017713365539453,7.306763285024155,4.87788513150832,1.6371443907675791,2.9589371980676327,0.020128824476650563,0.4092860976918948,0.020128824476650563,,,
62,23.718464841653248,55.68974771873322,3.408480944712829,7.105475040257649,5.025496511003757,1.6103059581320451,3.0193236714975846,0.020128824476650563,0.3824476650563607,0.020128824476650563,,,
63,23.738593666129898,55.58239398819109,3.3950617283950617,7.085346215780999,5.146269457863661,1.6103059581320451,3.0059044551798175,0.020128824476650563,0.36902844873859364,0.04696725711218465,,,
64,23.718464841653248,55.2938808373591,3.3279656468062266,7.14573268921095,5.360976918947934,1.6505636070853462,3.0327428878153517,0.04696725711218465,0.36902844873859364,0.05367686527106817,,,
65,23.731884057971016,54.61621041331186,3.33467525496511,7.326892109500805,5.723295759527644,1.751207729468599,3.0327428878153517,0.03354804079441761,0.39586688137412773,0.05367686527106817,,,
66,23.74530327428878,54.206924315619965,3.3548040794417604,7.326892109500805,5.595813204508857,1.8988191089640365,3.33467525496511,0.03354804079441761,0.4227053140096618,0.08051529790660225,,,
67,23.523886205045624,53.676865271068166,3.374932903918411,7.7898550724637685,5.770263016639828,1.9122383252818036,3.4017713365539453,0.03354804079441761,0.43612453032742887,0.08051529790660225,,,
68,23.483628556092324,53.227321524422976,3.33467525496511,7.776435856146001,5.71658615136876,2.2611379495437465,3.6231884057971016,0.03354804079441761,0.4227053140096618,0.12077294685990338,,,
69,23.544015029522274,52.851583467525494,3.435319377348363,7.742887815351583,5.917874396135265,2.2879763821792807,3.643317230273752,0.03354804079441761,0.4227053140096618,0.12077294685990338,,,
70,23.617820719269993,52.623456790123456,3.388352120236178,7.7898550724637685,5.964841653247451,2.341653247450349,3.670155662909286,0.03354804079441761,0.46296296296296297,0.10735373054213634,,,
71,23.403113258185723,51.2614063338701,3.2675791733762747,9.688674181427805,5.703166935050993,2.328234031132582,3.743961352657005,0.03354804079441761,0.46296296296296297,0.10735373054213634,,,
72,23.336017176596886,50.86553945249597,3.515834675254965,9.816156736446592,5.756843800322061,2.3483628556092326,3.7573805689747717,0.03354804079441761,0.46296296296296297,0.10735373054213634,,,
73,22.282608695652176,48.7788513150832,3.488996242619431,13.036768652710682,5.911164787976382,2.3349436392914655,3.515834675254965,0.03354804079441761,0.5099302200751477,0.10735373054213634,,,
74,22.108158883521202,48.83252818035427,3.44873859366613,13.009930220075148,5.9514224369296835,2.428878153515835,3.549382716049383,0.03354804079441761,0.5300590445517982,0.10735373054213634,,,
75,22.114868491680085,48.64465915190553,3.488996242619431,12.962962962962964,6.045356951154052,2.4490069779924855,3.5963499731615673,0.03354804079441761,0.5568974771873323,0.10735373054213634,,,
76,22.114868491680085,48.2085346215781,3.911701556629093,12.822061191626409,6.139291465378422,2.5026838432635534,3.603059581320451,0.03354804079441761,0.5367686527106817,0.1274825550187869,,,
77,21.85990338164251,47.81266774020397,4.240472356414386,12.795222758990874,6.3070316693505095,2.636876006441224,3.6366076221148687,0.03354804079441761,0.5501878690284487,0.1274825550187869,,,
78,21.886741814278047,47.436929683306495,4.2270531400966185,12.721417069243156,6.387546967257112,2.885131508319914,3.7037037037037037,0.03354804079441761,0.5904455179817498,0.1274825550187869,,,
79,21.75925925925926,47.36983360171766,4.180085882984434,12.674449812130971,6.327160493827161,3.012614063338701,3.7775093934514223,0.06038647342995169,0.6776704240472357,0.1610305958132045,,,
80,21.095008051529792,48.631239935587764,4.341116478797638,12.00348899624262,6.266774020397209,3.0059044551798175,3.770799785292539,0.06038647342995169,0.6374127750939346,0.1878690284487386,,,
81,21.20907139023081,48.48362855609233,4.300858829844337,11.936392914653783,6.246645195920558,3.0394524959742353,3.851315083199141,0.06038647342995169,0.6843800322061192,0.1878690284487386,,,
82,21.215780998389693,48.19511540526033,4.294149221685454,11.896135265700483,6.528448738593666,3.0394524959742353,3.9184111647879765,0.06038647342995169,0.6642512077294686,0.1878690284487386,,,
83,20.967525496511005,48.04079441760601,4.569243156199678,11.876006441223833,6.561996779388084,3.113258185721954,3.9586688137412773,0.06038647342995169,0.6642512077294686,0.1878690284487386,,,
84,20.873590982286636,47.94685990338164,4.616210413311863,11.768652710681696,6.662640901771336,3.126677402039721,4.079441760601181,0.06038647342995169,0.6776704240472357,0.1878690284487386,,,
85,20.94068706387547,46.786097691894796,4.575952764358561,11.77536231884058,6.870638754696726,3.166935050993022,4.924852388620504,0.06038647342995169,0.7112184648416533,0.1878690284487386,,,
86,20.564949006977994,45.8064949006978,4.294149221685454,13.734567901234568,6.769994632313473,3.227321524422974,4.690016103059581,0.06038647342995169,0.6910896403650026,0.1610305958132045,,,
87,20.538110574342458,45.45759527643585,4.280730005367687,13.627214170692431,7.085346215780999,3.2474503488996245,4.790660225442834,0.06709608158883522,0.7447665056360708,0.1610305958132045,,,
88,20.578368223295758,45.07514761137949,4.327697262479871,13.801663982823403,7.071926999463232,3.240740740740741,4.924852388620504,0.06709608158883522,0.7246376811594203,0.18115942028985507,0.0067096081588835215,,
89,20.35024154589372,43.545356951154055,4.394793344068707,14.714170692431562,7.481213097155126,3.4151905528717124,5.166398282340311,0.06709608158883522,0.6776704240472357,0.18115942028985507,0.0067096081588835215,,
90,20.303274288781534,43.37761674718197,4.314278046162104,14.9020397208803,7.601986044015029,3.4017713365539453,5.139559849704777,0.06709608158883522,0.7045088566827697,0.18115942028985507,0.0067096081588835215,,
91,20.21604938271605,42.129629629629626,4.30756843800322,16.545893719806763,7.25979602791197,3.4151905528717124,5.173107890499195,0.06709608158883522,0.6977992485238862,0.18115942028985507,0.0067096081588835215,,
92,20.1959205582394,41.90150295222759,4.320987654320987,16.49892646269458,7.179280730005368,3.5963499731615673,5.287171229200215,0.06709608158883522,0.7447665056360708,0.20128824476650564,0.0067096081588835215,,
93,20.21604938271605,41.606280193236714,4.300858829844337,16.445249597423512,7.212828770799785,3.898282340311326,5.213365539452496,0.06709608158883522,0.798443370907139,0.23483628556092323,0.0067096081588835215,,
94,20.343531937734838,41.29092860976919,4.502147074610843,16.364734299516908,7.199409554482019,3.911701556629093,5.253623188405797,0.06709608158883522,0.8252818035426731,0.23483628556092323,0.0067096081588835215,,
95,19.216317767042405,47.43022007514761,5.226784755770263,12.365807836822329,6.629092860976919,3.7372517444981215,4.38137412775094,0.06709608158883522,0.7246376811594203,0.2147074610842727,0.0067096081588835215,,
96,19.07541599570585,47.36983360171766,5.213365539452496,12.412775093934513,6.588835212023618,3.844605475040258,4.461889425657541,0.06709608158883522,0.7447665056360708,0.2147074610842727,0.0067096081588835215,,
97,18.431293612453032,48.31588835212023,5.22007514761138,12.030327428878154,6.515029522275899,3.978797638217928,4.4753086419753085,0.06709608158883522,0.7447665056360708,0.2147074610842727,0.0067096081588835215,,
98,18.377616747181964,47.75228126677402,5.233494363929147,12.016908212560386,7.098765432098766,3.9720880300590444,4.435050993022007,0.06709608158883522,0.8118625872249061,0.2147074610842727,0.020128824476650563,,
99,18.209876543209877,47.36312399355877,5.555555555555555,11.98336017176597,7.132313472893183,4.005636070853462,4.622920021470746,0.08051529790660225,0.8118625872249061,0.2147074610842727,0.020128824476650563,,
100,18.04213633923779,47.38325281803543,5.5689747718733225,11.936392914653783,7.199409554482019,4.03918411164788,4.64975845410628,0.08051529790660225,0.8387010198604401,0.23483628556092323,0.020128824476650563,0.0067096081588835215,
101,18.02871712292002,47.074610842726784,5.622651637144391,11.90955448201825,7.521470746108427,4.032474503488996,4.616210413311863,0.08051529790660225,0.8521202361782072,0.23483628556092323,0.020128824476650563,0.0067096081588835215,
102,18.055555555555557,46.91358024691358,5.689747718733226,11.855877616747183,7.561728395061729,4.012345679012346,4.64975845410628,0.08051529790660225,0.8856682769726248,0.2683843263553409,0.020128824476650563,0.0067096081588835215,
103,18.08239398819109,46.3768115942029,5.642780461621041,11.990069779924852,7.648953301127214,4.019055287171229,4.958400429414922,0.08051529790660225,0.9057971014492754,0.2683843263553409,0.020128824476650563,0.0067096081588835215,
104,17.834138486312398,44.96108427267848,5.662909286097692,14.049919484702093,7.407407407407407,4.005636070853462,4.777241009125067,0.08051529790660225,0.9460547504025765,0.2549651100375738,0.020128824476650563,,
105,17.820719269994633,44.85373054213634,5.689747718733226,13.989533011272142,7.467793880837359,4.005636070853462,4.804079441760601,0.08051529790660225,1.0131508319914118,0.2549651100375738,0.020128824476650563,,
106,17.827428878153516,44.296833064949006,6.025228126677402,13.828502415458937,7.514761137949543,4.3545356951154055,4.750402576489533,0.08051529790660225,1.0466988727858293,0.2549651100375738,0.020128824476650563,,
107,17.156468062265162,43.001878690284485,5.730005367686527,16.27750939345142,7.588566827697263,4.394793344068707,4.367954911433173,0.08051529790660225,1.1003757380568975,0.2549651100375738,0.020128824476650563,0.026838432635534086,
108,17.14975845410628,42.612721417069245,5.709876543209877,16.371443907675793,7.320182501341922,4.408212560386473,4.985238862050457,0.08051529790660225,1.0869565217391304,0.2281266774020397,0.020128824476650563,0.026838432635534086,
109,17.19001610305958,42.20343531937735,6.005099302200751,16.203703703703702,7.313472893183038,4.562533548040794,5.0791733762748255,0.08051529790660225,1.0601180891035964,0.2549651100375738,0.020128824476650563,0.026838432635534086,
110,17.297369833601717,42.13633923778851,5.978260869565218,16.09634997316157,7.360440150295223,4.542404723564144,5.0791733762748255,0.08051529790660225,1.1272141706924315,0.2549651100375738,0.020128824476650563,0.026838432635534086,
111,17.20343531937735,42.210144927536234,5.964841653247451,15.982286634460548,7.4006977992485234,4.542404723564144,5.045625335480408,0.08051529790660225,1.2278582930756843,0.2952227589908749,0.020128824476650563,0.026838432635534086,
112,17.06924315619968,41.86124530327429,6.320450885668277,15.848094471282877,7.561728395061729,4.555823939881911,5.0858829844337095,0.08051529790660225,1.3016639828234031,0.2683843263553409,0.020128824476650563,0.026838432635534086,
113,16.760601180891037,39.72758990874933,7.64224369296833,17.163177670424048,7.541599570585078,4.528985507246377,4.944981213097155,0.08051529790660225,1.2949543746645196,0.2683843263553409,0.020128824476650563,0.026838432635534086,
114,16.888083735909824,39.439076757917334,7.709339774557166,17.136339237788512,7.541599570585078,4.555823939881911,5.018786902844874,0.08051529790660225,1.3016639828234031,0.2683843263553409,0.03354804079441761,0.026838432635534086,
115,16.09634997316157,39.210950080515296,7.098765432098766,18.840579710144926,7.367149758454106,4.74369296833065,4.931561996779388,0.08051529790660225,1.2412775093934514,0.2885131508319914,0.03354804079441761,0.06709608158883522,
116,16.150026838432634,39.00295222758991,7.105475040257649,18.71309715512614,7.461084272678476,4.683306494900698,5.139559849704777,0.07380568974771873,1.261406333870102,0.2885131508319914,0.040257648953301126,0.08051529790660225,
117,15.626677402039721,40.3918411164788,6.971282877079979,18.16290928609769,7.273215244229737,4.549114331723027,5.280461621041331,0.06038647342995169,1.2949543746645196,0.30864197530864196,0.040257648953301126,0.040257648953301126,
118,15.619967793880837,40.00939345142244,7.246376811594203,18.02871712292002,7.628824476650563,4.468599033816425,5.260332796564681,0.06038647342995169,1.2815351583467525,0.30864197530864196,0.04696725711218465,0.040257648953301126,
119,15.58641975308642,39.44578636607622,7.648953301127214,17.773752012882447,7.7831454643048845,4.461889425657541,5.46833064949007,0.06038647342995169,1.3687600644122384,0.3153515834675255,0.04696725711218465,0.040257648953301126,
120,15.666935050993022,39.170692431561996,7.601986044015029,17.49194847020934,8.239398819108963,4.4753086419753085,5.501878690284487,0.06038647342995169,1.3888888888888888,0.3153515834675255,0.04696725711218465,0.040257648953301126,
121,15.747450348899624,39.07675791733763,7.648953301127214,17.398013955984972,8.185721953837897,4.488727858293076,5.548845947396672,0.06038647342995169,1.4358561460010735,0.322061191626409,0.04696725711218465,0.040257648953301126,
122,15.49248523886205,39.10359634997316,7.843531937734836,17.257112184648417,8.219269994632313,4.569243156199678,5.548845947396672,0.06038647342995169,1.4962426194310252,0.322061191626409,0.04696725711218465,0.040257648953301126,
123,15.653515834675256,39.070048309178745,7.75630703166935,17.183306494900698,8.199141170155663,4.62962962962963,5.548845947396672,0.06038647342995169,1.5096618357487923,0.30193236714975846,0.04696725711218465,0.040257648953301126,
124,15.633387010198604,38.097155126140635,7.6556629092860975,18.00858829844337,8.158883521202362,4.810789049919484,5.703166935050993,0.06038647342995169,1.4694041867954912,0.3153515834675255,0.04696725711218465,0.040257648953301126,
125,15.653515834675256,37.88244766505636,7.548309178743962,17.961621041331185,8.28636607622115,4.904723564143854,5.884326355340848,0.06038647342995169,1.415727321524423,0.3153515834675255,0.04696725711218465,0.040257648953301126,
126,15.660225442834138,37.56038647342995,7.521470746108427,17.98174986580784,8.474235104669887,5.045625335480408,5.864197530864198,0.06038647342995169,1.42914653784219,0.3153515834675255,0.04696725711218465,0.040257648953301126,
127,15.230810520665592,35.99704777241009,6.78341384863124,20.041599570585078,8.440687063875469,5.0858829844337095,6.575415995705851,0.08051529790660225,1.402308105206656,0.2885131508319914,0.03354804079441761,0.040257648953301126,
128,15.331454643048845,35.81588835212023,6.776704240472356,19.961084272678477,8.521202361782072,5.12614063338701,6.541867954911433,0.08051529790660225,1.4559849704777241,0.3153515834675255,0.03354804079441761,0.040257648953301126,
129,14.868491680085883,38.18438003220612,6.132581857219538,19.49141170155663,8.011272141706923,4.8376274825550185,6.461352657004831,0.08051529790660225,1.4962426194310252,0.35560923242082665,0.040257648953301126,0.040257648953301126,
130,14.76784755770263,37.5402576489533,6.152710681696189,19.920826623725173,7.944176060118089,5.173107890499195,6.347289318303811,0.11406333870101985,1.5767579173376274,0.35560923242082665,0.06709608158883522,0.040257648953301126,
131,14.74771873322598,37.063875469672574,6.387546967257112,19.806763285024154,8.279656468062266,5.173107890499195,6.3070316693505095,0.11406333870101985,1.6371443907675791,0.35560923242082665,0.06709608158883522,0.06038647342995169,
132,14.761137949543746,36.77536231884058,6.508319914117015,19.685990338164252,8.413848631239935,5.119431025228127,6.474771873322598,0.11406333870101985,1.6639828234031133,0.35560923242082665,0.06709608158883522,0.06038647342995169,
133,14.774557165861514,36.54723564143854,6.528448738593666,19.585346215780998,8.514492753623188,5.193236714975845,6.561996779388084,0.11406333870101985,1.6975308641975309,0.3488996242619431,0.07380568974771873,0.06038647342995169,
134,14.754428341384862,36.32581857219538,6.501610305958132,19.51154052603328,8.68894256575416,5.246913580246914,6.649221685453569,0.13419216317767044,1.710950080515298,0.33548040794417605,0.08051529790660225,0.06038647342995169,
135,14.781266774020397,36.131239935587764,6.749865807836822,19.464573268921097,8.722490606548577,5.2066559312936125,6.622383252818035,0.13419216317767044,1.7176596886741815,0.32877079978529256,0.08051529790660225,0.06038647342995169,
136,14.969135802469136,35.95679012345679,6.723027375201288,19.30354267310789,8.80300590445518,5.246913580246914,6.629092860976919,0.13419216317767044,1.7914653784219001,0.30193236714975846,0.08051529790660225,0.06038647342995169,
137,14.895330112721417,35.50053676865271,6.749865807836822,19.26328502415459,9.158615136876007,5.24020397208803,6.763285024154589,0.13419216317767044,1.8518518518518519,0.30193236714975846,0.08051529790660225,0.06038647342995169,
138,14.88191089640365,35.21202361782072,7.615405260332796,18.894256575415994,9.131776704240472,5.2066559312936125,6.743156199677939,0.13419216317767044,1.737788513150832,0.30193236714975846,0.08051529790660225,0.06038647342995169,
139,14.935587761674718,34.88325281803543,7.628824476650563,18.679549114331724,9.406870638754697,5.267042404723564,6.823671497584541,0.13419216317767044,1.7847557702630166,0.30193236714975846,0.0939345142243693,0.06038647342995169,
140,14.97584541062802,34.75577026301664,7.608695652173913,18.61916264090177,9.353193773483628,5.360976918947934,6.991411701556629,0.13419216317767044,1.7914653784219001,0.24825550187869028,0.0939345142243693,0.06709608158883522,
141,15.083199141170155,34.675254965110035,7.588566827697263,18.572195383789587,9.31964573268921,5.414653784219001,6.977992485238862,0.13419216317767044,1.7981749865807837,0.28180354267310787,0.08722490606548577,0.06709608158883522,
142,15.03623188405797,34.41358024691358,7.581857219538379,18.625872249060656,9.31964573268921,5.669618894256575,6.998121309715513,0.13419216317767044,1.7981749865807837,0.2683843263553409,0.08722490606548577,0.06709608158883522,
143,14.895330112721417,36.95652173913044,7.011540526033279,17.418142780461622,9.16532474503489,5.5756843800322065,6.877348362855609,0.13419216317767044,1.5365002683843263,0.2549651100375738,0.08051529790660225,0.0939345142243693,
144,14.103596349973161,36.15807836822329,6.736446591519055,20.229468599033815,8.474235104669887,5.441492216854535,6.743156199677939,0.13419216317767044,1.5767579173376274,0.2281266774020397,0.08051529790660225,0.0939345142243693,
145,14.056629092860977,35.668276972624795,8.319914117015566,19.679280730005367,8.031400966183575,5.35426731078905,6.66935050993022,0.13419216317767044,1.6639828234031133,0.24825550187869028,0.08051529790660225,0.0939345142243693,
146,13.902308105206655,35.245571658615134,8.299785292538916,19.93424584004294,8.199141170155663,5.481749865807837,6.716317767042405,0.13419216317767044,1.6572732152442298,0.24825550187869028,0.08051529790660225,0.10064412238325282,
147,13.902308105206655,35.09125067096082,8.3467525496511,19.85373054213634,8.252818035426731,5.4616210413311865,6.823671497584541,0.13419216317767044,1.6774020397208802,0.24825550187869028,0.10735373054213634,0.10064412238325282,
148,13.935856146001074,34.88325281803543,8.749329039184111,19.73966720343532,8.225979602791197,5.434782608695652,6.769994632313473,0.13419216317767044,1.6706924315619969,0.24825550187869028,0.10735373054213634,0.10064412238325282,
149,14.056629092860977,34.628287707997856,8.682232957595277,19.652442297369834,8.36688137412775,5.4549114331723025,6.890767579173376,0.13419216317767044,1.6908212560386473,0.24825550187869028,0.0939345142243693,0.10064412238325282,
150,14.070048309178745,34.33977455716586,8.722490606548577,19.612184648416534,8.628556092324208,5.475040257648954,6.884057971014493,0.13419216317767044,1.724369296833065,0.2214170692431562,0.08722490606548577,0.10064412238325282,
151,14.04320987654321,34.23242082662372,8.749329039184111,19.592055823939884,8.608427267847558,5.381105743424584,7.0383789586688135,0.14761137949543746,1.7981749865807837,0.23483628556092323,0.07380568974771873,0.10064412238325282,
152,14.056629092860977,34.07139023081052,8.601717659688674,19.316961889425656,8.662104133118627,5.629361245303274,6.991411701556629,0.13419216317767044,2.1135265700483092,0.24825550187869028,0.07380568974771873,0.10064412238325282,
153,13.989533011272142,34.05797101449275,8.59500805152979,19.216317767042405,8.601717659688674,5.636070853462158,7.185990338164252,0.13419216317767044,2.1806226516371443,0.2281266774020397,0.07380568974771873,0.10064412238325282,
154,13.962694578636608,33.58829844337091,8.80300590445518,19.0150295222759,8.59500805152979,5.763553408480945,7.407407407407407,0.13419216317767044,2.341653247450349,0.2147074610842727,0.07380568974771873,0.10064412238325282,
155,13.868760064412239,33.4272678475577,8.923778851315083,18.840579710144926,8.588298443370908,5.770263016639828,7.521470746108427,0.13419216317767044,2.4825550187869028,0.2683843263553409,0.07380568974771873,0.10064412238325282,
156,13.841921631776705,33.293075684380035,9.145195920558239,18.666129898013956,8.702361782071927,5.622651637144391,7.548309178743962,0.13419216317767044,2.589908749329039,0.2885131508319914,0.06709608158883522,0.10064412238325282,
157,13.955984970477724,33.15217391304348,9.118357487922705,18.59903381642512,8.789586688137414,5.5756843800322065,7.608695652173913,0.12077294685990338,2.6033279656468062,0.30864197530864196,0.06709608158883522,0.10064412238325282,
158,14.023081052066559,32.6959205582394,9.27938808373591,18.377616747181964,8.876811594202898,5.857487922705314,7.709339774557166,0.12077294685990338,2.6167471819645733,0.2885131508319914,0.05367686527106817,0.10064412238325282,
159,14.056629092860977,32.648953301127214,9.212292002147075,18.38432635534085,8.76274825550188,5.9447128287707995,7.75630703166935,0.12077294685990338,2.6838432635534084,0.27509393451422437,0.05367686527106817,0.10064412238325282,
160,14.190821256038648,32.14573268921095,9.172034353193773,18.276972624798713,8.836553945249598,6.213097155126141,7.836822329575953,0.13419216317767044,2.7106816961889426,0.322061191626409,0.06038647342995169,0.10064412238325282,
161,14.217659688674182,31.850509930220074,9.07139023081052,18.06897477187332,8.890230810520666,6.367418142780462,8.11862587224906,0.13419216317767044,2.7308105206655933,0.36231884057971014,0.06038647342995169,0.1274825550187869,
162,14.17740203972088,31.548577563070317,9.29951690821256,17.834138486312398,8.917069243156199,6.353998926462695,8.21256038647343,0.13419216317767044,2.818035426731079,0.5166398282340311,0.06038647342995169,0.1274825550187869,
163,14.123725174449811,31.159420289855074,9.232420826623725,18.337359098228664,8.829844337090714,6.300322061191626,8.353462157809984,0.13419216317767044,2.871712292002147,0.4830917874396135,0.04696725711218465,0.1274825550187869,
164,14.123725174449811,31.072195383789587,9.192163177670425,18.303811057434245,8.789586688137414,6.4412238325281805,8.3064949006978,0.13419216317767044,2.9589371980676327,0.5032206119162641,0.04696725711218465,0.1274825550187869,
165,14.083467525496511,31.052066559312937,9.205582393988191,18.297101449275363,8.769457863660762,6.4345142243692965,8.340042941492216,0.13419216317767044,3.0059044551798175,0.5032206119162641,0.04696725711218465,0.1274825550187869,
166,14.150563607085346,30.709876543209877,9.131776704240472,18.256843800322063,8.943907675791733,6.468062265163715,8.454106280193237,0.11406333870101985,3.052871712292002,0.5367686527106817,0.04696725711218465,0.13419216317767044,
167,14.257917337627482,30.555555555555557,9.091519055287172,18.12265163714439,9.064680622651638,6.454643048845948,8.527911969940956,0.11406333870101985,3.0931293612453032,0.5367686527106817,0.04696725711218465,0.13419216317767044,
168,14.17740203972088,29.51556629092861,9.044551798174986,17.11621041331186,8.722490606548577,9.286097691894794,8.32662372517445,0.0939345142243693,2.9790660225442833,0.5636070853462157,0.040257648953301126,0.13419216317767044,
169,13.882179280730005,29.07944176060118,9.07139023081052,18.015297906602253,8.621846484165324,9.07139023081052,8.467525496511003,0.0939345142243693,2.985775630703167,0.5367686527106817,0.040257648953301126,0.13419216317767044,
170,13.982823403113258,28.951959205582394,9.084809447128288,17.860976918947934,8.702361782071927,9.064680622651638,8.494363929146537,0.12077294685990338,2.999194847020934,0.5636070853462157,0.040257648953301126,0.13419216317767044,
171,14.049919484702093,28.30112721417069,8.769457863660762,17.726784755770264,8.943907675791733,9.782608695652174,8.548040794417606,0.14761137949543746,2.9924852388620504,0.5636070853462157,0.040257648953301126,0.13419216317767044,
172,14.076757917337627,28.207192699946322,8.756038647342995,17.70665593129361,8.896940418679549,9.73564143853999,8.76274825550188,0.1274825550187869,2.9924852388620504,0.5501878690284487,0.040257648953301126,0.14761137949543746,
173,14.184111647879764,28.133387010198604,8.876811594202898,17.559044551798173,8.923778851315083,9.695383789586689,8.849973161567364,0.1610305958132045,2.8784219001610305,0.5501878690284487,0.040257648953301126,0.14761137949543746,
174,14.257917337627482,27.563070316693505,9.541062801932368,17.51207729468599,8.910359634997317,9.73564143853999,8.662104133118627,0.17444981213097155,2.8650026838432634,0.5501878690284487,0.040257648953301126,0.1878690284487386,
175,14.284755770263017,27.542941492216855,9.567901234567902,17.24369296833065,9.118357487922705,9.71551261406334,8.675523349436393,0.20799785292538917,2.8650026838432634,0.5501878690284487,0.040257648953301126,0.1878690284487386,
176,14.257917337627482,27.36849168008588,9.588030059044552,17.176596886741816,9.245840042941492,9.708803005904455,8.789586688137414,0.20799785292538917,2.885131508319914,0.5568974771873323,0.03354804079441761,0.18115942028985507,
177,14.325013419216317,27.214170692431562,9.574610842726784,17.196725711218466,9.27938808373591,9.796027911969942,8.789586688137414,0.1878690284487386,2.871712292002147,0.5568974771873323,0.03354804079441761,0.17444981213097155,
178,14.338432635534085,27.073268921095007,9.782608695652174,17.19001610305958,9.219001610305957,9.722222222222221,8.836553945249598,0.1878690284487386,2.831454643048846,0.5770263016639828,0.06709608158883522,0.17444981213097155,
179,14.392109500805153,27.012882447665056,9.728931830381105,17.196725711218466,9.158615136876007,9.796027911969942,8.890230810520666,0.1878690284487386,2.818035426731079,0.5770263016639828,0.06709608158883522,0.17444981213097155,
180,14.2914653784219,26.78475577026302,9.836285560923242,17.47181964573269,9.057971014492754,9.903381642512077,8.82313472893183,0.1878690284487386,2.8247450348899625,0.5770263016639828,0.06709608158883522,0.17444981213097155,
181,14.345142243692969,26.590177133655395,9.863123993558776,17.485238862050455,9.01100375738057,9.88996242619431,8.977455716586151,0.1878690284487386,2.818035426731079,0.5904455179817498,0.06709608158883522,0.17444981213097155,
182,14.325013419216317,26.50966183574879,9.863123993558776,17.371175523349436,9.145195920558239,9.936929683306495,9.044551798174986,0.13419216317767044,2.8113258185721954,0.6172839506172839,0.06709608158883522,0.17444981213097155,
183,14.371980676328503,26.476113794954376,9.863123993558776,17.364465915190554,9.084809447128288,9.916800858829845,9.091519055287172,0.14761137949543746,2.85829307568438,0.6172839506172839,0.03354804079441761,0.17444981213097155,
184,14.526301663982823,26.133923778851315,9.762479871175524,17.337627482555018,9.044551798174986,10.091250670960816,9.232420826623725,0.14761137949543746,2.8918411164787976,0.6239935587761675,0.03354804079441761,0.17444981213097155,
185,14.573268921095009,26.10708534621578,9.789318303811058,17.277241009125067,9.024422973698336,10.077831454643048,9.212292002147075,0.14761137949543746,2.9052603327965647,0.6374127750939346,0.03354804079441761,0.2147074610842727,
186,14.51959205582394,25.91250670960816,9.822866344605474,17.24369296833065,9.098228663446054,10.151637144390767,9.27938808373591,0.14761137949543746,2.871712292002147,0.6709608158883521,0.03354804079441761,0.24825550187869028,
187,14.606816961889425,25.771604938271604,9.796027911969942,17.163177670424048,9.024422973698336,10.205314009661835,9.326355340848094,0.18115942028985507,2.999194847020934,0.644122383252818,0.03354804079441761,0.24825550187869028,
188,14.190821256038648,27.932098765432098,9.5276435856146,16.901502952227588,9.01100375738057,9.111647879763822,9.225711218464841,0.15432098765432098,3.0327428878153517,0.630703166935051,0.03354804079441761,0.24825550187869028,
189,14.190821256038648,27.49597423510467,10.433440687063875,16.72705314009662,8.977455716586151,9.01100375738057,9.017713365539452,0.14761137949543746,2.9723564143853998,0.7447665056360708,0.03354804079441761,0.24825550187869028,
190,14.190821256038648,27.361782071927,10.72866344605475,16.646537842190018,8.93719806763285,8.977455716586151,9.037842190016104,0.14761137949543746,2.952227589908749,0.7380568974771873,0.03354804079441761,0.24825550187869028,
191,14.15727321524423,27.13365539452496,10.735373054213634,16.63311862587225,9.138486312399356,8.977455716586151,9.064680622651638,0.14761137949543746,2.999194847020934,0.7313472893183038,0.03354804079441761,0.24825550187869028,
192,14.056629092860977,27.200751476113794,10.86285560923242,16.505636070853463,9.16532474503489,8.950617283950617,9.091519055287172,0.14761137949543746,3.0059044551798175,0.7313472893183038,0.03354804079441761,0.24825550187869028,
193,13.969404186795492,27.093397745571657,10.782340311325818,16.67337627482555,9.111647879763822,9.01100375738057,9.125067096081589,0.10064412238325282,3.0327428878153517,0.7716049382716049,0.06038647342995169,0.2683843263553409,
194,14.070048309178745,26.90552871712292,10.641438539989265,16.451959205582394,9.125067096081589,9.037842190016104,9.41358024691358,0.10064412238325282,3.099838969404187,0.8252818035426731,0.06038647342995169,0.2683843263553409,
195,14.11701556629093,26.549919484702095,10.909822866344605,16.264090177133657,9.400161030595813,9.01100375738057,9.426999463231347,0.10064412238325282,3.0394524959742353,0.8387010198604401,0.06038647342995169,0.2683843263553409,0.013419216317767043
196,13.902308105206655,29.146537842190018,10.473698336017177,15.94873859366613,9.198872785829307,8.393719806763285,8.776167471819646,0.10064412238325282,2.952227589908749,0.7648953301127214,0.06038647342995169,0.2683843263553409,0.013419216317767043
197,13.94927536231884,29.09286097691895,10.466988727858293,15.94873859366613,9.078099838969404,8.447396672034353,8.789586688137414,0.11406333870101985,2.965646806226516,0.8051529790660226,0.06038647342995169,0.2683843263553409,0.013419216317767043
198,13.875469672571121,28.958668813741276,10.413311862587225,16.109769189479334,9.004294149221685,8.447396672034353,8.923778851315083,0.11406333870101985,3.012614063338701,0.8051529790660226,0.05367686527106817,0.2683843263553409,0.013419216317767043
199,13.754696725711218,28.24074074074074,12.117552334943639,15.921900161030596,8.507783145464305,8.407139023081053,8.796296296296296,0.11406333870101985,2.9924852388620504,0.7917337627482555,0.040257648953301126,0.30193236714975846,0.013419216317767043
