,45,50,55,51,56,52,57,53,58,59,60,54,62,46,61
0,99.2216854535695,0.7783145464304885,,,,,,,,,,,,,
1,81.76328502415458,18.136070853462158,0.10064412238325282,,,,,,,,,,,,
2,74.32232957595276,25.55689747718733,0.10064412238325282,0.020128824476650563,,,,,,,,,,,
3,74.3491680085883,25.5300590445518,0.10064412238325282,0.020128824476650563,,,,,,,,,,,
4,62.80864197530864,25.140901771336555,0.12077294685990338,11.929683306494901,,,,,,,,,,,
5,50.657541599570585,29.918142780461622,0.10064412238325282,19.249865807836823,0.07380568974771873,,,,,,,,,,
6,50.691089640365,29.528985507246375,0.8454106280193237,13.298443370907139,0.07380568974771873,5.562265163714439,,,,,,,,,
7,46.866612989801396,27.616747181964573,0.9057971014492754,18.9747718733226,0.07380568974771873,5.562265163714439,,,,,,,,,
8,46.61835748792271,27.737520128824478,0.6374127750939346,18.820450885668276,0.2147074610842727,5.938003220611916,0.03354804079441761,,,,,,,,
9,40.04965110037574,21.054750402576488,0.5501878690284487,32.39398819108964,,5.917874396135265,0.03354804079441761,,,,,,,,
10,40.04965110037574,20.9272678475577,0.5703166935050993,32.098765432098766,0.4025764895330113,5.917874396135265,0.03354804079441761,,,,,,,,
11,39.60681696188943,20.719269994632313,0.5703166935050993,32.058507783145465,0.4025764895330113,6.608964036500268,0.03354804079441761,,,,,,,,
12,39.62694578636608,20.679012345679013,0.5971551261406334,31.91760601180891,0.5367686527106817,6.608964036500268,0.03354804079441761,,,,,,,,
13,39.71417069243156,20.652173913043477,0.5971551261406334,31.87734836285561,0.5367686527106817,6.575415995705851,0.04696725711218465,,,,,,,,
14,8.152173913043478,53.14680622651637,0.5971551261406334,23.65136876006441,0.7514761137949544,13.654052603327965,0.04696725711218465,,,,,,,,
15,8.21256038647343,53.14009661835749,0.5971551261406334,23.597691894793343,0.7514761137949544,13.654052603327965,0.04696725711218465,,,,,,,,
16,6.474771873322598,48.75872249060655,0.8454106280193237,30.48174986580784,0.18115942028985507,13.211218464841654,0.04696725711218465,,,,,,,,
17,6.535158346752549,48.59769189479334,1.0198604401502953,24.966451959205582,0.2214170692431562,18.57890499194847,0.08051529790660225,,,,,,,,
18,6.541867954911433,41.00912506709608,0.9863123993558777,24.93961352657005,0.2214170692431562,18.5654857756307,0.08051529790660225,7.6556629092860975,,,,,,,
19,6.696188942565755,33.60842726784756,8.353462157809984,24.838969404186795,0.2616747181964573,18.51851851851852,0.08051529790660225,7.64224369296833,,,,,,,
20,6.78341384863124,33.467525496511,8.232689210950081,24.805421363392377,0.2952227589908749,18.511808910359633,0.08051529790660225,7.5348899624261945,0.1274825550187869,0.1610305958132045,,,,,
21,6.89747718733226,33.393719806763286,8.246108427267847,24.771873322597962,0.3153515834675255,18.438003220611915,0.11406333870101985,7.5348899624261945,0.1274825550187869,0.1610305958132045,,,,,
22,6.984702093397746,33.03811057434246,8.501073537305421,24.55716586151369,0.5636070853462157,18.38432635534085,0.11406333870101985,7.5348899624261945,0.1274825550187869,0.1610305958132045,0.03354804079441761,,,,
23,7.051798174986581,32.68250134192163,8.80300590445518,24.54374664519592,0.5636070853462157,18.38432635534085,0.11406333870101985,7.5348899624261945,0.1274825550187869,0.1610305958132045,0.03354804079441761,,,,
24,6.998121309715513,32.67579173376275,8.80300590445518,27.89855072463768,0.6843800322061192,14.97584541062802,0.11406333870101985,7.065217391304348,0.15432098765432098,0.5971551261406334,0.03354804079441761,,,,
25,6.91760601180891,31.66935050993022,8.78287707997853,24.90606548577563,0.9997316156736447,14.432367149758454,0.11406333870101985,11.392914653784219,0.15432098765432098,0.5971551261406334,0.03354804079441761,,,,
26,6.025228126677402,29.817498658078367,7.206119162640902,29.240472356414386,0.8319914117015567,14.418947933440688,0.2952227589908749,11.379495437466453,0.15432098765432098,0.5971551261406334,0.03354804079441761,,,,
27,6.152710681696189,29.502147074610843,7.253086419753086,28.77750939345142,1.7579173376274826,14.096886741814279,0.2952227589908749,11.379495437466453,0.15432098765432098,0.5971551261406334,0.03354804079441761,,,,
28,6.1862587224906065,29.49543746645196,7.246376811594203,28.166935050993022,1.6706924315619969,13.285024154589372,0.2952227589908749,12.869028448738593,0.15432098765432098,0.5971551261406334,0.03354804079441761,,,,
29,6.300322061191626,29.260601180891037,7.447665056360709,25.87224906065486,1.6706924315619969,13.251476113794954,0.32877079978529256,15.042941492216855,0.18115942028985507,0.6105743424584005,0.03354804079441761,,,,
30,6.360708534621578,29.186795491143318,7.514761137949543,25.831991411701555,1.6706924315619969,13.238056897477188,0.32877079978529256,15.042941492216855,0.18115942028985507,0.6105743424584005,0.03354804079441761,,,,
31,6.387546967257112,29.146537842190018,7.501341921631776,30.495169082125603,1.4358561460010735,11.372785829307569,0.2952227589908749,12.5402576489533,0.18115942028985507,0.6105743424584005,0.03354804079441761,,,,
32,4.05931293612453,15.908480944712828,1.6170155662909287,57.23295759527644,0.9192163177670424,15.841384863123993,0.06038647342995169,4.072732152442297,,0.2885131508319914,,,,,
33,3.435319377348363,10.809178743961352,1.5297906602254427,52.851583467525494,1.4694041867954912,20.50456253354804,0.08722490606548577,2.589908749329039,0.05367686527106817,,,6.66935050993022,,,
34,3.4957058507783145,10.809178743961352,1.5297906602254427,52.77106816961889,1.5029522275899088,20.497852925389157,0.08722490606548577,2.563070316693505,0.08051529790660225,,,6.662640901771336,,,
35,0.9326355340848095,5.964841653247451,1.288244766505636,51.09366612989801,1.3821792807300053,29.97181964573269,0.08722490606548577,2.563070316693505,0.08051529790660225,,,6.635802469135802,,,
36,1.06682769726248,5.9514224369296835,1.288244766505636,50.91250670960816,1.4626945786366077,29.965110037573805,0.08722490606548577,2.5496511003757383,0.08051529790660225,,,6.635802469135802,,,
37,0.8923778851315083,4.891304347826087,0.4562533548040794,69.30354267310788,1.6170155662909287,15.009393451422437,0.06709608158883522,2.5496511003757383,0.08051529790660225,,,5.132850241545894,,,
38,0.8655394524959742,4.891304347826087,0.4562533548040794,69.43102522812667,1.6035963499731616,15.009393451422437,0.06709608158883522,2.475845410628019,0.08051529790660225,,,5.119431025228127,,,
39,1.0265700483091786,4.8376274825550185,0.4562533548040794,69.33709071390231,1.6035963499731616,14.982555018786902,0.0939345142243693,2.462426194310252,0.08051529790660225,,,5.119431025228127,,,
40,1.1205045625335481,4.8376274825550185,0.8655394524959742,68.4447128287708,2.0933977455716586,14.949006977992486,0.0939345142243693,2.395330112721417,0.08051529790660225,,,5.119431025228127,,,
41,1.1808910359634996,4.804079441760601,0.6508319914117016,61.090982286634464,3.992216854535695,21.108427267847556,0.0939345142243693,1.8853998926462694,0.08051529790660225,,,5.112721417069243,,,
42,1.093666129898014,4.790660225442834,0.6508319914117016,72.41009125067096,3.6500268384326353,9.359903381642512,0.08051529790660225,1.8786902844873858,0.08051529790660225,,,6.005099302200751,,,
43,1.2077294685990339,4.542404723564144,0.6508319914117016,69.96108427267848,4.4753086419753085,12.93612453032743,0.1610305958132045,0.06038647342995169,,,,6.005099302200751,,,
44,1.2815351583467525,4.53569511540526,0.6508319914117016,69.84031132581858,4.528985507246377,12.882447665056361,0.2147074610842727,0.06038647342995169,,,,6.005099302200751,,,
45,1.3687600644122384,4.51556629092861,0.6508319914117016,66.37815351583467,8.031400966183575,12.76838432635534,0.2147074610842727,0.06038647342995169,,0.13419216317767044,,5.877616747181965,,,
46,1.3687600644122384,4.51556629092861,1.4962426194310252,62.0907139023081,7.387278582930757,16.854535695115406,0.2147074610842727,0.06038647342995169,,0.13419216317767044,,5.877616747181965,,,
47,1.415727321524423,4.51556629092861,2.24771873322598,61.16478797638218,7.521470746108427,16.780730005367687,0.28180354267310787,0.06038647342995169,,0.13419216317767044,,5.877616747181965,,,
48,1.5365002683843263,4.51556629092861,2.24771873322598,61.04401502952228,7.555018786902845,16.6935050993022,0.3421900161030596,0.06038647342995169,,0.13419216317767044,,5.870907139023081,,,
49,1.6237251744498122,4.374664519592056,3.4151905528717124,57.03166935050993,7.058507783145465,16.6935050993022,0.3421900161030596,4.562533548040794,,0.13419216317767044,0.13419216317767044,4.62962962962963,,,
50,1.710950080515298,4.367954911433173,3.4151905528717124,56.837090713902306,7.1725711218464845,16.6935050993022,0.3421900161030596,4.562533548040794,,0.13419216317767044,0.13419216317767044,4.62962962962963,,,
51,1.7914653784219001,4.367954911433173,3.4151905528717124,56.5955448201825,7.367149758454106,16.666666666666668,0.36902844873859364,4.528985507246377,,0.13419216317767044,0.13419216317767044,4.62962962962963,,,
52,1.8317230273752012,4.361245303274289,3.4151905528717124,54.64975845410628,7.253086419753086,16.666666666666668,0.36902844873859364,6.561996779388084,,0.13419216317767044,0.13419216317767044,4.622920021470746,,,
53,1.7176596886741815,4.327697262479871,3.1736446591519054,50.85882984433709,7.548309178743962,15.378421900161031,0.3421900161030596,13.39237788513151,,0.013419216317767043,0.13419216317767044,3.113258185721954,,,
54,1.6841116478797638,4.327697262479871,7.729468599033816,52.24771873322598,7.306763285024155,11.520397208803006,0.20799785292538917,11.714975845410628,,0.013419216317767043,0.13419216317767044,3.113258185721954,,,
55,1.7646269457863661,4.314278046162104,7.863660762211487,52.012882447665056,7.347020933977456,11.506977992485238,0.20799785292538917,11.688137412775093,0.03354804079441761,0.013419216317767043,0.13419216317767044,3.113258185721954,,,
56,1.8853998926462694,4.314278046162104,7.863660762211487,50.68438003220612,7.340311325818572,12.882447665056361,0.2952227589908749,11.681427804616211,0.03354804079441761,0.013419216317767043,0.13419216317767044,2.871712292002147,,,
57,2.0397208803005906,4.314278046162104,7.809983896940419,50.55018786902845,7.360440150295223,12.875738056897477,0.2952227589908749,11.647879763821793,0.06038647342995169,0.040257648953301126,0.13419216317767044,2.871712292002147,,,
58,1.6438539989264627,1.9592055823939882,6.870638754696726,38.66747181964573,10.513955984970478,18.612453032742888,0.32877079978529256,18.344068706387546,0.07380568974771873,0.026838432635534086,0.13419216317767044,2.8247450348899625,,,
59,1.6975308641975309,1.9592055823939882,6.870638754696726,38.55340848094471,10.601180891035963,18.50509930220075,0.38915727321524424,18.183038110574344,0.23483628556092323,0.026838432635534086,0.13419216317767044,2.8247450348899625,0.020128824476650563,,
60,1.7579173376274826,1.9592055823939882,6.870638754696726,38.499731615673646,10.63472893183038,18.250134192163177,0.644122383252818,18.169618894256576,0.23483628556092323,0.026838432635534086,0.13419216317767044,2.7979066022544283,0.020128824476650563,,
61,1.8853998926462694,1.9592055823939882,6.830381105743425,38.27831454643049,10.876274825550189,18.156199677938808,0.644122383252818,17.98174986580784,0.4294149221685454,0.026838432635534086,0.13419216317767044,2.7777777777777777,0.020128824476650563,,
62,1.8853998926462694,1.9592055823939882,6.830381105743425,38.22463768115942,9.98389694041868,19.108964036500268,0.644122383252818,17.887815351583466,0.5166398282340311,0.026838432635534086,0.13419216317767044,2.7777777777777777,0.020128824476650563,,
63,1.5499194847020934,0.8789586688137413,6.850509930220075,41.93505099302201,7.326892109500805,16.552603327965645,0.5300590445517982,15.183843263553408,0.4830917874396135,0.026838432635534086,0.10064412238325282,8.581588835212024,,,
64,1.6908212560386473,0.8789586688137413,6.850509930220075,41.888083735909824,7.27992485238862,16.42512077294686,0.6642512077294686,15.170424047235642,0.4830917874396135,0.026838432635534086,0.10064412238325282,8.541331186258722,,,
65,1.5499194847020934,0.7917337627482555,6.3070316693505095,51.55662909286098,3.978797638217928,18.67283950617284,0.6642512077294686,9.125067096081589,0.2616747181964573,0.020128824476650563,,7.071926999463232,,,
66,1.6438539989264627,0.7917337627482555,6.293612453032743,51.48282340311326,3.978797638217928,18.67283950617284,0.6642512077294686,9.111647879763822,0.2616747181964573,0.020128824476650563,0.013419216317767043,7.065217391304348,,,
67,1.6304347826086956,0.7917337627482555,5.46833064949007,51.1808910359635,4.139828234031133,18.605743424584006,0.644122383252818,10.19189479334407,0.2616747181964573,0.020128824476650563,,7.065217391304348,,,
68,1.710950080515298,0.7917337627482555,6.199677938808374,50.66425120772947,4.2203435319377345,18.209876543209877,0.6776704240472357,10.19189479334407,0.2616747181964573,0.020128824476650563,,7.051798174986581,,,
69,1.90552871712292,0.7917337627482555,6.199677938808374,50.556897477187334,4.2203435319377345,18.136070853462158,0.6642512077294686,10.19189479334407,0.2616747181964573,0.020128824476650563,,7.051798174986581,,,
70,2.0128824476650564,0.7917337627482555,6.199677938808374,50.496511003757384,4.240472356414386,18.10252281266774,0.6642512077294686,10.171765968867419,0.2616747181964573,0.020128824476650563,,7.0383789586688135,,,
71,1.6505636070853462,0.6642512077294686,5.783682232957595,39.02308105206656,3.4822866344605474,43.183038110574344,0.6642512077294686,2.844873859366613,0.2214170692431562,0.020128824476650563,,2.462426194310252,,,
72,1.583467525496511,0.6642512077294686,4.146537842190016,34.37332259796028,3.3682232957595275,49.84567901234568,0.6642512077294686,2.9790660225442833,0.3421900161030596,0.020128824476650563,,2.0128824476650564,,,
73,1.737788513150832,0.6642512077294686,4.146537842190016,34.27938808373591,3.4017713365539453,49.75174449812131,0.6642512077294686,2.9790660225442833,0.3421900161030596,0.04696725711218465,,1.9860440150295222,,,
74,1.6035963499731616,0.6642512077294686,4.079441760601181,25.147611379495437,3.0595813204508855,49.61084272678475,0.7313472893183038,12.781803542673108,0.35560923242082665,0.04696725711218465,,1.9189479334406871,,,
75,1.7713365539452497,0.6642512077294686,4.079441760601181,25.033548040794418,3.0864197530864197,49.19484702093398,0.7648953301127214,12.74825550187869,0.35560923242082665,0.04696725711218465,,2.254428341384863,,,
76,1.8719806763285025,0.6642512077294686,4.079441760601181,25.006709608158882,3.0864197530864197,49.08749329039184,0.8252818035426731,12.285292538915728,0.8118625872249061,0.04696725711218465,,2.227589908749329,,0.0067096081588835215,
77,1.8585614600107354,0.6642512077294686,4.072732152442297,23.336017176596886,2.9119699409554483,57.830112721417066,0.8051529790660226,6.078904991948471,0.38915727321524424,0.04696725711218465,,2.006172839506173,,,
78,1.9592055823939882,0.6642512077294686,4.072732152442297,23.309178743961354,2.9119699409554483,57.669082125603865,0.8923778851315083,5.897745571658615,0.5703166935050993,0.04696725711218465,,2.006172839506173,,,
79,2.059849704777241,0.6642512077294686,4.072732152442297,23.309178743961354,2.9119699409554483,57.56172839506173,0.8990874932903918,5.897745571658615,0.5703166935050993,0.04696725711218465,,2.006172839506173,,,
80,2.1739130434782608,0.6642512077294686,4.072732152442297,22.96027911969941,2.8918411164787976,57.71604938271605,0.9728931830381106,5.803811057434245,0.6910896403650026,0.04696725711218465,,2.006172839506173,,,
81,2.2074610842726785,0.6642512077294686,3.7372517444981215,22.638217928073,2.4892646269457863,54.730273752012884,1.0399892646269457,9.192163177670425,0.6910896403650026,0.04696725711218465,,2.563070316693505,,,
82,2.2879763821792807,0.6642512077294686,3.7238325281803544,22.63150831991412,2.4557165861513686,54.63633923778851,1.06682769726248,9.084809447128288,0.8051529790660226,0.04696725711218465,,2.5966183574879227,,,
83,2.395330112721417,0.6642512077294686,3.7238325281803544,22.5979602791197,2.7509393451422435,54.2337627482555,1.1003757380568975,9.084809447128288,0.8051529790660226,0.04696725711218465,,2.5966183574879227,,,
84,2.4490069779924855,0.6642512077294686,4.944981213097155,22.5577026301664,2.7509393451422435,52.81132581857219,1.2949543746645196,9.078099838969404,0.8051529790660226,0.04696725711218465,,2.5966183574879227,,,
85,2.536231884057971,0.6642512077294686,4.944981213097155,22.550993022007514,2.7509393451422435,52.74422973698336,1.3352120236178207,9.01100375738057,0.8185721953837896,0.04696725711218465,,2.5966183574879227,,,
86,2.5295222758990876,0.6642512077294686,4.944981213097155,22.517444981213096,2.757648953301127,52.65700483091788,1.4358561460010735,8.984165324745035,0.8454106280193237,0.04696725711218465,,2.6167471819645733,,,
87,2.5697799248523885,0.6575415995705851,4.3545356951154055,26.50295222758991,2.717391304347826,49.25523349436393,1.4492753623188406,8.917069243156199,0.9125067096081588,0.04696725711218465,,2.6167471819645733,,,
88,2.7509393451422435,0.6575415995705851,4.3545356951154055,26.341921631776703,2.9052603327965647,49.04723564143854,1.4962426194310252,8.917069243156199,0.9125067096081588,0.04696725711218465,,2.5697799248523885,,,
89,2.5831991411701556,0.6575415995705851,3.6902844873859366,38.439345142243695,2.4691358024691357,39.78797638217928,1.3821792807300053,8.628556092324208,0.9125067096081588,0.026838432635534086,,1.4224369296833066,,,
90,2.6972624798711755,0.6575415995705851,3.6902844873859366,38.38566827697262,2.4691358024691357,39.66720343531938,1.442565754159957,8.628556092324208,0.9125067096081588,0.026838432635534086,,1.4224369296833066,,,
91,2.7979066022544283,0.6575415995705851,3.6902844873859366,38.33199141170156,2.4691358024691357,39.62694578636608,1.4358561460010735,8.628556092324208,0.9125067096081588,0.026838432635534086,,1.4224369296833066,,,
92,2.7777777777777777,0.6508319914117016,3.683574879227053,29.220343531937736,2.6033279656468062,47.396672034353195,1.415727321524423,9.88996242619431,0.9125067096081588,0.026838432635534086,,1.4224369296833066,,,
93,2.804616210413312,0.6508319914117016,3.683574879227053,29.11969940955448,3.656736446591519,46.43719806763285,1.415727321524423,9.88996242619431,0.8923778851315083,0.026838432635534086,,1.4224369296833066,,,
94,2.8918411164787976,0.6508319914117016,3.750670960815888,29.05931293612453,3.629898013955985,46.39023081052066,1.415727321524423,9.88996242619431,0.8722490606548577,0.026838432635534086,,1.4224369296833066,,,
95,2.999194847020934,0.6508319914117016,3.750670960815888,28.395061728395063,4.253891572732153,46.28958668813741,1.4492753623188406,9.88996242619431,0.8722490606548577,0.026838432635534086,,1.4224369296833066,,,
96,3.126677402039721,0.6508319914117016,3.750670960815888,28.327965646806227,4.240472356414386,46.242619431025226,1.4492753623188406,9.88996242619431,0.8722490606548577,0.026838432635534086,,1.4224369296833066,,,
97,3.227321524422974,0.6508319914117016,3.750670960815888,28.31454643048846,4.26731078904992,46.162104133118625,1.4761137949543746,9.829575952764358,0.8722490606548577,0.026838432635534086,,1.4224369296833066,,,
98,3.4151905528717124,0.644122383252818,3.750670960815888,28.30112721417069,4.253891572732153,46.041331186258724,1.4761137949543746,9.796027911969942,0.8722490606548577,0.026838432635534086,,1.4224369296833066,,,
99,3.5829307568438002,0.644122383252818,3.750670960815888,28.213902308105208,4.280730005367687,45.93397745571659,1.4761137949543746,9.796027911969942,0.8722490606548577,0.026838432635534086,,1.4224369296833066,,,
100,3.616478797638218,0.644122383252818,3.750670960815888,28.213902308105208,4.280730005367687,45.880300590445515,1.4962426194310252,9.796027911969942,0.8722490606548577,0.026838432635534086,,1.4224369296833066,,,
101,3.683574879227053,0.644122383252818,3.750670960815888,28.12667740203972,4.280730005367687,45.82662372517445,1.6304347826086956,9.73564143853999,0.8722490606548577,0.026838432635534086,,1.4224369296833066,,,
102,3.7640901771336552,0.644122383252818,3.750670960815888,28.026033279656467,4.253891572732153,45.71926999463231,1.8518518518518519,9.681964573268921,0.8588298443370908,0.026838432635534086,,1.4224369296833066,,,
103,3.8043478260869565,0.644122383252818,3.770799785292539,27.958937198067634,4.233762748255502,44.920826623725176,1.8786902844873858,9.648416532474503,0.8856682769726248,0.026838432635534086,,2.227589908749329,,,
104,3.9318303811057436,0.644122383252818,3.770799785292539,27.78448738593666,3.9519592055823938,44.880568974771876,1.892109500805153,9.634997316156737,0.8856682769726248,0.026838432635534086,,2.5966183574879227,,,
105,3.9855072463768115,0.644122383252818,3.851315083199141,27.75764895330113,4.2203435319377345,44.00161030595813,2.395330112721417,9.628287707997853,0.8722490606548577,0.026838432635534086,,2.6167471819645733,,,
106,4.119699409554482,0.644122383252818,3.851315083199141,27.750939345142243,4.2203435319377345,43.88083735909823,2.428878153515835,9.588030059044552,0.8722490606548577,0.026838432635534086,,2.6167471819645733,,,
107,4.260601180891036,0.644122383252818,3.92512077294686,27.730810520665592,4.2203435319377345,43.71980676328502,2.408749329039184,9.447128287707997,0.9997316156736447,0.026838432635534086,,2.6167471819645733,,,
108,4.300858829844337,0.644122383252818,3.92512077294686,27.67042404723564,4.2203435319377345,43.05555555555556,3.1065485775630703,9.447128287707997,0.9997316156736447,0.026838432635534086,,2.6033279656468062,,,
109,4.441760601180891,0.644122383252818,3.92512077294686,27.603327965646805,4.2203435319377345,42.98845947396672,3.1065485775630703,9.440418679549115,0.9997316156736447,0.026838432635534086,,2.6033279656468062,,,
110,4.5960815888352125,0.644122383252818,3.9184111647879765,27.51610305958132,4.3478260869565215,42.74020397208803,3.180354267310789,9.440418679549115,0.9997316156736447,0.026838432635534086,,2.589908749329039,,,
111,4.636339237788513,0.644122383252818,3.9184111647879765,27.42216854535695,4.4753086419753085,42.64626945786366,3.193773483628556,9.440418679549115,0.9997316156736447,0.03354804079441761,,2.589908749329039,,,
112,4.388083735909823,0.644122383252818,4.770531400966184,29.562533548040793,4.42163177670424,42.14975845410628,3.3480944712828773,7.7361782071927,0.7648953301127214,0.07380568974771873,,2.1403650026838434,,,
113,4.522275899087493,0.644122383252818,4.757112184648417,29.482018250134193,4.42163177670424,42.11621041331186,3.3480944712828773,7.729468599033816,0.7648953301127214,0.07380568974771873,,2.1403650026838434,,,
114,4.669887278582931,0.644122383252818,4.757112184648417,29.421631776704242,4.394793344068707,42.01556629092861,3.3816425120772946,7.729468599033816,0.7648953301127214,0.07380568974771873,,2.147074610842727,,,
115,4.790660225442834,0.644122383252818,4.74369296833065,29.381374127750938,4.394793344068707,41.84111647879764,3.5963499731615673,7.648953301127214,0.7581857219538379,0.07380568974771873,,2.1269457863660763,,,
116,4.985238862050457,0.6239935587761675,4.736983360171766,29.24718196457327,4.414922168545357,41.7740203972088,3.6097691894793345,7.648953301127214,0.7581857219538379,0.07380568974771873,,2.1269457863660763,,,
117,5.045625335480408,0.6239935587761675,4.736983360171766,29.21363392377885,4.414922168545357,41.71363392377885,3.643317230273752,7.648953301127214,0.7581857219538379,0.07380568974771873,,2.1269457863660763,,,
118,5.0858829844337095,0.6239935587761675,4.736983360171766,29.03918411164788,4.622920021470746,41.58615136876006,3.69699409554482,7.648953301127214,0.7581857219538379,0.07380568974771873,,2.1269457863660763,,,
119,5.166398282340311,0.6239935587761675,4.736983360171766,29.025764895330113,4.622920021470746,41.5727321524423,3.683574879227053,7.608695652173913,0.7581857219538379,0.07380568974771873,,2.1269457863660763,,,
120,4.696725711218465,0.6239935587761675,4.51556629092861,35.66156736446592,4.643048845947397,36.822329575952764,3.6902844873859366,6.206387546967257,0.6038647342995169,0.07380568974771873,,2.462426194310252,,,
121,4.951690821256038,0.6239935587761675,4.51556629092861,35.547504025764894,4.643048845947397,36.69484702093398,3.6902844873859366,6.1929683306494905,0.6038647342995169,0.07380568974771873,,2.462426194310252,,,
122,5.018786902844874,0.6239935587761675,4.542404723564144,35.23215244229737,4.924852388620504,36.63446054750403,3.6902844873859366,6.1929683306494905,0.6038647342995169,0.07380568974771873,,2.462426194310252,,,
123,4.723564143853999,0.6239935587761675,4.4753086419753085,39.398819108964034,4.9718196457326895,33.69565217391305,3.603059581320451,6.099033816425121,0.6038647342995169,0.07380568974771873,,1.7310789049919484,,,
124,4.797369833601718,0.6239935587761675,4.797369833601718,38.969404186795494,4.978529253891573,33.46081588835212,3.878153515834675,6.099033816425121,0.6038647342995169,0.07380568974771873,,1.7176596886741815,,,
125,4.851046698872786,0.6239935587761675,4.810789049919484,38.51315083199141,5.642780461621041,33.17901234567901,3.9049919484702094,6.078904991948471,0.6038647342995169,0.07380568974771873,,1.7176596886741815,,,
126,4.777241009125067,0.6239935587761675,4.797369833601718,41.86124530327429,4.985238862050457,30.92458400429415,3.8311862587224907,6.031937734836285,0.7380568974771873,0.07380568974771873,,1.3553408480944713,,,
127,4.864465915190553,0.6239935587761675,4.797369833601718,41.74718196457327,5.01207729468599,30.92458400429415,3.8311862587224907,6.031937734836285,0.7380568974771873,0.07380568974771873,,1.3553408480944713,,,
128,5.065754159957058,0.6239935587761675,4.810789049919484,41.6935050993022,4.978529253891573,30.810520665593128,3.8311862587224907,6.018518518518518,0.7380568974771873,0.07380568974771873,,1.3553408480944713,,,
129,4.233762748255502,0.2147074610842727,4.05931293612453,49.06736446591519,4.025764895330113,26.952495974235106,3.797638217928073,5.5689747718733225,0.7112184648416533,0.10064412238325282,,1.2681159420289856,,,
130,4.294149221685454,0.2147074610842727,4.05931293612453,49.00697799248524,4.05931293612453,26.818303811057433,3.9184111647879765,5.548845947396672,0.7112184648416533,0.10064412238325282,,1.2681159420289856,,,
131,4.327697262479871,0.2147074610842727,4.092860976918948,48.960010735373054,4.005636070853462,26.7914653784219,3.9452495974235107,5.548845947396672,0.7112184648416533,0.10064412238325282,,1.2681159420289856,,,0.03354804079441761
132,4.40150295222759,0.2147074610842727,4.072732152442297,47.43022007514761,4.032474503488996,26.617015566290927,4.019055287171229,5.548845947396672,0.7112184648416533,0.10064412238325282,,2.818035426731079,,,0.03354804079441761
133,4.49543746645196,0.2147074610842727,4.1129898013955986,47.376543209876544,4.019055287171229,26.56333870101986,4.045893719806763,5.495169082125604,0.7246376811594203,0.10064412238325282,,2.818035426731079,,,0.03354804079441761
134,4.569243156199678,0.2147074610842727,4.139828234031133,47.32957595276436,3.992216854535695,26.549919484702095,4.005636070853462,5.481749865807837,0.7648953301127214,0.10064412238325282,,2.818035426731079,,,0.03354804079441761
135,4.62962962962963,0.2147074610842727,4.2203435319377345,48.17498658078368,3.9720880300590444,26.46940418679549,4.032474503488996,5.481749865807837,0.7648953301127214,0.10064412238325282,,1.90552871712292,,,0.03354804079441761
136,4.74369296833065,0.2147074610842727,4.2203435319377345,48.13472893183038,3.9720880300590444,26.39559849704777,4.032474503488996,5.481749865807837,0.7648953301127214,0.10064412238325282,,1.90552871712292,,,0.03354804079441761
137,4.824208266237251,0.2147074610842727,4.2203435319377345,48.087761674718195,3.9720880300590444,26.36876006441224,4.032474503488996,5.4549114331723025,0.7581857219538379,0.1274825550187869,,1.90552871712292,,,0.03354804079441761
138,4.8376274825550185,0.2147074610842727,4.2203435319377345,48.081052066559316,3.9720880300590444,26.362050456253353,4.032474503488996,5.4549114331723025,0.7581857219538379,0.1274825550187869,,1.90552871712292,,,0.03354804079441761
139,5.005367686527107,0.2147074610842727,4.180085882984434,48.007246376811594,3.9720880300590444,26.321792807300053,4.025764895330113,5.4549114331723025,0.7581857219538379,0.1274825550187869,,1.8988191089640365,,,0.03354804079441761
140,5.2066559312936125,0.2147074610842727,4.180085882984434,47.81266774020397,4.119699409554482,26.174181427804616,4.019055287171229,5.434782608695652,0.7783145464304885,0.1274825550187869,,1.8988191089640365,,,0.03354804079441761
141,5.320719269994632,0.2147074610842727,4.180085882984434,47.79253891572732,4.119699409554482,26.127214170692433,3.9855072463768115,5.421363392377885,0.7783145464304885,0.1274825550187869,,1.8988191089640365,,,0.03354804079441761
142,5.401234567901234,0.2147074610842727,4.180085882984434,47.75228126677402,4.159957058507783,26.060118089103597,4.005636070853462,5.421363392377885,0.7783145464304885,0.1274825550187869,,1.865271068169619,,,0.03354804079441761
143,5.394524959742351,0.2147074610842727,4.180085882984434,47.75228126677402,4.159957058507783,26.04669887278583,4.005636070853462,5.414653784219001,0.7783145464304885,0.1274825550187869,,1.892109500805153,,,0.03354804079441761
144,5.4616210413311865,0.2147074610842727,4.4820182501341925,47.54428341384863,4.146537842190016,25.885668276972623,4.005636070853462,5.401234567901234,0.7783145464304885,0.1274825550187869,0.026838432635534086,1.892109500805153,,,0.03354804079441761
145,5.501878690284487,0.2147074610842727,4.663177670424047,47.14170692431562,4.327697262479871,25.87895866881374,4.012345679012346,5.401234567901234,0.7783145464304885,0.1274825550187869,0.026838432635534086,1.892109500805153,,,0.03354804079441761
146,5.522007514761138,0.2147074610842727,4.663177670424047,47.074610842726784,4.394793344068707,25.85882984433709,4.012345679012346,5.401234567901234,0.7783145464304885,0.1274825550187869,0.026838432635534086,1.892109500805153,,,0.03354804079441761
147,5.595813204508857,0.2147074610842727,4.696725711218465,46.081588835212024,5.300590445517981,25.85882984433709,4.012345679012346,5.401234567901234,0.7581857219538379,0.1274825550187869,0.026838432635534086,1.892109500805153,,,0.03354804079441761
148,5.689747718733226,0.2147074610842727,4.609500805152979,46.01449275362319,5.320719269994632,25.77831454643049,4.019055287171229,5.394524959742351,0.785024154589372,0.1274825550187869,0.026838432635534086,1.9860440150295222,,,0.03354804079441761
149,5.864197530864198,0.2147074610842727,4.609500805152979,45.591787439613526,5.287171229200215,25.738056897477186,4.052603327965647,5.253623188405797,0.785024154589372,0.1274825550187869,0.026838432635534086,2.38191089640365,,,0.06709608158883522
150,5.978260869565218,0.2147074610842727,4.64975845410628,45.1959205582394,5.515297906602254,25.650831991411703,4.032474503488996,5.10601180891036,0.785024154589372,0.1274825550187869,0.026838432635534086,2.6502952227589907,,,0.06709608158883522
151,5.958132045088567,0.2147074610842727,4.64975845410628,45.169082125603865,5.548845947396672,25.603864734299517,4.066022544283414,5.10601180891036,0.785024154589372,0.1274825550187869,0.026838432635534086,2.677133655394525,,,0.06709608158883522
152,6.018518518518518,0.2147074610842727,4.750402576489533,44.41089640365003,6.1929683306494905,25.563607085346217,4.066022544283414,5.10601180891036,0.7514761137949544,0.1274825550187869,0.026838432635534086,2.703972088030059,,,0.06709608158883522
153,6.159420289855072,0.2147074610842727,4.74369296833065,44.35050993022008,6.179549114331723,25.53676865271068,4.086151368760064,5.0791733762748255,0.7514761137949544,0.1274825550187869,0.026838432635534086,2.677133655394525,,,0.06709608158883522
154,6.286902844873859,0.2147074610842727,4.74369296833065,44.24986580783682,6.125872249060655,25.389157273215243,4.260601180891036,5.0791733762748255,0.7514761137949544,0.1274825550187869,0.026838432635534086,2.677133655394525,,,0.06709608158883522
155,6.199677938808374,0.2147074610842727,4.74369296833065,44.24986580783682,6.125872249060655,25.107353730542137,4.643048845947397,5.0791733762748255,0.7380568974771873,0.1274825550187869,0.026838432635534086,2.677133655394525,,,0.06709608158883522
156,5.891035963499732,0.2147074610842727,4.898013955984971,47.99382716049383,5.736714975845411,22.906602254428343,4.28743961352657,4.5960815888352125,0.7648953301127214,0.10064412238325282,0.026838432635534086,2.5161030595813205,,,0.06709608158883522
157,5.877616747181965,0.2147074610842727,5.226784755770263,47.58454106280193,5.857487922705314,22.839506172839506,4.327697262479871,4.5960815888352125,0.7648953301127214,0.10064412238325282,0.026838432635534086,2.5161030595813205,,,0.06709608158883522
158,5.931293612453032,0.2147074610842727,5.22007514761138,47.517444981213096,5.917874396135265,22.799248523886206,4.327697262479871,4.5960815888352125,0.7648953301127214,0.10064412238325282,0.026838432635534086,2.5161030595813205,,,0.06709608158883522
159,5.971551261406334,0.2147074610842727,5.904455179817498,47.00751476113795,5.924584004294149,22.604669887278583,4.327697262479871,4.569243156199678,0.7648953301127214,0.10064412238325282,0.026838432635534086,2.5161030595813205,,,0.06709608158883522
160,6.0587761674718195,0.2147074610842727,5.904455179817498,46.95383789586688,5.904455179817498,22.571121846484164,4.3545356951154055,4.569243156199678,0.7648953301127214,0.10064412238325282,0.026838432635534086,2.509393451422437,,,0.06709608158883522
161,6.206387546967257,0.2147074610842727,6.052066559312936,46.772678475577024,5.756843800322061,21.967257112184647,4.300858829844337,5.3274288781535155,0.785024154589372,0.10064412238325282,,2.4490069779924855,,,0.06709608158883522
162,6.266774020397209,0.2147074610842727,5.964841653247451,46.71900161030596,5.756843800322061,21.511003757380568,4.85775630703167,5.293880837359098,0.7716049382716049,0.10064412238325282,,2.4490069779924855,,0.026838432635534086,0.06709608158883522
163,6.280193236714976,0.2147074610842727,5.9514224369296835,46.67203435319377,5.783682232957595,21.72571121846484,4.690016103059581,5.293880837359098,0.7716049382716049,0.10064412238325282,,2.4221685453569513,,0.026838432635534086,0.06709608158883522
164,6.427804616210413,0.2147074610842727,5.958132045088567,46.504294149221685,5.884326355340848,21.66532474503489,4.676596886741814,5.280461621041331,0.7716049382716049,0.10064412238325282,,2.4221685453569513,,0.026838432635534086,0.06709608158883522
165,6.4345142243692965,0.2147074610842727,6.9243156199677935,46.08829844337091,5.924584004294149,21.28287707997853,4.4753086419753085,5.267042404723564,0.7716049382716049,0.10064412238325282,,2.4221685453569513,,0.026838432635534086,0.06709608158883522
166,6.481481481481482,0.2147074610842727,7.219538378958669,45.73939881910896,5.931293612453032,21.28287707997853,4.4753086419753085,5.267042404723564,0.7716049382716049,0.10064412238325282,,2.4221685453569513,,0.026838432635534086,0.06709608158883522
167,6.582125603864735,0.2147074610842727,7.950885668276973,44.85373054213634,5.924584004294149,21.068169618894256,4.461889425657541,5.475040257648954,0.8521202361782072,0.10064412238325282,,2.4221685453569513,,0.026838432635534086,0.06709608158883522
168,6.743156199677939,0.20128824476650564,7.930756843800322,44.73295759527644,5.958132045088567,21.041331186258724,4.4753086419753085,5.448201825013419,0.8521202361782072,0.10064412238325282,,2.4221685453569513,,0.026838432635534086,0.06709608158883522
169,6.830381105743425,0.20128824476650564,7.9039184111647875,44.50483091787439,6.1862587224906065,21.00107353730542,4.455179817498658,5.448201825013419,0.8521202361782072,0.10064412238325282,,2.4221685453569513,,0.026838432635534086,0.06709608158883522
170,6.944444444444445,0.20128824476650564,7.971014492753623,44.337090713902306,6.320450885668277,20.86688137412775,4.455179817498658,5.448201825013419,0.8521202361782072,0.10064412238325282,,2.408749329039184,,0.026838432635534086,0.06709608158883522
171,6.850509930220075,0.20128824476650564,7.971014492753623,44.06199677938808,6.575415995705851,20.222758990874933,5.246913580246914,5.414653784219001,0.8521202361782072,0.10064412238325282,,2.408749329039184,,0.026838432635534086,0.06709608158883522
172,6.991411701556629,0.20128824476650564,7.997852925389157,43.907675791733766,6.568706387546968,20.182501341921633,5.267042404723564,5.414653784219001,0.8521202361782072,0.10064412238325282,,2.408749329039184,,0.040257648953301126,0.06709608158883522
173,7.011540526033279,0.20128824476650564,8.031400966183575,43.68625872249061,6.541867954911433,19.598765432098766,5.3274288781535155,6.139291465378422,0.8521202361782072,0.10064412238325282,,2.4020397208803006,,0.040257648953301126,0.06709608158883522
174,7.125603864734299,0.20128824476650564,8.13875469672571,43.61916264090177,6.541867954911433,19.384057971014492,5.387815351583468,6.139291465378422,0.8521202361782072,0.10064412238325282,,2.4020397208803006,,0.040257648953301126,0.06709608158883522
175,7.1658615136876005,0.20128824476650564,8.923778851315083,42.77375201288245,6.629092860976919,19.269994632313473,5.434782608695652,6.139291465378422,0.8521202361782072,0.10064412238325282,,2.4020397208803006,,0.040257648953301126,0.06709608158883522
176,7.253086419753086,0.20128824476650564,8.890230810520666,42.7536231884058,6.561996779388084,19.256575415995705,5.501878690284487,6.085614600107354,0.8521202361782072,0.10064412238325282,0.03354804079441761,2.4020397208803006,,0.040257648953301126,0.06709608158883522
177,7.253086419753086,0.20128824476650564,8.863392377885132,42.7536231884058,6.5485775630703165,19.223027375201287,5.501878690284487,6.085614600107354,0.8521202361782072,0.10064412238325282,0.07380568974771873,2.4355877616747184,,0.040257648953301126,0.06709608158883522
178,7.313472893183038,0.20128824476650564,8.836553945249598,42.619431025228124,6.595544820182502,19.223027375201287,5.495169082125604,6.078904991948471,0.8856682769726248,0.10064412238325282,0.07380568974771873,2.4691358024691357,,0.040257648953301126,0.06709608158883522
179,6.91760601180891,0.20128824476650564,7.991143317230274,39.00295222758991,4.643048845947397,26.757917337627482,5.005367686527107,6.072195383789587,0.8454106280193237,0.10064412238325282,0.07380568974771873,2.3483628556092326,,0.040257648953301126,
180,6.984702093397746,0.20128824476650564,7.991143317230274,38.989533011272144,4.62962962962963,26.744498121309714,4.9651100375738055,6.0654857756307035,0.8454106280193237,0.10064412238325282,0.07380568974771873,2.368491680085883,,0.040257648953301126,
181,7.0450885668276975,0.20128824476650564,8.038110574342458,38.92914653784219,4.62962962962963,26.69753086419753,4.9651100375738055,6.038647342995169,0.8722490606548577,0.10064412238325282,0.07380568974771873,2.368491680085883,,0.040257648953301126,
182,7.065217391304348,0.20128824476650564,8.038110574342458,38.85534084809447,4.676596886741814,26.690821256038646,4.9651100375738055,6.052066559312936,0.8722490606548577,0.10064412238325282,0.07380568974771873,2.368491680085883,,0.040257648953301126,
183,7.105475040257649,0.20128824476650564,8.017981749865807,38.848631239935585,4.676596886741814,26.663982823403114,4.951690821256038,6.052066559312936,0.95276435856146,0.10064412238325282,0.07380568974771873,2.314814814814815,,0.040257648953301126,
184,7.1658615136876005,0.20128824476650564,8.514492753623188,38.539989264626946,4.676596886741814,26.536500268384327,4.817498658078368,6.0654857756307035,0.95276435856146,0.10064412238325282,0.07380568974771873,2.314814814814815,,0.040257648953301126,
185,7.1725711218464845,0.20128824476650564,8.849973161567364,37.90257648953301,4.7168545356951155,26.88539989264627,4.830917874396135,6.0654857756307035,0.9393451422436929,0.10064412238325282,0.07380568974771873,2.2208803005904456,,0.040257648953301126,
186,7.253086419753086,0.20128824476650564,9.16532474503489,37.67444981213097,4.663177670424047,26.690821256038646,4.938271604938271,6.085614600107354,0.9259259259259259,0.10064412238325282,0.07380568974771873,2.187332259796028,,0.040257648953301126,
