,45,50,51,55,52,56,53,54,57,58
0,98.17498658078368,1.8250134192163177,,,,,,,,
1,98.09447128287708,1.90552871712292,,,,,,,,
2,98.09447128287708,1.90552871712292,,,,,,,,
3,82.93075684380032,17.06924315619968,,,,,,,,
4,79.08615136876007,20.658883521202362,0.14090177133655393,0.11406333870101985,,,,,,
5,77.22758990874932,15.230810520665592,7.427536231884058,0.11406333870101985,,,,,,
6,75.98631239935588,14.338432635534085,9.561191626409018,0.11406333870101985,,,,,,
7,65.70719269994632,24.778582930756844,9.514224369296834,,,,,,,
8,63.808373590982285,26.69753086419753,9.494095544820183,,,,,,,
9,61.47342995169082,24.228395061728396,12.426194310252281,,1.8719806763285025,,,,,
10,47.28931830381106,29.824208266237253,19.03515834675255,,1.8719806763285025,1.9793344068706387,,,,
11,46.041331186258724,31.166129898013956,18.98148148148148,,1.8317230273752012,1.9793344068706387,,,,
12,43.49168008588298,34.42699946323135,17.673107890499196,,1.7579173376274826,1.583467525496511,1.06682769726248,,,
13,41.257380568974774,34.76918947933441,19.236446591519055,0.3757380568974772,1.7579173376274826,1.5365002683843263,1.06682769726248,,,
14,41.40499194847021,34.62157809983897,19.236446591519055,0.3757380568974772,1.7579173376274826,1.5365002683843263,1.06682769726248,,,
15,39.47933440687064,36.54723564143854,19.236446591519055,0.3757380568974772,1.7579173376274826,1.5365002683843263,1.06682769726248,,,
16,39.761137949543745,31.166129898013956,24.335748792270532,0.3757380568974772,1.7579173376274826,1.5365002683843263,1.06682769726248,,,
17,35.527375201288244,25.006709608158882,31.61567364465915,0.3757380568974772,4.320987654320987,2.086688137412775,1.06682769726248,,,
18,33.93048845947396,26.476113794954376,29.810789049919485,0.3757380568974772,4.240472356414386,2.086688137412775,1.06682769726248,2.0128824476650564,,
19,33.279656468062264,26.241277509393452,30.44820182501342,0.3757380568974772,4.488727858293076,2.086688137412775,1.06682769726248,2.0128824476650564,,
20,33.373590982286636,26.214439076757916,30.407944176060116,0.3757380568974772,4.4753086419753085,2.086688137412775,1.06682769726248,1.9994632313472893,,
21,30.42807300053677,28.113258185721953,28.569511540526033,0.3757380568974772,5.938003220611916,1.1272141706924315,3.44873859366613,1.9994632313472893,,
22,28.173644659151904,30.649490069779926,28.32125603864734,0.3757380568974772,5.904455179817498,1.1272141706924315,3.44873859366613,1.9994632313472893,,
23,27.415458937198068,31.320450885668276,28.29441760601181,0.3757380568974772,6.018518518518518,1.1272141706924315,3.44873859366613,1.9994632313472893,,
24,26.29495437466452,31.0252281266774,29.716854535695116,0.3757380568974772,6.018518518518518,1.1205045625335481,3.44873859366613,1.9994632313472893,,
25,25.483091787439612,28.992216854535695,31.561996779388085,0.3757380568974772,6.018518518518518,1.1205045625335481,4.455179817498658,1.9927536231884058,,
26,25.369028448738593,28.898282340311326,28.804347826086957,0.3757380568974772,9.514224369296834,1.2144390767579174,3.8311862587224907,1.9927536231884058,,
27,24.376006441223833,28.723832528180353,29.944981213097154,0.3757380568974772,9.4873859366613,1.2681159420289856,3.8311862587224907,1.9927536231884058,,
28,21.960547504025765,29.401502952227588,30.870907139023082,0.4428341384863124,10.238862050456254,1.2681159420289856,3.743961352657005,2.073268921095008,,
29,21.87332259796028,27.67042404723564,26.194310252281266,0.5636070853462157,16.337895866881375,2.2208803005904456,3.079710144927536,2.059849704777241,,
30,22.23564143853999,27.737520128824478,25.89908749329039,0.5636070853462157,16.203703703703702,2.2208803005904456,3.079710144927536,2.059849704777241,,
31,22.10144927536232,27.167203435319376,24.932903918411164,0.8118625872249061,17.62614063338701,2.2208803005904456,3.079710144927536,2.059849704777241,,
32,22.342995169082126,27.113526570048307,24.778582930756844,0.8118625872249061,17.612721417069242,2.200751476113795,3.079710144927536,2.059849704777241,,
33,21.980676328502415,26.78475577026302,25.36231884057971,0.8118625872249061,17.59259259259259,2.328234031132582,3.079710144927536,2.059849704777241,,
34,19.94766505636071,26.992753623188406,23.61111111111111,0.9192163177670424,21.061460010735374,2.328234031132582,3.079710144927536,2.059849704777241,,
35,20.222758990874933,26.77133655394525,23.61111111111111,0.8923778851315083,21.034621578099838,2.328234031132582,3.079710144927536,2.059849704777241,,
36,20.081857219538378,26.113794954374665,24.704777241009126,0.8118625872249061,20.531400966183575,2.3081052066559313,3.079710144927536,2.254428341384863,0.11406333870101985,
37,18.706387546967257,25.87895866881374,30.300590445517983,0.8118625872249061,18.988191089640367,1.9457863660762211,2.8247450348899625,0.4294149221685454,0.11406333870101985,
38,19.0150295222759,25.744766505636072,25.127482555018787,0.8118625872249061,18.82716049382716,1.9457863660762211,2.8247450348899625,5.4616210413311865,0.24154589371980675,
39,19.310252281266774,25.691089640365004,24.97987117552335,0.8118625872249061,18.63929146537842,1.9457863660762211,2.918679549114332,5.4616210413311865,0.24154589371980675,
40,19.32367149758454,25.603864734299517,22.933440687063875,0.8118625872249061,17.867686527106816,1.9457863660762211,3.9049919484702094,7.4141170155662905,0.19457863660762212,
41,19.32367149758454,22.886473429951693,27.596618357487923,0.8118625872249061,16.0829307568438,1.9457863660762211,3.9049919484702094,7.25979602791197,0.1878690284487386,
42,18.625872249060656,22.67176596886742,32.48121309715513,0.9192163177670424,14.439076757917338,1.3888888888888888,2.24771873322598,7.0383789586688135,0.1878690284487386,
43,18.739935587761675,22.644927536231883,32.387278582930755,0.9192163177670424,14.439076757917338,1.6841116478797638,2.2410091250670963,6.756575415995706,0.1878690284487386,
44,19.04186795491143,22.477187332259795,32.326892109500804,0.9192163177670424,14.304884594739667,1.8384326355340848,2.2410091250670963,6.662640901771336,0.1878690284487386,
45,19.129092860976918,22.450348899624263,32.31347289318304,0.9192163177670424,14.15727321524423,1.8384326355340848,2.3752012882447664,6.629092860976919,0.1878690284487386,
46,18.853998926462694,22.82608695652174,32.25308641975309,0.9192163177670424,14.11701556629093,1.8384326355340848,2.3752012882447664,6.629092860976919,0.1878690284487386,
47,16.17686527106817,31.95786366076221,27.361782071927,0.8387010198604401,11.560654857756306,1.7713365539452497,2.1269457863660763,8.017981749865807,0.1878690284487386,
48,16.27750939345142,31.944444444444443,27.361782071927,0.8387010198604401,11.520397208803006,1.7713365539452497,2.086688137412775,8.011272141706923,0.1878690284487386,
49,16.75389157273215,31.816961889425656,27.147074610842726,0.8387010198604401,11.486849168008588,1.6975308641975309,2.0665593129361244,8.004562533548041,0.1878690284487386,
50,16.854535695115406,31.80354267310789,27.100107353730543,0.8387010198604401,11.473429951690822,1.6975308641975309,2.0665593129361244,7.977724100912507,0.1878690284487386,
51,14.801395598497047,34.60144927536232,26.8719806763285,0.9728931830381106,10.742082662372518,1.6505636070853462,2.2074610842726785,7.96430488459474,0.1878690284487386,
52,14.868491680085883,34.41358024691358,26.737788513150832,1.0802469135802468,10.742082662372518,1.8250134192163177,2.1806226516371443,7.96430488459474,0.1878690284487386,
53,14.06333870101986,33.45410628019324,28.468867418142782,1.3083735909822867,10.621309715512615,1.8250134192163177,2.1806226516371443,7.890499194847021,0.1878690284487386,
54,14.096886741814279,28.556092324208265,26.42914653784219,1.3016639828234031,18.625872249060656,0.7313472893183038,2.1806226516371443,7.890499194847021,0.1878690284487386,
55,13.788244766505636,23.74530327428878,33.3064949006978,1.42914653784219,16.74718196457327,0.7313472893183038,2.1739130434782608,7.890499194847021,0.1878690284487386,
56,14.016371443907676,23.60440150295223,33.21926999463231,1.42914653784219,16.639828234031132,0.8387010198604401,2.1739130434782608,7.890499194847021,0.1878690284487386,
57,14.412238325281804,23.161567364465917,33.00456253354804,1.7444981213097155,16.61969940955448,0.8387010198604401,2.1403650026838434,7.890499194847021,0.1878690284487386,
58,14.445786366076222,22.993827160493826,29.166666666666668,1.7310789049919484,16.371443907675793,0.8387010198604401,6.374127750939345,7.890499194847021,0.1878690284487386,
59,12.761674718196458,21.014492753623188,35.18518518518518,1.5767579173376274,17.07595276435856,0.6910896403650026,3.750670960815888,7.75630703166935,0.1878690284487386,
60,11.312399355877616,17.76033279656468,40.183843263553406,1.3486312399355878,16.78743961352657,0.6910896403650026,3.9720880300590444,7.75630703166935,0.1878690284487386,
61,11.218464841653248,17.37788513150832,38.60708534621578,1.415727321524423,18.45813204508857,0.6575415995705851,4.468599033816425,7.608695652173913,0.1878690284487386,
62,11.3593666129898,17.3040794417606,38.58024691358025,1.415727321524423,18.417874396135264,0.6575415995705851,4.468599033816425,7.608695652173913,0.1878690284487386,
63,11.386205045625335,17.3040794417606,38.55340848094471,1.415727321524423,18.417874396135264,0.6575415995705851,4.468599033816425,7.608695652173913,0.1878690284487386,
64,10.02415458937198,16.82769726247987,41.096349973161566,1.415727321524423,17.713365539452496,0.6575415995705851,4.468599033816425,7.608695652173913,0.1878690284487386,
65,10.030864197530864,16.740472356414386,40.21739130434783,1.4895330112721417,19.229736983360173,0.6575415995705851,4.468599033816425,6.977992485238862,0.1878690284487386,
66,10.245571658615138,16.646537842190018,41.458668813741276,1.4694041867954912,18.055555555555557,0.6575415995705851,4.300858829844337,6.977992485238862,0.1878690284487386,
67,10.393183038110575,16.626409017713364,41.26409017713365,1.4694041867954912,18.02871712292002,0.7917337627482555,4.300858829844337,6.937734836285561,0.1878690284487386,
68,7.440955448201825,22.0276435856146,38.84192163177671,1.2546967257112185,18.699677938808374,0.7380568974771873,3.4286097691894795,7.380568974771873,0.1878690284487386,
69,7.64224369296833,19.732957595276435,38.419216317767045,1.2546967257112185,19.98792270531401,0.7380568974771873,4.656468062265164,7.380568974771873,0.1878690284487386,
70,7.481213097155126,19.243156199677937,37.11755233494364,1.1205045625335481,20.571658615136876,0.7380568974771873,6.159420289855072,7.380568974771873,0.1878690284487386,
71,7.722758990874933,19.008319914117017,37.92941492216855,1.3419216317767042,18.431293612453032,0.6239935587761675,7.581857219538379,7.1725711218464845,0.1878690284487386,
72,8.004562533548041,18.92109500805153,37.815351583467525,1.3352120236178207,18.33064949006978,0.6239935587761675,7.575147611379496,7.159151905528717,0.23483628556092323,
73,5.911164787976382,17.901234567901234,42.27724100912507,0.9393451422436929,19.176060118089104,0.7112184648416533,5.689747718733226,7.159151905528717,0.23483628556092323,
74,6.132581857219538,17.23027375201288,41.908212560386474,2.395330112721417,19.176060118089104,0.6709608158883521,5.005367686527107,7.246376811594203,0.23483628556092323,
75,6.615673644659152,17.10950080515298,41.78743961352657,2.395330112721417,19.102254428341386,0.6709608158883521,4.85775630703167,7.246376811594203,0.2147074610842727,
76,6.655931293612453,16.74718196457327,38.96269457863661,2.395330112721417,21.041331186258724,0.6709608158883521,5.978260869565218,7.246376811594203,0.30193236714975846,
77,6.508319914117015,16.67337627482555,37.36580783682233,2.314814814814815,20.987654320987655,0.6709608158883521,7.803274288781535,7.37385936661299,0.30193236714975846,
78,6.246645195920558,15.344873859366613,39.22436929683307,2.2611379495437465,20.819914117015568,0.630703166935051,7.716049382716049,7.340311325818572,0.41599570585077833,
79,6.810252281266774,15.177133655394526,39.17740203972088,2.2611379495437465,20.52469135802469,0.5904455179817498,7.716049382716049,7.326892109500805,0.41599570585077833,
80,6.857219538378959,15.150295222758992,37.94283413848631,2.2611379495437465,20.303274288781534,0.5904455179817498,9.695383789586689,6.823671497584541,0.3757380568974772,
81,7.1658615136876005,15.150295222758992,37.76838432635534,2.2946859903381642,20.148953301127214,0.5904455179817498,9.695383789586689,6.810252281266774,0.3757380568974772,
82,7.340311325818572,15.103327965646805,37.70799785292539,2.2745571658615136,20.034889962426195,0.7112184648416533,9.655126140633387,6.796833064949007,0.3757380568974772,
83,7.232957595276436,14.734299516908212,37.996511003757384,2.1604938271604937,19.370638754696724,0.7112184648416533,10.648148148148149,6.796833064949007,0.3488996242619431,
84,7.454374664519592,14.694041867954912,39.23778851315083,2.1604938271604937,19.216317767042405,0.7112184648416533,10.648148148148149,5.528717122920021,0.3488996242619431,
85,7.440955448201825,14.660493827160494,37.11755233494364,2.0263016639828235,21.611647879763822,0.7112184648416533,10.59447128287708,5.488459473966721,0.3488996242619431,
86,7.541599570585078,14.640365002683843,37.05716586151369,2.0263016639828235,21.591519055287172,0.7112184648416533,10.59447128287708,5.488459473966721,0.3488996242619431,
87,7.695920558239399,14.640365002683843,36.7686527106817,2.0263016639828235,21.544551798174986,0.7112184648416533,10.567632850241546,5.6964573268921095,0.3488996242619431,
88,7.0450885668276975,12.93612453032743,34.13177670424047,1.6371443907675791,28.35480407944176,0.7112184648416533,9.104938271604938,5.595813204508857,0.4830917874396135,
89,7.152442297369833,12.573805689747719,33.581588835212024,1.5297906602254427,26.986044015029524,0.7112184648416533,11.386205045625335,5.595813204508857,0.4830917874396135,
90,7.37385936661299,12.385936661298981,33.53462157809984,1.5163714439076759,26.89210950080515,0.8454106280193237,11.372785829307569,5.595813204508857,0.4830917874396135,
91,7.39398819108964,12.385936661298981,32.870370370370374,1.5163714439076759,27.536231884057973,0.8454106280193237,11.372785829307569,5.595813204508857,0.4830917874396135,
92,7.836822329575953,11.231884057971014,32.45437466451959,1.4559849704777241,28.69699409554482,0.8454106280193237,11.265432098765432,5.730005367686527,0.4830917874396135,
93,7.9039184111647875,11.231884057971014,32.420826623725176,1.4559849704777241,28.69699409554482,0.8454106280193237,11.265432098765432,5.6964573268921095,0.4830917874396135,
94,8.038110574342458,11.231884057971014,32.367149758454104,1.4559849704777241,28.663446054750402,0.8454106280193237,11.231884057971014,5.683038110574342,0.4830917874396135,
95,8.259527643585615,11.231884057971014,32.13231347289318,1.4559849704777241,28.529253891572733,0.9930220075147611,11.231884057971014,5.683038110574342,0.4830917874396135,
96,7.877079978529254,11.218464841653248,30.35426731078905,1.4559849704777241,30.823939881910896,1.3419216317767042,10.809178743961352,5.683038110574342,0.43612453032742887,
97,7.132313472893183,9.923510466988727,33.50107353730542,1.2010198604401503,30.213365539452496,1.2546967257112185,11.480139559849706,4.85775630703167,0.43612453032742887,
98,6.716317767042405,9.796027911969942,41.91492216854536,1.1808910359634996,22.5577026301664,1.2077294685990339,11.480139559849706,4.804079441760601,0.3421900161030596,
99,6.904186795491143,9.688674181427805,41.8545356951154,1.1808910359634996,22.50402576489533,1.2077294685990339,11.473429951690822,4.804079441760601,0.3824476650563607,
100,7.313472893183038,9.520933977455716,41.7337627482555,1.1808910359634996,22.477187332259795,1.2077294685990339,11.453301127214171,4.730273752012883,0.3824476650563607,
101,7.447665056360709,9.125067096081589,40.58641975308642,1.3486312399355878,24.4699409554482,1.2077294685990339,10.829307568438002,4.602791196994096,0.3824476650563607,
102,7.7898550724637685,9.064680622651638,40.45893719806763,1.3486312399355878,24.36929683306495,1.2077294685990339,10.782340311325818,4.602791196994096,0.3757380568974772,
103,7.132313472893183,7.494632313472893,44.524959742351044,1.2748255501878691,23.98684916800859,1.0869565217391304,10.782340311325818,3.3413848631239937,0.3757380568974772,
104,6.374127750939345,4.528985507246377,42.72007514761138,1.0735373054213635,30.776972624798713,0.9125067096081588,10.721953837895867,2.5161030595813205,0.3757380568974772,
105,6.863929146537842,4.428341384863124,42.3443370907139,0.9930220075147611,30.334138486312398,0.9125067096081588,11.231884057971014,2.5161030595813205,0.3757380568974772,
106,7.065217391304348,4.428341384863124,42.1833064949007,0.9930220075147611,30.300590445517983,1.0735373054213635,11.198336017176597,2.38191089640365,0.3757380568974772,
107,6.884057971014493,4.126409017713366,40.70048309178744,0.9863123993558777,32.74288781535159,1.0064412238325282,10.815888352120236,2.3617820719269993,0.3757380568974772,
108,7.1725711218464845,4.119699409554482,40.41196994095545,1.1003757380568975,32.63553408480945,1.0064412238325282,10.674986580783683,2.3617820719269993,0.3757380568974772,0.14090177133655393
109,7.152442297369833,3.992216854535695,41.096349973161566,1.2144390767579174,32.15915190552872,1.0869565217391304,10.420021470746109,2.3617820719269993,0.3757380568974772,0.14090177133655393
110,7.37385936661299,3.992216854535695,40.72061191626409,1.2144390767579174,32.11218464841653,1.3083735909822867,10.285829307568438,2.475845410628019,0.3757380568974772,0.14090177133655393
111,7.367149758454106,3.8378958668813743,39.88191089640365,1.2144390767579174,33.031400966183575,1.3083735909822867,10.091250670960816,2.61003757380569,0.5166398282340311,0.14090177133655393
112,7.461084272678476,3.824476650563607,39.84836285560923,1.3486312399355878,32.88378958668814,1.3083735909822867,10.057702630166398,2.61003757380569,0.5166398282340311,0.14090177133655393
113,7.50805152979066,3.6366076221148687,41.23054213633924,1.2748255501878691,32.72275899087493,1.415727321524423,8.856682769726248,2.6972624798711755,0.5166398282340311,0.14090177133655393
114,7.306763285024155,3.1602254428341383,42.21685453569511,1.2748255501878691,32.62211486849168,1.415727321524423,8.76274825550188,2.5831991411701556,0.5166398282340311,0.14090177133655393
115,7.018250134192163,2.7777777777777777,40.23752012882448,1.2748255501878691,33.97074610842727,1.415727321524423,10.158346752549651,2.4892646269457863,0.5166398282340311,0.14090177133655393
116,7.14573268921095,2.7777777777777777,40.17042404723564,1.2748255501878691,33.93719806763285,1.415727321524423,10.144927536231885,2.475845410628019,0.5166398282340311,0.14090177133655393
117,7.326892109500805,2.7777777777777777,39.97584541062802,1.2748255501878691,33.903650026838434,1.5230810520665594,10.111379495437467,2.4490069779924855,0.5166398282340311,0.14090177133655393
118,7.514761137949543,2.7777777777777777,39.89533011272142,1.2278582930756843,33.87010198604401,1.5230810520665594,10.084541062801932,2.4490069779924855,0.5166398282340311,0.14090177133655393
119,7.628824476650563,2.771068169618894,39.55314009661836,1.2278582930756843,33.3870101986044,1.583467525496511,10.768921095008052,2.4221685453569513,0.5166398282340311,0.14090177133655393
120,7.997852925389157,2.771068169618894,39.04320987654321,1.5633387010198605,33.299785292538914,1.5029522275899088,10.815888352120236,2.3483628556092326,0.5166398282340311,0.14090177133655393
121,8.179012345679013,2.7643585614600106,38.486312399355874,1.5633387010198605,32.54830917874396,1.5029522275899088,10.701825013419215,3.5963499731615673,0.5166398282340311,0.14090177133655393
122,8.380300590445518,2.7442297369833604,38.25147611379496,1.6170155662909287,32.48792270531401,1.6371443907675791,10.628019323671497,3.5963499731615673,0.5166398282340311,0.14090177133655393
123,8.454106280193237,2.7442297369833604,38.18438003220612,1.6170155662909287,32.45437466451959,1.7042404723564144,10.587761674718196,3.5963499731615673,0.5166398282340311,0.14090177133655393
124,8.393719806763285,2.7442297369833604,39.51959205582394,1.5901771336553945,32.29334406870639,1.8451422436929683,9.145195920558239,3.81105743424584,0.5166398282340311,0.14090177133655393
125,8.454106280193237,2.7308105206655933,39.48604401502952,1.5901771336553945,32.2061191626409,1.8250134192163177,8.870101986044014,3.9049919484702094,0.5166398282340311,0.41599570585077833
126,8.695652173913043,2.717391304347826,39.38539989264627,1.5901771336553945,32.09205582393988,1.8250134192163177,8.870101986044014,3.8915727321524423,0.5166398282340311,0.41599570585077833
127,8.80300590445518,2.717391304347826,39.34514224369297,1.5901771336553945,32.024959742351044,1.8250134192163177,8.870101986044014,3.8915727321524423,0.5166398282340311,0.41599570585077833
128,8.648684916800859,2.7106816961889426,38.91572732152442,1.5029522275899088,33.3870101986044,1.8250134192163177,8.501073537305421,3.388352120236178,0.7045088566827697,0.41599570585077833
129,8.789586688137414,2.7106816961889426,38.37224906065486,1.5029522275899088,33.10520665593129,1.8719806763285025,8.501073537305421,4.025764895330113,0.7045088566827697,0.41599570585077833
130,9.192163177670425,2.7106816961889426,38.0300590445518,1.5029522275899088,33.04482018250134,1.8719806763285025,8.501073537305421,4.025764895330113,0.7045088566827697,0.41599570585077833
131,9.172034353193773,2.657004830917874,36.89613526570049,1.5029522275899088,34.326355340848096,1.8183038110574343,8.480944712828771,4.025764895330113,0.7045088566827697,0.41599570585077833
132,7.836822329575953,2.13365539452496,40.713902308105204,1.5029522275899088,32.17257112184648,1.9189479334406871,8.729200214707461,3.9452495974235107,0.630703166935051,0.41599570585077833
133,7.98443370907139,2.13365539452496,40.351583467525494,1.6237251744498122,32.139023081052066,2.046430488459474,8.729200214707461,3.9452495974235107,0.630703166935051,0.41599570585077833
134,8.05823939881911,2.1269457863660763,39.34514224369297,1.6237251744498122,32.139023081052066,2.046430488459474,9.668545356951155,3.9452495974235107,0.630703166935051,0.41599570585077833
135,8.333333333333334,2.1269457863660763,39.23778851315083,1.596886741814278,32.085346215781,2.046430488459474,9.608158883521202,3.9184111647879765,0.630703166935051,0.41599570585077833
136,8.501073537305421,2.1269457863660763,38.197799248523886,1.6103059581320451,32.971014492753625,2.0397208803005906,9.634997316156737,3.8714439076757916,0.630703166935051,0.41599570585077833
137,8.393719806763285,2.1269457863660763,37.97638217928073,1.6103059581320451,34.12506709608159,2.1739130434782608,8.709071390230811,3.8378958668813743,0.630703166935051,0.41599570585077833
138,8.722490606548577,2.1068169618894257,37.74825550187869,1.7579173376274826,33.943907675791735,2.1739130434782608,8.675523349436393,3.8378958668813743,0.630703166935051,0.4025764895330113
139,9.098228663446054,2.1068169618894257,37.265163714439076,2.1806226516371443,33.675523349436396,2.1739130434782608,8.641975308641975,3.8378958668813743,0.6172839506172839,0.4025764895330113
140,9.118357487922705,2.1068169618894257,41.02925389157273,2.1806226516371443,30.844068706387546,2.0128824476650564,8.13875469672571,3.556092324208266,0.6105743424584005,0.4025764895330113
141,9.433709071390231,2.1068169618894257,40.734031132581855,2.1806226516371443,30.683038110574344,2.15378421900161,8.13875469672571,3.556092324208266,0.6105743424584005,0.4025764895330113
142,9.460547504025765,2.1068169618894257,40.4320987654321,2.1806226516371443,30.649490069779926,2.462426194310252,8.13875469672571,3.556092324208266,0.6105743424584005,0.4025764895330113
143,9.816156736446592,2.1068169618894257,40.123456790123456,2.1806226516371443,30.609232420826622,2.4557165861513686,8.13875469672571,3.556092324208266,0.6105743424584005,0.4025764895330113
144,10.205314009661835,2.1068169618894257,39.85507246376812,2.1806226516371443,30.52871712292002,2.4557165861513686,8.09849704777241,3.556092324208266,0.6105743424584005,0.4025764895330113
145,10.071121846484166,2.100107353730542,42.86768652710682,2.1806226516371443,27.697262479871174,2.4221685453569513,8.091787439613526,3.556092324208266,0.6105743424584005,0.4025764895330113
146,9.98389694041868,2.100107353730542,45.38378958668814,2.167203435319377,26.496242619431026,2.4020397208803006,6.910896403650026,3.556092324208266,0.5971551261406334,0.4025764895330113
147,10.017444981213098,2.0933977455716586,45.853462157809986,2.167203435319377,25.959473966720342,2.301395598497048,6.843800322061192,3.7640901771336552,0.5971551261406334,0.4025764895330113
148,10.285829307568438,2.0531400966183573,45.7259796027912,2.167203435319377,25.644122383252817,2.281266774020397,7.212828770799785,3.7640901771336552,0.46296296296296297,0.4025764895330113
149,8.044820182501342,1.4492753623188406,59.45383789586688,1.9793344068706387,18.53864734299517,1.9860440150295222,4.126409017713366,3.5963499731615673,0.4294149221685454,0.39586688137412773
150,8.246108427267847,1.4492753623188406,57.74288781535159,1.932367149758454,18.511808910359633,1.932367149758454,4.180085882984434,5.179817498658078,0.4294149221685454,0.39586688137412773
151,8.239398819108963,1.4492753623188406,57.41411701556629,2.046430488459474,18.840579710144926,1.932367149758454,4.072732152442297,5.179817498658078,0.4294149221685454,0.39586688137412773
152,8.507783145464305,1.4492753623188406,57.21282877079979,2.046430488459474,18.773483628556093,1.932367149758454,4.072732152442297,5.179817498658078,0.4294149221685454,0.39586688137412773
153,8.722490606548577,1.442565754159957,57.098765432098766,2.046430488459474,18.719806763285025,1.9122383252818036,4.072732152442297,5.159688674181428,0.4294149221685454,0.39586688137412773
154,8.796296296296296,1.442565754159957,57.06521739130435,2.046430488459474,18.679549114331724,1.9122383252818036,4.072732152442297,5.159688674181428,0.4294149221685454,0.39586688137412773
155,9.03113258185722,1.442565754159957,56.736446591519055,2.046430488459474,18.59903381642512,1.9927536231884058,4.072732152442297,5.119431025228127,0.5636070853462157,0.39586688137412773
156,9.29951690821256,1.442565754159957,56.447933440687066,2.1940418679549114,18.59903381642512,1.892109500805153,4.072732152442297,5.119431025228127,0.5367686527106817,0.39586688137412773
157,9.346484165324744,1.442565754159957,56.26677402039721,2.1940418679549114,18.59903381642512,2.0263016639828235,4.072732152442297,5.119431025228127,0.5367686527106817,0.39586688137412773
158,9.494095544820183,1.442565754159957,56.15271068169619,2.1940418679549114,18.303811057434245,2.01959205582394,4.341116478797638,5.119431025228127,0.5367686527106817,0.39586688137412773
159,9.50751476113795,1.3821792807300053,56.092324208266234,2.314814814814815,18.243424584004295,2.100107353730542,4.327697262479871,5.119431025228127,0.5166398282340311,0.39586688137412773
160,9.688674181427805,1.3821792807300053,55.783682232957595,2.5161030595813205,18.169618894256576,2.100107353730542,4.327697262479871,5.119431025228127,0.5166398282340311,0.39586688137412773
161,9.809447128287708,1.3821792807300053,55.66961889425657,2.5161030595813205,18.169618894256576,2.100107353730542,4.327697262479871,5.112721417069243,0.5166398282340311,0.39586688137412773
162,10.165056360708535,1.3821792807300053,55.31400966183575,2.85829307568438,17.860976918947934,2.100107353730542,4.30756843800322,5.0993022007514766,0.5166398282340311,0.39586688137412773
163,10.534084809447128,1.3821792807300053,55.10601180891036,2.818035426731079,17.847557702630166,1.9927536231884058,4.30756843800322,5.0993022007514766,0.5166398282340311,0.39586688137412773
164,10.641438539989265,1.3821792807300053,55.03220611916264,2.818035426731079,17.814009661835748,1.9927536231884058,4.30756843800322,5.0993022007514766,0.5166398282340311,0.39586688137412773
165,10.829307568438002,1.3821792807300053,56.11916264090177,2.9119699409554483,16.465378421900162,1.9860440150295222,4.294149221685454,5.186527106816962,0.4294149221685454,0.39586688137412773
166,11.030595813204508,1.3821792807300053,55.75013419216318,2.9052603327965647,16.451959205582394,2.0263016639828235,4.294149221685454,5.3341384863123995,0.4294149221685454,0.39586688137412773
167,11.191626409017713,1.3821792807300053,55.50858829844337,2.9052603327965647,16.451959205582394,2.1068169618894257,4.294149221685454,5.3341384863123995,0.4294149221685454,0.39586688137412773
168,11.668008588298443,1.3821792807300053,54.96511003757381,2.9052603327965647,16.451959205582394,2.1739130434782608,4.294149221685454,5.3341384863123995,0.4294149221685454,0.39586688137412773
169,11.896135265700483,1.3821792807300053,54.5222758990875,2.9052603327965647,16.431830381105744,2.254428341384863,4.180085882984434,5.60252281266774,0.4294149221685454,0.39586688137412773
170,11.969940955448202,1.3821792807300053,54.48201825013419,2.9052603327965647,16.398282340311326,2.254428341384863,4.180085882984434,5.60252281266774,0.4294149221685454,0.39586688137412773
171,11.533816425120772,1.3150831991411702,51.11379495437466,2.8247450348899625,19.028448738593667,2.13365539452496,5.622651637144391,5.60252281266774,0.4294149221685454,0.39586688137412773
172,11.56736446591519,1.3150831991411702,50.275093934514224,2.8247450348899625,19.008319914117017,2.13365539452496,6.461352657004831,5.589103596349974,0.4294149221685454,0.39586688137412773
173,11.77536231884058,1.3150831991411702,49.92619431025228,2.8247450348899625,18.431293612453032,2.0263016639828235,7.6556629092860975,5.22007514761138,0.4294149221685454,0.39586688137412773
174,11.956521739130435,1.3150831991411702,49.7987117552335,2.791196994095545,18.33064949006978,2.0263016639828235,7.648953301127214,5.22007514761138,0.5166398282340311,0.39586688137412773
175,12.385936661298981,1.3150831991411702,49.5101986044015,2.791196994095545,18.297101449275363,1.9189479334406871,7.648953301127214,5.22007514761138,0.5166398282340311,0.39586688137412773
176,12.466451959205582,1.3150831991411702,49.4296833064949,2.791196994095545,18.203166935050994,1.9189479334406871,7.648953301127214,5.314009661835748,0.5166398282340311,0.39586688137412773
177,12.640901771336553,1.3150831991411702,49.3894256575416,2.791196994095545,18.06897477187332,1.9189479334406871,7.648953301127214,5.314009661835748,0.5166398282340311,0.39586688137412773
178,13.050187869028449,1.2412775093934514,49.22168545356951,2.7777777777777777,17.96833064949007,1.8988191089640365,7.628824476650563,5.300590445517981,0.5166398282340311,0.39586688137412773
179,13.09044551798175,1.2412775093934514,49.18142780461621,2.7777777777777777,17.96833064949007,1.8988191089640365,7.628824476650563,5.300590445517981,0.5166398282340311,0.39586688137412773
180,13.231347289318304,1.2412775093934514,48.65807836822329,3.321256038647343,17.827428878153516,1.8988191089640365,7.628824476650563,5.280461621041331,0.5166398282340311,0.39586688137412773
181,12.989801395598498,1.2412775093934514,47.43022007514761,3.321256038647343,17.746913580246915,1.8988191089640365,7.628824476650563,6.830381105743425,0.5166398282340311,0.39586688137412773
182,13.22463768115942,1.2412775093934514,47.148416532474506,3.321256038647343,17.733494363929147,2.033011272141707,7.628824476650563,6.756575415995706,0.5166398282340311,0.39586688137412773
183,13.45276435856146,1.2412775093934514,47.014224369296834,3.2877079978529253,17.66639828234031,2.033011272141707,7.628824476650563,6.763285024154589,0.5166398282340311,0.39586688137412773
184,13.654052603327965,1.2412775093934514,46.88674181427805,3.2474503488996245,17.652979066022546,2.033011272141707,7.628824476650563,6.743156199677939,0.5166398282340311,0.39586688137412773
185,13.613794954374665,1.2278582930756843,45.74610842726785,3.207192699946323,17.652979066022546,2.1604938271604937,8.68894256575416,6.790123456790123,0.5166398282340311,0.39586688137412773
186,13.560118089103597,1.2278582930756843,44.0552871712292,3.2474503488996245,19.410896403650028,2.1403650026838434,8.527911969940956,6.91760601180891,0.5166398282340311,0.39586688137412773
187,13.667471819645733,1.2278582930756843,43.96135265700483,3.2474503488996245,19.404186795491142,2.1403650026838434,8.521202361782072,6.91760601180891,0.5166398282340311,0.39586688137412773
188,13.573537305421363,1.2278582930756843,43.062265163714436,3.2474503488996245,20.819914117015568,2.059849704777241,8.179012345679013,6.91760601180891,0.5166398282340311,0.39586688137412773
189,13.58695652173913,1.1943102522812667,42.84755770263017,3.361513687600644,20.799785292538918,1.9726247987117553,8.07836822329576,7.253086419753086,0.5099302200751477,0.39586688137412773
190,13.741277509393452,1.1943102522812667,42.64626945786366,3.361513687600644,20.725979602791195,1.9726247987117553,8.044820182501342,7.407407407407407,0.5099302200751477,0.39586688137412773
191,13.828502415458937,1.1943102522812667,42.632850241545896,3.361513687600644,20.67230273752013,1.9659151905528718,7.924047235641439,7.514761137949543,0.5099302200751477,0.39586688137412773
192,14.070048309178745,1.1943102522812667,42.39801395598497,3.361513687600644,20.67230273752013,1.9659151905528718,7.924047235641439,7.50805152979066,0.5099302200751477,0.39586688137412773
193,14.204240472356414,1.1943102522812667,42.08266237251745,3.3548040794417604,20.86688137412775,1.90552871712292,7.917337627482555,7.6556629092860975,0.5099302200751477,0.30864197530864196
194,14.378690284487385,1.1943102522812667,41.83440687063875,3.5628019323671496,20.833333333333332,1.90552871712292,7.830112721417069,7.64224369296833,0.5099302200751477,0.30864197530864196
195,14.492753623188406,1.1943102522812667,41.35131508319914,3.5628019323671496,20.28985507246377,1.8518518518518519,7.729468599033816,8.702361782071927,0.5166398282340311,0.30864197530864196
196,14.660493827160494,1.1943102522812667,41.17015566290929,3.670155662909286,20.061728395061728,1.8518518518518519,7.897208803005904,8.709071390230811,0.5166398282340311,0.2683843263553409
197,14.949006977992486,1.1876006441223832,41.1231884057971,3.670155662909286,19.887278582930758,1.892109500805153,7.809983896940419,8.695652173913043,0.5166398282340311,0.2683843263553409
198,15.116747181964573,1.1876006441223832,41.00912506709608,3.670155662909286,19.887278582930758,1.892109500805153,7.7831454643048845,8.675523349436393,0.5099302200751477,0.2683843263553409
199,15.217391304347826,1.1876006441223832,40.98228663446055,3.670155662909286,19.81347289318304,1.892109500805153,7.7831454643048845,8.675523349436393,0.5099302200751477,0.2683843263553409
200,15.01610305958132,1.1808910359634996,41.076221148684915,3.6634460547504024,19.746376811594203,1.8518518518518519,7.776435856146001,8.910359634997317,0.5099302200751477,0.2683843263553409
201,15.136876006441224,1.1808910359634996,41.83440687063875,3.6634460547504024,19.14922168545357,1.6170155662909287,7.675791733762749,8.984165324745035,0.5032206119162641,0.2549651100375738
202,15.53274288781535,1.1808910359634996,41.19028448738594,4.2203435319377345,18.947933440687063,1.6170155662909287,7.575147611379496,8.977455716586151,0.5032206119162641,0.2549651100375738
203,15.411969940955448,1.1808910359634996,40.01610305958132,4.092860976918948,18.833870101986044,1.556629092860977,9.245840042941492,8.903650026838433,0.5032206119162641,0.2549651100375738
204,15.53274288781535,1.1808910359634996,39.962426194310254,4.146537842190016,18.739935587761675,1.5499194847020934,9.23913043478261,8.890230810520666,0.5032206119162641,0.2549651100375738
205,15.861513687600644,1.1808910359634996,39.801395598497045,4.146537842190016,18.706387546967257,1.5365002683843263,9.151905528717123,8.856682769726248,0.5032206119162641,0.2549651100375738
206,15.841384863123993,1.1808910359634996,39.781266774020395,4.126409017713366,18.78690284487386,1.5365002683843263,9.151905528717123,8.836553945249598,0.5032206119162641,0.2549651100375738
207,16.0426731078905,1.1272141706924315,39.58668813741278,4.240472356414386,18.853998926462694,1.5365002683843263,9.017713365539452,8.836553945249598,0.5032206119162641,0.2549651100375738
208,16.170155662909288,1.1272141706924315,39.56655931293612,4.240472356414386,18.80703166935051,1.5297906602254427,8.964036500268385,8.836553945249598,0.5032206119162641,0.2549651100375738
209,15.96886741814278,1.1272141706924315,38.96269457863661,4.052603327965647,20.128824476650564,1.5297906602254427,8.93719806763285,8.53462157809984,0.5032206119162641,0.2549651100375738
210,16.049382716049383,1.1272141706924315,38.96269457863661,4.052603327965647,20.061728395061728,1.5297906602254427,8.923778851315083,8.53462157809984,0.5032206119162641,0.2549651100375738
211,16.029253891572733,1.1272141706924315,38.94256575415996,3.992216854535695,19.961084272678477,1.5297906602254427,8.890230810520666,8.648684916800859,0.6239935587761675,0.2549651100375738
212,16.183574879227052,1.1272141706924315,38.73456790123457,3.992216854535695,19.93424584004294,1.5297906602254427,8.809715512614064,8.809715512614064,0.6239935587761675,0.2549651100375738
213,16.371443907675793,1.1272141706924315,38.687600644122384,3.992216854535695,19.79334406870639,1.5297906602254427,8.809715512614064,8.809715512614064,0.6239935587761675,0.2549651100375738
214,16.203703703703702,1.1272141706924315,37.64090177133655,3.992216854535695,19.598765432098766,1.4962426194310252,10.245571658615138,8.816425120772946,0.6239935587761675,0.2549651100375738
215,16.411701556629094,1.1003757380568975,37.453032742887814,3.992216854535695,19.524959742351047,1.4962426194310252,10.245571658615138,8.816425120772946,0.7045088566827697,0.2549651100375738
216,16.6532474503489,1.1003757380568975,36.99677938808374,4.159957058507783,19.424315619967793,1.7646269457863661,10.265700483091788,8.675523349436393,0.7045088566827697,0.2549651100375738
217,16.928341384863124,1.1003757380568975,36.8491680085883,4.159957058507783,19.30354267310789,1.7646269457863661,10.265700483091788,8.668813741277509,0.7045088566827697,0.2549651100375738
218,16.780730005367687,1.093666129898014,37.31884057971015,4.052603327965647,19.310252281266774,1.7646269457863661,10.131508319914117,8.729200214707461,0.5636070853462157,0.2549651100375738
219,16.921631776704242,1.093666129898014,37.23161567364466,4.045893719806763,19.269994632313473,1.751207729468599,10.138217928073,8.729200214707461,0.5636070853462157,0.2549651100375738
220,17.223564143854,1.093666129898014,36.95652173913044,4.206924315619967,19.07541599570585,1.8384326355340848,10.057702630166398,8.729200214707461,0.5636070853462157,0.2549651100375738
221,17.398013955984972,1.093666129898014,36.89613526570049,4.206924315619967,19.068706387546968,1.8384326355340848,10.030864197530864,8.648684916800859,0.5636070853462157,0.2549651100375738
222,17.23027375201288,1.093666129898014,36.8491680085883,4.166666666666667,19.03515834675255,1.8384326355340848,10.319377348362856,8.648684916800859,0.5636070853462157,0.2549651100375738
223,17.277241009125067,1.093666129898014,36.83574879227053,4.133118625872249,19.03515834675255,1.8384326355340848,10.319377348362856,8.648684916800859,0.5636070853462157,0.2549651100375738
224,17.49194847020934,1.093666129898014,36.81561996779388,4.126409017713366,18.88083735909823,1.8317230273752012,10.299248523886206,8.641975308641975,0.5636070853462157,0.2549651100375738
225,17.54562533548041,1.0802469135802468,36.540526033279654,4.200214707461084,18.88083735909823,1.9927536231884058,10.299248523886206,8.641975308641975,0.5636070853462157,0.2549651100375738
226,17.55233494363929,1.0802469135802468,36.480139559849704,4.200214707461084,18.773483628556093,2.15378421900161,10.185185185185185,8.756038647342995,0.5636070853462157,0.2549651100375738
227,17.96833064949007,1.0802469135802468,36.45330112721417,4.180085882984434,18.42458400429415,2.147074610842727,10.185185185185185,8.742619431025227,0.5636070853462157,0.2549651100375738
228,18.06226516371444,1.0735373054213635,36.3191089640365,4.1532474503489,18.391035963499732,2.254428341384863,10.185185185185185,8.742619431025227,0.5636070853462157,0.2549651100375738
229,18.189747718733226,1.0735373054213635,36.20504562533548,4.133118625872249,18.391035963499732,2.254428341384863,10.185185185185185,8.749329039184111,0.5636070853462157,0.2549651100375738
