,45,50,53,55,51,54,58,52,56,57,60,59,61
0,85.2187332259796,14.358561460010735,0.33548040794417605,0.08722490606548577,,,,,,,,,
1,84.8094471282877,14.687332259796028,0.33548040794417605,0.16774020397208803,,,,,,,,,
2,67.14304884594739,30.347557702630166,0.322061191626409,0.30193236714975846,0.8655394524959742,1.0064412238325282,0.013419216317767043,,,,,,
3,63.38566827697262,32.024959742351044,0.3488996242619431,0.35560923242082665,2.818035426731079,1.0534084809447128,0.013419216317767043,,,,,,
4,61.178207192699944,33.9975845410628,0.3488996242619431,0.5501878690284487,2.804616210413312,1.0534084809447128,0.013419216317767043,0.020128824476650563,0.03354804079441761,,,,
5,57.92404723564144,37.76167471819646,0.05367686527106817,0.4495437466451959,2.690552871712292,1.0534084809447128,,0.03354804079441761,0.03354804079441761,,,,
6,55.35426731078905,40.163714439076756,0.05367686527106817,0.5971551261406334,2.677133655394525,1.0534084809447128,,0.06709608158883522,0.03354804079441761,,,,
7,54.569243156199676,40.774288781535155,0.05367686527106817,0.7380568974771873,2.7106816961889426,1.0534084809447128,,0.06709608158883522,0.03354804079441761,,,,
8,54.3142780461621,40.57971014492754,0.4092860976918948,1.0131508319914118,2.6838432635534084,0.8990874932903918,,0.06709608158883522,0.03354804079441761,,,,
9,53.86473429951691,40.86151368760064,0.46296296296296297,1.1003757380568975,2.6838432635534084,0.9125067096081588,,0.08051529790660225,0.03354804079441761,,,,
10,53.455448201825014,40.995705850778315,0.46296296296296297,1.2144390767579174,2.831454643048846,0.9057971014492754,0.020128824476650563,0.08051529790660225,0.03354804079441761,,,,
11,45.793075684380035,33.52120236178207,0.23483628556092323,0.5703166935050993,12.506709608158884,0.47638217928073,0.020128824476650563,6.528448738593666,0.27509393451422437,0.07380568974771873,,,
12,39.412238325281805,39.05662909286098,2.187332259796028,0.630703166935051,12.406065485775631,0.47638217928073,0.040257648953301126,5.374396135265701,0.3488996242619431,0.06709608158883522,,,
13,36.15807836822329,37.27187332259796,2.100107353730542,0.7246376811594203,17.317498658078367,0.47638217928073,0.08051529790660225,5.428073000536768,0.3757380568974772,0.06709608158883522,,,
14,35.99704777241009,37.41277509393451,2.086688137412775,0.785024154589372,17.05582393988191,0.47638217928073,0.06709608158883522,5.414653784219001,0.6038647342995169,0.10064412238325282,,,
15,31.944444444444443,41.38486312399356,2.100107353730542,0.9863123993558777,16.867954911433173,0.47638217928073,0.06709608158883522,5.421363392377885,0.6508319914117016,0.10064412238325282,,,
16,31.199677938808374,39.55314009661836,2.100107353730542,1.1406333870101986,19.189479334406872,0.5032206119162641,0.06709608158883522,5.320719269994632,0.798443370907139,0.1274825550187869,,,
17,27.274557165861513,33.41384863123994,0.9192163177670424,0.9594739667203436,31.97799248523886,0.2147074610842727,0.013419216317767043,4.30756843800322,0.8722490606548577,0.04696725711218465,,,
18,27.167203435319376,33.19243156199678,0.8856682769726248,1.1943102522812667,31.93102522812668,0.24154589371980675,0.05367686527106817,4.3545356951154055,0.9326355340848095,0.04696725711218465,,,
19,27.066559312936125,33.333333333333336,0.8856682769726248,1.2077294685990339,31.78341384863124,0.2885131508319914,0.05367686527106817,4.314278046162104,0.9796027911969941,0.08722490606548577,,,
20,26.84514224369297,32.95759527643585,2.0128824476650564,1.2144390767579174,30.991680085882983,0.2214170692431562,0.05367686527106817,4.314278046162104,1.288244766505636,0.10064412238325282,,,
21,26.757917337627482,31.085614600107355,2.187332259796028,1.221148684916801,30.636070853462158,0.3757380568974772,0.05367686527106817,6.199677938808374,1.3821792807300053,0.10064412238325282,,,
22,26.78475577026302,30.790391841116477,2.167203435319377,1.42914653784219,30.434782608695652,0.4495437466451959,0.040257648953301126,6.213097155126141,1.583467525496511,0.10735373054213634,,,
23,26.261406333870102,30.3743961352657,2.1806226516371443,1.570048309178744,31.052066559312937,0.5166398282340311,0.026838432635534086,6.172839506172839,1.6774020397208802,0.14761137949543746,0.020128824476650563,,
24,26.42914653784219,30.19994632313473,2.167203435319377,1.7646269457863661,30.817230273752013,0.5568974771873323,0.026838432635534086,6.125872249060655,1.710950080515298,0.18115942028985507,0.020128824476650563,,
25,25.744766505636072,29.871175523349436,2.120236178207193,1.9457863660762211,31.602254428341386,0.5568974771873323,0.020128824476650563,6.052066559312936,1.8250134192163177,0.24154589371980675,0.020128824476650563,,
26,25.758185721953836,29.508856682769725,3.280998389694042,2.0933977455716586,31.561996779388085,0.5837359098228664,0.0067096081588835215,5.092592592592593,1.8518518518518519,0.24154589371980675,0.020128824476650563,,
27,25.201288244766506,28.60305958132045,3.207192699946323,1.9390767579173376,33.11862587224906,0.5971551261406334,0.03354804079441761,5.052334943639291,1.9189479334406871,0.30864197530864196,0.020128824476650563,,
28,25.261674718196456,28.475577026301664,3.2474503488996245,2.006172839506173,32.86366076221149,0.7045088566827697,0.03354804079441761,4.985238862050457,2.0263016639828235,0.3757380568974772,0.020128824476650563,,
29,24.724906065485776,28.965378421900162,3.2474503488996245,2.3617820719269993,32.50805152979066,0.6977992485238862,0.06038647342995169,4.884594739667204,2.073268921095008,0.4562533548040794,0.020128824476650563,,
30,24.778582930756844,28.462157809983896,3.227321524422974,2.462426194310252,32.39398819108964,0.7313472893183038,0.06038647342995169,5.038915727321524,2.3550724637681157,0.46967257112184646,0.020128824476650563,,
31,24.832259796027913,28.37493290391841,3.1870638754696725,2.6301663982823404,32.1658615136876,0.7581857219538379,0.0939345142243693,5.052334943639291,2.3886205045625335,0.49651100375738055,0.020128824476650563,,
32,21.712292002147073,29.032474503488995,3.1870638754696725,2.623456790123457,34.004294149221685,0.6172839506172839,0.0939345142243693,5.857487922705314,2.3550724637681157,0.49651100375738055,0.020128824476650563,,
33,21.048040794417606,27.979066022544284,1.6438539989264627,2.563070316693505,39.65378421900161,0.6374127750939346,0.026838432635534086,4.146537842190016,1.9189479334406871,0.36231884057971014,0.020128824476650563,,
34,21.054750402576488,27.84487385936661,1.6975308641975309,2.6704240472356413,39.371980676328505,0.6776704240472357,0.026838432635534086,4.139828234031133,2.13365539452496,0.36231884057971014,0.020128824476650563,,
35,16.14331723027375,32.70263016639828,6.300322061191626,2.2611379495437465,35.48040794417606,0.5770263016639828,0.07380568974771873,4.072732152442297,1.9860440150295222,0.4025764895330113,,,
36,15.197262479871176,32.1658615136876,4.911433172302737,2.5161030595813205,37.734836285560924,0.5367686527106817,0.07380568974771873,4.4753086419753085,2.1739130434782608,0.2147074610842727,,,
37,15.331454643048845,31.80354267310789,4.918142780461621,2.757648953301127,36.862587224906065,1.3821792807300053,0.08722490606548577,4.435050993022007,2.1806226516371443,0.2147074610842727,,0.026838432635534086,
38,15.33816425120773,31.729736983360173,3.140096618357488,2.7979066022544283,36.560654857756305,1.4358561460010735,0.03354804079441761,6.333870101986044,2.4020397208803006,0.2147074610842727,,0.013419216317767043,
39,14.51959205582394,31.0654857756307,3.166935050993022,3.2340311325818574,35.0979602791197,1.6908212560386473,0.05367686527106817,8.413848631239935,2.5295222758990876,0.2147074610842727,,0.013419216317767043,
40,14.40552871712292,30.770263016639827,3.1065485775630703,3.5426731078904994,31.5955448201825,1.3754696725711217,0.06038647342995169,12.835480407944177,2.0397208803005906,0.2549651100375738,,0.013419216317767043,
41,14.673913043478262,30.56897477187332,3.166935050993022,3.6500268384326353,31.19296833064949,1.3620504562533549,0.08722490606548577,12.654320987654321,2.2208803005904456,0.4092860976918948,,0.013419216317767043,
42,14.74771873322598,30.327428878153516,3.240740740740741,3.784219001610306,30.95813204508857,1.3486312399355878,0.08722490606548577,12.593934514224369,2.4221685453569513,0.4428341384863124,,0.04696725711218465,
43,14.982555018786902,30.079173376274827,3.280998389694042,3.8580246913580245,30.656199677938808,1.6371443907675791,0.08722490606548577,12.359098228663447,2.576489533011272,0.43612453032742887,,0.04696725711218465,
44,14.257917337627482,27.006172839506174,3.502415458937198,3.4822866344605474,34.70880300590446,1.6103059581320451,0.06038647342995169,12.27187332259796,2.5563607085346214,0.48980139559849706,0.0067096081588835215,0.04696725711218465,
45,12.620772946859903,28.381642512077295,3.488996242619431,3.7372517444981215,34.628287707997856,1.710950080515298,0.05367686527106817,12.144390767579173,2.677133655394525,0.5032206119162641,0.0067096081588835215,0.04696725711218465,
46,12.318840579710145,28.032742887815353,3.556092324208266,3.730542136339238,35.18518518518518,1.7042404723564144,0.05367686527106817,12.191358024691358,2.636876006441224,0.5300590445517982,0.0067096081588835215,0.05367686527106817,
47,12.47987117552335,27.710681696188942,3.535963499731616,4.314278046162104,34.72893183038111,1.724369296833065,0.04696725711218465,12.084004294149223,2.703972088030059,0.6105743424584005,0.0067096081588835215,0.05367686527106817,
48,10.86285560923242,33.00456253354804,3.321256038647343,3.9720880300590444,29.636339237788512,1.5230810520665594,0.0939345142243693,14.298174986580785,2.5966183574879227,0.6642512077294686,0.0067096081588835215,0.020128824476650563,
49,10.990338164251208,32.64224369296833,3.3950617283950617,4.394793344068707,28.24074074074074,1.570048309178744,0.11406333870101985,15.324745034889963,2.5697799248523885,0.7313472893183038,0.0067096081588835215,0.020128824476650563,
50,11.023886205045626,32.306763285024154,3.3413848631239937,4.528985507246377,27.965646806226516,1.90552871712292,0.14090177133655393,15.271068169618895,2.6502952227589907,0.8454106280193237,0.0067096081588835215,0.013419216317767043,
51,11.017176596886742,31.790123456790123,3.361513687600644,4.4753086419753085,27.2812667740204,3.502415458937198,0.14090177133655393,14.848362855609233,2.7509393451422435,0.8118625872249061,0.0067096081588835215,0.013419216317767043,
52,10.178475577026301,35.601180891035966,3.321256038647343,4.636339237788513,25.167740203972087,3.408480944712829,0.14090177133655393,14.190821256038648,2.536231884057971,0.798443370907139,0.0067096081588835215,0.013419216317767043,
53,10.319377348362856,35.34621578099839,3.2877079978529253,4.8376274825550185,25.06038647342995,3.3816425120772946,0.14090177133655393,14.184111647879764,2.61003757380569,0.8118625872249061,0.0067096081588835215,0.013419216317767043,
54,10.104669887278583,34.68196457326892,5.280461621041331,4.53569511540526,24.932903918411164,3.7104133118625873,0.15432098765432098,13.197799248523886,2.576489533011272,0.8051529790660226,0.0067096081588835215,0.013419216317767043,
55,8.641975308641975,28.005904455179817,2.6704240472356413,3.8311862587224907,34.19887278582931,4.133118625872249,0.14090177133655393,16.29092860976919,1.442565754159957,0.630703166935051,,0.013419216317767043,
56,8.581588835212024,27.72410091250671,3.797638217928073,3.7640901771336552,33.400429414922165,3.978797638217928,0.1610305958132045,15.96886741814278,1.778046162104133,0.8454106280193237,,,
57,8.735909822866345,27.415458937198068,3.784219001610306,4.274020397208803,33.21926999463231,3.7372517444981215,0.1610305958132045,15.874932903918411,1.90552871712292,0.8923778851315083,,,
58,8.789586688137414,27.086688137412775,3.844605475040258,4.575952764358561,33.08507783145464,3.4017713365539453,0.18115942028985507,16.15673644659152,1.9927536231884058,0.8789586688137413,,0.0067096081588835215,
59,8.890230810520666,26.69753086419753,3.965378421900161,4.87788513150832,32.8569511540526,3.408480944712829,0.20128824476650564,16.022544283413847,2.1940418679549114,0.8655394524959742,0.013419216317767043,0.0067096081588835215,
60,8.816425120772946,26.482823403113258,2.8918411164787976,4.99194847020934,34.648416532474506,3.361513687600644,0.28180354267310787,15.727321524422974,1.932367149758454,0.8454106280193237,0.013419216317767043,0.0067096081588835215,
61,8.99087493290392,26.281535158346752,2.8381642512077296,5.159688674181428,34.534353193773484,3.307836822329576,0.30864197530864196,15.666935050993022,1.9726247987117553,0.8856682769726248,0.013419216317767043,0.040257648953301126,
62,9.131776704240472,26.060118089103597,2.844873859366613,5.300590445517981,34.01771336553945,3.643317230273752,0.30864197530864196,15.26435856146001,2.4490069779924855,0.9259259259259259,0.013419216317767043,0.040257648953301126,
63,7.75630703166935,34.648416532474506,2.871712292002147,4.133118625872249,30.152979066022546,3.294417606011809,0.28180354267310787,13.593666129898015,2.2611379495437465,0.95276435856146,0.013419216317767043,0.040257648953301126,
64,7.796564680622652,34.56119162640902,2.8650026838432634,4.180085882984434,30.059044551798173,3.3682232957595275,0.28180354267310787,13.486312399355878,2.341653247450349,1.0064412238325282,0.013419216317767043,0.040257648953301126,
65,7.548309178743962,34.225711218464845,3.589640365002684,3.898282340311326,31.890767579173378,2.7308105206655933,0.2549651100375738,12.466451959205582,2.5026838432635534,0.8588298443370908,0.013419216317767043,0.020128824476650563,
66,5.186527106816962,43.20987654320987,2.522812667740204,2.918679549114332,28.495705850778315,2.7308105206655933,0.28180354267310787,11.473429951690822,2.281266774020397,0.8655394524959742,0.013419216317767043,0.020128824476650563,
67,5.35426731078905,42.901234567901234,2.4825550187869028,3.0394524959742353,28.23403113258186,2.771068169618894,0.28180354267310787,11.473429951690822,2.536231884057971,0.8923778851315083,0.013419216317767043,0.020128824476650563,
68,4.944981213097155,41.42512077294686,2.3215244229736984,2.7106816961889426,30.48845947396672,2.589908749329039,0.28180354267310787,11.600912506709609,2.6838432635534084,0.9259259259259259,0.013419216317767043,0.013419216317767043,
69,5.146269457863661,40.98899624261943,2.341653247450349,2.9589371980676327,30.16639828234031,2.623456790123457,0.2885131508319914,11.52710681696189,2.932098765432099,0.9997316156736447,0.013419216317767043,0.013419216317767043,
70,5.300590445517981,40.66022544283414,2.9723564143853998,3.1870638754696725,29.320987654320987,2.6167471819645733,0.2952227589908749,11.43317230273752,3.1065485775630703,1.0802469135802468,0.013419216317767043,0.013419216317767043,
71,5.4549114331723025,40.52603327965647,3.012614063338701,3.5225442834138487,28.992216854535695,2.6301663982823404,0.2952227589908749,11.272141706924316,3.207192699946323,1.0601180891035964,0.013419216317767043,0.013419216317767043,
72,5.4549114331723025,33.3870101986044,10.124798711755233,3.4017713365539453,28.509125067096083,3.307836822329576,0.30193236714975846,11.16478797638218,3.3145464304884595,0.9863123993558777,0.013419216317767043,0.03354804079441761,
73,5.555555555555555,33.20585077831455,10.165056360708535,3.8915727321524423,28.133387010198604,3.307836822329576,0.30193236714975846,11.144659151905529,3.3011272141706924,0.9460547504025765,0.013419216317767043,0.03354804079441761,
74,5.662909286097692,32.991143317230275,10.111379495437467,4.133118625872249,27.91867954911433,3.3413848631239937,0.2885131508319914,11.09098228663446,3.455448201825013,0.9594739667203436,0.013419216317767043,0.03354804079441761,
75,5.810520665593129,32.17257112184648,9.957058507783145,4.904723564143854,27.690552871712292,3.388352120236178,0.39586688137412773,11.117820719269995,3.5426731078904994,0.9728931830381106,0.013419216317767043,0.03354804079441761,
76,5.46833064949007,27.214170692431562,9.668545356951155,3.992216854535695,22.269189479334408,4.575952764358561,0.630703166935051,22.014224369296834,3.126677402039721,0.966183574879227,0.013419216317767043,0.06038647342995169,
77,5.703166935050993,26.82501341921632,7.48792270531401,4.274020397208803,21.826355340848096,4.904723564143854,0.4562533548040794,24.188137412775095,3.207192699946323,1.0802469135802468,0.013419216317767043,0.03354804079441761,
78,5.797101449275362,26.570048309178745,7.461084272678476,4.797369833601718,21.18894256575416,4.911433172302737,0.4562533548040794,24.134460547504027,3.502415458937198,1.133923778851315,0.013419216317767043,0.03354804079441761,
79,5.864197530864198,26.234567901234566,8.353462157809984,5.132850241545894,20.336822329575952,4.918142780461621,0.5032206119162641,23.993558776167472,3.4017713365539453,1.2144390767579174,0.013419216317767043,0.03354804079441761,
80,6.031937734836285,26.03327965646806,8.548040794417606,5.434782608695652,19.82018250134192,4.891304347826087,0.5166398282340311,23.91304347826087,3.4688674181427803,1.2681159420289856,0.040257648953301126,0.03354804079441761,
81,5.83064949006978,23.181696188942567,9.386741814278047,5.394524959742351,18.276972624798713,9.23913043478261,0.46967257112184646,23.19511540526033,3.616478797638218,1.2949543746645196,0.08051529790660225,0.03354804079441761,
82,5.991680085882985,22.946859903381643,9.31964573268921,5.5756843800322065,18.189747718733226,9.245840042941492,0.46967257112184646,23.020665593129362,3.7104133118625873,1.3821792807300053,0.11406333870101985,0.03354804079441761,
83,6.072195383789587,22.758990874932906,9.29951690821256,5.676328502415459,18.12265163714439,9.272678475577026,0.47638217928073,22.805958132045088,3.8311862587224907,1.5096618357487923,0.14090177133655393,0.03354804079441761,
84,6.078904991948471,22.7187332259796,9.339774557165862,5.636070853462158,18.06226516371444,9.252549651100376,0.49651100375738055,22.6784755770263,3.878153515834675,1.6170155662909287,0.19457863660762212,0.04696725711218465,
85,6.219806763285024,22.67176596886742,9.272678475577026,5.662909286097692,17.941492216854535,9.312936124530328,0.5032206119162641,22.57783145464305,3.9184111647879765,1.6639828234031133,0.2147074610842727,0.040257648953301126,
86,5.904455179817498,19.41760601180891,9.037842190016104,5.441492216854535,30.24020397208803,8.648684916800859,0.5434782608695652,15.203972088030058,3.9519592055823938,1.3955984970477724,0.15432098765432098,0.06038647342995169,
87,5.924584004294149,18.129361245303276,9.03113258185722,5.340848094471283,27.15378421900161,13.231347289318304,0.5367686527106817,15.009393451422437,3.938539989264627,1.3955984970477724,0.20799785292538917,0.08722490606548577,0.013419216317767043
88,5.964841653247451,18.055555555555557,9.044551798174986,5.381105743424584,27.30810520665593,13.211218464841654,0.5501878690284487,14.65378421900161,4.146537842190016,1.328502415458937,0.20799785292538917,0.13419216317767044,0.013419216317767043
89,5.877616747181965,17.787171229200215,8.702361782071927,5.213365539452496,27.066559312936125,12.929414922168545,0.5636070853462157,16.431830381105744,3.8177670424047236,1.2815351583467525,0.2214170692431562,0.0939345142243693,0.013419216317767043
90,5.9447128287707995,17.69994632313473,8.568169618894256,5.293880837359098,26.89210950080515,12.95625335480408,0.6910896403650026,16.317767042404725,3.9184111647879765,1.3620504562533549,0.24825550187869028,0.0939345142243693,0.013419216317767043
91,5.743424584004294,17.98174986580784,8.507783145464305,5.347557702630167,26.7512077294686,12.889157273215245,0.8252818035426731,16.19699409554482,4.019055287171229,1.3821792807300053,0.24825550187869028,0.0939345142243693,0.013419216317767043
92,5.689747718733226,17.37788513150832,4.830917874396135,5.428073000536768,25.771604938271604,12.627482555018787,0.47638217928073,21.69887278582931,4.0995705850778315,1.6304347826086956,0.28180354267310787,0.08722490606548577,
93,5.501878690284487,14.626945786366075,4.643048845947397,6.112453032742888,20.088566827697264,9.923510466988727,0.47638217928073,33.24610842726785,3.6231884057971016,1.4626945786366077,0.24154589371980675,0.05367686527106817,
94,5.428073000536768,14.512882447665056,4.643048845947397,6.119162640901771,20.222758990874933,10.00402576489533,0.47638217928073,33.04482018250134,3.6768652710681695,1.556629092860977,0.24825550187869028,0.06709608158883522,
95,5.542136339237788,14.36527106816962,4.643048845947397,6.219806763285024,20.081857219538378,10.044283413848632,0.47638217928073,32.92404723564144,3.730542136339238,1.6371443907675791,0.23483628556092323,0.10064412238325282,
96,5.622651637144391,14.338432635534085,4.656468062265164,6.474771873322598,20.001341921631777,9.769189479334408,0.4562533548040794,32.7361782071927,3.8043478260869565,1.8183038110574343,0.20128824476650564,0.10064412238325282,0.020128824476650563
97,5.857487922705314,14.318303811057435,4.830917874396135,6.421095008051529,19.679280730005367,9.749060654857756,0.4495437466451959,32.32018250134192,4.186795491143317,1.8451422436929683,0.2214170692431562,0.10064412238325282,0.020128824476650563
98,6.018518518518518,14.264626945786366,4.7168545356951155,6.447933440687064,19.652442297369834,9.655126140633387,0.5568974771873323,32.118894256575416,4.106280193236715,2.0933977455716586,0.2214170692431562,0.10064412238325282,0.04696725711218465
99,6.139291465378422,14.029790660225443,4.750402576489533,6.541867954911433,19.49141170155663,9.722222222222221,0.5568974771873323,31.964573268921097,4.186795491143317,2.200751476113795,0.2549651100375738,0.11406333870101985,0.04696725711218465
100,6.166129898013956,13.855340848094471,4.683306494900698,6.588835212023618,19.444444444444443,9.950348899624261,0.5568974771873323,31.78341384863124,4.180085882984434,2.3483628556092326,0.27509393451422437,0.12077294685990338,0.04696725711218465
101,5.501878690284487,11.345947396672035,7.112184648416532,5.891035963499732,28.81105743424584,6.172839506172839,0.48980139559849706,28.650026838432634,3.5292538915727323,2.2946859903381642,0.0939345142243693,0.08722490606548577,0.020128824476650563
102,4.51556629092861,6.991411701556629,6.374127750939345,3.92512077294686,40.35829307568438,5.360976918947934,0.46296296296296297,26.174181427804616,3.4286097691894795,2.214170692431562,0.0939345142243693,0.10064412238325282,
103,4.663177670424047,6.977992485238862,6.327160493827161,3.9519592055823938,38.969404186795494,5.360976918947934,0.5300590445517982,26.120504562533547,4.703435319377348,2.200751476113795,0.0939345142243693,0.10064412238325282,
104,4.723564143853999,6.964573268921095,6.246645195920558,3.9855072463768115,38.56682769726248,5.360976918947934,0.5971551261406334,25.999731615673646,5.12614063338701,2.2342995169082127,0.0939345142243693,0.10064412238325282,
105,4.864465915190553,6.9310252281266775,6.219806763285024,3.9855072463768115,38.378958668813745,5.300590445517981,0.9125067096081588,25.731347289318304,5.246913580246914,2.214170692431562,0.0939345142243693,0.10064412238325282,0.020128824476650563
106,4.871175523349437,6.91760601180891,6.233225979602791,4.025764895330113,37.68786902844874,5.24020397208803,0.9460547504025765,25.577026301663984,6.038647342995169,2.2611379495437465,0.08051529790660225,0.10064412238325282,0.020128824476650563
107,5.0858829844337095,6.884057971014493,5.924584004294149,4.019055287171229,37.486580783682236,5.226784755770263,0.9594739667203436,25.5300590445518,6.226516371443908,2.442297369833602,0.0939345142243693,0.10064412238325282,0.020128824476650563
108,5.139559849704777,6.884057971014493,6.568706387546968,4.019055287171229,37.164519592055825,5.005367686527107,1.0735373054213635,25.207997852925388,6.3137412775093935,2.462426194310252,0.05367686527106817,0.06709608158883522,0.040257648953301126
109,5.287171229200215,6.763285024154589,6.528448738593666,4.079441760601181,36.38620504562534,5.6964573268921095,1.1137949543746646,24.490069779924852,6.890767579173376,2.5966183574879227,0.05367686527106817,0.07380568974771873,0.040257648953301126
110,5.428073000536768,6.501610305958132,6.011808910359635,4.428341384863124,34.695383789586685,5.5689747718733225,1.1406333870101986,25.644122383252817,7.716049382716049,2.737520128824477,0.020128824476650563,0.06709608158883522,0.040257648953301126
111,5.515297906602254,6.394256575415996,5.9447128287707995,5.83064949006978,33.80971551261406,5.5689747718733225,1.1607622114868492,25.36231884057971,7.50805152979066,2.791196994095545,0.0067096081588835215,0.06709608158883522,0.040257648953301126
112,5.595813204508857,6.394256575415996,8.393719806763285,5.850778314546431,32.910628019323674,5.555555555555555,1.1808910359634996,24.4699409554482,6.9310252281266775,2.589908749329039,0.0067096081588835215,0.08051529790660225,0.040257648953301126
113,5.669618894256575,6.280193236714976,8.340042941492216,5.850778314546431,32.407407407407405,5.662909286097692,1.1943102522812667,24.302200751476114,7.474503488996243,2.690552871712292,0.0067096081588835215,0.08051529790660225,0.040257648953301126
114,5.790391841116479,6.239935587761675,8.299785292538916,6.072195383789587,32.2061191626409,5.636070853462158,1.2546967257112185,24.10091250670961,7.48792270531401,2.771068169618894,0.040257648953301126,0.08051529790660225,0.020128824476650563
115,5.844068706387547,6.172839506172839,8.293075684380032,6.340579710144928,31.97799248523886,5.58239398819109,1.3083735909822867,23.758722490606548,7.763016639828234,2.8247450348899625,0.040257648953301126,0.07380568974771873,0.020128824476650563
116,5.904455179817498,6.172839506172839,8.28636607622115,6.380837359098229,31.528448738593667,5.5756843800322065,1.415727321524423,23.62453032742888,8.13875469672571,2.8381642512077296,0.040257648953301126,0.07380568974771873,0.020128824476650563
117,5.810520665593129,5.730005367686527,17.68652710681696,6.387546967257112,30.42807300053677,5.018786902844874,1.3888888888888888,18.552066559312937,6.629092860976919,2.2342995169082127,0.040257648953301126,0.07380568974771873,0.020128824476650563
118,5.743424584004294,5.6964573268921095,17.559044551798173,6.615673644659152,30.26033279656468,4.951690821256038,1.4090177133655395,19.108964036500268,6.4412238325281805,2.0799785292538915,0.040257648953301126,0.07380568974771873,0.020128824476650563
119,5.850778314546431,5.642780461621041,17.458400429414922,7.011540526033279,29.817498658078367,5.173107890499195,1.4492753623188406,18.766774020397207,6.635802469135802,2.033011272141707,0.040257648953301126,0.10064412238325282,0.020128824476650563
120,6.018518518518518,5.5689747718733225,13.774825550187868,7.024959742351046,29.502147074610843,5.112721417069243,1.4492753623188406,22.148416532474503,6.991411701556629,2.2342995169082127,0.040257648953301126,0.10064412238325282,0.03354804079441761
121,6.0654857756307035,5.555555555555555,13.761406333870102,6.977992485238862,29.374664519592056,5.10601180891036,1.482823403113258,22.128287707997853,7.03166935050993,2.341653247450349,0.040257648953301126,0.08722490606548577,0.04696725711218465
122,6.1862587224906065,5.528717122920021,13.687600644122384,6.951154052603328,29.139828234031132,5.0993022007514766,1.596886741814278,22.000805152979066,7.246376811594203,2.38191089640365,0.040257648953301126,0.07380568974771873,0.06709608158883522
123,6.226516371443908,5.528717122920021,13.526570048309178,6.971282877079979,28.743961352657006,5.186527106816962,1.7176596886741815,21.430488459473967,8.11862587224906,2.2879763821792807,0.10735373054213634,0.08722490606548577,0.06709608158883522
124,5.924584004294149,5.501878690284487,12.882447665056361,6.776704240472356,33.89023081052066,4.38137412775094,1.5633387010198605,19.082125603864736,7.776435856146001,1.9592055823939882,0.10735373054213634,0.08722490606548577,0.06709608158883522
125,6.052066559312936,5.401234567901234,12.848899624261943,7.105475040257649,33.46081588835212,4.408212560386473,1.6237251744498122,18.947933440687063,7.823403113258186,2.0531400966183573,0.10735373054213634,0.10064412238325282,0.06709608158883522
126,5.689747718733226,4.394793344068707,10.815888352120236,6.387546967257112,37.21819645732689,3.844605475040258,1.482823403113258,20.625335480407944,7.206119162640902,2.086688137412775,0.10735373054213634,0.06038647342995169,0.08051529790660225
127,5.730005367686527,4.394793344068707,10.768921095008052,6.454643048845948,36.83574879227053,3.7909286097691894,1.4626945786366077,20.585077831454644,7.581857219538379,2.13365539452496,0.10735373054213634,0.07380568974771873,0.08051529790660225
128,5.857487922705314,4.394793344068707,10.829307568438002,6.743156199677939,36.64117015566291,3.7775093934514223,1.4626945786366077,20.263016639828233,7.588566827697263,2.15378421900161,0.10735373054213634,0.0939345142243693,0.08722490606548577
129,5.065754159957058,3.5628019323671496,10.782340311325818,5.488459473966721,49.013687600644126,2.9790660225442833,1.3687600644122384,13.935856146001074,6.380837359098229,1.1406333870101986,0.10735373054213634,0.10064412238325282,0.07380568974771873
130,4.2203435319377345,3.3548040794417604,10.319377348362856,3.965378421900161,59.99060654857756,2.4020397208803006,1.288244766505636,9.219001610305957,4.213633923778851,0.8319914117015567,0.08051529790660225,0.08051529790660225,0.03354804079441761
131,4.240472356414386,3.126677402039721,11.292270531400966,3.717122920021471,60.98362855609233,2.3483628556092326,1.2345679012345678,8.57487922705314,3.44873859366613,0.8655394524959742,0.08051529790660225,0.08051529790660225,0.0067096081588835215
132,4.435050993022007,3.113258185721954,11.20504562533548,3.717122920021471,60.53408480944713,2.3617820719269993,1.221148684916801,8.53462157809984,3.844605475040258,0.8655394524959742,0.08051529790660225,0.08051529790660225,0.0067096081588835215
133,4.38137412775094,3.1065485775630703,10.393183038110575,5.917874396135265,61.07756307031669,2.2879763821792807,1.2412775093934514,6.796833064949007,3.81105743424584,0.785024154589372,0.11406333870101985,0.08051529790660225,0.0067096081588835215
134,4.488727858293076,3.126677402039721,10.373054213633925,5.938003220611916,60.74208266237252,2.314814814814815,1.2546967257112185,6.796833064949007,4.012345679012346,0.785024154589372,0.08051529790660225,0.08051529790660225,0.0067096081588835215
135,4.602791196994096,3.126677402039721,10.406602254428341,6.474771873322598,59.48067632850242,2.314814814814815,1.2546967257112185,6.763285024154589,4.528985507246377,0.9125067096081588,0.06038647342995169,0.06709608158883522,0.0067096081588835215
136,4.690016103059581,3.126677402039721,16.069511540526033,7.266505636070853,52.63687600644123,2.281266774020397,1.3083735909822867,6.736446591519055,4.790660225442834,0.9326355340848095,0.07380568974771873,0.08051529790660225,0.0067096081588835215
137,4.804079441760601,3.1065485775630703,16.009125067096083,7.212828770799785,52.321524422973695,2.38191089640365,1.3553408480944713,6.78341384863124,4.898013955984971,0.9192163177670424,0.12077294685990338,0.08051529790660225,0.0067096081588835215
138,4.87788513150832,2.885131508319914,11.969940955448202,7.25979602791197,51.006441223832525,2.7241009125067097,1.3419216317767042,11.627750939345143,5.166398282340311,0.9125067096081588,0.12077294685990338,0.10064412238325282,0.0067096081588835215
139,4.777241009125067,1.932367149758454,11.75523349436393,7.105475040257649,50.657541599570585,2.462426194310252,1.2748255501878691,13.620504562533547,5.280461621041331,0.9057971014492754,0.12077294685990338,0.10064412238325282,0.0067096081588835215
140,4.884594739667204,1.9457863660762211,11.493558776167472,7.078636607622115,50.36231884057971,2.5161030595813205,1.4962426194310252,13.479602791196994,5.548845947396672,0.95276435856146,0.13419216317767044,0.10064412238325282,0.0067096081588835215
141,4.609500805152979,1.9122383252818036,11.83574879227053,6.696188942565755,50.925925925925924,2.5831991411701556,1.4626945786366077,13.372249060654857,5.213365539452496,1.1473429951690821,0.13419216317767044,0.10064412238325282,0.0067096081588835215
142,4.086151368760064,1.9122383252818036,8.84326355340848,6.038647342995169,56.21980676328502,3.33467525496511,0.9259259259259259,12.379227053140097,5.032206119162641,0.9863123993558777,0.13419216317767044,0.10064412238325282,0.0067096081588835215
143,2.8247450348899625,0.6508319914117016,7.98443370907139,4.703435319377348,62.9898013955985,2.885131508319914,0.9796027911969941,11.124530327428879,4.663177670424047,0.9796027911969941,0.13419216317767044,0.07380568974771873,0.0067096081588835215
144,3.0059044551798175,0.644122383252818,7.950885668276973,4.676596886741814,62.57380568974772,2.9052603327965647,0.9796027911969941,11.09098228663446,4.944981213097155,0.9997316156736447,0.13419216317767044,0.08722490606548577,0.0067096081588835215
145,3.2742887815351582,0.644122383252818,8.004562533548041,4.676596886741814,62.23832528180354,2.918679549114332,1.0131508319914118,10.976918947933441,5.005367686527107,1.0131508319914118,0.14090177133655393,0.08722490606548577,0.0067096081588835215
146,3.388352120236178,0.6374127750939346,7.877079978529254,4.87788513150832,61.9699409554482,2.9924852388620504,1.0198604401502953,10.903113258185721,5.072463768115942,1.0265700483091786,0.14090177133655393,0.08722490606548577,0.0067096081588835215
147,3.408480944712829,0.6374127750939346,8.668813741277509,4.723564143853999,61.3593666129898,2.9924852388620504,0.9259259259259259,10.258990874932904,5.622651637144391,1.1674718196457328,0.14090177133655393,0.08722490606548577,0.0067096081588835215
148,3.7037037037037037,0.6374127750939346,8.668813741277509,4.770531400966184,60.198604401502955,3.4151905528717124,0.9796027911969941,10.198604401502953,5.978260869565218,1.1674718196457328,0.14090177133655393,0.13419216317767044,0.0067096081588835215
149,3.81105743424584,0.6374127750939346,8.601717659688674,4.797369833601718,58.353462157809986,3.603059581320451,0.9594739667203436,10.144927536231885,7.615405260332796,1.1943102522812667,0.14090177133655393,0.13419216317767044,0.0067096081588835215
150,3.9318303811057436,0.6374127750939346,8.568169618894256,5.0791733762748255,57.80327428878154,3.556092324208266,0.9930220075147611,10.017444981213098,7.796564680622652,1.2949543746645196,0.17444981213097155,0.13419216317767044,0.013419216317767043
151,4.052603327965647,0.6374127750939346,8.57487922705314,5.059044551798175,57.306763285024154,3.5762211486849167,0.9930220075147611,9.997316156736447,8.13875469672571,1.3217928073000538,0.19457863660762212,0.13419216317767044,0.013419216317767043
152,4.213633923778851,0.630703166935051,8.57487922705314,5.052334943639291,56.5552871712292,3.6097691894793345,1.0399892646269457,9.91009125067096,8.769457863660762,1.288244766505636,0.20799785292538917,0.13419216317767044,0.013419216317767043
153,4.247181964573269,0.630703166935051,9.178743961352657,4.958400429414922,55.69645732689211,3.797638217928073,1.0735373054213635,9.829575952764358,8.80300590445518,1.3754696725711217,0.23483628556092323,0.1610305958132045,0.013419216317767043
154,4.3545356951154055,0.630703166935051,9.118357487922705,4.99194847020934,55.43478260869565,3.8177670424047236,1.133923778851315,9.822866344605474,8.849973161567364,1.415727321524423,0.23483628556092323,0.18115942028985507,0.013419216317767043
155,4.408212560386473,0.630703166935051,9.064680622651638,5.179817498658078,54.48201825013419,3.878153515834675,1.2412775093934514,9.75577026301664,9.494095544820183,1.402308105206656,0.24154589371980675,0.18115942028985507,0.040257648953301126
156,4.468599033816425,0.49651100375738055,8.548040794417606,5.092592592592593,54.63633923778851,3.844605475040258,1.2546967257112185,10.292538915727322,9.5276435856146,1.3419216317767042,0.24154589371980675,0.2147074610842727,0.040257648953301126
157,4.508856682769726,0.4495437466451959,8.568169618894256,5.038915727321524,54.38137412775094,3.797638217928073,1.2681159420289856,10.265700483091788,9.822866344605474,1.3553408480944713,0.2549651100375738,0.24825550187869028,0.040257648953301126
158,4.669887278582931,0.4495437466451959,8.460815888352121,5.092592592592593,53.7037037037037,5.0858829844337095,1.3486312399355878,9.426999463231347,9.863123993558776,1.288244766505636,0.27509393451422437,0.28180354267310787,0.05367686527106817
159,4.797369833601718,0.4495437466451959,8.413848631239935,5.367686527106817,53.29441760601181,5.173107890499195,1.3687600644122384,9.400161030595813,9.829575952764358,1.2949543746645196,0.27509393451422437,0.28180354267310787,0.05367686527106817
160,4.938271604938271,0.4495437466451959,8.433977455716587,5.4616210413311865,52.703972088030056,5.340848094471283,1.3687600644122384,9.366612989801396,10.044283413848632,1.2681159420289856,0.27509393451422437,0.28180354267310787,0.06709608158883522
161,4.985238862050457,0.4495437466451959,8.393719806763285,5.434782608695652,52.48926462694579,5.475040257648954,1.4224369296833066,9.31964573268921,10.0979602791197,1.3083735909822867,0.27509393451422437,0.28180354267310787,0.06709608158883522
162,5.199946323134729,0.4495437466451959,8.313204508856682,5.407944176060118,52.14036500268384,5.528717122920021,1.482823403113258,9.292807300053678,10.225442834138486,1.3620504562533549,0.2549651100375738,0.27509393451422437,0.06709608158883522
163,5.434782608695652,0.4495437466451959,8.299785292538916,5.381105743424584,51.49624261943102,5.555555555555555,1.482823403113258,9.219001610305957,10.621309715512615,1.4492753623188406,0.28180354267310787,0.2616747181964573,0.06709608158883522
164,5.535426731078905,0.43612453032742887,8.05823939881911,5.683038110574342,51.11379495437466,5.58239398819109,1.482823403113258,9.145195920558239,10.896403650026839,1.4492753623188406,0.28180354267310787,0.2683843263553409,0.06709608158883522
165,5.736714975845411,0.43612453032742887,7.930756843800322,5.870907139023081,50.64412238325282,5.9514224369296835,1.42914653784219,8.964036500268385,11.010466988727858,1.3888888888888888,0.28180354267310787,0.2885131508319914,0.06709608158883522
166,5.803811057434245,0.43612453032742887,7.816693505099302,5.870907139023081,50.24825550187869,6.105743424584004,1.4358561460010735,8.950617283950617,11.18491680085883,1.4761137949543746,0.2885131508319914,0.3153515834675255,0.06709608158883522
167,5.730005367686527,0.43612453032742887,8.192431561996779,5.884326355340848,49.745034889962426,6.400966183574879,1.4090177133655395,8.923778851315083,11.158078368223295,1.482823403113258,0.2885131508319914,0.28180354267310787,0.06709608158883522
168,5.884326355340848,0.43612453032742887,8.125335480407944,5.904455179817498,49.4296833064949,6.521739130434782,1.3553408480944713,8.883521202361782,11.252012882447666,1.556629092860977,0.30193236714975846,0.28180354267310787,0.06709608158883522
169,5.964841653247451,0.43612453032742887,8.05823939881911,6.078904991948471,48.62453032742888,6.595544820182502,1.3553408480944713,8.84326355340848,11.75523349436393,1.6170155662909287,0.30193236714975846,0.30193236714975846,0.06709608158883522
170,6.011808910359635,0.43612453032742887,7.830112721417069,6.219806763285024,48.05421363392378,6.622383252818035,1.3419216317767042,9.366612989801396,11.674718196457327,1.7914653784219001,0.32877079978529256,0.2549651100375738,0.06709608158883522
171,6.078904991948471,0.43612453032742887,7.9106280193236715,6.199677938808374,47.235641438539986,7.313472893183038,1.3486312399355878,9.306226516371444,11.66129898013956,1.7713365539452497,0.3824476650563607,0.2885131508319914,0.06709608158883522
172,6.072195383789587,0.4227053140096618,7.615405260332796,6.125872249060655,47.0276435856146,7.179280730005368,1.3217928073000538,10.205314009661835,11.688137412775093,1.583467525496511,0.3824476650563607,0.30864197530864196,0.06709608158883522
173,6.206387546967257,0.4227053140096618,7.669082125603865,6.125872249060655,46.792807300053674,7.085346215780999,1.3016639828234031,10.19189479334407,11.862587224906065,1.556629092860977,0.36902844873859364,0.3488996242619431,0.06709608158883522
174,6.347289318303811,0.4227053140096618,7.6556629092860975,6.239935587761675,46.63177670424047,7.065217391304348,1.2748255501878691,10.124798711755233,11.829039184111648,1.6237251744498122,0.36902844873859364,0.3488996242619431,0.06709608158883522
