,45,50,51,53,54,55,52,56,57
0,99.8792270531401,0.12077294685990338,,,,,,,
1,97.86634460547504,2.13365539452496,,,,,,,
2,96.10842726784756,3.8915727321524423,,,,,,,
3,93.80032206119162,6.199677938808374,,,,,,,
4,93.51180891035963,6.488191089640365,,,,,,,
5,87.16451959205583,12.835480407944177,,,,,,,
6,86.03059581320451,13.848631239935587,0.12077294685990338,,,,,,
7,86.10440150295223,13.774825550187868,0.12077294685990338,,,,,,
8,85.4669887278583,14.412238325281804,0.12077294685990338,,,,,,
9,85.52737520128825,14.123725174449811,0.12077294685990338,0.2281266774020397,,,,,
10,81.95115405260333,17.767042404723565,0.12077294685990338,0.1610305958132045,,,,,
11,74.37600644122384,25.41599570585078,0.04696725711218465,0.1610305958132045,,,,,
12,70.47101449275362,29.320987654320987,0.04696725711218465,0.1610305958132045,,,,,
13,53.7842190016103,46.121846484165324,,0.0939345142243693,,,,,
14,54.180085882984436,45.7259796027912,,0.0939345142243693,,,,,
15,53.54938271604938,46.35668276972625,,0.0939345142243693,,,,,
16,53.7842190016103,46.121846484165324,,0.0939345142243693,,,,,
17,53.75067096081589,46.15539452495974,,0.0939345142243693,,,,,
18,52.71739130434783,47.18867418142781,,0.0939345142243693,,,,,
19,53.133387010198604,46.61835748792271,,0.0939345142243693,0.15432098765432098,,,,
20,53.48228663446055,46.26945786366076,,0.0939345142243693,0.15432098765432098,,,,
21,53.9922168545357,45.772946859903385,,0.0939345142243693,0.14090177133655393,,,,
22,53.73054213633924,46.03462157809984,,0.0939345142243693,0.14090177133655393,,,,
23,52.72410091250671,47.04106280193237,,0.0939345142243693,0.14090177133655393,,,,
24,52.83816425120773,46.752549651100374,,0.0939345142243693,0.14090177133655393,0.17444981213097155,,,
25,51.49624261943102,48.09447128287708,,0.0939345142243693,0.14090177133655393,0.17444981213097155,,,
26,51.892109500805155,47.698604401502955,,0.0939345142243693,0.14090177133655393,0.17444981213097155,,,
27,42.88781535158347,55.522007514761135,,1.4492753623188406,0.14090177133655393,,,,
28,42.40472356414385,56.005099302200755,,1.4492753623188406,0.14090177133655393,,,,
29,42.96833064949007,52.48926462694579,,1.4492753623188406,3.0931293612453032,,,,
30,39.55314009661836,55.9044551798175,,1.4492753623188406,3.0931293612453032,,,,
31,39.50617283950617,46.806226516371446,,1.402308105206656,2.831454643048846,,9.453837895866881,,
32,39.92887815351583,45.69243156199678,,1.3821792807300053,2.7777777777777777,,8.59500805152979,1.6237251744498122,
33,40.53945249597424,42.693236714975846,,1.3419216317767042,2.757648953301127,,11.044015029522276,1.6237251744498122,
34,41.015834675254965,42.14975845410628,,1.5297906602254427,2.7442297369833604,,10.963499731615673,1.596886741814278,
35,41.42512077294686,41.606280193236714,,1.5230810520665594,2.6972624798711755,0.2683843263553409,10.909822866344605,1.570048309178744,
36,41.80085882984434,41.44524959742351,,1.5230810520665594,2.6704240472356413,0.2683843263553409,10.748792270531402,1.5432098765432098,
37,40.747450348899626,38.63392377885131,4.488727858293076,1.5230810520665594,2.6704240472356413,0.2683843263553409,10.131508319914117,1.5365002683843263,
38,40.70048309178744,36.922973698336016,4.488727858293076,1.5163714439076759,4.5893719806763285,0.13419216317767044,10.111379495437467,1.5365002683843263,
39,40.94873859366613,36.191626409017715,5.615942028985507,0.9259259259259259,4.569243156199678,0.13419216317767044,10.077831454643048,1.5365002683843263,
40,41.1231884057971,36.07756307031669,5.589103596349974,0.9259259259259259,4.569243156199678,0.13419216317767044,10.044283413848632,1.5365002683843263,
41,41.44524959742351,35.91653247450349,5.522007514761138,0.9259259259259259,4.508856682769726,0.11406333870101985,10.030864197530864,1.5365002683843263,
42,41.988727858293075,35.64143853998927,5.522007514761138,0.9259259259259259,4.508856682769726,0.11406333870101985,9.77589908749329,1.5230810520665594,
43,42.80059044551798,35.42002147074611,5.387815351583468,0.9259259259259259,4.320987654320987,0.11406333870101985,9.588030059044552,1.442565754159957,
44,38.1508319914117,40.707192699946326,4.9718196457326895,0.9259259259259259,4.200214707461084,0.11406333870101985,9.16532474503489,1.442565754159957,0.322061191626409
45,34.56119162640902,33.380300590445515,16.09634997316157,0.9259259259259259,2.314814814814815,1.9860440150295222,9.01100375738057,1.402308105206656,0.322061191626409
46,34.92351046698873,33.17230273752013,16.035963499731615,0.9192163177670424,2.281266774020397,1.9860440150295222,8.977455716586151,1.402308105206656,0.30193236714975846
47,35.33279656468062,33.03811057434246,15.942028985507246,0.9192163177670424,2.1604938271604937,1.9793344068706387,8.930488459473967,1.402308105206656,0.2952227589908749
48,35.69511540526033,32.8569511540526,15.821256038647343,0.9192163177670424,2.100107353730542,1.9793344068706387,8.930488459473967,1.402308105206656,0.2952227589908749
49,36.211755233494365,32.608695652173914,15.707192699946322,0.9192163177670424,2.100107353730542,1.9390767579173376,8.816425120772946,1.402308105206656,0.2952227589908749
50,36.574074074074076,32.21282877079979,15.53274288781535,0.9192163177670424,2.3886205045625335,1.9390767579173376,8.735909822866345,1.402308105206656,0.2952227589908749
51,35.789049919484704,30.293880837359097,16.445249597423512,0.9192163177670424,2.38191089640365,3.844605475040258,8.655394524959743,1.3754696725711217,0.2952227589908749
52,36.10440150295223,30.340848094471284,16.27079978529254,0.9192163177670424,2.314814814814815,3.797638217928073,8.581588835212024,1.3754696725711217,0.2952227589908749
53,36.2788513150832,30.327428878153516,16.243961352657006,0.8521202361782072,2.301395598497048,3.797638217928073,8.527911969940956,1.3754696725711217,0.2952227589908749
54,36.82903918411165,30.22007514761138,16.06280193236715,0.8387010198604401,2.301395598497048,3.743961352657005,8.3467525496511,1.3620504562533549,0.2952227589908749
55,37.17122920021471,30.099302200751477,15.98899624261943,0.798443370907139,2.2879763821792807,3.743961352657005,8.252818035426731,1.3620504562533549,0.2952227589908749
56,37.61406333870102,29.904723564143854,15.94873859366613,0.785024154589372,2.2879763821792807,3.743961352657005,8.07836822329576,1.3419216317767042,0.2952227589908749
57,36.68813741277509,29.159957058507782,17.344337090713903,1.0735373054213635,2.2879763821792807,3.730542136339238,8.07836822329576,1.3419216317767042,0.2952227589908749
58,36.83574879227053,28.958668813741276,15.861513687600644,1.0735373054213635,2.2879763821792807,5.267042404723564,8.07836822329576,1.3419216317767042,0.2952227589908749
59,37.17793880837359,28.797638217928075,15.640096618357488,1.0601180891035964,2.2879763821792807,5.226784755770263,8.172302737520129,1.3419216317767042,0.2952227589908749
60,37.432903918411164,28.71712292002147,15.197262479871176,1.0534084809447128,2.2410091250670963,4.683306494900698,9.057971014492754,1.3217928073000538,0.2952227589908749
61,37.76838432635534,28.462157809983896,15.183843263553408,1.0534084809447128,2.2410091250670963,4.683306494900698,8.99087493290392,1.3217928073000538,0.2952227589908749
62,36.14465915190553,26.234567901234566,14.714170692431562,1.0534084809447128,2.737520128824477,2.5966183574879227,16.069511540526033,0.15432098765432098,0.2952227589908749
63,36.40633387010199,26.140633387010197,14.667203435319378,1.0534084809447128,2.737520128824477,2.5966183574879227,15.94873859366613,0.15432098765432098,0.2952227589908749
64,36.64787976382179,26.02657004830918,14.606816961889425,1.1540526033279657,2.737520128824477,2.5966183574879227,15.780998389694043,0.15432098765432098,0.2952227589908749
65,36.902844873859365,25.999731615673646,14.526301663982823,1.1540526033279657,2.737520128824477,2.5966183574879227,15.633387010198604,0.15432098765432098,0.2952227589908749
66,34.44041867954911,23.537305421363392,19.726247987117553,1.0064412238325282,2.6972624798711755,2.5966183574879227,15.546162104133119,0.15432098765432098,0.2952227589908749
67,34.84970477724101,23.349436392914654,19.679280730005367,1.0064412238325282,2.6972624798711755,2.536231884057971,15.432098765432098,0.15432098765432098,0.2952227589908749
68,35.35292538915727,23.17498658078368,19.578636607622116,0.9863123993558777,2.657004830917874,2.536231884057971,15.26435856146001,0.15432098765432098,0.2952227589908749
69,35.48040794417606,23.309178743961354,19.545088566827697,0.9863123993558777,2.6502952227589907,2.5026838432635534,15.076489533011273,0.15432098765432098,0.2952227589908749
70,35.84272678475577,23.15485775630703,19.444444444444443,0.9796027911969941,2.6502952227589907,2.4892646269457863,14.989264626945786,0.15432098765432098,0.2952227589908749
71,36.16478797638218,23.047504025764894,19.35721953837896,0.9796027911969941,2.61003757380569,2.4892646269457863,14.9020397208803,0.15432098765432098,0.2952227589908749
72,36.64117015566291,22.933440687063875,19.0955448201825,0.9796027911969941,2.5697799248523885,2.4691358024691357,14.861782071927,0.15432098765432098,0.2952227589908749
73,35.38647342995169,26.455984970477726,16.921631776704242,0.9259259259259259,2.5697799248523885,2.61003757380569,14.512882447665056,0.322061191626409,0.2952227589908749
74,35.41331186258722,26.36876006441224,16.78743961352657,1.288244766505636,2.536231884057971,2.6033279656468062,14.412238325281804,0.322061191626409,0.2683843263553409
75,35.79575952764358,26.25469672571122,16.680085882984432,1.288244766505636,2.4825550187869028,2.536231884057971,14.392109500805153,0.30193236714975846,0.2683843263553409
76,35.950080515297905,26.187600644122384,16.639828234031132,1.288244766505636,2.4825550187869028,2.536231884057971,14.345142243692969,0.30193236714975846,0.2683843263553409
77,36.30568974771873,25.946054750402578,16.61969940955448,1.2815351583467525,2.462426194310252,2.5295222758990876,14.284755770263017,0.30193236714975846,0.2683843263553409
78,36.66800858829844,25.805152979066023,16.51905528717123,1.2815351583467525,2.462426194310252,2.5295222758990876,14.163982823403114,0.30193236714975846,0.2683843263553409
79,33.48094471282877,34.76918947933441,12.754965110037574,1.2546967257112185,2.3886205045625335,1.5432098765432098,13.238056897477188,0.30193236714975846,0.2683843263553409
80,33.9573268921095,34.43370907139023,12.654320987654321,1.247987117552335,2.3550724637681157,1.5432098765432098,13.238056897477188,0.30193236714975846,0.2683843263553409
81,34.41358024691358,34.18545356951154,12.580515297906603,1.247987117552335,2.3349436392914655,1.5297906602254427,13.137412775093935,0.30193236714975846,0.2683843263553409
82,34.836285560923244,34.064680622651636,12.526838432635534,1.2345679012345678,2.3215244229736984,1.5297906602254427,12.915995705850777,0.30193236714975846,0.2683843263553409
83,35.09125067096082,33.93719806763285,12.453032742887816,1.2345679012345678,2.2946859903381642,1.5297906602254427,12.889157273215245,0.30193236714975846,0.2683843263553409
84,34.19887278582931,35.06441223832528,12.097423510466989,1.2345679012345678,2.5026838432635534,1.5029522275899088,12.828770799785293,0.30193236714975846,0.2683843263553409
85,32.98443370907139,36.32581857219538,12.144390767579173,1.2345679012345678,2.5026838432635534,1.5029522275899088,12.734836285560924,0.30193236714975846,0.2683843263553409
86,32.48121309715513,35.50053676865271,13.553408480944713,1.2345679012345678,2.4892646269457863,1.5029522275899088,12.667740203972087,0.30193236714975846,0.2683843263553409
87,32.74288781535159,35.299248523886206,13.519860440150294,1.2345679012345678,2.4892646269457863,1.5029522275899088,12.52012882447665,0.4227053140096618,0.2683843263553409
88,28.14680622651637,17.21014492753623,11.882716049382717,0.9125067096081588,0.9460547504025765,1.3553408480944713,38.85534084809447,0.4227053140096618,0.2683843263553409
89,28.462157809983896,17.143048845947398,11.829039184111648,0.8923778851315083,0.9326355340848095,1.3553408480944713,38.69431025228127,0.4227053140096618,0.2683843263553409
90,29.005636070853463,16.948470209339774,11.741814278046162,0.8856682769726248,0.9259259259259259,1.3553408480944713,38.446054750402574,0.4227053140096618,0.2683843263553409
91,29.260601180891037,16.545893719806763,11.721685453569512,0.8856682769726248,0.9259259259259259,1.8183038110574343,37.895866881374126,0.6776704240472357,0.2683843263553409
92,26.764626945786365,15.573000536768653,17.06924315619968,0.8856682769726248,0.9259259259259259,1.8183038110574343,35.889694041867955,0.6776704240472357,0.39586688137412773
93,27.167203435319376,15.4723564143854,16.988727858293075,0.8856682769726248,0.9259259259259259,1.8183038110574343,35.67498658078368,0.6709608158883521,0.39586688137412773
94,27.140365002683843,13.009930220075148,16.847826086956523,0.8789586688137413,0.9259259259259259,1.8183038110574343,38.31186258722491,0.6709608158883521,0.39586688137412773
95,27.61003757380569,12.949543746645196,16.75389157273215,0.8789586688137413,0.9259259259259259,1.7914653784219001,38.0300590445518,0.6642512077294686,0.39586688137412773
96,22.342995169082126,21.309715512614062,16.371443907675793,0.6843800322061192,0.9259259259259259,1.7914653784219001,35.65485775630703,0.5233494363929146,0.39586688137412773
97,23.336017176596886,21.135265700483092,16.21712292002147,0.6843800322061192,0.9259259259259259,1.7914653784219001,34.99060654857756,0.5233494363929146,0.39586688137412773
98,23.778851315083198,21.007783145464305,16.129898013955984,0.6843800322061192,0.9259259259259259,1.7579173376274826,34.796027911969944,0.5233494363929146,0.39586688137412773
99,24.228395061728396,20.799785292538918,16.06280193236715,0.6709608158883521,0.9259259259259259,1.7444981213097155,34.655126140633385,0.5233494363929146,0.38915727321524424
100,24.54374664519592,20.652173913043477,16.002415458937197,0.6709608158883521,0.9259259259259259,1.7444981213097155,34.54777241009125,0.5233494363929146,0.38915727321524424
101,24.932903918411164,20.52469135802469,15.94873859366613,0.6709608158883521,0.9259259259259259,1.7444981213097155,34.33977455716586,0.5233494363929146,0.38915727321524424
102,25.543478260869566,20.42404723564144,15.74074074074074,0.6709608158883521,0.8990874932903918,1.7444981213097155,34.064680622651636,0.5233494363929146,0.38915727321524424
103,25.81857219538379,20.202630166398283,15.70048309178744,2.0128824476650564,0.8990874932903918,1.7444981213097155,32.72275899087493,0.5233494363929146,0.3757380568974772
104,26.362050456253353,20.088566827697264,15.593129361245303,2.0128824476650564,0.8789586688137413,1.724369296833065,32.44095544820183,0.5233494363929146,0.3757380568974772
105,27.388620504562535,19.900697799248523,15.076489533011273,1.9994632313472893,0.8789586688137413,1.724369296833065,32.139023081052066,0.5166398282340311,0.3757380568974772
106,27.85829307568438,19.773215244229736,14.969135802469136,1.9994632313472893,0.8789586688137413,1.724369296833065,31.904186795491142,0.5166398282340311,0.3757380568974772
107,28.361513687600645,19.639023081052066,14.922168545356952,1.9994632313472893,0.8789586688137413,1.724369296833065,31.582125603864736,0.5166398282340311,0.3757380568974772
108,28.63660762211487,19.545088566827697,14.861782071927,1.9994632313472893,0.8789586688137413,1.724369296833065,31.19296833064949,0.785024154589372,0.3757380568974772
109,28.361513687600645,18.57890499194847,14.40552871712292,3.844605475040258,1.0735373054213635,1.6572732152442298,30.917874396135264,0.785024154589372,0.3757380568974772
110,26.650563607085346,25.623993558776167,10.158346752549651,3.3682232957595275,0.8319914117015567,1.5297906602254427,30.67632850241546,0.785024154589372,0.3757380568974772
111,26.25469672571122,22.966988727858293,10.144927536231885,5.407944176060118,0.8319914117015567,1.5163714439076759,31.723027375201287,0.7783145464304885,0.3757380568974772
112,26.630434782608695,22.785829307568438,10.144927536231885,5.401234567901234,0.8319914117015567,1.5163714439076759,31.53515834675255,0.7783145464304885,0.3757380568974772
113,26.838432635534083,22.73215244229737,10.124798711755233,5.374396135265701,0.8319914117015567,1.5163714439076759,31.427804616210413,0.7783145464304885,0.3757380568974772
114,27.34165324745035,22.463768115942027,10.124798711755233,5.35426731078905,0.8252818035426731,1.5096618357487923,31.233225979602793,0.7716049382716049,0.3757380568974772
115,26.039989264626946,21.87332259796028,18.364197530864196,5.320719269994632,0.8252818035426731,1.5096618357487923,25.228126677402038,0.5904455179817498,0.24825550187869028
116,25.825281803542673,21.77938808373591,17.85426731078905,5.199946323134729,0.2549651100375738,1.5096618357487923,27.126945786366075,0.4495437466451959,
117,26.227858293075684,21.68545356951154,17.62614063338701,5.199946323134729,0.2549651100375738,1.5096618357487923,26.617015566290927,0.8789586688137413,
118,21.591519055287172,27.086688137412775,17.156468062265162,5.092592592592593,0.2549651100375738,1.4962426194310252,26.482823403113258,0.8387010198604401,
119,21.960547504025765,26.979334406870638,17.236983360171767,5.065754159957058,0.2549651100375738,1.4694041867954912,26.194310252281266,0.8387010198604401,
120,22.34970477724101,26.912238325281802,17.156468062265162,5.065754159957058,0.2549651100375738,1.4694041867954912,25.95276435856146,0.8387010198604401,
121,22.644927536231883,26.798174986580783,17.042404723564143,5.246913580246914,0.2147074610842727,1.4694041867954912,25.785024154589372,0.798443370907139,
122,23.1280193236715,26.69753086419753,16.982018250134193,5.12614063338701,0.2147074610842727,1.4694041867954912,25.583735909822867,0.798443370907139,
123,23.70504562533548,26.516371443907676,16.908212560386474,5.12614063338701,0.2147074610842727,1.4358561460010735,25.295222758990874,0.798443370907139,
124,24.168008588298445,26.36876006441224,16.780730005367687,5.12614063338701,0.2147074610842727,1.4358561460010735,25.120772946859905,0.785024154589372,
125,24.174718196457327,22.785829307568438,20.605206655931294,5.005367686527107,0.2147074610842727,1.4358561460010735,24.993290391841118,0.785024154589372,
126,24.630971551261407,22.69860440150295,20.33011272141707,4.9718196457326895,0.2147074610842727,1.4358561460010735,24.932903918411164,0.785024154589372,
127,25.140901771336555,22.32957595276436,20.29656468062265,4.938271604938271,0.2147074610842727,1.4224369296833066,24.872517444981213,0.785024154589372,
128,25.44283413848631,22.269189479334408,20.182501341921633,4.87788513150832,0.2147074610842727,1.4224369296833066,24.805421363392377,0.785024154589372,
129,25.905797101449274,22.114868491680085,20.00805152979066,4.8376274825550185,0.2147074610842727,1.7646269457863661,24.36929683306495,0.785024154589372,
130,24.738325281803544,21.953837895866883,26.979334406870638,4.669887278582931,0.20128824476650564,1.6505636070853462,19.11567364465915,0.6910896403650026,
131,25.147611379495437,21.81964573268921,26.85185185185185,4.602791196994096,0.1878690284487386,1.6237251744498122,19.07541599570585,0.6910896403650026,
132,25.228126677402038,21.66532474503489,26.80488459473967,4.5960815888352125,0.1878690284487386,1.9256575415995705,18.90096618357488,0.6910896403650026,
133,25.711218464841654,21.423778851315085,26.650563607085346,4.569243156199678,0.1878690284487386,1.9256575415995705,18.840579710144926,0.6910896403650026,
134,26.147342995169083,21.28287707997853,26.41572732152442,4.562533548040794,0.17444981213097155,1.9256575415995705,18.800322061191626,0.6910896403650026,
135,26.341921631776703,21.256038647342994,26.362050456253353,4.542404723564144,0.17444981213097155,1.9256575415995705,18.706387546967257,0.6910896403650026,
136,26.603596349973163,21.14868491680086,26.27482555018787,4.542404723564144,0.17444981213097155,1.9256575415995705,18.63929146537842,0.6910896403650026,
137,26.90552871712292,21.041331186258724,26.174181427804616,4.528985507246377,0.17444981213097155,1.9256575415995705,18.55877616747182,0.6910896403650026,
138,27.214170692431562,20.9272678475577,25.95276435856146,4.528985507246377,0.17444981213097155,1.8317230273752012,18.679549114331724,0.6910896403650026,
139,27.68384326355341,20.860171765968868,25.791733762748255,4.435050993022007,0.17444981213097155,1.8317230273752012,18.531937734836287,0.6910896403650026,
140,27.9723564143854,20.725979602791195,25.711218464841654,4.408212560386473,0.17444981213097155,1.8183038110574343,18.49838969404187,0.6910896403650026,
141,28.455448201825014,20.558239398819108,25.429414922168544,4.394793344068707,0.17444981213097155,1.8183038110574343,18.4849704777241,0.6843800322061192,
142,24.731615673644658,19.223027375201287,36.111111111111114,2.6972624798711755,0.17444981213097155,1.5163714439076759,15.002683843263553,0.5434782608695652,
143,25.47638217928073,19.11567364465915,35.67498658078368,2.6972624798711755,0.17444981213097155,1.5029522275899088,14.814814814814815,0.5434782608695652,
144,26.268115942028984,18.988191089640367,35.28582930756844,2.5429414922168547,0.17444981213097155,1.4626945786366077,14.741009125067096,0.5367686527106817,
145,27.15378421900161,18.45813204508857,35.00402576489533,2.5429414922168547,0.17444981213097155,1.415727321524423,14.714170692431562,0.5367686527106817,
146,27.66371443907676,18.377616747181964,34.72222222222222,2.475845410628019,0.17444981213097155,1.415727321524423,14.63365539452496,0.5367686527106817,
147,28.16022544283414,18.23671497584541,34.45383789586688,2.462426194310252,0.17444981213097155,1.415727321524423,14.55984970477724,0.5367686527106817,
148,28.59634997316157,18.095813204508858,34.23913043478261,2.462426194310252,0.17444981213097155,1.415727321524423,14.486044015029522,0.5300590445517982,
149,28.911701556629094,18.00858829844337,34.044551798174986,2.442297369833602,0.17444981213097155,1.415727321524423,14.472624798711756,0.5300590445517982,
150,29.723564143854,17.632850241545892,33.72920021470746,2.3617820719269993,0.17444981213097155,1.415727321524423,14.432367149758454,0.5300590445517982,
151,29.944981213097154,17.458400429414922,33.50107353730542,2.3483628556092326,0.17444981213097155,1.6841116478797638,14.358561460010735,0.5300590445517982,
152,30.320719269994633,17.344337090713903,33.272946859903385,2.3215244229736984,0.17444981213097155,1.6841116478797638,14.351851851851851,0.5300590445517982,
153,30.58239398819109,16.75389157273215,33.13875469672571,2.3215244229736984,0.6776704240472357,1.6841116478797638,14.31159420289855,0.5300590445517982,
154,27.791196994095547,16.680085882984432,28.23403113258186,1.4761137949543746,0.6642512077294686,1.583467525496511,23.49704777241009,0.07380568974771873,
155,28.187063875469672,16.55931293612453,28.06629092860977,1.4761137949543746,0.6642512077294686,1.583467525496511,23.389694041867955,0.07380568974771873,
156,28.482286634460547,16.458668813741276,27.925389157273216,1.4761137949543746,0.6575415995705851,1.583467525496511,23.34272678475577,0.07380568974771873,
157,28.75738056897477,16.337895866881375,27.737520128824478,1.4761137949543746,0.630703166935051,1.583467525496511,23.275630703166936,0.20128824476650564,
158,29.13311862587225,16.27750939345142,27.51610305958132,1.4761137949543746,0.630703166935051,1.583467525496511,23.181696188942567,0.20128824476650564,
159,29.381374127750938,16.23054213633924,27.30810520665593,1.4761137949543746,0.798443370907139,1.556629092860977,23.047504025764894,0.20128824476650564,
160,29.663177670424048,16.203703703703702,27.200751476113794,1.4626945786366077,0.798443370907139,1.6706924315619969,22.805958132045088,0.19457863660762212,
161,29.74369296833065,16.029253891572733,27.046430488459475,1.4492753623188406,1.1205045625335481,1.6706924315619969,22.745571658615138,0.19457863660762212,
162,30.06575415995706,15.98899624261943,26.82501341921632,1.4492753623188406,1.1205045625335481,1.6706924315619969,22.685185185185187,0.19457863660762212,
163,30.42807300053677,15.848094471282877,26.737788513150832,1.442565754159957,1.1205045625335481,1.6371443907675791,22.5979602791197,0.1878690284487386,
164,30.844068706387546,15.827965646806227,26.462694578636608,1.442565754159957,1.1205045625335481,1.6371443907675791,22.477187332259795,0.1878690284487386,
165,31.226516371443907,15.707192699946322,26.27482555018787,1.442565754159957,1.1205045625335481,1.6371443907675791,22.403381642512077,0.1878690284487386,
166,31.629092860976918,15.58641975308642,26.04669887278583,1.442565754159957,1.1205045625335481,1.6371443907675791,22.34970477724101,0.1878690284487386,
167,29.69001610305958,14.97584541062802,28.891572732152444,1.3955984970477724,1.0131508319914118,1.6774020397208802,22.168545356951153,0.1878690284487386,
168,30.35426731078905,14.801395598497047,28.535963499731615,1.3754696725711217,1.0131508319914118,1.6774020397208802,22.054482018250134,0.1878690284487386,
169,30.797101449275363,14.74771873322598,28.341384863123995,1.3754696725711217,1.0064412238325282,1.6774020397208802,21.866612989801396,0.1878690284487386,
170,31.112453032742888,14.606816961889425,28.27428878153516,1.3754696725711217,1.0064412238325282,1.6774020397208802,21.75925925925926,0.1878690284487386,
171,31.407675791733762,14.546430488459475,28.06629092860977,1.3754696725711217,1.0064412238325282,1.6706924315619969,21.73913043478261,0.1878690284487386,
172,31.655931293612454,14.452495974235104,27.905260332796566,1.3217928073000538,0.9930220075147611,1.8786902844873858,21.604938271604937,0.1878690284487386,
173,32.25308641975309,14.445786366076222,27.583199141170155,1.3217928073000538,0.95276435856146,1.8384326355340848,21.4170692431562,0.1878690284487386,
174,32.62211486849168,14.445786366076222,27.314814814814813,1.3217928073000538,0.95276435856146,1.8317230273752012,21.32313472893183,0.1878690284487386,
175,32.88378958668814,14.371980676328503,25.53676865271068,1.3217928073000538,0.9259259259259259,1.7579173376274826,23.013955984970476,0.1878690284487386,
176,33.13875469672571,14.345142243692969,25.42270531400966,1.3217928073000538,0.9259259259259259,1.7579173376274826,22.899892646269457,0.1878690284487386,
177,33.44068706387547,14.244498121309716,25.228126677402038,1.3217928073000538,0.9259259259259259,1.7579173376274826,22.893183038110575,0.1878690284487386,
178,33.40713902308105,14.197530864197532,23.8191089640365,1.3217928073000538,2.522812667740204,1.892109500805153,22.65163714439077,0.1878690284487386,
179,33.70907139023081,14.070048309178745,23.718464841653248,1.3217928073000538,2.522812667740204,1.865271068169619,22.356414385399894,0.43612453032742887,
180,34.19887278582931,14.029790660225443,23.557434245840042,1.3217928073000538,2.5026838432635534,1.8250134192163177,22.128287707997853,0.43612453032742887,
181,34.45383789586688,14.002952227589908,23.483628556092324,1.3150831991411702,2.5026838432635534,1.8250134192163177,21.980676328502415,0.43612453032742887,
182,34.5679012345679,13.855340848094471,22.544283413848632,2.4355877616747184,2.475845410628019,1.7444981213097155,21.940418679549115,0.43612453032742887,
183,34.86312399355877,13.714439076757918,22.436929683306495,2.4355877616747184,2.475845410628019,1.8518518518518519,21.786097691894792,0.43612453032742887,
184,35.05099302200752,13.607085346215781,22.16183574879227,2.737520128824477,2.475845410628019,1.8518518518518519,21.67874396135266,0.43612453032742887,
185,31.709608158883523,11.641170155662909,18.646001073537306,2.6033279656468062,2.442297369833602,1.8518518518518519,30.797101449275363,0.30864197530864196,
186,32.14573268921095,11.634460547504025,18.57890499194847,2.6033279656468062,2.301395598497048,1.8518518518518519,30.575684380032207,0.30864197530864196,
187,32.49463231347289,11.594202898550725,18.51851851851852,2.6033279656468062,2.2879763821792807,1.8451422436929683,30.347557702630166,0.30864197530864196,
188,32.70263016639828,11.480139559849706,18.290391841116477,2.5966183574879227,2.5831991411701556,2.0263016639828235,30.01207729468599,0.30864197530864196,
189,32.991143317230275,11.43317230273752,18.21658615136876,2.563070316693505,2.5831991411701556,2.0263016639828235,29.87788513150832,0.30864197530864196,
190,33.49436392914654,11.399624261943103,18.06897477187332,2.563070316693505,3.2541599570585076,2.0263016639828235,28.884863123993558,0.30864197530864196,
191,33.762748255501876,11.392914653784219,18.015297906602253,2.522812667740204,3.2541599570585076,2.0263016639828235,28.71712292002147,0.30864197530864196,
192,34.17874396135266,11.312399355877616,17.887815351583466,2.522812667740204,3.2541599570585076,2.0263016639828235,28.509125067096083,0.30864197530864196,
193,34.554482018250134,11.258722490606548,17.780461621041333,2.4825550187869028,3.3011272141706924,2.01959205582394,28.29441760601181,0.30864197530864196,
194,34.78931830381106,11.238593666129898,17.733494363929147,2.4825550187869028,3.294417606011809,2.01959205582394,28.133387010198604,0.30864197530864196,
195,35.05099302200752,11.178207192699947,17.69994632313473,2.395330112721417,3.280998389694042,2.01959205582394,28.073000536768653,0.30193236714975846,
196,35.45356951154053,11.16478797638218,17.538915727321523,2.395330112721417,3.2675791733762747,1.9927536231884058,27.885131508319915,0.30193236714975846,
197,35.587761674718195,11.131239935587761,17.51207729468599,2.395330112721417,3.2675791733762747,1.9927536231884058,27.811325818572197,0.30193236714975846,
198,35.869565217391305,10.916532474503489,17.47181964573269,2.3752012882447664,3.240740740740741,2.1068169618894257,27.717391304347824,0.30193236714975846,
199,36.18491680085883,10.916532474503489,17.418142780461622,2.2946859903381642,3.240740740740741,2.0665593129361244,27.576489533011273,0.30193236714975846,
200,36.43317230273752,10.916532474503489,17.371175523349436,2.281266774020397,3.240740740740741,2.0665593129361244,27.388620504562535,0.30193236714975846,
201,36.782071926999464,10.869565217391305,17.28395061728395,2.281266774020397,3.2340311325818574,2.0531400966183573,27.194041867954912,0.30193236714975846,
202,37.03032742887815,10.82259796027912,17.28395061728395,2.281266774020397,3.2139023081052067,2.01959205582394,27.046430488459475,0.30193236714975846,
203,37.533548040794415,10.809178743961352,17.20343531937735,2.281266774020397,3.193773483628556,2.01959205582394,26.65727321524423,0.30193236714975846,
204,37.78851315083199,10.802469135802468,17.176596886741816,2.2074610842726785,3.1736446591519054,2.01959205582394,26.529790660225444,0.30193236714975846,
205,38.35212023617821,10.701825013419215,17.062533548040793,2.1806226516371443,3.1535158346752548,2.01959205582394,26.227858293075684,0.30193236714975846,
206,38.34541062801932,10.674986580783683,17.223564143854,2.13365539452496,3.1535158346752548,2.01959205582394,26.02657004830918,0.4227053140096618,
207,38.7614063338701,10.48040794417606,17.143048845947398,2.13365539452496,3.1535158346752548,2.01959205582394,25.885668276972623,0.4227053140096618,
208,38.89559849704777,10.466988727858293,17.06924315619968,2.100107353730542,3.1535158346752548,2.0128824476650564,25.59044551798175,0.7112184648416533,
209,39.32501341921632,10.446859903381643,16.941760601180892,2.100107353730542,3.1468062265163717,2.0128824476650564,25.315351583467525,0.7112184648416533,
210,39.47933440687064,10.446859903381643,16.894793344068706,2.100107353730542,3.1468062265163717,2.0128824476650564,25.207997852925388,0.7112184648416533,
211,39.84836285560923,10.433440687063875,16.74718196457327,2.0799785292538915,3.113258185721954,2.0128824476650564,25.07380568974772,0.6910896403650026,
212,39.82823403113258,10.426731078904991,16.666666666666668,2.0799785292538915,3.4286097691894795,2.0128824476650564,24.86580783682233,0.6910896403650026,
213,40.13687600644123,10.312667740203972,16.59957058507783,2.0665593129361244,3.388352120236178,1.9994632313472893,24.805421363392377,0.6910896403650026,
214,40.351583467525494,10.285829307568438,16.566022544283413,2.0665593129361244,3.374932903918411,1.9860440150295222,24.67793880837359,0.6910896403650026,
215,40.445517981749866,10.265700483091788,16.552603327965645,2.0665593129361244,3.3682232957595275,1.9726247987117553,24.63768115942029,0.6910896403650026,
216,40.90848094471283,10.064412238325282,16.485507246376812,2.0531400966183573,3.33467525496511,1.9726247987117553,24.490069779924852,0.6910896403650026,
217,41.0426731078905,10.017444981213098,16.478797638217927,2.0531400966183573,3.33467525496511,1.8988191089640365,24.48336017176597,0.6910896403650026,
218,41.237251744498124,10.017444981213098,16.458668813741276,2.0531400966183573,3.2675791733762747,1.8988191089640365,24.376006441223833,0.6910896403650026,
219,41.40499194847021,9.997316156736447,16.404991948470208,2.0531400966183573,3.2675791733762747,1.8988191089640365,24.282071926999464,0.6910896403650026,
220,41.75389157273215,9.896672034353195,16.17686527106817,2.033011272141707,3.2675791733762747,1.8988191089640365,24.282071926999464,0.6910896403650026,
221,41.532474503489,9.037842190016104,16.06280193236715,1.9994632313472893,4.891304347826087,1.8988191089640365,23.886205045625335,0.6910896403650026,
222,41.98201825013419,8.930488459473967,15.915190552871712,2.0933977455716586,4.884594739667204,1.8853998926462694,23.617820719269993,0.6910896403650026,
223,42.29736983360172,8.809715512614064,15.854804079441761,2.0933977455716586,4.85775630703167,1.8853998926462694,23.51046698872786,0.6910896403650026,
224,42.51207729468599,8.695652173913043,15.83467525496511,2.0933977455716586,4.8443370907139025,1.865271068169619,23.463499731615673,0.6910896403650026,
225,42.2638217928073,8.682232957595277,15.573000536768653,3.2541599570585076,4.8443370907139025,1.8048845947396672,22.886473429951693,0.6910896403650026,
226,42.37788513150832,8.668813741277509,15.559581320450885,3.2541599570585076,4.8443370907139025,1.8048845947396672,22.805958132045088,0.6843800322061192,
227,42.60601180891036,8.648684916800859,15.49248523886205,3.2340311325818574,4.824208266237251,1.8048845947396672,22.705314009661837,0.6843800322061192,
228,42.84084809447128,8.588298443370908,15.438808373590982,3.2340311325818574,4.817498658078368,1.7981749865807837,22.5979602791197,0.6843800322061192,
229,43.16961889425657,8.53462157809984,15.438808373590982,3.1199677938808374,4.736983360171766,1.778046162104133,22.537573805689746,0.6843800322061192,
230,43.33064949006978,8.527911969940956,15.411969940955448,3.1199677938808374,4.683306494900698,1.778046162104133,22.497316156736446,0.6508319914117016,
231,43.4447128287708,8.494363929146537,15.378421900161031,3.1199677938808374,4.683306494900698,1.778046162104133,22.450348899624263,0.6508319914117016,
232,43.67283950617284,8.407139023081053,15.28448738593666,3.1199677938808374,4.683306494900698,1.9256575415995705,22.25577026301664,0.6508319914117016,
233,43.65271068169619,8.340042941492216,15.28448738593666,3.1199677938808374,4.924852388620504,1.9189479334406871,22.108158883521202,0.6508319914117016,
234,43.98819108964037,8.3064949006978,15.150295222758992,3.113258185721954,4.924852388620504,1.9122383252818036,21.953837895866883,0.6508319914117016,
235,44.08883521202362,8.105206655931294,15.143585614600108,3.113258185721954,4.924852388620504,2.1135265700483092,21.866612989801396,0.644122383252818,
236,44.41089640365003,8.105206655931294,15.01610305958132,3.0931293612453032,4.924852388620504,2.1135265700483092,21.692163177670423,0.644122383252818,
237,44.64573268921095,8.105206655931294,14.99597423510467,3.066290928609769,4.924852388620504,2.1135265700483092,21.537842190016104,0.6105743424584005,
238,45.13553408480945,8.05823939881911,14.922168545356952,3.026033279656468,4.830917874396135,2.1135265700483092,21.336553945249598,0.5770263016639828,
239,45.30327428878154,8.05823939881911,14.888620504562533,2.965646806226516,4.817498658078368,2.1135265700483092,21.28287707997853,0.5703166935050993,
240,45.49785292538916,8.05823939881911,14.801395598497047,2.965646806226516,4.777241009125067,2.1135265700483092,21.24261943102523,0.5434782608695652,
241,45.772946859903385,8.044820182501342,14.741009125067096,2.965646806226516,4.750402576489533,2.1135265700483092,21.068169618894256,0.5434782608695652,
242,45.54482018250134,7.944176060118089,14.922168545356952,2.9119699409554483,5.0858829844337095,2.0933977455716586,20.954106280193237,0.5434782608695652,
243,45.69243156199678,7.937466451959206,14.861782071927,2.898550724637681,5.0858829844337095,2.0799785292538915,20.90042941492217,0.5434782608695652,
244,46.20907139023081,7.9106280193236715,14.861782071927,2.8784219001610305,4.931561996779388,2.0531400966183573,20.611916264090176,0.5434782608695652,
245,46.47074610842727,7.897208803005904,14.821524422973699,2.844873859366613,4.918142780461621,2.0531400966183573,20.45088566827697,0.5434782608695652,
246,46.53113258185722,7.897208803005904,14.794685990338165,2.844873859366613,4.918142780461621,2.0397208803005906,20.43075684380032,0.5434782608695652,
247,46.98067632850242,7.87037037037037,14.673913043478262,2.757648953301127,4.911433172302737,2.0128824476650564,20.249597423510465,0.5434782608695652,
248,47.235641438539986,7.816693505099302,14.579978529253891,2.7308105206655933,4.830917874396135,2.0128824476650564,20.249597423510465,0.5434782608695652,
249,47.738862050456255,7.7898550724637685,14.398819108964037,2.6972624798711755,4.783950617283951,1.9659151905528718,20.095276435856146,0.5300590445517982,
250,48.11460010735373,7.769726247987117,14.204240472356414,2.677133655394525,4.723564143853999,1.9524959742351047,20.02818035426731,0.5300590445517982,
251,47.67176596886742,7.75630703166935,13.58695652173913,2.677133655394525,4.690016103059581,3.0864197530864197,20.00805152979066,0.5233494363929146,
252,47.80595813204509,7.75630703166935,13.546698872785829,2.6637144390767578,4.690016103059581,3.0730005367686526,19.940955448201827,0.5233494363929146,
253,48.060923242082666,7.675791733762749,13.513150831991412,2.6637144390767578,4.690016103059581,3.0730005367686526,19.80005367686527,0.5233494363929146,
254,48.16156736446592,7.6623725174449815,13.506441223832528,2.6435856146001075,4.676596886741814,3.0595813204508855,19.766505636070853,0.5233494363929146,
255,48.26221148684917,7.62211486849168,13.479602791196994,2.6435856146001075,4.676596886741814,3.0394524959742353,19.753086419753085,0.5233494363929146,
256,48.48362855609233,7.62211486849168,13.372249060654857,2.5429414922168547,4.663177670424047,3.0394524959742353,19.753086419753085,0.5233494363929146,
257,48.60440150295223,7.615405260332796,13.311862587224907,2.5429414922168547,4.663177670424047,3.0394524959742353,19.699409554482017,0.5233494363929146,
258,48.752012882447666,7.608695652173913,13.298443370907139,2.5429414922168547,4.622920021470746,3.0394524959742353,19.612184648416534,0.5233494363929146,
259,49.13446054750403,7.555018786902845,13.191089640365004,2.5429414922168547,4.582662372517445,2.9924852388620504,19.47799248523886,0.5233494363929146,
260,49.24852388620504,7.5281803542673105,13.150831991411701,2.5429414922168547,4.582662372517445,2.9924852388620504,19.43102522812668,0.5233494363929146,
261,49.59742351046699,7.514761137949543,13.050187869028449,2.536231884057971,4.522275899087493,2.9790660225442833,19.276704240472355,0.5233494363929146,
262,49.745034889962426,7.474503488996243,13.050187869028449,2.536231884057971,4.502147074610843,2.9790660225442833,19.189479334406872,0.5233494363929146,
263,49.932903918411164,7.454374664519592,13.050187869028449,2.536231884057971,4.448470209339774,2.945517981749866,19.108964036500268,0.5233494363929146,
264,50.24154589371981,7.39398819108964,13.009930220075148,2.5161030595813205,4.414922168545357,2.932098765432099,19.02173913043478,0.46967257112184646,
265,50.415995705850776,7.39398819108964,13.009930220075148,2.428878153515835,4.414922168545357,2.932098765432099,18.9345142243693,0.46967257112184646,
266,50.28851315083199,7.39398819108964,12.895866881374127,2.395330112721417,4.146537842190016,2.932098765432099,19.545088566827697,0.4025764895330113,
267,50.38915727321525,7.380568974771873,12.835480407944177,2.3886205045625335,4.139828234031133,2.932098765432099,19.53166935050993,0.4025764895330113,
268,49.93961352657005,7.367149758454106,12.359098228663447,4.03918411164788,4.139828234031133,2.9052603327965647,18.95464304884595,0.2952227589908749,
