,45,50,51,52,53,55,54,56,57
0,100.0,,,,,,,,
1,100.0,,,,,,,,
2,100.0,,,,,,,,
3,99.87251744498121,0.1274825550187869,,,,,,,
4,96.83306494900698,3.166935050993022,,,,,,,
5,95.86688137412776,4.133118625872249,,,,,,,
6,94.18947933440687,5.810520665593129,,,,,,,
7,91.56602254428341,8.433977455716587,,,,,,,
8,82.85695115405261,17.143048845947398,,,,,,,
9,82.34702093397746,17.652979066022546,,,,,,,
10,74.63097155126141,25.369028448738593,,,,,,,
11,74.67122920021471,25.328770799785293,,,,,,,
12,74.23510466988728,25.764895330112722,,,,,,,
13,74.23510466988728,25.764895330112722,,,,,,,
14,74.37600644122384,25.623993558776167,,,,,,,
15,74.37600644122384,25.623993558776167,,,,,,,
16,73.91304347826087,25.650831991411703,0.43612453032742887,,,,,,
17,73.92646269457863,25.637412775093935,0.43612453032742887,,,,,,
18,73.98684916800859,25.577026301663984,0.43612453032742887,,,,,,
19,63.05018786902845,36.513687600644126,0.43612453032742887,,,,,,
20,57.79656468062265,39.67391304347826,0.1274825550187869,2.4020397208803006,,,,,
21,57.66237251744498,39.821524422973695,0.1274825550187869,2.3886205045625335,,,,,
22,47.745571658615134,36.81561996779388,13.050187869028449,2.3886205045625335,,,,,
23,45.880300590445515,38.6808910359635,13.050187869028449,2.3886205045625335,,,,,
24,46.03462157809984,38.55340848094471,13.023349436392914,2.3886205045625335,,,,,
25,46.081588835212024,38.519860440150296,13.009930220075148,2.3886205045625335,,,,,
26,45.63204508856683,39.00295222758991,12.97638217928073,2.3886205045625335,,,,,
27,45.410628019323674,33.57487922705314,12.949543746645196,2.3886205045625335,4.804079441760601,0.8722490606548577,,,
28,45.571658615136876,33.48094471282877,12.949543746645196,2.3215244229736984,4.804079441760601,0.8722490606548577,,,
29,45.63875469672571,33.44068706387547,12.949543746645196,2.301395598497048,4.804079441760601,0.8655394524959742,,,
30,38.405797101449274,40.673644659151904,12.949543746645196,2.301395598497048,4.804079441760601,0.8655394524959742,,,
31,38.45276435856146,40.633387010198604,12.942834138486312,2.301395598497048,4.334406870638754,0.8655394524959742,0.46967257112184646,,
32,38.63392377885131,40.485775630703166,12.929414922168545,2.281266774020397,4.334406870638754,0.8655394524959742,0.46967257112184646,,
33,34.54777241009125,44.498121309715515,11.990069779924852,1.7042404723564144,4.334406870638754,2.4557165861513686,0.46967257112184646,,
34,34.6081588835212,44.46457326892109,11.976650563607086,1.7042404723564144,4.320987654320987,2.4557165861513686,0.46967257112184646,,
35,34.72222222222222,44.41760601180891,11.929683306494901,1.7042404723564144,4.300858829844337,2.4557165861513686,0.46967257112184646,,
36,34.43370907139023,39.861782071927,16.659957058507782,1.7042404723564144,4.300858829844337,2.5697799248523885,0.46967257112184646,,
37,34.5276435856146,39.821524422973695,16.659957058507782,1.7042404723564144,4.300858829844337,2.5697799248523885,0.41599570585077833,,
38,34.594739667203434,39.781266774020395,16.639828234031132,1.7042404723564144,4.294149221685454,2.5697799248523885,0.41599570585077833,,
39,35.03086419753087,39.66720343531938,16.371443907675793,1.7042404723564144,4.294149221685454,2.5161030595813205,0.41599570585077833,,
40,33.73590982286635,38.92243692968331,18.4447128287708,1.7042404723564144,4.260601180891036,2.5161030595813205,0.41599570585077833,,
41,33.97074610842727,38.81508319914117,18.38432635534085,1.6706924315619969,4.247181964573269,2.5161030595813205,0.39586688137412773,,
42,34.12506709608159,38.71443907675792,18.337359098228664,1.6706924315619969,4.240472356414386,2.5161030595813205,0.39586688137412773,,
43,34.10493827160494,37.84219001610306,18.290391841116477,1.6706924315619969,5.179817498658078,2.5161030595813205,0.39586688137412773,,
44,34.0378421900161,37.29200214707461,18.290391841116477,1.6706924315619969,5.797101449275362,2.5161030595813205,0.39586688137412773,,
45,34.11164787976382,37.25845410628019,18.250134192163177,1.6706924315619969,5.797101449275362,2.5161030595813205,0.39586688137412773,,
46,34.35990338164251,37.104133118625874,18.156199677938808,1.6706924315619969,5.797101449275362,2.5161030595813205,0.39586688137412773,,
47,34.44041867954911,37.05716586151369,18.12265163714439,1.6706924315619969,5.797101449275362,2.5161030595813205,0.39586688137412773,,
48,34.54106280193237,37.0101986044015,18.08239398819109,1.6706924315619969,5.783682232957595,2.5161030595813205,0.39586688137412773,,
49,32.66237251744498,39.36527106816962,17.619431025228128,1.6572732152442298,5.783682232957595,2.5161030595813205,0.39586688137412773,,
50,32.789855072463766,39.23778851315083,17.619431025228128,1.6572732152442298,5.783682232957595,2.5161030595813205,0.39586688137412773,,
51,25.13419216317767,41.666666666666664,22.84621578099839,1.6572732152442298,5.783682232957595,2.5161030595813205,0.39586688137412773,,
52,25.228126677402038,41.55931293612453,22.785829307568438,1.7579173376274826,5.756843800322061,2.5161030595813205,0.39586688137412773,,
53,25.315351583467525,41.55931293612453,22.69860440150295,1.7579173376274826,5.360976918947934,2.5161030595813205,0.7917337627482555,,
54,24.90606548577563,39.14385399892646,25.677670424047236,1.7579173376274826,5.360976918947934,2.3617820719269993,0.7917337627482555,,
55,25.02012882447665,39.06333870101986,25.644122383252817,1.7579173376274826,5.360976918947934,2.3617820719269993,0.7917337627482555,,
56,23.05421363392378,41.727053140096615,25.55018786902845,1.7579173376274826,5.360976918947934,1.7579173376274826,0.7917337627482555,,
57,23.2487922705314,41.57944176060118,25.523349436392916,1.7579173376274826,5.360976918947934,1.737788513150832,0.7917337627482555,,
58,19.89398819108964,32.420826623725176,38.05018786902845,1.7579173376274826,5.347557702630167,1.737788513150832,0.7917337627482555,,
59,19.64573268921095,32.789855072463766,37.92941492216855,1.7579173376274826,5.347557702630167,1.737788513150832,0.7917337627482555,,
60,19.746376811594203,32.749597423510465,37.8690284487386,1.7579173376274826,5.347557702630167,1.737788513150832,0.7917337627482555,,
61,19.95437466451959,32.62211486849168,37.82877079978529,1.7310789049919484,5.3341384863123995,1.737788513150832,0.7917337627482555,,
62,19.900697799248523,31.93773483628556,37.795222758990874,2.9723564143853998,4.810789049919484,1.8786902844873858,0.7045088566827697,,
63,18.766774020397207,33.28636607622115,39.93558776167472,2.1135265700483092,4.133118625872249,1.7646269457863661,,,
64,18.95464304884595,33.23268921095008,39.821524422973695,2.0933977455716586,4.133118625872249,1.7646269457863661,,,
65,17.659688674181428,43.01529790660226,31.488191089640367,2.3617820719269993,3.7104133118625873,1.7646269457863661,,,
66,17.022275899087493,40.84138486312399,28.670155662909288,9.07139023081052,1.7176596886741815,2.677133655394525,,,
67,17.163177670424048,40.74074074074074,28.670155662909288,9.07139023081052,1.6908212560386473,2.6637144390767578,,,
68,16.700214707461082,35.01073537305421,27.596618357487923,15.458937198067632,1.570048309178744,2.6637144390767578,0.9997316156736447,,
69,17.002147074610843,34.70880300590446,27.596618357487923,15.458937198067632,1.570048309178744,2.6637144390767578,0.9997316156736447,,
70,17.351046698872786,34.5276435856146,27.428878153515836,15.458937198067632,1.570048309178744,2.6637144390767578,0.9997316156736447,,
71,13.546698872785829,38.33870101986044,27.42216854535695,15.458937198067632,1.570048309178744,2.6637144390767578,0.9997316156736447,,
72,13.761406333870102,38.31186258722491,27.28797638217928,15.405260332796564,1.570048309178744,2.6637144390767578,0.9997316156736447,,
73,13.828502415458937,38.29844337090714,27.28797638217928,15.371712292002147,1.5499194847020934,2.6637144390767578,0.9997316156736447,,
74,14.009661835748792,38.258185721953836,26.85185185185185,15.277777777777779,1.5499194847020934,3.052871712292002,0.9997316156736447,,
75,11.352657004830919,34.346484165324746,35.849436392914654,12.144390767579173,1.3486312399355878,3.374932903918411,1.583467525496511,,
76,11.460010735373054,34.03113258185722,35.82259796027912,12.13768115942029,1.3486312399355878,3.616478797638218,1.583467525496511,,
77,11.553945249597424,34.03113258185722,35.75550187869028,12.110842726784755,1.3486312399355878,3.616478797638218,1.583467525496511,,
78,11.735104669887278,33.72920021470746,35.279119699409556,12.050456253354804,1.3486312399355878,3.8378958668813743,1.583467525496511,0.43612453032742887,
79,11.782071926999464,33.69565217391305,35.265700483091784,12.050456253354804,1.3486312399355878,3.8378958668813743,1.583467525496511,0.43612453032742887,
80,12.077294685990339,33.48765432098765,35.238862050456255,11.996779388083736,1.3419216317767042,3.8378958668813743,1.583467525496511,0.43612453032742887,
81,11.3191089640365,30.917874396135264,41.619699409554485,8.943907675791733,1.3419216317767042,3.8378958668813743,1.583467525496511,0.43612453032742887,
82,10.86285560923242,27.79790660225443,47.57783145464305,7.924047235641439,1.3419216317767042,3.0730005367686526,0.9863123993558777,0.43612453032742887,
83,10.413311862587225,27.42216854535695,45.14224369296833,12.345679012345679,1.3419216317767042,1.9122383252818036,0.9863123993558777,0.43612453032742887,
84,9.232420826623725,23.62453032742888,40.21739130434783,22.262479871175522,1.3419216317767042,1.8988191089640365,0.9863123993558777,0.43612453032742887,
85,9.39345142243693,23.597691894793343,40.11003757380569,22.23564143853999,1.3419216317767042,1.8988191089640365,0.9863123993558777,0.43612453032742887,
86,9.480676328502415,23.537305421363392,40.083199141170155,22.23564143853999,1.3419216317767042,1.8988191089640365,0.9863123993558777,0.43612453032742887,
87,9.829575952764358,23.423242082662373,40.00939345142244,22.074610842726784,1.3419216317767042,1.8988191089640365,0.9863123993558777,0.43612453032742887,
88,10.057702630166398,23.376274825550187,39.85507246376812,22.04777241009125,1.3419216317767042,1.8988191089640365,0.9863123993558777,0.43612453032742887,
89,9.91009125067096,21.349973161567366,42.55904455179817,21.75925925925926,1.1003757380568975,1.8988191089640365,0.9863123993558777,0.43612453032742887,
90,10.131508319914117,21.289586688137412,42.42485238862051,21.732420826623724,1.1003757380568975,1.8988191089640365,0.9863123993558777,0.43612453032742887,
91,10.131508319914117,21.289586688137412,42.42485238862051,21.732420826623724,1.1003757380568975,1.8988191089640365,0.9863123993558777,0.43612453032742887,
92,10.319377348362856,21.195652173913043,42.371175523349436,21.692163177670423,1.1003757380568975,1.8988191089640365,0.9863123993558777,0.43612453032742887,
93,10.319377348362856,21.175523349436393,39.98926462694579,22.282608695652176,1.1003757380568975,1.8719806763285025,2.8247450348899625,0.43612453032742887,
94,10.36634460547504,21.14868491680086,39.96913580246913,22.282608695652176,1.1003757380568975,1.8719806763285025,2.8247450348899625,0.43612453032742887,
95,10.426731078904991,21.14868491680086,39.92887815351583,22.262479871175522,1.1003757380568975,1.8719806763285025,2.8247450348899625,0.43612453032742887,
96,10.540794417606012,21.135265700483092,39.88191089640365,22.208803005904453,1.1003757380568975,1.8719806763285025,2.8247450348899625,0.43612453032742887,
97,10.641438539989265,21.121846484165324,39.79468599033817,22.208803005904453,1.1003757380568975,1.8719806763285025,2.8247450348899625,0.43612453032742887,
98,10.61460010735373,21.095008051529792,40.08990874932904,22.188674181427803,0.9728931830381106,1.8585614600107354,2.7442297369833604,0.43612453032742887,
99,10.795759527643586,21.007783145464305,40.022812667740205,22.16183574879227,0.9728931830381106,1.8585614600107354,2.7442297369833604,0.43612453032742887,
100,10.86285560923242,20.98094471282877,39.982555018786904,22.16183574879227,0.9728931830381106,1.8585614600107354,2.7442297369833604,0.43612453032742887,
101,10.929951690821255,20.90042941492217,38.989533011272144,22.074610842726784,0.9728931830381106,2.1269457863660763,2.717391304347826,1.288244766505636,
102,11.117820719269995,19.712828770799785,37.35909822866345,22.074610842726784,3.6097691894793345,2.1269457863660763,2.7106816961889426,1.288244766505636,
103,11.553945249597424,19.51154052603328,37.19135802469136,22.041062801932366,3.5762211486849167,2.1269457863660763,2.7106816961889426,1.288244766505636,
104,11.654589371980677,19.49812130971551,37.164519592055825,22.020933977455716,3.535963499731616,2.1269457863660763,2.7106816961889426,1.288244766505636,
105,11.869296833064949,19.45786366076221,37.043746645195924,21.994095544820183,3.5091250670960816,2.1269457863660763,2.7106816961889426,1.288244766505636,
106,11.956521739130435,19.350509930220074,39.08346752549651,21.953837895866883,3.5091250670960816,2.086688137412775,1.1272141706924315,0.9326355340848095,
107,12.02361782071927,19.350509930220074,39.03650026838432,21.93370907139023,3.5091250670960816,2.086688137412775,1.1272141706924315,0.9326355340848095,
108,11.560654857756306,19.008319914117017,37.3389694041868,24.456521739130434,3.5091250670960816,2.086688137412775,1.107085346215781,0.9326355340848095,
109,11.668008588298443,18.9747718733226,37.32555018786903,24.456521739130434,3.4822866344605474,2.086688137412775,1.107085346215781,0.8990874932903918,
110,11.218464841653248,19.612184648416534,35.68840579710145,26.65727321524423,3.166935050993022,2.086688137412775,1.107085346215781,0.46296296296296297,
111,10.929951690821255,18.84728931830381,41.76731078904992,22.25577026301664,3.166935050993022,1.4626945786366077,1.107085346215781,0.46296296296296297,
112,11.010466988727858,18.726516371443907,41.337895866881375,22.24235104669887,3.166935050993022,1.9457863660762211,1.107085346215781,0.46296296296296297,
113,11.117820719269995,18.71309715512614,40.76757917337628,22.23564143853999,3.166935050993022,1.9457863660762211,1.107085346215781,0.9460547504025765,
114,11.097691894793345,17.820719269994633,39.83494363929147,21.752549651100377,5.246913580246914,1.9457863660762211,1.107085346215781,1.1943102522812667,
115,11.137949543746645,17.814009661835748,39.821524422973695,21.22920021470746,5.750134192163178,1.9457863660762211,1.107085346215781,1.1943102522812667,
116,11.305689747718732,17.814009661835748,39.741009125067094,21.182232957595275,5.709876543209877,1.9457863660762211,1.107085346215781,1.1943102522812667,
117,11.52710681696189,17.780461621041333,38.98282340311326,21.14868491680086,5.709876543209877,1.9457863660762211,1.107085346215781,1.7981749865807837,
118,11.681427804616211,17.726784755770264,38.34541062801932,21.027911969940956,5.709876543209877,2.1739130434782608,1.1003757380568975,2.2342995169082127,
119,11.701556629092861,17.599302200751477,38.33199141170156,20.71256038647343,5.709876543209877,2.1739130434782608,1.5365002683843263,2.2342995169082127,
120,11.77536231884058,17.11621041331186,38.25147611379496,20.699141170155663,5.709876543209877,2.1604938271604937,2.0531400966183573,2.2342995169082127,
121,11.741814278046162,16.512345679012345,36.69484702093398,20.323403113258184,6.179549114331723,2.1604938271604937,4.1532474503489,2.2342995169082127,
122,11.741814278046162,16.31105743424584,36.69484702093398,20.625335480407944,6.179549114331723,2.1604938271604937,4.052603327965647,2.2342995169082127,
123,11.782071926999464,16.31105743424584,36.65458937198068,20.625335480407944,6.179549114331723,2.1604938271604937,4.052603327965647,2.2342995169082127,
124,11.916264090177133,16.31105743424584,36.594202898550726,20.591787439613526,6.139291465378422,2.1604938271604937,4.052603327965647,2.2342995169082127,
125,11.969940955448202,16.25067096081589,36.20504562533548,20.591787439613526,6.119162640901771,2.576489533011272,4.052603327965647,2.2342995169082127,
126,12.104133118625873,16.25067096081589,36.09769189479334,20.591787439613526,6.119162640901771,2.576489533011272,4.025764895330113,2.2342995169082127,
127,12.097423510466989,16.002415458937197,33.3064949006978,22.48389694041868,6.078904991948471,3.1333870101986045,5.139559849704777,1.7579173376274826,
128,12.084004294149223,15.908480944712828,33.3064949006978,22.450348899624263,6.011808910359635,3.1333870101986045,5.347557702630167,1.7579173376274826,
129,11.272141706924316,15.056360708534621,39.98926462694579,20.276435856146,3.9855072463768115,2.7643585614600106,4.911433172302737,1.7444981213097155,
130,11.352657004830919,15.056360708534621,39.96913580246913,20.25630703166935,3.9855072463768115,2.7241009125067097,4.911433172302737,1.7444981213097155,
131,11.392914653784219,14.982555018786902,34.326355340848096,26.341921631776703,3.656736446591519,2.7241009125067097,4.830917874396135,1.7444981213097155,
132,11.634460547504025,14.895330112721417,34.292807300053674,26.227858293075684,3.656736446591519,2.7241009125067097,4.824208266237251,1.7444981213097155,
133,11.77536231884058,14.895330112721417,33.782877079978526,26.187600644122384,3.643317230273752,2.636876006441224,5.3341384863123995,1.7444981213097155,
134,12.245034889962426,14.888620504562533,33.51449275362319,26.10708534621578,3.5426731078904994,2.636876006441224,5.320719269994632,1.7444981213097155,
135,12.815351583467525,14.284755770263017,33.031400966183575,26.080246913580247,4.119699409554482,2.6033279656468062,5.320719269994632,1.7444981213097155,
136,12.983091787439614,14.284755770263017,32.87707997852925,26.080246913580247,4.119699409554482,2.589908749329039,5.320719269994632,1.7444981213097155,
137,13.117283950617283,14.257917337627482,32.79656468062265,26.053408480944714,4.119699409554482,2.589908749329039,5.320719269994632,1.7444981213097155,
138,12.526838432635534,13.922436929683306,36.43317230273752,23.503757380568974,4.119699409554482,2.999194847020934,4.750402576489533,1.7444981213097155,
139,12.761674718196458,13.90901771336554,36.33923778851315,23.416532474503487,4.079441760601181,2.999194847020934,4.750402576489533,1.7444981213097155,
140,12.969672571121846,13.90901771336554,36.292270531400966,23.282340311325818,4.079441760601181,2.999194847020934,4.723564143853999,1.7444981213097155,
141,13.070316693505099,13.90901771336554,36.191626409017715,23.282340311325818,4.079441760601181,2.999194847020934,4.723564143853999,1.7444981213097155,
142,13.170960815888352,13.862050456253355,36.171497584541065,23.282340311325818,4.079441760601181,2.999194847020934,4.690016103059581,1.7444981213097155,
143,7.877079978529254,57.29334406870639,14.338432635534085,9.064680622651638,7.5281803542673105,1.4224369296833066,1.1876006441223832,1.288244766505636,
144,7.957595276435856,57.26650563607085,14.31159420289855,9.05126140633387,7.514761137949543,1.4224369296833066,1.1876006441223832,1.288244766505636,
145,8.272946859903382,56.977992485238865,14.257917337627482,9.037842190016104,7.461084272678476,1.4224369296833066,1.2815351583467525,1.288244766505636,
146,8.454106280193237,56.85050993022008,14.204240472356414,9.037842190016104,7.461084272678476,1.4224369296833066,1.2815351583467525,1.288244766505636,
147,8.53462157809984,56.80354267310789,14.190821256038648,9.037842190016104,7.461084272678476,1.4224369296833066,1.261406333870102,1.288244766505636,
148,8.61513687600644,47.73215244229737,14.150563607085346,17.163177670424048,7.461084272678476,1.4224369296833066,1.2345679012345678,1.7914653784219001,0.4294149221685454
149,8.729200214707461,47.18196457326892,14.150563607085346,17.002147074610843,7.447665056360709,1.9256575415995705,1.2345679012345678,1.7914653784219001,0.5367686527106817
150,8.943907675791733,47.134997316156735,14.096886741814279,16.888083735909824,7.447665056360709,1.9256575415995705,1.2345679012345678,1.7914653784219001,0.5367686527106817
151,9.151905528717123,47.014224369296834,14.036500268384327,16.888083735909824,7.4208266237251745,1.9256575415995705,1.2345679012345678,1.7914653784219001,0.5367686527106817
152,9.25925925925926,46.947128287708,14.016371443907676,16.888083735909824,7.4208266237251745,1.90552871712292,1.2345679012345678,1.7914653784219001,0.5367686527106817
153,9.346484165324744,46.92028985507246,13.989533011272142,16.861245303274288,7.4208266237251745,1.90552871712292,1.2345679012345678,1.7847557702630166,0.5367686527106817
154,9.722222222222221,46.5378421900161,13.875469672571121,16.834406870638755,7.4208266237251745,2.0531400966183573,1.2345679012345678,1.7847557702630166,0.5367686527106817
155,9.856414385399892,46.49087493290392,13.875469672571121,16.545893719806763,7.353730542136339,2.0531400966183573,1.2345679012345678,2.2342995169082127,0.35560923242082665
156,10.064412238325282,46.4573268921095,13.828502415458937,16.49892646269458,7.300053676865271,2.0263016639828235,1.2345679012345678,2.2342995169082127,0.35560923242082665
157,10.144927536231885,46.443907675791735,13.828502415458937,16.445249597423512,7.286634460547504,2.0263016639828235,1.2345679012345678,2.2342995169082127,0.35560923242082665
158,9.876543209876543,44.68599033816425,12.989801395598498,19.57192699946323,7.286634460547504,1.7646269457863661,1.2345679012345678,2.2342995169082127,0.35560923242082665
159,10.017444981213098,44.67257112184648,12.989801395598498,18.867418142780462,7.863660762211487,1.7646269457863661,1.2345679012345678,2.2342995169082127,0.35560923242082665
160,10.0979602791197,44.61218464841653,12.989801395598498,18.853998926462694,7.863660762211487,1.7646269457863661,1.2345679012345678,2.227589908749329,0.35560923242082665
161,10.104669887278583,44.59205582393988,12.607353730542137,18.78690284487386,7.85024154589372,2.2410091250670963,1.2345679012345678,2.227589908749329,0.35560923242082665
162,10.245571658615138,44.51154052603328,12.580515297906603,18.78690284487386,7.823403113258186,2.2410091250670963,1.2278582930756843,2.227589908749329,0.35560923242082665
163,10.433440687063875,44.32367149758454,12.567096081588835,18.773483628556093,7.7831454643048845,2.328234031132582,1.2077294685990339,2.227589908749329,0.35560923242082665
164,10.976918947933441,43.92109500805153,12.5402576489533,18.726516371443907,7.769726247987117,2.2745571658615136,1.2077294685990339,2.227589908749329,0.35560923242082665
165,11.010466988727858,43.907675791733766,12.5402576489533,18.726516371443907,7.769726247987117,2.254428341384863,1.2077294685990339,2.227589908749329,0.35560923242082665
166,11.245303274288782,43.73993558776167,12.5402576489533,18.71309715512614,7.742887815351583,2.254428341384863,1.2077294685990339,2.200751476113795,0.35560923242082665
167,11.399624261943103,43.65271068169619,12.506709608158884,18.679549114331724,7.742887815351583,2.254428341384863,1.2077294685990339,2.200751476113795,0.35560923242082665
168,11.533816425120772,43.552066559312934,12.493290391841116,18.679549114331724,7.742887815351583,2.2342995169082127,1.2077294685990339,2.200751476113795,0.35560923242082665
169,11.688137412775093,43.39103596349973,12.439613526570048,18.491680085882983,7.742887815351583,2.3483628556092326,1.2077294685990339,2.3550724637681157,0.33548040794417605
170,11.735104669887278,43.364197530864196,12.439613526570048,18.491680085882983,7.742887815351583,2.3483628556092326,1.2077294685990339,2.3349436392914655,0.33548040794417605
171,11.936392914653783,43.20987654320987,12.406065485775631,18.491680085882983,7.7361782071927,2.341653247450349,1.2077294685990339,2.3349436392914655,0.33548040794417605
172,12.661030595813205,42.56575415995706,12.406065485775631,18.411164787976382,7.7361782071927,2.341653247450349,1.2077294685990339,2.3349436392914655,0.33548040794417605
173,12.801932367149758,42.51878690284487,12.338969404186795,18.531937734836287,7.7361782071927,2.341653247450349,1.0601180891035964,2.3349436392914655,0.33548040794417605
174,12.882447665056361,41.45195920558239,12.31213097155126,15.365002683843263,7.7361782071927,2.341653247450349,5.428073000536768,2.167203435319377,0.3153515834675255
175,13.009930220075148,41.38486312399356,12.25174449812131,15.365002683843263,7.7361782071927,2.341653247450349,5.428073000536768,2.167203435319377,0.3153515834675255
176,12.72812667740204,41.096349973161566,15.277777777777779,13.123993558776167,7.689210950080516,2.2879763821792807,5.3274288781535155,2.15378421900161,0.3153515834675255
177,12.86231884057971,41.015834675254965,15.271068169618895,13.110574342458401,7.6556629092860975,2.2879763821792807,5.3274288781535155,2.15378421900161,0.3153515834675255
178,12.97638217928073,40.87493290391841,15.271068169618895,13.043478260869565,7.501341921631776,2.536231884057971,5.3274288781535155,2.15378421900161,0.3153515834675255
179,13.311862587224907,40.5931293612453,15.257648953301127,13.043478260869565,7.501341921631776,2.5295222758990876,5.3274288781535155,2.120236178207193,0.3153515834675255
180,13.533279656468062,40.445517981749866,15.230810520665592,13.023349436392914,7.501341921631776,2.5295222758990876,5.300590445517981,2.120236178207193,0.3153515834675255
181,13.633923778851315,39.33843263553408,15.230810520665592,12.95625335480408,7.501341921631776,3.603059581320451,5.300590445517981,2.120236178207193,0.3153515834675255
182,13.90901771336554,39.21765968867418,15.197262479871176,12.929414922168545,7.434245840042942,3.603059581320451,5.273752012882448,2.120236178207193,0.3153515834675255
183,12.875738056897477,30.837359098228664,29.240472356414386,12.822061191626409,6.011808910359635,3.046162104133119,2.7308105206655933,2.120236178207193,0.3153515834675255
184,12.909286097691895,30.817230273752013,29.22705314009662,12.822061191626409,6.011808910359635,3.046162104133119,2.7308105206655933,2.120236178207193,0.3153515834675255
185,13.036768652710682,30.770263016639827,29.21363392377885,12.795222758990874,5.971551261406334,3.046162104133119,2.7308105206655933,2.120236178207193,0.3153515834675255
186,13.258185721953838,30.770263016639827,28.992216854535695,12.795222758990874,5.971551261406334,3.046162104133119,2.7308105206655933,2.120236178207193,0.3153515834675255
187,13.285024154589372,30.770263016639827,28.898282340311326,12.553676865271068,5.971551261406334,3.046162104133119,2.7308105206655933,2.428878153515835,0.3153515834675255
188,13.573537305421363,30.46833064949007,28.683574879227052,12.526838432635534,5.971551261406334,3.3413848631239937,2.7308105206655933,2.3886205045625335,0.3153515834675255
189,13.613794954374665,30.454911433172303,28.670155662909288,12.526838432635534,5.971551261406334,3.3413848631239937,2.7308105206655933,2.3752012882447664,0.3153515834675255
190,13.56682769726248,30.407944176060116,27.67042404723564,12.4597423510467,6.4345142243692965,3.3413848631239937,2.717391304347826,3.0864197530864197,0.3153515834675255
191,13.848631239935587,30.407944176060116,27.616747181964573,12.23161567364466,6.4345142243692965,3.3413848631239937,2.717391304347826,3.0864197530864197,0.3153515834675255
192,13.90901771336554,30.387815351583466,27.61003757380569,12.224906065485776,6.4345142243692965,3.3413848631239937,2.717391304347826,3.066290928609769,0.30864197530864196
193,14.237788513150832,30.09259259259259,27.334943639291467,11.896135265700483,6.421095008051529,3.33467525496511,2.717391304347826,3.656736446591519,0.30864197530864196
194,14.325013419216317,30.059044551798173,27.294685990338163,11.896135265700483,6.421095008051529,3.321256038647343,2.717391304347826,3.656736446591519,0.30864197530864196
195,14.452495974235104,29.24718196457327,27.073268921095007,11.721685453569512,6.421095008051529,4.294149221685454,2.717391304347826,3.7640901771336552,0.30864197530864196
196,14.626945786366075,28.817767042404725,26.442565754159958,11.721685453569512,6.421095008051529,4.8376274825550185,2.717391304347826,4.106280193236715,0.30864197530864196
197,14.734299516908212,27.254428341384862,26.435856146001072,11.721685453569512,6.421095008051529,4.8376274825550185,4.193505099302201,4.092860976918948,0.30864197530864196
198,14.714170692431562,27.066559312936125,26.40901771336554,11.721685453569512,6.347289318303811,4.830917874396135,4.508856682769726,4.092860976918948,0.30864197530864196
199,14.888620504562533,26.959205582393988,26.36876006441224,11.553945249597424,6.320450885668277,4.830917874396135,4.49543746645196,4.294149221685454,0.2885131508319914
200,14.955716586151368,26.918947933440688,26.35534084809447,11.553945249597424,6.320450885668277,4.830917874396135,4.4820182501341925,4.294149221685454,0.2885131508319914
201,15.01610305958132,26.912238325281802,26.32850241545894,11.553945249597424,6.320450885668277,4.830917874396135,4.4820182501341925,4.26731078904992,0.2885131508319914
202,15.210681696188942,26.798174986580783,26.27482555018787,11.553945249597424,6.320450885668277,4.830917874396135,4.4820182501341925,4.240472356414386,0.2885131508319914
203,15.331454643048845,26.798174986580783,26.174181427804616,11.54723564143854,6.3070316693505095,4.830917874396135,4.4820182501341925,4.240472356414386,0.2885131508319914
204,15.438808373590982,26.73107890499195,26.133923778851315,11.54723564143854,6.3070316693505095,4.830917874396135,4.4820182501341925,4.240472356414386,0.2885131508319914
205,15.660225442834138,26.650563607085346,25.946054750402578,11.533816425120772,6.3070316693505095,4.790660225442834,4.4820182501341925,4.341116478797638,0.2885131508319914
206,15.774288781535159,26.590177133655395,25.946054750402578,11.500268384326356,6.286902844873859,4.790660225442834,4.4820182501341925,4.341116478797638,0.2885131508319914
207,16.002415458937197,26.570048309178745,25.77831454643049,11.473429951690822,6.273483628556092,4.790660225442834,4.4820182501341925,4.341116478797638,0.2885131508319914
208,16.203703703703702,26.482823403113258,25.731347289318304,11.2788513150832,6.273483628556092,4.790660225442834,4.4820182501341925,4.341116478797638,0.41599570585077833
209,16.297638217928075,26.39559849704777,25.731347289318304,11.2788513150832,6.273483628556092,4.790660225442834,4.4753086419753085,4.341116478797638,0.41599570585077833
210,16.59286097691895,26.32850241545894,25.697799248523886,11.218464841653248,6.253354804079442,4.790660225442834,4.361245303274289,4.341116478797638,0.41599570585077833
211,16.63311862587225,26.019860440150296,25.469672571121848,11.191626409017713,6.213097155126141,5.35426731078905,4.361245303274289,4.341116478797638,0.41599570585077833
212,16.97530864197531,25.751476113794954,25.39586688137413,11.191626409017713,6.213097155126141,5.35426731078905,4.361245303274289,4.341116478797638,0.41599570585077833
213,17.196725711218466,25.691089640365004,25.301932367149757,11.171497584541063,6.1862587224906065,5.35426731078905,4.341116478797638,4.341116478797638,0.41599570585077833
214,17.257112184648417,25.603864734299517,25.006709608158882,11.171497584541063,6.152710681696189,5.35426731078905,4.4820182501341925,4.555823939881911,0.41599570585077833
215,17.54562533548041,25.523349436392916,24.852388620504563,11.117820719269995,6.152710681696189,5.35426731078905,4.4820182501341925,4.555823939881911,0.41599570585077833
216,17.693236714975846,25.221417069243156,24.62426194310252,11.057434245840042,6.085614600107354,5.649490069779925,4.4820182501341925,4.770531400966184,0.41599570585077833
217,17.941492216854535,25.087224906065487,24.516908212560388,11.057434245840042,6.078904991948471,5.649490069779925,4.4820182501341925,4.770531400966184,0.41599570585077833
218,17.975040257648953,25.07380568974772,24.490069779924852,10.916532474503489,6.078904991948471,5.649490069779925,4.4820182501341925,4.770531400966184,0.5636070853462157
219,18.14278046162104,24.993290391841118,24.362587224906065,10.903113258185721,6.078904991948471,5.615942028985507,4.569243156199678,4.770531400966184,0.5636070853462157
220,18.203166935050994,24.966451959205582,24.355877616747183,10.889694041867955,6.078904991948471,5.60252281266774,4.569243156199678,4.770531400966184,0.5636070853462157
221,18.438003220611915,24.84567901234568,24.308910359634996,10.869565217391305,6.078904991948471,5.58239398819109,4.569243156199678,4.757112184648417,0.5501878690284487
222,18.988191089640367,24.58400429414922,24.208266237251745,10.72866344605475,6.078904991948471,5.535426731078905,4.569243156199678,4.757112184648417,0.5501878690284487
223,19.07541599570585,24.496779388083738,24.208266237251745,10.72866344605475,6.078904991948471,5.535426731078905,4.569243156199678,4.757112184648417,0.5501878690284487
224,19.176060118089104,24.456521739130434,24.20155662909286,10.72866344605475,6.0587761674718195,5.508588298443371,4.569243156199678,4.750402576489533,0.5501878690284487
225,19.243156199677937,24.013687600644122,22.65163714439077,10.695115405260333,6.0587761674718195,5.501878690284487,6.5552871712292005,4.730273752012883,0.5501878690284487
226,19.390767579173378,23.91304347826087,22.65163714439077,10.654857756307031,6.0587761674718195,5.501878690284487,6.5485775630703165,4.730273752012883,0.5501878690284487
227,19.41760601180891,23.91304347826087,22.65163714439077,10.628019323671497,6.0587761674718195,5.501878690284487,6.5485775630703165,4.730273752012883,0.5501878690284487
228,19.524959742351047,23.879495437466453,22.5979602791197,10.628019323671497,6.0587761674718195,5.501878690284487,6.535158346752549,4.723564143853999,0.5501878690284487
229,19.578636607622116,23.845947396672035,22.5979602791197,10.628019323671497,6.0587761674718195,5.501878690284487,6.535158346752549,4.703435319377348,0.5501878690284487
230,19.612184648416534,23.731884057971016,22.477187332259795,10.628019323671497,6.0587761674718195,5.501878690284487,6.736446591519055,4.703435319377348,0.5501878690284487
231,19.612184648416534,23.731884057971016,22.477187332259795,10.628019323671497,6.0587761674718195,5.501878690284487,6.736446591519055,4.703435319377348,0.5501878690284487
232,19.806763285024154,23.70504562533548,22.430220075147613,10.59447128287708,5.971551261406334,5.501878690284487,6.736446591519055,4.703435319377348,0.5501878690284487
233,19.940955448201827,23.423242082662373,22.416800858829845,10.59447128287708,5.971551261406334,5.407944176060118,6.991411701556629,4.703435319377348,0.5501878690284487
234,20.041599570585078,23.382984433709073,22.403381642512077,10.547504025764896,5.971551261406334,5.407944176060118,6.991411701556629,4.703435319377348,0.5501878690284487
235,20.28985507246377,23.32259796027912,22.24235104669887,10.534084809447128,5.971551261406334,5.407944176060118,6.991411701556629,4.690016103059581,0.5501878690284487
236,20.417337627482556,23.26892109500805,22.168545356951153,10.534084809447128,5.971551261406334,5.407944176060118,6.991411701556629,4.690016103059581,0.5501878690284487
237,20.52469135802469,23.18840579710145,22.15512614063339,10.332796564680622,5.971551261406334,5.407944176060118,6.991411701556629,4.87788513150832,0.5501878690284487
238,20.632045088566827,23.161567364465917,22.074610842726784,10.332796564680622,5.971551261406334,5.407944176060118,6.991411701556629,4.87788513150832,0.5501878690284487
239,20.679012345679013,23.14814814814815,22.074610842726784,10.332796564680622,5.9514224369296835,5.407944176060118,6.991411701556629,4.864465915190553,0.5501878690284487
240,20.725979602791195,23.13472893183038,22.074610842726784,10.332796564680622,5.9514224369296835,5.374396135265701,6.991411701556629,4.864465915190553,0.5501878690284487
241,20.90042941492217,23.101180891035963,21.994095544820183,10.332796564680622,5.9447128287707995,5.347557702630167,6.964573268921095,4.864465915190553,0.5501878690284487
242,20.994363929146537,23.047504025764894,21.967257112184647,10.319377348362856,5.9447128287707995,5.347557702630167,6.964573268921095,4.864465915190553,0.5501878690284487
243,21.07487922705314,23.03408480944713,21.967257112184647,10.265700483091788,5.9447128287707995,5.347557702630167,6.951154052603328,4.864465915190553,0.5501878690284487
244,21.135265700483092,22.624798711755233,21.886741814278047,10.258990874932904,5.9447128287707995,5.877616747181965,6.870638754696726,4.851046698872786,0.5501878690284487
245,21.22920021470746,22.584541062801932,21.866612989801396,10.238862050456254,5.931293612453032,5.877616747181965,6.870638754696726,4.851046698872786,0.5501878690284487
246,21.162104133118625,22.31615673644659,21.83977455716586,10.0979602791197,5.931293612453032,6.239935587761675,6.870638754696726,4.851046698872786,0.6910896403650026
247,21.38352120236178,22.269189479334408,21.598228663446054,9.936929683306495,5.931293612453032,6.239935587761675,6.816961889425658,5.132850241545894,0.6910896403650026
248,21.544551798174986,22.249060654857757,21.578099838969404,9.936929683306495,5.857487922705314,6.226516371443908,6.816961889425658,5.0993022007514766,0.6910896403650026
249,21.651905528717123,22.228931830381107,21.578099838969404,9.936929683306495,5.857487922705314,6.226516371443908,6.816961889425658,5.01207729468599,0.6910896403650026
250,21.76596886741814,22.108158883521202,21.55126140633387,9.71551261406334,5.857487922705314,6.213097155126141,6.595544820182502,5.3274288781535155,0.8655394524959742
251,21.960547504025765,22.08132045088567,21.504294149221685,9.648416532474503,5.844068706387547,6.1929683306494905,6.575415995705851,5.3274288781535155,0.8655394524959742
252,22.188674181427803,21.947128287707997,21.504294149221685,9.621578099838969,5.8172302737520125,6.172839506172839,6.575415995705851,5.307300053676865,0.8655394524959742
253,22.20209339774557,21.920289855072465,21.450617283950617,9.594739667203436,5.877616747181965,6.139291465378422,6.696188942565755,5.253623188405797,0.8655394524959742
254,22.52415458937198,21.79951690821256,21.34326355340848,9.561191626409018,5.850778314546431,6.139291465378422,6.689479334406871,5.226784755770263,0.8655394524959742
255,22.785829307568438,21.71900161030596,21.34326355340848,9.54777241009125,5.850778314546431,6.092324208266238,6.582125603864735,5.226784755770263,0.8521202361782072
256,22.879763821792807,21.62506709608159,21.34326355340848,9.54777241009125,5.850778314546431,6.092324208266238,6.582125603864735,5.226784755770263,0.8521202361782072
257,22.96027911969941,21.544551798174986,21.32313472893183,9.433709071390231,5.850778314546431,6.085614600107354,6.723027375201288,5.226784755770263,0.8521202361782072
258,23.262211486849168,21.531132581857218,21.296296296296298,9.272678475577026,5.850778314546431,6.052066559312936,6.655931293612453,5.226784755770263,0.8521202361782072
259,23.34272678475577,21.497584541062803,21.26274825550188,9.272678475577026,5.837359098228664,6.052066559312936,6.655931293612453,5.226784755770263,0.8521202361782072
260,23.523886205045624,21.443907675791735,21.24932903918411,9.25925925925926,5.837359098228664,6.052066559312936,6.568706387546968,5.213365539452496,0.8521202361782072
261,23.59098228663446,21.443907675791735,21.20907139023081,9.25925925925926,5.837359098228664,6.052066559312936,6.541867954911433,5.213365539452496,0.8521202361782072
262,23.93317230273752,21.443907675791735,21.18894256575416,8.984165324745035,5.837359098228664,5.9514224369296835,6.541867954911433,5.320719269994632,0.798443370907139
263,24.00697799248524,21.410359634997317,21.175523349436393,8.984165324745035,5.8239398819108965,5.9514224369296835,6.528448738593666,5.320719269994632,0.798443370907139
264,24.094202898550726,21.40365002683843,21.141975308641975,8.984165324745035,5.8239398819108965,5.9447128287707995,6.488191089640365,5.320719269994632,0.798443370907139
265,24.168008588298445,21.3768115942029,21.121846484165324,8.984165324745035,5.8239398819108965,5.917874396135265,6.488191089640365,5.320719269994632,0.798443370907139
266,24.14787976382179,21.3768115942029,20.86688137412775,8.984165324745035,5.8239398819108965,5.917874396135265,6.763285024154589,5.320719269994632,0.798443370907139
267,24.590713902308106,21.35668276972625,20.638754696725712,8.984165324745035,5.8239398819108965,5.917874396135265,6.635802469135802,5.253623188405797,0.798443370907139
268,24.63768115942029,21.349973161567366,20.638754696725712,8.984165324745035,5.797101449275362,5.917874396135265,6.635802469135802,5.24020397208803,0.798443370907139
269,24.67793880837359,21.32313472893183,20.638754696725712,8.984165324745035,5.797101449275362,5.917874396135265,6.635802469135802,5.226784755770263,0.798443370907139
270,24.86580783682233,21.32313472893183,20.598497047772412,8.970746108427267,5.776972624798712,5.917874396135265,6.582125603864735,5.166398282340311,0.798443370907139
