,45,50,55,51,52,53,54,56
0,97.91331186258722,2.086688137412775,,,,,,
1,97.55099302200752,2.4490069779924855,,,,,,
2,97.55099302200752,2.4490069779924855,,,,,,
3,77.18733225979602,22.81266774020397,,,,,,
4,77.2007514761138,22.134997316156735,0.6642512077294686,,,,,
5,73.74530327428879,24.08749329039184,0.6642512077294686,0.17444981213097155,1.328502415458937,,,
6,72.89318303811058,23.027375201288244,0.6642512077294686,0.17444981213097155,3.240740740740741,,,
7,72.11486849168008,23.805689747718734,0.6642512077294686,0.17444981213097155,3.240740740740741,,,
8,70.73939881910897,25.181159420289855,0.6642512077294686,0.17444981213097155,3.240740740740741,,,
9,68.65271068169619,26.637144390767578,1.2949543746645196,0.17444981213097155,3.240740740740741,,,
10,68.65271068169619,26.637144390767578,1.2949543746645196,0.17444981213097155,3.240740740740741,,,
11,68.50509930220075,26.81159420289855,1.2681159420289856,0.17444981213097155,3.240740740740741,,,
12,68.50509930220075,26.73107890499195,1.2681159420289856,0.17444981213097155,3.227321524422974,0.0939345142243693,,
13,68.22329575952764,27.073268921095007,1.2412775093934514,0.17444981213097155,3.193773483628556,0.0939345142243693,,
14,68.29710144927536,26.99946323134729,1.2412775093934514,0.17444981213097155,3.193773483628556,0.0939345142243693,,
15,68.3239398819109,26.67740203972088,1.5365002683843263,0.17444981213097155,3.193773483628556,0.0939345142243693,,
16,66.30434782608695,28.368223295759528,1.5365002683843263,0.5032206119162641,3.193773483628556,0.0939345142243693,,
17,66.34460547504025,28.327965646806227,1.5365002683843263,0.5032206119162641,3.193773483628556,0.0939345142243693,,
18,66.40499194847021,28.28099838969404,1.5365002683843263,0.5032206119162641,3.180354267310789,0.0939345142243693,,
19,64.75442834138487,28.046162104133117,3.421900161030596,0.5032206119162641,3.180354267310789,0.0939345142243693,,
20,61.11782071926999,31.682769726247987,3.421900161030596,0.5032206119162641,3.180354267310789,0.0939345142243693,,
21,61.08427267847558,31.273483628556093,3.864734299516908,0.5032206119162641,3.180354267310789,0.0939345142243693,,
22,61.12453032742888,31.246645195920557,3.864734299516908,0.5032206119162641,3.166935050993022,0.0939345142243693,,
23,61.18491680085883,31.226516371443907,3.851315083199141,0.47638217928073,3.166935050993022,0.0939345142243693,,
24,49.302200751476114,43.10923242082662,3.851315083199141,0.47638217928073,3.166935050993022,0.0939345142243693,,
25,49.40955448201825,43.01529790660226,3.851315083199141,0.47638217928073,3.1535158346752548,0.0939345142243693,,
26,48.8996242619431,43.565485775630705,3.851315083199141,0.43612453032742887,3.1535158346752548,0.0939345142243693,,
27,48.36285560923242,42.80730005367686,4.804079441760601,0.7783145464304885,3.1535158346752548,0.0939345142243693,,
28,48.38298443370907,42.78717122920021,4.804079441760601,0.7783145464304885,3.1535158346752548,0.0939345142243693,,
29,45.55823939881911,43.33735909822866,4.9718196457326895,2.885131508319914,3.1535158346752548,0.0939345142243693,,
30,45.12211486849168,41.53918411164788,4.904723564143854,1.9659151905528718,4.824208266237251,1.6438539989264627,,
31,45.12211486849168,41.53918411164788,4.904723564143854,1.9659151905528718,4.824208266237251,1.6438539989264627,,
32,44.477992485238865,40.465646806226516,4.904723564143854,3.683574879227053,4.824208266237251,1.6438539989264627,,
33,42.659688674181425,38.539989264626946,3.9452495974235107,3.683574879227053,8.910359634997317,2.2611379495437465,,
34,42.41814278046162,35.07112184648417,2.945517981749866,3.683574879227053,12.130971551261407,3.750670960815888,,
35,42.40472356414385,34.88325281803543,2.945517981749866,4.260601180891036,11.75523349436393,3.750670960815888,,
36,40.50590445517982,36.802200751476114,2.9388083735909825,4.253891572732153,11.75523349436393,3.743961352657005,,
37,40.11674718196457,36.272141706924316,2.9253891572732154,4.240472356414386,13.466183574879228,2.9790660225442833,,
38,40.19726247987118,36.231884057971016,2.9253891572732154,4.240472356414386,13.425925925925926,2.9790660225442833,,
39,38.191089640365,36.560654857756305,3.079710144927536,4.938271604938271,14.251207729468598,2.9790660225442833,,
40,36.500268384326354,37.64761137949544,3.2742887815351582,4.938271604938271,14.667203435319378,2.9723564143853998,,
41,36.580783682232955,36.94981213097155,2.9388083735909825,4.938271604938271,15.619967793880837,2.9723564143853998,,
42,34.47396672034353,39.07675791733763,2.9388083735909825,4.938271604938271,15.599838969404187,2.9723564143853998,,
43,33.99087493290392,39.50617283950617,2.9388083735909825,4.85775630703167,15.573000536768653,2.2879763821792807,0.8454106280193237,
44,33.380300590445515,39.660493827160494,2.9388083735909825,5.3274288781535155,15.559581320450885,2.2879763821792807,0.8454106280193237,
45,33.46081588835212,39.351851851851855,3.1736446591519054,5.3274288781535155,15.559581320450885,2.2879763821792807,0.8387010198604401,
46,30.17981749865808,41.646537842190014,3.1736446591519054,5.300590445517981,16.5727321524423,2.2879763821792807,0.8387010198604401,
47,30.24020397208803,41.015834675254965,3.1602254428341383,5.884326355340848,16.5727321524423,2.2879763821792807,0.8387010198604401,
48,30.19994632313473,40.33145464304884,2.341653247450349,5.884326355340848,16.55931293612453,3.844605475040258,0.8387010198604401,
49,30.173107890499196,40.29119699409554,2.341653247450349,5.884326355340848,16.626409017713364,3.844605475040258,0.8387010198604401,
50,30.24020397208803,40.13687600644123,2.187332259796028,5.884326355340848,16.867954911433173,3.844605475040258,0.8387010198604401,
51,30.3743961352657,39.67391304347826,2.187332259796028,5.803811057434245,16.78743961352657,4.334406870638754,0.8387010198604401,
52,30.50858829844337,39.55984970477724,2.187332259796028,5.803811057434245,16.76731078904992,4.334406870638754,0.8387010198604401,
53,30.92458400429415,38.788244766505635,2.187332259796028,6.3137412775093935,16.626409017713364,4.327697262479871,0.8319914117015567,
54,28.898282340311326,40.84809447128288,2.3483628556092326,6.3137412775093935,16.431830381105744,4.327697262479871,0.8319914117015567,
55,27.576489533011273,40.405260332796566,2.3483628556092326,8.695652173913043,15.881642512077295,4.274020397208803,0.8185721953837896,
56,27.63016639828234,40.371712292002144,2.3483628556092326,8.682232957595277,15.874932903918411,4.274020397208803,0.8185721953837896,
57,27.70397208803006,40.33145464304884,2.3483628556092326,8.682232957595277,15.854804079441761,4.260601180891036,0.8185721953837896,
58,27.85829307568438,40.21739130434783,2.3483628556092326,8.655394524959743,15.841384863123993,4.260601180891036,0.8185721953837896,
59,27.9723564143854,40.123456790123456,2.3483628556092326,8.648684916800859,15.841384863123993,4.247181964573269,0.8185721953837896,
60,28.12667740203972,40.04965110037574,2.3483628556092326,8.621846484165324,15.787707997852925,4.247181964573269,0.8185721953837896,
61,27.87842190016103,39.67391304347826,2.3752012882447664,8.57487922705314,16.82769726247987,3.851315083199141,0.8185721953837896,
62,27.945517981749866,39.351851851851855,2.3752012882447664,8.997584541062801,16.659957058507782,3.851315083199141,0.8185721953837896,
63,28.12667740203972,39.210950080515296,2.3752012882447664,8.997584541062801,16.61969940955448,3.851315083199141,0.8185721953837896,
64,28.005904455179817,37.895866881374126,2.3752012882447664,8.99087493290392,18.06226516371444,3.851315083199141,0.8185721953837896,
65,28.073000536768653,36.58749329039184,2.2342995169082127,8.930488459473967,20.202630166398283,3.7775093934514223,0.19457863660762212,
66,27.294685990338163,37.936124530327426,2.2342995169082127,8.903650026838433,19.665861513687602,3.770799785292539,0.19457863660762212,
67,27.482555018786904,37.68115942028985,2.4490069779924855,8.883521202361782,19.578636607622116,3.730542136339238,0.19457863660762212,
68,27.100107353730543,35.72195383789587,2.4355877616747184,11.2788513150832,19.538378958668815,3.730542136339238,0.19457863660762212,
69,27.241009125067094,35.67498658078368,2.4355877616747184,11.225174449812132,19.49812130971551,3.730542136339238,0.19457863660762212,
70,27.334943639291467,35.607890499194845,2.4355877616747184,11.218464841653248,19.47799248523886,3.730542136339238,0.19457863660762212,
71,27.750939345142243,35.547504025764894,2.4355877616747184,10.889694041867955,19.45115405260333,3.730542136339238,0.19457863660762212,
72,27.616747181964573,34.514224369296834,2.4355877616747184,12.338969404186795,19.605475040257648,3.321256038647343,0.16774020397208803,
73,27.569779924852387,33.78958668813741,2.368491680085883,12.338969404186795,18.203166935050994,3.321256038647343,2.408749329039184,
74,27.22758990874933,33.69565217391305,2.368491680085883,15.445517981749866,15.546162104133119,3.321256038647343,2.395330112721417,
75,27.710681696188942,33.467525496511,2.368491680085883,15.445517981749866,15.291196994095545,3.321256038647343,2.395330112721417,
76,27.489264626945786,32.17928073000537,2.26784755770263,15.438808373590982,14.694041867954912,5.535426731078905,2.395330112721417,
77,27.596618357487923,32.14573268921095,2.26784755770263,15.398550724637682,14.660493827160494,5.535426731078905,2.395330112721417,
78,27.750939345142243,32.118894256575416,2.26784755770263,15.35829307568438,14.600107353730541,5.508588298443371,2.395330112721417,
79,27.925389157273216,32.05179817498658,2.26784755770263,15.331454643048845,14.533011272141707,5.508588298443371,2.38191089640365,
80,27.9723564143854,31.226516371443907,2.26784755770263,15.297906602254429,14.533011272141707,5.495169082125604,3.207192699946323,
81,26.496242619431026,32.80327428878154,2.26784755770263,15.28448738593666,14.452495974235104,5.488459473966721,3.207192699946323,
82,26.764626945786365,32.80327428878154,2.24771873322598,15.271068169618895,14.217659688674182,5.488459473966721,3.207192699946323,
83,26.858561460010737,32.74288781535159,2.24771873322598,15.271068169618895,14.184111647879764,5.488459473966721,3.207192699946323,
84,26.84514224369297,31.964573268921097,2.24771873322598,15.22410091250671,13.56682769726248,6.239935587761675,3.911701556629093,
85,27.113526570048307,31.91760601180891,2.24771873322598,15.136876006441224,13.459473966720344,6.213097155126141,3.911701556629093,
86,27.066559312936125,30.06575415995706,2.24771873322598,16.740472356414386,12.815351583467525,7.179280730005368,3.8848631239935587,
87,27.180622651637144,29.97181964573269,2.227589908749329,16.740472356414386,12.815351583467525,7.179280730005368,3.8848631239935587,
88,27.334943639291467,29.663177670424048,2.227589908749329,16.29092860976919,12.466451959205582,8.132045088566828,3.8848631239935587,
89,27.334943639291467,29.663177670424048,2.227589908749329,16.29092860976919,12.466451959205582,8.132045088566828,3.8848631239935587,
90,26.96591519055287,28.958668813741276,2.227589908749329,17.37788513150832,12.466451959205582,8.11862587224906,3.8848631239935587,
91,27.066559312936125,28.864734299516908,2.227589908749329,17.37788513150832,12.4597423510467,8.11862587224906,3.8848631239935587,
92,27.073268921095007,28.864734299516908,2.227589908749329,17.371175523349436,12.4597423510467,8.11862587224906,3.8848631239935587,
93,26.898819108964037,28.797638217928075,2.227589908749329,15.754159957058508,14.318303811057435,8.11862587224906,3.8848631239935587,
94,26.65727321524423,28.455448201825014,2.227589908749329,15.841384863123993,14.318303811057435,8.61513687600644,3.8848631239935587,
95,26.724369296833064,28.381642512077295,2.227589908749329,15.754159957058508,14.439076757917338,8.61513687600644,3.8580246913580245,
96,26.31508319914117,27.65029522275899,2.187332259796028,15.096618357487923,15.96886741814278,8.61513687600644,4.166666666666667,
97,26.08695652173913,26.69753086419753,2.059849704777241,15.378421900161031,16.23725174449812,7.648953301127214,5.891035963499732,
98,26.25469672571122,26.623725174449813,2.033011272141707,15.35829307568438,16.190284487385938,7.648953301127214,5.891035963499732,
99,26.301663982823403,26.56333870101986,1.90552871712292,15.35829307568438,16.15673644659152,7.843531937734836,5.870907139023081,
100,26.442565754159958,26.455984970477726,1.90552871712292,15.33816425120773,16.15673644659152,7.843531937734836,5.857487922705314,
101,26.174181427804616,26.160762211486848,1.90552871712292,15.942028985507246,16.15673644659152,7.830112721417069,5.83064949006978,
102,26.442565754159958,26.06682769726248,1.90552871712292,15.901771336553946,16.056092324208265,7.816693505099302,5.810520665593129,
103,26.603596349973163,26.019860440150296,1.90552871712292,15.868223295759528,15.351583467525497,7.816693505099302,5.810520665593129,0.6239935587761675
104,26.617015566290927,26.019860440150296,1.90552871712292,15.854804079441761,15.351583467525497,7.816693505099302,5.810520665593129,0.6239935587761675
105,26.710950080515296,26.006441223832528,1.90552871712292,15.801127214170693,15.351583467525497,7.7898550724637685,5.810520665593129,0.6239935587761675
106,26.89210950080515,25.91921631776704,2.0263016639828235,15.801127214170693,15.237520128824476,7.689210950080516,5.810520665593129,0.6239935587761675
107,26.92565754159957,25.91250670960816,2.0263016639828235,15.787707997852925,15.22410091250671,7.689210950080516,5.810520665593129,0.6239935587761675
108,26.241277509393452,26.85185185185185,2.0263016639828235,15.546162104133119,15.210681696188942,7.689210950080516,5.810520665593129,0.6239935587761675
109,26.073537305421365,25.63070316693505,1.8384326355340848,15.546162104133119,14.955716586151368,7.367149758454106,7.96430488459474,0.6239935587761675
110,25.51663982823403,26.8719806763285,1.8384326355340848,13.875469672571121,16.170155662909288,7.179280730005368,7.930756843800322,0.6172839506172839
111,25.657541599570585,26.8719806763285,1.7713365539452497,13.841921631776705,16.14331723027375,7.1658615136876005,7.930756843800322,0.6172839506172839
112,25.509930220075148,26.08695652173913,1.751207729468599,13.83521202361782,15.96886741814278,9.172034353193773,7.4208266237251745,0.2549651100375738
113,25.214707461084274,25.644122383252817,1.6975308641975309,14.647074610842727,15.96886741814278,9.151905528717123,7.4208266237251745,0.2549651100375738
114,25.254965110037574,25.248255501878692,2.1135265700483092,14.61352657004831,15.955448201825014,9.151905528717123,7.407407407407407,0.2549651100375738
115,25.39586688137413,25.174449812130973,2.1135265700483092,14.61352657004831,15.921900161030596,9.151905528717123,7.37385936661299,0.2549651100375738
116,25.483091787439612,24.704777241009126,2.1135265700483092,14.61352657004831,15.895061728395062,9.561191626409018,7.37385936661299,0.2549651100375738
117,25.623993558776167,24.630971551261407,2.1135265700483092,14.573268921095009,15.868223295759528,9.561191626409018,7.37385936661299,0.2549651100375738
118,25.831991411701555,24.342458400429415,2.1135265700483092,14.55984970477724,15.4723564143854,9.822866344605474,7.601986044015029,0.2549651100375738
119,25.89908749329039,24.288781535158346,2.1135265700483092,14.512882447665056,15.432098765432098,9.896672034353195,7.601986044015029,0.2549651100375738
120,25.791733762748255,24.154589371980677,2.1135265700483092,14.224369296833064,15.378421900161031,10.064412238325282,8.017981749865807,0.2549651100375738
121,26.02657004830918,24.060654857756308,2.1135265700483092,14.197530864197532,15.344873859366613,10.064412238325282,7.937466451959206,0.2549651100375738
122,26.053408480944714,24.020397208803004,2.01959205582394,14.170692431561998,15.257648953301127,10.285829307568438,7.937466451959206,0.2549651100375738
123,26.053408480944714,24.020397208803004,2.01959205582394,14.170692431561998,15.257648953301127,10.285829307568438,7.937466451959206,0.2549651100375738
124,26.073537305421365,23.74530327428878,2.01959205582394,14.439076757917338,14.868491680085883,10.077831454643048,8.521202361782072,0.2549651100375738
125,24.268652710681696,20.853462157809982,2.006172839506173,21.021202361782073,13.727858293075684,9.574610842726784,8.293075684380032,0.2549651100375738
126,24.402844873859365,20.685721953837895,1.9592055823939882,20.652173913043477,13.573537305421363,10.205314009661835,8.266237251744498,0.2549651100375738
127,24.416264090177133,20.665593129361245,1.9592055823939882,20.645464304884594,13.801663982823403,10.050993022007514,8.205850778314547,0.2549651100375738
128,24.54374664519592,20.618625872249062,1.9592055823939882,20.571658615136876,13.79495437466452,10.050993022007514,8.205850778314547,0.2549651100375738
129,24.671229200214707,20.585077831454644,1.9592055823939882,20.538110574342458,13.734567901234568,10.050993022007514,8.205850778314547,0.2549651100375738
130,24.745034889962426,20.551529790660226,1.9592055823939882,20.497852925389157,13.734567901234568,10.050993022007514,8.205850778314547,0.2549651100375738
131,25.107353730542137,20.276435856146,1.9592055823939882,20.42404723564144,13.734567901234568,10.050993022007514,8.192431561996779,0.2549651100375738
132,25.161030595813205,20.249597423510465,1.9592055823939882,20.42404723564144,13.734567901234568,10.037573805689748,8.179012345679013,0.2549651100375738
133,24.630971551261407,22.0276435856146,1.9592055823939882,20.33011272141707,12.614063338701019,10.037573805689748,8.145464304884594,0.2549651100375738
134,24.832259796027913,21.618357487922705,1.9592055823939882,20.276435856146,13.419216317767042,9.567901234567902,8.071658615136876,0.2549651100375738
135,23.658078368223297,21.390230810520666,1.9592055823939882,21.93370907139023,13.16425120772947,9.567901234567902,8.071658615136876,0.2549651100375738
136,23.852657004830917,21.370101986044016,1.9592055823939882,21.833064949006978,13.117283950617283,9.541062801932368,8.071658615136876,0.2549651100375738
137,24.08078368223296,21.36339237788513,1.9592055823939882,21.772678475577028,12.989801395598498,9.5276435856146,8.051529790660226,0.2549651100375738
138,24.134460547504027,21.336553945249598,1.9592055823939882,21.772678475577028,12.989801395598498,9.500805152979066,8.051529790660226,0.2549651100375738
139,24.228395061728396,21.30300590445518,1.9592055823939882,21.71900161030596,12.983091787439614,9.500805152979066,8.051529790660226,0.2549651100375738
140,23.91304347826087,21.175523349436393,1.9592055823939882,21.571390230810522,14.070048309178745,9.03113258185722,8.024691358024691,0.2549651100375738
141,24.12104133118626,21.054750402576488,1.892109500805153,21.464036500268385,14.989264626945786,8.380300590445518,7.843531937734836,0.2549651100375738
142,24.134460547504027,20.987654320987655,1.892109500805153,21.38352120236178,14.955716586151368,8.829844337090714,7.561728395061729,0.2549651100375738
143,22.15512614063339,20.813204508856682,1.892109500805153,24.986580783682232,14.875201288244767,7.461084272678476,7.561728395061729,0.2549651100375738
144,22.423510466988727,20.7662372517445,1.8853998926462694,24.9597423510467,14.834943639291465,7.313472893183038,7.561728395061729,0.2549651100375738
145,22.50402576489533,20.74610842726785,1.8719806763285025,24.93961352657005,14.814814814814815,7.306763285024155,7.561728395061729,0.2549651100375738
146,22.530864197530864,20.74610842726785,1.8719806763285025,24.308910359634996,15.445517981749866,7.27992485238862,7.561728395061729,0.2549651100375738
147,22.73215244229737,20.73268921095008,1.8719806763285025,24.214975845410628,15.425389157273216,7.273215244229737,7.494632313472893,0.2549651100375738
148,22.82608695652174,20.69243156199678,1.8719806763285025,24.194847020933977,15.425389157273216,7.273215244229737,7.461084272678476,0.2549651100375738
149,22.17525496511004,20.182501341921633,1.8719806763285025,24.818840579710145,15.573000536768653,7.246376811594203,7.877079978529254,0.2549651100375738
150,19.6256038647343,34.37332259796028,0.6105743424584005,21.22920021470746,11.460010735373054,5.562265163714439,6.884057971014493,0.2549651100375738
151,19.753086419753085,33.964036500268385,0.6105743424584005,21.07487922705314,12.00348899624262,5.4549114331723025,6.884057971014493,0.2549651100375738
152,19.83360171765969,33.883521202361784,0.6105743424584005,21.07487922705314,12.00348899624262,5.4549114331723025,6.884057971014493,0.2549651100375738
153,20.101986044015028,33.762748255501876,0.6038647342995169,21.07487922705314,11.963231347289318,5.367686527106817,6.884057971014493,0.24154589371980675
154,20.128824476650564,33.756038647343,0.6038647342995169,21.054750402576488,11.963231347289318,5.367686527106817,6.884057971014493,0.24154589371980675
155,20.477724100912507,33.682232957595275,0.5904455179817498,20.96081588835212,12.204777241009126,4.958400429414922,6.884057971014493,0.24154589371980675
156,20.497852925389157,33.621846484165324,0.5904455179817498,20.933977455716587,12.27187332259796,4.958400429414922,6.884057971014493,0.24154589371980675
157,20.544820182501343,33.61513687600644,0.5904455179817498,20.90713902308105,12.258454106280194,4.958400429414922,6.884057971014493,0.24154589371980675
158,20.69243156199678,33.3064949006978,0.785024154589372,20.873590982286636,12.258454106280194,4.958400429414922,6.884057971014493,0.24154589371980675
159,20.799785292538918,33.25952764358561,0.785024154589372,20.82662372517445,12.258454106280194,4.958400429414922,6.870638754696726,0.24154589371980675
160,21.00107353730542,33.23268921095008,0.785024154589372,20.182501341921633,12.238325281803542,4.958400429414922,7.360440150295223,0.24154589371980675
161,20.974235104669887,32.776435856146,0.785024154589372,20.665593129361245,12.238325281803542,4.958400429414922,7.360440150295223,0.24154589371980675
162,21.068169618894256,32.72275899087493,0.785024154589372,20.625335480407944,12.238325281803542,4.958400429414922,7.360440150295223,0.24154589371980675
163,21.088298443370906,32.72275899087493,0.785024154589372,20.605206655931294,12.238325281803542,4.958400429414922,7.360440150295223,0.24154589371980675
164,21.24261943102523,32.709339774557165,0.785024154589372,20.571658615136876,12.211486849168008,4.87788513150832,7.360440150295223,0.24154589371980675
165,21.39694041867955,32.64224369296833,0.785024154589372,20.571658615136876,12.171229200214707,4.864465915190553,7.326892109500805,0.24154589371980675
166,21.504294149221685,32.64224369296833,0.785024154589372,20.531400966183575,12.117552334943639,4.864465915190553,7.313472893183038,0.24154589371980675
167,11.654589371980677,54.549114331723025,0.9259259259259259,14.606816961889425,9.749060654857756,4.622920021470746,3.6500268384326353,0.24154589371980675
168,11.594202898550725,54.26060118089104,0.9259259259259259,14.955716586151368,9.749060654857756,4.622920021470746,3.6500268384326353,0.24154589371980675
169,11.708266237251744,52.945517981749866,2.1739130434782608,14.955716586151368,9.749060654857756,4.582662372517445,3.643317230273752,0.24154589371980675
170,11.842458400429415,52.65029522275899,2.3349436392914655,14.955716586151368,9.749060654857756,4.582662372517445,3.643317230273752,0.24154589371980675
171,11.922973698336017,52.56977992485239,2.3349436392914655,14.955716586151368,9.749060654857756,4.582662372517445,3.643317230273752,0.24154589371980675
172,12.077294685990339,50.91250670960816,2.563070316693505,16.27079978529254,9.742351046698873,4.582662372517445,3.6097691894793345,0.24154589371980675
173,12.406065485775631,50.878958668813745,2.5496511003757383,16.056092324208265,9.688674181427805,4.582662372517445,3.5963499731615673,0.24154589371980675
174,12.432903918411165,50.66425120772947,2.757648953301127,16.056092324208265,9.668545356951155,4.582662372517445,3.5963499731615673,0.24154589371980675
175,12.493290391841116,50.6508319914117,2.757648953301127,16.029253891572733,9.668545356951155,4.575952764358561,3.5829307568438002,0.24154589371980675
176,12.714707461084272,50.58373590982286,2.757648953301127,15.921900161030596,9.668545356951155,4.549114331723027,3.5628019323671496,0.24154589371980675
177,12.654320987654321,50.24825550187869,2.757648953301127,15.767579173376275,10.258990874932904,4.508856682769726,3.5628019323671496,0.24154589371980675
178,12.822061191626409,50.17444981213097,2.7308105206655933,15.734031132581856,10.225442834138486,4.508856682769726,3.5628019323671496,0.24154589371980675
179,12.848899624261943,49.785292538915726,2.395330112721417,15.351583467525497,10.19189479334407,4.502147074610843,4.683306494900698,0.24154589371980675
180,13.009930220075148,49.624261943102525,2.395330112721417,15.26435856146001,10.279119699409554,4.502147074610843,4.683306494900698,0.24154589371980675
181,13.103864734299517,49.604133118625874,2.395330112721417,15.237520128824476,10.017444981213098,4.7168545356951155,4.683306494900698,0.24154589371980675
182,12.842190016103059,49.362587224906065,2.395330112721417,15.230810520665592,11.084272678475577,4.4753086419753085,4.367954911433173,0.24154589371980675
183,13.050187869028449,46.94041867954911,4.730273752012883,15.230810520665592,11.084272678475577,4.4753086419753085,4.247181964573269,0.24154589371980675
184,13.063607085346217,46.92699946323135,4.730273752012883,15.230810520665592,11.084272678475577,4.4753086419753085,4.247181964573269,0.24154589371980675
185,13.24476650563607,46.81964573268921,4.7101449275362315,15.190552871712292,11.084272678475577,4.461889425657541,4.247181964573269,0.24154589371980675
186,13.378958668813741,46.63848631239936,5.414653784219001,14.573268921095009,11.084272678475577,4.435050993022007,4.233762748255502,0.24154589371980675
187,13.539989264626946,46.484165324745035,5.414653784219001,14.566559312936125,11.084272678475577,4.435050993022007,4.233762748255502,0.24154589371980675
188,13.600375738056897,46.47074610842727,5.414653784219001,14.526301663982823,11.084272678475577,4.435050993022007,4.2270531400966185,0.24154589371980675
189,13.761406333870102,46.22920021470746,5.414653784219001,13.687600644122384,12.04374664519592,4.394793344068707,4.2270531400966185,0.24154589371980675
190,13.79495437466452,46.19565217391305,5.414653784219001,13.687600644122384,12.04374664519592,4.394793344068707,4.2270531400966185,0.24154589371980675
191,13.801663982823403,46.19565217391305,5.414653784219001,13.6808910359635,12.04374664519592,4.394793344068707,4.2270531400966185,0.24154589371980675
192,14.345142243692969,46.10842726784756,5.280461621041331,13.439345142243694,11.976650563607086,4.394793344068707,4.213633923778851,0.24154589371980675
193,14.40552871712292,46.04804079441761,5.280461621041331,13.439345142243694,11.976650563607086,4.394793344068707,4.213633923778851,0.24154589371980675
194,14.700751476113794,45.813204508856685,5.267042404723564,13.231347289318304,11.963231347289318,4.394793344068707,4.388083735909823,0.24154589371980675
195,14.707461084272678,45.813204508856685,5.267042404723564,13.231347289318304,11.956521739130435,4.394793344068707,4.388083735909823,0.24154589371980675
196,14.962426194310252,45.75281803542673,5.260332796564681,13.150831991411701,11.849168008588299,4.394793344068707,4.388083735909823,0.24154589371980675
197,14.814814814814815,45.209339774557165,5.501878690284487,14.143853998926463,11.473429951690822,4.233762748255502,4.38137412775094,0.24154589371980675
198,14.922168545356952,43.646001073537306,7.0450885668276975,14.130434782608695,11.399624261943103,4.233762748255502,4.38137412775094,0.24154589371980675
199,14.99597423510467,43.63258185721954,7.024959742351046,14.090177133655395,11.399624261943103,4.233762748255502,4.38137412775094,0.24154589371980675
200,15.183843263553408,43.53193773483628,6.998121309715513,14.06333870101986,11.366076221148685,4.233762748255502,4.38137412775094,0.24154589371980675
201,15.210681696188942,43.47826086956522,6.998121309715513,14.06333870101986,11.117820719269995,4.508856682769726,4.38137412775094,0.24154589371980675
202,15.029522275899087,43.12936124530327,6.998121309715513,14.298174986580785,11.372785829307569,4.233762748255502,4.696725711218465,0.24154589371980675
203,15.183843263553408,41.297638217928075,7.273215244229737,14.17740203972088,11.3593666129898,4.233762748255502,6.233225979602791,0.24154589371980675
204,15.26435856146001,41.35131508319914,7.25979602791197,14.17740203972088,11.238593666129898,4.233762748255502,6.233225979602791,0.24154589371980675
205,15.425389157273216,40.78099838969404,7.6556629092860975,14.110305958132045,11.366076221148685,4.186795491143317,6.233225979602791,0.24154589371980675
206,15.53274288781535,40.707192699946326,7.742887815351583,13.989533011272142,11.366076221148685,4.186795491143317,6.233225979602791,0.24154589371980675
207,15.94873859366613,40.4320987654321,7.682501341921632,13.976113794954374,11.272141706924316,4.186795491143317,6.260064412238325,0.24154589371980675
208,16.11647879763822,40.344873859366615,7.682501341921632,13.895598497047773,11.272141706924316,4.186795491143317,6.260064412238325,0.24154589371980675
209,16.317767042404725,40.31132581857219,7.669082125603865,13.862050456253355,11.272141706924316,4.186795491143317,6.139291465378422,0.24154589371980675
210,16.297638217928075,39.60681696188943,8.05823939881911,15.042941492216855,10.61460010735373,3.9989264626945786,6.139291465378422,0.24154589371980675
211,16.532474503488995,39.53972088030059,8.05823939881911,14.99597423510467,10.520665593129362,3.9989264626945786,6.112453032742888,0.24154589371980675
212,16.6129898013956,39.492753623188406,8.05823939881911,14.969135802469136,10.520665593129362,3.9989264626945786,6.105743424584004,0.24154589371980675
213,16.75389157273215,39.492753623188406,8.05823939881911,14.707461084272678,10.520665593129362,4.206924315619967,6.018518518518518,0.24154589371980675
214,16.935050993022006,39.378690284487384,8.05823939881911,14.640365002683843,10.520665593129362,4.206924315619967,6.018518518518518,0.24154589371980675
215,17.223564143854,39.26462694578637,8.031400966183575,14.620236178207193,10.493827160493828,4.206924315619967,5.917874396135265,0.24154589371980675
216,17.337627482555018,39.150563607085346,7.87037037037037,14.512882447665056,10.493827160493828,4.180085882984434,6.213097155126141,0.24154589371980675
217,17.411433172302736,39.090177133655395,7.87037037037037,14.512882447665056,10.48040794417606,4.180085882984434,6.213097155126141,0.24154589371980675
218,17.411433172302736,39.06333870101986,7.87037037037037,14.459205582393988,10.795759527643586,4.092860976918948,6.0654857756307035,0.24154589371980675
219,17.444981213097154,38.97611379495437,7.85024154589372,14.600107353730541,10.735373054213634,4.086151368760064,6.0654857756307035,0.24154589371980675
220,16.7337627482555,38.519860440150296,7.769726247987117,13.727858293075684,11.131239935587761,4.052603327965647,7.823403113258186,0.24154589371980675
221,16.76731078904992,38.519860440150296,7.75630703166935,13.707729468599034,11.131239935587761,4.052603327965647,7.823403113258186,0.24154589371980675
222,16.914922168545356,38.425925925925924,7.75630703166935,13.6808910359635,11.104401502952227,4.052603327965647,7.823403113258186,0.24154589371980675
223,16.961889425657542,38.41250670960816,7.75630703166935,13.66076221148685,11.09098228663446,4.052603327965647,7.823403113258186,0.24154589371980675
224,16.988727858293075,37.956253354804076,7.2933440687063875,13.419216317767042,11.56736446591519,4.851046698872786,7.682501341921632,0.24154589371980675
225,17.411433172302736,37.104133118625874,7.722758990874933,13.419216317767042,11.56736446591519,4.851046698872786,7.682501341921632,0.24154589371980675
226,17.45169082125604,37.104133118625874,7.722758990874933,13.41250670960816,11.533816425120772,4.851046698872786,7.682501341921632,0.24154589371980675
227,17.52549651100376,37.084004294149224,7.722758990874933,13.405797101449275,11.486849168008588,4.851046698872786,7.682501341921632,0.24154589371980675
228,17.579173376274827,37.084004294149224,7.722758990874933,13.385668276972625,11.453301127214171,4.851046698872786,7.682501341921632,0.24154589371980675
229,17.74020397208803,36.97665056360709,7.722758990874933,13.385668276972625,11.446591519055287,4.824208266237251,7.6623725174449815,0.24154589371980675
230,17.787171229200215,36.97665056360709,7.722758990874933,13.385668276972625,11.439881910896403,4.824208266237251,7.62211486849168,0.24154589371980675
231,17.860976918947934,36.97665056360709,7.709339774557166,13.385668276972625,11.419753086419753,4.783950617283951,7.62211486849168,0.24154589371980675
232,17.793880837359097,36.7686527106817,7.689210950080516,13.278314546430488,12.392646269457863,4.663177670424047,7.1725711218464845,0.24154589371980675
233,17.941492216854535,36.72168545356951,7.682501341921632,13.211218464841654,12.372517444981213,4.663177670424047,7.1658615136876005,0.24154589371980675
234,18.04884594739667,36.68813741277509,7.64224369296833,13.211218464841654,12.338969404186795,4.663177670424047,7.1658615136876005,0.24154589371980675
235,18.169618894256576,36.66800858829844,7.628824476650563,13.18438003220612,12.050456253354804,4.602791196994096,7.454374664519592,0.24154589371980675
236,18.21658615136876,36.64787976382179,7.601986044015029,13.18438003220612,12.050456253354804,4.602791196994096,7.454374664519592,0.24154589371980675
237,18.290391841116477,36.621041331186255,7.601986044015029,13.16425120772947,12.02361782071927,4.602791196994096,7.454374664519592,0.24154589371980675
238,18.263553408480945,36.600912506709605,7.601986044015029,13.050187869028449,12.164519592055823,4.602791196994096,7.474503488996243,0.24154589371980675
239,18.33064949006978,36.600912506709605,7.561728395061729,12.929414922168545,12.030327428878154,4.830917874396135,7.474503488996243,0.24154589371980675
240,18.471551261406333,36.574074074074076,7.548309178743962,12.86231884057971,11.996779388083736,4.830917874396135,7.474503488996243,0.24154589371980675
241,18.511808910359633,36.35265700483092,7.548309178743962,12.808641975308642,11.990069779924852,5.072463768115942,7.474503488996243,0.24154589371980675
242,18.679549114331724,36.252012882447666,7.541599570585078,12.76838432635534,11.98336017176597,5.072463768115942,7.461084272678476,0.24154589371980675
243,18.773483628556093,35.83601717659689,7.286634460547504,12.754965110037574,11.929683306494901,5.072463768115942,8.105206655931294,0.24154589371980675
244,18.887546967257112,35.238862050456255,7.809983896940419,12.734836285560924,11.916264090177133,5.072463768115942,8.09849704777241,0.24154589371980675
245,18.733225979602793,34.84970477724101,8.32662372517445,12.734836285560924,11.969940955448202,5.072463768115942,8.071658615136876,0.24154589371980675
246,18.813741277509394,34.72893183038111,8.32662372517445,12.734836285560924,11.943102522812667,6.105743424584004,7.105475040257649,0.24154589371980675
247,18.907675791733762,34.68196457326892,8.299785292538916,12.734836285560924,11.943102522812667,6.099033816425121,7.092055823939882,0.24154589371980675
248,18.95464304884595,34.66183574879227,8.299785292538916,12.734836285560924,11.943102522812667,6.072195383789587,7.092055823939882,0.24154589371980675
249,19.048577563070317,34.628287707997856,8.299785292538916,12.734836285560924,11.916264090177133,6.072195383789587,7.058507783145465,0.24154589371980675
250,19.122383252818036,34.44041867954911,8.480944712828771,12.734836285560924,11.916264090177133,6.038647342995169,7.024959742351046,0.24154589371980675
251,18.874127750939344,33.319914117015564,9.936929683306495,12.721417069243156,11.916264090177133,6.038647342995169,6.951154052603328,0.24154589371980675
252,18.95464304884595,33.3064949006978,9.936929683306495,12.694578636607622,11.896135265700483,6.038647342995169,6.9310252281266775,0.24154589371980675
253,19.14922168545357,33.272946859903385,9.936929683306495,12.694578636607622,11.75523349436393,6.038647342995169,6.910896403650026,0.24154589371980675
254,19.35721953837896,33.24610842726785,9.916800858829845,12.587224906065487,11.104401502952227,6.649221685453569,6.89747718733226,0.24154589371980675
255,19.732957595276435,32.326892109500804,10.715244229736983,12.506709608158884,11.104401502952227,6.515029522275899,6.857219538378959,0.24154589371980675
256,19.867149758454108,31.5150295222759,11.56736446591519,12.439613526570048,11.09098228663446,6.454643048845948,6.823671497584541,0.24154589371980675
257,20.21604938271605,31.186258722490606,11.56736446591519,12.198067632850242,11.057434245840042,6.729736983360172,6.8035426731078905,0.24154589371980675
258,20.303274288781534,31.17283950617284,11.560654857756306,12.198067632850242,11.057434245840042,6.6760601180891035,6.790123456790123,0.24154589371980675
259,20.497852925389157,31.0252281266774,11.540526033279656,12.198067632850242,11.057434245840042,6.6760601180891035,6.763285024154589,0.24154589371980675
260,20.41062801932367,30.750134192163177,11.506977992485238,12.191358024691358,11.513687600644122,6.622383252818035,6.763285024154589,0.24154589371980675
261,20.585077831454644,30.730005367686527,11.506977992485238,12.164519592055823,11.419753086419753,6.615673644659152,6.736446591519055,0.24154589371980675
262,20.78636607622115,30.54213633923779,11.580783682232958,12.13768115942029,11.386205045625335,6.595544820182502,6.729736983360172,0.24154589371980675
263,21.00107353730542,30.475040257648953,11.43317230273752,12.13768115942029,11.386205045625335,6.595544820182502,6.729736983360172,0.24154589371980675
264,21.041331186258724,30.475040257648953,11.43317230273752,12.117552334943639,11.386205045625335,6.595544820182502,6.709608158883521,0.24154589371980675
265,21.77938808373591,30.327428878153516,11.43317230273752,12.117552334943639,11.017176596886742,6.400966183574879,6.709608158883521,0.2147074610842727
266,21.83977455716586,30.320719269994633,11.258722490606548,12.077294685990339,10.997047772410092,6.394256575415996,6.89747718733226,0.2147074610842727
267,21.886741814278047,30.320719269994633,11.258722490606548,12.077294685990339,10.976918947933441,6.367418142780462,6.89747718733226,0.2147074610842727
268,22.014224369296834,30.246913580246915,11.258722490606548,12.04374664519592,10.970209339774557,6.353998926462695,6.89747718733226,0.2147074610842727
269,22.04777241009125,30.22007514761138,11.258722490606548,12.04374664519592,10.963499731615673,6.353998926462695,6.89747718733226,0.2147074610842727
270,22.061191626409016,30.193236714975846,11.352657004830919,11.969940955448202,10.963499731615673,6.347289318303811,6.89747718733226,0.2147074610842727
271,22.24235104669887,30.16639828234031,10.815888352120236,11.956521739130435,10.95679012345679,6.763285024154589,6.884057971014493,0.2147074610842727
272,22.477187332259795,30.139559849704778,10.695115405260333,11.922973698336017,10.95679012345679,6.709608158883521,6.884057971014493,0.2147074610842727
273,22.571121846484164,30.10601180891036,10.695115405260333,11.862587224906065,10.95679012345679,6.709608158883521,6.884057971014493,0.2147074610842727
274,22.5979602791197,30.10601180891036,10.695115405260333,11.83574879227053,10.95679012345679,6.709608158883521,6.884057971014493,0.2147074610842727
275,22.745571658615138,30.06575415995706,10.648148148148149,11.808910359634996,10.923242082662373,6.709608158883521,6.884057971014493,0.2147074610842727
276,23.315888352120236,30.04562533548041,10.540794417606012,11.741814278046162,10.59447128287708,6.709608158883521,6.837090713902308,0.2147074610842727
277,23.34272678475577,30.03220611916264,10.540794417606012,11.741814278046162,10.581052066559312,6.709608158883521,6.837090713902308,0.2147074610842727
278,23.58427267847558,29.978529253891573,10.393183038110575,11.741814278046162,10.547504025764896,6.702898550724638,6.837090713902308,0.2147074610842727
279,23.423242082662373,30.16639828234031,10.393183038110575,11.741814278046162,10.540794417606012,6.6827697262479875,6.837090713902308,0.2147074610842727
280,23.58427267847558,30.12614063338701,10.393183038110575,11.708266237251744,10.540794417606012,6.635802469135802,6.796833064949007,0.2147074610842727
281,23.678207192699947,29.985238862050455,10.453569511540525,11.708266237251744,10.540794417606012,6.629092860976919,6.790123456790123,0.2147074610842727
