,45,50,54,51,55,53,52,57,56
0,98.91304347826087,1.0869565217391304,,,,,,,
1,97.94685990338164,2.0531400966183573,,,,,,,
2,90.94873859366614,8.789586688137414,0.2616747181964573,,,,,,
3,90.13016639828234,9.608158883521202,0.2616747181964573,,,,,,
4,89.2109500805153,10.527375201288244,0.2616747181964573,,,,,,
5,72.09473966720344,27.643585614600106,0.2616747181964573,,,,,,
6,72.09473966720344,27.180622651637144,0.20799785292538917,0.5166398282340311,,,,,
7,71.8666129898014,27.408749329039185,0.20799785292538917,0.5166398282340311,,,,,
8,71.31642512077295,24.651100375738057,0.20799785292538917,3.824476650563607,,,,,
9,66.15673644659152,28.23403113258186,0.20799785292538917,5.059044551798175,0.3421900161030596,,,,
10,66.32447665056361,27.67042404723564,0.20799785292538917,5.059044551798175,0.3421900161030596,0.39586688137412773,,,
11,64.00295222758992,29.21363392377885,0.20799785292538917,5.649490069779925,0.3421900161030596,0.39586688137412773,0.1878690284487386,,
12,64.23778851315083,29.0727321524423,0.20799785292538917,5.562265163714439,0.3421900161030596,0.38915727321524424,0.1878690284487386,,
13,59.64170692431562,33.803005904455176,0.20799785292538917,5.669618894256575,0.12077294685990338,0.36902844873859364,0.1878690284487386,,
14,58.44068706387547,34.80273752012882,0.48980139559849706,5.589103596349974,0.12077294685990338,0.36902844873859364,0.1878690284487386,,
15,58.10520665593129,34.50751476113795,1.1674718196457328,5.548845947396672,0.12077294685990338,0.36902844873859364,0.18115942028985507,,
16,58.279656468062264,34.20558239398819,1.1674718196457328,5.683038110574342,0.12077294685990338,0.36231884057971014,0.18115942028985507,,
17,44.22302737520129,48.57756307031669,1.1674718196457328,5.367686527106817,0.12077294685990338,0.36231884057971014,0.18115942028985507,,
18,43.33064949006978,48.698336017176594,0.9997316156736447,5.3341384863123995,0.12077294685990338,1.0399892646269457,0.47638217928073,,
19,42.45169082125604,49.36929683306495,1.3419216317767042,5.226784755770263,0.12077294685990338,1.0399892646269457,0.4495437466451959,,
20,42.72007514761138,49.14787976382179,1.3150831991411702,5.226784755770263,0.12077294685990338,1.0198604401502953,0.4495437466451959,,
21,42.693236714975846,48.79898013955985,1.3150831991411702,4.911433172302737,0.12077294685990338,1.3486312399355878,0.8118625872249061,,
22,42.64626945786366,48.88620504562534,1.2748255501878691,4.911433172302737,0.12077294685990338,1.3486312399355878,0.8118625872249061,,
23,42.88781535158347,48.64465915190553,1.261406333870102,4.830917874396135,0.12077294685990338,1.442565754159957,0.8118625872249061,,
24,43.09581320450886,48.43666129898014,1.261406333870102,4.830917874396135,0.12077294685990338,1.442565754159957,0.8118625872249061,,
25,42.230273752012884,48.26221148684917,2.314814814814815,4.817498658078368,0.12077294685990338,1.442565754159957,0.8118625872249061,,
26,42.41814278046162,47.49060654857756,2.301395598497048,4.817498658078368,0.12077294685990338,2.0397208803005906,0.8118625872249061,,
27,41.47879763821793,44.55179817498658,2.301395598497048,8.353462157809984,0.5904455179817498,1.7847557702630166,0.9393451422436929,,
28,39.150563607085346,49.5504562533548,2.2745571658615136,5.548845947396672,0.5233494363929146,2.0128824476650564,0.9393451422436929,,
29,38.828502415458935,49.27536231884058,2.227589908749329,5.508588298443371,0.5233494363929146,1.8585614600107354,1.778046162104133,,
30,39.08346752549651,48.590982286634464,2.227589908749329,5.481749865807837,1.2748255501878691,1.8585614600107354,1.482823403113258,,
31,39.2512077294686,48.50375738056898,2.227589908749329,5.434782608695652,1.2412775093934514,1.8585614600107354,1.482823403113258,,
32,38.808373590982285,46.24932903918411,4.294149221685454,5.662909286097692,1.6706924315619969,1.8585614600107354,1.4559849704777241,,
33,38.828502415458935,45.50456253354804,4.294149221685454,6.239935587761675,1.8183038110574343,1.8585614600107354,1.4559849704777241,,
34,38.56682769726248,44.518250134192165,4.240472356414386,7.85024154589372,1.8183038110574343,1.7914653784219001,1.2144390767579174,,
35,38.768115942028984,44.115673644659154,4.240472356414386,7.776435856146001,2.0933977455716586,1.7914653784219001,1.2144390767579174,,
36,36.97665056360709,45.52469135802469,4.213633923778851,8.11862587224906,2.1604938271604937,1.7914653784219001,1.2144390767579174,,
37,35.44015029522276,47.18867418142781,4.186795491143317,7.514761137949543,2.6637144390767578,1.7914653784219001,1.2144390767579174,,
38,36.111111111111114,46.772678475577024,4.1532474503489,7.427536231884058,2.6033279656468062,1.751207729468599,1.1808910359634996,,
39,34.346484165324746,48.2085346215781,4.119699409554482,7.004830917874396,2.5697799248523885,2.576489533011272,1.1741814278046163,,
40,34.88325281803543,47.799248523886206,4.119699409554482,6.937734836285561,2.5563607085346214,2.576489533011272,1.1272141706924315,,
41,35.13150831991412,47.56441223832528,4.025764895330113,6.910896403650026,2.6637144390767578,2.576489533011272,1.1272141706924315,,
42,35.198604401502955,47.28260869565217,4.025764895330113,6.910896403650026,2.6167471819645733,2.8381642512077296,1.1272141706924315,,
43,30.803811057434245,52.39533011272142,3.643317230273752,6.568706387546968,2.737520128824477,2.7308105206655933,1.1205045625335481,,
44,30.16639828234031,48.85265700483092,3.5292538915727323,11.137949543746645,2.7106816961889426,2.4825550187869028,1.1205045625335481,,
45,25.53676865271068,59.916800858829845,3.683574879227053,7.742887815351583,2.0128824476650564,0.4092860976918948,0.6977992485238862,,
46,25.201288244766506,58.54804079441761,3.569511540526033,9.420289855072463,2.13365539452496,0.4092860976918948,0.7179280730005367,,
47,25.55689747718733,58.19243156199678,3.569511540526033,9.420289855072463,2.13365539452496,0.4092860976918948,0.7179280730005367,,
48,25.55018786902845,58.051529790660226,3.5426731078904994,9.380032206119163,2.3483628556092326,0.4092860976918948,0.7179280730005367,,
49,25.785024154589372,55.92458400429415,3.455448201825013,8.400429414922169,2.757648953301127,0.2952227589908749,3.3816425120772946,,
50,25.684380032206118,53.153515834675254,3.455448201825013,11.312399355877616,2.7509393451422435,0.2952227589908749,3.3480944712828773,,
51,25.99302200751476,52.99919484702093,3.4286097691894795,11.292270531400966,2.6838432635534084,0.2952227589908749,3.307836822329576,,
52,26.221148684916802,52.012882447665056,3.4286097691894795,11.231884057971014,3.5292538915727323,0.2952227589908749,3.280998389694042,,
53,26.570048309178745,51.29495437466452,3.4286097691894795,11.158078368223295,3.9720880300590444,0.2952227589908749,3.280998389694042,,
54,26.46940418679549,46.77938808373591,6.763285024154589,10.775630703166936,5.636070853462158,0.2952227589908749,3.280998389694042,,
55,26.56333870101986,45.24288781535159,6.763285024154589,10.674986580783683,6.78341384863124,0.6977992485238862,3.2742887815351582,,
56,26.737788513150832,45.12211486849168,6.723027375201288,10.661567364465915,6.78341384863124,0.6977992485238862,3.2742887815351582,,
57,27.194041867954912,44.545088566827694,6.723027375201288,10.547504025764896,6.6760601180891035,0.6977992485238862,3.616478797638218,,
58,27.42216854535695,44.22302737520129,6.696188942565755,10.721953837895867,6.635802469135802,0.6843800322061192,3.616478797638218,,
59,27.583199141170155,43.79361245303274,6.655931293612453,10.695115405260333,7.024959742351046,0.6642512077294686,3.5829307568438002,,
60,27.72410091250671,41.44524959742351,6.213097155126141,10.63472893183038,6.360708534621578,1.261406333870102,6.360708534621578,,
61,27.932098765432098,40.90848094471283,6.608964036500268,10.393183038110575,6.622383252818035,1.1741814278046163,6.360708534621578,,
62,28.247450348899623,40.747450348899626,6.582125603864735,10.319377348362856,6.582125603864735,1.1741814278046163,6.347289318303811,,
63,26.556629092860977,42.619431025228124,6.535158346752549,10.205314009661835,6.582125603864735,1.1741814278046163,6.327160493827161,,
64,26.690821256038646,42.36446591519055,6.743156199677939,10.165056360708535,6.414385399892646,1.1741814278046163,6.447933440687064,,
65,24.90606548577563,42.25711218464841,7.085346215780999,11.849168008588299,5.984970477724101,1.1741814278046163,6.743156199677939,,
66,25.34219001610306,41.8142780461621,7.071926999463232,11.748523886205046,6.206387546967257,1.1741814278046163,6.642512077294686,,
67,25.72463768115942,41.6532474503489,7.071926999463232,11.674718196457327,6.206387546967257,1.1741814278046163,6.494900697799249,,
68,26.019860440150296,41.035963499731615,7.0383789586688135,11.627750939345143,6.293612453032743,1.5163714439076759,6.468062265163715,,
69,26.435856146001072,40.76086956521739,6.991411701556629,11.56736446591519,6.273483628556092,1.5163714439076759,6.454643048845948,,
70,24.510198604401502,42.169887278582934,7.380568974771873,11.386205045625335,6.863929146537842,1.3955984970477724,6.293612453032743,,
71,23.879495437466453,40.55958132045089,6.696188942565755,16.814278046162105,6.622383252818035,1.3150831991411702,4.1129898013955986,,
72,24.12775093934514,39.67391304347826,7.440955448201825,16.626409017713364,6.159420289855072,1.5499194847020934,4.42163177670424,,
73,24.416264090177133,39.49946323134729,7.39398819108964,16.5727321524423,6.159420289855072,1.5499194847020934,4.408212560386473,,
74,24.550456253354803,39.42565754159957,7.340311325818572,16.264090177133657,6.159420289855072,1.8518518518518519,4.408212560386473,,
75,24.013687600644122,36.56736446591519,7.300053676865271,16.847826086956523,9.057971014492754,1.8048845947396672,4.408212560386473,,
76,24.335748792270532,35.99704777241009,7.286634460547504,16.834406870638755,9.39345142243693,1.7646269457863661,4.388083735909823,,
77,24.013687600644122,34.628287707997856,6.635802469135802,22.75228126677402,5.60252281266774,1.7646269457863661,4.448470209339774,0.15432098765432098,
78,24.228395061728396,33.353462157809986,6.615673644659152,22.302737520128826,5.837359098228664,2.49597423510467,5.01207729468599,0.15432098765432098,
79,24.510198604401502,33.2662372517445,6.595544820182502,22.24235104669887,5.723295759527644,2.49597423510467,5.01207729468599,0.15432098765432098,
80,24.4296833064949,32.45437466451959,6.3137412775093935,21.960547504025765,5.152979066022544,2.5429414922168547,6.991411701556629,0.15432098765432098,
81,25.06038647342995,32.07192699946323,6.66935050993022,21.544551798174986,5.052334943639291,2.5429414922168547,6.904186795491143,0.15432098765432098,
82,25.469672571121848,31.87734836285561,6.662640901771336,21.276167471819647,4.99194847020934,2.5429414922168547,7.024959742351046,0.15432098765432098,
83,25.77831454643049,31.709608158883523,6.588835212023618,20.947396672034355,5.3274288781535155,2.5161030595813205,6.756575415995706,0.15432098765432098,0.2214170692431562
84,25.711218464841654,30.83064949006978,6.515029522275899,20.323403113258184,5.273752012882448,2.5161030595813205,8.32662372517445,0.15432098765432098,0.3488996242619431
85,25.38244766505636,29.824208266237253,6.515029522275899,20.21604938271605,5.233494363929147,4.086151368760064,8.239398819108963,0.15432098765432098,0.3488996242619431
86,25.711218464841654,29.757112184648417,6.468062265163715,20.108695652173914,5.193236714975845,4.086151368760064,8.172302737520129,0.15432098765432098,0.3488996242619431
87,25.577026301663984,29.488727858293075,6.461352657004831,20.061728395061728,5.193236714975845,3.9184111647879765,8.796296296296296,0.15432098765432098,0.3488996242619431
88,26.060118089103597,29.03918411164788,6.172839506172839,19.80005367686527,5.434782608695652,4.2203435319377345,8.769457863660762,0.15432098765432098,0.3488996242619431
89,26.32850241545894,28.69699409554482,6.172839506172839,19.773215244229736,5.340848094471283,4.609500805152979,8.57487922705314,0.15432098765432098,0.3488996242619431
90,25.704508856682768,30.703166935050994,6.407675791733762,18.230005367686527,5.340848094471283,4.569243156199678,8.541331186258722,0.15432098765432098,0.3488996242619431
91,26.039989264626946,30.64278046162104,6.374127750939345,18.17632850241546,5.340848094471283,4.569243156199678,8.387010198604402,0.15432098765432098,0.3153515834675255
92,26.27482555018787,30.421363392377884,6.266774020397209,18.250134192163177,5.253623188405797,4.8376274825550185,8.252818035426731,0.15432098765432098,0.2885131508319914
93,25.577026301663984,28.918411164787976,6.286902844873859,17.887815351583466,5.3341384863123995,4.931561996779388,10.621309715512615,0.15432098765432098,0.2885131508319914
94,24.778582930756844,27.89855072463768,6.266774020397209,20.625335480407944,5.3274288781535155,4.676596886741814,9.98389694041868,0.15432098765432098,0.2885131508319914
95,23.79898013955985,27.449006977992486,6.199677938808374,22.19538378958669,5.320719269994632,4.636339237788513,9.957058507783145,0.15432098765432098,0.2885131508319914
96,24.094202898550726,27.254428341384862,6.166129898013956,21.93370907139023,5.320719269994632,5.407944176060118,9.380032206119163,0.15432098765432098,0.2885131508319914
97,24.12775093934514,26.92565754159957,5.964841653247451,20.497852925389157,5.186527106816962,4.891304347826087,11.963231347289318,0.15432098765432098,0.2885131508319914
98,22.779119699409556,32.21282877079979,5.850778314546431,17.176596886741816,5.132850241545894,4.575952764358561,11.829039184111648,0.15432098765432098,0.2885131508319914
99,22.16183574879227,32.098765432098766,5.803811057434245,14.922168545356952,8.279656468062266,4.522275899087493,11.808910359634996,0.15432098765432098,0.24825550187869028
100,22.383252818035427,31.99812130971551,6.253354804079442,14.606816961889425,8.232689210950081,4.508856682769726,11.614331723027375,0.15432098765432098,0.24825550187869028
101,22.497316156736446,31.97128287707998,6.253354804079442,14.371980676328503,8.219269994632313,4.502147074610843,11.540526033279656,0.15432098765432098,0.48980139559849706
102,22.638217928073,31.890767579173378,6.253354804079442,14.36527106816962,8.205850778314547,4.502147074610843,11.500268384326356,0.15432098765432098,0.48980139559849706
103,22.893183038110575,30.877616747181964,6.957863660762212,14.2914653784219,8.09849704777241,4.502147074610843,11.735104669887278,0.15432098765432098,0.48980139559849706
104,23.13472893183038,30.750134192163177,6.957863660762212,14.224369296833064,8.085077831454644,4.4753086419753085,11.728395061728396,0.15432098765432098,0.48980139559849706
105,23.1280193236715,30.226784755770264,6.414385399892646,15.539452495974235,8.205850778314547,4.4753086419753085,11.392914653784219,0.15432098765432098,0.46296296296296297
106,23.61111111111111,30.20665593129361,6.414385399892646,15.331454643048845,8.165593129361245,4.4753086419753085,11.178207192699947,0.15432098765432098,0.46296296296296297
107,22.758990874932906,28.227321524422972,9.681964573268921,15.365002683843263,7.977724100912507,4.374664519592056,11.003757380568974,0.15432098765432098,0.4562533548040794
108,23.060923242082662,27.677133655394524,10.11808910359635,15.24422973698336,7.937466451959206,4.374664519592056,10.976918947933441,0.15432098765432098,0.4562533548040794
109,23.523886205045624,27.58990874932904,10.077831454643048,15.177133655394526,7.722758990874933,4.374664519592056,10.963499731615673,0.14761137949543746,0.4227053140096618
110,23.919753086419753,27.428878153515836,10.037573805689748,15.056360708534621,7.695920558239399,4.374664519592056,10.916532474503489,0.14761137949543746,0.4227053140096618
111,24.22168545356951,27.375201288244767,10.00402576489533,15.029522275899087,7.64224369296833,4.374664519592056,10.782340311325818,0.14761137949543746,0.4227053140096618
112,24.4699409554482,27.167203435319376,10.487117552334944,14.600107353730541,7.64224369296833,4.3478260869565215,10.715244229736983,0.14761137949543746,0.4227053140096618
113,24.422973698336016,26.637144390767578,9.655126140633387,15.74074074074074,8.07836822329576,4.26731078904992,10.628019323671497,0.14761137949543746,0.4227053140096618
114,24.516908212560388,26.234567901234566,9.50751476113795,15.633387010198604,8.179012345679013,4.911433172302737,10.446859903381643,0.14761137949543746,0.4227053140096618
115,24.61755233494364,26.100375738056897,9.614868491680086,15.599838969404187,8.333333333333334,4.851046698872786,10.312667740203972,0.14761137949543746,0.4227053140096618
116,23.17498658078368,20.189210950080515,9.876543209876543,24.10762211486849,7.742887815351583,4.602791196994096,9.75577026301664,0.14761137949543746,0.4025764895330113
117,23.49704777241009,19.96779388083736,9.822866344605474,24.10762211486849,7.7361782071927,4.575952764358561,9.742351046698873,0.14761137949543746,0.4025764895330113
118,23.939881910896403,19.900697799248523,9.728931830381105,23.906333870101985,7.702630166398282,4.53569511540526,9.73564143853999,0.14761137949543746,0.4025764895330113
119,24.174718196457327,19.786634460547504,9.722222222222221,23.785560923242084,7.7831454643048845,4.528985507246377,9.675254965110037,0.14761137949543746,0.39586688137412773
120,24.436392914653783,19.73966720343532,9.655126140633387,23.738593666129898,7.75630703166935,4.528985507246377,9.601449275362318,0.14761137949543746,0.39586688137412773
121,25.013419216317768,19.53166935050993,9.541062801932368,23.557434245840042,7.709339774557166,4.528985507246377,9.588030059044552,0.14761137949543746,0.3824476650563607
122,25.79844337090714,19.45786366076221,9.440418679549115,23.060923242082662,7.709339774557166,4.441760601180891,9.561191626409018,0.14761137949543746,0.3824476650563607
123,26.221148684916802,19.424315619967793,9.172034353193773,22.993827160493826,7.682501341921632,4.428341384863124,9.54777241009125,0.14761137949543746,0.3824476650563607
124,26.67740203972088,19.390767579173378,9.125067096081589,22.638217928073,7.682501341921632,4.408212560386473,9.54777241009125,0.14761137949543746,0.3824476650563607
125,27.120236178207193,19.37734836285561,8.722490606548577,22.591250670960815,7.682501341921632,4.441760601180891,9.534353193773484,0.14761137949543746,0.3824476650563607
126,27.334943639291467,19.33709071390231,8.675523349436393,22.517444981213096,7.682501341921632,4.40150295222759,9.520933977455716,0.14761137949543746,0.3824476650563607
127,27.214170692431562,19.048577563070317,8.80300590445518,23.772141706924316,7.595276435856146,4.180085882984434,8.856682769726248,0.14761137949543746,0.3824476650563607
128,27.26784755770263,18.968062265163713,8.80300590445518,24.684648416532475,7.50805152979066,4.180085882984434,8.05823939881911,0.14761137949543746,0.3824476650563607
129,27.455716586151368,18.874127750939344,8.735909822866345,24.859098228663445,7.501341921631776,4.05931293612453,7.98443370907139,0.14761137949543746,0.3824476650563607
130,27.61003757380569,18.780193236714975,8.702361782071927,24.3894256575416,7.461084272678476,4.4820182501341925,8.05823939881911,0.14761137949543746,0.36902844873859364
131,27.75764895330113,18.766774020397207,8.648684916800859,24.335748792270532,7.434245840042942,4.4820182501341925,8.05823939881911,0.14761137949543746,0.36902844873859364
132,28.079710144927535,18.746645195920557,8.548040794417606,24.248523886205046,7.407407407407407,4.468599033816425,7.98443370907139,0.14761137949543746,0.36902844873859364
133,28.401771336553946,18.726516371443907,8.494363929146537,24.08749329039184,7.380568974771873,4.461889425657541,7.930756843800322,0.14761137949543746,0.36902844873859364
134,28.495705850778315,18.53864734299517,8.480944712828771,23.946591519055286,7.353730542136339,4.74369296833065,7.924047235641439,0.14761137949543746,0.36902844873859364
135,28.609769189479334,18.511808910359633,8.474235104669887,23.89291465378422,7.340311325818572,4.736983360171766,7.917337627482555,0.14761137949543746,0.36902844873859364
136,28.187063875469672,18.438003220611915,8.420558239398819,22.57783145464305,6.655931293612453,4.7101449275362315,10.648148148148149,0.14761137949543746,0.2147074610842727
137,28.307836822329577,18.377616747181964,8.407139023081053,22.530864197530864,6.655931293612453,4.703435319377348,10.057702630166398,0.14761137949543746,0.8118625872249061
138,28.187063875469672,17.881105743424584,9.16532474503489,22.48389694041868,6.602254428341385,4.696725711218465,10.02415458937198,0.14761137949543746,0.8118625872249061
139,27.80461621041331,17.438271604938272,9.125067096081589,22.289318303811058,6.374127750939345,4.696725711218465,11.312399355877616,0.14761137949543746,0.8118625872249061
140,27.82474503488996,17.418142780461622,9.078099838969404,22.22222222222222,5.844068706387547,5.528717122920021,11.124530327428879,0.14761137949543746,0.8118625872249061
141,27.992485238862052,17.344337090713903,8.816425120772946,21.564680622651636,5.844068706387547,6.239935587761675,11.238593666129898,0.14761137949543746,0.8118625872249061
142,27.81803542673108,17.07595276435856,8.735909822866345,22.19538378958669,5.8172302737520125,6.166129898013956,11.231884057971014,0.14761137949543746,0.8118625872249061
143,27.85829307568438,17.042404723564143,8.722490606548577,21.611647879763822,5.8172302737520125,6.166129898013956,11.211755233494364,0.14761137949543746,1.4224369296833066
144,28.207192699946322,16.854535695115406,8.722490606548577,21.464036500268385,5.776972624798712,6.347289318303811,11.084272678475577,0.14761137949543746,1.3955984970477724
145,28.327965646806227,16.150026838432634,8.709071390230811,22.23564143853999,5.776972624798712,6.213097155126141,11.044015029522276,0.14761137949543746,1.3955984970477724
146,28.59634997316157,16.069511540526033,8.695652173913043,22.14170692431562,5.770263016639828,6.172839506172839,11.023886205045626,0.14761137949543746,1.3821792807300053
147,28.764090177133657,16.029253891572733,8.662104133118627,22.114868491680085,5.756843800322061,5.991680085882985,11.151368760064413,0.14761137949543746,1.3821792807300053
148,29.032474503488995,15.76086956521739,8.896940418679549,21.960547504025765,5.736714975845411,5.958132045088567,11.124530327428879,0.14761137949543746,1.3821792807300053
149,29.139828234031132,15.666935050993022,8.82313472893183,21.91358024691358,5.622651637144391,6.1862587224906065,11.124530327428879,0.14761137949543746,1.3754696725711217
150,29.381374127750938,15.613258185721953,8.836553945249598,21.866612989801396,5.60252281266774,6.172839506172839,11.084272678475577,0.14761137949543746,1.2949543746645196
151,29.361245303274288,15.505904455179817,8.581588835212024,21.81964573268921,5.46833064949007,6.400966183574879,11.419753086419753,0.14761137949543746,1.2949543746645196
152,29.857756307031668,15.344873859366613,8.521202361782072,21.74584004294149,5.448201825013419,6.300322061191626,11.33923778851315,0.14761137949543746,1.2949543746645196
153,29.052603327965645,14.029790660225443,8.420558239398819,21.088298443370906,5.448201825013419,5.703166935050993,14.821524422973699,0.14761137949543746,1.288244766505636
154,29.20692431561997,13.996242619431026,8.380300590445518,21.041331186258724,5.448201825013419,5.703166935050993,14.78797638217928,0.14761137949543746,1.288244766505636
155,29.455179817498657,13.982823403113258,8.413848631239935,20.92055823939882,5.434782608695652,5.60252281266774,14.754428341384862,0.14761137949543746,1.288244766505636
156,29.636339237788512,13.882179280730005,8.393719806763285,20.913848631239937,5.434782608695652,5.5689747718733225,14.754428341384862,0.14761137949543746,1.2681159420289856
157,29.74369296833065,13.855340848094471,8.393719806763285,20.88030059044552,5.421363392377885,5.5689747718733225,14.734299516908212,0.14761137949543746,1.2546967257112185
158,30.03220611916264,13.774825550187868,8.36688137412775,20.632045088566827,5.186527106816962,5.904455179817498,14.700751476113794,0.14761137949543746,1.2546967257112185
159,30.22007514761138,13.667471819645733,8.279656468062266,20.551529790660226,5.072463768115942,6.615673644659152,14.190821256038648,0.14761137949543746,1.2546967257112185
160,30.03220611916264,13.056897477187333,9.286097691894794,20.437466451959207,5.052334943639291,6.615673644659152,14.11701556629093,0.14761137949543746,1.2546967257112185
161,30.226784755770264,12.922705314009661,8.977455716586151,20.336822329575952,5.038915727321524,7.0383789586688135,14.056629092860977,0.14761137949543746,1.2546967257112185
162,30.06575415995706,12.902576489533011,8.964036500268385,20.598497047772412,5.038915727321524,7.018250134192163,14.009661835748792,0.14761137949543746,1.2546967257112185
163,30.656199677938808,12.76838432635534,8.870101986044014,20.52469135802469,5.038915727321524,6.9310252281266775,13.841921631776705,0.14761137949543746,1.221148684916801
164,30.756843800322063,12.620772946859903,9.219001610305957,20.35024154589372,4.9651100375738055,6.9310252281266775,13.788244766505636,0.14761137949543746,1.221148684916801
165,30.9447128287708,12.493290391841116,9.272678475577026,20.222758990874933,4.911433172302737,6.884057971014493,13.902308105206655,0.14761137949543746,1.221148684916801
166,31.15271068169619,12.372517444981213,9.232420826623725,20.081857219538378,5.059044551798175,6.877348362855609,13.855340848094471,0.14761137949543746,1.221148684916801
167,31.50161030595813,12.372517444981213,9.232420826623725,20.014761137949545,4.998658078368224,6.6827697262479875,13.828502415458937,0.14761137949543746,1.221148684916801
168,31.427804616210413,12.164519592055823,9.078099838969404,19.940955448201827,4.938271604938271,6.655931293612453,14.432367149758454,0.14761137949543746,1.2144390767579174
169,31.5955448201825,12.164519592055823,9.064680622651638,19.706119162640903,4.938271604938271,6.394256575415996,14.774557165861514,0.14761137949543746,1.2144390767579174
170,31.743156199677937,12.13768115942029,9.185453569511541,19.524959742351047,4.911433172302737,6.360708534621578,14.774557165861514,0.14761137949543746,1.2144390767579174
171,31.890767579173378,12.097423510466989,9.16532474503489,19.03515834675255,4.891304347826087,5.877616747181965,15.68035426731079,0.14761137949543746,1.2144390767579174
172,32.06521739130435,12.077294685990339,9.138486312399356,18.988191089640367,4.891304347826087,5.877616747181965,15.626677402039721,0.14761137949543746,1.1876006441223832
173,32.50805152979066,12.050456253354804,8.970746108427267,18.894256575415994,4.871175523349437,5.649490069779925,15.747450348899624,0.14761137949543746,1.1607622114868492
174,32.62211486849168,11.936392914653783,8.856682769726248,18.86070853462158,4.663177670424047,5.984970477724101,15.767579173376275,0.14761137949543746,1.1607622114868492
175,32.729468599033815,11.842458400429415,8.836553945249598,18.605743424584006,4.736983360171766,5.978260869565218,15.962157809983896,0.14761137949543746,1.1607622114868492
176,32.88378958668814,11.79549114331723,8.769457863660762,18.592324208266238,4.656468062265164,6.085614600107354,15.908480944712828,0.14761137949543746,1.1607622114868492
177,33.10520665593129,11.79549114331723,8.76274825550188,18.50509930220075,4.656468062265164,6.052066559312936,15.841384863123993,0.14761137949543746,1.133923778851315
178,33.46081588835212,11.741814278046162,8.729200214707461,18.317230273752013,4.64975845410628,6.038647342995169,15.780998389694043,0.14761137949543746,1.133923778851315
179,33.48094471282877,11.66129898013956,8.655394524959743,18.02871712292002,4.542404723564144,6.146001073537305,16.203703703703702,0.14761137949543746,1.133923778851315
180,33.74932903918411,11.654589371980677,8.641975308641975,17.914653784219002,4.488727858293076,6.112453032742888,16.15673644659152,0.14761137949543746,1.133923778851315
181,33.823134728931834,11.708266237251744,8.641975308641975,17.867686527106816,4.488727858293076,6.072195383789587,16.11647879763822,0.14761137949543746,1.133923778851315
182,34.064680622651636,11.647879763821793,8.608427267847558,17.773752012882447,4.4820182501341925,5.958132045088567,16.21712292002147,0.14761137949543746,1.1003757380568975
183,33.581588835212024,11.493558776167472,8.601717659688674,19.0150295222759,4.4753086419753085,5.931293612453032,15.653515834675256,0.14761137949543746,1.1003757380568975
184,33.823134728931834,11.460010735373054,8.360171765968868,18.9747718733226,4.62962962962963,5.924584004294149,15.579710144927537,0.14761137949543746,1.1003757380568975
185,33.964036500268385,11.426462694578637,8.353462157809984,18.90096618357488,4.62962962962963,5.911164787976382,15.573000536768653,0.14761137949543746,1.093666129898014
186,34.23913043478261,11.419753086419753,8.340042941492216,18.82716049382716,4.5960815888352125,5.864197530864198,15.4723564143854,0.14761137949543746,1.093666129898014
187,34.40016103059581,11.372785829307569,8.319914117015566,18.82716049382716,4.549114331723027,5.864197530864198,15.425389157273216,0.14761137949543746,1.093666129898014
188,33.943907675791735,11.030595813204508,8.299785292538916,18.753354804079443,4.240472356414386,5.166398282340311,17.324208266237253,0.14761137949543746,1.093666129898014
189,34.23913043478261,10.976918947933441,8.299785292538916,18.50509930220075,4.240472356414386,5.152979066022544,17.344337090713903,0.14761137949543746,1.093666129898014
190,30.9849704777241,10.61460010735373,7.890499194847021,27.945517981749866,2.7643585614600106,4.133118625872249,15.01610305958132,0.14761137949543746,0.5032206119162641
191,30.99838969404187,10.312667740203972,7.830112721417069,27.871712292002147,3.2742887815351582,4.1129898013955986,14.949006977992486,0.14761137949543746,0.5032206119162641
192,31.219806763285025,10.131508319914117,7.769726247987117,27.76435856146001,3.2675791733762747,4.092860976918948,15.103327965646805,0.14761137949543746,0.5032206119162641
193,31.28690284487386,9.856414385399892,7.75630703166935,28.06629092860977,3.240740740740741,4.2203435319377345,14.922168545356952,0.14761137949543746,0.5032206119162641
194,31.49490069779925,9.822866344605474,7.6556629092860975,27.95222758990875,3.3279656468062266,4.193505099302201,14.9020397208803,0.14761137949543746,0.5032206119162641
195,31.49490069779925,9.628287707997853,8.353462157809984,27.61003757380569,3.3145464304884595,4.193505099302201,14.754428341384862,0.14761137949543746,0.5032206119162641
196,31.602254428341386,9.500805152979066,8.561460010735374,27.469135802469136,3.3145464304884595,4.186795491143317,14.714170692431562,0.14761137949543746,0.5032206119162641
197,31.87734836285561,9.400161030595813,8.044820182501342,26.99946323134729,3.3145464304884595,4.186795491143317,15.526033279656469,0.14761137949543746,0.5032206119162641
198,31.602254428341386,9.997316156736447,8.031400966183575,26.77133655394525,3.2675791733762747,4.17337627482555,15.378421900161031,0.14761137949543746,0.630703166935051
199,32.21282877079979,9.950348899624261,7.877079978529254,26.234567901234566,3.2675791733762747,4.3545356951154055,15.324745034889963,0.14761137949543746,0.630703166935051
200,32.380568974771876,9.91009125067096,7.863660762211487,26.174181427804616,3.2675791733762747,4.3545356951154055,15.271068169618895,0.14761137949543746,0.630703166935051
201,32.56843800322061,9.91009125067096,7.843531937734836,26.06682769726248,3.2675791733762747,4.253891572732153,15.311325818572195,0.14761137949543746,0.630703166935051
202,32.49463231347289,9.91009125067096,7.816693505099302,26.194310252281266,3.2675791733762747,4.253891572732153,15.28448738593666,0.14761137949543746,0.630703166935051
203,32.68250134192163,9.883252818035427,7.809983896940419,26.160762211486848,3.2675791733762747,4.233762748255502,15.183843263553408,0.14761137949543746,0.630703166935051
204,32.890499194847024,9.863123993558776,7.7361782071927,26.140633387010197,3.2139023081052067,4.206924315619967,15.170424047235642,0.14761137949543746,0.630703166935051
205,32.749597423510465,9.567901234567902,7.64224369296833,25.489801395598498,3.2139023081052067,4.025764895330113,16.532474503488995,0.14761137949543746,0.630703166935051
206,32.9777241009125,9.520933977455716,7.608695652173913,25.36231884057971,3.2139023081052067,3.9318303811057436,16.606280193236714,0.14761137949543746,0.630703166935051
207,32.87707997852925,9.426999463231347,7.588566827697263,25.650831991411703,3.2139023081052067,3.9318303811057436,16.59286097691895,0.14761137949543746,0.5703166935050993
208,33.11862587224906,9.39345142243693,7.548309178743962,25.5703166935051,3.1870638754696725,3.898282340311326,16.566022544283413,0.14761137949543746,0.5703166935050993
209,33.313204508856685,9.373322597960279,7.548309178743962,25.489801395598498,3.1333870101986045,3.878153515834675,16.545893719806763,0.14761137949543746,0.5703166935050993
210,33.69565217391305,9.353193773483628,7.5281803542673105,25.37573805689748,3.1065485775630703,3.844605475040258,16.404991948470208,0.14761137949543746,0.5434782608695652
211,33.81642512077295,9.339774557165862,7.521470746108427,25.308641975308642,3.1065485775630703,3.844605475040258,16.371443907675793,0.14761137949543746,0.5434782608695652
212,34.19216317767042,9.339774557165862,7.474503488996243,25.013419216317768,3.1065485775630703,3.797638217928073,16.384863123993558,0.14761137949543746,0.5434782608695652
213,34.366612989801396,9.205582393988191,7.454374664519592,24.65780998389694,3.0327428878153517,3.9452495974235107,16.33118625872249,0.14761137949543746,0.8588298443370908
214,34.76247987117552,9.125067096081589,7.5281803542673105,24.416264090177133,2.952227589908749,3.9452495974235107,16.264090177133657,0.14761137949543746,0.8588298443370908
215,34.977187332259795,9.098228663446054,7.474503488996243,24.402844873859365,2.945517981749866,3.9452495974235107,16.150026838432634,0.14761137949543746,0.8588298443370908
216,35.08454106280193,9.03113258185722,7.461084272678476,24.074074074074073,3.280998389694042,3.938539989264627,16.1231884057971,0.14761137949543746,0.8588298443370908
217,35.01073537305421,8.977455716586151,7.387278582930757,23.852657004830917,3.140096618357488,4.555823939881911,16.069511540526033,0.14761137949543746,0.8588298443370908
218,34.96376811594203,8.876811594202898,7.360440150295223,23.792270531400966,3.140096618357488,4.549114331723027,16.31105743424584,0.14761137949543746,0.8588298443370908
219,35.158346752549654,8.829844337090714,7.320182501341922,23.43666129898014,3.140096618357488,4.750402576489533,16.21712292002147,0.14761137949543746,0.9997316156736447
220,35.31266774020397,8.80300590445518,7.300053676865271,23.262211486849168,3.140096618357488,4.74369296833065,16.049382716049383,0.14761137949543746,1.2412775093934514
221,35.20531400966183,8.80300590445518,7.615405260332796,23.067632850241544,3.44873859366613,4.74369296833065,15.727321524422974,0.14761137949543746,1.2412775093934514
222,35.13150831991412,8.78287707997853,7.595276435856146,22.758990874932906,3.408480944712829,4.676596886741814,16.25738056897477,0.14761137949543746,1.2412775093934514
223,35.265700483091784,8.769457863660762,7.581857219538379,22.591250670960815,3.569511540526033,4.448470209339774,16.384863123993558,0.14761137949543746,1.2412775093934514
224,35.30595813204509,8.420558239398819,7.286634460547504,22.470477724100913,3.5225442834138487,5.287171229200215,16.317767042404725,0.14761137949543746,1.2412775093934514
225,35.18518518518518,8.293075684380032,7.615405260332796,22.611379495437465,3.515834675254965,5.072463768115942,16.33118625872249,0.14761137949543746,1.2278582930756843
226,35.40660225442834,8.259527643585615,7.5281803542673105,22.436929683306495,3.475577026301664,5.810520665593129,15.72061191626409,0.13419216317767044,1.2278582930756843
227,35.581052066559316,8.246108427267847,7.50805152979066,22.342995169082126,3.4621578099838968,5.803811057434245,15.693773483628556,0.13419216317767044,1.2278582930756843
228,35.81588835212023,8.232689210950081,7.461084272678476,22.289318303811058,3.4621578099838968,5.750134192163178,15.646806226516372,0.13419216317767044,1.2077294685990339
229,36.010466988727856,8.179012345679013,7.4141170155662905,22.262479871175522,3.455448201825013,5.71658615136876,15.619967793880837,0.13419216317767044,1.2077294685990339
230,36.2788513150832,8.165593129361245,7.39398819108964,22.168545356951153,3.455448201825013,5.676328502415459,15.539452495974235,0.13419216317767044,1.1876006441223832
231,36.58749329039184,8.165593129361245,7.380568974771873,21.980676328502415,3.455448201825013,5.629361245303274,15.479066022544284,0.13419216317767044,1.1876006441223832
232,36.33923778851315,8.152173913043478,7.347020933977456,21.732420826623724,3.421900161030596,5.629361245303274,16.0829307568438,0.10735373054213634,1.1876006441223832
233,36.2788513150832,8.11862587224906,7.333601717659689,22.269189479334408,3.4688674181427803,5.58239398819109,15.653515834675256,0.10735373054213634,1.1876006441223832
234,36.46672034353194,8.111916264090176,7.2933440687063875,22.17525496511004,3.4420289855072466,5.58239398819109,15.633387010198604,0.10735373054213634,1.1876006441223832
235,36.8491680085883,8.044820182501342,7.273215244229737,22.04777241009125,3.4420289855072466,5.730005367686527,15.318035426731079,0.10735373054213634,1.1876006441223832
236,37.07729468599034,7.997852925389157,7.25979602791197,21.980676328502415,3.435319377348363,5.676328502415459,15.277777777777779,0.10735373054213634,1.1876006441223832
237,37.13768115942029,7.9039184111647875,7.253086419753086,21.79951690821256,3.435319377348363,5.911164787976382,15.26435856146001,0.10735373054213634,1.1876006441223832
238,37.3389694041868,7.890499194847021,7.253086419753086,21.69887278582931,3.421900161030596,5.864197530864198,15.237520128824476,0.10735373054213634,1.1876006441223832
239,37.78851315083199,7.7898550724637685,7.212828770799785,21.611647879763822,3.294417606011809,5.864197530864198,15.177133655394526,0.07380568974771873,1.1876006441223832
240,37.915995705850776,7.769726247987117,7.206119162640902,21.531132581857218,3.294417606011809,5.864197530864198,15.177133655394526,0.07380568974771873,1.1674718196457328
241,38.33870101986044,7.769726247987117,7.199409554482019,20.833333333333332,3.8714439076757916,5.803811057434245,15.150295222758992,0.07380568974771873,0.9594739667203436
242,38.49302200751476,7.769726247987117,7.1658615136876005,20.759527643585614,3.844605475040258,5.797101449275362,15.170424047235642,0.07380568974771873,0.9259259259259259
243,38.92243692968331,7.749597423510467,7.159151905528717,20.739398819108963,3.8177670424047236,5.723295759527644,14.888620504562533,0.07380568974771873,0.9259259259259259
244,39.150563607085346,7.6623725174449815,7.125603864734299,20.67230273752013,3.8043478260869565,5.723295759527644,14.861782071927,0.07380568974771873,0.9259259259259259
245,39.24449812130972,7.601986044015029,7.098765432098766,20.625335480407944,3.7909286097691894,5.864197530864198,14.774557165861514,0.07380568974771873,0.9259259259259259
246,39.10359634997316,7.4141170155662905,7.521470746108427,20.28985507246377,4.133118625872249,5.864197530864198,14.680622651637144,0.07380568974771873,0.9192163177670424
247,39.26462694578637,7.407407407407407,7.50805152979066,20.249597423510465,4.133118625872249,5.83064949006978,14.61352657004831,0.07380568974771873,0.9192163177670424
248,39.351851851851855,7.39398819108964,7.494632313472893,20.108695652173914,4.1129898013955986,5.8239398819108965,14.61352657004831,0.07380568974771873,1.0265700483091786
249,39.68733225979603,7.367149758454106,7.4208266237251745,19.887278582930758,4.1129898013955986,5.723295759527644,14.700751476113794,0.07380568974771873,1.0265700483091786
250,39.79468599033817,7.367149758454106,7.39398819108964,19.860440150295222,4.092860976918948,5.703166935050993,14.687332259796028,0.07380568974771873,1.0265700483091786
251,39.34514224369297,7.4141170155662905,9.373322597960279,18.35077831454643,4.05931293612453,5.662909286097692,14.80810520665593,0.06709608158883522,0.9192163177670424
252,39.49946323134729,7.407407407407407,9.366612989801396,18.283682232957595,4.045893719806763,5.649490069779925,14.761137949543746,0.06709608158883522,0.9192163177670424
253,39.492753623188406,7.37385936661299,9.27938808373591,18.5252281266774,4.045893719806763,5.776972624798712,14.51959205582394,0.06709608158883522,0.9192163177670424
