,45,50,53,52,54,51,55,56,58,57
0,91.78743961352657,7.628824476650563,0.5837359098228664,,,,,,,
1,83.55475040257649,15.868223295759528,0.5770263016639828,,,,,,,
2,77.38191089640365,19.692699946323135,0.5770263016639828,1.8250134192163177,0.5233494363929146,,,,,
3,51.59688674181428,32.2463768115942,0.48980139559849706,4.448470209339774,0.5233494363929146,10.695115405260333,,,,
4,49.18142780461621,35.32608695652174,0.020128824476650563,4.448470209339774,0.5233494363929146,10.50053676865271,,,,
5,36.37949543746645,47.59125067096082,0.020128824476650563,4.435050993022007,0.5233494363929146,11.05072463768116,,,,
6,31.233225979602793,37.60735373054214,0.020128824476650563,11.574074074074074,0.5233494363929146,18.853998926462694,0.1878690284487386,,,
7,31.52173913043478,34.72222222222222,3.3548040794417604,11.788781535158346,0.5233494363929146,17.310789049919485,0.7783145464304885,,,
8,31.662640901771336,34.044551798174986,4.012345679012346,11.352657004830919,0.8185721953837896,17.04911433172303,1.0601180891035964,,,
9,31.863929146537842,34.064680622651636,3.9452495974235107,11.20504562533548,0.8185721953837896,16.874664519592056,1.1272141706924315,0.10064412238325282,,
10,32.09205582393988,31.49490069779925,3.911701556629093,12.795222758990874,3.113258185721954,15.418679549114332,1.0735373054213635,0.10064412238325282,,
11,32.058507783145465,31.34728931830381,3.9855072463768115,12.177938808373591,4.072732152442297,15.28448738593666,1.0735373054213635,,,
12,30.50187869028449,30.46833064949007,3.502415458937198,12.593934514224369,4.03918411164788,17.693236714975846,1.2010198604401503,,,
13,26.684111647879764,33.17230273752013,5.065754159957058,12.23161567364466,4.320987654320987,17.236983360171767,1.1943102522812667,,0.0939345142243693,
14,21.786097691894792,37.07729468599034,2.3081052066559313,9.514224369296834,1.3150831991411702,26.96591519055287,0.9393451422436929,,0.0939345142243693,
15,20.73268921095008,38.58024691358025,2.2946859903381642,9.245840042941492,1.3150831991411702,26.798174986580783,0.9393451422436929,,0.0939345142243693,
16,21.202361782071925,36.01717659688674,4.62962962962963,9.172034353193773,1.3150831991411702,26.630434782608695,0.9393451422436929,,0.0939345142243693,
17,21.638486312399355,34.82957595276436,10.809178743961352,9.131776704240472,1.3083735909822867,21.24932903918411,0.9393451422436929,,0.0939345142243693,
18,21.71900161030596,33.20585077831455,13.345410628019323,8.829844337090714,1.1741814278046163,20.538110574342458,1.0534084809447128,0.13419216317767044,,
19,21.71900161030596,33.313204508856685,13.191089640365004,8.769457863660762,2.120236178207193,19.699409554482017,1.0534084809447128,0.13419216317767044,,
20,21.18894256575416,31.97128287707998,12.218196457326892,8.756038647342995,2.0933977455716586,22.63150831991412,1.0064412238325282,0.13419216317767044,,
21,20.437466451959207,31.374127750939344,11.802200751476114,8.507783145464305,2.0933977455716586,24.570585077831456,1.0064412238325282,0.13419216317767044,,0.07380568974771873
22,20.632045088566827,28.27428878153516,11.084272678475577,12.13768115942029,2.0665593129361244,23.711755233494365,1.8853998926462694,0.13419216317767044,,0.07380568974771873
23,19.53166935050993,27.28797638217928,10.715244229736983,10.258990874932904,1.710950080515298,28.629898013955984,1.5901771336553945,0.20128824476650564,,0.07380568974771873
24,20.095276435856146,25.704508856682768,10.198604401502953,9.809447128287708,4.643048845947397,27.449006977992486,1.8250134192163177,0.20128824476650564,,0.07380568974771873
25,20.50456253354804,25.644122383252817,10.138217928073,9.77589908749329,4.62962962962963,26.96591519055287,1.9860440150295222,0.28180354267310787,,0.07380568974771873
26,19.310252281266774,23.047504025764894,11.574074074074074,10.88298443370907,3.844605475040258,29.17337627482555,1.8115942028985508,0.28180354267310787,,0.07380568974771873
27,19.98792270531401,22.84621578099839,11.372785829307569,10.72866344605475,3.844605475040258,29.005636070853463,1.8585614600107354,0.28180354267310787,,0.07380568974771873
28,19.847020933977454,19.679280730005367,10.748792270531402,7.555018786902845,1.932367149758454,38.0703166935051,1.8115942028985508,0.28180354267310787,,0.07380568974771873
29,19.95437466451959,17.860976918947934,13.050187869028449,7.541599570585078,1.932367149758454,37.5,1.8048845947396672,0.28180354267310787,,0.07380568974771873
30,19.45115405260333,16.1231884057971,14.667203435319378,9.634997316156737,3.240740740740741,34.97047772410091,1.6304347826086956,0.20799785292538917,,0.07380568974771873
31,19.47799248523886,14.989264626945786,13.70101986044015,9.426999463231347,2.563070316693505,37.956253354804076,1.6035963499731616,0.20799785292538917,,0.07380568974771873
32,20.02818035426731,14.700751476113794,13.647342995169081,9.151905528717123,3.717122920021471,36.741814278046164,1.6035963499731616,0.33548040794417605,,0.07380568974771873
33,20.068438003220614,14.700751476113794,14.61352657004831,8.796296296296296,5.287171229200215,33.95061728395062,2.1739130434782608,0.33548040794417605,,0.07380568974771873
34,20.222758990874933,13.801663982823403,14.526301663982823,9.534353193773484,5.5689747718733225,33.393719806763286,2.623456790123457,0.2549651100375738,,0.07380568974771873
35,20.739398819108963,13.81508319914117,14.439076757917338,9.420289855072463,5.5689747718733225,33.15217391304348,2.5496511003757383,0.24154589371980675,,0.07380568974771873
36,21.24261943102523,13.707729468599034,14.398819108964037,9.346484165324744,5.528717122920021,32.910628019323674,2.5496511003757383,0.24154589371980675,,0.07380568974771873
37,21.43719806763285,13.519860440150294,13.942565754159958,11.466720343531938,5.441492216854535,31.709608158883523,2.006172839506173,0.3488996242619431,,0.1274825550187869
38,17.37788513150832,12.969672571121846,13.774825550187868,6.025228126677402,5.260332796564681,42.37788513150832,1.9189479334406871,0.16774020397208803,,0.1274825550187869
39,18.055555555555557,12.855609232420827,13.694310252281268,5.971551261406334,5.22007514761138,41.78743961352657,2.120236178207193,0.16774020397208803,,0.1274825550187869
40,17.022275899087493,10.903113258185721,13.385668276972625,9.554482018250134,7.065217391304348,39.86849168008588,1.90552871712292,0.16774020397208803,,0.1274825550187869
41,17.06924315619968,10.903113258185721,13.258185721953838,8.407139023081053,7.065217391304348,41.096349973161566,1.90552871712292,0.16774020397208803,,0.1274825550187869
42,17.438271604938272,10.889694041867955,13.177670424047236,8.353462157809984,7.024959742351046,40.76086956521739,1.8518518518518519,0.3757380568974772,,0.1274825550187869
43,17.21014492753623,11.506977992485238,13.123993558776167,8.353462157809984,6.937734836285561,39.70746108427268,2.509393451422437,0.5233494363929146,,0.1274825550187869
44,17.632850241545892,11.473429951690822,13.043478260869565,8.219269994632313,6.937734836285561,39.23778851315083,2.475845410628019,0.8521202361782072,,0.1274825550187869
45,18.276972624798713,11.426462694578637,13.030059044551798,7.809983896940419,6.635802469135802,39.88862050456253,1.9524959742351047,0.8521202361782072,,0.1274825550187869
46,18.773483628556093,11.225174449812132,12.942834138486312,7.6556629092860975,6.588835212023618,39.660493827160494,1.892109500805153,1.133923778851315,,0.1274825550187869
47,15.385131508319914,9.125067096081589,5.367686527106817,4.616210413311863,5.71658615136876,57.59527643585615,1.328502415458937,0.8118625872249061,,0.05367686527106817
48,15.70048309178744,9.03113258185722,4.696725711218465,5.501878690284487,5.629361245303274,56.98470209339774,1.6170155662909287,0.785024154589372,,0.05367686527106817
49,16.076221148684915,8.950617283950617,4.562533548040794,5.501878690284487,5.676328502415459,54.93827160493827,3.388352120236178,0.785024154589372,,0.12077294685990338
50,15.365002683843263,8.641975308641975,4.4820182501341925,6.146001073537305,5.005367686527107,56.03864734299517,3.4286097691894795,0.7716049382716049,,0.12077294685990338
51,16.129898013955984,8.59500805152979,4.951690821256038,5.850778314546431,4.938271604938271,55.30730005367686,3.4286097691894795,0.6776704240472357,,0.12077294685990338
52,15.593129361245303,7.608695652173913,4.569243156199678,10.473698336017177,4.723564143853999,51.670692431561996,4.636339237788513,0.6105743424584005,,0.11406333870101985
53,14.955716586151368,7.199409554482019,5.938003220611916,22.550993022007514,4.656468062265164,40.08990874932904,3.8378958668813743,0.6575415995705851,,0.11406333870101985
54,15.613258185721953,6.709608158883521,6.353998926462695,21.68545356951154,4.555823939881911,39.81481481481482,3.7372517444981215,0.6575415995705851,,0.8722490606548577
55,16.505636070853463,6.528448738593666,6.353998926462695,21.531132581857218,4.549114331723027,39.36527106816962,3.6500268384326353,0.644122383252818,,0.8722490606548577
56,17.06924315619968,6.494900697799249,6.320450885668277,21.443907675791735,4.428341384863124,38.95598497047772,3.8177670424047236,0.630703166935051,,0.8387010198604401
57,17.59259259259259,6.468062265163715,6.280193236714976,21.370101986044016,4.40150295222759,38.6003757380569,3.8177670424047236,0.630703166935051,,0.8387010198604401
58,18.223295759527645,6.394256575415996,6.226516371443908,21.30300590445518,4.4820182501341925,38.117283950617285,3.797638217928073,0.6172839506172839,,0.8387010198604401
59,18.793612453032743,6.340579710144928,6.219806763285024,21.182232957595275,4.435050993022007,37.3389694041868,4.233762748255502,0.6172839506172839,,0.8387010198604401
60,19.028448738593667,6.327160493827161,6.1929683306494905,20.108695652173914,5.877616747181965,37.21819645732689,4.334406870638754,0.5904455179817498,,0.322061191626409
61,16.780730005367687,6.3070316693505095,6.031937734836285,10.654857756307031,4.26731078904992,51.31508319914117,4.253891572732153,0.27509393451422437,,0.11406333870101985
62,17.183306494900698,6.112453032742888,5.9447128287707995,11.124530327428879,4.066022544283414,50.93263553408481,4.253891572732153,0.2683843263553409,,0.11406333870101985
63,17.47181964573269,6.099033816425121,7.4141170155662905,11.084272678475577,4.045893719806763,49.664519592055825,3.8378958668813743,0.2683843263553409,,0.11406333870101985
64,18.00858829844337,5.9447128287707995,7.39398819108964,11.07085346215781,3.9855072463768115,48.95330112721417,4.17337627482555,0.35560923242082665,,0.11406333870101985
65,18.86070853462158,5.897745571658615,7.300053676865271,10.88298443370907,3.9855072463768115,47.71202361782072,4.1532474503489,1.093666129898014,,0.11406333870101985
66,19.410896403650028,5.790391841116479,7.266505636070853,10.789049919484702,3.9855072463768115,47.41009125067096,4.139828234031133,1.093666129898014,,0.11406333870101985
67,19.672571121846484,5.770263016639828,7.266505636070853,10.748792270531402,3.9855072463768115,47.074610842726784,4.274020397208803,1.093666129898014,,0.11406333870101985
68,18.760064412238325,5.709876543209877,7.266505636070853,10.607890499194847,3.260869565217391,47.014224369296834,6.172839506172839,1.093666129898014,,0.11406333870101985
69,19.008319914117017,5.609232420826624,7.1658615136876005,10.379763821792807,3.0595813204508855,47.738862050456255,5.743424584004294,1.1808910359634996,,0.11406333870101985
70,18.53864734299517,4.186795491143317,6.937734836285561,10.299248523886206,4.508856682769726,48.268921095008054,5.656199677938808,1.4962426194310252,,0.10735373054213634
71,19.202898550724637,4.119699409554482,6.937734836285561,10.379763821792807,4.441760601180891,47.71202361782072,5.615942028985507,1.4962426194310252,,0.0939345142243693
72,19.860440150295222,4.092860976918948,6.884057971014493,10.124798711755233,4.428341384863124,47.20880300590446,5.662909286097692,1.5230810520665594,,0.2147074610842727
73,20.531400966183575,4.066022544283414,6.884057971014493,9.997316156736447,4.367954911433173,46.752549651100374,5.609232420826624,1.5767579173376274,,0.2147074610842727
74,20.38378958668814,3.8580246913580245,8.621846484165324,12.842190016103059,4.87788513150832,42.961621041331185,5.488459473966721,0.798443370907139,,0.16774020397208803
75,20.564949006977994,3.8378958668813743,10.7085346215781,11.90955448201825,4.797369833601718,41.54589371980676,5.689747718733226,0.7783145464304885,,0.16774020397208803
76,20.162372517444982,3.435319377348363,10.44015029522276,11.446591519055287,4.213633923778851,43.69967793880837,5.656199677938808,0.7447665056360708,,0.20128824476650564
77,19.920826623725173,3.2004830917874396,10.319377348362856,13.063607085346217,4.193505099302201,42.008856682769725,6.092324208266238,1.0399892646269457,,0.1610305958132045
78,20.679012345679013,3.1602254428341383,10.144927536231885,12.869028448738593,4.260601180891036,41.71363392377885,5.971551261406334,1.0399892646269457,,0.1610305958132045
79,21.34326355340848,3.140096618357488,10.091250670960816,12.741545893719806,4.260601180891036,41.29092860976919,5.931293612453032,1.0399892646269457,,0.1610305958132045
80,20.605206655931294,2.898550724637681,8.923778851315083,10.701825013419215,4.126409017713366,46.00107353730542,5.542136339237788,1.0399892646269457,,0.1610305958132045
81,21.155394524959743,2.885131508319914,8.836553945249598,10.534084809447128,4.193505099302201,45.611916264090176,5.508588298443371,1.1137949543746646,,0.1610305958132045
82,19.47128287707998,2.26784755770263,8.61513687600644,14.123725174449811,4.012345679012346,43.303811057434245,6.9310252281266775,1.1137949543746646,,0.1610305958132045
83,19.880568974771872,2.26784755770263,8.501073537305421,13.976113794954374,5.253623188405797,41.89479334406871,6.709608158883521,1.3553408480944713,,0.1610305958132045
84,18.739935587761675,2.227589908749329,8.809715512614064,13.955984970477724,3.844605475040258,46.05475040257649,5.025496511003757,1.1808910359634996,,0.1610305958132045
85,19.290123456790123,2.214170692431562,8.789586688137414,13.902308105206655,3.8177670424047236,45.69243156199678,5.01207729468599,1.1205045625335481,,0.1610305958132045
86,19.97450348899624,2.214170692431562,8.655394524959743,13.801663982823403,3.8043478260869565,45.09527643585615,5.005367686527107,1.288244766505636,,0.1610305958132045
87,20.638754696725712,2.200751476113795,8.55475040257649,13.620504562533547,3.784219001610306,44.75979602791197,4.99194847020934,1.288244766505636,,0.1610305958132045
88,20.69243156199678,2.1269457863660763,8.742619431025227,14.667203435319378,3.2474503488996245,44.10896403650027,4.99194847020934,1.288244766505636,,0.13419216317767044
89,19.155931293612454,2.086688137412775,8.668813741277509,13.667471819645733,3.2004830917874396,47.04106280193237,4.7638217928073,1.2815351583467525,,0.13419216317767044
90,19.504830917874397,2.086688137412775,8.648684916800859,13.47289318303811,4.616210413311863,45.276435856146,4.790660225442834,1.4694041867954912,,0.13419216317767044
91,17.639559849704778,1.9994632313472893,8.849973161567364,10.57434245840043,4.5893719806763285,50.214707461084274,4.522275899087493,1.556629092860977,,0.05367686527106817
92,18.08239398819109,1.9994632313472893,8.796296296296296,10.50053676865271,4.562533548040794,49.93961352657005,4.522275899087493,1.5432098765432098,,0.05367686527106817
93,18.5654857756307,1.9726247987117553,8.608427267847558,10.44015029522276,4.502147074610843,49.651100375738054,4.663177670424047,1.5432098765432098,,0.05367686527106817
94,19.02173913043478,1.9726247987117553,7.991143317230274,10.72866344605475,4.4820182501341925,49.20155662909286,4.555823939881911,1.9927536231884058,,0.05367686527106817
95,19.424315619967793,1.9726247987117553,7.917337627482555,10.701825013419215,4.455179817498658,48.718464841653244,4.696725711218465,2.059849704777241,,0.05367686527106817
96,18.49838969404187,1.9592055823939882,6.951154052603328,13.486312399355878,4.334406870638754,47.89318303811057,4.502147074610843,2.3215244229736984,,0.05367686527106817
97,18.99490069779925,1.9592055823939882,6.857219538378959,13.318572195383789,4.49543746645196,47.36983360171766,4.5960815888352125,2.3081052066559313,0.04696725711218465,0.05367686527106817
98,19.32367149758454,1.9592055823939882,6.830381105743425,13.211218464841654,4.502147074610843,47.0679012345679,4.5960815888352125,2.408749329039184,0.04696725711218465,0.05367686527106817
99,19.612184648416534,1.9592055823939882,6.816961889425658,13.077026301663983,4.502147074610843,46.121846484165324,4.5960815888352125,3.2139023081052067,0.04696725711218465,0.05367686527106817
100,20.021470746108427,1.8786902844873858,6.816961889425658,12.869028448738593,4.502147074610843,45.8064949006978,4.810789049919484,3.193773483628556,0.04696725711218465,0.05367686527106817
101,20.02818035426731,1.6908212560386473,6.595544820182502,13.687600644122384,5.0858829844337095,44.82018250134192,4.830917874396135,3.1602254428341383,0.04696725711218465,0.05367686527106817
102,20.155662909286097,1.6572732152442298,6.481481481481482,16.847826086956523,4.985238862050457,42.411433172302736,4.810789049919484,2.5496511003757383,0.04696725711218465,0.05367686527106817
103,20.813204508856682,1.6304347826086956,6.468062265163715,16.700214707461082,4.911433172302737,42.0625335480408,4.790660225442834,2.522812667740204,0.04696725711218465,0.05367686527106817
104,21.141975308641975,1.6304347826086956,7.105475040257649,16.646537842190018,4.85775630703167,41.54589371980676,4.575952764358561,2.395330112721417,0.04696725711218465,0.05367686527106817
105,21.74584004294149,1.6304347826086956,7.065217391304348,16.418411164787976,4.85775630703167,41.21041331186259,4.575952764358561,2.395330112721417,0.04696725711218465,0.05367686527106817
106,21.987385936661298,1.6304347826086956,7.7831454643048845,16.324476650563607,4.911433172302737,40.324745034889965,4.542404723564144,2.395330112721417,0.04696725711218465,0.05367686527106817
107,22.134997316156735,1.6035963499731616,7.749597423510467,16.19699409554482,4.911433172302737,39.774557165861516,4.99194847020934,2.536231884057971,0.04696725711218465,0.05367686527106817
108,22.758990874932906,1.6035963499731616,7.689210950080516,16.069511540526033,4.797369833601718,39.17740203972088,5.233494363929147,2.5697799248523885,0.04696725711218465,0.05367686527106817
109,21.598228663446054,1.4559849704777241,6.944444444444445,18.766774020397207,4.28743961352657,39.00295222758991,5.032206119162641,2.8113258185721954,0.04696725711218465,0.05367686527106817
110,22.31615673644659,1.4559849704777241,6.863929146537842,18.57890499194847,4.28743961352657,38.60708534621578,4.985238862050457,2.804616210413312,0.04696725711218465,0.05367686527106817
111,22.342995169082126,1.9189479334406871,6.951154052603328,18.263553408480945,4.28743961352657,38.02334943639291,5.213365539452496,2.898550724637681,0.04696725711218465,0.05367686527106817
112,23.05421363392378,1.9122383252818036,6.904186795491143,17.907944176060116,4.253891572732153,37.68115942028985,5.287171229200215,2.898550724637681,0.04696725711218465,0.05367686527106817
113,23.637949543746647,1.8250134192163177,7.024959742351046,17.820719269994633,4.133118625872249,37.43961352657005,5.119431025228127,2.898550724637681,0.04696725711218465,0.05367686527106817
114,24.188137412775095,1.8250134192163177,6.810252281266774,15.626677402039721,4.072732152442297,39.40552871712292,5.0791733762748255,2.898550724637681,0.04696725711218465,0.04696725711218465
115,22.638217928073,1.710950080515298,6.327160493827161,13.92914653784219,3.5829307568438002,44.46457326892109,4.703435319377348,2.5496511003757383,0.04696725711218465,0.04696725711218465
116,22.591250670960815,1.710950080515298,6.206387546967257,12.915995705850777,3.455448201825013,45.90713902308105,4.7101449275362315,2.408749329039184,0.04696725711218465,0.04696725711218465
117,23.483628556092324,1.710950080515298,5.850778314546431,12.822061191626409,3.4286097691894795,45.04830917874396,4.797369833601718,2.7777777777777777,0.03354804079441761,0.04696725711218465
118,24.14787976382179,1.6908212560386473,5.810520665593129,12.828770799785293,3.3950617283950617,44.51154052603328,4.797369833601718,2.6972624798711755,0.03354804079441761,0.08722490606548577
119,24.590713902308106,1.6908212560386473,5.797101449275362,12.70799785292539,3.3682232957595275,44.26328502415459,4.797369833601718,2.6637144390767578,0.03354804079441761,0.08722490606548577
120,25.43612453032743,1.6237251744498122,6.608964036500268,12.258454106280194,3.5225442834138487,42.954911433172306,4.696725711218465,2.7777777777777777,0.03354804079441761,0.08722490606548577
121,25.845410628019323,1.6237251744498122,7.011540526033279,12.157809983896941,3.502415458937198,42.16317767042405,4.8376274825550185,2.737520128824477,0.03354804079441761,0.08722490606548577
122,25.785024154589372,1.6237251744498122,6.655931293612453,12.00348899624262,3.475577026301664,43.062265163714436,4.40150295222759,2.871712292002147,0.03354804079441761,0.08722490606548577
123,26.1808910359635,1.6237251744498122,6.582125603864735,11.896135265700483,3.4621578099838968,42.8341384863124,4.428341384863124,2.871712292002147,0.03354804079441761,0.08722490606548577
124,26.32850241545894,1.4895330112721417,6.595544820182502,12.258454106280194,3.8714439076757916,41.95517981749866,4.374664519592056,3.0059044551798175,0.03354804079441761,0.08722490606548577
125,26.67740203972088,1.4895330112721417,6.582125603864735,12.204777241009126,4.186795491143317,41.29092860976919,4.4753086419753085,2.985775630703167,0.03354804079441761,0.07380568974771873
126,27.13365539452496,1.4694041867954912,6.582125603864735,12.06387546967257,4.186795491143317,40.86151368760064,4.461889425657541,3.1333870101986045,0.03354804079441761,0.07380568974771873
127,27.569779924852387,1.415727321524423,6.515029522275899,12.030327428878154,4.03918411164788,40.17042404723564,4.777241009125067,3.2340311325818574,0.17444981213097155,0.07380568974771873
128,28.019323671497585,1.415727321524423,6.360708534621578,11.862587224906065,4.032474503488996,39.72758990874933,4.998658078368224,3.33467525496511,0.17444981213097155,0.07380568974771873
129,28.77750939345142,1.415727321524423,6.3070316693505095,11.701556629092861,4.213633923778851,39.08346752549651,4.998658078368224,3.2675791733762747,0.17444981213097155,0.06038647342995169
130,28.65673644659152,1.3419216317767042,6.286902844873859,13.009930220075148,4.294149221685454,37.714707461084274,5.246913580246914,3.2139023081052067,0.17444981213097155,0.06038647342995169
131,29.522275899087493,1.3419216317767042,6.260064412238325,12.93612453032743,4.180085882984434,37.224906065485776,5.139559849704777,3.1602254428341383,0.17444981213097155,0.06038647342995169
132,29.676596886741816,1.3419216317767042,6.253354804079442,12.882447665056361,4.126409017713366,37.15780998389694,5.0858829844337095,3.240740740740741,0.17444981213097155,0.06038647342995169
133,30.24020397208803,1.3419216317767042,6.219806763285024,12.721417069243156,4.072732152442297,36.71497584541063,5.307300053676865,3.180354267310789,0.14090177133655393,0.06038647342995169
134,30.193236714975846,1.3083735909822867,7.5348899624261945,12.607353730542137,3.797638217928073,35.970209339774556,5.246913580246914,3.140096618357488,0.14090177133655393,0.06038647342995169
135,29.59608158883521,1.3083735909822867,6.353998926462695,12.533548040794418,6.340579710144928,35.44685990338164,5.179817498658078,3.0394524959742353,0.14090177133655393,0.06038647342995169
136,29.24718196457327,1.3083735909822867,8.507783145464305,12.419484702093397,6.293612453032743,33.74932903918411,4.851046698872786,3.435319377348363,0.14090177133655393,0.04696725711218465
137,27.415458937198068,1.3083735909822867,7.253086419753086,20.142243692968332,5.481749865807837,31.508319914117017,4.562533548040794,2.1403650026838434,0.14090177133655393,0.04696725711218465
138,27.85829307568438,1.3083735909822867,7.219538378958669,19.96779388083736,5.448201825013419,31.052066559312937,4.562533548040794,2.395330112721417,0.14090177133655393,0.04696725711218465
139,28.005904455179817,1.3083735909822867,7.232957595276436,18.968062265163713,3.435319377348363,34.19887278582931,4.414922168545357,2.24771873322598,0.14090177133655393,0.04696725711218465
140,28.509125067096083,1.288244766505636,7.253086419753086,18.914385399892645,3.4957058507783145,33.8365539452496,4.26731078904992,2.24771873322598,0.14090177133655393,0.04696725711218465
141,29.13311862587225,1.288244766505636,7.219538378958669,18.65271068169619,3.421900161030596,33.63526570048309,4.2270531400966185,2.2342995169082127,0.14090177133655393,0.04696725711218465
142,29.448470209339774,1.288244766505636,7.199409554482019,18.5252281266774,3.421900161030596,33.51449275362319,4.213633923778851,2.200751476113795,0.14090177133655393,0.04696725711218465
143,29.482018250134193,1.2345679012345678,6.944444444444445,19.82018250134192,3.374932903918411,32.608695652173914,4.166666666666667,2.1806226516371443,0.14090177133655393,0.04696725711218465
144,29.898013955984972,1.2278582930756843,6.796833064949007,19.712828770799785,3.3413848631239937,32.44095544820183,4.086151368760064,2.3081052066559313,0.14090177133655393,0.04696725711218465
145,30.273752012882447,1.2077294685990339,6.702898550724638,19.712828770799785,3.280998389694042,32.23966720343532,4.086151368760064,2.3081052066559313,0.14090177133655393,0.04696725711218465
146,30.454911433172303,1.2077294685990339,7.03166935050993,19.605475040257648,3.2675791733762747,32.03166935050993,3.9855072463768115,2.227589908749329,0.14090177133655393,0.04696725711218465
147,30.44820182501342,1.2077294685990339,7.6623725174449815,19.504830917874397,3.2206119162640903,31.447933440687063,4.133118625872249,2.187332259796028,0.14090177133655393,0.04696725711218465
148,30.810520665593128,1.1808910359634996,7.6556629092860975,19.45786366076221,3.207192699946323,31.239935587761675,4.092860976918948,2.167203435319377,0.14090177133655393,0.04696725711218465
149,30.83064949006978,1.133923778851315,8.635265700483092,18.706387546967257,3.7909286097691894,30.575684380032207,4.066022544283414,2.073268921095008,0.14090177133655393,0.04696725711218465
150,31.11916264090177,1.133923778851315,8.621846484165324,18.69296833064949,3.7372517444981215,30.253623188405797,4.180085882984434,2.073268921095008,0.14090177133655393,0.04696725711218465
151,31.414385399892645,1.133923778851315,8.68894256575416,18.63929146537842,3.6231884057971016,30.07246376811594,4.247181964573269,1.9927536231884058,0.14090177133655393,0.04696725711218465
152,31.830381105743424,1.133923778851315,8.668813741277509,18.50509930220075,3.5963499731615673,29.884594739667204,4.213633923778851,1.9793344068706387,0.14090177133655393,0.04696725711218465
153,32.23966720343532,1.133923778851315,8.608427267847558,18.411164787976382,3.535963499731616,29.8040794417606,4.133118625872249,1.9457863660762211,0.14090177133655393,0.04696725711218465
154,32.971014492753625,1.133923778851315,8.541331186258722,18.203166935050994,3.4420289855072466,29.53569511540526,4.072732152442297,1.9122383252818036,0.14090177133655393,0.04696725711218465
155,33.49436392914654,1.1003757380568975,8.467525496511003,18.115942028985508,3.569511540526033,29.13311862587225,4.052603327965647,1.8786902844873858,0.14090177133655393,0.04696725711218465
156,34.09151905528717,1.093666129898014,8.393719806763285,17.94820182501342,3.5426731078904994,28.898282340311326,3.978797638217928,1.865271068169619,0.14090177133655393,0.04696725711218465
157,34.50751476113795,1.093666129898014,8.36688137412775,17.847557702630166,3.502415458937198,28.650026838432634,3.978797638217928,1.865271068169619,0.14090177133655393,0.04696725711218465
158,34.5276435856146,1.093666129898014,8.36688137412775,18.42458400429415,3.44873859366613,28.18035426731079,3.9519592055823938,1.8183038110574343,0.14090177133655393,0.04696725711218465
159,35.017444981213096,1.093666129898014,8.266237251744498,18.136070853462158,3.3816425120772946,28.032742887815353,3.92512077294686,1.8183038110574343,0.14090177133655393,0.1878690284487386
160,35.35963499731616,1.093666129898014,8.219269994632313,17.94820182501342,3.3548040794417604,27.885131508319915,3.8848631239935587,1.9256575415995705,0.14090177133655393,0.1878690284487386
161,36.01717659688674,1.093666129898014,8.132045088566828,17.632850241545892,3.2742887815351582,27.771068169618893,3.824476650563607,1.9256575415995705,0.14090177133655393,0.1878690284487386
162,36.64117015566291,1.093666129898014,8.085077831454644,17.384594739667204,3.2675791733762747,27.529522275899087,3.750670960815888,1.9189479334406871,0.14090177133655393,0.1878690284487386
163,36.73510466988728,1.093666129898014,8.07836822329576,17.330917874396135,3.2675791733762747,27.49597423510467,3.750670960815888,1.9189479334406871,0.14090177133655393,0.1878690284487386
164,36.94981213097155,1.0869565217391304,8.044820182501342,17.357756307031668,3.260869565217391,27.36849168008588,3.743961352657005,1.892109500805153,0.14090177133655393,0.15432098765432098
165,36.85587761674718,1.0869565217391304,7.9106280193236715,18.06897477187332,3.2541599570585076,27.106816961889425,3.6231884057971016,1.8048845947396672,0.13419216317767044,0.15432098765432098
166,36.34594739667203,1.0802469135802468,9.64170692431562,17.70665593129361,3.066290928609769,26.556629092860977,3.515834675254965,1.7981749865807837,0.13419216317767044,0.15432098765432098
167,36.99006977992485,1.0399892646269457,9.64170692431562,17.404723564143854,3.0394524959742353,26.455984970477726,3.4151905528717124,1.724369296833065,0.13419216317767044,0.15432098765432098
168,36.38620504562534,1.0399892646269457,9.554482018250134,20.068438003220614,2.918679549114332,24.671229200214707,3.3480944712828773,1.724369296833065,0.13419216317767044,0.15432098765432098
169,37.003488996242616,1.0399892646269457,9.514224369296834,19.773215244229736,2.8918411164787976,24.456521739130434,3.3145464304884595,1.7176596886741815,0.13419216317767044,0.15432098765432098
170,37.64761137949544,1.0332796564680622,9.453837895866881,19.639023081052066,2.8515834675254963,23.89291465378422,3.5091250670960816,1.6841116478797638,0.13419216317767044,0.15432098765432098
171,38.097155126140635,1.0265700483091786,9.39345142243693,19.524959742351047,2.757648953301127,23.711755233494365,3.4822866344605474,1.7176596886741815,0.13419216317767044,0.15432098765432098
172,38.016639828234034,1.0265700483091786,9.796027911969942,19.47799248523886,2.7308105206655933,23.356146001073537,3.589640365002684,1.7176596886741815,0.13419216317767044,0.15432098765432098
173,38.499731615673646,1.0265700483091786,9.77589908749329,19.390767579173378,2.657004830917874,23.03408480944713,3.6097691894793345,1.7176596886741815,0.13419216317767044,0.15432098765432098
174,38.6808910359635,1.0265700483091786,9.722222222222221,19.330381105743424,2.657004830917874,22.966988727858293,3.6097691894793345,1.7176596886741815,0.13419216317767044,0.15432098765432098
175,39.090177133655395,1.0265700483091786,9.581320450885668,19.249865807836823,2.657004830917874,22.819377348362856,3.5963499731615673,1.6908212560386473,0.13419216317767044,0.15432098765432098
176,39.412238325281805,1.0265700483091786,9.460547504025765,19.00161030595813,2.657004830917874,22.685185185185187,3.7037037037037037,1.6706924315619969,0.13419216317767044,0.24825550187869028
177,39.801395598497045,1.0265700483091786,9.39345142243693,18.78690284487386,2.657004830917874,22.591250670960815,3.7037037037037037,1.6572732152442298,0.13419216317767044,0.24825550187869028
178,40.22410091250671,1.0265700483091786,9.306226516371444,18.739935587761675,2.657004830917874,22.376543209876544,3.643317230273752,1.6438539989264627,0.13419216317767044,0.24825550187869028
179,40.55958132045089,1.0265700483091786,9.245840042941492,18.63929146537842,2.657004830917874,22.16183574879227,3.7037037037037037,1.6438539989264627,0.13419216317767044,0.2281266774020397
180,40.98899624261943,1.0265700483091786,9.205582393988191,18.397745571658614,2.657004830917874,21.967257112184647,3.81105743424584,1.583467525496511,0.13419216317767044,0.2281266774020397
181,39.88191089640365,1.0265700483091786,8.997584541062801,19.00161030595813,4.388083735909823,21.101717659688674,3.7573805689747717,1.583467525496511,0.03354804079441761,0.2281266774020397
182,40.27777777777778,1.0265700483091786,8.957326892109501,18.853998926462694,4.455179817498658,20.873590982286636,3.750670960815888,1.5432098765432098,0.03354804079441761,0.2281266774020397
183,40.54616210413312,1.0265700483091786,8.870101986044014,18.800322061191626,4.30756843800322,20.7662372517445,3.878153515834675,1.5432098765432098,0.03354804079441761,0.2281266774020397
184,40.78770799785293,1.0265700483091786,8.796296296296296,18.760064412238325,4.28743961352657,20.69243156199678,3.8580246913580245,1.5297906602254427,0.03354804079441761,0.2281266774020397
185,39.94900697799248,1.0265700483091786,8.796296296296296,18.5654857756307,4.367954911433173,21.74584004294149,3.7775093934514223,1.5096618357487923,0.03354804079441761,0.2281266774020397
186,40.06977992485239,1.0265700483091786,9.037842190016104,18.397745571658614,4.314278046162104,21.591519055287172,3.8311862587224907,1.4694041867954912,0.03354804079441761,0.2281266774020397
187,40.23081052066559,1.0265700483091786,9.017713365539452,18.263553408480945,4.30756843800322,21.497584541062803,3.92512077294686,1.4694041867954912,0.03354804079441761,0.2281266774020397
188,39.512882447665056,0.8923778851315083,8.695652173913043,17.008856682769725,3.388352120236178,25.006709608158882,3.784219001610306,1.4559849704777241,0.03354804079441761,0.2214170692431562
189,39.91545893719807,0.8722490606548577,8.655394524959743,16.941760601180892,3.2877079978529253,24.832259796027913,3.784219001610306,1.4559849704777241,0.03354804079441761,0.2214170692431562
190,39.52630166398282,0.8722490606548577,8.239398819108963,16.854535695115406,3.2877079978529253,25.925925925925927,3.5963499731615673,1.442565754159957,0.03354804079441761,0.2214170692431562
191,39.81481481481482,0.8722490606548577,8.165593129361245,16.7337627482555,3.260869565217391,25.85882984433709,3.5963499731615673,1.442565754159957,0.03354804079441761,0.2214170692431562
192,40.00939345142244,0.8588298443370908,8.024691358024691,16.74718196457327,3.3480944712828773,25.805152979066023,3.589640365002684,1.442565754159957,0.03354804079441761,0.14090177133655393
193,40.19726247987118,0.8588298443370908,8.024691358024691,16.71363392377885,3.3480944712828773,25.664251207729468,3.589640365002684,1.42914653784219,0.03354804079441761,0.14090177133655393
194,40.163714439076756,0.8588298443370908,10.225442834138486,16.304347826086957,3.321256038647343,24.074074074074073,3.549382716049383,1.42914653784219,0.03354804079441761,0.040257648953301126
195,40.3918411164788,0.8521202361782072,10.21202361782072,16.25738056897477,3.421900161030596,23.74530327428878,3.6231884057971016,1.4224369296833066,0.03354804079441761,0.040257648953301126
196,39.99597423510467,0.8521202361782072,9.829575952764358,17.404723564143854,3.2675791733762747,23.389694041867955,3.69699409554482,1.4895330112721417,0.03354804079441761,0.040257648953301126
197,40.15029522275899,0.8387010198604401,9.896672034353195,17.156468062265162,3.2004830917874396,23.087761674718198,4.106280193236715,1.4895330112721417,0.03354804079441761,0.040257648953301126
198,40.351583467525494,0.8387010198604401,9.896672034353195,16.97530864197531,3.2004830917874396,23.07434245840043,4.0995705850778315,1.4895330112721417,0.03354804079441761,0.040257648953301126
199,40.56629092860977,0.8387010198604401,9.883252818035427,16.834406870638755,3.193773483628556,22.98040794417606,4.1532474503489,1.4761137949543746,0.03354804079441761,0.040257648953301126
200,41.15002683843264,0.8387010198604401,9.73564143853999,16.75389157273215,3.193773483628556,22.644927536231883,4.133118625872249,1.4761137949543746,0.03354804079441761,0.040257648953301126
201,41.337895866881375,0.8387010198604401,9.722222222222221,16.6935050993022,3.193773483628556,22.5577026301664,4.133118625872249,1.4492753623188406,0.03354804079441761,0.040257648953301126
202,41.76060118089104,0.8387010198604401,9.73564143853999,16.57944176060118,3.1602254428341383,22.18196457326892,4.126409017713366,1.5432098765432098,0.03354804079441761,0.040257648953301126
203,41.93505099302201,0.8387010198604401,9.567901234567902,15.888352120236178,3.1333870101986045,22.81266774020397,4.119699409554482,1.6304347826086956,0.03354804079441761,0.040257648953301126
204,42.25711218464841,0.8387010198604401,9.480676328502415,15.754159957058508,3.1065485775630703,22.75228126677402,4.106280193236715,1.6304347826086956,0.03354804079441761,0.040257648953301126
205,42.54562533548041,0.8252818035426731,9.473966720343531,15.70048309178744,3.1065485775630703,22.550993022007514,4.092860976918948,1.6304347826086956,0.03354804079441761,0.040257648953301126
206,40.79441760601181,0.8252818035426731,9.151905528717123,15.371712292002147,3.012614063338701,25.07380568974772,3.992216854535695,1.7042404723564144,0.03354804079441761,0.040257648953301126
207,41.1634460547504,0.8252818035426731,9.111647879763822,15.304616210413311,3.126677402039721,24.698067632850243,3.992216854535695,1.7042404723564144,0.03354804079441761,0.040257648953301126
208,41.458668813741276,0.8252818035426731,9.078099838969404,15.183843263553408,3.126677402039721,24.376006441223833,3.978797638217928,1.8988191089640365,0.03354804079441761,0.040257648953301126
209,41.6532474503489,0.8252818035426731,9.064680622651638,15.08990874932904,3.0931293612453032,24.174718196457327,4.126409017713366,1.8988191089640365,0.03354804079441761,0.040257648953301126
210,41.37144390767579,0.8252818035426731,8.964036500268385,14.553140096618357,3.079710144927536,25.140901771336555,4.126409017713366,1.865271068169619,0.03354804079441761,0.040257648953301126
211,41.39157273215244,0.8252818035426731,8.964036500268385,14.459205582393988,3.046162104133119,24.93961352657005,4.448470209339774,1.8518518518518519,0.03354804079441761,0.040257648953301126
212,34.16532474503489,0.8051529790660226,8.440687063875469,11.11111111111111,2.3215244229736984,38.28502415458937,3.1870638754696725,1.6103059581320451,0.03354804079441761,0.040257648953301126
213,34.38674181427805,0.8051529790660226,8.333333333333334,10.929951690821255,2.3215244229736984,38.14412238325282,3.321256038647343,1.6841116478797638,0.03354804079441761,0.040257648953301126
214,34.45383789586688,0.8051529790660226,8.393719806763285,10.789049919484702,2.281266774020397,38.20450885668277,3.33467525496511,1.6841116478797638,0.03354804079441761,0.020128824476650563
215,34.46054750402576,0.8051529790660226,8.05823939881911,10.755501878690284,2.2342995169082127,38.808373590982285,3.1602254428341383,1.6639828234031133,0.03354804079441761,0.020128824476650563
216,34.80273752012882,0.8051529790660226,8.044820182501342,10.695115405260333,2.2342995169082127,38.55340848094471,3.1535158346752548,1.6572732152442298,0.03354804079441761,0.020128824476650563
217,35.16505636070853,0.8051529790660226,8.024691358024691,10.661567364465915,2.3483628556092326,37.82877079978529,3.3480944712828773,1.7646269457863661,0.03354804079441761,0.020128824476650563
218,34.50080515297907,0.8051529790660226,7.944176060118089,12.942834138486312,2.3483628556092326,36.621041331186255,3.0193236714975846,1.7646269457863661,0.03354804079441761,0.020128824476650563
219,35.08454106280193,0.8051529790660226,7.944176060118089,12.822061191626409,2.3483628556092326,36.11782071926999,3.1065485775630703,1.7176596886741815,0.03354804079441761,0.020128824476650563
220,35.44685990338164,0.8051529790660226,7.830112721417069,12.795222758990874,2.3483628556092326,35.72866344605475,3.1065485775630703,1.8853998926462694,0.03354804079441761,0.020128824476650563
221,35.83601717659689,0.8051529790660226,7.7361782071927,12.68786902844874,2.3483628556092326,34.856414385399894,3.0595813204508855,2.6167471819645733,0.03354804079441761,0.020128824476650563
222,36.191626409017715,0.798443370907139,7.729468599033816,12.573805689747719,2.3483628556092326,34.648416532474506,3.046162104133119,2.61003757380569,0.03354804079441761,0.020128824476650563
