,45,50,55,51,52,53,54,56,58,59,57,60
0,99.67122920021471,0.32877079978529256,,,,,,,,,,
1,98.75872249060654,1.2412775093934514,,,,,,,,,,
2,98.34272678475577,1.6572732152442298,,,,,,,,,,
3,92.43827160493827,7.514761137949543,0.04696725711218465,,,,,,,,,
4,92.36446591519055,7.588566827697263,0.04696725711218465,,,,,,,,,
5,86.66129898013956,13.291733762748256,0.04696725711218465,,,,,,,,,
6,86.09769189479334,13.855340848094471,0.04696725711218465,,,,,,,,,
7,85.19860440150295,14.593397745571659,0.04696725711218465,0.1610305958132045,,,,,,,,
8,84.86312399355877,14.928878153515834,0.04696725711218465,0.1610305958132045,,,,,,,,
9,84.86312399355877,14.9020397208803,0.04696725711218465,0.1610305958132045,0.026838432635534086,,,,,,,
10,84.6886741814278,15.076489533011273,0.04696725711218465,0.1610305958132045,0.026838432635534086,,,,,,,
11,82.91733762748255,14.31159420289855,0.04696725711218465,0.1610305958132045,2.563070316693505,,,,,,,
12,82.60198604401504,14.506172839506172,0.05367686527106817,0.1610305958132045,2.677133655394525,,,,,,,
13,82.3671497584541,14.774557165861514,0.06709608158883522,0.1610305958132045,2.6301663982823404,,,,,,,
14,82.15915190552872,14.392109500805153,0.05367686527106817,2.167203435319377,1.2278582930756843,,,,,,,
15,65.29119699409554,31.260064412238325,0.08722490606548577,2.13365539452496,1.2278582930756843,,,,,,,
16,65.23752012882447,31.313741277509394,0.08722490606548577,2.13365539452496,1.2278582930756843,,,,,,,
17,63.45276435856146,33.071658615136876,0.08722490606548577,2.1604938271604937,1.2278582930756843,,,,,,,
18,61.11782071926999,35.40660225442834,0.10064412238325282,2.147074610842727,1.2278582930756843,,,,,,,
19,61.11782071926999,35.40660225442834,0.10064412238325282,2.147074610842727,1.2278582930756843,,,,,,,
20,60.990338164251206,35.53408480944713,0.10064412238325282,2.147074610842727,1.2278582930756843,,,,,,,
21,56.635802469135804,37.69457863660762,0.10064412238325282,4.341116478797638,1.2278582930756843,,,,,,,
22,52.663714439076756,41.41170155662909,0.4830917874396135,4.213633923778851,1.2278582930756843,,,,,,,
23,52.61674718196457,41.297638217928075,0.644122383252818,4.213633923778851,1.2278582930756843,,,,,,,
24,52.45571658615137,40.304616210413315,0.6910896403650026,5.3274288781535155,1.1943102522812667,0.026838432635534086,,,,,,
25,52.03301127214171,40.371712292002144,0.6575415995705851,5.3274288781535155,1.1943102522812667,0.11406333870101985,0.30193236714975846,,,,,
26,47.195383789586685,41.82098765432099,0.5904455179817498,8.78287707997853,1.1943102522812667,0.11406333870101985,0.30193236714975846,,,,,
27,47.0276435856146,41.888083735909824,0.6910896403650026,8.78287707997853,1.1943102522812667,0.11406333870101985,0.30193236714975846,,,,,
28,46.947128287708,41.87466451959206,0.6776704240472357,8.78287707997853,1.1943102522812667,0.11406333870101985,0.4092860976918948,,,,,
29,46.745840042941495,41.968599033816425,0.6776704240472357,8.776167471819646,1.1943102522812667,0.2281266774020397,0.4092860976918948,,,,,
30,39.78797638217928,50.577026301663984,0.6105743424584005,8.333333333333334,0.05367686527106817,0.2281266774020397,0.4092860976918948,,,,,
31,39.51959205582394,50.5703166935051,0.644122383252818,8.3064949006978,0.08722490606548577,0.2281266774020397,0.644122383252818,,,,,
32,39.22436929683307,49.89264626945786,0.644122383252818,8.266237251744498,1.1003757380568975,0.2281266774020397,0.644122383252818,,,,,
33,38.888888888888886,46.03462157809984,0.6776704240472357,8.266237251744498,4.944981213097155,0.2281266774020397,0.644122383252818,0.3153515834675255,,,,
34,37.4194847020934,47.28260869565217,1.0131508319914118,8.152173913043478,4.944981213097155,0.2281266774020397,0.644122383252818,0.3153515834675255,,,,
35,37.4194847020934,47.28260869565217,1.1473429951690821,8.017981749865807,4.944981213097155,0.2281266774020397,0.644122383252818,0.3153515834675255,,,,
36,37.33225979602791,47.396672034353195,1.1473429951690821,7.991143317230274,4.891304347826087,0.2281266774020397,0.6977992485238862,0.3153515834675255,,,,
37,37.245034889962426,45.41733762748255,2.6704240472356413,7.977724100912507,4.891304347826087,0.2281266774020397,1.2546967257112185,0.3153515834675255,,,,
38,37.27858293075684,44.07541599570585,3.9989264626945786,7.977724100912507,4.891304347826087,0.2281266774020397,1.2345679012345678,0.3153515834675255,,,,
39,37.03703703703704,44.196188942565755,4.133118625872249,7.977724100912507,4.87788513150832,0.2281266774020397,1.2345679012345678,0.3153515834675255,,,,
40,34.98389694041868,45.108695652173914,4.300858829844337,7.977724100912507,4.736983360171766,0.2281266774020397,2.3752012882447664,0.2885131508319914,,,,
41,34.98389694041868,45.108695652173914,4.663177670424047,7.64224369296833,4.736983360171766,0.2281266774020397,2.3483628556092326,0.2885131508319914,,,,
42,34.96376811594203,44.578636607622116,3.683574879227053,7.64224369296833,4.730273752012883,1.8048845947396672,2.3483628556092326,0.24825550187869028,,,,
43,35.017444981213096,43.81374127750939,3.6634460547504024,7.64224369296833,4.770531400966184,1.583467525496511,3.260869565217391,0.24825550187869028,,,,
44,32.648953301127214,45.8064949006978,3.864734299516908,7.64224369296833,3.502415458937198,2.8784219001610305,3.408480944712829,0.24825550187869028,,,,
45,32.66237251744498,45.793075684380035,3.864734299516908,7.608695652173913,3.502415458937198,2.8784219001610305,3.408480944712829,0.28180354267310787,,,,
46,32.63553408480945,45.45759527643585,3.938539989264627,7.675791733762749,3.7238325281803544,2.8784219001610305,3.408480944712829,0.28180354267310787,,,,
47,32.1658615136876,44.26328502415459,3.9049919484702094,8.561460010735374,3.7238325281803544,2.8784219001610305,4.2203435319377345,0.28180354267310787,,,,
48,31.561996779388085,44.887278582930755,3.8915727321524423,8.68894256575416,3.589640365002684,2.8784219001610305,4.2203435319377345,0.28180354267310787,,,,
49,31.548577563070317,44.29012345679013,4.1532474503489,8.977455716586151,3.589640365002684,3.079710144927536,4.005636070853462,0.35560923242082665,,,,
50,31.57541599570585,44.18947933440687,4.213633923778851,8.970746108427267,3.5829307568438002,3.079710144927536,4.005636070853462,0.35560923242082665,0.026838432635534086,,,
51,30.703166935050994,41.87466451959206,4.562533548040794,8.527911969940956,7.25979602791197,2.6704240472356413,4.019055287171229,0.35560923242082665,0.026838432635534086,,,
52,30.730005367686527,41.84782608695652,4.562533548040794,8.527911969940956,7.25979602791197,2.6704240472356413,4.019055287171229,0.35560923242082665,0.026838432635534086,,,
53,30.776972624798713,41.82769726247987,4.562533548040794,8.521202361782072,7.25979602791197,2.6704240472356413,3.9989264626945786,0.35560923242082665,0.026838432635534086,,,
54,29.797369833601717,42.43827160493827,4.924852388620504,8.487654320987655,7.300053676865271,2.6704240472356413,3.9989264626945786,0.35560923242082665,0.026838432635534086,,,
55,29.716854535695116,42.330917874396135,5.059044551798175,8.487654320987655,7.300053676865271,2.6435856146001075,3.9989264626945786,0.43612453032742887,0.026838432635534086,,,
56,29.60950080515298,40.5126140633387,3.7104133118625873,8.527911969940956,7.300053676865271,2.49597423510467,7.360440150295223,0.43612453032742887,,0.04696725711218465,,
57,29.180085882984432,40.324745034889965,3.7238325281803544,7.796564680622652,8.977455716586151,2.49597423510467,7.018250134192163,0.43612453032742887,,0.04696725711218465,,
58,29.274020397208805,40.24422973698336,3.7238325281803544,7.796564680622652,8.977455716586151,2.3617820719269993,6.991411701556629,0.43612453032742887,,0.04696725711218465,0.14761137949543746,
59,24.50348899624262,47.28260869565217,3.864734299516908,7.796564680622652,8.293075684380032,2.2946859903381642,5.475040257648954,0.2147074610842727,,0.04696725711218465,0.2281266774020397,
60,24.65780998389694,46.68545356951154,4.3478260869565215,7.796564680622652,8.252818035426731,2.2946859903381642,5.475040257648954,0.2147074610842727,,0.04696725711218465,0.2281266774020397,
61,23.658078368223297,47.75228126677402,4.4753086419753085,7.749597423510467,8.07836822329576,2.2946859903381642,5.475040257648954,0.2147074610842727,0.026838432635534086,0.04696725711218465,0.2281266774020397,
62,23.637949543746647,47.44363929146538,4.824208266237251,7.749597423510467,8.05823939881911,2.2946859903381642,5.475040257648954,0.2147074610842727,0.026838432635534086,0.04696725711218465,0.2281266774020397,
63,23.63123993558776,46.96054750402576,5.287171229200215,7.709339774557166,8.05823939881911,2.3617820719269993,5.475040257648954,0.2147074610842727,0.026838432635534086,0.04696725711218465,0.2281266774020397,
64,23.67149758454106,46.88003220611916,5.260332796564681,7.776435856146001,8.05823939881911,2.3617820719269993,5.475040257648954,0.2147074610842727,0.026838432635534086,0.04696725711218465,0.2281266774020397,
65,23.691626409017715,46.62506709608159,5.381105743424584,7.776435856146001,8.05823939881911,2.3550724637681157,5.595813204508857,0.2147074610842727,0.026838432635534086,0.04696725711218465,0.2281266774020397,
66,22.873054213633925,44.02844873859367,5.381105743424584,11.09098228663446,8.024691358024691,2.3550724637681157,5.595813204508857,0.3488996242619431,0.026838432635534086,0.04696725711218465,0.2281266774020397,
67,23.020665593129362,43.80703166935051,5.649490069779925,11.037305421363392,7.9039184111647875,2.3550724637681157,5.5756843800322065,0.3488996242619431,0.026838432635534086,0.04696725711218465,0.2281266774020397,
68,22.873054213633925,43.954643048845945,5.649490069779925,11.037305421363392,7.9039184111647875,2.3550724637681157,5.5756843800322065,0.3488996242619431,0.026838432635534086,0.04696725711218465,0.2281266774020397,
69,22.913311862587225,43.90096618357488,5.958132045088567,11.037305421363392,7.897208803005904,2.328234031132582,5.314009661835748,0.3488996242619431,0.026838432635534086,0.04696725711218465,0.2281266774020397,
70,22.993827160493826,43.78690284487386,5.984970477724101,11.030595813204508,7.9106280193236715,2.328234031132582,5.314009661835748,0.3488996242619431,0.026838432635534086,0.04696725711218465,0.2281266774020397,
71,23.060923242082662,43.46484165324745,5.958132045088567,11.003757380568974,8.132045088566828,2.2879763821792807,5.441492216854535,0.3488996242619431,0.026838432635534086,0.04696725711218465,0.2281266774020397,
72,23.09447128287708,43.39103596349973,5.844068706387547,11.003757380568974,8.132045088566828,2.2879763821792807,5.595813204508857,0.3488996242619431,0.026838432635534086,0.04696725711218465,0.2281266774020397,
73,23.13472893183038,42.40472356414385,6.904186795491143,10.976918947933441,8.111916264090176,2.2745571658615136,5.515297906602254,0.3488996242619431,0.026838432635534086,0.04696725711218465,0.2549651100375738,
74,22.69860440150295,42.881105743424584,6.910896403650026,10.976918947933441,8.105206655931294,2.2745571658615136,5.475040257648954,0.3488996242619431,0.026838432635534086,0.04696725711218465,0.2549651100375738,
75,22.765700483091788,42.74691358024691,6.998121309715513,10.976918947933441,8.105206655931294,2.26784755770263,5.4616210413311865,0.3488996242619431,0.026838432635534086,0.04696725711218465,0.2549651100375738,
76,22.82608695652174,42.572463768115945,7.098765432098766,11.017176596886742,8.07836822329576,2.26784755770263,5.4616210413311865,0.3488996242619431,0.026838432635534086,0.04696725711218465,0.2549651100375738,
77,22.67176596886742,41.720343531937736,6.977992485238862,11.600912506709609,8.387010198604402,2.26784755770263,5.6964573268921095,0.3488996242619431,0.026838432635534086,0.04696725711218465,0.2549651100375738,
78,22.685185185185187,39.130434782608695,6.66935050993022,11.285560923242082,7.14573268921095,5.307300053676865,7.065217391304348,0.3824476650563607,0.026838432635534086,0.04696725711218465,0.2549651100375738,
79,22.79253891572732,39.09688674181428,6.635802469135802,11.258722490606548,7.14573268921095,5.293880837359098,7.065217391304348,0.3824476650563607,0.026838432635534086,0.04696725711218465,0.2549651100375738,
80,22.973698336017176,39.05662909286098,6.595544820182502,11.211755233494364,7.14573268921095,5.293880837359098,6.998121309715513,0.39586688137412773,0.026838432635534086,0.04696725711218465,0.2549651100375738,
81,20.00805152979066,38.6406333870102,6.629092860976919,14.546430488459475,7.132313472893183,5.535426731078905,6.743156199677939,0.39586688137412773,0.026838432635534086,0.08722490606548577,0.2549651100375738,
82,20.041599570585078,38.62721417069243,6.608964036500268,14.546430488459475,7.132313472893183,5.535426731078905,6.743156199677939,0.39586688137412773,0.026838432635534086,0.08722490606548577,0.2549651100375738,
83,20.2361782071927,38.197799248523886,6.300322061191626,14.546430488459475,7.132313472893183,5.629361245303274,7.071926999463232,0.39586688137412773,0.026838432635534086,0.07380568974771873,0.2549651100375738,0.13419216317767044
84,20.356951154052602,38.0703166935051,6.260064412238325,14.546430488459475,7.098765432098766,5.595813204508857,7.185990338164252,0.39586688137412773,0.026838432635534086,0.07380568974771873,0.2549651100375738,0.13419216317767044
85,20.336822329575952,37.76167471819646,6.293612453032743,14.626945786366075,7.313472893183038,5.595813204508857,7.185990338164252,0.39586688137412773,0.026838432635534086,0.07380568974771873,0.2549651100375738,0.13419216317767044
86,20.323403113258184,37.506709608158886,6.608964036500268,14.526301663982823,7.226247987117552,5.736714975845411,7.185990338164252,0.39586688137412773,0.026838432635534086,0.07380568974771873,0.2549651100375738,0.13419216317767044
87,20.377079978529252,37.33225979602791,6.830381105743425,14.49946323134729,7.226247987117552,5.542136339237788,7.306763285024155,0.39586688137412773,0.026838432635534086,0.07380568974771873,0.2549651100375738,0.13419216317767044
88,19.96779388083736,37.432903918411164,6.756575415995706,13.667471819645733,7.226247987117552,6.521739130434782,7.286634460547504,0.4227053140096618,0.026838432635534086,0.30193236714975846,0.2549651100375738,0.13419216317767044
89,19.81347289318304,37.58722490606549,6.756575415995706,13.667471819645733,7.192699946323135,6.521739130434782,7.286634460547504,0.4562533548040794,0.026838432635534086,0.30193236714975846,0.2549651100375738,0.13419216317767044
90,19.41760601180891,37.82206119162641,6.642512077294686,13.667471819645733,7.192699946323135,6.521739130434782,7.561728395061729,0.4562533548040794,0.026838432635534086,0.30193236714975846,0.2549651100375738,0.13419216317767044
91,19.45786366076221,37.70799785292539,6.736446591519055,13.667471819645733,7.192699946323135,6.501610305958132,7.561728395061729,0.4562533548040794,0.026838432635534086,0.30193236714975846,0.2549651100375738,0.13419216317767044
92,19.51825013419216,37.506709608158886,6.89747718733226,13.667471819645733,7.1725711218464845,6.501610305958132,7.561728395061729,0.4562533548040794,0.026838432635534086,0.30193236714975846,0.2549651100375738,0.13419216317767044
93,19.33709071390231,37.486580783682236,6.89747718733226,13.667471819645733,7.118894256575416,6.763285024154589,7.561728395061729,0.4562533548040794,0.020128824476650563,0.30193236714975846,0.2549651100375738,0.13419216317767044
94,19.37734836285561,37.42619431025228,6.89747718733226,13.667471819645733,7.0383789586688135,6.729736983360172,7.695920558239399,0.4562533548040794,0.020128824476650563,0.30193236714975846,0.2549651100375738,0.13419216317767044
95,19.41760601180891,37.41277509393451,6.870638754696726,13.647342995169081,7.024959742351046,6.743156199677939,7.695920558239399,0.4562533548040794,0.020128824476650563,0.322061191626409,0.2549651100375738,0.13419216317767044
96,19.129092860976918,37.0504562533548,6.0587761674718195,11.627750939345143,10.285829307568438,6.743156199677939,7.689210950080516,0.7045088566827697,,0.322061191626409,0.2549651100375738,0.13419216317767044
97,18.45813204508857,35.75550187869028,5.837359098228664,11.60762211486849,13.24476650563607,6.743156199677939,6.937734836285561,0.7045088566827697,,0.322061191626409,0.2549651100375738,0.13419216317767044
98,18.370907139023082,35.72195383789587,5.837359098228664,11.782071926999464,13.231347289318304,6.649221685453569,6.937734836285561,0.7045088566827697,0.05367686527106817,0.322061191626409,0.2549651100375738,0.13419216317767044
99,18.38432635534085,35.59447128287708,5.9514224369296835,11.782071926999464,13.22463768115942,6.662640901771336,6.9310252281266775,0.7045088566827697,0.05367686527106817,0.322061191626409,0.2549651100375738,0.13419216317767044
100,17.270531400966185,36.8491680085883,5.978260869565218,11.668008588298443,13.211218464841654,6.629092860976919,6.9310252281266775,0.7045088566827697,0.05367686527106817,0.322061191626409,0.2549651100375738,0.1274825550187869
101,17.270531400966185,36.63446054750403,6.072195383789587,11.668008588298443,13.003220611916264,6.91760601180891,6.9310252281266775,0.7447665056360708,0.05367686527106817,0.322061191626409,0.2549651100375738,0.1274825550187869
102,17.337627482555018,36.600912506709605,6.0587761674718195,11.654589371980677,13.003220611916264,6.910896403650026,6.9310252281266775,0.7447665056360708,0.05367686527106817,0.322061191626409,0.2549651100375738,0.1274825550187869
103,17.411433172302736,36.520397208803004,6.159420289855072,11.594202898550725,12.97638217928073,6.904186795491143,6.9310252281266775,0.7447665056360708,0.05367686527106817,0.322061191626409,0.2549651100375738,0.1274825550187869
104,17.183306494900698,35.889694041867955,6.146001073537305,11.446591519055287,13.841921631776705,6.89747718733226,6.957863660762212,0.8789586688137413,0.05367686527106817,0.322061191626409,0.2549651100375738,0.1274825550187869
105,17.297369833601717,35.889694041867955,6.132581857219538,11.43317230273752,13.768115942028986,6.89747718733226,6.944444444444445,0.8789586688137413,0.05367686527106817,0.322061191626409,0.2549651100375738,0.1274825550187869
106,17.330917874396135,35.83601717659689,6.1862587224906065,11.399624261943103,13.768115942028986,6.89747718733226,6.944444444444445,0.8789586688137413,0.05367686527106817,0.322061191626409,0.2549651100375738,0.1274825550187869
107,17.465110037573805,35.66156736446592,6.1862587224906065,10.93666129898014,13.714439076757918,7.4006977992485234,6.9243156199677935,0.8789586688137413,0.05367686527106817,0.35560923242082665,0.2952227589908749,0.1274825550187869
108,17.518786902844873,35.63472893183038,6.1862587224906065,10.923242082662373,13.70101986044015,7.4006977992485234,6.9243156199677935,0.8789586688137413,0.05367686527106817,0.35560923242082665,0.2952227589908749,0.1274825550187869
109,17.62614063338701,35.560923242082666,6.219806763285024,10.923242082662373,13.6808910359635,7.4006977992485234,6.877348362855609,0.8789586688137413,0.05367686527106817,0.35560923242082665,0.2952227589908749,0.1274825550187869
110,17.639559849704778,35.52066559312936,6.246645195920558,10.923242082662373,13.6808910359635,7.4006977992485234,6.877348362855609,0.8789586688137413,0.05367686527106817,0.35560923242082665,0.2952227589908749,0.1274825550187869
111,17.156468062265162,35.06441223832528,6.374127750939345,12.553676865271068,12.942834138486312,7.387278582930757,6.736446591519055,0.95276435856146,0.05367686527106817,0.35560923242082665,0.2952227589908749,0.1274825550187869
112,17.122920021470748,34.78260869565217,6.374127750939345,12.5402576489533,13.217928073000536,7.326892109500805,6.736446591519055,0.95276435856146,0.17444981213097155,0.3488996242619431,0.2952227589908749,0.1274825550187869
113,17.09608158883521,34.77589908749329,6.367418142780462,12.587224906065487,13.211218464841654,7.326892109500805,6.736446591519055,0.95276435856146,0.17444981213097155,0.3488996242619431,0.2952227589908749,0.1274825550187869
114,15.955448201825014,30.649490069779926,5.924584004294149,23.617820719269993,10.413311862587225,5.689747718733226,6.280193236714976,0.6977992485238862,0.17444981213097155,0.2549651100375738,0.2147074610842727,0.1274825550187869
115,15.734031132581856,30.495169082125603,6.112453032742888,23.416532474503487,11.05072463768116,5.689747718733226,6.038647342995169,0.6910896403650026,0.17444981213097155,0.2549651100375738,0.2147074610842727,0.1274825550187869
116,15.787707997852925,30.48174986580784,5.864197530864198,23.1280193236715,11.520397208803006,5.689747718733226,6.038647342995169,0.6910896403650026,0.17444981213097155,0.2549651100375738,0.24154589371980675,0.1274825550187869
117,15.774288781535159,30.414653784219002,5.897745571658615,23.262211486849168,11.43317230273752,5.689747718733226,6.038647342995169,0.6910896403650026,0.17444981213097155,0.2549651100375738,0.24154589371980675,0.1274825550187869
118,15.895061728395062,29.790660225442835,6.166129898013956,23.13472893183038,11.43317230273752,5.689747718733226,6.273483628556092,0.8185721953837896,0.17444981213097155,0.2549651100375738,0.24154589371980675,0.1274825550187869
119,15.747450348899624,28.64331723027375,6.146001073537305,23.101180891035963,11.392914653784219,6.964573268921095,6.273483628556092,0.8990874932903918,0.17444981213097155,0.2549651100375738,0.27509393451422437,0.1274825550187869
120,15.331454643048845,29.139828234031132,6.112453032742888,22.920021470746107,11.366076221148685,6.877348362855609,6.521739130434782,0.8990874932903918,0.17444981213097155,0.2549651100375738,0.27509393451422437,0.1274825550187869
121,15.378421900161031,29.126409017713364,6.112453032742888,22.920021470746107,11.366076221148685,6.877348362855609,6.488191089640365,0.8990874932903918,0.17444981213097155,0.2549651100375738,0.27509393451422437,0.1274825550187869
122,15.083199141170155,29.274020397208805,6.300322061191626,22.879763821792807,11.292270531400966,6.971282877079979,6.468062265163715,0.8990874932903918,0.17444981213097155,0.2549651100375738,0.27509393451422437,0.1274825550187869
123,15.150295222758992,28.978797638217927,6.300322061191626,22.81266774020397,11.225174449812132,7.266505636070853,6.468062265163715,0.8990874932903918,0.17444981213097155,0.2549651100375738,0.3421900161030596,0.1274825550187869
124,15.177133655394526,28.864734299516908,6.3137412775093935,22.430220075147613,11.480139559849706,7.065217391304348,6.5552871712292005,1.2144390767579174,0.17444981213097155,0.2549651100375738,0.3421900161030596,0.1274825550187869
125,15.28448738593666,28.64331723027375,6.508319914117015,22.396672034353195,11.480139559849706,7.0383789586688135,6.535158346752549,1.2144390767579174,0.17444981213097155,0.2549651100375738,0.3421900161030596,0.1274825550187869
126,15.210681696188942,27.75764895330113,6.219806763285024,20.98094471282877,12.902576489533011,8.507783145464305,6.3070316693505095,1.2144390767579174,0.17444981213097155,0.2549651100375738,0.3421900161030596,0.1274825550187869
127,15.24422973698336,27.657004830917874,6.300322061191626,20.967525496511005,12.902576489533011,8.507783145464305,6.3070316693505095,1.2144390767579174,0.17444981213097155,0.2549651100375738,0.3421900161030596,0.1274825550187869
128,15.33816425120773,27.563070316693505,6.293612453032743,20.933977455716587,12.902576489533011,8.480944712828771,6.266774020397209,1.247987117552335,0.2147074610842727,0.24154589371980675,0.38915727321524424,0.1274825550187869
129,15.217391304347826,27.241009125067094,6.736446591519055,20.544820182501343,12.922705314009661,8.849973161567364,6.266774020397209,1.247987117552335,0.2147074610842727,0.24154589371980675,0.38915727321524424,0.1274825550187869
130,15.150295222758992,26.932367149758456,6.387546967257112,20.544820182501343,12.922705314009661,10.285829307568438,5.656199677938808,1.247987117552335,0.2147074610842727,0.20128824476650564,0.38915727321524424,0.06709608158883522
131,15.190552871712292,26.89210950080515,6.387546967257112,20.544820182501343,12.882447665056361,10.285829307568438,5.656199677938808,1.247987117552335,0.2147074610842727,0.20128824476650564,0.4294149221685454,0.06709608158883522
132,15.26435856146001,26.85185185185185,6.736446591519055,20.356951154052602,12.882447665056361,10.037573805689748,5.656199677938808,1.3016639828234031,0.2147074610842727,0.20128824476650564,0.4294149221685454,0.06709608158883522
133,15.331454643048845,26.818303811057433,6.642512077294686,20.088566827697264,12.848899624261943,10.017444981213098,5.998389694041868,1.3419216317767042,0.2147074610842727,0.20128824476650564,0.4294149221685454,0.06709608158883522
134,15.438808373590982,26.78475577026302,6.642512077294686,20.061728395061728,12.801932367149758,10.017444981213098,5.998389694041868,1.3419216317767042,0.2147074610842727,0.20128824476650564,0.4294149221685454,0.06709608158883522
135,15.35829307568438,26.80488459473967,6.716317767042405,20.061728395061728,12.801932367149758,10.00402576489533,5.998389694041868,1.3419216317767042,0.2147074610842727,0.20128824476650564,0.4294149221685454,0.06709608158883522
136,15.485775630703166,26.187600644122384,6.696188942565755,19.732957595276435,13.325281803542673,9.903381642512077,6.421095008051529,1.3352120236178207,0.2147074610842727,0.20128824476650564,0.4294149221685454,0.06709608158883522
137,15.58641975308642,26.140633387010197,6.655931293612453,19.699409554482017,13.325281803542673,9.923510466988727,6.421095008051529,1.3352120236178207,0.2147074610842727,0.20128824476650564,0.4294149221685454,0.06709608158883522
138,15.599838969404187,25.89908749329039,6.8035426731078905,19.585346215780998,13.217928073000536,9.98389694041868,6.662640901771336,1.3352120236178207,0.2147074610842727,0.20128824476650564,0.4294149221685454,0.06709608158883522
139,15.58641975308642,25.738056897477186,6.769994632313473,19.390767579173378,13.030059044551798,10.950080515297907,6.1862587224906065,1.2546967257112185,0.24825550187869028,0.14761137949543746,0.630703166935051,0.06709608158883522
140,15.599838969404187,25.657541599570585,6.756575415995706,19.49812130971551,13.030059044551798,10.950080515297907,6.159420289855072,1.2546967257112185,0.24825550187869028,0.14761137949543746,0.630703166935051,0.06709608158883522
141,15.559581320450885,25.5300590445518,6.756575415995706,19.504830917874397,13.030059044551798,11.171497584541063,6.132581857219538,1.221148684916801,0.24825550187869028,0.14761137949543746,0.630703166935051,0.06709608158883522
142,15.613258185721953,25.47638217928073,6.743156199677939,19.296833064949006,13.01663982823403,11.171497584541063,6.0654857756307035,1.5230810520665594,0.24825550187869028,0.14761137949543746,0.630703166935051,0.06709608158883522
143,15.734031132581856,25.42270531400966,6.769994632313473,19.276704240472355,12.97638217928073,11.158078368223295,6.045356951154052,1.5230810520665594,0.24825550187869028,0.14761137949543746,0.630703166935051,0.06709608158883522
144,15.734031132581856,25.42270531400966,6.837090713902308,19.256575415995705,13.036768652710682,11.05072463768116,6.045356951154052,1.5230810520665594,0.24825550187869028,0.14761137949543746,0.630703166935051,0.06709608158883522
145,15.854804079441761,25.37573805689748,6.863929146537842,19.202898550724637,13.009930220075148,11.023886205045626,6.025228126677402,1.556629092860977,0.24825550187869028,0.14761137949543746,0.630703166935051,0.06038647342995169
146,16.002415458937197,25.308641975308642,6.863929146537842,18.968062265163713,12.949543746645196,10.95679012345679,6.025228126677402,1.8384326355340848,0.24825550187869028,0.14761137949543746,0.630703166935051,0.06038647342995169
147,15.821256038647343,25.39586688137413,6.239935587761675,18.90096618357488,13.83521202361782,10.815888352120236,6.025228126677402,1.8384326355340848,0.24825550187869028,0.14761137949543746,0.7313472893183038,
148,15.713902308105206,25.221417069243156,6.246645195920558,18.88083735909823,13.855340848094471,10.695115405260333,6.119162640901771,1.9390767579173376,0.24154589371980675,0.14761137949543746,0.9393451422436929,
149,15.579710144927537,24.724906065485776,7.112184648416532,16.659957058507782,15.962157809983896,10.668276972624799,6.112453032742888,1.865271068169619,0.24154589371980675,0.14761137949543746,0.9259259259259259,
150,15.747450348899624,24.590713902308106,7.078636607622115,16.55931293612453,15.70048309178744,10.815888352120236,6.327160493827161,1.865271068169619,0.24154589371980675,0.14761137949543746,0.9259259259259259,
151,14.935587761674718,23.805689747718734,6.709608158883521,25.979602791196996,10.050993022007514,9.943639291465379,5.8239398819108965,1.7444981213097155,0.24154589371980675,0.14761137949543746,0.6172839506172839,
152,14.99597423510467,23.711755233494365,6.736446591519055,25.91250670960816,10.11808910359635,9.916800858829845,5.810520665593129,1.7914653784219001,0.24154589371980675,0.14761137949543746,0.6172839506172839,
153,15.063070316693505,23.711755233494365,6.8035426731078905,25.758185721953836,10.104669887278583,9.916800858829845,5.783682232957595,1.8518518518518519,0.24154589371980675,0.14761137949543746,0.6172839506172839,
154,15.103327965646805,23.64465915190553,6.870638754696726,25.717928073000536,10.104669887278583,9.916800858829845,5.783682232957595,1.8518518518518519,0.24154589371980675,0.14761137949543746,0.6172839506172839,
155,15.08990874932904,23.429951690821255,6.984702093397746,25.825281803542673,10.077831454643048,9.916800858829845,5.783682232957595,1.8853998926462694,0.24154589371980675,0.14761137949543746,0.6172839506172839,
156,15.157004830917874,23.309178743961354,6.910896403650026,25.758185721953836,10.044283413848632,9.916800858829845,6.031937734836285,1.8853998926462694,0.24154589371980675,0.14761137949543746,0.5971551261406334,
157,15.103327965646805,23.450080515297905,7.071926999463232,25.664251207729468,10.017444981213098,9.822866344605474,5.971551261406334,1.8853998926462694,0.24154589371980675,0.14761137949543746,0.6239935587761675,
158,15.183843263553408,23.34272678475577,7.601986044015029,25.32206119162641,9.970477724100913,9.554482018250134,6.0587761674718195,1.8853998926462694,0.24154589371980675,0.14761137949543746,0.6910896403650026,
159,15.197262479871176,23.34272678475577,7.601986044015029,25.288513150831992,10.00402576489533,9.406870638754697,6.052066559312936,1.8853998926462694,0.3824476650563607,0.14761137949543746,0.6910896403650026,
160,15.257648953301127,23.32259796027912,7.601986044015029,25.288513150831992,9.96376811594203,9.406870638754697,6.052066559312936,1.8853998926462694,0.3824476650563607,0.14761137949543746,0.6910896403650026,
161,15.277777777777779,23.2487922705314,7.769726247987117,25.254965110037574,9.883252818035427,9.380032206119163,6.045356951154052,1.9189479334406871,0.3824476650563607,0.14761137949543746,0.6910896403650026,
162,15.391841116478798,23.05421363392378,7.769726247987117,25.214707461084274,9.883252818035427,9.353193773483628,6.1929683306494905,1.9189479334406871,0.3824476650563607,0.14761137949543746,0.6910896403650026,
163,15.418679549114332,23.05421363392378,7.769726247987117,25.214707461084274,9.883252818035427,9.353193773483628,6.1929683306494905,1.892109500805153,0.3824476650563607,0.14761137949543746,0.6910896403650026,
164,15.445517981749866,22.993827160493826,8.038110574342458,25.0402576489533,9.883252818035427,9.353193773483628,6.1929683306494905,1.8317230273752012,0.3824476650563607,0.14761137949543746,0.6910896403650026,
165,15.24422973698336,23.262211486849168,8.011272141706923,24.798711755233494,9.883252818035427,9.353193773483628,6.360708534621578,1.865271068169619,0.3824476650563607,0.14761137949543746,0.6910896403650026,
166,15.28448738593666,23.2487922705314,8.011272141706923,24.785292538915726,9.86983360171766,9.353193773483628,6.360708534621578,1.865271068169619,0.3824476650563607,0.14761137949543746,0.6910896403650026,
167,15.08990874932904,22.779119699409556,7.977724100912507,25.5300590445518,9.842995169082126,9.353193773483628,6.340579710144928,1.865271068169619,0.3824476650563607,0.14761137949543746,0.6910896403650026,
168,15.08990874932904,22.779119699409556,8.044820182501342,25.462962962962962,9.782608695652174,9.353193773483628,6.340579710144928,1.865271068169619,0.3824476650563607,0.14761137949543746,0.7514761137949544,
169,15.069779924852389,22.785829307568438,8.044820182501342,26.20101986044015,9.125067096081589,9.306226516371444,6.340579710144928,1.865271068169619,0.3824476650563607,0.14761137949543746,0.7313472893183038,
170,15.143585614600108,22.5979602791197,7.836822329575953,26.10708534621578,9.07139023081052,9.494095544820183,6.5552871712292005,1.932367149758454,0.3824476650563607,0.14761137949543746,0.7313472893183038,
171,15.24422973698336,22.5577026301664,7.763016639828234,26.29495437466452,9.037842190016104,9.346484165324744,6.561996779388084,1.932367149758454,0.3824476650563607,0.14761137949543746,0.7313472893183038,
172,15.250939345142244,22.517444981213096,8.038110574342458,25.939345142243692,9.017713365539452,9.265968867418144,6.561996779388084,2.187332259796028,0.3488996242619431,0.14090177133655393,0.7313472893183038,
173,15.331454643048845,22.497316156736446,7.9039184111647875,23.825818572195384,11.419753086419753,9.225711218464841,6.367418142780462,2.187332259796028,0.3488996242619431,0.14090177133655393,0.7514761137949544,
174,15.35829307568438,22.48389694041868,7.9039184111647875,23.812399355877616,11.419753086419753,9.225711218464841,6.367418142780462,2.187332259796028,0.3488996242619431,0.14090177133655393,0.7514761137949544,
175,15.458937198067632,22.457058507783145,8.05823939881911,23.362855609232422,11.419753086419753,9.219001610305957,6.353998926462695,2.428878153515835,0.3488996242619431,0.14090177133655393,0.7514761137949544,
176,15.646806226516372,22.38996242619431,8.3064949006978,23.242082662372518,11.292270531400966,9.185453569511541,6.286902844873859,2.4154589371980677,0.3488996242619431,0.14090177133655393,0.7447665056360708,
177,15.76086956521739,22.29602791196994,8.3064949006978,23.221953837895867,11.292270531400966,9.185453569511541,6.286902844873859,2.4154589371980677,0.3488996242619431,0.14090177133655393,0.7447665056360708,
178,15.874932903918411,22.16183574879227,8.293075684380032,23.2085346215781,11.2788513150832,9.192163177670425,6.226516371443908,2.4154589371980677,0.46296296296296297,0.14090177133655393,0.7447665056360708,
179,15.955448201825014,22.16183574879227,8.293075684380032,23.09447128287708,11.198336017176597,9.192163177670425,6.226516371443908,2.4154589371980677,0.46296296296296297,0.14090177133655393,0.8588298443370908,
180,16.089640365002683,22.04777241009125,8.420558239398819,22.383252818035427,11.064143853998926,9.178743961352657,6.830381105743425,2.522812667740204,0.46296296296296297,0.14090177133655393,0.8588298443370908,
181,15.458937198067632,22.074610842726784,7.830112721417069,22.638217928073,12.989801395598498,8.3467525496511,6.796833064949007,2.522812667740204,0.3488996242619431,0.13419216317767044,0.8588298443370908,
182,14.687332259796028,24.228395061728396,7.856951154052603,22.108158883521202,12.29200214707461,8.3467525496511,6.689479334406871,2.4691358024691357,0.3488996242619431,0.13419216317767044,0.8387010198604401,
183,14.65378421900161,23.8191089640365,7.843531937734836,22.23564143853999,12.29200214707461,8.68894256575416,6.689479334406871,2.4557165861513686,0.3488996242619431,0.13419216317767044,0.8387010198604401,
184,14.640365002683843,23.8191089640365,8.239398819108963,21.846484165324746,12.184648416532475,8.84326355340848,6.689479334406871,2.442297369833602,0.322061191626409,0.13419216317767044,0.8387010198604401,
185,14.76784755770263,23.785560923242084,8.232689210950081,21.87332259796028,12.010198604401502,8.776167471819646,6.66935050993022,2.5563607085346214,0.35560923242082665,0.13419216317767044,0.8387010198604401,
186,14.814814814814815,23.758722490606548,8.219269994632313,21.806226516371442,12.010198604401502,8.756038647342995,6.662640901771336,2.6435856146001075,0.35560923242082665,0.13419216317767044,0.8387010198604401,
187,14.942297369833602,23.678207192699947,8.179012345679013,21.806226516371442,11.976650563607086,8.756038647342995,6.662640901771336,2.6704240472356413,0.35560923242082665,0.13419216317767044,0.8387010198604401,
188,14.88191089640365,23.66478797638218,8.158883521202362,21.470746108427267,11.922973698336017,9.232420826623725,6.689479334406871,2.5831991411701556,0.35560923242082665,0.13419216317767044,0.9057971014492754,
189,15.096618357487923,23.58427267847558,8.13875469672571,21.423778851315085,11.882716049382717,9.205582393988191,6.689479334406871,2.5831991411701556,0.35560923242082665,0.13419216317767044,0.9057971014492754,
190,15.143585614600108,23.564143853998928,8.064949006977992,21.39694041867955,12.204777241009126,9.037842190016104,6.608964036500268,2.5831991411701556,0.35560923242082665,0.13419216317767044,0.9057971014492754,
191,15.183843263553408,23.483628556092324,8.252818035426731,21.215780998389693,12.204777241009126,9.017713365539452,6.608964036500268,2.6704240472356413,0.35560923242082665,0.10064412238325282,0.9057971014492754,
192,15.022812667740205,23.30246913580247,8.232689210950081,21.390230810520666,12.130971551261407,8.977455716586151,6.857219538378959,2.737520128824477,0.3421900161030596,0.10064412238325282,0.9057971014492754,
193,15.11003757380569,23.26892109500805,8.219269994632313,21.390230810520666,12.104133118625873,8.977455716586151,6.816961889425658,2.737520128824477,0.36902844873859364,0.10064412238325282,0.9057971014492754,
194,15.157004830917874,23.255501878690286,8.219269994632313,21.36339237788513,12.177938808373591,8.930488459473967,6.78341384863124,2.737520128824477,0.36902844873859364,0.10064412238325282,0.9057971014492754,
195,15.271068169618895,23.15485775630703,8.21256038647343,21.34326355340848,11.963231347289318,8.917069243156199,6.78341384863124,2.9790660225442833,0.36902844873859364,0.10064412238325282,0.9057971014492754,
196,15.35829307568438,23.13472893183038,8.353462157809984,21.24261943102523,11.922973698336017,8.863392377885132,6.776704240472356,2.9790660225442833,0.4092860976918948,0.08051529790660225,0.8789586688137413,
197,15.35829307568438,23.101180891035963,8.440687063875469,21.14868491680086,11.922973698336017,8.863392377885132,6.830381105743425,2.965646806226516,0.4092860976918948,0.08051529790660225,0.8789586688137413,
198,15.385131508319914,23.101180891035963,8.440687063875469,21.14868491680086,11.922973698336017,8.863392377885132,6.830381105743425,2.9388083735909825,0.4092860976918948,0.08051529790660225,0.8789586688137413,
199,15.526033279656469,22.745571658615138,8.742619431025227,21.115136876006442,11.896135265700483,8.816425120772946,6.830381105743425,2.9253891572732154,0.4428341384863124,0.08051529790660225,0.8789586688137413,
200,13.466183574879228,22.12157809983897,8.57487922705314,24.282071926999464,11.41304347826087,8.682232957595277,6.608964036500268,3.475577026301664,0.4428341384863124,0.08051529790660225,0.8521202361782072,
201,13.533279656468062,21.93370907139023,8.836553945249598,24.18142780461621,11.399624261943103,8.675523349436393,6.608964036500268,3.455448201825013,0.4428341384863124,0.08051529790660225,0.8521202361782072,
202,13.633923778851315,21.87332259796028,8.917069243156199,24.094202898550726,11.399624261943103,8.675523349436393,6.608964036500268,3.421900161030596,0.4428341384863124,0.08051529790660225,0.8521202361782072,
203,13.707729468599034,21.85319377348363,8.910359634997317,24.094202898550726,11.258722490606548,8.769457863660762,6.608964036500268,3.421900161030596,0.4428341384863124,0.08051529790660225,0.8521202361782072,
204,13.801663982823403,21.83977455716586,8.930488459473967,24.040526033279658,11.218464841653248,8.769457863660762,6.602254428341385,3.421900161030596,0.4428341384863124,0.08051529790660225,0.8521202361782072,
205,13.922436929683306,21.81964573268921,8.923778851315083,23.89291465378422,11.231884057971014,8.816425120772946,6.602254428341385,3.421900161030596,0.43612453032742887,0.08051529790660225,0.8521202361782072,
206,13.942565754159958,21.75925925925926,8.923778851315083,23.845947396672035,11.231884057971014,8.923778851315083,6.582125603864735,3.421900161030596,0.43612453032742887,0.08051529790660225,0.8521202361782072,
