,45,50,55,51,52,53,56,57,54,58
0,98.95330112721417,1.0466988727858293,,,,,,,,
1,84.62828770799786,15.371712292002147,,,,,,,,
2,81.2734836285561,18.726516371443907,,,,,,,,
3,80.012077294686,19.98792270531401,,,,,,,,
4,78.94524959742351,21.054750402576488,,,,,,,,
5,77.71068169618894,22.289318303811058,,,,,,,,
6,77.81803542673107,21.806226516371442,0.3757380568974772,,,,,,,
7,77.8918411164788,21.732420826623724,0.3757380568974772,,,,,,,
8,76.9927536231884,22.63150831991412,0.3757380568974772,,,,,,,
9,76.91894793344069,22.705314009661837,0.3757380568974772,,,,,,,
10,76.70424047235642,22.920021470746107,0.3757380568974772,,,,,,,
11,71.28958668813742,28.33467525496511,0.3757380568974772,,,,,,,
12,70.00134192163178,29.51556629092861,0.4830917874396135,,,,,,,
13,69.55179817498659,28.824476650563607,0.4830917874396135,1.1406333870101986,,,,,,
14,69.0150295222759,28.113258185721953,0.4830917874396135,0.9930220075147611,1.3955984970477724,,,,,
15,67.06924315619968,30.73671497584541,0.4495437466451959,0.5568974771873323,1.1876006441223832,,,,,
16,67.14975845410628,30.656199677938808,0.4495437466451959,0.5568974771873323,1.1876006441223832,,,,,
17,66.39157273215244,30.709876543209877,0.4495437466451959,1.261406333870102,1.1876006441223832,,,,,
18,59.49409554482018,36.83574879227053,0.4495437466451959,2.033011272141707,1.1876006441223832,,,,,
19,29.582662372517444,67.68652710681697,0.11406333870101985,1.42914653784219,1.1876006441223832,,,,,
20,29.2337627482555,65.03623188405797,1.5633387010198605,2.9924852388620504,1.1741814278046163,,,,,
21,26.221148684916802,63.87546967257112,3.0327428878153517,5.6964573268921095,1.1741814278046163,,,,,
22,26.301663982823403,51.90552871712292,1.865271068169619,5.6964573268921095,1.1741814278046163,13.056897477187333,,,,
23,26.623725174449813,51.019860440150296,1.9457863660762211,5.448201825013419,1.1473429951690821,13.81508319914117,,,,
24,26.912238325281802,50.6508319914117,2.187332259796028,5.387815351583468,1.1473429951690821,13.714439076757918,,,,
25,26.94578636607622,50.456253354804076,2.187332259796028,5.387815351583468,1.1473429951690821,13.875469672571121,,,,
26,27.24771873322598,50.17444981213097,2.187332259796028,5.374396135265701,1.1473429951690821,13.868760064412239,,,,
27,27.623456790123456,49.88593666129898,2.187332259796028,5.374396135265701,1.1473429951690821,13.781535158346752,,,,
28,27.77777777777778,46.403650026838434,1.7579173376274826,5.374396135265701,1.1473429951690821,17.538915727321523,,,,
29,25.751476113794954,38.7614063338701,1.6170155662909287,21.088298443370906,2.657004830917874,10.124798711755233,,,,
30,26.080246913580247,38.54669887278583,1.6170155662909287,20.974235104669887,2.657004830917874,10.124798711755233,,,,
31,25.805152979066023,38.439345142243695,1.6170155662909287,20.142243692968332,4.092860976918948,9.903381642512077,,,,
32,22.14170692431562,36.922973698336016,1.5499194847020934,22.302737520128826,4.824208266237251,9.856414385399892,2.4020397208803006,,,
33,21.826355340848096,37.43961352657005,1.9659151905528718,22.23564143853999,4.824208266237251,9.353193773483628,2.3550724637681157,,,
34,21.014492753623188,38.378958668813745,1.9592055823939882,22.19538378958669,4.783950617283951,9.312936124530328,2.3550724637681157,,,
35,21.289586688137412,38.18438003220612,1.9457863660762211,22.168545356951153,4.7638217928073,9.96376811594203,1.6841116478797638,,,
36,21.557971014492754,38.14412238325282,1.9457863660762211,21.947128287707997,4.757112184648417,9.96376811594203,1.6841116478797638,,,
37,22.061191626409016,37.956253354804076,1.932367149758454,21.72571121846484,4.723564143853999,9.809447128287708,1.6841116478797638,0.10735373054213634,,
38,22.18196457326892,37.96296296296296,1.932367149758454,21.638486312399355,4.723564143853999,9.789318303811058,1.6639828234031133,0.10735373054213634,,
39,22.249060654857757,36.48684916800859,1.7310789049919484,21.578099838969404,4.723564143853999,9.77589908749329,1.6572732152442298,0.10735373054213634,1.6908212560386473,
40,21.732420826623724,33.13875469672571,1.570048309178744,22.65163714439077,4.2203435319377345,13.258185721953838,1.6572732152442298,0.10735373054213634,1.6639828234031133,
41,21.054750402576488,32.23966720343532,1.570048309178744,23.832528180354267,3.978797638217928,13.895598497047773,1.6572732152442298,0.10735373054213634,1.6639828234031133,
42,21.28287707997853,32.078636607622116,1.570048309178744,23.805689747718734,3.978797638217928,13.855340848094471,1.6572732152442298,0.10735373054213634,1.6639828234031133,
43,21.450617283950617,31.689479334406872,1.2681159420289856,23.201825013419217,3.938539989264627,13.902308105206655,1.6572732152442298,0.10735373054213634,2.7844873859366612,
44,21.20907139023081,29.73027375201288,0.9796027911969941,18.364197530864196,4.502147074610843,12.365807836822329,1.6572732152442298,0.10735373054213634,11.084272678475577,
45,21.712292002147073,29.59608158883521,0.9796027911969941,18.23671497584541,4.461889425657541,12.218196457326892,1.6572732152442298,0.10735373054213634,11.030595813204508,
46,21.960547504025765,29.528985507246375,0.9796027911969941,18.156199677938808,4.461889425657541,12.157809983896941,1.6438539989264627,0.10735373054213634,11.003757380568974,
47,22.14170692431562,29.448470209339774,0.9796027911969941,18.156199677938808,4.435050993022007,12.130971551261407,1.6438539989264627,0.10735373054213634,10.95679012345679,
48,22.463768115942027,28.462157809983896,2.0397208803005906,17.98174986580784,4.435050993022007,12.010198604401502,1.6304347826086956,0.10735373054213634,10.869565217391305,
49,22.38996242619431,28.113258185721953,2.033011272141707,18.585614600107355,4.38137412775094,11.976650563607086,1.6304347826086956,0.10735373054213634,10.782340311325818,
50,22.08132045088567,26.8317230273752,2.033011272141707,19.45115405260333,4.38137412775094,11.030595813204508,1.6304347826086956,0.10735373054213634,12.453032742887816,
51,18.67283950617284,25.49651100375738,0.9594739667203436,36.01717659688674,2.61003757380569,9.172034353193773,0.2281266774020397,0.10735373054213634,6.736446591519055,
52,19.02173913043478,25.36231884057971,0.49651100375738055,35.75550187869028,3.9720880300590444,8.641975308641975,0.2281266774020397,0.10735373054213634,6.414385399892646,
53,19.16935050993022,25.41599570585078,0.49651100375738055,35.63472893183038,3.9452495974235107,8.400429414922169,0.4495437466451959,0.10735373054213634,6.380837359098229,
54,19.45786366076221,25.315351583467525,0.49651100375738055,35.52066559312936,3.92512077294686,8.3467525496511,0.4495437466451959,0.10735373054213634,6.380837359098229,
55,18.914385399892645,25.268384326355342,0.49651100375738055,35.30595813204509,5.367686527106817,8.064949006977992,0.4495437466451959,0.10735373054213634,6.025228126677402,
56,19.370638754696724,24.52361782071927,0.49651100375738055,35.03086419753087,5.139559849704777,9.198872785829307,0.4495437466451959,0.10735373054213634,5.683038110574342,
57,19.585346215780998,24.402844873859365,0.6239935587761675,34.957058507783145,5.12614063338701,9.138486312399356,0.4495437466451959,0.10735373054213634,5.609232420826624,
58,19.826892109500804,24.282071926999464,0.7045088566827697,34.896672034353195,5.0858829844337095,9.064680622651638,0.4495437466451959,0.10735373054213634,5.58239398819109,
59,20.034889962426195,24.208266237251745,0.7045088566827697,34.78931830381106,5.0858829844337095,9.037842190016104,0.4495437466451959,0.10735373054213634,5.58239398819109,
60,20.39049919484702,24.040526033279658,0.7045088566827697,34.68196457326892,5.072463768115942,8.997584541062801,0.4495437466451959,0.10735373054213634,5.555555555555555,
61,20.77294685990338,23.95330112721417,0.7045088566827697,34.41358024691358,5.072463768115942,8.984165324745035,0.4495437466451959,0.10735373054213634,5.542136339237788,
62,20.987654320987655,23.785560923242084,0.8319914117015567,34.326355340848096,5.018786902844874,8.964036500268385,0.4495437466451959,0.10735373054213634,5.528717122920021,
63,21.309715512614062,23.62453032742888,0.8319914117015567,34.18545356951154,5.018786902844874,8.964036500268385,0.4495437466451959,0.10735373054213634,5.508588298443371,
64,21.55126140633387,23.564143853998928,0.8319914117015567,34.044551798174986,5.018786902844874,8.957326892109501,0.43612453032742887,0.10735373054213634,5.488459473966721,
65,21.72571121846484,23.53059581320451,0.8319914117015567,33.93048845947396,5.018786902844874,8.957326892109501,0.43612453032742887,0.10735373054213634,5.4616210413311865,
66,22.14170692431562,23.21524422973698,0.8319914117015567,33.8768115942029,5.018786902844874,8.957326892109501,0.43612453032742887,0.10735373054213634,5.414653784219001,
67,22.289318303811058,23.201825013419217,0.8319914117015567,33.78958668813741,5.018786902844874,8.943907675791733,0.43612453032742887,0.10735373054213634,5.381105743424584,
68,22.470477724100913,23.121309715512613,0.8319914117015567,33.5077831454643,4.99194847020934,8.809715512614064,0.43612453032742887,0.10735373054213634,5.723295759527644,
69,22.550993022007514,23.09447128287708,0.8319914117015567,33.48094471282877,4.99194847020934,8.78287707997853,0.43612453032742887,0.10735373054213634,5.723295759527644,
70,22.81266774020397,22.993827160493826,0.8319914117015567,33.360171765968865,4.99194847020934,8.742619431025227,0.43612453032742887,0.10735373054213634,5.723295759527644,
71,22.906602254428343,22.65163714439077,1.1473429951690821,33.319914117015564,4.99194847020934,8.742619431025227,0.43612453032742887,0.10735373054213634,5.6964573268921095,
72,23.067632850241544,22.470477724100913,1.1473429951690821,33.45410628019324,4.99194847020934,8.648684916800859,0.43612453032742887,0.10735373054213634,5.676328502415459,
73,23.349436392914654,22.383252818035427,1.1473429951690821,33.299785292538914,4.99194847020934,8.621846484165324,0.43612453032742887,0.10735373054213634,5.662909286097692,
74,23.523886205045624,22.228931830381107,3.2675791733762747,31.374127750939344,4.985238862050457,8.581588835212024,0.43612453032742887,0.10735373054213634,5.495169082125604,
75,23.382984433709073,22.5577026301664,3.2206119162640903,31.260064412238325,4.985238862050457,8.55475040257649,0.43612453032742887,0.10735373054213634,5.495169082125604,
76,23.59098228663446,22.477187332259795,3.207192699946323,31.179549114331724,4.9718196457326895,8.53462157809984,0.43612453032742887,0.10735373054213634,5.495169082125604,
77,23.74530327428878,22.403381642512077,3.3950617283950617,30.951422436929683,4.9718196457326895,8.507783145464305,0.43612453032742887,0.10735373054213634,5.481749865807837,
78,23.98684916800859,22.36983360171766,3.388352120236178,30.689747718733226,4.944981213097155,8.601717659688674,0.43612453032742887,0.10735373054213634,5.475040257648954,
79,24.14117015566291,22.22222222222222,4.455179817498658,29.663177670424048,4.944981213097155,8.55475040257649,0.43612453032742887,0.10735373054213634,5.475040257648954,
80,24.510198604401502,22.067901234567902,5.005367686527107,29.045893719806763,4.944981213097155,8.467525496511003,0.43612453032742887,0.10735373054213634,5.414653784219001,
81,24.758454106280194,22.034353193773484,4.951690821256038,28.92512077294686,4.944981213097155,8.440687063875469,0.43612453032742887,0.10735373054213634,5.401234567901234,
82,25.0,21.866612989801396,5.045625335480408,28.75738056897477,4.944981213097155,8.440687063875469,0.43612453032742887,0.10735373054213634,5.401234567901234,
83,25.275093934514224,21.772678475577028,5.032206119162641,28.609769189479334,4.944981213097155,8.433977455716587,0.43612453032742887,0.10735373054213634,5.387815351583468,
84,24.718196457326894,21.812936124530328,5.032206119162641,28.33467525496511,5.8239398819108965,8.36688137412775,0.43612453032742887,0.10735373054213634,5.367686527106817,
85,24.832259796027913,21.68545356951154,5.032206119162641,28.18035426731079,5.776972624798712,8.601717659688674,0.43612453032742887,0.10735373054213634,5.347557702630167,
86,24.9194847020934,21.651905528717123,5.360976918947934,28.14680622651637,5.441492216854535,8.601717659688674,0.43612453032742887,0.10735373054213634,5.3341384863123995,
87,25.026838432635532,21.631776704240472,5.360976918947934,28.079710144927535,5.428073000536768,8.59500805152979,0.43612453032742887,0.10735373054213634,5.3341384863123995,
88,25.0402576489533,20.873590982286636,5.340848094471283,27.999194847020934,6.474771873322598,8.454106280193237,0.43612453032742887,0.10735373054213634,5.273752012882448,
89,24.771873322597962,20.578368223295758,5.320719269994632,27.985775630703166,5.9514224369296835,9.621578099838969,0.43612453032742887,0.10735373054213634,5.226784755770263,
90,24.798711755233494,19.97450348899624,5.320719269994632,27.697262479871174,6.816961889425658,9.621578099838969,0.43612453032742887,0.10735373054213634,5.226784755770263,
91,25.033548040794418,19.89398819108964,5.320719269994632,27.569779924852387,6.8035426731078905,9.608158883521202,0.43612453032742887,0.10735373054213634,5.226784755770263,
92,25.194578636607623,19.692699946323135,5.246913580246914,27.536231884057973,6.8035426731078905,9.514224369296834,0.43612453032742887,0.10735373054213634,5.46833064949007,
93,24.698067632850243,19.598765432098766,5.112721417069243,30.60252281266774,6.796833064949007,7.541599570585078,0.43612453032742887,0.10735373054213634,5.10601180891036,
94,24.97987117552335,19.558507783145465,5.0791733762748255,30.44820182501342,6.763285024154589,7.521470746108427,0.43612453032742887,0.10735373054213634,5.10601180891036,
95,25.295222758990874,19.55179817498658,5.072463768115942,30.19994632313473,6.736446591519055,7.494632313472893,0.43612453032742887,0.10735373054213634,5.10601180891036,
96,25.275093934514224,19.155931293612454,5.347557702630167,28.824476650563607,8.3064949006978,7.447665056360709,0.43612453032742887,0.10735373054213634,5.0993022007514766,
97,25.43612453032743,19.122383252818036,5.287171229200215,28.797638217928075,8.299785292538916,7.4141170155662905,0.43612453032742887,0.10735373054213634,5.0993022007514766,
98,25.597155126140635,19.0955448201825,5.253623188405797,28.743961352657006,8.299785292538916,7.407407407407407,0.43612453032742887,0.10735373054213634,5.059044551798175,
99,25.89908749329039,19.07541599570585,5.233494363929147,28.71712292002147,8.105206655931294,7.367149758454106,0.43612453032742887,0.10735373054213634,5.059044551798175,
100,25.717928073000536,18.612453032742888,5.226784755770263,29.435050993022006,8.051529790660226,7.360440150295223,0.43612453032742887,0.10735373054213634,5.052334943639291,
101,25.89237788513151,18.54535695115405,5.226784755770263,29.25389157273215,8.024691358024691,7.360440150295223,0.5367686527106817,0.10735373054213634,5.052334943639291,
102,26.29495437466452,18.276972624798713,5.186527106816962,29.1935050993022,8.017981749865807,7.360440150295223,0.5367686527106817,0.10735373054213634,5.025496511003757,
103,26.1808910359635,17.85426731078905,5.850778314546431,29.146537842190018,7.977724100912507,7.333601717659689,0.5367686527106817,0.10735373054213634,5.01207729468599,
104,25.469672571121848,17.69994632313473,6.360708534621578,29.0727321524423,7.501341921631776,8.440687063875469,0.36902844873859364,0.10735373054213634,4.978529253891573,
105,25.657541599570585,17.69994632313473,6.327160493827161,29.01905528717123,7.474503488996243,8.400429414922169,0.36902844873859364,0.10735373054213634,4.944981213097155,
106,25.335480407944175,16.74718196457327,6.327160493827161,30.3743961352657,7.440955448201825,8.360171765968868,0.36902844873859364,0.10735373054213634,4.938271604938271,
107,25.261674718196456,16.67337627482555,7.588566827697263,29.180085882984432,7.380568974771873,8.501073537305421,0.36902844873859364,0.10735373054213634,4.938271604938271,
108,25.409286097691894,16.646537842190018,7.474503488996243,29.07944176060118,7.380568974771873,8.501073537305421,0.46296296296296297,0.10735373054213634,4.938271604938271,
109,25.744766505636072,16.552603327965645,7.461084272678476,28.985507246376812,7.37385936661299,8.501073537305421,0.4495437466451959,0.10735373054213634,4.824208266237251,
110,25.644122383252817,16.06280193236715,7.25979602791197,28.663446054750402,7.37385936661299,9.88996242619431,0.4495437466451959,0.10735373054213634,4.549114331723027,
111,25.831991411701555,16.06280193236715,7.253086419753086,28.522544283413847,7.37385936661299,9.849704777241008,0.4495437466451959,0.10735373054213634,4.549114331723027,
112,26.060118089103597,16.06280193236715,7.226247987117552,28.428609769189478,7.37385936661299,9.809447128287708,0.4495437466451959,0.10735373054213634,4.4820182501341925,
113,26.341921631776703,15.814546430488459,7.39398819108964,28.31454643048846,7.320182501341922,9.796027911969942,0.4495437466451959,0.10735373054213634,4.461889425657541,
114,26.536500268384327,15.821256038647343,7.326892109500805,28.27428878153516,7.320182501341922,9.73564143853999,0.4495437466451959,0.10735373054213634,4.428341384863124,
115,26.54320987654321,15.774288781535159,7.306763285024155,28.193773483628558,7.467793880837359,9.73564143853999,0.4428341384863124,0.10735373054213634,4.428341384863124,
116,26.717659688674182,15.707192699946322,7.306763285024155,28.113258185721953,7.467793880837359,9.708803005904455,0.4428341384863124,0.10735373054213634,4.428341384863124,
117,26.81159420289855,15.687063875469672,7.75630703166935,27.72410091250671,7.440955448201825,9.655126140633387,0.4227053140096618,0.10735373054213634,4.394793344068707,
118,26.99946323134729,15.626677402039721,7.75630703166935,27.67042404723564,7.367149758454106,9.655126140633387,0.4227053140096618,0.10735373054213634,4.394793344068707,
119,26.90552871712292,15.519323671497585,7.105475040257649,26.84514224369297,7.367149758454106,9.648416532474503,0.4227053140096618,0.10735373054213634,6.078904991948471,
120,27.126945786366075,15.49248523886205,7.078636607622115,26.778046162104133,7.313472893183038,9.601449275362318,0.4227053140096618,0.10735373054213634,6.078904991948471,
121,27.086688137412775,15.60654857756307,7.078636607622115,26.737788513150832,7.313472893183038,9.567901234567902,0.4227053140096618,0.10735373054213634,6.078904991948471,
122,26.435856146001072,14.244498121309716,7.018250134192163,28.435319377348364,6.595544820182502,9.554482018250134,0.4227053140096618,0.10735373054213634,7.185990338164252,
123,26.536500268384327,14.237788513150832,7.018250134192163,28.381642512077295,6.595544820182502,9.5276435856146,0.4227053140096618,0.10735373054213634,7.1725711218464845,
124,26.529790660225444,13.895598497047773,8.05823939881911,27.42216854535695,6.561996779388084,9.514224369296834,0.20799785292538917,0.10735373054213634,7.702630166398282,
125,23.17498658078368,19.028448738593667,8.044820182501342,27.126945786366075,5.683038110574342,8.984165324745035,0.20799785292538917,0.10735373054213634,7.64224369296833,
126,23.2487922705314,18.92109500805153,7.997852925389157,27.70397208803006,5.683038110574342,8.507783145464305,0.20799785292538917,0.10735373054213634,7.62211486849168,
127,23.544015029522274,18.82716049382716,7.98443370907139,27.643585614600106,5.589103596349974,8.541331186258722,0.20799785292538917,0.10735373054213634,7.555018786902845,
128,21.034621578099838,16.566022544283413,7.4141170155662905,35.35292538915727,3.6634460547504024,8.527911969940956,0.20799785292538917,0.10735373054213634,7.125603864734299,
129,21.101717659688674,15.774288781535159,7.648953301127214,35.07112184648417,4.62962962962963,8.333333333333334,0.20799785292538917,0.10735373054213634,7.125603864734299,
130,21.55126140633387,15.76086956521739,7.5348899624261945,34.82286634460547,4.5893719806763285,8.299785292538916,0.20799785292538917,0.10735373054213634,7.125603864734299,
131,21.73913043478261,15.707192699946322,7.5281803542673105,34.735641438539986,4.5893719806763285,8.293075684380032,0.20799785292538917,0.10735373054213634,7.092055823939882,
132,21.900161030595815,15.619967793880837,7.50805152979066,33.87010198604401,3.9855072463768115,8.246108427267847,0.20799785292538917,0.10735373054213634,8.55475040257649,
133,22.0276435856146,15.613258185721953,7.494632313472893,33.7962962962963,3.978797638217928,8.246108427267847,0.20799785292538917,0.10735373054213634,8.527911969940956,
134,22.34970477724101,15.5126140633387,7.4141170155662905,33.7157809983897,3.9452495974235107,8.232689210950081,0.20128824476650564,0.10735373054213634,8.521202361782072,
135,22.517444981213096,15.4723564143854,7.4141170155662905,33.62855609232421,3.9184111647879765,8.232689210950081,0.20128824476650564,0.10735373054213634,8.507783145464305,
136,22.779119699409556,15.445517981749866,7.407407407407407,33.55475040257649,3.8848631239935587,8.13875469672571,0.20128824476650564,0.10735373054213634,8.480944712828771,
137,22.953569511540525,15.411969940955448,7.407407407407407,33.48765432098765,3.8848631239935587,8.11862587224906,0.20128824476650564,0.10735373054213634,8.427267847557703,
138,23.161567364465917,15.365002683843263,7.407407407407407,33.340042941492214,3.878153515834675,8.11862587224906,0.20128824476650564,0.10735373054213634,8.420558239398819,
139,23.329307568438004,15.351583467525497,7.4006977992485234,33.1857219538379,3.878153515834675,7.877079978529254,0.20128824476650564,0.10735373054213634,8.668813741277509,
140,23.57085346215781,15.28448738593666,7.353730542136339,33.1454643048846,4.206924315619967,7.763016639828234,0.20128824476650564,0.10735373054213634,8.36688137412775,
141,23.731884057971016,15.150295222758992,7.588566827697263,32.84353193773484,4.911433172302737,7.326892109500805,0.20128824476650564,0.06709608158883522,8.179012345679013,
142,23.349436392914654,15.123456790123457,7.454374664519592,33.13875469672571,4.864465915190553,8.507783145464305,0.20128824476650564,0.06709608158883522,7.2933440687063875,
143,23.53059581320451,14.982555018786902,7.320182501341922,32.8972088030059,4.864465915190553,8.507783145464305,0.20128824476650564,0.06709608158883522,7.628824476650563,
144,23.483628556092324,14.962426194310252,7.25979602791197,32.045088566827694,5.897745571658615,8.467525496511003,0.20128824476650564,0.06709608158883522,7.615405260332796,
145,23.64465915190553,14.949006977992486,7.4006977992485234,31.743156199677937,5.877616747181965,8.447396672034353,0.2549651100375738,0.06709608158883522,7.615405260332796,
146,22.25577026301664,13.707729468599034,6.709608158883521,31.239935587761675,11.54723564143854,7.796564680622652,0.2147074610842727,0.06709608158883522,6.461352657004831,
147,22.36983360171766,13.6808910359635,6.709608158883521,31.206387546967257,11.506977992485238,7.796564680622652,0.2147074610842727,0.06709608158883522,6.447933440687064,
148,22.665056360708533,13.654052603327965,6.78341384863124,30.9044551798175,11.500268384326356,7.796564680622652,0.2147074610842727,0.06709608158883522,6.414385399892646,
149,22.926731078904993,13.593666129898015,6.696188942565755,30.730005367686527,10.95679012345679,7.742887815351583,0.2147074610842727,0.05367686527106817,7.085346215780999,
150,23.013955984970476,12.130971551261407,6.696188942565755,32.15915190552872,10.95679012345679,7.716049382716049,0.2147074610842727,0.05367686527106817,7.058507783145465,
151,23.201825013419217,12.030327428878154,6.629092860976919,32.098765432098766,10.923242082662373,7.803274288781535,0.2147074610842727,0.05367686527106817,7.0450885668276975,
152,23.617820719269993,12.016908212560386,6.622383252818035,31.97799248523886,10.889694041867955,7.749597423510467,0.2147074610842727,0.05367686527106817,6.857219538378959,
153,23.68491680085883,11.238593666129898,6.608964036500268,31.602254428341386,11.943102522812667,7.830112721417069,0.2147074610842727,0.05367686527106817,6.823671497584541,
154,23.772141706924316,11.191626409017713,6.743156199677939,30.636070853462158,11.75523349436393,7.7898550724637685,0.2147074610842727,0.05367686527106817,7.843531937734836,
155,23.980139559849704,11.191626409017713,6.870638754696726,30.54884594739667,11.728395061728396,7.37385936661299,0.2147074610842727,0.05367686527106817,8.038110574342458,
156,24.27536231884058,11.191626409017713,6.810252281266774,30.387815351583466,11.681427804616211,7.37385936661299,0.2147074610842727,0.05367686527106817,8.011272141706923,
157,24.18142780461621,10.889694041867955,6.655931293612453,29.750402576489535,11.600912506709609,8.675523349436393,0.2147074610842727,0.05367686527106817,7.977724100912507,
158,24.422973698336016,10.84272678475577,6.723027375201288,29.61621041331186,11.594202898550725,8.628556092324208,0.2147074610842727,0.05367686527106817,7.9039184111647875,
159,24.724906065485776,10.836017176596886,6.66935050993022,29.435050993022006,11.580783682232958,8.581588835212024,0.2147074610842727,0.05367686527106817,7.9039184111647875,
160,24.93961352657005,10.82259796027912,6.66935050993022,29.381374127750938,11.500268384326356,8.541331186258722,0.2147074610842727,0.05367686527106817,7.877079978529254,
161,25.15432098765432,10.782340311325818,6.608964036500268,29.24718196457327,11.493558776167472,8.433977455716587,0.2147074610842727,0.05367686527106817,8.011272141706923,
162,24.832259796027913,11.16478797638218,6.608964036500268,29.24718196457327,11.466720343531938,8.400429414922169,0.2147074610842727,0.05367686527106817,8.011272141706923,
163,24.771873322597962,11.09098228663446,6.877348362855609,29.03918411164788,11.466720343531938,8.272946859903382,0.4294149221685454,0.05367686527106817,7.997852925389157,
164,24.838969404186795,10.997047772410092,6.870638754696726,28.911701556629094,12.842190016103059,7.071926999463232,0.4294149221685454,0.05367686527106817,7.98443370907139,
165,24.932903918411164,10.970209339774557,6.870638754696726,28.911701556629094,12.828770799785293,7.065217391304348,0.4294149221685454,0.05367686527106817,7.937466451959206,
166,25.281803542673106,10.889694041867955,6.870638754696726,28.75738056897477,12.808641975308642,7.065217391304348,0.4294149221685454,0.05367686527106817,7.843531937734836,
167,25.543478260869566,10.849436392914654,6.823671497584541,28.569511540526033,12.754965110037574,7.051798174986581,0.5099302200751477,0.05367686527106817,7.843531937734836,
168,25.691089640365004,10.849436392914654,6.769994632313473,28.522544283413847,12.754965110037574,7.004830917874396,0.5099302200751477,0.05367686527106817,7.843531937734836,
169,25.503220611916262,10.721953837895867,6.320450885668277,27.771068169618893,12.647611379495437,6.998121309715513,0.5099302200751477,0.05367686527106817,9.473966720343531,
170,25.577026301663984,10.695115405260333,6.286902844873859,27.68384326355341,12.419484702093397,6.877348362855609,0.5032206119162641,0.05367686527106817,9.903381642512077,
171,25.650831991411703,10.661567364465915,6.266774020397209,27.66371443907676,12.419484702093397,6.877348362855609,0.5032206119162641,0.05367686527106817,9.903381642512077,
172,25.79844337090714,10.63472893183038,6.239935587761675,27.636876006441224,12.399355877616747,6.843800322061192,0.5032206119162641,0.05367686527106817,9.88996242619431,
173,25.97289318303811,10.63472893183038,6.206387546967257,27.569779924852387,12.365807836822329,6.810252281266774,0.5032206119162641,0.05367686527106817,9.883252818035427,
174,26.147342995169083,10.628019323671497,6.199677938808374,27.542941492216855,12.352388620504563,6.769994632313473,0.5032206119162641,0.05367686527106817,9.802737520128824,
175,26.442565754159958,10.59447128287708,6.179549114331723,27.455716586151368,12.25174449812131,6.749865807836822,0.5032206119162641,0.05367686527106817,9.769189479334408,
176,26.757917337627482,10.487117552334944,6.286902844873859,27.274557165861513,12.177938808373591,6.749865807836822,0.5032206119162641,0.05367686527106817,9.708803005904455,
177,26.35534084809447,10.399892646269459,5.917874396135265,29.139828234031132,11.580783682232958,6.561996779388084,0.5032206119162641,0.05367686527106817,9.4873859366613,
178,26.590177133655395,10.305958132045088,5.917874396135265,29.106280193236714,11.486849168008588,6.561996779388084,0.5032206119162641,0.05367686527106817,9.473966720343531,
179,26.34863123993559,10.25228126677402,5.917874396135265,28.965378421900162,12.493290391841116,6.521739130434782,0.5032206119162641,0.05367686527106817,8.943907675791733,
180,26.48953301127214,10.25228126677402,5.917874396135265,28.931830381105744,12.446323134728932,6.521739130434782,0.5032206119162641,0.05367686527106817,8.883521202361782,
181,26.288244766505635,10.198604401502953,7.004830917874396,28.207192699946322,12.419484702093397,6.521739130434782,0.5032206119162641,0.05367686527106817,8.80300590445518,
182,26.710950080515296,10.185185185185185,7.0450885668276975,28.026033279656467,12.352388620504563,6.360708534621578,0.5032206119162641,0.05367686527106817,8.76274825550188,
183,26.194310252281266,10.124798711755233,6.796833064949007,29.71014492753623,12.325550187869029,5.891035963499732,0.5032206119162641,0.05367686527106817,8.400429414922169,
184,26.06682769726248,10.084541062801932,6.273483628556092,29.180085882984432,12.238325281803542,5.884326355340848,0.5032206119162641,0.05367686527106817,9.71551261406334,
185,26.174181427804616,10.057702630166398,6.273483628556092,29.166666666666668,12.238325281803542,5.877616747181965,0.5032206119162641,0.05367686527106817,9.655126140633387,
186,26.35534084809447,10.037573805689748,6.206387546967257,29.106280193236714,12.23161567364466,5.877616747181965,0.5032206119162641,0.05367686527106817,9.628287707997853,
187,26.422436929683307,10.030864197530864,6.206387546967257,29.025764895330113,12.164519592055823,5.877616747181965,0.5032206119162641,0.04696725711218465,9.722222222222221,
188,25.939345142243692,8.917069243156199,6.099033816425121,29.97181964573269,12.097423510466989,6.716317767042405,0.5032206119162641,0.04696725711218465,9.708803005904455,
189,26.160762211486848,8.903650026838433,6.099033816425121,29.931561996779386,12.057165861513688,6.6827697262479875,0.5032206119162641,0.04696725711218465,9.614868491680086,
190,26.321792807300053,8.856682769726248,6.092324208266238,29.851046698872786,12.02361782071927,6.649221685453569,0.5032206119162641,0.04696725711218465,9.655126140633387,
191,26.52308105206656,8.849973161567364,6.031937734836285,29.770531400966185,11.98336017176597,6.649221685453569,0.5032206119162641,0.04696725711218465,9.64170692431562,
192,26.596886741814277,8.84326355340848,6.025228126677402,29.73027375201288,11.98336017176597,6.649221685453569,0.5032206119162641,0.04696725711218465,9.621578099838969,
193,26.7512077294686,8.82313472893183,6.300322061191626,29.421631776704242,11.916264090177133,6.622383252818035,0.5032206119162641,0.04696725711218465,9.614868491680086,
194,25.771604938271604,8.360171765968868,6.1929683306494905,35.12479871175523,10.23215244229737,4.4753086419753085,0.2885131508319914,0.04696725711218465,9.50751476113795,
195,25.986312399355878,8.3467525496511,6.179549114331723,34.876543209876544,10.185185185185185,4.461889425657541,0.4294149221685454,0.04696725711218465,9.4873859366613,
196,25.89237788513151,8.219269994632313,6.172839506172839,34.715512614063336,9.494095544820183,5.649490069779925,0.4294149221685454,0.04696725711218465,9.380032206119163,
197,26.080246913580247,8.185721953837897,6.172839506172839,34.64170692431562,9.46725711218465,5.636070853462158,0.4294149221685454,0.04696725711218465,9.339774557165862,
198,26.194310252281266,8.179012345679013,6.132581857219538,34.594739667203434,9.386741814278047,5.515297906602254,0.4294149221685454,0.04696725711218465,9.520933977455716,
199,26.261406333870102,8.172302737520129,6.400966183574879,34.27938808373591,9.373322597960279,5.515297906602254,0.4294149221685454,0.04696725711218465,9.520933977455716,
200,26.32850241545894,8.064949006977992,6.380837359098229,34.23242082662372,9.50751476113795,5.501878690284487,0.4294149221685454,0.04696725711218465,9.50751476113795,
201,26.46940418679549,8.111916264090176,6.367418142780462,34.15861513687601,9.50751476113795,5.495169082125604,0.4294149221685454,0.04696725711218465,9.41358024691358,
202,26.623725174449813,8.111916264090176,6.468062265163715,34.05126140633387,9.380032206119163,5.495169082125604,0.4294149221685454,0.04696725711218465,9.39345142243693,
203,26.939076757917338,8.09849704777241,6.642512077294686,33.89023081052066,9.292807300053678,5.46833064949007,0.4294149221685454,0.04696725711218465,9.192163177670425,
204,27.113526570048307,8.091787439613526,6.608964036500268,33.82984433709071,9.252549651100376,5.46833064949007,0.4294149221685454,0.04696725711218465,9.158615136876007,
205,27.34836285560923,8.07836822329576,6.595544820182502,33.72920021470746,9.192163177670425,5.448201825013419,0.4294149221685454,0.04696725711218465,9.131776704240472,
206,27.469135802469136,8.044820182501342,6.568706387546968,33.69565217391305,9.192163177670425,5.441492216854535,0.4294149221685454,0.04696725711218465,9.111647879763822,
207,27.482555018786904,8.111916264090176,6.561996779388084,33.675523349436396,9.16532474503489,5.441492216854535,0.4294149221685454,0.04696725711218465,9.084809447128288,
208,27.65029522275899,8.051529790660226,6.494900697799249,33.56816961889426,9.118357487922705,5.407944176060118,0.4294149221685454,0.04696725711218465,9.232420826623725,
209,28.113258185721953,8.024691358024691,6.427804616210413,33.373590982286636,9.01100375738057,5.381105743424584,0.4294149221685454,0.04696725711218465,9.192163177670425,
210,28.408480944712828,7.944176060118089,6.481481481481482,33.25281803542673,8.943907675791733,5.381105743424584,0.4294149221685454,0.04696725711218465,9.111647879763822,
211,27.84487385936661,7.695920558239399,6.481481481481482,32.13231347289318,10.983628556092324,5.340848094471283,0.4294149221685454,0.04696725711218465,9.044551798174986,
212,27.865002683843265,7.682501341921632,6.689479334406871,31.253354804079443,10.950080515297907,5.280461621041331,0.9796027911969941,0.04696725711218465,9.252549651100376,
213,28.052871712292003,7.669082125603865,6.6827697262479875,31.15271068169619,10.943370907139023,5.280461621041331,0.9393451422436929,0.04696725711218465,9.232420826623725,
214,28.153515834675254,7.669082125603865,6.6827697262479875,31.072195383789587,10.943370907139023,5.280461621041331,0.9259259259259259,0.04696725711218465,9.225711218464841,
215,27.241009125067094,7.467793880837359,6.622383252818035,35.628019323671495,9.88996242619431,4.05931293612453,0.8990874932903918,0.04696725711218465,8.145464304884594,
216,27.34165324745035,7.467793880837359,6.595544820182502,35.57434245840043,9.86983360171766,4.05931293612453,0.8990874932903918,0.04696725711218465,8.145464304884594,
217,27.51610305958132,7.454374664519592,6.595544820182502,35.487117552334944,9.809447128287708,4.05931293612453,0.8990874932903918,0.04696725711218465,8.132045088566828,
218,27.717391304347824,7.427536231884058,6.468062265163715,35.31266774020397,9.782608695652174,4.233762748255502,0.8856682769726248,0.04696725711218465,8.125335480407944,
219,28.046162104133117,7.380568974771873,6.468062265163715,35.16505636070853,9.728931830381105,4.2270531400966185,0.8856682769726248,0.04696725711218465,8.051529790660226,
220,28.227321524422972,7.353730542136339,6.447933440687064,35.04428341384863,9.71551261406334,4.2270531400966185,0.8856682769726248,0.04696725711218465,8.051529790660226,
221,28.247450348899623,7.320182501341922,6.4345142243692965,34.896672034353195,9.71551261406334,4.2270531400966185,0.8856682769726248,0.04696725711218465,8.225979602791197,
222,28.23403113258186,6.91760601180891,6.407675791733762,34.346484165324746,11.426462694578637,3.569511540526033,0.8856682769726248,0.04696725711218465,8.165593129361245,
223,27.999194847020934,6.910896403650026,6.387546967257112,33.823134728931834,11.292270531400966,4.663177670424047,0.8856682769726248,0.04696725711218465,7.991143317230274,
224,28.052871712292003,6.890767579173376,6.387546967257112,33.823134728931834,11.285560923242082,4.643048845947397,0.8856682769726248,0.04696725711218465,7.98443370907139,
225,28.207192699946322,6.884057971014493,6.481481481481482,33.662104133118625,11.231884057971014,4.62962962962963,0.8856682769726248,0.04696725711218465,7.971014492753623,
226,28.475577026301664,6.857219538378959,6.461352657004831,33.52791196994095,11.191626409017713,4.616210413311863,0.8856682769726248,0.04696725711218465,7.937466451959206,
227,28.569511540526033,6.850509930220075,6.454643048845948,33.5077831454643,11.191626409017713,4.5893719806763285,0.8856682769726248,0.04696725711218465,7.9039184111647875,
228,28.75738056897477,6.850509930220075,6.454643048845948,33.3467525496511,11.191626409017713,4.562533548040794,0.8856682769726248,0.04696725711218465,7.9039184111647875,
229,28.85131508319914,6.850509930220075,6.454643048845948,33.2662372517445,11.191626409017713,4.549114331723027,0.8856682769726248,0.04696725711218465,7.9039184111647875,
230,28.891572732152444,6.843800322061192,6.575415995705851,33.1454643048846,11.16478797638218,4.542404723564144,0.8856682769726248,0.04696725711218465,7.9039184111647875,
231,28.972088030059044,6.843800322061192,6.568706387546968,33.111916264090176,11.16478797638218,4.542404723564144,0.8856682769726248,0.04696725711218465,7.863660762211487,
232,28.73054213633924,6.736446591519055,6.568706387546968,33.61513687600644,11.084272678475577,4.528985507246377,0.8856682769726248,0.04696725711218465,7.803274288781535,
233,28.878153515834676,6.736446591519055,6.568706387546968,33.55475040257649,11.05072463768116,4.528985507246377,0.8856682769726248,0.04696725711218465,7.749597423510467,
234,29.086151368760063,6.736446591519055,6.535158346752549,33.48765432098765,10.95679012345679,4.522275899087493,0.8856682769726248,0.04696725711218465,7.742887815351583,
235,29.280730005367687,6.716317767042405,6.508319914117015,33.43397745571659,10.86285560923242,4.522275899087493,0.8856682769726248,0.04696725711218465,7.742887815351583,
236,29.58937198067633,6.709608158883521,6.488191089640365,33.23939881910896,10.809178743961352,4.502147074610843,0.8856682769726248,0.04696725711218465,7.729468599033816,
237,29.7638217928073,6.702898550724638,6.4345142243692965,33.23268921095008,10.755501878690284,4.4820182501341925,0.8856682769726248,0.04696725711218465,7.695920558239399,
238,29.736983360171767,6.655931293612453,5.656199677938808,32.6556629092861,10.755501878690284,4.408212560386473,0.8856682769726248,0.04696725711218465,9.198872785829307,
239,29.837627482555018,6.635802469135802,5.642780461621041,32.52147074610843,10.721953837895867,4.408212560386473,0.8856682769726248,0.04696725711218465,9.29951690821256,
240,30.112721417069242,6.629092860976919,5.629361245303274,32.33360171765969,10.721953837895867,4.394793344068707,0.8856682769726248,0.04696725711218465,9.245840042941492,
241,30.16639828234031,6.629092860976919,5.589103596349974,32.21953837895867,10.701825013419215,4.294149221685454,0.8856682769726248,0.04696725711218465,9.46725711218465,
242,30.35426731078905,6.602254428341385,5.5756843800322065,32.10547504025765,10.674986580783683,4.294149221685454,0.8856682769726248,0.04696725711218465,9.460547504025765,
243,30.50858829844337,6.602254428341385,5.548845947396672,32.05179817498658,10.628019323671497,4.280730005367687,0.8856682769726248,0.04696725711218465,9.447128287707997,
244,30.649490069779926,6.582125603864735,5.535426731078905,32.024959742351044,10.373054213633925,4.522275899087493,0.8856682769726248,0.04696725711218465,9.380032206119163,
245,30.71658615136876,6.582125603864735,5.508588298443371,31.99812130971551,10.373054213633925,4.522275899087493,0.8856682769726248,0.04696725711218465,9.366612989801396,
246,30.96484165324745,6.5552871712292005,5.488459473966721,31.910896403650028,10.312667740203972,4.468599033816425,0.8856682769726248,0.04696725711218465,9.366612989801396,
247,31.219806763285025,6.5485775630703165,5.4616210413311865,31.743156199677937,10.272410091250672,4.468599033816425,0.8856682769726248,0.04696725711218465,9.353193773483628,
248,31.36070853462158,6.5485775630703165,5.4616210413311865,31.61567364465915,10.258990874932904,4.468599033816425,0.8856682769726248,0.04696725711218465,9.353193773483628,
