,45,50,51,53,55,52,54,56,57,58
0,100.0,,,,,,,,,
1,99.91277509393451,0.08722490606548577,,,,,,,,
2,99.83225979602791,0.16774020397208803,,,,,,,,
3,99.44981213097155,0.5501878690284487,,,,,,,,
4,99.44981213097155,0.5501878690284487,,,,,,,,
5,91.6935050993022,8.3064949006978,,,,,,,,
6,86.70155662909286,13.298443370907139,,,,,,,,
7,86.70155662909286,13.298443370907139,,,,,,,,
8,83.45410628019323,16.545893719806763,,,,,,,,
9,78.43531937734836,21.564680622651636,,,,,,,,
10,78.44873859366614,21.55126140633387,,,,,,,,
11,74.28878153515835,25.711218464841654,,,,,,,,
12,73.8191089640365,25.295222758990874,0.8856682769726248,,,,,,,
13,72.49731615673645,26.56333870101986,0.8856682769726248,0.05367686527106817,,,,,,
14,65.52603327965647,33.53462157809984,0.8856682769726248,0.05367686527106817,,,,,,
15,62.104133118625874,36.95652173913044,0.8856682769726248,0.05367686527106817,,,,,,
16,59.957058507783145,39.009661835748794,0.8856682769726248,0.05367686527106817,0.0939345142243693,,,,,
17,58.682232957595275,36.842458400429415,4.327697262479871,0.05367686527106817,0.0939345142243693,,,,,
18,58.57487922705314,36.94981213097155,4.327697262479871,0.05367686527106817,0.0939345142243693,,,,,
19,58.601717659688674,36.81561996779388,4.327697262479871,0.05367686527106817,0.0939345142243693,0.10735373054213634,,,,
20,58.61513687600644,36.36607622114869,4.327697262479871,0.48980139559849706,0.0939345142243693,0.10735373054213634,,,,
21,56.66935050993022,33.15217391304348,9.4873859366613,0.48980139559849706,0.0939345142243693,0.10735373054213634,,,,
22,56.70960815888352,33.1454643048846,9.453837895866881,0.48980139559849706,0.0939345142243693,0.10735373054213634,,,,
23,52.95893719806763,36.91626409017714,9.433709071390231,0.48980139559849706,0.0939345142243693,0.10735373054213634,,,,
24,52.784487385936664,36.74852388620504,9.574610842726784,0.48980139559849706,0.0939345142243693,0.30864197530864196,,,,
25,52.10681696188943,39.512882447665056,7.48792270531401,0.48980139559849706,0.0939345142243693,0.30864197530864196,,,,
26,52.13365539452496,39.48604401502952,7.48792270531401,0.48980139559849706,0.0939345142243693,0.30864197530864196,,,,
27,50.15432098765432,41.297638217928075,7.48792270531401,0.6575415995705851,0.0939345142243693,0.30864197530864196,,,,
28,49.785292538915726,41.63311862587225,7.380568974771873,0.798443370907139,0.0939345142243693,0.30864197530864196,,,,
29,49.80542136339238,41.619699409554485,7.37385936661299,0.798443370907139,0.0939345142243693,0.30864197530864196,,,,
30,49.704777241009126,41.720343531937736,7.37385936661299,0.798443370907139,0.0939345142243693,0.30864197530864196,,,,
31,49.765163714439076,41.49892646269458,7.360440150295223,0.9259259259259259,0.14090177133655393,0.30864197530864196,,,,
32,49.83225979602791,40.707192699946326,7.300053676865271,0.9259259259259259,0.0939345142243693,1.1406333870101986,,,,
33,47.45034889962426,42.860976918947934,7.212828770799785,1.261406333870102,0.0939345142243693,1.1205045625335481,,,,
34,46.786097691894796,41.96188942565754,8.776167471819646,1.261406333870102,0.0939345142243693,1.1205045625335481,,,,
35,46.826355340848096,41.93505099302201,8.76274825550188,1.261406333870102,0.0939345142243693,1.1205045625335481,,,,
36,46.35668276972625,40.673644659151904,10.909822866344605,0.8454106280193237,0.0939345142243693,1.1205045625335481,,,,
37,41.2842190016103,47.57112184648417,9.205582393988191,0.8319914117015567,0.0939345142243693,1.0131508319914118,,,,
38,41.31105743424584,47.54428341384863,9.205582393988191,0.8319914117015567,0.0939345142243693,1.0131508319914118,,,,
39,40.754159957058505,48.490338164251206,9.205582393988191,0.8319914117015567,0.0939345142243693,0.6239935587761675,,,,
40,40.82125603864734,48.48362855609233,9.145195920558239,0.8319914117015567,0.0939345142243693,0.6239935587761675,,,,
41,40.86151368760064,47.69189479334407,9.118357487922705,0.8319914117015567,0.0939345142243693,0.6239935587761675,0.7783145464304885,,,
42,39.99597423510467,46.256038647343,10.93666129898014,0.8319914117015567,0.17444981213097155,1.0265700483091786,0.7783145464304885,,,
43,39.761137949543745,46.081588835212024,9.212292002147075,0.8319914117015567,0.17444981213097155,3.1602254428341383,0.7783145464304885,,,
44,39.80810520665593,46.041331186258724,9.205582393988191,0.8319914117015567,0.17444981213097155,3.1602254428341383,0.7783145464304885,,,
45,38.747987117552334,46.947128287708,9.205582393988191,0.9863123993558777,0.17444981213097155,3.1602254428341383,0.7783145464304885,,,
46,38.69431025228127,46.826355340848096,9.205582393988191,1.0466988727858293,0.2885131508319914,3.1602254428341383,0.7783145464304885,,,
47,38.58024691358025,44.155931293612454,8.715780998389693,4.320987654320987,0.2885131508319914,3.1602254428341383,0.7783145464304885,,,
48,38.62721417069243,44.115673644659154,8.715780998389693,4.314278046162104,0.2885131508319914,3.1602254428341383,0.7783145464304885,,,
49,38.781535158346756,43.86741814278046,8.454106280193237,4.30756843800322,0.5099302200751477,3.140096618357488,0.9393451422436929,,,
50,38.88217928073001,43.78690284487386,8.454106280193237,4.28743961352657,0.5099302200751477,3.140096618357488,0.9393451422436929,,,
51,38.909017713365536,43.76006441223833,8.454106280193237,4.28743961352657,0.5099302200751477,3.140096618357488,0.9393451422436929,,,
52,38.93585614600107,43.74664519592056,8.440687063875469,4.28743961352657,0.5099302200751477,3.140096618357488,0.9393451422436929,,,
53,38.96269457863661,43.73322597960279,8.440687063875469,4.274020397208803,0.5099302200751477,3.140096618357488,0.9393451422436929,,,
54,37.05716586151369,44.887278582930755,11.2788513150832,1.8786902844873858,0.5099302200751477,3.140096618357488,1.247987117552335,,,
55,37.084004294149224,44.79334406870639,11.252012882447666,1.8786902844873858,0.6038647342995169,3.140096618357488,1.247987117552335,,,
56,37.124261943102525,44.65244229736983,11.252012882447666,1.8451422436929683,0.6038647342995169,3.140096618357488,1.3821792807300053,,,
57,37.17122920021471,44.639023081052066,11.231884057971014,1.8317230273752012,0.6038647342995169,3.140096618357488,1.3821792807300053,,,
58,37.27187332259796,44.538378958668815,11.231884057971014,1.8317230273752012,0.6038647342995169,3.140096618357488,1.3821792807300053,,,
59,37.285292538915726,44.524959742351044,11.231884057971014,1.8317230273752012,0.6038647342995169,3.140096618357488,1.3821792807300053,,,
60,37.39935587761675,44.47128287707998,11.20504562533548,1.7981749865807837,0.6038647342995169,3.140096618357488,1.3821792807300053,,,
61,37.453032742887814,44.44444444444444,11.178207192699947,1.7981749865807837,0.6038647342995169,3.140096618357488,1.3821792807300053,,,
62,37.486580783682236,44.44444444444444,11.16478797638218,1.7981749865807837,0.6038647342995169,3.140096618357488,1.3620504562533549,,,
63,37.513419216317764,44.30354267310789,11.030595813204508,1.9390767579173376,0.6038647342995169,3.140096618357488,1.3620504562533549,0.10735373054213634,,
64,37.09742351046699,44.538378958668815,11.11111111111111,1.7981749865807837,0.6038647342995169,3.3950617283950617,1.3486312399355878,0.10735373054213634,,
65,36.93639291465379,43.53193773483628,11.11111111111111,1.7981749865807837,0.5904455179817498,4.575952764358561,1.3486312399355878,0.10735373054213634,,
66,36.983360171765966,43.51851851851852,11.077563070316694,1.7981749865807837,0.5904455179817498,4.575952764358561,1.3486312399355878,0.10735373054213634,,
67,35.84272678475577,41.176865271068166,14.55984970477724,1.7981749865807837,0.5904455179817498,4.575952764358561,1.3486312399355878,0.10735373054213634,,
68,35.75550187869028,39.32501341921632,14.512882447665056,2.61003757380569,0.7716049382716049,5.609232420826624,1.3083735909822867,0.10735373054213634,,
69,35.83601717659689,39.25791733762748,14.512882447665056,2.5966183574879227,0.7716049382716049,5.609232420826624,1.3083735909822867,0.10735373054213634,,
70,35.90311325818572,39.07675791733763,14.49946323134729,2.9388083735909825,0.8521202361782072,5.253623188405797,1.3687600644122384,0.10735373054213634,,
71,35.970209339774556,39.01637144390767,14.492753623188406,2.9388083735909825,0.8521202361782072,5.253623188405797,1.3687600644122384,0.10735373054213634,,
72,36.20504562533548,38.821792807300056,14.472624798711756,2.932098765432099,0.8521202361782072,5.213365539452496,1.3553408480944713,0.10735373054213634,0.040257648953301126,
73,36.22517444981213,38.81508319914117,14.472624798711756,2.932098765432099,0.8521202361782072,5.199946323134729,1.3553408480944713,0.10735373054213634,0.040257648953301126,
74,36.30568974771873,38.801663982823406,14.40552871712292,2.932098765432099,0.8521202361782072,5.199946323134729,1.3553408480944713,0.10735373054213634,0.040257648953301126,
75,35.77563070316693,38.53327965646806,15.780998389694043,2.38191089640365,0.8454106280193237,5.179817498658078,1.3553408480944713,0.10735373054213634,0.040257648953301126,
76,35.74208266237252,38.47289318303811,15.780998389694043,2.475845410628019,0.8454106280193237,5.179817498658078,1.3553408480944713,0.10735373054213634,0.040257648953301126,
77,35.04428341384863,36.782071926999464,18.156199677938808,2.408749329039184,0.8454106280193237,5.260332796564681,1.3553408480944713,0.10735373054213634,0.040257648953301126,
78,33.73590982286635,38.09044551798175,18.156199677938808,2.408749329039184,0.8454106280193237,5.260332796564681,1.3553408480944713,0.10735373054213634,0.040257648953301126,
79,32.52147074610843,36.63446054750403,21.71900161030596,2.408749329039184,0.8454106280193237,4.367954911433173,1.3553408480944713,0.10735373054213634,0.040257648953301126,
80,32.32018250134192,36.87600644122383,21.571390230810522,2.408749329039184,0.8454106280193237,4.367954911433173,1.3553408480944713,0.2147074610842727,0.040257648953301126,
81,32.367149758454104,36.83574879227053,21.571390230810522,2.408749329039184,0.8454106280193237,4.361245303274289,1.3553408480944713,0.2147074610842727,0.040257648953301126,
82,32.46779388083736,36.7686527106817,21.544551798174986,2.408749329039184,0.8454106280193237,4.361245303274289,1.3486312399355878,0.2147074610842727,0.040257648953301126,
83,31.07890499194847,39.25791733762748,21.43719806763285,2.4020397208803006,0.8454106280193237,3.374932903918411,1.3486312399355878,0.2147074610842727,0.040257648953301126,
84,31.00509930220075,37.513419216317764,23.805689747718734,2.227589908749329,1.0534084809447128,2.7979066022544283,1.2077294685990339,0.3488996242619431,0.040257648953301126,
85,31.0252281266774,37.513419216317764,23.792270531400966,2.227589908749329,1.0466988727858293,2.7979066022544283,1.2077294685990339,0.3488996242619431,0.040257648953301126,
86,31.05877616747182,37.5,23.758722490606548,2.5161030595813205,1.0064412238325282,2.7979066022544283,0.9728931830381106,0.3488996242619431,0.040257648953301126,
87,31.052066559312937,37.526838432635536,23.74530327428878,2.5161030595813205,1.0064412238325282,2.791196994095545,0.9728931830381106,0.3488996242619431,0.040257648953301126,
88,31.092324208266238,37.38593666129898,23.70504562533548,2.5161030595813205,1.1473429951690821,2.791196994095545,0.9728931830381106,0.3488996242619431,0.040257648953301126,
89,31.166129898013956,37.3389694041868,23.57085346215781,2.5161030595813205,1.1473429951690821,2.791196994095545,0.9728931830381106,0.4562533548040794,0.040257648953301126,
90,31.320450885668276,37.27858293075684,23.47691894793344,2.5161030595813205,1.1473429951690821,2.791196994095545,0.9728931830381106,0.4562533548040794,0.040257648953301126,
91,31.48148148148148,37.15780998389694,23.470209339774556,2.5161030595813205,1.1473429951690821,2.757648953301127,0.9728931830381106,0.4562533548040794,0.040257648953301126,
92,30.18652710681696,40.123456790123456,22.436929683306495,2.509393451422437,1.261406333870102,2.6502952227589907,0.3757380568974772,0.4562533548040794,,
93,30.267042404723565,40.01610305958132,22.416800858829845,2.509393451422437,1.3150831991411702,2.6435856146001075,0.3757380568974772,0.4562533548040794,,
94,30.280461621041333,40.00939345142244,22.32957595276436,2.5026838432635534,1.3150831991411702,2.6435856146001075,0.3757380568974772,0.5434782608695652,,
95,30.267042404723565,39.85507246376812,22.32957595276436,2.5026838432635534,1.482823403113258,2.6435856146001075,0.3757380568974772,0.5434782608695652,,
96,30.387815351583466,39.83494363929147,22.208803005904453,2.5026838432635534,1.482823403113258,2.589908749329039,0.3757380568974772,0.6172839506172839,,
97,29.032474503488995,42.1833064949007,22.322866344605476,2.3550724637681157,1.1943102522812667,1.9592055823939882,0.3757380568974772,0.5770263016639828,,
98,28.972088030059044,40.64009661835749,20.625335480407944,2.3483628556092326,1.1943102522812667,5.273752012882448,0.36902844873859364,0.5770263016639828,,
99,29.126409017713364,40.49919484702093,20.625335480407944,2.3483628556092326,1.1943102522812667,5.260332796564681,0.36902844873859364,0.5770263016639828,,
100,29.139828234031132,40.4723564143854,20.585077831454644,2.3483628556092326,1.1943102522812667,5.193236714975845,0.36902844873859364,0.6977992485238862,,
101,28.495705850778315,41.116478797638216,20.585077831454644,2.3483628556092326,1.1943102522812667,5.193236714975845,0.36902844873859364,0.6977992485238862,,
102,24.630971551261407,32.58185721953838,33.3870101986044,2.26784755770263,0.8722490606548577,5.193236714975845,0.36902844873859364,0.6977992485238862,,
103,24.698067632850243,32.58185721953838,33.319914117015564,2.26784755770263,0.8722490606548577,5.193236714975845,0.36902844873859364,0.6977992485238862,,
104,24.698067632850243,32.53488996242619,33.279656468062264,2.26784755770263,0.9594739667203436,5.193236714975845,0.36902844873859364,0.6977992485238862,,
105,24.644390767579175,32.52147074610843,33.2662372517445,2.26784755770263,0.9594739667203436,5.273752012882448,0.36902844873859364,0.6977992485238862,,
106,24.63768115942029,31.266774020397207,32.19940955448202,2.26784755770263,1.3150831991411702,7.246376811594203,0.36902844873859364,0.6977992485238862,,
107,24.704777241009126,31.266774020397207,32.13231347289318,2.26784755770263,1.3150831991411702,7.246376811594203,0.36902844873859364,0.6977992485238862,,
108,24.751744498121308,31.260064412238325,31.984702093397747,2.26784755770263,1.4224369296833066,7.246376811594203,0.36902844873859364,0.6977992485238862,,
109,24.86580783682233,31.11916264090177,31.91760601180891,2.26784755770263,1.4224369296833066,7.340311325818572,0.36902844873859364,0.6977992485238862,,
110,24.9194847020934,31.072195383789587,31.843800322061192,2.214170692431562,1.4224369296833066,7.340311325818572,0.36902844873859364,0.8185721953837896,,
111,24.630971551261407,31.031937734836287,32.23966720343532,2.147074610842727,1.4224369296833066,7.340311325818572,0.36902844873859364,0.8185721953837896,,
112,24.818840579710145,30.92458400429415,31.93773483628556,2.147074610842727,1.6774020397208802,7.306763285024155,0.36902844873859364,0.8185721953837896,,
113,24.86580783682233,30.911164787976382,31.904186795491142,2.147074610842727,1.6774020397208802,7.306763285024155,0.36902844873859364,0.8185721953837896,,
114,24.62426194310252,31.15271068169619,31.904186795491142,2.147074610842727,1.6774020397208802,7.306763285024155,0.36902844873859364,0.8185721953837896,,
115,24.765163714439076,31.112453032742888,31.743156199677937,2.147074610842727,1.6774020397208802,7.266505636070853,0.46967257112184646,0.8185721953837896,,
116,24.832259796027913,31.092324208266238,31.723027375201287,2.120236178207193,1.6774020397208802,7.266505636070853,0.46967257112184646,0.8185721953837896,,
117,24.838969404186795,31.085614600107355,31.723027375201287,2.120236178207193,1.6774020397208802,7.266505636070853,0.46967257112184646,0.8185721953837896,,
118,22.088030059044552,27.985775630703166,39.371980676328505,2.120236178207193,1.42914653784219,5.407944176060118,0.46967257112184646,1.1272141706924315,,
119,22.12157809983897,27.9723564143854,39.36527106816962,2.1068169618894257,1.42914653784219,5.407944176060118,0.46967257112184646,1.1272141706924315,,
120,22.15512614063339,27.9723564143854,39.331723027375205,2.1068169618894257,1.42914653784219,5.407944176060118,0.46967257112184646,1.1272141706924315,,
121,22.23564143853999,27.9723564143854,39.2512077294686,2.1068169618894257,1.42914653784219,5.407944176060118,0.46967257112184646,1.1272141706924315,,
122,20.739398819108963,31.031937734836287,37.875738056897475,2.006172839506173,1.42914653784219,5.3274288781535155,0.46967257112184646,1.1205045625335481,,
123,16.908212560386474,35.79575952764358,37.27858293075684,2.006172839506173,1.3620504562533549,5.0858829844337095,0.46967257112184646,1.093666129898014,,
124,16.961889425657542,35.79575952764358,37.15780998389694,2.006172839506173,1.42914653784219,5.0858829844337095,0.46967257112184646,1.093666129898014,,
125,17.10950080515298,35.72866344605475,37.104133118625874,2.006172839506173,1.42914653784219,5.059044551798175,0.46967257112184646,1.093666129898014,,
126,17.14975845410628,35.72195383789587,37.084004294149224,2.006172839506173,1.42914653784219,5.045625335480408,0.46967257112184646,1.093666129898014,,
127,17.16988727858293,35.621309715512616,37.07058507783145,2.006172839506173,1.5230810520665594,5.045625335480408,0.46967257112184646,1.093666129898014,,
128,17.236983360171767,35.607890499194845,36.93639291465379,2.006172839506173,1.5230810520665594,5.045625335480408,0.46967257112184646,1.1741814278046163,,
129,16.11647879763822,33.28636607622115,40.4320987654321,2.006172839506173,1.5230810520665594,4.99194847020934,0.46967257112184646,1.1741814278046163,,
130,16.284219001610307,33.24610842726785,40.324745034889965,1.9927536231884058,1.5230810520665594,4.985238862050457,0.46967257112184646,1.1741814278046163,,
131,15.874932903918411,33.722490606548575,40.25764895330113,1.9927536231884058,1.5230810520665594,4.985238862050457,0.46967257112184646,1.1741814278046163,,
132,15.995705850778315,33.64868491680086,40.17042404723564,1.9927536231884058,1.5096618357487923,4.985238862050457,0.46967257112184646,1.2278582930756843,,
133,16.0426731078905,33.64868491680086,40.15700483091788,1.9726247987117553,1.5096618357487923,4.9718196457326895,0.46967257112184646,1.2278582930756843,,
134,16.31105743424584,33.54804079441761,39.94900697799248,1.9524959742351047,1.5096618357487923,4.944981213097155,0.46967257112184646,1.3150831991411702,,
135,16.404991948470208,33.53462157809984,39.87520128824477,1.9524959742351047,1.5096618357487923,4.944981213097155,0.46967257112184646,1.3083735909822867,,
136,16.458668813741276,33.5077831454643,39.84836285560923,1.9524959742351047,1.5096618357487923,4.944981213097155,0.46967257112184646,1.3083735909822867,,
137,16.465378421900162,33.5077831454643,39.841653247450346,1.9524959742351047,1.5096618357487923,4.944981213097155,0.46967257112184646,1.3083735909822867,,
138,16.525764895330113,33.3064949006978,39.841653247450346,1.9524959742351047,1.6505636070853462,4.944981213097155,0.46967257112184646,1.3083735909822867,,
139,16.53918411164788,33.293075684380035,39.841653247450346,1.9524959742351047,1.6505636070853462,4.944981213097155,0.46967257112184646,1.3083735909822867,,
140,14.452495974235104,35.527375201288244,39.82823403113258,1.8183038110574343,1.6505636070853462,4.944981213097155,0.46967257112184646,1.3083735909822867,,
141,14.432367149758454,33.50107353730542,39.72758990874933,1.8183038110574343,1.6505636070853462,7.018250134192163,0.46967257112184646,1.3821792807300053,,
142,14.51959205582394,33.4272678475577,39.09688674181428,1.8183038110574343,1.6505636070853462,7.018250134192163,1.0869565217391304,1.3821792807300053,,
143,14.63365539452496,33.41384863123994,39.01637144390767,1.7981749865807837,1.6505636070853462,7.018250134192163,1.0869565217391304,1.3821792807300053,,
144,14.566559312936125,30.783682232957595,41.76060118089104,1.710950080515298,1.8115942028985508,6.910896403650026,1.0735373054213635,1.3821792807300053,,
145,14.626945786366075,30.783682232957595,41.727053140096615,1.710950080515298,1.8115942028985508,6.884057971014493,1.0735373054213635,1.3821792807300053,,
146,14.720880300590446,30.763553408480945,41.6532474503489,1.710950080515298,1.8115942028985508,6.884057971014493,1.0735373054213635,1.3821792807300053,,
147,14.754428341384862,30.763553408480945,41.63311862587225,1.710950080515298,1.7981749865807837,6.884057971014493,1.0735373054213635,1.3821792807300053,,
148,14.908749329039184,30.62265163714439,41.55260332796565,1.710950080515298,1.865271068169619,6.884057971014493,1.0735373054213635,1.3821792807300053,,
149,15.096618357487923,30.56226516371444,41.47879763821793,1.6975308641975309,1.8250134192163177,6.884057971014493,1.0735373054213635,1.3821792807300053,,
150,15.190552871712292,30.52871712292002,41.45195920558239,1.6975308641975309,1.8250134192163177,6.850509930220075,1.0735373054213635,1.3821792807300053,,
151,15.318035426731079,30.475040257648953,41.40499194847021,1.6975308641975309,1.8250134192163177,6.823671497584541,1.0735373054213635,1.3821792807300053,,
152,15.4723564143854,30.475040257648953,41.2842190016103,1.6706924315619969,1.8250134192163177,6.816961889425658,1.0735373054213635,1.3821792807300053,,
153,15.566290928609769,30.421363392377884,41.27079978529254,1.6706924315619969,1.8250134192163177,6.790123456790123,1.0735373054213635,1.3821792807300053,,
154,15.526033279656469,30.300590445517983,41.18357487922705,2.6167471819645733,1.8853998926462694,6.031937734836285,1.0735373054213635,1.3821792807300053,,
155,15.593129361245303,30.10601180891036,41.17015566290929,2.757648953301127,1.8853998926462694,6.031937734836285,1.0735373054213635,1.3821792807300053,,
156,15.801127214170693,30.09259259259259,41.0829307568438,2.7308105206655933,1.8853998926462694,6.031937734836285,1.0735373054213635,1.3016639828234031,,
157,15.619967793880837,29.904723564143854,41.04938271604938,2.7308105206655933,1.8853998926462694,6.4345142243692965,1.0735373054213635,1.3016639828234031,,
158,15.814546430488459,29.542404723564143,40.98228663446055,2.7241009125067097,1.9524959742351047,5.763553408480945,1.9189479334406871,1.3016639828234031,,
159,16.049382716049383,29.528985507246375,40.84809447128288,2.7241009125067097,1.865271068169619,5.763553408480945,1.9189479334406871,1.3016639828234031,,
160,16.049382716049383,29.49543746645196,40.80112721417069,2.7241009125067097,1.865271068169619,5.844068706387547,1.9189479334406871,1.3016639828234031,,
161,16.411701556629094,29.314278046162105,40.5126140633387,2.7241009125067097,1.865271068169619,5.844068706387547,1.9189479334406871,1.4090177133655395,,
162,16.646537842190018,29.166666666666668,40.4320987654321,2.7241009125067097,1.8585614600107354,5.844068706387547,1.9189479334406871,1.4090177133655395,,
163,16.67337627482555,29.166666666666668,40.284487385936664,2.7241009125067097,1.8585614600107354,5.844068706387547,1.8988191089640365,1.5499194847020934,,
164,16.71363392377885,29.086151368760063,39.91545893719807,2.690552871712292,1.8585614600107354,5.750134192163178,2.3081052066559313,1.6774020397208802,,
165,16.71363392377885,29.086151368760063,39.91545893719807,2.690552871712292,1.8585614600107354,5.750134192163178,2.3081052066559313,1.6774020397208802,,
166,16.485507246376812,28.08641975308642,37.92941492216855,2.6838432635534084,1.8384326355340848,9.23913043478261,2.3081052066559313,1.42914653784219,,
167,16.42512077294686,27.811325818572197,39.47933440687064,1.710950080515298,1.7847557702630166,9.057971014492754,2.301395598497048,1.42914653784219,,
168,16.458668813741276,27.502683843263554,39.378690284487384,1.710950080515298,2.073268921095008,9.037842190016104,2.301395598497048,1.5365002683843263,,
169,16.51905528717123,27.42216854535695,39.32501341921632,1.710950080515298,2.147074610842727,9.037842190016104,2.301395598497048,1.5365002683843263,,
170,16.532474503488995,27.395330112721417,39.32501341921632,1.710950080515298,2.147074610842727,9.286097691894794,2.0665593129361244,1.5365002683843263,,
171,16.566022544283413,27.314814814814813,39.14385399892646,1.710950080515298,2.2074610842726785,9.27938808373591,2.2410091250670963,1.5365002683843263,,
172,16.59957058507783,27.126945786366075,39.09688674181428,1.710950080515298,2.2074610842726785,9.27938808373591,2.442297369833602,1.5365002683843263,,
173,16.847826086956523,27.046430488459475,38.92914653784219,1.710950080515298,2.2074610842726785,9.27938808373591,2.442297369833602,1.5365002683843263,,
174,16.901502952227588,27.012882447665056,38.92243692968331,1.6975308641975309,2.2074610842726785,9.27938808373591,2.442297369833602,1.5365002683843263,,
175,16.740472356414386,26.80488459473967,40.485775630703166,1.6975308641975309,2.5026838432635534,8.111916264090176,2.314814814814815,1.3419216317767042,,
176,16.740472356414386,26.80488459473967,40.17042404723564,2.0128824476650564,2.5026838432635534,8.111916264090176,2.314814814814815,1.3419216317767042,,
177,16.760601180891037,26.7914653784219,40.163714439076756,2.0128824476650564,2.5026838432635534,8.111916264090176,2.314814814814815,1.3419216317767042,,
178,16.847826086956523,26.744498121309714,40.123456790123456,2.0128824476650564,2.5026838432635534,8.111916264090176,2.314814814814815,1.3419216317767042,,
179,16.867954911433173,26.744498121309714,40.123456790123456,2.0128824476650564,2.522812667740204,8.071658615136876,2.314814814814815,1.3419216317767042,,
180,16.888083735909824,26.596886741814277,40.123456790123456,2.006172839506173,2.657004830917874,8.071658615136876,2.314814814814815,1.3419216317767042,,
181,17.042404723564143,26.52308105206656,39.93558776167472,2.006172839506173,2.7643585614600106,8.071658615136876,2.314814814814815,1.3419216317767042,,
182,17.07595276435856,26.41572732152442,39.91545893719807,2.006172839506173,2.8515834675254963,7.991143317230274,2.314814814814815,1.42914653784219,,
183,17.163177670424048,26.288244766505635,39.11701556629093,2.13365539452496,3.6231884057971016,7.890499194847021,2.2611379495437465,1.5230810520665594,,
184,17.163177670424048,26.194310252281266,38.98282340311326,2.2342995169082127,3.770799785292539,7.87037037037037,2.2611379495437465,1.5230810520665594,,
185,17.042404723564143,26.382179280730007,38.91572732152442,2.2342995169082127,3.770799785292539,7.87037037037037,2.2611379495437465,1.5230810520665594,,
186,17.143048845947398,26.35534084809447,38.888888888888886,2.2342995169082127,3.770799785292539,7.823403113258186,2.2611379495437465,1.5230810520665594,,
187,17.04911433172303,26.25469672571122,38.62050456253355,2.442297369833602,4.025764895330113,7.823403113258186,2.2611379495437465,1.5230810520665594,,
188,17.102791196994094,26.234567901234566,38.58695652173913,2.442297369833602,4.025764895330113,7.823403113258186,2.2611379495437465,1.5230810520665594,,
189,17.3040794417606,26.10708534621578,37.76167471819646,2.4355877616747184,4.911433172302737,7.7898550724637685,2.167203435319377,1.5230810520665594,,
190,16.955179817498657,25.42270531400966,39.029790660225444,2.4355877616747184,4.998658078368224,7.568438003220612,2.0665593129361244,1.5230810520665594,,
191,16.99543746645196,25.369028448738593,38.57353730542136,2.4355877616747184,4.998658078368224,7.568438003220612,2.536231884057971,1.5230810520665594,,
192,17.082662372517444,25.369028448738593,38.405797101449274,2.4355877616747184,5.10601180891036,7.568438003220612,2.5161030595813205,1.5163714439076759,,
193,17.082662372517444,25.315351583467525,38.486312399355874,2.4355877616747184,5.092592592592593,7.568438003220612,2.5026838432635534,1.5163714439076759,,
194,17.19001610305958,25.261674718196456,38.43263553408481,2.4355877616747184,5.092592592592593,7.568438003220612,2.5026838432635534,1.5163714439076759,,
195,17.20343531937735,25.033548040794418,38.29173376274826,2.2946859903381642,4.99194847020934,7.568438003220612,3.1199677938808374,1.4962426194310252,,
196,17.324208266237253,24.973161567364468,38.27160493827161,2.2879763821792807,4.99194847020934,7.5348899624261945,3.1199677938808374,1.4962426194310252,,
197,17.66639828234031,24.973161567364468,38.197799248523886,2.2879763821792807,4.99194847020934,7.266505636070853,3.1199677938808374,1.4962426194310252,,
198,17.713365539452496,24.9597423510467,38.18438003220612,2.2745571658615136,4.985238862050457,7.266505636070853,3.1199677938808374,1.4962426194310252,,
199,17.713365539452496,25.006709608158882,37.96296296296296,2.24771873322598,5.186527106816962,7.266505636070853,3.1199677938808374,1.4962426194310252,,
200,17.800590445517983,24.966451959205582,37.84219001610306,2.24771873322598,5.186527106816962,7.266505636070853,3.1199677938808374,1.570048309178744,,
201,17.860976918947934,24.94632313472893,37.80193236714976,2.24771873322598,5.186527106816962,7.266505636070853,3.1199677938808374,1.570048309178744,,
202,17.901234567901234,24.832259796027913,37.76167471819646,2.24771873322598,5.300590445517981,7.266505636070853,3.1199677938808374,1.570048309178744,,
203,18.015297906602253,24.832259796027913,37.68115942028985,2.24771873322598,5.300590445517981,7.266505636070853,3.0931293612453032,1.5633387010198605,,
204,18.04884594739667,24.818840579710145,37.184648416532475,2.24771873322598,5.797101449275362,7.266505636070853,3.0931293612453032,1.5432098765432098,,
205,18.06226516371444,24.818840579710145,37.184648416532475,2.24771873322598,5.797101449275362,7.253086419753086,3.0931293612453032,1.5432098765432098,,
206,18.109232420826622,24.805421363392377,37.21148684916801,2.24771873322598,5.790391841116479,7.199409554482019,3.0931293612453032,1.5432098765432098,,
207,18.095813204508858,24.805421363392377,37.063875469672574,2.24771873322598,5.9514224369296835,7.199409554482019,3.0931293612453032,1.5432098765432098,,
208,17.921363392377884,24.48336017176597,37.0504562533548,2.24771873322598,6.461352657004831,7.199409554482019,3.0931293612453032,1.5432098765432098,,
209,17.921363392377884,24.44310252281267,36.882716049382715,2.24771873322598,6.380837359098229,7.199409554482019,3.3816425120772946,1.5432098765432098,,
210,17.746913580246915,24.288781535158346,36.37949543746645,3.207192699946323,6.253354804079442,7.199409554482019,3.3816425120772946,1.5432098765432098,,
211,17.753623188405797,24.288781535158346,36.37278582930757,3.207192699946323,6.253354804079442,7.199409554482019,3.3816425120772946,1.5432098765432098,,
212,17.787171229200215,24.288781535158346,36.35265700483092,3.207192699946323,6.286902844873859,7.1725711218464845,3.3816425120772946,1.5230810520665594,,
213,17.76033279656468,24.288781535158346,36.07085346215781,3.515834675254965,6.286902844873859,7.1725711218464845,3.3816425120772946,1.5230810520665594,,
214,18.169618894256576,24.14787976382179,35.72195383789587,3.515834675254965,6.360708534621578,7.0450885668276975,3.515834675254965,1.5230810520665594,,
215,18.263553408480945,24.14787976382179,35.7085346215781,3.515834675254965,6.280193236714976,7.0450885668276975,3.515834675254965,1.5230810520665594,,
216,18.297101449275363,24.10762211486849,35.59447128287708,3.515834675254965,6.280193236714976,7.179280730005368,3.515834675254965,1.5096618357487923,,
217,18.323939881910896,24.10762211486849,35.50053676865271,3.488996242619431,6.374127750939345,7.179280730005368,3.515834675254965,1.5096618357487923,,
218,18.370907139023082,24.10762211486849,35.487117552334944,3.488996242619431,6.374127750939345,7.179280730005368,3.515834675254965,1.4761137949543746,,
219,18.451422436929683,24.10762211486849,35.45356951154053,3.488996242619431,6.347289318303811,7.159151905528717,3.515834675254965,1.4761137949543746,,
220,18.417874396135264,23.96672034353194,35.18518518518518,3.797638217928073,6.333870101986044,7.306763285024155,3.515834675254965,1.4761137949543746,,
221,18.54535695115405,23.879495437466453,35.158346752549654,3.797638217928073,6.320450885668277,7.306763285024155,3.515834675254965,1.4761137949543746,,
222,18.57890499194847,23.879495437466453,35.07112184648417,3.797638217928073,6.320450885668277,7.306763285024155,3.515834675254965,1.5297906602254427,,
223,18.746645195920557,23.879495437466453,34.92351046698873,3.797638217928073,6.400966183574879,7.206119162640902,3.515834675254965,1.5297906602254427,,
224,17.03569511540526,37.003488996242616,26.8317230273752,3.0193236714975846,6.132581857219538,5.213365539452496,3.435319377348363,1.328502415458937,,
225,17.163177670424048,36.8894256575416,26.818303811057433,3.0193236714975846,6.132581857219538,5.213365539452496,3.435319377348363,1.328502415458937,,
226,17.20343531937735,36.87600644122383,26.80488459473967,3.0193236714975846,6.132581857219538,5.199946323134729,3.435319377348363,1.328502415458937,,
227,17.2638217928073,36.87600644122383,26.77133655394525,2.9924852388620504,6.132581857219538,5.199946323134729,3.435319377348363,1.328502415458937,,
228,17.324208266237253,36.85587761674718,26.764626945786365,2.985775630703167,6.105743424584004,5.199946323134729,3.435319377348363,1.328502415458937,,
229,17.404723564143854,36.83574879227053,26.643853998926463,2.985775630703167,6.1929683306494905,5.173107890499195,3.435319377348363,1.328502415458937,,
230,17.505367686527105,36.82903918411165,26.617015566290927,2.9723564143853998,6.1929683306494905,5.119431025228127,3.435319377348363,1.328502415458937,,
231,17.538915727321523,36.82903918411165,26.617015566290927,2.871712292002147,6.1929683306494905,5.112721417069243,3.435319377348363,1.328502415458937,,0.07380568974771873
232,17.612721417069242,36.79549114331723,26.549919484702095,2.871712292002147,6.1929683306494905,5.10601180891036,3.4286097691894795,1.3687600644122384,,0.07380568974771873
233,17.76033279656468,36.70826623725174,26.50295222758991,2.871712292002147,6.1929683306494905,5.10601180891036,3.4286097691894795,1.3553408480944713,,0.07380568974771873
234,17.793880837359097,36.64117015566291,26.382179280730007,2.871712292002147,6.347289318303811,5.10601180891036,3.4286097691894795,1.3553408480944713,,0.07380568974771873
235,17.954911433172303,36.58749329039184,26.281535158346752,2.871712292002147,6.347289318303811,5.0993022007514766,3.4286097691894795,1.3553408480944713,,0.07380568974771873
236,18.02200751476114,36.540526033279654,26.261406333870102,2.871712292002147,6.347289318303811,5.0993022007514766,3.4286097691894795,1.3553408480944713,,0.07380568974771873
237,17.975040257648953,36.3593666129898,25.805152979066023,3.475577026301664,6.508319914117015,5.0993022007514766,3.3480944712828773,1.3553408480944713,,0.07380568974771873
238,18.055555555555557,36.3593666129898,25.758185721953836,3.4420289855072466,6.508319914117015,5.0993022007514766,3.3480944712828773,1.3553408480944713,,0.07380568974771873
239,18.183038110574344,36.292270531400966,25.697799248523886,3.4420289855072466,6.508319914117015,5.0993022007514766,3.3480944712828773,1.3553408480944713,,0.07380568974771873
240,18.08239398819109,36.47342995169082,25.563607085346217,3.4420289855072466,6.582125603864735,5.0993022007514766,3.3279656468062266,1.3553408480944713,,0.07380568974771873
241,18.149490069779926,36.46672034353194,25.509930220075148,3.4420289855072466,6.582125603864735,5.092592592592593,3.3279656468062266,1.3553408480944713,,0.07380568974771873
242,17.49194847020934,36.272141706924316,26.48953301127214,3.4151905528717124,6.561996779388084,5.0791733762748255,3.260869565217391,1.3553408480944713,,0.07380568974771873
243,17.55233494363929,36.25872249060655,26.476113794954376,3.4151905528717124,6.528448738593666,5.0791733762748255,3.260869565217391,1.3553408480944713,,0.07380568974771873
244,17.579173376274827,36.25872249060655,26.455984970477726,3.4151905528717124,6.521739130434782,5.0791733762748255,3.260869565217391,1.3553408480944713,,0.07380568974771873
245,17.72007514761138,36.18491680085883,26.39559849704777,3.4151905528717124,6.515029522275899,5.0791733762748255,3.260869565217391,1.3553408480944713,,0.07380568974771873
246,17.834138486312398,35.990338164251206,26.100375738056897,2.8918411164787976,6.447933440687064,5.971551261406334,3.240740740740741,1.4492753623188406,,0.07380568974771873
247,17.840848094471284,35.76221148684917,26.100375738056897,2.965646806226516,6.602254428341385,5.964841653247451,3.240740740740741,1.4492753623188406,,0.07380568974771873
248,17.907944176060116,35.72195383789587,26.100375738056897,2.965646806226516,6.575415995705851,5.964841653247451,3.240740740740741,1.4492753623188406,,0.07380568974771873
249,18.075684380032207,35.72866344605475,25.95276435856146,2.965646806226516,6.575415995705851,5.964841653247451,3.2139023081052067,1.4492753623188406,,0.07380568974771873
250,18.129361245303276,35.72866344605475,25.89908749329039,2.965646806226516,6.575415995705851,5.964841653247451,3.2139023081052067,1.4492753623188406,,0.07380568974771873
251,18.183038110574344,35.628019323671495,25.785024154589372,2.965646806226516,6.763285024154589,5.938003220611916,3.2139023081052067,1.4492753623188406,,0.07380568974771873
252,18.276972624798713,35.53408480944713,25.785024154589372,2.965646806226516,6.763285024154589,5.938003220611916,3.2139023081052067,1.4492753623188406,,0.07380568974771873
253,18.35077831454643,35.48040794417606,25.6105743424584,2.965646806226516,6.91760601180891,5.938003220611916,3.2139023081052067,1.4492753623188406,,0.07380568974771873
254,18.4447128287708,35.45356951154053,25.6105743424584,2.965646806226516,6.91760601180891,5.870907139023081,3.2139023081052067,1.4492753623188406,,0.07380568974771873
255,18.50509930220075,35.30595813204509,25.543478260869566,2.965646806226516,7.071926999463232,5.870907139023081,3.2139023081052067,1.4492753623188406,,0.07380568974771873
256,18.726516371443907,35.265700483091784,25.39586688137413,2.965646806226516,7.058507783145465,5.850778314546431,3.2139023081052067,1.4492753623188406,,0.07380568974771873
257,18.78690284487386,35.09125067096082,25.275093934514224,2.9119699409554483,7.185990338164252,5.850778314546431,3.374932903918411,1.4492753623188406,,0.07380568974771873
258,18.800322061191626,35.09125067096082,25.275093934514224,2.9119699409554483,7.1725711218464845,5.850778314546431,3.374932903918411,1.4492753623188406,,0.07380568974771873
259,18.914385399892645,34.91009125067096,25.261674718196456,2.9119699409554483,7.159151905528717,5.9447128287707995,3.374932903918411,1.4492753623188406,,0.07380568974771873
260,19.008319914117017,34.876543209876544,24.550456253354803,2.9119699409554483,7.159151905528717,5.9447128287707995,4.025764895330113,1.4492753623188406,,0.07380568974771873
261,19.04186795491143,34.10493827160494,24.496779388083738,2.9119699409554483,7.863660762211487,5.9447128287707995,4.1129898013955986,1.4492753623188406,,0.07380568974771873
262,19.162640901771336,34.01771336553945,24.738325281803544,2.9052603327965647,7.85024154589372,5.8239398819108965,3.978797638217928,1.4492753623188406,,0.07380568974771873
263,19.28341384863124,34.01771336553945,24.664519592055825,2.9052603327965647,7.830112721417069,5.8239398819108965,3.9519592055823938,1.4492753623188406,,0.07380568974771873
264,19.384057971014492,33.984165324745035,24.570585077831456,2.898550724637681,7.897208803005904,5.797101449275362,3.9452495974235107,1.4492753623188406,,0.07380568974771873
265,19.47128287707998,33.964036500268385,24.54374664519592,2.898550724637681,7.897208803005904,5.763553408480945,3.938539989264627,1.4492753623188406,,0.07380568974771873
266,19.612184648416534,33.964036500268385,24.530327428878152,2.898550724637681,7.823403113258186,5.730005367686527,3.9184111647879765,1.4492753623188406,,0.07380568974771873
267,19.618894256575416,33.93048845947396,24.4296833064949,2.898550724637681,7.823403113258186,5.730005367686527,3.9184111647879765,1.5767579173376274,,0.07380568974771873
268,19.659151905528716,33.87010198604401,24.362587224906065,2.9924852388620504,7.823403113258186,5.723295759527644,3.9184111647879765,1.5767579173376274,,0.07380568974771873
269,19.699409554482017,33.762748255501876,24.349168008588297,2.9924852388620504,7.9039184111647875,5.723295759527644,3.9184111647879765,1.5767579173376274,,0.07380568974771873
270,19.706119162640903,33.762748255501876,24.342458400429415,2.9924852388620504,7.9039184111647875,5.723295759527644,3.9184111647879765,1.5767579173376274,,0.07380568974771873
