,45,50,51,54,53,55,52,56,57,59,58,60
0,87.25174449812131,12.74825550187869,,,,,,,,,,
1,86.22517444981213,13.747987117552334,0.026838432635534086,,,,,,,,,
2,78.0126140633387,21.960547504025765,0.026838432635534086,,,,,,,,,
3,77.87171229200214,22.10144927536232,0.026838432635534086,,,,,,,,,
4,77.9723564143854,18.203166935050994,0.026838432635534086,3.797638217928073,,,,,,,,
5,77.13365539452496,18.055555555555557,0.026838432635534086,3.770799785292539,1.0131508319914118,,,,,,,
6,77.26784755770262,17.639559849704778,0.026838432635534086,3.770799785292539,1.0131508319914118,0.28180354267310787,,,,,,
7,77.17391304347827,17.767042404723565,0.026838432635534086,3.7372517444981215,1.0131508319914118,0.28180354267310787,,,,,,
8,77.18733225979602,16.968599033816425,0.026838432635534086,4.53569511540526,0.9997316156736447,0.28180354267310787,,,,,,
9,61.943102522812666,25.99302200751476,6.246645195920558,4.53569511540526,0.9997316156736447,0.28180354267310787,,,,,,
10,60.55421363392378,27.428878153515836,6.260064412238325,4.528985507246377,0.9460547504025765,0.28180354267310787,,,,,,
11,58.72920021470746,29.146537842190018,6.139291465378422,4.502147074610843,0.9460547504025765,0.4025764895330113,0.13419216317767044,,,,,
12,59.0378421900161,27.938808373590984,6.119162640901771,4.448470209339774,0.9326355340848095,1.3888888888888888,0.13419216317767044,,,,,
13,59.21229200214707,27.750939345142243,6.099033816425121,4.488727858293076,0.9259259259259259,1.3888888888888888,0.13419216317767044,,,,,
14,58.903650026838434,27.89855072463768,6.260064412238325,4.562533548040794,0.8923778851315083,1.3486312399355878,0.13419216317767044,,,,,
15,59.14519592055824,27.563070316693505,6.132581857219538,4.4820182501341925,0.8923778851315083,1.5633387010198605,0.13419216317767044,0.08722490606548577,,,,
16,45.58507783145464,42.921363392377884,6.964573268921095,0.20128824476650564,,0.4294149221685454,3.81105743424584,0.08722490606548577,,,,
17,45.98094471282877,40.17713365539453,6.964573268921095,0.20128824476650564,2.3886205045625335,0.4294149221685454,3.770799785292539,0.08722490606548577,,,,
18,46.303005904455176,39.95571658615137,6.890767579173376,0.20128824476650564,2.3752012882447664,0.4294149221685454,3.7573805689747717,0.08722490606548577,,,,
19,46.39694041867955,39.96913580246913,6.830381105743425,0.20128824476650564,2.368491680085883,0.4294149221685454,3.7238325281803544,0.08051529790660225,,,,
20,46.12855609232421,38.419216317767045,5.730005367686527,0.19457863660762212,2.3617820719269993,0.30864197530864196,6.776704240472356,0.08051529790660225,,,,
21,46.59822866344606,38.077026301663984,5.669618894256575,0.1878690284487386,2.3617820719269993,0.30864197530864196,6.716317767042405,0.08051529790660225,,,,
22,46.59151905528717,38.13070316693505,5.662909286097692,0.17444981213097155,2.3617820719269993,0.30864197530864196,6.689479334406871,0.08051529790660225,,,,
23,46.88674181427805,37.88915727321525,5.642780461621041,0.16774020397208803,2.2208803005904456,0.5233494363929146,6.588835212023618,0.08051529790660225,,,,
24,43.51180891035963,38.217928073000536,5.642780461621041,0.16774020397208803,3.4822866344605474,0.49651100375738055,8.400429414922169,0.08051529790660225,,,,
25,43.12936124530327,37.57380568974772,5.01207729468599,0.16774020397208803,3.435319377348363,0.49651100375738055,9.73564143853999,0.4495437466451959,,,,
26,42.62614063338701,37.466451959205585,4.951690821256038,0.23483628556092323,3.408480944712829,0.4562533548040794,10.36634460547504,0.4495437466451959,0.040257648953301126,,,
27,43.00858829844337,37.23832528180354,4.924852388620504,0.23483628556092323,3.374932903918411,0.4495437466451959,10.279119699409554,0.4495437466451959,0.040257648953301126,,,
28,43.07568438003221,36.480139559849704,5.649490069779925,0.20799785292538917,3.3011272141706924,0.7514761137949544,10.044283413848632,0.4495437466451959,0.040257648953301126,,,
29,42.28395061728395,35.37976382179281,8.454106280193237,0.20799785292538917,3.3011272141706924,0.7514761137949544,9.151905528717123,0.4294149221685454,0.040257648953301126,,,
30,42.45840042941492,35.07783145464305,8.729200214707461,0.20799785292538917,3.2139023081052067,0.7380568974771873,9.104938271604938,0.4294149221685454,0.040257648953301126,,,
31,41.928341384863124,35.73537305421363,9.185453569511541,0.20799785292538917,2.6301663982823404,0.8454106280193237,9.01100375738057,0.4294149221685454,0.026838432635534086,,,
32,42.16317767042405,34.064680622651636,9.098228663446054,0.20799785292538917,2.6301663982823404,2.1940418679549114,9.185453569511541,0.4294149221685454,0.026838432635534086,,,
33,40.92860976918948,31.93102522812668,8.917069243156199,0.06709608158883522,2.6301663982823404,2.3617820719269993,12.70799785292539,0.4294149221685454,0.026838432635534086,,,
34,28.891572732152444,53.14009661835749,6.501610305958132,0.06709608158883522,2.1135265700483092,1.8719806763285025,7.058507783145465,0.32877079978529256,0.026838432635534086,,,
35,29.24718196457327,52.824745034889965,6.421095008051529,0.06709608158883522,2.1135265700483092,1.9793344068706387,6.991411701556629,0.32877079978529256,0.026838432635534086,,,
36,29.683306494900698,48.80568974771873,6.179549114331723,0.06709608158883522,5.723295759527644,2.2342995169082127,6.951154052603328,0.32877079978529256,0.026838432635534086,,,
37,30.16639828234031,48.39640365002684,6.152710681696189,0.06709608158883522,5.6964573268921095,2.214170692431562,6.951154052603328,0.32877079978529256,0.026838432635534086,,,
38,30.669618894256576,47.987117552334944,6.092324208266238,0.06709608158883522,5.4616210413311865,2.428878153515835,6.937734836285561,0.32877079978529256,0.026838432635534086,,,
39,31.313741277509394,47.53086419753087,6.045356951154052,0.06709608158883522,5.414653784219001,2.408749329039184,6.877348362855609,0.3153515834675255,0.026838432635534086,,,
40,29.770531400966185,43.67283950617284,11.735104669887278,0.06709608158883522,5.367686527106817,2.1604938271604937,6.843800322061192,0.3153515834675255,0.026838432635534086,0.040257648953301126,,
41,30.360976918947934,40.88835212023618,11.386205045625335,0.06709608158883522,5.340848094471283,2.13365539452496,9.286097691894794,0.46967257112184646,0.026838432635534086,0.040257648953301126,,
42,30.636070853462158,40.80783682232958,11.372785829307569,0.06709608158883522,5.320719269994632,2.13365539452496,9.178743961352657,0.4562533548040794,0.026838432635534086,,,
43,29.482018250134193,42.069243156199676,11.352657004830919,0.06709608158883522,5.307300053676865,2.13365539452496,9.104938271604938,0.4562533548040794,0.026838432635534086,,,
44,28.99892646269458,38.93585614600107,11.084272678475577,0.7783145464304885,5.428073000536768,1.4090177133655395,12.882447665056361,0.4562533548040794,0.026838432635534086,,,
45,28.388352120236178,38.18438003220612,14.55984970477724,0.7783145464304885,5.407944176060118,1.4090177133655395,10.695115405260333,0.5636070853462157,0.013419216317767043,,,
46,27.482555018786904,35.48040794417606,15.767579173376275,0.7783145464304885,5.555555555555555,1.5633387010198605,12.419484702093397,0.6843800322061192,0.2683843263553409,,,
47,26.221148684916802,36.030595813204506,15.653515834675256,0.7783145464304885,5.528717122920021,2.5295222758990876,12.305421363392378,0.6843800322061192,0.2683843263553409,,,
48,25.83870101986044,35.83601717659689,17.317498658078367,0.6910896403650026,5.448201825013419,2.5161030595813205,11.399624261943103,0.644122383252818,0.30864197530864196,,,
49,26.29495437466452,35.57434245840043,17.183306494900698,0.6910896403650026,5.434782608695652,2.5161030595813205,11.09098228663446,0.9057971014492754,0.30864197530864196,,,
50,26.496242619431026,35.05099302200752,17.14975845410628,0.6910896403650026,5.394524959742351,2.932098765432099,11.07085346215781,0.9057971014492754,0.30864197530864196,,,
51,26.764626945786365,34.60144927536232,17.01556629092861,0.6910896403650026,5.320719269994632,3.569511540526033,10.681696188942565,0.9057971014492754,0.4495437466451959,,,
52,27.220880300590444,34.38003220611916,16.780730005367687,0.6910896403650026,5.253623188405797,3.7104133118625873,10.607890499194847,0.9057971014492754,0.4495437466451959,,,
53,27.30139559849705,33.77616747181965,16.015834675254965,0.6910896403650026,6.293612453032743,3.7909286097691894,10.520665593129362,1.1607622114868492,0.4495437466451959,,,
54,26.442565754159958,35.35292538915727,15.190552871712292,0.6910896403650026,6.246645195920558,3.7238325281803544,10.399892646269459,1.5029522275899088,0.4495437466451959,,,
55,26.73107890499195,35.0979602791197,15.277777777777779,0.6776704240472357,6.246645195920558,3.7372517444981215,10.292538915727322,1.4895330112721417,0.4495437466451959,,,
56,26.979334406870638,34.86312399355877,15.35829307568438,0.6776704240472357,6.1862587224906065,3.7372517444981215,10.279119699409554,1.4694041867954912,0.4495437466451959,,,
57,27.36849168008588,34.68867418142781,15.183843263553408,0.6776704240472357,6.1862587224906065,3.730542136339238,10.245571658615138,1.4694041867954912,0.4495437466451959,,,
58,27.811325818572197,34.12506709608159,14.88191089640365,0.6776704240472357,6.421095008051529,4.019055287171229,10.158346752549651,1.4559849704777241,0.4495437466451959,,,
59,27.958937198067634,34.17874396135266,14.794685990338165,0.6776704240472357,6.387546967257112,3.992216854535695,10.11808910359635,1.4559849704777241,0.43612453032742887,,,
60,28.60305958132045,33.76945786366076,14.620236178207193,0.6776704240472357,6.340579710144928,4.005636070853462,10.104669887278583,1.4559849704777241,0.4227053140096618,,,
61,28.08641975308642,33.011272141706925,13.741277509393452,0.6776704240472357,6.286902844873859,3.5762211486849167,12.741545893719806,1.4559849704777241,0.4227053140096618,,,
62,28.046162104133117,32.078636607622116,13.157541599570585,0.5770263016639828,6.850509930220075,3.8580246913580245,13.801663982823403,1.2077294685990339,0.4227053140096618,,,
63,28.522544283413847,31.85721953837896,13.063607085346217,0.5770263016639828,6.796833064949007,3.784219001610306,13.768115942028986,1.2077294685990339,0.4227053140096618,,,
64,28.703703703703702,31.78341384863124,12.949543746645196,0.5770263016639828,6.9310252281266775,3.784219001610306,13.6406333870102,1.2077294685990339,0.4227053140096618,,,
65,28.904991948470208,31.635802469135804,12.72812667740204,0.5770263016639828,6.9310252281266775,3.7775093934514223,13.593666129898015,1.42914653784219,0.4227053140096618,,,
66,29.488727858293075,31.293612453032743,12.580515297906603,0.5434782608695652,6.89747718733226,3.7775093934514223,13.513150831991412,1.482823403113258,0.4227053140096618,,,
67,29.777241009125067,30.9044551798175,12.466451959205582,0.8521202361782072,6.8035426731078905,3.750670960815888,13.741277509393452,1.442565754159957,0.2616747181964573,,,
68,28.213902308105208,28.6231884057971,18.276972624798713,0.8521202361782072,5.998389694041868,3.6366076221148687,12.466451959205582,1.442565754159957,0.48980139559849706,,,
69,28.401771336553946,27.542941492216855,18.19645732689211,0.8454106280193237,5.964841653247451,4.7638217928073,12.359098228663447,1.442565754159957,0.4830917874396135,,,
70,28.77750939345142,27.294685990338163,18.109232420826622,1.0064412238325282,5.9447128287707995,4.676596886741814,12.265163714439076,1.442565754159957,0.4830917874396135,,,
71,29.126409017713364,27.15378421900161,17.860976918947934,1.1406333870101986,5.931293612453032,4.7101449275362315,12.164519592055823,1.42914653784219,0.4830917874396135,,,
72,29.30756843800322,26.986044015029524,17.820719269994633,1.1406333870101986,5.897745571658615,4.978529253891573,11.956521739130435,1.42914653784219,0.4830917874396135,,,
73,28.64331723027375,23.792270531400966,17.659688674181428,3.012614063338701,5.803811057434245,7.440955448201825,11.741814278046162,1.42914653784219,0.47638217928073,,,
74,29.052603327965645,23.678207192699947,17.538915727321523,3.012614063338701,5.770263016639828,7.347020933977456,11.721685453569512,1.402308105206656,0.47638217928073,,,
75,29.260601180891037,23.617820719269993,17.444981213097154,3.0595813204508855,5.736714975845411,7.300053676865271,11.708266237251744,1.3955984970477724,0.47638217928073,,,
76,28.28099838969404,22.84621578099839,19.49141170155663,3.1065485775630703,5.46833064949007,7.266505636070853,11.701556629092861,1.3620504562533549,0.47638217928073,,,
77,28.670155662909288,22.65834675254965,19.370638754696724,3.1065485775630703,5.387815351583468,7.1658615136876005,11.60762211486849,1.556629092860977,0.47638217928073,,,
78,28.23403113258186,21.336553945249598,19.28341384863124,3.0730005367686526,5.287171229200215,4.562533548040794,16.25738056897477,1.4895330112721417,0.47638217928073,,,
79,28.421900161030596,21.43719806763285,19.202898550724637,3.066290928609769,5.287171229200215,4.522275899087493,16.129898013955984,1.4559849704777241,0.47638217928073,,,
80,28.844605475040257,21.256038647342994,19.061996779388085,2.952227589908749,5.421363392377885,4.522275899087493,16.029253891572733,1.4358561460010735,0.47638217928073,,,
81,29.186795491143318,20.9272678475577,17.693236714975846,3.2139023081052067,5.367686527106817,5.911164787976382,15.72061191626409,1.5029522275899088,0.47638217928073,,,
82,28.703703703703702,19.444444444444443,17.62614063338701,2.5966183574879227,5.0993022007514766,5.421363392377885,19.0150295222759,1.5029522275899088,0.5904455179817498,,,
83,28.871443907675793,19.363929146537842,17.431561996779386,2.576489533011272,5.213365539452496,5.508588298443371,18.9747718733226,1.4694041867954912,0.5904455179817498,,,
84,29.09286097691895,19.243156199677937,17.344337090713903,2.5496511003757383,5.213365539452496,5.5756843800322065,18.92109500805153,1.4694041867954912,0.5904455179817498,,,
85,29.240472356414386,19.26328502415459,16.015834675254965,2.522812667740204,5.152979066022544,7.239667203435319,18.632581857219538,1.3419216317767042,0.5904455179817498,,,
86,29.508856682769725,19.243156199677937,15.921900161030596,2.757648953301127,5.152979066022544,7.065217391304348,18.417874396135264,1.3419216317767042,0.5904455179817498,,,
87,29.347826086956523,17.85426731078905,15.747450348899624,2.9589371980676327,6.823671497584541,7.0450885668276975,18.290391841116477,1.3419216317767042,0.5904455179817498,,,
88,28.85131508319914,16.75389157273215,18.50509930220075,2.8650026838432634,6.8035426731078905,5.730005367686527,18.67283950617284,1.3419216317767042,0.47638217928073,,,
89,29.03918411164788,16.75389157273215,18.377616747181964,2.8381642512077296,6.8035426731078905,5.501878690284487,18.88083735909823,1.328502415458937,0.47638217928073,,,
90,29.146537842190018,16.284219001610307,17.98174986580784,3.166935050993022,7.62211486849168,5.387815351583468,18.746645195920557,1.1876006441223832,0.47638217928073,,,
91,29.441760601180892,16.243961352657006,17.814009661835748,3.180354267310789,7.897208803005904,5.374396135265701,18.411164787976382,1.1607622114868492,0.47638217928073,,,
92,29.53569511540526,16.19699409554482,17.458400429414922,3.1736446591519054,7.763016639828234,5.374396135265701,18.51851851851852,1.3955984970477724,0.5837359098228664,,,
93,29.97181964573269,16.09634997316157,17.424852388620504,3.140096618357488,7.6623725174449815,5.314009661835748,18.263553408480945,1.4626945786366077,0.6642512077294686,,,
94,30.112721417069242,15.874932903918411,17.3040794417606,3.140096618357488,7.6556629092860975,5.233494363929147,18.55877616747182,1.4559849704777241,0.6642512077294686,,,
95,30.46833064949007,15.747450348899624,16.861245303274288,3.1333870101986045,7.957595276435856,5.186527106816962,18.491680085882983,1.4895330112721417,0.6642512077294686,,,
96,30.810520665593128,15.707192699946322,16.760601180891037,3.1333870101986045,7.950885668276973,5.166398282340311,18.317230273752013,1.4895330112721417,0.6642512077294686,,,
97,31.011808910359633,15.22410091250671,16.458668813741276,3.730542136339238,7.796564680622652,5.10601180891036,18.5252281266774,1.4895330112721417,0.6575415995705851,,,
98,29.146537842190018,15.331454643048845,15.794417606011809,3.6097691894793345,12.52012882447665,4.924852388620504,16.485507246376812,1.5499194847020934,0.6374127750939346,,,
99,28.475577026301664,14.479334406870638,15.076489533011273,3.5829307568438002,12.332259796027913,4.683306494900698,19.229736983360173,1.5029522275899088,0.6374127750939346,,,
100,28.361513687600645,14.036500268384327,15.123456790123457,4.723564143853999,12.144390767579173,4.367954911433173,19.135802469135804,1.5029522275899088,0.6038647342995169,,,
101,28.629898013955984,14.002952227589908,15.096618357487923,4.723564143853999,12.04374664519592,4.314278046162104,19.082125603864736,1.5029522275899088,0.6038647342995169,,,
102,28.965378421900162,13.922436929683306,14.647074610842727,4.723564143853999,12.587224906065487,4.240472356414386,18.766774020397207,1.5029522275899088,0.644122383252818,,,
103,29.240472356414386,13.855340848094471,14.49946323134729,4.7101449275362315,12.466451959205582,4.186795491143317,18.632581857219538,1.778046162104133,0.630703166935051,,,
104,29.394793344068706,13.781535158346752,14.358561460010735,4.864465915190553,12.392646269457863,4.213633923778851,18.585614600107355,1.778046162104133,0.630703166935051,,,
105,29.844337090713903,13.58695652173913,14.304884594739667,4.9718196457326895,12.345679012345679,4.079441760601181,18.511808910359633,1.751207729468599,0.6038647342995169,,,
106,29.998658078368223,13.539989264626946,14.184111647879764,4.938271604938271,12.365807836822329,4.186795491143317,18.323939881910896,1.8585614600107354,0.6038647342995169,,,
107,30.300590445517983,13.466183574879228,14.056629092860977,4.938271604938271,12.546967257112184,4.146537842190016,18.089103596349972,1.8518518518518519,0.6038647342995169,,,
108,30.595813204508858,13.305152979066023,13.996242619431026,4.891304347826087,12.426194310252281,4.274020397208803,18.075684380032207,1.8317230273752012,0.6038647342995169,,,
109,30.66290928609769,13.130703166935051,13.902308105206655,4.998658078368224,12.198067632850242,4.361245303274289,18.209876543209877,2.0128824476650564,0.5233494363929146,,,
110,30.823939881910896,13.083735909822867,13.90901771336554,4.958400429414922,11.922973698336017,4.341116478797638,17.961621041331185,2.341653247450349,0.5636070853462157,,0.0939345142243693,
111,31.085614600107355,12.989801395598498,13.79495437466452,4.958400429414922,11.869296833064949,4.508856682769726,17.85426731078905,2.281266774020397,0.5636070853462157,,0.0939345142243693,
112,30.95813204508857,12.97638217928073,13.620504562533547,4.931561996779388,11.802200751476114,4.944981213097155,17.847557702630166,2.2611379495437465,0.5636070853462157,,0.0939345142243693,
113,31.246645195920557,12.86231884057971,13.533279656468062,5.0791733762748255,11.506977992485238,5.0858829844337095,17.767042404723565,2.2611379495437465,0.5636070853462157,,0.0939345142243693,
114,31.548577563070317,12.835480407944177,13.358829844337091,5.065754159957058,11.460010735373054,5.045625335480408,17.652979066022546,2.3752012882447664,0.5636070853462157,,0.0939345142243693,
115,31.729736983360173,12.667740203972087,13.285024154589372,5.293880837359098,11.439881910896403,5.179817498658078,17.371175523349436,2.3752012882447664,0.5636070853462157,,0.0939345142243693,
116,32.078636607622116,12.694578636607622,13.238056897477188,5.186527106816962,11.372785829307569,5.139559849704777,17.270531400966185,2.3617820719269993,0.5636070853462157,,0.0939345142243693,
117,9.004294149221685,80.15297906602254,3.851315083199141,0.9460547504025765,2.5966183574879227,0.43612453032742887,2.5966183574879227,0.28180354267310787,0.13419216317767044,,,
118,9.554482018250134,73.07434245840042,3.851315083199141,0.9460547504025765,2.5697799248523885,6.991411701556629,2.5966183574879227,0.28180354267310787,0.13419216317767044,,,
119,10.185185185185185,72.27589908749329,3.844605475040258,0.9460547504025765,2.5697799248523885,7.1658615136876005,2.5966183574879227,0.28180354267310787,0.13419216317767044,,,
120,10.802469135802468,68.12265163714439,3.743961352657005,0.9326355340848095,6.179549114331723,7.112184648416532,2.576489533011272,0.28180354267310787,0.13419216317767044,0.11406333870101985,,
121,11.594202898550725,67.21014492753623,3.743961352657005,0.9326355340848095,6.146001073537305,7.273215244229737,2.5697799248523885,0.28180354267310787,0.13419216317767044,0.11406333870101985,,
122,12.238325281803542,66.55931293612453,3.7372517444981215,0.9192163177670424,6.119162640901771,7.326892109500805,2.5697799248523885,0.28180354267310787,0.13419216317767044,0.11406333870101985,,
123,12.667740203972087,65.15029522275898,3.7104133118625873,0.9192163177670424,6.078904991948471,8.373590982286634,2.5697799248523885,0.28180354267310787,0.13419216317767044,0.11406333870101985,,
124,13.325281803542673,63.16425120772947,3.683574879227053,0.9192163177670424,5.770263016639828,8.890230810520666,2.563070316693505,1.4358561460010735,0.13419216317767044,0.11406333870101985,,
125,13.707729468599034,59.41358024691358,3.6500268384326353,0.9192163177670424,5.736714975845411,12.204777241009126,2.563070316693505,1.4358561460010735,0.13419216317767044,0.11406333870101985,0.12077294685990338,
126,14.398819108964037,58.7157809983897,3.81105743424584,0.9192163177670424,5.6964573268921095,12.124261943102523,2.563070316693505,1.402308105206656,0.13419216317767044,0.11406333870101985,0.12077294685990338,
127,14.707461084272678,55.24020397208803,3.797638217928073,4.274020397208803,5.669618894256575,11.98336017176597,2.5563607085346214,1.402308105206656,0.13419216317767044,0.11406333870101985,0.12077294685990338,
128,15.28448738593666,54.790660225442835,3.770799785292539,4.253891572732153,5.669618894256575,11.902844873859367,2.5563607085346214,1.402308105206656,0.13419216317767044,0.11406333870101985,0.12077294685990338,
129,15.552871712292003,54.5625335480408,3.7037037037037037,4.213633923778851,5.495169082125604,12.037037037037036,2.536231884057971,1.3821792807300053,0.13419216317767044,0.11406333870101985,0.2683843263553409,
130,16.015834675254965,54.126409017713364,3.683574879227053,4.186795491143317,5.481749865807837,12.077294685990339,2.536231884057971,1.3821792807300053,0.13419216317767044,0.10735373054213634,0.2683843263553409,
131,16.458668813741276,53.56951154052604,3.643317230273752,4.180085882984434,5.387815351583468,12.198067632850242,2.536231884057971,1.5163714439076759,0.13419216317767044,0.10735373054213634,0.2683843263553409,
132,16.720343531937736,50.355609232420825,3.6231884057971016,4.166666666666667,5.387815351583468,15.210681696188942,2.522812667740204,1.5163714439076759,0.13419216317767044,0.0939345142243693,0.2683843263553409,
133,16.74718196457327,49.9597423510467,4.790660225442834,3.9318303811057436,5.146269457863661,15.103327965646805,2.3081052066559313,1.5163714439076759,0.13419216317767044,0.0939345142243693,0.2683843263553409,
134,17.3040794417606,49.5504562533548,4.777241009125067,3.9184111647879765,5.0858829844337095,15.063070316693505,2.2879763821792807,1.5163714439076759,0.13419216317767044,0.0939345142243693,0.2683843263553409,
135,17.45169082125604,48.48362855609233,4.7638217928073,4.233762748255502,5.065754159957058,15.747450348899624,2.2410091250670963,1.5163714439076759,0.13419216317767044,0.0939345142243693,0.2683843263553409,
136,17.887815351583466,47.85292538915727,4.7638217928073,4.240472356414386,5.065754159957058,15.96886741814278,2.120236178207193,1.5163714439076759,0.13419216317767044,0.0939345142243693,0.2683843263553409,0.08722490606548577
137,18.35077831454643,47.59125067096082,4.7638217928073,4.240472356414386,5.032206119162641,15.801127214170693,2.120236178207193,1.5163714439076759,0.13419216317767044,0.0939345142243693,0.2683843263553409,0.08722490606548577
138,19.00161030595813,47.155126140633385,4.757112184648417,4.233762748255502,5.025496511003757,15.619967793880837,2.1135265700483092,1.5163714439076759,0.13419216317767044,0.08722490606548577,0.2683843263553409,0.08722490606548577
139,19.00161030595813,45.49785292538916,6.890767579173376,4.233762748255502,4.99194847020934,15.28448738593666,2.006172839506173,1.5163714439076759,0.13419216317767044,0.08722490606548577,0.2683843263553409,0.08722490606548577
140,19.632313472893184,44.89398819108964,6.857219538378959,4.200214707461084,4.978529253891573,15.33816425120773,2.006172839506173,1.5163714439076759,0.13419216317767044,0.08722490606548577,0.2683843263553409,0.08722490606548577
141,19.994632313472895,44.32367149758454,6.796833064949007,4.186795491143317,4.9651100375738055,15.660225442834138,1.9793344068706387,1.5163714439076759,0.13419216317767044,0.08722490606548577,0.2683843263553409,0.08722490606548577
142,20.189210950080515,42.84755770263017,6.696188942565755,4.30756843800322,4.824208266237251,17.082662372517444,1.9592055823939882,1.3687600644122384,0.28180354267310787,0.08722490606548577,0.2683843263553409,0.08722490606548577
143,19.85373054213634,42.310789049919485,8.387010198604402,4.159957058507783,4.690016103059581,17.62614063338701,0.9192163177670424,1.3687600644122384,0.24154589371980675,0.08722490606548577,0.2683843263553409,0.08722490606548577
144,20.477724100912507,41.98201825013419,8.360171765968868,4.159957058507783,4.663177670424047,17.398013955984972,0.9192163177670424,1.3553408480944713,0.24154589371980675,0.08722490606548577,0.2683843263553409,0.08722490606548577
145,21.215780998389693,41.6532474503489,8.28636607622115,4.106280193236715,4.62962962962963,17.14975845410628,0.9192163177670424,1.3553408480944713,0.24154589371980675,0.08722490606548577,0.2683843263553409,0.08722490606548577
146,21.517713365539453,41.26409017713365,8.232689210950081,4.05931293612453,4.622920021470746,17.344337090713903,0.9192163177670424,1.3553408480944713,0.24154589371980675,0.08722490606548577,0.2683843263553409,0.08722490606548577
147,21.477455716586153,40.13687600644123,8.373590982286634,3.978797638217928,4.884594739667204,17.941492216854535,0.9192163177670424,1.6304347826086956,0.2147074610842727,0.08722490606548577,0.2683843263553409,0.08722490606548577
148,21.987385936661298,39.64707461084273,8.152173913043478,3.9720880300590444,4.87788513150832,18.189747718733226,0.8856682769726248,1.6304347826086956,0.2147074610842727,0.08722490606548577,0.2683843263553409,0.08722490606548577
149,22.34970477724101,39.472624798711756,8.125335480407944,3.9720880300590444,4.8443370907139025,18.075684380032207,0.8789586688137413,1.6304347826086956,0.2147074610842727,0.08722490606548577,0.2616747181964573,0.08722490606548577
150,23.141438539989263,39.009661835748794,8.085077831454644,3.9586688137412773,4.830917874396135,17.840848094471284,0.8789586688137413,1.6237251744498122,0.19457863660762212,0.08722490606548577,0.2616747181964573,0.08722490606548577
151,23.262211486849168,37.76838432635534,8.05823939881911,4.300858829844337,4.757112184648417,18.813741277509394,0.8789586688137413,1.5297906602254427,0.19457863660762212,0.08722490606548577,0.2616747181964573,0.08722490606548577
152,23.597691894793343,37.513419216317764,8.011272141706923,4.180085882984434,4.723564143853999,18.67283950617284,0.8789586688137413,1.5029522275899088,0.48980139559849706,0.08722490606548577,0.2549651100375738,0.08722490606548577
153,23.718464841653248,37.144390767579175,7.98443370907139,4.133118625872249,4.723564143853999,18.612453032742888,1.261406333870102,1.5029522275899088,0.48980139559849706,0.08722490606548577,0.2549651100375738,0.08722490606548577
154,24.053945249597422,37.02361782071927,7.944176060118089,4.119699409554482,4.7101449275362315,18.49838969404187,1.2345679012345678,1.5029522275899088,0.4830917874396135,0.08722490606548577,0.2549651100375738,0.08722490606548577
155,24.261943102522814,36.83574879227053,7.75630703166935,4.38137412775094,4.676596886741814,18.438003220611915,1.2345679012345678,1.5029522275899088,0.4830917874396135,0.08722490606548577,0.2549651100375738,0.08722490606548577
156,24.476650563607084,36.553945249597426,7.729468599033816,4.367954911433173,4.676596886741814,18.552066559312937,1.2278582930756843,1.5029522275899088,0.4830917874396135,0.08722490606548577,0.2549651100375738,0.08722490606548577
157,24.86580783682233,36.38620504562534,7.722758990874933,4.280730005367687,4.582662372517445,18.54535695115405,1.2278582930756843,1.5029522275899088,0.46967257112184646,0.08722490606548577,0.24154589371980675,0.08722490606548577
158,25.261674718196456,35.950080515297905,7.722758990874933,4.280730005367687,4.569243156199678,18.632581857219538,1.2144390767579174,1.4895330112721417,0.46296296296296297,0.08722490606548577,0.24154589371980675,0.08722490606548577
159,25.697799248523886,35.78234031132582,7.628824476650563,4.2203435319377345,4.562533548040794,18.5252281266774,1.2144390767579174,1.4895330112721417,0.46296296296296297,0.08722490606548577,0.24154589371980675,0.08722490606548577
160,26.019860440150296,35.567632850241544,7.588566827697263,4.2203435319377345,4.528985507246377,18.491680085882983,1.2144390767579174,1.4895330112721417,0.46296296296296297,0.08722490606548577,0.24154589371980675,0.08722490606548577
161,26.02657004830918,35.33279656468062,7.347020933977456,4.200214707461084,4.488727858293076,19.135802469135804,1.1003757380568975,1.4895330112721417,0.46296296296296297,0.08722490606548577,0.24154589371980675,0.08722490606548577
162,26.36876006441224,35.138217928073,7.340311325818572,4.159957058507783,4.488727858293076,19.03515834675255,1.1003757380568975,1.4895330112721417,0.46296296296296297,0.08722490606548577,0.24154589371980675,0.08722490606548577
163,26.85185185185185,34.93022007514761,7.27992485238862,4.139828234031133,4.549114331723027,18.793612453032743,1.1003757380568975,1.4761137949543746,0.46296296296296297,0.08722490606548577,0.24154589371980675,0.08722490606548577
164,27.167203435319376,34.816156736446594,7.232957595276436,4.05931293612453,5.01207729468599,18.659420289855074,1.1003757380568975,1.0735373054213635,0.46296296296296297,0.08722490606548577,0.24154589371980675,0.08722490606548577
165,27.294685990338163,33.50107353730542,7.092055823939882,5.783682232957595,4.8376274825550185,18.471551261406333,1.06682769726248,1.0735373054213635,0.46296296296296297,0.08722490606548577,0.24154589371980675,0.08722490606548577
166,27.87842190016103,32.90391841116479,7.024959742351046,5.756843800322061,4.783950617283951,18.666129898013956,1.0601180891035964,1.0466988727858293,0.46296296296296297,0.08722490606548577,0.24154589371980675,0.08722490606548577
167,27.89855072463768,32.689210950080515,6.716317767042405,5.5689747718733225,5.226784755770263,18.874127750939344,1.107085346215781,1.0466988727858293,0.4562533548040794,0.08722490606548577,0.24154589371980675,0.08722490606548577
168,28.08641975308642,32.32018250134192,6.66935050993022,6.394256575415996,5.179817498658078,18.323939881910896,1.107085346215781,1.0466988727858293,0.4562533548040794,0.08722490606548577,0.24154589371980675,0.08722490606548577
169,28.32125603864734,32.22624798711755,6.649221685453569,6.353998926462695,5.166398282340311,18.276972624798713,1.0869565217391304,1.0466988727858293,0.4562533548040794,0.08722490606548577,0.24154589371980675,0.08722490606548577
170,28.710413311862588,32.085346215781,6.629092860976919,6.300322061191626,5.132850241545894,18.149490069779926,1.0869565217391304,1.0332796564680622,0.4562533548040794,0.08722490606548577,0.24154589371980675,0.08722490606548577
171,28.824476650563607,32.078636607622116,6.535158346752549,6.273483628556092,5.3341384863123995,18.075684380032207,1.0198604401502953,0.9863123993558777,0.4562533548040794,0.08722490606548577,0.24154589371980675,0.08722490606548577
172,28.052871712292003,30.26033279656468,6.494900697799249,6.273483628556092,8.232689210950081,17.559044551798173,1.0198604401502953,0.9863123993558777,0.4562533548040794,0.2281266774020397,0.24154589371980675,0.19457863660762212
173,28.22061191626409,30.119431025228128,6.427804616210413,6.273483628556092,8.044820182501342,17.49194847020934,1.3150831991411702,0.9863123993558777,0.4562533548040794,0.2281266774020397,0.24154589371980675,0.19457863660762212
174,28.495705850778315,29.944981213097154,6.427804616210413,6.273483628556092,8.044820182501342,17.404723564143854,1.3150831991411702,0.9728931830381106,0.4562533548040794,0.2281266774020397,0.24154589371980675,0.19457863660762212
175,28.63660762211487,29.723564143854,6.387546967257112,6.488191089640365,8.024691358024691,17.330917874396135,1.3150831991411702,0.9728931830381106,0.4562533548040794,0.2281266774020397,0.24154589371980675,0.19457863660762212
176,28.475577026301664,29.61621041331186,6.347289318303811,6.427804616210413,7.0450885668276975,17.3040794417606,2.7241009125067097,0.9728931830381106,0.4562533548040794,0.2281266774020397,0.20799785292538917,0.19457863660762212
177,28.56280193236715,29.468599033816425,6.333870101986044,6.199677938808374,7.159151905528717,17.28395061728395,2.703972088030059,0.9728931830381106,0.6843800322061192,0.2281266774020397,0.20799785292538917,0.19457863660762212
178,28.858024691358025,29.401502952227588,6.333870101986044,6.1862587224906065,7.0450885668276975,17.183306494900698,2.703972088030059,0.9728931830381106,0.6843800322061192,0.2281266774020397,0.20799785292538917,0.19457863660762212
179,28.576221148684915,28.5829307568438,6.078904991948471,6.488191089640365,7.024959742351046,18.276972624798713,2.6838432635534084,0.9728931830381106,0.6843800322061192,0.2281266774020397,0.20799785292538917,0.19457863660762212
180,26.442565754159958,27.657004830917874,4.334406870638754,5.092592592592593,5.770263016639828,18.290391841116477,10.19189479334407,0.9057971014492754,0.6843800322061192,0.2281266774020397,0.20799785292538917,0.19457863660762212
181,26.596886741814277,27.61003757380569,4.086151368760064,5.0858829844337095,6.0587761674718195,18.23671497584541,10.131508319914117,0.8856682769726248,0.6776704240472357,0.2281266774020397,0.20799785292538917,0.19457863660762212
182,26.88539989264627,27.38191089640365,4.079441760601181,5.246913580246914,6.0587761674718195,18.169618894256576,10.037573805689748,0.8856682769726248,0.6239935587761675,0.2281266774020397,0.20799785292538917,0.19457863660762212
183,27.47584541062802,27.100107353730543,3.9318303811057436,5.226784755770263,6.213097155126141,17.961621041331185,9.98389694041868,0.8521202361782072,0.6239935587761675,0.2281266774020397,0.20799785292538917,0.19457863660762212
184,27.83816425120773,26.992753623188406,3.911701556629093,5.213365539452496,6.159420289855072,17.901234567901234,9.88996242619431,0.8387010198604401,0.6239935587761675,0.2281266774020397,0.20799785292538917,0.19457863660762212
185,27.985775630703166,26.8317230273752,3.730542136339238,5.381105743424584,6.119162640901771,17.54562533548041,10.312667740203972,0.8387010198604401,0.6239935587761675,0.2281266774020397,0.20799785292538917,0.19457863660762212
186,28.093129361245303,26.670692431561996,3.730542136339238,5.770263016639828,6.045356951154052,17.411433172302736,10.205314009661835,0.8185721953837896,0.6239935587761675,0.2281266774020397,0.20799785292538917,0.19457863660762212
187,28.227321524422972,26.650563607085346,3.730542136339238,5.736714975845411,5.958132045088567,17.37788513150832,10.245571658615138,0.8185721953837896,0.6239935587761675,0.2281266774020397,0.20799785292538917,0.19457863660762212
188,28.462157809983896,26.133923778851315,3.6902844873859366,5.8172302737520125,5.897745571658615,17.70665593129361,10.111379495437467,0.9259259259259259,0.6239935587761675,0.2281266774020397,0.20799785292538917,0.19457863660762212
189,28.81105743424584,25.999731615673646,3.6902844873859366,5.790391841116479,5.857487922705314,17.64626945786366,10.02415458937198,0.9259259259259259,0.6239935587761675,0.2281266774020397,0.20799785292538917,0.19457863660762212
190,29.314278046162105,25.905797101449274,3.6902844873859366,5.770263016639828,5.844068706387547,17.58588298443371,9.728931830381105,0.9259259259259259,0.6239935587761675,0.20799785292538917,0.20799785292538917,0.19457863660762212
191,29.49543746645196,25.44283413848631,3.656736446591519,5.9514224369296835,5.8239398819108965,17.807300053676865,9.675254965110037,0.9125067096081588,0.6239935587761675,0.20799785292538917,0.20799785292538917,0.19457863660762212
192,29.837627482555018,25.281803542673106,3.6500268384326353,5.924584004294149,5.8239398819108965,17.746913580246915,9.50751476113795,0.9125067096081588,0.7045088566827697,0.20799785292538917,0.20799785292538917,0.19457863660762212
193,29.817498658078367,25.06038647342995,3.6500268384326353,6.568706387546968,5.770263016639828,17.411433172302736,9.145195920558239,1.288244766505636,0.6776704240472357,0.20799785292538917,0.20799785292538917,0.19457863660762212
194,29.998658078368223,24.912775093934513,3.6500268384326353,6.561996779388084,5.750134192163178,17.45169082125604,9.125067096081589,1.288244766505636,0.6776704240472357,0.20799785292538917,0.20799785292538917,0.16774020397208803
195,30.50858829844337,24.671229200214707,3.589640365002684,6.561996779388084,5.730005367686527,17.391304347826086,9.037842190016104,1.261406333870102,0.6642512077294686,0.20799785292538917,0.20799785292538917,0.16774020397208803
196,30.743424584004295,24.416264090177133,3.589640365002684,6.870638754696726,5.689747718733226,17.196725711218466,8.984165324745035,1.261406333870102,0.6642512077294686,0.20799785292538917,0.20799785292538917,0.16774020397208803
197,31.031937734836287,24.349168008588297,3.589640365002684,6.796833064949007,5.736714975845411,17.06924315619968,8.923778851315083,1.2546967257112185,0.6642512077294686,0.20799785292538917,0.20799785292538917,0.16774020397208803
198,31.42109500805153,24.288781535158346,3.589640365002684,6.736446591519055,5.656199677938808,16.97530864197531,8.863392377885132,1.221148684916801,0.6642512077294686,0.20799785292538917,0.20799785292538917,0.16774020397208803
199,31.49490069779925,24.14117015566291,3.589640365002684,6.984702093397746,5.642780461621041,16.861245303274288,8.756038647342995,1.288244766505636,0.6575415995705851,0.20799785292538917,0.20799785292538917,0.16774020397208803
200,30.95813204508857,23.45679012345679,3.5762211486849167,6.608964036500268,4.817498658078368,16.505636070853463,12.00348899624262,0.8655394524959742,0.6575415995705851,0.20799785292538917,0.17444981213097155,0.16774020397208803
201,31.179549114331724,23.289049919484704,3.5762211486849167,6.790123456790123,4.797369833601718,16.358024691358025,11.936392914653783,0.8655394524959742,0.6575415995705851,0.20799785292538917,0.17444981213097155,0.16774020397208803
202,31.30703166935051,22.886473429951693,3.5762211486849167,6.776704240472356,4.790660225442834,16.820987654320987,11.79549114331723,0.8387010198604401,0.6575415995705851,0.20799785292538917,0.17444981213097155,0.16774020397208803
203,31.54186795491143,22.79253891572732,3.569511540526033,6.689479334406871,4.790660225442834,16.881374127750938,11.580783682232958,0.9728931830381106,0.630703166935051,0.20799785292538917,0.17444981213097155,0.16774020397208803
204,31.93102522812668,22.71202361782072,3.549382716049383,6.575415995705851,4.74369296833065,16.941760601180892,11.3191089640365,0.966183574879227,0.7112184648416533,0.20799785292538917,0.17444981213097155,0.16774020397208803
205,32.306763285024154,22.41009125067096,3.549382716049383,6.5552871712292005,4.7101449275362315,16.794149221685455,11.29898013955985,1.1406333870101986,0.6843800322061192,0.20799785292538917,0.17444981213097155,0.16774020397208803
206,32.05179817498658,22.24235104669887,3.374932903918411,6.427804616210413,4.924852388620504,16.7337627482555,11.869296833064949,1.1406333870101986,0.6843800322061192,0.20799785292538917,0.17444981213097155,0.16774020397208803
207,32.347020933977454,22.208803005904453,3.361513687600644,6.394256575415996,4.884594739667204,16.639828234031132,11.808910359634996,1.1406333870101986,0.6642512077294686,0.20799785292538917,0.17444981213097155,0.16774020397208803
208,32.56172839506173,22.17525496511004,3.2742887815351582,6.340579710144928,4.87788513150832,16.686795491143318,11.761943102522812,1.107085346215781,0.6642512077294686,0.20799785292538917,0.17444981213097155,0.16774020397208803
