,45,50,55,54,52,51,56,53,57
0,95.61191626409018,4.388083735909823,,,,,,,
1,95.61191626409018,4.388083735909823,,,,,,,
2,93.18974771873323,6.414385399892646,0.39586688137412773,,,,,,
3,91.98201825013419,7.62211486849168,0.39586688137412773,,,,,,
4,78.38164251207729,19.236446591519055,0.39586688137412773,1.9860440150295222,,,,,
5,77.22758990874932,20.39049919484702,0.39586688137412773,1.9860440150295222,,,,,
6,68.94793344068707,28.670155662909288,0.39586688137412773,1.9860440150295222,,,,,
7,46.202361782071925,41.1231884057971,,0.0067096081588835215,12.667740203972087,,,,
8,46.30971551261406,41.10976918947934,,0.0067096081588835215,12.573805689747719,,,,
9,39.150563607085346,41.39157273215244,0.5703166935050993,0.0067096081588835215,12.27187332259796,6.608964036500268,,,
10,38.479602791196996,39.05662909286098,0.5703166935050993,0.0067096081588835215,7.071926999463232,14.814814814814815,,,
11,38.35212023617821,39.190821256038646,0.5703166935050993,0.0067096081588835215,7.071926999463232,14.80810520665593,,,
12,38.55340848094471,39.06333870101986,0.5703166935050993,0.0067096081588835215,7.071926999463232,14.734299516908212,,,
13,37.86231884057971,35.50053676865271,0.7447665056360708,0.0067096081588835215,11.580783682232958,14.304884594739667,,,
14,37.795222758990874,29.51556629092861,0.48980139559849706,0.0067096081588835215,7.581857219538379,24.610842726784757,,,
15,37.734836285560924,29.508856682769725,0.48980139559849706,0.48980139559849706,7.1658615136876005,24.610842726784757,,,
16,38.177670424047236,29.73027375201288,0.48980139559849706,0.48980139559849706,7.112184648416532,24.000268384326354,,,
17,38.20450885668277,29.414922168545356,0.8387010198604401,0.48980139559849706,7.051798174986581,24.000268384326354,,,
18,38.29173376274826,29.381374127750938,0.8387010198604401,0.48980139559849706,6.702898550724638,23.63123993558776,0.6642512077294686,,
19,34.675254965110035,34.13177670424047,0.8387010198604401,0.48980139559849706,6.702898550724638,22.497316156736446,0.6642512077294686,,
20,34.70880300590446,34.13177670424047,0.8387010198604401,0.48980139559849706,6.702898550724638,22.463768115942027,0.6642512077294686,,
21,33.85668276972625,34.4068706387547,0.8387010198604401,0.48980139559849706,7.340311325818572,22.403381642512077,0.6642512077294686,,
22,31.83709071390231,36.8894256575416,0.9594739667203436,0.48980139559849706,7.340311325818572,21.846484165324746,0.6374127750939346,,
23,29.790660225442835,35.46698872785829,0.9594739667203436,0.48980139559849706,7.065217391304348,25.59044551798175,0.6374127750939346,,
24,27.67042404723564,37.76838432635534,0.9259259259259259,0.48980139559849706,7.065217391304348,25.44283413848631,0.6374127750939346,,
25,28.093129361245303,37.21819645732689,0.9259259259259259,0.48980139559849706,7.018250134192163,25.617283950617285,0.6374127750939346,,
26,28.24074074074074,37.0907139023081,0.9259259259259259,0.46967257112184646,7.078636607622115,25.55689747718733,0.6374127750939346,,
27,27.851583467525497,33.883521202361784,0.8051529790660226,0.46967257112184646,7.0383789586688135,28.972088030059044,0.7514761137949544,0.2281266774020397,
28,20.095276435856146,34.37332259796028,0.5568974771873323,1.0466988727858293,6.5552871712292005,35.59447128287708,0.7514761137949544,1.0265700483091786,
29,20.135534084809446,34.35990338164251,0.5568974771873323,1.0466988727858293,6.528448738593666,35.59447128287708,0.7514761137949544,1.0265700483091786,
30,20.249597423510465,31.676060118089104,0.5568974771873323,1.0466988727858293,8.76274825550188,35.929951690821255,0.7514761137949544,1.0265700483091786,
31,20.055018786902846,31.09903381642512,0.5367686527106817,1.0466988727858293,8.749329039184111,36.218464841653244,0.8789586688137413,1.415727321524423,
32,17.008856682769725,25.315351583467525,0.8521202361782072,1.5163714439076759,7.9039184111647875,45.73939881910896,0.6374127750939346,1.0265700483091786,
33,15.814546430488459,20.363660762211488,0.7313472893183038,1.5163714439076759,7.830112721417069,48.389694041867955,0.6105743424584005,4.74369296833065,
34,15.955448201825014,20.229468599033815,0.7313472893183038,1.402308105206656,7.830112721417069,48.00053676865271,1.107085346215781,4.74369296833065,
35,16.17686527106817,20.21604938271605,0.7313472893183038,1.3687600644122384,7.809983896940419,46.87332259796028,1.4895330112721417,5.3341384863123995,
36,16.25738056897477,20.155662909286097,0.7313472893183038,1.3687600644122384,7.809983896940419,45.75952764358561,2.5831991411701556,5.3341384863123995,
37,12.365807836822329,30.92458400429415,0.8722490606548577,0.8990874932903918,6.0587761674718195,44.47128287707998,1.9726247987117553,2.4355877616747184,
38,12.117552334943639,31.44122383252818,0.8722490606548577,0.8990874932903918,6.0587761674718195,44.22973698336017,1.9457863660762211,2.4355877616747184,
39,10.426731078904991,29.582662372517444,0.8722490606548577,0.8990874932903918,6.052066559312936,47.376543209876544,1.9457863660762211,2.844873859366613,
40,10.856146001073537,29.455179817498657,0.8722490606548577,1.3754696725711217,6.052066559312936,46.66532474503489,1.8786902844873858,2.844873859366613,
41,7.628824476650563,36.83574879227053,0.8722490606548577,0.9057971014492754,5.46833064949007,43.565485775630705,1.8786902844873858,2.844873859366613,
42,7.675791733762749,36.782071926999464,0.8722490606548577,0.9057971014492754,6.078904991948471,43.364197530864196,1.8786902844873858,2.442297369833602,
43,7.763016639828234,29.57595276435856,0.8722490606548577,1.261406333870102,9.057971014492754,48.88620504562534,1.8786902844873858,0.7045088566827697,
44,8.145464304884594,29.53569511540526,1.1137949543746646,1.6572732152442298,9.789318303811058,46.71900161030596,2.3349436392914655,0.7045088566827697,
45,8.199141170155663,29.53569511540526,1.6706924315619969,1.6572732152442298,9.688674181427805,46.262748255501876,2.3349436392914655,0.6508319914117016,
46,8.427267847557703,29.354535695115406,1.6706924315619969,1.6572732152442298,9.688674181427805,46.222490606548575,2.3349436392914655,0.644122383252818,
47,8.601717659688674,29.354535695115406,1.6572732152442298,1.6572732152442298,9.655126140633387,46.09500805152979,2.3349436392914655,0.644122383252818,
48,8.675523349436393,29.24718196457327,1.6371443907675791,2.1806226516371443,9.655126140633387,45.62533548040794,2.3349436392914655,0.644122383252818,
49,8.84326355340848,29.24718196457327,1.6371443907675791,2.1806226516371443,9.64170692431562,45.48443370907139,2.3215244229736984,0.644122383252818,
50,9.017713365539452,27.83816425120773,1.932367149758454,3.4420289855072466,11.963231347289318,42.84084809447128,2.3215244229736984,0.644122383252818,
51,9.037842190016104,27.81803542673108,1.932367149758454,3.911701556629093,11.688137412775093,42.67981749865808,2.3215244229736984,0.6105743424584005,
52,9.326355340848094,27.75764895330113,1.932367149758454,3.911701556629093,11.66129898013956,42.47852925389157,2.3215244229736984,0.6105743424584005,
53,9.386741814278047,27.72410091250671,1.932367149758454,3.911701556629093,11.66129898013956,42.45169082125604,2.3215244229736984,0.6105743424584005,
54,8.870101986044014,22.705314009661837,1.932367149758454,3.911701556629093,10.607890499194847,49.040526033279654,2.3215244229736984,0.6105743424584005,
55,9.380032206119163,22.517444981213096,1.932367149758454,3.8311862587224907,10.607890499194847,48.79898013955985,2.3215244229736984,0.6105743424584005,
56,9.07139023081052,21.578099838969404,1.932367149758454,2.7979066022544283,20.719269994632313,41.44524959742351,1.8451422436929683,0.6105743424584005,
57,9.192163177670425,21.55126140633387,1.8183038110574343,3.0327428878153517,20.685721953837895,40.35829307568438,2.7509393451422435,0.6105743424584005,
58,9.245840042941492,21.55126140633387,1.8183038110574343,3.0327428878153517,20.665593129361245,40.344873859366615,2.7509393451422435,0.5904455179817498,
59,9.541062801932368,21.55126140633387,1.8183038110574343,3.4688674181427803,20.39049919484702,39.88862050456253,2.7509393451422435,0.5904455179817498,
60,7.769726247987117,16.552603327965645,1.7981749865807837,2.9589371980676327,12.090713902308105,56.86392914653784,1.7646269457863661,0.20128824476650564,
61,7.823403113258186,16.552603327965645,1.7981749865807837,2.9589371980676327,12.090713902308105,56.81025228126678,1.7646269457863661,0.20128824476650564,
62,7.977724100912507,16.411701556629094,2.26784755770263,2.9589371980676327,11.688137412775093,56.676060118089104,1.3888888888888888,0.630703166935051,
63,7.997852925389157,15.841384863123993,2.7106816961889426,2.7241009125067097,11.66129898013956,55.71658615136876,1.3352120236178207,2.0128824476650564,
64,8.313204508856682,14.99597423510467,2.7106816961889426,2.5429414922168547,11.513687600644122,56.57541599570585,1.3352120236178207,2.0128824476650564,
65,8.635265700483092,14.42565754159957,3.5091250670960816,2.475845410628019,11.305689747718732,56.30032206119163,1.3352120236178207,2.0128824476650564,
66,8.769457863660762,14.42565754159957,3.475577026301664,2.475845410628019,11.258722490606548,56.24664519592056,1.3352120236178207,2.0128824476650564,
67,7.548309178743962,16.42512077294686,3.475577026301664,6.749865807836822,9.990606548577563,52.56977992485239,1.3352120236178207,1.90552871712292,
68,7.206119162640902,15.210681696188942,3.9720880300590444,2.475845410628019,7.7831454643048845,59.68867418142781,1.7914653784219001,1.8719806763285025,
69,7.333601717659689,15.143585614600108,4.488727858293076,2.475845410628019,7.62211486849168,59.272678475577024,1.7914653784219001,1.8719806763285025,
70,7.4006977992485234,15.143585614600108,4.488727858293076,2.475845410628019,7.62211486849168,59.20558239398819,1.7914653784219001,1.8719806763285025,
71,7.548309178743962,15.123456790123457,4.488727858293076,2.475845410628019,7.581857219538379,59.15190552871712,1.7847557702630166,1.8451422436929683,
72,7.615405260332796,14.533011272141707,4.488727858293076,1.8719806763285025,9.359903381642512,58.50107353730542,1.7847557702630166,1.8451422436929683,
73,7.803274288781535,14.533011272141707,4.461889425657541,1.8719806763285025,9.359903381642512,58.2259796027912,1.8988191089640365,1.8451422436929683,
74,6.723027375201288,13.560118089103597,3.1870638754696725,1.0802469135802468,5.703166935050993,67.04240472356415,1.288244766505636,1.415727321524423,
75,6.816961889425658,13.546698872785829,3.1870638754696725,1.0802469135802468,5.703166935050993,66.44524959742351,1.288244766505636,1.932367149758454,
76,7.03166935050993,13.513150831991412,3.7104133118625873,1.0802469135802468,5.595813204508857,65.84809447128288,1.288244766505636,1.932367149758454,
77,7.085346215780999,13.023349436392914,4.200214707461084,1.0802469135802468,5.595813204508857,65.7944176060118,1.288244766505636,1.932367149758454,
78,7.474503488996243,12.95625335480408,4.200214707461084,1.0802469135802468,5.595813204508857,65.4723564143854,1.288244766505636,1.932367149758454,
79,7.575147611379496,12.95625335480408,6.4412238325281805,0.8990874932903918,5.501878690284487,63.056897477187334,1.6371443907675791,1.932367149758454,
80,7.669082125603865,12.949543746645196,6.031937734836285,3.3950617283950617,5.501878690284487,60.88298443370907,1.6371443907675791,1.932367149758454,
81,7.568438003220612,11.98336017176597,6.125872249060655,3.9586688137412773,5.763553408480945,58.782877079978526,1.6371443907675791,4.180085882984434,
82,7.467793880837359,11.929683306494901,5.4616210413311865,3.911701556629093,4.656468062265164,61.12453032742888,1.288244766505636,4.159957058507783,
83,7.689210950080516,11.701556629092861,4.924852388620504,3.8848631239935587,4.656468062265164,60.14492753623188,1.288244766505636,5.709876543209877,
84,7.997852925389157,11.668008588298443,4.891304347826087,3.8848631239935587,9.25925925925926,55.32071926999463,1.2681159420289856,5.709876543209877,
85,7.830112721417069,11.647879763821793,4.884594739667204,3.193773483628556,8.299785292538916,57.1658615136876,1.2681159420289856,5.709876543209877,
86,7.253086419753086,11.647879763821793,4.139828234031133,3.1870638754696725,7.763016639828234,59.534353193773484,1.2681159420289856,5.2066559312936125,
87,7.326892109500805,11.647879763821793,4.139828234031133,3.180354267310789,7.763016639828234,59.35990338164251,1.3754696725711217,5.2066559312936125,
88,8.239398819108963,11.117820719269995,4.51556629092861,3.1065485775630703,7.729468599033816,58.5077831454643,1.3754696725711217,5.407944176060118,
89,8.225979602791197,11.057434245840042,4.51556629092861,6.823671497584541,7.722758990874933,54.871175523349436,1.3754696725711217,5.407944176060118,
90,8.272946859903382,10.93666129898014,4.408212560386473,6.823671497584541,6.91760601180891,54.64975845410628,1.5432098765432098,6.447933440687064,
91,8.460815888352121,10.93666129898014,4.8443370907139025,6.823671497584541,6.904186795491143,54.186795491143315,1.4694041867954912,6.374127750939345,
92,8.514492753623188,10.88298443370907,4.830917874396135,6.964573268921095,6.904186795491143,54.05931293612453,1.4694041867954912,6.374127750939345,
93,8.59500805152979,10.876274825550189,4.830917874396135,7.226247987117552,6.877348362855609,53.75067096081589,1.4694041867954912,6.374127750939345,
94,6.843800322061192,6.702898550724638,2.6637144390767578,6.293612453032743,14.096886741814279,55.58239398819109,1.442565754159957,6.374127750939345,
95,6.226516371443908,18.38432635534085,2.1806226516371443,3.9184111647879765,13.063607085346217,48.57085346215781,1.4358561460010735,6.219806763285024,
96,6.367418142780462,18.323939881910896,2.1806226516371443,4.884594739667204,13.063607085346217,47.52415458937198,1.4358561460010735,6.219806763285024,
97,6.595544820182502,17.941492216854535,2.1269457863660763,5.320719269994632,12.969672571121846,46.47745571658615,1.4358561460010735,7.132313472893183,
98,6.709608158883521,17.901234567901234,2.1269457863660763,5.320719269994632,12.95625335480408,46.4170692431562,1.4358561460010735,7.132313472893183,
99,6.702898550724638,17.901234567901234,2.1269457863660763,5.320719269994632,12.5402576489533,46.323134728931834,1.4358561460010735,7.132313472893183,0.5166398282340311
100,6.749865807836822,17.894524959742352,2.086688137412775,5.253623188405797,16.666666666666668,42.612721417069245,1.42914653784219,6.790123456790123,0.5166398282340311
101,6.474771873322598,17.330917874396135,1.4761137949543746,5.253623188405797,16.666666666666668,44.927536231884055,0.6642512077294686,6.689479334406871,0.5166398282340311
102,6.353998926462695,17.257112184648417,1.4761137949543746,4.28743961352657,16.586151368760063,46.31642512077295,0.6642512077294686,6.541867954911433,0.5166398282340311
103,6.454643048845948,17.257112184648417,1.4761137949543746,4.28743961352657,16.586151368760063,46.2157809983897,0.6642512077294686,6.541867954911433,0.5166398282340311
104,6.528448738593666,17.05582393988191,1.4761137949543746,4.28743961352657,16.586151368760063,45.98765432098765,1.0534084809447128,6.508319914117015,0.5166398282340311
105,6.810252281266774,17.028985507246375,1.4761137949543746,4.28743961352657,16.478797638217927,45.90713902308105,1.0534084809447128,6.508319914117015,0.4495437466451959
106,7.011540526033279,17.028985507246375,1.4761137949543746,4.240472356414386,16.445249597423512,45.78636607622115,1.0534084809447128,6.508319914117015,0.4495437466451959
107,6.944444444444445,16.74718196457327,1.4626945786366077,4.240472356414386,16.968599033816425,45.6454643048846,1.0534084809447128,6.488191089640365,0.4495437466451959
108,7.199409554482019,16.74718196457327,1.42914653784219,4.240472356414386,16.814278046162105,45.62533548040794,1.0534084809447128,6.4412238325281805,0.4495437466451959
109,7.199409554482019,15.908480944712828,1.42914653784219,4.240472356414386,16.780730005367687,45.4777241009125,1.0534084809447128,7.461084272678476,0.4495437466451959
110,7.085346215780999,14.338432635534085,1.2748255501878691,5.072463768115942,20.075147611379496,43.18974771873322,1.0534084809447128,7.461084272678476,0.4495437466451959
111,6.9243156199677935,14.278046162104133,2.147074610842727,5.072463768115942,20.041599570585078,42.693236714975846,1.0534084809447128,7.340311325818572,0.4495437466451959
112,7.139023081052066,14.264626945786366,2.147074610842727,5.072463768115942,19.94766505636071,42.599302200751474,1.0534084809447128,7.326892109500805,0.4495437466451959
113,7.313472893183038,14.204240472356414,2.147074610842727,5.045625335480408,19.89398819108964,42.56575415995706,1.0534084809447128,7.326892109500805,0.4495437466451959
114,7.575147611379496,14.170692431561998,2.147074610842727,5.045625335480408,19.89398819108964,42.3443370907139,1.0534084809447128,7.320182501341922,0.4495437466451959
115,7.971014492753623,14.13714439076758,2.147074610842727,4.7168545356951155,19.89398819108964,42.310789049919485,1.0534084809447128,7.320182501341922,0.4495437466451959
116,8.179012345679013,14.056629092860977,2.147074610842727,4.703435319377348,19.85373054213634,42.23698336017176,1.0534084809447128,7.320182501341922,0.4495437466451959
117,8.313204508856682,14.036500268384327,2.6637144390767578,4.569243156199678,19.49141170155663,42.15646806226516,1.0534084809447128,7.320182501341922,0.39586688137412773
118,8.407139023081053,14.036500268384327,2.6637144390767578,4.549114331723027,19.45786366076221,42.11621041331186,1.0534084809447128,7.320182501341922,0.39586688137412773
119,8.702361782071927,13.996242619431026,2.6637144390767578,4.522275899087493,19.43102522812668,41.94176060118089,1.0534084809447128,7.2933440687063875,0.39586688137412773
120,6.716317767042405,17.498658078368223,2.636876006441224,4.522275899087493,19.404186795491142,41.42512077294686,1.0534084809447128,6.347289318303811,0.39586688137412773
121,6.8035426731078905,17.465110037573805,2.623456790123457,4.522275899087493,19.37734836285561,41.41170155662909,1.0534084809447128,6.347289318303811,0.39586688137412773
122,6.756575415995706,16.659957058507782,3.4688674181427803,4.428341384863124,20.92055823939882,39.42565754159957,1.596886741814278,6.347289318303811,0.39586688137412773
123,5.709876543209877,15.982286634460548,3.4688674181427803,2.1135265700483092,26.455984970477726,37.92941492216855,1.596886741814278,6.347289318303811,0.39586688137412773
124,5.4549114331723025,15.982286634460548,2.9388083735909825,5.6964573268921095,24.214975845410628,37.4597423510467,1.596886741814278,6.347289318303811,0.30864197530864196
125,5.60252281266774,15.96886741814278,2.9253891572732154,5.676328502415459,24.174718196457327,37.39935587761675,1.596886741814278,6.347289318303811,0.30864197530864196
126,5.0791733762748255,14.51959205582394,2.9253891572732154,4.810789049919484,20.967525496511005,43.46484165324745,1.596886741814278,6.347289318303811,0.2885131508319914
127,4.455179817498658,12.124261943102523,1.3620504562533549,4.7168545356951155,20.25630703166935,49.24852388620504,1.596886741814278,5.9514224369296835,0.2885131508319914
128,4.569243156199678,12.104133118625873,1.3620504562533549,4.260601180891036,20.25630703166935,49.121041331186255,1.596886741814278,6.4412238325281805,0.2885131508319914
129,4.669887278582931,12.104133118625873,1.3620504562533549,4.260601180891036,20.202630166398283,49.074074074074076,1.596886741814278,6.4412238325281805,0.2885131508319914
130,4.790660225442834,12.050456253354804,1.3620504562533549,4.260601180891036,20.202630166398283,49.020397208803004,1.583467525496511,6.4412238325281805,0.2885131508319914
131,5.059044551798175,11.862587224906065,1.3419216317767042,4.40150295222759,20.115405260332796,48.90633387010199,1.583467525496511,6.4412238325281805,0.2885131508319914
132,5.139559849704777,11.862587224906065,1.3419216317767042,4.394793344068707,20.135534084809446,48.82581857219538,1.583467525496511,6.427804616210413,0.2885131508319914
133,5.360976918947934,11.862587224906065,1.3419216317767042,4.394793344068707,16.97530864197531,51.76462694578637,1.583467525496511,6.427804616210413,0.2885131508319914
134,4.193505099302201,11.802200751476114,1.093666129898014,4.2203435319377345,15.190552871712292,57.71604938271605,0.5367686527106817,4.643048845947397,0.6038647342995169
135,4.274020397208803,11.802200751476114,1.093666129898014,4.2203435319377345,15.190552871712292,57.63553408480945,0.5367686527106817,4.643048845947397,0.6038647342995169
136,4.51556629092861,11.768652710681696,1.093666129898014,4.2203435319377345,15.177133655394526,57.44095544820183,0.5367686527106817,4.643048845947397,0.6038647342995169
137,4.616210413311863,11.761943102522812,1.093666129898014,4.2203435319377345,15.116747181964573,57.407407407407405,0.5367686527106817,4.643048845947397,0.6038647342995169
138,4.723564143853999,11.748523886205046,1.093666129898014,4.193505099302201,14.982555018786902,57.340311325818575,0.6709608158883521,4.643048845947397,0.6038647342995169
139,4.8376274825550185,11.701556629092861,1.093666129898014,4.193505099302201,14.922168545356952,57.33360171765969,0.6709608158883521,4.643048845947397,0.6038647342995169
140,4.777241009125067,11.681427804616211,1.093666129898014,4.193505099302201,19.806763285024154,52.69055287171229,0.5233494363929146,4.62962962962963,0.6038647342995169
141,4.810789049919484,11.681427804616211,1.093666129898014,4.193505099302201,19.806763285024154,52.65700483091788,0.5233494363929146,4.62962962962963,0.6038647342995169
142,5.0993022007514766,11.681427804616211,1.093666129898014,4.193505099302201,19.692699946323135,52.482555018786904,0.5233494363929146,4.62962962962963,0.6038647342995169
143,5.166398282340311,11.178207192699947,1.596886741814278,4.186795491143317,19.672571121846484,52.45571658615137,0.5233494363929146,4.62962962962963,0.5904455179817498
144,5.267042404723564,11.137949543746645,1.596886741814278,4.186795491143317,19.652442297369834,52.41545893719807,0.5233494363929146,4.62962962962963,0.5904455179817498
145,5.475040257648954,11.137949543746645,1.596886741814278,4.180085882984434,19.53166935050993,52.34836285560923,0.5233494363929146,4.616210413311863,0.5904455179817498
146,5.649490069779925,11.11111111111111,1.596886741814278,3.770799785292539,21.544551798174986,50.91250670960816,0.6709608158883521,4.441760601180891,0.30193236714975846
147,5.6964573268921095,11.104401502952227,1.596886741814278,3.770799785292539,21.544551798174986,50.878958668813745,0.6709608158883521,4.435050993022007,0.30193236714975846
148,5.844068706387547,11.084272678475577,1.8719806763285025,3.770799785292539,21.464036500268385,50.556897477187334,0.6709608158883521,4.435050993022007,0.30193236714975846
149,6.414385399892646,11.05072463768116,1.8719806763285025,3.7573805689747717,21.464036500268385,50.033548040794415,0.6709608158883521,4.435050993022007,0.30193236714975846
150,6.454643048845948,11.05072463768116,1.8719806763285025,3.7573805689747717,21.43719806763285,50.033548040794415,0.6709608158883521,4.42163177670424,0.30193236714975846
151,6.541867954911433,11.05072463768116,1.8719806763285025,5.589103596349974,21.155394524959743,48.711755233494365,0.6709608158883521,4.106280193236715,0.30193236714975846
152,6.5552871712292005,11.037305421363392,1.8719806763285025,5.5756843800322065,21.14868491680086,48.22866344605475,1.1876006441223832,4.092860976918948,0.30193236714975846
153,6.66935050993022,11.037305421363392,1.8719806763285025,5.5756843800322065,21.101717659688674,48.16156736446592,1.1876006441223832,4.092860976918948,0.30193236714975846
154,6.843800322061192,11.037305421363392,1.8719806763285025,5.5756843800322065,20.9272678475577,48.16156736446592,1.1876006441223832,4.092860976918948,0.30193236714975846
155,6.944444444444445,11.037305421363392,1.8719806763285025,5.5756843800322065,20.90042941492217,48.087761674718195,1.1876006441223832,4.092860976918948,0.30193236714975846
156,7.024959742351046,10.990338164251208,1.8719806763285025,5.5756843800322065,20.90042941492217,48.05421363392378,1.1876006441223832,4.092860976918948,0.30193236714975846
157,7.078636607622115,10.990338164251208,1.8719806763285025,5.5756843800322065,20.8870101986044,48.01395598497048,1.1876006441223832,4.092860976918948,0.30193236714975846
158,7.64224369296833,10.896403650026839,1.8384326355340848,5.528717122920021,20.853462157809982,47.93344068706388,1.1876006441223832,3.8177670424047236,0.30193236714975846
159,7.742887815351583,10.896403650026839,1.8384326355340848,5.528717122920021,20.759527643585614,47.80595813204509,1.3083735909822867,3.8177670424047236,0.30193236714975846
160,8.044820182501342,10.829307568438002,1.8250134192163177,5.642780461621041,20.598497047772412,47.63150831991412,1.3083735909822867,3.8177670424047236,0.30193236714975846
161,8.185721953837897,10.802469135802468,1.8250134192163177,5.629361245303274,20.598497047772412,47.537573805689746,1.3016639828234031,3.8177670424047236,0.30193236714975846
162,8.32662372517445,10.802469135802468,1.8250134192163177,5.60252281266774,20.544820182501343,47.477187332259795,1.3016639828234031,3.8177670424047236,0.30193236714975846
163,8.340042941492216,10.802469135802468,1.8250134192163177,5.60252281266774,20.44417606011809,47.56441223832528,1.3016639828234031,3.8177670424047236,0.30193236714975846
164,9.084809447128288,10.789049919484702,1.8183038110574343,5.60252281266774,20.28985507246377,46.99409554482018,1.3016639828234031,3.8177670424047236,0.30193236714975846
165,9.219001610305957,10.789049919484702,1.8183038110574343,5.542136339237788,20.25630703166935,46.96725711218465,1.3016639828234031,3.8043478260869565,0.30193236714975846
166,9.39345142243693,10.789049919484702,1.8183038110574343,5.542136339237788,20.115405260332796,46.93370907139023,1.3016639828234031,3.8043478260869565,0.30193236714975846
167,9.41358024691358,10.789049919484702,1.8183038110574343,5.267042404723564,20.705850778314545,46.59822866344606,1.3016639828234031,3.8043478260869565,0.30193236714975846
168,9.460547504025765,10.72866344605475,1.8183038110574343,5.340848094471283,20.705850778314545,46.5378421900161,1.3016639828234031,3.8043478260869565,0.30193236714975846
169,9.554482018250134,10.72866344605475,1.8183038110574343,5.340848094471283,20.705850778314545,46.443907675791735,1.3016639828234031,3.8043478260869565,0.30193236714975846
170,8.494363929146537,6.749865807836822,2.5295222758990876,5.340848094471283,20.705850778314545,51.68411164787977,1.42914653784219,2.7643585614600106,0.30193236714975846
171,8.548040794417606,6.749865807836822,2.5295222758990876,5.340848094471283,20.652173913043477,51.68411164787977,1.42914653784219,2.7643585614600106,0.30193236714975846
172,8.57487922705314,6.749865807836822,2.5295222758990876,5.340848094471283,20.652173913043477,51.65727321524423,1.42914653784219,2.7643585614600106,0.30193236714975846
173,8.548040794417606,6.749865807836822,2.5295222758990876,5.226784755770263,20.652173913043477,51.12721417069243,1.3016639828234031,3.5628019323671496,0.30193236714975846
174,8.76274825550188,6.696188942565755,3.1535158346752548,5.226784755770263,20.034889962426195,50.959473966720346,1.3016639828234031,3.5628019323671496,0.30193236714975846
175,8.923778851315083,6.696188942565755,3.1535158346752548,5.226784755770263,20.034889962426195,50.79844337090714,1.3016639828234031,3.5628019323671496,0.30193236714975846
176,9.07139023081052,6.696188942565755,3.1535158346752548,5.226784755770263,19.96779388083736,50.63070316693505,1.4224369296833066,3.5292538915727323,0.30193236714975846
177,9.219001610305957,6.696188942565755,3.1333870101986045,5.226784755770263,19.940955448201827,50.5300590445518,1.4224369296833066,3.5292538915727323,0.30193236714975846
178,9.406870638754697,6.696188942565755,3.1333870101986045,5.226784755770263,19.940955448201827,50.34219001610306,1.4224369296833066,3.5292538915727323,0.30193236714975846
179,9.453837895866881,5.991680085882985,3.1199677938808374,5.226784755770263,21.027911969940956,49.89264626945786,1.4224369296833066,3.6366076221148687,0.2281266774020397
180,9.608158883521202,5.984970477724101,3.1199677938808374,5.226784755770263,20.94068706387547,49.8389694041868,1.415727321524423,3.6366076221148687,0.2281266774020397
181,9.66183574879227,5.958132045088567,3.1199677938808374,4.468599033816425,21.806226516371442,49.704777241009126,1.415727321524423,3.6366076221148687,0.2281266774020397
182,9.997316156736447,5.891035963499732,3.1199677938808374,4.468599033816425,21.692163177670423,49.59742351046699,1.415727321524423,3.589640365002684,0.2281266774020397
183,10.037573805689748,5.864197530864198,3.1199677938808374,4.468599033816425,21.67874396135266,49.59742351046699,1.415727321524423,3.589640365002684,0.2281266774020397
184,10.138217928073,5.864197530864198,3.1199677938808374,4.461889425657541,21.62506709608159,49.55716586151369,1.415727321524423,3.589640365002684,0.2281266774020397
185,10.279119699409554,5.864197530864198,3.1199677938808374,4.461889425657541,21.604938271604937,48.57756307031669,2.3081052066559313,3.556092324208266,0.2281266774020397
186,10.285829307568438,5.864197530864198,3.1199677938808374,4.428341384863124,22.805958132045088,47.678475577026305,2.033011272141707,3.556092324208266,0.2281266774020397
187,10.446859903381643,5.864197530864198,3.1199677938808374,4.388083735909823,22.785829307568438,47.57783145464305,2.033011272141707,3.556092324208266,0.2281266774020397
188,10.661567364465915,5.803811057434245,3.1065485775630703,4.374664519592056,22.7187332259796,47.57112184648417,1.9793344068706387,3.556092324208266,0.2281266774020397
189,10.856146001073537,5.683038110574342,3.1065485775630703,4.374664519592056,22.7187332259796,47.557702630166396,1.9793344068706387,3.4957058507783145,0.2281266774020397
190,11.104401502952227,5.683038110574342,3.1065485775630703,4.253891572732153,22.6784755770263,47.47047772410091,1.9793344068706387,3.4957058507783145,0.2281266774020397
191,11.352657004830919,5.656199677938808,2.9052603327965647,4.74369296833065,22.17525496511004,46.91358024691358,1.9793344068706387,4.045893719806763,0.2281266774020397
192,11.500268384326356,5.58239398819109,2.9052603327965647,5.12614063338701,21.786097691894792,46.71229200214707,2.4355877616747184,3.7238325281803544,0.2281266774020397
193,11.694847020933977,5.58239398819109,2.9052603327965647,5.12614063338701,21.772678475577028,46.53113258185722,2.4355877616747184,3.7238325281803544,0.2281266774020397
194,11.802200751476114,5.58239398819109,2.9052603327965647,5.12614063338701,21.732420826623724,46.47074610842727,2.428878153515835,3.7238325281803544,0.2281266774020397
195,11.956521739130435,5.58239398819109,2.8918411164787976,5.12614063338701,21.732420826623724,46.32984433709071,2.428878153515835,3.7238325281803544,0.2281266774020397
196,12.305421363392378,5.58239398819109,2.8918411164787976,5.0858829844337095,21.504294149221685,45.819914117015564,2.85829307568438,3.7238325281803544,0.2281266774020397
197,12.31213097155126,5.58239398819109,2.8918411164787976,5.0858829844337095,21.35668276972625,45.1154052603328,3.7037037037037037,3.7238325281803544,0.2281266774020397
198,12.399355877616747,5.58239398819109,2.8918411164787976,5.059044551798175,21.329844337090712,45.08185721953838,3.7037037037037037,3.7238325281803544,0.2281266774020397
199,12.5,5.320719269994632,2.8918411164787976,5.4549114331723025,21.26274825550188,44.91411701556629,3.7037037037037037,3.7238325281803544,0.2281266774020397
200,12.754965110037574,5.287171229200215,2.8918411164787976,5.4549114331723025,21.115136876006442,44.840311325818575,3.7037037037037037,3.7238325281803544,0.2281266774020397
201,12.949543746645196,5.287171229200215,2.8113258185721954,5.441492216854535,21.088298443370906,44.80005367686527,3.7037037037037037,3.6902844873859366,0.2281266774020397
202,12.325550187869029,5.287171229200215,2.7308105206655933,5.132850241545894,16.71363392377885,50.2012882447665,3.6902844873859366,3.6902844873859366,0.2281266774020397
203,12.338969404186795,5.287171229200215,2.7308105206655933,5.132850241545894,16.71363392377885,49.63768115942029,4.260601180891036,3.670155662909286,0.2281266774020397
204,10.68840579710145,5.199946323134729,2.690552871712292,5.065754159957058,14.97584541062802,54.36795491143317,3.2340311325818574,3.549382716049383,0.2281266774020397
205,10.889694041867955,5.199946323134729,2.6637144390767578,3.8580246913580245,14.016371443907676,54.032474503489,3.2004830917874396,5.911164787976382,0.2281266774020397
206,11.044015029522276,5.199946323134729,2.6637144390767578,3.8580246913580245,13.92914653784219,53.97879763821793,3.193773483628556,5.904455179817498,0.2281266774020397
207,11.137949543746645,5.199946323134729,2.6637144390767578,3.8580246913580245,13.92914653784219,53.92512077294686,3.1602254428341383,5.897745571658615,0.2281266774020397
208,11.2788513150832,5.0993022007514766,2.657004830917874,3.8580246913580245,13.92914653784219,53.89157273215244,3.1602254428341383,5.897745571658615,0.2281266774020397
209,11.191626409017713,4.998658078368224,2.932098765432099,3.8580246913580245,14.479334406870638,53.28099838969404,3.1333870101986045,5.897745571658615,0.2281266774020397
210,11.520397208803006,4.998658078368224,2.9052603327965647,3.750670960815888,14.459205582393988,53.10654857756307,3.1333870101986045,5.897745571658615,0.2281266774020397
211,11.553945249597424,4.998658078368224,2.9924852388620504,3.750670960815888,14.445786366076222,53.00590445517982,3.1333870101986045,5.891035963499732,0.2281266774020397
212,11.594202898550725,4.9718196457326895,2.9924852388620504,3.750670960815888,14.445786366076222,52.99248523886205,3.1333870101986045,5.891035963499732,0.2281266774020397
213,11.3191089640365,4.9718196457326895,2.9790660225442833,3.750670960815888,14.42565754159957,52.764358561460014,3.1333870101986045,6.427804616210413,0.2281266774020397
214,11.379495437466453,4.9718196457326895,2.9790660225442833,3.7372517444981215,14.42565754159957,52.71739130434783,3.1333870101986045,6.427804616210413,0.2281266774020397
215,11.292270531400966,4.944981213097155,4.280730005367687,3.7372517444981215,14.398819108964037,51.731078904991946,2.9589371980676327,6.427804616210413,0.2281266774020397
216,11.533816425120772,4.944981213097155,4.280730005367687,3.7372517444981215,14.378690284487385,51.509661835748794,2.9589371980676327,6.427804616210413,0.2281266774020397
217,11.574074074074074,4.944981213097155,4.280730005367687,3.7372517444981215,14.378690284487385,51.469404186795494,2.9589371980676327,6.427804616210413,0.2281266774020397
218,11.855877616747183,4.944981213097155,4.280730005367687,4.569243156199678,13.83521202361782,50.905797101449274,2.9589371980676327,6.421095008051529,0.2281266774020397
219,11.855877616747183,4.944981213097155,4.280730005367687,4.569243156199678,13.83521202361782,50.905797101449274,2.9589371980676327,6.421095008051529,0.2281266774020397
220,11.808910359634996,4.944981213097155,4.280730005367687,4.562533548040794,13.486312399355878,50.63070316693505,2.9589371980676327,7.105475040257649,0.2214170692431562
221,11.949812130971551,4.944981213097155,4.280730005367687,4.562533548040794,13.486312399355878,50.516639828234034,2.932098765432099,7.105475040257649,0.2214170692431562
222,11.98336017176597,4.85775630703167,4.280730005367687,4.797369833601718,13.486312399355878,50.46296296296296,2.932098765432099,6.977992485238862,0.2214170692431562
223,11.58749329039184,4.85775630703167,4.17337627482555,8.293075684380032,13.486312399355878,46.91358024691358,3.4957058507783145,6.971282877079979,0.2214170692431562
224,11.621041331186259,4.85775630703167,4.17337627482555,8.272946859903382,13.486312399355878,46.90016103059581,3.4957058507783145,6.971282877079979,0.2214170692431562
225,11.788781535158346,4.851046698872786,4.17337627482555,8.272946859903382,13.479602791196994,46.745840042941495,3.4957058507783145,6.971282877079979,0.2214170692431562
226,11.876006441223833,4.851046698872786,4.17337627482555,8.239398819108963,13.439345142243694,46.73242082662372,3.4957058507783145,6.971282877079979,0.2214170692431562
227,12.13768115942029,4.851046698872786,4.17337627482555,8.225979602791197,13.352120236178207,46.57139023081052,3.4957058507783145,6.971282877079979,0.2214170692431562
228,12.204777241009126,4.851046698872786,4.17337627482555,8.225979602791197,13.331991411701557,46.524422973698336,3.4957058507783145,6.971282877079979,0.2214170692431562
229,12.352388620504563,4.851046698872786,4.05931293612453,8.225979602791197,13.331991411701557,46.49087493290392,3.4957058507783145,6.971282877079979,0.2214170692431562
230,12.761674718196458,4.851046698872786,4.05931293612453,8.225979602791197,13.24476650563607,46.182232957595275,3.4957058507783145,6.957863660762212,0.2214170692431562
231,13.150831991411701,4.851046698872786,4.05931293612453,8.225979602791197,13.030059044551798,46.12855609232421,3.475577026301664,6.957863660762212,0.12077294685990338
232,13.533279656468062,4.830917874396135,4.05931293612453,8.21256038647343,12.855609232420827,45.95410628019324,3.475577026301664,6.957863660762212,0.12077294685990338
233,13.593666129898015,4.830917874396135,4.05931293612453,8.21256038647343,12.842190016103059,45.90713902308105,3.475577026301664,6.957863660762212,0.12077294685990338
234,13.687600644122384,4.830917874396135,4.05931293612453,8.21256038647343,12.835480407944177,45.819914117015564,3.475577026301664,6.957863660762212,0.12077294685990338
235,13.922436929683306,4.830917874396135,4.05931293612453,8.064949006977992,12.835480407944177,45.73268921095008,3.475577026301664,6.957863660762212,0.12077294685990338
236,14.083467525496511,4.830917874396135,4.05931293612453,8.064949006977992,12.808641975308642,45.59849704777241,3.475577026301664,6.957863660762212,0.12077294685990338
237,14.11701556629093,4.830917874396135,4.05931293612453,8.064949006977992,12.808641975308642,45.56494900697799,3.475577026301664,6.957863660762212,0.12077294685990338
238,14.251207729468598,4.830917874396135,4.05931293612453,8.004562533548041,12.808641975308642,45.51798174986581,3.44873859366613,6.957863660762212,0.12077294685990338
239,14.432367149758454,4.830917874396135,4.05931293612453,7.85024154589372,12.801932367149758,45.49785292538916,3.44873859366613,6.957863660762212,0.12077294685990338
240,13.88888888888889,4.804079441760601,4.05931293612453,7.695920558239399,11.084272678475577,49.43639291465379,3.44873859366613,5.4616210413311865,0.12077294685990338
241,13.969404186795492,4.804079441760601,4.05931293612453,7.695920558239399,11.084272678475577,49.35587761674718,3.44873859366613,5.4616210413311865,0.12077294685990338
242,13.741277509393452,4.730273752012883,4.4753086419753085,7.541599570585078,11.084272678475577,48.718464841653244,3.44873859366613,6.139291465378422,0.12077294685990338
243,14.096886741814279,4.730273752012883,4.4753086419753085,7.5348899624261945,11.030595813204508,48.45679012345679,3.44873859366613,6.105743424584004,0.12077294685990338
244,14.076757917337627,4.730273752012883,4.4753086419753085,7.5348899624261945,10.970209339774557,48.349436392914654,3.44873859366613,6.293612453032743,0.12077294685990338
245,12.667740203972087,4.206924315619967,4.314278046162104,6.991411701556629,10.540794417606012,52.905260332796566,3.180354267310789,5.072463768115942,0.12077294685990338
246,12.661030595813205,4.206924315619967,4.314278046162104,7.25979602791197,10.540794417606012,52.643585614600106,3.180354267310789,5.072463768115942,0.12077294685990338
247,12.775093934514224,4.200214707461084,4.314278046162104,7.253086419753086,10.540794417606012,52.542941492216855,3.180354267310789,5.072463768115942,0.12077294685990338
248,12.902576489533011,4.200214707461084,4.314278046162104,7.253086419753086,10.520665593129362,52.442297369833604,3.180354267310789,5.065754159957058,0.12077294685990338
249,13.177670424047236,4.166666666666667,4.314278046162104,7.253086419753086,10.46027911969941,52.29468599033817,3.180354267310789,5.032206119162641,0.12077294685990338
250,13.231347289318304,4.126409017713366,4.314278046162104,7.474503488996243,10.44015029522276,51.73778851315083,3.5225442834138487,5.032206119162641,0.12077294685990338
251,13.291733762748256,4.126409017713366,4.314278046162104,7.474503488996243,10.413311862587225,51.70424047235642,3.5225442834138487,5.032206119162641,0.12077294685990338
