,45,50,51,52,53,55,56,54,57,58
0,98.41653247450348,1.583467525496511,,,,,,,,
1,95.81991411701557,4.180085882984434,,,,,,,,
2,95.73268921095008,4.26731078904992,,,,,,,,
3,95.73268921095008,4.26731078904992,,,,,,,,
4,95.22946859903382,4.770531400966184,,,,,,,,
5,92.18330649490069,7.816693505099302,,,,,,,,
6,86.63446054750402,13.365539452495975,,,,,,,,
7,83.3064949006978,16.6935050993022,,,,,,,,
8,81.48819108964037,18.511808910359633,,,,,,,,
9,81.11916264090178,18.88083735909823,,,,,,,,
10,79.04589371980677,20.954106280193237,,,,,,,,
11,78.63660762211487,21.36339237788513,,,,,,,,
12,70.01476113794955,27.87842190016103,2.1068169618894257,,,,,,,
13,70.00134192163178,27.77777777777778,2.1068169618894257,0.11406333870101985,,,,,,
14,69.31696188942566,28.462157809983896,2.1068169618894257,0.11406333870101985,,,,,,
15,69.20960815888353,28.61647879763822,2.059849704777241,0.11406333870101985,,,,,,
16,69.35721953837896,28.468867418142782,2.059849704777241,0.11406333870101985,,,,,,
17,67.45840042941492,30.367686527106816,2.059849704777241,0.11406333870101985,,,,,,
18,67.53220611916264,29.824208266237253,2.059849704777241,0.11406333870101985,0.46967257112184646,,,,,
19,67.223564143854,28.683574879227052,3.5091250670960816,0.11406333870101985,0.46967257112184646,,,,,
20,61.67471819645733,31.300322061191626,6.4412238325281805,0.11406333870101985,0.46967257112184646,,,,,
21,61.69484702093398,30.20665593129361,6.4412238325281805,0.11406333870101985,0.46967257112184646,1.0735373054213635,,,,
22,61.71497584541063,30.18652710681696,6.4412238325281805,0.11406333870101985,0.46967257112184646,1.0735373054213635,,,,
23,57.82340311325819,34.07809983896941,6.4412238325281805,0.11406333870101985,0.46967257112184646,1.0735373054213635,,,,
24,53.938539989264626,37.96296296296296,6.4412238325281805,0.11406333870101985,0.46967257112184646,1.0735373054213635,,,,
25,47.12157809983897,37.526838432635536,13.808373590982287,,0.46967257112184646,1.0735373054213635,,,,
26,46.89345142243693,37.25174449812131,14.31159420289855,,0.46967257112184646,1.0735373054213635,,,,
27,47.04777241009125,36.73510466988728,14.278046162104133,,0.46967257112184646,1.4694041867954912,,,,
28,47.16854535695116,36.69484702093398,14.197530864197532,,0.46967257112184646,1.4694041867954912,,,,
29,47.155126140633385,36.500268384326354,14.190821256038648,,0.46967257112184646,1.6841116478797638,,,,
30,47.42351046698873,36.3593666129898,14.090177133655395,,0.46967257112184646,1.6572732152442298,,,,
31,45.57836822329576,38.238056897477186,14.056629092860977,,0.46967257112184646,1.6572732152442298,,,,
32,45.61862587224906,38.2313472893183,14.023081052066559,,0.46967257112184646,1.6572732152442298,,,,
33,44.89398819108964,39.64036500268384,13.264895330112722,,0.5434782608695652,1.6572732152442298,,,,
34,43.384326355340846,36.2788513150832,18.209876543209877,,0.46967257112184646,1.6572732152442298,,,,
35,41.06280193236715,41.639828234031135,15.170424047235642,,0.46967257112184646,1.6572732152442298,,,,
36,40.143585614600106,37.546967257112186,20.69243156199678,,0.0939345142243693,1.5230810520665594,,,,
37,40.371712292002144,37.432903918411164,20.477724100912507,,0.0939345142243693,1.6237251744498122,,,,
38,40.31132581857219,35.809178743961354,22.16183574879227,,0.0939345142243693,1.6237251744498122,,,,
39,39.40552871712292,34.07139023081052,22.014224369296834,2.791196994095545,0.0939345142243693,1.6237251744498122,,,,
40,38.707729468599034,34.82286634460547,21.85319377348363,2.791196994095545,0.0939345142243693,1.7310789049919484,,,,
41,38.24476650563607,33.883521202361784,21.732420826623724,2.791196994095545,1.8585614600107354,1.4895330112721417,,,,
42,37.80193236714976,30.756843800322063,20.799785292538918,7.843531937734836,1.3419216317767042,1.4559849704777241,,,,
43,36.60762211486849,30.69645732689211,20.02818035426731,9.883252818035427,1.328502415458937,1.4559849704777241,,,,
44,32.50805152979066,32.427536231884055,21.73913043478261,10.507246376811594,1.328502415458937,1.4895330112721417,,,,
45,26.737788513150832,40.55958132045089,21.162104133118625,9.883252818035427,1.4090177133655395,0.24825550187869028,,,,
46,26.90552871712292,40.45893719806763,20.90042941492217,9.883252818035427,1.4090177133655395,0.4428341384863124,,,,
47,25.38244766505636,35.668276972624795,29.59608158883521,7.092055823939882,1.9256575415995705,0.33548040794417605,,,,
48,25.483091787439612,35.63472893183038,29.2337627482555,7.024959742351046,1.9256575415995705,0.33548040794417605,0.36231884057971014,,,
49,25.603864734299517,35.567632850241544,29.220343531937736,6.998121309715513,1.9122383252818036,0.33548040794417605,0.36231884057971014,,,
50,21.806226516371442,36.460010735373054,32.19269994632314,6.9310252281266775,1.9122383252818036,0.33548040794417605,0.36231884057971014,,,
51,21.953837895866883,36.34594739667203,32.10547504025765,6.843800322061192,1.9122383252818036,0.33548040794417605,0.3488996242619431,0.15432098765432098,,
52,20.50456253354804,33.52791196994095,36.74852388620504,6.689479334406871,1.6170155662909287,0.4092860976918948,0.3488996242619431,0.15432098765432098,,
53,20.8064949006978,33.41384863123994,36.560654857756305,6.689479334406871,1.6170155662909287,0.4092860976918948,0.3488996242619431,0.15432098765432098,,
54,20.71256038647343,31.82367149758454,36.111111111111114,6.6827697262479875,1.6170155662909287,0.8521202361782072,0.3488996242619431,1.8518518518518519,,
55,19.699409554482017,31.219806763285025,37.74154589371981,6.66935050993022,1.6170155662909287,0.8521202361782072,0.3488996242619431,1.8518518518518519,,
56,19.97450348899624,31.15271068169619,37.94283413848631,6.528448738593666,1.3620504562533549,0.8387010198604401,0.3488996242619431,1.8518518518518519,,
57,18.646001073537306,32.54830917874396,37.432903918411164,6.494900697799249,1.724369296833065,0.8387010198604401,0.46296296296296297,1.8518518518518519,,
58,18.706387546967257,32.33360171765969,37.36580783682233,6.246645195920558,1.724369296833065,1.3083735909822867,0.46296296296296297,1.8518518518518519,,
59,18.65271068169619,30.394524959742352,37.204777241009126,6.246645195920558,3.878153515834675,1.3083735909822867,0.46296296296296297,1.8518518518518519,,
60,18.88083735909823,30.267042404723565,36.64787976382179,6.219806763285024,4.294149221685454,1.3821792807300053,0.46296296296296297,1.8451422436929683,,
61,19.0552871712292,30.193236714975846,36.460010735373054,6.159420289855072,4.441760601180891,1.3821792807300053,0.46296296296296297,1.8451422436929683,,
62,19.209608158883523,30.17981749865808,36.211755233494365,6.159420289855072,4.555823939881911,1.3821792807300053,0.4562533548040794,1.8451422436929683,,
63,19.538378958668815,30.10601180891036,36.03730542136339,6.146001073537305,4.488727858293076,1.3821792807300053,0.4562533548040794,1.8451422436929683,,
64,19.726247987117553,30.06575415995706,35.90311325818572,6.132581857219538,4.488727858293076,1.3821792807300053,0.4562533548040794,1.8451422436929683,,
65,19.665861513687602,29.87788513150832,39.26462694578637,3.569511540526033,4.133118625872249,1.2278582930756843,0.4562533548040794,1.8048845947396672,,
66,19.692699946323135,29.53569511540526,38.848631239935585,4.1532474503489,4.119699409554482,1.221148684916801,0.6239935587761675,1.8048845947396672,,
67,19.719538378958667,29.186795491143318,38.53327965646806,4.53569511540526,3.9049919484702094,1.221148684916801,0.6239935587761675,2.2745571658615136,,
68,19.79334406870639,29.166666666666668,38.1508319914117,4.53569511540526,3.9049919484702094,1.221148684916801,0.95276435856146,2.2745571658615136,,
69,17.713365539452496,29.844337090713903,36.69484702093398,7.877079978529254,3.8915727321524423,1.1876006441223832,0.95276435856146,1.8384326355340848,,
70,17.954911433172303,29.797369833601717,36.500268384326354,7.877079978529254,3.8915727321524423,1.1876006441223832,0.95276435856146,1.8384326355340848,,
71,18.075684380032207,25.09393451422437,40.633387010198604,7.716049382716049,4.341116478797638,1.1876006441223832,0.95276435856146,1.9994632313472893,,
72,18.317230273752013,25.0805152979066,40.351583467525494,7.6623725174449815,4.334406870638754,1.1876006441223832,0.95276435856146,2.1135265700483092,,
73,18.417874396135264,24.9597423510467,39.942297369833604,7.6556629092860975,4.334406870638754,1.1876006441223832,0.9259259259259259,2.576489533011272,,
74,18.531937734836287,24.859098228663445,39.85507246376812,7.615405260332796,4.334406870638754,1.3016639828234031,0.9259259259259259,2.576489533011272,,
75,17.98845947396672,23.389694041867955,42.09608158883521,7.615405260332796,4.139828234031133,1.2949543746645196,0.8990874932903918,2.576489533011272,,
76,18.06897477187332,23.362855609232422,40.88835212023618,7.575147611379496,4.139828234031133,2.6502952227589907,0.785024154589372,2.5295222758990876,,
77,18.149490069779926,23.329307568438004,40.86151368760064,7.575147611379496,4.26731078904992,2.6502952227589907,0.785024154589372,2.38191089640365,,
78,18.223295759527645,23.10789049919485,40.82796564680623,7.548309178743962,4.253891572732153,2.871712292002147,0.785024154589372,2.38191089640365,,
79,15.230810520665592,24.67793880837359,45.2361782071927,6.723027375201288,2.8918411164787976,2.4557165861513686,0.785024154589372,1.9994632313472893,,
80,15.60654857756307,24.214975845410628,44.7061191626409,6.575415995705851,3.2340311325818574,2.8784219001610305,0.785024154589372,1.9994632313472893,,
81,14.331723027375201,22.41009125067096,37.62748255501879,13.506441223832528,3.1199677938808374,2.8784219001610305,0.785024154589372,5.340848094471283,,
82,14.51959205582394,22.309447128287708,37.553676865271065,13.506441223832528,3.1199677938808374,2.8784219001610305,0.7716049382716049,5.340848094471283,,
83,14.761137949543746,22.262479871175522,37.4194847020934,13.466183574879228,3.099838969404187,2.8784219001610305,0.7716049382716049,5.340848094471283,,
84,14.76784755770263,21.81964573268921,37.36580783682233,13.88888888888889,3.2541599570585076,2.791196994095545,0.7716049382716049,5.340848094471283,,
85,15.063070316693505,21.66532474503489,36.600912506709605,14.445786366076222,3.227321524422974,2.885131508319914,0.7716049382716049,5.340848094471283,,
86,15.26435856146001,21.544551798174986,36.37278582930757,14.13714439076758,3.227321524422974,3.193773483628556,0.7716049382716049,5.488459473966721,,
87,15.438808373590982,21.504294149221685,36.35265700483092,13.969404186795492,3.227321524422974,3.3011272141706924,0.7716049382716049,5.434782608695652,,
88,15.5126140633387,21.141975308641975,35.628019323671495,13.841921631776705,4.260601180891036,3.3011272141706924,0.9057971014492754,5.407944176060118,,
89,14.486044015029522,18.793612453032743,44.196188942565755,9.078099838969404,3.9855072463768115,3.1468062265163717,0.9057971014492754,5.407944176060118,,
90,14.640365002683843,18.699677938808374,44.14922168545357,9.078099838969404,3.9720880300590444,3.1468062265163717,0.9057971014492754,5.407944176060118,,
91,15.009393451422437,18.646001073537306,44.00831991411702,9.078099838969404,3.824476650563607,3.1468062265163717,0.8789586688137413,5.407944176060118,,
92,15.26435856146001,18.592324208266238,43.71980676328502,9.07139023081052,3.824476650563607,3.1468062265163717,0.9863123993558777,5.394524959742351,,
93,15.687063875469672,18.57890499194847,43.12936124530327,9.057971014492754,3.7909286097691894,3.1333870101986045,1.2345679012345678,5.387815351583468,,
94,15.841384863123993,18.552066559312937,43.00858829844337,9.05126140633387,3.7909286097691894,3.1333870101986045,1.2345679012345678,5.387815351583468,,
95,15.921900161030596,18.54535695115405,42.941492216854535,9.044551798174986,3.7909286097691894,3.1333870101986045,1.2345679012345678,5.387815351583468,,
96,15.821256038647343,18.109232420826622,41.15002683843264,11.500268384326356,3.44873859366613,3.1333870101986045,1.4761137949543746,5.360976918947934,,
97,13.077026301663983,21.20907139023081,40.98899624261943,11.426462694578637,3.4017713365539453,3.1333870101986045,1.4761137949543746,5.287171229200215,,
98,12.909286097691895,20.69243156199678,42.80730005367686,11.258722490606548,3.4017713365539453,3.1333870101986045,1.4761137949543746,4.320987654320987,,
99,12.506709608158884,19.880568974771872,44.37063875469673,11.124530327428879,3.2675791733762747,3.1736446591519054,1.4559849704777241,4.2203435319377345,,
100,12.030327428878154,19.49141170155663,45.51798174986581,11.084272678475577,3.0394524959742353,3.361513687600644,1.4559849704777241,4.019055287171229,,
101,12.258454106280194,19.49141170155663,45.3972088030059,11.010466988727858,3.0394524959742353,3.3548040794417604,1.4559849704777241,3.992216854535695,,
102,12.453032742887816,19.43773483628556,45.21604938271605,11.003757380568974,3.026033279656468,3.3548040794417604,1.5163714439076759,3.992216854535695,,
103,12.775093934514224,19.37734836285561,45.1154052603328,10.990338164251208,2.985775630703167,3.3279656468062266,1.5163714439076759,3.911701556629093,,
104,11.144659151905529,27.865002683843265,40.49248523886205,9.151905528717123,2.985775630703167,3.207192699946323,1.2412775093934514,3.911701556629093,,
105,11.20504562533548,27.81803542673108,40.47906602254428,9.151905528717123,2.985775630703167,3.207192699946323,1.2412775093934514,3.911701556629093,,
106,11.137949543746645,23.74530327428878,44.57192699946323,9.145195920558239,2.9052603327965647,3.193773483628556,1.3888888888888888,3.911701556629093,,
107,10.88298443370907,23.45679012345679,42.129629629629626,13.56682769726248,2.9052603327965647,2.3617820719269993,1.3888888888888888,3.307836822329576,,
108,10.426731078904991,23.11460010735373,43.33735909822866,14.418947933440688,2.7777777777777777,2.3617820719269993,1.1876006441223832,2.3752012882447664,,
109,10.507246376811594,19.53166935050993,43.21658615136876,14.418947933440688,2.7643585614600106,2.3349436392914655,1.1741814278046163,6.052066559312936,,
110,10.789049919484702,19.49141170155663,43.001878690284485,14.412238325281804,2.7643585614600106,2.3215244229736984,1.1741814278046163,6.045356951154052,,
111,10.990338164251208,19.49141170155663,42.84755770263017,14.412238325281804,2.7442297369833604,2.3215244229736984,1.1741814278046163,6.018518518518518,,
112,11.09098228663446,19.49141170155663,42.51878690284487,14.36527106816962,2.7442297369833604,2.3215244229736984,1.4492753623188406,6.018518518518518,,
113,9.77589908749329,28.166935050993022,36.97665056360709,13.305152979066023,2.4825550187869028,2.0128824476650564,1.6841116478797638,5.595813204508857,,
114,9.88996242619431,28.052871712292003,37.34567901234568,12.949543746645196,2.4825550187869028,2.0128824476650564,1.6505636070853462,5.615942028985507,,
115,9.990606548577563,27.999194847020934,37.31213097155126,12.949543746645196,2.4825550187869028,2.0128824476650564,1.6505636070853462,5.60252281266774,,
116,10.104669887278583,27.911969940955448,37.285292538915726,12.949543746645196,2.4825550187869028,2.0128824476650564,1.6505636070853462,5.60252281266774,,
117,10.238862050456254,27.89855072463768,37.184648416532475,12.949543746645196,2.462426194310252,2.0128824476650564,1.6505636070853462,5.60252281266774,,
118,10.513955984970478,27.77777777777778,36.72839506172839,13.298443370907139,2.462426194310252,2.0128824476650564,1.6505636070853462,5.555555555555555,,
119,10.742082662372518,27.65029522275899,36.553945249597426,13.285024154589372,2.462426194310252,2.1135265700483092,1.6505636070853462,5.542136339237788,,
120,11.003757380568974,27.194041867954912,36.553945249597426,13.231347289318304,2.462426194310252,2.563070316693505,1.6505636070853462,5.340848094471283,,
121,8.621846484165324,39.94900697799248,27.167203435319376,13.848631239935587,2.200751476113795,1.8518518518518519,1.1137949543746646,5.246913580246914,,
122,8.749329039184111,39.32501341921632,26.818303811057433,13.895598497047773,2.1739130434782608,1.8719806763285025,1.1137949543746646,6.052066559312936,,
123,8.950617283950617,39.231078904991946,26.65727321524423,13.855340848094471,2.1739130434782608,1.8719806763285025,1.1003757380568975,6.159420289855072,,
124,8.876811594202898,39.190821256038646,26.42914653784219,13.828502415458937,2.5429414922168547,1.8719806763285025,1.1003757380568975,6.159420289855072,,
125,9.044551798174986,39.05662909286098,26.422436929683307,13.81508319914117,2.5429414922168547,1.8719806763285025,1.1003757380568975,6.146001073537305,,
126,9.138486312399356,38.92914653784219,26.120504562533547,13.774825550187868,2.5429414922168547,1.8719806763285025,1.1003757380568975,6.521739130434782,,
127,9.23913043478261,38.768115942028984,25.85882984433709,13.774825550187868,2.9723564143853998,1.9860440150295222,0.8319914117015567,6.468062265163715,0.10064412238325282,
128,9.433709071390231,38.687600644122384,25.85882984433709,13.654052603327965,2.9388083735909825,2.0665593129361244,0.8319914117015567,6.427804616210413,0.10064412238325282,
129,9.453837895866881,38.58024691358025,25.603864734299517,13.633923778851315,3.099838969404187,2.26784755770263,0.8319914117015567,6.427804616210413,0.10064412238325282,
130,9.520933977455716,38.5601180891036,25.55689747718733,13.633923778851315,3.099838969404187,2.26784755770263,0.8319914117015567,6.427804616210413,0.10064412238325282,
131,9.634997316156737,38.47289318303811,25.55689747718733,13.633923778851315,3.099838969404187,2.26784755770263,0.8051529790660226,6.427804616210413,0.10064412238325282,
132,9.75577026301664,38.20450885668277,25.53676865271068,13.580246913580247,3.099838969404187,2.4892646269457863,0.8051529790660226,6.427804616210413,0.10064412238325282,
133,9.997316156736447,38.14412238325282,25.42270531400966,13.546698872785829,3.099838969404187,2.4825550187869028,0.8588298443370908,6.347289318303811,0.10064412238325282,
134,10.030864197530864,37.96296296296296,25.281803542673106,13.90901771336554,3.099838969404187,2.4691358024691357,0.8588298443370908,6.286902844873859,0.10064412238325282,
135,10.050993022007514,37.90257648953301,25.268384326355342,13.895598497047773,2.804616210413312,2.395330112721417,0.8588298443370908,6.723027375201288,0.10064412238325282,
136,10.0979602791197,37.88244766505636,25.261674718196456,13.895598497047773,2.7844873859366612,2.395330112721417,0.8588298443370908,6.723027375201288,0.10064412238325282,
137,10.299248523886206,37.78180354267311,25.201288244766506,13.895598497047773,2.7308105206655933,2.314814814814815,0.8588298443370908,6.816961889425658,0.10064412238325282,
138,10.11808910359635,36.574074074074076,25.174449812130973,15.841384863123993,2.7308105206655933,1.932367149758454,0.9863123993558777,6.541867954911433,0.10064412238325282,
139,10.332796564680622,36.493558776167475,25.09393451422437,15.814546430488459,2.7308105206655933,1.90552871712292,0.9863123993558777,6.541867954911433,0.10064412238325282,
140,10.567632850241546,36.312399355877616,24.966451959205582,15.814546430488459,2.7308105206655933,1.8988191089640365,1.093666129898014,6.515029522275899,0.10064412238325282,
141,10.560923242082662,34.628287707997856,24.62426194310252,15.794417606011809,4.757112184648417,1.9726247987117553,1.093666129898014,6.468062265163715,0.10064412238325282,
142,10.849436392914654,34.534353193773484,24.402844873859365,15.767579173376275,4.757112184648417,1.9122383252818036,1.2077294685990339,6.468062265163715,0.10064412238325282,
143,11.104401502952227,34.47396672034353,24.355877616747183,15.754159957058508,4.669887278582931,1.892109500805153,1.2077294685990339,6.4412238325281805,0.10064412238325282,
144,11.252012882447666,34.46725711218465,23.792270531400966,15.982286634460548,4.9718196457326895,1.7847557702630166,1.2077294685990339,6.4412238325281805,0.10064412238325282,
145,11.305689747718732,34.366612989801396,23.65136876006441,15.955448201825014,4.676596886741814,1.778046162104133,1.570048309178744,6.595544820182502,0.10064412238325282,
146,10.943370907139023,34.17874396135266,24.228395061728396,15.92860976918948,4.676596886741814,1.778046162104133,1.570048309178744,6.595544820182502,0.10064412238325282,
147,11.137949543746645,34.09151905528717,23.98684916800859,15.908480944712828,4.676596886741814,1.778046162104133,1.724369296833065,6.595544820182502,0.10064412238325282,
148,11.258722490606548,33.55475040257649,23.72517444981213,15.908480944712828,4.64975845410628,2.576489533011272,1.724369296833065,6.501610305958132,0.10064412238325282,
149,11.520397208803006,33.031400966183575,23.1280193236715,16.53918411164788,4.64975845410628,2.804616210413312,1.724369296833065,6.501610305958132,0.10064412238325282,
150,11.493558776167472,32.00483091787439,22.940150295222757,16.53918411164788,4.64975845410628,2.6502952227589907,1.8115942028985508,7.809983896940419,0.10064412238325282,
151,11.439881910896403,31.561996779388085,20.967525496511005,19.048577563070317,4.676596886741814,2.6502952227589907,1.7646269457863661,7.7898550724637685,0.10064412238325282,
152,10.916532474503489,28.153515834675254,29.1129898013956,16.76731078904992,4.562533548040794,2.3550724637681157,1.6438539989264627,6.387546967257112,0.10064412238325282,
153,11.16478797638218,27.958937198067634,29.03918411164788,16.75389157273215,4.562533548040794,2.442297369833602,1.6237251744498122,6.353998926462695,0.10064412238325282,
154,11.419753086419753,27.865002683843265,28.958668813741276,16.74718196457327,4.488727858293076,2.442297369833602,1.6237251744498122,6.353998926462695,0.10064412238325282,
155,11.647879763821793,27.831454643048847,28.871443907675793,16.720343531937736,4.488727858293076,2.4355877616747184,1.6170155662909287,6.286902844873859,0.10064412238325282,
156,12.090713902308105,27.542941492216855,28.764090177133657,16.680085882984432,4.488727858293076,2.428878153515835,1.6170155662909287,6.286902844873859,0.10064412238325282,
157,12.23161567364466,27.542941492216855,28.710413311862588,16.63311862587225,4.4753086419753085,2.428878153515835,1.6170155662909287,6.260064412238325,0.10064412238325282,
158,12.359098228663447,27.509393451422437,28.629898013955984,16.63311862587225,4.461889425657541,2.428878153515835,1.6170155662909287,6.260064412238325,0.10064412238325282,
159,12.573805689747719,27.314814814814813,28.482286634460547,16.59957058507783,4.461889425657541,2.589908749329039,1.6170155662909287,6.260064412238325,0.10064412238325282,
160,12.620772946859903,27.26784755770263,28.482286634460547,16.59957058507783,4.461889425657541,2.589908749329039,1.6170155662909287,6.260064412238325,0.10064412238325282,
161,12.801932367149758,27.234299516908212,28.052871712292003,16.908212560386474,4.461889425657541,2.589908749329039,1.7914653784219001,6.0587761674718195,0.10064412238325282,
162,12.989801395598498,27.200751476113794,27.992485238862052,16.874664519592056,4.40150295222759,2.589908749329039,1.7914653784219001,6.0587761674718195,0.10064412238325282,
163,13.09044551798175,26.623725174449813,27.911969940955448,16.55931293612453,4.8376274825550185,2.5161030595813205,1.7914653784219001,6.568706387546968,0.10064412238325282,
164,13.137412775093935,26.610305958132045,27.885131508319915,16.552603327965645,4.8376274825550185,2.5161030595813205,1.7914653784219001,6.568706387546968,0.10064412238325282,
165,13.305152979066023,26.556629092860977,27.80461621041331,16.525764895330113,4.830917874396135,2.5161030595813205,1.7914653784219001,6.568706387546968,0.10064412238325282,
166,13.291733762748256,26.207729468599034,27.750939345142243,16.49892646269458,4.830917874396135,2.965646806226516,1.7914653784219001,6.561996779388084,0.10064412238325282,
167,13.372249060654857,26.20101986044015,27.72410091250671,16.49892646269458,4.817498658078368,2.965646806226516,1.7914653784219001,6.528448738593666,0.10064412238325282,
168,13.546698872785829,26.10708534621578,27.636876006441224,16.076221148684915,5.394524959742351,2.945517981749866,1.7914653784219001,6.400966183574879,0.10064412238325282,
169,13.747987117552334,25.99302200751476,27.563070316693505,15.96886741814278,5.548845947396672,2.9119699409554483,1.7914653784219001,6.374127750939345,0.10064412238325282,
170,14.150563607085346,25.845410628019323,27.47584541062802,15.821256038647343,5.548845947396672,2.9119699409554483,1.7713365539452497,6.374127750939345,0.10064412238325282,
171,14.27133655394525,25.731347289318304,25.335480407944175,15.660225442834138,5.5689747718733225,2.9052603327965647,1.7713365539452497,8.655394524959743,0.10064412238325282,
172,13.976113794954374,25.664251207729468,24.630971551261407,16.223832528180353,5.428073000536768,3.0059044551798175,2.328234031132582,8.641975308641975,0.10064412238325282,
173,13.875469672571121,25.5703166935051,24.308910359634996,17.11621041331186,5.394524959742351,3.0059044551798175,2.227589908749329,8.400429414922169,0.10064412238325282,
174,13.6808910359635,25.355609232420825,27.549651100375737,15.029522275899087,5.367686527106817,2.9253891572732154,2.167203435319377,7.823403113258186,0.10064412238325282,
175,13.841921631776705,25.34219001610306,27.361782071927,14.97584541062802,5.367686527106817,2.9253891572732154,2.2745571658615136,7.809983896940419,0.10064412238325282,
176,13.976113794954374,25.248255501878692,27.2812667740204,14.935587761674718,5.448201825013419,2.9253891572732154,2.2745571658615136,7.809983896940419,0.10064412238325282,
177,14.076757917337627,25.127482555018787,27.2812667740204,14.928878153515834,5.522007514761138,2.8784219001610305,2.2745571658615136,7.809983896940419,0.10064412238325282,
178,14.17740203972088,25.067096081588836,27.120236178207193,14.922168545356952,5.522007514761138,2.8784219001610305,2.4020397208803006,7.809983896940419,0.10064412238325282,
179,13.439345142243694,25.067096081588836,24.329039184111647,19.49812130971551,5.132850241545894,2.8784219001610305,2.006172839506173,7.548309178743962,0.10064412238325282,
180,12.627482555018787,22.36983360171766,28.918411164787976,18.719806763285025,4.851046698872786,2.8784219001610305,2.120236178207193,7.4141170155662905,0.10064412238325282,
181,12.714707461084272,22.25577026301664,28.898282340311326,18.706387546967257,4.924852388620504,2.871712292002147,2.1135265700483092,7.4141170155662905,0.10064412238325282,
182,12.828770799785293,22.25577026301664,28.844605475040257,18.67283950617284,4.911433172302737,2.85829307568438,2.1135265700483092,7.4141170155662905,0.10064412238325282,
183,12.915995705850777,22.24235104669887,28.77750939345142,18.67283950617284,4.904723564143854,2.85829307568438,2.1135265700483092,7.4141170155662905,0.10064412238325282,
184,13.030059044551798,22.24235104669887,28.723832528180353,18.276972624798713,5.24020397208803,2.85829307568438,2.1135265700483092,7.4141170155662905,0.10064412238325282,
185,13.070316693505099,22.208803005904453,28.723832528180353,18.270263016639827,5.24020397208803,2.85829307568438,2.1135265700483092,7.4141170155662905,0.10064412238325282,
186,13.251476113794954,22.128287707997853,28.723832528180353,18.17632850241546,5.24020397208803,2.85829307568438,2.1135265700483092,7.407407407407407,0.10064412238325282,
187,13.378958668813741,21.926999463231347,28.723832528180353,18.156199677938808,5.24020397208803,2.9723564143853998,2.1135265700483092,7.387278582930757,0.10064412238325282,
188,13.513150831991412,21.906870638754697,28.29441760601181,18.095813204508858,5.24020397208803,2.9589371980676327,2.5295222758990876,7.360440150295223,0.10064412238325282,
189,13.633923778851315,21.906870638754697,28.29441760601181,18.06226516371444,5.24020397208803,2.9589371980676327,2.5295222758990876,7.273215244229737,0.10064412238325282,
190,13.848631239935587,21.712292002147073,28.039452495974235,17.867686527106816,5.213365539452496,3.4151905528717124,2.5295222758990876,7.273215244229737,0.10064412238325282,
191,14.016371443907676,21.69887278582931,27.67042404723564,17.867686527106816,5.213365539452496,3.6500268384326353,2.509393451422437,7.273215244229737,0.10064412238325282,
192,14.13714439076758,21.67874396135266,27.616747181964573,17.840848094471284,5.213365539452496,3.643317230273752,2.509393451422437,7.25979602791197,0.10064412238325282,
193,14.210950080515298,21.67874396135266,27.616747181964573,17.69994632313473,5.213365539452496,3.643317230273752,2.509393451422437,7.199409554482019,0.10064412238325282,0.1274825550187869
194,14.418947933440688,21.658615136876005,27.569779924852387,17.59259259259259,5.213365539452496,3.6097691894793345,2.509393451422437,7.199409554482019,0.10064412238325282,0.1274825550187869
195,14.492753623188406,21.631776704240472,27.542941492216855,17.57246376811594,5.213365539452496,3.6097691894793345,2.509393451422437,7.199409554482019,0.10064412238325282,0.1274825550187869
196,14.680622651637144,21.202361782071925,27.140365002683843,17.270531400966185,5.4549114331723025,3.388352120236178,3.099838969404187,7.5348899624261945,0.10064412238325282,0.1274825550187869
197,14.600107353730541,20.632045088566827,26.959205582393988,17.21014492753623,5.528717122920021,4.233762748255502,3.099838969404187,7.50805152979066,0.10064412238325282,0.1274825550187869
198,14.861782071927,20.598497047772412,26.838432635534083,17.122920021470748,5.515297906602254,4.233762748255502,3.099838969404187,7.50805152979066,0.0939345142243693,0.1274825550187869
199,15.029522275899087,19.826892109500804,26.174181427804616,17.028985507246375,5.495169082125604,5.723295759527644,3.026033279656468,7.474503488996243,0.0939345142243693,0.1274825550187869
200,15.271068169618895,19.826892109500804,26.113794954374665,16.888083735909824,5.495169082125604,5.709876543209877,2.999194847020934,7.474503488996243,0.0939345142243693,0.1274825550187869
201,15.60654857756307,19.665861513687602,26.039989264626946,16.854535695115406,5.428073000536768,5.709876543209877,2.999194847020934,7.474503488996243,0.0939345142243693,0.1274825550187869
202,15.666935050993022,19.28341384863124,26.039989264626946,16.80756843800322,5.407944176060118,6.099033816425121,2.999194847020934,7.474503488996243,0.0939345142243693,0.1274825550187869
203,15.901771336553946,19.209608158883523,26.03327965646806,16.76731078904992,5.407944176060118,5.984970477724101,2.999194847020934,7.474503488996243,0.0939345142243693,0.1274825550187869
204,16.09634997316157,19.196188942565755,25.959473966720342,16.666666666666668,5.401234567901234,5.984970477724101,2.999194847020934,7.474503488996243,0.0939345142243693,0.1274825550187869
205,16.418411164787976,19.155931293612454,25.583735909822867,16.63311862587225,5.387815351583468,5.984970477724101,3.260869565217391,7.353730542136339,0.0939345142243693,0.1274825550187869
206,16.70692431561997,19.082125603864736,25.483091787439612,16.566022544283413,5.360976918947934,5.964841653247451,3.260869565217391,7.353730542136339,0.0939345142243693,0.1274825550187869
207,16.82769726247987,19.04186795491143,25.44283413848631,16.566022544283413,5.360976918947934,5.9514224369296835,3.260869565217391,7.326892109500805,0.0939345142243693,0.1274825550187869
208,16.99543746645196,18.99490069779925,25.40257648953301,16.525764895330113,5.360976918947934,5.9447128287707995,3.260869565217391,7.2933440687063875,0.0939345142243693,0.1274825550187869
209,17.3040794417606,18.988191089640367,25.295222758990874,16.51905528717123,5.35426731078905,5.897745571658615,3.260869565217391,7.159151905528717,0.0939345142243693,0.1274825550187869
210,17.45169082125604,18.907675791733762,25.295222758990874,16.51905528717123,5.35426731078905,5.857487922705314,3.260869565217391,7.132313472893183,0.0939345142243693,0.1274825550187869
211,17.60601180891036,18.63929146537842,25.281803542673106,16.51905528717123,5.528717122920021,5.9447128287707995,3.1535158346752548,7.105475040257649,0.0939345142243693,0.1274825550187869
212,18.10252281266774,18.61916264090177,24.88593666129898,16.472088030059044,5.528717122920021,5.9447128287707995,3.1535158346752548,7.071926999463232,0.0939345142243693,0.1274825550187869
213,18.357487922705314,18.5252281266774,24.724906065485776,16.418411164787976,5.4549114331723025,5.9447128287707995,3.2877079978529253,7.071926999463232,0.0939345142243693,0.12077294685990338
214,18.55877616747182,18.49838969404187,24.684648416532475,16.324476650563607,5.253623188405797,6.105743424584004,3.2877079978529253,7.071926999463232,0.0939345142243693,0.12077294685990338
215,18.54535695115405,18.06897477187332,24.684648416532475,16.324476650563607,5.226784755770263,6.052066559312936,3.260869565217391,7.62211486849168,0.0939345142243693,0.12077294685990338
216,19.11567364465915,18.00187869028449,24.52361782071927,16.25738056897477,5.226784755770263,5.984970477724101,3.260869565217391,7.4141170155662905,0.0939345142243693,0.12077294685990338
217,19.182769726247987,17.98174986580784,24.52361782071927,16.23054213633924,5.226784755770263,5.984970477724101,3.260869565217391,7.39398819108964,0.0939345142243693,0.12077294685990338
218,19.33709071390231,17.8743961352657,24.48336017176597,16.23054213633924,5.226784755770263,5.984970477724101,3.2541599570585076,7.39398819108964,0.0939345142243693,0.12077294685990338
219,19.209608158883523,17.659688674181428,24.4699409554482,16.23054213633924,5.226784755770263,5.9447128287707995,3.2139023081052067,7.830112721417069,0.0939345142243693,0.12077294685990338
220,19.384057971014492,17.270531400966185,24.4296833064949,16.223832528180353,5.119431025228127,5.877616747181965,3.2139023081052067,8.266237251744498,0.0939345142243693,0.12077294685990338
221,19.444444444444443,17.24369296833065,24.396135265700483,16.109769189479334,5.059044551798175,6.052066559312936,3.2139023081052067,8.266237251744498,0.0939345142243693,0.12077294685990338
222,19.444444444444443,17.136339237788512,24.335748792270532,16.0426731078905,5.508588298443371,5.8239398819108965,3.2139023081052067,8.279656468062266,0.0939345142243693,0.12077294685990338
223,19.692699946323135,17.102791196994094,24.322329575952764,16.009125067096083,5.475040257648954,5.8172302737520125,3.180354267310789,8.185721953837897,0.0939345142243693,0.12077294685990338
224,19.87385936661299,17.102791196994094,24.255233494363928,15.915190552871712,5.475040257648954,5.8172302737520125,3.1736446591519054,8.172302737520129,0.0939345142243693,0.12077294685990338
225,19.89398819108964,16.894793344068706,24.18142780461621,15.848094471282877,5.407944176060118,5.669618894256575,3.2675791733762747,8.621846484165324,0.0939345142243693,0.12077294685990338
226,20.04830917874396,16.894793344068706,24.02710681696189,15.821256038647343,5.340848094471283,5.770263016639828,3.260869565217391,8.621846484165324,0.0939345142243693,0.12077294685990338
227,20.242887815351583,16.800858829844337,23.993558776167472,15.787707997852925,5.367686527106817,5.763553408480945,3.227321524422974,8.601717659688674,0.0939345142243693,0.12077294685990338
228,20.263016639828233,16.800858829844337,23.993558776167472,15.767579173376275,5.367686527106817,5.763553408480945,3.227321524422974,8.601717659688674,0.0939345142243693,0.12077294685990338
229,20.437466451959207,16.67337627482555,23.993558776167472,15.754159957058508,5.367686527106817,5.763553408480945,3.227321524422974,8.568169618894256,0.0939345142243693,0.12077294685990338
230,20.685721953837895,16.67337627482555,23.93317230273752,15.599838969404187,5.360976918947934,5.736714975845411,3.227321524422974,8.568169618894256,0.0939345142243693,0.12077294685990338
231,20.94068706387547,16.646537842190018,23.772141706924316,15.599838969404187,5.3274288781535155,5.71658615136876,3.2206119162640903,8.561460010735374,0.0939345142243693,0.12077294685990338
232,20.497852925389157,15.331454643048845,23.691626409017715,17.69994632313473,5.3274288781535155,5.4549114331723025,3.2206119162640903,8.561460010735374,0.0939345142243693,0.12077294685990338
233,20.74610842726785,15.318035426731079,23.67149758454106,17.538915727321523,5.280461621041331,5.4549114331723025,3.2206119162640903,8.55475040257649,0.0939345142243693,0.12077294685990338
234,18.585614600107355,12.016908212560386,34.23913043478261,16.586151368760063,3.770799785292539,3.515834675254965,3.435319377348363,7.635534084809447,0.0939345142243693,0.12077294685990338
235,18.71309715512614,12.016908212560386,34.14519592055824,16.5727321524423,3.750670960815888,3.515834675254965,3.435319377348363,7.635534084809447,0.0939345142243693,0.12077294685990338
236,19.00161030595813,11.882716049382717,34.024422973698336,16.552603327965645,3.750670960815888,3.549382716049383,3.388352120236178,7.635534084809447,0.0939345142243693,0.12077294685990338
237,19.0955448201825,11.862587224906065,33.964036500268385,16.53918411164788,3.750670960815888,3.549382716049383,3.388352120236178,7.635534084809447,0.0939345142243693,0.12077294685990338
238,19.182769726247987,11.668008588298443,33.84997316156736,17.04911433172303,3.750670960815888,3.3548040794417604,3.3816425120772946,7.548309178743962,0.0939345142243693,0.12077294685990338
239,19.269994632313473,11.668008588298443,33.803005904455176,17.04911433172303,3.7372517444981215,3.3548040794417604,3.3816425120772946,7.521470746108427,0.0939345142243693,0.12077294685990338
240,19.41760601180891,11.668008588298443,33.73590982286635,17.04911433172303,3.7372517444981215,3.3548040794417604,3.3816425120772946,7.440955448201825,0.0939345142243693,0.12077294685990338
241,18.907675791733762,11.453301127214171,31.253354804079443,20.759527643585614,3.44873859366613,3.3548040794417604,3.3816425120772946,7.226247987117552,0.0939345142243693,0.12077294685990338
242,19.0955448201825,11.43317230273752,31.226516371443907,20.658883521202362,3.44873859366613,3.3548040794417604,3.3816425120772946,7.185990338164252,0.0939345142243693,0.12077294685990338
243,18.99490069779925,11.399624261943103,32.48121309715513,19.887278582930758,3.1535158346752548,3.3413848631239937,3.3413848631239937,7.185990338164252,0.0939345142243693,0.12077294685990338
244,18.867418142780462,10.950080515297907,31.622383252818036,21.71900161030596,3.1535158346752548,3.207192699946323,3.280998389694042,6.984702093397746,0.0939345142243693,0.12077294685990338
245,18.947933440687063,10.950080515297907,31.387546967257112,21.71900161030596,3.1535158346752548,3.361513687600644,3.280998389694042,6.984702093397746,0.0939345142243693,0.12077294685990338
246,19.216317767042405,10.923242082662373,31.266774020397207,21.604938271604937,3.1535158346752548,3.3548040794417604,3.280998389694042,6.984702093397746,0.0939345142243693,0.12077294685990338
247,19.216317767042405,10.84272678475577,30.85077831454643,21.4170692431562,3.1535158346752548,3.92512077294686,3.4151905528717124,6.964573268921095,0.0939345142243693,0.12077294685990338
248,19.39747718733226,10.82259796027912,30.730005367686527,21.3768115942029,3.1535158346752548,3.92512077294686,3.4151905528717124,6.964573268921095,0.0939345142243693,0.12077294685990338
249,19.81347289318304,10.802469135802468,30.629361245303276,21.22249060654858,3.1535158346752548,3.898282340311326,3.4017713365539453,6.863929146537842,0.0939345142243693,0.12077294685990338
250,19.994632313472895,10.789049919484702,30.629361245303276,21.195652173913043,3.1199677938808374,3.898282340311326,3.374932903918411,6.78341384863124,0.0939345142243693,0.12077294685990338
251,20.189210950080515,10.789049919484702,30.414653784219002,21.195652173913043,3.0595813204508855,3.898282340311326,3.374932903918411,6.863929146537842,0.0939345142243693,0.12077294685990338
252,20.276435856146,10.755501878690284,30.394524959742352,21.162104133118625,3.0595813204508855,3.898282340311326,3.374932903918411,6.863929146537842,0.0939345142243693,0.12077294685990338
253,20.377079978529252,10.755501878690284,30.35426731078905,21.048040794417606,3.052871712292002,3.864734299516908,3.374932903918411,6.957863660762212,0.0939345142243693,0.12077294685990338
254,20.719269994632313,10.648148148148149,30.233494363929147,21.014492753623188,3.012614063338701,3.864734299516908,3.374932903918411,6.91760601180891,0.0939345142243693,0.12077294685990338
255,20.840042941492218,10.648148148148149,30.19994632313473,21.014492753623188,3.012614063338701,3.7775093934514223,3.374932903918411,6.91760601180891,0.0939345142243693,0.12077294685990338
256,21.121846484165324,10.601180891035963,30.04562533548041,20.974235104669887,2.985775630703167,3.7640901771336552,3.374932903918411,6.91760601180891,0.0939345142243693,0.12077294685990338
