,45,50,52,51,54,55,53,56,57
0,99.47665056360708,0.5233494363929146,,,,,,,
1,96.95383789586688,2.7106816961889426,0.33548040794417605,,,,,,
2,96.95383789586688,2.7106816961889426,0.33548040794417605,,,,,,
3,94.6256038647343,5.052334943639291,0.322061191626409,,,,,,
4,94.20289855072464,5.475040257648954,0.322061191626409,,,,,,
5,78.75738056897477,20.92055823939882,0.322061191626409,,,,,,
6,78.5829307568438,21.095008051529792,0.322061191626409,,,,,,
7,77.86500268384326,20.679012345679013,0.322061191626409,1.133923778851315,,,,,
8,77.87842190016103,20.665593129361245,0.322061191626409,1.133923778851315,,,,,
9,77.67042404723564,20.873590982286636,0.322061191626409,1.133923778851315,,,,,
10,70.75952764358561,27.17391304347826,0.322061191626409,1.0332796564680622,0.7112184648416533,,,,
11,67.98174986580784,29.95169082125604,0.322061191626409,1.0332796564680622,0.7112184648416533,,,,
12,68.06897477187333,29.864465915190554,0.322061191626409,1.0332796564680622,0.7112184648416533,,,,
13,68.06897477187333,29.790660225442835,0.39586688137412773,1.0332796564680622,0.7112184648416533,,,,
14,67.70665593129361,29.918142780461622,0.39586688137412773,1.0332796564680622,0.7112184648416533,0.23483628556092323,,,
15,67.72007514761138,29.904723564143854,0.39586688137412773,1.0332796564680622,0.7112184648416533,0.23483628556092323,,,
16,62.80864197530864,34.88996242619431,0.322061191626409,1.0332796564680622,0.7112184648416533,0.23483628556092323,,,
17,61.87600644122383,35.82259796027912,0.322061191626409,1.0332796564680622,0.7112184648416533,0.23483628556092323,,,
18,61.9296833064949,35.768921095008054,0.322061191626409,1.0332796564680622,0.7112184648416533,0.23483628556092323,,,
19,62.0101986044015,35.68840579710145,0.322061191626409,1.0332796564680622,0.7112184648416533,0.23483628556092323,,,
20,62.11084272678475,35.61460010735373,0.322061191626409,1.0064412238325282,0.7112184648416533,0.23483628556092323,,,
21,62.25174449812131,35.51395598497048,0.322061191626409,0.9863123993558777,0.7112184648416533,0.2147074610842727,,,
22,62.003488996242616,35.507246376811594,0.322061191626409,1.2412775093934514,0.7112184648416533,0.2147074610842727,,,
23,62.224906065485776,35.28582930756844,0.322061191626409,1.2412775093934514,0.7112184648416533,0.2147074610842727,,,
24,59.064680622651636,35.98362855609233,0.322061191626409,3.7037037037037037,0.7112184648416533,0.2147074610842727,,,
25,59.064680622651636,35.98362855609233,0.322061191626409,3.7037037037037037,0.7112184648416533,0.2147074610842727,,,
26,55.414653784219,39.63365539452496,0.322061191626409,3.7037037037037037,0.7112184648416533,0.2147074610842727,,,
27,54.710144927536234,40.385131508319915,0.322061191626409,3.7037037037037037,0.6642512077294686,0.2147074610842727,,,
28,52.95222758990875,42.572463768115945,0.020128824476650563,3.5762211486849167,0.6642512077294686,0.2147074610842727,,,
29,52.87842190016103,42.47181964573269,0.020128824476650563,3.5762211486849167,0.6642512077294686,0.38915727321524424,,,
30,52.87842190016103,42.43827160493827,0.020128824476650563,3.4957058507783145,0.6642512077294686,0.5032206119162641,,,
31,53.166935050993025,42.391304347826086,0.020128824476650563,3.260869565217391,0.6575415995705851,0.5032206119162641,,,
32,53.33467525496511,42.223564143854,0.020128824476650563,3.260869565217391,0.6575415995705851,0.5032206119162641,,,
33,51.42914653784219,44.12909286097692,0.020128824476650563,3.260869565217391,0.6575415995705851,0.5032206119162641,,,
34,51.509661835748794,44.04857756307032,0.020128824476650563,3.260869565217391,0.6575415995705851,0.5032206119162641,,,
35,50.87224906065486,42.84755770263017,1.8719806763285025,3.2474503488996245,0.6575415995705851,0.5032206119162641,,,
36,50.88566827697262,42.7133655394525,1.8719806763285025,3.2474503488996245,0.6575415995705851,0.6239935587761675,,,
37,50.81186258722491,42.16317767042405,1.8719806763285025,3.2474503488996245,0.6575415995705851,0.6239935587761675,0.6239935587761675,,
38,50.85882984433709,42.11621041331186,1.8719806763285025,3.2474503488996245,0.6575415995705851,0.6239935587761675,0.6239935587761675,,
39,50.72463768115942,42.250402576489535,1.8719806763285025,3.2474503488996245,0.6575415995705851,0.6239935587761675,0.6239935587761675,,
40,50.657541599570585,41.46537842190016,1.8719806763285025,3.2474503488996245,0.6575415995705851,0.6239935587761675,1.4761137949543746,,
41,50.79844337090714,41.34460547504026,1.8719806763285025,3.2474503488996245,0.6374127750939346,0.6239935587761675,1.4761137949543746,,
42,50.77831454643049,41.196994095544824,1.8719806763285025,3.2139023081052067,0.8387010198604401,0.6239935587761675,1.4761137949543746,,
43,46.222490606548575,45.880300590445515,1.8719806763285025,3.0864197530864197,0.8387010198604401,0.6239935587761675,1.4761137949543746,,
44,46.24932903918411,45.853462157809986,1.8719806763285025,3.0864197530864197,0.8387010198604401,0.6239935587761675,1.4761137949543746,,
45,35.42673107890499,56.74986580783682,1.8719806763285025,3.0864197530864197,0.8387010198604401,0.6239935587761675,1.402308105206656,,
46,35.547504025764894,56.52844873859367,1.8719806763285025,3.0864197530864197,0.8387010198604401,0.7246376811594203,1.402308105206656,,
47,35.07783145464305,55.77026301663983,1.8451422436929683,4.3545356951154055,0.8387010198604401,0.7246376811594203,1.3888888888888888,,
48,33.863392377885134,56.99141170155663,1.8451422436929683,4.3545356951154055,0.8387010198604401,0.7179280730005367,1.3888888888888888,,
49,34.09822866344606,56.84380032206119,1.8317230273752012,4.280730005367687,0.8387010198604401,0.7179280730005367,1.3888888888888888,,
50,34.12506709608159,54.83762748255502,1.8317230273752012,4.247181964573269,2.965646806226516,0.6038647342995169,1.3888888888888888,,
51,34.29951690821256,54.73698336017176,1.8317230273752012,4.247181964573269,2.8918411164787976,0.6038647342995169,1.3888888888888888,,
52,34.35319377348363,54.690016103059584,1.8317230273752012,4.247181964573269,2.8918411164787976,0.6038647342995169,1.3821792807300053,,
53,34.38674181427805,52.361782071927,4.1532474503489,4.247181964573269,2.8650026838432634,0.6038647342995169,1.3821792807300053,,
54,34.20558239398819,51.1406333870102,5.555555555555555,4.247181964573269,2.8650026838432634,0.6038647342995169,1.3821792807300053,,
55,34.292807300053674,51.09366612989801,5.515297906602254,4.247181964573269,2.8650026838432634,0.6038647342995169,1.3821792807300053,,
56,34.35990338164251,51.0601180891036,5.515297906602254,4.247181964573269,2.8650026838432634,0.5703166935050993,1.3821792807300053,,
57,34.48067632850242,50.939345142243695,5.515297906602254,3.965378421900161,2.8650026838432634,0.8521202361782072,1.3821792807300053,,
58,34.648416532474506,50.577026301663984,5.515297906602254,3.965378421900161,2.8650026838432634,1.0466988727858293,1.3821792807300053,,
59,32.648953301127214,45.06172839506173,6.662640901771336,5.481749865807837,5.152979066022544,1.0466988727858293,3.9452495974235107,,
60,31.34728931830381,46.256038647343,6.649221685453569,5.407944176060118,5.119431025228127,1.3016639828234031,3.9184111647879765,,
61,28.549382716049383,50.4495437466452,4.9718196457326895,6.561996779388084,4.602791196994096,1.1003757380568975,3.7640901771336552,,
62,28.67686527106817,50.34219001610306,4.9718196457326895,6.561996779388084,4.602791196994096,1.0869565217391304,3.7573805689747717,,
63,28.005904455179817,48.82581857219538,4.824208266237251,8.011272141706923,5.340848094471283,0.8923778851315083,4.0995705850778315,,
64,28.153515834675254,48.678207192699944,4.824208266237251,8.011272141706923,5.340848094471283,0.8923778851315083,4.0995705850778315,,
65,28.213902308105208,48.651368760064415,4.790660225442834,8.011272141706923,5.340848094471283,0.8923778851315083,4.0995705850778315,,
66,28.30112721417069,48.57085346215781,4.790660225442834,8.004562533548041,5.340848094471283,0.8923778851315083,4.0995705850778315,,
67,28.401771336553946,48.49704777241009,4.790660225442834,7.991143317230274,5.3274288781535155,0.8923778851315083,4.0995705850778315,,
68,28.099838969404185,47.396672034353195,4.790660225442834,7.816693505099302,5.401234567901234,0.8923778851315083,5.60252281266774,,
69,28.29441760601181,46.96725711218465,4.777241009125067,7.809983896940419,5.394524959742351,0.8923778851315083,5.864197530864198,,
70,26.241277509393452,43.39103596349973,4.777241009125067,15.4723564143854,5.314009661835748,0.798443370907139,4.005636070853462,,
71,26.25469672571122,42.411433172302736,4.777241009125067,15.438808373590982,5.267042404723564,0.798443370907139,5.052334943639291,,
72,26.34863123993559,42.31749865807837,4.777241009125067,15.438808373590982,5.267042404723564,0.798443370907139,5.052334943639291,,
73,26.402308105206657,42.28395061728395,4.777241009125067,15.438808373590982,5.267042404723564,0.798443370907139,5.032206119162641,,
74,26.476113794954376,42.28395061728395,4.777241009125067,15.411969940955448,5.22007514761138,0.798443370907139,5.032206119162641,,
75,26.36876006441224,42.391304347826086,4.777241009125067,15.143585614600108,5.22007514761138,1.06682769726248,5.032206119162641,,
76,26.549919484702095,42.24369296833065,4.777241009125067,15.11003757380569,5.22007514761138,1.06682769726248,5.032206119162641,,
77,26.590177133655395,42.230273752012884,4.770531400966184,15.08990874932904,5.22007514761138,1.06682769726248,5.032206119162641,,
78,26.8317230273752,42.1833064949007,4.636339237788513,15.022812667740205,5.22007514761138,0.9863123993558777,4.985238862050457,0.13419216317767044,
79,26.918947933440688,42.0222758990875,4.636339237788513,14.97584541062802,5.340848094471283,0.9863123993558777,4.985238862050457,0.13419216317767044,
80,26.992753623188406,41.99543746645196,4.636339237788513,14.949006977992486,5.340848094471283,0.9863123993558777,4.9651100375738055,0.13419216317767044,
81,27.214170692431562,41.94176060118089,4.609500805152979,14.814814814814815,5.340848094471283,0.9863123993558777,4.958400429414922,0.13419216317767044,
82,27.388620504562535,41.89479334406871,4.49543746645196,14.687332259796028,5.340848094471283,0.9863123993558777,4.958400429414922,0.13419216317767044,0.11406333870101985
83,27.241009125067094,40.76086956521739,7.763016639828234,13.103864734299517,5.340848094471283,0.9125067096081588,4.62962962962963,0.13419216317767044,0.11406333870101985
84,27.361782071927,40.00939345142244,7.27992485238862,14.231078904991948,5.3274288781535155,0.9125067096081588,4.62962962962963,0.13419216317767044,0.11406333870101985
85,25.77831454643049,40.92860976918948,7.27992485238862,14.895330112721417,5.3274288781535155,0.9125067096081588,4.62962962962963,0.13419216317767044,0.11406333870101985
86,14.794685990338165,68.19645732689212,4.005636070853462,7.320182501341922,2.9388083735909825,0.5434782608695652,2.200751476113795,,
87,15.009393451422437,68.05555555555556,3.978797638217928,7.2933440687063875,2.9253891572732154,0.5434782608695652,2.1940418679549114,,
88,15.056360708534621,67.914653784219,3.978797638217928,7.2933440687063875,3.0193236714975846,0.5434782608695652,2.1940418679549114,,
89,15.096618357487923,67.43827160493827,3.978797638217928,7.2933440687063875,3.0193236714975846,0.9796027911969941,2.1940418679549114,,
90,15.250939345142244,67.28395061728395,3.978797638217928,7.2933440687063875,3.0193236714975846,0.9796027911969941,2.1940418679549114,,
91,15.45222758990875,66.68679549114331,3.978797638217928,7.2933440687063875,3.4286097691894795,1.06682769726248,2.0933977455716586,,
92,15.499194847020934,66.29763821792807,3.978797638217928,7.2933440687063875,3.4286097691894795,1.4090177133655395,2.0933977455716586,,
93,13.654052603327965,69.6256038647343,3.978797638217928,5.911164787976382,3.3279656468062266,1.4090177133655395,2.0933977455716586,,
94,13.774825550187868,69.52495974235104,3.9586688137412773,5.911164787976382,3.3279656468062266,1.4090177133655395,2.0933977455716586,,
95,13.868760064412239,69.45786366076221,3.9318303811057436,5.911164787976382,3.3279656468062266,1.4090177133655395,2.0933977455716586,,
96,14.231078904991948,68.67954911433172,3.9318303811057436,5.911164787976382,3.3279656468062266,1.8317230273752012,2.086688137412775,,
97,14.237788513150832,68.55206655931293,3.9318303811057436,6.031937734836285,3.3279656468062266,1.8317230273752012,2.086688137412775,,
98,14.237788513150832,68.2836822329576,3.9049919484702094,6.031937734836285,3.3279656468062266,2.1269457863660763,2.086688137412775,,
99,14.049919484702093,66.50563607085346,5.884326355340848,6.031937734836285,3.3279656468062266,2.1135265700483092,2.086688137412775,,
100,12.714707461084272,68.05555555555556,5.884326355340848,5.730005367686527,3.6097691894793345,2.3349436392914655,1.6706924315619969,,
101,12.828770799785293,67.9549114331723,5.870907139023081,5.730005367686527,3.6097691894793345,2.3349436392914655,1.6706924315619969,,
102,13.291733762748256,67.52549651100375,5.870907139023081,5.709876543209877,3.6097691894793345,2.3215244229736984,1.6706924315619969,,
103,13.734567901234568,66.72034353193773,6.005099302200751,5.629361245303274,3.6097691894793345,2.6301663982823404,1.6706924315619969,,
104,13.81508319914117,66.33789586688137,6.005099302200751,5.629361245303274,3.6902844873859366,2.8515834675254963,1.6706924315619969,,
105,13.92914653784219,66.04938271604938,6.005099302200751,5.629361245303274,3.6902844873859366,3.026033279656468,1.6706924315619969,,
106,13.419216317767042,64.34514224369296,5.991680085882985,5.280461621041331,3.6768652710681695,3.2877079978529253,3.9989264626945786,,
107,13.20450885668277,62.513419216317764,5.991680085882985,7.347020933977456,3.6768652710681695,3.2877079978529253,3.978797638217928,,
108,13.318572195383789,61.540526033279654,5.991680085882985,7.313472893183038,3.6768652710681695,4.314278046162104,3.844605475040258,,
109,13.573537305421363,60.53408480944713,5.971551261406334,7.232957595276436,4.99194847020934,4.1129898013955986,3.5829307568438002,,
110,13.707729468599034,60.158346752549654,5.971551261406334,7.219538378958669,4.99194847020934,4.40150295222759,3.549382716049383,,
111,13.7211486849168,60.158346752549654,5.958132045088567,7.219538378958669,4.99194847020934,4.40150295222759,3.549382716049383,,
112,13.828502415458937,60.05099302200752,5.958132045088567,7.219538378958669,4.99194847020934,4.40150295222759,3.549382716049383,,
113,14.110305958132045,59.997316156736446,5.736714975845411,7.300053676865271,4.9651100375738055,4.38137412775094,3.5091250670960816,,
114,14.096886741814279,57.25308641975309,8.588298443370908,7.27992485238862,5.045625335480408,4.38137412775094,3.3548040794417604,,
115,14.224369296833064,56.80354267310789,8.57487922705314,7.239667203435319,5.045625335480408,4.824208266237251,3.2877079978529253,,
116,13.976113794954374,53.227321524422976,13.727858293075684,7.239667203435319,5.045625335480408,3.4957058507783145,3.2877079978529253,,
117,14.150563607085346,53.16022544283414,13.647342995169081,7.239667203435319,5.045625335480408,3.4688674181427803,3.2877079978529253,,
118,14.412238325281804,50.959473966720346,13.647342995169081,9.118357487922705,5.045625335480408,3.5292538915727323,3.2877079978529253,,
119,14.512882447665056,50.89237788513151,13.647342995169081,9.104938271604938,5.045625335480408,3.5091250670960816,3.2877079978529253,,
120,14.61352657004831,50.81857219538379,13.620504562533547,9.104938271604938,5.045625335480408,3.5091250670960816,3.2877079978529253,,
121,14.834943639291465,50.697799248523886,13.526570048309178,9.104938271604938,5.038915727321524,3.5091250670960816,3.2877079978529253,,
122,15.022812667740205,50.214707461084274,11.54723564143854,11.379495437466453,5.038915727321524,3.5091250670960816,3.2877079978529253,,
123,15.136876006441224,50.11406333870102,11.533816425120772,11.379495437466453,5.038915727321524,3.5091250670960816,3.2877079978529253,,
124,15.08990874932904,48.60440150295223,11.379495437466453,11.33923778851315,8.038110574342458,3.4822866344605474,2.0665593129361244,,
125,15.237520128824476,48.49704777241009,11.379495437466453,11.29898013955985,8.038110574342458,3.4822866344605474,2.0665593129361244,,
126,15.24422973698336,48.35614600107354,11.379495437466453,11.29898013955985,8.179012345679013,3.475577026301664,2.0665593129361244,,
127,15.297906602254429,48.349436392914654,11.366076221148685,11.265432098765432,8.179012345679013,3.475577026301664,2.0665593129361244,,
128,15.378421900161031,47.62479871175523,11.3191089640365,11.265432098765432,8.179012345679013,4.045893719806763,2.0665593129361244,0.12077294685990338,
129,15.505904455179817,46.91358024691358,11.3191089640365,11.252012882447666,7.5281803542673105,3.92512077294686,3.435319377348363,0.12077294685990338,
130,15.304616210413311,46.79951690821256,11.3191089640365,11.252012882447666,7.4141170155662905,3.92512077294686,3.750670960815888,0.23483628556092323,
131,14.74771873322598,45.793075684380035,10.72866344605475,14.170692431561998,7.387278582930757,3.8848631239935587,3.052871712292002,0.23483628556092323,
132,15.063070316693505,45.611916264090176,10.674986580783683,14.11701556629093,7.387278582930757,3.8848631239935587,3.052871712292002,0.20799785292538917,
133,15.230810520665592,45.53811057434246,10.628019323671497,14.070048309178745,7.387278582930757,3.8848631239935587,3.052871712292002,0.20799785292538917,
134,15.163714439076758,42.99516908212561,10.628019323671497,14.070048309178745,7.353730542136339,6.528448738593666,3.052871712292002,0.20799785292538917,
135,15.26435856146001,42.72007514761138,10.628019323671497,14.070048309178745,7.353730542136339,6.702898550724638,3.052871712292002,0.20799785292538917,
136,15.304616210413311,42.7133655394525,10.285829307568438,14.070048309178745,7.333601717659689,6.702898550724638,3.052871712292002,0.20799785292538917,0.32877079978529256
137,15.35829307568438,42.250402576489535,9.997316156736447,14.04320987654321,7.306763285024155,6.629092860976919,3.878153515834675,0.20799785292538917,0.32877079978529256
138,15.445517981749866,41.626409017713364,9.675254965110037,13.989533011272142,7.03166935050993,7.877079978529254,3.8177670424047236,0.20799785292538917,0.32877079978529256
139,15.559581320450885,41.56602254428341,9.675254965110037,13.94927536231884,7.03166935050993,7.87037037037037,3.81105743424584,0.20799785292538917,0.32877079978529256
140,15.552871712292003,41.38486312399356,9.634997316156737,13.90901771336554,7.004830917874396,7.87037037037037,4.106280193236715,0.20799785292538917,0.32877079978529256
141,15.22410091250671,41.337895866881375,9.634997316156737,13.285024154589372,7.004830917874396,8.09849704777241,4.884594739667204,0.20128824476650564,0.32877079978529256
142,15.170424047235642,39.60010735373054,9.608158883521202,12.801932367149758,9.098228663446054,8.3064949006978,4.884594739667204,0.20128824476650564,0.32877079978529256
143,14.472624798711756,40.31132581857219,9.608158883521202,12.801932367149758,9.098228663446054,8.3064949006978,4.884594739667204,0.20128824476650564,0.3153515834675255
144,14.573268921095009,40.284487385936664,9.346484165324744,12.681159420289855,9.420289855072463,8.293075684380032,4.884594739667204,0.20128824476650564,0.3153515834675255
145,14.99597423510467,39.94900697799248,9.346484165324744,12.640901771336553,9.306226516371444,8.360171765968868,4.884594739667204,0.20128824476650564,0.3153515834675255
146,15.365002683843263,39.32501341921632,10.104669887278583,12.627482555018787,9.004294149221685,8.225979602791197,4.830917874396135,0.20128824476650564,0.3153515834675255
147,15.438808373590982,39.28475577026302,10.084541062801932,12.399355877616747,8.984165324745035,8.460815888352121,4.830917874396135,0.20128824476650564,0.3153515834675255
148,15.177133655394526,37.815351583467525,10.084541062801932,12.117552334943639,10.493827160493828,8.259527643585615,5.535426731078905,0.20128824476650564,0.3153515834675255
149,15.432098765432098,37.59393451422437,10.030864197530864,12.117552334943639,10.493827160493828,8.279656468062266,5.535426731078905,0.20128824476650564,0.3153515834675255
150,15.653515834675256,37.52012882447665,9.950348899624261,12.077294685990339,10.487117552334944,8.279656468062266,5.515297906602254,0.20128824476650564,0.3153515834675255
151,15.693773483628556,37.52012882447665,9.903381642512077,12.030327428878154,10.393183038110575,8.279656468062266,5.515297906602254,0.3488996242619431,0.3153515834675255
152,15.827965646806227,37.432903918411164,9.903381642512077,12.00348899624262,10.393183038110575,8.259527643585615,5.515297906602254,0.3488996242619431,0.3153515834675255
153,15.888352120236178,37.37251744498121,9.655126140633387,11.969940955448202,10.721953837895867,8.21256038647343,5.515297906602254,0.3488996242619431,0.3153515834675255
154,15.955448201825014,37.36580783682233,9.655126140633387,11.943102522812667,10.68840579710145,8.21256038647343,5.515297906602254,0.3488996242619431,0.3153515834675255
155,16.09634997316157,37.11755233494364,9.655126140633387,11.714975845410628,10.68840579710145,8.548040794417606,5.515297906602254,0.3488996242619431,0.3153515834675255
156,16.27079978529254,36.73510466988728,9.520933977455716,11.963231347289318,10.674986580783683,8.682232957595277,5.488459473966721,0.3488996242619431,0.3153515834675255
157,16.398282340311326,36.66129898013956,9.473966720343531,11.956521739130435,10.674986580783683,8.682232957595277,5.488459473966721,0.3488996242619431,0.3153515834675255
158,16.720343531937736,36.10440150295223,9.453837895866881,11.949812130971551,10.976918947933441,8.641975308641975,5.488459473966721,0.3488996242619431,0.3153515834675255
159,16.847826086956523,36.03730542136339,9.453837895866881,11.869296833064949,10.950080515297907,8.61513687600644,5.4616210413311865,0.4495437466451959,0.3153515834675255
160,16.988727858293075,35.90311325818572,9.426999463231347,11.849168008588299,10.775630703166936,8.61513687600644,5.676328502415459,0.4495437466451959,0.3153515834675255
161,16.854535695115406,35.72195383789587,10.789049919484702,11.829039184111648,10.285829307568438,8.601717659688674,5.152979066022544,0.4495437466451959,0.3153515834675255
162,16.894793344068706,34.68867418142781,10.628019323671497,11.81561996779388,11.466720343531938,8.588298443370908,5.152979066022544,0.36231884057971014,0.4025764895330113
163,16.901502952227588,34.68196457326892,10.628019323671497,11.81561996779388,11.466720343531938,8.588298443370908,5.152979066022544,0.36231884057971014,0.4025764895330113
164,17.05582393988191,34.58803005904455,10.628019323671497,11.81561996779388,11.439881910896403,8.55475040257649,5.152979066022544,0.36231884057971014,0.4025764895330113
165,17.438271604938272,34.366612989801396,10.628019323671497,11.694847020933977,11.43317230273752,8.521202361782072,5.152979066022544,0.36231884057971014,0.4025764895330113
166,17.652979066022546,34.31964573268921,10.48040794417606,11.668008588298443,11.392914653784219,8.581588835212024,5.152979066022544,0.3488996242619431,0.4025764895330113
167,17.56575415995706,34.17203435319377,10.789049919484702,11.668008588298443,11.332528180354267,8.581588835212024,5.139559849704777,0.3488996242619431,0.4025764895330113
168,17.70665593129361,34.13848631239936,10.762211486849168,11.668008588298443,11.252012882447666,8.581588835212024,5.139559849704777,0.3488996242619431,0.4025764895330113
169,17.773752012882447,34.09822866344606,10.762211486849168,11.668008588298443,11.238593666129898,8.581588835212024,5.139559849704777,0.33548040794417605,0.4025764895330113
170,17.881105743424584,33.16559312936125,13.097155126140633,10.929951690821255,11.231884057971014,8.474235104669887,4.582662372517445,0.23483628556092323,0.4025764895330113
171,18.189747718733226,33.051529790660226,13.070316693505099,10.815888352120236,11.198336017176597,8.454106280193237,4.582662372517445,0.23483628556092323,0.4025764895330113
172,17.954911433172303,32.729468599033815,12.835480407944177,11.922973698336017,11.2788513150832,8.085077831454644,4.555823939881911,0.23483628556092323,0.4025764895330113
173,18.189747718733226,32.53488996242619,12.835480407944177,11.90955448201825,11.2788513150832,8.085077831454644,4.528985507246377,0.23483628556092323,0.4025764895330113
174,18.297101449275363,32.49463231347289,12.795222758990874,11.902844873859367,11.272141706924316,8.071658615136876,4.528985507246377,0.23483628556092323,0.4025764895330113
175,18.02200751476114,32.27321524422974,12.76838432635534,12.580515297906603,11.131239935587761,8.071658615136876,4.51556629092861,0.23483628556092323,0.4025764895330113
176,18.303811057434245,32.07192699946323,12.72812667740204,12.533548040794418,11.131239935587761,8.05823939881911,4.53569511540526,0.23483628556092323,0.4025764895330113
177,18.50509930220075,31.890767579173378,12.714707461084272,12.473161567364466,11.285560923242082,7.997852925389157,4.49543746645196,0.23483628556092323,0.4025764895330113
178,18.699677938808374,31.776704240472355,12.714707461084272,12.439613526570048,11.198336017176597,7.930756843800322,4.602791196994096,0.23483628556092323,0.4025764895330113
179,18.78690284487386,31.776704240472355,12.714707461084272,12.379227053140097,11.171497584541063,7.930756843800322,4.602791196994096,0.23483628556092323,0.4025764895330113
180,18.840579710144926,31.749865807836823,12.68786902844874,12.379227053140097,11.171497584541063,7.930756843800322,4.602791196994096,0.23483628556092323,0.4025764895330113
181,18.840579710144926,31.729736983360173,12.580515297906603,12.372517444981213,11.171497584541063,7.930756843800322,4.602791196994096,0.23483628556092323,0.5367686527106817
182,19.102254428341386,31.64922168545357,12.466451959205582,12.318840579710145,11.077563070316694,7.917337627482555,4.602791196994096,0.23483628556092323,0.630703166935051
183,19.142512077294686,31.44122383252818,12.372517444981213,12.238325281803542,11.077563070316694,8.05823939881911,4.904723564143854,0.23483628556092323,0.5300590445517982
184,19.424315619967793,31.320450885668276,12.305421363392378,12.144390767579173,11.003757380568974,8.165593129361245,4.871175523349437,0.23483628556092323,0.5300590445517982
185,19.79334406870639,31.179549114331724,12.117552334943639,12.144390767579173,10.976918947933441,8.165593129361245,4.85775630703167,0.23483628556092323,0.5300590445517982
186,19.732957595276435,30.327428878153516,12.06387546967257,12.097423510466989,11.621041331186259,7.830112721417069,5.5689747718733225,0.2281266774020397,0.5300590445517982
187,19.565217391304348,30.246913580246915,11.990069779924852,14.076757917337627,9.990606548577563,7.830112721417069,5.542136339237788,0.2281266774020397,0.5300590445517982
188,19.79334406870639,30.173107890499196,11.956521739130435,14.076757917337627,9.903381642512077,7.830112721417069,5.542136339237788,0.2281266774020397,0.49651100375738055
189,19.994632313472895,30.12614063338701,11.936392914653783,14.049919484702093,9.863123993558776,7.830112721417069,5.475040257648954,0.2281266774020397,0.49651100375738055
190,20.42404723564144,30.04562533548041,11.79549114331723,13.862050456253355,9.936929683306495,7.7831454643048845,5.428073000536768,0.2281266774020397,0.49651100375738055
191,20.363660762211488,30.099302200751477,11.594202898550725,13.828502415458937,10.19189479334407,7.7831454643048845,5.414653784219001,0.2281266774020397,0.49651100375738055
192,20.075147611379496,29.421631776704242,11.594202898550725,13.828502415458937,11.372785829307569,7.568438003220612,5.414653784219001,0.2281266774020397,0.49651100375738055
193,20.162372517444982,29.408212560386474,11.580783682232958,13.801663982823403,11.372785829307569,7.568438003220612,5.381105743424584,0.2281266774020397,0.49651100375738055
194,20.229468599033815,29.374664519592056,11.54723564143854,13.801663982823403,11.372785829307569,7.568438003220612,5.381105743424584,0.2281266774020397,0.49651100375738055
195,20.323403113258184,29.320987654320987,11.506977992485238,13.801663982823403,11.372785829307569,7.568438003220612,5.381105743424584,0.2281266774020397,0.49651100375738055
196,20.558239398819108,29.26731078904992,11.453301127214171,13.781535158346752,11.265432098765432,7.568438003220612,5.381105743424584,0.2281266774020397,0.49651100375738055
197,20.632045088566827,29.166666666666668,11.453301127214171,13.781535158346752,11.379495437466453,7.568438003220612,5.293880837359098,0.2281266774020397,0.49651100375738055
198,20.74610842726785,29.166666666666668,11.439881910896403,13.7211486849168,11.379495437466453,7.568438003220612,5.253623188405797,0.2281266774020397,0.49651100375738055
199,20.82662372517445,29.09957058507783,11.426462694578637,13.707729468599034,11.60762211486849,7.353730542136339,5.253623188405797,0.2281266774020397,0.49651100375738055
200,20.98094471282877,28.978797638217927,11.426462694578637,13.707729468599034,11.574074074074074,7.353730542136339,5.253623188405797,0.2281266774020397,0.49651100375738055
201,20.397208803005906,28.898282340311326,11.332528180354267,14.506172839506172,11.560654857756306,7.353730542136339,5.226784755770263,0.2281266774020397,0.49651100375738055
202,20.41062801932367,28.884863123993558,11.332528180354267,14.506172839506172,11.560654857756306,7.353730542136339,5.226784755770263,0.2281266774020397,0.49651100375738055
203,20.52469135802469,28.77750939345142,11.43317230273752,14.486044015029522,11.486849168008588,7.340311325818572,5.226784755770263,0.2281266774020397,0.49651100375738055
204,20.497852925389157,28.64331723027375,11.419753086419753,14.472624798711756,11.486849168008588,7.615405260332796,5.139559849704777,0.2281266774020397,0.49651100375738055
205,20.48443370907139,27.737520128824478,11.399624261943103,14.647074610842727,11.473429951690822,8.487654320987655,5.045625335480408,0.2281266774020397,0.49651100375738055
206,20.77294685990338,27.68384326355341,11.399624261943103,14.31159420289855,11.473429951690822,8.467525496511003,5.038915727321524,0.35560923242082665,0.49651100375738055
207,20.90713902308105,27.489264626945786,11.258722490606548,14.284755770263017,11.574074074074074,8.467525496511003,5.032206119162641,0.35560923242082665,0.630703166935051
208,21.027911969940956,27.012882447665056,11.258722490606548,14.284755770263017,11.553945249597424,8.896940418679549,4.978529253891573,0.35560923242082665,0.630703166935051
209,21.296296296296298,26.442565754159958,11.245303274288782,14.11701556629093,11.386205045625335,9.574610842726784,4.951690821256038,0.35560923242082665,0.630703166935051
210,21.497584541062803,26.25469672571122,11.238593666129898,14.11701556629093,11.386205045625335,9.574610842726784,4.944981213097155,0.35560923242082665,0.630703166935051
211,21.66532474503489,26.207729468599034,11.178207192699947,14.103596349973161,11.386205045625335,9.5276435856146,4.944981213097155,0.35560923242082665,0.630703166935051
212,20.759527643585614,27.147074610842726,11.144659151905529,14.103596349973161,11.386205045625335,9.5276435856146,4.944981213097155,0.35560923242082665,0.630703166935051
213,21.101717659688674,27.106816961889425,10.929951690821255,14.016371443907676,11.312399355877616,9.520933977455716,4.944981213097155,0.43612453032742887,0.630703166935051
214,21.007783145464305,27.100107353730543,10.856146001073537,14.016371443907676,11.104401502952227,9.520933977455716,5.367686527106817,0.39586688137412773,0.630703166935051
215,21.24261943102523,27.066559312936125,10.836017176596886,13.90901771336554,11.178207192699947,9.520933977455716,5.22007514761138,0.39586688137412773,0.630703166935051
216,21.537842190016104,26.96591519055287,10.789049919484702,13.895598497047773,11.158078368223295,9.453837895866881,5.179817498658078,0.39586688137412773,0.6239935587761675
217,21.651905528717123,26.96591519055287,10.755501878690284,13.895598497047773,11.131239935587761,9.453837895866881,5.12614063338701,0.39586688137412773,0.6239935587761675
218,21.62506709608159,26.84514224369297,10.755501878690284,14.016371443907676,11.366076221148685,9.453837895866881,4.918142780461621,0.39586688137412773,0.6239935587761675
219,21.833064949006978,26.84514224369297,10.735373054213634,14.016371443907676,11.272141706924316,9.426999463231347,4.851046698872786,0.39586688137412773,0.6239935587761675
220,21.900161030595815,26.704240472356414,10.735373054213634,14.009661835748792,11.258722490606548,9.541062801932368,4.830917874396135,0.39586688137412773,0.6239935587761675
221,22.088030059044552,26.549919484702095,10.721953837895867,13.935856146001074,11.151368760064413,9.453837895866881,5.0791733762748255,0.39586688137412773,0.6239935587761675
222,22.208803005904453,26.529790660225444,10.668276972624799,13.915727321524423,11.151368760064413,9.426999463231347,5.0791733762748255,0.39586688137412773,0.6239935587761675
223,22.18196457326892,26.643853998926463,10.641438539989265,13.868760064412239,11.151368760064413,9.41358024691358,5.0791733762748255,0.39586688137412773,0.6239935587761675
224,22.376543209876544,26.50966183574879,10.641438539989265,13.862050456253355,11.104401502952227,9.406870638754697,5.0791733762748255,0.39586688137412773,0.6239935587761675
225,22.41009125067096,26.455984970477726,10.607890499194847,13.754696725711218,11.084272678475577,9.292807300053678,5.374396135265701,0.39586688137412773,0.6239935587761675
226,22.463768115942027,26.442565754159958,10.601180891035963,13.741277509393452,11.07085346215781,9.286097691894794,5.374396135265701,0.39586688137412773,0.6239935587761675
227,22.5577026301664,26.402308105206657,10.601180891035963,13.714439076757918,11.07085346215781,9.25925925925926,5.374396135265701,0.39586688137412773,0.6239935587761675
228,22.725442834138487,26.341921631776703,10.57434245840043,13.66076221148685,11.07085346215781,9.232420826623725,5.374396135265701,0.39586688137412773,0.6239935587761675
229,22.920021470746107,26.32850241545894,10.540794417606012,13.66076221148685,11.05072463768116,9.219001610305957,5.347557702630167,0.39586688137412773,0.5367686527106817
230,23.282340311325818,26.04669887278583,10.527375201288244,13.479602791196994,11.292270531400966,9.198872785829307,5.24020397208803,0.39586688137412773,0.5367686527106817
231,23.470209339774556,25.97289318303811,10.527375201288244,13.47289318303811,11.2788513150832,9.198872785829307,5.146269457863661,0.39586688137412773,0.5367686527106817
232,23.523886205045624,25.946054750402578,10.50053676865271,13.47289318303811,11.2788513150832,9.198872785829307,5.146269457863661,0.39586688137412773,0.5367686527106817
233,23.65136876006441,25.905797101449274,10.50053676865271,13.419216317767042,11.265432098765432,9.178743961352657,5.146269457863661,0.39586688137412773,0.5367686527106817
234,23.886205045625335,25.89237788513151,10.50053676865271,13.238056897477188,11.265432098765432,9.138486312399356,5.146269457863661,0.39586688137412773,0.5367686527106817
235,24.000268384326354,25.811862587224905,10.493827160493828,13.238056897477188,11.265432098765432,9.138486312399356,5.119431025228127,0.39586688137412773,0.5367686527106817
236,24.174718196457327,25.717928073000536,10.466988727858293,13.22463768115942,11.245303274288782,9.118357487922705,5.119431025228127,0.39586688137412773,0.5367686527106817
237,24.08078368223296,25.623993558776167,10.466988727858293,13.197799248523886,11.399624261943103,8.964036500268385,5.213365539452496,0.39586688137412773,0.6575415995705851
238,24.349168008588297,25.583735909822867,10.466988727858293,13.197799248523886,11.211755233494364,8.964036500268385,5.213365539452496,0.35560923242082665,0.6575415995705851
239,24.416264090177133,25.53676865271068,10.581052066559312,13.197799248523886,11.211755233494364,8.84326355340848,5.199946323134729,0.35560923242082665,0.6575415995705851
240,24.302200751476114,25.38244766505636,11.486849168008588,12.754965110037574,11.131239935587761,8.78287707997853,5.152979066022544,0.35560923242082665,0.6508319914117016
241,24.382716049382715,25.335480407944175,11.460010735373054,12.560386473429952,11.010466988727858,8.78287707997853,5.46833064949007,0.35560923242082665,0.644122383252818
242,24.436392914653783,25.261674718196456,11.460010735373054,12.4597423510467,10.997047772410092,8.917069243156199,5.46833064949007,0.35560923242082665,0.644122383252818
243,24.48336017176597,25.308641975308642,11.372785829307569,12.432903918411165,10.943370907139023,9.017713365539452,5.4549114331723025,0.35560923242082665,0.630703166935051
244,24.55716586151369,25.275093934514224,11.372785829307569,12.278582930756844,10.943370907139023,9.131776704240472,5.4549114331723025,0.35560923242082665,0.630703166935051
245,24.684648416532475,25.261674718196456,11.292270531400966,12.258454106280194,10.929951690821255,9.131776704240472,5.4549114331723025,0.35560923242082665,0.630703166935051
246,24.711486849168008,25.15432098765432,11.231884057971014,12.258454106280194,11.084272678475577,9.131776704240472,5.441492216854535,0.35560923242082665,0.630703166935051
247,24.912775093934513,25.147611379495437,11.117820719269995,12.245034889962426,11.084272678475577,9.131776704240472,5.374396135265701,0.35560923242082665,0.630703166935051
248,24.859098228663445,25.026838432635532,10.896403650026839,12.245034889962426,11.084272678475577,9.473966720343531,5.428073000536768,0.35560923242082665,0.630703166935051
249,25.0,25.0,10.896403650026839,12.204777241009126,11.05072463768116,9.433709071390231,5.428073000536768,0.35560923242082665,0.630703166935051
250,25.36231884057971,24.986580783682232,10.762211486849168,12.050456253354804,11.044015029522276,9.380032206119163,5.428073000536768,0.35560923242082665,0.630703166935051
251,25.40257648953301,24.97987117552335,10.72866344605475,12.050456253354804,11.044015029522276,9.380032206119163,5.428073000536768,0.35560923242082665,0.630703166935051
252,25.42270531400966,24.973161567364468,10.628019323671497,12.030327428878154,11.044015029522276,9.500805152979066,5.414653784219001,0.35560923242082665,0.630703166935051
253,25.563607085346217,24.92619431025228,10.607890499194847,11.976650563607086,11.023886205045626,9.500805152979066,5.414653784219001,0.35560923242082665,0.630703166935051
254,25.85882984433709,24.872517444981213,10.420021470746109,11.976650563607086,10.990338164251208,9.4873859366613,5.407944176060118,0.35560923242082665,0.630703166935051
255,25.93263553408481,24.872517444981213,10.420021470746109,11.963231347289318,10.963499731615673,9.460547504025765,5.401234567901234,0.35560923242082665,0.630703166935051
256,25.85882984433709,24.745034889962426,10.393183038110575,11.963231347289318,11.258722490606548,9.400161030595813,5.394524959742351,0.35560923242082665,0.630703166935051
257,25.979602791196996,24.738325281803544,10.34621578099839,11.963231347289318,11.225174449812132,9.366612989801396,5.394524959742351,0.35560923242082665,0.630703166935051
258,26.120504562533547,24.738325281803544,10.332796564680622,11.81561996779388,11.225174449812132,9.23913043478261,5.542136339237788,0.35560923242082665,0.630703166935051
259,26.38888888888889,24.644390767579175,10.332796564680622,11.79549114331723,11.218464841653248,9.219001610305957,5.414653784219001,0.35560923242082665,0.630703166935051
260,26.690821256038646,24.56387546967257,10.285829307568438,11.788781535158346,11.191626409017713,9.131776704240472,5.360976918947934,0.35560923242082665,0.630703166935051
261,26.878690284487387,24.54374664519592,10.285829307568438,11.782071926999464,11.09098228663446,9.104938271604938,5.3274288781535155,0.35560923242082665,0.630703166935051
262,26.986044015029524,24.496779388083738,10.245571658615138,11.708266237251744,11.158078368223295,9.098228663446054,5.320719269994632,0.35560923242082665,0.630703166935051
263,27.120236178207193,24.436392914653783,10.23215244229737,11.694847020933977,11.104401502952227,9.037842190016104,5.307300053676865,0.43612453032742887,0.630703166935051
264,27.38191089640365,24.040526033279658,10.171765968867419,11.41304347826087,11.097691894793345,9.520933977455716,5.307300053676865,0.43612453032742887,0.630703166935051
265,27.32823403113258,24.040526033279658,10.131508319914117,11.285560923242082,11.171497584541063,9.440418679549115,5.535426731078905,0.43612453032742887,0.630703166935051
