,45,50,53,52,55,51,54,56
0,98.22195383789587,1.778046162104133,,,,,,
1,96.38352120236178,3.616478797638218,,,,,,
2,95.94739667203436,4.052603327965647,,,,,,
3,96.11513687600645,3.8848631239935587,,,,,,
4,95.22275899087494,4.777241009125067,,,,,,
5,94.51154052603329,5.488459473966721,,,,,,
6,91.35131508319914,8.648684916800859,,,,,,
7,86.4398819108964,13.560118089103597,,,,,,
8,80.10601180891035,19.89398819108964,,,,,,
9,80.12614063338701,19.87385936661299,,,,,,
10,60.99704777241009,38.12399355877617,0.8789586688137413,,,,,
11,59.03113258185722,39.42565754159957,0.8789586688137413,0.6642512077294686,,,,
12,57.62211486849168,40.83467525496511,0.8789586688137413,0.6642512077294686,,,,
13,57.66237251744498,39.61352657004831,0.8789586688137413,1.8451422436929683,,,,
14,57.870370370370374,39.40552871712292,0.8789586688137413,1.8451422436929683,,,,
15,57.88378958668814,39.392109500805155,0.8789586688137413,1.8451422436929683,,,,
16,57.83682232957595,38.801663982823406,0.8789586688137413,2.4825550187869028,,,,
17,54.1129898013956,42.659688674181425,0.8789586688137413,2.3483628556092326,,,,
18,51.46269457863661,45.91384863123994,0.8789586688137413,1.7444981213097155,,,,
19,51.549919484702095,45.82662372517445,0.8789586688137413,1.7444981213097155,,,,
20,51.549919484702095,45.74610842726785,0.8789586688137413,1.7444981213097155,0.08051529790660225,,,
21,49.49677938808374,45.860171765968865,0.8789586688137413,1.7444981213097155,0.08051529790660225,1.9390767579173376,,
22,49.69135802469136,45.71256038647343,0.8789586688137413,1.6975308641975309,0.08051529790660225,1.9390767579173376,,
23,49.684648416532475,44.22302737520129,2.3752012882447664,1.6975308641975309,0.08051529790660225,1.9390767579173376,,
24,49.604133118625874,43.59903381642512,3.1065485775630703,1.6975308641975309,0.08051529790660225,1.9122383252818036,,
25,45.7259796027912,48.44337090713902,2.918679549114332,1.6975308641975309,0.08051529790660225,0.43612453032742887,0.6977992485238862,
26,45.42404723564144,46.98067632850242,4.542404723564144,1.6975308641975309,0.08051529790660225,0.43612453032742887,0.8387010198604401,
27,45.511272141706925,46.182232957595275,5.253623188405797,1.6975308641975309,0.08051529790660225,0.43612453032742887,0.8387010198604401,
28,38.69431025228127,47.91331186258722,5.481749865807837,3.3682232957595275,0.08051529790660225,3.6231884057971016,0.8387010198604401,
29,32.46108427267848,54.1935050993022,5.481749865807837,3.321256038647343,0.08051529790660225,3.6231884057971016,0.8387010198604401,
30,30.414653784219002,48.168276972624795,5.481749865807837,3.321256038647343,0.08051529790660225,11.694847020933977,0.8387010198604401,
31,30.414653784219002,48.168276972624795,5.481749865807837,3.321256038647343,0.08051529790660225,11.694847020933977,0.8387010198604401,
32,30.50187869028449,47.678475577026305,5.280461621041331,3.321256038647343,0.6977992485238862,11.681427804616211,0.8387010198604401,
33,30.555555555555557,47.62479871175523,5.280461621041331,3.321256038647343,0.6977992485238862,11.681427804616211,0.8387010198604401,
34,24.3894256575416,53.03945249597424,5.24020397208803,3.280998389694042,1.7579173376274826,11.681427804616211,0.6105743424584005,
35,24.537037037037038,53.03274288781535,5.213365539452496,3.280998389694042,1.7579173376274826,11.56736446591519,0.6105743424584005,
36,24.610842726784757,52.99248523886205,5.179817498658078,3.280998389694042,1.7579173376274826,11.56736446591519,0.6105743424584005,
37,24.838969404186795,52.865002683843265,5.179817498658078,3.280998389694042,1.6841116478797638,11.540526033279656,0.6105743424584005,
38,25.228126677402038,52.37520128824477,4.87788513150832,3.280998389694042,1.6505636070853462,11.238593666129898,1.3486312399355878,
39,25.47638217928073,51.94578636607622,5.0858829844337095,3.2541599570585076,1.6505636070853462,11.238593666129898,1.3486312399355878,
40,25.563607085346217,51.871980676328505,5.0858829844337095,3.2541599570585076,1.6505636070853462,11.225174449812132,1.3486312399355878,
41,24.62426194310252,39.371980676328505,5.0791733762748255,2.657004830917874,0.6642512077294686,25.301932367149757,2.301395598497048,
42,24.745034889962426,38.66076221148685,5.0791733762748255,2.657004830917874,0.6642512077294686,25.275093934514224,2.918679549114332,
43,25.026838432635532,38.66076221148685,5.0791733762748255,2.657004830917874,0.6642512077294686,24.993290391841118,2.918679549114332,
44,25.449543746645197,38.41250670960816,5.0791733762748255,2.804616210413312,0.6642512077294686,24.771873322597962,2.818035426731079,
45,24.61755233494364,38.99624261943102,5.0791733762748255,2.6704240472356413,1.583467525496511,24.235104669887278,2.818035426731079,
46,24.671229200214707,38.969404186795494,5.0791733762748255,2.6704240472356413,1.583467525496511,24.22168545356951,2.804616210413312,
47,24.610842726784757,38.20450885668277,6.998121309715513,2.61003757380569,1.5633387010198605,23.30246913580247,2.7106816961889426,
48,24.684648416532475,37.82877079978529,7.682501341921632,2.61003757380569,1.3217928073000538,23.30246913580247,2.5697799248523885,
49,24.838969404186795,37.78180354267311,7.682501341921632,2.61003757380569,1.3217928073000538,23.19511540526033,2.5697799248523885,
50,25.046967257112186,37.65432098765432,7.615405260332796,2.61003757380569,1.3217928073000538,23.181696188942567,2.5697799248523885,
51,21.584809447128286,35.63472893183038,9.084809447128288,2.61003757380569,1.3150831991411702,27.200751476113794,2.5697799248523885,
52,21.71900161030596,35.607890499194845,9.084809447128288,2.61003757380569,1.3150831991411702,27.093397745571657,2.5697799248523885,
53,21.732420826623724,35.59447128287708,9.084809447128288,2.61003757380569,1.3150831991411702,27.093397745571657,2.5697799248523885,
54,21.786097691894792,35.581052066559316,9.044551798174986,2.61003757380569,1.3150831991411702,27.093397745571657,2.5697799248523885,
55,21.886741814278047,35.42673107890499,9.044551798174986,2.6033279656468062,1.4492753623188406,27.093397745571657,2.49597423510467,
56,21.987385936661298,35.04428341384863,9.044551798174986,2.6033279656468062,2.2611379495437465,26.56333870101986,2.49597423510467,
57,21.309715512614062,33.293075684380035,9.728931830381105,2.2074610842726785,2.2342995169082127,28.878153515834676,2.3483628556092326,
58,21.40365002683843,33.23268921095008,9.728931830381105,2.2074610842726785,2.2342995169082127,28.844605475040257,2.3483628556092326,
59,21.537842190016104,33.21926999463231,9.722222222222221,2.1940418679549114,2.2342995169082127,28.743961352657006,2.3483628556092326,
60,21.584809447128286,33.21926999463231,9.702093397745571,2.1806226516371443,2.2342995169082127,28.73054213633924,2.3483628556092326,
61,21.826355340848096,33.16559312936125,9.66183574879227,2.1806226516371443,2.2342995169082127,28.5829307568438,2.3483628556092326,
62,22.20209339774557,33.13204508856683,9.621578099838969,2.0531400966183573,2.2342995169082127,28.408480944712828,2.3483628556092326,
63,22.611379495437465,33.071658615136876,9.621578099838969,2.0531400966183573,2.2342995169082127,28.059581320450885,2.3483628556092326,
64,22.644927536231883,33.05823939881911,9.614868491680086,2.0531400966183573,2.2342995169082127,28.059581320450885,2.3349436392914655,
65,22.148416532474503,33.702361782071925,9.614868491680086,2.033011272141707,2.2342995169082127,27.932098765432098,2.3349436392914655,
66,21.712292002147073,34.15190552871712,9.614868491680086,2.033011272141707,2.2208803005904456,27.932098765432098,2.3349436392914655,
67,18.21658615136876,32.56843800322061,8.682232957595277,2.771068169618894,1.2815351583467525,34.14519592055824,2.3349436392914655,
68,18.14278046162104,31.125872249060656,8.380300590445518,2.771068169618894,1.2412775093934514,36.00375738056898,2.3349436392914655,
69,18.344068706387546,29.53569511540526,7.615405260332796,2.771068169618894,1.2412775093934514,38.157541599570585,2.3349436392914655,
70,16.928341384863124,26.82501341921632,5.320719269994632,1.1473429951690821,1.2345679012345678,46.66532474503489,1.8786902844873858,
71,16.941760601180892,26.82501341921632,5.320719269994632,1.1473429951690821,1.2345679012345678,46.65190552871712,1.8786902844873858,
72,17.03569511540526,26.82501341921632,5.320719269994632,1.1473429951690821,1.2345679012345678,46.55797101449275,1.8786902844873858,
73,16.7337627482555,27.160493827160494,5.320719269994632,1.1473429951690821,1.2345679012345678,46.524422973698336,1.8786902844873858,
74,16.847826086956523,27.046430488459475,5.320719269994632,1.1473429951690821,1.2345679012345678,44.840311325818575,3.5628019323671496,
75,16.854535695115406,27.046430488459475,5.320719269994632,1.1473429951690821,1.2345679012345678,44.83360171765969,3.5628019323671496,
76,17.062533548040793,26.92565754159957,5.320719269994632,1.1473429951690821,1.2010198604401503,44.806763285024154,3.535963499731616,
77,17.20343531937735,26.8719806763285,5.320719269994632,1.1473429951690821,1.2010198604401503,44.71953837895867,3.535963499731616,
78,16.861245303274288,26.8719806763285,4.824208266237251,2.623456790123457,1.2010198604401503,44.08212560386473,3.535963499731616,
79,17.176596886741816,26.838432635534083,4.824208266237251,2.623456790123457,1.2010198604401503,42.89452495974235,3.5292538915727323,0.9125067096081588
80,17.2638217928073,26.80488459473967,4.824208266237251,2.623456790123457,2.187332259796028,41.8545356951154,3.5292538915727323,0.9125067096081588
81,17.277241009125067,26.80488459473967,4.824208266237251,2.623456790123457,2.1739130434782608,41.8545356951154,3.5292538915727323,0.9125067096081588
82,17.767042404723565,26.603596349973163,4.7638217928073,3.0394524959742353,2.1604938271604937,41.257380568974774,3.4957058507783145,0.9125067096081588
83,17.485238862050455,26.959205582393988,4.7638217928073,3.0394524959742353,2.1604938271604937,41.18357487922705,3.4957058507783145,0.9125067096081588
84,17.62614063338701,26.959205582393988,4.7638217928073,3.0394524959742353,2.1604938271604937,41.156736446591516,3.3816425120772946,0.9125067096081588
85,17.814009661835748,26.912238325281802,4.7638217928073,3.0394524959742353,2.1604938271604937,41.015834675254965,3.3816425120772946,0.9125067096081588
86,18.451422436929683,26.596886741814277,4.7101449275362315,3.0394524959742353,2.1604938271604937,40.747450348899626,3.3816425120772946,0.9125067096081588
87,16.888083735909824,24.892646269457863,3.992216854535695,10.34621578099839,2.1604938271604937,37.66774020397209,3.140096618357488,0.9125067096081588
88,17.07595276435856,24.832259796027913,3.992216854535695,10.265700483091788,2.15378421900161,37.62748255501879,3.140096618357488,0.9125067096081588
89,17.485238862050455,24.805421363392377,3.750670960815888,10.225442834138486,3.1333870101986045,36.95652173913044,3.140096618357488,0.5032206119162641
90,17.364465915190554,24.691358024691358,4.555823939881911,10.265700483091788,3.1199677938808374,36.36607622114869,3.140096618357488,0.49651100375738055
91,17.56575415995706,24.691358024691358,4.555823939881911,10.238862050456254,3.1199677938808374,36.30568974771873,3.026033279656468,0.49651100375738055
92,17.901234567901234,24.570585077831456,4.555823939881911,13.271604938271604,1.751207729468599,33.943907675791735,3.8714439076757916,0.13419216317767044
93,16.70692431561997,33.23939881910896,4.025764895330113,12.775093934514224,2.4892646269457863,27.100107353730543,3.5292538915727323,0.13419216317767044
94,16.740472356414386,33.21926999463231,4.012345679012346,12.775093934514224,2.4892646269457863,27.100107353730543,3.5292538915727323,0.13419216317767044
95,16.740472356414386,33.21926999463231,4.012345679012346,12.775093934514224,2.4892646269457863,27.100107353730543,3.5292538915727323,0.13419216317767044
96,16.740472356414386,33.21926999463231,4.012345679012346,12.775093934514224,2.4892646269457863,27.100107353730543,3.5292538915727323,0.13419216317767044
97,15.814546430488459,34.17203435319377,4.012345679012346,12.734836285560924,2.3081052066559313,26.36876006441224,4.455179817498658,0.13419216317767044
98,15.539452495974235,33.69565217391305,4.012345679012346,12.72812667740204,2.033011272141707,27.47584541062802,4.38137412775094,0.13419216317767044
99,15.660225442834138,33.64868491680086,4.012345679012346,12.667740203972087,2.033011272141707,27.462426194310254,4.38137412775094,0.13419216317767044
100,15.713902308105206,33.62855609232421,4.012345679012346,12.647611379495437,2.0263016639828235,27.455716586151368,4.38137412775094,0.13419216317767044
101,15.707192699946322,32.930756843800324,4.012345679012346,12.647611379495437,2.0263016639828235,27.455716586151368,5.0858829844337095,0.13419216317767044
102,15.76086956521739,32.930756843800324,3.9855072463768115,12.647611379495437,2.0263016639828235,27.4422973698336,5.072463768115942,0.13419216317767044
103,15.854804079441761,32.91733762748255,3.9855072463768115,12.647611379495437,2.0263016639828235,27.361782071927,5.072463768115942,0.13419216317767044
104,15.921900161030596,32.8972088030059,3.9855072463768115,12.647611379495437,2.006172839506173,27.334943639291467,5.072463768115942,0.13419216317767044
105,16.15673644659152,32.80327428878154,3.9855072463768115,12.567096081588835,2.006172839506173,27.32823403113258,5.018786902844874,0.13419216317767044
106,15.056360708534621,32.68250134192163,3.9855072463768115,4.7638217928073,1.442565754159957,36.45330112721417,5.615942028985507,
107,14.868491680085883,32.1658615136876,4.931561996779388,4.7638217928073,1.442565754159957,36.211755233494365,5.615942028985507,
108,14.955716586151368,32.13231347289318,4.931561996779388,4.7638217928073,1.442565754159957,36.15807836822329,5.615942028985507,
109,14.969135802469136,32.118894256575416,4.931561996779388,4.7638217928073,1.442565754159957,36.15807836822329,5.615942028985507,
110,15.398550724637682,31.91760601180891,4.931561996779388,4.7638217928073,1.442565754159957,35.929951690821255,5.615942028985507,
111,15.03623188405797,31.072195383789587,4.918142780461621,4.38137412775094,1.9927536231884058,39.93558776167472,2.6637144390767578,
112,15.26435856146001,30.971551261406333,4.851046698872786,4.374664519592056,1.9927536231884058,38.02334943639291,3.4420289855072466,1.0802469135802468
113,15.579710144927537,29.408212560386474,4.8376274825550185,5.6964573268921095,1.9927536231884058,37.96296296296296,3.4420289855072466,1.0802469135802468
114,16.324476650563607,29.086151368760063,5.173107890499195,5.360976918947934,1.9927536231884058,37.5402576489533,3.4420289855072466,1.0802469135802468
115,16.49892646269458,29.045893719806763,5.173107890499195,5.360976918947934,1.9659151905528718,37.432903918411164,3.4420289855072466,1.0802469135802468
116,16.80756843800322,28.837895866881375,5.166398282340311,5.360976918947934,1.9659151905528718,37.432903918411164,3.3480944712828773,1.0802469135802468
117,16.71363392377885,29.240472356414386,4.998658078368224,5.340848094471283,1.9524959742351047,37.32555018786903,3.3480944712828773,1.0802469135802468
118,16.982018250134193,29.240472356414386,4.99194847020934,5.340848094471283,1.8585614600107354,37.15780998389694,3.3480944712828773,1.0802469135802468
119,17.11621041331186,29.11969940955448,4.99194847020934,5.3341384863123995,1.8585614600107354,37.151100375738054,3.3480944712828773,1.0802469135802468
120,17.351046698872786,29.025764895330113,4.99194847020934,5.3341384863123995,1.8585614600107354,37.0101986044015,3.3480944712828773,1.0802469135802468
121,17.344337090713903,28.83118625872249,4.99194847020934,5.3341384863123995,2.0799785292538915,36.99006977992485,3.3480944712828773,1.0802469135802468
122,17.505367686527105,28.75738056897477,4.985238862050457,5.3341384863123995,2.0799785292538915,36.90955448201825,3.3480944712828773,1.0802469135802468
123,17.612721417069242,27.2812667740204,4.985238862050457,5.3341384863123995,3.5426731078904994,36.81561996779388,3.3480944712828773,1.0802469135802468
124,17.814009661835748,27.147074610842726,4.985238862050457,5.3341384863123995,3.4957058507783145,36.79549114331723,3.3480944712828773,1.0802469135802468
125,17.834138486312398,27.147074610842726,4.985238862050457,5.314009661835748,3.864734299516908,35.07783145464305,2.791196994095545,2.985775630703167
126,18.04884594739667,26.590177133655395,4.985238862050457,5.314009661835748,3.717122920021471,34.936929683306495,3.421900161030596,2.985775630703167
127,18.089103596349972,26.576757917337627,4.985238862050457,5.314009661835748,3.717122920021471,34.936929683306495,3.421900161030596,2.9589371980676327
128,18.223295759527645,26.556629092860977,4.985238862050457,5.367686527106817,3.5762211486849167,34.91009125067096,3.421900161030596,2.9589371980676327
129,18.33064949006978,26.52308105206656,4.938271604938271,5.367686527106817,3.5762211486849167,34.88325281803543,3.421900161030596,2.9589371980676327
130,18.411164787976382,26.52308105206656,4.938271604938271,5.367686527106817,3.5762211486849167,34.80273752012882,3.421900161030596,2.9589371980676327
131,15.908480944712828,19.0552871712292,4.924852388620504,6.890767579173376,3.455448201825013,44.00831991411702,2.7979066022544283,2.9589371980676327
132,16.210413311862588,19.008319914117017,4.924852388620504,6.890767579173376,3.455448201825013,43.84057971014493,2.7106816961889426,2.9589371980676327
133,16.27079978529254,19.008319914117017,4.924852388620504,6.890767579173376,3.455448201825013,43.78019323671498,2.7106816961889426,2.9589371980676327
134,16.841116478797638,18.88083735909823,4.924852388620504,6.749865807836822,3.455448201825013,42.76704240472356,2.7106816961889426,3.670155662909286
135,16.928341384863124,18.88083735909823,4.924852388620504,6.749865807836822,3.455448201825013,42.70665593129361,2.6838432635534084,3.670155662909286
136,16.97530864197531,18.88083735909823,4.924852388620504,6.736446591519055,3.455448201825013,42.169887278582934,2.6838432635534084,4.17337627482555
137,17.028985507246375,18.88083735909823,4.924852388620504,6.736446591519055,3.455448201825013,42.11621041331186,2.6838432635534084,4.17337627482555
138,17.3040794417606,18.766774020397207,4.924852388620504,6.736446591519055,3.455448201825013,41.95517981749866,2.6838432635534084,4.17337627482555
139,17.814009661835748,18.303811057434245,4.924852388620504,6.481481481481482,3.784219001610306,41.83440687063875,2.6838432635534084,4.17337627482555
140,17.98845947396672,18.276972624798713,4.924852388620504,6.414385399892646,3.784219001610306,41.75389157273215,2.6838432635534084,4.17337627482555
141,17.94820182501342,18.16290928609769,4.924852388620504,6.1929683306494905,3.7104133118625873,41.45195920558239,3.435319377348363,4.17337627482555
142,17.98845947396672,18.14278046162104,4.904723564143854,6.1929683306494905,3.7104133118625873,41.45195920558239,3.435319377348363,4.17337627482555
143,17.98845947396672,18.00187869028449,5.179817498658078,6.1929683306494905,3.8378958668813743,41.418411164787976,3.207192699946323,4.17337627482555
144,17.60601180891036,17.09608158883521,7.447665056360709,5.723295759527644,3.8177670424047236,40.92860976918948,3.207192699946323,4.17337627482555
145,17.793880837359097,17.06924315619968,7.447665056360709,5.723295759527644,3.8177670424047236,39.15727321524423,4.9718196457326895,4.019055287171229
146,17.881105743424584,17.042404723564143,7.447665056360709,5.723295759527644,3.8177670424047236,39.110305958132045,4.9718196457326895,4.005636070853462
147,17.934782608695652,17.042404723564143,7.440955448201825,5.723295759527644,3.8177670424047236,39.06333870101986,4.9718196457326895,4.005636070853462
148,17.693236714975846,16.854535695115406,6.91760601180891,5.723295759527644,3.8177670424047236,38.31857219538379,6.66935050993022,4.005636070853462
149,17.92807300053677,16.814278046162105,6.91760601180891,5.723295759527644,3.7775093934514223,38.31186258722491,6.521739130434782,4.005636070853462
150,17.330917874396135,16.72705314009662,5.911164787976382,13.20450885668277,3.7238325281803544,33.903650026838434,6.481481481481482,2.717391304347826
151,16.74718196457327,15.814546430488459,5.703166935050993,13.20450885668277,3.502415458937198,34.366612989801396,7.944176060118089,2.717391304347826
152,16.418411164787976,15.599838969404187,5.703166935050993,14.600107353730541,3.502415458937198,32.6959205582394,7.85024154589372,3.629898013955985
153,16.438539989264626,15.599838969404187,5.703166935050993,14.600107353730541,3.502415458937198,32.67579173376275,7.85024154589372,3.629898013955985
154,16.72705314009662,15.599838969404187,5.703166935050993,14.090177133655395,3.502415458937198,32.447665056360705,8.299785292538916,3.629898013955985
155,16.888083735909824,15.53274288781535,5.703166935050993,14.090177133655395,3.502415458937198,32.35373054213634,8.299785292538916,3.629898013955985
156,17.028985507246375,15.53274288781535,5.703166935050993,14.070048309178745,3.488996242619431,32.2463768115942,8.299785292538916,3.629898013955985
157,17.042404723564143,15.519323671497585,5.703166935050993,14.070048309178745,3.488996242619431,32.2463768115942,8.299785292538916,3.629898013955985
158,17.458400429414922,15.378421900161031,5.703166935050993,13.90901771336554,3.488996242619431,32.15915190552872,8.272946859903382,3.629898013955985
159,17.277241009125067,15.378421900161031,6.468062265163715,13.821792807300053,3.488996242619431,31.052066559312937,9.212292002147075,3.3011272141706924
160,17.364465915190554,15.324745034889963,6.468062265163715,13.821792807300053,3.488996242619431,31.031937734836287,9.198872785829307,3.3011272141706924
161,17.176596886741816,15.257648953301127,7.1658615136876005,13.801663982823403,3.488996242619431,30.401234567901234,9.406870638754697,3.3011272141706924
162,17.223564143854,15.257648953301127,7.50805152979066,13.600375738056897,3.475577026301664,30.381105743424584,9.252549651100376,3.3011272141706924
163,17.505367686527105,15.03623188405797,7.50805152979066,13.43263553408481,3.435319377348363,30.575684380032207,9.225711218464841,3.280998389694042
164,17.505367686527105,15.03623188405797,7.50805152979066,13.43263553408481,3.435319377348363,30.575684380032207,9.225711218464841,3.280998389694042
165,17.55233494363929,15.03623188405797,7.50805152979066,13.43263553408481,3.435319377348363,30.54213633923779,9.212292002147075,3.280998389694042
166,17.67981749865808,15.03623188405797,7.50805152979066,13.39237788513151,3.435319377348363,30.50187869028449,9.185453569511541,3.260869565217391
167,17.67981749865808,15.03623188405797,7.50805152979066,13.39237788513151,3.435319377348363,30.50187869028449,9.185453569511541,3.260869565217391
168,17.76033279656468,15.03623188405797,7.50805152979066,13.358829844337091,3.388352120236178,30.50187869028449,9.185453569511541,3.260869565217391
169,17.881105743424584,15.009393451422437,7.50805152979066,13.291733762748256,3.388352120236178,30.475040257648953,9.185453569511541,3.260869565217391
170,18.089103596349972,15.009393451422437,7.50805152979066,13.291733762748256,3.388352120236178,30.267042404723565,9.185453569511541,3.260869565217391
171,18.156199677938808,14.99597423510467,8.05823939881911,12.922705314009661,3.388352120236178,30.03220611916264,9.185453569511541,3.260869565217391
172,18.230005367686527,14.969135802469136,8.05823939881911,12.922705314009661,3.361513687600644,30.01207729468599,9.185453569511541,3.260869565217391
173,18.491680085882983,14.969135802469136,8.05823939881911,12.922705314009661,3.361513687600644,29.844337090713903,9.091519055287172,3.260869565217391
174,18.53864734299517,14.955716586151368,9.333064949006978,12.909286097691895,3.3145464304884595,28.307836822329577,9.380032206119163,3.260869565217391
175,17.726784755770264,15.68035426731079,9.178743961352657,12.432903918411165,4.166666666666667,27.509393451422437,10.044283413848632,3.260869565217391
176,17.62614063338701,15.28448738593666,9.695383789586689,12.432903918411165,4.166666666666667,27.509393451422437,10.02415458937198,3.260869565217391
177,17.57246376811594,15.13016639828234,9.681964573268921,13.157541599570585,4.159957058507783,27.012882447665056,10.02415458937198,3.260869565217391
178,17.62614063338701,15.116747181964573,9.655126140633387,13.157541599570585,4.159957058507783,26.99946323134729,10.02415458937198,3.260869565217391
179,18.02871712292002,15.116747181964573,9.655126140633387,12.895866881374127,4.159957058507783,26.88539989264627,9.997316156736447,3.260869565217391
180,18.189747718733226,15.083199141170155,9.614868491680086,12.869028448738593,4.159957058507783,26.82501341921632,9.997316156736447,3.260869565217391
181,18.357487922705314,15.042941492216855,9.601449275362318,12.869028448738593,4.159957058507783,26.710950080515296,9.997316156736447,3.260869565217391
182,18.746645195920557,15.01610305958132,9.440418679549115,12.842190016103059,4.159957058507783,26.710950080515296,9.822866344605474,3.260869565217391
183,19.11567364465915,15.002683843263553,9.286097691894794,12.714707461084272,4.159957058507783,26.690821256038646,9.782608695652174,3.2474503488996245
184,17.330917874396135,17.619431025228128,9.286097691894794,12.084004294149223,4.159957058507783,26.48953301127214,9.782608695652174,3.2474503488996245
185,17.478529253891573,17.599302200751477,9.198872785829307,12.037037037037036,5.132850241545894,25.5300590445518,9.77589908749329,3.2474503488996245
186,17.72007514761138,17.55233494363929,9.145195920558239,12.016908212560386,5.12614063338701,25.43612453032743,9.75577026301664,3.2474503488996245
187,17.713365539452496,17.223564143854,9.145195920558239,12.016908212560386,5.273752012882448,25.39586688137413,10.010735373054214,3.2206119162640903
188,17.753623188405797,17.223564143854,9.145195920558239,11.708266237251744,5.24020397208803,25.36231884057971,10.34621578099839,3.2206119162640903
189,17.807300053676865,17.183306494900698,9.145195920558239,11.694847020933977,5.24020397208803,25.36231884057971,10.34621578099839,3.2206119162640903
190,17.860976918947934,17.183306494900698,9.138486312399356,11.694847020933977,5.24020397208803,25.36231884057971,10.305958132045088,3.2139023081052067
191,17.941492216854535,17.183306494900698,9.138486312399356,11.681427804616211,5.213365539452496,25.32206119162641,10.305958132045088,3.2139023081052067
192,17.961621041331185,17.183306494900698,9.138486312399356,11.674718196457327,5.213365539452496,25.32206119162641,10.292538915727322,3.2139023081052067
193,18.136070853462158,17.16988727858293,9.138486312399356,11.674718196457327,5.213365539452496,25.275093934514224,10.292538915727322,3.099838969404187
194,18.411164787976382,17.16988727858293,9.138486312399356,11.647879763821793,5.213365539452496,25.05367686527107,10.265700483091788,3.099838969404187
195,18.592324208266238,17.122920021470748,9.138486312399356,11.647879763821793,5.12614063338701,25.013419216317768,10.258990874932904,3.099838969404187
196,18.82716049382716,17.05582393988191,9.138486312399356,11.647879763821793,5.0858829844337095,24.88593666129898,10.258990874932904,3.099838969404187
197,18.840579710144926,17.042404723564143,9.138486312399356,11.647879763821793,5.0858829844337095,24.88593666129898,10.258990874932904,3.099838969404187
198,19.00161030595813,16.988727858293075,9.138486312399356,11.634460547504025,5.065754159957058,24.812130971551262,10.258990874932904,3.099838969404187
199,19.03515834675255,16.988727858293075,9.138486312399356,11.600912506709609,5.065754159957058,24.812130971551262,10.258990874932904,3.099838969404187
200,19.404186795491142,16.888083735909824,9.138486312399356,11.426462694578637,5.005367686527107,24.785292538915726,10.258990874932904,3.0931293612453032
201,19.49812130971551,16.867954911433173,9.091519055287172,11.399624261943103,5.005367686527107,24.785292538915726,10.258990874932904,3.0931293612453032
202,19.732957595276435,16.867954911433173,8.903650026838433,11.372785829307569,5.005367686527107,24.765163714439076,10.258990874932904,3.0931293612453032
203,19.81347289318304,16.867954911433173,8.836553945249598,11.372785829307569,5.005367686527107,24.751744498121308,10.258990874932904,3.0931293612453032
204,20.041599570585078,16.861245303274288,8.836553945249598,11.2788513150832,5.005367686527107,24.691358024691358,10.19189479334407,3.0931293612453032
205,20.135534084809446,16.80756843800322,8.82313472893183,11.2788513150832,5.005367686527107,24.691358024691358,10.165056360708535,3.0931293612453032
206,20.276435856146,16.78743961352657,8.796296296296296,11.2788513150832,4.978529253891573,24.402844873859365,10.077831454643048,3.4017713365539453
207,20.759527643585614,16.6532474503489,8.769457863660762,11.258722490606548,4.978529253891573,24.18142780461621,9.997316156736447,3.4017713365539453
208,20.7662372517445,16.6532474503489,8.769457863660762,11.258722490606548,4.978529253891573,24.174718196457327,9.997316156736447,3.4017713365539453
209,21.101717659688674,16.57944176060118,8.702361782071927,11.231884057971014,4.817498658078368,24.168008588298445,9.997316156736447,3.4017713365539453
210,21.316425120772948,16.566022544283413,8.68894256575416,11.231884057971014,4.7638217928073,24.08749329039184,9.943639291465379,3.4017713365539453
211,21.423778851315085,16.552603327965645,8.675523349436393,11.16478797638218,4.750402576489533,24.08749329039184,9.943639291465379,3.4017713365539453
212,21.55126140633387,16.438539989264626,8.675523349436393,11.16478797638218,4.750402576489533,24.074074074074073,9.943639291465379,3.4017713365539453
213,21.77938808373591,16.384863123993558,8.662104133118627,11.124530327428879,4.62962962962963,24.074074074074073,9.943639291465379,3.4017713365539453
214,18.491680085882983,33.15888352120236,6.528448738593666,8.541331186258722,1.6304347826086956,19.47128287707998,8.776167471819646,3.4017713365539453
215,18.625872249060656,33.1454643048846,6.528448738593666,8.541331186258722,1.6304347826086956,19.350509930220074,8.776167471819646,3.4017713365539453
216,18.739935587761675,32.809983896940416,6.528448738593666,8.53462157809984,1.6035963499731616,19.243156199677937,9.138486312399356,3.4017713365539453
217,18.659420289855074,32.809983896940416,6.528448738593666,8.53462157809984,1.570048309178744,19.11567364465915,9.380032206119163,3.4017713365539453
218,18.666129898013956,32.608695652173914,6.333870101986044,8.53462157809984,1.570048309178744,19.685990338164252,9.326355340848094,3.2742887815351582
219,19.082125603864736,32.447665056360705,6.333870101986044,8.393719806763285,1.570048309178744,19.57192699946323,9.326355340848094,3.2742887815351582
220,19.41760601180891,32.2866344605475,6.333870101986044,8.393719806763285,1.570048309178744,19.43102522812668,9.292807300053678,3.2742887815351582
221,19.45115405260333,32.25308641975309,6.333870101986044,8.393719806763285,1.570048309178744,19.43102522812668,9.292807300053678,3.2742887815351582
222,19.639023081052066,31.260064412238325,6.333870101986044,8.393719806763285,2.509393451422437,19.296833064949006,9.292807300053678,3.2742887815351582
223,19.706119162640903,31.233225979602793,6.333870101986044,8.393719806763285,2.509393451422437,19.28341384863124,9.265968867418144,3.2742887815351582
224,19.847020933977454,31.146001073537306,6.333870101986044,8.36688137412775,2.509393451422437,19.269994632313473,9.252549651100376,3.2742887815351582
225,19.712828770799785,31.146001073537306,6.333870101986044,8.299785292538916,2.509393451422437,19.269994632313473,9.453837895866881,3.2742887815351582
226,19.847020933977454,31.112453032742888,6.3070316693505095,8.272946859903382,2.49597423510467,19.236446591519055,9.453837895866881,3.2742887815351582
227,19.753086419753085,30.88432635534085,6.66935050993022,8.259527643585615,2.49597423510467,19.236446591519055,9.426999463231347,3.2742887815351582
228,19.753086419753085,30.88432635534085,6.66935050993022,8.259527643585615,2.49597423510467,19.236446591519055,9.426999463231347,3.2742887815351582
229,20.00805152979066,30.870907139023082,6.66935050993022,8.259527643585615,2.49597423510467,19.068706387546968,9.353193773483628,3.2742887815351582
230,20.202630166398283,30.743424584004295,6.66935050993022,8.259527643585615,2.49597423510467,19.00161030595813,9.353193773483628,3.2742887815351582
231,20.356951154052602,30.709876543209877,6.66935050993022,8.21256038647343,2.49597423510467,18.927804616210413,9.353193773483628,3.2742887815351582
232,20.531400966183575,30.683038110574344,6.521739130434782,8.21256038647343,2.49597423510467,18.927804616210413,9.353193773483628,3.2742887815351582
233,20.558239398819108,30.683038110574344,6.521739130434782,8.21256038647343,2.49597423510467,18.927804616210413,9.333064949006978,3.2675791733762747
234,20.618625872249062,30.683038110574344,6.521739130434782,8.192431561996779,2.49597423510467,18.90096618357488,9.31964573268921,3.2675791733762747
235,20.873590982286636,30.475040257648953,6.521739130434782,8.192431561996779,2.49597423510467,18.853998926462694,9.31964573268921,3.2675791733762747
236,20.933977455716587,29.522275899087493,6.521739130434782,9.634997316156737,2.677133655394525,18.82716049382716,8.61513687600644,3.2675791733762747
237,20.96081588835212,29.508856682769725,6.521739130434782,9.621578099838969,2.677133655394525,18.82716049382716,8.61513687600644,3.2675791733762747
238,21.215780998389693,29.49543746645196,6.421095008051529,9.621578099838969,2.677133655394525,18.67283950617284,8.655394524959743,3.240740740740741
239,21.034621578099838,29.482018250134193,7.004830917874396,9.621578099838969,2.677133655394525,18.283682232957595,8.655394524959743,3.240740740740741
240,21.215780998389693,29.32769726247987,7.004830917874396,9.621578099838969,2.677133655394525,18.256843800322063,8.655394524959743,3.240740740740741
241,21.24932903918411,29.294149221685455,7.004830917874396,9.621578099838969,2.677133655394525,18.256843800322063,8.655394524959743,3.240740740740741
242,21.26274825550188,29.294149221685455,7.004830917874396,9.608158883521202,2.677133655394525,18.256843800322063,8.655394524959743,3.240740740740741
243,21.309715512614062,28.85131508319914,7.004830917874396,9.453837895866881,3.3480944712828773,18.223295759527645,8.641975308641975,3.166935050993022
244,21.71900161030596,28.495705850778315,6.984702093397746,9.453837895866881,3.3413848631239937,18.21658615136876,8.628556092324208,3.1602254428341383
245,22.074610842726784,28.435319377348364,6.944444444444445,9.453837895866881,3.3413848631239937,18.19645732689211,8.454106280193237,3.099838969404187
246,22.148416532474503,28.395061728395063,6.944444444444445,9.447128287707997,3.3413848631239937,18.183038110574344,8.440687063875469,3.099838969404187
247,22.289318303811058,28.37493290391841,6.910896403650026,9.447128287707997,3.3413848631239937,18.10252281266774,8.433977455716587,3.099838969404187
248,22.289318303811058,28.37493290391841,6.910896403650026,9.447128287707997,3.3413848631239937,18.10252281266774,8.433977455716587,3.099838969404187
249,22.403381642512077,28.37493290391841,6.910896403650026,9.433709071390231,3.3279656468062266,18.04213633923779,8.433977455716587,3.0730005367686526
250,22.63150831991412,28.31454643048846,6.884057971014493,9.406870638754697,3.3279656468062266,17.92807300053677,8.433977455716587,3.0730005367686526
251,22.946859903381643,28.153515834675254,6.884057971014493,9.400161030595813,3.3145464304884595,17.800590445517983,8.427267847557703,3.0730005367686526
252,22.973698336017176,28.153515834675254,6.884057971014493,9.400161030595813,3.3145464304884595,17.800590445517983,8.427267847557703,3.046162104133119
253,22.67176596886742,27.61003757380569,6.790123456790123,9.39345142243693,3.3145464304884595,18.746645195920557,8.427267847557703,3.046162104133119
254,22.67176596886742,27.61003757380569,6.790123456790123,9.39345142243693,3.3145464304884595,18.746645195920557,8.427267847557703,3.046162104133119
255,22.839506172839506,27.61003757380569,6.790123456790123,9.366612989801396,3.3145464304884595,18.646001073537306,8.420558239398819,3.012614063338701
256,23.03408480944713,27.549651100375737,6.790123456790123,9.346484165324744,3.3145464304884595,18.646001073537306,8.3064949006978,3.012614063338701
257,23.19511540526033,27.549651100375737,6.763285024154589,9.27938808373591,3.3145464304884595,18.605743424584006,8.279656468062266,3.012614063338701
258,23.356146001073537,27.415458937198068,6.763285024154589,9.252549651100376,3.3145464304884595,18.4447128287708,8.279656468062266,3.1736446591519054
259,23.65136876006441,27.361782071927,6.66935050993022,9.205582393988191,3.3145464304884595,18.397745571658614,8.246108427267847,3.1535158346752548
260,23.68491680085883,27.26113794954375,6.66935050993022,9.185453569511541,3.3145464304884595,18.397745571658614,8.333333333333334,3.1535158346752548
261,23.698336017176597,27.26113794954375,6.66935050993022,9.185453569511541,3.3145464304884595,18.38432635534085,8.333333333333334,3.1535158346752548
262,23.772141706924316,27.26113794954375,6.66935050993022,9.151905528717123,3.3145464304884595,18.35077831454643,8.32662372517445,3.1535158346752548
263,24.000268384326354,27.160493827160494,6.602254428341385,9.118357487922705,3.3145464304884595,18.35077831454643,8.319914117015566,3.1333870101986045
264,24.12104133118626,27.106816961889425,6.602254428341385,9.118357487922705,3.3145464304884595,18.283682232957595,8.319914117015566,3.1333870101986045
265,23.65136876006441,27.066559312936125,6.333870101986044,10.721953837895867,3.3145464304884595,17.458400429414922,8.319914117015566,3.1333870101986045
266,24.074074074074073,26.82501341921632,6.327160493827161,10.721953837895867,3.3145464304884595,17.458400429414922,8.145464304884594,3.1333870101986045
267,24.22168545356951,26.82501341921632,6.320450885668277,10.721953837895867,3.3145464304884595,17.458400429414922,8.038110574342458,3.099838969404187
268,24.295491143317232,26.778046162104133,6.293612453032743,10.721953837895867,3.3145464304884595,17.458400429414922,8.038110574342458,3.099838969404187
269,24.530327428878152,26.778046162104133,6.293612453032743,10.587761674718196,3.3145464304884595,17.384594739667204,8.011272141706923,3.099838969404187
270,24.44310252281267,26.764626945786365,6.293612453032743,11.137949543746645,3.307836822329576,16.948470209339774,8.004562533548041,3.099838969404187
271,24.50348899624262,26.764626945786365,6.293612453032743,11.137949543746645,3.307836822329576,16.894793344068706,7.997852925389157,3.099838969404187
272,24.530327428878152,26.7512077294686,6.293612453032743,11.137949543746645,3.307836822329576,16.894793344068706,7.98443370907139,3.099838969404187
273,24.738325281803544,26.583467525496513,6.273483628556092,11.131239935587761,3.307836822329576,16.881374127750938,7.98443370907139,3.099838969404187
274,24.60413311862587,26.576757917337627,6.239935587761675,10.876274825550189,3.307836822329576,16.451959205582394,8.896940418679549,3.046162104133119
275,24.60413311862587,26.576757917337627,6.239935587761675,10.876274825550189,3.307836822329576,16.451959205582394,8.896940418679549,3.046162104133119
276,23.98684916800859,27.294685990338163,6.213097155126141,10.876274825550189,3.307836822329576,16.391572732152444,8.883521202361782,3.046162104133119
277,23.336017176596886,27.2812667740204,5.736714975845411,12.466451959205582,3.307836822329576,16.27079978529254,8.433977455716587,3.166935050993022
278,23.32259796027912,26.556629092860977,5.736714975845411,12.439613526570048,4.086151368760064,16.264090177133657,8.427267847557703,3.166935050993022
279,23.329307568438004,26.556629092860977,6.1862587224906065,12.439613526570048,3.6366076221148687,16.25738056897477,8.427267847557703,3.166935050993022
280,23.369565217391305,26.549919484702095,6.179549114331723,12.439613526570048,3.6366076221148687,16.223832528180353,8.769457863660762,2.831454643048846
281,23.678207192699947,26.50966183574879,6.179549114331723,12.372517444981213,3.6097691894793345,16.069511540526033,8.769457863660762,2.8113258185721954
282,23.96672034353194,26.476113794954376,6.172839506172839,12.372517444981213,3.5762211486849167,16.0426731078905,8.756038647342995,2.636876006441224
283,24.168008588298445,26.33521202361782,6.172839506172839,12.365807836822329,3.5762211486849167,15.98899624261943,8.756038647342995,2.636876006441224
