,45,50,51,55,53,52,56,54,57
0,90.80112721417069,6.260064412238325,2.9388083735909825,,,,,,
1,85.74208266237251,11.037305421363392,2.9388083735909825,0.28180354267310787,,,,,
2,84.11835748792271,12.661030595813205,2.9388083735909825,0.28180354267310787,,,,,
3,79.52227589908749,17.257112184648417,2.9388083735909825,0.28180354267310787,,,,,
4,73.8191089640365,22.96027911969941,2.9388083735909825,0.28180354267310787,,,,,
5,73.8191089640365,22.96027911969941,2.9388083735909825,0.28180354267310787,,,,,
6,71.18223295759528,20.74610842726785,7.695920558239399,0.17444981213097155,0.20128824476650564,,,,
7,71.20236178207193,18.283682232957595,6.796833064949007,0.17444981213097155,0.20128824476650564,3.3413848631239937,,,
8,69.71282877079979,18.820450885668276,7.769726247987117,0.17444981213097155,0.20128824476650564,3.321256038647343,,,
9,56.052066559312934,32.49463231347289,7.769726247987117,0.17444981213097155,0.20128824476650564,3.307836822329576,,,
10,55.20665593129361,33.340042941492214,7.769726247987117,0.17444981213097155,0.20128824476650564,3.307836822329576,,,
11,41.532474503489,47.94685990338164,6.837090713902308,0.17444981213097155,0.20128824476650564,3.307836822329576,,,
12,35.53408480944713,53.596349973161566,6.837090713902308,0.5233494363929146,0.20128824476650564,3.307836822329576,,,
13,34.10493827160494,54.28743961352657,6.837090713902308,0.5233494363929146,2.9119699409554483,1.3352120236178207,,,
14,33.23939881910896,54.30756843800322,6.837090713902308,1.3687600644122384,2.9119699409554483,1.3352120236178207,,,
15,31.682769726247987,48.22866344605475,13.821792807300053,1.0198604401502953,2.9119699409554483,2.2410091250670963,0.0939345142243693,,
16,31.21309715512614,49.49677938808374,13.023349436392914,1.0198604401502953,2.9119699409554483,2.2410091250670963,0.0939345142243693,,
17,30.575684380032207,48.980139559849704,12.406065485775631,1.0198604401502953,2.9119699409554483,4.012345679012346,0.0939345142243693,,
18,30.320719269994633,46.07487922705314,12.385936661298981,0.9997316156736447,2.9119699409554483,7.212828770799785,0.0939345142243693,,
19,26.764626945786365,43.142780461621044,13.466183574879228,1.0802469135802468,2.9119699409554483,12.406065485775631,0.0939345142243693,0.13419216317767044,
20,22.48389694041868,41.37144390767579,22.08132045088567,0.2549651100375738,8.105206655931294,5.475040257648954,0.0939345142243693,0.13419216317767044,
21,21.18894256575416,40.707192699946326,22.899892646269457,1.1272141706924315,8.641975308641975,5.2066559312936125,0.0939345142243693,0.13419216317767044,
22,14.935587761674718,45.69243156199678,22.530864197530864,1.3352120236178207,8.239398819108963,7.125603864734299,0.0067096081588835215,0.13419216317767044,
23,14.620236178207193,41.6532474503489,21.960547504025765,1.3352120236178207,8.225979602791197,11.949812130971551,0.12077294685990338,0.13419216317767044,
24,14.640365002683843,40.24422973698336,21.477455716586153,2.0397208803005906,8.205850778314547,13.137412775093935,0.12077294685990338,0.13419216317767044,
25,13.801663982823403,37.795222758990874,23.731884057971016,2.0397208803005906,9.400161030595813,12.989801395598498,0.12077294685990338,0.12077294685990338,
26,13.855340848094471,37.754965110037574,23.19511540526033,2.6637144390767578,9.29951690821256,12.989801395598498,0.12077294685990338,0.12077294685990338,
27,12.473161567364466,46.32984433709071,19.03515834675255,2.1806226516371443,9.111647879763822,10.63472893183038,0.11406333870101985,0.12077294685990338,
28,10.373054213633925,39.32501341921632,32.085346215781,2.1806226516371443,5.166398282340311,10.63472893183038,0.11406333870101985,0.12077294685990338,
29,10.466988727858293,39.25791733762748,32.06521739130435,2.1806226516371443,5.166398282340311,10.628019323671497,0.11406333870101985,0.12077294685990338,
30,10.413311862587225,38.58695652173913,32.82340311325819,2.1806226516371443,5.166398282340311,10.601180891035963,0.11406333870101985,0.11406333870101985,
31,10.513955984970478,38.54669887278583,32.71604938271605,2.1806226516371443,5.3341384863123995,10.48040794417606,0.11406333870101985,0.11406333870101985,
32,10.534084809447128,38.54669887278583,32.70263016639828,2.1806226516371443,5.3341384863123995,10.473698336017177,0.11406333870101985,0.11406333870101985,
33,9.990606548577563,33.16559312936125,28.35480407944176,1.3687600644122384,5.9447128287707995,19.598765432098766,0.11406333870101985,1.4626945786366077,
34,10.138217928073,33.05823939881911,28.28099838969404,1.3687600644122384,5.9447128287707995,19.632313472893184,0.11406333870101985,1.4626945786366077,
35,9.957058507783145,26.019860440150296,36.9699409554482,1.3687600644122384,5.173107890499195,18.9345142243693,0.11406333870101985,1.4626945786366077,
36,10.151637144390767,25.97289318303811,36.822329575952764,1.3687600644122384,5.173107890499195,18.9345142243693,0.11406333870101985,1.4626945786366077,
37,10.21202361782072,25.966183574879228,36.808910359635,1.3687600644122384,5.173107890499195,19.216317767042405,0.11406333870101985,1.1406333870101986,
38,10.292538915727322,25.731347289318304,36.782071926999464,1.5767579173376274,5.173107890499195,19.189479334406872,0.11406333870101985,1.1406333870101986,
39,10.453569511540525,25.623993558776167,36.72839506172839,1.5767579173376274,5.173107890499195,19.189479334406872,0.11406333870101985,1.1406333870101986,
40,10.57434245840043,25.429414922168544,36.52710681696189,1.892109500805153,5.173107890499195,19.14922168545357,0.11406333870101985,1.1406333870101986,
41,10.641438539989265,25.32206119162641,35.990338164251206,1.892109500805153,5.3341384863123995,19.048577563070317,0.630703166935051,1.1406333870101986,
42,10.72866344605475,25.288513150831992,35.96349973161568,1.892109500805153,5.3341384863123995,19.02173913043478,0.630703166935051,1.1406333870101986,
43,10.768921095008052,25.261674718196456,35.96349973161568,1.892109500805153,5.3341384863123995,19.008319914117017,0.630703166935051,1.1406333870101986,
44,10.815888352120236,25.261674718196456,35.950080515297905,1.892109500805153,5.3341384863123995,18.9747718733226,0.630703166935051,1.1406333870101986,
45,10.903113258185721,25.261674718196456,35.87627482555019,1.892109500805153,5.3341384863123995,18.96135265700483,0.630703166935051,1.1406333870101986,
46,11.117820719269995,25.248255501878692,35.68840579710145,1.892109500805153,5.3341384863123995,18.947933440687063,0.630703166935051,1.1406333870101986,
47,11.305689747718732,25.248255501878692,35.35963499731616,2.1940418679549114,5.3341384863123995,18.78690284487386,0.630703166935051,1.1406333870101986,
48,11.379495437466453,25.201288244766506,35.33279656468062,2.1940418679549114,5.3341384863123995,18.78690284487386,0.630703166935051,1.1406333870101986,
49,11.352657004830919,25.174449812130973,34.93022007514761,2.1940418679549114,5.3341384863123995,18.69296833064949,0.630703166935051,1.6908212560386473,
50,11.29898013955985,25.174449812130973,34.88996242619431,2.1940418679549114,5.3341384863123995,17.74020397208803,0.630703166935051,2.737520128824477,
51,10.735373054213634,25.033548040794418,41.56602254428341,2.1940418679549114,5.300590445517981,12.68786902844874,0.5166398282340311,1.9659151905528718,
52,8.132045088566828,33.756038647343,37.78851315083199,1.9122383252818036,5.300590445517981,10.721953837895867,0.5166398282340311,1.8719806763285025,
53,8.199141170155663,33.72920021470746,37.74825550187869,1.9122383252818036,5.300590445517981,10.721953837895867,0.5166398282340311,1.8719806763285025,
54,7.890499194847021,33.091787439613526,36.58749329039184,1.9122383252818036,5.300590445517981,12.835480407944177,0.5166398282340311,1.865271068169619,
55,7.682501341921632,28.388352120236178,47.28931830381106,2.7509393451422435,5.300590445517981,8.051529790660226,0.5166398282340311,0.020128824476650563,
56,7.541599570585078,22.899892646269457,44.115673644659154,2.6167471819645733,14.251207729468598,7.991143317230274,0.5166398282340311,0.06709608158883522,
57,7.669082125603865,22.859634997316157,44.04857756307032,2.5966183574879227,14.251207729468598,7.991143317230274,0.5166398282340311,0.06709608158883522,
58,7.494632313472893,23.060923242082662,44.02173913043478,2.5966183574879227,14.251207729468598,7.991143317230274,0.5166398282340311,0.06709608158883522,
59,7.635534084809447,23.040794417606012,43.96135265700483,2.5966183574879227,14.197530864197532,7.98443370907139,0.5166398282340311,0.06709608158883522,
60,7.024959742351046,21.994095544820183,45.69243156199678,2.589908749329039,14.143853998926463,7.971014492753623,0.5166398282340311,0.06709608158883522,
61,7.1725711218464845,21.947128287707997,45.61862587224906,2.589908749329039,14.11701556629093,7.971014492753623,0.5166398282340311,0.06709608158883522,
62,7.226247987117552,21.947128287707997,45.56494900697799,2.589908749329039,14.11701556629093,7.971014492753623,0.5166398282340311,0.06709608158883522,
63,7.427536231884058,21.833064949006978,45.551529790660226,2.589908749329039,14.06333870101986,7.950885668276973,0.5166398282340311,0.06709608158883522,
64,5.636070853462158,16.854535695115406,51.871980676328505,2.589908749329039,14.479334406870638,4.8376274825550185,0.5166398282340311,3.2139023081052067,
65,5.857487922705314,16.418411164787976,51.51637144390767,2.5697799248523885,14.439076757917338,4.8376274825550185,1.1473429951690821,3.2139023081052067,
66,5.971551261406334,16.411701556629094,51.42914653784219,2.5697799248523885,14.432367149758454,4.8376274825550185,1.1473429951690821,3.2004830917874396,
67,6.025228126677402,16.411701556629094,51.37546967257112,2.5697799248523885,14.432367149758454,4.8376274825550185,1.1473429951690821,3.2004830917874396,
68,6.159420289855072,16.411701556629094,51.2614063338701,2.5697799248523885,14.412238325281804,4.8376274825550185,1.1473429951690821,3.2004830917874396,
69,6.219806763285024,16.398282340311326,51.21443907675792,2.5697799248523885,14.412238325281804,4.8376274825550185,1.1473429951690821,3.2004830917874396,
70,5.555555555555555,15.230810520665592,50.878958668813745,2.5831991411701556,14.398819108964037,6.749865807836822,1.402308105206656,3.2004830917874396,
71,5.683038110574342,15.217391304347826,50.81857219538379,2.5831991411701556,14.378690284487385,6.716317767042405,1.402308105206656,3.2004830917874396,
72,5.924584004294149,15.217391304347826,50.677670424047236,2.563070316693505,14.378690284487385,6.655931293612453,1.3821792807300053,3.2004830917874396,
73,6.132581857219538,15.203972088030058,50.48309178743961,2.563070316693505,14.378690284487385,6.655931293612453,1.3821792807300053,3.2004830917874396,
74,6.105743424584004,14.781266774020397,49.18142780461621,3.3480944712828773,14.351851851851851,6.655931293612453,1.3821792807300053,4.193505099302201,
75,6.206387546967257,14.754428341384862,48.631239935587764,3.3480944712828773,14.351851851851851,6.655931293612453,1.8585614600107354,4.193505099302201,
76,6.219806763285024,14.754428341384862,48.631239935587764,3.3480944712828773,14.351851851851851,6.655931293612453,1.8585614600107354,4.180085882984434,
77,6.3070316693505095,14.74771873322598,48.590982286634464,3.3480944712828773,14.338432635534085,6.629092860976919,1.8585614600107354,4.180085882984434,
78,6.360708534621578,14.720880300590446,48.56414385399893,3.3480944712828773,14.338432635534085,6.629092860976919,1.8585614600107354,4.180085882984434,
79,6.038647342995169,13.94927536231884,46.53113258185722,3.3413848631239937,14.284755770263017,9.816156736446592,1.8585614600107354,4.180085882984434,
80,6.105743424584004,13.922436929683306,46.51771336553945,3.3413848631239937,14.257917337627482,9.816156736446592,1.8585614600107354,4.180085882984434,
81,5.837359098228664,11.52710681696189,43.94122383252818,3.3413848631239937,14.210950080515298,15.365002683843263,1.8585614600107354,3.9184111647879765,
82,6.172839506172839,11.52710681696189,43.55877616747182,3.3413848631239937,14.190821256038648,15.33816425120773,1.9860440150295222,3.8848631239935587,
83,6.226516371443908,11.480139559849706,40.734031132581855,3.3413848631239937,14.163982823403114,18.183038110574344,1.9860440150295222,3.8848631239935587,
84,6.273483628556092,10.379763821792807,41.76060118089104,3.730542136339238,16.29092860976919,16.06280193236715,1.7914653784219001,3.7104133118625873,
85,6.501610305958132,10.332796564680622,41.67337627482555,3.69699409554482,16.29092860976919,16.002415458937197,1.7914653784219001,3.7104133118625873,
86,6.823671497584541,10.279119699409554,41.10305958132045,3.6500268384326353,16.72705314009662,15.915190552871712,1.7914653784219001,3.7104133118625873,
87,6.729736983360172,10.279119699409554,41.7740203972088,3.6500268384326353,16.686795491143318,15.378421900161031,1.7914653784219001,3.7104133118625873,
88,6.877348362855609,10.279119699409554,41.74047235641439,3.6500268384326353,16.686795491143318,15.378421900161031,1.7914653784219001,3.5963499731615673,
89,7.1725711218464845,10.272410091250672,41.6935050993022,3.6500268384326353,16.686795491143318,15.136876006441224,1.7914653784219001,3.5963499731615673,
90,7.092055823939882,9.822866344605474,39.781266774020395,3.4621578099838968,16.384863123993558,18.095813204508858,1.7914653784219001,3.569511540526033,
91,7.065217391304348,9.782608695652174,44.12238325281803,3.4621578099838968,12.184648416532475,18.02200751476114,1.7914653784219001,3.569511540526033,
92,7.105475040257649,9.708803005904455,42.70665593129361,3.770799785292539,12.184648416532475,19.558507783145465,1.7914653784219001,3.1736446591519054,
93,7.185990338164252,9.708803005904455,42.639559849704774,3.770799785292539,12.184648416532475,19.545088566827697,1.7914653784219001,3.1736446591519054,
94,7.266505636070853,9.708803005904455,42.592592592592595,3.770799785292539,12.184648416532475,19.51154052603328,1.7914653784219001,3.1736446591519054,
95,7.246376811594203,9.708803005904455,42.169887278582934,3.502415458937198,11.688137412775093,20.02818035426731,1.7914653784219001,3.864734299516908,
96,7.320182501341922,9.708803005904455,42.09608158883521,3.502415458937198,11.688137412775093,20.02818035426731,1.7914653784219001,3.864734299516908,
97,7.50805152979066,9.708803005904455,41.93505099302201,3.502415458937198,11.66129898013956,20.02818035426731,1.7914653784219001,3.864734299516908,
98,7.6556629092860975,9.708803005904455,41.91492216854536,3.502415458937198,11.66129898013956,19.92753623188406,1.7914653784219001,3.8378958668813743,
99,7.749597423510467,9.695383789586689,41.90150295222759,3.502415458937198,11.647879763821793,19.887278582930758,1.7914653784219001,3.824476650563607,
100,8.038110574342458,9.681964573268921,41.727053140096615,3.502415458937198,11.621041331186259,19.847020933977454,1.7914653784219001,3.7909286097691894,
101,8.172302737520129,9.534353193773484,41.619699409554485,3.6500268384326353,11.594202898550725,19.847020933977454,1.7914653784219001,3.7909286097691894,
102,7.98443370907139,9.373322597960279,41.36473429951691,3.488996242619431,13.083735909822867,19.122383252818036,1.7914653784219001,3.7909286097691894,
103,7.924047235641439,9.104938271604938,41.076221148684915,4.394793344068707,13.056897477187333,18.86070853462158,1.7914653784219001,3.7909286097691894,
104,7.950885668276973,9.104938271604938,41.04938271604938,4.394793344068707,13.056897477187333,18.86070853462158,1.7914653784219001,3.7909286097691894,
105,7.152442297369833,14.318303811057435,33.943907675791735,4.394793344068707,11.3593666129898,23.30246913580247,1.737788513150832,3.7909286097691894,
106,6.998121309715513,14.318303811057435,32.82340311325819,4.394793344068707,11.3593666129898,24.57729468599034,1.737788513150832,3.7909286097691894,
107,7.024959742351046,14.318303811057435,32.09205582393988,5.314009661835748,11.332528180354267,24.3894256575416,1.737788513150832,3.7909286097691894,
108,7.132313472893183,14.2914653784219,32.09205582393988,5.314009661835748,11.29898013955985,24.342458400429415,1.737788513150832,3.7909286097691894,
109,7.313472893183038,14.278046162104133,31.97128287707998,5.300590445517981,11.2788513150832,24.329039184111647,1.737788513150832,3.7909286097691894,
110,7.541599570585078,14.190821256038648,31.884057971014492,5.293880837359098,11.2788513150832,24.282071926999464,1.737788513150832,3.7909286097691894,
111,7.575147611379496,14.190821256038648,31.816961889425656,5.293880837359098,11.211755233494364,24.268652710681696,1.737788513150832,3.7909286097691894,0.11406333870101985
112,8.011272141706923,14.076757917337627,31.80354267310789,5.293880837359098,10.963499731615673,24.235104669887278,1.710950080515298,3.7909286097691894,0.11406333870101985
113,8.11862587224906,14.06333870101986,31.676060118089104,5.260332796564681,10.963499731615673,24.174718196457327,1.8384326355340848,3.7909286097691894,0.11406333870101985
114,8.05823939881911,13.667471819645733,29.851046698872786,4.30756843800322,10.95679012345679,24.040526033279658,1.8384326355340848,7.1658615136876005,0.11406333870101985
115,8.044820182501342,13.613794954374665,29.28743961352657,4.079441760601181,11.345947396672035,23.993558776167472,1.8384326355340848,7.682501341921632,0.11406333870101985
116,8.165593129361245,13.607085346215781,29.260601180891037,4.066022544283414,11.332528180354267,23.946591519055286,1.8384326355340848,7.669082125603865,0.11406333870101985
117,8.05823939881911,13.43263553408481,29.54911433172303,4.448470209339774,11.3191089640365,23.658078368223297,1.7847557702630166,7.635534084809447,0.11406333870101985
118,7.950885668276973,13.318572195383789,29.414922168545356,4.448470209339774,11.3191089640365,24.074074074074073,1.7847557702630166,7.575147611379496,0.11406333870101985
119,8.064949006977992,13.291733762748256,29.28743961352657,4.448470209339774,11.3191089640365,24.013687600644122,1.8853998926462694,7.575147611379496,0.11406333870101985
120,8.205850778314547,13.291733762748256,29.22705314009662,4.448470209339774,11.3191089640365,23.93317230273752,1.8853998926462694,7.575147611379496,0.11406333870101985
121,8.004562533548041,13.291733762748256,28.173644659151904,4.435050993022007,14.049919484702093,22.537573805689746,1.8585614600107354,7.5348899624261945,0.11406333870101985
122,8.125335480407944,13.285024154589372,28.005904455179817,4.435050993022007,14.049919484702093,22.517444981213096,1.932367149758454,7.5348899624261945,0.11406333870101985
123,7.877079978529254,12.902576489533011,27.945517981749866,4.435050993022007,14.647074610842727,22.61808910359635,1.932367149758454,7.5281803542673105,0.11406333870101985
124,8.09849704777241,12.902576489533011,27.82474503488996,4.435050993022007,14.61352657004831,22.550993022007514,1.932367149758454,7.5281803542673105,0.11406333870101985
125,8.125335480407944,12.869028448738593,27.522812667740205,4.435050993022007,14.298174986580785,23.17498658078368,1.932367149758454,7.5281803542673105,0.11406333870101985
126,8.266237251744498,12.828770799785293,27.469135802469136,4.428341384863124,14.298174986580785,23.17498658078368,1.932367149758454,7.48792270531401,0.11406333870101985
127,8.313204508856682,12.828770799785293,27.42216854535695,4.428341384863124,14.298174986580785,23.17498658078368,1.932367149758454,7.48792270531401,0.11406333870101985
128,8.400429414922169,12.828770799785293,27.395330112721417,4.428341384863124,14.298174986580785,23.17498658078368,1.8719806763285025,7.48792270531401,0.11406333870101985
129,8.735909822866345,12.828770799785293,27.086688137412775,4.49543746645196,14.217659688674182,23.17498658078368,1.8585614600107354,7.48792270531401,0.11406333870101985
130,8.232689210950081,7.7831454643048845,26.341921631776703,4.388083735909823,11.158078368223295,32.85024154589372,1.9726247987117553,7.159151905528717,0.11406333870101985
131,8.407139023081053,7.7831454643048845,26.341921631776703,4.622920021470746,11.144659151905529,32.48121309715513,1.9726247987117553,7.132313472893183,0.11406333870101985
132,8.501073537305421,7.769726247987117,26.261406333870102,4.622920021470746,11.500268384326356,32.1256038647343,1.9726247987117553,7.132313472893183,0.11406333870101985
133,8.608427267847558,7.716049382716049,26.019860440150296,4.622920021470746,11.500268384326356,32.098765432098766,1.8988191089640365,7.4208266237251745,0.11406333870101985
134,8.80300590445518,7.333601717659689,25.83870101986044,5.448201825013419,11.500268384326356,31.66935050993022,1.8719806763285025,7.4208266237251745,0.11406333870101985
135,8.84326355340848,7.333601717659689,25.825281803542673,5.448201825013419,11.500268384326356,31.642512077294686,1.8719806763285025,7.4208266237251745,0.11406333870101985
136,8.923778851315083,7.313472893183038,25.81857219538379,5.441492216854535,11.473429951690822,31.642512077294686,1.8719806763285025,7.4006977992485234,0.11406333870101985
137,8.99087493290392,7.27992485238862,25.805152979066023,5.421363392377885,11.473429951690822,31.642512077294686,1.8719806763285025,7.4006977992485234,0.11406333870101985
138,8.870101986044014,7.27992485238862,27.147074610842726,4.851046698872786,11.473429951690822,31.00509930220075,1.8719806763285025,7.387278582930757,0.11406333870101985
139,8.917069243156199,7.27992485238862,27.140365002683843,4.851046698872786,11.466720343531938,30.97826086956522,1.8719806763285025,7.380568974771873,0.11406333870101985
140,8.99087493290392,7.27992485238862,27.13365539452496,4.830917874396135,11.426462694578637,30.897745571658614,1.8719806763285025,7.454374664519592,0.11406333870101985
141,9.084809447128288,6.910896403650026,26.972624798711756,4.830917874396135,13.446054750402576,29.341116478797638,1.8451422436929683,7.454374664519592,0.11406333870101985
142,8.849973161567364,6.776704240472356,28.978797638217927,4.830917874396135,12.077294685990339,29.21363392377885,1.7579173376274826,7.4006977992485234,0.11406333870101985
143,8.890230810520666,6.776704240472356,28.978797638217927,4.830917874396135,12.077294685990339,29.17337627482555,1.7579173376274826,7.4006977992485234,0.11406333870101985
144,8.984165324745035,6.776704240472356,28.898282340311326,4.830917874396135,12.077294685990339,29.17337627482555,1.7579173376274826,7.387278582930757,0.11406333870101985
145,8.923778851315083,6.776704240472356,28.824476650563607,5.522007514761138,12.077294685990339,28.65673644659152,1.737788513150832,7.367149758454106,0.11406333870101985
146,9.373322597960279,6.635802469135802,28.79092860976919,5.709876543209877,12.077294685990339,28.26086956521739,1.6841116478797638,7.353730542136339,0.11406333870101985
147,9.473966720343531,6.582125603864735,28.77079978529254,5.683038110574342,12.077294685990339,28.26086956521739,1.6841116478797638,7.353730542136339,0.11406333870101985
148,9.567901234567902,6.582125603864735,28.77079978529254,5.683038110574342,12.077294685990339,28.20048309178744,1.6841116478797638,7.320182501341922,0.11406333870101985
149,9.265968867418144,5.35426731078905,31.91760601180891,4.904723564143854,12.077294685990339,27.361782071927,1.6841116478797638,7.320182501341922,0.11406333870101985
150,8.970746108427267,5.01207729468599,31.884057971014492,4.770531400966184,11.493558776167472,28.75067096081589,1.6841116478797638,7.320182501341922,0.11406333870101985
151,7.96430488459474,3.408480944712829,31.5955448201825,3.5225442834138487,10.205314009661835,36.560654857756305,1.4626945786366077,5.166398282340311,0.11406333870101985
152,8.031400966183575,3.3950617283950617,31.54186795491143,3.5225442834138487,10.205314009661835,36.560654857756305,1.4626945786366077,5.166398282340311,0.11406333870101985
153,8.340042941492216,3.3950617283950617,31.34728931830381,3.1870638754696725,10.19189479334407,36.07085346215781,1.402308105206656,5.9514224369296835,0.11406333870101985
154,8.373590982286634,3.3950617283950617,31.333870101986044,3.1870638754696725,10.19189479334407,36.05743424584004,1.3955984970477724,5.9514224369296835,0.11406333870101985
155,8.427267847557703,3.3950617283950617,31.30703166935051,3.1870638754696725,10.19189479334407,36.030595813204506,1.3955984970477724,5.9514224369296835,0.11406333870101985
156,8.507783145464305,3.3950617283950617,30.56897477187332,3.1870638754696725,10.299248523886206,35.85614600107354,2.120236178207193,5.9514224369296835,0.11406333870101985
157,8.588298443370908,3.3950617283950617,30.360976918947934,3.1870638754696725,10.279119699409554,35.809178743961354,2.314814814814815,5.9514224369296835,0.11406333870101985
158,8.635265700483092,3.3950617283950617,30.293880837359097,3.2541599570585076,10.279119699409554,35.76221148684917,2.314814814814815,5.9514224369296835,0.11406333870101985
159,8.883521202361782,3.388352120236178,30.24020397208803,3.2004830917874396,10.225442834138486,35.7085346215781,2.314814814814815,5.924584004294149,0.11406333870101985
160,8.883521202361782,3.388352120236178,30.24020397208803,3.2004830917874396,10.225442834138486,35.7085346215781,2.314814814814815,5.924584004294149,0.11406333870101985
161,8.883521202361782,3.260869565217391,30.079173376274827,3.1870638754696725,10.225442834138486,35.0979602791197,2.314814814814815,6.837090713902308,0.11406333870101985
162,8.903650026838433,3.260869565217391,30.079173376274827,3.1870638754696725,10.225442834138486,35.07783145464305,2.314814814814815,6.837090713902308,0.11406333870101985
163,9.024422973698336,3.260869565217391,30.018786902844873,3.1870638754696725,10.104669887278583,35.017444981213096,2.314814814814815,6.957863660762212,0.11406333870101985
164,9.024422973698336,3.260869565217391,30.018786902844873,3.1870638754696725,10.104669887278583,35.017444981213096,2.314814814814815,6.957863660762212,0.11406333870101985
165,9.064680622651638,3.260869565217391,29.985238862050455,3.1870638754696725,10.104669887278583,35.01073537305421,2.314814814814815,6.957863660762212,0.11406333870101985
166,9.225711218464841,3.2541599570585076,29.864465915190554,3.1870638754696725,10.104669887278583,34.876543209876544,2.4154589371980677,6.957863660762212,0.11406333870101985
167,9.312936124530328,3.240740740740741,32.971014492753625,3.1199677938808374,9.88996242619431,31.99812130971551,2.395330112721417,6.957863660762212,0.11406333870101985
168,9.359903381642512,3.240740740740741,32.950885668276975,3.1199677938808374,9.88996242619431,31.99812130971551,2.368491680085883,6.957863660762212,0.11406333870101985
169,9.520933977455716,3.240740740740741,32.8569511540526,3.1199677938808374,9.88996242619431,31.93102522812668,2.368491680085883,6.957863660762212,0.11406333870101985
170,9.5276435856146,3.240740740740741,32.85024154589372,3.1199677938808374,9.88996242619431,31.816961889425656,2.368491680085883,6.957863660762212,0.2281266774020397
171,9.54777241009125,3.240740740740741,32.85024154589372,3.1199677938808374,9.876543209876543,31.810252281266774,2.368491680085883,6.957863660762212,0.2281266774020397
172,9.842995169082126,3.240740740740741,32.72275899087493,2.818035426731079,9.86983360171766,32.2061191626409,2.368491680085883,6.702898550724638,0.2281266774020397
173,8.957326892109501,10.057702630166398,31.15271068169619,2.5295222758990876,10.648148148148149,27.63016639828234,2.0933977455716586,6.702898550724638,0.2281266774020397
174,9.044551798174986,9.903381642512077,31.125872249060656,2.690552871712292,10.63472893183038,27.576489533011273,2.0933977455716586,6.702898550724638,0.2281266774020397
175,9.125067096081589,9.903381642512077,31.112453032742888,2.690552871712292,10.607890499194847,27.536231884057973,2.0933977455716586,6.702898550724638,0.2281266774020397
176,9.138486312399356,9.883252818035427,31.04535695115405,2.7777777777777777,10.607890499194847,27.522812667740205,2.0933977455716586,6.702898550724638,0.2281266774020397
177,8.870101986044014,9.876543209876543,31.910896403650028,2.7643585614600106,9.25925925925926,28.361513687600645,2.0531400966183573,6.6760601180891035,0.2281266774020397
178,8.903650026838433,9.876543209876543,31.87734836285561,2.7643585614600106,9.25925925925926,28.361513687600645,2.0531400966183573,6.6760601180891035,0.2281266774020397
179,8.997584541062801,9.842995169082126,31.830381105743424,2.7643585614600106,9.25925925925926,28.348094471282877,2.0531400966183573,6.6760601180891035,0.2281266774020397
180,8.709071390230811,9.842995169082126,30.314009661835748,2.2946859903381642,9.212292002147075,31.50161030595813,1.9994632313472893,5.897745571658615,0.2281266774020397
181,8.76274825550188,9.796027911969942,30.233494363929147,2.395330112721417,9.212292002147075,31.4747718733226,1.9994632313472893,5.897745571658615,0.2281266774020397
182,8.225979602791197,9.77589908749329,33.23268921095008,2.6167471819645733,8.11862587224906,30.314009661835748,1.6841116478797638,5.897745571658615,0.13419216317767044
183,8.246108427267847,9.77589908749329,33.21926999463231,2.6167471819645733,8.11862587224906,30.307300053676865,1.6841116478797638,5.897745571658615,0.13419216317767044
184,8.387010198604402,9.77589908749329,33.20585077831455,2.6167471819645733,8.11862587224906,30.17981749865808,1.6841116478797638,5.897745571658615,0.13419216317767044
185,8.333333333333334,9.77589908749329,33.1454643048846,2.6167471819645733,8.3064949006978,30.132850241545892,1.6841116478797638,5.897745571658615,0.10735373054213634
186,8.413848631239935,9.77589908749329,33.13875469672571,2.5966183574879227,8.252818035426731,30.132850241545892,1.6841116478797638,5.897745571658615,0.10735373054213634
187,8.57487922705314,9.77589908749329,32.41411701556629,2.5966183574879227,8.252818035426731,30.01207729468599,2.368491680085883,5.897745571658615,0.10735373054213634
188,8.84326355340848,9.77589908749329,31.93102522812668,2.5966183574879227,9.024422973698336,29.461889425657542,2.3617820719269993,5.897745571658615,0.10735373054213634
189,8.870101986044014,9.77589908749329,31.924315619967793,2.5966183574879227,9.01100375738057,29.455179817498657,2.3617820719269993,5.897745571658615,0.10735373054213634
190,9.017713365539452,9.749060654857756,31.924315619967793,2.5697799248523885,9.01100375738057,29.401502952227588,2.3349436392914655,5.884326355340848,0.10735373054213634
191,8.205850778314547,22.034353193773484,30.327428878153516,1.9592055823939882,8.313204508856682,21.215780998389693,2.2611379495437465,5.5756843800322065,0.10735373054213634
192,8.205850778314547,22.034353193773484,30.273752012882447,2.1269457863660763,8.313204508856682,21.101717659688674,2.2611379495437465,5.5756843800322065,0.10735373054213634
193,7.957595276435856,8.09849704777241,45.61862587224906,1.8115942028985508,8.199141170155663,20.2361782071927,2.2611379495437465,5.709876543209877,0.10735373054213634
194,8.085077831454644,8.09849704777241,45.57836822329576,1.8115942028985508,8.172302737520129,20.175791733762747,2.2611379495437465,5.709876543209877,0.10735373054213634
195,8.132045088566828,8.09849704777241,45.55823939881911,1.8115942028985508,8.172302737520129,20.148953301127214,2.2611379495437465,5.709876543209877,0.10735373054213634
196,8.232689210950081,8.09849704777241,45.45759527643585,1.8115942028985508,8.172302737520129,20.148953301127214,2.2611379495437465,5.709876543209877,0.10735373054213634
197,6.884057971014493,7.796564680622652,54.75711218464841,1.7713365539452497,8.132045088566828,16.25067096081589,1.570048309178744,2.7308105206655933,0.10735373054213634
198,6.280193236714976,6.300322061191626,61.808910359635,1.7713365539452497,4.810789049919484,14.694041867954912,1.570048309178744,2.657004830917874,0.10735373054213634
199,6.508319914117015,6.300322061191626,58.883521202361784,1.8988191089640365,7.588566827697263,14.606816961889425,1.6438539989264627,2.462426194310252,0.10735373054213634
200,6.649221685453569,6.293612453032743,57.74288781535159,3.0595813204508855,7.588566827697263,14.553140096618357,1.596886741814278,2.408749329039184,0.10735373054213634
201,6.810252281266774,6.293612453032743,57.58185721953838,3.0595813204508855,7.588566827697263,14.553140096618357,1.596886741814278,2.408749329039184,0.10735373054213634
202,7.092055823939882,6.293612453032743,57.31347289318304,3.0595813204508855,7.588566827697263,14.53972088030059,1.596886741814278,2.408749329039184,0.10735373054213634
203,7.105475040257649,6.293612453032743,57.17928073000537,3.1870638754696725,7.588566827697263,14.53972088030059,1.5901771336553945,2.408749329039184,0.10735373054213634
204,6.863929146537842,2.100107353730542,61.15807836822329,3.1870638754696725,7.588566827697263,14.506172839506172,2.0799785292538915,2.408749329039184,0.10735373054213634
205,6.9310252281266775,2.100107353730542,61.11782071926999,3.1870638754696725,7.575147611379496,14.506172839506172,2.0799785292538915,2.395330112721417,0.10735373054213634
206,7.004830917874396,2.100107353730542,61.090982286634464,3.1870638754696725,7.575147611379496,14.459205582393988,2.0799785292538915,2.395330112721417,0.10735373054213634
207,7.192699946323135,2.073268921095008,60.02415458937198,4.361245303274289,7.561728395061729,14.398819108964037,1.8853998926462694,2.395330112721417,0.10735373054213634
208,7.347020933977456,2.073268921095008,59.88996242619431,4.361245303274289,7.561728395061729,14.378690284487385,1.8853998926462694,2.395330112721417,0.10735373054213634
209,7.2933440687063875,2.073268921095008,59.447128287708,4.280730005367687,7.561728395061729,15.103327965646805,1.8853998926462694,2.24771873322598,0.10735373054213634
210,7.461084272678476,2.073268921095008,59.326355340848096,4.280730005367687,7.561728395061729,15.056360708534621,1.8853998926462694,2.24771873322598,0.10735373054213634
211,7.521470746108427,2.073268921095008,61.191626409017715,4.274020397208803,7.5348899624261945,13.593666129898015,1.8853998926462694,1.8183038110574343,0.10735373054213634
212,7.588566827697263,2.073268921095008,61.13794954374664,4.274020397208803,7.5348899624261945,13.580246913580247,1.8853998926462694,1.8183038110574343,0.10735373054213634
213,7.742887815351583,2.073268921095008,61.010466988727856,4.274020397208803,7.5348899624261945,13.56682769726248,1.8853998926462694,1.8048845947396672,0.10735373054213634
214,7.809983896940419,2.073268921095008,60.98362855609233,4.274020397208803,7.50805152979066,13.56682769726248,1.8719806763285025,1.8048845947396672,0.10735373054213634
215,7.890499194847021,2.073268921095008,60.93666129898014,4.240472356414386,7.50805152979066,13.56682769726248,1.8719806763285025,1.8048845947396672,0.10735373054213634
216,7.971014492753623,2.073268921095008,60.889694041867955,4.240472356414386,7.50805152979066,13.533279656468062,1.8719806763285025,1.8048845947396672,0.10735373054213634
217,8.031400966183575,2.073268921095008,60.829307568438004,4.240472356414386,7.50805152979066,13.533279656468062,1.8719806763285025,1.8048845947396672,0.10735373054213634
218,8.105206655931294,2.073268921095008,60.829307568438004,4.240472356414386,7.461084272678476,13.385668276972625,1.9927536231884058,1.8048845947396672,0.10735373054213634
219,8.158883521202362,2.073268921095008,60.77563070316693,4.240472356414386,7.461084272678476,13.385668276972625,1.9927536231884058,1.8048845947396672,0.10735373054213634
220,7.883789586688137,2.046430488459474,56.414385399892645,4.072732152442297,12.909286097691895,12.674449812130971,1.9927536231884058,1.8048845947396672,0.20128824476650564
221,7.96430488459474,2.046430488459474,56.353998926462694,4.05931293612453,12.902576489533011,12.674449812130971,1.9927536231884058,1.8048845947396672,0.20128824476650564
222,8.07836822329576,2.0128824476650564,56.30032206119163,4.05931293612453,12.902576489533011,12.647611379495437,1.9927536231884058,1.8048845947396672,0.20128824476650564
223,8.091787439613526,2.0128824476650564,56.28690284487386,4.05931293612453,12.902576489533011,12.647611379495437,1.9927536231884058,1.8048845947396672,0.20128824476650564
224,8.125335480407944,2.0128824476650564,56.28690284487386,4.05931293612453,12.902576489533011,12.647611379495437,1.9592055823939882,1.8048845947396672,0.20128824476650564
225,8.21256038647343,2.0128824476650564,56.22651637144391,4.05931293612453,12.889157273215245,12.647611379495437,1.9592055823939882,1.7914653784219001,0.20128824476650564
226,8.252818035426731,2.0128824476650564,56.19296833064949,4.052603327965647,12.889157273215245,12.647611379495437,1.9592055823939882,1.7914653784219001,0.20128824476650564
227,8.3064949006978,2.0128824476650564,56.03864734299517,4.03918411164788,12.889157273215245,12.647611379495437,2.073268921095008,1.7914653784219001,0.20128824476650564
228,8.467525496511003,2.006172839506173,55.95813204508857,4.03918411164788,12.889157273215245,12.600644122383253,2.046430488459474,1.7914653784219001,0.20128824476650564
229,8.601717659688674,2.006172839506173,55.823939881910896,4.03918411164788,12.889157273215245,12.600644122383253,2.046430488459474,1.7914653784219001,0.20128824476650564
230,8.722490606548577,2.006172839506173,55.703166935050994,4.03918411164788,12.889157273215245,12.600644122383253,2.046430488459474,1.7914653784219001,0.20128824476650564
231,8.789586688137414,2.006172839506173,55.66961889425657,4.03918411164788,12.889157273215245,12.567096081588835,2.046430488459474,1.7914653784219001,0.20128824476650564
232,8.923778851315083,2.006172839506173,55.53542673107891,4.03918411164788,12.889157273215245,12.567096081588835,2.046430488459474,1.7914653784219001,0.20128824476650564
233,8.769457863660762,2.006172839506173,55.01878690284487,4.03918411164788,15.203972088030058,10.668276972624799,2.3215244229736984,1.7914653784219001,0.18115942028985507
234,8.93719806763285,2.006172839506173,54.26731078904992,4.683306494900698,15.203972088030058,10.61460010735373,2.3215244229736984,1.7847557702630166,0.18115942028985507
235,9.07139023081052,2.006172839506173,54.1532474503489,4.683306494900698,15.183843263553408,10.61460010735373,2.3215244229736984,1.7847557702630166,0.18115942028985507
236,9.225711218464841,1.9793344068706387,54.07944176060118,4.683306494900698,15.150295222758992,10.59447128287708,2.3215244229736984,1.7847557702630166,0.18115942028985507
237,9.31964573268921,1.9793344068706387,53.98550724637681,4.683306494900698,15.150295222758992,10.59447128287708,2.3215244229736984,1.7847557702630166,0.18115942028985507
238,9.440418679549115,1.9793344068706387,53.958668813741276,4.62962962962963,15.116747181964573,10.587761674718196,2.3215244229736984,1.7847557702630166,0.18115942028985507
239,9.54777241009125,1.9793344068706387,53.88486312399356,4.62962962962963,15.116747181964573,10.587761674718196,2.2879763821792807,1.7847557702630166,0.18115942028985507
240,9.621578099838969,1.9793344068706387,52.9320987654321,4.622920021470746,15.08990874932904,10.567632850241546,3.2206119162640903,1.7847557702630166,0.18115942028985507
241,9.702093397745571,1.9793344068706387,53.34809447128288,4.609500805152979,15.009393451422437,10.245571658615138,3.2206119162640903,1.7042404723564144,0.18115942028985507
242,9.742351046698873,1.9793344068706387,53.34138486312399,4.7101449275362315,14.888620504562533,10.23215244229737,3.2206119162640903,1.7042404723564144,0.18115942028985507
243,9.769189479334408,1.9793344068706387,53.34138486312399,4.7101449275362315,14.888620504562533,10.205314009661835,3.2206119162640903,1.7042404723564144,0.18115942028985507
244,9.836285560923242,1.9793344068706387,53.274288781535155,4.7101449275362315,14.888620504562533,10.205314009661835,3.2206119162640903,1.7042404723564144,0.18115942028985507
245,9.96376811594203,1.9726247987117553,52.63016639828234,4.696725711218465,14.875201288244767,10.205314009661835,3.770799785292539,1.7042404723564144,0.18115942028985507
246,10.037573805689748,1.9726247987117553,52.58990874932904,4.696725711218465,14.841653247450349,10.205314009661835,3.770799785292539,1.7042404723564144,0.18115942028985507
247,10.23215244229737,1.9726247987117553,52.42887815351583,4.696725711218465,14.80810520665593,10.205314009661835,3.770799785292539,1.7042404723564144,0.18115942028985507
248,10.285829307568438,1.9726247987117553,52.41545893719807,4.669887278582931,14.80810520665593,10.19189479334407,3.770799785292539,1.7042404723564144,0.18115942028985507
249,10.38647342995169,1.9457863660762211,52.37520128824477,4.669887278582931,14.78797638217928,10.178475577026301,3.770799785292539,1.7042404723564144,0.18115942028985507
