,45,50,54,55,52,53,56,51,57,58,59,60,61
0,85.37305421363392,14.626945786366075,,,,,,,,,,,
1,74.26865271068169,25.731347289318304,,,,,,,,,,,
2,72.99382716049382,27.006172839506174,,,,,,,,,,,
3,67.88781535158347,31.61567364465915,0.49651100375738055,,,,,,,,,,
4,59.21900161030596,40.284487385936664,0.49651100375738055,,,,,,,,,,
5,57.83682232957595,41.639828234031135,0.49651100375738055,0.026838432635534086,,,,,,,,,
6,51.630434782608695,47.718733225979605,0.49651100375738055,0.15432098765432098,,,,,,,,,
7,50.046967257112186,45.471014492753625,0.6374127750939346,0.15432098765432098,3.556092324208266,0.13419216317767044,,,,,,,
8,50.0805152979066,44.20289855072464,0.6374127750939346,0.2281266774020397,3.556092324208266,1.2010198604401503,0.0939345142243693,,,,,,
9,50.0805152979066,44.20289855072464,0.6374127750939346,0.2281266774020397,3.556092324208266,1.2010198604401503,0.0939345142243693,,,,,,
10,43.73322597960279,50.54347826086956,0.6374127750939346,0.23483628556092323,3.556092324208266,1.2010198604401503,0.0939345142243693,,,,,,
11,43.76006441223833,50.28851315083199,0.6977992485238862,0.4025764895330113,3.556092324208266,1.2010198604401503,0.0939345142243693,,,,,,
12,43.75335480407944,49.59742351046699,0.6977992485238862,0.4025764895330113,3.556092324208266,1.9927536231884058,,,,,,,
13,42.310789049919485,51.039989264626946,0.6977992485238862,0.4025764895330113,3.556092324208266,1.9927536231884058,,,,,,,
14,42.351046698872786,51.019860440150296,0.6977992485238862,0.4025764895330113,3.556092324208266,1.9726247987117553,,,,,,,
15,42.33762748255502,51.03327965646806,0.6977992485238862,0.4025764895330113,3.556092324208266,1.9726247987117553,,,,,,,
16,42.31749865807837,50.79844337090714,0.6977992485238862,0.6575415995705851,3.556092324208266,1.9726247987117553,,,,,,,
17,42.37788513150832,49.651100375738054,1.7310789049919484,0.7112184648416533,3.556092324208266,1.9726247987117553,,,,,,,
18,42.51878690284487,49.5101986044015,1.7310789049919484,0.7112184648416533,3.556092324208266,1.9726247987117553,,,,,,,
19,42.54562533548041,49.483360171765966,1.7310789049919484,0.7112184648416533,3.556092324208266,1.9726247987117553,,,,,,,
20,42.579173376274824,49.44981213097155,1.7310789049919484,0.7112184648416533,3.556092324208266,1.9726247987117553,,,,,,,
21,42.572463768115945,49.282071926999464,1.8250134192163177,0.7917337627482555,3.556092324208266,1.9726247987117553,,,,,,,
22,42.56575415995706,49.28878153515835,1.8250134192163177,0.7917337627482555,3.556092324208266,1.9726247987117553,,,,,,,
23,42.56575415995706,49.20155662909286,1.7444981213097155,0.9594739667203436,3.556092324208266,1.9726247987117553,,,,,,,
24,41.92163177670424,47.81266774020397,1.4761137949543746,0.9997316156736447,3.556092324208266,4.233762748255502,,,,,,,
25,36.40633387010199,52.99919484702093,1.4761137949543746,1.0534084809447128,3.911701556629093,4.1532474503489,,,,,,,
26,30.018786902844873,60.057702630166396,1.1943102522812667,0.9326355340848095,3.911701556629093,3.8848631239935587,,,,,,,
27,24.986580783682232,52.4020397208803,1.5029522275899088,0.8252818035426731,3.9049919484702094,3.8848631239935587,,12.493290391841116,,,,,
28,25.0402576489533,52.08668813741278,1.7981749865807837,0.8252818035426731,3.878153515834675,3.8848631239935587,,12.486580783682234,,,,,
29,20.873590982286636,56.62238325281803,1.7981749865807837,0.6374127750939346,4.53569511540526,3.046162104133119,,12.486580783682234,,,,,
30,19.96779388083736,57.400697799248526,1.7914653784219001,0.7783145464304885,4.53569511540526,3.046162104133119,,12.47987117552335,,,,,
31,17.96833064949007,60.55421363392378,1.4895330112721417,0.8789586688137413,3.6500268384326353,2.9790660225442833,,12.47987117552335,,,,,
32,17.55233494363929,54.81749865807837,1.1473429951690821,1.0802469135802468,3.6500268384326353,2.9790660225442833,0.06709608158883522,18.706387546967257,,,,,
33,17.478529253891573,52.52952227589909,3.475577026301664,1.1205045625335481,3.6500268384326353,2.9723564143853998,0.10735373054213634,18.666129898013956,,,,,
34,17.632850241545892,52.38191089640365,3.475577026301664,1.1205045625335481,3.6500268384326353,2.9723564143853998,0.10735373054213634,18.659420289855074,,,,,
35,14.184111647879764,45.75952764358561,3.435319377348363,1.093666129898014,3.052871712292002,2.9723564143853998,0.040257648953301126,29.461889425657542,,,,,
36,13.009930220075148,43.79361245303274,3.435319377348363,0.9930220075147611,6.159420289855072,3.1065485775630703,0.040257648953301126,29.461889425657542,,,,,
37,10.748792270531402,38.81508319914117,2.26784755770263,0.630703166935051,6.159420289855072,0.9930220075147611,0.05367686527106817,40.33145464304884,,,,,
38,10.775630703166936,38.801663982823406,2.26784755770263,0.630703166935051,6.159420289855072,0.9930220075147611,0.05367686527106817,40.31803542673108,,,,,
39,10.815888352120236,38.69431025228127,2.26784755770263,0.6575415995705851,6.159420289855072,0.9930220075147611,0.05367686527106817,40.35829307568438,,,,,
40,10.782340311325818,37.2987117552335,2.254428341384863,2.314814814814815,5.904455179817498,0.9930220075147611,0.08722490606548577,40.365002683843265,,,,,
41,10.762211486849168,29.7638217928073,0.6575415995705851,2.200751476113795,15.767579173376275,1.1808910359634996,0.08722490606548577,39.56655931293612,0.013419216317767043,,,,
42,9.816156736446592,25.45625335480408,1.5096618357487923,2.1068169618894257,13.862050456253355,1.1808910359634996,0.1610305958132045,45.893719806763286,0.013419216317767043,,,,
43,9.876543209876543,25.44283413848631,1.5096618357487923,2.1068169618894257,13.83521202361782,1.1808910359634996,0.1610305958132045,45.873590982286636,0.013419216317767043,,,,
44,9.816156736446592,23.637949543746647,1.5096618357487923,1.9726247987117553,11.963231347289318,5.146269457863661,0.1610305958132045,45.75281803542673,0.040257648953301126,,,,
45,9.950348899624261,23.61111111111111,1.5096618357487923,1.9592055823939882,11.90955448201825,5.139559849704777,0.2147074610842727,45.66559312936125,0.040257648953301126,,,,
46,9.688674181427805,20.947396672034355,1.3217928073000538,1.9592055823939882,11.889425657541599,5.139559849704777,0.24825550187869028,48.76543209876543,0.040257648953301126,,,,
47,9.762479871175524,20.92055823939882,1.3217928073000538,1.9592055823939882,11.876006441223833,5.139559849704777,0.36902844873859364,48.611111111111114,0.040257648953301126,,,,
48,9.829575952764358,20.90713902308105,1.3217928073000538,1.9457863660762211,11.808910359634996,5.139559849704777,0.36902844873859364,48.57756307031669,0.10064412238325282,,,,
49,10.00402576489533,20.652173913043477,1.3217928073000538,1.8988191089640365,13.352120236178207,5.0858829844337095,0.38915727321524424,47.12157809983897,0.17444981213097155,,,,
50,10.064412238325282,20.591787439613526,1.3217928073000538,1.9524959742351047,13.345410628019323,5.0858829844337095,0.39586688137412773,47.0679012345679,0.17444981213097155,,,,
51,10.171765968867419,20.585077831454644,1.3083735909822867,1.9524959742351047,13.331991411701557,5.0858829844337095,0.39586688137412773,46.99409554482018,0.17444981213097155,,,,
52,10.037573805689748,19.91411701556629,1.1272141706924315,1.9524959742351047,10.648148148148149,5.0858829844337095,0.5904455179817498,50.46967257112185,0.17444981213097155,,,,
53,10.131508319914117,19.867149758454108,1.1272141706924315,1.9524959742351047,10.601180891035963,5.0858829844337095,0.5904455179817498,50.46967257112185,0.17444981213097155,,,,
54,9.39345142243693,17.538915727321523,1.1272141706924315,1.5230810520665594,10.554213633923778,2.757648953301127,0.7514761137949544,56.17954911433172,0.17444981213097155,,,,
55,9.440418679549115,17.538915727321523,1.1272141706924315,1.482823403113258,10.554213633923778,2.757648953301127,0.7514761137949544,56.17283950617284,0.17444981213097155,,,,
56,9.594739667203436,17.45169082125604,1.1272141706924315,1.482823403113258,10.534084809447128,2.757648953301127,0.7514761137949544,56.125872249060656,0.17444981213097155,,,,
57,6.702898550724638,26.623725174449813,1.1272141706924315,1.482823403113258,10.373054213633925,2.7509393451422435,0.7648953301127214,50.0,0.17444981213097155,,,,
58,6.776704240472356,23.731884057971016,4.03918411164788,1.5163714439076759,10.373054213633925,2.7509393451422435,0.7648953301127214,49.87251744498121,0.17444981213097155,,,,
59,6.937734836285561,23.658078368223297,4.03918411164788,1.5163714439076759,10.373054213633925,2.7241009125067097,0.7648953301127214,49.81213097155126,0.17444981213097155,,,,
60,7.14573268921095,23.64465915190553,4.03918411164788,1.5163714439076759,10.373054213633925,2.7241009125067097,0.7648953301127214,49.61755233494364,0.17444981213097155,,,,
61,7.253086419753086,23.64465915190553,4.032474503488996,1.5163714439076759,10.36634460547504,2.717391304347826,0.7648953301127214,49.53032742887815,0.17444981213097155,,,,
62,6.790123456790123,17.907944176060116,3.797638217928073,1.2949543746645196,8.876811594202898,1.6505636070853462,0.8923778851315083,58.702361782071925,0.08722490606548577,,,,
63,6.9310252281266775,17.867686527106816,3.7775093934514223,1.3217928073000538,8.856682769726248,1.6505636070853462,0.9259259259259259,58.581588835212024,0.08722490606548577,,,,
64,7.0450885668276975,17.834138486312398,3.824476650563607,1.3217928073000538,8.82313472893183,1.6505636070853462,0.9125067096081588,58.467525496511,0.12077294685990338,,,,
65,7.206119162640902,17.72007514761138,3.824476650563607,1.3821792807300053,7.615405260332796,1.6505636070853462,2.073268921095008,58.3467525496511,0.18115942028985507,,,,
66,7.273215244229737,17.693236714975846,3.965378421900161,1.402308105206656,7.615405260332796,1.6505636070853462,2.073268921095008,58.1454643048846,0.18115942028985507,,,,
67,7.125603864734299,11.245303274288782,1.8451422436929683,1.710950080515298,7.601986044015029,1.6505636070853462,2.368491680085883,66.27079978529254,0.18115942028985507,,,,
68,7.25979602791197,11.191626409017713,1.8451422436929683,2.0263016639828235,7.601986044015029,1.6170155662909287,2.368491680085883,65.90848094471284,0.18115942028985507,,,,
69,7.253086419753086,11.131239935587761,1.8384326355340848,2.13365539452496,7.595276435856146,1.6170155662909287,2.475845410628019,65.77428878153516,0.18115942028985507,,,,
70,6.951154052603328,10.735373054213634,1.4694041867954912,2.046430488459474,3.7104133118625873,5.233494363929147,1.3150831991411702,68.43800322061192,0.10064412238325282,,,,
71,7.024959742351046,10.735373054213634,1.4694041867954912,2.9924852388620504,3.7104133118625873,5.233494363929147,1.3150831991411702,67.41814278046162,0.10064412238325282,,,,
72,7.125603864734299,9.648416532474503,5.35426731078905,2.1135265700483092,3.683574879227053,5.233494363929147,1.3821792807300053,65.35829307568439,0.10064412238325282,,,,
73,7.1725711218464845,9.648416532474503,5.35426731078905,2.1135265700483092,3.670155662909286,5.233494363929147,1.3821792807300053,65.32474503488996,0.10064412238325282,,,,
74,7.25979602791197,9.366612989801396,5.35426731078905,2.059849704777241,3.670155662909286,4.9718196457326895,1.3150831991411702,65.90177133655395,0.10064412238325282,,,,
75,7.306763285024155,9.366612989801396,5.35426731078905,2.059849704777241,3.670155662909286,4.9718196457326895,1.3150831991411702,65.85480407944176,0.10064412238325282,,,,
76,7.360440150295223,9.366612989801396,5.3341384863123995,2.046430488459474,3.6500268384326353,5.038915727321524,1.4090177133655395,65.69377348362856,0.10064412238325282,,,,
77,7.4006977992485234,9.366612989801396,5.3341384863123995,2.046430488459474,3.6500268384326353,5.038915727321524,1.4090177133655395,65.65351583467526,0.10064412238325282,,,,
78,5.340848094471283,9.272678475577026,5.280461621041331,2.046430488459474,2.0665593129361244,5.038915727321524,0.9594739667203436,69.89398819108965,0.10064412238325282,,,,
79,5.428073000536768,9.265968867418144,5.267042404723564,1.9860440150295222,2.0665593129361244,5.038915727321524,0.9594739667203436,69.88727858293076,0.10064412238325282,,,,
80,5.495169082125604,9.225711218464841,5.267042404723564,1.9860440150295222,2.0665593129361244,5.038915727321524,1.1137949543746646,69.7061191626409,0.10064412238325282,,,,
81,5.669618894256575,9.198872785829307,5.267042404723564,1.9860440150295222,2.0665593129361244,5.038915727321524,1.2010198604401503,69.47128287707997,0.10064412238325282,,,,
82,5.703166935050993,9.198872785829307,5.267042404723564,1.9860440150295222,2.0665593129361244,5.038915727321524,2.5697799248523885,68.06897477187333,0.10064412238325282,,,,
83,5.723295759527644,9.192163177670425,5.132850241545894,2.01959205582394,2.0665593129361244,5.038915727321524,2.9052603327965647,67.68652710681697,0.10064412238325282,0.13419216317767044,,,
84,5.374396135265701,7.749597423510467,2.01959205582394,1.9122383252818036,2.0665593129361244,5.065754159957058,2.717391304347826,72.99382716049382,0.10064412238325282,,,,
85,5.394524959742351,7.796564680622652,2.01959205582394,1.9122383252818036,2.0665593129361244,5.018786902844874,2.7844873859366612,72.90660225442834,0.10064412238325282,,,,
86,5.535426731078905,7.601986044015029,2.01959205582394,2.1068169618894257,2.0665593129361244,4.978529253891573,2.9052603327965647,72.65834675254965,0.1274825550187869,,,,
87,5.642780461621041,7.601986044015029,2.01959205582394,2.1068169618894257,2.0665593129361244,4.951690821256038,2.898550724637681,72.5577026301664,0.1274825550187869,0.026838432635534086,,,
88,5.609232420826624,7.548309178743962,1.9189479334406871,4.193505099302201,2.0665593129361244,4.951690821256038,2.898550724637681,70.65888352120236,0.1274825550187869,0.026838432635534086,,,
89,5.776972624798712,7.514761137949543,2.831454643048846,4.2270531400966185,2.0665593129361244,4.951690821256038,2.9924852388620504,69.48470209339774,0.1274825550187869,0.026838432635534086,,,
90,5.776972624798712,7.514761137949543,2.831454643048846,4.2270531400966185,2.0665593129361244,4.783950617283951,3.1333870101986045,69.33038110574343,0.30864197530864196,0.026838432635534086,,,
91,5.8239398819108965,7.514761137949543,2.831454643048846,4.2270531400966185,2.0665593129361244,4.770531400966184,3.1333870101986045,69.29683306494901,0.30864197530864196,0.026838432635534086,,,
92,5.83064949006978,7.50805152979066,2.831454643048846,4.2270531400966185,2.0665593129361244,4.770531400966184,3.1333870101986045,69.29683306494901,0.30864197530864196,0.026838432635534086,,,
93,5.837359098228664,7.50805152979066,2.831454643048846,4.066022544283414,2.0665593129361244,6.099033816425121,3.1535158346752548,68.20316693505099,0.23483628556092323,,,,
94,5.763553408480945,7.50805152979066,2.2946859903381642,2.8515834675254963,2.033011272141707,2.2074610842726785,2.7844873859366612,74.45652173913044,0.10064412238325282,,,,
95,5.870907139023081,7.467793880837359,2.2946859903381642,3.488996242619431,2.033011272141707,2.2074610842726785,2.7509393451422435,73.78556092324209,0.10064412238325282,,,,
96,5.998389694041868,7.467793880837359,3.2675791733762747,3.488996242619431,2.033011272141707,1.7981749865807837,2.7509393451422435,73.09447128287708,0.10064412238325282,,,,
97,6.099033816425121,7.467793880837359,3.260869565217391,3.4621578099838968,2.033011272141707,1.7981749865807837,2.7509393451422435,73.02737520128825,0.10064412238325282,,,,
98,6.199677938808374,7.467793880837359,3.260869565217391,3.488996242619431,2.006172839506173,1.7981749865807837,2.7844873859366612,72.89318303811058,0.10064412238325282,,,,
99,6.407675791733762,7.440955448201825,3.260869565217391,3.4621578099838968,2.006172839506173,1.7981749865807837,2.7844873859366612,72.65834675254965,0.18115942028985507,,,,
100,6.535158346752549,7.4141170155662905,3.260869565217391,3.4621578099838968,2.006172839506173,1.7981749865807837,2.7844873859366612,72.5577026301664,0.18115942028985507,,,,
101,6.260064412238325,5.971551261406334,3.099838969404187,3.4017713365539453,5.0858829844337095,1.7646269457863661,3.0193236714975846,71.04133118625872,0.35560923242082665,,,,
102,6.125872249060655,5.971551261406334,5.5689747718733225,2.9388083735909825,5.0858829844337095,3.9049919484702094,2.9253891572732154,67.12292002147075,0.35560923242082665,,,,
103,6.172839506172839,5.971551261406334,5.535426731078905,2.9388083735909825,4.616210413311863,4.374664519592056,2.9253891572732154,67.07595276435856,0.35560923242082665,,0.03354804079441761,,
104,6.273483628556092,5.971551261406334,5.522007514761138,2.9388083735909825,4.616210413311863,4.374664519592056,2.9253891572732154,66.98872785829307,0.35560923242082665,,0.03354804079441761,,
105,6.380837359098229,5.971551261406334,5.522007514761138,2.9388083735909825,4.562533548040794,4.374664519592056,2.9253891572732154,66.935050993022,0.35560923242082665,,0.03354804079441761,,
106,6.427804616210413,5.971551261406334,5.522007514761138,2.9388083735909825,4.562533548040794,4.374664519592056,2.9253891572732154,66.88808373590982,0.35560923242082665,,0.03354804079441761,,
107,6.152710681696189,5.609232420826624,6.199677938808374,2.7509393451422435,8.252818035426731,4.374664519592056,2.771068169618894,63.499731615673646,0.35560923242082665,,0.03354804079441761,,
108,6.213097155126141,5.347557702630167,5.60252281266774,3.475577026301664,13.895598497047773,3.3011272141706924,2.7643585614600106,58.97074610842727,0.35560923242082665,,0.03354804079441761,0.040257648953301126,
109,6.360708534621578,5.347557702630167,5.60252281266774,3.455448201825013,13.841921631776705,3.3011272141706924,2.7643585614600106,58.89694041867955,0.35560923242082665,,0.03354804079441761,0.040257648953301126,
110,6.394256575415996,5.347557702630167,5.60252281266774,3.455448201825013,13.841921631776705,3.3011272141706924,2.7643585614600106,58.863392377885134,0.35560923242082665,,0.03354804079441761,0.040257648953301126,
111,6.1929683306494905,5.340848094471283,5.394524959742351,3.3548040794417604,21.061460010735374,2.7979066022544283,2.4892646269457863,52.93880837359098,0.35560923242082665,,0.03354804079441761,0.040257648953301126,
112,6.300322061191626,5.340848094471283,5.394524959742351,3.3548040794417604,21.034621578099838,2.7979066022544283,2.475845410628019,52.871712292002144,0.35560923242082665,,0.03354804079441761,0.040257648953301126,
113,5.877616747181965,5.340848094471283,2.9589371980676327,4.2270531400966185,20.719269994632313,2.7979066022544283,1.9927536231884058,55.55555555555556,0.48980139559849706,,,0.040257648953301126,
114,6.038647342995169,5.340848094471283,2.9388083735909825,4.139828234031133,20.799785292538918,2.717391304347826,2.0799785292538915,55.414653784219,0.48980139559849706,,,0.040257648953301126,
115,6.099033816425121,5.340848094471283,2.9388083735909825,4.367954911433173,20.78636607622115,2.6502952227589907,2.314814814814815,54.97181964573269,0.48980139559849706,,,0.040257648953301126,
116,5.998389694041868,5.005367686527107,3.4286097691894795,4.2203435319377345,20.618625872249062,3.4621578099838968,2.3483628556092326,54.388083735909824,0.48980139559849706,,,0.040257648953301126,
117,6.092324208266238,4.998658078368224,3.6500268384326353,4.408212560386473,20.397208803005906,3.4621578099838968,2.4825550187869028,53.97879763821793,0.48980139559849706,,,0.040257648953301126,
118,6.179549114331723,4.998658078368224,3.6500268384326353,4.408212560386473,20.343531937734838,3.4621578099838968,2.5161030595813205,53.91170155662909,0.48980139559849706,,,0.040257648953301126,
119,6.092324208266238,4.998658078368224,4.7638217928073,4.408212560386473,20.26972624798712,3.4621578099838968,2.4892646269457863,52.885131508319915,0.5166398282340311,0.07380568974771873,,0.040257648953301126,
120,6.166129898013956,4.931561996779388,4.7638217928073,4.448470209339774,20.26972624798712,3.44873859366613,2.4892646269457863,52.851583467525494,0.5166398282340311,0.07380568974771873,,0.040257648953301126,
121,6.347289318303811,4.931561996779388,4.757112184648417,4.428341384863124,20.222758990874933,3.3950617283950617,2.536231884057971,52.75093934514224,0.5166398282340311,0.07380568974771873,,0.040257648953301126,
122,6.4345142243692965,4.931561996779388,4.025764895330113,4.42163177670424,20.222758990874933,4.314278046162104,2.5161030595813205,52.502683843263554,0.5166398282340311,0.07380568974771873,,0.040257648953301126,
123,6.66935050993022,4.804079441760601,3.992216854535695,4.53569511540526,20.209339774557165,4.314278046162104,2.5161030595813205,52.32823403113258,0.5166398282340311,0.07380568974771873,,0.040257648953301126,
124,6.649221685453569,4.804079441760601,5.743424584004294,4.508856682769726,18.4849704777241,4.30756843800322,2.5429414922168547,52.32823403113258,0.5166398282340311,0.07380568974771873,,0.040257648953301126,
125,6.843800322061192,4.804079441760601,5.703166935050993,4.616210413311863,18.451422436929683,4.30756843800322,2.563070316693505,52.07997852925389,0.5166398282340311,0.07380568974771873,,0.040257648953301126,
126,6.9243156199677935,4.777241009125067,5.689747718733226,4.7638217928073,18.42458400429415,4.30756843800322,2.6033279656468062,51.878690284487384,0.5166398282340311,0.07380568974771873,,0.040257648953301126,
127,7.0383789586688135,4.676596886741814,5.689747718733226,4.777241009125067,18.42458400429415,4.30756843800322,2.8515834675254963,51.60359634997316,0.5166398282340311,0.07380568974771873,,0.040257648953301126,
128,7.098765432098766,4.4820182501341925,5.891035963499732,4.777241009125067,18.42458400429415,4.30756843800322,2.8515834675254963,51.53650026838432,0.5166398282340311,0.07380568974771873,,0.040257648953301126,
129,7.206119162640902,4.4820182501341925,5.891035963499732,5.072463768115942,18.377616747181964,4.30756843800322,2.952227589908749,51.08024691358025,0.5166398282340311,0.07380568974771873,,0.040257648953301126,
130,7.300053676865271,4.4820182501341925,5.870907139023081,5.072463768115942,18.377616747181964,4.294149221685454,2.952227589908749,51.019860440150296,0.5166398282340311,0.07380568974771873,,0.040257648953301126,
131,7.64224369296833,4.468599033816425,5.870907139023081,5.072463768115942,18.230005367686527,4.294149221685454,2.885131508319914,50.905797101449274,0.5166398282340311,0.07380568974771873,,0.040257648953301126,
132,7.595276435856146,4.455179817498658,5.870907139023081,4.938271604938271,17.907944176060116,6.367418142780462,2.885131508319914,49.28878153515835,0.5770263016639828,0.07380568974771873,,0.040257648953301126,
133,7.722758990874933,4.455179817498658,5.683038110574342,4.924852388620504,17.807300053676865,6.575415995705851,3.012614063338701,49.08749329039184,0.5770263016639828,0.07380568974771873,0.040257648953301126,0.040257648953301126,
134,7.877079978529254,4.42163177670424,5.683038110574342,4.958400429414922,17.780461621041333,6.575415995705851,3.012614063338701,48.960010735373054,0.5770263016639828,0.07380568974771873,0.040257648953301126,0.040257648953301126,
135,7.957595276435856,4.394793344068707,5.683038110574342,4.958400429414922,17.767042404723565,6.575415995705851,3.046162104133119,48.88620504562534,0.5770263016639828,0.07380568974771873,0.040257648953301126,0.040257648953301126,
136,8.017981749865807,4.341116478797638,5.522007514761138,5.139559849704777,17.74020397208803,6.521739130434782,3.1870638754696725,48.7385936661299,0.6038647342995169,0.07380568974771873,0.07380568974771873,0.040257648953301126,
137,8.051529790660226,4.341116478797638,5.683038110574342,5.139559849704777,17.74020397208803,6.521739130434782,3.1870638754696725,48.54401502952228,0.6038647342995169,0.07380568974771873,0.07380568974771873,0.040257648953301126,
138,8.21256038647343,4.320987654320987,5.689747718733226,5.12614063338701,17.68652710681696,6.521739130434782,3.1870638754696725,48.46349973161568,0.6038647342995169,0.07380568974771873,0.07380568974771873,0.040257648953301126,
139,8.313204508856682,4.294149221685454,5.689747718733226,5.12614063338701,17.62614063338701,6.521739130434782,3.1870638754696725,48.42324208266237,0.630703166935051,0.07380568974771873,0.07380568974771873,0.040257648953301126,
140,8.353462157809984,4.294149221685454,5.837359098228664,5.12614063338701,17.62614063338701,6.521739130434782,3.1333870101986045,48.289049919484704,0.630703166935051,0.07380568974771873,0.07380568974771873,0.040257648953301126,
141,8.53462157809984,4.274020397208803,5.837359098228664,5.119431025228127,17.62614063338701,6.494900697799249,3.1065485775630703,48.18840579710145,0.630703166935051,0.07380568974771873,0.07380568974771873,0.040257648953301126,
142,8.59500805152979,4.274020397208803,5.797101449275362,5.159688674181428,17.599302200751477,6.481481481481482,3.1065485775630703,48.121309715512616,0.6374127750939346,0.07380568974771873,0.11406333870101985,0.040257648953301126,
143,8.628556092324208,4.260601180891036,5.797101449275362,5.159688674181428,17.54562533548041,6.481481481481482,3.1065485775630703,48.121309715512616,0.6709608158883521,0.07380568974771873,0.11406333870101985,0.040257648953301126,
144,8.313204508856682,3.294417606011809,5.783682232957595,4.99194847020934,19.155931293612454,6.481481481481482,3.140096618357488,47.94015029522276,0.6709608158883521,0.07380568974771873,0.11406333870101985,0.040257648953301126,
145,8.3064949006978,3.280998389694042,5.58239398819109,4.817498658078368,17.934782608695652,5.5689747718733225,3.126677402039721,50.496511003757384,0.6709608158883521,0.10064412238325282,0.11406333870101985,,
146,8.32662372517445,3.2742887815351582,5.642780461621041,4.74369296833065,17.934782608695652,5.5689747718733225,3.126677402039721,50.48309178743961,0.6709608158883521,0.10064412238325282,0.11406333870101985,,0.013419216317767043
147,8.3467525496511,3.2675791733762747,5.642780461621041,4.74369296833065,17.934782608695652,5.555555555555555,3.126677402039721,50.48309178743961,0.6709608158883521,0.10064412238325282,0.11406333870101985,,0.013419216317767043
148,8.400429414922169,3.2675791733762747,5.642780461621041,4.74369296833065,17.901234567901234,5.488459473966721,3.126677402039721,50.46296296296296,0.6709608158883521,0.16774020397208803,0.11406333870101985,,0.013419216317767043
149,8.507783145464305,3.2675791733762747,5.642780461621041,4.730273752012883,17.901234567901234,5.488459473966721,3.240740740740741,50.254965110037574,0.6709608158883521,0.16774020397208803,0.11406333870101985,,0.013419216317767043
150,8.581588835212024,3.2675791733762747,5.636070853462158,4.750402576489533,17.860976918947934,5.488459473966721,3.260869565217391,50.18786902844874,0.6709608158883521,0.16774020397208803,0.11406333870101985,,0.013419216317767043
151,8.715780998389693,3.260869565217391,5.629361245303274,4.750402576489533,17.907944176060116,5.475040257648954,3.2541599570585076,50.0402576489533,0.6709608158883521,0.16774020397208803,0.11406333870101985,,0.013419216317767043
152,8.76274825550188,3.2474503488996245,5.609232420826624,4.750402576489533,17.907944176060116,5.4616210413311865,3.2742887815351582,50.02012882447665,0.6709608158883521,0.16774020397208803,0.11406333870101985,,0.013419216317767043
153,8.863392377885132,3.2474503488996245,5.609232420826624,4.736983360171766,17.881105743424584,5.4616210413311865,3.2742887815351582,49.9597423510467,0.6709608158883521,0.16774020397208803,0.11406333870101985,,0.013419216317767043
154,9.044551798174986,3.2474503488996245,5.5689747718733225,4.736983360171766,17.881105743424584,5.4616210413311865,3.2742887815351582,49.84567901234568,0.644122383252818,0.16774020397208803,0.11406333870101985,,0.013419216317767043
155,9.07139023081052,3.2340311325818574,5.5689747718733225,4.736983360171766,17.881105743424584,5.4616210413311865,3.3816425120772946,49.724906065485776,0.644122383252818,0.16774020397208803,0.11406333870101985,,0.013419216317767043
156,9.172034353193773,3.2340311325818574,5.5689747718733225,4.7168545356951155,17.8743961352657,5.4616210413311865,3.3816425120772946,49.651100375738054,0.644122383252818,0.16774020397208803,0.11406333870101985,,0.013419216317767043
157,9.252549651100376,3.2340311325818574,5.5689747718733225,4.750402576489533,17.840848094471284,5.4616210413311865,3.3816425120772946,49.57058507783145,0.644122383252818,0.16774020397208803,0.11406333870101985,,0.013419216317767043
158,9.339774557165862,3.2340311325818574,5.5689747718733225,4.750402576489533,17.787171229200215,5.4616210413311865,3.3816425120772946,49.53703703703704,0.644122383252818,0.16774020397208803,0.11406333870101985,,0.013419216317767043
159,9.426999463231347,3.2139023081052067,5.495169082125604,4.690016103059581,17.787171229200215,5.4616210413311865,3.6097691894793345,49.29549114331723,0.6776704240472357,0.16774020397208803,0.11406333870101985,0.04696725711218465,0.013419216317767043
160,9.614868491680086,3.2139023081052067,5.501878690284487,4.690016103059581,17.76033279656468,5.4616210413311865,3.5829307568438002,49.15458937198068,0.6776704240472357,0.16774020397208803,0.11406333870101985,0.04696725711218465,0.013419216317767043
161,9.567901234567902,3.2139023081052067,5.501878690284487,4.703435319377348,17.20343531937735,6.0654857756307035,3.784219001610306,48.9398819108964,0.6776704240472357,0.16774020397208803,0.11406333870101985,0.04696725711218465,0.013419216317767043
162,9.681964573268921,3.2139023081052067,5.501878690284487,4.703435319377348,17.136339237788512,6.0587761674718195,3.784219001610306,48.8996242619431,0.6776704240472357,0.16774020397208803,0.11406333870101985,0.04696725711218465,0.013419216317767043
163,9.742351046698873,3.2139023081052067,5.495169082125604,4.736983360171766,17.122920021470748,6.052066559312936,3.81105743424584,48.80568974771873,0.6776704240472357,0.16774020397208803,0.11406333870101985,0.04696725711218465,0.013419216317767043
164,9.789318303811058,3.2139023081052067,5.609232420826624,5.629361245303274,16.411701556629094,5.870907139023081,3.7775093934514223,48.70504562533548,0.6776704240472357,0.14090177133655393,0.11406333870101985,0.04696725711218465,0.013419216317767043
165,9.809447128287708,3.207192699946323,5.152979066022544,5.495169082125604,16.411701556629094,7.112184648416532,3.730542136339238,48.087761674718195,0.6776704240472357,0.14090177133655393,0.11406333870101985,0.04696725711218465,0.013419216317767043
166,9.883252818035427,3.180354267310789,4.797369833601718,5.233494363929147,17.444981213097154,7.112184648416532,3.7573805689747717,47.64492753623188,0.6776704240472357,0.14090177133655393,0.11406333870101985,,0.013419216317767043
167,9.916800858829845,3.180354267310789,4.797369833601718,5.233494363929147,17.444981213097154,7.085346215780999,3.7573805689747717,47.61808910359635,0.6709608158883521,0.14090177133655393,0.14090177133655393,,0.013419216317767043
168,9.876543209876543,3.180354267310789,4.797369833601718,5.226784755770263,19.424315619967793,7.071926999463232,3.978797638217928,45.4777241009125,0.6709608158883521,0.14090177133655393,0.14090177133655393,,0.013419216317767043
169,9.96376811594203,3.1468062265163717,4.797369833601718,5.273752012882448,19.363929146537842,7.071926999463232,4.1532474503489,45.26301663982824,0.6709608158883521,0.14090177133655393,0.14090177133655393,,0.013419216317767043
170,9.91009125067096,3.1468062265163717,4.810789049919484,5.253623188405797,21.128556092324207,7.011540526033279,4.019055287171229,43.71980676328502,0.6709608158883521,0.14090177133655393,0.14090177133655393,0.03354804079441761,0.013419216317767043
171,9.957058507783145,3.1468062265163717,4.777241009125067,5.253623188405797,21.101717659688674,7.0450885668276975,4.019055287171229,43.69967793880837,0.6709608158883521,0.14090177133655393,0.14090177133655393,0.03354804079441761,0.013419216317767043
172,9.943639291465379,3.1065485775630703,5.307300053676865,5.535426731078905,21.101717659688674,7.0450885668276975,3.9720880300590444,42.98845947396672,0.6709608158883521,0.14090177133655393,0.14090177133655393,0.03354804079441761,0.013419216317767043
173,9.970477724100913,3.0931293612453032,5.320719269994632,5.522007514761138,21.061460010735374,7.0450885668276975,4.0995705850778315,42.88781535158347,0.6709608158883521,0.14090177133655393,0.14090177133655393,0.03354804079441761,0.013419216317767043
174,10.037573805689748,3.0931293612453032,5.320719269994632,5.481749865807837,21.034621578099838,7.0383789586688135,4.2203435319377345,42.74691358024691,0.6977992485238862,0.14090177133655393,0.14090177133655393,0.03354804079441761,0.013419216317767043
175,9.789318303811058,2.9723564143853998,4.40150295222759,5.481749865807837,20.90713902308105,5.9514224369296835,4.019055287171229,45.591787439613526,0.6374127750939346,0.07380568974771873,0.1274825550187869,0.03354804079441761,0.013419216317767043
176,9.836285560923242,2.9723564143853998,4.40150295222759,5.481749865807837,20.90713902308105,5.938003220611916,4.019055287171229,45.55823939881911,0.6374127750939346,0.07380568974771873,0.1274825550187869,0.03354804079441761,0.013419216317767043
177,9.896672034353195,2.952227589908749,4.388083735909823,5.548845947396672,20.90713902308105,5.938003220611916,4.045893719806763,45.4374664519592,0.6374127750939346,0.07380568974771873,0.1274825550187869,0.03354804079441761,0.013419216317767043
178,9.957058507783145,2.952227589908749,4.388083735909823,5.642780461621041,20.90713902308105,5.938003220611916,4.019055287171229,45.309983896940416,0.6374127750939346,0.07380568974771873,0.1274825550187869,0.03354804079441761,0.013419216317767043
179,10.030864197530864,2.952227589908749,4.388083735909823,5.642780461621041,20.8870101986044,5.938003220611916,4.045893719806763,45.229468599033815,0.6374127750939346,0.07380568974771873,0.1274825550187869,0.03354804079441761,0.013419216317767043
180,10.030864197530864,2.952227589908749,4.42163177670424,5.642780461621041,20.705850778314545,5.870907139023081,4.300858829844337,45.00805152979066,0.8185721953837896,0.07380568974771873,0.1274825550187869,0.03354804079441761,0.013419216317767043
181,10.084541062801932,2.945517981749866,4.42163177670424,5.629361245303274,20.67230273752013,5.870907139023081,4.300858829844337,45.00805152979066,0.8185721953837896,0.07380568974771873,0.1274825550187869,0.03354804079441761,0.013419216317767043
182,10.258990874932904,2.945517981749866,4.42163177670424,5.629361245303274,20.625335480407944,5.870907139023081,4.334406870638754,44.847020933977454,0.8185721953837896,0.07380568974771873,0.1274825550187869,0.03354804079441761,0.013419216317767043
183,10.319377348362856,2.945517981749866,4.42163177670424,5.629361245303274,20.618625872249062,5.870907139023081,4.334406870638754,44.79334406870639,0.8185721953837896,0.07380568974771873,0.1274825550187869,0.03354804079441761,0.013419216317767043
184,10.292538915727322,2.932098765432099,4.42163177670424,5.629361245303274,20.840042941492218,5.730005367686527,4.334406870638754,44.77992485238862,0.7917337627482555,0.07380568974771873,0.1274825550187869,0.03354804079441761,0.013419216317767043
185,10.185185185185185,2.918679549114332,4.394793344068707,5.877616747181965,20.739398819108963,5.730005367686527,4.428341384863124,44.578636607622116,0.8722490606548577,0.07380568974771873,0.15432098765432098,0.03354804079441761,0.013419216317767043
186,10.151637144390767,2.985775630703167,4.394793344068707,6.031937734836285,20.585077831454644,5.730005367686527,4.428341384863124,44.545088566827694,0.8722490606548577,0.07380568974771873,0.15432098765432098,0.03354804079441761,0.013419216317767043
187,10.225442834138486,2.985775630703167,4.394793344068707,6.374127750939345,20.517981749865807,5.71658615136876,4.414922168545357,44.22302737520129,0.8722490606548577,0.07380568974771873,0.15432098765432098,0.03354804079441761,0.013419216317767043
188,10.265700483091788,2.985775630703167,4.374664519592056,6.521739130434782,20.377079978529252,5.71658615136876,4.51556629092861,44.0955448201825,0.8722490606548577,0.07380568974771873,0.15432098765432098,0.03354804079441761,0.013419216317767043
189,10.326086956521738,2.985775630703167,4.374664519592056,6.501610305958132,20.356951154052602,5.703166935050993,4.51556629092861,44.08883521202362,0.8722490606548577,0.07380568974771873,0.15432098765432098,0.03354804079441761,0.013419216317767043
190,10.319377348362856,2.985775630703167,4.374664519592056,6.5485775630703165,20.356951154052602,5.703166935050993,4.51556629092861,44.04857756307032,0.8722490606548577,0.07380568974771873,0.15432098765432098,0.03354804079441761,0.013419216317767043
191,10.399892646269459,2.952227589908749,4.374664519592056,6.5485775630703165,20.316693505099302,5.703166935050993,4.750402576489533,43.833870101986044,0.8454106280193237,0.07380568974771873,0.15432098765432098,0.03354804079441761,0.013419216317767043
192,10.359634997316157,2.9253891572732154,4.448470209339774,6.367418142780462,20.209339774557165,6.119162640901771,5.0791733762748255,43.37090713902308,0.8454106280193237,0.07380568974771873,0.15432098765432098,0.03354804079441761,0.013419216317767043
193,10.50053676865271,2.9052603327965647,4.448470209339774,6.353998926462695,20.155662909286097,6.105743424584004,5.0791733762748255,43.33064949006978,0.8454106280193237,0.07380568974771873,0.15432098765432098,0.03354804079441761,0.013419216317767043
194,10.607890499194847,2.9052603327965647,4.435050993022007,6.353998926462695,20.12211486849168,6.099033816425121,5.0791733762748255,43.27697262479871,0.8454106280193237,0.07380568974771873,0.15432098765432098,0.03354804079441761,0.013419216317767043
195,10.641438539989265,2.9052603327965647,4.435050993022007,6.327160493827161,20.115405260332796,6.099033816425121,5.0791733762748255,43.27697262479871,0.8454106280193237,0.07380568974771873,0.15432098765432098,0.03354804079441761,0.013419216317767043
196,10.721953837895867,2.9052603327965647,4.435050993022007,6.3137412775093935,20.081857219538378,6.099033816425121,5.0791733762748255,43.243424584004295,0.8454106280193237,0.07380568974771873,0.15432098765432098,0.03354804079441761,0.013419216317767043
197,10.84272678475577,2.9052603327965647,4.435050993022007,6.226516371443908,20.075147611379496,6.099033816425121,5.414653784219001,42.881105743424584,0.8454106280193237,0.07380568974771873,0.15432098765432098,0.03354804079441761,0.013419216317767043
198,10.856146001073537,2.9052603327965647,4.435050993022007,6.226516371443908,19.887278582930758,6.099033816425121,5.555555555555555,42.78717122920021,0.9393451422436929,0.07380568974771873,0.1878690284487386,0.03354804079441761,0.013419216317767043
199,10.976918947933441,2.9052603327965647,4.414922168545357,6.226516371443908,19.806763285024154,6.031937734836285,5.542136339237788,42.7536231884058,1.0332796564680622,0.07380568974771873,0.1878690284487386,0.03354804079441761,0.013419216317767043
200,11.017176596886742,2.9052603327965647,4.394793344068707,6.226516371443908,19.806763285024154,6.031937734836285,5.535426731078905,42.74020397208803,1.0332796564680622,0.07380568974771873,0.1878690284487386,0.03354804079441761,0.013419216317767043
201,10.963499731615673,2.9052603327965647,4.394793344068707,7.018250134192163,19.538378958668815,6.031937734836285,5.535426731078905,42.27724100912507,1.0265700483091786,0.07380568974771873,0.1878690284487386,0.03354804079441761,0.013419216317767043
202,11.057434245840042,2.9052603327965647,4.428341384863124,7.018250134192163,19.538378958668815,6.005099302200751,5.495169082125604,42.21685453569511,1.0265700483091786,0.07380568974771873,0.1878690284487386,0.03354804079441761,0.013419216317767043
203,11.09098228663446,2.9052603327965647,4.428341384863124,6.984702093397746,19.43773483628556,6.005099302200751,5.475040257648954,42.223564143854,1.1406333870101986,0.07380568974771873,0.1878690284487386,0.03354804079441761,0.013419216317767043
204,11.231884057971014,2.9052603327965647,4.42163177670424,6.957863660762212,19.39747718733226,6.005099302200751,5.4616210413311865,42.169887278582934,1.1406333870101986,0.07380568974771873,0.1878690284487386,0.03354804079441761,0.013419216317767043
205,11.312399355877616,2.9052603327965647,4.374664519592056,7.105475040257649,19.296833064949006,6.005099302200751,5.434782608695652,42.11621041331186,1.1406333870101986,0.07380568974771873,0.1878690284487386,0.03354804079441761,0.013419216317767043
