,45,50,52,51,55,53,54,56,58
0,99.53703703703704,0.46296296296296297,,,,,,,
1,99.55045625335481,0.4495437466451959,,,,,,,
2,98.43666129898014,1.5633387010198605,,,,,,,
3,95.4441760601181,4.555823939881911,,,,,,,
4,92.56575415995705,7.434245840042942,,,,,,,
5,88.39237788513151,11.60762211486849,,,,,,,
6,88.43263553408481,11.56736446591519,,,,,,,
7,88.46618357487922,11.533816425120772,,,,,,,
8,88.49302200751477,11.506977992485238,,,,,,,
9,85.84272678475577,14.15727321524423,,,,,,,
10,76.69082125603865,23.309178743961354,,,,,,,
11,76.71765968867417,23.282340311325818,,,,,,,
12,73.33601717659688,23.691626409017715,2.9723564143853998,,,,,,
13,70.967525496511,26.060118089103597,2.9723564143853998,,,,,,
14,70.1086956521739,25.791733762748255,2.9723564143853998,1.1272141706924315,,,,,
15,68.8137412775094,27.093397745571657,3.1602254428341383,0.9326355340848095,,,,,
16,66.15673644659152,30.246913580246915,2.6637144390767578,0.9326355340848095,,,,,
17,64.40552871712292,32.058507783145465,2.6033279656468062,0.9326355340848095,,,,,
18,64.44578636607622,32.018250134192165,2.6033279656468062,0.9326355340848095,,,,,
19,64.68733225979602,31.796833064949006,2.5831991411701556,0.9326355340848095,,,,,
20,60.601180891035966,32.018250134192165,4.126409017713366,3.2541599570585076,,,,,
21,60.43344068706388,32.22624798711755,4.086151368760064,3.2541599570585076,,,,,
22,60.43344068706388,32.22624798711755,4.086151368760064,3.2541599570585076,,,,,
23,60.27241009125067,32.387278582930755,4.086151368760064,3.2541599570585076,,,,,
24,52.603327965646805,39.76784755770263,4.086151368760064,3.227321524422974,0.3153515834675255,,,,
25,51.731078904991946,39.47933440687064,4.086151368760064,4.388083735909823,0.3153515834675255,,,,
26,51.80488459473967,37.5402576489533,4.052603327965647,4.388083735909823,0.5837359098228664,1.6304347826086956,,,
27,51.27482555018787,35.08454106280193,4.052603327965647,7.454374664519592,0.3153515834675255,1.596886741814278,0.2214170692431562,,
28,51.57675791733763,32.54159957058508,6.374127750939345,7.273215244229737,0.3153515834675255,1.6975308641975309,0.2214170692431562,,
29,51.58346752549651,31.011808910359633,4.750402576489533,7.273215244229737,0.3153515834675255,1.8719806763285025,3.193773483628556,,
30,51.670692431561996,30.97826086956522,4.750402576489533,7.273215244229737,0.3153515834675255,1.8719806763285025,3.140096618357488,,
31,51.851851851851855,30.85077831454643,4.750402576489533,7.273215244229737,0.3153515834675255,1.8384326355340848,3.1199677938808374,,
32,51.80488459473967,30.917874396135264,4.750402576489533,7.253086419753086,0.3153515834675255,1.8384326355340848,3.1199677938808374,,
33,51.0601180891036,29.911433172302736,4.1532474503489,9.4873859366613,0.3153515834675255,1.8384326355340848,3.2340311325818574,,
34,51.039989264626946,28.824476650563607,5.199946323134729,9.447128287707997,0.3153515834675255,2.120236178207193,3.052871712292002,,
35,50.99302200751476,28.858024691358025,5.173107890499195,9.406870638754697,0.3153515834675255,2.120236178207193,3.1333870101986045,,
36,51.35534084809447,28.60305958132045,5.173107890499195,9.406870638754697,0.3153515834675255,2.120236178207193,3.026033279656468,,
37,51.36205045625336,28.589640365002683,6.280193236714976,9.380032206119163,0.3153515834675255,1.9524959742351047,2.120236178207193,,
38,48.980139559849704,31.11916264090177,6.226516371443908,9.286097691894794,0.3153515834675255,1.9524959742351047,2.120236178207193,,
39,45.30327428878154,33.9573268921095,6.1929683306494905,10.158346752549651,0.3153515834675255,1.9524959742351047,2.120236178207193,,
40,45.41733762748255,33.87010198604401,6.1929683306494905,10.158346752549651,0.3153515834675255,1.9524959742351047,2.0933977455716586,,
41,45.38378958668814,33.903650026838434,6.1929683306494905,10.158346752549651,0.3153515834675255,1.9524959742351047,2.0933977455716586,,
42,44.524959742351044,34.977187332259795,6.112453032742888,9.346484165324744,0.3153515834675255,1.9524959742351047,2.771068169618894,,
43,45.02818035426731,34.333064949006975,6.112453032742888,9.346484165324744,0.4830917874396135,1.9524959742351047,2.7442297369833604,,
44,44.30354267310789,32.420826623725176,6.112453032742888,11.98336017176597,0.4830917874396135,1.9524959742351047,2.7442297369833604,,
45,42.270531400966185,33.621846484165324,6.0654857756307035,12.86231884057971,0.4830917874396135,1.9524959742351047,2.7442297369833604,,
46,42.33762748255502,33.59500805152979,6.052066559312936,12.835480407944177,0.4830917874396135,1.9524959742351047,2.7442297369833604,,
47,40.13687600644123,29.562533548040793,2.9052603327965647,23.349436392914654,0.7648953301127214,1.9524959742351047,1.328502415458937,,
48,40.022812667740205,29.69001610305958,2.9052603327965647,23.349436392914654,0.7514761137949544,1.9524959742351047,1.328502415458937,,
49,39.69404186795491,29.394793344068706,2.9052603327965647,23.89291465378422,0.8319914117015567,1.9524959742351047,1.328502415458937,,
50,39.54643048845947,27.66371443907676,5.414653784219001,24.033816425120772,0.8185721953837896,1.7914653784219001,0.7313472893183038,,
51,28.891572732152444,36.70155662909286,4.797369833601718,23.89291465378422,0.8185721953837896,4.166666666666667,0.7313472893183038,,
52,29.07944176060118,36.553945249597426,4.797369833601718,23.852657004830917,0.8185721953837896,4.166666666666667,0.7313472893183038,,
53,26.46940418679549,44.65915190552872,3.1870638754696725,20.491143317230275,0.4495437466451959,4.488727858293076,0.2549651100375738,,
54,26.737788513150832,44.50483091787439,3.166935050993022,20.48443370907139,0.4495437466451959,4.40150295222759,0.2549651100375738,,
55,27.03972088030059,44.26999463231347,3.5628019323671496,20.034889962426195,0.4495437466451959,4.388083735909823,0.2549651100375738,,
56,27.388620504562535,43.833870101986044,3.5628019323671496,20.00805152979066,0.5636070853462157,4.388083735909823,0.2549651100375738,,
57,27.455716586151368,43.65271068169619,3.535963499731616,20.26972624798712,0.5636070853462157,4.26731078904992,0.2549651100375738,,
58,27.4422973698336,43.51851851851852,3.502415458937198,20.249597423510465,0.5636070853462157,4.26731078904992,0.4562533548040794,,
59,27.522812667740205,43.45142243692968,3.488996242619431,20.249597423510465,0.5636070853462157,4.26731078904992,0.4562533548040794,,
60,26.77133655394525,42.68652710681696,3.4621578099838968,21.651905528717123,0.7313472893183038,4.240472356414386,0.4562533548040794,,
61,26.529790660225444,38.97611379495437,3.4621578099838968,21.584809447128286,0.7313472893183038,7.078636607622115,1.6371443907675791,,
62,25.254965110037574,37.13768115942029,3.4621578099838968,24.711486849168008,0.7313472893183038,7.078636607622115,1.6237251744498122,,
63,24.745034889962426,36.3191089640365,3.4420289855072466,26.060118089103597,0.7313472893183038,7.078636607622115,1.6237251744498122,,
64,24.60413311862587,33.333333333333336,3.750670960815888,26.04669887278583,3.5963499731615673,7.0450885668276975,1.6237251744498122,,
65,24.765163714439076,33.00456253354804,3.750670960815888,26.006441223832528,4.817498658078368,5.797101449275362,1.8585614600107354,,
66,25.013419216317768,32.88378958668814,3.750670960815888,25.89237788513151,4.804079441760601,5.797101449275362,1.8585614600107354,,
67,25.11406333870102,32.84353193773484,3.730542136339238,25.87895866881374,4.804079441760601,5.770263016639828,1.8585614600107354,,
68,25.241545893719806,32.70263016639828,4.374664519592056,25.288513150831992,4.777241009125067,5.756843800322061,1.8585614600107354,,
69,25.248255501878692,29.70343531937735,4.374664519592056,25.254965110037574,7.877079978529254,5.683038110574342,1.8585614600107354,,
70,25.469672571121848,29.1532474503489,8.313204508856682,21.74584004294149,7.85024154589372,5.683038110574342,1.7847557702630166,,
71,25.623993558776167,29.126409017713364,8.031400966183575,21.651905528717123,8.111916264090176,5.669618894256575,1.7847557702630166,,
72,23.315888352120236,31.769994632313473,8.031400966183575,21.591519055287172,8.085077831454644,5.656199677938808,1.5499194847020934,,
73,23.470209339774556,31.729736983360173,7.997852925389157,21.571390230810522,8.05823939881911,5.622651637144391,1.5499194847020934,,
74,22.946859903381643,32.17257112184648,9.192163177670425,21.557971014492754,8.031400966183575,4.549114331723027,1.5499194847020934,,
75,23.282340311325818,32.06521739130435,9.05126140633387,21.497584541062803,8.017981749865807,4.53569511540526,1.5499194847020934,,
76,23.362855609232422,30.951422436929683,9.004294149221685,22.457058507783145,8.017981749865807,4.53569511540526,1.6706924315619969,,
77,23.557434245840042,30.864197530864196,8.970746108427267,22.383252818035427,8.017981749865807,4.53569511540526,1.6706924315619969,,
78,23.91304347826087,30.649490069779926,8.863392377885132,21.443907675791735,8.011272141706923,5.448201825013419,1.6706924315619969,,
79,24.228395061728396,30.60252281266774,8.829844337090714,21.021202361782073,8.011272141706923,5.790391841116479,1.5163714439076759,,
80,24.396135265700483,30.535426731078903,8.682232957595277,21.115136876006442,7.977724100912507,5.776972624798712,1.5163714439076759,,
81,24.456521739130434,30.50187869028449,8.682232957595277,21.101717659688674,7.977724100912507,5.763553408480945,1.5163714439076759,,
82,24.530327428878152,30.64278046162104,8.662104133118627,20.933977455716587,7.971014492753623,5.743424584004294,1.5163714439076759,,
83,24.288781535158346,33.44068706387547,8.024691358024691,19.390767579173378,7.863660762211487,5.475040257648954,1.5163714439076759,,
84,24.268652710681696,32.72275899087493,7.997852925389157,17.733494363929147,10.373054213633925,5.387815351583468,1.5163714439076759,,
85,24.422973698336016,32.669082125603865,7.971014492753623,17.733494363929147,10.339506172839506,5.347557702630167,1.5163714439076759,,
86,24.335748792270532,31.93773483628556,7.7898550724637685,17.834138486312398,11.265432098765432,5.320719269994632,1.5163714439076759,,
87,23.087761674718198,29.012345679012345,5.656199677938808,27.38191089640365,8.165593129361245,5.179817498658078,1.5163714439076759,,
88,23.450080515297905,28.824476650563607,5.622651637144391,27.355072463768117,7.803274288781535,5.428073000536768,1.5163714439076759,,
89,23.879495437466453,28.797638217928075,5.508588298443371,26.764626945786365,7.803274288781535,5.730005367686527,1.5163714439076759,,
90,24.4296833064949,28.59634997316157,5.676328502415459,26.402308105206657,7.675791733762749,5.703166935050993,1.5163714439076759,,
91,24.644390767579175,28.5426731078905,5.676328502415459,26.268115942028984,7.648953301127214,5.703166935050993,1.5163714439076759,,
92,24.765163714439076,28.31454643048846,5.877616747181965,26.194310252281266,7.648953301127214,5.683038110574342,1.5163714439076759,,
93,22.128287707997853,31.46135265700483,6.890767579173376,25.13419216317767,7.648953301127214,5.24020397208803,1.4962426194310252,,
94,22.20209339774557,31.42109500805153,6.877348362855609,25.11406333870102,7.648953301127214,5.24020397208803,1.4962426194310252,,
95,22.282608695652176,31.34728931830381,6.877348362855609,25.107353730542137,7.648953301127214,5.24020397208803,1.4962426194310252,,
96,22.34970477724101,31.320450885668276,6.857219538378959,24.852388620504563,7.648953301127214,5.24020397208803,1.7310789049919484,,
97,22.5979602791197,31.293612453032743,6.823671497584541,24.758454106280194,7.62211486849168,5.173107890499195,1.7310789049919484,,
98,22.86634460547504,31.159420289855074,6.870638754696726,24.651100375738057,7.588566827697263,5.132850241545894,1.7310789049919484,,
99,23.07434245840043,31.00509930220075,6.870638754696726,24.62426194310252,7.588566827697263,5.10601180891036,1.7310789049919484,,
100,23.235373054213635,30.864197530864196,6.870638754696726,24.48336017176597,7.709339774557166,5.10601180891036,1.7310789049919484,,
101,23.58427267847558,30.56226516371444,6.857219538378959,24.268652710681696,7.702630166398282,5.293880837359098,1.7310789049919484,,
102,23.64465915190553,30.555555555555557,6.843800322061192,24.235104669887278,7.702630166398282,5.287171229200215,1.7310789049919484,,
103,24.20155662909286,30.421363392377884,6.723027375201288,24.188137412775095,7.648953301127214,5.0858829844337095,1.7310789049919484,,
104,24.4296833064949,30.280461621041333,6.709608158883521,24.302200751476114,7.64224369296833,4.904723564143854,1.7310789049919484,,
105,24.58400429414922,29.1532474503489,6.709608158883521,24.10091250670961,7.863660762211487,5.857487922705314,1.7310789049919484,,
106,25.033548040794418,28.764090177133657,6.568706387546968,23.993558776167472,7.863660762211487,5.83064949006978,1.9457863660762211,,
107,24.261943102522814,27.502683843263554,6.568706387546968,26.03327965646806,7.856951154052603,5.83064949006978,1.9457863660762211,,
108,24.65780998389694,27.482555018786904,6.561996779388084,25.85212023617821,7.776435856146001,5.723295759527644,1.9457863660762211,,
109,24.4296833064949,26.81159420289855,6.561996779388084,26.878690284487387,7.749597423510467,5.723295759527644,1.6572732152442298,0.1878690284487386,
110,24.329039184111647,25.34219001610306,6.736446591519055,26.717659688674182,7.501341921631776,7.541599570585078,1.6438539989264627,0.1878690284487386,
111,24.805421363392377,24.792002147074612,6.736446591519055,26.684111647879764,7.454374664519592,7.722758990874933,1.6170155662909287,0.1878690284487386,
112,24.838969404186795,24.651100375738057,6.723027375201288,26.603596349973163,7.427536231884058,7.722758990874933,1.6035963499731616,0.4294149221685454,
113,25.261674718196456,24.355877616747183,6.723027375201288,26.570048309178745,7.387278582930757,7.675791733762749,1.596886741814278,0.4294149221685454,
114,25.55018786902845,24.27536231884058,6.629092860976919,26.496242619431026,7.347020933977456,7.675791733762749,1.596886741814278,0.4294149221685454,
115,25.181159420289855,23.376274825550187,6.629092860976919,26.496242619431026,6.9310252281266775,9.359903381642512,1.596886741814278,0.4294149221685454,
116,25.207997852925388,23.336017176596886,7.326892109500805,25.811862587224905,6.9310252281266775,9.359903381642512,1.596886741814278,0.4294149221685454,
117,25.295222758990874,23.336017176596886,7.326892109500805,25.771604938271604,6.9310252281266775,9.326355340848094,1.583467525496511,0.4294149221685454,
118,25.483091787439612,23.275630703166936,7.27992485238862,25.717928073000536,6.9310252281266775,9.29951690821256,1.583467525496511,0.4294149221685454,
119,25.764895330112722,23.09447128287708,7.232957595276436,25.677670424047236,6.91760601180891,9.29951690821256,1.583467525496511,0.4294149221685454,
120,25.93263553408481,22.913311862587225,7.521470746108427,25.462962962962962,6.91760601180891,9.23913043478261,1.583467525496511,0.4294149221685454,
121,26.160762211486848,22.69189479334407,7.501341921631776,25.355609232420825,6.91760601180891,9.386741814278047,1.5767579173376274,0.4092860976918948,
122,26.630434782608695,22.21551261406334,7.467793880837359,25.234836285560924,6.910896403650026,9.554482018250134,1.5767579173376274,0.4092860976918948,
123,26.84514224369297,22.188674181427803,7.447665056360709,25.11406333870102,6.877348362855609,9.554482018250134,1.5633387010198605,0.4092860976918948,
124,26.88539989264627,22.17525496511004,7.447665056360709,25.087224906065487,6.877348362855609,9.554482018250134,1.5633387010198605,0.4092860976918948,
125,26.764626945786365,22.041062801932366,7.427536231884058,25.087224906065487,7.333601717659689,9.373322597960279,1.5633387010198605,0.4092860976918948,
126,26.818303811057433,22.041062801932366,7.427536231884058,25.087224906065487,7.333601717659689,9.346484165324744,1.5365002683843263,0.4092860976918948,
127,26.73107890499195,21.584809447128286,8.360171765968868,24.93961352657005,7.320182501341922,9.346484165324744,1.3083735909822867,0.4092860976918948,
128,26.757917337627482,21.578099838969404,8.360171765968868,24.9194847020934,7.320182501341922,9.346484165324744,1.3083735909822867,0.4092860976918948,
129,27.073268921095007,21.517713365539453,8.3064949006978,24.718196457326894,7.320182501341922,9.346484165324744,1.3083735909822867,0.4092860976918948,
130,27.126945786366075,21.504294149221685,8.3064949006978,24.718196457326894,7.27992485238862,9.346484165324744,1.3083735909822867,0.4092860976918948,
131,27.234299516908212,21.477455716586153,8.28636607622115,24.691358024691358,7.246376811594203,9.346484165324744,1.3083735909822867,0.4092860976918948,
132,27.677133655394524,21.410359634997317,8.219269994632313,24.40955448201825,7.246376811594203,9.31964573268921,1.3083735909822867,0.4092860976918948,
133,28.093129361245303,21.22920021470746,8.219269994632313,24.214975845410628,7.25979602791197,9.265968867418144,1.3083735909822867,0.4092860976918948,
134,26.133923778851315,19.679280730005367,11.178207192699947,27.20746108427268,6.260064412238325,8.09849704777241,1.0332796564680622,0.4092860976918948,
135,26.207729468599034,19.672571121846484,11.158078368223295,27.160493827160494,6.260064412238325,8.09849704777241,1.0332796564680622,0.4092860976918948,
136,26.29495437466452,19.659151905528716,11.158078368223295,27.093397745571657,6.260064412238325,8.091787439613526,1.0332796564680622,0.4092860976918948,
137,26.48953301127214,19.545088566827697,11.158078368223295,27.01959205582394,6.260064412238325,8.085077831454644,1.0332796564680622,0.4092860976918948,
138,24.570585077831456,18.813741277509394,11.057434245840042,30.287171229200215,6.260064412238325,7.62211486849168,0.9796027911969941,0.4092860976918948,
139,24.684648416532475,18.813741277509394,11.030595813204508,30.213365539452496,6.260064412238325,7.608695652173913,0.9796027911969941,0.4092860976918948,
140,24.798711755233494,18.71309715512614,10.997047772410092,30.26033279656468,6.260064412238325,7.581857219538379,0.9796027911969941,0.4092860976918948,
141,24.718196457326894,18.67283950617284,10.95679012345679,30.17981749865808,6.501610305958132,7.581857219538379,0.9796027911969941,0.4092860976918948,
142,24.838969404186795,18.65271068169619,10.93666129898014,30.03220611916264,6.582125603864735,7.568438003220612,0.9796027911969941,0.4092860976918948,
143,25.11406333870102,18.572195383789587,10.916532474503489,29.944981213097154,6.582125603864735,7.50805152979066,0.95276435856146,0.4092860976918948,
144,25.315351583467525,18.491680085882983,10.88298443370907,29.904723564143854,6.387546967257112,7.447665056360709,1.1607622114868492,0.4092860976918948,
145,25.483091787439612,18.337359098228664,10.809178743961352,29.891304347826086,6.367418142780462,7.266505636070853,1.4358561460010735,0.4092860976918948,
146,25.704508856682768,18.310520665593128,10.809178743961352,29.723564143854,6.367418142780462,7.239667203435319,1.4358561460010735,0.4092860976918948,
147,25.791733762748255,18.270263016639827,10.809178743961352,29.656468062265162,6.360708534621578,7.266505636070853,1.4358561460010735,0.4092860976918948,
148,25.89237788513151,18.230005367686527,10.782340311325818,29.656468062265162,6.340579710144928,7.253086419753086,1.4358561460010735,0.4092860976918948,
149,26.019860440150296,18.223295759527645,10.782340311325818,29.582662372517444,6.340579710144928,7.206119162640902,1.4358561460010735,0.4092860976918948,
150,26.27482555018787,18.00187869028449,10.782340311325818,29.55582393988191,6.333870101986044,7.206119162640902,1.4358561460010735,0.4092860976918948,
151,26.482823403113258,17.941492216854535,10.782340311325818,29.468599033816425,6.454643048845948,7.024959742351046,1.4358561460010735,0.4092860976918948,
152,26.590177133655395,17.887815351583466,10.762211486849168,29.468599033816425,6.447933440687064,7.105475040257649,1.328502415458937,0.4092860976918948,
153,26.39559849704777,17.082662372517444,10.762211486849168,30.595813204508858,6.447933440687064,7.105475040257649,1.328502415458937,0.28180354267310787,
154,26.912238325281802,17.062533548040793,10.742082662372518,30.253623188405797,6.3137412775093935,6.977992485238862,1.4694041867954912,0.2683843263553409,
155,27.120236178207193,16.988727858293075,10.742082662372518,30.132850241545892,6.300322061191626,6.977992485238862,1.4694041867954912,0.2683843263553409,
156,26.690821256038646,16.35131508319914,10.473698336017177,29.87788513150832,6.300322061191626,6.4345142243692965,3.5091250670960816,0.2683843263553409,0.0939345142243693
157,26.912238325281802,16.317767042404725,10.473698336017177,29.69001610305958,6.300322061191626,6.4345142243692965,3.5091250670960816,0.2683843263553409,0.0939345142243693
158,26.92565754159957,16.21712292002147,10.46027911969941,29.522275899087493,6.266774020397209,6.736446591519055,3.5091250670960816,0.2683843263553409,0.0939345142243693
159,26.932367149758456,16.19699409554482,10.46027911969941,29.294149221685455,6.239935587761675,6.723027375201288,3.5091250670960816,0.5501878690284487,0.0939345142243693
160,27.053140096618357,16.19699409554482,10.46027911969941,29.260601180891037,6.152710681696189,6.723027375201288,3.5091250670960816,0.5501878690284487,0.0939345142243693
161,27.36849168008588,16.17686527106817,10.393183038110575,29.13311862587225,6.139291465378422,6.635802469135802,3.5091250670960816,0.5501878690284487,0.0939345142243693
162,27.502683843263554,16.17686527106817,10.393183038110575,29.052603327965645,6.112453032742888,6.608964036500268,3.5091250670960816,0.5501878690284487,0.0939345142243693
163,27.72410091250671,16.1231884057971,10.393183038110575,29.005636070853463,6.0587761674718195,6.5552871712292005,3.4957058507783145,0.5501878690284487,0.0939345142243693
164,28.166935050993022,16.056092324208265,10.359634997316157,28.817767042404725,6.0587761674718195,6.407675791733762,3.4957058507783145,0.5434782608695652,0.0939345142243693
165,27.999194847020934,15.58641975308642,10.326086956521738,28.44873859366613,6.052066559312936,6.353998926462695,4.5960815888352125,0.5434782608695652,0.0939345142243693
166,28.16022544283414,15.579710144927537,10.292538915727322,28.381642512077295,6.018518518518518,6.333870101986044,4.5960815888352125,0.5434782608695652,0.0939345142243693
167,28.327965646806227,15.432098765432098,10.292538915727322,28.24074074074074,5.911164787976382,6.333870101986044,4.824208266237251,0.5434782608695652,0.0939345142243693
168,28.488996242619432,15.391841116478798,10.285829307568438,28.133387010198604,5.911164787976382,6.333870101986044,4.824208266237251,0.5367686527106817,0.0939345142243693
169,28.549382716049383,15.391841116478798,10.285829307568438,28.10654857756307,5.911164787976382,6.320450885668277,4.804079441760601,0.5367686527106817,0.0939345142243693
170,28.817767042404725,15.331454643048845,10.245571658615138,28.005904455179817,5.904455179817498,6.320450885668277,4.74369296833065,0.5367686527106817,0.0939345142243693
171,28.864734299516908,15.26435856146001,10.245571658615138,27.81803542673108,5.770263016639828,6.320450885668277,5.0858829844337095,0.5367686527106817,0.0939345142243693
172,29.25389157273215,15.257648953301127,10.245571658615138,27.34165324745035,5.884326355340848,6.300322061191626,5.0858829844337095,0.5367686527106817,0.0939345142243693
173,29.347826086956523,15.24422973698336,10.245571658615138,27.2812667740204,5.884326355340848,6.286902844873859,5.0858829844337095,0.5300590445517982,0.0939345142243693
174,29.683306494900698,15.116747181964573,10.23215244229737,27.20746108427268,5.884326355340848,6.286902844873859,4.9651100375738055,0.5300590445517982,0.0939345142243693
175,29.502147074610843,15.022812667740205,10.23215244229737,27.2812667740204,5.844068706387547,6.528448738593666,4.9651100375738055,0.5300590445517982,0.0939345142243693
176,29.508856682769725,15.022812667740205,10.23215244229737,27.274557165861513,5.844068706387547,6.528448738593666,4.9651100375738055,0.5300590445517982,0.0939345142243693
177,29.562533548040793,15.022812667740205,10.23215244229737,27.24771873322598,5.8172302737520125,6.528448738593666,4.9651100375738055,0.5300590445517982,0.0939345142243693
178,29.663177670424048,14.962426194310252,10.205314009661835,27.234299516908212,5.8172302737520125,6.528448738593666,4.9651100375738055,0.5300590445517982,0.0939345142243693
179,29.770531400966185,14.915458937198068,10.171765968867419,27.220880300590444,5.803811057434245,6.528448738593666,4.9651100375738055,0.5300590445517982,0.0939345142243693
180,29.938271604938272,14.74771873322598,10.151637144390767,27.167203435319376,5.803811057434245,6.360708534621578,4.951690821256038,0.785024154589372,0.0939345142243693
181,30.12614063338701,14.687332259796028,10.144927536231885,27.15378421900161,5.790391841116479,6.360708534621578,4.85775630703167,0.785024154589372,0.0939345142243693
182,30.17981749865808,14.647074610842727,9.950348899624261,27.03972088030059,5.709876543209877,6.749865807836822,4.8443370907139025,0.785024154589372,0.0939345142243693
183,30.475040257648953,14.63365539452496,9.936929683306495,26.858561460010737,5.669618894256575,6.743156199677939,4.830917874396135,0.7581857219538379,0.0939345142243693
184,30.50187869028449,14.63365539452496,9.936929683306495,26.858561460010737,5.656199677938808,6.729736983360172,4.830917874396135,0.7581857219538379,0.0939345142243693
185,30.683038110574344,14.63365539452496,9.876543209876543,26.7512077294686,5.642780461621041,6.729736983360172,4.830917874396135,0.7581857219538379,0.0939345142243693
186,30.743424584004295,14.61352657004831,9.856414385399892,26.73107890499195,5.642780461621041,6.729736983360172,4.830917874396135,0.7581857219538379,0.0939345142243693
187,30.656199677938808,15.210681696188942,9.73564143853999,26.46940418679549,5.622651637144391,6.649221685453569,4.830917874396135,0.7313472893183038,0.0939345142243693
188,30.71658615136876,15.197262479871176,9.722222222222221,26.44927536231884,5.609232420826624,6.649221685453569,4.830917874396135,0.7313472893183038,0.0939345142243693
189,30.817230273752013,15.170424047235642,9.722222222222221,26.382179280730007,5.609232420826624,6.649221685453569,4.824208266237251,0.7313472893183038,0.0939345142243693
190,31.01851851851852,15.170424047235642,9.581320450885668,26.37546967257112,5.609232420826624,6.595544820182502,4.824208266237251,0.7313472893183038,0.0939345142243693
191,31.159420289855074,15.063070316693505,9.842995169082126,26.288244766505635,5.609232420826624,6.595544820182502,4.616210413311863,0.7313472893183038,0.0939345142243693
192,31.52173913043478,15.03623188405797,9.829575952764358,26.140633387010197,5.60252281266774,6.541867954911433,4.582662372517445,0.6508319914117016,0.0939345142243693
193,31.602254428341386,14.969135802469136,9.822866344605474,26.133923778851315,5.60252281266774,6.541867954911433,4.582662372517445,0.6508319914117016,0.0939345142243693
194,31.702898550724637,14.969135802469136,9.822866344605474,26.060118089103597,5.60252281266774,6.521739130434782,4.582662372517445,0.6508319914117016,0.08722490606548577
195,31.64922168545357,14.928878153515834,10.077831454643048,26.154052603327965,5.394524959742351,6.501610305958132,4.569243156199678,0.6508319914117016,0.07380568974771873
196,31.870638754696724,14.855072463768115,10.057702630166398,26.039989264626946,5.394524959742351,6.488191089640365,4.569243156199678,0.6508319914117016,0.07380568974771873
197,31.769994632313473,14.673913043478262,10.057702630166398,25.825281803542673,5.260332796564681,6.977992485238862,4.7101449275362315,0.6508319914117016,0.07380568974771873
198,31.97799248523886,14.673913043478262,10.030864197530864,25.711218464841654,5.2066559312936125,6.964573268921095,4.7101449275362315,0.6508319914117016,0.07380568974771873
199,31.756575415995705,14.647074610842727,10.017444981213098,26.234567901234566,5.173107890499195,6.957863660762212,4.488727858293076,0.6508319914117016,0.07380568974771873
200,31.95786366076221,14.600107353730541,10.567632850241546,26.006441223832528,5.146269457863661,6.776704240472356,4.2203435319377345,0.6508319914117016,0.07380568974771873
201,32.18599033816425,14.720880300590446,10.567632850241546,25.785024154589372,5.10601180891036,6.696188942565755,4.213633923778851,0.6508319914117016,0.07380568974771873
202,32.18599033816425,14.694041867954912,10.889694041867955,25.717928073000536,5.032206119162641,6.6760601180891035,4.086151368760064,0.644122383252818,0.07380568974771873
203,32.27992485238862,14.687332259796028,10.82259796027912,25.697799248523886,5.032206119162641,6.6760601180891035,4.086151368760064,0.644122383252818,0.07380568974771873
204,32.387278582930755,14.680622651637144,10.82259796027912,25.644122383252817,5.01207729468599,6.649221685453569,4.086151368760064,0.644122383252818,0.07380568974771873
205,32.56172839506173,14.667203435319378,10.695115405260333,25.644122383252817,5.01207729468599,6.649221685453569,4.072732152442297,0.6239935587761675,0.07380568974771873
206,32.63553408480945,14.465915190552872,10.560923242082662,25.771604938271604,5.01207729468599,6.635802469135802,4.2203435319377345,0.6239935587761675,0.07380568974771873
207,32.910628019323674,14.445786366076222,10.527375201288244,25.583735909822867,4.985238862050457,6.629092860976919,4.2203435319377345,0.6239935587761675,0.07380568974771873
208,33.12533548040794,14.42565754159957,10.507246376811594,25.55689747718733,4.9718196457326895,6.508319914117015,4.206924315619967,0.6239935587761675,0.07380568974771873
209,33.21256038647343,14.398819108964037,10.507246376811594,25.55689747718733,4.9718196457326895,6.447933440687064,4.206924315619967,0.6239935587761675,0.07380568974771873
210,33.279656468062264,14.378690284487385,10.48040794417606,25.55018786902845,4.9651100375738055,6.4412238325281805,4.206924315619967,0.6239935587761675,0.07380568974771873
211,33.272946859903385,14.351851851851851,11.104401502952227,25.09393451422437,4.9651100375738055,6.4412238325281805,4.072732152442297,0.6239935587761675,0.07380568974771873
212,33.41384863123994,14.331723027375201,11.07085346215781,25.006709608158882,4.9651100375738055,6.4412238325281805,4.072732152442297,0.6239935587761675,0.07380568974771873
213,33.45410628019324,14.304884594739667,11.057434245840042,25.006709608158882,4.9651100375738055,6.4412238325281805,4.072732152442297,0.6239935587761675,0.07380568974771873
214,33.756038647343,14.2914653784219,11.044015029522276,24.651100375738057,4.951690821256038,6.535158346752549,4.072732152442297,0.6239935587761675,0.07380568974771873
215,33.97074610842727,14.237788513150832,11.003757380568974,24.61755233494364,4.951690821256038,6.501610305958132,4.019055287171229,0.6239935587761675,0.07380568974771873
216,34.01100375738057,14.217659688674182,10.963499731615673,24.4296833064949,5.199946323134729,6.501610305958132,3.978797638217928,0.6239935587761675,0.07380568974771873
217,33.60842726784756,13.902308105206655,10.963499731615673,24.973161567364468,5.032206119162641,6.501610305958132,4.320987654320987,0.6239935587761675,0.07380568974771873
218,33.756038647343,13.882179280730005,10.963499731615673,24.912775093934513,5.018786902844874,6.461352657004831,4.30756843800322,0.6239935587761675,0.07380568974771873
219,33.903650026838434,13.821792807300053,10.856146001073537,25.006709608158882,4.9718196457326895,6.4345142243692965,4.30756843800322,0.6239935587761675,0.07380568974771873
220,34.084809447128286,13.81508319914117,10.836017176596886,24.879227053140095,4.9718196457326895,6.407675791733762,4.30756843800322,0.6239935587761675,0.07380568974771873
221,33.78958668813741,13.66076221148685,11.594202898550725,24.61755233494364,4.924852388620504,6.407675791733762,4.30756843800322,0.6239935587761675,0.07380568974771873
222,33.72920021470746,13.6406333870102,11.936392914653783,24.402844873859365,4.924852388620504,6.360708534621578,4.30756843800322,0.6239935587761675,0.07380568974771873
223,33.93048845947396,13.613794954374665,11.90955448201825,24.020397208803004,4.918142780461621,6.360708534621578,4.549114331723027,0.6239935587761675,0.07380568974771873
224,33.97074610842727,13.573537305421363,11.90955448201825,24.020397208803004,4.918142780461621,6.360708534621578,4.549114331723027,0.6239935587761675,0.07380568974771873
225,33.071658615136876,13.56682769726248,11.741814278046162,23.423242082662373,4.904723564143854,7.971014492753623,4.549114331723027,0.6977992485238862,0.07380568974771873
226,33.21926999463231,13.325281803542673,11.688137412775093,23.309178743961354,4.904723564143854,7.924047235641439,4.85775630703167,0.6977992485238862,0.07380568974771873
227,33.319914117015564,13.318572195383789,11.668008588298443,23.295759527643586,4.904723564143854,7.9039184111647875,4.817498658078368,0.6977992485238862,0.07380568974771873
228,33.561460010735374,13.318572195383789,11.600912506709609,23.18840579710145,4.904723564143854,7.85024154589372,4.817498658078368,0.6843800322061192,0.07380568974771873
229,33.82984433709071,13.170960815888352,11.43317230273752,23.362855609232422,4.830917874396135,7.809983896940419,4.804079441760601,0.6843800322061192,0.07380568974771873
230,33.9975845410628,13.103864734299517,11.399624261943103,23.19511540526033,4.777241009125067,7.96430488459474,4.804079441760601,0.6843800322061192,0.07380568974771873
231,34.16532474503489,13.103864734299517,11.3593666129898,23.181696188942567,4.696725711218465,7.937466451959206,4.797369833601718,0.6843800322061192,0.07380568974771873
232,34.245840042941495,13.09044551798175,11.500268384326356,23.081052066559312,4.696725711218465,7.917337627482555,4.7101449275362315,0.6843800322061192,0.07380568974771873
233,34.514224369296834,13.09044551798175,11.379495437466453,23.007246376811594,4.696725711218465,7.87037037037037,4.7101449275362315,0.6575415995705851,0.07380568974771873
234,34.648416532474506,13.09044551798175,11.372785829307569,22.913311862587225,4.690016103059581,7.87037037037037,4.683306494900698,0.6575415995705851,0.07380568974771873
235,34.76247987117552,13.09044551798175,11.345947396672035,22.852925389157274,4.676596886741814,7.856951154052603,4.683306494900698,0.6575415995705851,0.07380568974771873
236,34.816156736446594,13.036768652710682,11.345947396672035,22.852925389157274,4.676596886741814,7.856951154052603,4.683306494900698,0.6575415995705851,0.07380568974771873
237,35.42673107890499,12.788513150831992,11.198336017176597,22.77241009125067,4.582662372517445,7.816693505099302,4.683306494900698,0.6575415995705851,0.07380568974771873
238,35.52066559312936,12.379227053140097,11.191626409017713,22.537573805689746,4.723564143853999,7.648953301127214,5.273752012882448,0.6508319914117016,0.07380568974771873
239,35.45356951154053,12.211486849168008,11.064143853998926,22.356414385399894,5.481749865807837,7.447665056360709,5.260332796564681,0.6508319914117016,0.07380568974771873
240,35.55421363392378,12.144390767579173,11.064143853998926,22.12157809983897,5.481749865807837,7.407407407407407,5.501878690284487,0.6508319914117016,0.07380568974771873
241,35.668276972624795,12.090713902308105,11.064143853998926,22.088030059044552,5.4549114331723025,7.407407407407407,5.501878690284487,0.6508319914117016,0.07380568974771873
242,36.00375738056898,12.050456253354804,11.064143853998926,21.866612989801396,5.4549114331723025,7.407407407407407,5.475040257648954,0.6038647342995169,0.07380568974771873
243,36.25872249060655,12.02361782071927,10.775630703166936,21.772678475577028,5.407944176060118,7.320182501341922,5.763553408480945,0.6038647342995169,0.07380568974771873
244,36.292270531400966,12.02361782071927,10.775630703166936,21.74584004294149,5.407944176060118,7.320182501341922,5.763553408480945,0.5971551261406334,0.07380568974771873
245,36.11782071926999,12.02361782071927,11.057434245840042,21.537842190016104,5.407944176060118,7.320182501341922,5.864197530864198,0.5971551261406334,0.07380568974771873
246,36.18491680085883,11.996779388083736,11.104401502952227,21.524422973698336,5.347557702630167,7.320182501341922,5.850778314546431,0.5971551261406334,0.07380568974771873
247,36.218464841653244,11.990069779924852,11.104401502952227,21.3768115942029,5.347557702630167,7.494632313472893,5.797101449275362,0.5971551261406334,0.07380568974771873
248,36.178207192699944,11.976650563607086,11.426462694578637,21.021202361782073,5.3341384863123995,7.6623725174449815,5.730005367686527,0.5971551261406334,0.07380568974771873
249,36.2788513150832,11.963231347289318,11.372785829307569,21.014492753623188,5.3341384863123995,7.6556629092860975,5.71658615136876,0.5904455179817498,0.07380568974771873
250,36.500268384326354,11.956521739130435,11.372785829307569,20.92055823939882,5.253623188405797,7.64224369296833,5.689747718733226,0.5904455179817498,0.07380568974771873
251,36.500268384326354,11.822329575952764,11.29898013955985,20.860171765968868,5.152979066022544,7.501341921631776,5.884326355340848,0.9057971014492754,0.07380568974771873
252,36.69484702093398,11.701556629092861,11.29898013955985,20.8467525496511,5.12614063338701,7.501341921631776,5.850778314546431,0.9057971014492754,0.07380568974771873
253,36.741814278046164,11.701556629092861,11.29898013955985,20.840042941492218,5.112721417069243,7.474503488996243,5.850778314546431,0.9057971014492754,0.07380568974771873
254,36.802200751476114,11.681427804616211,11.272141706924316,20.840042941492218,5.112721417069243,7.461084272678476,5.850778314546431,0.9057971014492754,0.07380568974771873
255,36.943102522812666,11.681427804616211,12.00348899624262,20.061728395061728,5.092592592592593,7.427536231884058,5.810520665593129,0.9057971014492754,0.07380568974771873
256,37.58722490606549,11.520397208803006,11.98336017176597,19.632313472893184,5.0858829844337095,7.407407407407407,5.803811057434245,0.9057971014492754,0.07380568974771873
257,37.63419216317767,11.258722490606548,11.943102522812667,19.565217391304348,5.018786902844874,7.4006977992485234,6.233225979602791,0.8722490606548577,0.07380568974771873
258,36.862587224906065,11.252012882447666,14.244498121309716,18.250134192163177,5.005367686527107,7.4006977992485234,6.052066559312936,0.8588298443370908,0.07380568974771873
259,37.01690821256039,11.252012882447666,14.244498121309716,18.169618894256576,4.958400429414922,7.37385936661299,6.052066559312936,0.8588298443370908,0.07380568974771873
260,37.07729468599034,11.252012882447666,14.244498121309716,17.954911433172303,4.958400429414922,7.37385936661299,6.011808910359635,1.0534084809447128,0.07380568974771873
261,35.95679012345679,10.976918947933441,13.828502415458937,19.122383252818036,4.327697262479871,7.273215244229737,7.454374664519592,0.9863123993558777,0.07380568974771873
262,36.06414385399893,10.849436392914654,14.143853998926463,19.11567364465915,4.260601180891036,7.25979602791197,7.246376811594203,0.9863123993558777,0.07380568974771873
263,36.218464841653244,10.82259796027912,14.13714439076758,19.03515834675255,4.240472356414386,7.25979602791197,7.226247987117552,0.9863123993558777,0.07380568974771873
264,36.218464841653244,10.755501878690284,14.049919484702093,19.03515834675255,4.240472356414386,7.474503488996243,7.1658615136876005,0.9863123993558777,0.07380568974771873
265,36.64787976382179,10.560923242082662,13.996242619431026,18.760064412238325,4.240472356414386,7.467793880837359,7.266505636070853,0.9863123993558777,0.07380568974771873
266,36.72839506172839,10.520665593129362,13.996242619431026,18.746645195920557,4.2270531400966185,7.454374664519592,7.266505636070853,0.9863123993558777,0.07380568974771873
267,36.61433172302738,10.466988727858293,13.935856146001074,18.686258722490606,4.2270531400966185,7.454374664519592,7.555018786902845,0.9863123993558777,0.07380568974771873
268,36.761943102522814,10.466988727858293,13.79495437466452,18.679549114331724,4.2270531400966185,7.454374664519592,7.555018786902845,0.9863123993558777,0.07380568974771873
269,36.943102522812666,10.44015029522276,13.747987117552334,18.666129898013956,4.2270531400966185,7.387278582930757,7.5281803542673105,0.9863123993558777,0.07380568974771873
270,37.0907139023081,10.373054213633925,13.741277509393452,18.646001073537306,4.2270531400966185,7.387278582930757,7.474503488996243,0.9863123993558777,0.07380568974771873
271,37.245034889962426,10.352925389157273,13.66076221148685,18.632581857219538,4.186795491143317,7.387278582930757,7.474503488996243,0.9863123993558777,0.07380568974771873
