,45,50,52,55,51,53,56,54,57,58,60,59,61,47
0,81.36070853462158,15.539452495974235,3.0730005367686526,0.026838432635534086,,,,,,,,,,
1,71.71229200214708,24.476650563607084,3.784219001610306,0.026838432635534086,,,,,,,,,,
2,68.58561460010735,27.603327965646805,3.784219001610306,0.026838432635534086,,,,,,,,,,
3,67.76033279656468,28.24074074074074,3.784219001610306,0.2147074610842727,,,,,,,,,,
4,66.83440687063876,18.65271068169619,3.784219001610306,0.1878690284487386,10.540794417606012,,,,,,,,,
5,60.66156736446592,24.751744498121308,3.7775093934514223,0.2683843263553409,10.540794417606012,,,,,,,,,
6,59.09151905528717,26.321792807300053,3.2675791733762747,0.2683843263553409,10.453569511540525,0.5099302200751477,0.08722490606548577,,,,,,,
7,50.78502415458937,34.31964573268921,3.2675791733762747,0.46296296296296297,10.23215244229737,0.5099302200751477,0.28180354267310787,0.14090177133655393,,,,,,
8,47.0679012345679,37.164519592055825,3.052871712292002,0.5501878690284487,11.077563070316694,0.5099302200751477,0.28180354267310787,0.2281266774020397,0.06709608158883522,,,,,
9,47.034353193773484,37.21819645732689,3.052871712292002,0.5501878690284487,11.057434245840042,0.5099302200751477,0.28180354267310787,0.2281266774020397,0.06709608158883522,,,,,
10,42.652979066022546,32.49463231347289,3.166935050993022,1.2546967257112185,19.26328502415459,0.5099302200751477,0.36231884057971014,0.2281266774020397,0.06709608158883522,,,,,
11,36.87600644122383,29.21363392377885,6.568706387546968,1.2412775093934514,25.02012882447665,0.5099302200751477,0.36231884057971014,0.14090177133655393,0.06709608158883522,,,,,
12,36.943102522812666,29.180085882984432,6.535158346752549,1.442565754159957,24.738325281803544,0.5099302200751477,0.4428341384863124,0.14090177133655393,0.06709608158883522,,,,,
13,32.689210950080515,33.299785292538914,6.535158346752549,1.6035963499731616,24.825550187869027,0.5099302200751477,0.41599570585077833,0.05367686527106817,0.06709608158883522,,,,,
14,31.91760601180891,33.313204508856685,9.688674181427805,1.6505636070853462,22.188674181427803,0.5099302200751477,0.41599570585077833,0.18115942028985507,0.13419216317767044,,,,,
15,31.904186795491142,33.41384863123994,9.621578099838969,1.6841116478797638,22.134997316156735,0.5099302200751477,0.41599570585077833,0.18115942028985507,0.13419216317767044,,,,,
16,30.67632850241546,33.742619431025226,10.420021470746109,1.8250134192163177,22.094739667203434,0.5099302200751477,0.41599570585077833,0.18115942028985507,0.13419216317767044,,,,,
17,30.615942028985508,32.018250134192165,10.420021470746109,2.100107353730542,21.947128287707997,0.5099302200751477,0.5501878690284487,1.7042404723564144,0.13419216317767044,,,,,
18,23.10789049919485,32.367149758454104,8.541331186258722,3.0394524959742353,30.16639828234031,,0.8923778851315083,1.8183038110574343,0.06709608158883522,,,,,
19,21.712292002147073,30.09259259259259,8.541331186258722,2.985775630703167,32.340311325818575,1.6103059581320451,0.7917337627482555,1.6774020397208802,0.06709608158883522,0.18115942028985507,,,,
20,19.706119162640903,19.96779388083736,7.051798174986581,2.898550724637681,44.68599033816425,1.5499194847020934,2.214170692431562,1.6774020397208802,0.06709608158883522,0.18115942028985507,,,,
21,19.706119162640903,19.49141170155663,9.500805152979066,1.6908212560386473,41.26409017713365,4.206924315619967,2.187332259796028,1.6774020397208802,0.0939345142243693,0.18115942028985507,,,,
22,18.19645732689211,27.78448738593666,6.5485775630703165,1.90552871712292,41.6935050993022,2.6435856146001075,0.8185721953837896,0.2885131508319914,0.0939345142243693,0.026838432635534086,,,,
23,15.385131508319914,24.9194847020934,5.072463768115942,1.9390767579173376,45.71256038647343,2.6033279656468062,0.8454106280193237,3.4017713365539453,0.05367686527106817,0.06709608158883522,,,,
24,15.405260332796564,24.765163714439076,5.072463768115942,1.9390767579173376,45.390499194847024,2.6033279656468062,0.9930220075147611,3.7104133118625873,0.05367686527106817,0.06709608158883522,,,,
25,15.505904455179817,24.65780998389694,5.032206119162641,1.9390767579173376,45.330112721417066,2.6033279656468062,1.1003757380568975,3.7104133118625873,0.05367686527106817,0.06709608158883522,,,,
26,15.613258185721953,24.48336017176597,5.005367686527107,2.0665593129361244,45.22275899087493,2.636876006441224,1.1272141706924315,3.69699409554482,0.08051529790660225,0.06709608158883522,,,,
27,15.619967793880837,24.255233494363928,4.924852388620504,2.3349436392914655,44.87385936661299,2.328234031132582,1.3150831991411702,3.69699409554482,0.5837359098228664,0.06709608158883522,,,,
28,15.774288781535159,22.893183038110575,4.924852388620504,1.9726247987117553,46.3365539452496,2.328234031132582,1.4224369296833066,3.69699409554482,0.5837359098228664,0.06709608158883522,,,,
29,15.874932903918411,21.55126140633387,4.924852388620504,2.0128824476650564,46.141975308641975,2.328234031132582,1.4559849704777241,5.059044551798175,0.5837359098228664,0.06709608158883522,,,,
30,13.298443370907139,21.20907139023081,4.643048845947397,2.0263016639828235,49.724906065485776,2.7308105206655933,1.1205045625335481,5.059044551798175,0.12077294685990338,0.06709608158883522,,,,
31,13.399087493290391,21.07487922705314,5.609232420826624,2.0531400966183573,49.302200751476114,2.1135265700483092,1.247987117552335,5.059044551798175,0.12077294685990338,0.020128824476650563,,,,
32,13.43263553408481,20.833333333333332,5.609232420826624,2.2946859903381642,49.24852388620504,2.1135265700483092,1.2681159420289856,5.059044551798175,0.12077294685990338,0.020128824476650563,,,,
33,13.560118089103597,20.679012345679013,5.609232420826624,2.4221685453569513,49.20826623725174,2.100107353730542,1.2681159420289856,5.01207729468599,0.12077294685990338,0.020128824476650563,,,,
34,13.613794954374665,20.645464304884594,5.642780461621041,2.4221685453569513,48.95330112721417,2.100107353730542,1.4694041867954912,5.01207729468599,0.12077294685990338,0.020128824476650563,,,,
35,8.84326355340848,33.15217391304348,5.709876543209877,1.3821792807300053,42.54562533548041,1.8585614600107354,1.288244766505636,5.01207729468599,0.1878690284487386,0.020128824476650563,,,,
36,8.105206655931294,33.15217391304348,5.683038110574342,1.3553408480944713,43.16961889425657,2.0128824476650564,1.288244766505636,4.998658078368224,0.2147074610842727,0.020128824476650563,,,,
37,7.809983896940419,26.435856146001072,5.273752012882448,0.9125067096081588,52.24771873322598,1.2144390767579174,0.9192163177670424,5.032206119162641,0.15432098765432098,,,,,
38,7.37385936661299,23.792270531400966,6.3137412775093935,0.8387010198604401,51.650563607085346,1.2077294685990339,0.9125067096081588,7.742887815351583,0.16774020397208803,,,,,
39,6.038647342995169,25.49651100375738,6.293612453032743,1.0131508319914118,51.10708534621578,1.2077294685990339,0.9326355340848095,7.742887815351583,0.16774020397208803,,,,,
40,6.0587761674718195,24.14787976382179,6.293612453032743,1.556629092860977,50.30864197530864,1.7310789049919484,0.9057971014492754,8.829844337090714,0.16774020397208803,,,,,
41,6.213097155126141,23.812399355877616,6.213097155126141,1.7646269457863661,49.82555018786903,1.7310789049919484,1.4492753623188406,8.82313472893183,0.16774020397208803,,,,,
42,6.260064412238325,23.792270531400966,6.213097155126141,1.7646269457863661,49.785292538915726,1.7310789049919484,1.4626945786366077,8.82313472893183,0.16774020397208803,,,,,
43,6.461352657004831,23.70504562533548,6.213097155126141,1.7646269457863661,49.6309715512614,1.7310789049919484,1.5230810520665594,8.80300590445518,0.16774020397208803,,,,,
44,6.5485775630703165,22.5979602791197,8.36688137412775,1.8183038110574343,49.282071926999464,1.7310789049919484,1.8115942028985508,7.675791733762749,0.16774020397208803,,,,,
45,6.380837359098229,21.658615136876005,7.682501341921632,1.42914653784219,51.831723027375205,1.2077294685990339,2.0799785292538915,7.561728395061729,0.16774020397208803,,,,,
46,6.380837359098229,19.82018250134192,9.440418679549115,1.482823403113258,52.442297369833604,1.0869565217391304,2.1068169618894257,6.890767579173376,0.3488996242619431,,,,,
47,5.8239398819108965,17.136339237788512,13.553408480944713,1.4694041867954912,45.6857219538379,8.05823939881911,2.0665593129361244,5.891035963499732,0.3153515834675255,,,,,
48,5.911164787976382,15.083199141170155,12.989801395598498,1.3821792807300053,45.44417606011809,8.05823939881911,2.2611379495437465,8.521202361782072,0.3153515834675255,,0.03354804079441761,,,
49,5.736714975845411,11.788781535158346,16.31105743424584,1.1137949543746646,46.89345142243693,9.252549651100376,2.368491680085883,6.1862587224906065,0.3153515834675255,,0.03354804079441761,,,
50,5.683038110574342,10.869565217391305,21.638486312399355,1.3553408480944713,45.819914117015564,5.642780461621041,2.368491680085883,6.1862587224906065,0.4025764895330113,,0.03354804079441761,,,
51,5.837359098228664,10.86285560923242,21.584809447128286,1.3553408480944713,45.69243156199678,5.642780461621041,2.428878153515835,6.159420289855072,0.4025764895330113,,0.03354804079441761,,,
52,6.038647342995169,10.762211486849168,21.430488459473967,1.4224369296833066,44.618894256575416,6.6760601180891035,2.442297369833602,6.025228126677402,0.46967257112184646,,0.03354804079441761,0.08051529790660225,,
53,5.964841653247451,10.453569511540525,27.01959205582394,1.3821792807300053,37.64761137949544,8.682232957595277,2.328234031132582,6.005099302200751,0.4025764895330113,,0.03354804079441761,0.08051529790660225,,
54,5.891035963499732,10.453569511540525,27.415458937198068,1.3821792807300053,37.17122920021471,8.682232957595277,2.368491680085883,6.005099302200751,0.5166398282340311,,0.03354804079441761,0.08051529790660225,,
55,5.146269457863661,14.163982823403114,28.576221148684915,0.8521202361782072,37.30542136339238,6.454643048845948,3.1602254428341383,3.730542136339238,0.5367686527106817,,0.03354804079441761,0.040257648953301126,,
56,5.152979066022544,14.130434782608695,24.610842726784757,1.751207729468599,42.028985507246375,4.750402576489533,3.294417606011809,3.730542136339238,0.47638217928073,,0.03354804079441761,0.040257648953301126,,
57,5.199946323134729,13.862050456253355,24.4699409554482,1.8183038110574343,41.40499194847021,5.139559849704777,3.824476650563607,3.730542136339238,0.47638217928073,,0.03354804079441761,0.040257648953301126,,
58,5.146269457863661,12.828770799785293,29.810789049919485,1.8451422436929683,37.60735373054214,5.12614063338701,3.8714439076757916,3.2139023081052067,0.4092860976918948,0.06709608158883522,0.03354804079441761,0.040257648953301126,,
59,5.35426731078905,12.681159420289855,29.139828234031132,1.8719806763285025,37.43961352657005,5.750134192163178,3.9989264626945786,3.2139023081052067,0.4092860976918948,0.06709608158883522,0.03354804079441761,0.040257648953301126,,
60,5.676328502415459,12.560386473429952,28.958668813741276,1.8719806763285025,37.31213097155126,5.723295759527644,4.03918411164788,3.1870638754696725,0.5300590445517982,0.06709608158883522,0.03354804079441761,0.040257648953301126,,
61,5.763553408480945,12.5,28.871443907675793,2.033011272141707,37.15780998389694,5.723295759527644,4.019055287171229,3.1870638754696725,0.6038647342995169,0.06709608158883522,0.03354804079441761,0.040257648953301126,,
62,4.951690821256038,10.61460010735373,27.697262479871174,1.7914653784219001,41.1231884057971,5.488459473966721,4.40150295222759,3.1870638754696725,0.6038647342995169,0.06709608158883522,0.03354804079441761,0.040257648953301126,,
63,5.059044551798175,10.433440687063875,27.455716586151368,1.6304347826086956,40.82125603864734,6.159420289855072,4.53569511540526,3.1602254428341383,0.6038647342995169,0.06709608158883522,0.03354804079441761,0.040257648953301126,,
64,5.0993022007514766,10.420021470746109,27.408749329039185,1.6304347826086956,40.80112721417069,6.159420289855072,4.53569511540526,3.1602254428341383,0.644122383252818,0.06709608158883522,0.03354804079441761,0.040257648953301126,,
65,5.0993022007514766,10.420021470746109,27.408749329039185,1.6237251744498122,40.64680622651637,6.159420289855072,4.696725711218465,3.1602254428341383,0.644122383252818,0.06709608158883522,0.03354804079441761,0.040257648953301126,,
66,5.199946323134729,10.305958132045088,27.34165324745035,1.6438539989264627,40.54616210413312,6.025228126677402,4.4820182501341925,3.670155662909286,0.644122383252818,0.06709608158883522,0.03354804079441761,0.040257648953301126,,
67,5.273752012882448,10.299248523886206,27.34165324745035,1.6237251744498122,40.465646806226516,6.025228126677402,4.542404723564144,3.5762211486849167,0.644122383252818,0.13419216317767044,0.03354804079441761,0.040257648953301126,,
68,5.287171229200215,10.299248523886206,27.34165324745035,1.6035963499731616,40.13687600644123,6.052066559312936,4.824208266237251,3.5762211486849167,0.6709608158883521,0.13419216317767044,0.03354804079441761,0.040257648953301126,,
69,2.13365539452496,14.620236178207193,27.234299516908212,1.4694041867954912,39.05662909286098,5.991680085882985,5.112721417069243,3.5225442834138487,0.6709608158883521,0.11406333870101985,0.03354804079441761,0.040257648953301126,,
70,2.0799785292538915,13.955984970477724,29.025764895330113,1.596886741814278,36.493558776167475,7.897208803005904,4.582662372517445,3.5091250670960816,0.6709608158883521,0.11406333870101985,0.03354804079441761,0.040257648953301126,,
71,2.1135265700483092,13.479602791196994,25.087224906065487,2.059849704777241,40.62667740203972,7.87037037037037,4.622920021470746,3.5091250670960816,0.4428341384863124,0.11406333870101985,0.03354804079441761,0.040257648953301126,,
72,2.1135265700483092,13.479602791196994,25.087224906065487,2.059849704777241,40.62667740203972,7.87037037037037,4.622920021470746,3.5091250670960816,0.4428341384863124,0.11406333870101985,0.03354804079441761,0.040257648953301126,,
73,2.214170692431562,13.405797101449275,24.731615673644658,2.2074610842726785,40.344873859366615,8.313204508856682,4.696725711218465,3.374932903918411,0.4830917874396135,0.11406333870101985,0.03354804079441761,0.08051529790660225,,
74,2.2946859903381642,13.399087493290391,24.530327428878152,2.214170692431562,40.163714439076756,8.313204508856682,4.8376274825550185,3.361513687600644,0.630703166935051,0.14090177133655393,0.03354804079441761,0.08051529790660225,,
75,2.341653247450349,13.399087493290391,23.91304347826087,2.3550724637681157,40.13016639828234,8.313204508856682,5.300590445517981,3.361513687600644,0.630703166935051,0.14090177133655393,0.03354804079441761,0.08051529790660225,,
76,2.462426194310252,13.399087493290391,23.872785829307567,2.3550724637681157,39.91545893719807,8.279656468062266,5.441492216854535,3.361513687600644,0.6575415995705851,0.14090177133655393,0.03354804079441761,0.08051529790660225,,
77,2.5697799248523885,13.385668276972625,23.845947396672035,2.314814814814815,39.83494363929147,8.279656468062266,5.441492216854535,3.361513687600644,0.7112184648416533,0.14090177133655393,0.03354804079441761,0.08051529790660225,,
78,2.6972624798711755,13.22463768115942,23.845947396672035,2.314814814814815,38.84192163177671,9.31964573268921,5.434782608695652,3.3548040794417604,0.7112184648416533,0.14090177133655393,0.03354804079441761,0.08051529790660225,,
79,2.690552871712292,13.22463768115942,21.276167471819647,2.1940418679549114,41.438539989264626,9.306226516371444,5.522007514761138,3.3413848631239937,0.7514761137949544,0.14090177133655393,0.03354804079441761,0.08051529790660225,,
80,2.657004830917874,11.768652710681696,21.22249060654858,2.167203435319377,43.565485775630705,8.648684916800859,5.60252281266774,3.3145464304884595,0.798443370907139,0.14090177133655393,0.03354804079441761,0.08051529790660225,,
81,2.703972088030059,11.647879763821793,21.182232957595275,2.254428341384863,43.565485775630705,8.648684916800859,5.60252281266774,3.2877079978529253,0.8521202361782072,0.14090177133655393,0.03354804079441761,0.08051529790660225,,
82,2.576489533011272,11.131239935587761,25.939345142243692,2.328234031132582,39.741009125067094,8.239398819108963,5.481749865807837,3.361513687600644,0.9460547504025765,0.14090177133655393,0.03354804079441761,0.08051529790660225,,
83,2.6838432635534084,11.131239935587761,25.89908749329039,2.281266774020397,39.720880300590444,8.145464304884594,5.46833064949007,3.361513687600644,1.0534084809447128,0.14090177133655393,0.03354804079441761,0.08051529790660225,,
84,2.7241009125067097,11.131239935587761,25.85212023617821,2.281266774020397,39.700751476113794,8.145464304884594,5.46833064949007,3.361513687600644,1.0802469135802468,0.14090177133655393,0.03354804079441761,0.08051529790660225,,
85,2.771068169618894,11.131239935587761,25.81857219538379,2.281266774020397,39.700751476113794,8.132045088566828,5.46833064949007,3.361513687600644,1.0802469135802468,0.14090177133655393,0.03354804079441761,0.08051529790660225,,
86,2.7442297369833604,11.131239935587761,25.127482555018787,2.281266774020397,39.34514224369297,9.084809447128288,5.46833064949007,3.4017713365539453,1.1607622114868492,0.14090177133655393,0.03354804079441761,0.08051529790660225,,
87,2.757648953301127,11.131239935587761,24.14117015566291,2.281266774020397,38.217928073000536,9.66183574879227,5.273752012882448,5.152979066022544,1.1272141706924315,0.14090177133655393,0.03354804079441761,0.08051529790660225,,
88,2.7777777777777777,11.037305421363392,24.14117015566291,2.2611379495437465,38.197799248523886,9.588030059044552,5.273752012882448,5.119431025228127,1.3486312399355878,0.14090177133655393,0.03354804079441761,0.08051529790660225,,
89,2.7509393451422435,11.010466988727858,24.698067632850243,2.2745571658615136,37.68786902844874,9.588030059044552,5.340848094471283,5.119431025228127,1.2748255501878691,0.14090177133655393,0.03354804079441761,0.08051529790660225,,
90,2.818035426731079,10.943370907139023,24.382716049382715,3.656736446591519,36.73510466988728,9.588030059044552,5.139559849704777,5.24020397208803,1.2412775093934514,0.14090177133655393,0.03354804079441761,0.08051529790660225,,
91,2.918679549114332,10.889694041867955,24.14117015566291,4.139828234031133,36.33252818035427,9.588030059044552,5.199946323134729,5.213365539452496,1.3217928073000538,0.14090177133655393,0.03354804079441761,0.08051529790660225,,
92,3.026033279656468,10.581052066559312,26.912238325281802,4.180085882984434,33.8365539452496,8.57487922705314,6.038647342995169,5.10601180891036,1.415727321524423,0.14090177133655393,0.03354804079441761,0.15432098765432098,,
93,3.0193236714975846,10.581052066559312,26.778046162104133,3.388352120236178,35.17176596886742,8.561460010735374,5.703166935050993,5.052334943639291,1.415727321524423,0.14090177133655393,0.03354804079441761,0.15432098765432098,,
94,3.166935050993022,10.540794417606012,26.7512077294686,3.388352120236178,34.54777241009125,8.53462157809984,6.273483628556092,5.052334943639291,1.415727321524423,0.14090177133655393,0.03354804079441761,0.15432098765432098,,
95,3.0730005367686526,10.399892646269459,27.03972088030059,3.5829307568438002,37.15780998389694,7.011540526033279,5.850778314546431,4.300858829844337,1.3150831991411702,0.0939345142243693,0.020128824476650563,0.15432098765432098,,
96,3.1535158346752548,10.38647342995169,27.012882447665056,3.5829307568438002,36.56736446591519,7.011540526033279,5.884326355340848,4.817498658078368,1.3150831991411702,0.0939345142243693,0.020128824476650563,0.15432098765432098,,
97,3.240740740740741,10.38647342995169,26.42914653784219,3.5829307568438002,36.15807836822329,6.857219538378959,5.884326355340848,5.877616747181965,1.3150831991411702,0.0939345142243693,0.020128824476650563,0.15432098765432098,,
98,3.3480944712828773,10.359634997316157,26.39559849704777,3.7104133118625873,35.97691894793344,6.857219538378959,5.891035963499732,5.877616747181965,1.3150831991411702,0.0939345142243693,0.020128824476650563,0.15432098765432098,,
99,3.3950617283950617,10.34621578099839,26.32850241545894,3.7238325281803544,35.96349973161568,6.857219538378959,5.938003220611916,5.864197530864198,1.3150831991411702,0.0939345142243693,0.020128824476650563,0.15432098765432098,,
100,0.8521202361782072,70.69243156199678,5.649490069779925,1.8451422436929683,10.601180891035963,5.152979066022544,1.90552871712292,2.85829307568438,0.4428341384863124,,,,,
101,0.8923778851315083,70.2361782071927,5.562265163714439,2.2879763821792807,10.601180891035963,5.12614063338701,2.01959205582394,2.85829307568438,0.41599570585077833,,,,,
102,0.9057971014492754,70.1086956521739,5.562265163714439,2.4154589371980677,10.601180891035963,5.12614063338701,2.01959205582394,2.844873859366613,0.41599570585077833,,,,,
103,1.0064412238325282,69.92753623188406,5.562265163714439,2.49597423510467,10.527375201288244,5.112721417069243,2.1068169618894257,2.844873859366613,0.41599570585077833,,,,,
104,1.1406333870101986,69.63902308105207,5.562265163714439,2.677133655394525,10.527375201288244,5.0993022007514766,2.1068169618894257,2.831454643048846,0.41599570585077833,,,,,
105,1.1741814278046163,69.61889425657542,5.562265163714439,2.677133655394525,10.513955984970478,5.0993022007514766,2.1068169618894257,2.831454643048846,0.41599570585077833,,,,,
106,1.261406333870102,68.20316693505099,5.381105743424584,4.025764895330113,10.34621578099839,5.092592592592593,2.1068169618894257,3.166935050993022,0.41599570585077833,,,,,
107,1.4224369296833066,68.02200751476114,5.381105743424584,4.092860976918948,10.299248523886206,5.092592592592593,2.1068169618894257,3.166935050993022,0.41599570585077833,,,,,
108,1.596886741814278,67.8341384863124,5.360976918947934,4.455179817498658,9.916800858829845,5.0791733762748255,2.1739130434782608,3.166935050993022,0.41599570585077833,,,,,
109,1.4626945786366077,63.30515297906602,3.3548040794417604,3.6768652710681695,16.57944176060118,4.9651100375738055,1.4626945786366077,4.683306494900698,0.5099302200751477,,,,,
110,1.482823403113258,54.78395061728395,3.33467525496511,3.4957058507783145,16.55931293612453,4.9651100375738055,1.4626945786366077,13.405797101449275,0.5099302200751477,,,,,
111,1.6237251744498122,54.5625335480408,3.2541599570585076,3.7775093934514223,16.472088030059044,4.958400429414922,1.4626945786366077,13.378958668813741,0.5099302200751477,,,,,
112,1.6908212560386473,54.39479334406871,3.2340311325818574,3.8311862587224907,16.411701556629094,5.025496511003757,1.5230810520665594,13.378958668813741,0.5099302200751477,,,,,
113,1.7713365539452497,54.25389157273215,3.2340311325818574,3.8915727321524423,16.411701556629094,5.025496511003757,1.5230810520665594,13.22463768115942,0.5099302200751477,,0.15432098765432098,,,
114,1.751207729468599,53.54938271604938,3.2340311325818574,4.636339237788513,16.35131508319914,5.01207729468599,1.596886741814278,13.191089640365004,0.5099302200751477,0.013419216317767043,0.15432098765432098,,,
115,1.6505636070853462,50.80515297906602,3.2340311325818574,7.7361782071927,16.35131508319914,5.152979066022544,1.4962426194310252,12.895866881374127,0.5099302200751477,0.013419216317767043,0.15432098765432098,,,
116,1.7176596886741815,50.617283950617285,3.2340311325818574,7.1725711218464845,16.29092860976919,5.152979066022544,1.5297906602254427,12.895866881374127,0.5099302200751477,0.013419216317767043,0.8655394524959742,,,
117,1.8719806763285025,50.348899624261946,3.2340311325818574,7.333601717659689,16.25067096081589,5.052334943639291,1.5163714439076759,12.372517444981213,0.630703166935051,0.013419216317767043,1.3754696725711217,,,
118,1.9256575415995705,50.32877079978529,3.2340311325818574,6.9243156199677935,16.015834675254965,5.052334943639291,1.724369296833065,12.372517444981213,1.0332796564680622,0.013419216317767043,1.3754696725711217,,,
119,1.9927536231884058,50.033548040794415,3.207192699946323,7.051798174986581,15.566290928609769,5.60252281266774,1.724369296833065,12.285292538915728,1.0332796564680622,0.1274825550187869,1.3754696725711217,,,
120,2.120236178207193,49.946323134728935,3.207192699946323,7.051798174986581,15.566290928609769,5.60252281266774,1.724369296833065,12.245034889962426,1.0332796564680622,0.1274825550187869,1.3754696725711217,,,
121,2.0128824476650564,40.54616210413312,15.955448201825014,6.736446591519055,15.485775630703166,5.60252281266774,1.7713365539452497,9.400161030595813,1.0332796564680622,0.2214170692431562,1.221148684916801,0.013419216317767043,,
122,2.0531400966183573,40.264358561460014,15.854804079441761,6.984702093397746,13.647342995169081,5.60252281266774,3.603059581320451,9.400161030595813,1.133923778851315,0.2214170692431562,1.221148684916801,0.013419216317767043,,
123,2.0665593129361244,40.15029522275899,16.411701556629094,7.098765432098766,13.647342995169081,5.119431025228127,3.5762211486849167,9.359903381642512,1.1137949543746646,0.2214170692431562,1.221148684916801,0.013419216317767043,,
124,2.120236178207193,39.52630166398282,16.15673644659152,7.702630166398282,13.627214170692431,5.025496511003757,3.535963499731616,9.359903381642512,1.3687600644122384,0.35560923242082665,1.2077294685990339,0.013419216317767043,,
125,1.8451422436929683,37.35909822866345,15.76086956521739,10.185185185185185,12.218196457326892,7.5348899624261945,3.0931293612453032,9.31964573268921,1.2412775093934514,0.2214170692431562,1.2077294685990339,0.013419216317767043,,
126,1.932367149758454,37.21819645732689,15.559581320450885,10.426731078904991,12.218196457326892,7.474503488996243,3.0931293612453032,9.31964573268921,1.2748255501878691,0.2616747181964573,1.2077294685990339,0.013419216317767043,,
127,1.9994632313472893,37.124261943102525,15.546162104133119,10.48040794417606,12.218196457326892,7.447665056360709,3.0931293612453032,9.25925925925926,1.288244766505636,0.2616747181964573,1.2681159420289856,0.013419216317767043,,
128,2.2074610842726785,36.77536231884058,15.546162104133119,10.72866344605475,12.184648416532475,7.4208266237251745,3.0931293612453032,9.219001610305957,1.288244766505636,0.2616747181964573,1.261406333870102,0.013419216317767043,,
129,2.3215244229736984,36.66129898013956,15.5126140633387,10.721953837895867,12.157809983896941,7.4208266237251745,3.166935050993022,9.212292002147075,1.288244766505636,0.2616747181964573,1.261406333870102,0.013419216317767043,,
130,2.227589908749329,34.49409554482018,15.49248523886205,8.997584541062801,11.20504562533548,7.340311325818572,3.166935050993022,14.170692431561998,1.3687600644122384,0.2616747181964573,1.261406333870102,0.013419216317767043,,
131,2.281266774020397,34.48067632850242,15.438808373590982,9.024422973698336,11.18491680085883,7.340311325818572,3.1602254428341383,14.130434782608695,1.4224369296833066,0.2616747181964573,1.261406333870102,0.013419216317767043,,
132,2.301395598497048,34.13177670424047,18.263553408480945,8.225979602791197,10.983628556092324,7.239667203435319,3.026033279656468,12.76838432635534,1.5230810520665594,0.2616747181964573,1.261406333870102,0.013419216317767043,,
133,2.167203435319377,33.36688137412775,11.2788513150832,8.132045088566828,10.95679012345679,15.351583467525497,3.026033279656468,13.003220611916264,1.1808910359634996,0.2616747181964573,1.261406333870102,0.013419216317767043,,
134,2.281266774020397,30.951422436929683,11.245303274288782,11.097691894793345,10.95679012345679,15.324745034889963,3.026033279656468,12.399355877616747,1.1808910359634996,0.2616747181964573,1.261406333870102,0.013419216317767043,,
135,2.341653247450349,30.897745571658614,11.245303274288782,11.097691894793345,10.95679012345679,15.297906602254429,3.026033279656468,12.305421363392378,1.1808910359634996,0.2616747181964573,1.261406333870102,0.1274825550187869,,
136,2.3886205045625335,30.67632850241546,11.231884057971014,11.245303274288782,10.923242082662373,15.116747181964573,3.026033279656468,12.305421363392378,1.415727321524423,0.2616747181964573,1.261406333870102,0.14761137949543746,,
137,2.49597423510467,30.14626945786366,11.211755233494364,10.943370907139023,10.869565217391305,18.80703166935051,3.066290928609769,9.333064949006978,1.415727321524423,0.30193236714975846,1.2345679012345678,0.14761137949543746,0.026838432635534086,
138,2.6167471819645733,30.119431025228128,11.16478797638218,10.943370907139023,10.836017176596886,18.766774020397207,3.0931293612453032,9.333064949006978,1.415727321524423,0.30193236714975846,1.2345679012345678,0.14761137949543746,0.026838432635534086,
139,2.623456790123457,29.938271604938272,11.124530327428879,11.097691894793345,10.809178743961352,18.766774020397207,3.180354267310789,9.333064949006978,1.415727321524423,0.30193236714975846,1.2345679012345678,0.14761137949543746,0.026838432635534086,
140,2.61003757380569,29.62962962962963,10.909822866344605,11.366076221148685,10.768921095008052,18.760064412238325,3.2877079978529253,9.333064949006978,1.6237251744498122,0.30193236714975846,1.2345679012345678,0.14761137949543746,0.026838432635534086,
141,2.636876006441224,29.602791196994094,10.909822866344605,11.2788513150832,10.721953837895867,18.726516371443907,3.1870638754696725,9.373322597960279,1.6237251744498122,0.30193236714975846,1.3419216317767042,0.2683843263553409,0.026838432635534086,
142,2.589908749329039,29.51556629092861,10.628019323671497,10.339506172839506,10.21202361782072,19.464573268921097,3.1468062265163717,10.493827160493828,1.7310789049919484,0.30193236714975846,1.2815351583467525,0.2683843263553409,0.026838432635534086,
143,2.4892646269457863,27.85829307568438,10.36634460547504,12.432903918411165,10.21202361782072,19.612184648416534,2.965646806226516,10.466988727858293,1.7176596886741815,0.30193236714975846,1.2815351583467525,0.2683843263553409,0.026838432635534086,
144,2.589908749329039,27.75764895330113,8.896940418679549,12.473161567364466,10.205314009661835,17.901234567901234,2.999194847020934,13.875469672571121,1.402308105206656,0.322061191626409,1.2815351583467525,0.2683843263553409,0.026838432635534086,
145,2.6704240472356413,26.69753086419753,8.849973161567364,13.560118089103597,10.178475577026301,17.800590445517983,2.985775630703167,13.855340848094471,1.5029522275899088,0.322061191626409,1.2815351583467525,0.2683843263553409,0.026838432635534086,
146,2.6502952227589907,26.37546967257112,8.836553945249598,13.58695652173913,10.178475577026301,17.20343531937735,2.985775630703167,14.673913043478262,1.5029522275899088,0.4294149221685454,1.2546967257112185,0.2683843263553409,0.026838432635534086,0.026838432635534086
147,2.737520128824477,26.241277509393452,8.836553945249598,13.654052603327965,10.124798711755233,17.03569511540526,2.9924852388620504,14.868491680085883,1.5029522275899088,0.4294149221685454,1.2546967257112185,0.2683843263553409,0.026838432635534086,0.026838432635534086
148,2.7844873859366612,26.207729468599034,8.836553945249598,13.747987117552334,10.124798711755233,16.941760601180892,2.9924852388620504,14.801395598497047,1.5029522275899088,0.4294149221685454,1.2546967257112185,0.322061191626409,0.026838432635534086,0.026838432635534086
149,2.804616210413312,23.825818572195384,15.848094471282877,12.647611379495437,10.104669887278583,16.914922168545356,2.918679549114332,11.922973698336017,1.4626945786366077,0.4294149221685454,0.7716049382716049,0.322061191626409,,0.026838432635534086
150,2.8650026838432634,23.658078368223297,16.51905528717123,12.661030595813205,10.057702630166398,16.358024691358025,2.918679549114332,11.922973698336017,1.4895330112721417,0.4294149221685454,0.7716049382716049,0.322061191626409,,0.026838432635534086
151,2.932098765432099,23.65136876006441,16.35131508319914,12.667740203972087,10.044283413848632,16.33118625872249,2.965646806226516,11.882716049382717,1.6237251744498122,0.4294149221685454,0.7716049382716049,0.322061191626409,,0.026838432635534086
152,2.9052603327965647,22.906602254428343,15.868223295759528,12.506709608158884,9.722222222222221,18.14278046162104,2.8650026838432634,11.882716049382717,1.6237251744498122,0.4562533548040794,0.7716049382716049,0.322061191626409,,0.026838432635534086
153,3.0394524959742353,22.805958132045088,15.767579173376275,12.5,9.695383789586689,18.183038110574344,2.9924852388620504,11.822329575952764,1.6170155662909287,0.4562533548040794,0.7716049382716049,0.322061191626409,,0.026838432635534086
154,3.099838969404187,22.779119699409556,15.734031132581856,12.5,9.695383789586689,18.42458400429415,2.9924852388620504,11.54723564143854,1.6505636070853462,0.4562533548040794,0.7716049382716049,0.322061191626409,,0.026838432635534086
155,3.1602254428341383,22.69189479334407,15.713902308105206,12.560386473429952,9.64170692431562,18.391035963499732,3.026033279656468,11.54723564143854,1.6706924315619969,0.47638217928073,0.7716049382716049,0.322061191626409,,0.026838432635534086
156,3.280998389694042,22.6784755770263,15.566290928609769,12.560386473429952,9.64170692431562,18.310520665593128,3.166935050993022,11.506977992485238,1.6774020397208802,0.47638217928073,0.7716049382716049,0.33548040794417605,,0.026838432635534086
157,3.421900161030596,22.61808910359635,15.546162104133119,12.567096081588835,9.64170692431562,18.243424584004295,3.099838969404187,11.506977992485238,1.6774020397208802,0.47638217928073,0.8051529790660226,0.36902844873859364,,0.026838432635534086
158,3.3413848631239937,22.41009125067096,13.848631239935587,12.627482555018787,9.621578099838969,17.96833064949007,2.898550724637681,13.882179280730005,1.6237251744498122,0.5636070853462157,0.8185721953837896,0.36902844873859364,,0.026838432635534086
159,3.4621578099838968,22.41009125067096,13.79495437466452,12.593934514224369,9.621578099838969,17.941492216854535,2.898550724637681,13.848631239935587,1.6237251744498122,0.5904455179817498,0.8185721953837896,0.36902844873859364,,0.026838432635534086
160,3.4957058507783145,22.41009125067096,13.66076221148685,12.593934514224369,9.608158883521202,17.901234567901234,3.026033279656468,13.848631239935587,1.6505636070853462,0.5904455179817498,0.8185721953837896,0.36902844873859364,,0.026838432635534086
161,3.603059581320451,22.342995169082126,13.647342995169081,12.47987117552335,9.333064949006978,17.807300053676865,3.026033279656468,14.11701556629093,1.6505636070853462,0.6977992485238862,0.9125067096081588,0.35560923242082665,,0.026838432635534086
162,3.603059581320451,21.081588835212024,13.593666129898015,12.191358024691358,8.420558239398819,20.652173913043477,2.7777777777777777,14.110305958132045,1.6505636070853462,0.6239935587761675,0.9125067096081588,0.35560923242082665,,0.026838432635534086
163,3.717122920021471,21.027911969940956,13.553408480944713,12.191358024691358,8.393719806763285,20.759527643585614,2.804616210413312,13.935856146001074,1.6304347826086956,0.6374127750939346,0.9125067096081588,0.4092860976918948,,0.026838432635534086
164,3.4957058507783145,17.23027375201288,13.513150831991412,11.084272678475577,8.085077831454644,28.73725174449812,2.804616210413312,11.439881910896403,1.6304347826086956,0.630703166935051,0.9125067096081588,0.4092860976918948,,0.026838432635534086
165,3.6768652710681695,17.19001610305958,13.479602791196994,11.084272678475577,8.07836822329576,28.71712292002147,2.804616210413312,11.439881910896403,1.6170155662909287,0.5636070853462157,0.9125067096081588,0.4092860976918948,,0.026838432635534086
166,3.7372517444981215,17.07595276435856,13.466183574879228,11.20504562533548,8.05823939881911,28.690284487385938,2.7979066022544283,11.305689747718732,1.6170155662909287,0.5636070853462157,0.9125067096081588,0.5434782608695652,,0.026838432635534086
167,3.1535158346752548,15.28448738593666,10.332796564680622,11.949812130971551,23.329307568438004,21.544551798174986,2.8650026838432634,8.53462157809984,1.1876006441223832,0.46296296296296297,0.9125067096081588,0.41599570585077833,,0.026838432635534086
168,3.2206119162640903,15.28448738593666,10.319377348362856,11.949812130971551,23.17498658078368,21.524422973698336,2.985775630703167,8.53462157809984,1.1876006441223832,0.46296296296296297,0.9125067096081588,0.41599570585077833,,0.026838432635534086
169,3.3279656468062266,15.28448738593666,10.158346752549651,12.298711755233494,22.309447128287708,21.598228663446054,4.2270531400966185,7.937466451959206,1.1540526033279657,0.46296296296296297,0.9125067096081588,0.30193236714975846,,0.026838432635534086
170,3.374932903918411,15.217391304347826,10.158346752549651,12.365807836822329,22.282608695652176,21.584809447128286,4.2270531400966185,7.930756843800322,1.1540526033279657,0.46296296296296297,0.9125067096081588,0.30193236714975846,,0.026838432635534086
171,3.4017713365539453,15.163714439076758,10.158346752549651,12.432903918411165,22.25577026301664,21.604938271604937,4.2270531400966185,7.9039184111647875,1.1943102522812667,0.41599570585077833,0.9125067096081588,0.30193236714975846,,0.026838432635534086
172,3.421900161030596,14.935587761674718,10.124798711755233,12.352388620504563,22.23564143853999,20.954106280193237,5.186527106816962,7.9039184111647875,1.1943102522812667,0.4495437466451959,0.9125067096081588,0.30193236714975846,,0.026838432635534086
173,3.5091250670960816,14.935587761674718,10.084541062801932,12.338969404186795,22.114868491680085,20.90042941492217,5.213365539452496,7.890499194847021,1.3016639828234031,0.5233494363929146,0.8588298443370908,0.30193236714975846,,0.026838432635534086
174,3.44873859366613,14.264626945786366,9.688674181427805,13.687600644122384,22.014224369296834,20.52469135802469,5.314009661835748,7.883789586688137,1.3150831991411702,0.6709608158883521,0.8588298443370908,0.30193236714975846,,0.026838432635534086
175,3.5628019323671496,14.090177133655395,9.681964573268921,13.6808910359635,21.564680622651636,21.43719806763285,5.159688674181428,7.6556629092860975,1.3083735909822867,0.6709608158883521,0.8588298443370908,0.30193236714975846,,0.026838432635534086
176,3.643317230273752,13.580246913580247,9.648416532474503,14.325013419216317,21.410359634997317,21.32313472893183,5.139559849704777,7.628824476650563,1.442565754159957,0.6709608158883521,0.8588298443370908,0.30193236714975846,,0.026838432635534086
177,3.656736446591519,13.45276435856146,9.400161030595813,14.506172839506172,21.39694041867955,21.470746108427267,5.045625335480408,8.105206655931294,1.415727321524423,0.6709608158883521,0.5770263016639828,0.30193236714975846,,
178,3.656736446591519,13.439345142243694,9.400161030595813,14.486044015029522,21.316425120772948,21.22920021470746,5.12614063338701,8.13875469672571,1.415727321524423,0.9125067096081588,0.5770263016639828,0.30193236714975846,,
179,3.8311862587224907,13.39237788513151,9.339774557165862,14.553140096618357,21.289586688137412,21.108427267847556,5.0993022007514766,8.111916264090176,1.4358561460010735,0.9594739667203436,0.5770263016639828,0.30193236714975846,,
180,3.9049919484702094,13.39237788513151,9.326355340848094,14.553140096618357,21.20907139023081,21.007783145464305,5.179817498658078,8.091787439613526,1.4358561460010735,1.0198604401502953,0.5770263016639828,0.30193236714975846,,
181,3.92512077294686,13.39237788513151,9.326355340848094,14.553140096618357,21.195652173913043,21.007783145464305,5.179817498658078,8.085077831454644,1.4358561460010735,1.0198604401502953,0.5770263016639828,0.30193236714975846,,
182,4.052603327965647,13.372249060654857,9.272678475577026,14.479334406870638,21.141975308641975,20.9272678475577,5.139559849704777,8.13875469672571,1.556629092860977,1.0399892646269457,0.5770263016639828,0.30193236714975846,,
183,4.092860976918948,13.271604938271604,9.272678475577026,14.566559312936125,21.07487922705314,20.88030059044552,5.146269457863661,8.132045088566828,1.6438539989264627,1.0399892646269457,0.5770263016639828,0.30193236714975846,,
184,3.9318303811057436,12.580515297906603,8.756038647342995,12.983091787439614,21.021202361782073,24.241814278046164,5.2066559312936125,7.320182501341922,1.6438539989264627,0.9594739667203436,1.1272141706924315,0.2281266774020397,,
185,4.072732152442297,12.580515297906603,8.682232957595277,12.983091787439614,20.88030059044552,24.188137412775095,5.340848094471283,7.313472893183038,1.6438539989264627,0.9594739667203436,1.1272141706924315,0.2281266774020397,,
