,45,50,51,52,53,55,54,57,56
0,95.2361782071927,4.7638217928073,,,,,,,
1,86.86929683306495,13.130703166935051,,,,,,,
2,68.5654857756307,31.4345142243693,,,,,,,
3,68.10252281266774,31.89747718733226,,,,,,,
4,66.78743961352657,33.09849704777241,0.11406333870101985,,,,,,
5,57.870370370370374,40.995705850778315,,1.133923778851315,,,,,
6,52.65700483091788,28.327965646806227,3.227321524422974,15.787707997852925,,,,,
7,45.38378958668814,35.16505636070853,3.227321524422974,15.74074074074074,0.32877079978529256,0.15432098765432098,,,
8,45.73939881910896,34.534353193773484,3.193773483628556,15.539452495974235,0.6038647342995169,0.15432098765432098,0.23483628556092323,,
9,45.92055823939882,34.225711218464845,3.193773483628556,15.318035426731079,0.6038647342995169,0.15432098765432098,0.43612453032742887,0.14761137949543746,
10,45.967525496511,34.19216317767042,3.193773483628556,15.304616210413311,0.6038647342995169,0.15432098765432098,0.43612453032742887,0.14761137949543746,
11,44.30354267310789,33.863392377885134,6.481481481481482,14.083467525496511,0.5300590445517982,0.15432098765432098,0.43612453032742887,0.14761137949543746,
12,40.31803542673108,40.80112721417069,2.757648953301127,12.318840579710145,3.066290928609769,0.15432098765432098,0.43612453032742887,0.14761137949543746,
13,33.641975308641975,52.563070316693505,2.7442297369833604,7.1725711218464845,3.066290928609769,0.15432098765432098,0.5099302200751477,0.14761137949543746,
14,33.43397745571659,47.155126140633385,6.092324208266238,8.252818035426731,4.119699409554482,0.15432098765432098,0.5099302200751477,0.13419216317767044,0.14761137949543746
15,28.56280193236715,52.07997852925389,6.0654857756307035,8.252818035426731,4.106280193236715,0.15432098765432098,0.49651100375738055,0.13419216317767044,0.14761137949543746
16,25.959473966720342,53.26086956521739,6.0654857756307035,7.897208803005904,4.086151368760064,0.15432098765432098,2.2946859903381642,0.13419216317767044,0.14761137949543746
17,24.235104669887278,49.765163714439076,12.318840579710145,6.843800322061192,4.032474503488996,0.24825550187869028,2.2946859903381642,0.11406333870101985,0.14761137949543746
18,20.00805152979066,53.918411164787976,11.929683306494901,6.78341384863124,4.032474503488996,0.3421900161030596,2.589908749329039,0.11406333870101985,0.28180354267310787
19,14.593397745571659,60.648148148148145,11.922973698336017,6.052066559312936,3.730542136339238,0.32877079978529256,2.589908749329039,,0.13419216317767044
20,14.895330112721417,60.37305421363392,11.902844873859367,6.052066559312936,3.730542136339238,0.32877079978529256,2.5831991411701556,,0.13419216317767044
21,13.419216317767042,49.765163714439076,17.344337090713903,12.781803542673108,3.6634460547504024,0.23483628556092323,2.475845410628019,0.18115942028985507,0.13419216317767044
22,12.338969404186795,44.83360171765969,17.3040794417606,19.00161030595813,3.6634460547504024,0.23483628556092323,2.4691358024691357,0.020128824476650563,0.13419216317767044
23,11.097691894793345,40.915190552871714,22.933440687063875,18.947933440687063,3.6500268384326353,0.41599570585077833,1.8183038110574343,0.020128824476650563,0.20128824476650564
24,11.144659151905529,36.67471819645733,28.509125067096083,18.820450885668276,2.8247450348899625,0.41599570585077833,1.5230810520665594,0.020128824476650563,0.06709608158883522
25,11.654589371980677,36.30568974771873,28.33467525496511,18.793612453032743,2.8247450348899625,0.4830917874396135,1.5163714439076759,0.020128824476650563,0.06709608158883522
26,12.224906065485776,35.91653247450349,28.06629092860977,18.766774020397207,2.8247450348899625,0.4830917874396135,1.5163714439076759,0.020128824476650563,0.18115942028985507
27,12.607353730542137,35.59447128287708,27.509393451422437,17.840848094471284,2.61003757380569,0.6910896403650026,2.6972624798711755,0.020128824476650563,0.4294149221685454
28,8.82313472893183,21.43719806763285,46.826355340848096,17.431561996779386,2.61003757380569,0.7313472893183038,1.724369296833065,0.013419216317767043,0.4025764895330113
29,7.96430488459474,16.552603327965645,52.97906602254428,17.424852388620504,2.5966183574879227,0.6239935587761675,1.442565754159957,0.013419216317767043,0.4025764895330113
30,7.917337627482555,16.0426731078905,54.67659688674181,15.921900161030596,2.5831991411701556,0.6239935587761675,1.8183038110574343,0.013419216317767043,0.4025764895330113
31,8.031400966183575,15.935319377348362,54.87788513150832,15.895061728395062,2.5831991411701556,0.46967257112184646,1.7914653784219001,0.013419216317767043,0.4025764895330113
32,8.272946859903382,15.874932903918411,54.508856682769725,15.895061728395062,2.5831991411701556,0.6575415995705851,1.7914653784219001,0.013419216317767043,0.4025764895330113
33,5.528717122920021,36.010466988727856,55.28717122920021,1.9860440150295222,0.23483628556092323,0.28180354267310787,0.4495437466451959,,0.2214170692431562
34,6.099033816425121,35.70182501341922,55.02549651100376,1.9860440150295222,0.23483628556092323,0.28180354267310787,0.4495437466451959,,0.2214170692431562
35,6.018518518518518,35.198604401502955,55.092592592592595,1.9860440150295222,0.23483628556092323,0.30864197530864196,0.4495437466451959,,0.7112184648416533
36,5.622651637144391,35.057702630166396,55.66961889425657,1.9860440150295222,0.23483628556092323,0.30864197530864196,0.4092860976918948,,0.7112184648416533
37,5.797101449275362,30.10601180891036,53.837895866881375,1.9860440150295222,3.9452495974235107,0.4495437466451959,3.046162104133119,,0.8319914117015567
38,6.286902844873859,30.02549651100376,53.227321524422976,1.9860440150295222,3.9318303811057436,0.5501878690284487,3.113258185721954,,0.8789586688137413
39,5.8172302737520125,25.43612453032743,54.04589371980676,2.7643585614600106,7.635534084809447,0.4428341384863124,2.9790660225442833,,0.8789586688137413
40,6.374127750939345,25.067096081588836,52.44900697799248,7.4141170155662905,4.0995705850778315,0.5568974771873323,2.9790660225442833,,1.0601180891035964
41,6.3070316693505095,20.148953301127214,49.402844873859365,17.673107890499196,1.7176596886741815,0.6105743424584005,2.9589371980676327,0.12077294685990338,1.0601180891035964
42,6.166129898013956,20.041599570585078,44.08883521202362,23.778851315083198,1.402308105206656,0.6105743424584005,2.623456790123457,0.2281266774020397,1.0601180891035964
43,6.387546967257112,19.860440150295222,44.03515834675255,23.718464841653248,1.402308105206656,0.6843800322061192,2.623456790123457,0.2281266774020397,1.0601180891035964
44,7.004830917874396,19.732957595276435,43.73993558776167,23.58427267847558,1.3821792807300053,0.6776704240472357,2.5966183574879227,0.2214170692431562,1.0601180891035964
45,7.326892109500805,19.57192699946323,43.29710144927536,23.382984433709073,1.8988191089640365,0.6776704240472357,2.563070316693505,0.2214170692431562,1.0601180891035964
46,7.481213097155126,19.47799248523886,43.203166935050994,23.309178743961354,1.8988191089640365,0.6709608158883521,2.442297369833602,0.2214170692431562,1.2949543746645196
47,7.763016639828234,19.32367149758454,41.35131508319914,25.127482555018787,1.8988191089640365,0.6709608158883521,2.368491680085883,0.2214170692431562,1.2748255501878691
48,8.038110574342458,19.16935050993022,41.217122920021474,25.02012882447665,1.8988191089640365,0.7917337627482555,2.368491680085883,0.2214170692431562,1.2748255501878691
49,7.273215244229737,16.961889425657542,37.63419216317767,32.53488996242619,1.3687600644122384,0.6575415995705851,2.2611379495437465,0.12077294685990338,1.1876006441223832
50,7.50805152979066,16.861245303274288,37.17122920021471,32.27321524422974,1.3620504562533549,0.9125067096081588,2.4020397208803006,0.24154589371980675,1.2681159420289856
51,7.722758990874933,16.552603327965645,37.15780998389694,32.11218464841653,1.3620504562533549,1.1808910359634996,2.4020397208803006,0.24154589371980675,1.2681159420289856
52,7.313472893183038,16.15673644659152,46.63848631239936,22.61808910359635,1.3083735909822867,1.1272141706924315,3.3480944712828773,0.24154589371980675,1.247987117552335
53,7.695920558239399,16.002415458937197,45.78636607622115,22.5577026301664,1.3083735909822867,1.1205045625335481,3.280998389694042,0.24154589371980675,2.006172839506173
54,7.722758990874933,15.03623188405797,44.98121309715513,24.000268384326354,1.3016639828234031,0.9863123993558777,3.3413848631239937,0.5233494363929146,2.1068169618894257
55,7.4006977992485234,14.103596349973161,52.10010735373054,18.451422436929683,1.2949543746645196,0.8319914117015567,3.3413848631239937,0.46296296296296297,2.0128824476650564
56,7.058507783145465,14.009661835748792,44.826892109500804,26.133923778851315,1.261406333870102,0.7179280730005367,3.3413848631239937,0.46296296296296297,2.187332259796028
57,7.226247987117552,13.989533011272142,44.806763285024154,25.87224906065486,1.261406333870102,0.7179280730005367,3.475577026301664,0.46296296296296297,2.187332259796028
58,7.521470746108427,13.969404186795492,44.65915190552872,25.771604938271604,1.261406333870102,0.7179280730005367,3.475577026301664,0.46296296296296297,2.1604938271604937
59,7.7361782071927,13.915727321524423,43.09581320450886,27.22758990874933,1.261406333870102,0.7179280730005367,3.44873859366613,0.46296296296296297,2.13365539452496
60,8.259527643585615,13.841921631776705,42.069243156199676,27.012882447665056,1.1943102522812667,0.7112184648416533,3.898282340311326,0.46296296296296297,2.5496511003757383
61,9.01100375738057,13.197799248523886,40.4723564143854,28.683574879227052,1.1808910359634996,0.9393451422436929,3.730542136339238,0.12077294685990338,2.6637144390767578
62,9.286097691894794,13.16425120772947,40.123456790123456,28.549382716049383,1.1808910359634996,0.9393451422436929,3.717122920021471,0.12077294685990338,2.918679549114332
63,9.5276435856146,12.989801395598498,39.95571658615137,28.35480407944176,1.1674718196457328,1.0601180891035964,3.717122920021471,0.12077294685990338,3.1065485775630703
64,9.742351046698873,12.915995705850777,39.72758990874933,28.32125603864734,1.1540526033279657,1.0601180891035964,3.717122920021471,0.12077294685990338,3.240740740740741
65,10.373054213633925,12.788513150831992,39.392109500805155,28.207192699946322,1.1272141706924315,1.0601180891035964,3.6902844873859366,0.12077294685990338,3.240740740740741
66,10.23215244229737,12.325550187869029,40.31132581857219,27.9723564143854,1.1272141706924315,1.1406333870101986,3.629898013955985,0.35560923242082665,2.9052603327965647
67,10.466988727858293,12.265163714439076,39.85507246376812,27.737520128824478,1.1272141706924315,1.402308105206656,3.629898013955985,0.35560923242082665,3.1602254428341383
68,10.63472893183038,12.25174449812131,39.69404186795491,27.455716586151368,1.4626945786366077,1.402308105206656,3.629898013955985,0.3153515834675255,3.1535158346752548
69,10.970209339774557,11.332528180354267,39.62694578636608,26.710950080515296,0.798443370907139,1.3821792807300053,5.656199677938808,0.4092860976918948,3.113258185721954
70,11.473429951690822,11.29898013955985,39.55314009661836,26.36876006441224,0.798443370907139,1.3821792807300053,5.60252281266774,0.4092860976918948,3.113258185721954
71,11.117820719269995,10.668276972624799,44.30354267310789,23.63123993558776,0.798443370907139,1.8988191089640365,4.146537842190016,0.322061191626409,3.113258185721954
72,11.533816425120772,10.607890499194847,43.894256575415994,23.57085346215781,0.798443370907139,1.8988191089640365,4.133118625872249,0.322061191626409,3.240740740740741
73,10.715244229736983,10.540794417606012,47.69189479334407,21.027911969940956,0.798443370907139,1.8585614600107354,4.133118625872249,0.13419216317767044,3.099838969404187
74,11.097691894793345,10.413311862587225,47.20880300590446,20.833333333333332,0.798443370907139,1.8585614600107354,4.133118625872249,0.13419216317767044,3.5225442834138487
75,11.399624261943103,10.34621578099839,46.99409554482018,20.605206655931294,0.798443370907139,1.8585614600107354,4.133118625872249,0.10064412238325282,3.7640901771336552
76,11.56736446591519,10.23215244229737,46.39694041867955,20.343531937734838,0.798443370907139,2.677133655394525,4.119699409554482,0.10064412238325282,3.7640901771336552
77,11.949812130971551,10.23215244229737,46.101717659688674,20.182501341921633,0.798443370907139,2.7844873859366612,4.092860976918948,0.10064412238325282,3.7573805689747717
78,12.432903918411165,10.064412238325282,45.8870101986044,19.98792270531401,0.798443370907139,2.7844873859366612,4.05931293612453,0.10064412238325282,3.8848631239935587
79,12.224906065485776,10.057702630166398,48.70504562533548,17.223564143854,0.6709608158883521,2.6435856146001075,4.690016103059581,0.24825550187869028,3.535963499731616
80,12.439613526570048,9.936929683306495,47.24235104669887,16.881374127750938,0.95276435856146,4.320987654320987,4.690016103059581,0.24825550187869028,3.2877079978529253
81,12.781803542673108,9.749060654857756,46.61164787976382,16.70692431561997,0.95276435856146,5.005367686527107,4.64975845410628,0.3153515834675255,3.227321524422974
82,12.754965110037574,9.178743961352657,45.471014492753625,16.59286097691895,2.6435856146001075,5.260332796564681,4.555823939881911,0.3153515834675255,3.227321524422974
83,12.681159420289855,9.178743961352657,45.48443370907139,16.545893719806763,2.6435856146001075,5.401234567901234,4.522275899087493,0.3153515834675255,3.227321524422974
84,13.063607085346217,9.158615136876007,45.26301663982824,16.505636070853463,2.7777777777777777,5.374396135265701,4.448470209339774,0.3153515834675255,3.0931293612453032
85,12.714707461084272,9.138486312399356,43.874127750939344,19.0955448201825,2.636876006441224,5.24020397208803,4.441760601180891,,2.85829307568438
86,12.795222758990874,9.125067096081589,39.821524422973695,23.242082662372518,2.636876006441224,5.233494363929147,4.435050993022007,,2.7106816961889426
87,13.425925925925926,9.064680622651638,39.35856146001073,23.05421363392378,2.8247450348899625,5.2066559312936125,4.435050993022007,,2.6301663982823404
88,13.868760064412239,9.004294149221685,39.16398282340311,22.933440687063875,2.8247450348899625,5.2066559312936125,4.40150295222759,,2.5966183574879227
89,14.056629092860977,9.004294149221685,38.86205045625336,22.899892646269457,2.804616210413312,5.421363392377885,4.388083735909823,,2.563070316693505
90,14.298174986580785,8.964036500268385,38.74127750939345,22.86634460547504,2.7979066022544283,5.421363392377885,4.361245303274289,,2.5496511003757383
91,14.49946323134729,8.407139023081053,41.49892646269458,20.954106280193237,2.0531400966183573,5.750134192163178,4.30756843800322,,2.5295222758990876
92,14.65378421900161,8.387010198604402,41.42512077294686,20.79307568438003,2.0531400966183573,5.743424584004294,4.30756843800322,,2.636876006441224
93,14.888620504562533,8.333333333333334,40.92860976918948,20.571658615136876,2.0531400966183573,6.085614600107354,4.30756843800322,,2.831454643048846
94,15.505904455179817,8.272946859903382,40.351583467525494,20.38378958668814,2.0531400966183573,6.253354804079442,4.30756843800322,,2.871712292002147
95,15.848094471282877,8.272946859903382,40.29119699409554,19.92753623188406,2.2342995169082127,6.246645195920558,4.30756843800322,,2.871712292002147
96,16.17686527106817,8.272946859903382,39.99597423510467,19.719538378958667,2.563070316693505,6.260064412238325,4.139828234031133,,2.871712292002147
97,16.190284487385938,8.272946859903382,39.15727321524423,19.706119162640903,2.522812667740204,7.199409554482019,4.0995705850778315,,2.8515834675254963
98,16.404991948470208,8.259527643585615,38.888888888888886,19.585346215780998,2.522812667740204,7.179280730005368,4.0995705850778315,,3.0595813204508855
99,16.72705314009662,7.897208803005904,38.60708534621578,19.504830917874397,2.522812667740204,7.561728395061729,4.133118625872249,,3.046162104133119
100,16.485507246376812,7.897208803005904,37.124261943102525,21.833064949006978,2.428878153515835,7.011540526033279,4.133118625872249,,3.0864197530864197
101,16.888083735909824,7.863660762211487,37.0101986044015,21.604938271604937,2.428878153515835,6.790123456790123,4.133118625872249,,3.280998389694042
102,17.07595276435856,7.863660762211487,36.89613526570049,21.584809447128286,2.3752012882447664,6.790123456790123,4.133118625872249,,3.280998389694042
103,17.478529253891573,7.830112721417069,36.82903918411165,21.34326355340848,2.3752012882447664,6.776704240472356,4.0995705850778315,,3.2675791733762747
104,17.907944176060116,7.568438003220612,36.553945249597426,21.128556092324207,2.5161030595813205,6.736446591519055,4.066022544283414,,3.5225442834138487
105,18.370907139023082,7.501341921631776,36.36607622114869,20.96081588835212,2.636876006441224,6.729736983360172,3.9720880300590444,,3.4621578099838968
106,18.733225979602793,7.501341921631776,36.18491680085883,20.873590982286636,2.61003757380569,6.3137412775093935,4.240472356414386,,3.5426731078904994
107,19.02173913043478,7.48792270531401,36.02388620504563,20.833333333333332,2.690552871712292,6.166129898013956,4.240472356414386,,3.535963499731616
108,19.444444444444443,7.467793880837359,35.527375201288244,20.343531937734838,2.690552871712292,6.588835212023618,4.166666666666667,,3.770799785292539
109,19.43773483628556,7.387278582930757,33.467525496511,22.63150831991412,2.6502952227589907,6.568706387546968,4.126409017713366,,3.730542136339238
110,19.51154052603328,7.360440150295223,33.313204508856685,22.544283413848632,2.6502952227589907,6.696188942565755,4.126409017713366,0.0939345142243693,3.7037037037037037
111,19.746376811594203,7.112184648416532,32.64224369296833,22.208803005904453,2.6502952227589907,7.347020933977456,4.1129898013955986,0.0939345142243693,4.086151368760064
112,20.12211486849168,6.977992485238862,32.33360171765969,22.148416532474503,2.623456790123457,7.514761137949543,4.0995705850778315,0.0939345142243693,4.086151368760064
113,19.82018250134192,6.977992485238862,31.622383252818036,22.007514761137948,2.818035426731079,7.997852925389157,4.0995705850778315,0.0939345142243693,4.562533548040794
114,19.806763285024154,6.884057971014493,31.5150295222759,21.75925925925926,2.818035426731079,8.152173913043478,4.408212560386473,0.0939345142243693,4.562533548040794
115,19.91411701556629,6.884057971014493,31.387546967257112,21.578099838969404,2.945517981749866,8.252818035426731,4.40150295222759,0.0939345142243693,4.542404723564144
116,20.155662909286097,6.837090713902308,31.132581857219538,21.32313472893183,2.8918411164787976,8.420558239398819,4.314278046162104,0.18115942028985507,4.74369296833065
117,20.477724100912507,6.837090713902308,30.95813204508857,21.39694041867955,2.831454643048846,8.380300590445518,4.200214707461084,0.18115942028985507,4.736983360171766
118,20.491143317230275,6.810252281266774,30.52200751476114,21.061460010735374,2.831454643048846,8.541331186258722,4.106280193236715,0.18115942028985507,5.4549114331723025
119,20.799785292538918,6.810252281266774,30.421363392377884,20.873590982286636,2.831454643048846,8.527911969940956,4.0995705850778315,0.18115942028985507,5.4549114331723025
120,21.007783145464305,6.790123456790123,30.20665593129361,20.719269994632313,2.831454643048846,8.360171765968868,4.367954911433173,0.18115942028985507,5.535426731078905
121,21.202361782071925,6.615673644659152,30.099302200751477,20.913848631239937,2.831454643048846,8.293075684380032,4.341116478797638,0.18115942028985507,5.522007514761138
122,21.35668276972625,6.595544820182502,29.97181964573269,20.873590982286636,2.8247450348899625,8.293075684380032,4.341116478797638,0.18115942028985507,5.562265163714439
123,21.72571121846484,6.595544820182502,29.61621041331186,20.658883521202362,2.804616210413312,7.957595276435856,4.931561996779388,0.18115942028985507,5.528717122920021
124,22.034353193773484,6.588835212023618,29.401502952227588,20.517981749865807,2.804616210413312,8.071658615136876,4.884594739667204,0.18115942028985507,5.515297906602254
125,22.034353193773484,6.561996779388084,29.126409017713364,20.652173913043477,2.7643585614600106,8.400429414922169,4.817498658078368,0.18115942028985507,5.4616210413311865
126,22.10144927536232,6.535158346752549,28.509125067096083,20.558239398819108,2.703972088030059,8.360171765968868,4.918142780461621,0.18115942028985507,6.132581857219538
127,20.02818035426731,5.535426731078905,35.37305421363392,19.216317767042405,2.3886205045625335,8.004562533548041,3.5628019323671496,0.18115942028985507,5.709876543209877
128,20.061728395061728,4.602791196994096,35.138217928073,19.162640901771336,2.368491680085883,9.272678475577026,3.556092324208266,0.18115942028985507,5.656199677938808
129,20.39049919484702,4.602791196994096,34.84299516908212,18.840579710144926,2.5563607085346214,9.138486312399356,3.549382716049383,0.2616747181964573,5.8172302737520125
130,20.645464304884594,4.602791196994096,34.64170692431562,18.813741277509394,2.5295222758990876,9.138486312399356,3.549382716049383,0.2616747181964573,5.8172302737520125
131,20.947396672034355,4.582662372517445,34.54106280193237,18.753354804079443,2.5295222758990876,9.091519055287172,3.488996242619431,0.2616747181964573,5.803811057434245
132,21.36339237788513,4.582662372517445,34.37332259796028,18.739935587761675,2.5295222758990876,8.883521202361782,3.4621578099838968,0.2616747181964573,5.803811057434245
133,19.269994632313473,4.213633923778851,39.92887815351583,17.122920021470748,1.5767579173376274,8.715780998389693,3.435319377348363,0.2616747181964573,5.475040257648954
134,19.35721953837896,4.213633923778851,39.761137949543745,17.08937198067633,1.8853998926462694,8.57487922705314,3.388352120236178,0.2549651100375738,5.475040257648954
135,19.51154052603328,4.213633923778851,39.28475577026302,16.928341384863124,1.8853998926462694,8.53462157809984,3.589640365002684,0.2549651100375738,5.797101449275362
136,19.632313472893184,4.213633923778851,38.97611379495437,16.75389157273215,1.8853998926462694,8.521202361782072,4.066022544283414,0.2549651100375738,5.6964573268921095
137,19.746376811594203,4.106280193236715,38.87546967257112,16.6935050993022,1.8853998926462694,8.353462157809984,4.40150295222759,0.2549651100375738,5.683038110574342
138,20.41062801932367,4.072732152442297,38.6808910359635,16.23054213633924,1.8853998926462694,8.32662372517445,4.388083735909823,0.2549651100375738,5.750134192163178
139,21.00107353730542,4.072732152442297,38.43263553408481,16.056092324208265,1.8853998926462694,8.246108427267847,4.3478260869565215,0.2549651100375738,5.703166935050993
140,20.74610842726785,4.03918411164788,38.75469672571122,15.210681696188942,2.408749329039184,8.111916264090176,4.810789049919484,0.2549651100375738,5.662909286097692
141,20.90713902308105,4.012345679012346,38.52657004830918,15.197262479871176,2.4892646269457863,8.105206655931294,4.797369833601718,0.2549651100375738,5.709876543209877
142,20.86688137412775,3.992216854535695,38.39237788513151,15.499194847020934,2.4691358024691357,8.07836822329576,4.797369833601718,0.2549651100375738,5.649490069779925
143,20.88030059044552,3.965378421900161,38.097155126140635,15.499194847020934,2.4557165861513686,7.977724100912507,4.998658078368224,0.2549651100375738,5.870907139023081
144,21.121846484165324,3.965378421900161,38.05018786902845,15.324745034889963,2.4557165861513686,7.977724100912507,4.978529253891573,0.2549651100375738,5.870907139023081
145,20.169082125603865,3.9586688137412773,41.33118625872249,14.231078904991948,2.4557165861513686,7.87037037037037,4.669887278582931,0.2549651100375738,5.059044551798175
146,20.43075684380032,3.9586688137412773,41.12989801395599,14.163982823403114,2.3349436392914655,7.823403113258186,4.804079441760601,0.2549651100375738,5.0993022007514766
147,20.67230273752013,3.9519592055823938,41.00912506709608,13.955984970477724,2.5831991411701556,7.682501341921632,4.790660225442834,0.2549651100375738,5.0993022007514766
148,21.162104133118625,3.9519592055823938,40.50590445517982,13.841921631776705,2.5831991411701556,7.702630166398282,4.7101449275362315,0.2214170692431562,5.320719269994632
149,20.38378958668814,3.938539989264627,39.55984970477724,17.250402576489535,2.5831991411701556,6.877348362855609,4.7101449275362315,0.2214170692431562,4.4753086419753085
150,20.77294685990338,3.797638217928073,39.23778851315083,17.102791196994094,2.5831991411701556,6.816961889425658,4.7101449275362315,0.2214170692431562,4.757112184648417
151,21.195652173913043,3.7775093934514223,38.446054750402574,17.01556629092861,2.5831991411701556,6.837090713902308,4.804079441760601,0.2214170692431562,5.119431025228127
152,21.26274825550188,3.7640901771336552,38.20450885668277,16.948470209339774,2.5831991411701556,7.125603864734299,4.770531400966184,0.2214170692431562,5.119431025228127
153,21.464036500268385,3.730542136339238,37.21148684916801,16.908212560386474,2.5831991411701556,7.125603864734299,5.649490069779925,0.2214170692431562,5.10601180891036
154,21.490874932903917,3.730542136339238,37.13768115942029,16.908212560386474,2.5831991411701556,7.112184648416532,5.723295759527644,0.2214170692431562,5.092592592592593
155,21.67874396135266,3.6634460547504024,36.90955448201825,16.881374127750938,2.5831991411701556,7.2933440687063875,5.6964573268921095,0.2214170692431562,5.072463768115942
156,17.941492216854535,3.6500268384326353,38.28502415458937,23.926462694578635,2.2342995169082127,5.8172302737520125,4.26731078904992,0.14090177133655393,3.7372517444981215
157,17.773752012882447,3.5829307568438002,39.06333870101986,23.58427267847558,2.2208803005904456,5.770263016639828,4.388083735909823,0.14090177133655393,3.475577026301664
158,18.095813204508858,3.5628019323671496,38.83521202361782,23.443370907139023,2.2208803005904456,5.730005367686527,4.388083735909823,0.14090177133655393,3.5829307568438002
159,18.46484165324745,3.5628019323671496,38.7614063338701,23.181696188942567,2.2208803005904456,5.723295759527644,4.361245303274289,0.14090177133655393,3.5829307568438002
160,18.746645195920557,3.5628019323671496,38.137412775093935,22.852925389157274,2.1739130434782608,6.159420289855072,4.320987654320987,0.46967257112184646,3.5762211486849167
161,18.907675791733762,3.556092324208266,38.00993022007515,22.624798711755233,2.1739130434782608,6.340579710144928,4.294149221685454,0.46967257112184646,3.6231884057971016
162,18.02871712292002,3.5292538915727323,34.064680622651636,27.750939345142243,2.1739130434782608,6.280193236714976,4.2270531400966185,0.46967257112184646,3.475577026301664
163,18.38432635534085,3.5292538915727323,33.9573268921095,27.576489533011273,2.15378421900161,6.280193236714976,4.213633923778851,0.46967257112184646,3.435319377348363
164,18.699677938808374,3.5292538915727323,33.742619431025226,27.274557165861513,2.147074610842727,6.260064412238325,4.206924315619967,0.6172839506172839,3.5225442834138487
165,18.377616747181964,3.5292538915727323,35.138217928073,25.91921631776704,2.6972624798711755,6.260064412238325,4.146537842190016,0.5434782608695652,3.388352120236178
166,18.760064412238325,3.5292538915727323,34.594739667203434,25.825281803542673,2.6972624798711755,6.508319914117015,4.072732152442297,0.5434782608695652,3.4688674181427803
167,19.068706387546968,3.5091250670960816,34.54106280193237,25.583735909822867,2.657004830917874,6.454643048845948,4.314278046162104,0.47638217928073,3.3950617283950617
168,19.196188942565755,3.5091250670960816,34.42699946323135,25.49651100375738,2.657004830917874,6.4412238325281805,4.314278046162104,0.47638217928073,3.4822866344605474
169,19.87385936661299,3.408480944712829,34.064680622651636,25.207997852925388,2.6435856146001075,6.367418142780462,4.549114331723027,0.47638217928073,3.408480944712829
170,20.075147611379496,3.4017713365539453,33.943907675791735,25.067096081588836,2.6435856146001075,6.320450885668277,4.549114331723027,0.6038647342995169,3.3950617283950617
171,20.44417606011809,3.3413848631239937,33.360171765968865,24.84567901234568,2.5429414922168547,6.273483628556092,5.045625335480408,0.5971551261406334,3.549382716049383
172,20.014761137949545,3.3413848631239937,35.77563070316693,23.17498658078368,2.3081052066559313,6.112453032742888,4.9651100375738055,0.6843800322061192,3.6231884057971016
173,20.363660762211488,3.3413848631239937,35.621309715512616,22.920021470746107,2.2879763821792807,6.0587761674718195,5.10601180891036,0.6843800322061192,3.616478797638218
174,18.572195383789587,3.3145464304884595,43.907675791733766,14.734299516908212,5.2066559312936125,5.736714975845411,4.830917874396135,0.47638217928073,3.2206119162640903
175,19.196188942565755,3.3145464304884595,43.59903381642512,14.720880300590446,5.025496511003757,5.71658615136876,4.804079441760601,0.47638217928073,3.1468062265163717
176,19.47128287707998,3.3145464304884595,43.37090713902308,14.680622651637144,4.9651100375738055,5.770263016639828,4.804079441760601,0.47638217928073,3.1468062265163717
177,20.101986044015028,3.207192699946323,42.954911433172306,14.55984970477724,4.9651100375738055,5.770263016639828,4.777241009125067,0.47638217928073,3.1870638754696725
178,20.30998389694042,3.193773483628556,42.70665593129361,14.55984970477724,4.938271604938271,5.756843800322061,4.757112184648417,0.47638217928073,3.3011272141706924
179,20.564949006977994,3.1870638754696725,42.43156199677939,14.42565754159957,4.924852388620504,5.958132045088567,4.730273752012883,0.47638217928073,3.3011272141706924
180,20.75281803542673,3.1870638754696725,42.290660225442835,14.331723027375201,4.924852388620504,5.924584004294149,4.730273752012883,0.47638217928073,3.3816425120772946
181,20.947396672034355,3.140096618357488,42.089371980676326,14.204240472356414,5.24020397208803,5.83064949006978,4.703435319377348,0.47638217928073,3.3682232957595275
182,20.833333333333332,3.140096618357488,41.80756843800322,14.016371443907676,5.589103596349974,5.555555555555555,5.293880837359098,0.4025764895330113,3.361513687600644
183,21.00107353730542,3.140096618357488,41.80085882984434,13.969404186795492,5.548845947396672,5.515297906602254,5.260332796564681,0.4025764895330113,3.361513687600644
184,21.531132581857218,2.871712292002147,41.57944176060118,13.969404186795492,5.528717122920021,5.4549114331723025,5.300590445517981,0.4025764895330113,3.361513687600644
185,21.470746108427267,2.636876006441224,41.42512077294686,13.969404186795492,5.931293612453032,5.226784755770263,5.5756843800322065,0.4025764895330113,3.361513687600644
186,21.72571121846484,2.6301663982823404,41.06951154052604,13.955984970477724,5.931293612453032,5.300590445517981,5.642780461621041,0.39586688137412773,3.3480944712828773
187,21.994095544820183,2.61003757380569,40.62667740203972,13.868760064412239,6.159420289855072,5.233494363929147,5.669618894256575,0.36231884057971014,3.475577026301664
188,22.15512614063339,2.536231884057971,40.45893719806763,13.79495437466452,6.146001073537305,5.421363392377885,5.669618894256575,0.36231884057971014,3.455448201825013
189,22.383252818035427,2.5026838432635534,40.35829307568438,13.707729468599034,6.447933440687064,5.280461621041331,5.501878690284487,0.36231884057971014,3.455448201825013
190,17.398013955984972,1.7981749865807837,54.96511003757381,8.380300590445518,5.146269457863661,5.797101449275362,3.616478797638218,0.1878690284487386,2.7106816961889426
191,17.881105743424584,1.7981749865807837,53.98550724637681,8.09849704777241,5.146269457863661,6.427804616210413,3.8848631239935587,0.1878690284487386,2.589908749329039
192,17.995169082125603,1.7042404723564144,53.89157273215244,8.091787439613526,5.146269457863661,6.568706387546968,3.824476650563607,0.1878690284487386,2.589908749329039
193,18.511808910359633,1.7042404723564144,53.42190016103059,8.064949006977992,5.139559849704777,6.568706387546968,3.81105743424584,0.1878690284487386,2.589908749329039
194,19.16935050993022,1.7042404723564144,52.61674718196457,8.044820182501342,5.139559849704777,6.743156199677939,3.730542136339238,0.1878690284487386,2.6637144390767578
195,19.524959742351047,1.6639828234031133,52.16720343531938,7.924047235641439,5.10601180891036,6.910896403650026,3.851315083199141,0.1878690284487386,2.6637144390767578
196,19.786634460547504,1.6572732152442298,51.84514224369297,7.924047235641439,5.10601180891036,7.011540526033279,3.8378958668813743,0.1878690284487386,2.6435856146001075
197,19.504830917874397,1.6438539989264627,49.61084272678475,7.709339774557166,8.856682769726248,6.1929683306494905,3.8378958668813743,0.1878690284487386,2.4557165861513686
198,18.53864734299517,1.6438539989264627,47.58454106280193,7.1725711218464845,12.553676865271068,6.333870101986044,3.6231884057971016,0.30864197530864196,2.2410091250670963
199,18.78690284487386,1.5901771336553945,45.57836822329576,9.554482018250134,12.466451959205582,5.884326355340848,3.603059581320451,0.30864197530864196,2.227589908749329
200,19.155931293612454,1.570048309178744,44.77321524422974,9.500805152979066,12.352388620504563,6.508319914117015,3.603059581320451,0.30864197530864196,2.227589908749329
201,20.263016639828233,1.556629092860977,43.75335480407944,9.460547504025765,12.31213097155126,6.4345142243692965,3.5829307568438002,0.30864197530864196,2.328234031132582
202,20.50456253354804,1.556629092860977,43.53193773483628,9.346484165324744,12.285292538915728,6.608964036500268,3.5628019323671496,0.30864197530864196,2.2946859903381642
203,20.585077831454644,1.556629092860977,43.21658615136876,9.366612989801396,12.265163714439076,6.501610305958132,3.9519592055823938,0.30864197530864196,2.24771873322598
204,19.202898550724637,1.5096618357487923,34.66183574879227,21.048040794417606,11.621041331186259,5.877616747181965,3.4688674181427803,0.6843800322061192,1.9256575415995705
205,19.28341384863124,1.5096618357487923,34.574610842726784,21.00107353730542,11.52710681696189,5.877616747181965,3.629898013955985,0.6709608158883521,1.9256575415995705
206,19.692699946323135,1.5029522275899088,37.11755233494364,20.276435856146,9.554482018250134,5.857487922705314,3.556092324208266,0.6575415995705851,1.7847557702630166
207,19.92753623188406,1.5029522275899088,36.82903918411165,20.2361782071927,9.447128287707997,5.971551261406334,3.556092324208266,0.6575415995705851,1.8719806763285025
208,20.148953301127214,1.4962426194310252,36.43317230273752,20.155662909286097,9.447128287707997,6.374127750939345,3.4688674181427803,0.6575415995705851,1.8183038110574343
209,20.511272141706925,1.4962426194310252,36.252012882447666,19.98792270531401,9.440418679549115,6.353998926462695,3.3950617283950617,0.6575415995705851,1.90552871712292
210,20.719269994632313,1.4962426194310252,36.231884057971016,19.920826623725173,9.400161030595813,6.353998926462695,3.3279656468062266,0.6575415995705851,1.892109500805153
211,20.98094471282877,1.4962426194310252,35.970209339774556,19.826892109500804,9.400161030595813,6.488191089640365,3.2877079978529253,0.6575415995705851,1.892109500805153
212,21.34326355340848,1.4694041867954912,35.40660225442834,19.55179817498658,9.05126140633387,7.232957595276436,3.2139023081052067,0.6575415995705851,2.073268921095008
213,21.490874932903917,1.4694041867954912,35.299248523886206,19.699409554482017,9.03113258185722,7.185990338164252,3.0931293612453032,0.6575415995705851,2.073268921095008
214,21.68545356951154,1.4626945786366077,35.15163714439077,19.209608158883523,8.977455716586151,7.320182501341922,3.079710144927536,1.0399892646269457,2.073268921095008
215,22.383252818035427,1.4626945786366077,34.41358024691358,18.833870101986044,8.970746108427267,7.830112721417069,3.079710144927536,1.0399892646269457,1.9860440150295222
216,22.638217928073,1.4626945786366077,34.20558239398819,18.719806763285025,8.910359634997317,7.957595276435856,3.079710144927536,1.0399892646269457,1.9860440150295222
217,22.86634460547504,1.4559849704777241,34.084809447128286,18.35077831454643,8.910359634997317,8.145464304884594,3.0730005367686526,1.1272141706924315,1.9860440150295222
218,22.96027911969941,1.4559849704777241,33.89023081052066,18.35077831454643,9.098228663446054,8.05823939881911,3.0730005367686526,1.1272141706924315,1.9860440150295222
219,23.2085346215781,1.4559849704777241,33.74932903918411,18.33064949006978,9.057971014492754,8.044820182501342,3.0595813204508855,1.1272141706924315,1.9659151905528718
220,23.282340311325818,1.4559849704777241,33.58829844337091,18.276972624798713,9.01100375738057,8.179012345679013,3.1199677938808374,1.1272141706924315,1.9592055823939882
221,23.59098228663446,1.4559849704777241,33.44068706387547,18.230005367686527,8.93719806763285,8.13875469672571,3.1199677938808374,1.1272141706924315,1.9592055823939882
222,23.255501878690286,1.4559849704777241,33.07836822329576,17.85426731078905,8.910359634997317,7.930756843800322,4.320987654320987,1.1272141706924315,2.0665593129361244
223,23.389694041867955,1.4559849704777241,32.59527643585615,17.820719269994633,8.910359634997317,7.917337627482555,4.851046698872786,1.1272141706924315,1.932367149758454
224,23.758722490606548,1.4559849704777241,32.43424584004294,17.773752012882447,8.910359634997317,7.769726247987117,4.851046698872786,1.1137949543746646,1.932367149758454
225,23.845947396672035,1.442565754159957,32.326892109500804,17.398013955984972,8.883521202361782,7.9106280193236715,5.146269457863661,1.1137949543746646,1.932367149758454
226,23.939881910896403,1.442565754159957,32.25308641975309,16.834406870638755,10.064412238325282,7.897208803005904,4.40150295222759,1.1137949543746646,2.0531400966183573
227,24.154589371980677,1.4224369296833066,32.03166935050993,16.834406870638755,10.017444981213098,7.843531937734836,4.542404723564144,1.1003757380568975,2.0531400966183573
228,24.295491143317232,1.4224369296833066,31.82367149758454,16.67337627482555,10.010735373054214,7.803274288781535,4.817498658078368,1.1003757380568975,2.0531400966183573
229,22.7187332259796,0.9460547504025765,32.380568974771876,16.76731078904992,11.09098228663446,7.494632313472893,5.548845947396672,1.0332796564680622,2.01959205582394
230,23.040794417606012,0.9125067096081588,32.22624798711755,16.720343531937736,11.09098228663446,7.501341921631776,5.46833064949007,1.0198604401502953,2.01959205582394
231,23.289049919484704,0.8990874932903918,32.038378958668815,16.686795491143318,11.077563070316694,7.501341921631776,5.374396135265701,1.0198604401502953,2.1135265700483092
232,23.463499731615673,0.8923778851315083,31.97128287707998,16.089640365002683,11.05072463768116,7.481213097155126,5.374396135265701,1.0198604401502953,2.657004830917874
233,23.752012882447666,0.8655394524959742,31.89747718733226,16.076221148684915,10.950080515297907,7.588566827697263,5.253623188405797,0.9796027911969941,2.636876006441224
234,23.839237788513152,0.8655394524959742,31.414385399892645,16.06280193236715,10.829307568438002,8.064949006977992,5.233494363929147,0.9796027911969941,2.7106816961889426
235,24.02710681696189,0.8655394524959742,31.300322061191626,16.022544283413847,10.950080515297907,8.064949006977992,5.166398282340311,0.9796027911969941,2.623456790123457
236,24.194847020933977,0.8655394524959742,31.233225979602793,15.942028985507246,10.950080515297907,8.064949006977992,5.166398282340311,0.966183574879227,2.6167471819645733
237,24.530327428878152,0.8655394524959742,31.072195383789587,15.767579173376275,11.198336017176597,7.9039184111647875,5.139559849704777,0.9460547504025765,2.576489533011272
238,25.046967257112186,0.8655394524959742,31.00509930220075,15.666935050993022,10.903113258185721,7.863660762211487,5.12614063338701,0.9460547504025765,2.576489533011272
239,25.221417069243156,0.8655394524959742,30.891035963499732,15.505904455179817,10.829307568438002,8.132045088566828,5.112721417069243,0.9259259259259259,2.5161030595813205
240,25.429414922168544,0.8655394524959742,30.64278046162104,15.378421900161031,10.82259796027912,8.051529790660226,5.374396135265701,0.9259259259259259,2.509393451422437
241,25.717928073000536,0.8655394524959742,30.421363392377884,15.35829307568438,10.789049919484702,8.165593129361245,5.246913580246914,0.9259259259259259,2.509393451422437
242,25.95276435856146,0.8655394524959742,30.173107890499196,15.599838969404187,10.755501878690284,8.071658615136876,5.146269457863661,0.9259259259259259,2.509393451422437
