,45,50,55,51,53,54,52,56,57,59,58
0,100.0,,,,,,,,,,
1,100.0,,,,,,,,,,
2,99.69135802469135,0.30864197530864196,,,,,,,,,
3,97.91331186258722,2.086688137412775,,,,,,,,,
4,95.01476113794955,4.985238862050457,,,,,,,,,
5,85.97691894793344,14.023081052066559,,,,,,,,,
6,85.97691894793344,14.023081052066559,,,,,,,,,
7,86.01046698872786,13.989533011272142,,,,,,,,,
8,86.05072463768116,13.94927536231884,,,,,,,,,
9,74.55045625335481,25.449543746645197,,,,,,,,,
10,48.631239935587764,50.95276435856146,0.41599570585077833,,,,,,,,
11,48.7385936661299,50.42941492216855,0.8319914117015567,,,,,,,,
12,48.75872249060655,49.49677938808374,1.7444981213097155,,,,,,,,
13,48.92646269457864,49.18142780461621,1.892109500805153,,,,,,,,
14,48.752012882447666,49.35587761674718,1.892109500805153,,,,,,,,
15,48.76543209876543,49.342458400429415,1.892109500805153,,,,,,,,
16,48.812399355877616,49.14787976382179,2.0397208803005906,,,,,,,,
17,48.38298443370907,48.46349973161568,2.0397208803005906,1.1137949543746646,,,,,,,
18,48.55743424584004,48.289049919484704,2.0397208803005906,1.1137949543746646,,,,,,,
19,46.121846484165324,50.59044551798175,2.1739130434782608,1.1137949543746646,,,,,,,
20,46.31642512077295,50.013419216317764,2.4154589371980677,1.1137949543746646,0.14090177133655393,,,,,,
21,46.16881374127751,48.11460010735373,2.368491680085883,1.1137949543746646,2.2342995169082127,,,,,,
22,45.8870101986044,44.43102522812668,2.13365539452496,6.602254428341385,0.9460547504025765,,,,,,
23,45.95410628019324,44.37734836285561,2.13365539452496,6.588835212023618,0.9460547504025765,,,,,,
24,43.646001073537306,46.69887278582931,2.120236178207193,6.588835212023618,0.9460547504025765,,,,,,
25,43.70638754696726,46.65190552871712,2.120236178207193,6.575415995705851,0.9460547504025765,,,,,,
26,43.80703166935051,46.57139023081052,2.120236178207193,6.5552871712292005,0.9460547504025765,,,,,,
27,43.92109500805153,46.041331186258724,2.536231884057971,6.5552871712292005,0.9460547504025765,,,,,,
28,43.887546967257116,46.02791196994095,2.536231884057971,6.5552871712292005,0.9460547504025765,0.04696725711218465,,,,,
29,43.4447128287708,43.525228126677405,2.536231884057971,9.500805152979066,0.9460547504025765,0.04696725711218465,,,,,
30,43.4447128287708,43.525228126677405,2.536231884057971,9.500805152979066,0.9460547504025765,0.04696725711218465,,,,,
31,42.64626945786366,39.351851851851855,2.147074610842727,15.485775630703166,0.24825550187869028,0.12077294685990338,,,,,
32,41.324476650563604,40.653515834675254,2.281266774020397,15.371712292002147,0.24825550187869028,0.12077294685990338,,,,,
33,29.05931293612453,51.39559849704777,2.01959205582394,15.33816425120773,0.24825550187869028,0.6105743424584005,1.328502415458937,,,,
34,29.1532474503489,51.2211486849168,2.120236178207193,15.318035426731079,0.24825550187869028,0.6105743424584005,1.328502415458937,,,,
35,29.388083735909824,51.07353730542136,2.120236178207193,15.26435856146001,0.24825550187869028,0.6105743424584005,1.2949543746645196,,,,
36,29.461889425657542,51.039989264626946,2.120236178207193,15.230810520665592,0.24154589371980675,0.6105743424584005,1.2949543746645196,,,,
37,29.508856682769725,51.006441223832525,2.120236178207193,15.217391304347826,0.24154589371980675,0.6105743424584005,1.2949543746645196,,,,
38,29.341116478797638,50.939345142243695,2.120236178207193,15.4723564143854,0.2214170692431562,0.6105743424584005,1.2949543746645196,,,,
39,29.367954911433173,48.007246376811594,2.120236178207193,15.445517981749866,0.2214170692431562,0.6105743424584005,4.2270531400966185,,,,
40,28.33467525496511,39.18411164787977,1.737788513150832,28.61647879763822,0.2214170692431562,0.6105743424584005,1.2949543746645196,,,,
41,28.401771336553946,39.16398282340311,1.737788513150832,28.381642512077295,0.2214170692431562,0.6105743424584005,1.2949543746645196,0.1878690284487386,,,
42,28.401771336553946,39.2914653784219,1.737788513150832,28.207192699946322,0.2214170692431562,0.6105743424584005,1.2949543746645196,0.23483628556092323,,,
43,28.442028985507246,39.2512077294686,1.737788513150832,28.207192699946322,0.2214170692431562,0.6105743424584005,1.2949543746645196,0.23483628556092323,,,
44,28.502415458937197,39.190821256038646,1.8585614600107354,28.08641975308642,0.2214170692431562,0.6105743424584005,1.2949543746645196,0.23483628556092323,,,
45,28.59634997316157,39.170692431561996,1.8585614600107354,28.012614063338702,0.2214170692431562,0.6105743424584005,1.2949543746645196,0.23483628556092323,,,
46,28.73054213633924,39.049919484702095,1.8585614600107354,27.999194847020934,0.2214170692431562,0.6105743424584005,1.2949543746645196,0.23483628556092323,,,
47,28.844605475040257,39.03650026838432,1.8585614600107354,27.89855072463768,0.2214170692431562,0.6105743424584005,1.2949543746645196,0.23483628556092323,,,
48,28.911701556629094,38.98282340311326,1.8585614600107354,27.529522275899087,0.2214170692431562,0.6105743424584005,1.2949543746645196,0.5904455179817498,,,
49,28.951959205582394,38.90230810520666,1.9524959742351047,27.449006977992486,0.2214170692431562,0.6843800322061192,1.2949543746645196,0.5434782608695652,,,
50,28.804347826086957,39.10359634997316,1.9524959742351047,27.395330112721417,0.2214170692431562,0.6843800322061192,1.2949543746645196,0.5434782608695652,,,
51,28.904991948470208,38.969404186795494,2.0128824476650564,27.36849168008588,0.2214170692431562,0.6843800322061192,1.2949543746645196,0.5434782608695652,,,
52,28.85131508319914,38.7614063338701,2.120236178207193,26.737788513150832,0.2214170692431562,0.6843800322061192,1.4895330112721417,1.133923778851315,,,
53,27.100107353730543,38.056897477187334,1.8115942028985508,22.77241009125067,0.2214170692431562,0.6843800322061192,8.105206655931294,1.247987117552335,,,
54,26.147342995169083,40.163714439076756,2.563070316693505,22.644927536231883,0.2214170692431562,0.19457863660762212,6.816961889425658,1.247987117552335,,,
55,26.194310252281266,40.163714439076756,2.563070316693505,22.624798711755233,0.2214170692431562,0.19457863660762212,6.790123456790123,1.247987117552335,,,
56,26.382179280730007,40.002683843263554,2.563070316693505,22.5979602791197,0.2214170692431562,0.19457863660762212,6.790123456790123,1.247987117552335,,,
57,26.44927536231884,39.88862050456253,2.5563607085346214,22.665056360708533,0.2214170692431562,0.19457863660762212,6.790123456790123,1.2345679012345678,,,
58,26.536500268384327,39.841653247450346,2.5563607085346214,21.66532474503489,0.2214170692431562,0.19457863660762212,6.790123456790123,2.1940418679549114,,,
59,26.778046162104133,39.68733225979603,2.5563607085346214,21.578099838969404,0.2214170692431562,0.19457863660762212,6.790123456790123,2.1940418679549114,,,
60,20.665593129361245,45.96081588835212,2.5563607085346214,21.4170692431562,0.2214170692431562,0.19457863660762212,6.790123456790123,2.1940418679549114,,,
61,20.833333333333332,45.94739667203435,2.5563607085346214,21.38352120236178,0.2214170692431562,0.19457863660762212,6.66935050993022,2.1940418679549114,,,
62,18.69296833064949,47.48389694041868,2.3752012882447664,22.17525496511004,0.2214170692431562,0.19457863660762212,6.662640901771336,2.1940418679549114,,,
63,18.773483628556093,47.41009125067096,2.3752012882447664,22.168545356951153,0.2214170692431562,0.19457863660762212,6.662640901771336,2.1940418679549114,,,
64,18.16290928609769,45.430756843800324,2.3617820719269993,24.953032742887814,0.08722490606548577,0.14761137949543746,6.662640901771336,2.1940418679549114,,,
65,18.203166935050994,45.3569511540526,2.4221685453569513,24.92619431025228,0.08722490606548577,0.14761137949543746,6.662640901771336,2.1940418679549114,,,
66,18.297101449275363,45.3166935050993,2.4221685453569513,24.879227053140095,0.08722490606548577,0.14761137949543746,6.655931293612453,2.1940418679549114,,,
67,18.4044551798175,45.30327428878154,2.4154589371980677,24.785292538915726,0.08722490606548577,0.14761137949543746,6.655931293612453,2.13365539452496,0.06709608158883522,,
68,18.511808910359633,45.25630703166935,2.4154589371980677,24.771873322597962,0.08722490606548577,0.14761137949543746,6.608964036500268,2.13365539452496,0.06709608158883522,,
69,18.67283950617284,44.83360171765969,2.509393451422437,24.698067632850243,0.35560923242082665,0.14761137949543746,6.582125603864735,2.13365539452496,0.06709608158883522,,
70,18.726516371443907,44.71953837895867,2.5697799248523885,24.698067632850243,0.35560923242082665,0.14761137949543746,6.582125603864735,2.13365539452496,0.06709608158883522,,
71,18.780193236714975,44.69269994632314,2.5697799248523885,24.671229200214707,0.35560923242082665,0.14761137949543746,6.582125603864735,2.13365539452496,0.06709608158883522,,
72,18.887546967257112,44.639023081052066,2.5697799248523885,24.630971551261407,0.35560923242082665,0.14761137949543746,6.568706387546968,2.13365539452496,0.06709608158883522,,
73,19.0150295222759,44.41760601180891,2.717391304347826,24.57729468599034,0.35560923242082665,0.14761137949543746,6.568706387546968,2.13365539452496,0.06709608158883522,,
74,17.431561996779386,44.256575415995705,2.717391304347826,23.872785829307567,0.35560923242082665,2.7241009125067097,6.568706387546968,2.006172839506173,0.06709608158883522,,
75,17.67981749865808,44.00161030595813,2.8784219001610305,23.825818572195384,0.35560923242082665,2.6838432635534084,6.501610305958132,2.006172839506173,0.06709608158883522,,
76,17.767042404723565,43.934514224369295,2.8784219001610305,23.805689747718734,0.35560923242082665,2.6838432635534084,6.501610305958132,2.006172839506173,0.06709608158883522,,
77,17.92807300053677,43.80703166935051,2.8784219001610305,23.778851315083198,0.35560923242082665,2.6838432635534084,6.501610305958132,1.9994632313472893,0.06709608158883522,,
78,18.00858829844337,43.73993558776167,2.8784219001610305,23.765432098765434,0.35560923242082665,2.6838432635534084,6.501610305958132,1.9994632313472893,0.06709608158883522,,
79,18.109232420826622,43.68625872249061,2.8784219001610305,23.718464841653248,0.35560923242082665,2.6838432635534084,6.501610305958132,1.9994632313472893,0.06709608158883522,,
80,18.223295759527645,43.646001073537306,2.8784219001610305,23.617820719269993,0.4025764895330113,2.6838432635534084,6.481481481481482,1.9994632313472893,0.06709608158883522,,
81,17.746913580246915,40.90177133655394,3.3816425120772946,26.35534084809447,0.4025764895330113,2.677133655394525,6.468062265163715,1.9994632313472893,0.06709608158883522,,
82,17.807300053676865,40.84809447128288,3.361513687600644,26.35534084809447,0.4025764895330113,2.6502952227589907,6.447933440687064,2.059849704777241,0.06709608158883522,,
83,17.894524959742352,40.79441760601181,3.3548040794417604,26.34863123993559,0.4025764895330113,2.6502952227589907,6.427804616210413,2.059849704777241,0.06709608158883522,,
84,17.96833064949007,40.747450348899626,3.3548040794417604,26.321792807300053,0.4025764895330113,2.6502952227589907,6.427804616210413,2.059849704777241,0.06709608158883522,,
85,17.894524959742352,40.41196994095545,3.475577026301664,26.643853998926463,0.4025764895330113,2.6502952227589907,6.427804616210413,2.0263016639828235,0.06709608158883522,,
86,18.04213633923779,40.35829307568438,3.475577026301664,25.79844337090714,0.4025764895330113,2.623456790123457,7.206119162640902,2.0263016639828235,0.06709608158883522,,
87,18.08239398819109,38.02334943639291,3.408480944712829,28.247450348899623,0.3153515834675255,2.623456790123457,7.206119162640902,2.0263016639828235,0.06709608158883522,,
88,18.203166935050994,37.875738056897475,3.5225442834138487,28.22061191626409,0.3153515834675255,2.623456790123457,7.14573268921095,2.0263016639828235,0.06709608158883522,,
89,18.263553408480945,37.74154589371981,3.7372517444981215,27.932098765432098,0.3153515834675255,2.7979066022544283,7.118894256575416,2.0263016639828235,0.06709608158883522,,
90,17.51207729468599,37.67444981213097,3.7037037037037037,29.30756843800322,0.2952227589908749,2.7979066022544283,7.092055823939882,1.5499194847020934,0.06709608158883522,,
91,17.60601180891036,37.64761137949544,3.7037037037037037,29.280730005367687,0.2952227589908749,2.7844873859366612,7.065217391304348,1.5499194847020934,0.06709608158883522,,
92,17.726784755770264,37.64761137949544,4.428341384863124,29.220343531937736,0.2952227589908749,1.9994632313472893,7.065217391304348,1.5499194847020934,0.06709608158883522,,
93,17.847557702630166,37.64761137949544,4.428341384863124,29.11969940955448,0.2952227589908749,1.9994632313472893,7.0450885668276975,1.5499194847020934,0.06709608158883522,,
94,17.310789049919485,37.39935587761675,4.253891572732153,26.992753623188406,0.2952227589908749,2.1269457863660763,10.567632850241546,1.0534084809447128,,,
95,17.70665593129361,37.23832528180354,4.253891572732153,26.757917337627482,0.2952227589908749,2.1269457863660763,10.567632850241546,1.0534084809447128,,,
96,17.834138486312398,37.204777241009126,4.253891572732153,26.663982823403114,0.2952227589908749,2.1269457863660763,10.567632850241546,1.0534084809447128,,,
97,17.921363392377884,37.15780998389694,4.253891572732153,26.637144390767578,0.2952227589908749,2.1269457863660763,10.554213633923778,1.0534084809447128,,,
98,18.015297906602253,36.78878153515835,4.253891572732153,26.56333870101986,0.644122383252818,2.1269457863660763,10.554213633923778,1.0534084809447128,,,
99,18.183038110574344,36.2788513150832,4.575952764358561,26.435856146001072,0.644122383252818,2.1269457863660763,10.359634997316157,1.3955984970477724,,,
100,18.263553408480945,36.26543209876543,4.575952764358561,26.422436929683307,0.644122383252818,2.1068169618894257,10.332796564680622,1.3888888888888888,,,
101,18.417874396135264,36.211755233494365,4.575952764358561,26.39559849704777,0.644122383252818,2.046430488459474,10.326086956521738,1.3821792807300053,,,
102,18.5252281266774,35.909822866344605,4.575952764358561,26.34863123993559,0.7179280730005367,2.2208803005904456,10.319377348362856,1.3821792807300053,,,
103,18.733225979602793,35.86285560923242,4.569243156199678,26.241277509393452,0.7179280730005367,2.200751476113795,10.292538915727322,1.3821792807300053,,,
104,18.719806763285025,35.16505636070853,4.428341384863124,26.194310252281266,0.7179280730005367,2.9589371980676327,10.292538915727322,1.3821792807300053,,0.14090177133655393,
105,18.813741277509394,35.11137949543747,4.408212560386473,26.194310252281266,0.7179280730005367,3.012614063338701,10.292538915727322,1.3083735909822867,,0.14090177133655393,
106,18.82716049382716,35.07783145464305,4.408212560386473,26.053408480944714,0.8185721953837896,3.012614063338701,10.292538915727322,1.3687600644122384,,0.14090177133655393,
107,11.439881910896403,48.00053676865271,2.8113258185721954,22.973698336017176,0.2683843263553409,2.844873859366613,10.185185185185185,1.4761137949543746,,,
108,11.493558776167472,47.93344068706388,2.871712292002147,22.953569511540525,0.2683843263553409,2.844873859366613,10.158346752549651,1.4761137949543746,,,
109,11.533816425120772,47.92673107890499,2.871712292002147,22.920021470746107,0.2683843263553409,2.844873859366613,10.158346752549651,1.4761137949543746,,,
110,11.681427804616211,47.69189479334407,2.871712292002147,22.859634997316157,0.49651100375738055,2.8247450348899625,10.0979602791197,1.4761137949543746,,,
111,11.922973698336017,47.50402576489533,2.952227589908749,22.779119699409556,0.49651100375738055,2.8247450348899625,10.057702630166398,1.4626945786366077,,,
112,11.976650563607086,47.477187332259795,2.952227589908749,22.779119699409556,0.49651100375738055,2.8247450348899625,10.030864197530864,1.4626945786366077,,,
113,12.097423510466989,47.0679012345679,2.8650026838432634,22.63150831991412,0.49651100375738055,3.3682232957595275,10.010735373054214,1.4626945786366077,,,
114,12.211486849168008,47.04106280193237,2.8650026838432634,22.544283413848632,0.49651100375738055,3.3682232957595275,10.010735373054214,1.4626945786366077,,,
115,12.345679012345679,46.99409554482018,2.8650026838432634,22.544283413848632,0.49651100375738055,3.3011272141706924,9.990606548577563,1.4626945786366077,,,
116,12.412775093934513,46.92699946323135,2.932098765432099,22.510735373054214,0.49651100375738055,3.2675791733762747,9.990606548577563,1.4626945786366077,,,
117,12.4597423510467,46.75925925925926,3.2004830917874396,22.41009125067096,0.49651100375738055,3.2206119162640903,9.990606548577563,1.4626945786366077,,,
118,11.83574879227053,37.03703703703704,2.3081052066559313,21.22920021470746,10.63472893183038,3.099838969404187,12.426194310252281,1.42914653784219,,,
119,11.949812130971551,36.83574879227053,2.5026838432635534,21.16881374127751,10.621309715512615,3.099838969404187,12.426194310252281,1.3955984970477724,,,
120,12.057165861513688,36.741814278046164,2.5026838432635534,21.16881374127751,10.607890499194847,3.099838969404187,12.426194310252281,1.3955984970477724,,,
121,12.184648416532475,36.66800858829844,2.5026838432635534,21.162104133118625,10.59447128287708,3.099838969404187,12.426194310252281,1.3620504562533549,,,
122,12.25174449812131,36.33252818035427,2.5026838432635534,21.162104133118625,10.567632850241546,3.6097691894793345,12.211486849168008,1.3620504562533549,,,
123,12.345679012345679,36.32581857219538,2.5026838432635534,20.92055823939882,10.520665593129362,3.6097691894793345,12.184648416532475,1.5901771336553945,,,
124,12.473161567364466,36.272141706924316,2.5026838432635534,20.92055823939882,10.466988727858293,3.6097691894793345,12.164519592055823,1.5901771336553945,,,
125,12.721417069243156,36.15807836822329,2.5026838432635534,20.853462157809982,10.44015029522276,3.6097691894793345,12.13768115942029,1.5767579173376274,,,
126,12.72812667740204,35.69511540526033,3.5225442834138487,20.853462157809982,9.88996242619431,3.6097691894793345,12.124261943102523,1.5767579173376274,,,
127,12.822061191626409,35.66156736446592,3.5225442834138487,20.73268921095008,9.883252818035427,3.6097691894793345,12.124261943102523,1.6438539989264627,,,
128,12.86231884057971,35.668276972624795,3.5225442834138487,20.699141170155663,9.883252818035427,3.6097691894793345,12.110842726784755,1.6438539989264627,,,
129,13.009930220075148,35.601180891035966,3.535963499731616,20.632045088566827,9.883252818035427,3.6097691894793345,12.084004294149223,1.6438539989264627,,,
130,13.09044551798175,35.601180891035966,3.5225442834138487,20.618625872249062,9.876543209876543,3.5963499731615673,12.050456253354804,1.6438539989264627,,,
131,13.144122383252817,35.567632850241544,3.5225442834138487,20.585077831454644,9.75577026301664,3.5963499731615673,12.050456253354804,1.6438539989264627,,,0.13419216317767044
132,13.191089640365004,35.25228126677402,3.844605475040258,20.558239398819108,9.749060654857756,3.5963499731615673,12.030327428878154,1.6438539989264627,,,0.13419216317767044
133,13.33870101986044,35.17176596886742,3.844605475040258,20.491143317230275,9.749060654857756,3.5963499731615673,12.030327428878154,1.6438539989264627,,,0.13419216317767044
134,13.539989264626946,35.03086419753087,3.844605475040258,20.471014492753625,9.722222222222221,3.5963499731615673,12.016908212560386,1.6438539989264627,,,0.13419216317767044
135,13.573537305421363,32.018250134192165,4.019055287171229,19.93424584004294,9.722222222222221,6.6827697262479875,11.990069779924852,1.9256575415995705,,,0.13419216317767044
136,13.694310252281268,31.97128287707998,4.019055287171229,19.887278582930758,9.722222222222221,6.6827697262479875,11.963231347289318,1.9256575415995705,,,0.13419216317767044
137,13.781535158346752,31.863929146537842,4.019055287171229,19.732957595276435,9.802737520128824,6.6827697262479875,11.936392914653783,2.046430488459474,,,0.13419216317767044
138,13.6406333870102,31.776704240472355,4.086151368760064,18.156199677938808,9.702093397745571,6.6827697262479875,13.788244766505636,2.033011272141707,,,0.13419216317767044
139,13.747987117552334,31.723027375201287,4.180085882984434,18.14278046162104,9.688674181427805,6.588835212023618,13.761406333870102,2.033011272141707,,,0.13419216317767044
140,13.92914653784219,31.66935050993022,4.180085882984434,18.109232420826622,9.634997316156737,6.588835212023618,13.747987117552334,2.006172839506173,,,0.13419216317767044
141,14.036500268384327,31.61567364465915,4.1532474503489,18.109232420826622,9.634997316156737,6.588835212023618,13.747987117552334,1.9793344068706387,,,0.13419216317767044
142,14.090177133655395,31.602254428341386,4.1532474503489,18.089103596349972,9.634997316156737,6.588835212023618,13.727858293075684,1.9793344068706387,,,0.13419216317767044
143,14.244498121309716,31.602254428341386,4.092860976918948,17.894524959742352,9.634997316156737,6.588835212023618,13.707729468599034,2.100107353730542,,,0.13419216317767044
144,14.392109500805153,31.45464304884595,4.1532474503489,17.834138486312398,9.634997316156737,6.588835212023618,13.707729468599034,2.100107353730542,,,0.13419216317767044
145,14.492753623188406,31.44122383252818,4.126409017713366,17.814009661835748,9.634997316156737,6.582125603864735,13.707729468599034,2.0665593129361244,,,0.13419216317767044
146,14.533011272141707,30.88432635534085,4.723564143853999,17.780461621041333,9.588030059044552,6.6827697262479875,13.6808910359635,1.9927536231884058,,,0.13419216317767044
147,14.640365002683843,30.857487922705314,4.723564143853999,17.726784755770264,9.588030059044552,6.655931293612453,13.6808910359635,1.9927536231884058,,,0.13419216317767044
148,14.694041867954912,30.844068706387546,4.723564143853999,17.726784755770264,9.561191626409018,6.655931293612453,13.667471819645733,1.9927536231884058,,,0.13419216317767044
149,14.841653247450349,30.83064949006978,4.696725711218465,17.68652710681696,9.514224369296834,6.655931293612453,13.647342995169081,1.9927536231884058,,,0.13419216317767044
150,14.88191089640365,30.790391841116477,4.696725711218465,17.68652710681696,9.514224369296834,6.655931293612453,13.647342995169081,1.9927536231884058,,,0.13419216317767044
151,14.99597423510467,30.790391841116477,4.656468062265164,17.659688674181428,9.514224369296834,6.635802469135802,13.647342995169081,1.9659151905528718,,,0.13419216317767044
152,15.150295222758992,30.783682232957595,4.64975845410628,17.599302200751477,9.514224369296834,6.602254428341385,13.647342995169081,1.9189479334406871,,,0.13419216317767044
153,15.304616210413311,30.683038110574344,4.64975845410628,17.57246376811594,9.514224369296834,6.602254428341385,13.620504562533547,1.9189479334406871,,,0.13419216317767044
154,15.432098765432098,30.60252281266774,4.643048845947397,17.57246376811594,9.420289855072463,6.588835212023618,13.620504562533547,1.892109500805153,,,0.2281266774020397
155,15.673644659151906,30.60252281266774,4.643048845947397,17.384594739667204,9.366612989801396,6.588835212023618,13.620504562533547,1.892109500805153,,,0.2281266774020397
156,14.492753623188406,25.771604938271604,4.448470209339774,16.70692431561997,9.312936124530328,3.5628019323671496,23.698336017176597,1.778046162104133,,,0.2281266774020397
157,14.55984970477724,25.758185721953836,4.448470209339774,16.70692431561997,9.312936124530328,3.549382716049383,23.658078368223297,1.778046162104133,,,0.2281266774020397
158,14.673913043478262,25.6105743424584,4.274020397208803,16.680085882984432,8.313204508856682,3.549382716049383,23.63123993558776,2.9052603327965647,,,0.36231884057971014
159,14.761137949543746,25.55689747718733,4.274020397208803,16.646537842190018,8.313204508856682,3.549382716049383,23.63123993558776,2.9052603327965647,,,0.36231884057971014
160,14.88191089640365,25.429414922168544,4.334406870638754,16.626409017713364,8.28636607622115,3.549382716049383,23.63123993558776,2.898550724637681,,,0.36231884057971014
161,14.982555018786902,25.41599570585078,4.334406870638754,16.59957058507783,8.28636607622115,3.549382716049383,23.34272678475577,2.952227589908749,0.17444981213097155,,0.36231884057971014
162,15.076489533011273,25.241545893719806,4.448470209339774,16.492216854535695,8.28636607622115,3.549382716049383,23.34272678475577,3.026033279656468,0.17444981213097155,,0.36231884057971014
163,15.304616210413311,25.228126677402038,4.441760601180891,16.404991948470208,8.172302737520129,3.549382716049383,23.34272678475577,3.0193236714975846,0.17444981213097155,,0.36231884057971014
164,15.45222758990875,25.15432098765432,4.441760601180891,16.404991948470208,8.13875469672571,3.549382716049383,23.309178743961354,3.012614063338701,0.17444981213097155,,0.36231884057971014
165,14.949006977992486,25.15432098765432,4.441760601180891,16.384863123993558,8.132045088566828,6.561996779388084,20.725979602791195,2.952227589908749,0.33548040794417605,,0.36231884057971014
166,15.069779924852389,25.09393451422437,4.441760601180891,16.35131508319914,8.132045088566828,6.561996779388084,20.699141170155663,2.952227589908749,0.33548040794417605,,0.36231884057971014
167,15.096618357487923,25.09393451422437,4.441760601180891,16.35131508319914,8.11862587224906,6.561996779388084,20.685721953837895,2.952227589908749,0.33548040794417605,,0.36231884057971014
168,15.177133655394526,24.88593666129898,4.441760601180891,16.324476650563607,8.091787439613526,6.561996779388084,20.52469135802469,3.294417606011809,0.33548040794417605,,0.36231884057971014
169,15.183843263553408,24.778582930756844,4.555823939881911,16.31105743424584,8.091787439613526,6.561996779388084,20.52469135802469,3.294417606011809,0.33548040794417605,,0.36231884057971014
170,15.291196994095545,24.778582930756844,4.555823939881911,16.31105743424584,8.07836822329576,6.561996779388084,20.43075684380032,3.294417606011809,0.33548040794417605,,0.36231884057971014
171,15.499194847020934,24.718196457326894,4.542404723564144,16.25067096081589,8.172302737520129,6.421095008051529,20.2361782071927,3.4621578099838968,0.33548040794417605,,0.36231884057971014
172,15.599838969404187,24.684648416532475,4.542404723564144,16.223832528180353,8.172302737520129,6.421095008051529,20.128824476650564,3.4621578099838968,0.4025764895330113,,0.36231884057971014
173,15.787707997852925,24.58400429414922,4.542404723564144,16.203703703703702,8.132045088566828,6.421095008051529,20.101986044015028,3.4621578099838968,0.4025764895330113,,0.36231884057971014
174,15.908480944712828,24.396135265700483,4.676596886741814,16.17686527106817,8.111916264090176,6.414385399892646,20.088566827697264,3.4621578099838968,0.4025764895330113,,0.36231884057971014
175,15.98899624261943,24.376006441223833,4.663177670424047,16.17686527106817,8.111916264090176,6.367418142780462,20.088566827697264,3.4621578099838968,0.4025764895330113,,0.36231884057971014
176,16.035963499731615,24.335748792270532,4.663177670424047,16.17686527106817,8.064949006977992,6.367418142780462,20.081857219538378,3.4621578099838968,0.4025764895330113,,0.4092860976918948
177,16.002415458937197,24.282071926999464,5.763553408480945,16.002415458937197,8.064949006977992,6.367418142780462,19.108964036500268,3.5963499731615673,0.4025764895330113,,0.4092860976918948
178,15.955448201825014,24.214975845410628,5.763553408480945,15.995705850778315,8.064949006977992,6.4345142243692965,18.887546967257112,3.8714439076757916,0.4025764895330113,,0.4092860976918948
179,16.002415458937197,24.214975845410628,5.756843800322061,15.98899624261943,8.051529790660226,6.421095008051529,18.88083735909823,3.8714439076757916,0.4025764895330113,,0.4092860976918948
180,16.09634997316157,24.168008588298445,5.756843800322061,15.98899624261943,8.011272141706923,6.421095008051529,18.766774020397207,3.864734299516908,0.5166398282340311,,0.4092860976918948
181,16.243961352657006,23.960010735373054,5.072463768115942,15.83467525496511,7.897208803005904,6.347289318303811,19.94766505636071,3.864734299516908,0.4227053140096618,,0.4092860976918948
182,16.27079978529254,23.89291465378422,5.139559849704777,15.807836822329575,7.87037037037037,6.380837359098229,19.940955448201827,3.864734299516908,0.4227053140096618,,0.4092860976918948
183,16.378153515834676,23.866076221148685,5.139559849704777,15.767579173376275,7.7898550724637685,6.380837359098229,19.920826623725173,3.864734299516908,0.4227053140096618,,0.46967257112184646
184,16.458668813741276,23.805689747718734,5.139559849704777,15.4723564143854,7.96430488459474,6.333870101986044,19.89398819108964,4.03918411164788,0.4227053140096618,,0.46967257112184646
185,16.264090177133657,23.79898013955985,5.0858829844337095,14.593397745571659,7.950885668276973,7.588566827697263,19.732957595276435,4.032474503488996,0.4830917874396135,,0.46967257112184646
186,13.285024154589372,21.115136876006442,4.086151368760064,32.910628019323674,7.615405260332796,3.1468062265163717,14.55984970477724,2.475845410628019,0.33548040794417605,,0.46967257112184646
187,13.593666129898015,21.021202361782073,3.965378421900161,32.870370370370374,7.555018786902845,3.113258185721954,14.358561460010735,2.5831991411701556,0.46967257112184646,,0.46967257112184646
188,13.654052603327965,21.021202361782073,3.965378421900161,32.66237251744498,7.555018786902845,3.113258185721954,14.358561460010735,2.7308105206655933,0.46967257112184646,,0.46967257112184646
189,12.359098228663447,22.624798711755233,3.938539989264627,32.52818035426731,7.461084272678476,3.0864197530864197,14.358561460010735,2.703972088030059,0.46967257112184646,,0.46967257112184646
190,12.5,22.604669887278583,3.911701556629093,32.47450348899624,7.4208266237251745,3.0864197530864197,14.358561460010735,2.703972088030059,0.46967257112184646,,0.46967257112184646
191,12.681159420289855,22.564412238325282,3.8915727321524423,32.43424584004294,7.347020933977456,3.0864197530864197,14.358561460010735,2.6972624798711755,0.46967257112184646,,0.46967257112184646
192,12.741545893719806,22.537573805689746,3.8915727321524423,32.43424584004294,7.2933440687063875,3.079710144927536,14.331723027375201,2.6972624798711755,0.46967257112184646,,0.5233494363929146
193,12.86231884057971,22.50402576489533,3.8915727321524423,32.37385936661299,7.2933440687063875,3.079710144927536,14.31159420289855,2.6972624798711755,0.46967257112184646,,0.5166398282340311
194,12.949543746645196,22.497316156736446,3.8915727321524423,32.35373054213634,7.266505636070853,3.052871712292002,14.304884594739667,2.6972624798711755,0.46967257112184646,,0.5166398282340311
195,12.942834138486312,22.356414385399894,3.8580246913580245,32.17928073000537,5.649490069779925,3.052871712292002,14.2914653784219,2.6972624798711755,2.5697799248523885,,0.4025764895330113
196,12.989801395598498,22.322866344605476,3.8580246913580245,32.17928073000537,5.649490069779925,3.052871712292002,14.2914653784219,2.6838432635534084,2.5697799248523885,,0.4025764895330113
197,13.050187869028449,22.302737520128826,3.8580246913580245,32.139023081052066,5.649490069779925,3.052871712292002,14.2914653784219,2.6838432635534084,2.5697799248523885,,0.4025764895330113
198,13.22463768115942,22.302737520128826,3.797638217928073,32.024959742351044,5.649490069779925,3.052871712292002,14.2914653784219,2.6838432635534084,2.5697799248523885,,0.4025764895330113
199,13.271604938271604,22.302737520128826,3.797638217928073,32.01154052603328,5.649490069779925,3.046162104133119,14.264626945786366,2.6838432635534084,2.5697799248523885,,0.4025764895330113
200,13.486312399355878,22.128287707997853,3.797638217928073,31.97128287707998,5.649490069779925,3.046162104133119,14.264626945786366,2.6838432635534084,2.5697799248523885,,0.4025764895330113
201,13.533279656468062,22.128287707997853,3.7909286097691894,31.95786366076221,5.649490069779925,3.0327428878153517,14.264626945786366,2.6704240472356413,2.5697799248523885,,0.4025764895330113
202,13.58695652173913,22.114868491680085,3.7909286097691894,31.850509930220074,5.649490069779925,3.0327428878153517,14.251207729468598,2.7643585614600106,2.5563607085346214,,0.4025764895330113
203,13.526570048309178,22.114868491680085,3.7909286097691894,31.76328502415459,5.649490069779925,3.0327428878153517,14.398819108964037,2.7643585614600106,2.5563607085346214,,0.4025764895330113
204,13.58695652173913,22.088030059044552,3.7909286097691894,31.635802469135804,5.649490069779925,3.0327428878153517,14.38539989264627,2.871712292002147,2.5563607085346214,,0.4025764895330113
205,13.801663982823403,22.074610842726784,3.7775093934514223,31.48148148148148,5.649490069779925,3.0327428878153517,14.351851851851851,2.871712292002147,2.5563607085346214,,0.4025764895330113
206,13.882179280730005,22.020933977455716,3.7775093934514223,31.387546967257112,5.649490069779925,3.140096618357488,14.338432635534085,2.871712292002147,2.5563607085346214,,0.3757380568974772
207,14.016371443907676,21.906870638754697,3.770799785292539,31.28690284487386,5.649490069779925,3.099838969404187,14.325013419216317,3.012614063338701,2.5563607085346214,,0.3757380568974772
208,14.150563607085346,21.906870638754697,3.770799785292539,31.15271068169619,5.649490069779925,3.099838969404187,14.325013419216317,3.012614063338701,2.5563607085346214,,0.3757380568974772
209,14.244498121309716,21.866612989801396,3.770799785292539,31.09903381642512,5.649490069779925,3.099838969404187,14.325013419216317,3.012614063338701,2.5563607085346214,,0.3757380568974772
210,14.325013419216317,21.85319377348363,3.770799785292539,31.052066559312937,5.649490069779925,3.099838969404187,14.325013419216317,2.9924852388620504,2.5563607085346214,,0.3757380568974772
211,14.40552871712292,21.83977455716586,3.770799785292539,31.03864734299517,5.649490069779925,3.099838969404187,14.27133655394525,2.9924852388620504,2.5563607085346214,,0.3757380568974772
212,14.42565754159957,21.83977455716586,3.770799785292539,31.0252281266774,5.649490069779925,3.099838969404187,14.27133655394525,2.985775630703167,2.5563607085346214,,0.3757380568974772
213,14.472624798711756,21.812936124530328,3.770799785292539,31.00509930220075,5.649490069779925,3.099838969404187,14.27133655394525,2.985775630703167,2.5563607085346214,,0.3757380568974772
214,14.49946323134729,21.812936124530328,3.770799785292539,30.97826086956522,5.649490069779925,3.099838969404187,14.27133655394525,2.985775630703167,2.5563607085346214,,0.3757380568974772
215,14.673913043478262,21.76596886741814,3.750670960815888,30.938003220611915,5.609232420826624,3.099838969404187,14.244498121309716,2.985775630703167,2.5563607085346214,,0.3757380568974772
216,14.908749329039184,21.598228663446054,3.750670960815888,30.877616747181964,5.609232420826624,3.099838969404187,14.237788513150832,2.985775630703167,2.5563607085346214,,0.3757380568974772
217,14.982555018786902,21.55126140633387,3.8580246913580245,30.743424584004295,5.609232420826624,3.099838969404187,14.237788513150832,2.985775630703167,2.5563607085346214,,0.3757380568974772
218,15.029522275899087,21.517713365539453,3.8580246913580245,30.73671497584541,5.609232420826624,3.099838969404187,13.996242619431026,2.985775630703167,2.791196994095545,,0.3757380568974772
219,15.03623188405797,21.450617283950617,3.824476650563607,30.857487922705314,5.609232420826624,3.099838969404187,13.969404186795492,2.985775630703167,2.791196994095545,,0.3757380568974772
220,15.103327965646805,21.430488459473967,3.824476650563607,30.790391841116477,5.495169082125604,3.099838969404187,13.969404186795492,2.9790660225442833,2.932098765432099,,0.3757380568974772
221,15.203972088030058,21.3768115942029,3.8177670424047236,30.783682232957595,5.401234567901234,3.0864197530864197,13.942565754159958,2.9790660225442833,2.932098765432099,,0.47638217928073
222,15.203972088030058,21.349973161567366,3.750670960815888,29.931561996779386,8.152173913043478,3.0864197530864197,12.184648416532475,2.871712292002147,2.9924852388620504,,0.47638217928073
223,15.291196994095545,21.336553945249598,3.750670960815888,29.958400429414922,8.091787439613526,3.0730005367686526,12.157809983896941,2.871712292002147,2.9924852388620504,,0.47638217928073
224,15.418679549114332,21.30300590445518,3.750670960815888,29.918142780461622,8.051529790660226,3.0595813204508855,12.157809983896941,2.871712292002147,2.9924852388620504,,0.47638217928073
225,15.4723564143854,21.289586688137412,3.750670960815888,29.918142780461622,8.024691358024691,3.046162104133119,12.157809983896941,2.871712292002147,2.9924852388620504,,0.47638217928073
226,15.573000536768653,21.256038647342994,3.730542136339238,29.716854535695116,8.024691358024691,3.079710144927536,12.157809983896941,3.012614063338701,2.9723564143853998,,0.47638217928073
227,15.646806226516372,21.175523349436393,3.9989264626945786,29.56924315619968,7.997852925389157,3.079710144927536,12.144390767579173,2.9388083735909825,2.9723564143853998,,0.47638217928073
228,15.660225442834138,21.175523349436393,3.9989264626945786,29.448470209339774,7.997852925389157,3.066290928609769,12.144390767579173,3.0595813204508855,2.9723564143853998,,0.47638217928073
229,15.552871712292003,21.175523349436393,3.9989264626945786,26.912238325281802,10.399892646269459,3.797638217928073,11.75523349436393,3.026033279656468,2.9052603327965647,,0.47638217928073
230,15.653515834675256,21.14868491680086,4.0995705850778315,26.878690284487387,10.393183038110575,3.797638217928073,11.668008588298443,2.9119699409554483,2.9723564143853998,,0.47638217928073
231,15.687063875469672,21.121846484165324,4.0995705850778315,26.78475577026302,10.393183038110575,3.8915727321524423,11.66129898013956,2.9119699409554483,2.9723564143853998,,0.47638217928073
232,15.92860976918948,21.00107353730542,4.0995705850778315,26.757917337627482,10.36634460547504,3.8915727321524423,11.594202898550725,2.9119699409554483,2.9723564143853998,,0.47638217928073
233,16.0829307568438,20.9272678475577,4.0995705850778315,26.724369296833064,10.332796564680622,3.8915727321524423,11.580783682232958,2.9119699409554483,2.9723564143853998,,0.47638217928073
234,16.337895866881375,20.77294685990338,4.052603327965647,26.704240472356414,10.299248523886206,3.8915727321524423,11.580783682232958,2.9119699409554483,2.9723564143853998,,0.47638217928073
235,16.6532474503489,20.739398819108963,4.012345679012346,26.529790660225444,10.272410091250672,3.8848631239935587,11.580783682232958,2.9119699409554483,2.9388083735909825,,0.47638217928073
236,16.680085882984432,20.71256038647343,4.012345679012346,26.529790660225444,10.272410091250672,3.8848631239935587,11.580783682232958,2.9119699409554483,2.9388083735909825,,0.47638217928073
237,16.78743961352657,20.638754696725712,4.012345679012346,26.462694578636608,10.272410091250672,3.9720880300590444,11.580783682232958,2.8918411164787976,2.9052603327965647,,0.47638217928073
238,16.847826086956523,20.625335480407944,4.012345679012346,26.442565754159958,10.258990874932904,3.9720880300590444,11.580783682232958,2.8918411164787976,2.8918411164787976,,0.47638217928073
239,17.042404723564143,20.571658615136876,4.012345679012346,26.39559849704777,10.171765968867419,3.9720880300590444,11.574074074074074,2.8918411164787976,2.8918411164787976,,0.47638217928073
240,17.21014492753623,20.48443370907139,4.052603327965647,26.34863123993559,10.131508319914117,3.9720880300590444,11.574074074074074,2.8918411164787976,2.85829307568438,,0.47638217928073
241,17.257112184648417,20.43075684380032,4.052603327965647,26.268115942028984,10.131508319914117,3.9720880300590444,11.54723564143854,3.0059044551798175,2.85829307568438,,0.47638217928073
242,17.297369833601717,20.43075684380032,4.052603327965647,26.25469672571122,10.131508319914117,3.9720880300590444,11.533816425120772,2.9924852388620504,2.85829307568438,,0.47638217928073
243,17.418142780461622,20.43075684380032,4.052603327965647,26.194310252281266,10.0979602791197,3.9720880300590444,11.506977992485238,2.9924852388620504,2.85829307568438,,0.47638217928073
244,17.559044551798173,20.343531937734838,4.052603327965647,26.160762211486848,10.077831454643048,3.9720880300590444,11.506977992485238,2.9924852388620504,2.85829307568438,,0.47638217928073
245,17.67981749865808,20.263016639828233,4.052603327965647,26.039989264626946,10.057702630166398,3.9720880300590444,11.493558776167472,3.1065485775630703,2.85829307568438,,0.47638217928073
246,17.746913580246915,20.25630703166935,4.052603327965647,25.95276435856146,10.057702630166398,3.9720880300590444,11.466720343531938,3.1602254428341383,2.85829307568438,,0.47638217928073
