,45,50,53,54,51,52,55,57,56,58,59
0,92.44498121309715,7.555018786902845,,,,,,,,,
1,92.53891572732152,7.461084272678476,,,,,,,,,
2,92.14304884594739,7.856951154052603,,,,,,,,,
3,92.14304884594739,7.856951154052603,,,,,,,,,
4,91.82098765432099,8.179012345679013,,,,,,,,,
5,90.38513150831992,9.614868491680086,,,,,,,,,
6,90.11003757380568,9.88996242619431,,,,,,,,,
7,84.88325281803543,13.22463768115942,1.892109500805153,,,,,,,,
8,82.42753623188406,15.707192699946322,1.865271068169619,,,,,,,,
9,80.4549114331723,17.54562533548041,1.865271068169619,0.13419216317767044,,,,,,,
10,80.34084809447128,17.659688674181428,1.865271068169619,0.13419216317767044,,,,,,,
11,80.34084809447128,17.659688674181428,1.865271068169619,0.13419216317767044,,,,,,,
12,79.11969940955449,18.88083735909823,1.865271068169619,0.13419216317767044,,,,,,,
13,77.62345679012346,20.377079978529252,1.865271068169619,0.13419216317767044,,,,,,,
14,61.540526033279654,36.460010735373054,1.865271068169619,0.13419216317767044,,,,,,,
15,61.580783682232955,36.26543209876543,1.865271068169619,0.13419216317767044,0.15432098765432098,,,,,,
16,59.70209339774557,30.877616747181964,1.865271068169619,0.13419216317767044,0.15432098765432098,7.159151905528717,0.10735373054213634,,,,
17,59.27938808373591,31.0252281266774,1.865271068169619,0.13419216317767044,0.43612453032742887,7.152442297369833,0.10735373054213634,,,,
18,59.13177670424047,31.13929146537842,1.865271068169619,0.13419216317767044,0.4092860976918948,7.14573268921095,0.17444981213097155,,,,
19,59.15861513687601,29.54911433172303,1.865271068169619,1.6975308641975309,0.4092860976918948,7.14573268921095,0.17444981213097155,,,,
20,57.588566827697264,27.945517981749866,5.0858829844337095,1.6975308641975309,0.4092860976918948,7.14573268921095,0.1274825550187869,,,,
21,56.70289855072464,28.683574879227052,4.944981213097155,1.6975308641975309,0.49651100375738055,7.065217391304348,0.32877079978529256,0.08051529790660225,,,
22,55.112721417069245,25.617283950617285,3.911701556629093,1.5633387010198605,12.439613526570048,1.093666129898014,0.2616747181964573,,,,
23,54.73698336017176,25.670960815888353,3.8915727321524423,1.5096618357487923,12.70799785292539,1.093666129898014,0.38915727321524424,,,,
24,54.6027911969941,24.84567901234568,3.8915727321524423,1.5096618357487923,13.613794954374665,1.093666129898014,0.4428341384863124,,,,
25,54.42163177670424,24.745034889962426,3.8915727321524423,1.5096618357487923,13.895598497047773,1.093666129898014,0.4428341384863124,,,,
26,53.938539989264626,25.254965110037574,3.8915727321524423,1.5096618357487923,13.868760064412239,1.093666129898014,0.4428341384863124,,,,
27,52.61003757380569,26.610305958132045,3.878153515834675,1.5096618357487923,13.855340848094471,1.093666129898014,0.4428341384863124,,,,
28,52.69055287171229,26.54320987654321,3.864734299516908,1.5096618357487923,13.855340848094471,1.093666129898014,0.4428341384863124,,,,
29,51.71765968867418,27.361782071927,3.4688674181427803,2.791196994095545,13.123993558776167,1.093666129898014,0.4428341384863124,,,,
30,51.39559849704777,27.78448738593666,3.4688674181427803,2.771068169618894,13.043478260869565,1.093666129898014,0.4428341384863124,,,,
31,51.368760064412236,27.603327965646805,3.4688674181427803,2.831454643048846,13.191089640365004,1.093666129898014,0.4428341384863124,,,,
32,51.42914653784219,27.569779924852387,3.455448201825013,2.831454643048846,13.191089640365004,1.0802469135802468,0.4428341384863124,,,,
33,49.644390767579175,29.347826086956523,3.455448201825013,2.945517981749866,13.083735909822867,1.0802469135802468,0.4428341384863124,,,,
34,49.65780998389694,29.314278046162105,3.455448201825013,3.0327428878153517,13.01663982823403,1.0802469135802468,0.4428341384863124,,,,
35,49.65780998389694,29.066022544283413,3.743961352657005,3.026033279656468,12.848899624261943,1.0802469135802468,0.5770263016639828,,,,
36,49.67793880837359,29.045893719806763,3.743961352657005,3.026033279656468,12.848899624261943,1.0802469135802468,0.5770263016639828,,,,
37,47.87305421363392,30.844068706387546,3.7238325281803544,3.7573805689747717,12.070585077831455,1.0802469135802468,0.6508319914117016,,,,
38,47.68518518518518,29.60950080515298,5.193236714975845,3.7573805689747717,12.02361782071927,1.0802469135802468,0.6508319914117016,,,,
39,46.89345142243693,29.817498658078367,3.965378421900161,3.7573805689747717,11.889425657541599,2.8918411164787976,0.785024154589372,,,,
40,47.06119162640902,29.736983360171767,3.9452495974235107,3.7573805689747717,11.855877616747183,2.85829307568438,0.785024154589372,,,,
41,46.73242082662372,30.079173376274827,3.9452495974235107,3.7573805689747717,11.842458400429415,2.85829307568438,0.785024154589372,,,,
42,45.309983896940416,31.4747718733226,3.9318303811057436,3.743961352657005,11.842458400429415,2.9119699409554483,0.785024154589372,,,,
43,43.88083735909823,32.9777241009125,3.9184111647879765,3.6231884057971016,11.782071926999464,2.9119699409554483,0.785024154589372,,0.12077294685990338,,
44,43.934514224369295,32.15915190552872,3.878153515834675,3.6231884057971016,11.782071926999464,3.864734299516908,0.6374127750939346,,0.12077294685990338,,
45,29.32769726247987,47.44363929146538,4.05931293612453,3.502415458937198,11.044015029522276,3.864734299516908,0.6374127750939346,,0.12077294685990338,,
46,29.421631776704242,47.376543209876544,4.05931293612453,3.502415458937198,11.017176596886742,3.864734299516908,0.6374127750939346,,0.12077294685990338,,
47,29.28743961352657,45.98765432098765,3.992216854535695,3.4822866344605474,8.709071390230811,3.864734299516908,4.555823939881911,,0.12077294685990338,,
48,29.421631776704242,45.65217391304348,4.193505099302201,3.4822866344605474,8.709071390230811,3.864734299516908,4.555823939881911,,0.12077294685990338,,
49,29.54911433172303,45.50456253354804,4.193505099302201,3.4822866344605474,8.702361782071927,3.8915727321524423,4.555823939881911,,0.12077294685990338,,
50,29.51556629092861,44.85373054213634,4.17337627482555,3.455448201825013,9.46725711218465,3.8580246913580245,4.555823939881911,,0.12077294685990338,,
51,29.864465915190554,44.524959742351044,4.05931293612453,3.455448201825013,9.426999463231347,3.844605475040258,4.703435319377348,,0.12077294685990338,,
52,30.17981749865808,44.20960815888352,4.05931293612453,3.455448201825013,9.426999463231347,3.844605475040258,4.703435319377348,,0.12077294685990338,,
53,29.30756843800322,42.17659688674181,4.468599033816425,3.44873859366613,9.272678475577026,6.501610305958132,4.703435319377348,,0.12077294685990338,,
54,29.200214707461082,42.33762748255502,4.435050993022007,3.435319377348363,9.272678475577026,6.494900697799249,4.703435319377348,,0.12077294685990338,,
55,29.381374127750938,42.230273752012884,4.435050993022007,3.3816425120772946,9.151905528717123,6.468062265163715,4.703435319377348,,0.24825550187869028,,
56,29.53569511540526,40.371712292002144,4.435050993022007,3.3682232957595275,9.373322597960279,6.454643048845948,6.213097155126141,,0.24825550187869028,,
57,29.240472356414386,39.660493827160494,3.8043478260869565,2.1604938271604937,9.366612989801396,9.339774557165862,6.213097155126141,,0.2147074610842727,,
58,29.408212560386474,38.29844337090714,3.8043478260869565,2.1604938271604937,9.31964573268921,9.339774557165862,7.454374664519592,,0.2147074610842727,,
59,27.61003757380569,30.347557702630166,3.603059581320451,2.100107353730542,20.517981749865807,9.212292002147075,6.394256575415996,,0.2147074610842727,,
60,27.76435856146001,30.300590445517983,3.603059581320451,2.100107353730542,20.42404723564144,9.212292002147075,6.380837359098229,,0.2147074610842727,,
61,28.093129361245303,30.19994632313473,4.7101449275362315,2.100107353730542,19.236446591519055,9.091519055287172,6.353998926462695,,0.2147074610842727,,
62,28.24074074074074,30.119431025228128,4.7101449275362315,2.100107353730542,19.16935050993022,9.091519055287172,6.353998926462695,,0.2147074610842727,,
63,28.22061191626409,29.64975845410628,4.7638217928073,2.5563607085346214,19.129092860976918,9.111647879763822,6.353998926462695,,0.2147074610842727,,
64,28.421900161030596,29.347826086956523,4.1129898013955986,4.166666666666667,19.0955448201825,8.199141170155663,6.4412238325281805,,0.2147074610842727,,
65,28.173644659151904,28.569511540526033,4.1129898013955986,3.9989264626945786,17.028985507246375,8.185721953837897,9.71551261406334,,0.2147074610842727,,
66,28.341384863123995,28.462157809983896,4.1129898013955986,3.992216854535695,16.760601180891037,8.185721953837897,9.71551261406334,,0.4294149221685454,,
67,28.482286634460547,28.32125603864734,4.1129898013955986,3.992216854535695,16.760601180891037,8.185721953837897,9.71551261406334,,0.4294149221685454,,
68,28.629898013955984,28.26086956521739,4.1129898013955986,3.992216854535695,16.760601180891037,8.09849704777241,9.71551261406334,,0.4294149221685454,,
69,28.958668813741276,28.14009661835749,4.1129898013955986,3.9519592055823938,16.74718196457327,7.997852925389157,9.66183574879227,,0.4294149221685454,,
70,29.13311862587225,28.052871712292003,4.1129898013955986,3.9519592055823938,16.700214707461082,7.917337627482555,9.373322597960279,0.04696725711218465,0.4294149221685454,0.28180354267310787,
71,29.2337627482555,28.052871712292003,4.1129898013955986,3.9519592055823938,16.626409017713364,7.890499194847021,9.373322597960279,0.04696725711218465,0.4294149221685454,0.28180354267310787,
72,29.716854535695116,27.865002683843265,4.03918411164788,3.9519592055823938,16.525764895330113,7.863660762211487,9.27938808373591,0.04696725711218465,0.4294149221685454,0.28180354267310787,
73,29.7638217928073,27.58990874932904,4.03918411164788,3.9519592055823938,16.525764895330113,7.85024154589372,9.41358024691358,0.04696725711218465,0.5367686527106817,0.28180354267310787,
74,29.57595276435856,26.455984970477726,3.878153515834675,3.9519592055823938,17.726784755770264,7.85024154589372,9.406870638754697,0.36231884057971014,0.5099302200751477,0.28180354267310787,
75,29.314278046162105,25.717928073000536,3.851315083199141,3.9049919484702094,17.49194847020934,9.024422973698336,9.628287707997853,0.36231884057971014,0.4227053140096618,0.28180354267310787,
76,29.126409017713364,25.301932367149757,3.851315083199141,3.8848631239935587,18.16290928609769,8.977455716586151,9.628287707997853,0.36231884057971014,0.4227053140096618,0.28180354267310787,
77,29.24718196457327,25.261674718196456,3.81105743424584,3.8848631239935587,18.075684380032207,9.024422973698336,9.628287707997853,0.36231884057971014,0.4227053140096618,0.28180354267310787,
78,29.005636070853463,24.818840579710145,4.884594739667204,3.8311862587224907,18.06226516371444,9.01100375738057,9.339774557165862,0.36231884057971014,0.4227053140096618,0.2616747181964573,
79,29.314278046162105,24.771873322597962,4.85775630703167,3.8311862587224907,17.894524959742352,9.01100375738057,9.23913043478261,0.28180354267310787,0.5367686527106817,0.2616747181964573,
80,28.650026838432634,25.49651100375738,4.824208266237251,3.8311862587224907,17.619431025228128,9.01100375738057,9.27938808373591,0.28180354267310787,0.7447665056360708,0.2616747181964573,
81,28.5829307568438,25.38244766505636,4.824208266237251,3.8311862587224907,17.612721417069242,8.99087493290392,9.4873859366613,0.28180354267310787,0.7447665056360708,0.2616747181964573,
82,28.63660762211487,25.221417069243156,4.824208266237251,3.8311862587224907,17.505367686527105,9.25925925925926,9.453837895866881,0.28180354267310787,0.7246376811594203,0.2616747181964573,
83,28.878153515834676,25.127482555018787,4.810789049919484,3.8177670424047236,17.391304347826086,9.333064949006978,9.373322597960279,0.28180354267310787,0.7246376811594203,0.2616747181964573,
84,29.1129898013956,25.006709608158882,4.810789049919484,3.8177670424047236,17.324208266237253,9.29951690821256,9.359903381642512,0.28180354267310787,0.7246376811594203,0.2616747181964573,
85,29.186795491143318,24.376006441223833,4.582662372517445,5.092592592592593,17.236983360171767,8.896940418679549,9.359903381642512,0.28180354267310787,0.7246376811594203,0.2616747181964573,
86,29.05931293612453,24.228395061728396,4.582662372517445,5.475040257648954,17.12962962962963,8.896940418679549,9.286097691894794,0.27509393451422437,0.8051529790660226,0.2616747181964573,
87,29.159957058507782,24.174718196457327,4.53569511540526,5.475040257648954,17.01556629092861,8.896940418679549,9.286097691894794,0.27509393451422437,0.9192163177670424,0.2616747181964573,
88,29.260601180891037,24.14117015566291,4.884594739667204,5.340848094471283,16.894793344068706,8.896940418679549,9.125067096081589,0.27509393451422437,0.9192163177670424,0.2616747181964573,
89,21.631776704240472,14.80810520665593,3.180354267310789,3.5225442834138487,45.269726247987116,3.9855072463768115,6.239935587761675,0.32877079978529256,0.7716049382716049,0.2616747181964573,
90,21.70558239398819,14.754428341384862,3.180354267310789,3.5225442834138487,45.249597423510465,3.9855072463768115,6.239935587761675,0.32877079978529256,0.7716049382716049,0.2616747181964573,
91,21.732420826623724,14.720880300590446,3.180354267310789,3.5225442834138487,45.17579173376275,3.549382716049383,6.6827697262479875,0.32877079978529256,0.8454106280193237,0.2616747181964573,
92,21.926999463231347,14.63365539452496,3.180354267310789,3.5225442834138487,45.10198604401503,3.515834675254965,6.6827697262479875,0.32877079978529256,0.8454106280193237,0.2616747181964573,
93,21.833064949006978,14.512882447665056,3.1736446591519054,4.294149221685454,42.92807300053677,5.22007514761138,6.602254428341385,0.32877079978529256,0.8454106280193237,0.2616747181964573,
94,21.75925925925926,14.754428341384862,5.924584004294149,4.294149221685454,40.103327965646805,4.817498658078368,6.816961889425658,0.4227053140096618,0.8454106280193237,0.2616747181964573,
95,21.83977455716586,14.720880300590446,5.8172302737520125,4.28743961352657,40.08990874932904,4.804079441760601,6.8035426731078905,0.4227053140096618,0.8454106280193237,0.36902844873859364,
96,13.56682769726248,28.133387010198604,5.750134192163178,4.0995705850778315,35.67498658078368,4.327697262479871,6.327160493827161,0.9057971014492754,0.8454106280193237,0.36902844873859364,
97,13.761406333870102,28.06629092860977,5.5756843800322065,4.0995705850778315,35.547504025764894,4.327697262479871,6.327160493827161,0.9057971014492754,0.8454106280193237,0.5434782608695652,
98,14.210950080515298,27.78448738593666,5.441492216854535,4.790660225442834,35.057702630166396,4.300858829844337,6.119162640901771,0.9057971014492754,0.8454106280193237,0.5434782608695652,
99,14.17740203972088,27.710681696188942,5.441492216854535,4.790660225442834,35.178475577026305,4.28743961352657,6.119162640901771,0.9057971014492754,0.8454106280193237,0.5434782608695652,
100,14.445786366076222,27.66371443907676,5.441492216854535,4.790660225442834,34.98389694041868,4.28743961352657,6.092324208266238,0.9057971014492754,0.8454106280193237,0.5434782608695652,
101,14.74771873322598,27.569779924852387,5.407944176060118,4.790660225442834,34.68867418142781,4.247181964573269,6.273483628556092,0.8856682769726248,0.8454106280193237,0.5434782608695652,
102,14.942297369833602,27.449006977992486,5.347557702630167,4.777241009125067,34.5679012345679,4.139828234031133,6.394256575415996,0.9930220075147611,0.8454106280193237,0.5434782608695652,
103,15.163714439076758,27.355072463768117,5.347557702630167,4.777241009125067,34.45383789586688,4.133118625872249,6.387546967257112,0.9930220075147611,0.8454106280193237,0.5434782608695652,
104,15.45222758990875,27.13365539452496,5.4616210413311865,4.777241009125067,33.2259796027912,4.133118625872249,7.434245840042942,0.9930220075147611,0.8454106280193237,0.5434782608695652,
105,11.54723564143854,43.06897477187332,4.851046698872786,2.791196994095545,24.490069779924852,4.99194847020934,6.253354804079442,0.8923778851315083,0.5703166935050993,0.5434782608695652,
106,11.688137412775093,42.93478260869565,4.817498658078368,2.844873859366613,24.416264090177133,4.99194847020934,6.300322061191626,0.8923778851315083,0.5703166935050993,0.5434782608695652,
107,12.191358024691358,42.53220611916264,4.790660225442834,2.844873859366613,24.382716049382715,4.9718196457326895,6.280193236714976,0.8923778851315083,0.5703166935050993,0.5434782608695652,
108,12.432903918411165,42.2638217928073,4.790660225442834,2.8381642512077296,24.382716049382715,4.911433172302737,6.387546967257112,0.8789586688137413,0.5703166935050993,0.5434782608695652,
109,12.714707461084272,41.97530864197531,4.7638217928073,2.8113258185721954,24.36929683306495,4.911433172302737,6.461352657004831,0.8789586688137413,0.5703166935050993,0.5434782608695652,
110,12.97638217928073,41.8545356951154,4.757112184648417,2.8113258185721954,24.235104669887278,4.911433172302737,6.461352657004831,0.8789586688137413,0.5703166935050993,0.5434782608695652,
111,13.157541599570585,40.80112721417069,4.703435319377348,2.8113258185721954,24.08749329039184,4.911433172302737,7.5348899624261945,0.8789586688137413,0.5703166935050993,0.5434782608695652,
112,12.962962962962964,40.11674718196457,5.736714975845411,2.85829307568438,21.792807300053678,4.898013955984971,9.675254965110037,0.8789586688137413,0.5434782608695652,0.5367686527106817,
113,13.264895330112722,40.01610305958132,5.548845947396672,2.85829307568438,21.410359634997317,4.864465915190553,10.017444981213098,0.8722490606548577,0.5434782608695652,0.5367686527106817,0.06709608158883522
114,13.264895330112722,39.150563607085346,5.548845947396672,2.85829307568438,20.055018786902846,4.864465915190553,12.238325281803542,0.8722490606548577,0.5434782608695652,0.5367686527106817,0.06709608158883522
115,13.546698872785829,39.009661835748794,5.515297906602254,2.7844873859366612,20.055018786902846,4.851046698872786,12.23161567364466,0.8722490606548577,0.5434782608695652,0.5233494363929146,0.06709608158883522
116,13.627214170692431,38.90230810520666,5.515297906602254,2.918679549114332,19.840311325818572,4.830917874396135,12.13768115942029,0.8722490606548577,0.7648953301127214,0.5233494363929146,0.06709608158883522
117,13.70101986044015,38.58024691358025,6.615673644659152,2.918679549114332,18.867418142780462,5.045625335480408,12.077294685990339,0.8722490606548577,0.7313472893183038,0.5233494363929146,0.06709608158883522
118,13.741277509393452,38.459473966720346,6.615673644659152,2.918679549114332,18.833870101986044,5.045625335480408,12.198067632850242,0.8722490606548577,0.7246376811594203,0.5233494363929146,0.06709608158883522
119,13.83521202361782,38.27160493827161,6.5552871712292005,2.918679549114332,18.820450885668276,5.032206119162641,12.379227053140097,0.8722490606548577,0.7246376811594203,0.5233494363929146,0.06709608158883522
120,14.076757917337627,38.09044551798175,6.454643048845948,2.918679549114332,18.746645195920557,5.032206119162641,12.4597423510467,0.9863123993558777,0.7246376811594203,0.4562533548040794,0.05367686527106817
121,14.338432635534085,37.453032742887814,6.407675791733762,2.918679549114332,19.189479334406872,5.032206119162641,12.439613526570048,0.9863123993558777,0.7246376811594203,0.4562533548040794,0.05367686527106817
122,14.506172839506172,37.32555018786903,6.394256575415996,2.918679549114332,19.176060118089104,5.032206119162641,12.439613526570048,0.9863123993558777,0.7112184648416533,0.4562533548040794,0.05367686527106817
123,14.928878153515834,36.902844873859365,6.4345142243692965,3.0394524959742353,19.068706387546968,5.032206119162641,12.352388620504563,0.9863123993558777,0.7447665056360708,0.4562533548040794,0.05367686527106817
124,14.828234031132581,36.7686527106817,6.427804616210413,3.0394524959742353,18.377616747181964,5.991680085882985,12.325550187869029,0.9863123993558777,0.7447665056360708,0.4562533548040794,0.05367686527106817
125,14.928878153515834,36.75523349436393,6.427804616210413,3.0394524959742353,18.19645732689211,5.924584004294149,12.218196457326892,1.093666129898014,0.9057971014492754,0.4562533548040794,0.05367686527106817
126,14.99597423510467,36.67471819645733,6.427804616210413,2.985775630703167,17.64626945786366,5.924584004294149,12.835480407944177,1.093666129898014,0.9057971014492754,0.4562533548040794,0.05367686527106817
127,15.250939345142244,36.54723564143854,6.427804616210413,2.9723564143853998,17.431561996779386,5.904455179817498,12.95625335480408,1.093666129898014,0.9057971014492754,0.4562533548040794,0.05367686527106817
128,15.230810520665592,36.72168545356951,6.380837359098229,2.9723564143853998,17.404723564143854,5.897745571658615,12.922705314009661,1.093666129898014,0.8655394524959742,0.4562533548040794,0.05367686527106817
129,15.069779924852389,35.889694041867955,6.139291465378422,4.052603327965647,18.223295759527645,5.662909286097692,12.379227053140097,1.093666129898014,0.9997316156736447,0.43612453032742887,0.05367686527106817
130,15.331454643048845,35.68840579710145,6.139291465378422,4.052603327965647,18.223295759527645,5.649490069779925,12.352388620504563,1.0802469135802468,0.9930220075147611,0.43612453032742887,0.05367686527106817
131,15.539452495974235,35.601180891035966,6.139291465378422,4.233762748255502,18.209876543209877,5.629361245303274,12.218196457326892,1.0802469135802468,0.8588298443370908,0.43612453032742887,0.05367686527106817
132,15.727321524422974,35.48040794417606,6.139291465378422,4.233762748255502,18.19645732689211,5.629361245303274,12.164519592055823,1.0802469135802468,0.8588298443370908,0.43612453032742887,0.05367686527106817
133,15.848094471282877,35.38647342995169,6.132581857219538,4.233762748255502,18.19645732689211,5.629361245303274,12.144390767579173,1.0802469135802468,0.8588298443370908,0.43612453032742887,0.05367686527106817
134,15.942028985507246,35.17176596886742,6.092324208266238,6.172839506172839,17.317498658078367,5.595813204508857,11.285560923242082,1.0735373054213635,0.8588298443370908,0.43612453032742887,0.05367686527106817
135,16.190284487385938,34.655126140633385,6.038647342995169,6.253354804079442,17.20343531937735,5.676328502415459,11.560654857756306,1.0735373054213635,0.8588298443370908,0.43612453032742887,0.05367686527106817
136,16.566022544283413,34.6081588835212,6.038647342995169,6.213097155126141,17.05582393988191,5.676328502415459,11.446591519055287,1.0466988727858293,0.8588298443370908,0.43612453032742887,0.05367686527106817
137,16.411701556629094,32.23966720343532,8.621846484165324,6.206387546967257,17.19001610305958,5.676328502415459,11.258722490606548,1.0466988727858293,0.8588298443370908,0.43612453032742887,0.05367686527106817
138,16.371443907675793,30.609232420826622,8.621846484165324,6.206387546967257,17.143048845947398,5.649490069779925,13.003220611916264,1.0466988727858293,0.8588298443370908,0.43612453032742887,0.05367686527106817
139,16.170155662909288,30.56897477187332,9.762479871175524,6.025228126677402,16.680085882984432,5.897745571658615,12.607353730542137,1.0466988727858293,0.7514761137949544,0.43612453032742887,0.05367686527106817
140,16.022544283413847,30.19994632313473,9.621578099838969,6.099033816425121,16.411701556629094,6.327160493827161,13.083735909822867,1.1808910359634996,0.5636070853462157,0.43612453032742887,0.05367686527106817
141,15.848094471282877,30.159688674181428,9.494095544820183,6.233225979602791,14.251207729468598,6.3137412775093935,15.60654857756307,1.1741814278046163,0.4495437466451959,0.43612453032742887,0.03354804079441761
142,15.915190552871712,29.857756307031668,9.312936124530328,6.219806763285024,14.251207729468598,6.6760601180891035,16.14331723027375,0.7045088566827697,0.4495437466451959,0.43612453032742887,0.03354804079441761
143,15.995705850778315,29.602791196994094,9.158615136876007,6.957863660762212,14.150563607085346,6.608964036500268,16.002415458937197,0.6038647342995169,0.4495437466451959,0.43612453032742887,0.03354804079441761
144,16.11647879763822,29.57595276435856,9.158615136876007,6.9243156199677935,14.150563607085346,6.608964036500268,15.94873859366613,0.6038647342995169,0.4428341384863124,0.43612453032742887,0.03354804079441761
145,16.09634997316157,29.361245303274288,9.91009125067096,6.575415995705851,14.076757917337627,6.521739130434782,16.035963499731615,0.5099302200751477,0.4428341384863124,0.43612453032742887,0.03354804079441761
146,16.51905528717123,29.20692431561997,9.88996242619431,6.481481481481482,13.996242619431026,6.494900697799249,15.98899624261943,0.5099302200751477,0.4428341384863124,0.43612453032742887,0.03354804079441761
147,16.740472356414386,28.884863123993558,9.883252818035427,6.454643048845948,13.976113794954374,6.394256575415996,16.243961352657006,0.5099302200751477,0.4428341384863124,0.43612453032742887,0.03354804079441761
148,16.6532474503489,28.797638217928075,9.856414385399892,6.300322061191626,14.244498121309716,6.360708534621578,16.384863123993558,0.5099302200751477,0.4227053140096618,0.43612453032742887,0.03354804079441761
149,16.76731078904992,28.75067096081589,9.856414385399892,6.300322061191626,14.13714439076758,6.333870101986044,16.31105743424584,0.5099302200751477,0.5636070853462157,0.43612453032742887,0.03354804079441761
150,16.941760601180892,28.723832528180353,9.802737520128824,6.260064412238325,14.06333870101986,6.3070316693505095,16.304347826086957,0.5099302200751477,0.5636070853462157,0.48980139559849706,0.03354804079441761
151,17.216854535695116,28.69699409554482,9.4873859366613,6.152710681696189,13.92914653784219,6.3070316693505095,16.27750939345142,0.5099302200751477,0.8990874932903918,0.48980139559849706,0.03354804079441761
152,17.391304347826086,28.61647879763822,9.473966720343531,6.152710681696189,13.92914653784219,6.300322061191626,16.203703703703702,0.5099302200751477,0.8990874932903918,0.48980139559849706,0.03354804079441761
153,15.96886741814278,26.100375738056897,9.07139023081052,8.145464304884594,17.398013955984972,6.233225979602791,14.949006977992486,0.5099302200751477,1.1003757380568975,0.48980139559849706,0.03354804079441761
154,15.646806226516372,25.744766505636072,9.07139023081052,10.00402576489533,17.24369296833065,6.166129898013956,13.989533011272142,0.5099302200751477,1.1003757380568975,0.48980139559849706,0.03354804079441761
155,15.827965646806227,25.597155126140635,9.07139023081052,10.144927536231885,16.928341384863124,6.159420289855072,14.016371443907676,0.5099302200751477,1.221148684916801,0.48980139559849706,0.03354804079441761
156,15.94873859366613,25.597155126140635,9.03113258185722,10.084541062801932,16.888083735909824,6.159420289855072,13.996242619431026,0.5837359098228664,1.1876006441223832,0.48980139559849706,0.03354804079441761
157,16.089640365002683,25.53676865271068,9.017713365539452,10.037573805689748,16.867954911433173,6.159420289855072,13.996242619431026,0.5837359098228664,1.1876006441223832,0.48980139559849706,0.03354804079441761
158,13.170960815888352,21.309715512614062,8.923778851315083,9.494095544820183,10.63472893183038,22.356414385399894,11.976650563607086,0.5568974771873323,1.0534084809447128,0.48980139559849706,0.03354804079441761
159,13.372249060654857,21.256038647342994,8.883521202361782,9.534353193773484,10.272410091250672,22.29602791196994,12.285292538915728,0.5233494363929146,1.0534084809447128,0.48980139559849706,0.03354804079441761
160,12.842190016103059,19.229736983360173,8.883521202361782,9.460547504025765,9.252549651100376,22.29602791196994,15.935319377348362,0.5233494363929146,1.0534084809447128,0.48980139559849706,0.03354804079441761
161,12.929414922168545,19.189479334406872,9.004294149221685,9.460547504025765,9.252549651100376,22.269189479334408,15.794417606011809,0.5233494363929146,1.0534084809447128,0.48980139559849706,0.03354804079441761
162,13.097155126140633,19.189479334406872,8.93719806763285,9.460547504025765,9.252549651100376,22.228931830381107,15.734031132581856,0.5233494363929146,1.0534084809447128,0.48980139559849706,0.03354804079441761
163,13.24476650563607,19.176060118089104,8.93719806763285,9.460547504025765,9.23913043478261,22.134997316156735,15.633387010198604,0.5971551261406334,1.0534084809447128,0.48980139559849706,0.03354804079441761
164,13.285024154589372,19.11567364465915,8.917069243156199,9.41358024691358,9.608158883521202,21.900161030595815,15.58641975308642,0.5971551261406334,1.0534084809447128,0.48980139559849706,0.03354804079441761
165,13.305152979066023,17.70665593129361,8.903650026838433,9.359903381642512,9.473966720343531,21.83977455716586,17.236983360171767,0.5971551261406334,1.0534084809447128,0.48980139559849706,0.03354804079441761
166,13.399087493290391,17.673107890499196,9.742351046698873,8.668813741277509,9.245840042941492,21.806226516371442,17.317498658078367,0.5703166935050993,1.0534084809447128,0.48980139559849706,0.03354804079441761
167,13.707729468599034,17.579173376274827,9.695383789586689,8.621846484165324,9.219001610305957,21.511003757380568,17.290660225442835,0.8319914117015567,1.0534084809447128,0.48980139559849706,
168,13.372249060654857,15.170424047235642,9.561191626409018,11.83574879227053,9.151905528717123,21.584809447128286,17.082662372517444,0.8319914117015567,0.9192163177670424,0.48980139559849706,
169,13.479602791196994,15.116747181964573,9.5276435856146,11.83574879227053,9.138486312399356,21.578099838969404,17.082662372517444,0.8319914117015567,0.9192163177670424,0.48980139559849706,
170,13.627214170692431,15.116747181964573,9.5276435856146,11.75523349436393,8.917069243156199,21.423778851315085,17.28395061728395,0.9393451422436929,0.9192163177670424,0.48980139559849706,
171,12.70799785292539,13.513150831991412,9.01100375738057,8.541331186258722,17.867686527106816,21.276167471819647,14.821524422973699,1.0601180891035964,0.7112184648416533,0.48980139559849706,
172,12.76838432635534,13.513150831991412,8.99087493290392,8.541331186258722,17.840848094471284,21.26274825550188,14.821524422973699,1.0601180891035964,0.7112184648416533,0.48980139559849706,
173,12.674449812130971,13.466183574879228,11.231884057971014,8.3467525496511,17.57246376811594,20.551529790660226,13.895598497047773,1.1540526033279657,0.6172839506172839,0.48980139559849706,
174,12.969672571121846,13.291733762748256,11.191626409017713,8.413848631239935,17.505367686527105,20.497852925389157,13.868760064412239,1.1540526033279657,0.6172839506172839,0.48980139559849706,
175,13.117283950617283,13.251476113794954,11.191626409017713,8.373590982286634,17.49194847020934,20.356951154052602,13.81508319914117,1.2949543746645196,0.6172839506172839,0.48980139559849706,
176,13.285024154589372,13.231347289318304,11.191626409017713,8.3467525496511,17.49194847020934,20.242887815351583,13.808373590982287,1.2949543746645196,0.6172839506172839,0.48980139559849706,
177,13.526570048309178,13.18438003220612,11.191626409017713,8.32662372517445,17.37788513150832,20.182501341921633,13.707729468599034,1.2949543746645196,0.6172839506172839,0.5904455179817498,
178,13.674181427804616,13.16425120772947,11.16478797638218,8.259527643585615,17.324208266237253,20.29656468062265,13.707729468599034,1.2010198604401503,0.6172839506172839,0.5904455179817498,
179,13.761406333870102,13.130703166935051,10.990338164251208,8.259527643585615,17.3040794417606,20.182501341921633,13.459473966720344,1.3419216317767042,0.9796027911969941,0.5904455179817498,
180,13.553408480944713,13.110574342458401,9.480676328502415,8.185721953837897,19.73966720343532,20.182501341921633,13.170960815888352,1.328502415458937,0.6575415995705851,0.5904455179817498,
181,13.727858293075684,12.983091787439614,9.433709071390231,8.232689210950081,19.672571121846484,20.055018786902846,13.137412775093935,1.442565754159957,0.6575415995705851,0.6575415995705851,
182,13.935856146001074,12.949543746645196,9.433709071390231,8.192431561996779,19.585346215780998,20.034889962426195,13.110574342458401,1.442565754159957,0.6575415995705851,0.6575415995705851,
183,14.002952227589908,12.949543746645196,9.433709071390231,8.192431561996779,19.585346215780998,20.001341921631777,13.077026301663983,1.442565754159957,0.6575415995705851,0.6575415995705851,
184,14.197530864197532,12.915995705850777,9.406870638754697,8.192431561996779,19.545088566827697,19.93424584004294,13.050187869028449,1.442565754159957,0.6575415995705851,0.6575415995705851,
185,14.432367149758454,12.895866881374127,9.380032206119163,8.192431561996779,19.41760601180891,19.867149758454108,12.983091787439614,1.442565754159957,0.7313472893183038,0.6575415995705851,
186,14.895330112721417,12.882447665056361,9.4873859366613,8.13875469672571,19.350509930220074,19.558507783145465,12.828770799785293,1.4694041867954912,0.7313472893183038,0.6575415995705851,
187,15.123456790123457,12.801932367149758,9.447128287707997,8.132045088566828,19.350509930220074,19.410896403650028,12.781803542673108,1.570048309178744,0.7313472893183038,0.6508319914117016,
188,15.26435856146001,12.714707461084272,9.426999463231347,8.219269994632313,19.28341384863124,19.33709071390231,12.754965110037574,1.570048309178744,0.7783145464304885,0.6508319914117016,
189,15.505904455179817,12.560386473429952,9.406870638754697,8.219269994632313,19.236446591519055,19.243156199677937,12.828770799785293,1.570048309178744,0.7783145464304885,0.6508319914117016,
190,15.868223295759528,12.432903918411165,9.339774557165862,8.199141170155663,19.07541599570585,19.182769726247987,12.822061191626409,1.570048309178744,0.8588298443370908,0.6508319914117016,
191,16.069511540526033,12.426194310252281,9.339774557165862,8.192431561996779,19.008319914117017,19.07541599570585,12.815351583467525,1.570048309178744,0.8521202361782072,0.6508319914117016,
192,16.190284487385938,12.426194310252281,9.272678475577026,8.179012345679013,18.927804616210413,18.92109500805153,12.714707461084272,1.7847557702630166,0.95276435856146,0.630703166935051,
193,16.264090177133657,12.412775093934513,9.272678475577026,8.179012345679013,18.874127750939344,18.92109500805153,12.70799785292539,1.7847557702630166,0.95276435856146,0.630703166935051,
194,16.358024691358025,12.392646269457863,9.272678475577026,8.179012345679013,18.820450885668276,18.914385399892645,12.614063338701019,1.865271068169619,0.95276435856146,0.630703166935051,
195,16.404991948470208,12.392646269457863,9.25925925925926,8.158883521202362,18.813741277509394,18.78690284487386,12.600644122383253,1.9994632313472893,0.95276435856146,0.630703166935051,
196,16.512345679012345,12.385936661298981,9.25925925925926,8.158883521202362,18.780193236714975,18.746645195920557,12.587224906065487,1.9994632313472893,0.9393451422436929,0.630703166935051,
197,16.626409017713364,12.385936661298981,9.198872785829307,7.917337627482555,18.746645195920557,18.739935587761675,12.587224906065487,2.227589908749329,0.9393451422436929,0.630703166935051,
198,16.57944176060118,12.379227053140097,9.896672034353195,8.923778851315083,18.54535695115405,17.8743961352657,11.822329575952764,2.536231884057971,0.8923778851315083,0.5501878690284487,
199,16.780730005367687,12.325550187869029,9.86983360171766,8.984165324745035,18.310520665593128,17.787171229200215,11.748523886205046,2.5295222758990876,1.1137949543746646,0.5501878690284487,
200,16.659957058507782,12.151100375738057,9.86983360171766,9.333064949006978,18.169618894256576,17.787171229200215,11.83574879227053,2.5295222758990876,1.1137949543746646,0.5501878690284487,
201,16.80756843800322,12.124261943102523,9.728931830381105,9.39345142243693,17.746913580246915,17.767042404723565,11.829039184111648,2.509393451422437,1.5432098765432098,0.5501878690284487,
202,16.921631776704242,12.090713902308105,9.695383789586689,9.39345142243693,17.733494363929147,17.733494363929147,11.829039184111648,2.509393451422437,1.5432098765432098,0.5501878690284487,
203,17.062533548040793,12.02361782071927,9.73564143853999,9.588030059044552,17.693236714975846,17.55233494363929,11.681427804616211,2.509393451422437,1.5096618357487923,0.644122383252818,
204,17.082662372517444,11.943102522812667,9.73564143853999,9.567901234567902,17.659688674181428,17.53220611916264,11.81561996779388,2.509393451422437,1.5096618357487923,0.644122383252818,
205,17.391304347826086,11.922973698336017,9.668545356951155,9.567901234567902,17.632850241545892,17.53220611916264,11.634460547504025,2.49597423510467,1.5096618357487923,0.644122383252818,
206,17.47181964573269,11.90955448201825,9.648416532474503,9.541062801932368,17.57246376811594,17.49194847020934,11.60762211486849,2.6033279656468062,1.5096618357487923,0.644122383252818,
207,17.753623188405797,11.808910359634996,9.648416532474503,9.541062801932368,17.23027375201288,17.478529253891573,11.54723564143854,2.576489533011272,1.7713365539452497,0.644122383252818,
208,17.914653784219002,11.782071926999464,9.916800858829845,9.23913043478261,17.20343531937735,17.54562533548041,11.406333870101985,2.576489533011272,1.7713365539452497,0.644122383252818,
209,18.035426731078903,11.701556629092861,9.903381642512077,9.219001610305957,17.156468062265162,17.51207729468599,11.500268384326356,2.576489533011272,1.7579173376274826,0.6374127750939346,
210,18.183038110574344,11.66129898013956,9.997316156736447,9.172034353193773,17.136339237788512,17.444981213097154,11.460010735373054,2.576489533011272,1.7310789049919484,0.6374127750939346,
211,18.38432635534085,11.634460547504025,9.990606548577563,9.125067096081589,17.07595276435856,17.404723564143854,11.439881910896403,2.576489533011272,1.7310789049919484,0.6374127750939346,
212,18.431293612453032,11.58749329039184,10.185185185185185,9.091519055287172,16.894793344068706,17.37788513150832,11.399624261943103,2.576489533011272,1.7176596886741815,0.7380568974771873,
213,18.51851851851852,11.58749329039184,10.030864197530864,9.064680622651638,16.854535695115406,17.37788513150832,11.560654857756306,2.5496511003757383,1.7176596886741815,0.7380568974771873,
214,18.840579710144926,11.460010735373054,10.02415458937198,9.044551798174986,16.780730005367687,17.236983360171767,11.60762211486849,2.5496511003757383,1.7176596886741815,0.7380568974771873,
215,13.399087493290391,34.648416532474506,6.199677938808374,8.467525496511003,12.72812667740204,11.694847020933977,9.192163177670425,2.0665593129361244,1.0332796564680622,0.5703166935050993,
216,13.607085346215781,34.54106280193237,6.179549114331723,8.467525496511003,12.694578636607622,11.694847020933977,9.16532474503489,2.0665593129361244,1.0131508319914118,0.5703166935050993,
217,13.788244766505636,34.333064949006975,6.099033816425121,8.729200214707461,12.600644122383253,11.668008588298443,9.064680622651638,2.13365539452496,1.0131508319914118,0.5703166935050993,
218,13.573537305421363,33.77616747181965,6.085614600107354,10.178475577026301,12.573805689747719,11.634460547504025,8.682232957595277,2.1269457863660763,0.95276435856146,0.41599570585077833,
219,13.647342995169081,33.54804079441761,6.011808910359635,10.178475577026301,12.546967257112184,11.634460547504025,8.836553945249598,2.120236178207193,1.0601180891035964,0.41599570585077833,
220,13.083735909822867,29.643048845947398,5.891035963499732,9.816156736446592,19.612184648416534,9.742351046698873,8.68894256575416,2.1135265700483092,0.9930220075147611,0.41599570585077833,
221,13.18438003220612,29.57595276435856,5.877616747181965,9.883252818035427,19.612184648416534,9.73564143853999,8.675523349436393,2.046430488459474,0.9930220075147611,0.41599570585077833,
222,13.385668276972625,29.53569511540526,5.837359098228664,9.863123993558776,19.565217391304348,9.722222222222221,8.648684916800859,2.033011272141707,0.9930220075147611,0.41599570585077833,
223,13.808373590982287,29.354535695115406,5.837359098228664,9.836285560923242,19.51825013419216,9.668545356951155,8.541331186258722,2.033011272141707,0.9863123993558777,0.41599570585077833,
224,13.83521202361782,29.17337627482555,5.837359098228664,9.836285560923242,19.484702093397747,9.64170692431562,8.756038647342995,2.033011272141707,0.9863123993558777,0.41599570585077833,
225,14.083467525496511,29.09286097691895,5.837359098228664,9.829575952764358,19.45115405260333,9.64170692431562,8.628556092324208,2.033011272141707,0.9863123993558777,0.41599570585077833,
226,14.197530864197532,29.07944176060118,5.810520665593129,9.809447128287708,19.269994632313473,9.64170692431562,8.628556092324208,2.033011272141707,1.1137949543746646,0.41599570585077833,
