,45,50,55,51,52,53,54,56,61,57,59,58,60
0,99.36929683306495,0.630703166935051,,,,,,,,,,,
1,98.61782071927,1.3821792807300053,,,,,,,,,,,
2,85.04428341384863,14.88191089640365,0.07380568974771873,,,,,,,,,,
3,84.78931830381106,15.076489533011273,0.07380568974771873,0.06038647342995169,,,,,,,,,
4,84.18545356951154,15.640096618357488,0.08722490606548577,0.08722490606548577,,,,,,,,,
5,81.9645732689211,17.76033279656468,0.1878690284487386,0.08722490606548577,,,,,,,,,
6,81.6760601180891,18.04884594739667,0.1878690284487386,0.08722490606548577,,,,,,,,,
7,77.24771873322598,22.19538378958669,0.2214170692431562,0.08722490606548577,0.14090177133655393,0.10735373054213634,,,,,,,
8,77.04643048845948,22.249060654857757,0.32877079978529256,0.08722490606548577,0.18115942028985507,0.10735373054213634,,,,,,,
9,74.30220075147611,24.9597423510467,0.322061191626409,0.08722490606548577,0.2214170692431562,0.10735373054213634,,,,,,,
10,71.97396672034353,27.059849704777243,0.4025764895330113,0.08722490606548577,0.2214170692431562,0.10735373054213634,0.14761137949543746,,,,,,
11,69.49141170155663,29.32769726247987,0.5367686527106817,0.16774020397208803,0.2214170692431562,0.10735373054213634,0.14761137949543746,,,,,,
12,67.13633923778852,24.60413311862587,0.46296296296296297,7.387278582930757,0.18115942028985507,,0.2281266774020397,,,,,,
13,66.92163177670425,24.86580783682233,0.46296296296296297,7.340311325818572,0.18115942028985507,,0.2281266774020397,,,,,,
14,66.63982823403113,25.11406333870102,0.5032206119162641,7.266505636070853,0.18115942028985507,,0.2952227589908749,,,,,,
15,66.47208803005904,25.39586688137413,0.5032206119162641,7.118894256575416,0.18115942028985507,,0.2952227589908749,0.03354804079441761,,,,,
16,61.16478797638218,30.877616747181964,0.2952227589908749,7.192699946323135,0.14090177133655393,,0.2952227589908749,0.03354804079441761,,,,,
17,28.059581320450885,65.59983896940419,0.14090177133655393,5.783682232957595,0.0939345142243693,,0.322061191626409,,,,,,
18,28.22061191626409,65.15029522275898,0.4830917874396135,5.703166935050993,0.0939345142243693,,0.322061191626409,0.026838432635534086,,,,,
19,28.5829307568438,64.31159420289855,0.9796027911969941,5.656199677938808,0.0939345142243693,,0.322061191626409,0.05367686527106817,,,,,
20,27.42216854535695,57.03166935050993,1.6170155662909287,13.513150831991412,0.0939345142243693,,0.322061191626409,,,,,,
21,27.710681696188942,56.58212560386473,1.7914653784219001,13.466183574879228,0.0939345142243693,,0.35560923242082665,,,,,,
22,22.69860440150295,49.20155662909286,1.8384326355340848,26.01315083199141,,,0.1878690284487386,0.06038647342995169,,,,,
23,23.10789049919485,48.678207192699944,3.7775093934514223,24.02710681696189,,,0.30864197530864196,0.10064412238325282,,,,,
24,23.396403650026837,48.309178743961354,3.8848631239935587,23.96672034353194,,,0.30864197530864196,0.1274825550187869,0.0067096081588835215,,,,
25,23.067632850241544,46.96725711218465,4.146537842190016,25.181159420289855,,,0.38915727321524424,0.24154589371980675,0.0067096081588835215,,,,
26,23.282340311325818,46.826355340848096,4.213633923778851,24.88593666129898,,,0.38915727321524424,0.39586688137412773,0.0067096081588835215,,,,
27,21.054750402576488,45.4374664519592,4.206924315619967,28.341384863123995,,0.026838432635534086,0.39586688137412773,0.5300590445517982,0.0067096081588835215,,,,
28,21.39694041867955,44.00831991411702,4.200214707461084,26.42914653784219,0.020128824476650563,2.428878153515835,0.9930220075147611,0.4092860976918948,0.0067096081588835215,0.10735373054213634,,,
29,20.28985507246377,41.78073000536769,4.1129898013955986,19.79334406870639,10.413311862587225,2.314814814814815,0.95276435856146,0.2281266774020397,0.0067096081588835215,0.10735373054213634,,,
30,19.83360171765969,40.96886741814278,4.1129898013955986,16.55931293612453,14.781266774020397,2.428878153515835,0.9057971014492754,0.2616747181964573,0.0067096081588835215,0.14090177133655393,,,
31,20.108695652173914,40.754159957058505,4.092860976918948,16.465378421900162,14.734299516908212,2.4892646269457863,0.9460547504025765,0.2616747181964573,0.0067096081588835215,0.14090177133655393,,,
32,20.48443370907139,40.27106816961889,4.294149221685454,16.438539989264626,14.130434782608695,2.4892646269457863,0.9460547504025765,0.2616747181964573,0.0067096081588835215,0.6776704240472357,,,
33,20.632045088566827,38.2313472893183,6.125872249060655,15.4723564143854,13.123993558776167,5.01207729468599,0.43612453032742887,0.20799785292538917,0.0067096081588835215,0.7514761137949544,,,
34,11.097691894793345,62.09742351046699,3.488996242619431,10.849436392914654,5.689747718733226,4.40150295222759,2.1806226516371443,0.1610305958132045,0.0067096081588835215,0.026838432635534086,,,
35,10.782340311325818,57.427536231884055,3.180354267310789,4.28743961352657,16.492216854535695,4.40150295222759,3.207192699946323,0.06709608158883522,0.0067096081588835215,0.14761137949543746,,,
36,10.621309715512615,49.302200751476114,2.8113258185721954,4.233762748255502,26.878690284487387,4.40150295222759,1.3955984970477724,0.1610305958132045,0.0067096081588835215,0.1878690284487386,,,
37,11.017176596886742,47.86634460547504,3.898282340311326,4.166666666666667,25.704508856682768,5.3274288781535155,1.5230810520665594,0.1610305958132045,0.0067096081588835215,0.32877079978529256,,,
38,9.836285560923242,42.24369296833065,3.3413848631239937,16.304347826086957,19.940955448201827,4.911433172302737,2.885131508319914,0.30864197530864196,,0.20128824476650564,0.026838432635534086,,
39,8.427267847557703,40.06977992485239,3.5292538915727323,16.089640365002683,23.409822866344605,4.911433172302737,2.871712292002147,0.4428341384863124,,0.2214170692431562,0.026838432635534086,,
40,8.480944712828771,38.55340848094471,6.092324208266238,15.076489533011273,23.141438539989263,4.911433172302737,2.7844873859366612,0.5568974771873323,,0.30864197530864196,0.0939345142243693,,
41,9.024422973698336,38.1105743424584,6.213097155126141,15.01610305958132,22.832796564680624,4.871175523349437,2.757648953301127,0.6105743424584005,,0.46967257112184646,0.0939345142243693,,
42,8.80300590445518,33.13204508856683,5.186527106816962,14.969135802469136,29.61621041331186,4.49543746645196,2.7241009125067097,0.6105743424584005,,0.36902844873859364,0.0939345142243693,,
43,9.138486312399356,30.95813204508857,7.722758990874933,14.801395598497047,29.347826086956523,4.4753086419753085,2.2879763821792807,0.7514761137949544,,0.36902844873859364,0.0939345142243693,0.05367686527106817,
44,9.574610842726784,30.66290928609769,7.702630166398282,14.707461084272678,26.006441223832528,7.776435856146001,2.2879763821792807,0.7514761137949544,,0.3824476650563607,0.0939345142243693,0.05367686527106817,
45,9.950348899624261,30.02549651100376,7.843531937734836,14.371980676328503,25.328770799785293,8.527911969940956,2.3483628556092326,0.9930220075147611,,0.4227053140096618,0.0939345142243693,0.0939345142243693,
46,10.34621578099839,29.20692431561997,8.702361782071927,14.345142243692969,24.872517444981213,8.420558239398819,2.301395598497048,1.107085346215781,,0.4830917874396135,0.0939345142243693,0.12077294685990338,
47,11.09098228663446,28.837895866881375,8.729200214707461,13.741277509393452,24.54374664519592,8.158883521202362,2.301395598497048,1.6103059581320451,,0.6843800322061192,0.0939345142243693,0.20799785292538917,
48,11.533816425120772,28.213902308105208,8.641975308641975,12.97638217928073,24.10762211486849,9.561191626409018,2.301395598497048,1.596886741814278,,0.7246376811594203,0.07380568974771873,0.23483628556092323,0.03354804079441761
49,11.889425657541599,27.026301663982824,9.621578099838969,12.929414922168545,23.980139559849704,9.433709071390231,2.2946859903381642,1.596886741814278,,0.8051529790660226,0.15432098765432098,0.23483628556092323,0.03354804079441761
50,11.949812130971551,25.51663982823403,9.64170692431562,12.506709608158884,23.30246913580247,11.869296833064949,2.2342995169082127,1.6237251744498122,,0.9057971014492754,0.15432098765432098,0.23483628556092323,0.06038647342995169
51,11.996779388083736,23.872785829307567,9.198872785829307,12.486580783682234,25.268384326355342,11.79549114331723,2.2946859903381642,1.6371443907675791,0.03354804079441761,0.9460547504025765,0.17444981213097155,0.23483628556092323,0.06038647342995169
52,12.486580783682234,23.49704777241009,9.420289855072463,12.318840579710145,25.0402576489533,11.58749329039184,2.281266774020397,1.6908212560386473,0.03354804079441761,1.1607622114868492,0.17444981213097155,0.24825550187869028,0.06038647342995169
53,12.882447665056361,23.30246913580247,9.433709071390231,12.25174449812131,24.93961352657005,11.513687600644122,2.2342995169082127,1.6908212560386473,0.03354804079441761,1.1876006441223832,0.17444981213097155,0.2952227589908749,0.06038647342995169
54,13.083735909822867,23.11460010735373,9.380032206119163,12.204777241009126,24.490069779924852,11.265432098765432,2.871712292002147,1.7713365539452497,0.03354804079441761,1.1406333870101986,0.17444981213097155,0.2952227589908749,0.17444981213097155
55,13.45276435856146,22.973698336017176,9.225711218464841,12.037037037037036,24.208266237251745,11.20504562533548,2.871712292002147,2.15378421900161,0.03354804079441761,1.133923778851315,0.23483628556092323,0.2952227589908749,0.17444981213097155
56,13.768115942028986,22.77241009125067,9.306226516371444,11.98336017176597,23.772141706924316,11.057434245840042,2.8515834675254963,2.2208803005904456,0.03354804079441761,1.3217928073000538,0.2683843263553409,0.46967257112184646,0.17444981213097155
57,13.81508319914117,22.665056360708533,9.426999463231347,11.896135265700483,23.34272678475577,11.131239935587761,2.945517981749866,2.563070316693505,0.03354804079441761,1.2345679012345678,0.30193236714975846,0.46967257112184646,0.17444981213097155
58,14.090177133655395,22.490606548577563,9.923510466988727,11.399624261943103,23.22866344605475,11.07085346215781,2.9790660225442833,2.4892646269457863,0.03354804079441761,1.2949543746645196,0.30193236714975846,0.46967257112184646,0.2281266774020397
59,14.606816961889425,22.356414385399894,9.842995169082126,11.33923778851315,22.84621578099839,11.064143853998926,2.965646806226516,2.4355877616747184,0.03354804079441761,1.5029522275899088,0.28180354267310787,0.49651100375738055,0.2281266774020397
60,14.915458937198068,21.68545356951154,9.802737520128824,11.238593666129898,22.457058507783145,12.218196457326892,2.462426194310252,2.6301663982823404,0.03354804079441761,1.5230810520665594,0.28180354267310787,0.5233494363929146,0.2281266774020397
61,14.935587761674718,21.316425120772948,9.997316156736447,9.265968867418144,21.880032206119164,14.459205582393988,2.952227589908749,2.6301663982823404,0.03354804079441761,1.4962426194310252,0.28180354267310787,0.5233494363929146,0.2281266774020397
62,14.63365539452496,17.176596886741816,9.306226516371444,9.219001610305957,21.712292002147073,14.298174986580785,8.393719806763285,2.6301663982823404,0.03354804079441761,1.5633387010198605,0.28180354267310787,0.5233494363929146,0.2281266774020397
63,14.928878153515834,16.800858829844337,9.31964573268921,9.125067096081589,20.249597423510465,16.371443907675793,8.293075684380032,2.0665593129361244,0.03354804079441761,1.710950080515298,0.3153515834675255,0.46967257112184646,0.3153515834675255
64,15.203972088030058,16.53918411164788,9.500805152979066,8.99087493290392,20.00805152979066,16.14331723027375,8.272946859903382,2.1739130434782608,0.03354804079441761,1.9726247987117553,0.3153515834675255,0.5300590445517982,0.3153515834675255
65,15.526033279656469,16.485507246376812,9.4873859366613,8.99087493290392,19.87385936661299,16.035963499731615,8.266237251744498,2.13365539452496,0.03354804079441761,1.90552871712292,0.3153515834675255,0.630703166935051,0.3153515834675255
66,16.11647879763822,16.27079978529254,9.05126140633387,8.883521202361782,19.732957595276435,15.962157809983896,8.548040794417606,2.0799785292538915,0.03354804079441761,2.059849704777241,0.3153515834675255,0.6374127750939346,0.30864197530864196
67,16.0829307568438,14.63365539452496,9.172034353193773,8.84326355340848,19.639023081052066,15.807836822329575,10.34621578099839,2.1403650026838434,0.03354804079441761,2.0933977455716586,0.23483628556092323,0.6709608158883521,0.30193236714975846
68,15.962157809983896,14.479334406870638,8.641975308641975,10.144927536231885,19.370638754696724,15.45222758990875,9.829575952764358,2.5697799248523885,,2.187332259796028,0.33548040794417605,0.6709608158883521,0.35560923242082665
69,16.391572732152444,14.38539989264627,8.61513687600644,10.077831454643048,19.256575415995705,15.371712292002147,9.728931830381105,2.563070316693505,,2.24771873322598,0.33548040794417605,0.6709608158883521,0.35560923242082665
70,16.908212560386474,14.251207729468598,8.53462157809984,9.936929683306495,19.14922168545357,15.257648953301127,9.762479871175524,2.5697799248523885,,2.2879763821792807,0.33548040794417605,0.6508319914117016,0.35560923242082665
71,16.99543746645196,14.244498121309716,8.581588835212024,9.722222222222221,19.028448738593667,15.217391304347826,9.822866344605474,2.8247450348899625,,2.24771873322598,0.33548040794417605,0.6239935587761675,0.35560923242082665
72,17.16988727858293,13.613794954374665,8.219269994632313,9.668545356951155,20.699141170155663,14.74771873322598,9.634997316156737,2.898550724637681,,2.0531400966183573,0.3153515834675255,0.6239935587761675,0.35560923242082665
73,17.330917874396135,13.231347289318304,8.091787439613526,9.380032206119163,21.638486312399355,14.479334406870638,9.628287707997853,2.9253891572732154,,2.073268921095008,0.3153515834675255,0.5501878690284487,0.35560923242082665
74,17.619431025228128,13.211218464841654,8.05823939881911,9.245840042941492,21.490874932903917,14.452495974235104,9.614868491680086,2.985775630703167,,2.073268921095008,0.3421900161030596,0.5501878690284487,0.35560923242082665
75,18.169618894256576,13.130703166935051,8.017981749865807,9.205582393988191,21.26274825550188,14.371980676328503,9.581320450885668,2.952227589908749,,2.059849704777241,0.3421900161030596,0.5501878690284487,0.35560923242082665
76,18.552066559312937,13.130703166935051,7.971014492753623,9.125067096081589,21.18894256575416,14.331723027375201,9.460547504025765,2.985775630703167,,1.9994632313472893,0.3421900161030596,0.5233494363929146,0.38915727321524424
77,18.270263016639827,12.754965110037574,7.561728395061729,9.192163177670425,18.988191089640367,14.204240472356414,11.674718196457327,4.166666666666667,,1.8451422436929683,0.4294149221685454,0.5233494363929146,0.38915727321524424
78,18.726516371443907,12.560386473429952,7.6556629092860975,9.172034353193773,18.739935587761675,14.15727321524423,11.594202898550725,4.180085882984434,,1.8451422436929683,0.4562533548040794,0.5233494363929146,0.38915727321524424
79,18.95464304884595,12.513419216317766,7.595276435856146,9.145195920558239,18.659420289855074,14.06333870101986,11.560654857756306,4.1532474503489,,1.9457863660762211,0.4562533548040794,0.5636070853462157,0.38915727321524424
80,18.95464304884595,12.345679012345679,7.474503488996243,8.474235104669887,18.183038110574344,13.24476650563607,14.110305958132045,3.9586688137412773,,1.9390767579173376,0.4562533548040794,0.46967257112184646,0.38915727321524424
81,19.39747718733226,12.191358024691358,7.561728395061729,8.373590982286634,18.035426731078903,13.09044551798175,14.103596349973161,4.092860976918948,,1.8786902844873858,0.41599570585077833,0.46967257112184646,0.38915727321524424
82,19.80005367686527,12.030327428878154,7.568438003220612,8.353462157809984,17.820719269994633,13.030059044551798,13.922436929683306,4.200214707461084,,1.9927536231884058,0.41599570585077833,0.49651100375738055,0.36902844873859364
83,20.075147611379496,11.929683306494901,7.4141170155662905,8.340042941492216,17.746913580246915,12.97638217928073,13.915727321524423,4.314278046162104,,2.006172839506173,0.41599570585077833,0.49651100375738055,0.36902844873859364
84,20.189210950080515,11.83574879227053,7.387278582930757,8.340042941492216,17.559044551798173,12.97638217928073,13.88888888888889,4.488727858293076,,2.0263016639828235,0.4428341384863124,0.49651100375738055,0.36902844873859364
85,20.437466451959207,11.768652710681696,7.4006977992485234,8.319914117015566,17.505367686527105,12.962962962962964,13.761406333870102,4.461889425657541,,2.073268921095008,0.4428341384863124,0.49651100375738055,0.36902844873859364
86,20.705850778314545,11.688137412775093,7.575147611379496,8.272946859903382,17.324208266237253,12.86231884057971,13.600375738056897,4.435050993022007,,2.1068169618894257,0.4428341384863124,0.6172839506172839,0.36902844873859364
87,21.081588835212024,11.540526033279656,7.595276435856146,8.21256038647343,17.21014492753623,12.828770799785293,13.499731615673644,4.428341384863124,,2.1604938271604937,0.4428341384863124,0.630703166935051,0.36902844873859364
88,20.209339774557165,11.406333870101985,7.481213097155126,11.75523349436393,14.51959205582394,12.084004294149223,15.01610305958132,4.233762748255502,,1.8384326355340848,0.5166398282340311,0.5703166935050993,0.36902844873859364
89,20.497852925389157,11.345947396672035,7.440955448201825,11.621041331186259,14.398819108964037,12.318840579710145,14.667203435319378,4.2270531400966185,,1.8451422436929683,0.5501878690284487,0.7179280730005367,0.36902844873859364
90,20.142243692968332,10.144927536231885,9.708803005904455,11.533816425120772,14.096886741814279,12.258454106280194,14.264626945786366,4.280730005367687,,1.8518518518518519,0.5837359098228664,0.7648953301127214,0.36902844873859364
91,20.175791733762747,9.675254965110037,9.809447128287708,11.473429951690822,14.016371443907676,12.124261943102523,13.902308105206655,5.166398282340311,,1.8786902844873858,0.6038647342995169,0.8051529790660226,0.36902844873859364
92,20.511272141706925,9.628287707997853,9.863123993558776,11.439881910896403,14.002952227589908,12.084004294149223,13.687600644122384,5.152979066022544,,1.8518518518518519,0.6038647342995169,0.8051529790660226,0.36902844873859364
93,16.97530864197531,12.198067632850242,9.64170692431562,18.840579710144926,13.023349436392914,10.909822866344605,10.131508319914117,4.998658078368224,,1.9390767579173376,0.5099302200751477,0.5367686527106817,0.2952227589908749
94,17.444981213097154,12.13768115942029,9.634997316156737,18.659420289855074,12.74825550187869,10.802469135802468,10.064412238325282,5.253623188405797,,1.9189479334406871,0.5367686527106817,0.5032206119162641,0.2952227589908749
95,17.632850241545892,12.110842726784755,9.675254965110037,18.417874396135264,12.627482555018787,10.869565217391305,10.00402576489533,5.421363392377885,,1.9189479334406871,0.5367686527106817,0.5032206119162641,0.28180354267310787
96,17.92807300053677,12.050456253354804,9.64170692431562,18.310520665593128,12.412775093934513,10.84272678475577,9.997316156736447,5.528717122920021,,1.9659151905528718,0.5367686527106817,0.5032206119162641,0.28180354267310787
97,18.276972624798713,11.996779388083736,9.373322597960279,18.169618894256576,12.379227053140097,10.815888352120236,9.977187332259795,5.528717122920021,,1.9659151905528718,0.644122383252818,0.5032206119162641,0.36902844873859364
98,18.699677938808374,11.943102522812667,9.27938808373591,17.820719269994633,12.23161567364466,11.07085346215781,9.903381642512077,5.501878690284487,,2.006172839506173,0.6709608158883521,0.5032206119162641,0.36902844873859364
99,18.874127750939344,11.876006441223833,9.39345142243693,17.639559849704778,12.02361782071927,10.963499731615673,9.829575952764358,5.5756843800322065,,2.1269457863660763,0.7112184648416533,0.5032206119162641,0.4830917874396135
100,19.176060118089104,11.681427804616211,9.31964573268921,17.559044551798173,11.949812130971551,10.748792270531402,9.73564143853999,5.891035963499732,,2.254428341384863,0.7045088566827697,0.49651100375738055,0.4830917874396135
101,18.290391841116477,11.305689747718732,9.655126140633387,18.813741277509394,11.829039184111648,10.064412238325282,9.86983360171766,6.219806763285024,,2.200751476113795,0.7045088566827697,0.5636070853462157,0.4830917874396135
102,18.592324208266238,11.245303274288782,9.561191626409018,18.67283950617284,11.782071926999464,9.849704777241008,10.091250670960816,6.139291465378422,,2.200751476113795,0.7380568974771873,0.6038647342995169,0.5233494363929146
103,18.95464304884595,11.023886205045626,9.675254965110037,18.46484165324745,11.654589371980677,9.796027911969942,10.050993022007514,6.239935587761675,,2.187332259796028,0.7380568974771873,0.6038647342995169,0.6105743424584005
104,18.55877616747182,10.299248523886206,9.514224369296834,18.297101449275363,11.057434245840042,10.044283413848632,11.808910359634996,6.213097155126141,,2.301395598497048,0.7380568974771873,0.5770263016639828,0.5904455179817498
105,18.53864734299517,10.312667740203972,9.420289855072463,17.921363392377884,12.04374664519592,9.970477724100913,11.701556629092861,6.045356951154052,,2.147074610842727,0.7112184648416533,0.6105743424584005,0.5770263016639828
106,18.84728931830381,10.21202361782072,9.39345142243693,17.860976918947934,12.030327428878154,9.876543209876543,11.647879763821793,6.031937734836285,,2.1940418679549114,0.7112184648416533,0.6374127750939346,0.5568974771873323
107,18.94122383252818,9.96376811594203,9.73564143853999,17.70665593129361,11.714975845410628,9.71551261406334,11.641170155662909,6.367418142780462,,2.147074610842727,0.8387010198604401,0.6709608158883521,0.5568974771873323
108,19.236446591519055,9.91009125067096,9.655126140633387,17.67981749865808,11.634460547504025,9.688674181427805,11.560654857756306,6.320450885668277,,2.15378421900161,0.8252818035426731,0.7783145464304885,0.5568974771873323
109,19.370638754696724,9.863123993558776,9.5276435856146,15.827965646806227,13.533279656468062,9.708803005904455,11.506977992485238,6.360708534621578,,2.2208803005904456,0.7716049382716049,0.7514761137949544,0.5568974771873323
110,19.605475040257648,9.842995169082126,9.473966720343531,15.76086956521739,13.466183574879228,9.73564143853999,11.560654857756306,6.286902844873859,,2.187332259796028,0.7716049382716049,0.7514761137949544,0.5568974771873323
111,19.618894256575416,9.688674181427805,9.581320450885668,15.673644659151906,13.446054750402576,9.816156736446592,11.58749329039184,6.333870101986044,,2.1739130434782608,0.7581857219538379,0.7783145464304885,0.5434782608695652
112,19.98792270531401,9.675254965110037,9.4873859366613,15.45222758990875,13.331991411701557,9.634997316156737,11.56736446591519,6.521739130434782,,2.1604938271604937,0.7581857219538379,0.8789586688137413,0.5434782608695652
113,20.202630166398283,9.648416532474503,9.608158883521202,15.203972088030058,13.197799248523886,9.702093397745571,11.473429951690822,6.649221685453569,,2.1269457863660763,0.7716049382716049,0.8722490606548577,0.5434782608695652
114,20.417337627482556,9.588030059044552,9.54777241009125,15.029522275899087,13.110574342458401,9.762479871175524,11.647879763821793,6.66935050993022,,2.073268921095008,0.7380568974771873,0.8722490606548577,0.5434782608695652
115,20.75281803542673,9.514224369296834,9.46725711218465,14.962426194310252,13.077026301663983,9.681964573268921,11.540526033279656,6.629092860976919,,2.2208803005904456,0.7380568974771873,0.8722490606548577,0.5434782608695652
116,20.9272678475577,9.426999463231347,9.447128287707997,14.942297369833602,12.761674718196458,9.655126140633387,11.58749329039184,6.8035426731078905,,2.254428341384863,0.7246376811594203,0.9259259259259259,0.5434782608695652
117,21.202361782071925,9.366612989801396,9.433709071390231,14.922168545356952,12.721417069243156,9.66183574879227,11.58749329039184,6.736446591519055,,2.2208803005904456,0.7246376811594203,0.8923778851315083,0.5300590445517982
118,17.780461621041333,8.279656468062266,8.68894256575416,24.228395061728396,10.57434245840043,9.722222222222221,10.63472893183038,5.9447128287707995,,1.9592055823939882,0.7917337627482555,0.8655394524959742,0.5300590445517982
119,17.85426731078905,8.05823939881911,8.715780998389693,23.919753086419753,10.393183038110575,9.728931830381105,10.809178743961352,6.320450885668277,,1.9189479334406871,0.7716049382716049,0.9796027911969941,0.5300590445517982
120,18.089103596349972,7.96430488459474,8.588298443370908,23.772141706924316,10.352925389157273,9.702093397745571,10.789049919484702,6.4345142243692965,,1.932367149758454,0.7648953301127214,1.1003757380568975,0.5099302200751477
121,18.65271068169619,7.796564680622652,8.870101986044014,23.523886205045624,10.265700483091788,9.500805152979066,10.661567364465915,6.320450885668277,,2.0397208803005906,0.7581857219538379,1.1003757380568975,0.5099302200751477
122,18.99490069779925,7.568438003220612,9.178743961352657,23.1682769726248,10.218733225979603,9.292807300053678,10.82259796027912,6.387546967257112,,2.01959205582394,0.7380568974771873,1.1003757380568975,0.5099302200751477
123,17.921363392377884,6.266774020397209,7.25979602791197,23.05421363392378,15.68035426731079,8.930488459473967,11.158078368223295,6.119162640901771,,1.8451422436929683,0.5367686527106817,0.95276435856146,0.27509393451422437
124,18.243424584004295,6.226516371443908,7.353730542136339,22.705314009661837,15.465646806226516,8.957326892109501,11.198336017176597,6.159420289855072,,1.9927536231884058,0.5300590445517982,0.9057971014492754,0.2616747181964573
125,18.511808910359633,6.159420289855072,7.548309178743962,22.530864197530864,15.425389157273216,8.809715512614064,11.07085346215781,6.132581857219538,,2.01959205582394,0.5300590445517982,0.9997316156736447,0.2616747181964573
126,18.57890499194847,5.837359098228664,7.48792270531401,22.423510466988727,15.143585614600108,8.648684916800859,11.936392914653783,6.072195383789587,,1.9994632313472893,0.5300590445517982,1.0802469135802468,0.2616747181964573
127,18.833870101986044,5.803811057434245,7.474503488996243,22.38996242619431,14.834943639291465,8.601717659688674,11.90955448201825,6.219806763285024,,2.0665593129361244,0.5300590445517982,1.0735373054213635,0.2616747181964573
128,19.061996779388085,5.763553408480945,7.588566827697263,22.20209339774557,14.754428341384862,8.601717659688674,11.83574879227053,6.1862587224906065,,2.059849704777241,0.6105743424584005,1.0735373054213635,0.2616747181964573
129,19.316961889425656,5.743424584004294,7.541599570585078,22.04777241009125,14.74771873322598,8.55475040257649,11.916264090177133,6.146001073537305,,2.046430488459474,0.6105743424584005,1.06682769726248,0.2616747181964573
130,17.98845947396672,5.723295759527644,7.555018786902845,21.55126140633387,17.941492216854535,8.943907675791733,10.775630703166936,5.844068706387547,,2.0263016639828235,0.5837359098228664,0.8051529790660226,0.2616747181964573
131,16.33118625872249,4.448470209339774,6.561996779388084,27.89855072463768,17.002147074610843,8.682232957595277,10.513955984970478,5.0791733762748255,,1.8585614600107354,0.5837359098228664,0.7783145464304885,0.2616747181964573
132,16.53918411164788,4.30756843800322,6.447933440687064,27.522812667740205,16.914922168545356,8.863392377885132,10.61460010735373,5.12614063338701,,2.006172839506173,0.5837359098228664,0.8118625872249061,0.2616747181964573
133,16.7337627482555,4.2203435319377345,6.387546967257112,27.462426194310254,16.76731078904992,8.84326355340848,10.681696188942565,5.260332796564681,,2.033011272141707,0.5636070853462157,0.785024154589372,0.2616747181964573
134,16.80756843800322,4.206924315619967,6.380837359098229,27.361782071927,16.67337627482555,8.756038647342995,10.628019323671497,5.4549114331723025,,2.120236178207193,0.5636070853462157,0.785024154589372,0.2616747181964573
135,16.170155662909288,4.092860976918948,6.293612453032743,30.233494363929147,15.814546430488459,8.735909822866345,10.272410091250672,4.891304347826087,,1.9994632313472893,0.5636070853462157,0.6709608158883521,0.2616747181964573
136,16.566022544283413,4.086151368760064,6.407675791733762,29.99194847020934,15.70048309178744,8.695652173913043,10.19189479334407,4.904723564143854,,1.9390767579173376,0.5636070853462157,0.6910896403650026,0.2616747181964573
137,16.6532474503489,4.086151368760064,6.830381105743425,29.240472356414386,15.526033279656469,8.648684916800859,10.104669887278583,5.35426731078905,,2.0799785292538915,0.5636070853462157,0.6508319914117016,0.2616747181964573
138,16.97530864197531,4.079441760601181,6.944444444444445,28.972088030059044,15.499194847020934,8.548040794417606,9.98389694041868,5.3341384863123995,,2.073268921095008,0.5636070853462157,0.7648953301127214,0.2616747181964573
139,17.11621041331186,4.052603327965647,6.91760601180891,28.858024691358025,15.4723564143854,8.494363929146537,10.057702630166398,5.340848094471283,,2.100107353730542,0.5636070853462157,0.7648953301127214,0.2616747181964573
140,17.384594739667204,3.9318303811057436,7.675791733762749,27.865002683843265,15.385131508319914,8.467525496511003,10.030864197530864,5.542136339237788,,2.1269457863660763,0.5636070853462157,0.7648953301127214,0.2616747181964573
141,17.67981749865808,3.844605475040258,7.977724100912507,27.428878153515836,15.157004830917874,8.3467525496511,9.977187332259795,5.629361245303274,,2.2611379495437465,0.5568974771873323,0.8789586688137413,0.2616747181964573
142,18.075684380032207,3.8177670424047236,7.944176060118089,27.120236178207193,15.01610305958132,8.319914117015566,10.050993022007514,5.662909286097692,,2.2611379495437465,0.5568974771873323,0.9125067096081588,0.2616747181964573
143,18.209876543209877,3.770799785292539,8.024691358024691,27.006172839506174,14.935587761674718,8.407139023081053,9.829575952764358,5.548845947396672,,2.4355877616747184,0.5434782608695652,1.0265700483091786,0.2616747181964573
144,18.451422436929683,3.7573805689747717,8.205850778314547,26.717659688674182,14.868491680085883,8.319914117015566,9.789318303811058,5.5756843800322065,,2.4355877616747184,0.5300590445517982,1.0869565217391304,0.2616747181964573
145,18.55877616747182,3.730542136339238,8.091787439613526,26.496242619431026,14.727589908749328,8.3064949006978,9.896672034353195,5.743424584004294,,2.5429414922168547,0.5300590445517982,1.1137949543746646,0.2616747181964573
146,18.5252281266774,3.730542136339238,8.259527643585615,26.174181427804616,14.358561460010735,8.57487922705314,10.238862050456254,5.797101449275362,,2.5161030595813205,0.5300590445517982,1.0332796564680622,0.2616747181964573
147,18.50509930220075,3.5829307568438002,7.823403113258186,25.59044551798175,16.203703703703702,8.125335480407944,10.111379495437467,5.656199677938808,,2.4825550187869028,0.5300590445517982,1.1272141706924315,0.2616747181964573
148,18.5654857756307,3.5829307568438002,7.796564680622652,25.49651100375738,15.707192699946322,8.071658615136876,10.091250670960816,6.239935587761675,,2.5697799248523885,0.49651100375738055,1.1272141706924315,0.2549651100375738
149,18.491680085882983,3.3145464304884595,7.776435856146001,25.0,14.459205582393988,10.198604401502953,10.084541062801932,6.226516371443908,,2.576489533011272,0.49651100375738055,1.1205045625335481,0.2549651100375738
150,18.746645195920557,3.280998389694042,7.689210950080516,24.724906065485776,14.371980676328503,10.11808910359635,10.057702630166398,6.494900697799249,,2.589908749329039,0.5568974771873323,1.1205045625335481,0.24825550187869028
151,18.9345142243693,3.1870638754696725,7.675791733762749,24.56387546967257,14.325013419216317,9.809447128287708,10.111379495437467,6.5485775630703165,,2.5966183574879227,0.6038647342995169,1.3955984970477724,0.24825550187869028
152,19.243156199677937,2.9723564143853998,7.595276435856146,24.302200751476114,14.298174986580785,9.742351046698873,10.23215244229737,6.635802469135802,,2.7509393451422435,0.6038647342995169,1.3754696725711217,0.24825550187869028
153,19.578636607622116,2.965646806226516,7.581857219538379,24.16129898013956,14.217659688674182,9.749060654857756,10.21202361782072,6.588835212023618,,2.737520128824477,0.5837359098228664,1.3754696725711217,0.24825550187869028
154,19.77992485238862,2.952227589908749,7.6556629092860975,24.00697799248524,14.170692431561998,9.708803005904455,10.171765968867419,6.501610305958132,,2.717391304347826,0.5770263016639828,1.5096618357487923,0.24825550187869028
155,19.28341384863124,2.945517981749866,7.615405260332796,25.47638217928073,13.607085346215781,9.66183574879227,9.64170692431562,6.743156199677939,,2.6704240472356413,0.6038647342995169,1.5029522275899088,0.24825550187869028
156,19.43773483628556,2.898550724637681,7.5281803542673105,25.37573805689748,13.58695652173913,9.722222222222221,9.728931830381105,6.6827697262479875,,2.6972624798711755,0.6038647342995169,1.4895330112721417,0.24825550187869028
157,19.753086419753085,2.898550724637681,7.5281803542673105,25.174449812130973,13.385668276972625,9.71551261406334,9.722222222222221,6.78341384863124,,2.6972624798711755,0.6038647342995169,1.4895330112721417,0.24825550187869028
158,20.00805152979066,2.898550724637681,7.50805152979066,25.033548040794418,13.271604938271604,9.675254965110037,9.789318303811058,6.816961889425658,,2.6972624798711755,0.5904455179817498,1.4626945786366077,0.24825550187869028
159,20.135534084809446,2.8515834675254963,7.50805152979066,24.671229200214707,13.050187869028449,9.648416532474503,9.71551261406334,7.253086419753086,,3.0193236714975846,0.5770263016639828,1.3419216317767042,0.2281266774020397
160,20.356951154052602,2.8113258185721954,7.830112721417069,24.228395061728396,13.01663982823403,9.574610842726784,9.769189479334408,7.232957595276436,,3.0595813204508855,0.5770263016639828,1.328502415458937,0.2147074610842727
161,20.457595276435857,2.7241009125067097,8.004562533548041,24.013687600644122,12.506709608158884,9.494095544820183,10.017444981213098,7.695920558239399,,3.0193236714975846,0.5770263016639828,1.2748255501878691,0.2147074610842727
162,20.79307568438003,2.7241009125067097,8.07836822329576,23.785560923242084,12.446323134728932,9.447128287707997,10.017444981213098,7.669082125603865,,2.9790660225442833,0.5770263016639828,1.2681159420289856,0.2147074610842727
163,21.14868491680086,2.7241009125067097,8.09849704777241,23.65136876006441,12.419484702093397,9.406870638754697,9.98389694041868,7.5281803542673105,,2.9790660225442833,0.5770263016639828,1.2681159420289856,0.2147074610842727
164,21.497584541062803,2.717391304347826,8.05823939881911,23.557434245840042,12.245034889962426,9.386741814278047,10.010735373054214,7.521470746108427,,2.9790660225442833,0.5770263016639828,1.2345679012345678,0.2147074610842727
165,21.786097691894792,2.6972624798711755,8.038110574342458,23.416532474503487,12.144390767579173,9.480676328502415,9.997316156736447,7.461084272678476,,2.9790660225442833,0.5703166935050993,1.2144390767579174,0.2147074610842727
166,20.437466451959207,2.563070316693505,7.9106280193236715,21.155394524959743,18.92109500805153,8.480944712828771,9.27938808373591,6.333870101986044,,3.0730005367686526,0.5703166935050993,1.06682769726248,0.20799785292538917
167,20.611916264090176,2.563070316693505,8.125335480407944,20.98094471282877,18.746645195920557,8.454106280193237,9.265968867418144,6.340579710144928,,3.0730005367686526,0.5703166935050993,1.0601180891035964,0.20799785292538917
168,20.933977455716587,2.5496511003757383,8.132045088566828,20.873590982286636,18.61916264090177,8.272946859903382,9.27938808373591,6.461352657004831,,3.046162104133119,0.5636070853462157,1.0601180891035964,0.20799785292538917
169,21.121846484165324,2.5161030595813205,8.400429414922169,20.67230273752013,18.46484165324745,8.225979602791197,9.25925925925926,6.414385399892646,,3.0931293612453032,0.5636070853462157,1.0601180891035964,0.20799785292538917
170,21.28287707997853,2.5161030595813205,8.266237251744498,20.551529790660226,18.4044551798175,8.152173913043478,9.23913043478261,6.474771873322598,,3.193773483628556,0.5501878690284487,1.0466988727858293,0.322061191626409
171,21.490874932903917,2.5161030595813205,8.3467525496511,20.42404723564144,18.183038110574344,8.158883521202362,9.205582393988191,6.608964036500268,,3.1468062265163717,0.5501878690284487,1.0466988727858293,0.322061191626409
172,21.16881374127751,2.408749329039184,10.63472893183038,18.317230273752013,18.115942028985508,8.085077831454644,9.460547504025765,6.756575415995706,,3.1468062265163717,0.5367686527106817,1.0466988727858293,0.322061191626409
173,21.464036500268385,2.368491680085883,10.876274825550189,18.129361245303276,17.901234567901234,8.132045088566828,9.574610842726784,6.454643048845948,,3.2004830917874396,0.5367686527106817,1.0399892646269457,0.322061191626409
174,21.85319377348363,2.3349436392914655,10.762211486849168,18.06226516371444,17.57246376811594,7.944176060118089,9.561191626409018,6.595544820182502,,3.388352120236178,0.5367686527106817,1.06682769726248,0.322061191626409
175,22.322866344605476,2.3349436392914655,10.601180891035963,17.975040257648953,17.478529253891573,7.957595276435856,9.554482018250134,6.494900697799249,,3.3548040794417604,0.5367686527106817,1.06682769726248,0.322061191626409
176,22.061191626409016,2.1739130434782608,10.373054213633925,17.85426731078905,18.65271068169619,7.9106280193236715,9.339774557165862,6.4345142243692965,,3.2877079978529253,0.5300590445517982,1.06682769726248,0.3153515834675255
177,22.530864197530864,2.1269457863660763,10.581052066559312,17.47181964573269,18.53864734299517,7.803274288781535,9.25925925925926,6.515029522275899,,3.260869565217391,0.5300590445517982,1.06682769726248,0.3153515834675255
178,22.497316156736446,2.1068169618894257,10.674986580783683,17.438271604938272,18.230005367686527,7.830112721417069,9.232420826623725,6.749865807836822,,3.3413848631239937,0.5300590445517982,1.0534084809447128,0.3153515834675255
179,22.77241009125067,2.0799785292538915,10.641438539989265,17.371175523349436,17.961621041331185,7.863660762211487,9.192163177670425,6.736446591519055,,3.515834675254965,0.5032206119162641,1.0466988727858293,0.3153515834675255
180,22.987117552334944,2.0799785292538915,10.668276972624799,17.297369833601717,17.827428878153516,7.87037037037037,9.091519055287172,6.716317767042405,,3.616478797638218,0.5032206119162641,1.0466988727858293,0.2952227589908749
181,23.289049919484704,2.0799785292538915,10.641438539989265,17.270531400966185,17.58588298443371,7.883789586688137,8.997584541062801,6.702898550724638,,3.7104133118625873,0.5032206119162641,1.0399892646269457,0.2952227589908749
182,23.47691894793344,2.0799785292538915,10.446859903381643,17.216854535695116,17.391304347826086,7.816693505099302,9.024422973698336,6.796833064949007,0.15432098765432098,3.797638217928073,0.48980139559849706,1.0332796564680622,0.27509393451422437
183,23.765432098765434,2.0799785292538915,10.433440687063875,17.01556629092861,17.344337090713903,7.7831454643048845,8.917069243156199,6.810252281266774,0.15432098765432098,3.81105743424584,0.48980139559849706,1.1205045625335481,0.27509393451422437
184,22.416800858829845,1.932367149758454,9.118357487922705,21.30300590445518,17.21014492753623,7.313472893183038,8.702361782071927,6.380837359098229,0.15432098765432098,3.797638217928073,0.39586688137412773,1.0265700483091786,0.24825550187869028
185,22.65834675254965,1.9256575415995705,9.225711218464841,21.141975308641975,17.136339237788512,7.2933440687063875,8.890230810520666,6.300322061191626,0.1274825550187869,3.603059581320451,0.39586688137412773,1.0534084809447128,0.24825550187869028
186,23.013955984970476,1.8988191089640365,9.339774557165862,21.24932903918411,16.71363392377885,7.253086419753086,8.829844337090714,6.179549114331723,0.1274825550187869,3.7238325281803544,0.39586688137412773,1.0265700483091786,0.24825550187869028
187,23.275630703166936,1.8988191089640365,9.272678475577026,21.121846484165324,16.6129898013956,7.353730542136339,8.836553945249598,6.038647342995169,0.1274825550187869,3.81105743424584,0.39586688137412773,1.0064412238325282,0.24825550187869028
188,23.61111111111111,1.8988191089640365,9.326355340848094,20.98094471282877,16.5727321524423,7.266505636070853,8.78287707997853,5.931293612453032,0.1274825550187869,3.784219001610306,0.4227053140096618,1.0466988727858293,0.24825550187869028
