,45,50,53,55,54,51,56,52,57,58,59,60,61,47,46,62,63,64,48,65
0,97.31615673644659,2.6838432635534084,,,,,,,,,,,,,,,,,,
1,91.82098765432099,8.165593129361245,0.0067096081588835215,0.0067096081588835215,,,,,,,,,,,,,,,,
2,91.51234567901234,8.407139023081053,0.0067096081588835215,0.0067096081588835215,0.06709608158883522,,,,,,,,,,,,,,,
3,90.86822329575953,8.997584541062801,0.026838432635534086,0.040257648953301126,0.06709608158883522,,,,,,,,,,,,,,,
4,90.19726247987117,9.66183574879227,0.03354804079441761,0.040257648953301126,0.06709608158883522,,,,,,,,,,,,,,,
5,89.04320987654322,8.903650026838433,0.03354804079441761,0.040257648953301126,,1.9659151905528718,0.013419216317767043,,,,,,,,,,,,,
6,88.87546967257113,7.809983896940419,0.03354804079441761,0.05367686527106817,,3.2139023081052067,0.013419216317767043,,,,,,,,,,,,,
7,87.75496511003757,8.923778851315083,0.03354804079441761,0.06038647342995169,,3.2139023081052067,0.013419216317767043,,,,,,,,,,,,,
8,78.0126140633387,17.612721417069242,0.03354804079441761,0.2885131508319914,,4.025764895330113,0.013419216317767043,0.013419216317767043,,,,,,,,,,,,
9,76.60359634997316,18.94122383252818,0.13419216317767044,0.33548040794417605,,3.9586688137412773,0.013419216317767043,0.013419216317767043,,,,,,,,,,,,
10,51.268115942028984,48.32259796027912,0.10064412238325282,0.2952227589908749,,,,0.013419216317767043,,,,,,,,,,,,
11,50.577026301663984,48.671497584541065,0.10064412238325282,0.6374127750939346,,,,0.013419216317767043,,,,,,,,,,,,
12,50.496511003757384,48.590982286634464,0.10064412238325282,0.7447665056360708,,0.026838432635534086,,0.020128824476650563,0.020128824476650563,,,,,,,,,,,
13,50.395866881374126,48.2487922705314,0.28180354267310787,0.9930220075147611,,0.026838432635534086,,0.03354804079441761,0.020128824476650563,,,,,,,,,,,
14,46.2157809983897,52.200751476113794,0.27509393451422437,1.221148684916801,,0.026838432635534086,,0.040257648953301126,0.020128824476650563,,,,,,,,,,,
15,46.13526570048309,52.15378421900161,0.27509393451422437,1.328502415458937,,0.04696725711218465,,0.040257648953301126,0.020128824476650563,,,,,,,,,,,
16,41.53918411164788,56.57541599570585,0.27509393451422437,1.5029522275899088,,0.04696725711218465,,0.040257648953301126,0.020128824476650563,,,,,,,,,,,
17,41.438539989264626,56.515029522275896,0.27509393451422437,1.6639828234031133,,0.04696725711218465,,0.040257648953301126,0.020128824476650563,,,,,,,,,,,
18,37.3792270531401,48.081052066559316,0.20128824476650564,2.1135265700483092,0.026838432635534086,12.13768115942029,,0.040257648953301126,0.020128824476650563,,,,,,,,,,,
19,33.299785292538914,44.47128287707998,0.20128824476650564,2.073268921095008,0.026838432635534086,19.85373054213634,,0.05367686527106817,0.020128824476650563,,,,,,,,,,,
20,30.730005367686527,41.948470209339774,0.20128824476650564,2.187332259796028,0.026838432635534086,24.771873322597962,0.06038647342995169,0.05367686527106817,0.020128824476650563,,,,,,,,,,,
21,30.360976918947934,40.02952227589909,0.20128824476650564,2.2745571658615136,0.026838432635534086,26.94578636607622,0.08722490606548577,0.05367686527106817,0.020128824476650563,,,,,,,,,,,
22,29.354535695115406,40.94202898550725,0.20128824476650564,2.38191089640365,0.026838432635534086,26.8719806763285,0.14761137949543746,0.05367686527106817,0.020128824476650563,,,,,,,,,,,
23,29.126409017713364,40.754159957058505,0.20128824476650564,2.5831991411701556,0.040257648953301126,26.32850241545894,0.14761137949543746,0.798443370907139,0.020128824476650563,,,,,,,,,,,
24,28.958668813741276,40.56629092860977,0.4830917874396135,2.6502952227589907,1.06682769726248,25.13419216317767,0.2147074610842727,0.798443370907139,0.020128824476650563,0.10735373054213634,,,,,,,,,,
25,28.958668813741276,40.45893719806763,0.4830917874396135,2.791196994095545,1.0802469135802468,25.05367686527107,0.24825550187869028,0.798443370907139,0.020128824476650563,0.10735373054213634,,,,,,,,,,
26,27.74422973698336,38.868760064412236,2.5831991411701556,2.8381642512077296,1.0802469135802468,26.120504562533547,0.2952227589908749,0.3421900161030596,0.020128824476650563,0.10735373054213634,,,,,,,,,,
27,27.690552871712292,38.707729468599034,3.938539989264627,2.9723564143853998,1.570048309178744,24.302200751476114,0.3488996242619431,0.3421900161030596,0.020128824476650563,0.10735373054213634,,,,,,,,,,
28,27.66371443907676,38.519860440150296,3.9586688137412773,3.126677402039721,1.570048309178744,24.355877616747183,0.32877079978529256,0.3421900161030596,0.020128824476650563,0.11406333870101985,,,,,,,,,,
29,27.542941492216855,38.16425120772947,2.9388083735909825,3.864734299516908,1.6505636070853462,24.892646269457863,0.4562533548040794,0.3421900161030596,0.020128824476650563,0.1274825550187869,,,,,,,,,,
30,27.549651100375737,38.157541599570585,2.9119699409554483,3.864734299516908,1.6505636070853462,24.892646269457863,0.4830917874396135,0.3421900161030596,0.020128824476650563,0.1274825550187869,,,,,,,,,,
31,27.361782071927,37.39264626945786,2.898550724637681,4.126409017713366,2.328234031132582,24.751744498121308,0.6038647342995169,0.3488996242619431,0.020128824476650563,0.16774020397208803,,,,,,,,,,
32,27.294685990338163,37.39264626945786,2.9052603327965647,4.206924315619967,2.3081052066559313,24.718196457326894,0.6374127750939346,0.3488996242619431,0.020128824476650563,0.16774020397208803,,,,,,,,,,
33,27.22758990874933,36.520397208803004,2.9052603327965647,5.253623188405797,2.314814814814815,24.55716586151369,0.6642512077294686,0.3488996242619431,0.020128824476650563,0.16774020397208803,0.020128824476650563,,,,,,,,,
34,26.422436929683307,37.27858293075684,2.918679549114332,5.320719269994632,2.314814814814815,24.496779388083738,0.6843800322061192,0.3488996242619431,0.020128824476650563,0.16774020397208803,0.026838432635534086,,,,,,,,,
35,26.27482555018787,37.0907139023081,2.5563607085346214,5.35426731078905,2.999194847020934,24.44310252281267,0.7045088566827697,0.3757380568974772,0.020128824476650563,0.14090177133655393,0.040257648953301126,,,,,,,,,
36,25.711218464841654,32.88378958668814,5.159688674181428,4.159957058507783,2.7979066022544283,20.571658615136876,0.7716049382716049,7.695920558239399,0.03354804079441761,0.17444981213097155,0.040257648953301126,,,,,,,,,
37,25.650831991411703,32.85024154589372,5.159688674181428,4.213633923778851,2.818035426731079,20.517981749865807,0.8051529790660226,7.689210950080516,0.03354804079441761,0.20799785292538917,0.05367686527106817,,,,,,,,,
38,21.370101986044016,61.65458937198068,2.368491680085883,1.5297906602254427,0.9997316156736447,11.29898013955985,0.49651100375738055,0.2549651100375738,,0.0067096081588835215,0.020128824476650563,,,,,,,,,
39,21.34326355340848,61.090982286634464,2.3483628556092326,2.1269457863660763,0.9997316156736447,11.292270531400966,0.48980139559849706,0.2549651100375738,0.026838432635534086,0.0067096081588835215,0.020128824476650563,,,,,,,,,
40,20.598497047772412,55.95142243692968,1.9659151905528718,2.200751476113795,0.9863123993558777,11.198336017176597,0.5703166935050993,6.414385399892646,0.040257648953301126,0.0067096081588835215,0.020128824476650563,0.013419216317767043,0.03354804079441761,,,,,,,
41,20.558239398819108,55.803811057434245,1.9793344068706387,2.368491680085883,0.9863123993558777,11.191626409017713,0.5703166935050993,6.400966183574879,0.06709608158883522,0.0067096081588835215,0.020128824476650563,0.013419216317767043,0.03354804079441761,,,,,,,
42,20.558239398819108,55.49516908212561,1.9860440150295222,2.6838432635534084,0.9728931830381106,11.124530327428879,0.6239935587761675,6.353998926462695,0.11406333870101985,0.0067096081588835215,0.03354804079441761,0.013419216317767043,0.03354804079441761,,,,,,,
43,20.44417606011809,55.2938808373591,1.9860440150295222,3.0059044551798175,0.9728931830381106,11.117820719269995,0.6239935587761675,6.353998926462695,0.11406333870101985,0.0067096081588835215,0.03354804079441761,0.013419216317767043,0.03354804079441761,,,,,,,
44,20.356951154052602,55.30059044551798,1.9994632313472893,3.066290928609769,0.9728931830381106,11.144659151905529,0.6239935587761675,6.327160493827161,0.12077294685990338,0.0067096081588835215,0.03354804079441761,0.013419216317767043,0.03354804079441761,,,,,,,
45,20.323403113258184,54.93156199677939,3.44873859366613,3.2541599570585076,0.9997316156736447,11.09098228663446,0.6575415995705851,5.045625335480408,0.12077294685990338,0.04696725711218465,0.03354804079441761,0.013419216317767043,0.03354804079441761,,,,,,,
46,17.67981749865808,54.5222758990875,3.140096618357488,3.488996242619431,0.8252818035426731,14.506172839506172,0.5703166935050993,5.059044551798175,0.0939345142243693,0.04696725711218465,0.020128824476650563,0.013419216317767043,0.03354804079441761,,,,,,,
47,17.652979066022546,50.75147611379496,3.140096618357488,5.528717122920021,2.5697799248523885,14.452495974235104,0.6239935587761675,5.059044551798175,0.0939345142243693,0.04696725711218465,0.03354804079441761,0.013419216317767043,0.03354804079441761,,,,,,,
48,17.344337090713903,49.17471819645733,3.140096618357488,7.1725711218464845,2.5697799248523885,14.626945786366075,0.6910896403650026,5.059044551798175,0.0939345142243693,0.04696725711218465,0.03354804079441761,0.013419216317767043,0.03354804079441761,,,,,,,
49,17.317498658078367,49.17471819645733,3.140096618357488,7.159151905528717,2.5697799248523885,14.626945786366075,0.6910896403650026,5.0858829844337095,0.0939345142243693,0.04696725711218465,0.03354804079441761,0.013419216317767043,0.04696725711218465,,,,,,,
50,17.290660225442835,49.040526033279654,3.1602254428341383,7.246376811594203,2.589908749329039,14.600107353730541,0.7514761137949544,5.0858829844337095,0.0939345142243693,0.04696725711218465,0.03354804079441761,0.013419216317767043,0.04696725711218465,,,,,,,
51,17.20343531937735,48.86607622114869,3.180354267310789,7.367149758454106,2.5966183574879227,14.606816961889425,0.7917337627482555,5.072463768115942,0.14090177133655393,0.04696725711218465,0.03354804079441761,0.013419216317767043,0.08051529790660225,,,,,,,
52,17.19001610305958,48.18840579710145,3.4822866344605474,8.085077831454644,2.576489533011272,14.27133655394525,0.8252818035426731,5.072463768115942,0.14090177133655393,0.07380568974771873,0.03354804079441761,0.013419216317767043,0.04696725711218465,,,,,,,
53,17.196725711218466,48.047504025764894,3.4822866344605474,8.09849704777241,2.576489533011272,14.264626945786366,0.8319914117015567,5.186527106816962,0.14761137949543746,0.07380568974771873,0.03354804079441761,0.013419216317767043,0.04696725711218465,,,,,,,
54,17.05582393988191,46.71229200214707,3.3145464304884595,8.011272141706923,2.844873859366613,15.767579173376275,0.8319914117015567,5.12614063338701,0.14761137949543746,0.0939345142243693,0.03354804079441761,0.013419216317767043,0.04696725711218465,,,,,,,
55,17.01556629092861,46.524422973698336,3.3145464304884595,8.252818035426731,2.844873859366613,15.754159957058508,0.8319914117015567,5.0993022007514766,0.17444981213097155,0.0939345142243693,0.03354804079441761,0.013419216317767043,0.04696725711218465,,,,,,,
56,16.874664519592056,46.484165324745035,3.3145464304884595,8.319914117015566,2.844873859366613,15.754159957058508,0.9057971014492754,5.0993022007514766,0.17444981213097155,0.13419216317767044,0.03354804079441761,0.013419216317767043,0.04696725711218465,,,,,,,
57,16.774020397208805,39.49946323134729,3.3145464304884595,6.199677938808374,2.8515834675254963,15.713902308105206,0.9192163177670424,14.325013419216317,0.17444981213097155,0.13419216317767044,0.03354804079441761,0.013419216317767043,0.04696725711218465,,,,,,,
58,16.800858829844337,39.21765968867418,3.307836822329576,6.4412238325281805,2.8515834675254963,15.713902308105206,0.9594739667203436,14.224369296833064,0.24154589371980675,0.13419216317767044,0.03354804079441761,0.013419216317767043,0.06038647342995169,,,,,,,
59,16.794149221685455,39.15727321524423,3.2877079978529253,6.427804616210413,2.8381642512077296,15.666935050993022,1.133923778851315,14.15727321524423,0.2952227589908749,0.13419216317767044,0.03354804079441761,0.013419216317767043,0.06038647342995169,,,,,,,
60,16.794149221685455,39.070048309178745,3.2742887815351582,6.461352657004831,2.885131508319914,15.633387010198604,1.1876006441223832,14.15727321524423,0.28180354267310787,0.1610305958132045,0.03354804079441761,0.013419216317767043,0.04696725711218465,,,,,,,
61,16.532474503488995,38.87546967257112,3.2742887815351582,6.689479334406871,3.1602254428341383,15.418679549114332,1.2546967257112185,14.110305958132045,0.4294149221685454,0.1610305958132045,0.03354804079441761,0.013419216317767043,0.04696725711218465,,,,,,,
62,16.552603327965645,38.788244766505635,3.2541599570585076,6.709608158883521,3.1870638754696725,15.11003757380569,1.6035963499731616,14.110305958132045,0.4294149221685454,0.1610305958132045,0.03354804079441761,0.013419216317767043,0.04696725711218465,,,,,,,
63,15.5126140633387,32.326892109500804,2.1806226516371443,6.213097155126141,3.0394524959742353,15.056360708534621,1.6170155662909287,23.362855609232422,0.4428341384863124,0.14090177133655393,0.04696725711218465,0.013419216317767043,0.04696725711218465,,,,,,,
64,15.378421900161031,32.407407407407405,2.2074610842726785,6.246645195920558,3.0193236714975846,15.002683843263553,1.6908212560386473,23.295759527643586,0.5032206119162641,0.14090177133655393,0.04696725711218465,0.013419216317767043,0.04696725711218465,,,,,,,
65,11.862587224906065,66.05609232420827,0.5837359098228664,2.818035426731079,2.073268921095008,14.573268921095009,1.5767579173376274,0.36902844873859364,0.03354804079441761,0.0067096081588835215,0.04696725711218465,,,,,,,,,
66,11.782071926999464,65.7944176060118,0.5837359098228664,3.0864197530864197,2.100107353730542,14.573268921095009,1.596886741814278,0.39586688137412773,0.03354804079441761,0.0067096081588835215,0.04696725711218465,,,,,,,,,
67,11.808910359634996,65.26435856146001,0.6038647342995169,3.549382716049383,2.086688137412775,14.593397745571659,1.6170155662909287,0.38915727321524424,0.03354804079441761,0.0067096081588835215,0.04696725711218465,,,,,,,,,
68,11.83574879227053,65.0228126677402,0.630703166935051,3.7238325281803544,2.086688137412775,14.573268921095009,1.6103059581320451,0.38915727321524424,0.03354804079441761,0.04696725711218465,0.04696725711218465,,,,,,,,,
69,11.862587224906065,63.31186258722491,0.630703166935051,5.394524959742351,2.120236178207193,14.53972088030059,1.6237251744498122,0.38915727321524424,0.03354804079441761,0.04696725711218465,0.04696725711218465,,,,,,,,,
70,11.788781535158346,63.05018786902845,0.8185721953837896,5.542136339237788,2.1604938271604937,14.452495974235104,1.6706924315619969,0.38915727321524424,0.03354804079441761,0.04696725711218465,0.04696725711218465,,,,,,,,,
71,11.808910359634996,62.82877079978529,0.8185721953837896,5.743424584004294,2.1604938271604937,14.38539989264627,1.737788513150832,0.38915727321524424,0.03354804079441761,0.04696725711218465,0.04696725711218465,,,,,,,,,
72,11.77536231884058,61.292270531400966,0.8185721953837896,7.306763285024155,2.1806226516371443,14.378690284487385,1.7042404723564144,0.38915727321524424,0.03354804079441761,0.04696725711218465,0.04696725711218465,,0.026838432635534086,,,,,,,
73,8.031400966183575,55.96484165324745,0.48980139559849706,8.165593129361245,2.15378421900161,23.040794417606012,1.751207729468599,0.19457863660762212,0.07380568974771873,0.04696725711218465,0.04696725711218465,,0.040257648953301126,,,,,,,
74,8.024691358024691,55.93800322061192,0.48980139559849706,8.21256038647343,2.1806226516371443,23.013955984970476,1.737788513150832,0.19457863660762212,0.07380568974771873,0.04696725711218465,0.04696725711218465,,0.040257648953301126,,,,,,,
75,8.038110574342458,51.972624798711756,0.5166398282340311,7.997852925389157,6.206387546967257,23.013955984970476,1.737788513150832,0.19457863660762212,0.07380568974771873,0.08051529790660225,0.0939345142243693,0.03354804079441761,0.040257648953301126,,,,,,,
76,7.87037037037037,51.006441223832525,1.328502415458937,8.863392377885132,6.199677938808374,22.430220075147613,1.7713365539452497,0.19457863660762212,0.03354804079441761,0.07380568974771873,0.13419216317767044,0.040257648953301126,0.05367686527106817,,,,,,,
77,7.843531937734836,50.60386473429951,1.3486312399355878,9.25925925925926,6.219806763285024,21.40365002683843,2.7979066022544283,0.17444981213097155,0.03354804079441761,0.07380568974771873,0.13419216317767044,0.040257648953301126,0.06709608158883522,,,,,,,
78,7.856951154052603,50.60386473429951,1.3486312399355878,9.245840042941492,6.166129898013956,21.38352120236178,2.7979066022544283,0.17444981213097155,0.03354804079441761,0.0939345142243693,0.1878690284487386,0.040257648953301126,0.06709608158883522,,,,,,,
79,7.85024154589372,50.254965110037574,1.3486312399355878,9.594739667203436,6.172839506172839,21.30300590445518,2.871712292002147,0.17444981213097155,0.03354804079441761,0.0939345142243693,0.1878690284487386,0.040257648953301126,0.07380568974771873,,,,,,,
80,6.749865807836822,51.31508319914117,1.3486312399355878,9.64170692431562,6.172839506172839,21.202361782071925,2.965646806226516,0.17444981213097155,0.03354804079441761,0.0939345142243693,0.1878690284487386,0.040257648953301126,0.07380568974771873,,,,,,,
81,6.749865807836822,50.79844337090714,1.3486312399355878,10.124798711755233,6.172839506172839,21.18894256575416,3.012614063338701,0.17444981213097155,0.03354804079441761,0.0939345142243693,0.1878690284487386,0.040257648953301126,0.07380568974771873,,,,,,,
82,6.723027375201288,49.23510466988728,1.3217928073000538,12.097423510466989,6.166129898013956,20.833333333333332,2.9924852388620504,0.17444981213097155,0.06038647342995169,0.0939345142243693,0.1878690284487386,0.040257648953301126,0.07380568974771873,,,,,,,
83,6.729736983360172,48.980139559849704,1.3217928073000538,12.204777241009126,6.172839506172839,20.69243156199678,3.260869565217391,0.17444981213097155,0.06038647342995169,0.0939345142243693,0.19457863660762212,0.040257648953301126,0.07380568974771873,,,,,,,
84,6.776704240472356,48.28234031132582,1.3217928073000538,12.795222758990874,6.139291465378422,20.591787439613526,3.2742887815351582,0.17444981213097155,0.2147074610842727,0.07380568974771873,0.24154589371980675,0.040257648953301126,0.07380568974771873,,,,,,,
85,6.6827697262479875,47.90660225442834,1.3217928073000538,12.68786902844874,6.239935587761675,21.027911969940956,3.2877079978529253,0.17444981213097155,0.2147074610842727,0.07380568974771873,0.24154589371980675,0.06709608158883522,0.07380568974771873,,,,,,,
86,6.66935050993022,47.457058507783145,1.3553408480944713,13.157541599570585,6.152710681696189,20.933977455716587,3.421900161030596,0.17444981213097155,0.2147074610842727,0.08722490606548577,0.24154589371980675,0.06038647342995169,0.07380568974771873,,,,,,,
87,6.729736983360172,47.175254965110035,1.3150831991411702,13.285024154589372,6.387546967257112,20.558239398819108,3.6500268384326353,0.17444981213097155,0.2147074610842727,0.08722490606548577,0.24154589371980675,0.06038647342995169,0.12077294685990338,,,,,,,
88,6.716317767042405,47.10144927536232,1.3150831991411702,13.385668276972625,6.387546967257112,20.397208803005906,3.784219001610306,0.17444981213097155,0.2147074610842727,0.08722490606548577,0.24154589371980675,0.07380568974771873,0.12077294685990338,,,,,,,
89,6.763285024154589,46.9068706387547,1.3150831991411702,13.546698872785829,6.293612453032743,20.37037037037037,3.7775093934514223,0.17444981213097155,0.24154589371980675,0.0939345142243693,0.33548040794417605,0.07380568974771873,0.10735373054213634,,,,,,,
90,6.769994632313473,46.792807300053674,1.3419216317767042,13.331991411701557,6.447933440687064,20.35024154589372,3.797638217928073,0.17444981213097155,0.2683843263553409,0.10735373054213634,0.33548040794417605,0.10064412238325282,0.18115942028985507,,,,,,,
91,6.816961889425658,46.71900161030596,1.3419216317767042,13.325281803542673,6.474771873322598,20.30998389694042,3.797638217928073,0.17444981213097155,0.28180354267310787,0.10735373054213634,0.3488996242619431,0.10064412238325282,0.20128824476650564,,,,,,,
92,6.850509930220075,46.55797101449275,1.3687600644122384,13.519860440150294,6.447933440687064,20.189210950080515,3.7775093934514223,0.20128824476650564,0.2683843263553409,0.14090177133655393,0.3153515834675255,0.1610305958132045,0.20128824476650564,,,,,,,
93,6.561996779388084,46.02120236178207,1.9122383252818036,13.7211486849168,6.608964036500268,19.350509930220074,3.750670960815888,0.9326355340848095,0.2885131508319914,0.1610305958132045,0.32877079978529256,0.1610305958132045,0.20128824476650564,,,,,,,
94,6.595544820182502,45.793075684380035,1.932367149758454,13.828502415458937,6.575415995705851,19.316961889425656,3.743961352657005,0.9393451422436929,0.30864197530864196,0.19457863660762212,0.33548040794417605,0.1878690284487386,0.24825550187869028,,,,,,,
95,6.602254428341385,45.06172839506173,1.932367149758454,14.667203435319378,6.561996779388084,19.129092860976918,3.7104133118625873,0.9393451422436929,0.3421900161030596,0.19457863660762212,0.36231884057971014,0.24825550187869028,0.24825550187869028,,,,,,,
96,6.588835212023618,44.920826623725176,1.9390767579173376,14.707461084272678,6.561996779388084,19.102254428341386,3.7238325281803544,0.9594739667203436,0.33548040794417605,0.2952227589908749,0.35560923242082665,0.24825550187869028,0.2616747181964573,,,,,,,
97,6.602254428341385,44.82018250134192,1.9390767579173376,14.781266774020397,6.561996779388084,19.088835212023618,3.7372517444981215,0.9594739667203436,0.33548040794417605,0.30864197530864196,0.35560923242082665,0.24825550187869028,0.2616747181964573,,,,,,,
98,6.629092860976919,44.69269994632314,1.9860440150295222,15.096618357487923,6.5552871712292005,18.80703166935051,3.7372517444981215,0.9796027911969941,0.33548040794417605,0.2952227589908749,0.35560923242082665,0.24825550187869028,0.28180354267310787,,,,,,,
99,6.615673644659152,44.34380032206119,2.100107353730542,15.391841116478798,6.5552871712292005,18.726516371443907,3.784219001610306,0.9728931830381106,0.33548040794417605,0.2885131508319914,0.35560923242082665,0.24825550187869028,0.28180354267310787,,,,,,,
100,6.582125603864735,41.74718196457327,2.368491680085883,17.19001610305958,7.286634460547504,18.21658615136876,4.025764895330113,0.9728931830381106,0.33548040794417605,0.3153515834675255,0.35560923242082665,0.27509393451422437,0.32877079978529256,,,,,,,
101,6.622383252818035,41.58615136876006,2.368491680085883,17.330917874396135,7.286634460547504,18.136070853462158,4.079441760601181,0.9728931830381106,0.322061191626409,0.3153515834675255,0.3757380568974772,0.27509393451422437,0.32877079978529256,,,,,,,
102,6.568706387546968,39.31830381105743,2.3483628556092326,19.652442297369834,7.246376811594203,18.035426731078903,4.2203435319377345,0.9863123993558777,0.35560923242082665,0.27509393451422437,0.4025764895330113,0.2549651100375738,0.33548040794417605,,,,,,,
103,6.380837359098229,39.14385399892646,1.8048845947396672,19.75979602791197,7.219538378958669,18.92109500805153,4.17337627482555,0.9863123993558777,0.32877079978529256,0.27509393451422437,0.41599570585077833,0.2549651100375738,0.33548040794417605,,,,,,,
104,6.421095008051529,39.05662909286098,1.8048845947396672,19.639023081052066,7.206119162640902,18.887546967257112,4.233762748255502,0.9728931830381106,0.32877079978529256,0.4025764895330113,0.41599570585077833,0.2952227589908749,0.33548040794417605,,,,,,,
105,6.4412238325281805,38.92243692968331,1.8183038110574343,19.672571121846484,7.25979602791197,18.84728931830381,4.274020397208803,0.9728931830381106,0.32877079978529256,0.4025764895330113,0.4294149221685454,0.2952227589908749,0.33548040794417605,,,,,,,
106,5.038915727321524,45.289855072463766,1.751207729468599,19.524959742351047,7.25979602791197,15.331454643048845,3.1535158346752548,0.8990874932903918,0.35560923242082665,0.41599570585077833,0.38915727321524424,0.28180354267310787,0.30864197530864196,,,,,,,
107,5.052334943639291,45.03488996242619,1.7310789049919484,19.732957595276435,7.2933440687063875,15.297906602254429,3.180354267310789,0.8990874932903918,0.38915727321524424,0.41599570585077833,0.38915727321524424,0.2885131508319914,0.2952227589908749,,,,,,,
108,5.072463768115942,44.82018250134192,1.737788513150832,19.860440150295222,7.246376811594203,15.237520128824476,3.240740740740741,0.8990874932903918,0.38915727321524424,0.46296296296296297,0.4227053140096618,0.3153515834675255,0.2952227589908749,,,,,,,
109,5.092592592592593,44.24986580783682,1.751207729468599,20.79307568438003,7.266505636070853,15.056360708534621,3.046162104133119,0.8923778851315083,0.38915727321524424,0.46296296296296297,0.4227053140096618,0.28180354267310787,0.2952227589908749,,,,,,,
110,5.146269457863661,44.04857756307032,1.724369296833065,20.665593129361245,7.286634460547504,15.022812667740205,3.0595813204508855,0.9192163177670424,0.4025764895330113,0.4294149221685454,0.630703166935051,0.33548040794417605,0.32877079978529256,,,,,,,
111,5.186527106816962,43.947933440687066,1.7310789049919484,20.739398819108963,7.266505636070853,14.97584541062802,3.0595813204508855,0.9326355340848095,0.4025764895330113,0.4562533548040794,0.6239935587761675,0.3488996242619431,0.32877079978529256,,,,,,,
112,5.0791733762748255,43.63258185721954,1.7176596886741815,20.7662372517445,7.27992485238862,14.928878153515834,3.4151905528717124,0.9326355340848095,0.48980139559849706,0.4562533548040794,0.6239935587761675,0.3488996242619431,0.32877079978529256,,,,,,,
113,5.072463768115942,43.53864734299517,1.7176596886741815,20.8467525496511,7.25979602791197,14.928878153515834,3.4151905528717124,0.9326355340848095,0.48980139559849706,0.4562533548040794,0.6642512077294686,0.3488996242619431,0.32877079978529256,,,,,,,
114,5.0858829844337095,42.94820182501342,3.3548040794417604,19.73966720343532,7.212828770799785,14.781266774020397,3.515834675254965,0.9259259259259259,0.6239935587761675,0.4830917874396135,0.6642512077294686,0.3421900161030596,0.322061191626409,,,,,,,
115,4.87788513150832,42.3040794417606,3.3413848631239937,19.652442297369834,7.071926999463232,13.553408480944713,3.374932903918411,3.374932903918411,0.6642512077294686,0.4562533548040794,0.6642512077294686,0.3421900161030596,0.322061191626409,,,,,,,
116,4.797369833601718,40.47906602254428,3.3816425120772946,18.78690284487386,9.73564143853999,13.768115942028986,3.33467525496511,3.374932903918411,0.6508319914117016,0.41599570585077833,0.6374127750939346,0.36902844873859364,0.2683843263553409,,,,,,,
117,4.830917874396135,40.3918411164788,3.4017713365539453,18.78690284487386,9.722222222222221,13.754696725711218,3.3145464304884595,3.374932903918411,0.6508319914117016,0.41599570585077833,0.6910896403650026,0.39586688137412773,0.2683843263553409,,,,,,,
118,4.851046698872786,40.063070316693505,3.5963499731615673,18.78690284487386,9.71551261406334,13.761406333870102,3.280998389694042,3.374932903918411,0.6843800322061192,0.41599570585077833,0.7716049382716049,0.4227053140096618,0.27509393451422437,,,,,,,
119,4.898013955984971,39.942297369833604,3.603059581320451,18.800322061191626,9.762479871175524,13.7211486849168,3.321256038647343,3.374932903918411,0.6843800322061192,0.41599570585077833,0.7716049382716049,0.4294149221685454,0.27509393451422437,,,,,,,
120,4.871175523349437,39.00295222758991,3.5963499731615673,19.712828770799785,9.75577026301664,13.741277509393452,3.3279656468062266,3.374932903918411,0.6843800322061192,0.4294149221685454,0.7716049382716049,0.4562533548040794,0.27509393451422437,,,,,,,
121,4.904723564143854,37.97638217928073,3.5963499731615673,21.014492753623188,9.681964573268921,13.66076221148685,3.113258185721954,3.374932903918411,0.6575415995705851,0.4294149221685454,0.8588298443370908,0.48980139559849706,0.24154589371980675,,,,,,,
122,4.938271604938271,37.895866881374126,3.5963499731615673,21.135265700483092,9.675254965110037,13.6406333870102,3.0931293612453032,3.374932903918411,0.630703166935051,0.4294149221685454,0.8588298443370908,0.48980139559849706,0.24154589371980675,,,,,,,
123,4.871175523349437,35.57434245840043,3.5762211486849167,23.785560923242084,9.333064949006978,13.593666129898015,3.1199677938808374,3.361513687600644,0.6776704240472357,0.4294149221685454,0.8789586688137413,0.5568974771873323,0.24154589371980675,,,,,,,
124,4.414922168545357,36.08427267847558,3.5426731078904994,23.79898013955985,9.306226516371444,13.519860440150294,3.1602254428341383,3.307836822329576,0.7045088566827697,0.46967257112184646,0.8789586688137413,0.5568974771873323,0.2549651100375738,,,,,,,
125,4.40150295222759,35.12479871175523,3.535963499731616,24.838969404186795,9.064680622651638,13.600375738056897,3.2004830917874396,3.307836822329576,0.7313472893183038,0.46967257112184646,0.9259259259259259,0.5300590445517982,0.2683843263553409,,,,,,,
126,4.428341384863124,35.017444981213096,3.515834675254965,24.812130971551262,9.192163177670425,13.58695652173913,3.2004830917874396,3.307836822329576,0.7313472893183038,0.46967257112184646,0.9259259259259259,0.5434782608695652,0.2683843263553409,,,,,,,
127,4.367954911433173,35.05099302200752,3.6500268384326353,24.765163714439076,9.145195920558239,13.58695652173913,3.2004830917874396,3.1736446591519054,0.7313472893183038,0.4830917874396135,0.95276435856146,0.6239935587761675,0.2683843263553409,,,,,,,
128,4.341116478797638,34.76247987117552,3.824476650563607,24.54374664519592,9.440418679549115,13.613794954374665,3.1602254428341383,3.1736446591519054,0.7313472893183038,0.5300590445517982,0.95276435856146,0.6575415995705851,0.2683843263553409,,,,,,,
129,4.40150295222759,34.594739667203434,3.898282340311326,24.59742351046699,9.386741814278047,13.459473966720344,3.280998389694042,3.1736446591519054,0.7648953301127214,0.5300590445517982,0.9863123993558777,0.644122383252818,0.28180354267310787,,,,,,,
130,4.388083735909823,34.47396672034353,4.508856682769726,24.228395061728396,9.326355340848094,13.43263553408481,3.307836822329576,3.1736446591519054,0.7514761137949544,0.5300590445517982,0.9594739667203436,0.6508319914117016,0.2683843263553409,,,,,,,
131,4.394793344068707,34.447128287708,4.508856682769726,24.241814278046164,8.809715512614064,13.43263553408481,3.294417606011809,3.166935050993022,1.4090177133655395,0.5300590445517982,0.8454106280193237,0.6508319914117016,0.2683843263553409,,,,,,,
132,4.3545356951154055,33.84997316156736,6.414385399892646,23.450080515297905,9.802737520128824,12.245034889962426,3.1870638754696725,3.1065485775630703,1.3754696725711217,0.5300590445517982,0.8454106280193237,0.5703166935050993,0.2683843263553409,,,,,,,
133,4.367954911433173,33.64868491680086,6.4345142243692965,23.483628556092324,9.789318303811058,12.372517444981213,3.240740740740741,3.0864197530864197,1.3754696725711217,0.5300590445517982,0.8454106280193237,0.5703166935050993,0.2549651100375738,,,,,,,
134,4.394793344068707,33.601717659688674,6.320450885668277,23.59098228663446,9.75577026301664,12.318840579710145,3.240740740740741,3.0864197530864197,1.3955984970477724,0.5904455179817498,0.8923778851315083,0.5568974771873323,0.2549651100375738,,,,,,,
135,4.374664519592056,33.52120236178207,6.3137412775093935,23.63123993558776,9.769189479334408,12.285292538915728,3.2742887815351582,3.0730005367686526,1.4224369296833066,0.5904455179817498,0.8923778851315083,0.5703166935050993,0.28180354267310787,,,,,,,
136,4.320987654320987,33.031400966183575,6.125872249060655,24.12104133118626,9.688674181427805,12.211486849168008,3.361513687600644,3.0730005367686526,1.4492753623188406,0.8319914117015567,0.8923778851315083,0.6105743424584005,0.28180354267310787,,,,,,,
137,4.341116478797638,32.87707997852925,6.199677938808374,24.04723564143854,9.232420826623725,12.204777241009126,3.9586688137412773,3.0730005367686526,1.3687600644122384,0.8655394524959742,0.9057971014492754,0.644122383252818,0.28180354267310787,,,,,,,
138,4.180085882984434,32.809983896940416,6.0654857756307035,23.376274825550187,9.460547504025765,8.172302737520129,3.2474503488996245,8.682232957595277,1.3419216317767042,0.8387010198604401,0.9057971014492754,0.644122383252818,0.27509393451422437,,,,,,,
139,4.186795491143317,32.78314546430489,6.119162640901771,23.30246913580247,9.460547504025765,8.165593129361245,3.2541599570585076,8.668813741277509,1.3687600644122384,0.8387010198604401,0.9057971014492754,0.6709608158883521,0.27509393451422437,,,,,,,
140,4.200214707461084,32.689210950080515,6.105743424584004,23.362855609232422,9.400161030595813,8.145464304884594,3.2675791733762747,8.635265700483092,1.402308105206656,0.8118625872249061,1.0064412238325282,0.6843800322061192,0.2885131508319914,,,,,,,
141,4.2203435319377345,32.43424584004294,6.078904991948471,23.557434245840042,9.366612989801396,8.145464304884594,3.2742887815351582,8.635265700483092,1.4492753623188406,0.798443370907139,1.0198604401502953,0.7313472893183038,0.2885131508319914,,,,,,,
142,4.2203435319377345,32.387278582930755,6.105743424584004,23.443370907139023,9.380032206119163,8.13875469672571,3.3548040794417604,8.635265700483092,1.4626945786366077,0.785024154589372,1.0198604401502953,0.7917337627482555,0.27509393451422437,,,,,,,
143,4.240472356414386,31.964573268921097,6.099033816425121,23.141438539989263,9.822866344605474,8.132045088566828,3.3480944712828773,8.561460010735374,1.5230810520665594,0.785024154589372,1.3016639828234031,0.8185721953837896,0.2616747181964573,,,,,,,
144,4.247181964573269,31.863929146537842,6.099033816425121,22.966988727858293,9.796027911969942,8.09849704777241,3.515834675254965,8.561460010735374,1.5230810520665594,0.8185721953837896,1.3217928073000538,0.9259259259259259,0.2616747181964573,,,,,,,
145,4.253891572732153,31.776704240472355,6.0587761674718195,22.96027911969941,9.782608695652174,8.07836822329576,3.5292538915727323,8.521202361782072,1.596886741814278,0.8521202361782072,1.3821792807300053,0.9460547504025765,0.2616747181964573,,,,,,,
146,4.240472356414386,31.548577563070317,6.380837359098229,22.98040794417606,9.796027911969942,8.011272141706923,3.4420289855072466,8.521202361782072,1.6170155662909287,0.8655394524959742,1.328502415458937,0.95276435856146,0.2952227589908749,0.020128824476650563,,,,,,
147,4.253891572732153,31.48148148148148,6.380837359098229,22.966988727858293,9.789318303811058,8.011272141706923,3.435319377348363,8.507783145464305,1.6371443907675791,0.8655394524959742,1.3083735909822867,1.0466988727858293,0.2952227589908749,0.020128824476650563,,,,,,
148,4.206924315619967,31.333870101986044,6.380837359098229,22.973698336017176,9.829575952764358,8.105206655931294,3.44873859366613,8.487654320987655,1.6371443907675791,0.8655394524959742,1.3352120236178207,1.0802469135802468,0.2952227589908749,0.020128824476650563,,,,,,
149,4.26731078904992,31.05877616747182,6.300322061191626,23.22866344605475,9.816156736446592,8.038110574342458,3.488996242619431,8.480944712828771,1.6505636070853462,0.9057971014492754,1.3352120236178207,1.1137949543746646,0.2952227589908749,0.020128824476650563,,,,,,
150,4.126409017713366,30.475040257648953,6.246645195920558,22.873054213633925,9.71551261406334,6.595544820182502,3.1065485775630703,11.553945249597424,1.570048309178744,0.9796027911969941,1.3620504562533549,1.093666129898014,0.28180354267310787,0.020128824476650563,,,,,,
151,4.1129898013955986,30.394524959742352,6.320450885668277,23.503757380568974,9.64170692431562,6.011808910359635,3.0730005367686526,11.07085346215781,2.046430488459474,0.9796027911969941,1.415727321524423,1.1205045625335481,0.28180354267310787,0.020128824476650563,0.0067096081588835215,,,,,
152,4.1129898013955986,30.347557702630166,6.3137412775093935,23.45679012345679,9.66183574879227,6.005099302200751,3.113258185721954,11.037305421363392,2.0397208803005906,1.0131508319914118,1.442565754159957,1.1205045625335481,0.28180354267310787,0.020128824476650563,0.0067096081588835215,0.026838432635534086,,,,
153,4.106280193236715,30.22007514761138,6.3137412775093935,23.416532474503487,9.648416532474503,6.072195383789587,3.113258185721954,11.023886205045626,2.100107353730542,1.0265700483091786,1.4962426194310252,1.1272141706924315,0.28180354267310787,0.020128824476650563,0.0067096081588835215,0.026838432635534086,,,,
154,4.1129898013955986,30.139559849704778,6.293612453032743,23.242082662372518,9.655126140633387,6.072195383789587,3.113258185721954,10.997047772410092,2.15378421900161,1.0265700483091786,1.6706924315619969,1.1406333870101986,0.32877079978529256,0.020128824476650563,0.0067096081588835215,0.026838432635534086,,,,
155,4.1129898013955986,30.03220611916264,6.293612453032743,23.235373054213635,9.520933977455716,6.072195383789587,3.3413848631239937,11.030595813204508,2.15378421900161,1.0534084809447128,1.6706924315619969,1.1003757380568975,0.32877079978529256,0.020128824476650563,0.0067096081588835215,0.026838432635534086,,,,
156,4.1129898013955986,29.99194847020934,6.273483628556092,23.26892109500805,9.541062801932368,6.0587761674718195,3.3413848631239937,11.030595813204508,2.13365539452496,1.1003757380568975,1.6706924315619969,1.0869565217391304,0.3153515834675255,0.020128824476650563,0.0067096081588835215,0.04696725711218465,,,,
157,4.106280193236715,29.797369833601717,6.159420289855072,23.047504025764894,10.071121846484166,6.078904991948471,3.3548040794417604,11.003757380568974,2.1135265700483092,1.0466988727858293,1.778046162104133,1.0534084809447128,0.3153515834675255,0.020128824476650563,0.0067096081588835215,0.04696725711218465,,,,
158,4.092860976918948,29.716854535695116,6.333870101986044,23.047504025764894,10.057702630166398,6.072195383789587,3.374932903918411,11.003757380568974,2.033011272141707,1.0466988727858293,1.778046162104133,1.0534084809447128,0.3153515834675255,0.020128824476650563,0.0067096081588835215,0.04696725711218465,,,,
159,4.0995705850778315,29.58937198067633,6.347289318303811,23.289049919484704,10.037573805689748,6.018518518518518,3.280998389694042,10.943370907139023,2.0799785292538915,1.0131508319914118,1.8317230273752012,1.0534084809447128,0.3421900161030596,0.020128824476650563,0.0067096081588835215,0.04696725711218465,,,,
160,4.139828234031133,29.448470209339774,6.327160493827161,23.2085346215781,9.970477724100913,5.991680085882985,3.455448201825013,10.903113258185721,2.086688137412775,1.0466988727858293,1.865271068169619,1.1205045625335481,0.33548040794417605,0.020128824476650563,0.03354804079441761,0.04696725711218465,,,,
161,4.146537842190016,29.401502952227588,6.3070316693505095,23.181696188942567,9.990606548577563,6.031937734836285,3.488996242619431,10.755501878690284,2.2074610842726785,1.0399892646269457,1.865271068169619,1.1473429951690821,0.33548040794417605,0.020128824476650563,0.03354804079441761,0.04696725711218465,,,,
162,4.159957058507783,29.30756843800322,6.320450885668277,23.15485775630703,10.017444981213098,5.938003220611916,3.4688674181427803,10.84272678475577,2.281266774020397,1.0802469135802468,1.8451422436929683,1.1473429951690821,0.33548040794417605,0.020128824476650563,0.03354804079441761,0.04696725711218465,,,,
163,4.159957058507783,28.931830381105744,6.293612453032743,23.51046698872786,10.010735373054214,5.931293612453032,3.4957058507783145,10.789049919484702,2.301395598497048,1.0869565217391304,1.8786902844873858,1.1741814278046163,0.33548040794417605,0.020128824476650563,0.03354804079441761,0.04696725711218465,,,,
164,4.139828234031133,28.73054213633924,6.273483628556092,23.678207192699947,10.010735373054214,5.924584004294149,3.502415458937198,10.735373054213634,2.3886205045625335,1.093666129898014,1.90552871712292,1.1808910359634996,0.33548040794417605,0.020128824476650563,0.03354804079441761,0.04696725711218465,,,,
165,4.119699409554482,28.609769189479334,6.280193236714976,23.74530327428878,10.030864197530864,5.917874396135265,3.5091250670960816,10.755501878690284,2.395330112721417,1.1003757380568975,1.90552871712292,1.1943102522812667,0.33548040794417605,0.020128824476650563,0.03354804079441761,0.04696725711218465,,,,
