,45,50,53,52,54,51,55,56,57
0,91.82769726247987,7.588566827697263,0.5837359098228664,,,,,,
1,83.82313472893183,15.599838969404187,0.5770263016639828,,,,,,
2,77.78448738593666,19.290123456790123,0.5770263016639828,1.8250134192163177,0.5233494363929146,,,,
3,51.71765968867418,32.1256038647343,0.48980139559849706,4.448470209339774,0.5233494363929146,10.695115405260333,,,
4,49.4296833064949,35.07783145464305,0.020128824476650563,4.448470209339774,0.5233494363929146,10.50053676865271,,,
5,36.553945249597426,47.416800858829845,0.020128824476650563,4.435050993022007,0.5233494363929146,11.05072463768116,,,
6,31.5150295222759,37.466451959205585,0.020128824476650563,11.574074074074074,0.5233494363929146,18.90096618357488,,,
7,31.743156199677937,34.64170692431562,3.3548040794417604,11.788781535158346,0.5233494363929146,17.357756307031668,0.5904455179817498,,
8,31.89747718733226,33.883521202361784,4.012345679012346,11.379495437466453,0.8185721953837896,17.136339237788512,0.8722490606548577,,
9,32.15244229736983,33.97745571658615,3.9586688137412773,11.258722490606548,0.8185721953837896,17.002147074610843,0.8319914117015567,,
10,32.48121309715513,31.280193236714975,3.92512077294686,12.848899624261943,3.113258185721954,15.519323671497585,0.8319914117015567,,
11,32.48792270531401,31.132581857219538,3.8915727321524423,12.218196457326892,4.072732152442297,15.365002683843263,0.8319914117015567,,
12,30.99838969404187,30.307300053676865,3.408480944712829,12.634192163177671,4.03918411164788,17.780461621041333,0.8319914117015567,,
13,27.2812667740204,32.96430488459474,4.998658078368224,12.31213097155126,4.320987654320987,17.297369833601717,0.8252818035426731,,
14,22.114868491680085,36.842458400429415,2.2342995169082127,9.594739667203436,1.3150831991411702,27.073268921095007,0.8252818035426731,,
15,21.07487922705314,38.33870101986044,2.2208803005904456,9.312936124530328,1.3150831991411702,26.912238325281802,0.8252818035426731,,
16,21.4573268921095,35.849436392914654,4.555823939881911,9.245840042941492,1.3150831991411702,26.7512077294686,0.8252818035426731,,
17,21.886741814278047,34.675254965110035,10.748792270531402,9.205582393988191,1.3083735909822867,21.349973161567366,0.8252818035426731,,
18,22.088030059044552,33.05823939881911,13.311862587224907,8.903650026838433,1.1741814278046163,20.638754696725712,0.8252818035426731,,
19,22.094739667203434,33.19914117015566,13.20450885668277,8.84326355340848,2.01959205582394,19.81347289318304,0.8252818035426731,,
20,21.712292002147073,31.83709071390231,12.245034889962426,8.769457863660762,1.9927536231884058,22.73215244229737,0.7112184648416533,,
21,20.705850778314545,31.48148148148148,11.829039184111648,8.521202361782072,1.9927536231884058,24.758454106280194,0.7112184648416533,,
22,20.974235104669887,28.341384863123995,11.104401502952227,12.211486849168008,1.9659151905528718,23.93317230273752,1.4694041867954912,,
23,20.061728395061728,27.355072463768117,10.7085346215781,10.299248523886206,1.5029522275899088,28.878153515834676,1.1943102522812667,,
24,20.8064949006978,25.738056897477186,10.225442834138486,9.849704777241008,4.448470209339774,27.737520128824478,1.1943102522812667,,
25,21.470746108427267,25.677670424047236,10.151637144390767,9.816156736446592,4.435050993022007,27.254428341384862,1.1943102522812667,,
26,20.142243692968332,23.05421363392378,11.701556629092861,10.909822866344605,3.656736446591519,29.374664519592056,1.1607622114868492,,
27,20.873590982286636,22.84621578099839,11.506977992485238,10.755501878690284,3.656736446591519,29.2337627482555,1.1272141706924315,,
28,20.77294685990338,19.598765432098766,10.856146001073537,7.561728395061729,1.7444981213097155,38.33870101986044,1.1272141706924315,,
29,20.779656468062264,17.780461621041333,13.191089640365004,7.548309178743962,1.7444981213097155,37.82877079978529,1.1272141706924315,,
30,20.363660762211488,16.009125067096083,14.821524422973699,9.608158883521202,3.052871712292002,35.279119699409556,0.8655394524959742,,
31,20.477724100912507,14.828234031132581,13.821792807300053,9.39345142243693,2.3081052066559313,38.33199141170156,0.8387010198604401,,
32,20.987654320987655,14.53972088030059,13.801663982823403,9.151905528717123,3.4621578099838968,37.21819645732689,0.8387010198604401,,
33,21.504294149221685,14.53972088030059,14.781266774020397,8.789586688137414,5.112721417069243,34.43370907139023,0.8387010198604401,,
34,21.443907675791735,13.654052603327965,14.700751476113794,9.5276435856146,5.428073000536768,33.93719806763285,1.3083735909822867,,
35,21.994095544820183,13.593666129898015,14.586688137412775,9.447128287707997,5.428073000536768,33.7157809983897,1.2345679012345678,,
36,22.38996242619431,13.526570048309178,14.553140096618357,9.400161030595813,5.387815351583468,33.5077831454643,1.2345679012345678,,
37,22.128287707997853,13.358829844337091,14.150563607085346,11.520397208803006,5.300590445517981,32.306763285024154,1.2345679012345678,,
38,17.538915727321523,12.983091787439614,14.009661835748792,6.038647342995169,5.267042404723564,42.92807300053677,1.2345679012345678,,
39,18.51851851851852,12.869028448738593,13.92914653784219,5.984970477724101,5.119431025228127,42.351046698872786,1.2278582930756843,,
40,17.257112184648417,10.896403650026839,13.654052603327965,9.601449275362318,6.991411701556629,40.371712292002144,1.2278582930756843,,
41,17.20343531937735,10.896403650026839,13.526570048309178,8.480944712828771,6.991411701556629,41.67337627482555,1.2278582930756843,,
42,17.800590445517983,10.88298443370907,13.385668276972625,8.427267847557703,6.951154052603328,41.37144390767579,1.1808910359634996,,
43,18.33064949006978,11.513687600644122,13.33870101986044,8.427267847557703,6.877348362855609,40.33145464304884,1.1808910359634996,,
44,19.028448738593667,11.513687600644122,13.238056897477188,8.299785292538916,6.877348362855609,39.86849168008588,1.1741814278046163,,
45,18.99490069779925,11.466720343531938,13.238056897477188,7.96430488459474,6.575415995705851,40.58641975308642,1.1741814278046163,,
46,19.585346215780998,11.272141706924316,13.16425120772947,7.803274288781535,6.541867954911433,40.35829307568438,1.133923778851315,0.14090177133655393,
47,15.780998389694043,9.172034353193773,5.381105743424584,4.690016103059581,5.662909286097692,58.091787439613526,1.0802469135802468,0.14090177133655393,
48,16.21712292002147,9.125067096081589,4.7101449275362315,5.595813204508857,5.5756843800322065,57.55501878690284,1.0802469135802468,0.14090177133655393,
49,16.847826086956523,9.044551798174986,4.575952764358561,5.595813204508857,5.535426731078905,55.52871712292002,2.7308105206655933,0.14090177133655393,
50,15.76086956521739,8.776167471819646,4.562533548040794,6.239935587761675,4.944981213097155,56.816961889425656,2.771068169618894,0.1274825550187869,
51,16.438539989264626,8.742619431025227,5.018786902844874,5.938003220611916,4.87788513150832,56.085614600107355,2.771068169618894,0.1274825550187869,
52,15.801127214170693,7.7361782071927,4.62962962962963,10.554213633923778,4.663177670424047,52.48926462694579,4.126409017713366,,
53,15.210681696188942,7.300053676865271,5.998389694041868,22.550993022007514,4.62962962962963,40.81454643048846,3.4957058507783145,,
54,15.734031132581856,6.810252281266774,6.468062265163715,21.71900161030596,4.575952764358561,40.56629092860977,3.3682232957595275,,0.7581857219538379
55,16.659957058507782,6.662640901771336,6.468062265163715,21.564680622651636,4.448470209339774,40.15700483091788,3.280998389694042,,0.7581857219538379
56,17.10950080515298,6.629092860976919,6.4412238325281805,21.537842190016104,4.341116478797638,39.76784755770263,3.44873859366613,,0.7246376811594203
57,17.59259259259259,6.602254428341385,6.400966183574879,21.490874932903917,4.314278046162104,39.42565754159957,3.44873859366613,,0.7246376811594203
58,18.344068706387546,6.528448738593666,6.360708534621578,21.329844337090712,4.314278046162104,38.94927536231884,3.44873859366613,,0.7246376811594203
59,18.90096618357488,6.494900697799249,6.353998926462695,21.202361782071925,4.280730005367687,38.14412238325282,3.898282340311326,,0.7246376811594203
60,19.196188942565755,6.481481481481482,6.333870101986044,20.135534084809446,5.723295759527644,38.02334943639291,3.898282340311326,,0.20799785292538917
61,16.71363392377885,6.468062265163715,6.172839506172839,10.587761674718196,4.1129898013955986,51.898819108964034,4.045893719806763,,
62,17.06924315619968,6.266774020397209,6.085614600107354,11.07085346215781,3.92512077294686,51.53650026838432,4.045893719806763,,
63,17.54562533548041,6.239935587761675,7.467793880837359,11.05072463768116,3.9049919484702094,50.335480407944175,3.455448201825013,,
64,18.431293612453032,6.085614600107354,7.454374664519592,11.037305421363392,3.8915727321524423,49.644390767579175,3.455448201825013,,
65,19.196188942565755,6.031937734836285,7.360440150295223,10.916532474503489,3.8915727321524423,48.429951690821255,3.435319377348363,0.7380568974771873,
66,19.685990338164252,5.938003220611916,7.326892109500805,10.82259796027912,3.8915727321524423,48.16156736446592,3.435319377348363,0.7380568974771873,
67,20.00805152979066,5.917874396135265,7.326892109500805,10.795759527643586,3.8915727321524423,47.89989264626946,3.421900161030596,0.7380568974771873,
68,19.028448738593667,5.83064949006978,7.326892109500805,10.795759527643586,3.2742887815351582,47.82608695652174,5.179817498658078,0.7380568974771873,
69,19.384057971014492,5.71658615136876,7.306763285024155,10.567632850241546,3.052871712292002,48.40311325818572,4.830917874396135,0.7380568974771873,
70,19.155931293612454,4.233762748255502,7.092055823939882,10.50053676865271,4.5960815888352125,48.97342995169082,4.74369296833065,0.7045088566827697,
71,19.706119162640903,4.166666666666667,7.092055823939882,10.581052066559312,4.528985507246377,48.51717659688674,4.703435319377348,0.7045088566827697,
72,20.50456253354804,4.139828234031133,7.051798174986581,10.339506172839506,4.51556629092861,48.04079441760601,4.703435319377348,0.7045088566827697,
73,21.155394524959743,4.1129898013955986,7.051798174986581,10.21202361782072,4.455179817498658,47.65163714439077,4.656468062265164,0.7045088566827697,
74,21.128556092324207,3.9049919484702094,8.776167471819646,13.063607085346217,4.830917874396135,43.75335480407944,4.542404723564144,,
75,21.611647879763822,3.8848631239935587,10.836017176596886,12.070585077831455,4.669887278582931,42.32420826623725,4.602791196994096,,
76,21.215780998389693,3.4688674181427803,10.413311862587225,11.60762211486849,4.193505099302201,44.53166935050993,4.569243156199678,,
77,21.67874396135266,3.2340311325818574,10.326086956521738,13.231347289318304,4.180085882984434,42.85426731078905,4.49543746645196,,
78,22.443639291465377,3.2139023081052067,10.151637144390767,13.103864734299517,4.126409017713366,42.58588298443371,4.374664519592056,,
79,22.852925389157274,3.1870638754696725,10.111379495437467,13.083735909822867,4.126409017713366,42.27724100912507,4.361245303274289,,
80,21.712292002147073,2.945517981749866,8.923778851315083,11.003757380568974,4.066022544283414,47.00080515297907,4.3478260869565215,,
81,22.396672034353195,2.9253891572732154,8.836553945249598,10.856146001073537,4.005636070853462,46.63177670424047,4.3478260869565215,,
82,20.21604938271605,2.301395598497048,8.78287707997853,14.506172839506172,3.8580246913580245,44.22973698336017,6.105743424584004,,
83,20.779656468062264,2.301395598497048,8.675523349436393,14.331723027375201,5.0993022007514766,42.92807300053677,5.884326355340848,,
84,19.538378958668815,2.2611379495437465,8.856682769726248,14.31159420289855,3.683574879227053,47.014224369296834,4.334406870638754,,
85,19.97450348899624,2.2611379495437465,8.836553945249598,14.27133655394525,3.6500268384326353,46.67203435319377,4.334406870638754,,
86,20.759527643585614,2.2611379495437465,8.709071390230811,14.184111647879764,3.6366076221148687,46.121846484165324,4.327697262479871,,
87,21.470746108427267,2.24771873322598,8.601717659688674,14.002952227589908,3.616478797638218,45.73268921095008,4.327697262479871,,
88,21.812936124530328,2.1403650026838434,8.454106280193237,15.049651100375739,3.079710144927536,45.13553408480945,4.327697262479871,,
89,20.148953301127214,2.1403650026838434,8.380300590445518,14.070048309178745,3.046162104133119,48.02066559312936,4.193505099302201,,
90,20.779656468062264,2.1403650026838434,8.373590982286634,13.875469672571121,4.461889425657541,46.24932903918411,4.119699409554482,,
91,18.894256575415994,2.046430488459474,8.581588835212024,10.876274825550189,4.448470209339774,51.04669887278583,4.106280193236715,,
92,19.276704240472355,2.046430488459474,8.527911969940956,10.802469135802468,4.42163177670424,50.81857219538379,4.106280193236715,,
93,19.93424584004294,2.033011272141707,8.353462157809984,10.768921095008052,4.38137412775094,50.436124530327426,4.092860976918948,,
94,20.799785292538918,2.033011272141707,8.091787439613526,10.654857756307031,4.361245303274289,50.0,3.9184111647879765,0.14090177133655393,
95,21.175523349436393,2.033011272141707,8.031400966183575,10.654857756307031,4.334406870638754,49.57058507783145,4.05931293612453,0.14090177133655393,
96,20.397208803005906,2.01959205582394,6.951154052603328,13.399087493290391,4.253891572732153,48.691626409017715,3.992216854535695,0.2952227589908749,
97,20.974235104669887,2.01959205582394,6.837090713902308,13.325281803542673,4.414922168545357,48.16156736446592,3.9720880300590444,0.2952227589908749,
98,21.40365002683843,2.01959205582394,6.837090713902308,13.217928073000536,4.3478260869565215,47.90660225442834,3.9720880300590444,0.2952227589908749,
99,21.497584541062803,2.01959205582394,6.837090713902308,13.110574342458401,4.3478260869565215,46.98067632850242,3.9720880300590444,1.2345679012345678,
100,22.04777241009125,1.9390767579173376,6.837090713902308,12.902576489533011,4.3478260869565215,46.71900161030596,3.9720880300590444,1.2345679012345678,
101,22.108158883521202,1.751207729468599,6.615673644659152,13.707729468599034,4.958400429414922,45.74610842726785,3.878153515834675,1.2345679012345678,
102,22.564412238325282,1.7444981213097155,6.528448738593666,16.867954911433173,4.85775630703167,43.29039184111648,3.8580246913580245,0.2885131508319914,
103,23.121309715512613,1.710950080515298,6.515029522275899,16.720343531937736,4.824208266237251,42.981749865807835,3.8378958668813743,0.2885131508319914,
104,23.255501878690286,1.710950080515298,7.152442297369833,16.6935050993022,4.783950617283951,42.47181964573269,3.643317230273752,0.2885131508319914,
105,23.731884057971016,1.710950080515298,7.125603864734299,16.545893719806763,4.783950617283951,42.169887278582934,3.643317230273752,0.2885131508319914,
106,24.06736446591519,1.710950080515298,7.877079978529254,16.451959205582394,4.703435319377348,41.29092860976919,3.6097691894793345,0.2885131508319914,
107,24.329039184111647,1.710950080515298,7.843531937734836,16.324476650563607,4.696725711218465,40.747450348899626,4.05931293612453,0.2885131508319914,
108,24.758454106280194,1.710950080515298,7.796564680622652,16.210413311862588,4.5960815888352125,40.17713365539453,4.327697262479871,0.4227053140096618,
109,24.04723564143854,1.5432098765432098,7.024959742351046,18.88083735909823,4.066022544283414,39.81481481481482,4.200214707461084,0.4227053140096618,
110,24.684648416532475,1.5432098765432098,6.951154052603328,18.679549114331724,4.066022544283414,39.47933440687064,4.17337627482555,0.4227053140096618,
111,24.993290391841118,1.9860440150295222,6.91760601180891,18.4044551798175,4.066022544283414,38.89559849704777,4.314278046162104,0.4227053140096618,
112,25.697799248523886,1.9793344068706387,6.877348362855609,18.015297906602253,4.052603327965647,38.539989264626946,4.414922168545357,0.4227053140096618,
113,26.221148684916802,1.892109500805153,7.011540526033279,17.921363392377884,3.9452495974235107,38.35882984433709,4.2270531400966185,0.4227053140096618,
114,26.630434782608695,1.892109500805153,6.9310252281266775,15.693773483628556,3.898282340311326,40.31132581857219,4.2203435319377345,0.4227053140096618,
115,24.84567901234568,1.7646269457863661,6.4345142243692965,13.90901771336554,3.374932903918411,45.34353193773484,4.052603327965647,0.27509393451422437,
116,24.63768115942029,1.7646269457863661,6.333870101986044,12.869028448738593,3.374932903918411,46.85990338164251,3.8848631239935587,0.27509393451422437,
117,25.966183574879228,1.7646269457863661,5.978260869565218,12.828770799785293,3.3279656468062266,46.01449275362319,3.844605475040258,0.27509393451422437,
118,26.690821256038646,1.7444981213097155,5.9514224369296835,12.781803542673108,3.3279656468062266,45.50456253354804,3.7238325281803544,0.27509393451422437,
119,27.113526570048307,1.7444981213097155,5.938003220611916,12.634192163177671,3.3011272141706924,45.269726247987116,3.7238325281803544,0.27509393451422437,
120,28.06629092860977,1.6774020397208802,6.769994632313473,12.184648416532475,3.3682232957595275,44.00831991411702,3.6500268384326353,0.27509393451422437,
121,28.556092324208265,1.6774020397208802,7.199409554482019,12.084004294149223,3.33467525496511,43.223295759527645,3.6500268384326353,0.27509393451422437,
122,28.488996242619432,1.6774020397208802,6.843800322061192,11.943102522812667,3.3279656468062266,44.16264090177134,3.1468062265163717,0.4092860976918948,
123,28.918411164787976,1.6774020397208802,6.8035426731078905,11.83574879227053,3.3279656468062266,43.94122383252818,3.0864197530864197,0.4092860976918948,
124,29.341116478797638,1.5432098765432098,6.716317767042405,12.070585077831455,3.770799785292539,43.062265163714436,3.0864197530864197,0.4092860976918948,
125,29.824208266237253,1.5432098765432098,6.689479334406871,12.016908212560386,4.092860976918948,42.371175523349436,3.052871712292002,0.4092860976918948,
126,30.414653784219002,1.5230810520665594,6.689479334406871,11.889425657541599,4.092860976918948,41.928341384863124,3.052871712292002,0.4092860976918948,
127,31.36070853462158,1.482823403113258,6.622383252818035,11.862587224906065,3.938539989264627,41.27079978529254,3.052871712292002,0.4092860976918948,
128,31.99812130971551,1.482823403113258,6.481481481481482,11.694847020933977,3.9318303811057436,40.83467525496511,3.166935050993022,0.4092860976918948,
129,32.75630703166935,1.482823403113258,6.360708534621578,11.574074074074074,4.1129898013955986,40.13687600644123,3.166935050993022,0.4092860976918948,
130,32.87707997852925,1.402308105206656,6.353998926462695,12.882447665056361,4.193505099302201,38.79495437466452,3.126677402039721,0.36902844873859364,
131,33.62855609232421,1.3888888888888888,6.333870101986044,12.848899624261943,4.0995705850778315,38.28502415458937,3.052871712292002,0.36231884057971014,
132,33.782877079978526,1.3888888888888888,6.333870101986044,12.795222758990874,4.052603327965647,38.25147611379496,3.0394524959742353,0.35560923242082665,
133,34.13177670424047,1.3888888888888888,6.300322061191626,12.667740203972087,3.992216854535695,37.875738056897475,3.2877079978529253,0.35560923242082665,
134,34.12506709608159,1.3553408480944713,7.615405260332796,12.5402576489533,3.6366076221148687,37.1309715512614,3.2675791733762747,0.32877079978529256,
135,33.43397745571659,1.3553408480944713,6.360708534621578,12.506709608158884,6.179549114331723,36.621041331186255,3.2139023081052067,0.32877079978529256,
136,33.581588835212024,1.3553408480944713,8.501073537305421,12.385936661298981,6.132581857219538,34.816156736446594,2.9052603327965647,0.322061191626409,
137,30.629361245303276,1.3553408480944713,7.1658615136876005,20.108695652173914,5.307300053676865,32.50134192163178,2.818035426731079,0.11406333870101985,
138,31.11916264090177,1.3553408480944713,7.132313472893183,19.981213097155127,5.273752012882448,32.09205582393988,2.818035426731079,0.2281266774020397,
139,31.159420289855074,1.3553408480944713,7.125603864734299,18.98148148148148,3.1602254428341383,35.31266774020397,2.703972088030059,0.20128824476650564,
140,31.723027375201287,1.3352120236178207,7.152442297369833,18.927804616210413,3.0931293612453032,35.01073537305421,2.5563607085346214,0.20128824476650564,
141,32.31347289318304,1.3352120236178207,7.118894256575416,18.666129898013956,3.0193236714975846,34.80944712828771,2.536231884057971,0.20128824476650564,
142,32.588566827697264,1.3352120236178207,7.105475040257649,18.53864734299517,3.0193236714975846,34.68867418142781,2.522812667740204,0.20128824476650564,
143,32.56843800322061,1.3150831991411702,6.850509930220075,19.806763285024154,2.952227589908749,33.80971551261406,2.49597423510467,0.20128824476650564,
144,33.011272141706925,1.3083735909822867,6.736446591519055,19.699409554482017,2.9388083735909825,33.66881374127751,2.4355877616747184,0.20128824476650564,
145,33.313204508856685,1.288244766505636,6.642512077294686,19.73966720343532,2.9052603327965647,33.47423510466989,2.4355877616747184,0.20128824476650564,
146,33.279656468062264,1.288244766505636,7.051798174986581,19.632313472893184,2.9052603327965647,33.25952764358561,2.38191089640365,0.20128824476650564,
147,33.21926999463231,1.288244766505636,7.669082125603865,19.578636607622116,2.85829307568438,32.6556629092861,2.5295222758990876,0.20128824476650564,
148,33.43397745571659,1.2748255501878691,7.6556629092860975,19.565217391304348,2.8381642512077296,32.50134192163178,2.5295222758990876,0.20128824476650564,
149,33.50107353730542,1.221148684916801,8.480944712828771,18.867418142780462,3.421900161030596,31.80354267310789,2.5026838432635534,0.20128824476650564,
150,34.01771336553945,1.221148684916801,8.467525496511003,18.766774020397207,3.3548040794417604,31.468062265163713,2.5026838432635534,0.20128824476650564,
151,34.48067632850242,1.221148684916801,8.433977455716587,18.706387546967257,3.240740740740741,31.30703166935051,2.4490069779924855,0.1610305958132045,
152,34.82286634460547,1.221148684916801,8.413848631239935,18.625872249060656,3.2139023081052067,31.092324208266238,2.4490069779924855,0.1610305958132045,
153,35.08454106280193,1.221148684916801,8.387010198604402,18.572195383789587,3.180354267310789,31.0252281266774,2.368491680085883,0.1610305958132045,
154,35.73537305421363,1.221148684916801,8.333333333333334,18.397745571658614,3.066290928609769,30.776972624798713,2.3081052066559313,0.1610305958132045,
155,36.3191089640365,1.1876006441223832,8.266237251744498,18.290391841116477,3.066290928609769,30.407944176060116,2.301395598497048,0.1610305958132045,
156,36.85587761674718,1.1808910359634996,8.192431561996779,18.16290928609769,3.046162104133119,30.173107890499196,2.227589908749329,0.1610305958132045,
157,37.21819645732689,1.1808910359634996,8.192431561996779,18.075684380032207,2.9924852388620504,29.95169082125604,2.227589908749329,0.1610305958132045,
158,37.21148684916801,1.1808910359634996,8.192431561996779,18.65271068169619,2.945517981749866,29.428341384863124,2.227589908749329,0.1610305958132045,
159,37.80193236714976,1.1808910359634996,8.091787439613526,18.370907139023082,2.8784219001610305,29.300858829844337,2.214170692431562,0.1610305958132045,
160,38.22463768115942,1.1808910359634996,8.044820182501342,18.189747718733226,2.8515834675254963,29.17337627482555,2.1739130434782608,0.1610305958132045,
161,38.828502415458935,1.1808910359634996,7.950885668276973,17.8743961352657,2.804616210413312,29.052603327965645,2.147074610842727,0.1610305958132045,
162,39.412238325281805,1.1808910359634996,7.9039184111647875,17.64626945786366,2.7979066022544283,28.81105743424584,2.086688137412775,0.1610305958132045,
163,39.492753623188406,1.1808910359634996,7.897208803005904,17.60601180891036,2.7979066022544283,28.77750939345142,2.086688137412775,0.1610305958132045,
164,39.720880300590444,1.1808910359634996,7.863660762211487,17.518786902844873,2.791196994095545,28.67686527106817,2.086688137412775,0.1610305958132045,
165,39.51959205582394,1.1808910359634996,7.749597423510467,18.243424584004295,2.7844873859366612,28.381642512077295,1.9927536231884058,0.14761137949543746,
166,38.95598497047772,1.1741814278046163,9.500805152979066,17.98174986580784,2.6435856146001075,27.831454643048847,1.7646269457863661,0.14761137949543746,
167,39.55314009661836,1.1406333870101986,9.500805152979066,17.599302200751477,2.6167471819645733,27.690552871712292,1.7579173376274826,0.14090177133655393,
168,39.14385399892646,1.1406333870101986,9.406870638754697,20.229468599033815,2.368491680085883,25.845410628019323,1.724369296833065,0.14090177133655393,
169,39.741009125067094,1.1406333870101986,9.380032206119163,19.920826623725173,2.341653247450349,25.637412775093935,1.6975308641975309,0.14090177133655393,
170,40.55958132045089,1.133923778851315,9.292807300053678,19.773215244229736,2.328234031132582,25.07380568974772,1.6975308641975309,0.14090177133655393,
171,41.15002683843264,1.1272141706924315,9.232420826623725,19.53166935050993,2.2342995169082127,24.892646269457863,1.6908212560386473,0.14090177133655393,
172,41.217122920021474,1.1272141706924315,9.634997316156737,19.49812130971551,2.2074610842726785,24.510198604401502,1.6639828234031133,0.14090177133655393,
173,41.599570585077835,1.1272141706924315,9.614868491680086,19.45786366076221,2.2074610842726785,24.188137412775095,1.6639828234031133,0.14090177133655393,
174,41.74047235641439,1.1272141706924315,9.588030059044552,19.39747718733226,2.2074610842726785,24.134460547504027,1.6639828234031133,0.14090177133655393,
175,42.20343531937735,1.1272141706924315,9.447128287707997,19.249865807836823,2.2074610842726785,23.960010735373054,1.6639828234031133,0.14090177133655393,
176,42.7536231884058,1.1272141706924315,9.326355340848094,18.94122383252818,2.2074610842726785,23.839237788513152,1.6639828234031133,0.14090177133655393,
177,43.162909286097694,1.1272141706924315,9.232420826623725,18.726516371443907,2.2074610842726785,23.738593666129898,1.6639828234031133,0.14090177133655393,
178,43.525228126677405,1.1272141706924315,9.151905528717123,18.65271068169619,2.2074610842726785,23.557434245840042,1.6438539989264627,0.13419216317767044,
179,43.90096618357488,1.1272141706924315,9.104938271604938,18.5252281266774,2.2074610842726785,23.356146001073537,1.6438539989264627,0.13419216317767044,
180,44.35050993022008,1.1272141706924315,9.057971014492754,18.297101449275363,2.2074610842726785,23.18840579710145,1.6371443907675791,0.13419216317767044,
181,43.001878690284485,1.1272141706924315,8.829844337090714,18.90096618357488,3.9720880300590444,22.289318303811058,1.7444981213097155,0.13419216317767044,
182,43.47826086956522,1.1272141706924315,8.789586688137414,18.746645195920557,3.9184111647879765,22.067901234567902,1.737788513150832,0.13419216317767044,
183,43.77348362855609,1.1272141706924315,8.702361782071927,18.69296833064949,3.743961352657005,21.960547504025765,1.865271068169619,0.13419216317767044,
184,43.994900697799245,1.1272141706924315,8.61513687600644,18.65271068169619,3.743961352657005,21.87332259796028,1.8585614600107354,0.13419216317767044,
185,43.12265163714439,1.1272141706924315,8.61513687600644,18.552066559312937,3.824476650563607,22.852925389157274,1.7847557702630166,0.12077294685990338,
186,43.49838969404187,1.1272141706924315,8.61513687600644,18.303811057434245,3.770799785292539,22.779119699409556,1.7847557702630166,0.12077294685990338,
187,43.73322597960279,1.1272141706924315,8.59500805152979,18.19645732689211,3.7640901771336552,22.705314009661837,1.7579173376274826,0.12077294685990338,
188,42.90794417606012,0.966183574879227,8.259527643585615,16.908212560386474,2.844873859366613,26.20101986044015,1.7914653784219001,0.12077294685990338,
189,43.223295759527645,0.9460547504025765,8.205850778314547,16.847826086956523,2.7777777777777777,26.08695652173913,1.7914653784219001,0.12077294685990338,
190,42.82071926999463,0.9460547504025765,7.7898550724637685,16.76731078904992,2.7777777777777777,27.15378421900161,1.6237251744498122,0.12077294685990338,
191,43.09581320450886,0.9460547504025765,7.749597423510467,16.646537842190018,2.7509393451422435,27.066559312936125,1.6237251744498122,0.12077294685990338,
192,43.25684380032206,0.9326355340848095,7.615405260332796,16.70692431561997,2.7442297369833604,27.006172839506174,1.6170155662909287,0.12077294685990338,
193,43.43129361245303,0.9326355340848095,7.588566827697263,16.6935050993022,2.7442297369833604,26.8719806763285,1.6170155662909287,0.12077294685990338,
194,43.31723027375201,0.9326355340848095,9.782608695652174,16.27750939345142,2.7106816961889426,25.241545893719806,1.6170155662909287,0.12077294685990338,
195,43.65271068169619,0.9259259259259259,9.77589908749329,16.25738056897477,2.7106816961889426,24.93961352657005,1.6170155662909287,0.12077294685990338,
196,43.39103596349973,0.9192163177670424,9.39345142243693,17.418142780461622,2.5563607085346214,24.58400429414922,1.6170155662909287,0.12077294685990338,
197,43.53864734299517,0.8856682769726248,9.460547504025765,17.176596886741816,2.4892646269457863,24.302200751476114,2.0263016639828235,0.12077294685990338,
198,43.78019323671498,0.8856682769726248,9.460547504025765,16.99543746645196,2.4892646269457863,24.241814278046164,2.0263016639828235,0.12077294685990338,
199,44.015029522275896,0.8856682769726248,9.460547504025765,16.881374127750938,2.4892646269457863,24.12775093934514,2.01959205582394,0.12077294685990338,
200,44.437734836285564,0.8856682769726248,9.353193773483628,16.820987654320987,2.4892646269457863,23.886205045625335,2.006172839506173,0.12077294685990338,
201,44.585346215781,0.8856682769726248,9.346484165324744,16.760601180891037,2.4892646269457863,23.805689747718734,2.006172839506173,0.12077294685990338,
202,45.1959205582394,0.8856682769726248,9.23913043478261,16.639828234031132,2.4825550187869028,23.43666129898014,1.9994632313472893,0.12077294685990338,
203,45.410628019323674,0.8856682769726248,9.064680622651638,16.002415458937197,2.4557165861513686,24.06736446591519,1.9927536231884058,0.12077294685990338,
204,45.55823939881911,0.8856682769726248,9.024422973698336,15.962157809983896,2.4490069779924855,24.020397208803004,1.9793344068706387,0.12077294685990338,
205,45.799785292538914,0.8722490606548577,9.017713365539452,15.955448201825014,2.4490069779924855,23.805689747718734,1.9793344068706387,0.12077294685990338,
206,44.24315619967794,0.8722490606548577,8.702361782071927,15.479066022544284,2.4355877616747184,26.20101986044015,1.9457863660762211,0.12077294685990338,
207,44.598765432098766,0.8722490606548577,8.68894256575416,15.418679549114332,2.5697799248523885,25.785024154589372,1.9457863660762211,0.12077294685990338,
208,45.00134192163178,0.8722490606548577,8.68894256575416,15.331454643048845,2.5697799248523885,25.469672571121848,1.9457863660762211,0.12077294685990338,
209,45.33682232957595,0.8722490606548577,8.675523349436393,15.237520128824476,2.5496511003757383,25.261674718196456,1.9457863660762211,0.12077294685990338,
210,45.088566827697264,0.8722490606548577,8.561460010735374,14.680622651637144,2.536231884057971,26.194310252281266,1.9457863660762211,0.12077294685990338,
211,45.571658615136876,0.8722490606548577,8.454106280193237,14.586688137412775,2.5026838432635534,25.959473966720342,1.932367149758454,0.12077294685990338,
212,37.915995705850776,0.8521202361782072,7.957595276435856,11.11111111111111,1.8451422436929683,39.31830381105743,0.8789586688137413,0.12077294685990338,
213,38.29844337090714,0.8521202361782072,7.87037037037037,10.929951690821255,1.8451422436929683,39.20424047235642,0.8789586688137413,0.12077294685990338,
214,38.35882984433709,0.8521202361782072,7.930756843800322,10.795759527643586,1.8183038110574343,39.2914653784219,0.8387010198604401,0.11406333870101985,
215,38.28502415458937,0.8521202361782072,7.608695652173913,10.762211486849168,1.778046162104133,39.94900697799248,0.6508319914117016,0.11406333870101985,
216,38.58695652173913,0.8521202361782072,7.595276435856146,10.7085346215781,1.778046162104133,39.71417069243156,0.6508319914117016,0.11406333870101985,
217,39.35856146001073,0.8521202361782072,7.595276435856146,10.674986580783683,1.778046162104133,39.009661835748794,0.6172839506172839,0.11406333870101985,
218,38.35882984433709,0.8521202361782072,7.501341921631776,12.962962962962964,1.778046162104133,37.815351583467525,0.6172839506172839,0.11406333870101985,
219,38.96269457863661,0.8521202361782072,7.501341921631776,12.848899624261943,1.778046162104133,37.32555018786903,0.6172839506172839,0.11406333870101985,
220,39.378690284487384,0.8521202361782072,7.39398819108964,12.822061191626409,1.778046162104133,36.9296833064949,0.6172839506172839,0.2281266774020397,
221,39.71417069243156,0.8521202361782072,7.306763285024155,12.714707461084272,1.778046162104133,36.030595813204506,0.5703166935050993,1.0332796564680622,
222,40.022812667740205,0.8454106280193237,7.306763285024155,12.600644122383253,1.778046162104133,35.849436392914654,0.5703166935050993,1.0265700483091786,
223,40.4723564143854,0.8454106280193237,7.105475040257649,12.667740203972087,1.778046162104133,35.53408480944713,0.5703166935050993,1.0265700483091786,
224,40.01610305958132,0.8454106280193237,6.890767579173376,12.593934514224369,1.570048309178744,36.493558776167475,0.5703166935050993,1.0198604401502953,
225,39.82823403113258,0.8454106280193237,6.877348362855609,11.513687600644122,1.5432098765432098,37.80193236714976,0.5703166935050993,1.0198604401502953,
226,40.31803542673108,0.8319914117015567,6.763285024154589,11.392914653784219,1.5432098765432098,37.5805152979066,0.5703166935050993,0.9997316156736447,
227,40.74074074074074,0.8252818035426731,6.736446591519055,11.252012882447666,1.5432098765432098,37.33225979602791,0.5703166935050993,0.9997316156736447,
228,40.98228663446055,0.8252818035426731,6.696188942565755,11.178207192699947,1.5365002683843263,37.23832528180354,0.5434782608695652,0.9997316156736447,
229,41.4922168545357,0.8252818035426731,6.488191089640365,11.500268384326356,1.5163714439076759,36.68142780461621,0.5434782608695652,0.95276435856146,
230,41.88137412775094,0.8252818035426731,6.038647342995169,12.097423510466989,1.5163714439076759,36.14465915190553,0.5434782608695652,0.95276435856146,
231,40.76086956521739,0.8252818035426731,5.9447128287707995,19.0150295222759,1.5163714439076759,31.092324208266238,0.4830917874396135,0.36231884057971014,
232,41.297638217928075,0.8252818035426731,5.931293612453032,18.646001073537306,1.5096618357487923,30.96484165324745,0.4830917874396135,0.3421900161030596,
233,41.84782608695652,0.8185721953837896,6.0587761674718195,18.364197530864196,1.482823403113258,30.60252281266774,0.4830917874396135,0.3421900161030596,
234,42.21685453569511,0.8118625872249061,6.0587761674718195,18.203166935050994,1.4761137949543746,30.407944176060116,0.4830917874396135,0.3421900161030596,
235,42.310789049919485,0.8118625872249061,5.984970477724101,18.17632850241546,1.4761137949543746,30.414653784219002,0.4830917874396135,0.3421900161030596,
236,42.860976918947934,0.8051529790660226,5.897745571658615,17.827428878153516,1.4761137949543746,30.320719269994633,0.4830917874396135,0.32877079978529256,
237,43.585614600107355,0.7783145464304885,5.736714975845411,17.619431025228128,1.4761137949543746,29.99194847020934,0.4830917874396135,0.32877079978529256,
238,43.67283950617284,0.7783145464304885,5.6964573268921095,17.465110037573805,1.4761137949543746,30.139559849704778,0.4830917874396135,0.2885131508319914,
239,44.20289855072464,0.7783145464304885,5.6964573268921095,17.444981213097154,1.4761137949543746,29.62962962962963,0.4830917874396135,0.2885131508319914,
240,44.457863660762214,0.7783145464304885,5.6964573268921095,17.330917874396135,1.4761137949543746,29.488727858293075,0.4830917874396135,0.2885131508319914,
241,44.618894256575416,0.7783145464304885,5.83064949006978,17.270531400966185,1.4761137949543746,29.26731078904992,0.46967257112184646,0.2885131508319914,
242,44.04857756307032,0.7783145464304885,5.83064949006978,16.002415458937197,1.4761137949543746,31.105743424584006,0.46967257112184646,0.2885131508319914,
243,44.20289855072464,0.7648953301127214,5.83064949006978,15.942028985507246,1.4761137949543746,31.0252281266774,0.46967257112184646,0.2885131508319914,
244,44.18276972624799,0.7581857219538379,5.8239398819108965,15.787707997852925,1.442565754159957,31.246645195920557,0.46967257112184646,0.2885131508319914,
245,44.48470209339774,0.7581857219538379,5.723295759527644,15.74074074074074,1.442565754159957,31.092324208266238,0.46967257112184646,0.2885131508319914,
246,44.72624798711755,0.7581857219538379,5.8172302737520125,15.573000536768653,1.42914653784219,30.951422436929683,0.46967257112184646,0.27509393451422437,
247,45.02147074610843,0.7581857219538379,5.689747718733226,15.53274288781535,1.42914653784219,30.823939881910896,0.46967257112184646,0.27509393451422437,
248,45.49785292538916,0.7581857219538379,5.595813204508857,15.499194847020934,1.42914653784219,30.475040257648953,0.46967257112184646,0.27509393451422437,
249,45.71926999463231,0.7581857219538379,5.595813204508857,15.398550724637682,1.415727321524423,30.367686527106816,0.46967257112184646,0.27509393451422437,
250,45.91384863123994,0.7581857219538379,5.173107890499195,15.237520128824476,1.415727321524423,30.756843800322063,0.46967257112184646,0.27509393451422437,
251,46.202361782071925,0.7581857219538379,5.092592592592593,15.163714439076758,1.415727321524423,30.62265163714439,0.46967257112184646,0.27509393451422437,
252,46.13526570048309,0.7581857219538379,5.092592592592593,15.049651100375739,1.415727321524423,30.803811057434245,0.46967257112184646,0.27509393451422437,
253,46.4573268921095,0.7581857219538379,5.092592592592593,14.922168545356952,1.415727321524423,30.48174986580784,0.5971551261406334,0.27509393451422437,
254,46.745840042941495,0.7447665056360708,5.0791733762748255,14.754428341384862,1.4090177133655395,30.401234567901234,0.5971551261406334,0.2683843263553409,
255,47.235641438539986,0.7447665056360708,5.065754159957058,14.573268921095009,1.402308105206656,30.112721417069242,0.5971551261406334,0.2683843263553409,
256,47.46376811594203,0.7447665056360708,5.065754159957058,14.479334406870638,1.402308105206656,29.978529253891573,0.5971551261406334,0.2683843263553409,
257,47.819377348362856,0.7447665056360708,5.025496511003757,14.392109500805153,1.5163714439076759,29.636339237788512,0.5971551261406334,0.2683843263553409,
258,48.168276972624795,0.6642512077294686,5.005367686527107,14.331723027375201,1.4895330112721417,29.47530864197531,0.5971551261406334,0.2683843263553409,
259,48.22866344605475,0.6642512077294686,5.005367686527107,14.31159420289855,1.4895330112721417,29.435050993022006,0.5971551261406334,0.2683843263553409,
260,48.55072463768116,0.6642512077294686,4.9651100375738055,14.284755770263017,1.4090177133655395,29.274020397208805,0.5837359098228664,0.2683843263553409,
261,48.68491680085883,0.6642512077294686,4.944981213097155,14.13714439076758,1.4090177133655395,29.354535695115406,0.5837359098228664,0.2214170692431562,
262,48.631239935587764,0.6642512077294686,4.944981213097155,14.123725174449811,1.4090177133655395,29.28743961352657,0.7179280730005367,0.2214170692431562,
263,48.87949543746645,0.6642512077294686,4.911433172302737,14.103596349973161,1.4090177133655395,29.09286097691895,0.7179280730005367,0.2214170692431562,
264,48.83923778851315,0.6642512077294686,4.911433172302737,14.351851851851851,1.3754696725711217,28.918411164787976,0.7179280730005367,0.2214170692431562,
265,49.13446054750403,0.6575415995705851,4.911433172302737,14.325013419216317,1.3687600644122384,28.663446054750402,0.7179280730005367,0.2214170692431562,
266,49.36929683306495,0.6575415995705851,4.884594739667204,14.231078904991948,1.3687600644122384,28.56280193236715,0.7045088566827697,0.2214170692431562,
267,49.644390767579175,0.6575415995705851,4.884594739667204,14.15727321524423,1.3687600644122384,28.368223295759528,0.6977992485238862,0.2214170692431562,
268,50.08722490606549,0.6508319914117016,4.797369833601718,14.002952227589908,1.3687600644122384,28.173644659151904,0.6977992485238862,0.2214170692431562,
269,49.88593666129898,0.5568974771873323,4.777241009125067,14.251207729468598,1.3687600644122384,28.25415995705851,0.6843800322061192,0.2214170692431562,
