,45,50,55,53,51,52,54,56,59,57,58,60,61
0,96.47074610842726,3.5292538915727323,,,,,,,,,,,
1,95.61191626409018,4.388083735909823,,,,,,,,,,,
2,84.19887278582931,15.68035426731079,0.12077294685990338,,,,,,,,,,
3,74.77858293075684,22.550993022007514,0.15432098765432098,2.5161030595813205,,,,,,,,,
4,72.70531400966183,23.980139559849704,0.15432098765432098,2.4691358024691357,0.6910896403650026,,,,,,,,
5,72.72544283413849,21.584809447128286,0.15432098765432098,2.4557165861513686,3.079710144927536,,,,,,,,
6,67.72678475577027,28.475577026301664,0.1878690284487386,2.4557165861513686,1.1540526033279657,,,,,,,,
7,66.98201825013419,29.21363392377885,0.1878690284487386,2.428878153515835,1.1876006441223832,,,,,,,,
8,61.68142780461621,26.516371443907676,0.2214170692431562,2.3752012882447664,8.76274825550188,0.4428341384863124,,,,,,,
9,59.20558239398819,30.69645732689211,0.18115942028985507,1.7042404723564144,7.769726247987117,0.4428341384863124,,,,,,,
10,56.50831991411702,30.844068706387546,0.18115942028985507,0.9728931830381106,7.816693505099302,3.6768652710681695,,,,,,,
11,52.95222758990875,34.326355340848096,0.2549651100375738,0.9728931830381106,7.816693505099302,3.6768652710681695,,,,,,,
12,53.04616210413312,34.245840042941495,0.2549651100375738,0.9728931830381106,7.803274288781535,3.6768652710681695,,,,,,,
13,52.89855072463768,34.39345142243693,0.2549651100375738,0.9728931830381106,7.803274288781535,3.6768652710681695,,,,,,,
14,52.55636070853462,34.514224369296834,0.2549651100375738,0.9728931830381106,7.340311325818572,4.361245303274289,,,,,,,
15,49.624261943102525,34.64170692431562,0.8856682769726248,1.7981749865807837,8.655394524959743,4.361245303274289,0.03354804079441761,,,,,,
16,49.060654857756305,35.258990874932906,0.8856682769726248,1.7981749865807837,8.011272141706923,4.951690821256038,0.03354804079441761,,,,,,
17,49.16800858829844,35.057702630166396,0.95276435856146,1.7981749865807837,8.044820182501342,4.944981213097155,0.03354804079441761,,,,,,
18,48.731884057971016,35.44015029522276,0.966183574879227,1.7981749865807837,8.044820182501342,4.985238862050457,0.03354804079441761,,,,,,
19,42.03569511540526,40.76757917337628,0.9057971014492754,1.8317230273752012,9.46725711218465,4.958400429414922,0.03354804079441761,,,,,,
20,40.88835212023618,43.39103596349973,0.9393451422436929,1.3419216317767042,8.246108427267847,3.8848631239935587,1.2748255501878691,0.03354804079441761,,,,,
21,38.99624261943102,42.85426731078905,0.9997316156736447,1.3419216317767042,10.61460010735373,3.8848631239935587,1.2748255501878691,0.03354804079441761,,,,,
22,39.150563607085346,42.72007514761138,0.9997316156736447,1.3419216317767042,10.567632850241546,3.8848631239935587,1.3016639828234031,0.03354804079441761,,,,,
23,39.27804616210413,42.53891572732152,1.06682769726248,1.3419216317767042,10.560923242082662,3.878153515834675,1.2748255501878691,0.03354804079441761,0.026838432635534086,,,,
24,38.707729468599034,41.95517981749866,1.1540526033279657,1.3419216317767042,11.594202898550725,3.878153515834675,1.2748255501878691,0.06709608158883522,0.026838432635534086,,,,
25,38.707729468599034,41.82098765432099,1.1137949543746646,1.4090177133655395,11.553945249597424,3.878153515834675,1.4224369296833066,0.06709608158883522,0.026838432635534086,,,,
26,37.936124530327426,42.639559849704774,1.1808910359634996,1.4090177133655395,11.473429951690822,3.8580246913580245,1.4090177133655395,0.06709608158883522,0.026838432635534086,,,,
27,38.02334943639291,42.310789049919485,1.415727321524423,1.4090177133655395,11.05072463768116,4.26731078904992,1.3955984970477724,0.06709608158883522,0.026838432635534086,0.03354804079441761,,,
28,38.191089640365,42.11621041331186,1.5297906602254427,1.3754696725711217,11.023886205045626,4.240472356414386,1.3955984970477724,0.06709608158883522,0.026838432635534086,0.03354804079441761,,,
29,32.26650563607085,47.84621578099839,1.6774020397208802,1.3016639828234031,12.285292538915728,3.099838969404187,1.3955984970477724,0.06709608158883522,0.026838432635534086,0.03354804079441761,,,
30,25.503220611916262,54.94498121309716,1.7310789049919484,1.2345679012345678,11.81561996779388,3.099838969404187,1.5432098765432098,0.06709608158883522,0.026838432635534086,0.03354804079441761,,,
31,25.37573805689748,52.72410091250671,1.570048309178744,1.7579173376274826,11.178207192699947,5.730005367686527,1.5365002683843263,0.06709608158883522,0.026838432635534086,0.03354804079441761,,,
32,25.32206119162641,51.49624261943102,1.7914653784219001,3.3682232957595275,10.68840579710145,5.723295759527644,1.482823403113258,0.06709608158883522,0.026838432635534086,0.03354804079441761,,,
33,25.503220611916262,49.67122920021471,1.4559849704777241,3.3548040794417604,13.097155126140633,5.340848094471283,1.482823403113258,0.03354804079441761,0.026838432635534086,0.03354804079441761,,,
34,18.230005367686527,56.25335480407944,1.3955984970477724,3.3548040794417604,12.68786902844874,5.938003220611916,1.9793344068706387,0.10064412238325282,0.026838432635534086,0.03354804079441761,,,
35,18.156199677938808,47.48389694041868,1.3620504562533549,3.0864197530864197,21.85319377348363,5.891035963499732,1.9793344068706387,0.10064412238325282,0.026838432635534086,0.06038647342995169,,,
36,18.183038110574344,45.4777241009125,1.5297906602254427,5.595813204508857,21.128556092324207,5.857487922705314,2.0128824476650564,0.10064412238325282,0.026838432635534086,0.08722490606548577,,,
37,18.290391841116477,45.37707997852925,1.5633387010198605,5.595813204508857,21.081588835212024,5.870907139023081,2.006172839506173,0.10064412238325282,0.026838432635534086,0.08722490606548577,,,
38,18.54535695115405,45.2361782071927,1.596886741814278,5.589103596349974,20.974235104669887,5.850778314546431,1.9927536231884058,0.10064412238325282,0.026838432635534086,0.08722490606548577,,,
39,18.739935587761675,44.67257112184648,1.710950080515298,5.5756843800322065,20.88030059044552,5.837359098228664,2.368491680085883,0.10064412238325282,0.026838432635534086,0.08722490606548577,,,
40,18.86070853462158,44.55179817498658,1.751207729468599,5.5756843800322065,20.73268921095008,5.8239398819108965,2.3550724637681157,0.23483628556092323,0.026838432635534086,0.08722490606548577,,,
41,19.07541599570585,44.14251207729468,1.2010198604401503,5.548845947396672,20.585077831454644,6.66935050993022,2.3886205045625335,0.27509393451422437,0.026838432635534086,0.08722490606548577,,,
42,18.370907139023082,44.04186795491143,1.3016639828234031,5.662909286097692,21.276167471819647,6.535158346752549,2.3886205045625335,0.30864197530864196,0.026838432635534086,0.08722490606548577,,,
43,18.317230273752013,43.47155126140633,1.3016639828234031,6.394256575415996,21.202361782071925,6.468062265163715,2.38191089640365,0.3488996242619431,0.026838432635534086,0.08722490606548577,,,
44,17.008856682769725,42.07595276435856,1.3352120236178207,5.750134192163178,24.664519592055825,6.407675791733762,2.38191089640365,0.2616747181964573,0.026838432635534086,0.08722490606548577,,,
45,16.935050993022006,36.8894256575416,1.0869565217391304,5.750134192163178,24.61755233494364,12.694578636607622,1.6572732152442298,0.30864197530864196,,0.06038647342995169,,,
46,17.11621041331186,36.69484702093398,1.1943102522812667,5.750134192163178,24.456521739130434,12.694578636607622,1.6908212560386473,0.3421900161030596,,0.06038647342995169,,,
47,17.310789049919485,36.07756307031669,1.328502415458937,5.730005367686527,24.798711755233494,12.580515297906603,1.6908212560386473,0.3421900161030596,,0.14090177133655393,,,
48,17.418142780461622,34.21900161030596,1.3419216317767042,5.669618894256575,24.61755233494364,14.445786366076222,1.724369296833065,0.4294149221685454,,0.13419216317767044,,,
49,17.58588298443371,34.07809983896941,1.3419216317767042,5.669618894256575,24.530327428878152,14.412238325281804,1.7579173376274826,0.48980139559849706,,0.13419216317767044,,,
50,17.881105743424584,33.9170692431562,1.42914653784219,5.649490069779925,24.362587224906065,14.284755770263017,1.7847557702630166,0.5568974771873323,,0.13419216317767044,,,
51,17.94820182501342,32.29334406870639,1.42914653784219,6.769994632313473,23.919753086419753,15.136876006441224,1.7847557702630166,0.5837359098228664,,0.13419216317767044,,,
52,16.015834675254965,27.046430488459475,0.9326355340848095,8.923778851315083,31.629092860976918,13.137412775093935,1.7847557702630166,0.47638217928073,,0.05367686527106817,,,
53,11.044015029522276,33.59500805152979,0.7246376811594203,6.246645195920558,32.56172839506173,13.667471819645733,1.5767579173376274,0.5300590445517982,,0.05367686527106817,,,
54,11.352657004830919,32.830112721417066,1.3016639828234031,6.213097155126141,32.37385936661299,13.654052603327965,1.5767579173376274,0.644122383252818,,0.05367686527106817,,,
55,11.473429951690822,32.7361782071927,1.4626945786366077,6.246645195920558,32.024959742351044,13.613794954374665,1.5432098765432098,0.8454106280193237,,0.05367686527106817,,,
56,11.688137412775093,32.67579173376275,1.4492753623188406,6.246645195920558,31.964573268921097,13.546698872785829,1.5297906602254427,0.8454106280193237,,0.05367686527106817,,,
57,11.929683306494901,32.6154052603328,1.4492753623188406,6.233225979602791,31.82367149758454,13.506441223832528,1.5297906602254427,0.8454106280193237,,0.06709608158883522,,,
58,12.177938808373591,32.588566827697264,1.42914653784219,6.219806763285024,31.49490069779925,13.506441223832528,1.5297906602254427,0.9863123993558777,,0.06709608158883522,,,
59,12.345679012345679,32.46779388083736,1.4626945786366077,6.219806763285024,31.468062265163713,13.45276435856146,1.4962426194310252,0.9863123993558777,,0.10064412238325282,,,
60,12.00348899624262,31.253354804079443,1.4358561460010735,6.219806763285024,36.70826623725174,10.339506172839506,1.0332796564680622,0.9393451422436929,,0.06709608158883522,,,
61,11.33923778851315,34.628287707997856,1.402308105206656,5.783682232957595,37.5402576489533,7.2933440687063875,1.0332796564680622,0.966183574879227,,0.013419216317767043,,,
62,11.520397208803006,34.56119162640902,1.42914653784219,5.71658615136876,37.5,7.2933440687063875,1.0332796564680622,0.9326355340848095,,0.013419216317767043,,,
63,11.392914653784219,33.24610842726785,1.4626945786366077,5.112721417069243,36.42646269457864,10.420021470746109,1.06682769726248,0.8588298443370908,,0.013419216317767043,,,
64,11.708266237251744,32.8972088030059,1.7176596886741815,5.0993022007514766,36.218464841653244,10.38647342995169,1.06682769726248,0.8923778851315083,,0.013419216317767043,,,
65,11.849168008588299,29.864465915190554,1.6841116478797638,5.0993022007514766,36.02388620504563,13.47289318303811,1.0265700483091786,0.966183574879227,,0.013419216317767043,,,
66,11.976650563607086,29.78395061728395,1.7579173376274826,5.018786902844874,35.36634460547504,13.264895330112722,1.7646269457863661,0.9997316156736447,,0.040257648953301126,0.026838432635534086,,
67,12.124261943102523,29.320987654320987,1.7646269457863661,4.911433172302737,35.28582930756844,12.99651100375738,2.576489533011272,0.95276435856146,,0.040257648953301126,0.026838432635534086,,
68,12.204777241009126,28.858024691358025,1.737788513150832,4.911433172302737,34.62157809983897,12.962962962962964,3.670155662909286,0.9393451422436929,0.026838432635534086,0.040257648953301126,0.026838432635534086,,
69,12.513419216317766,28.77079978529254,1.7646269457863661,4.911433172302737,34.38003220611916,12.929414922168545,3.670155662909286,0.966183574879227,0.026838432635534086,0.040257648953301126,0.026838432635534086,,
70,11.124530327428879,23.866076221148685,1.5633387010198605,4.3545356951154055,36.61433172302738,18.612453032742888,2.804616210413312,1.0198604401502953,,0.013419216317767043,0.026838432635534086,,
71,11.29898013955985,23.839237788513152,1.5633387010198605,4.320987654320987,36.480139559849704,18.531937734836287,2.804616210413312,1.0869565217391304,,0.013419216317767043,0.06038647342995169,,
72,11.252012882447666,23.544015029522274,1.5096618357487923,4.696725711218465,35.63472893183038,19.592055823939884,2.589908749329039,1.0802469135802468,,0.040257648953301126,0.06038647342995169,,
73,11.285560923242082,21.349973161567366,1.6237251744498122,4.696725711218465,35.601180891035966,19.49141170155663,4.736983360171766,1.0802469135802468,,0.07380568974771873,0.06038647342995169,,
74,11.010466988727858,21.256038647342994,1.6103059581320451,5.360976918947934,34.312936124530324,20.79307568438003,4.4820182501341925,1.0534084809447128,,0.07380568974771873,0.04696725711218465,,
75,11.158078368223295,21.22920021470746,1.6103059581320451,5.340848094471283,34.286097691894796,20.71256038647343,4.468599033816425,1.0534084809447128,,0.10735373054213634,0.03354804079441761,,
76,11.2788513150832,21.14868491680086,1.5767579173376274,5.246913580246914,32.91733762748255,22.074610842726784,4.488727858293076,1.0466988727858293,,0.1878690284487386,0.03354804079441761,,
77,11.60762211486849,21.108427267847556,1.5767579173376274,5.186527106816962,32.75630703166935,21.79951690821256,4.488727858293076,1.0869565217391304,,0.35560923242082665,0.03354804079441761,,
78,11.90955448201825,20.98094471282877,1.6438539989264627,5.179817498658078,32.608695652173914,21.712292002147073,4.488727858293076,1.0869565217391304,,0.35560923242082665,0.03354804079441761,,
79,12.090713902308105,20.618625872249062,1.6505636070853462,6.91760601180891,31.99812130971551,20.96081588835212,4.28743961352657,1.0869565217391304,,0.35560923242082665,0.03354804079441761,,
80,11.218464841653248,19.209608158883523,2.5966183574879227,6.850509930220075,33.11862587224906,20.558239398819108,4.783950617283951,1.247987117552335,,0.3824476650563607,0.03354804079441761,,
81,10.641438539989265,17.85426731078905,2.4892646269457863,4.797369833601718,38.77482555018787,19.93424584004294,3.898282340311326,1.247987117552335,,0.35560923242082665,0.0067096081588835215,,
82,10.681696188942565,17.814009661835748,2.4221685453569513,4.797369833601718,39.54643048845947,19.269994632313473,3.844605475040258,1.261406333870102,,0.35560923242082665,0.0067096081588835215,,
83,10.668276972624799,17.297369833601717,3.0394524959742353,4.824208266237251,38.788244766505635,19.216317767042405,4.468599033816425,1.3016639828234031,,0.38915727321524424,0.0067096081588835215,,
84,10.628019323671497,16.049382716049383,3.0931293612453032,5.736714975845411,40.89506172839506,18.5252281266774,3.1870638754696725,1.3888888888888888,,0.38915727321524424,0.10735373054213634,,
85,10.829307568438002,16.035963499731615,3.0931293612453032,5.736714975845411,40.80112721417069,18.47826086956522,3.166935050993022,1.3888888888888888,,0.36231884057971014,0.10735373054213634,,
86,10.963499731615673,15.975577026301664,3.126677402039721,5.703166935050993,40.58641975308642,18.417874396135264,3.207192699946323,1.5163714439076759,,0.36231884057971014,0.14090177133655393,,
87,11.272141706924316,15.881642512077295,3.1065485775630703,5.683038110574342,40.43880837359098,18.337359098228664,3.207192699946323,1.5432098765432098,,0.38915727321524424,0.14090177133655393,,
88,11.480139559849706,15.848094471282877,3.1065485775630703,5.683038110574342,40.22410091250671,18.276972624798713,3.1736446591519054,1.6774020397208802,,0.38915727321524424,0.14090177133655393,,
89,11.66129898013956,15.237520128824476,3.9452495974235107,5.6964573268921095,38.58024691358025,18.10252281266774,4.555823939881911,1.6639828234031133,,0.41599570585077833,0.14090177133655393,,
90,11.29898013955985,15.203972088030058,4.005636070853462,6.66935050993022,37.25174449812131,18.04884594739667,4.522275899087493,2.442297369833602,,0.41599570585077833,0.14090177133655393,,
91,11.406333870101985,15.009393451422437,4.569243156199678,6.494900697799249,36.9296833064949,18.015297906602253,4.468599033816425,2.4557165861513686,,0.47638217928073,0.17444981213097155,,
92,11.265432098765432,14.848362855609233,4.005636070853462,4.569243156199678,41.418411164787976,16.532474503488995,4.367954911433173,2.328234031132582,0.06709608158883522,0.46296296296296297,0.13419216317767044,,
93,11.372785829307569,14.284755770263017,3.9519592055823938,5.4616210413311865,41.277509393451425,16.27750939345142,4.394793344068707,2.314814814814815,0.06709608158883522,0.46296296296296297,0.13419216317767044,,
94,11.560654857756306,14.002952227589908,3.9519592055823938,5.428073000536768,40.935319377348364,17.136339237788512,3.9519592055823938,2.314814814814815,0.06709608158883522,0.5166398282340311,0.13419216317767044,,
95,11.54723564143854,13.519860440150294,3.978797638217928,5.314009661835748,40.955448201825014,16.941760601180892,4.616210413311863,2.3550724637681157,0.06709608158883522,0.5703166935050993,0.13419216317767044,,
96,11.741814278046162,13.271604938271604,3.9519592055823938,6.1929683306494905,40.61996779388084,16.51905528717123,4.575952764358561,2.3550724637681157,0.06709608158883522,0.5703166935050993,0.13419216317767044,,
97,11.916264090177133,13.271604938271604,4.045893719806763,6.0654857756307035,40.351583467525494,16.42512077294686,4.468599033816425,2.5161030595813205,0.06709608158883522,0.6038647342995169,0.2683843263553409,,
98,11.822329575952764,12.754965110037574,3.569511540526033,6.011808910359635,38.02334943639291,19.229736983360173,5.132850241545894,2.522812667740204,0.06709608158883522,0.630703166935051,0.23483628556092323,,
99,12.077294685990339,12.72812667740204,3.535963499731616,5.991680085882985,37.82877079978529,19.189479334406872,5.0791733762748255,2.6435856146001075,0.06709608158883522,0.6239935587761675,0.23483628556092323,,
100,11.473429951690822,12.533548040794418,3.455448201825013,5.991680085882985,34.6081588835212,24.10091250670961,4.51556629092861,2.328234031132582,0.06709608158883522,0.6910896403650026,0.23483628556092323,,
101,11.708266237251744,12.533548040794418,3.455448201825013,5.964841653247451,34.33977455716586,23.993558776167472,4.51556629092861,2.4892646269457863,0.06709608158883522,0.6977992485238862,0.23483628556092323,,
102,11.493558776167472,12.224906065485776,3.455448201825013,9.138486312399356,34.29951690821256,21.544551798174986,4.4753086419753085,2.4892646269457863,0.06709608158883522,0.5770263016639828,0.23483628556092323,,
103,11.822329575952764,12.050456253354804,3.44873859366613,9.151905528717123,33.72920021470746,22.5577026301664,4.4753086419753085,1.9390767579173376,0.06709608158883522,0.5233494363929146,0.23483628556092323,,
104,12.097423510466989,12.050456253354804,3.44873859366613,9.091519055287172,33.56816961889426,22.470477724100913,4.4753086419753085,1.9659151905528718,0.06709608158883522,0.5300590445517982,0.23483628556092323,,
105,11.829039184111648,12.037037037037036,3.488996242619431,8.447396672034353,33.47423510466989,24.10091250670961,4.05931293612453,1.7444981213097155,0.06709608158883522,0.5434782608695652,0.20799785292538917,,
106,11.681427804616211,11.922973698336017,4.334406870638754,8.447396672034353,31.233225979602793,25.97289318303811,3.878153515834675,1.8317230273752012,,0.48980139559849706,0.20799785292538917,,
107,11.808910359634996,11.748523886205046,4.334406870638754,9.312936124530328,31.19296833064949,25.11406333870102,3.878153515834675,1.8317230273752012,,0.5703166935050993,0.20799785292538917,,
108,12.037037037037036,11.748523886205046,4.28743961352657,9.312936124530328,31.112453032742888,24.986580783682232,3.878153515834675,1.8585614600107354,,0.5703166935050993,0.20799785292538917,,
109,12.211486849168008,11.748523886205046,3.180354267310789,11.721685453569512,30.038915727321523,24.86580783682233,3.556092324208266,1.8988191089640365,,0.5703166935050993,0.20799785292538917,,
110,12.52012882447665,11.681427804616211,3.166935050993022,13.533279656468062,29.602791196994094,23.262211486849168,3.556092324208266,1.8988191089640365,,0.5703166935050993,0.20799785292538917,,
111,12.674449812130971,11.486849168008588,3.435319377348363,13.352120236178207,29.455179817498657,23.060923242082662,3.717122920021471,2.0397208803005906,,0.5703166935050993,0.20799785292538917,,
112,12.801932367149758,11.439881910896403,3.435319377348363,13.331991411701557,29.421631776704242,23.007246376811594,3.7037037037037037,2.0799785292538915,,0.5703166935050993,0.20799785292538917,,
113,13.063607085346217,11.43317230273752,3.435319377348363,13.264895330112722,29.374664519592056,22.799248523886206,3.8311862587224907,1.9994632313472893,,0.5904455179817498,0.20799785292538917,,
114,13.130703166935051,11.386205045625335,3.421900161030596,14.023081052066559,29.240472356414386,22.262479871175522,3.824476650563607,2.006172839506173,,0.5233494363929146,0.18115942028985507,,
115,13.486312399355878,11.386205045625335,3.4822866344605474,13.94927536231884,28.864734299516908,22.18196457326892,3.824476650563607,2.120236178207193,,0.5233494363929146,0.18115942028985507,,
116,13.654052603327965,11.29898013955985,4.643048845947397,13.633923778851315,28.227321524422972,21.85319377348363,3.8043478260869565,2.120236178207193,,0.5837359098228664,0.18115942028985507,,
117,11.352657004830919,9.520933977455716,4.133118625872249,11.392914653784219,34.60144927536232,20.014761137949545,6.367418142780462,1.9592055823939882,,0.5837359098228664,0.07380568974771873,,
118,11.366076221148685,9.447128287707997,4.361245303274289,11.366076221148685,32.8569511540526,21.638486312399355,6.367418142780462,1.9524959742351047,,0.5837359098228664,0.06038647342995169,,
119,11.560654857756306,9.406870638754697,4.49543746645196,11.366076221148685,32.68250134192163,21.571390230810522,6.333870101986044,1.9390767579173376,,0.5837359098228664,0.06038647342995169,,
120,11.668008588298443,8.957326892109501,4.414922168545357,11.889425657541599,32.62211486849168,21.443907675791735,6.300322061191626,2.033011272141707,,0.5837359098228664,0.08722490606548577,,
121,11.52710681696189,8.548040794417606,4.3478260869565215,11.782071926999464,33.97745571658615,20.9272678475577,6.266774020397209,1.8988191089640365,0.026838432635534086,0.5837359098228664,0.11406333870101985,,
122,11.634460547504025,8.28636607622115,4.394793344068707,10.72866344605475,33.17230273752013,23.027375201288244,6.179549114331723,1.8988191089640365,0.026838432635534086,0.5837359098228664,0.06709608158883522,,
123,11.902844873859367,8.232689210950081,4.394793344068707,10.681696188942565,32.66237251744498,23.356146001073537,6.159420289855072,1.932367149758454,0.026838432635534086,0.5837359098228664,0.06709608158883522,,
124,11.064143853998926,7.937466451959206,4.394793344068707,10.540794417606012,28.824476650563607,28.5426731078905,6.119162640901771,1.8988191089640365,0.026838432635534086,0.5837359098228664,0.06709608158883522,,
125,11.20504562533548,7.937466451959206,4.394793344068707,10.493827160493828,28.77750939345142,28.495705850778315,6.119162640901771,1.8988191089640365,0.026838432635534086,0.5837359098228664,0.06709608158883522,,
126,11.245303274288782,7.454374664519592,4.005636070853462,10.446859903381643,30.327428878153516,28.30112721417069,5.548845947396672,1.9927536231884058,0.026838432635534086,0.5837359098228664,0.06709608158883522,,
127,11.379495437466453,7.347020933977456,4.663177670424047,10.265700483091788,30.173107890499196,27.938808373590984,5.535426731078905,2.0128824476650564,0.026838432635534086,0.5904455179817498,0.06709608158883522,,
128,11.480139559849706,7.347020933977456,4.636339237788513,10.238862050456254,30.132850241545892,27.91867954911433,5.522007514761138,2.0128824476650564,0.026838432635534086,0.5904455179817498,0.0939345142243693,,
129,10.923242082662373,7.306763285024155,4.435050993022007,10.218733225979603,36.22517444981213,23.470209339774556,5.293880837359098,1.556629092860977,0.026838432635534086,0.4495437466451959,0.0939345142243693,,
130,11.231884057971014,7.306763285024155,4.435050993022007,10.198604401502953,36.05743424584004,22.96027911969941,5.60252281266774,1.6035963499731616,0.026838432635534086,0.4830917874396135,0.0939345142243693,,
131,11.533816425120772,7.306763285024155,4.388083735909823,10.077831454643048,35.869565217391305,22.84621578099839,5.750134192163178,1.6170155662909287,0.026838432635534086,0.48980139559849706,0.0939345142243693,,
132,11.782071926999464,7.266505636070853,4.341116478797638,10.010735373054214,35.79575952764358,22.7187332259796,5.723295759527644,1.724369296833065,0.05367686527106817,0.48980139559849706,0.0939345142243693,,
133,11.889425657541599,7.253086419753086,4.461889425657541,11.849168008588299,34.024422973698336,22.510735373054214,5.723295759527644,1.6505636070853462,0.05367686527106817,0.48980139559849706,0.0939345142243693,,
134,12.070585077831455,7.239667203435319,4.441760601180891,11.735104669887278,33.85668276972625,22.517444981213096,5.723295759527644,1.778046162104133,0.05367686527106817,0.48980139559849706,0.0939345142243693,,
135,12.211486849168008,7.219538378958669,4.42163177670424,11.728395061728396,33.803005904455176,22.490606548577563,5.71658615136876,1.7713365539452497,0.05367686527106817,0.48980139559849706,0.0939345142243693,,
136,11.98336017176597,6.716317767042405,3.9452495974235107,11.077563070316694,33.74932903918411,24.4296833064949,5.689747718733226,1.737788513150832,0.05367686527106817,0.5233494363929146,0.0939345142243693,,
137,11.748523886205046,6.696188942565755,3.92512077294686,11.077563070316694,34.50080515297907,23.926462694578635,5.676328502415459,1.778046162104133,0.05367686527106817,0.5233494363929146,0.0939345142243693,,
138,11.902844873859367,6.66935050993022,3.92512077294686,11.037305421363392,34.43370907139023,23.852657004830917,5.656199677938808,1.7847557702630166,0.05367686527106817,0.5904455179817498,0.0939345142243693,,
139,12.184648416532475,6.655931293612453,3.911701556629093,10.990338164251208,34.29951690821256,23.752012882447666,5.642780461621041,1.8048845947396672,0.05367686527106817,0.6105743424584005,0.0939345142243693,,
140,12.104133118625873,6.642512077294686,3.770799785292539,11.936392914653783,34.20558239398819,23.141438539989263,5.636070853462158,1.8048845947396672,0.05367686527106817,0.6105743424584005,0.0939345142243693,,
141,12.359098228663447,6.568706387546968,3.7640901771336552,11.889425657541599,34.064680622651636,23.11460010735373,5.636070853462158,1.8451422436929683,0.05367686527106817,0.6105743424584005,0.0939345142243693,,
142,12.426194310252281,6.4412238325281805,3.965378421900161,11.876006441223833,33.984165324745035,23.067632850241544,5.636070853462158,1.8451422436929683,0.05367686527106817,0.6105743424584005,0.0939345142243693,,
143,12.318840579710145,6.246645195920558,3.6097691894793345,10.88298443370907,33.863392377885134,25.97289318303811,4.575952764358561,1.7981749865807837,0.026838432635534086,0.6105743424584005,0.0939345142243693,,
144,12.385936661298981,6.119162640901771,3.589640365002684,10.802469135802468,33.15217391304348,26.8317230273752,4.562533548040794,1.8250134192163177,0.026838432635534086,0.6105743424584005,0.0939345142243693,,
145,12.365807836822329,6.119162640901771,3.864734299516908,10.802469135802468,33.00456253354804,26.670692431561996,4.51556629092861,1.9256575415995705,0.026838432635534086,0.6105743424584005,0.0939345142243693,,
146,12.546967257112184,6.119162640901771,3.851315083199141,10.755501878690284,32.94417606011809,26.637144390767578,4.508856682769726,1.9793344068706387,0.026838432635534086,0.5367686527106817,0.0939345142243693,,
147,12.754965110037574,6.092324208266238,3.851315083199141,10.68840579710145,32.88378958668814,26.617015566290927,4.488727858293076,1.9659151905528718,0.026838432635534086,0.5367686527106817,0.0939345142243693,,
148,13.043478260869565,6.085614600107354,3.6768652710681695,11.023886205045626,32.669082125603865,26.32850241545894,4.4753086419753085,2.0128824476650564,0.026838432635534086,0.5636070853462157,0.0939345142243693,,
149,13.24476650563607,6.0654857756307035,3.6768652710681695,11.003757380568974,32.588566827697264,26.120504562533547,4.448470209339774,2.0397208803005906,0.026838432635534086,0.6910896403650026,0.0939345142243693,,
150,13.466183574879228,6.011808910359635,3.656736446591519,10.896403650026839,32.27992485238862,25.99302200751476,4.663177670424047,2.1403650026838434,0.026838432635534086,0.7447665056360708,0.12077294685990338,,
151,13.419216317767042,5.971551261406334,3.4957058507783145,12.761674718196458,30.649490069779926,25.49651100375738,4.797369833601718,2.5429414922168547,0.026838432635534086,0.7179280730005367,0.12077294685990338,,
152,13.43263553408481,5.971551261406334,3.4957058507783145,13.285024154589372,30.636070853462158,25.0,4.797369833601718,2.5429414922168547,0.026838432635534086,0.6910896403650026,0.12077294685990338,,
153,13.486312399355878,6.031937734836285,4.086151368760064,12.674449812130971,30.62265163714439,24.93961352657005,4.797369833601718,2.522812667740204,0.026838432635534086,0.6910896403650026,0.12077294685990338,,
154,13.6406333870102,6.031937734836285,4.072732152442297,12.647611379495437,30.535426731078903,24.86580783682233,4.797369833601718,2.5697799248523885,0.026838432635534086,0.6910896403650026,0.12077294685990338,,
155,13.754696725711218,6.025228126677402,4.0995705850778315,12.432903918411165,30.09259259259259,24.798711755233494,5.35426731078905,2.6637144390767578,0.026838432635534086,0.630703166935051,0.12077294685990338,,
156,13.942565754159958,6.025228126677402,4.0995705850778315,12.412775093934513,29.998658078368223,24.724906065485776,5.35426731078905,2.6972624798711755,0.026838432635534086,0.630703166935051,0.08722490606548577,,
157,13.311862587224907,5.421363392377885,4.1129898013955986,12.359098228663447,31.28690284487386,24.44310252281267,5.293880837359098,2.932098765432099,0.026838432635534086,0.7313472893183038,0.08051529790660225,,
158,13.419216317767042,5.421363392377885,4.086151368760064,12.345679012345679,31.233225979602793,24.436392914653783,5.293880837359098,2.9253891572732154,0.026838432635534086,0.7313472893183038,0.08051529790660225,,
159,13.499731615673644,5.421363392377885,4.052603327965647,12.379227053140097,31.179549114331724,24.308910359634996,5.273752012882448,3.0193236714975846,0.026838432635534086,0.7313472893183038,0.10735373054213634,,
160,13.654052603327965,5.374396135265701,4.045893719806763,12.110842726784755,31.105743424584006,24.52361782071927,5.260332796564681,3.0595813204508855,0.026838432635534086,0.7313472893183038,0.10735373054213634,,
161,13.841921631776705,5.374396135265701,4.106280193236715,12.037037037037036,31.0252281266774,24.376006441223833,5.320719269994632,3.0595813204508855,0.026838432635534086,0.7246376811594203,0.10735373054213634,,
162,13.996242619431026,5.46833064949007,4.1129898013955986,12.030327428878154,30.823939881910896,24.302200751476114,5.314009661835748,3.0327428878153517,0.026838432635534086,0.7514761137949544,0.14090177133655393,,
163,14.358561460010735,5.448201825013419,4.253891572732153,11.956521739130435,30.67632850241546,24.000268384326354,5.307300053676865,2.985775630703167,0.026838432635534086,0.8454106280193237,0.14090177133655393,,
164,14.392109500805153,5.387815351583468,4.924852388620504,11.943102522812667,30.26033279656468,23.758722490606548,5.35426731078905,2.965646806226516,0.026838432635534086,0.8454106280193237,0.14090177133655393,,
165,14.566559312936125,5.367686527106817,4.918142780461621,11.936392914653783,30.152979066022546,23.68491680085883,5.367686527106817,2.9924852388620504,0.026838432635534086,0.8454106280193237,0.14090177133655393,,
166,14.74771873322598,5.340848094471283,4.918142780461621,11.902844873859367,29.49543746645196,24.241814278046164,5.367686527106817,2.932098765432099,0.026838432635534086,0.8454106280193237,0.18115942028985507,,
167,14.834943639291465,5.3341384863123995,4.8443370907139025,11.77536231884058,29.441760601180892,24.168008588298445,5.5689747718733225,2.932098765432099,0.026838432635534086,0.8923778851315083,0.18115942028985507,,
168,14.969135802469136,5.3274288781535155,4.8376274825550185,12.151100375738057,29.13311862587225,24.04723564143854,5.535426731078905,2.898550724637681,0.026838432635534086,0.8923778851315083,0.18115942028985507,,
169,15.083199141170155,5.3274288781535155,4.830917874396135,12.191358024691358,28.992216854535695,24.000268384326354,5.522007514761138,2.932098765432099,0.026838432635534086,0.9125067096081588,0.18115942028985507,,
170,14.78797638217928,5.3274288781535155,4.683306494900698,11.882716049382717,31.01851851851852,22.966988727858293,5.273752012882448,2.8247450348899625,0.026838432635534086,0.8923778851315083,0.3153515834675255,,
171,14.781266774020397,5.3274288781535155,4.508856682769726,13.285024154589372,29.998658078368223,22.873054213633925,5.260332796564681,2.7308105206655933,0.026838432635534086,0.8923778851315083,0.3153515834675255,,
172,14.915458937198068,5.314009661835748,4.508856682769726,12.822061191626409,29.428341384863124,23.785560923242084,5.287171229200215,2.737520128824477,0.026838432635534086,0.8655394524959742,0.30864197530864196,,
173,14.982555018786902,5.314009661835748,4.696725711218465,12.68786902844874,29.367954911433173,23.58427267847558,5.253623188405797,2.8650026838432634,0.026838432635534086,0.9125067096081588,0.30864197530864196,,
174,15.08990874932904,5.314009661835748,4.690016103059581,12.681159420289855,29.320987654320987,23.450080515297905,5.193236714975845,3.012614063338701,0.026838432635534086,0.9125067096081588,0.30864197530864196,,
175,15.250939345142244,5.300590445517981,4.736983360171766,12.640901771336553,29.2337627482555,23.396403650026837,5.193236714975845,2.999194847020934,0.026838432635534086,0.9125067096081588,0.30864197530864196,,
176,15.479066022544284,5.287171229200215,4.663177670424047,12.607353730542137,29.126409017713364,23.356146001073537,5.179817498658078,2.999194847020934,0.026838432635534086,0.9460547504025765,0.32877079978529256,,
177,15.45222758990875,5.287171229200215,4.663177670424047,12.077294685990339,31.45464304884595,22.463768115942027,4.394793344068707,2.9589371980676327,0.026838432635534086,0.9460547504025765,0.27509393451422437,,
178,15.599838969404187,5.273752012882448,4.656468062265164,12.04374664519592,31.38083735909823,22.457058507783145,4.394793344068707,2.945517981749866,0.026838432635534086,0.9460547504025765,0.27509393451422437,,
179,15.861513687600644,5.273752012882448,4.656468062265164,12.010198604401502,31.266774020397207,22.396672034353195,4.394793344068707,2.8918411164787976,0.026838432635534086,0.9460547504025765,0.27509393451422437,,
180,15.868223295759528,5.273752012882448,4.871175523349437,11.943102522812667,30.790391841116477,22.19538378958669,4.770531400966184,3.0394524959742353,0.026838432635534086,0.9460547504025765,0.24825550187869028,0.026838432635534086,
181,16.10305958132045,5.233494363929147,4.931561996779388,11.922973698336017,30.54213633923779,22.0276435856146,4.7638217928073,3.227321524422974,0.026838432635534086,0.9460547504025765,0.24825550187869028,0.026838432635534086,
182,16.264090177133657,5.233494363929147,5.005367686527107,11.916264090177133,30.48174986580784,21.87332259796028,4.7638217928073,3.2139023081052067,0.026838432635534086,0.9460547504025765,0.24825550187869028,0.026838432635534086,
183,16.304347826086957,5.233494363929147,5.092592592592593,11.90955448201825,30.42807300053677,21.833064949006978,4.757112184648417,3.2541599570585076,0.026838432635534086,0.8856682769726248,0.24825550187869028,0.026838432635534086,
184,16.445249597423512,5.213365539452496,5.213365539452496,11.882716049382717,30.35426731078905,21.752549651100377,4.736983360171766,3.2474503488996245,0.026838432635534086,0.8856682769726248,0.2147074610842727,0.026838432635534086,
185,16.57944176060118,5.213365539452496,5.193236714975845,11.876006441223833,30.267042404723565,21.672034353193773,4.770531400966184,3.2742887815351582,0.026838432635534086,0.8856682769726248,0.2147074610842727,0.026838432635534086,
186,16.72705314009662,5.213365539452496,5.179817498658078,11.869296833064949,30.20665593129361,21.631776704240472,4.750402576489533,3.2742887815351582,0.026838432635534086,0.8789586688137413,0.2147074610842727,0.026838432635534086,
187,16.921631776704242,5.186527106816962,5.2066559312936125,11.79549114331723,30.139559849704778,21.564680622651636,4.750402576489533,3.307836822329576,0.026838432635534086,0.8789586688137413,0.19457863660762212,0.026838432635534086,
188,17.06924315619968,5.179817498658078,5.2066559312936125,11.79549114331723,30.09259259259259,21.38352120236178,4.730273752012883,3.3011272141706924,0.026838432635534086,0.9594739667203436,0.2281266774020397,0.026838432635534086,
189,16.814278046162105,5.179817498658078,5.756843800322061,11.104401502952227,31.488191089640367,20.46430488459474,4.7168545356951155,3.260869565217391,0.026838432635534086,0.9460547504025765,0.2147074610842727,0.026838432635534086,
190,16.99543746645196,5.179817498658078,5.6964573268921095,11.084272678475577,31.159420289855074,20.37037037037037,4.703435319377348,3.5963499731615673,0.026838432635534086,0.9460547504025765,0.2147074610842727,0.026838432635534086,
191,17.257112184648417,5.10601180891036,5.8239398819108965,11.399624261943103,31.01851851851852,19.89398819108964,4.690016103059581,3.5963499731615673,0.026838432635534086,0.9460547504025765,0.2147074610842727,0.026838432635534086,
192,17.371175523349436,4.9651100375738055,5.964841653247451,11.33923778851315,30.96484165324745,19.867149758454108,4.690016103059581,3.5963499731615673,0.026838432635534086,0.9728931830381106,0.2147074610842727,0.026838432635534086,
193,17.498658078368223,4.9651100375738055,5.964841653247451,11.325818572195384,30.96484165324745,19.79334406870639,4.64975845410628,3.5963499731615673,0.026838432635534086,0.9728931830381106,0.2147074610842727,0.026838432635534086,
194,17.612721417069242,4.9651100375738055,5.964841653247451,11.285560923242082,30.897745571658614,19.699409554482017,4.64975845410628,3.656736446591519,0.026838432635534086,0.9997316156736447,0.2147074610842727,0.026838432635534086,
195,17.753623188405797,4.9651100375738055,5.958132045088567,12.332259796027913,30.07246376811594,19.578636607622116,4.53569511540526,3.616478797638218,0.026838432635534086,0.9997316156736447,0.13419216317767044,0.026838432635534086,
196,17.98174986580784,4.924852388620504,6.005099302200751,12.31213097155126,30.01207729468599,19.43102522812668,4.53569511540526,3.616478797638218,0.026838432635534086,0.9997316156736447,0.1274825550187869,0.026838432635534086,
197,18.169618894256576,4.924852388620504,5.978260869565218,12.211486849168008,29.904723564143854,19.350509930220074,4.528985507246377,3.643317230273752,0.026838432635534086,1.107085346215781,0.1274825550187869,0.026838432635534086,
198,18.344068706387546,4.924852388620504,6.052066559312936,12.157809983896941,29.750402576489535,19.330381105743424,4.528985507246377,3.6366076221148687,0.026838432635534086,1.093666129898014,0.1274825550187869,0.026838432635534086,
199,18.471551261406333,4.924852388620504,6.119162640901771,12.104133118625873,29.582662372517444,19.290123456790123,4.528985507246377,3.7037037037037037,0.026838432635534086,1.093666129898014,0.1274825550187869,0.026838432635534086,
200,18.47826086956522,4.609500805152979,5.891035963499732,12.117552334943639,29.542404723564143,19.142512077294686,5.267042404723564,3.6768652710681695,0.026838432635534086,1.093666129898014,0.1274825550187869,0.026838432635534086,
201,18.67283950617284,4.609500805152979,5.864197530864198,12.077294685990339,29.408212560386474,18.94122383252818,5.475040257648954,3.6768652710681695,0.026838432635534086,1.093666129898014,0.1274825550187869,0.026838432635534086,
202,18.927804616210413,4.522275899087493,5.978260869565218,12.050456253354804,29.240472356414386,18.84728931830381,5.595813204508857,3.5762211486849167,0.026838432635534086,1.093666129898014,0.11406333870101985,0.026838432635534086,
203,18.666129898013956,4.502147074610843,5.9514224369296835,12.25174449812131,28.08641975308642,20.222758990874933,5.495169082125604,3.5628019323671496,0.026838432635534086,1.093666129898014,0.11406333870101985,0.026838432635534086,
204,18.813741277509394,4.502147074610843,5.984970477724101,12.204777241009126,27.999194847020934,20.175791733762747,5.495169082125604,3.5628019323671496,0.026838432635534086,1.093666129898014,0.11406333870101985,0.026838432635534086,
