,45,50,55,51,52,56,53,60,54,57,58,59,46,61
0,99.64439076757917,0.35560923242082665,,,,,,,,,,,,
1,99.48336017176597,0.5166398282340311,,,,,,,,,,,,
2,99.10762211486849,0.8923778851315083,,,,,,,,,,,,
3,84.5679012345679,15.250939345142244,0.18115942028985507,,,,,,,,,,,
4,83.35346215780999,16.458668813741276,0.18115942028985507,0.0067096081588835215,,,,,,,,,,
5,79.79736983360172,19.95437466451959,0.2147074610842727,0.03354804079441761,,,,,,,,,,
6,77.8113258185722,18.63929146537842,0.1878690284487386,3.361513687600644,,,,,,,,,,
7,77.70397208803006,18.552066559312937,0.35560923242082665,3.3480944712828773,0.0067096081588835215,0.03354804079441761,,,,,,,,
8,75.19457863660762,21.034621578099838,0.35560923242082665,3.294417606011809,0.0067096081588835215,0.11406333870101985,,,,,,,,
9,74.44981213097155,21.68545356951154,0.4294149221685454,3.3145464304884595,0.0067096081588835215,0.11406333870101985,,,,,,,,
10,74.31561996779388,21.732420826623724,0.4294149221685454,3.4017713365539453,0.0067096081588835215,0.11406333870101985,,,,,,,,
11,73.96672034353193,21.967257112184647,0.5434782608695652,3.4017713365539453,0.0067096081588835215,0.11406333870101985,,,,,,,,
12,72.10144927536231,22.088030059044552,0.5703166935050993,5.10601180891036,0.020128824476650563,0.11406333870101985,,,,,,,,
13,40.59983896940419,57.085346215781,0.3421900161030596,1.932367149758454,0.040257648953301126,,,,,,,,,
14,40.54616210413312,56.99141170155663,0.48980139559849706,1.932367149758454,0.040257648953301126,,,,,,,,,
15,40.183843263553406,55.40794417606012,0.6843800322061192,1.932367149758454,0.2885131508319914,,1.5029522275899088,,,,,,,
16,40.15029522275899,53.89157273215244,2.1806226516371443,1.932367149758454,0.322061191626409,,1.5029522275899088,0.020128824476650563,,,,,,
17,38.989533011272144,52.95222758990875,2.24771873322598,2.6972624798711755,0.322061191626409,,2.771068169618894,0.020128824476650563,,,,,,
18,38.98282340311326,52.63016639828234,2.61003757380569,2.428878153515835,0.322061191626409,,3.0059044551798175,0.020128824476650563,,,,,,
19,38.888888888888886,52.65029522275899,2.6704240472356413,2.428878153515835,0.322061191626409,,3.0059044551798175,0.03354804079441761,,,,,,
20,37.21148684916801,54.05260332796565,2.918679549114332,2.428878153515835,0.322061191626409,,2.999194847020934,0.03354804079441761,0.03354804079441761,,,,,
21,36.594202898550726,44.87385936661299,2.636876006441224,2.4557165861513686,0.30864197530864196,,3.012614063338701,0.03354804079441761,10.084541062801932,,,,,
22,34.70209339774557,45.32340311325819,2.6435856146001075,2.4490069779924855,0.30864197530864196,,6.776704240472356,0.03354804079441761,7.763016639828234,,,,,
23,33.76945786366076,43.183038110574344,5.71658615136876,2.428878153515835,0.30193236714975846,,6.736446591519055,0.06709608158883522,7.722758990874933,0.03354804079441761,0.013419216317767043,0.026838432635534086,,
24,33.58829844337091,42.99516908212561,6.085614600107354,2.3550724637681157,0.30193236714975846,,6.796833064949007,0.16774020397208803,7.635534084809447,0.03354804079441761,0.013419216317767043,0.026838432635534086,,
25,33.601717659688674,42.52549651100376,6.535158346752549,2.3550724637681157,0.30193236714975846,0.020128824476650563,6.78341384863124,0.16774020397208803,7.635534084809447,0.03354804079441761,0.013419216317767043,0.026838432635534086,,
26,31.561996779388085,39.150563607085346,6.629092860976919,7.6623725174449815,0.2683843263553409,0.020128824476650563,6.756575415995706,0.19457863660762212,7.333601717659689,0.06038647342995169,0.33548040794417605,0.026838432635534086,,
27,31.508319914117017,39.090177133655395,6.5485775630703165,7.709339774557166,0.2683843263553409,0.020128824476650563,6.709608158883521,0.3421900161030596,7.347020933977456,0.08722490606548577,0.322061191626409,0.04696725711218465,,
28,31.4747718733226,39.04320987654321,6.635802469135802,7.581857219538379,0.2683843263553409,0.15432098765432098,6.6760601180891035,0.3421900161030596,7.347020933977456,0.08722490606548577,0.35560923242082665,0.03354804079441761,,
29,29.864465915190554,37.506709608158886,5.267042404723564,9.628287707997853,0.49651100375738055,0.15432098765432098,6.655931293612453,0.24825550187869028,9.681964573268921,0.08722490606548577,0.3757380568974772,0.03354804079441761,,
30,29.938271604938272,37.124261943102525,5.642780461621041,9.588030059044552,0.49651100375738055,0.15432098765432098,6.622383252818035,0.24825550187869028,9.66183574879227,0.08722490606548577,0.3757380568974772,0.06038647342995169,,
31,27.58990874932904,35.628019323671495,5.22007514761138,13.600375738056897,4.072732152442297,0.15432098765432098,6.5552871712292005,0.1878690284487386,6.488191089640365,0.08722490606548577,0.38915727321524424,0.026838432635534086,,
32,27.603327965646805,35.30595813204509,5.495169082125604,13.627214170692431,4.066022544283414,0.15432098765432098,6.568706387546968,0.30193236714975846,6.374127750939345,0.08722490606548577,0.38915727321524424,0.026838432635534086,,
33,27.462426194310254,35.43344068706388,5.46833064949007,13.553408480944713,4.052603327965647,0.2281266774020397,6.582125603864735,0.30193236714975846,6.400966183574879,0.10064412238325282,0.38915727321524424,0.026838432635534086,,
34,27.502683843263554,35.27241009125067,5.542136339237788,13.513150831991412,4.052603327965647,0.28180354267310787,6.582125603864735,0.30864197530864196,6.400966183574879,0.10064412238325282,0.38915727321524424,0.05367686527106817,,
35,27.4422973698336,34.836285560923244,6.038647342995169,13.45276435856146,4.052603327965647,0.3421900161030596,6.582125603864735,0.36902844873859364,6.293612453032743,0.10064412238325282,0.38915727321524424,0.10064412238325282,,
36,26.710950080515296,35.607890499194845,6.052066559312936,13.399087493290391,4.025764895330113,0.3488996242619431,6.521739130434782,0.3824476650563607,6.3070316693505095,0.10064412238325282,0.4428341384863124,0.10064412238325282,,
37,26.670692431561996,33.11862587224906,8.581588835212024,13.365539452495975,4.025764895330113,0.3757380568974772,6.494900697799249,0.3757380568974772,6.219806763285024,0.13419216317767044,0.46967257112184646,0.16774020397208803,,
38,26.37546967257112,33.25281803542673,8.561460010735374,13.372249060654857,4.166666666666667,0.3757380568974772,6.494900697799249,0.3757380568974772,6.219806763285024,0.13419216317767044,0.5032206119162641,0.16774020397208803,,
39,26.174181427804616,32.37385936661299,8.715780998389693,12.097423510466989,4.549114331723027,0.2952227589908749,6.494900697799249,0.36902844873859364,8.09849704777241,0.13419216317767044,0.5032206119162641,0.19457863660762212,,
40,25.711218464841654,32.709339774557165,8.84326355340848,12.097423510466989,4.528985507246377,0.3153515834675255,6.488191089640365,0.36902844873859364,8.07836822329576,0.13419216317767044,0.5032206119162641,0.2214170692431562,,
41,25.731347289318304,32.51476113794954,8.849973161567364,12.124261943102523,4.461889425657541,0.3153515834675255,6.488191089640365,0.4092860976918948,8.232689210950081,0.14761137949543746,0.5032206119162641,0.2214170692431562,,
42,24.16129898013956,33.87010198604401,8.917069243156199,12.265163714439076,4.441760601180891,0.3153515834675255,6.488191089640365,0.4428341384863124,8.185721953837897,0.14761137949543746,0.5032206119162641,0.2616747181964573,,
43,20.819914117015568,25.44283413848631,4.891304347826087,28.475577026301664,4.320987654320987,0.3488996242619431,6.474771873322598,0.3757380568974772,7.930756843800322,0.14761137949543746,0.5032206119162641,0.2683843263553409,,
44,19.659151905528716,26.603596349973163,4.891304347826087,28.435319377348364,4.320987654320987,0.39586688137412773,6.468062265163715,0.3757380568974772,7.930756843800322,0.14761137949543746,0.5032206119162641,0.2683843263553409,,
45,18.867418142780462,26.133923778851315,4.931561996779388,30.04562533548041,4.320987654320987,0.49651100375738055,6.011808910359635,0.3757380568974772,7.897208803005904,0.14761137949543746,0.5032206119162641,0.2683843263553409,,
46,18.90096618357488,26.093666129898015,4.944981213097155,29.985238862050455,4.320987654320987,0.5233494363929146,6.0654857756307035,0.36231884057971014,7.883789586688137,0.14761137949543746,0.5032206119162641,0.2683843263553409,,
47,18.894256575415994,26.060118089103597,5.005367686527107,29.931561996779386,4.320987654320987,0.5434782608695652,6.105743424584004,0.36231884057971014,7.7831454643048845,0.14761137949543746,0.630703166935051,0.2147074610842727,,
48,18.94122383252818,25.85882984433709,4.99194847020934,27.415458937198068,4.320987654320987,0.5703166935050993,8.76274825550188,0.36231884057971014,7.7831454643048845,0.14761137949543746,0.630703166935051,0.2147074610842727,,
49,18.706387546967257,25.006709608158882,8.460815888352121,24.10762211486849,6.226516371443908,0.5032206119162641,7.877079978529254,0.36231884057971014,7.749597423510467,0.14761137949543746,0.5971551261406334,0.2549651100375738,,
50,18.82716049382716,24.751744498121308,8.621846484165324,24.06736446591519,6.226516371443908,0.5233494363929146,7.877079978529254,0.36231884057971014,7.6623725174449815,0.14761137949543746,0.630703166935051,0.30193236714975846,,
51,17.3040794417606,24.838969404186795,8.36688137412775,23.409822866344605,9.634997316156737,0.5166398282340311,7.568438003220612,0.39586688137412773,6.890767579173376,0.14761137949543746,0.630703166935051,0.2952227589908749,,
52,17.418142780461622,24.62426194310252,8.521202361782072,23.32259796027912,9.520933977455716,0.5770263016639828,7.568438003220612,0.41599570585077833,6.904186795491143,0.17444981213097155,0.6575415995705851,0.2952227589908749,,
53,17.384594739667204,24.537037037037038,7.434245840042942,23.262211486849168,10.802469135802468,0.630703166935051,7.48792270531401,0.41599570585077833,6.91760601180891,0.17444981213097155,0.6910896403650026,0.2616747181964573,,
54,17.028985507246375,24.852388620504563,7.434245840042942,23.00053676865271,11.030595813204508,0.630703166935051,7.48792270531401,0.41599570585077833,6.89747718733226,0.2214170692431562,0.6910896403650026,0.30864197530864196,,
55,17.03569511540526,24.89935587761675,7.360440150295223,22.940150295222757,11.030595813204508,0.6642512077294686,7.48792270531401,0.43612453032742887,6.89747718733226,0.24825550187869028,0.6910896403650026,0.30864197530864196,,
56,16.99543746645196,24.859098228663445,7.447665056360709,22.779119699409556,10.976918947933441,0.785024154589372,7.434245840042942,0.43612453032742887,6.91760601180891,0.30193236714975846,0.7514761137949544,0.30864197530864196,0.0067096081588835215,
57,17.01556629092861,24.771873322597962,7.440955448201825,22.73886205045625,11.044015029522276,0.798443370907139,7.434245840042942,0.4495437466451959,6.910896403650026,0.32877079978529256,0.7514761137949544,0.30864197530864196,0.0067096081588835215,
58,15.069779924852389,34.05126140633387,7.481213097155126,18.88083735909823,8.943907675791733,0.47638217928073,7.407407407407407,0.4495437466451959,5.917874396135265,0.24825550187869028,0.7783145464304885,0.2885131508319914,0.0067096081588835215,
59,14.680622651637144,26.549919484702095,3.9519592055823938,39.98926462694579,7.105475040257649,0.7514761137949544,5.515297906602254,0.026838432635534086,0.8588298443370908,0.2214170692431562,0.24154589371980675,0.10735373054213634,,
60,14.680622651637144,26.476113794954376,4.005636070853462,39.88862050456253,7.078636607622115,0.8454106280193237,5.508588298443371,0.026838432635534086,0.8856682769726248,0.2549651100375738,0.24154589371980675,0.10735373054213634,,
61,14.667203435319378,26.187600644122384,7.051798174986581,36.67471819645733,7.051798174986581,0.9125067096081588,5.9447128287707995,0.026838432635534086,0.8789586688137413,0.2549651100375738,0.24154589371980675,0.10735373054213634,,
62,14.606816961889425,25.946054750402578,7.078636607622115,36.90955448201825,7.051798174986581,0.9728931830381106,5.931293612453032,0.026838432635534086,0.8789586688137413,0.24825550187869028,0.24154589371980675,0.10735373054213634,,
63,14.204240472356414,26.301663982823403,7.024959742351046,36.741814278046164,7.27992485238862,1.0064412238325282,5.917874396135265,0.026838432635534086,0.8789586688137413,0.2683843263553409,0.24154589371980675,0.10735373054213634,,
64,14.070048309178745,26.35534084809447,7.03166935050993,35.487117552334944,7.273215244229737,1.0131508319914118,5.555555555555555,0.03354804079441761,2.623456790123457,0.23483628556092323,0.2147074610842727,0.10735373054213634,,
65,13.915727321524423,26.496242619431026,7.011540526033279,35.43344068706388,7.273215244229737,1.0399892646269457,5.555555555555555,0.03354804079441761,2.657004830917874,0.23483628556092323,0.2147074610842727,0.10735373054213634,,0.026838432635534086
66,13.969404186795492,26.422436929683307,7.071926999463232,35.39318303811057,7.253086419753086,1.1137949543746646,5.515297906602254,0.03354804079441761,2.6301663982823404,0.24825550187869028,0.2147074610842727,0.10735373054213634,,0.026838432635534086
67,14.029790660225443,26.382179280730007,7.078636607622115,35.28582930756844,7.232957595276436,1.1607622114868492,5.515297906602254,0.03354804079441761,2.6838432635534084,0.24825550187869028,0.2147074610842727,0.10735373054213634,,0.026838432635534086
68,14.009661835748792,26.308373590982285,7.212828770799785,35.08454106280193,7.219538378958669,1.3016639828234031,5.562265163714439,0.04696725711218465,2.6838432635534084,0.24825550187869028,0.1878690284487386,0.10735373054213634,,0.026838432635534086
69,13.92914653784219,26.301663982823403,7.253086419753086,34.99060654857756,7.219538378958669,1.3687600644122384,5.58239398819109,0.04696725711218465,2.7106816961889426,0.24825550187869028,0.1878690284487386,0.10735373054213634,,0.05367686527106817
70,13.976113794954374,26.227858293075684,7.333601717659689,34.80944712828771,7.185990338164252,1.4694041867954912,5.58239398819109,0.04696725711218465,2.7241009125067097,0.2952227589908749,0.1878690284487386,0.10735373054213634,,0.05367686527106817
71,14.023081052066559,26.147342995169083,7.353730542136339,34.80944712828771,7.212828770799785,1.4694041867954912,5.58239398819109,0.04696725711218465,2.7241009125067097,0.28180354267310787,0.1878690284487386,0.10735373054213634,,0.05367686527106817
72,13.123993558776167,24.61755233494364,7.48792270531401,37.164519592055825,7.14573268921095,1.4962426194310252,5.535426731078905,0.04696725711218465,2.6502952227589907,0.33548040794417605,0.1878690284487386,0.10735373054213634,,0.10064412238325282
73,13.16425120772947,24.04723564143854,8.199141170155663,36.882716049382715,7.132313472893183,1.6035963499731616,5.528717122920021,0.04696725711218465,2.6502952227589907,0.3488996242619431,0.1878690284487386,0.10735373054213634,,0.10064412238325282
74,13.231347289318304,23.993558776167472,8.225979602791197,36.802200751476114,7.132313472893183,1.6170155662909287,5.488459473966721,0.04696725711218465,2.6838432635534084,0.3488996242619431,0.2214170692431562,0.10735373054213634,,0.10064412238325282
75,13.264895330112722,23.691626409017715,8.420558239398819,36.66800858829844,7.132313472893183,1.6035963499731616,5.434782608695652,0.04696725711218465,2.9589371980676327,0.3488996242619431,0.2214170692431562,0.10735373054213634,,0.10064412238325282
76,13.264895330112722,23.691626409017715,8.433977455716587,36.66800858829844,7.132313472893183,1.5499194847020934,5.4616210413311865,0.06038647342995169,2.9589371980676327,0.3488996242619431,0.2214170692431562,0.10735373054213634,,0.10064412238325282
77,13.22463768115942,23.68491680085883,8.447396672034353,36.60762211486849,7.105475040257649,1.6035963499731616,5.4616210413311865,0.06038647342995169,2.9723564143853998,0.3488996242619431,0.27509393451422437,0.10735373054213634,,0.10064412238325282
78,13.285024154589372,23.61111111111111,8.433977455716587,36.520397208803004,7.098765432098766,1.6438539989264627,5.4549114331723025,0.06038647342995169,2.985775630703167,0.3824476650563607,0.3153515834675255,0.10735373054213634,,0.10064412238325282
79,13.264895330112722,23.597691894793343,8.507783145464305,36.4398819108964,7.051798174986581,1.6908212560386473,5.428073000536768,0.06038647342995169,2.9790660225442833,0.4294149221685454,0.3421900161030596,0.10735373054213634,,0.10064412238325282
80,13.22463768115942,22.758990874932906,8.387010198604402,37.144390767579175,6.991411701556629,1.724369296833065,4.944981213097155,0.0939345142243693,3.7909286097691894,0.4294149221685454,0.30193236714975846,0.10735373054213634,,0.10064412238325282
81,13.251476113794954,22.71202361782072,9.876543209876543,35.668276972624795,6.964573268921095,1.710950080515298,4.944981213097155,0.12077294685990338,3.797638217928073,0.4562533548040794,0.2885131508319914,0.10735373054213634,,0.10064412238325282
82,13.298443370907139,22.36983360171766,9.863123993558776,35.547504025764894,6.937734836285561,1.751207729468599,4.958400429414922,0.15432098765432098,4.146537842190016,0.46296296296296297,0.30193236714975846,0.10735373054213634,,0.10064412238325282
83,13.16425120772947,21.69887278582931,9.863123993558776,34.23242082662372,10.138217928073,1.7310789049919484,4.072732152442297,0.15432098765432098,4.106280193236715,0.36902844873859364,0.2616747181964573,0.10735373054213634,,0.10064412238325282
84,13.231347289318304,21.64519592055824,10.218733225979603,34.11835748792271,10.124798711755233,1.7444981213097155,4.066022544283414,0.15432098765432098,3.8177670424047236,0.36902844873859364,0.2616747181964573,0.13419216317767044,,0.11406333870101985
85,13.22463768115942,20.52469135802469,9.789318303811058,33.8768115942029,10.0979602791197,1.9659151905528718,5.441492216854535,0.15432098765432098,3.9989264626945786,0.36902844873859364,0.30864197530864196,0.13419216317767044,,0.11406333870101985
86,12.634192163177671,18.659420289855074,9.561191626409018,35.06441223832528,10.030864197530864,2.3349436392914655,6.823671497584541,0.15432098765432098,3.6366076221148687,0.4294149221685454,0.4092860976918948,0.1274825550187869,,0.13419216317767044
87,12.513419216317766,18.78690284487386,9.54777241009125,35.017444981213096,10.017444981213098,2.3349436392914655,6.816961889425658,0.15432098765432098,3.629898013955985,0.4428341384863124,0.47638217928073,0.1274825550187869,,0.13419216317767044
88,12.439613526570048,18.679549114331724,9.628287707997853,35.06441223832528,10.017444981213098,2.341653247450349,6.756575415995706,0.15432098765432098,3.643317230273752,0.4428341384863124,0.5703166935050993,0.1274825550187869,,0.13419216317767044
89,12.446323134728932,18.391035963499732,9.782608695652174,35.017444981213096,9.96376811594203,2.314814814814815,6.769994632313473,0.15432098765432098,3.844605475040258,0.46967257112184646,0.5703166935050993,0.14090177133655393,,0.13419216317767044
90,12.31213097155126,18.344068706387546,9.681964573268921,34.80273752012882,10.373054213633925,2.341653247450349,6.816961889425658,0.15432098765432098,3.8848631239935587,0.4294149221685454,0.5703166935050993,0.14090177133655393,,0.14761137949543746
91,12.27187332259796,18.035426731078903,8.467525496511003,32.95759527643585,13.989533011272142,2.2410091250670963,6.830381105743425,0.10064412238325282,3.8311862587224907,0.4294149221685454,0.5703166935050993,0.14090177133655393,,0.13419216317767044
92,12.238325281803542,18.035426731078903,8.514492753623188,32.8972088030059,13.935856146001074,2.214170692431562,6.89747718733226,0.10064412238325282,3.8378958668813743,0.4830917874396135,0.5703166935050993,0.14090177133655393,,0.13419216317767044
93,12.238325281803542,18.109232420826622,8.501073537305421,32.6959205582394,13.647342995169081,2.522812667740204,6.89747718733226,0.08051529790660225,3.824476650563607,0.4830917874396135,0.7246376811594203,0.14090177133655393,,0.13419216317767044
94,12.265163714439076,18.06897477187332,8.55475040257649,31.662640901771336,13.647342995169081,2.281266774020397,6.850509930220075,0.08051529790660225,5.10601180891036,0.4830917874396135,0.7246376811594203,0.14090177133655393,,0.13419216317767044
95,12.305421363392378,18.08239398819109,8.541331186258722,31.622383252818036,13.6406333870102,2.3081052066559313,6.850509930220075,0.08051529790660225,5.10601180891036,0.4830917874396135,0.7045088566827697,0.14090177133655393,,0.13419216317767044
96,11.245303274288782,18.9747718733226,8.440687063875469,32.15244229736983,13.251476113794954,2.281266774020397,7.199409554482019,0.08051529790660225,4.951690821256038,0.4830917874396135,0.6642512077294686,0.14090177133655393,,0.13419216317767044
97,11.2788513150832,18.833870101986044,8.433977455716587,32.11218464841653,13.20450885668277,2.281266774020397,7.226247987117552,0.08051529790660225,5.092592592592593,0.49651100375738055,0.6642512077294686,0.14090177133655393,,0.15432098765432098
98,11.3593666129898,18.80703166935051,8.447396672034353,31.830381105743424,13.144122383252817,2.368491680085883,7.360440150295223,0.08051529790660225,5.119431025228127,0.5501878690284487,0.6508319914117016,0.11406333870101985,,0.16774020397208803
99,11.3593666129898,18.773483628556093,8.521202361782072,31.769994632313473,13.144122383252817,2.3483628556092326,7.4006977992485234,0.08051529790660225,5.119431025228127,0.5501878690284487,0.6508319914117016,0.11406333870101985,,0.16774020397208803
100,11.419753086419753,18.719806763285025,8.55475040257649,31.729736983360173,13.130703166935051,2.3483628556092326,7.4141170155662905,0.08051529790660225,5.119431025228127,0.5501878690284487,0.6508319914117016,0.11406333870101985,,0.16774020397208803
101,11.480139559849706,18.63929146537842,8.581588835212024,31.655931293612454,13.18438003220612,2.3752012882447664,7.4141170155662905,0.08051529790660225,5.132850241545894,0.5636070853462157,0.6508319914117016,0.11406333870101985,,0.1274825550187869
102,11.540526033279656,18.5654857756307,8.588298443370908,31.54186795491143,13.20450885668277,2.442297369833602,7.387278582930757,0.08051529790660225,5.112721417069243,0.5904455179817498,0.6508319914117016,0.16774020397208803,,0.1274825550187869
103,9.98389694041868,22.510735373054214,9.426999463231347,30.589103596349972,11.3593666129898,2.3550724637681157,7.1725711218464845,0.07380568974771873,5.045625335480408,0.5032206119162641,0.6843800322061192,0.16774020397208803,,0.1274825550187869
104,8.943907675791733,20.175791733762747,8.400429414922169,35.29253891572732,12.385936661298981,2.314814814814815,6.702898550724638,0.07380568974771873,4.300858829844337,0.4830917874396135,0.644122383252818,0.15432098765432098,,0.1274825550187869
105,8.950617283950617,19.961084272678477,8.333333333333334,34.997316156736446,12.385936661298981,2.5831991411701556,6.991411701556629,0.07380568974771873,4.300858829844337,0.46967257112184646,0.6709608158883521,0.15432098765432098,,0.1274825550187869
106,8.943907675791733,19.887278582930758,8.648684916800859,34.796027911969944,12.345679012345679,2.61003757380569,6.984702093397746,0.07380568974771873,4.300858829844337,0.4830917874396135,0.644122383252818,0.15432098765432098,,0.1274825550187869
107,8.917069243156199,19.81347289318304,8.695652173913043,35.30595813204509,12.090713902308105,2.5966183574879227,6.830381105743425,0.07380568974771873,4.300858829844337,0.47638217928073,0.6172839506172839,0.15432098765432098,,0.1274825550187869
108,8.950617283950617,19.679280730005367,8.024691358024691,34.42028985507246,12.070585077831455,2.589908749329039,6.810252281266774,0.07380568974771873,5.938003220611916,0.5166398282340311,0.6038647342995169,0.19457863660762212,,0.1274825550187869
109,9.01100375738057,19.679280730005367,8.480944712828771,33.97074610842727,11.943102522812667,2.589908749329039,6.796833064949007,0.07380568974771873,5.884326355340848,0.5501878690284487,0.6172839506172839,0.2549651100375738,,0.14761137949543746
110,9.064680622651638,19.316961889425656,8.82313472893183,33.9975845410628,11.902844873859367,2.576489533011272,6.78341384863124,0.08722490606548577,5.877616747181965,0.5367686527106817,0.6172839506172839,0.2683843263553409,,0.14761137949543746
111,8.903650026838433,19.03515834675255,8.80300590445518,33.68894256575416,11.486849168008588,2.522812667740204,7.716049382716049,0.08722490606548577,6.146001073537305,0.5501878690284487,0.6374127750939346,0.2683843263553409,,0.15432098765432098
112,8.890230810520666,17.693236714975846,10.238862050456254,33.5077831454643,11.486849168008588,2.61003757380569,7.729468599033816,0.08722490606548577,6.146001073537305,0.5501878690284487,0.6374127750939346,0.2683843263553409,,0.15432098765432098
113,8.970746108427267,16.71363392377885,10.279119699409554,33.400429414922165,10.903113258185721,2.6301663982823404,9.292807300053678,0.08051529790660225,6.011808910359635,0.7045088566827697,0.6239935587761675,0.23483628556092323,,0.15432098765432098
114,8.977455716586151,16.659957058507782,10.433440687063875,33.20585077831455,10.876274825550189,2.6301663982823404,9.252549651100376,0.06709608158883522,5.877616747181965,0.7648953301127214,0.6642512077294686,0.43612453032742887,,0.15432098765432098
115,8.910359634997317,16.10305958132045,11.896135265700483,32.43424584004294,10.869565217391305,2.6301663982823404,9.306226516371444,0.06038647342995169,5.770263016639828,0.7648953301127214,0.6642512077294686,0.43612453032742887,,0.15432098765432098
116,8.943907675791733,16.089640365002683,12.06387546967257,32.058507783145465,10.856146001073537,2.6704240472356413,9.447128287707997,0.06038647342995169,5.783682232957595,0.7716049382716049,0.6642512077294686,0.43612453032742887,,0.15432098765432098
117,9.078099838969404,15.962157809983896,12.144390767579173,31.52173913043478,10.836017176596886,3.1535158346752548,9.400161030595813,0.06038647342995169,5.8172302737520125,0.7581857219538379,0.6508319914117016,0.46296296296296297,,0.15432098765432098
118,9.125067096081589,15.942028985507246,12.506709608158884,31.052066559312937,10.795759527643586,3.1602254428341383,9.339774557165862,0.06038647342995169,5.83064949006978,0.8252818035426731,0.7246376811594203,0.4830917874396135,,0.15432098765432098
119,9.145195920558239,15.874932903918411,12.553676865271068,30.99838969404187,10.775630703166936,3.1736446591519054,9.339774557165862,0.08722490606548577,5.891035963499732,0.8118625872249061,0.7112184648416533,0.4830917874396135,,0.15432098765432098
120,9.212292002147075,15.83467525496511,12.533548040794418,30.917874396135264,10.628019323671497,3.2004830917874396,9.420289855072463,0.10064412238325282,5.797101449275362,1.0601180891035964,0.6709608158883521,0.46967257112184646,,0.15432098765432098
121,9.286097691894794,15.83467525496511,12.593934514224369,30.83064949006978,10.581052066559312,3.2139023081052067,8.930488459473967,0.10064412238325282,6.266774020397209,1.0601180891035964,0.6776704240472357,0.46967257112184646,,0.15432098765432098
122,9.25925925925926,15.83467525496511,12.614063338701019,30.810520665593128,10.567632850241546,3.227321524422974,8.923778851315083,0.10064412238325282,6.199677938808374,1.0802469135802468,0.6910896403650026,0.5367686527106817,,0.15432098765432098
123,9.01100375738057,15.713902308105206,12.560386473429952,31.49490069779925,10.406602254428341,3.361513687600644,8.702361782071927,0.10064412238325282,6.206387546967257,1.0601180891035964,0.6910896403650026,0.5367686527106817,,0.15432098765432098
124,9.024422973698336,15.727321524422974,12.68786902844874,31.333870101986044,10.399892646269459,3.3413848631239937,8.709071390230811,0.10064412238325282,6.206387546967257,1.0869565217391304,0.6910896403650026,0.5367686527106817,,0.15432098765432098
125,9.05126140633387,15.727321524422974,12.674449812130971,31.280193236714975,10.34621578099839,3.4017713365539453,8.635265700483092,0.08722490606548577,6.226516371443908,1.1137949543746646,0.7648953301127214,0.5367686527106817,,0.15432098765432098
126,9.138486312399356,15.687063875469672,12.674449812130971,31.17283950617284,10.339506172839506,3.4151905528717124,8.621846484165324,0.10064412238325282,6.246645195920558,1.1473429951690821,0.7648953301127214,0.5367686527106817,,0.15432098765432098
127,9.037842190016104,15.848094471282877,13.144122383252817,30.803811057434245,10.299248523886206,3.3279656468062266,8.601717659688674,0.10064412238325282,6.206387546967257,1.1540526033279657,0.7917337627482555,0.5367686527106817,,0.14761137949543746
128,9.091519055287172,15.814546430488459,13.311862587224907,30.69645732689211,10.25228126677402,3.3011272141706924,8.588298443370908,0.10064412238325282,6.199677938808374,1.1943102522812667,0.7648953301127214,0.5367686527106817,,0.14761137949543746
129,9.104938271604938,15.814546430488459,13.345410628019323,30.60252281266774,10.225442834138486,3.408480944712829,8.601717659688674,0.10064412238325282,6.152710681696189,1.1943102522812667,0.7648953301127214,0.5367686527106817,,0.14761137949543746
130,8.977455716586151,15.827965646806227,13.238056897477188,29.025764895330113,12.949543746645196,3.4822866344605474,8.400429414922169,0.10064412238325282,5.515297906602254,1.093666129898014,0.7112184648416533,0.49651100375738055,,0.18115942028985507
131,9.05126140633387,15.774288781535159,13.231347289318304,28.99892646269458,12.949543746645196,3.4957058507783145,8.36688137412775,0.10064412238325282,5.535426731078905,1.093666129898014,0.7246376811594203,0.49651100375738055,,0.18115942028985507
132,9.078099838969404,15.734031132581856,13.137412775093935,28.75738056897477,12.86231884057971,3.5091250670960816,8.340042941492216,0.10064412238325282,5.535426731078905,1.5163714439076759,0.7514761137949544,0.49651100375738055,,0.18115942028985507
133,8.93719806763285,14.070048309178745,12.52012882447665,28.743961352657006,12.86231884057971,3.515834675254965,8.340042941492216,0.11406333870101985,7.917337627482555,1.5230810520665594,0.7447665056360708,0.5300590445517982,,0.18115942028985507
134,8.856682769726248,13.862050456253355,12.486580783682234,31.723027375201287,12.808641975308642,3.5628019323671496,6.367418142780462,0.11406333870101985,7.440955448201825,1.3821792807300053,0.7045088566827697,0.5099302200751477,,0.18115942028985507
135,8.903650026838433,13.526570048309178,12.822061191626409,31.696188942565755,12.781803542673108,3.4957058507783145,6.367418142780462,0.11406333870101985,7.467793880837359,1.4090177133655395,0.7045088566827697,0.5099302200751477,,0.20128824476650564
136,9.078099838969404,13.513150831991412,12.76838432635534,31.508319914117017,12.754965110037574,3.535963499731616,6.374127750939345,0.16774020397208803,7.514761137949543,1.4090177133655395,0.6642512077294686,0.5099302200751477,,0.20128824476650564
137,9.178743961352657,13.43263553408481,12.667740203972087,31.4345142243693,12.74825550187869,3.589640365002684,6.374127750939345,0.2952227589908749,7.514761137949543,1.4090177133655395,0.644122383252818,0.5099302200751477,,0.20128824476650564
138,9.225711218464841,13.378958668813741,12.47987117552335,31.34728931830381,12.661030595813205,3.7640901771336552,6.400966183574879,0.2952227589908749,7.521470746108427,1.5297906602254427,0.6709608158883521,0.5099302200751477,,0.2147074610842727
139,9.23913043478261,13.345410628019323,12.47987117552335,31.260064412238325,12.654320987654321,3.851315083199141,6.421095008051529,0.2952227589908749,7.521470746108427,1.5365002683843263,0.6709608158883521,0.5099302200751477,,0.2147074610842727
140,9.306226516371444,13.325281803542673,12.412775093934513,31.233225979602793,12.654320987654321,3.864734299516908,6.380837359098229,0.2952227589908749,7.521470746108427,1.5365002683843263,0.7045088566827697,0.5166398282340311,,0.24825550187869028
141,9.339774557165862,13.291733762748256,12.4597423510467,31.11916264090177,12.600644122383253,3.9452495974235107,6.407675791733762,0.2952227589908749,7.481213097155126,1.5365002683843263,0.7313472893183038,0.5434782608695652,,0.24825550187869028
142,9.346484165324744,13.18438003220612,13.345410628019323,30.441492216854535,12.52012882447665,3.8580246913580245,6.387546967257112,0.2952227589908749,7.48792270531401,1.583467525496511,0.7648953301127214,0.5367686527106817,,0.24825550187869028
143,9.245840042941492,13.170960815888352,14.345142243692969,29.8040794417606,12.506709608158884,3.7909286097691894,6.374127750939345,0.35560923242082665,7.226247987117552,1.596886741814278,0.7783145464304885,0.5568974771873323,,0.24825550187869028
144,9.272678475577026,12.895866881374127,13.560118089103597,29.582662372517444,12.177938808373591,3.743961352657005,8.085077831454644,0.2147074610842727,7.199409554482019,1.6103059581320451,0.7917337627482555,0.5837359098228664,,0.28180354267310787
145,9.346484165324744,12.855609232420827,13.593666129898015,29.401502952227588,12.124261943102523,3.7775093934514223,8.185721953837897,0.2147074610842727,7.199409554482019,1.6639828234031133,0.7917337627482555,0.5837359098228664,,0.2616747181964573
146,9.366612989801396,12.869028448738593,13.479602791196994,29.347826086956523,12.110842726784755,3.8043478260869565,8.199141170155663,0.24154589371980675,7.092055823939882,1.6639828234031133,0.95276435856146,0.5770263016639828,,0.2952227589908749
147,9.373322597960279,12.842190016103059,13.506441223832528,29.294149221685455,12.110842726784755,3.81105743424584,8.158883521202362,0.24154589371980675,7.105475040257649,1.6774020397208802,1.0064412238325282,0.5770263016639828,,0.2952227589908749
148,9.460547504025765,12.822061191626409,13.385668276972625,29.25389157273215,12.110842726784755,3.8043478260869565,8.11862587224906,0.24154589371980675,7.152442297369833,1.7713365539452497,0.9863123993558777,0.5770263016639828,,0.3153515834675255
149,9.453837895866881,12.714707461084272,13.47289318303811,29.220343531937736,12.13768115942029,3.770799785292539,8.11862587224906,0.24154589371980675,7.179280730005368,1.8115942028985508,0.9863123993558777,0.5770263016639828,,0.3153515834675255
150,9.346484165324744,12.775093934514224,13.513150831991412,29.146537842190018,12.144390767579173,3.750670960815888,8.145464304884594,0.24154589371980675,7.219538378958669,1.8384326355340848,0.9863123993558777,0.5770263016639828,,0.3153515834675255
151,9.31964573268921,12.734836285560924,14.955716586151368,28.14009661835749,12.117552334943639,3.4822866344605474,8.11862587224906,0.24154589371980675,7.219538378958669,1.8384326355340848,0.9997316156736447,0.5501878690284487,,0.28180354267310787
152,9.346484165324744,12.714707461084272,14.888620504562533,28.079710144927535,12.110842726784755,3.5292538915727323,8.125335480407944,0.27509393451422437,7.232957595276436,1.8518518518518519,1.0265700483091786,0.5501878690284487,,0.2683843263553409
153,9.172034353193773,12.681159420289855,14.814814814814815,26.85185185185185,13.915727321524423,3.361513687600644,7.9106280193236715,0.27509393451422437,7.232957595276436,1.9122383252818036,1.0265700483091786,0.5837359098228664,,0.2616747181964573
154,9.23913043478261,12.654320987654321,14.781266774020397,26.80488459473967,13.868760064412239,3.4151905528717124,7.890499194847021,0.2952227589908749,7.192699946323135,1.9726247987117553,1.0399892646269457,0.5837359098228664,,0.2616747181964573
155,9.380032206119163,12.640901771336553,14.76784755770263,26.663982823403114,13.83521202361782,3.455448201825013,7.924047235641439,0.2952227589908749,7.152442297369833,1.9994632313472893,1.0399892646269457,0.5837359098228664,,0.2616747181964573
156,9.339774557165862,12.795222758990874,14.754428341384862,26.603596349973163,13.788244766505636,3.455448201825013,7.930756843800322,0.30193236714975846,7.071926999463232,1.9994632313472893,1.0802469135802468,0.6172839506172839,,0.2616747181964573
157,9.433709071390231,12.761674718196458,14.707461084272678,26.50966183574879,13.761406333870102,3.5829307568438002,7.856951154052603,0.30193236714975846,7.085346215780999,1.9994632313472893,1.1272141706924315,0.6105743424584005,,0.2616747181964573
158,9.453837895866881,12.761674718196458,14.720880300590446,26.46940418679549,13.6808910359635,3.743961352657005,7.776435856146001,0.30193236714975846,7.065217391304348,2.046430488459474,1.133923778851315,0.5837359098228664,,0.2616747181964573
159,9.473966720343531,12.761674718196458,14.700751476113794,26.187600644122384,13.6808910359635,4.045893719806763,7.776435856146001,0.30193236714975846,7.085346215780999,2.006172839506173,1.133923778851315,0.5837359098228664,,0.2616747181964573
160,9.265968867418144,12.305421363392378,16.371443907675793,25.677670424047236,13.22463768115942,4.025764895330113,7.7831454643048845,0.33548040794417605,7.098765432098766,1.9457863660762211,1.1205045625335481,0.5837359098228664,,0.2616747181964573
161,9.292807300053678,12.25174449812131,16.384863123993558,25.644122383252817,13.217928073000536,4.086151368760064,7.769726247987117,0.36231884057971014,7.071926999463232,1.9390767579173376,1.133923778851315,0.5837359098228664,,0.2616747181964573
162,9.326355340848094,12.258454106280194,16.304347826086957,25.63070316693505,13.325281803542673,4.086151368760064,7.796564680622652,0.36231884057971014,7.065217391304348,1.8853998926462694,1.1272141706924315,0.5703166935050993,,0.2616747181964573
163,9.333064949006978,12.258454106280194,16.29092860976919,25.543478260869566,13.264895330112722,4.1532474503489,7.803274288781535,0.36231884057971014,7.051798174986581,1.932367149758454,1.1540526033279657,0.5904455179817498,,0.2616747181964573
164,9.39345142243693,12.258454106280194,16.210413311862588,25.43612453032743,13.217928073000536,4.253891572732153,7.803274288781535,0.39586688137412773,7.092055823939882,1.9390767579173376,1.1540526033279657,0.5837359098228664,,0.2616747181964573
165,9.41358024691358,12.25174449812131,16.27079978529254,25.369028448738593,13.20450885668277,4.28743961352657,7.803274288781535,0.39586688137412773,7.065217391304348,1.9390767579173376,1.1540526033279657,0.5837359098228664,,0.2616747181964573
166,9.426999463231347,12.224906065485776,16.25067096081589,25.315351583467525,13.211218464841654,4.314278046162104,7.769726247987117,0.39586688137412773,7.0450885668276975,1.9994632313472893,1.2144390767579174,0.5837359098228664,,0.24825550187869028
167,9.54777241009125,12.144390767579173,16.27079978529254,25.261674718196456,13.197799248523886,4.374664519592056,7.763016639828234,0.39586688137412773,7.051798174986581,1.9524959742351047,1.2144390767579174,0.5636070853462157,,0.2616747181964573
168,9.567901234567902,12.117552334943639,16.23725174449812,25.248255501878692,13.144122383252817,4.361245303274289,7.763016639828234,0.41599570585077833,7.132313472893183,1.9793344068706387,1.2144390767579174,0.5837359098228664,,0.23483628556092323
169,8.293075684380032,9.252549651100376,15.049651100375739,34.45383789586688,10.929951690821255,4.30756843800322,7.071926999463232,0.4025764895330113,6.488191089640365,1.9457863660762211,0.9930220075147611,0.5770263016639828,,0.23483628556092323
170,8.299785292538916,9.104938271604938,15.787707997852925,34.43370907139023,10.473698336017177,4.294149221685454,7.011540526033279,0.4025764895330113,6.474771873322598,1.8719806763285025,0.9930220075147611,0.6172839506172839,,0.23483628556092323
171,8.400429414922169,9.01100375738057,15.774288781535159,34.366612989801396,10.473698336017177,4.294149221685454,7.065217391304348,0.38915727321524424,6.474771873322598,1.8719806763285025,1.0265700483091786,0.6172839506172839,,0.23483628556092323
172,8.393719806763285,9.037842190016104,15.780998389694043,34.29951690821256,10.46027911969941,4.294149221685454,7.092055823939882,0.38915727321524424,6.468062265163715,1.8585614600107354,1.0735373054213635,0.6172839506172839,,0.23483628556092323
173,8.588298443370908,9.037842190016104,15.713902308105206,34.11164787976382,10.34621578099839,4.414922168545357,7.078636607622115,0.41599570585077833,6.468062265163715,1.9189479334406871,1.0735373054213635,0.6172839506172839,,0.2147074610842727
174,8.628556092324208,9.017713365539452,15.713902308105206,33.9975845410628,10.34621578099839,4.468599033816425,7.085346215780999,0.43612453032742887,6.461352657004831,1.9457863660762211,1.06682769726248,0.6172839506172839,,0.2147074610842727
175,8.655394524959743,9.064680622651638,15.72061191626409,33.82984433709071,10.339506172839506,4.4820182501341925,7.085346215780999,0.41599570585077833,6.4412238325281805,2.0531400966183573,1.06682769726248,0.6172839506172839,,0.2281266774020397
