,45,50,51,55,52,54,53,58,60,56,57,59,61
0,99.66451959205583,0.33548040794417605,,,,,,,,,,,
1,99.40955448201825,0.5904455179817498,,,,,,,,,,,
2,99.14787976382179,0.8521202361782072,,,,,,,,,,,
3,94.47128287707997,5.528717122920021,,,,,,,,,,,
4,90.78099838969405,9.219001610305957,,,,,,,,,,,
5,90.49919484702093,9.400161030595813,0.10064412238325282,,,,,,,,,,
6,89.84836285560924,10.050993022007514,0.10064412238325282,,,,,,,,,,
7,88.75469672571121,11.144659151905529,0.10064412238325282,,,,,,,,,,
8,88.6406333870102,11.258722490606548,0.10064412238325282,,,,,,,,,,
9,87.88244766505636,12.016908212560386,0.10064412238325282,,,,,,,,,,
10,83.8768115942029,16.022544283413847,0.10064412238325282,,,,,,,,,,
11,82.7361782071927,17.163177670424048,0.10064412238325282,,,,,,,,,,
12,82.10547504025764,17.793880837359097,0.10064412238325282,,,,,,,,,,
13,81.19296833064949,18.706387546967257,0.10064412238325282,,,,,,,,,,
14,80.79039184111647,19.008319914117017,0.10064412238325282,0.10064412238325282,,,,,,,,,
15,70.66559312936124,29.2337627482555,,0.10064412238325282,,,,,,,,,
16,69.5450885668277,28.187063875469672,,0.10064412238325282,2.167203435319377,,,,,,,,
17,68.54535695115405,29.186795491143318,,0.10064412238325282,2.167203435319377,,,,,,,,
18,68.20987654320987,29.522275899087493,,0.10064412238325282,2.167203435319377,,,,,,,,
19,64.00295222758992,32.045088566827694,1.3620504562533549,0.3421900161030596,2.167203435319377,0.08051529790660225,,,,,,,
20,62.30542136339238,30.83064949006978,5.515297906602254,0.3421900161030596,0.33548040794417605,0.6709608158883521,,,,,,,
21,61.77536231884058,28.31454643048846,8.57487922705314,0.32877079978529256,0.33548040794417605,0.6709608158883521,,,,,,,
22,59.27938808373591,30.776972624798713,8.655394524959743,0.32877079978529256,0.2885131508319914,0.6709608158883521,,,,,,,
23,59.41358024691358,30.64278046162104,8.668813741277509,0.32877079978529256,0.2885131508319914,0.6575415995705851,,,,,,,
24,55.89103596349973,30.897745571658614,9.702093397745571,0.32877079978529256,1.06682769726248,0.7783145464304885,1.3352120236178207,,,,,,
25,54.93827160493827,31.87734836285561,9.675254965110037,0.32877079978529256,1.06682769726248,0.7783145464304885,1.3352120236178207,,,,,,
26,54.0727321524423,32.18599033816425,9.668545356951155,0.32877079978529256,1.133923778851315,1.1205045625335481,1.4895330112721417,,,,,,
27,54.3142780461621,32.098765432098766,9.514224369296834,0.32877079978529256,1.133923778851315,1.1205045625335481,1.4895330112721417,,,,,,
28,52.69726247987118,33.42055823939882,9.608158883521202,0.5971551261406334,1.133923778851315,1.0534084809447128,1.4895330112721417,,,,,,
29,52.55636070853462,33.48765432098765,9.681964573268921,0.5971551261406334,1.133923778851315,1.0534084809447128,1.4895330112721417,,,,,,
30,20.819914117015568,70.28985507246377,1.8384326355340848,4.05931293612453,,0.08051529790660225,2.8515834675254963,0.06038647342995169,,,,,
31,20.316693505099302,67.49865807836822,1.9860440150295222,6.481481481481482,,0.08051529790660225,3.4688674181427803,0.16774020397208803,,,,,
32,20.115405260332796,67.62614063338701,1.9860440150295222,6.488191089640365,,0.12077294685990338,3.4286097691894795,0.16774020397208803,0.06709608158883522,,,,
33,19.0552871712292,67.90794417606011,2.328234031132582,6.9243156199677935,,0.12077294685990338,3.4286097691894795,0.16774020397208803,0.06709608158883522,,,,
34,19.28341384863124,67.33091787439614,2.38191089640365,7.011540526033279,,0.12077294685990338,3.3816425120772946,0.16774020397208803,0.06709608158883522,0.17444981213097155,0.08051529790660225,,
35,19.699409554482017,65.41196994095544,2.38191089640365,8.55475040257649,,0.12077294685990338,3.260869565217391,0.16774020397208803,0.14761137949543746,0.17444981213097155,0.08051529790660225,,
36,19.85373054213634,64.56655931293612,2.26784755770263,9.205582393988191,0.12077294685990338,0.23483628556092323,3.1870638754696725,0.1610305958132045,0.14761137949543746,0.17444981213097155,0.08051529790660225,,
37,19.940955448201827,63.95598497047772,2.2410091250670963,9.561191626409018,0.12077294685990338,0.23483628556092323,3.3279656468062266,0.1610305958132045,0.14761137949543746,0.17444981213097155,0.08051529790660225,0.05367686527106817,
38,19.887278582930758,63.12399355877617,2.328234031132582,9.708803005904455,0.16774020397208803,0.5568974771873323,3.5292538915727323,0.24154589371980675,0.14761137949543746,0.17444981213097155,0.08051529790660225,0.05367686527106817,
39,20.101986044015028,61.37949543746645,2.281266774020397,11.124530327428879,0.16774020397208803,0.6374127750939346,3.5292538915727323,0.24154589371980675,0.14761137949543746,0.17444981213097155,0.1610305958132045,0.05367686527106817,
40,20.39049919484702,60.97691894793344,2.281266774020397,11.117820719269995,0.16774020397208803,0.7581857219538379,3.5292538915727323,0.24154589371980675,0.14761137949543746,0.17444981213097155,0.1610305958132045,0.05367686527106817,
41,20.42404723564144,60.74208266237252,2.033011272141707,11.064143853998926,0.16774020397208803,0.9057971014492754,3.8848631239935587,0.24154589371980675,0.14761137949543746,0.17444981213097155,0.1610305958132045,0.05367686527106817,
42,20.8467525496511,60.238862050456255,2.033011272141707,11.064143853998926,0.16774020397208803,0.9057971014492754,3.8848631239935587,0.24154589371980675,0.14761137949543746,0.17444981213097155,0.24154589371980675,0.05367686527106817,
43,20.75281803542673,59.91009125067096,2.059849704777241,10.735373054213634,0.16774020397208803,0.9057971014492754,3.8848631239935587,0.24154589371980675,0.14761137949543746,0.95276435856146,0.24154589371980675,,
44,20.8064949006978,58.82984433709071,2.059849704777241,11.761943102522812,0.16774020397208803,0.9057971014492754,3.8848631239935587,0.24154589371980675,0.14761137949543746,0.95276435856146,0.24154589371980675,,
45,21.054750402576488,57.8972088030059,2.0933977455716586,12.258454106280194,0.16774020397208803,0.9057971014492754,3.844605475040258,0.24154589371980675,0.1274825550187869,1.1674718196457328,0.24154589371980675,,
46,21.081588835212024,56.98470209339774,2.13365539452496,12.278582930756844,0.16774020397208803,1.5767579173376274,3.750670960815888,0.5568974771873323,0.1274825550187869,1.1003757380568975,0.24154589371980675,,
47,20.90713902308105,56.474771873322595,2.1806226516371443,12.385936661298981,0.16774020397208803,2.1135265700483092,3.743961352657005,0.5568974771873323,0.1274825550187869,1.1003757380568975,0.24154589371980675,,
48,20.86688137412775,56.01180891035963,2.214170692431562,12.835480407944177,0.16774020397208803,2.227589908749329,3.6500268384326353,0.5568974771873323,0.1274825550187869,1.1003757380568975,0.24154589371980675,,
49,20.86688137412775,55.66961889425657,2.214170692431562,13.083735909822867,0.16774020397208803,2.3215244229736984,3.6500268384326353,0.5568974771873323,0.1274825550187869,1.1003757380568975,0.24154589371980675,,
50,21.470746108427267,55.072463768115945,2.214170692431562,12.942834138486312,0.16774020397208803,2.4825550187869028,3.6500268384326353,0.5568974771873323,0.1274825550187869,1.1003757380568975,0.2147074610842727,,
51,20.947396672034355,53.52925389157273,2.167203435319377,12.989801395598498,0.04696725711218465,2.4825550187869028,5.844068706387547,0.5568974771873323,0.1274825550187869,1.093666129898014,0.2147074610842727,,
52,20.336822329575952,54.00563607085346,1.9659151905528718,13.331991411701557,0.04696725711218465,2.475845410628019,5.844068706387547,0.5568974771873323,0.1274825550187869,1.093666129898014,0.2147074610842727,,
53,20.52469135802469,53.34138486312399,1.9659151905528718,13.39237788513151,0.6105743424584005,2.5496511003757383,5.642780461621041,0.5568974771873323,0.1274825550187869,1.0735373054213635,0.2147074610842727,,
54,19.49812130971551,51.47611379495437,5.428073000536768,13.546698872785829,0.6105743424584005,2.4825550187869028,5.213365539452496,0.39586688137412773,0.1274825550187869,1.0399892646269457,0.18115942028985507,,
55,19.30354267310789,49.543746645195924,5.428073000536768,12.553676865271068,0.6105743424584005,5.676328502415459,5.213365539452496,0.39586688137412773,0.08051529790660225,1.0131508319914118,0.18115942028985507,,
56,18.98148148148148,48.64465915190553,5.401234567901234,11.486849168008588,0.6105743424584005,7.729468599033816,5.360976918947934,0.39586688137412773,0.2281266774020397,1.0131508319914118,0.14761137949543746,,
57,19.47128287707998,47.074610842726784,5.394524959742351,12.546967257112184,0.6105743424584005,7.689210950080516,5.3274288781535155,0.39586688137412773,0.3153515834675255,0.9863123993558777,0.14761137949543746,0.040257648953301126,
58,19.49812130971551,46.96725711218465,5.394524959742351,12.372517444981213,0.6105743424584005,7.387278582930757,5.522007514761138,0.6105743424584005,0.3153515834675255,0.9863123993558777,0.2952227589908749,0.040257648953301126,
59,18.53864734299517,43.78019323671498,4.019055287171229,11.721685453569512,2.690552871712292,8.507783145464305,8.581588835212024,0.5971551261406334,0.3153515834675255,0.9594739667203436,0.24825550187869028,0.040257648953301126,
60,18.290391841116477,42.00214707461084,4.019055287171229,13.459473966720344,2.8381642512077296,8.514492753623188,8.501073537305421,0.5971551261406334,0.3153515834675255,1.1741814278046163,0.24825550187869028,0.040257648953301126,
61,18.51851851851852,40.58641975308642,4.019055287171229,14.445786366076222,2.9723564143853998,8.440687063875469,8.501073537305421,0.5703166935050993,0.3153515834675255,1.3419216317767042,0.24825550187869028,0.040257648953301126,
62,18.793612453032743,39.84836285560923,4.019055287171229,14.11701556629093,2.9723564143853998,9.192163177670425,8.55475040257649,0.5568974771873323,0.3153515834675255,1.3419216317767042,0.24825550187869028,0.040257648953301126,
63,18.80703166935051,39.700751476113794,4.019055287171229,13.982823403113258,3.0327428878153517,9.185453569511541,8.662104133118627,0.6776704240472357,0.3153515834675255,1.328502415458937,0.24825550187869028,0.040257648953301126,
64,18.968062265163713,38.519860440150296,5.025496511003757,13.855340848094471,3.0059044551798175,9.037842190016104,9.111647879763822,0.5904455179817498,0.3153515834675255,1.2815351583467525,0.24825550187869028,0.040257648953301126,
65,19.216317767042405,38.31857219538379,5.0993022007514766,13.741277509393452,3.0059044551798175,9.05126140633387,8.970746108427267,0.7112184648416533,0.3153515834675255,1.2815351583467525,0.24825550187869028,0.040257648953301126,
66,19.290123456790123,37.78851315083199,4.522275899087493,13.982823403113258,3.0059044551798175,9.024422973698336,9.863123993558776,0.6374127750939346,0.3153515834675255,1.2815351583467525,0.24825550187869028,0.040257648953301126,
67,19.209608158883523,37.567096081588836,4.804079441760601,13.942565754159958,3.1199677938808374,8.99087493290392,9.769189479334408,0.7112184648416533,0.3153515834675255,1.2815351583467525,0.24825550187869028,0.040257648953301126,
68,19.256575415995705,37.3792270531401,4.804079441760601,14.036500268384327,3.1199677938808374,9.125067096081589,9.688674181427805,0.7045088566827697,0.3153515834675255,1.2815351583467525,0.24825550187869028,0.040257648953301126,
69,19.612184648416534,37.144390767579175,4.757112184648417,14.11701556629093,3.1199677938808374,9.104938271604938,9.608158883521202,0.7045088566827697,0.3153515834675255,1.2278582930756843,0.24825550187869028,0.040257648953301126,
70,19.585346215780998,37.11084272678475,4.703435319377348,14.036500268384327,3.1065485775630703,9.25925925925926,9.574610842726784,0.6910896403650026,0.3153515834675255,1.328502415458937,0.24825550187869028,0.040257648953301126,
71,18.230005367686527,36.218464841653244,7.702630166398282,13.81508319914117,2.0665593129361244,9.634997316156737,9.614868491680086,0.6910896403650026,0.3153515834675255,1.4224369296833066,0.24825550187869028,0.040257648953301126,
72,18.283682232957595,36.07085346215781,7.702630166398282,13.92914653784219,2.0665593129361244,9.634997316156737,9.554482018250134,0.8789586688137413,0.3153515834675255,1.2748255501878691,0.24825550187869028,0.040257648953301126,
73,17.297369833601717,37.07729468599034,7.514761137949543,14.076757917337627,2.033011272141707,9.634997316156737,9.541062801932368,0.8789586688137413,0.3153515834675255,1.2345679012345678,0.35560923242082665,0.040257648953301126,
74,17.290660225442835,36.87600644122383,7.581857219538379,13.935856146001074,2.1403650026838434,9.634997316156737,9.628287707997853,0.8789586688137413,0.3153515834675255,1.3217928073000538,0.35560923242082665,0.040257648953301126,
75,17.290660225442835,36.87600644122383,7.581857219538379,13.935856146001074,2.1403650026838434,9.634997316156737,9.628287707997853,0.8789586688137413,0.3153515834675255,1.3217928073000538,0.35560923242082665,0.040257648953301126,
76,17.659688674181428,36.600912506709605,7.440955448201825,14.049919484702093,2.1403650026838434,9.5276435856146,9.601449275362318,0.8789586688137413,0.30193236714975846,1.3217928073000538,0.35560923242082665,0.12077294685990338,
77,17.49194847020934,34.735641438539986,7.440955448201825,13.94927536231884,2.1068169618894257,9.822866344605474,11.600912506709609,0.8722490606548577,0.30193236714975846,1.0869565217391304,0.46967257112184646,0.12077294685990338,
78,17.652979066022546,34.45383789586688,7.4141170155662905,13.902308105206655,2.073268921095008,9.829575952764358,11.849168008588299,0.8722490606548577,0.30193236714975846,1.0869565217391304,0.46967257112184646,0.0939345142243693,
79,17.820719269994633,34.23242082662372,7.4141170155662905,13.88888888888889,2.0531400966183573,9.829575952764358,11.936392914653783,0.8722490606548577,0.30193236714975846,1.0869565217391304,0.46967257112184646,0.0939345142243693,
80,17.59259259259259,33.97074610842727,6.890767579173376,13.667471819645733,2.757648953301127,9.903381642512077,12.184648416532475,0.8722490606548577,0.30193236714975846,1.2949543746645196,0.46967257112184646,0.0939345142243693,
81,17.619431025228128,33.70907139023081,6.830381105743425,13.882179280730005,3.1870638754696725,9.66183574879227,11.956521739130435,0.8655394524959742,0.30193236714975846,1.261406333870102,0.46967257112184646,0.2549651100375738,
82,17.223564143854,33.3870101986044,7.2933440687063875,13.935856146001074,3.1736446591519054,9.876543209876543,11.956521739130435,0.8655394524959742,0.30193236714975846,1.261406333870102,0.46967257112184646,0.2549651100375738,
83,17.022275899087493,32.60198604401503,7.353730542136339,13.358829844337091,3.1199677938808374,12.164519592055823,11.332528180354267,0.8655394524959742,0.2214170692431562,1.2345679012345678,0.46967257112184646,0.2549651100375738,
84,17.351046698872786,32.35373054213634,7.27992485238862,13.466183574879228,3.099838969404187,12.157809983896941,11.225174449812132,0.8655394524959742,0.2214170692431562,1.2077294685990339,0.46967257112184646,0.30193236714975846,
85,17.2638217928073,30.88432635534085,7.246376811594203,12.761674718196458,3.099838969404187,14.533011272141707,11.077563070316694,0.8655394524959742,0.2214170692431562,1.2077294685990339,0.46967257112184646,0.36902844873859364,
86,17.344337090713903,30.709876543209877,7.212828770799785,12.74825550187869,3.240740740740741,14.445786366076222,11.11111111111111,0.8655394524959742,0.2214170692431562,1.2077294685990339,0.5233494363929146,0.36902844873859364,
87,17.51207729468599,29.636339237788512,7.991143317230274,12.567096081588835,3.2139023081052067,14.626945786366075,11.272141706924316,0.8588298443370908,0.2214170692431562,1.2077294685990339,0.5233494363929146,0.36902844873859364,
88,17.56575415995706,29.421631776704242,7.977724100912507,12.721417069243156,3.2004830917874396,14.660493827160494,11.258722490606548,0.8588298443370908,0.2214170692431562,1.221148684916801,0.5233494363929146,0.36902844873859364,
89,17.47181964573269,29.488727858293075,7.977724100912507,12.674449812130971,3.2004830917874396,14.694041867954912,11.29898013955985,0.8588298443370908,0.2214170692431562,1.221148684916801,0.5233494363929146,0.36902844873859364,
90,16.586151368760063,26.42914653784219,7.863660762211487,12.245034889962426,3.1736446591519054,19.75979602791197,11.144659151905529,0.7648953301127214,0.20799785292538917,1.1003757380568975,0.5166398282340311,0.20799785292538917,
91,16.49892646269458,26.1808910359635,8.501073537305421,11.922973698336017,2.9723564143853998,19.726247987117553,11.124530327428879,0.7648953301127214,0.20799785292538917,1.3754696725711217,0.5166398282340311,0.20799785292538917,
92,15.398550724637682,26.006441223832528,9.25925925925926,11.238593666129898,5.730005367686527,19.108964036500268,10.889694041867955,0.3488996242619431,0.06038647342995169,1.2345679012345678,0.5166398282340311,0.20799785292538917,
93,15.103327965646805,25.348899624261943,9.25925925925926,12.084004294149223,7.004830917874396,19.0150295222759,9.816156736446592,0.3488996242619431,0.06038647342995169,1.2345679012345678,0.5166398282340311,0.20799785292538917,
94,15.210681696188942,25.301932367149757,9.212292002147075,12.050456253354804,7.004830917874396,18.887546967257112,9.86983360171766,0.3488996242619431,0.06038647342995169,1.2345679012345678,0.5166398282340311,0.30193236714975846,
95,15.063070316693505,25.026838432635532,9.05126140633387,12.164519592055823,6.857219538378959,18.19645732689211,10.997047772410092,0.3488996242619431,0.06038647342995169,1.3217928073000538,0.6172839506172839,0.2952227589908749,
96,15.499194847020934,24.90606548577563,9.05126140633387,12.06387546967257,6.273483628556092,17.975040257648953,11.614331723027375,0.3488996242619431,0.06038647342995169,1.4090177133655395,0.5032206119162641,0.2952227589908749,
97,15.613258185721953,24.644390767579175,9.05126140633387,11.808910359634996,6.595544820182502,18.055555555555557,11.446591519055287,0.3488996242619431,0.06038647342995169,1.4090177133655395,0.6709608158883521,0.2952227589908749,
98,15.747450348899624,24.630971551261407,9.05126140633387,11.90955448201825,6.709608158883521,17.94820182501342,11.258722490606548,0.3488996242619431,0.06038647342995169,1.3687600644122384,0.6709608158883521,0.2952227589908749,
99,15.76086956521739,25.147611379495437,8.870101986044014,11.896135265700483,6.6827697262479875,17.652979066022546,11.178207192699947,0.3488996242619431,0.04696725711218465,1.4761137949543746,0.6709608158883521,0.2683843263553409,
100,15.874932903918411,25.0,8.870101986044014,11.929683306494901,6.6827697262479875,17.69994632313473,11.131239935587761,0.3488996242619431,0.04696725711218465,1.4761137949543746,0.6709608158883521,0.2683843263553409,
101,15.579710144927537,24.65780998389694,8.870101986044014,12.057165861513688,6.6760601180891035,18.223295759527645,11.064143853998926,0.3488996242619431,0.04696725711218465,1.4358561460010735,0.6709608158883521,0.36902844873859364,
102,15.874932903918411,24.54374664519592,8.870101986044014,12.010198604401502,6.796833064949007,18.08239398819109,10.88298443370907,0.3488996242619431,0.04696725711218465,1.4358561460010735,0.6709608158883521,0.43612453032742887,
103,16.19699409554482,24.50348899624262,8.870101986044014,11.748523886205046,6.78341384863124,17.66639828234031,10.762211486849168,0.5837359098228664,0.04696725711218465,1.4358561460010735,0.966183574879227,0.43612453032742887,
104,16.398282340311326,24.362587224906065,8.675523349436393,11.641170155662909,7.024959742351046,17.351046698872786,10.923242082662373,0.5636070853462157,0.04696725711218465,1.5163714439076759,1.0601180891035964,0.43612453032742887,
105,16.29092860976919,24.27536231884058,8.641975308641975,11.574074074074074,6.723027375201288,17.8743961352657,10.829307568438002,0.5636070853462157,0.04696725711218465,1.751207729468599,1.0534084809447128,0.3757380568974772,
106,16.022544283413847,22.84621578099839,8.682232957595277,11.117820719269995,6.541867954911433,18.397745571658614,12.546967257112184,0.6172839506172839,0.04696725711218465,1.751207729468599,1.0534084809447128,0.3757380568974772,
107,15.942028985507246,22.65834675254965,8.78287707997853,11.245303274288782,6.501610305958132,18.55877616747182,12.426194310252281,0.6172839506172839,0.04696725711218465,1.751207729468599,1.1205045625335481,0.3488996242619431,
108,16.27750939345142,22.436929683306495,8.68894256575416,11.231884057971014,6.5552871712292005,18.391035963499732,12.533548040794418,0.6172839506172839,0.04696725711218465,1.751207729468599,1.1205045625335481,0.3488996242619431,
109,16.27750939345142,22.16183574879227,8.870101986044014,11.137949543746645,6.494900697799249,18.129361245303276,12.446323134728932,0.7112184648416533,0.04696725711218465,1.724369296833065,1.6572732152442298,0.3421900161030596,
110,16.378153515834676,22.10144927536232,8.870101986044014,11.2788513150832,6.494900697799249,18.04213633923779,12.352388620504563,0.7112184648416533,0.04696725711218465,1.724369296833065,1.6572732152442298,0.3421900161030596,
111,16.586151368760063,21.900161030595815,8.84326355340848,11.231884057971014,6.494900697799249,18.075684380032207,12.385936661298981,0.7112184648416533,0.04696725711218465,1.724369296833065,1.6572732152442298,0.3421900161030596,
112,16.76731078904992,21.880032206119164,8.816425120772946,11.191626409017713,6.367418142780462,18.04213633923779,12.453032742887816,0.7112184648416533,0.04696725711218465,1.724369296833065,1.6572732152442298,0.3421900161030596,
113,16.941760601180892,21.631776704240472,9.057971014492754,11.225174449812132,6.320450885668277,17.887815351583466,12.453032742887816,0.7112184648416533,0.04696725711218465,1.724369296833065,1.6572732152442298,0.3421900161030596,
114,17.042404723564143,21.598228663446054,9.219001610305957,11.292270531400966,6.085614600107354,17.780461621041333,12.385936661298981,0.6843800322061192,0.04696725711218465,1.865271068169619,1.6572732152442298,0.3421900161030596,
115,17.07595276435856,21.423778851315085,9.078099838969404,11.158078368223295,6.293612453032743,17.894524959742352,12.379227053140097,0.7313472893183038,0.04696725711218465,1.865271068169619,1.710950080515298,0.3421900161030596,
116,16.854535695115406,21.256038647342994,9.306226516371444,10.997047772410092,6.414385399892646,17.290660225442835,13.251476113794954,0.7313472893183038,0.04696725711218465,1.865271068169619,1.710950080515298,0.27509393451422437,
117,16.5727321524423,21.370101986044016,9.306226516371444,11.017176596886742,6.280193236714976,17.538915727321523,13.331991411701557,0.785024154589372,0.04696725711218465,1.7847557702630166,1.6908212560386473,0.27509393451422437,
118,16.982018250134193,21.155394524959743,9.252549651100376,10.856146001073537,6.213097155126141,17.52549651100376,13.372249060654857,0.785024154589372,0.04696725711218465,1.778046162104133,1.7579173376274826,0.27509393451422437,
119,17.062533548040793,20.9272678475577,9.252549651100376,10.88298443370907,6.246645195920558,17.424852388620504,13.486312399355878,0.785024154589372,0.04696725711218465,1.778046162104133,1.8317230273752012,0.27509393451422437,
120,17.163177670424048,20.77294685990338,9.252549651100376,10.849436392914654,6.239935587761675,17.444981213097154,13.560118089103597,0.785024154589372,0.04696725711218465,1.6975308641975309,1.7444981213097155,0.4428341384863124,
121,17.619431025228128,20.323403113258184,9.192163177670425,10.976918947933441,5.964841653247451,17.223564143854,13.6808910359635,0.9863123993558777,0.04696725711218465,1.8183038110574343,1.7444981213097155,0.4227053140096618,
122,17.847557702630166,20.276435856146,9.185453569511541,10.916532474503489,5.958132045088567,17.05582393988191,13.539989264626946,0.9863123993558777,0.04696725711218465,1.90552871712292,1.710950080515298,0.5703166935050993,
123,17.98845947396672,20.148953301127214,9.185453569511541,10.990338164251208,5.911164787976382,16.935050993022006,13.526570048309178,1.107085346215781,0.04696725711218465,1.892109500805153,1.710950080515298,0.5568974771873323,
124,17.867686527106816,20.034889962426195,8.836553945249598,10.829307568438002,8.011272141706923,15.002683843263553,13.982823403113258,1.107085346215781,0.04696725711218465,1.892109500805153,1.6505636070853462,0.7380568974771873,
125,18.136070853462158,19.98792270531401,8.789586688137414,10.762211486849168,7.96430488459474,14.908749329039184,13.935856146001074,1.107085346215781,0.04696725711218465,1.8518518518518519,1.7981749865807837,0.7112184648416533,
126,18.156199677938808,19.847020933977454,8.702361782071927,10.735373054213634,7.96430488459474,15.230810520665592,13.88888888888889,1.0735373054213635,0.04696725711218465,1.8451422436929683,1.7981749865807837,0.7112184648416533,
127,18.256843800322063,19.81347289318304,8.675523349436393,10.735373054213634,7.950885668276973,15.418679549114332,13.533279656468062,1.0735373054213635,0.04696725711218465,1.8451422436929683,1.7981749865807837,0.8521202361782072,
128,18.531937734836287,19.632313472893184,8.648684916800859,11.010466988727858,7.930756843800322,15.398550724637682,13.24476650563607,1.0735373054213635,0.04696725711218465,1.8317230273752012,1.7981749865807837,0.8521202361782072,
129,18.230005367686527,19.43773483628556,9.29951690821256,10.245571658615138,7.863660762211487,15.465646806226516,13.117283950617283,1.0735373054213635,0.04696725711218465,1.8250134192163177,2.5496511003757383,0.8454106280193237,
130,18.47826086956522,19.176060118089104,9.29951690821256,10.292538915727322,7.863660762211487,15.445517981749866,13.137412775093935,1.0735373054213635,0.04696725711218465,1.8250134192163177,2.5429414922168547,0.8185721953837896,
131,18.753354804079443,19.02173913043478,9.25925925925926,10.560923242082662,7.930756843800322,15.331454643048845,12.969672571121846,0.9796027911969941,0.04696725711218465,1.8250134192163177,2.5026838432635534,0.8185721953837896,
132,18.90096618357488,18.65271068169619,9.192163177670425,10.581052066559312,7.937466451959206,15.787707997852925,12.801932367149758,0.8722490606548577,0.04696725711218465,1.9122383252818036,2.49597423510467,0.8185721953837896,
133,18.69296833064949,17.901234567901234,9.158615136876007,9.856414385399892,7.917337627482555,17.008856682769725,13.667471819645733,0.8319914117015567,0.04696725711218465,1.737788513150832,2.3617820719269993,0.8185721953837896,
134,18.739935587761675,17.68652710681696,9.098228663446054,9.856414385399892,7.9106280193236715,17.143048845947398,13.754696725711218,0.95276435856146,0.04696725711218465,1.6706924315619969,2.3215244229736984,0.8185721953837896,
135,18.86070853462158,17.66639828234031,9.098228663446054,9.842995169082126,7.769726247987117,16.908212560386474,13.741277509393452,0.95276435856146,0.04696725711218465,1.778046162104133,2.3215244229736984,1.0131508319914118,
136,18.90096618357488,17.579173376274827,9.957058507783145,9.923510466988727,7.273215244229737,16.606280193236714,13.694310252281268,0.95276435856146,0.04696725711218465,1.7310789049919484,2.3215244229736984,1.0131508319914118,
137,19.108964036500268,17.57246376811594,9.883252818035427,9.923510466988727,7.4006977992485234,16.49892646269458,13.546698872785829,0.95276435856146,0.04696725711218465,1.7310789049919484,2.3215244229736984,1.0131508319914118,
138,19.202898550724637,17.498658078368223,9.75577026301664,9.876543209876543,7.306763285024155,16.6129898013956,13.593666129898015,0.95276435856146,0.04696725711218465,1.7310789049919484,2.408749329039184,1.0131508319914118,
139,18.874127750939344,17.371175523349436,9.88996242619431,9.77589908749329,7.286634460547504,17.10950080515298,13.539989264626946,0.95276435856146,0.04696725711218465,1.7310789049919484,2.408749329039184,1.0131508319914118,
140,18.88083735909823,16.820987654320987,9.88996242619431,9.702093397745571,6.327160493827161,16.71363392377885,15.599838969404187,1.093666129898014,,1.5499194847020934,2.408749329039184,1.0131508319914118,
141,19.14922168545357,16.794149221685455,9.88996242619431,9.655126140633387,6.327160493827161,16.67337627482555,15.45222758990875,1.0869565217391304,,1.5499194847020934,2.408749329039184,1.0131508319914118,
142,19.410896403650028,16.532474503488995,9.88996242619431,9.400161030595813,6.327160493827161,16.894793344068706,15.53274288781535,1.0869565217391304,,1.5163714439076759,2.395330112721417,1.0131508319914118,
143,19.37734836285561,16.404991948470208,10.815888352120236,8.930488459473967,6.078904991948471,16.485507246376812,15.921900161030596,1.0869565217391304,,1.6304347826086956,2.254428341384863,1.0131508319914118,
144,19.639023081052066,16.264090177133657,10.674986580783683,9.01100375738057,6.139291465378422,16.472088030059044,15.868223295759528,1.0869565217391304,,1.5767579173376274,2.254428341384863,1.0131508319914118,
145,19.47128287707998,15.962157809983896,10.628019323671497,8.903650026838433,6.038647342995169,16.29092860976919,16.76731078904992,1.0534084809447128,,1.583467525496511,2.368491680085883,0.9326355340848095,
146,19.726247987117553,15.901771336553946,10.507246376811594,8.722490606548577,6.427804616210413,16.378153515834676,16.451959205582394,1.133923778851315,,1.5230810520665594,2.2946859903381642,0.9326355340848095,
147,19.96779388083736,15.868223295759528,10.487117552334944,8.635265700483092,6.266774020397209,16.163446054750402,16.505636070853463,1.133923778851315,,1.6774020397208802,2.2946859903381642,0.9997316156736447,
148,19.867149758454108,15.98899624261943,10.420021470746109,8.460815888352121,6.528448738593666,16.15673644659152,16.404991948470208,1.133923778851315,,1.7444981213097155,2.2946859903381642,0.9997316156736447,
149,20.02818035426731,15.915190552871712,10.373054213633925,8.53462157809984,6.508319914117015,16.223832528180353,16.243961352657006,1.221148684916801,,1.6572732152442298,2.2946859903381642,0.9997316156736447,
150,20.182501341921633,15.83467525496511,10.292538915727322,8.487654320987655,6.78341384863124,16.089640365002683,16.109769189479334,1.221148684916801,,1.6371443907675791,2.3617820719269993,0.9997316156736447,
151,20.511272141706925,15.76086956521739,10.225442834138486,8.400429414922169,6.709608158883521,15.868223295759528,15.854804079441761,1.2278582930756843,,2.086688137412775,2.3550724637681157,0.9997316156736447,
152,20.531400966183575,15.76086956521739,10.225442834138486,8.333333333333334,6.6827697262479875,15.821256038647343,15.895061728395062,1.2278582930756843,,2.086688137412775,2.4355877616747184,0.9997316156736447,
153,20.611916264090176,15.693773483628556,10.010735373054214,8.266237251744498,6.816961889425658,15.787707997852925,15.827965646806227,1.2278582930756843,,2.2745571658615136,2.4825550187869028,0.9997316156736447,
154,20.44417606011809,15.660225442834138,10.00402576489533,8.353462157809984,7.071926999463232,15.660225442834138,15.807836822329575,1.2278582930756843,,2.2745571658615136,2.49597423510467,0.9997316156736447,
155,20.699141170155663,15.626677402039721,9.75577026301664,8.28636607622115,7.1658615136876005,15.666935050993022,15.801127214170693,1.2278582930756843,,2.2745571658615136,2.49597423510467,0.9997316156736447,
156,20.947396672034355,15.35829307568438,9.836285560923242,8.279656468062266,7.1658615136876005,15.53274288781535,15.539452495974235,1.2278582930756843,,2.5697799248523885,2.563070316693505,0.9796027911969941,
157,20.913848631239937,15.28448738593666,9.809447128287708,8.259527643585615,7.991143317230274,14.875201288244767,15.371712292002147,1.3150831991411702,,2.5429414922168547,2.657004830917874,0.9796027911969941,
158,20.954106280193237,15.28448738593666,9.789318303811058,8.239398819108963,7.917337627482555,14.834943639291465,15.485775630703166,1.3150831991411702,,2.5429414922168547,2.657004830917874,0.9796027911969941,
159,20.974235104669887,15.210681696188942,9.916800858829845,8.427267847557703,7.890499194847021,14.660493827160494,15.767579173376275,1.3150831991411702,,2.2879763821792807,2.5697799248523885,0.9796027911969941,
160,21.014492753623188,15.13016639828234,10.071121846484166,8.413848631239935,7.843531937734836,14.660493827160494,15.445517981749866,1.3016639828234031,,2.5697799248523885,2.5697799248523885,0.9796027911969941,
161,21.041331186258724,15.069779924852389,10.00402576489533,8.32662372517445,8.07836822329576,14.834943639291465,15.311325818572195,1.2949543746645196,,2.5563607085346214,2.5026838432635534,0.9796027911969941,
162,21.101717659688674,15.049651100375739,10.00402576489533,8.293075684380032,8.071658615136876,14.834943639291465,15.163714439076758,1.247987117552335,,2.623456790123457,2.6301663982823404,0.9796027911969941,
163,21.336553945249598,15.076489533011273,9.930220075147611,8.225979602791197,8.071658615136876,15.049651100375739,15.257648953301127,1.2412775093934514,,2.428878153515835,2.589908749329039,0.7917337627482555,
164,21.296296296296298,15.069779924852389,9.594739667203436,8.816425120772946,8.051529790660226,14.922168545356952,15.297906602254429,1.2278582930756843,,2.3617820719269993,2.5697799248523885,0.7917337627482555,
165,21.390230810520666,15.049651100375739,9.554482018250134,8.78287707997853,8.024691358024691,14.868491680085883,15.271068169618895,1.1876006441223832,,2.49597423510467,2.5697799248523885,0.8051529790660226,
166,21.651905528717123,14.9020397208803,9.359903381642512,9.064680622651638,7.917337627482555,14.928878153515834,15.116747181964573,1.1876006441223832,,2.49597423510467,2.5697799248523885,0.8051529790660226,
167,21.752549651100377,14.88191089640365,9.359903381642512,9.064680622651638,7.9039184111647875,14.875201288244767,15.103327965646805,1.1876006441223832,,2.49597423510467,2.5697799248523885,0.8051529790660226,
168,21.061460010735374,14.371980676328503,9.339774557165862,8.3064949006978,8.091787439613526,14.13714439076758,18.276972624798713,1.2010198604401503,,2.3886205045625335,2.033011272141707,0.7917337627482555,
169,21.28287707997853,14.231078904991948,9.326355340848094,8.225979602791197,8.044820182501342,13.962694578636608,18.51851851851852,1.2010198604401503,,2.3886205045625335,2.0263016639828235,0.7917337627482555,
170,21.3768115942029,14.070048309178745,9.326355340848094,8.051529790660226,8.038110574342458,14.217659688674182,18.397745571658614,1.2010198604401503,,2.428878153515835,2.100107353730542,0.7917337627482555,
171,21.034621578099838,13.6808910359635,9.212292002147075,7.830112721417069,8.655394524959743,13.157541599570585,19.840311325818572,1.2010198604401503,,2.4154589371980677,2.2208803005904456,0.7514761137949544,
172,21.24932903918411,13.539989264626946,9.212292002147075,7.722758990874933,8.648684916800859,13.318572195383789,19.73966720343532,1.1943102522812667,,2.4154589371980677,2.2074610842726785,0.7514761137949544,
173,21.531132581857218,13.493022007514762,9.131776704240472,7.675791733762749,8.68894256575416,13.318572195383789,19.605475040257648,1.1808910359634996,,2.4154589371980677,2.2074610842726785,0.7514761137949544,
174,21.67874396135266,13.506441223832528,9.104938271604938,7.675791733762749,8.641975308641975,13.311862587224907,19.558507783145465,1.1808910359634996,,2.38191089640365,2.2074610842726785,0.7514761137949544,
175,21.202361782071925,13.499731615673644,9.098228663446054,7.635534084809447,10.285829307568438,12.439613526570048,20.034889962426195,1.1674718196457328,,2.38191089640365,1.8451422436929683,0.4092860976918948,
176,21.07487922705314,13.499731615673644,8.78287707997853,7.541599570585078,11.010466988727858,12.258454106280194,19.806763285024154,1.1674718196457328,,2.7442297369833604,1.737788513150832,0.3757380568974772,
177,20.73268921095008,13.378958668813741,8.568169618894256,7.454374664519592,13.285024154589372,11.782071926999464,18.914385399892645,1.1473429951690821,,2.8650026838432634,1.4962426194310252,0.3757380568974772,
178,21.088298443370906,13.22463768115942,8.527911969940956,7.514761137949543,13.170960815888352,11.855877616747183,18.80703166935051,1.1473429951690821,,2.791196994095545,1.4962426194310252,0.3757380568974772,
179,20.242887815351583,13.982823403113258,8.152173913043478,7.521470746108427,12.647611379495437,13.459473966720344,18.209876543209877,1.1473429951690821,,2.7643585614600106,1.4962426194310252,0.3757380568974772,
180,20.544820182501343,13.955984970477724,8.044820182501342,7.4006977992485234,12.714707461084272,13.459473966720344,18.12265163714439,1.1473429951690821,,2.757648953301127,1.4761137949543746,0.3757380568974772,
181,20.652173913043477,13.915727321524423,8.13875469672571,7.340311325818572,12.432903918411165,13.627214170692431,18.156199677938808,1.1473429951690821,,2.737520128824477,1.4761137949543746,0.3757380568974772,
182,20.377079978529252,14.17740203972088,8.105206655931294,7.320182501341922,12.245034889962426,14.36527106816962,17.60601180891036,1.1473429951690821,,2.737520128824477,1.5499194847020934,0.36902844873859364,
183,20.544820182501343,14.15727321524423,7.890499194847021,7.561728395061729,12.439613526570048,14.070048309178745,17.485238862050455,1.1473429951690821,,2.7844873859366612,1.5499194847020934,0.36902844873859364,
184,20.511272141706925,13.808373590982287,8.024691358024691,7.434245840042942,12.238325281803542,14.922168545356952,17.062533548040793,1.1473429951690821,,2.6838432635534084,1.7981749865807837,0.36902844873859364,
185,20.558239398819108,13.808373590982287,7.98443370907139,7.434245840042942,12.352388620504563,14.63365539452496,17.21014492753623,0.9460547504025765,,2.7844873859366612,1.9189479334406871,0.36902844873859364,
186,20.933977455716587,13.627214170692431,7.937466451959206,7.615405260332796,12.385936661298981,14.479334406870638,17.12962962962963,0.9057971014492754,,2.6301663982823404,1.9927536231884058,0.36231884057971014,
187,20.638754696725712,13.607085346215781,10.7085346215781,7.615405260332796,10.721953837895867,14.150563607085346,17.05582393988191,0.8387010198604401,,2.428878153515835,1.90552871712292,0.32877079978529256,
188,20.893719806763286,13.446054750402576,10.7085346215781,7.695920558239399,10.587761674718196,13.989533011272142,16.988727858293075,0.8387010198604401,,2.536231884057971,1.9860440150295222,0.32877079978529256,
189,21.00107353730542,13.405797101449275,10.61460010735373,7.695920558239399,10.560923242082662,14.04320987654321,16.988727858293075,0.8387010198604401,,2.536231884057971,1.9860440150295222,0.32877079978529256,
190,21.450617283950617,13.298443370907139,10.433440687063875,7.702630166398282,10.453569511540525,14.110305958132045,16.820987654320987,0.8118625872249061,,2.6033279656468062,1.9860440150295222,0.32877079978529256,
191,21.672034353193773,13.197799248523886,10.38647342995169,7.769726247987117,10.406602254428341,14.049919484702093,16.78743961352657,0.8118625872249061,,2.6033279656468062,1.9860440150295222,0.32877079978529256,
192,21.477455716586153,13.030059044551798,10.48040794417606,7.568438003220612,11.104401502952227,13.976113794954374,16.63311862587225,0.8722490606548577,,2.563070316693505,1.9659151905528718,0.32877079978529256,
193,21.62506709608159,12.754965110037574,10.581052066559312,7.595276435856146,11.097691894793345,13.935856146001074,16.70692431561997,0.8722490606548577,,2.536231884057971,1.9659151905528718,0.32877079978529256,
194,21.83977455716586,12.754965110037574,10.540794417606012,7.568438003220612,11.11111111111111,13.862050456253355,16.61969940955448,0.8722490606548577,,2.536231884057971,1.9659151905528718,0.32877079978529256,
195,21.68545356951154,12.493290391841116,10.534084809447128,7.6623725174449815,11.097691894793345,14.781266774020397,16.069511540526033,0.8722490606548577,,2.522812667740204,1.9524959742351047,0.32877079978529256,
196,21.73913043478261,12.27187332259796,10.86285560923242,7.615405260332796,11.044015029522276,14.694041867954912,16.09634997316157,0.8722490606548577,,2.522812667740204,1.9524959742351047,0.32877079978529256,
197,21.22920021470746,12.117552334943639,13.09044551798175,7.716049382716049,12.037037037037036,13.915727321524423,15.177133655394526,0.6977992485238862,,1.9457863660762211,1.7042404723564144,0.36902844873859364,
198,21.162104133118625,12.191358024691358,13.063607085346217,7.716049382716049,12.070585077831455,13.935856146001074,15.143585614600108,0.6977992485238862,,1.9457863660762211,1.7042404723564144,0.36902844873859364,
