,45,50,51,55,54,52,57,53,56
0,98.13472893183038,1.865271068169619,,,,,,,
1,98.14143853998927,1.8585614600107354,,,,,,,
2,98.00053676865271,1.9994632313472893,,,,,,,
3,95.67901234567901,4.320987654320987,,,,,,,
4,95.53811057434245,4.461889425657541,,,,,,,
5,94.44444444444444,5.555555555555555,,,,,,,
6,94.27670424047236,5.723295759527644,,,,,,,
7,94.28341384863124,5.71658615136876,,,,,,,
8,94.00831991411701,5.991680085882985,,,,,,,
9,91.96859903381643,8.031400966183575,,,,,,,
10,91.21712292002147,8.78287707997853,,,,,,,
11,89.8215244229737,10.178475577026301,,,,,,,
12,89.3719806763285,10.628019323671497,,,,,,,
13,89.16398282340312,10.836017176596886,,,,,,,
14,88.64734299516908,11.352657004830919,,,,,,,
15,87.35909822866344,12.640901771336553,,,,,,,
16,86.85587761674718,13.144122383252817,,,,,,,
17,86.9296833064949,13.070316693505099,,,,,,,
18,86.93639291465378,13.063607085346217,,,,,,,
19,86.99006977992485,13.009930220075148,,,,,,,
20,86.60762211486849,13.39237788513151,,,,,,,
21,86.65458937198068,13.345410628019323,,,,,,,
22,86.1983360171766,13.801663982823403,,,,,,,
23,84.59473966720344,15.405260332796564,,,,,,,
24,84.26596886741814,15.734031132581856,,,,,,,
25,83.42055823939882,16.358024691358025,0.2214170692431562,,,,,,
26,75.74476650563606,23.060923242082662,1.1943102522812667,,,,,,
27,73.43666129898014,21.4573268921095,5.10601180891036,,,,,,
28,73.55743424584004,21.26945786366076,5.0791733762748255,0.0939345142243693,,,,,
29,73.329307568438,21.511003757380568,5.065754159957058,0.0939345142243693,,,,,
30,36.66129898013956,61.882716049382715,1.1674718196457328,0.2885131508319914,,,,,
31,37.40606548577563,59.896672034353195,1.7042404723564144,0.8588298443370908,0.13419216317767044,,,,
32,37.63419216317767,59.40016103059581,1.7042404723564144,0.8588298443370908,0.13419216317767044,0.2683843263553409,,,
33,29.723564143854,67.31078904991948,1.7042404723564144,0.8588298443370908,0.13419216317767044,0.2683843263553409,,,
34,29.924852388620504,54.95169082125604,1.7042404723564144,1.1943102522812667,0.13419216317767044,12.090713902308105,,,
35,30.300590445517983,54.589371980676326,1.7042404723564144,1.1943102522812667,0.13419216317767044,12.077294685990339,,,
36,30.414653784219002,54.1532474503489,1.7042404723564144,1.5633387010198605,0.13419216317767044,12.030327428878154,,,
37,29.837627482555018,47.765700483091784,1.3821792807300053,1.2278582930756843,0.13419216317767044,19.652442297369834,,,
38,30.01207729468599,47.43022007514761,1.3821792807300053,3.1535158346752548,0.2952227589908749,17.505367686527105,0.2214170692431562,,
39,30.018786902844873,47.51073537305421,1.3821792807300053,3.1468062265163717,0.2952227589908749,17.424852388620504,0.2214170692431562,,
40,30.394524959742352,46.833064949006975,1.751207729468599,3.2206119162640903,0.2616747181964573,17.317498658078367,0.2214170692431562,,
41,31.112453032742888,46.041331186258724,1.724369296833065,3.784219001610306,0.2549651100375738,17.082662372517444,,,
42,30.07246376811594,41.7740203972088,7.4006977992485234,3.770799785292539,0.24154589371980675,16.740472356414386,,,
43,30.421363392377884,41.626409017713364,7.367149758454106,3.7037037037037037,0.24154589371980675,16.344605475040257,0.2952227589908749,,
44,30.823939881910896,41.438539989264626,7.058507783145465,3.6902844873859366,0.24154589371980675,16.170155662909288,0.2952227589908749,0.28180354267310787,
45,31.239935587761675,41.196994095544824,6.998121309715513,3.589640365002684,0.35560923242082665,16.0426731078905,0.2952227589908749,0.28180354267310787,
46,31.17283950617284,40.143585614600106,8.340042941492216,3.5628019323671496,0.35560923242082665,15.915190552871712,0.2952227589908749,0.2147074610842727,
47,31.427804616210413,39.62694578636608,8.205850778314547,3.5225442834138487,0.35560923242082665,15.814546430488459,0.8319914117015567,0.2147074610842727,
48,31.776704240472355,39.418947933440684,8.205850778314547,3.5225442834138487,0.35560923242082665,15.673644659151906,0.8319914117015567,0.2147074610842727,
49,30.132850241545892,41.136607622114866,7.971014492753623,3.730542136339238,0.35560923242082665,15.626677402039721,0.8319914117015567,0.2147074610842727,
50,30.60252281266774,40.56629092860977,7.803274288781535,3.4420289855072466,0.24154589371980675,15.734031132581856,0.8051529790660226,0.8051529790660226,
51,29.58937198067633,43.914385399892645,6.340579710144928,3.4151905528717124,0.20799785292538917,14.922168545356952,0.8051529790660226,0.8051529790660226,
52,29.911433172302736,43.63929146537842,6.3137412775093935,3.4151905528717124,0.20799785292538917,14.9020397208803,0.8051529790660226,0.8051529790660226,
53,30.26033279656468,43.525228126677405,6.286902844873859,3.4151905528717124,0.20799785292538917,14.761137949543746,0.8051529790660226,0.7380568974771873,
54,29.924852388620504,43.525228126677405,6.454643048845948,3.69699409554482,0.20799785292538917,14.660493827160494,0.7917337627482555,0.7380568974771873,
55,30.038915727321523,41.86795491143317,6.4412238325281805,3.4151905528717124,0.20799785292538917,13.781535158346752,0.5166398282340311,3.388352120236178,0.3421900161030596
56,30.20665593129361,41.86795491143317,6.233225979602791,3.4151905528717124,0.19457863660762212,13.674181427804616,0.5166398282340311,3.3413848631239937,0.5501878690284487
57,30.709876543209877,41.40499194847021,6.199677938808374,3.408480944712829,0.19457863660762212,13.674181427804616,0.5166398282340311,3.3413848631239937,0.5501878690284487
58,31.280193236714975,40.86151368760064,5.924584004294149,3.3682232957595275,0.8923778851315083,13.399087493290391,0.5032206119162641,3.2206119162640903,0.5501878690284487
59,30.233494363929147,37.57380568974772,10.520665593129362,3.2675791733762747,0.8923778851315083,13.238056897477188,0.5032206119162641,3.2206119162640903,0.5501878690284487
60,30.48845947396672,37.446323134728935,10.48040794417606,3.2675791733762747,0.8789586688137413,13.177670424047236,0.5032206119162641,3.2139023081052067,0.5434782608695652
61,30.783682232957595,37.224906065485776,10.433440687063875,3.2675791733762747,0.8789586688137413,13.16425120772947,0.5032206119162641,3.2004830917874396,0.5434782608695652
62,31.239935587761675,37.09742351046699,10.198604401502953,3.2675791733762747,0.8789586688137413,13.070316693505099,0.5032206119162641,3.2004830917874396,0.5434782608695652
63,29.508856682769725,38.96269457863661,10.151637144390767,3.2139023081052067,0.8789586688137413,12.432903918411165,0.5032206119162641,3.180354267310789,1.1674718196457328
64,29.750402576489535,39.029790660225444,10.071121846484166,3.207192699946323,0.8655394524959742,12.238325281803542,0.5032206119162641,3.166935050993022,1.1674718196457328
65,29.871175523349436,38.38566827697262,10.050993022007514,4.280730005367687,0.8655394524959742,11.721685453569512,0.5032206119162641,3.1535158346752548,1.1674718196457328
66,28.522544283413847,39.821524422973695,10.044283413848632,4.247181964573269,0.8387010198604401,11.721685453569512,0.5032206119162641,3.1333870101986045,1.1674718196457328
67,28.938539989264626,38.96269457863661,10.010735373054214,4.233762748255502,1.3955984970477724,11.714975845410628,0.5032206119162641,3.0730005367686526,1.1674718196457328
68,28.609769189479334,38.53327965646806,9.98389694041868,4.555823939881911,1.2681159420289856,11.486849168008588,0.5032206119162641,3.8915727321524423,1.1674718196457328
69,27.79790660225443,39.439076757917334,9.957058507783145,4.555823939881911,1.2681159420289856,11.446591519055287,0.5032206119162641,3.8915727321524423,1.1406333870101986
70,28.428609769189478,39.28475577026302,9.930220075147611,4.549114331723027,1.247987117552335,11.238593666129898,0.5032206119162641,3.743961352657005,1.0735373054213635
71,28.77079978529254,38.92243692968331,10.111379495437467,4.51556629092861,1.2412775093934514,11.16478797638218,0.48980139559849706,3.7104133118625873,1.0735373054213635
72,28.475577026301664,36.902844873859365,10.0979602791197,7.071926999463232,1.2412775093934514,10.963499731615673,0.48980139559849706,3.7037037037037037,1.0534084809447128
73,29.05931293612453,36.50697799248524,9.722222222222221,7.112184648416532,1.5096618357487923,10.88298443370907,0.47638217928073,3.6768652710681695,1.0534084809447128
74,28.931830381105744,35.487117552334944,11.33923778851315,7.239667203435319,0.8185721953837896,11.030595813204508,0.4562533548040794,3.656736446591519,1.0399892646269457
75,29.428341384863124,34.896672034353195,11.29898013955985,7.239667203435319,0.785024154589372,10.990338164251208,0.4562533548040794,3.864734299516908,1.0399892646269457
76,29.58937198067633,34.72222222222222,11.218464841653248,7.185990338164252,0.7783145464304885,10.856146001073537,0.4562533548040794,3.8177670424047236,1.3754696725711217
77,29.09286097691895,35.39318303811057,11.077563070316694,7.1725711218464845,0.7783145464304885,10.836017176596886,0.4562533548040794,3.8177670424047236,1.3754696725711217
78,29.300858829844337,34.97047772410091,10.72866344605475,7.595276435856146,0.7783145464304885,10.668276972624799,0.4562533548040794,3.7909286097691894,1.710950080515298
79,29.56924315619968,34.715512614063336,10.59447128287708,7.461084272678476,0.9192163177670424,10.587761674718196,0.4562533548040794,3.784219001610306,1.9122383252818036
80,30.112721417069242,34.306226516371446,10.721953837895867,7.253086419753086,0.9192163177670424,10.534084809447128,0.4562533548040794,3.784219001610306,1.9122383252818036
81,28.92512077294686,31.716317767042405,15.432098765432098,7.058507783145465,0.4294149221685454,10.513955984970478,0.4562533548040794,3.730542136339238,1.737788513150832
82,29.300858829844337,31.50161030595813,15.365002683843263,6.971282877079979,0.4294149221685454,10.507246376811594,0.4562533548040794,3.730542136339238,1.737788513150832
83,29.562533548040793,31.407675791733762,15.277777777777779,6.9310252281266775,0.4294149221685454,10.50053676865271,0.4562533548040794,3.69699409554482,1.737788513150832
84,29.938271604938272,31.246645195920557,14.9020397208803,6.850509930220075,0.4227053140096618,10.473698336017177,0.4562533548040794,3.69699409554482,2.0128824476650564
85,28.844605475040257,30.132850241545892,17.465110037573805,6.78341384863124,0.4227053140096618,10.426731078904991,0.4562533548040794,3.4688674181427803,1.9994632313472893
86,29.180085882984432,29.95169082125604,17.257112184648417,6.749865807836822,0.4227053140096618,10.050993022007514,0.4495437466451959,3.4688674181427803,2.4691358024691357
87,29.394793344068706,29.562533548040793,17.24369296833065,6.66935050993022,0.8118625872249061,9.943639291465379,0.4495437466451959,3.455448201825013,2.4691358024691357
88,30.03220611916264,29.347826086956523,16.586151368760063,6.622383252818035,0.8118625872249061,10.272410091250672,0.4495437466451959,3.408480944712829,2.4691358024691357
89,30.246913580246915,29.347826086956523,16.404991948470208,6.816961889425658,0.8118625872249061,10.138217928073,0.4495437466451959,3.3950617283950617,2.3886205045625335
90,29.837627482555018,29.1532474503489,16.337895866881375,6.347289318303811,4.562533548040794,8.192431561996779,0.24154589371980675,3.3816425120772946,1.9457863660762211
91,30.09259259259259,28.992216854535695,16.297638217928075,6.608964036500268,4.40150295222759,8.044820182501342,0.24154589371980675,3.3816425120772946,1.9390767579173376
92,30.394524959742352,28.898282340311326,16.284219001610307,6.608964036500268,4.374664519592056,7.971014492753623,0.2281266774020397,3.3011272141706924,1.9390767579173376
93,30.44820182501342,28.535963499731615,15.98899624261943,6.608964036500268,4.8443370907139025,7.930756843800322,0.2281266774020397,3.240740740740741,2.1739130434782608
94,30.54884594739667,28.663446054750402,15.895061728395062,6.568706387546968,4.8443370907139025,7.843531937734836,0.2214170692431562,3.240740740740741,2.1739130434782608
95,30.83064949006978,28.488996242619432,15.955448201825014,6.535158346752549,4.7638217928073,7.823403113258186,0.2214170692431562,3.240740740740741,2.1403650026838434
96,30.454911433172303,28.14680622651637,15.915190552871712,9.561191626409018,3.9989264626945786,6.796833064949007,0.2214170692431562,3.240740740740741,1.6639828234031133
97,30.60252281266774,27.979066022544284,16.029253891572733,9.561191626409018,3.992216854535695,6.655931293612453,0.322061191626409,3.2206119162640903,1.6371443907675791
98,30.870907139023082,27.885131508319915,15.962157809983896,9.534353193773484,3.978797638217928,6.629092860976919,0.322061191626409,3.180354267310789,1.6371443907675791
99,31.246645195920557,27.74422973698336,15.848094471282877,9.46725711218465,3.965378421900161,6.595544820182502,0.322061191626409,3.180354267310789,1.6304347826086956
100,31.66935050993022,27.556360708534623,15.74074074074074,9.634997316156737,3.844605475040258,6.515029522275899,0.322061191626409,3.0864197530864197,1.6304347826086956
101,31.97799248523886,27.34836285560923,15.660225442834138,9.655126140633387,3.844605475040258,6.481481481481482,0.3153515834675255,3.0864197530864197,1.6304347826086956
102,32.10547504025765,26.94578636607622,13.378958668813741,9.796027911969942,3.8043478260869565,9.024422973698336,0.3153515834675255,2.999194847020934,1.6304347826086956
103,32.50134192163178,26.744498121309714,13.352120236178207,9.71551261406334,3.784219001610306,8.997584541062801,0.3153515834675255,2.965646806226516,1.6237251744498122
104,32.326892109500804,25.87895866881374,13.22463768115942,9.574610842726784,3.717122920021471,10.34621578099839,0.2952227589908749,3.0730005367686526,1.5633387010198605
105,32.52147074610843,25.845410628019323,13.20450885668277,9.5276435856146,3.717122920021471,10.285829307568438,0.2952227589908749,3.0730005367686526,1.5297906602254427
106,32.367149758454104,25.228126677402038,13.150831991411701,9.272678475577026,4.898013955984971,10.413311862587225,0.27509393451422437,2.999194847020934,1.3955984970477724
107,32.628824476650564,25.07380568974772,13.097155126140633,9.245840042941492,4.898013955984971,10.38647342995169,0.27509393451422437,2.999194847020934,1.3955984970477724
108,33.340042941492214,24.966451959205582,12.889157273215245,9.205582393988191,4.904723564143854,10.165056360708535,0.24154589371980675,2.945517981749866,1.3419216317767042
109,33.61513687600644,24.92619431025228,12.828770799785293,9.131776704240472,4.891304347826087,10.111379495437467,0.24154589371980675,2.918679549114332,1.3352120236178207
110,33.97745571658615,24.805421363392377,12.76838432635534,9.004294149221685,4.891304347826087,9.91009125067096,0.24154589371980675,2.871712292002147,1.5297906602254427
111,34.024422973698336,24.61755233494364,13.043478260869565,8.863392377885132,4.99194847020934,9.816156736446592,0.24154589371980675,2.871712292002147,1.5297906602254427
112,34.07139023081052,24.67793880837359,12.822061191626409,8.76274825550188,5.233494363929147,9.802737520128824,0.24154589371980675,2.871712292002147,1.5163714439076759
113,34.366612989801396,24.59742351046699,12.620772946859903,8.84326355340848,5.22007514761138,9.73564143853999,0.24154589371980675,2.871712292002147,1.5029522275899088
114,33.87010198604401,24.55716586151369,12.02361782071927,9.057971014492754,6.696188942565755,9.178743961352657,0.24154589371980675,2.871712292002147,1.5029522275899088
115,34.39345142243693,24.261943102522814,12.010198604401502,8.76274825550188,6.816961889425658,9.151905528717123,0.24154589371980675,2.85829307568438,1.5029522275899088
116,34.50080515297907,23.980139559849704,11.936392914653783,8.293075684380032,6.152710681696189,10.607890499194847,0.24154589371980675,2.85829307568438,1.42914653784219
117,34.82286634460547,23.89291465378422,11.916264090177133,8.239398819108963,6.092324208266238,10.560923242082662,0.24154589371980675,2.8381642512077296,1.3955984970477724
118,35.138217928073,23.68491680085883,11.849168008588299,8.199141170155663,6.246645195920558,10.413311862587225,0.24154589371980675,2.831454643048846,1.3955984970477724
119,35.258990874932906,23.235373054213635,11.668008588298443,8.561460010735374,6.226516371443908,10.473698336017177,0.24154589371980675,2.945517981749866,1.3888888888888888
120,35.27241009125067,23.181696188942567,11.668008588298443,9.111647879763822,6.132581857219538,10.111379495437467,0.24154589371980675,2.945517981749866,1.3352120236178207
121,35.68169618894257,22.745571658615138,11.580783682232958,8.984165324745035,6.481481481481482,10.010735373054214,0.24154589371980675,2.9388083735909825,1.3352120236178207
122,35.97691894793344,22.65163714439077,11.54723564143854,8.964036500268385,6.4412238325281805,9.903381642512077,0.24154589371980675,2.9388083735909825,1.3352120236178207
123,36.252012882447666,22.564412238325282,11.486849168008588,8.964036500268385,6.387546967257112,9.849704777241008,0.24154589371980675,2.918679549114332,1.3352120236178207
124,36.3996242619431,22.262479871175522,11.453301127214171,9.39345142243693,6.219806763285024,9.789318303811058,0.23483628556092323,2.918679549114332,1.328502415458937
125,36.09769189479334,21.69887278582931,11.60762211486849,9.07139023081052,6.0654857756307035,9.722222222222221,0.23483628556092323,4.17337627482555,1.328502415458937
126,36.26543209876543,21.4170692431562,11.54723564143854,9.225711218464841,6.132581857219538,9.681964573268921,0.23483628556092323,4.17337627482555,1.3217928073000538
127,36.540526033279654,21.32313472893183,11.480139559849706,9.212292002147075,6.119162640901771,9.628287707997853,0.23483628556092323,4.1532474503489,1.3083735909822867
128,36.69484702093398,21.256038647342994,11.460010735373054,9.172034353193773,6.119162640901771,9.648416532474503,0.23483628556092323,4.106280193236715,1.3083735909822867
129,35.59447128287708,22.65163714439077,11.258722490606548,9.158615136876007,6.112453032742888,9.601449275362318,0.23483628556092323,4.079441760601181,1.3083735909822867
130,35.809178743961354,22.644927536231883,11.178207192699947,9.111647879763822,6.0587761674718195,9.594739667203436,0.23483628556092323,4.079441760601181,1.288244766505636
131,36.211755233494365,22.5979602791197,11.137949543746645,8.923778851315083,6.025228126677402,9.514224369296834,0.23483628556092323,4.066022544283414,1.288244766505636
132,36.12453032742888,22.33628556092324,11.11111111111111,8.876811594202898,6.025228126677402,9.96376811594203,0.23483628556092323,4.03918411164788,1.288244766505636
133,36.500268384326354,22.282608695652176,10.970209339774557,8.836553945249598,5.964841653247451,9.88996242619431,0.23483628556092323,4.032474503488996,1.288244766505636
134,37.19806763285024,22.20209339774557,10.849436392914654,8.789586688137414,5.958132045088567,9.675254965110037,0.2281266774020397,3.9989264626945786,1.1003757380568975
135,37.0101986044015,20.799785292538918,11.963231347289318,8.695652173913043,6.025228126677402,9.561191626409018,0.2281266774020397,4.636339237788513,1.0802469135802468
136,37.1309715512614,20.739398819108963,11.956521739130435,8.695652173913043,6.005099302200751,9.480676328502415,0.2281266774020397,4.555823939881911,1.2077294685990339
137,37.25174449812131,20.39049919484702,12.13768115942029,8.849973161567364,5.978260869565218,9.426999463231347,0.2281266774020397,4.555823939881911,1.1808910359634996
138,37.473161567364464,20.356951154052602,12.104133118625873,8.709071390230811,5.9447128287707995,9.447128287707997,0.2281266774020397,4.555823939881911,1.1808910359634996
139,37.70799785292539,20.316693505099302,12.037037037037036,8.655394524959743,5.9447128287707995,9.41358024691358,0.2281266774020397,4.51556629092861,1.1808910359634996
140,37.996511003757384,20.108695652173914,11.768652710681696,8.521202361782072,6.159420289855072,9.353193773483628,0.2281266774020397,4.51556629092861,1.3486312399355878
141,38.25147611379496,19.91411701556629,11.768652710681696,8.521202361782072,6.139291465378422,9.312936124530328,0.2281266774020397,4.51556629092861,1.3486312399355878
142,38.486312399355874,19.840311325818572,11.708266237251744,8.232689210950081,6.119162640901771,8.930488459473967,0.20799785292538917,5.246913580246914,1.2278582930756843
143,37.9898013955985,20.625335480407944,11.399624261943103,8.158883521202362,6.112453032742888,8.722490606548577,0.20799785292538917,5.555555555555555,1.2278582930756843
144,37.82877079978529,20.075147611379496,11.399624261943103,7.950885668276973,7.139023081052066,8.635265700483092,0.20799785292538917,5.555555555555555,1.2077294685990339
145,38.036768652710684,19.773215244229736,11.3191089640365,7.897208803005904,7.085346215780999,8.621846484165324,0.20799785292538917,5.850778314546431,1.2077294685990339
146,38.25147611379496,19.659151905528716,11.225174449812132,7.816693505099302,6.910896403650026,8.910359634997317,0.20799785292538917,5.810520665593129,1.2077294685990339
147,38.26489533011272,19.712828770799785,11.064143853998926,7.796564680622652,6.870638754696726,8.836553945249598,0.20799785292538917,6.038647342995169,1.2077294685990339
148,38.27160493827161,19.64573268921095,11.044015029522276,7.763016639828234,6.998121309715513,8.829844337090714,0.20799785292538917,6.031937734836285,1.2077294685990339
149,39.009661835748794,19.410896403650028,10.869565217391305,7.454374664519592,6.8035426731078905,8.816425120772946,0.20799785292538917,6.233225979602791,1.1943102522812667
150,39.24449812130972,19.276704240472355,10.815888352120236,7.5348899624261945,6.763285024154589,8.76274825550188,0.19457863660762212,6.219806763285024,1.1876006441223832
151,39.66720343531938,19.142512077294686,10.61460010735373,7.628824476650563,6.857219538378959,8.568169618894256,0.19457863660762212,6.1929683306494905,1.133923778851315
152,39.170692431561996,19.008319914117017,10.560923242082662,7.588566827697263,6.857219538378959,7.836822329575953,0.19457863660762212,7.37385936661299,1.4090177133655395
153,39.17740203972088,18.800322061191626,10.513955984970478,7.568438003220612,7.1658615136876005,7.830112721417069,0.19457863660762212,7.340311325818572,1.4090177133655395
154,39.472624798711756,18.612453032742888,10.513955984970478,7.568438003220612,7.125603864734299,7.816693505099302,0.19457863660762212,7.300053676865271,1.3955984970477724
155,39.64707461084273,18.531937734836287,10.332796564680622,7.709339774557166,7.092055823939882,7.796564680622652,0.19457863660762212,7.300053676865271,1.3955984970477724
156,40.01610305958132,18.209876543209877,10.218733225979603,7.682501341921632,7.03166935050993,7.843531937734836,0.19457863660762212,7.25979602791197,1.5432098765432098
157,39.83494363929147,17.64626945786366,10.111379495437467,7.628824476650563,8.024691358024691,7.796564680622652,0.19457863660762212,7.219538378958669,1.5432098765432098
158,39.82823403113258,17.59259259259259,10.037573805689748,7.595276435856146,7.87037037037037,8.387010198604402,0.19457863660762212,7.1658615136876005,1.328502415458937
159,40.05636070853462,17.418142780461622,9.930220075147611,7.474503488996243,8.172302737520129,8.293075684380032,0.19457863660762212,7.132313472893183,1.328502415458937
160,40.002683843263554,17.330917874396135,9.829575952764358,6.837090713902308,7.997852925389157,9.453837895866881,0.19457863660762212,7.058507783145465,1.2949543746645196
161,40.13016639828234,17.330917874396135,9.789318303811058,6.837090713902308,7.950885668276973,9.453837895866881,0.19457863660762212,7.018250134192163,1.2949543746645196
162,40.56629092860977,17.24369296833065,9.708803005904455,6.810252281266774,7.9106280193236715,9.31964573268921,0.19457863660762212,6.957863660762212,1.288244766505636
163,40.78099838969404,17.082662372517444,9.66183574879227,6.944444444444445,7.836822329575953,9.265968867418144,0.19457863660762212,6.944444444444445,1.288244766505636
164,40.915190552871714,17.008856682769725,9.500805152979066,6.810252281266774,7.742887815351583,9.265968867418144,0.19457863660762212,7.286634460547504,1.2748255501878691
165,40.84138486312399,16.820987654320987,9.4873859366613,6.984702093397746,7.977724100912507,9.5276435856146,0.19457863660762212,6.890767579173376,1.2748255501878691
166,40.94202898550725,16.6129898013956,9.453837895866881,7.092055823939882,7.957595276435856,9.71551261406334,0.19457863660762212,6.78341384863124,1.247987117552335
167,41.2842190016103,16.512345679012345,9.406870638754697,7.004830917874396,7.944176060118089,9.655126140633387,0.19457863660762212,6.749865807836822,1.247987117552335
168,41.277509393451425,16.344605475040257,9.172034353193773,7.246376811594203,8.038110574342458,9.608158883521202,0.19457863660762212,6.957863660762212,1.1607622114868492
169,40.92190016103059,15.70048309178744,9.078099838969404,7.14573268921095,9.359903381642512,9.500805152979066,0.19457863660762212,6.951154052603328,1.1473429951690821
170,41.237251744498124,15.70048309178744,9.05126140633387,7.011540526033279,9.306226516371444,9.480676328502415,0.19457863660762212,6.870638754696726,1.1473429951690821
171,41.41170155662909,15.633387010198604,8.984165324745035,6.998121309715513,9.292807300053678,9.46725711218465,0.19457863660762212,6.870638754696726,1.1473429951690821
172,41.56602254428341,15.58641975308642,8.964036500268385,6.984702093397746,9.23913043478261,9.480676328502415,0.19457863660762212,6.837090713902308,1.1473429951690821
173,41.57944176060118,15.5126140633387,8.769457863660762,7.48792270531401,9.232420826623725,9.31964573268921,0.322061191626409,6.629092860976919,1.1473429951690821
174,41.7740203972088,15.465646806226516,8.729200214707461,7.447665056360709,9.198872785829307,9.29951690821256,0.322061191626409,6.615673644659152,1.1473429951690821
175,41.928341384863124,15.438808373590982,8.59500805152979,7.427536231884058,9.178743961352657,9.252549651100376,0.322061191626409,6.709608158883521,1.1473429951690821
176,42.25711218464841,15.351583467525497,8.548040794417606,7.4141170155662905,9.158615136876007,9.111647879763822,0.322061191626409,6.696188942565755,1.1406333870101986
177,40.19055287171229,22.000805152979066,6.951154052603328,6.649221685453569,8.514492753623188,7.682501341921632,0.322061191626409,6.582125603864735,1.107085346215781
178,39.59339774557166,21.72571121846484,7.796564680622652,6.736446591519055,8.883521202361782,7.682501341921632,0.322061191626409,6.152710681696189,1.107085346215781
179,39.801395598497045,21.631776704240472,7.769726247987117,6.575415995705851,8.769457863660762,7.648953301127214,0.322061191626409,6.400966183574879,1.0802469135802468
180,39.97584541062802,21.470746108427267,7.7361782071927,6.736446591519055,8.742619431025227,7.5348899624261945,0.322061191626409,6.400966183574879,1.0802469135802468
181,40.04965110037574,21.18894256575416,7.971014492753623,6.89747718733226,8.68894256575416,7.474503488996243,0.322061191626409,6.353998926462695,1.0534084809447128
182,40.25764895330113,21.14868491680086,7.957595276435856,6.877348362855609,8.635265700483092,7.474503488996243,0.322061191626409,6.273483628556092,1.0534084809447128
183,40.4723564143854,21.088298443370906,7.924047235641439,6.877348362855609,8.601717659688674,7.440955448201825,0.3153515834675255,6.233225979602791,1.0466988727858293
184,40.76086956521739,21.007783145464305,7.856951154052603,6.837090713902308,8.541331186258722,7.427536231884058,0.3153515834675255,6.206387546967257,1.0466988727858293
185,40.78770799785293,20.994363929146537,7.836822329575953,6.823671497584541,8.527911969940956,7.461084272678476,0.3153515834675255,6.206387546967257,1.0466988727858293
186,40.90848094471283,20.840042941492218,7.823403113258186,6.816961889425658,8.521202361782072,7.521470746108427,0.3153515834675255,6.206387546967257,1.0466988727858293
187,41.196994095544824,20.719269994632313,7.809983896940419,6.763285024154589,8.514492753623188,7.521470746108427,0.3153515834675255,6.112453032742888,1.0466988727858293
188,41.35131508319914,20.571658615136876,7.709339774557166,6.743156199677939,8.514492753623188,7.635534084809447,0.3153515834675255,6.112453032742888,1.0466988727858293
189,40.47906602254428,20.35024154589372,8.863392377885132,6.729736983360172,8.440687063875469,7.85024154589372,0.30193236714975846,5.938003220611916,1.0466988727858293
190,40.83467525496511,20.155662909286097,8.769457863660762,6.729736983360172,8.407139023081053,7.816693505099302,0.30193236714975846,5.938003220611916,1.0466988727858293
191,40.385131508319915,19.444444444444443,8.715780998389693,7.105475040257649,8.333333333333334,8.729200214707461,0.30193236714975846,5.938003220611916,1.0466988727858293
192,40.27106816961889,19.404186795491142,8.400429414922169,7.615405260332796,8.333333333333334,8.621846484165324,0.30193236714975846,6.018518518518518,1.0332796564680622
193,40.76086956521739,19.256575415995705,8.232689210950081,7.575147611379496,8.293075684380032,8.621846484165324,0.30193236714975846,5.924584004294149,1.0332796564680622
194,41.02925389157273,19.216317767042405,8.205850778314547,7.548309178743962,8.266237251744498,8.548040794417606,0.30193236714975846,5.850778314546431,1.0332796564680622
195,41.217122920021474,19.162640901771336,8.13875469672571,7.5348899624261945,8.185721953837897,8.514492753623188,0.30193236714975846,5.911164787976382,1.0332796564680622
196,41.42512077294686,19.061996779388085,8.111916264090176,7.501341921631776,8.179012345679013,8.487654320987655,0.30193236714975846,5.897745571658615,1.0332796564680622
197,41.14331723027375,18.853998926462694,7.7361782071927,7.702630166398282,8.923778851315083,8.454106280193237,0.30193236714975846,5.850778314546431,1.0332796564680622
198,41.29092860976919,18.773483628556093,7.689210950080516,7.843531937734836,8.836553945249598,8.400429414922169,0.30193236714975846,5.83064949006978,1.0332796564680622
199,40.80783682232958,18.572195383789587,7.541599570585078,8.729200214707461,8.80300590445518,8.105206655931294,0.30193236714975846,5.756843800322061,1.3821792807300053
200,40.80112721417069,18.451422436929683,7.5281803542673105,8.709071390230811,8.487654320987655,8.105206655931294,0.30193236714975846,6.233225979602791,1.3821792807300053
201,40.975577026301664,18.411164787976382,7.5281803542673105,8.548040794417606,8.447396672034353,8.004562533548041,0.2952227589908749,6.407675791733762,1.3821792807300053
202,41.5727321524423,18.370907139023082,7.360440150295223,8.541331186258722,8.266237251744498,7.944176060118089,0.2952227589908749,6.333870101986044,1.3150831991411702
203,41.87466451959206,18.270263016639827,7.300053676865271,8.608427267847558,8.192431561996779,7.890499194847021,0.2952227589908749,6.253354804079442,1.3150831991411702
204,42.1833064949007,18.16290928609769,7.273215244229737,8.59500805152979,8.158883521202362,7.877079978529254,0.2952227589908749,6.139291465378422,1.3150831991411702
205,42.15646806226516,18.10252281266774,7.179280730005368,8.360171765968868,8.3064949006978,7.7898550724637685,0.2952227589908749,6.528448738593666,1.2815351583467525
206,41.80085882984434,18.136070853462158,7.03166935050993,8.28636607622115,8.789586688137414,7.501341921631776,0.2952227589908749,7.011540526033279,1.1473429951690821
207,42.3040794417606,17.92807300053677,7.024959742351046,8.21256038647343,8.756038647342995,7.474503488996243,0.2952227589908749,6.870638754696726,1.133923778851315
208,42.632850241545896,17.847557702630166,7.018250134192163,8.13875469672571,8.715780998389693,7.454374664519592,0.2952227589908749,6.763285024154589,1.133923778851315
209,42.80730005367686,17.787171229200215,7.132313472893183,8.11862587224906,8.769457863660762,7.407407407407407,0.2683843263553409,6.642512077294686,1.06682769726248
210,42.860976918947934,17.787171229200215,7.125603864734299,8.091787439613526,8.76274825550188,7.407407407407407,0.2683843263553409,6.629092860976919,1.06682769726248
211,43.022007514761135,17.66639828234031,7.071926999463232,8.28636607622115,8.749329039184111,7.25979602791197,0.2683843263553409,6.608964036500268,1.06682769726248
212,42.99516908212561,17.404723564143854,7.024959742351046,8.239398819108963,8.568169618894256,7.232957595276436,0.2683843263553409,7.219538378958669,1.0466988727858293
213,43.08910359634997,17.002147074610843,7.474503488996243,8.199141170155663,8.776167471819646,6.998121309715513,0.2683843263553409,7.152442297369833,1.0399892646269457
214,43.33064949006978,16.921631776704242,7.467793880837359,8.158883521202362,8.729200214707461,6.971282877079979,0.2683843263553409,7.118894256575416,1.0332796564680622
215,41.22383252818035,19.847020933977454,7.078636607622115,7.977724100912507,8.68894256575416,6.561996779388084,0.2683843263553409,7.320182501341922,1.0332796564680622
216,41.626409017713364,19.618894256575416,7.0450885668276975,7.883789586688137,8.68894256575416,6.5552871712292005,0.2683843263553409,7.2933440687063875,1.0198604401502953
217,42.13633923778851,19.578636607622116,7.024959742351046,7.7361782071927,8.521202361782072,6.689479334406871,0.2683843263553409,7.024959742351046,1.0198604401502953
218,42.27724100912507,19.43102522812668,7.018250134192163,7.716049382716049,8.527911969940956,6.6827697262479875,0.2683843263553409,7.058507783145465,1.0198604401502953
219,42.1027911969941,18.766774020397207,6.977992485238862,7.434245840042942,8.474235104669887,6.622383252818035,0.2683843263553409,8.353462157809984,0.9997316156736447
220,42.33762748255502,18.706387546967257,6.971282877079979,7.39398819108964,8.427267847557703,6.588835212023618,0.2683843263553409,8.3064949006978,0.9997316156736447
221,41.39157273215244,18.08239398819109,9.520933977455716,7.118894256575416,8.111916264090176,6.575415995705851,0.2683843263553409,7.930756843800322,0.9997316156736447
222,41.67337627482555,18.035426731078903,9.520933977455716,7.092055823939882,8.111916264090176,6.427804616210413,0.2683843263553409,7.87037037037037,0.9997316156736447
223,41.599570585077835,17.94820182501342,9.29951690821256,7.0450885668276975,8.111916264090176,6.380837359098229,0.2683843263553409,8.3467525496511,0.9997316156736447
224,41.86124530327429,17.941492216854535,9.272678475577026,6.991411701556629,7.997852925389157,6.347289318303811,0.2683843263553409,8.319914117015566,0.9997316156736447
225,41.98201825013419,17.847557702630166,9.252549651100376,6.964573268921095,8.105206655931294,6.219806763285024,0.2683843263553409,8.360171765968868,0.9997316156736447
226,41.94176060118089,17.934782608695652,9.219001610305957,6.951154052603328,8.071658615136876,6.347289318303811,0.2683843263553409,8.266237251744498,0.9997316156736447
227,42.1027911969941,17.814009661835748,9.192163177670425,6.776704240472356,8.192431561996779,6.3070316693505095,0.2683843263553409,8.3467525496511,0.9997316156736447
228,42.371175523349436,17.559044551798173,9.078099838969404,6.977992485238862,8.165593129361245,6.260064412238325,0.2683843263553409,8.319914117015566,0.9997316156736447
229,42.49194847020934,17.236983360171767,9.05126140633387,6.977992485238862,8.132045088566828,6.736446591519055,0.2683843263553409,8.105206655931294,0.9997316156736447
230,42.49865807836822,17.20343531937735,8.82313472893183,6.964573268921095,8.252818035426731,6.696188942565755,0.2683843263553409,8.293075684380032,0.9997316156736447
231,42.632850241545896,17.16988727858293,8.494363929146537,6.998121309715513,8.501073537305421,6.696188942565755,0.2683843263553409,8.246108427267847,0.9930220075147611
232,43.022007514761135,16.968599033816425,8.440687063875469,6.971282877079979,8.433977455716587,6.696188942565755,0.2683843263553409,8.205850778314547,0.9930220075147611
233,43.35748792270532,16.894793344068706,8.319914117015566,6.944444444444445,8.340042941492216,6.6760601180891035,0.2683843263553409,8.205850778314547,0.9930220075147611
234,43.42458400429415,16.881374127750938,7.96430488459474,6.937734836285561,8.319914117015566,6.608964036500268,0.2683843263553409,8.601717659688674,0.9930220075147611
235,43.63929146537842,16.800858829844337,7.924047235641439,6.9310252281266775,8.28636607622115,6.602254428341385,0.2683843263553409,8.561460010735374,0.9863123993558777
236,43.874127750939344,16.42512077294686,7.62211486849168,7.098765432098766,8.380300590445518,6.823671497584541,0.24154589371980675,8.548040794417606,0.9863123993558777
237,44.296833064949006,16.056092324208265,7.62211486849168,7.0383789586688135,8.467525496511003,6.749865807836822,0.24154589371980675,8.628556092324208,0.8990874932903918
238,44.437734836285564,16.035963499731615,7.595276435856146,7.03166935050993,8.440687063875469,6.709608158883521,0.24154589371980675,8.628556092324208,0.8789586688137413
239,44.71953837895867,15.96886741814278,7.742887815351583,6.776704240472356,8.360171765968868,6.6827697262479875,0.24154589371980675,8.628556092324208,0.8789586688137413
240,44.33038110574343,15.814546430488459,7.5348899624261945,7.078636607622115,8.641975308641975,6.91760601180891,0.24154589371980675,8.568169618894256,0.8722490606548577
241,44.55179817498658,15.767579173376275,7.481213097155126,7.078636607622115,8.61513687600644,6.857219538378959,0.24154589371980675,8.53462157809984,0.8722490606548577
242,44.578636607622116,15.687063875469672,7.481213097155126,7.078636607622115,8.433977455716587,7.125603864734299,0.24154589371980675,8.501073537305421,0.8722490606548577
243,44.887278582930755,15.49248523886205,7.481213097155126,7.078636607622115,8.460815888352121,7.03166935050993,0.24154589371980675,8.454106280193237,0.8722490606548577
244,44.840311325818575,15.35829307568438,7.447665056360709,7.159151905528717,8.252818035426731,7.024959742351046,0.24154589371980675,8.68894256575416,0.9863123993558777
245,44.96779388083736,15.33816425120773,7.37385936661299,7.159151905528717,8.246108427267847,7.024959742351046,0.24154589371980675,8.662104133118627,0.9863123993558777
246,45.169082125603865,15.304616210413311,7.367149758454106,7.159151905528717,8.199141170155663,6.998121309715513,0.2214170692431562,8.59500805152979,0.9863123993558777
247,45.3166935050993,15.136876006441224,7.333601717659689,7.159151905528717,8.393719806763285,6.984702093397746,0.2214170692431562,8.474235104669887,0.9796027911969941
248,45.49785292538916,15.08990874932904,7.306763285024155,7.132313472893183,8.387010198604402,6.957863660762212,0.2214170692431562,8.433977455716587,0.9728931830381106
249,45.4374664519592,14.868491680085883,7.306763285024155,7.447665056360709,8.28636607622115,6.957863660762212,0.2214170692431562,8.521202361782072,0.95276435856146
250,45.6454643048846,14.821524422973699,7.300053676865271,7.407407407407407,8.232689210950081,6.910896403650026,0.2214170692431562,8.507783145464305,0.95276435856146
251,45.571658615136876,14.700751476113794,7.2933440687063875,7.340311325818572,8.21256038647343,6.89747718733226,0.2214170692431562,8.809715512614064,0.95276435856146
252,45.8064949006978,14.667203435319378,7.192699946323135,7.266505636070853,8.21256038647343,6.863929146537842,0.2214170692431562,8.829844337090714,0.9393451422436929
253,44.457863660762214,14.55984970477724,8.608427267847558,6.642512077294686,8.11862587224906,7.159151905528717,0.2214170692431562,9.292807300053678,0.9393451422436929
254,44.29012345679013,14.512882447665056,8.380300590445518,7.367149758454106,7.997852925389157,7.03166935050993,0.2214170692431562,9.292807300053678,0.9057971014492754
255,44.32367149758454,14.392109500805153,8.608427267847558,7.360440150295223,7.9106280193236715,7.024959742351046,0.2214170692431562,9.252549651100376,0.9057971014492754
256,44.71953837895867,14.278046162104133,8.548040794417606,7.347020933977456,7.709339774557166,7.018250134192163,0.2214170692431562,9.252549651100376,0.9057971014492754
257,44.94095544820183,14.237788513150832,8.514492753623188,7.313472893183038,7.695920558239399,6.957863660762212,0.2214170692431562,9.225711218464841,0.8923778851315083
258,45.229468599033815,14.197530864197532,8.279656468062266,7.212828770799785,7.917337627482555,6.884057971014493,0.2214170692431562,9.16532474503489,0.8923778851315083
259,45.189210950080515,14.17740203972088,8.59500805152979,7.212828770799785,7.890499194847021,6.763285024154589,0.2214170692431562,9.084809447128288,0.8655394524959742
260,45.34353193773484,14.06333870101986,8.59500805152979,7.1658615136876005,7.7831454643048845,6.6827697262479875,0.2214170692431562,9.27938808373591,0.8655394524959742
261,45.330112721417066,13.92914653784219,8.59500805152979,7.03166935050993,8.152173913043478,6.642512077294686,0.2214170692431562,9.232420826623725,0.8655394524959742
