,45,50,55,52,54,51,53,56,59,58,57,61,60
0,98.8191089640365,1.1808910359634996,,,,,,,,,,,
1,84.19216317767042,15.780998389694043,0.026838432635534086,,,,,,,,,,
2,80.73000536768653,19.216317767042405,0.05367686527106817,,,,,,,,,,
3,79.42163177670425,20.52469135802469,0.05367686527106817,,,,,,,,,,
4,78.34809447128288,21.584809447128286,0.06709608158883522,,,,,,,,,,
5,77.04643048845948,22.859634997316157,0.0939345142243693,,,,,,,,,,
6,76.99946323134729,22.490606548577563,0.46967257112184646,0.013419216317767043,0.026838432635534086,,,,,,,,
7,76.97933440687063,22.463768115942027,0.48980139559849706,0.013419216317767043,0.026838432635534086,0.026838432635534086,,,,,,,
8,76.24127750939346,23.21524422973698,0.5032206119162641,0.013419216317767043,,0.026838432635534086,,,,,,,
9,76.05340848094471,23.369565217391305,0.5367686527106817,0.013419216317767043,,0.026838432635534086,,,,,,,
10,75.64412238325282,23.778851315083198,0.5367686527106817,0.013419216317767043,,0.026838432635534086,,,,,,,
11,70.14895330112721,29.220343531937736,0.6172839506172839,0.013419216317767043,,,,,,,,,
12,68.79361245303274,30.394524959742352,0.798443370907139,0.013419216317767043,,,,,,,,,
13,68.33064949006977,29.716854535695116,0.798443370907139,0.013419216317767043,,1.1406333870101986,,,,,,,
14,67.76704240472357,28.985507246376812,0.785024154589372,1.4090177133655395,0.03354804079441761,1.0198604401502953,,,,,,,
15,65.49248523886205,31.83709071390231,0.8185721953837896,1.2010198604401503,0.06709608158883522,0.5837359098228664,,,,,,,
16,65.45222758990874,31.830381105743424,0.8387010198604401,1.2010198604401503,0.06709608158883522,0.6105743424584005,,,,,,,
17,64.79468599033817,31.78341384863124,0.8387010198604401,1.2010198604401503,0.06709608158883522,1.3150831991411702,,,,,,,
18,57.84353193773484,37.82877079978529,0.8655394524959742,1.2010198604401503,0.06038647342995169,2.086688137412775,0.11406333870101985,,,,,,
19,28.884863123993558,68.08239398819109,0.35560923242082665,1.1876006441223832,0.03354804079441761,1.4559849704777241,,,,,,,
20,28.609769189479334,65.38513150831992,1.778046162104133,1.1741814278046163,0.03354804079441761,3.0193236714975846,,,,,,,
21,25.59044551798175,64.19082125603865,3.294417606011809,1.1741814278046163,0.013419216317767043,5.736714975845411,,,,,,,
22,25.563607085346217,52.24771873322598,2.2074610842726785,1.1741814278046163,0.013419216317767043,5.736714975845411,13.056897477187333,,,,,,
23,25.744766505636072,51.37546967257112,2.2879763821792807,1.1473429951690821,0.013419216317767043,5.488459473966721,13.81508319914117,0.0939345142243693,0.03354804079441761,,,,
24,25.95276435856146,50.979602791196996,2.5831991411701556,1.1473429951690821,0.013419216317767043,5.407944176060118,13.714439076757918,0.0939345142243693,0.07380568974771873,0.03354804079441761,,,
25,25.946054750402578,50.79844337090714,2.61003757380569,1.1473429951690821,0.013419216317767043,5.407944176060118,13.875469672571121,0.0939345142243693,0.07380568974771873,0.03354804079441761,,,
26,26.133923778851315,50.47638217928073,2.7509393451422435,1.1473429951690821,0.013419216317767043,5.434782608695652,13.841921631776705,0.0939345142243693,0.07380568974771873,0.03354804079441761,,,
27,26.160762211486848,50.2012882447665,2.791196994095545,1.1473429951690821,0.013419216317767043,5.609232420826624,13.754696725711218,0.0939345142243693,0.07380568974771873,0.03354804079441761,0.12077294685990338,,
28,26.006441223832528,46.71229200214707,2.4355877616747184,1.1473429951690821,0.013419216317767043,5.857487922705314,17.505367686527105,0.0939345142243693,0.07380568974771873,0.03354804079441761,0.12077294685990338,,
29,23.919753086419753,39.06333870101986,2.3349436392914655,2.657004830917874,0.013419216317767043,21.571390230810522,10.091250670960816,0.15432098765432098,0.040257648953301126,0.03354804079441761,0.12077294685990338,,
30,23.946591519055286,38.888888888888886,2.563070316693505,2.657004830917874,0.013419216317767043,21.430488459473967,10.124798711755233,0.18115942028985507,0.040257648953301126,0.03354804079441761,0.12077294685990338,,
31,23.691626409017715,38.77482555018787,2.6167471819645733,4.092860976918948,0.013419216317767043,20.611916264090176,9.883252818035427,0.08722490606548577,0.040257648953301126,0.03354804079441761,0.15432098765432098,,
32,20.075147611379496,37.144390767579175,2.5161030595813205,4.824208266237251,0.013419216317767043,22.779119699409556,9.836285560923242,2.475845410628019,0.040257648953301126,0.06709608158883522,0.1878690284487386,0.040257648953301126,
33,19.706119162640903,37.67444981213097,2.9388083735909825,4.824208266237251,0.013419216317767043,22.705314009661837,9.333064949006978,2.4691358024691357,0.040257648953301126,0.06709608158883522,0.1878690284487386,0.040257648953301126,
34,18.914385399892645,38.56682769726248,2.965646806226516,4.783950617283951,0.013419216317767043,22.638217928073,9.27938808373591,2.4691358024691357,0.040257648953301126,0.06709608158883522,0.2214170692431562,0.040257648953301126,
35,19.0955448201825,38.37224906065486,3.026033279656468,4.7638217928073,0.013419216317767043,22.571121846484164,9.936929683306495,1.7981749865807837,0.040257648953301126,0.06709608158883522,0.27509393451422437,0.040257648953301126,
36,19.14922168545357,38.378958668813745,3.0394524959742353,4.757112184648417,0.013419216317767043,22.34970477724101,9.923510466988727,1.9659151905528718,0.040257648953301126,0.06709608158883522,0.27509393451422437,0.040257648953301126,
37,19.49812130971551,38.1508319914117,3.166935050993022,4.723564143853999,0.013419216317767043,22.128287707997853,9.762479871175524,1.9659151905528718,0.07380568974771873,0.0939345142243693,0.3824476650563607,0.040257648953301126,
38,19.504830917874397,38.16425120772947,3.2004830917874396,4.723564143853999,0.013419216317767043,22.074610842726784,9.749060654857756,1.9793344068706387,0.07380568974771873,0.0939345142243693,0.3824476650563607,0.040257648953301126,
39,19.545088566827697,36.68813741277509,3.0059044551798175,4.74369296833065,1.7042404723564144,22.014224369296834,9.73564143853999,1.9994632313472893,0.07380568974771873,0.0939345142243693,0.35560923242082665,0.040257648953301126,
40,18.666129898013956,33.51449275362319,2.9790660225442833,4.240472356414386,1.6774020397208802,23.087761674718198,13.217928073000536,2.0263016639828235,0.10064412238325282,0.0939345142243693,0.35560923242082665,0.040257648953301126,
41,17.814009661835748,32.588566827697264,3.0327428878153517,3.9989264626945786,1.6774020397208802,24.288781535158346,13.862050456253355,2.1269457863660763,0.10064412238325282,0.12077294685990338,0.3488996242619431,0.040257648953301126,
42,17.961621041331185,32.46108427267848,3.0730005367686526,3.9989264626945786,1.6774020397208802,24.208266237251745,13.841921631776705,2.1403650026838434,0.10064412238325282,0.14761137949543746,0.3488996242619431,0.040257648953301126,
43,18.129361245303276,32.024959742351044,2.804616210413312,3.9586688137412773,2.7979066022544283,23.60440150295223,13.88888888888889,2.120236178207193,0.10064412238325282,0.14761137949543746,0.3824476650563607,0.040257648953301126,
44,17.887815351583466,30.07246376811594,2.6301663982823404,4.522275899087493,11.084272678475577,18.793612453032743,12.372517444981213,2.086688137412775,0.040257648953301126,0.12077294685990338,0.3488996242619431,0.040257648953301126,
45,18.17632850241546,29.911433172302736,2.677133655394525,4.4820182501341925,11.030595813204508,18.666129898013956,12.224906065485776,2.13365539452496,0.07380568974771873,0.23483628556092323,0.3488996242619431,0.040257648953301126,
46,18.310520665593128,29.830917874396135,2.7106816961889426,4.4820182501341925,11.017176596886742,18.605743424584006,12.164519592055823,2.147074610842727,0.07380568974771873,0.2683843263553409,0.3488996242619431,0.040257648953301126,
47,18.431293612453032,29.8040794417606,2.7106816961889426,4.455179817498658,10.997047772410092,18.605743424584006,12.117552334943639,2.147074610842727,0.07380568974771873,0.24154589371980675,0.3757380568974772,0.040257648953301126,
48,18.67283950617284,28.844605475040257,3.7775093934514223,4.455179817498658,10.909822866344605,18.42458400429415,11.996779388083736,2.1604938271604937,0.07380568974771873,0.2683843263553409,0.3757380568974772,0.040257648953301126,
49,18.625872249060656,28.488996242619432,3.7104133118625873,4.40150295222759,10.82259796027912,19.028448738593667,11.963231347289318,2.1604938271604937,0.11406333870101985,0.2683843263553409,0.3757380568974772,0.040257648953301126,
50,18.209876543209877,27.26113794954375,3.6902844873859366,4.40150295222759,12.47987117552335,19.867149758454108,11.023886205045626,2.1806226516371443,0.11406333870101985,0.38915727321524424,0.3421900161030596,0.040257648953301126,
51,15.150295222758992,25.85882984433709,2.5161030595813205,2.6301663982823404,6.776704240472356,36.560654857756305,9.185453569511541,0.46296296296296297,0.06038647342995169,0.43612453032742887,0.3421900161030596,,0.020128824476650563
52,15.378421900161031,25.731347289318304,2.187332259796028,4.019055287171229,6.454643048845948,36.25872249060655,8.655394524959743,0.46296296296296297,0.06038647342995169,0.4294149221685454,0.36231884057971014,,
53,15.432098765432098,25.738056897477186,2.254428341384863,3.992216854535695,6.421095008051529,36.15807836822329,8.440687063875469,0.6709608158883521,0.06038647342995169,0.46967257112184646,0.36231884057971014,,
54,15.646806226516372,25.644122383252817,2.3081052066559313,3.9720880300590444,6.421095008051529,36.030595813204506,8.387010198604402,0.6977992485238862,0.06038647342995169,0.46967257112184646,0.36231884057971014,,
55,15.304616210413311,25.5703166935051,2.38191089640365,5.414653784219001,6.099033816425121,35.527375201288244,8.111916264090176,0.6977992485238862,0.06038647342995169,0.46967257112184646,0.36231884057971014,,
56,15.60654857756307,24.825550187869027,2.4825550187869028,5.186527106816962,5.776972624798712,35.25228126677402,9.245840042941492,0.6977992485238862,0.06038647342995169,0.4562533548040794,0.4092860976918948,,
57,15.72061191626409,24.738325281803544,2.657004830917874,5.173107890499195,5.703166935050993,35.178475577026305,9.151905528717123,0.7112184648416533,0.10064412238325282,0.4562533548040794,0.4092860976918948,,
58,15.83467525496511,24.664519592055825,2.7509393451422435,5.132850241545894,5.676328502415459,35.13150831991412,9.091519055287172,0.7112184648416533,0.10064412238325282,0.49651100375738055,0.4092860976918948,,
59,15.982286634460548,24.59742351046699,2.7308105206655933,5.132850241545894,5.669618894256575,35.02415458937198,9.131776704240472,0.7112184648416533,0.11406333870101985,0.49651100375738055,0.4092860976918948,,
60,15.921900161030596,24.537037037037038,2.831454643048846,5.119431025228127,5.642780461621041,34.91009125067096,9.286097691894794,0.7112184648416533,0.11406333870101985,0.49651100375738055,0.4294149221685454,,
61,16.203703703703702,24.490069779924852,2.8247450348899625,5.119431025228127,5.649490069779925,34.628287707997856,9.272678475577026,0.7716049382716049,0.11406333870101985,0.49651100375738055,0.4294149221685454,,
62,16.304347826086957,24.322329575952764,2.9790660225442833,5.065754159957058,5.676328502415459,34.54106280193237,9.272678475577026,0.7716049382716049,0.11406333870101985,0.49651100375738055,0.4562533548040794,,
63,16.431830381105744,24.114331723027377,3.1736446591519054,5.059044551798175,5.656199677938808,34.40016103059581,9.29951690821256,0.798443370907139,0.11406333870101985,0.49651100375738055,0.4562533548040794,,
64,16.57944176060118,24.053945249597422,3.2004830917874396,5.059044551798175,5.636070853462158,34.25925925925926,9.292807300053678,0.8118625872249061,0.11406333870101985,0.49651100375738055,0.49651100375738055,,
65,16.666666666666668,24.020397208803004,3.2877079978529253,5.059044551798175,5.629361245303274,34.14519592055824,9.292807300053678,0.798443370907139,0.11406333870101985,0.48980139559849706,0.49651100375738055,,
66,16.74718196457327,23.678207192699947,3.5292538915727323,5.059044551798175,5.609232420826624,34.18545356951154,9.292807300053678,0.798443370907139,0.11406333870101985,0.48980139559849706,0.49651100375738055,,
67,16.82769726247987,23.70504562533548,3.535963499731616,5.059044551798175,5.5756843800322065,34.09822866344606,9.29951690821256,0.798443370907139,0.11406333870101985,0.48980139559849706,0.49651100375738055,,
68,16.928341384863124,23.66478797638218,3.535963499731616,5.032206119162641,5.911164787976382,33.8768115942029,9.16532474503489,0.798443370907139,0.11406333870101985,0.47638217928073,0.49651100375738055,,
69,16.888083735909824,23.66478797638218,3.5628019323671496,5.032206119162641,5.938003220611916,33.85668276972625,9.138486312399356,0.798443370907139,0.11406333870101985,0.47638217928073,0.5300590445517982,,
70,17.20343531937735,23.564143853998928,3.5829307568438002,5.032206119162641,5.938003220611916,33.68894256575416,9.098228663446054,0.798443370907139,0.11406333870101985,0.4495437466451959,0.5300590445517982,,
71,17.324208266237253,23.235373054213635,3.844605475040258,5.032206119162641,5.904455179817498,33.61513687600644,9.098228663446054,0.8252818035426731,0.14090177133655393,0.4495437466451959,0.5300590445517982,,
72,17.418142780461622,23.040794417606012,3.844605475040258,5.018786902844874,5.864197530864198,33.782877079978526,8.997584541062801,0.8319914117015567,0.14090177133655393,0.5300590445517982,0.5300590445517982,,
73,17.62614063338701,22.926731078904993,3.9452495974235107,5.018786902844874,5.891035963499732,33.61513687600644,8.957326892109501,0.8185721953837896,0.14090177133655393,0.5300590445517982,0.5300590445517982,,
74,17.820719269994633,22.77241009125067,6.072195383789587,5.01207729468599,5.71658615136876,31.676060118089104,8.917069243156199,0.8387010198604401,0.12077294685990338,0.5300590445517982,0.5233494363929146,,
75,17.66639828234031,23.09447128287708,5.984970477724101,4.998658078368224,5.743424584004294,31.561996779388085,8.890230810520666,0.8655394524959742,0.12077294685990338,0.5300590445517982,0.5434782608695652,,
76,17.74020397208803,23.020665593129362,6.045356951154052,5.025496511003757,5.743424584004294,31.45464304884595,8.903650026838433,0.8521202361782072,0.12077294685990338,0.5501878690284487,0.5434782608695652,,
77,17.787171229200215,22.946859903381643,6.327160493827161,5.025496511003757,5.730005367686527,31.226516371443907,8.863392377885132,0.8521202361782072,0.14761137949543746,0.5501878690284487,0.5434782608695652,,
78,17.894524959742352,22.913311862587225,6.353998926462695,4.998658078368224,5.723295759527644,30.9849704777241,8.957326892109501,0.8789586688137413,0.14761137949543746,0.5770263016639828,0.5703166935050993,,
79,18.035426731078903,22.758990874932906,7.407407407407407,4.998658078368224,5.776972624798712,29.944981213097154,8.876811594202898,0.9057971014492754,0.14761137949543746,0.5770263016639828,0.5703166935050993,,
80,18.33064949006978,22.57783145464305,7.917337627482555,5.01207729468599,5.71658615136876,29.341116478797638,8.80300590445518,0.9057971014492754,0.14761137949543746,0.6105743424584005,0.6374127750939346,,
81,18.46484165324745,22.5979602791197,7.890499194847021,5.01207729468599,5.703166935050993,29.26731078904992,8.776167471819646,0.9057971014492754,0.13419216317767044,0.6105743424584005,0.6374127750939346,,
82,18.67283950617284,22.430220075147613,8.031400966183575,5.01207729468599,5.703166935050993,29.0727321524423,8.776167471819646,0.9460547504025765,0.13419216317767044,0.5837359098228664,0.6374127750939346,,
83,18.874127750939344,22.322866344605476,8.085077831454644,5.01207729468599,5.703166935050993,28.911701556629094,8.756038647342995,0.9460547504025765,0.13419216317767044,0.5837359098228664,0.6709608158883521,,
84,18.531937734836287,22.18196457326892,8.031400966183575,5.877616747181965,5.723295759527644,28.629898013955984,8.68894256575416,0.966183574879227,0.13419216317767044,0.5837359098228664,0.6508319914117016,,
85,18.733225979602793,22.000805152979066,8.004562533548041,5.83064949006978,5.736714975845411,28.415190552871714,8.923778851315083,0.966183574879227,0.15432098765432098,0.5837359098228664,0.6508319914117016,,
86,18.773483628556093,21.967257112184647,8.319914117015566,5.535426731078905,5.703166935050993,28.37493290391841,8.977455716586151,0.966183574879227,0.14761137949543746,0.5837359098228664,0.6508319914117016,,
87,18.813741277509394,21.940418679549115,8.28636607622115,5.562265163714439,5.709876543209877,28.341384863123995,8.997584541062801,0.966183574879227,0.14761137949543746,0.5837359098228664,0.6508319914117016,,
88,18.67283950617284,21.22249060654858,8.32662372517445,6.608964036500268,5.6964573268921095,28.26086956521739,8.829844337090714,0.966183574879227,0.18115942028985507,0.5837359098228664,0.6508319914117016,,
89,18.45813204508857,20.94068706387547,8.299785292538916,6.0654857756307035,5.649490069779925,28.368223295759528,10.00402576489533,1.0131508319914118,0.18115942028985507,0.5501878690284487,0.46967257112184646,,
90,18.5654857756307,20.323403113258184,8.279656468062266,6.89747718733226,5.629361245303274,28.079710144927535,10.00402576489533,1.0131508319914118,0.18115942028985507,0.5501878690284487,0.47638217928073,,
91,18.800322061191626,20.2361782071927,8.293075684380032,6.884057971014493,5.615942028985507,27.958937198067634,9.977187332259795,1.0131508319914118,0.18115942028985507,0.5501878690284487,0.48980139559849706,,
92,18.840579710144926,20.068438003220614,8.266237251744498,6.884057971014493,5.931293612453032,27.905260332796566,9.883252818035427,1.0131508319914118,0.18115942028985507,0.5501878690284487,0.47638217928073,,
93,18.344068706387546,19.91411701556629,8.152173913043478,6.863929146537842,5.5756843800322065,30.97826086956522,7.917337627482555,1.06682769726248,0.18115942028985507,0.5300590445517982,0.47638217928073,,
94,18.605743424584006,19.87385936661299,8.158883521202362,6.823671497584541,5.5756843800322065,30.790391841116477,7.877079978529254,1.0869565217391304,0.18115942028985507,0.5166398282340311,0.5099302200751477,,
95,18.646001073537306,19.880568974771872,8.36688137412775,6.796833064949007,5.5756843800322065,30.54213633923779,7.883789586688137,1.0869565217391304,0.18115942028985507,0.5434782608695652,0.49651100375738055,,
96,18.666129898013956,19.51825013419216,8.682232957595277,8.36688137412775,5.5689747718733225,29.139828234031132,7.823403113258186,0.9863123993558777,0.18115942028985507,0.5434782608695652,0.5233494363929146,,
97,18.679549114331724,19.51154052603328,8.621846484165324,8.360171765968868,5.595813204508857,29.1129898013956,7.823403113258186,1.0131508319914118,0.2147074610842727,0.5434782608695652,0.5233494363929146,,
98,18.793612453032743,19.51154052603328,8.581588835212024,8.360171765968868,5.542136339237788,29.05931293612453,7.816693505099302,1.0131508319914118,0.2147074610842727,0.5837359098228664,0.5233494363929146,,
99,18.726516371443907,19.504830917874397,8.55475040257649,8.199141170155663,5.5756843800322065,29.005636070853463,7.803274288781535,0.9930220075147611,0.2147074610842727,0.5837359098228664,0.8387010198604401,,
100,18.45813204508857,19.048577563070317,8.641975308641975,8.145464304884594,5.5689747718733225,29.73027375201288,7.763016639828234,0.9930220075147611,0.1878690284487386,0.5971551261406334,0.8655394524959742,,
101,18.686258722490606,18.95464304884595,8.68894256575416,8.11862587224906,5.5756843800322065,29.57595276435856,7.722758990874933,1.0265700483091786,0.1878690284487386,0.5971551261406334,0.8655394524959742,,
102,18.760064412238325,18.699677938808374,8.722490606548577,8.373590982286634,5.58239398819109,29.482018250134193,7.722758990874933,1.0064412238325282,0.1878690284487386,0.5971551261406334,0.8655394524959742,,
103,18.84728931830381,18.297101449275363,9.138486312399356,8.32662372517445,5.589103596349974,29.435050993022006,7.695920558239399,0.9930220075147611,0.1878690284487386,0.5971551261406334,0.8923778851315083,,
104,18.438003220611915,18.12265163714439,9.621578099838969,7.957595276435856,5.542136339237788,29.260601180891037,8.809715512614064,0.8252818035426731,0.1878690284487386,0.4092860976918948,0.8252818035426731,,
105,18.491680085882983,18.109232420826622,9.601449275362318,7.930756843800322,5.535426731078905,29.200214707461082,8.84326355340848,0.8252818035426731,0.1878690284487386,0.4092860976918948,0.8387010198604401,0.026838432635534086,
106,18.38432635534085,17.11621041331186,9.561191626409018,7.85024154589372,5.434782608695652,30.54213633923779,8.80300590445518,0.8252818035426731,0.1878690284487386,0.4294149221685454,0.8387010198604401,0.026838432635534086,
107,18.33064949006978,17.008856682769725,10.84272678475577,7.7898550724637685,5.434782608695652,29.341116478797638,8.977455716586151,0.8252818035426731,0.1610305958132045,0.4294149221685454,0.8319914117015567,0.026838432635534086,
108,18.417874396135264,17.008856682769725,10.735373054213634,7.769726247987117,5.4616210413311865,29.2337627482555,9.01100375738057,0.9125067096081588,0.1610305958132045,0.4294149221685454,0.8319914117015567,0.026838432635534086,
109,18.5252281266774,16.928341384863124,10.815888352120236,7.763016639828234,5.360976918947934,29.139828234031132,8.984165324745035,0.8990874932903918,0.14761137949543746,0.5636070853462157,0.8319914117015567,0.040257648953301126,
110,18.438003220611915,16.458668813741276,10.607890499194847,7.749597423510467,5.038915727321524,28.824476650563607,10.399892646269459,0.8990874932903918,0.14761137949543746,0.5636070853462157,0.8319914117015567,0.040257648953301126,
111,18.61916264090177,16.458668813741276,10.61460010735373,7.749597423510467,5.092592592592593,28.65673644659152,10.359634997316157,0.8990874932903918,0.14761137949543746,0.5636070853462157,0.798443370907139,0.040257648953301126,
112,18.69296833064949,16.451959205582394,10.628019323671497,7.749597423510467,5.025496511003757,28.56280193236715,10.319377348362856,0.9259259259259259,0.24154589371980675,0.5636070853462157,0.798443370907139,0.040257648953301126,
113,18.84728931830381,16.203703703703702,10.829307568438002,7.695920558239399,4.99194847020934,28.435319377348364,10.332796564680622,0.9460547504025765,0.27509393451422437,0.5636070853462157,0.8118625872249061,0.040257648953301126,0.026838432635534086
114,19.00161030595813,16.190284487385938,10.7085346215781,7.716049382716049,4.978529253891573,28.361513687600645,10.312667740203972,0.9796027911969941,0.2952227589908749,0.5568974771873323,0.7716049382716049,0.10064412238325282,0.026838432635534086
115,19.048577563070317,16.14331723027375,10.674986580783683,7.843531937734836,4.951690821256038,28.247450348899623,10.332796564680622,1.0064412238325282,0.2952227589908749,0.5568974771873323,0.7716049382716049,0.10064412238325282,0.026838432635534086
116,19.16935050993022,16.076221148684915,10.701825013419215,7.843531937734836,4.985238862050457,28.16022544283414,10.305958132045088,1.0064412238325282,0.2952227589908749,0.5568974771873323,0.7716049382716049,0.10064412238325282,0.026838432635534086
117,19.269994632313473,16.056092324208265,11.124530327428879,7.796564680622652,5.005367686527107,27.737520128824478,10.265700483091788,0.9594739667203436,0.2952227589908749,0.5904455179817498,0.7716049382716049,0.10064412238325282,0.026838432635534086
118,19.384057971014492,15.995705850778315,11.151368760064413,7.722758990874933,5.005367686527107,27.70397208803006,10.265700483091788,0.9594739667203436,0.2683843263553409,0.5904455179817498,0.8252818035426731,0.10064412238325282,0.026838432635534086
119,19.37734836285561,15.874932903918411,10.34621578099839,7.722758990874933,6.635802469135802,26.918947933440688,10.23215244229737,0.9997316156736447,0.3757380568974772,0.5904455179817498,0.798443370907139,0.10064412238325282,0.026838432635534086
120,19.57192699946323,15.848094471282877,10.319377348362856,7.648953301127214,6.608964036500268,26.84514224369297,10.21202361782072,0.9997316156736447,0.3757380568974772,0.6105743424584005,0.8319914117015567,0.10064412238325282,0.026838432635534086
121,19.51825013419216,15.962157809983896,10.319377348362856,7.648953301127214,6.608964036500268,26.80488459473967,10.178475577026301,1.0265700483091786,0.3757380568974772,0.5971551261406334,0.8319914117015567,0.10064412238325282,0.026838432635534086
122,18.914385399892645,14.65378421900161,10.205314009661835,6.944444444444445,7.669082125603865,28.502415458937197,10.158346752549651,0.9796027911969941,0.3757380568974772,0.5971551261406334,0.8722490606548577,0.10064412238325282,0.026838432635534086
123,19.0955448201825,14.647074610842727,10.131508319914117,6.944444444444445,7.6556629092860975,28.435319377348364,10.131508319914117,0.9796027911969941,0.3757380568974772,0.6172839506172839,0.8722490606548577,0.08722490606548577,0.026838432635534086
124,18.894256575415994,14.31159420289855,11.231884057971014,6.910896403650026,8.172302737520129,27.482555018786904,10.104669887278583,0.7648953301127214,0.41599570585077833,0.5971551261406334,0.8722490606548577,0.08722490606548577,0.15432098765432098
125,16.25067096081589,19.290123456790123,11.09098228663446,5.971551261406334,8.105206655931294,26.96591519055287,9.4873859366613,0.7648953301127214,0.41599570585077833,0.5971551261406334,0.8185721953837896,0.08722490606548577,0.15432098765432098
126,16.27750939345142,19.209608158883523,11.003757380568974,5.998389694041868,8.051529790660226,27.556360708534623,9.01100375738057,0.7648953301127214,0.4428341384863124,0.5971551261406334,0.8185721953837896,0.11406333870101985,0.15432098765432098
127,16.364734299516908,19.122383252818036,10.950080515297907,5.931293612453032,7.98443370907139,27.51610305958132,9.057971014492754,0.8118625872249061,0.48980139559849706,0.630703166935051,0.8588298443370908,0.11406333870101985,0.16774020397208803
128,14.398819108964037,16.874664519592056,10.077831454643048,3.992216854535695,7.481213097155126,35.28582930756844,8.984165324745035,0.798443370907139,0.48980139559849706,0.630703166935051,0.7045088566827697,0.11406333870101985,0.16774020397208803
129,14.465915190552872,16.029253891572733,10.312667740203972,4.958400429414922,7.50805152979066,35.017444981213096,8.769457863660762,0.8319914117015567,0.48980139559849706,0.630703166935051,0.7045088566827697,0.11406333870101985,0.16774020397208803
130,14.573268921095009,16.015834675254965,10.225442834138486,4.951690821256038,7.50805152979066,34.76918947933441,8.729200214707461,1.0466988727858293,0.5300590445517982,0.6642512077294686,0.7045088566827697,0.11406333870101985,0.16774020397208803
131,14.727589908749328,15.955448201825014,10.218733225979603,4.951690821256038,7.548309178743962,34.66854535695116,8.722490606548577,1.0466988727858293,0.5300590445517982,0.6642512077294686,0.6843800322061192,0.11406333870101985,0.16774020397208803
132,14.781266774020397,15.868223295759528,10.165056360708535,4.3545356951154055,9.01100375738057,33.78958668813741,8.675523349436393,1.2278582930756843,0.5032206119162641,0.6642512077294686,0.6776704240472357,0.11406333870101985,0.16774020397208803
133,14.88191089640365,15.861513687600644,10.165056360708535,4.3478260869565215,8.977455716586151,33.722490606548575,8.675523349436393,1.2278582930756843,0.48980139559849706,0.6910896403650026,0.6776704240472357,0.11406333870101985,0.16774020397208803
134,15.049651100375739,15.76086956521739,10.044283413848632,4.314278046162104,9.098228663446054,33.64868491680086,8.662104133118627,1.288244766505636,0.48980139559849706,0.6910896403650026,0.6709608158883521,0.11406333870101985,0.16774020397208803
135,15.210681696188942,15.72061191626409,9.990606548577563,4.28743961352657,9.084809447128288,33.51449275362319,8.695652173913043,1.3486312399355878,0.48980139559849706,0.6910896403650026,0.6709608158883521,0.11406333870101985,0.18115942028985507
136,15.28448738593666,15.68035426731079,9.98389694041868,4.253891572732153,9.118357487922705,33.42055823939882,8.635265700483092,1.3419216317767042,0.5032206119162641,0.6910896403650026,0.7917337627482555,0.11406333870101985,0.18115942028985507
137,15.411969940955448,15.646806226516372,10.017444981213098,4.280730005367687,9.07139023081052,33.353462157809986,8.668813741277509,1.2681159420289856,0.5032206119162641,0.6910896403650026,0.7917337627482555,0.11406333870101985,0.18115942028985507
138,15.552871712292003,15.599838969404187,10.050993022007514,4.274020397208803,9.07139023081052,33.20585077831455,8.641975308641975,1.3620504562533549,0.5032206119162641,0.6508319914117016,0.7917337627482555,0.11406333870101985,0.18115942028985507
139,15.646806226516372,15.58641975308642,10.057702630166398,4.300858829844337,9.31964573268921,33.051529790660226,8.407139023081053,1.3888888888888888,0.49651100375738055,0.6776704240472357,0.7917337627482555,0.0939345142243693,0.18115942028985507
140,15.821256038647343,15.519323671497585,9.950348899624261,4.62962962962963,9.03113258185722,32.99785292538916,8.32662372517445,1.442565754159957,0.5367686527106817,0.6776704240472357,0.7917337627482555,0.0939345142243693,0.18115942028985507
141,15.841384863123993,15.365002683843263,10.178475577026301,5.347557702630167,8.876811594202898,32.6959205582394,7.944176060118089,1.482823403113258,0.5300590445517982,0.7112184648416533,0.7514761137949544,0.0939345142243693,0.18115942028985507
142,15.613258185721953,15.33816425120773,9.896672034353195,5.273752012882448,8.071658615136876,33.051529790660226,9.138486312399356,1.4090177133655395,0.5300590445517982,0.7112184648416533,0.6910896403650026,0.0939345142243693,0.18115942028985507
143,15.767579173376275,15.197262479871176,9.829575952764358,5.273752012882448,8.380300590445518,32.83682232957595,9.138486312399356,1.3955984970477724,0.5166398282340311,0.6977992485238862,0.6910896403650026,0.0939345142243693,0.18115942028985507
144,15.801127214170693,15.177133655394526,9.762479871175524,6.3070316693505095,8.373590982286634,31.97128287707998,9.098228663446054,1.3620504562533549,0.5166398282340311,0.6642512077294686,0.6910896403650026,0.0939345142243693,0.18115942028985507
145,15.881642512077295,15.163714439076758,9.829575952764358,6.260064412238325,8.373590982286634,31.696188942565755,9.091519055287172,1.556629092860977,0.5166398282340311,0.6642512077294686,0.6910896403650026,0.0939345142243693,0.18115942028985507
146,15.049651100375739,13.935856146001074,8.997584541062801,11.949812130971551,7.125603864734299,31.179549114331724,8.413848631239935,1.482823403113258,0.4495437466451959,0.4830917874396135,0.6575415995705851,0.0939345142243693,0.18115942028985507
147,15.163714439076758,13.915727321524423,8.997584541062801,11.90955448201825,7.098765432098766,31.125872249060656,8.413848631239935,1.482823403113258,0.4495437466451959,0.4830917874396135,0.6843800322061192,0.0939345142243693,0.18115942028985507
148,15.163714439076758,13.88888888888889,9.16532474503489,11.902844873859367,7.092055823939882,30.9044551798175,8.400429414922169,1.5230810520665594,0.4495437466451959,0.4830917874396135,0.7179280730005367,0.0939345142243693,0.2147074610842727
149,15.324745034889963,13.828502415458937,9.044551798174986,11.372785829307569,7.877079978529254,30.709876543209877,8.373590982286634,1.5230810520665594,0.4495437466451959,0.4830917874396135,0.7045088566827697,0.0939345142243693,0.2147074610842727
150,15.49248523886205,12.379227053140097,9.03113258185722,11.3593666129898,7.836822329575953,32.1256038647343,8.3467525496511,1.482823403113258,0.4495437466451959,0.4830917874396135,0.7045088566827697,0.0939345142243693,0.2147074610842727
151,15.640096618357488,12.278582930756844,8.910359634997317,11.352657004830919,7.856951154052603,32.058507783145465,8.420558239398819,1.5432098765432098,0.4495437466451959,0.41599570585077833,0.7648953301127214,0.0939345142243693,0.2147074610842727
152,15.801127214170693,12.265163714439076,8.883521202361782,11.3191089640365,7.709339774557166,31.924315619967793,8.400429414922169,1.5365002683843263,0.43612453032742887,0.41599570585077833,0.798443370907139,0.0939345142243693,0.41599570585077833
153,15.74074074074074,11.520397208803006,8.776167471819646,12.359098228663447,7.863660762211487,31.5150295222759,8.420558239398819,1.6103059581320451,0.46967257112184646,0.41599570585077833,0.798443370907139,0.0939345142243693,0.41599570585077833
154,15.92860976918948,11.460010735373054,8.856682769726248,12.184648416532475,8.883521202361782,30.54213633923779,8.380300590445518,1.5029522275899088,0.46967257112184646,0.4428341384863124,0.8588298443370908,0.0939345142243693,0.39586688137412773
155,16.109769189479334,11.43317230273752,8.99087493290392,12.157809983896941,9.078099838969404,30.461621041331185,7.96430488459474,1.5297906602254427,0.46296296296296297,0.46296296296296297,0.8588298443370908,0.0939345142243693,0.39586688137412773
156,16.25067096081589,11.406333870101985,8.957326892109501,12.151100375738057,9.05126140633387,30.280461621041333,7.991143317230274,1.6237251744498122,0.46296296296296297,0.4428341384863124,0.8923778851315083,0.0939345142243693,0.39586688137412773
157,16.190284487385938,11.131239935587761,8.789586688137414,12.030327428878154,9.017713365539452,29.663177670424048,9.292807300053678,1.6035963499731616,0.49651100375738055,0.4227053140096618,0.8722490606548577,0.0939345142243693,0.39586688137412773
158,16.27750939345142,11.064143853998926,8.930488459473967,11.990069779924852,8.970746108427267,29.562533548040793,9.232420826623725,1.6639828234031133,0.49651100375738055,0.4227053140096618,0.8990874932903918,0.0939345142243693,0.39586688137412773
159,16.465378421900162,11.05072463768116,8.910359634997317,11.969940955448202,8.970746108427267,29.374664519592056,9.185453569511541,1.7042404723564144,0.5233494363929146,0.4227053140096618,0.8990874932903918,0.0939345142243693,0.4294149221685454
160,16.532474503488995,11.037305421363392,8.950617283950617,11.889425657541599,8.99087493290392,29.320987654320987,9.145195920558239,1.7713365539452497,0.5233494363929146,0.41599570585077833,0.8990874932903918,0.0939345142243693,0.4294149221685454
161,16.67337627482555,10.997047772410092,8.997584541062801,11.855877616747183,9.125067096081589,29.186795491143318,9.03113258185722,1.7981749865807837,0.5233494363929146,0.41599570585077833,0.8990874932903918,0.0939345142243693,0.4025764895330113
162,16.438539989264626,11.379495437466453,8.977455716586151,11.81561996779388,9.138486312399356,29.166666666666668,8.984165324745035,1.778046162104133,0.5233494363929146,0.4294149221685454,0.8990874932903918,0.06709608158883522,0.4025764895330113
163,16.505636070853463,11.2788513150832,9.219001610305957,11.788781535158346,9.118357487922705,28.978797638217927,8.829844337090714,1.9726247987117553,0.5233494363929146,0.4428341384863124,0.8856682769726248,0.06709608158883522,0.38915727321524424
164,16.545893719806763,11.178207192699947,9.198872785829307,13.150831991411701,9.118357487922705,28.824476650563607,7.64224369296833,2.01959205582394,0.5233494363929146,0.4428341384863124,0.8990874932903918,0.06709608158883522,0.38915727321524424
165,16.700214707461082,11.151368760064413,9.172034353193773,13.177670424047236,9.07139023081052,28.824476650563607,7.6556629092860975,1.9659151905528718,0.49651100375738055,0.4428341384863124,0.8856682769726248,0.06709608158883522,0.38915727321524424
166,16.760601180891037,11.07085346215781,9.265968867418144,13.157541599570585,8.970746108427267,28.67686527106817,7.702630166398282,1.9994632313472893,0.49651100375738055,0.5770263016639828,0.8655394524959742,0.06709608158883522,0.38915727321524424
167,16.928341384863124,11.030595813204508,9.212292002147075,13.103864734299517,8.99087493290392,28.488996242619432,7.689210950080516,2.187332259796028,0.46967257112184646,0.5770263016639828,0.8655394524959742,0.06709608158883522,0.38915727321524424
168,17.008856682769725,11.030595813204508,9.232420826623725,13.103864734299517,9.024422973698336,28.442028985507246,7.64224369296833,2.1806226516371443,0.46967257112184646,0.5770263016639828,0.8319914117015567,0.06709608158883522,0.38915727321524424
169,16.99543746645196,10.903113258185721,8.715780998389693,12.989801395598498,10.621309715512615,27.66371443907676,7.635534084809447,2.167203435319377,0.46967257112184646,0.5770263016639828,0.8319914117015567,0.06709608158883522,0.36231884057971014
170,17.12962962962963,10.876274825550189,8.682232957595277,12.775093934514224,11.030595813204508,27.576489533011273,7.50805152979066,2.15378421900161,0.46967257112184646,0.5703166935050993,0.798443370907139,0.06709608158883522,0.36231884057971014
171,17.216854535695116,10.84272678475577,8.695652173913043,12.761674718196458,11.030595813204508,27.549651100375737,7.521470746108427,2.1135265700483092,0.46967257112184646,0.5703166935050993,0.798443370907139,0.06709608158883522,0.36231884057971014
172,17.290660225442835,10.815888352120236,8.648684916800859,12.775093934514224,11.077563070316694,27.522812667740205,7.501341921631776,2.100107353730542,0.46967257112184646,0.5703166935050993,0.798443370907139,0.06709608158883522,0.36231884057971014
173,17.45169082125604,10.815888352120236,8.61513687600644,12.741545893719806,11.057434245840042,27.449006977992486,7.454374664519592,2.120236178207193,0.46967257112184646,0.5971551261406334,0.798443370907139,0.06709608158883522,0.36231884057971014
174,17.51207729468599,10.809178743961352,8.729200214707461,12.72812667740204,11.023886205045626,27.435587761674718,7.4141170155662905,2.0933977455716586,0.46967257112184646,0.5703166935050993,0.785024154589372,0.06709608158883522,0.36231884057971014
175,17.72007514761138,10.735373054213634,8.702361782071927,12.627482555018787,10.990338164251208,27.355072463768117,7.39398819108964,2.147074610842727,0.5032206119162641,0.5703166935050993,0.8252818035426731,0.06709608158883522,0.36231884057971014
176,17.827428878153516,10.607890499194847,8.836553945249598,12.5402576489533,10.943370907139023,27.18733225979603,7.4006977992485234,2.13365539452496,0.5233494363929146,0.5703166935050993,1.0131508319914118,0.06709608158883522,0.3488996242619431
177,17.659688674181428,10.50053676865271,8.507783145464305,11.929683306494901,10.601180891035963,29.005636070853463,7.226247987117552,2.1135265700483092,0.49651100375738055,0.5770263016639828,0.966183574879227,0.06709608158883522,0.3488996242619431
178,17.793880837359097,10.406602254428341,8.53462157809984,11.849168008588299,10.534084809447128,28.972088030059044,7.246376811594203,2.1135265700483092,0.49651100375738055,0.6105743424584005,1.0265700483091786,0.06709608158883522,0.3488996242619431
179,17.659688674181428,10.299248523886206,8.561460010735374,12.855609232420827,10.00402576489533,28.79092860976919,7.212828770799785,2.100107353730542,0.49651100375738055,0.5971551261406334,1.0198604401502953,0.06709608158883522,0.33548040794417605
180,17.767042404723565,10.299248523886206,8.561460010735374,12.808641975308642,9.943639291465379,28.75738056897477,7.212828770799785,2.100107353730542,0.46967257112184646,0.5971551261406334,1.0534084809447128,0.06709608158883522,0.36231884057971014
181,17.652979066022546,10.25228126677402,9.494095544820183,12.781803542673108,9.829575952764358,28.073000536768653,7.212828770799785,2.073268921095008,0.46967257112184646,0.5971551261406334,1.093666129898014,0.06709608158883522,0.4025764895330113
182,17.901234567901234,10.25228126677402,9.541062801932368,12.741545893719806,9.816156736446592,27.885131508319915,7.071926999463232,2.0933977455716586,0.46967257112184646,0.5971551261406334,1.1607622114868492,0.06709608158883522,0.4025764895330113
183,17.424852388620504,10.178475577026301,9.27938808373591,12.714707461084272,9.541062801932368,29.61621041331186,6.615673644659152,2.01959205582394,0.41599570585077833,0.5770263016639828,1.1205045625335481,0.06709608158883522,0.4294149221685454
184,17.223564143854,10.165056360708535,8.749329039184111,12.627482555018787,10.836017176596886,29.086151368760063,6.622383252818035,2.0397208803005906,0.39586688137412773,0.6038647342995169,1.1205045625335481,0.06709608158883522,0.46296296296296297
