,45,50,51,55,53,59,54,56,52,57,58,61,60
0,99.73832528180354,0.2616747181964573,,,,,,,,,,,
1,86.8894256575416,13.110574342458401,,,,,,,,,,,
2,84.1250670960816,12.607353730542137,3.2541599570585076,0.013419216317767043,,,,,,,,,
3,69.67928073000537,27.03972088030059,3.193773483628556,0.08722490606548577,,,,,,,,,
4,69.57863660762212,23.785560923242084,3.1870638754696725,0.11406333870101985,3.3011272141706924,0.03354804079441761,,,,,,,
5,65.92860976918948,27.34836285560923,3.180354267310789,0.14761137949543746,3.2675791733762747,0.03354804079441761,0.0939345142243693,,,,,,
6,65.78770799785292,27.42216854535695,3.180354267310789,0.24154589371980675,3.240740740740741,0.03354804079441761,0.0939345142243693,,,,,,
7,55.81052066559313,38.0703166935051,2.509393451422437,0.24154589371980675,3.2206119162640903,0.03354804079441761,0.0939345142243693,0.020128824476650563,,,,,
8,52.00617283950617,33.87010198604401,10.151637144390767,0.630703166935051,3.193773483628556,0.03354804079441761,0.0939345142243693,0.020128824476650563,,,,,
9,51.878690284487384,33.9573268921095,10.151637144390767,0.630703166935051,3.193773483628556,0.03354804079441761,0.0939345142243693,0.020128824476650563,0.040257648953301126,,,,
10,51.46269457863661,29.21363392377885,8.373590982286634,0.5904455179817498,3.1468062265163717,0.03354804079441761,0.0939345142243693,0.39586688137412773,6.689479334406871,,,,
11,51.42243692968331,29.367954911433173,8.32662372517445,0.5904455179817498,3.066290928609769,0.04696725711218465,0.0939345142243693,0.39586688137412773,6.642512077294686,0.04696725711218465,,,
12,51.47611379495437,29.30756843800322,8.205850778314547,0.6642512077294686,3.0059044551798175,0.08051529790660225,0.0939345142243693,0.6038647342995169,6.515029522275899,0.04696725711218465,,,
13,51.1003757380569,29.62962962962963,8.259527643585615,0.6642512077294686,3.0059044551798175,0.08051529790660225,0.0939345142243693,0.6038647342995169,6.515029522275899,0.04696725711218465,,,
14,45.8064949006978,27.95222758990875,15.237520128824476,0.7380568974771873,2.9388083735909825,0.06709608158883522,0.0939345142243693,0.5837359098228664,6.535158346752549,0.04696725711218465,,,
15,45.779656468062264,27.200751476113794,16.445249597423512,0.785024154589372,2.898550724637681,0.06709608158883522,0.0939345142243693,0.4294149221685454,6.253354804079442,0.04696725711218465,,,
16,44.41760601180891,30.005367686527105,14.486044015029522,0.7447665056360708,3.8311862587224907,0.03354804079441761,,0.32877079978529256,6.105743424584004,0.04696725711218465,,,
17,44.49141170155663,29.864465915190554,14.486044015029522,0.7447665056360708,3.8177670424047236,0.03354804079441761,0.08722490606548577,0.32877079978529256,6.072195383789587,0.07380568974771873,,,
18,39.69404186795491,36.090982286634464,12.95625335480408,0.7313472893183038,3.797638217928073,0.03354804079441761,0.2214170692431562,0.32877079978529256,6.045356951154052,0.10064412238325282,,,
19,39.74771873322598,35.648148148148145,12.406065485775631,1.6975308641975309,3.7640901771336552,0.03354804079441761,0.2214170692431562,0.35560923242082665,6.045356951154052,0.08051529790660225,,,
20,39.761137949543745,35.31266774020397,11.460010735373054,1.6572732152442298,3.4017713365539453,0.03354804079441761,0.2214170692431562,0.2281266774020397,7.87037037037037,0.05367686527106817,,,
21,39.21765968867418,35.7487922705314,11.439881910896403,1.8115942028985508,3.374932903918411,0.03354804079441761,0.2214170692431562,0.2281266774020397,7.843531937734836,0.08051529790660225,,,
22,39.13714439076758,34.27938808373591,11.3593666129898,1.7914653784219001,4.924852388620504,0.03354804079441761,0.2214170692431562,0.33548040794417605,7.809983896940419,0.08051529790660225,0.026838432635534086,,
23,39.231078904991946,34.17203435319377,11.285560923242082,1.8183038110574343,4.918142780461621,0.03354804079441761,0.2214170692431562,0.33548040794417605,7.883789586688137,0.07380568974771873,0.026838432635534086,,
24,36.46672034353194,31.729736983360173,19.981213097155127,0.7783145464304885,5.226784755770263,0.03354804079441761,0.2214170692431562,0.2885131508319914,5.032206119162641,0.2147074610842727,0.026838432635534086,,
25,27.596618357487923,43.03542673107891,19.847020933977454,1.3821792807300053,3.3413848631239937,,0.24825550187869028,0.2885131508319914,4.019055287171229,0.2147074610842727,0.026838432635534086,,
26,27.737520128824478,42.860976918947934,19.82018250134192,1.6371443907675791,3.3413848631239937,,0.24825550187869028,0.2885131508319914,3.824476650563607,0.2147074610842727,0.026838432635534086,,
27,26.992753623188406,41.98201825013419,21.26945786366076,1.8048845947396672,3.33467525496511,,0.27509393451422437,0.2885131508319914,3.81105743424584,0.2147074610842727,0.026838432635534086,,
28,27.086688137412775,41.78073000536769,21.24932903918411,1.8451422436929683,3.33467525496511,,0.3757380568974772,0.3153515834675255,3.770799785292539,0.2147074610842727,0.026838432635534086,,
29,23.463499731615673,43.84728931830381,22.77241009125067,1.8786902844873858,3.33467525496511,,0.3757380568974772,0.3153515834675255,3.770799785292539,0.2147074610842727,0.026838432635534086,,
30,23.523886205045624,42.33762748255502,22.376543209876544,1.8317230273752012,5.213365539452496,,0.3757380568974772,0.3757380568974772,3.7238325281803544,0.2147074610842727,0.026838432635534086,,
31,21.34326355340848,44.45115405260333,18.92109500805153,1.4761137949543746,4.750402576489533,,0.2147074610842727,0.36902844873859364,8.232689210950081,0.2147074610842727,0.026838432635534086,,
32,21.557971014492754,44.0955448201825,18.84728931830381,1.6774020397208802,4.723564143853999,,0.2147074610842727,0.4428341384863124,8.158883521202362,0.2147074610842727,0.06709608158883522,,
33,21.497584541062803,41.82098765432099,21.544551798174986,1.6572732152442298,4.884594739667204,,0.2147074610842727,0.6105743424584005,7.501341921631776,0.2147074610842727,0.05367686527106817,,
34,21.40365002683843,39.130434782608695,24.97987117552335,1.442565754159957,3.535963499731616,,1.1003757380568975,0.6910896403650026,7.440955448201825,0.2147074610842727,0.06038647342995169,,
35,21.611647879763822,38.969404186795494,24.751744498121308,1.5901771336553945,3.3816425120772946,,1.221148684916801,0.7716049382716049,7.427536231884058,0.2147074610842727,0.06038647342995169,,
36,21.806226516371442,38.75469672571122,24.52361782071927,1.751207729468599,3.321256038647343,,1.1943102522812667,0.9460547504025765,7.427536231884058,0.2147074610842727,0.06038647342995169,,
37,22.148416532474503,37.835480407944175,24.282071926999464,2.4691358024691357,3.307836822329576,,1.2077294685990339,1.0466988727858293,7.427536231884058,0.2147074610842727,0.06038647342995169,,
38,20.625335480407944,37.19135802469136,31.17283950617284,2.13365539452496,2.9253891572732154,,1.1272141706924315,1.4090177133655395,3.3279656468062266,0.026838432635534086,0.06038647342995169,,
39,20.69243156199678,37.1309715512614,31.011808910359633,2.227589908749329,2.9253891572732154,,1.1272141706924315,1.482823403113258,3.3145464304884595,0.026838432635534086,0.06038647342995169,,
40,13.6808910359635,47.819377348362856,27.72410091250671,2.167203435319377,2.623456790123457,,1.0064412238325282,1.5767579173376274,3.3145464304884595,0.026838432635534086,0.06038647342995169,,
41,13.841921631776705,47.00751476113795,26.48953301127214,2.395330112721417,4.522275899087493,,0.9930220075147611,1.3486312399355878,3.3145464304884595,0.026838432635534086,0.06038647342995169,,
42,14.06333870101986,46.262748255501876,25.905797101449274,3.4822866344605474,4.663177670424047,,0.9863123993558777,1.3754696725711217,3.180354267310789,0.026838432635534086,0.05367686527106817,,
43,14.110305958132045,46.242619431025226,25.811862587224905,3.5426731078904994,4.656468062265164,,0.9863123993558777,1.3888888888888888,3.180354267310789,0.026838432635534086,0.05367686527106817,,
44,12.93612453032743,46.02791196994095,27.603327965646805,3.549382716049383,4.5960815888352125,,0.9863123993558777,1.5230810520665594,2.6502952227589907,0.026838432635534086,0.10064412238325282,,
45,13.09044551798175,45.73939881910896,27.47584541062802,3.7037037037037037,4.5960815888352125,,1.06682769726248,1.5230810520665594,2.6502952227589907,0.05367686527106817,0.10064412238325282,,
46,12.989801395598498,41.31105743424584,32.588566827697264,3.4688674181427803,4.549114331723027,,1.0601180891035964,1.1003757380568975,2.6502952227589907,0.026838432635534086,0.2549651100375738,,
47,13.137412775093935,41.10976918947934,32.50134192163178,3.435319377348363,4.49543746645196,,1.133923778851315,1.2815351583467525,2.6502952227589907,0.026838432635534086,0.2281266774020397,,
48,13.33870101986044,40.92190016103059,32.380568974771876,3.455448201825013,4.582662372517445,,1.133923778851315,1.2815351583467525,2.6502952227589907,0.026838432635534086,0.2281266774020397,,
49,12.70799785292539,33.360171765968865,43.27026301663983,2.1068169618894257,3.4151905528717124,,1.0601180891035964,1.2748255501878691,2.589908749329039,0.026838432635534086,0.1878690284487386,,
50,12.808641975308642,33.16559312936125,43.05555555555556,2.13365539452496,3.643317230273752,,1.0869565217391304,1.3016639828234031,2.589908749329039,0.026838432635534086,0.1878690284487386,,
51,12.95625335480408,32.789855072463766,42.72007514761138,2.4020397208803006,3.743961352657005,,1.0869565217391304,1.5096618357487923,2.576489533011272,0.026838432635534086,0.1878690284487386,,
52,12.781803542673108,32.15244229736983,45.430756843800324,2.4154589371980677,1.6572732152442298,,1.0869565217391304,1.7444981213097155,2.462426194310252,,0.2683843263553409,,
53,12.962962962962964,32.03166935050993,45.10198604401503,2.6033279656468062,1.6572732152442298,,1.0869565217391304,1.8384326355340848,2.4154589371980677,0.03354804079441761,0.2683843263553409,,
54,13.18438003220612,31.769994632313473,44.900697799248526,2.7241009125067097,1.6572732152442298,,1.0869565217391304,1.9592055823939882,2.4154589371980677,0.03354804079441761,0.2683843263553409,,
55,13.378958668813741,31.568706387546968,44.7866344605475,2.831454643048846,1.6438539989264627,,1.0869565217391304,1.9927536231884058,2.408749329039184,0.03354804079441761,0.2683843263553409,,
56,11.52710681696189,29.361245303274288,49.6309715512614,2.7509393451422435,1.6438539989264627,,1.0802469135802468,1.3217928073000538,2.38191089640365,0.03354804079441761,0.2683843263553409,,
57,11.768652710681696,29.294149221685455,49.382716049382715,2.804616210413312,1.6304347826086956,,1.0802469135802468,1.3553408480944713,2.38191089640365,0.03354804079441761,0.2683843263553409,,
58,11.714975845410628,27.395330112721417,51.88539989264627,2.737520128824477,1.5297906602254427,,1.0601180891035964,1.6237251744498122,1.778046162104133,0.03354804079441761,0.24154589371980675,,
59,11.963231347289318,27.241009125067094,51.69753086419753,2.7308105206655933,1.5230810520665594,,1.0601180891035964,1.7310789049919484,1.7646269457863661,0.04696725711218465,0.24154589371980675,,
60,12.084004294149223,27.126945786366075,51.50295222758991,2.871712292002147,1.5096618357487923,,1.0601180891035964,1.7914653784219001,1.7646269457863661,0.04696725711218465,0.24154589371980675,,
61,12.432903918411165,27.01959205582394,51.21443907675792,2.8113258185721954,1.556629092860977,,1.0601180891035964,1.8518518518518519,1.7646269457863661,0.04696725711218465,0.24154589371980675,,
62,12.580515297906603,26.939076757917338,50.74476650563607,2.818035426731079,1.556629092860977,,1.0601180891035964,2.24771873322598,1.737788513150832,0.04696725711218465,0.2683843263553409,,
63,12.754965110037574,26.77133655394525,50.52334943639291,2.9119699409554483,1.5499194847020934,,1.0534084809447128,2.38191089640365,1.737788513150832,0.04696725711218465,0.2683843263553409,,
64,12.815351583467525,26.737788513150832,50.214707461084274,2.9388083735909825,1.596886741814278,,1.0534084809447128,2.589908749329039,1.737788513150832,0.04696725711218465,0.2683843263553409,,
65,12.922705314009661,26.50966183574879,49.87251744498121,3.207192699946323,1.596886741814278,,1.0534084809447128,2.7844873859366612,1.737788513150832,0.04696725711218465,0.2683843263553409,,
66,12.412775093934513,26.147342995169083,45.28314546430489,3.1333870101986045,1.2144390767579174,,1.1205045625335481,2.408749329039184,7.96430488459474,0.04696725711218465,0.2683843263553409,,
67,12.681159420289855,26.120504562533547,45.02818035426731,3.207192699946323,1.2077294685990339,,1.1205045625335481,2.3886205045625335,7.917337627482555,0.040257648953301126,0.2885131508319914,,
68,12.822061191626409,26.006441223832528,43.88083735909823,3.307836822329576,2.1604938271604937,,1.093666129898014,2.61003757380569,7.763016639828234,0.06709608158883522,0.2885131508319914,,
69,12.895866881374127,25.99302200751476,43.323939881910896,3.307836822329576,2.0665593129361244,,1.1205045625335481,3.099838969404187,7.716049382716049,0.06709608158883522,0.4092860976918948,,
70,12.969672571121846,25.355609232420825,43.142780461621044,3.099838969404187,2.965646806226516,,1.1205045625335481,3.180354267310789,7.6556629092860975,0.06709608158883522,0.4428341384863124,,
71,12.93612453032743,24.436392914653783,37.05716586151369,3.0059044551798175,2.737520128824477,,1.1137949543746646,3.066290928609769,15.136876006441224,0.06709608158883522,0.4428341384863124,,
72,13.030059044551798,24.329039184111647,37.0101986044015,3.0059044551798175,2.717391304347826,,1.1808910359634996,3.0931293612453032,15.083199141170155,0.10735373054213634,0.4428341384863124,,
73,13.077026301663983,24.295491143317232,36.741814278046164,3.1468062265163717,2.7442297369833604,,1.1943102522812667,3.193773483628556,15.056360708534621,0.10735373054213634,0.4428341384863124,,
74,13.170960815888352,24.134460547504027,36.62775093934514,3.294417606011809,2.7308105206655933,,1.1808910359634996,3.2877079978529253,15.022812667740205,0.10735373054213634,0.4428341384863124,,
75,13.251476113794954,24.10762211486849,36.553945249597426,3.321256038647343,2.717391304347826,,1.1808910359634996,3.3279656468062266,14.989264626945786,0.10735373054213634,0.4428341384863124,,
76,13.278314546430488,23.859366612989803,40.707192699946326,3.4151905528717124,2.563070316693505,,1.2077294685990339,3.878153515834675,10.540794417606012,0.10735373054213634,0.4428341384863124,,
77,13.459473966720344,23.731884057971016,40.31132581857219,3.488996242619431,2.563070316693505,,1.2077294685990339,4.166666666666667,10.453569511540525,0.17444981213097155,0.4428341384863124,,
78,13.533279656468062,23.70504562533548,40.002683843263554,3.603059581320451,2.563070316693505,,1.2077294685990339,4.361245303274289,10.38647342995169,0.19457863660762212,0.4428341384863124,,
79,8.997584541062801,25.026838432635532,37.0907139023081,3.0394524959742353,2.3617820719269993,,0.9863123993558777,3.92512077294686,17.867686527106816,0.2281266774020397,0.4428341384863124,0.03354804079441761,
80,9.125067096081589,24.86580783682233,36.34594739667203,4.019055287171229,2.3550724637681157,,1.0198604401502953,3.911701556629093,17.652979066022546,0.2281266774020397,0.4428341384863124,0.03354804079441761,
81,9.091519055287172,24.778582930756844,35.91653247450349,4.045893719806763,2.3550724637681157,,1.0131508319914118,4.30756843800322,17.673107890499196,0.30864197530864196,0.47638217928073,0.03354804079441761,
82,8.433977455716587,22.074610842726784,39.22436929683307,3.8311862587224907,3.7909286097691894,,0.8051529790660226,4.146537842190016,17.06924315619968,0.2885131508319914,0.30193236714975846,0.03354804079441761,
83,8.662104133118627,21.93370907139023,39.18411164787977,3.9989264626945786,3.6768652710681695,,0.8051529790660226,4.146537842190016,17.008856682769725,0.2885131508319914,0.2616747181964573,0.03354804079441761,
84,8.910359634997317,21.900161030595815,38.92914653784219,3.9720880300590444,3.6097691894793345,,0.798443370907139,4.327697262479871,16.935050993022006,0.322061191626409,0.2616747181964573,0.03354804079441761,
85,9.064680622651638,21.67874396135266,38.67418142780462,4.26731078904992,3.6097691894793345,,0.9259259259259259,4.253891572732153,16.908212560386474,0.322061191626409,0.2616747181964573,0.03354804079441761,
86,9.111647879763822,20.35024154589372,38.519860440150296,4.300858829844337,3.5963499731615673,,2.7106816961889426,4.388083735909823,16.391572732152444,0.33548040794417605,0.2616747181964573,0.03354804079441761,
87,9.23913043478261,20.21604938271605,38.425925925925924,4.468599033816425,3.5762211486849167,,2.7106816961889426,4.408212560386473,16.324476650563607,0.33548040794417605,0.2616747181964573,0.03354804079441761,
88,9.29951690821256,20.021470746108427,38.258185721953836,4.5893719806763285,3.4688674181427803,,2.9388083735909825,4.49543746645196,16.27079978529254,0.33548040794417605,0.2885131508319914,0.03354804079441761,
89,9.252549651100376,19.880568974771872,37.25845410628019,4.5893719806763285,3.2742887815351582,,4.052603327965647,5.0858829844337095,15.935319377348362,0.3488996242619431,0.2885131508319914,0.03354804079441761,
90,9.500805152979066,19.746376811594203,37.01690821256039,4.824208266237251,3.260869565217391,,4.052603327965647,5.0858829844337095,15.827965646806227,0.36902844873859364,0.28180354267310787,0.03354804079441761,
91,9.708803005904455,19.726247987117553,36.93639291465379,4.804079441760601,3.260869565217391,0.03354804079441761,4.019055287171229,5.072463768115942,15.754159957058508,0.36902844873859364,0.28180354267310787,0.03354804079441761,
92,9.07139023081052,19.612184648416534,40.27777777777778,4.7638217928073,3.4151905528717124,0.03354804079441761,4.019055287171229,4.119699409554482,14.04320987654321,0.32877079978529256,0.28180354267310787,0.03354804079441761,
93,9.198872785829307,19.04186795491143,38.191089640365,4.64975845410628,3.7037037037037037,0.03354804079441761,4.17337627482555,4.253891572732153,16.0426731078905,0.35560923242082665,0.322061191626409,0.03354804079441761,
94,9.4873859366613,18.92109500805153,38.02334943639291,4.690016103059581,3.6231884057971016,0.03354804079441761,4.146537842190016,4.394793344068707,15.935319377348362,0.38915727321524424,0.322061191626409,0.03354804079441761,
95,9.574610842726784,18.793612453032743,37.78180354267311,4.9651100375738055,3.6097691894793345,0.03354804079441761,4.092860976918948,4.750402576489533,15.653515834675256,0.38915727321524424,0.322061191626409,0.03354804079441761,
96,9.460547504025765,16.99543746645196,37.33225979602791,4.4753086419753085,3.589640365002684,0.03354804079441761,4.166666666666667,4.736983360171766,18.438003220611915,0.41599570585077833,0.322061191626409,0.03354804079441761,
97,9.601449275362318,16.961889425657542,37.21819645732689,4.4820182501341925,3.589640365002684,0.03354804079441761,4.139828234031133,4.830917874396135,18.317230273752013,0.46967257112184646,0.322061191626409,0.03354804079441761,
98,9.829575952764358,16.854535695115406,37.0101986044015,4.575952764358561,3.5829307568438002,0.03354804079441761,4.1129898013955986,4.978529253891573,18.169618894256576,0.49651100375738055,0.322061191626409,0.03354804079441761,
99,10.030864197530864,16.814278046162105,36.9296833064949,4.549114331723027,3.5829307568438002,0.03354804079441761,4.146537842190016,4.944981213097155,18.14278046162104,0.49651100375738055,0.322061191626409,0.0067096081588835215,
100,10.084541062801932,16.67337627482555,36.77536231884058,4.676596886741814,3.603059581320451,0.03354804079441761,4.146537842190016,5.132850241545894,17.995169082125603,0.5636070853462157,0.30864197530864196,0.0067096081588835215,
101,10.218733225979603,16.586151368760063,36.70155662909286,4.676596886741814,3.603059581320451,0.03354804079441761,4.180085882984434,5.119431025228127,17.975040257648953,0.5904455179817498,0.30864197530864196,0.0067096081588835215,
102,9.017713365539452,12.70799785292539,48.07434245840043,3.797638217928073,3.099838969404187,0.06709608158883522,3.978797638217928,4.616210413311863,13.875469672571121,0.4092860976918948,0.3488996242619431,0.0067096081588835215,
103,9.057971014492754,12.640901771336553,47.38996242619431,3.8915727321524423,3.099838969404187,0.06709608158883522,4.911433172302737,4.636339237788513,13.499731615673644,0.4495437466451959,0.3488996242619431,0.0067096081588835215,
104,8.340042941492216,16.961889425657542,43.646001073537306,3.207192699946323,2.147074610842727,0.05367686527106817,3.9318303811057436,4.49543746645196,16.485507246376812,0.5166398282340311,0.2147074610842727,,
105,8.447396672034353,16.894793344068706,43.552066559312934,3.2742887815351582,2.0933977455716586,0.05367686527106817,3.9184111647879765,4.5960815888352125,16.344605475040257,0.5837359098228664,0.24154589371980675,,
106,8.514492753623188,16.57944176060118,42.975040257648956,3.9989264626945786,2.0933977455716586,0.05367686527106817,3.7037037037037037,4.938271604938271,16.25067096081589,0.6508319914117016,0.24154589371980675,,
107,8.675523349436393,16.411701556629094,41.90150295222759,4.146537842190016,2.0799785292538915,0.05367686527106817,3.69699409554482,5.911164787976382,16.035963499731615,0.8454106280193237,0.24154589371980675,,
108,8.84326355340848,16.371443907675793,41.82769726247987,4.119699409554482,2.1068169618894257,0.05367686527106817,3.683574879227053,5.911164787976382,15.96886741814278,0.8722490606548577,0.24154589371980675,,
109,8.970746108427267,16.223832528180353,41.74718196457327,4.2270531400966185,2.13365539452496,0.05367686527106817,3.683574879227053,5.904455179817498,15.807836822329575,1.0064412238325282,0.24154589371980675,,
110,9.25925925925926,16.06280193236715,41.53918411164788,4.871175523349437,2.13365539452496,0.08051529790660225,3.629898013955985,5.750134192163178,15.438808373590982,1.0064412238325282,0.2281266774020397,,
111,9.245840042941492,15.123456790123457,41.35131508319914,5.931293612453032,2.147074610842727,0.12077294685990338,3.569511540526033,5.864197530864198,15.33816425120773,1.0802469135802468,0.2281266774020397,,
112,9.326355340848094,15.083199141170155,40.747450348899626,5.931293612453032,2.147074610842727,0.12077294685990338,3.603059581320451,6.421095008051529,15.250939345142244,1.1406333870101986,0.2281266774020397,,
113,9.473966720343531,15.029522275899087,40.52603327965647,6.025228126677402,2.120236178207193,0.12077294685990338,3.6366076221148687,6.488191089640365,15.210681696188942,1.1406333870101986,0.2281266774020397,,
114,9.608158883521202,14.99597423510467,40.41867954911433,5.984970477724101,2.059849704777241,0.12077294685990338,3.6366076221148687,6.662640901771336,15.056360708534621,1.1741814278046163,0.28180354267310787,,
115,9.655126140633387,15.029522275899087,40.083199141170155,5.844068706387547,2.059849704777241,0.12077294685990338,3.743961352657005,6.857219538378959,15.056360708534621,1.2681159420289856,0.28180354267310787,,
116,9.816156736446592,14.989264626945786,39.80810520665593,5.857487922705314,2.120236178207193,0.12077294685990338,3.7238325281803544,6.991411701556629,14.922168545356952,1.3687600644122384,0.28180354267310787,,
117,9.789318303811058,14.828234031132581,39.761137949543745,5.938003220611916,2.0799785292538915,0.12077294685990338,3.717122920021471,7.25979602791197,14.848362855609233,1.3955984970477724,0.2616747181964573,,
118,10.124798711755233,14.761137949543746,39.29817498658078,5.9447128287707995,2.073268921095008,0.10735373054213634,3.824476650563607,7.434245840042942,14.774557165861514,1.3955984970477724,0.2616747181964573,,
119,10.540794417606012,14.720880300590446,38.98282340311326,5.917874396135265,2.073268921095008,0.06709608158883522,3.824476650563607,7.407407407407407,14.78797638217928,1.3821792807300053,0.2952227589908749,,
120,9.312936124530328,14.593397745571659,47.04106280193237,6.8035426731078905,2.059849704777241,0.06709608158883522,3.0730005367686526,4.314278046162104,11.137949543746645,1.3016639828234031,0.2952227589908749,,
121,9.534353193773484,14.55984970477724,46.806226516371446,6.723027375201288,2.059849704777241,0.0939345142243693,3.079710144927536,4.388083735909823,11.137949543746645,1.3016639828234031,0.2952227589908749,,0.020128824476650563
122,9.762479871175524,14.452495974235104,46.55797101449275,6.709608158883521,2.046430488459474,0.0939345142243693,3.113258185721954,4.522275899087493,11.124530327428879,1.3016639828234031,0.2952227589908749,,0.020128824476650563
123,9.668545356951155,13.66076221148685,46.23590982286635,6.5552871712292005,5.938003220611916,0.0939345142243693,3.052871712292002,4.49543746645196,8.82313472893183,1.133923778851315,0.2952227589908749,,0.04696725711218465
124,9.453837895866881,13.714439076757918,49.013687600644126,6.568706387546968,5.253623188405797,0.020128824476650563,2.6167471819645733,4.314278046162104,7.877079978529254,0.9393451422436929,0.18115942028985507,,0.04696725711218465
125,9.601449275362318,13.694310252281268,48.84594739667203,6.595544820182502,5.186527106816962,0.020128824476650563,2.576489533011272,4.38137412775094,7.877079978529254,0.9930220075147611,0.18115942028985507,,0.04696725711218465
126,9.749060654857756,13.647342995169081,48.79898013955985,6.582125603864735,5.146269457863661,0.020128824476650563,2.5697799248523885,4.38137412775094,7.85024154589372,1.0265700483091786,0.18115942028985507,,0.04696725711218465
127,9.916800858829845,13.600375738056897,48.59769189479334,6.629092860976919,5.132850241545894,0.020128824476650563,2.5697799248523885,4.414922168545357,7.85024154589372,1.0265700483091786,0.19457863660762212,,0.04696725711218465
128,10.030864197530864,13.58695652173913,48.409822866344605,6.743156199677939,5.112721417069243,0.020128824476650563,2.5697799248523885,4.414922168545357,7.75630703166935,1.1137949543746646,0.19457863660762212,,0.04696725711218465
129,10.218733225979603,13.513150831991412,48.19511540526033,6.756575415995706,4.978529253891573,0.020128824476650563,2.6033279656468062,4.602791196994096,7.75630703166935,1.1137949543746646,0.19457863660762212,,0.04696725711218465
130,10.144927536231885,13.499731615673644,47.497316156736446,6.756575415995706,5.622651637144391,0.020128824476650563,2.7241009125067097,4.74369296833065,7.628824476650563,1.1205045625335481,0.19457863660762212,,0.04696725711218465
131,10.225442834138486,13.499731615673644,47.356414385399894,6.837090713902308,5.609232420826624,0.020128824476650563,2.7241009125067097,4.736983360171766,7.628824476650563,1.1205045625335481,0.19457863660762212,,0.04696725711218465
132,9.829575952764358,13.20450885668277,45.06172839506173,6.743156199677939,5.609232420826624,0.020128824476650563,2.589908749329039,4.830917874396135,10.762211486849168,1.1003757380568975,0.16774020397208803,,0.08051529790660225
133,9.205582393988191,11.010466988727858,51.35534084809447,6.501610305958132,4.032474503488996,0.020128824476650563,2.5429414922168547,4.74369296833065,9.400161030595813,0.9393451422436929,0.16774020397208803,,0.08051529790660225
134,9.433709071390231,10.916532474503489,50.34219001610306,6.541867954911433,4.884594739667204,0.020128824476650563,2.5429414922168547,4.810789049919484,9.359903381642512,0.8990874932903918,0.16774020397208803,,0.08051529790660225
135,9.66183574879227,10.869565217391305,50.15432098765432,6.541867954911433,4.904723564143854,0.020128824476650563,2.5429414922168547,4.864465915190553,9.265968867418144,0.9259259259259259,0.16774020397208803,,0.08051529790660225
136,9.400161030595813,10.88298443370907,46.786097691894796,6.528448738593666,9.312936124530328,0.020128824476650563,2.5429414922168547,4.884594739667204,8.501073537305421,0.8990874932903918,0.16774020397208803,,0.07380568974771873
137,9.554482018250134,10.768921095008052,46.60493827160494,6.5552871712292005,9.426999463231347,0.020128824476650563,2.61003757380569,4.891304347826087,8.420558239398819,0.9125067096081588,0.1610305958132045,,0.07380568974771873
138,9.675254965110037,10.768921095008052,46.524422973698336,6.689479334406871,9.219001610305957,0.07380568974771873,2.61003757380569,4.985238862050457,8.3064949006978,0.9125067096081588,0.1610305958132045,,0.07380568974771873
139,9.648416532474503,10.641438539989265,46.11513687600644,6.595544820182502,9.205582393988191,0.07380568974771873,3.166935050993022,5.10601180891036,8.293075684380032,0.9460547504025765,0.1610305958132045,,0.04696725711218465
140,9.702093397745571,9.896672034353195,45.57836822329576,6.763285024154589,9.104938271604938,0.11406333870101985,4.133118625872249,5.179817498658078,8.319914117015566,0.9863123993558777,0.17444981213097155,,0.04696725711218465
141,9.849704777241008,9.896672034353195,45.3569511540526,6.850509930220075,9.078099838969404,0.11406333870101985,4.1532474503489,5.173107890499195,8.293075684380032,0.9863123993558777,0.20128824476650564,,0.04696725711218465
142,9.923510466988727,9.876543209876543,44.99463231347289,6.488191089640365,9.07139023081052,0.11406333870101985,4.884594739667204,5.10601180891036,8.225979602791197,1.06682769726248,0.20128824476650564,,0.04696725711218465
143,9.138486312399356,9.722222222222221,48.78556092324208,5.35426731078905,8.085077831454644,0.14761137949543746,4.790660225442834,5.065754159957058,7.555018786902845,0.9863123993558777,0.322061191626409,,0.04696725711218465
144,6.964573268921095,6.615673644659152,57.9374664519592,5.488459473966721,7.179280730005368,0.19457863660762212,3.0394524959742353,4.676596886741814,6.662640901771336,0.8856682769726248,0.30864197530864196,,0.04696725711218465
145,7.185990338164252,6.535158346752549,57.420826623725176,5.46833064949007,7.246376811594203,0.19457863660762212,2.999194847020934,5.0993022007514766,6.608964036500268,0.8856682769726248,0.30864197530864196,,0.04696725711218465
146,7.360440150295223,6.535158346752549,56.977992485238865,5.629361245303274,7.152442297369833,0.19457863660762212,3.079710144927536,5.246913580246914,6.582125603864735,0.8856682769726248,0.30864197530864196,,0.04696725711218465
147,7.481213097155126,6.427804616210413,56.83038110574343,5.790391841116479,7.098765432098766,0.19457863660762212,3.099838969404187,5.233494363929147,6.5485775630703165,0.9393451422436929,0.30864197530864196,,0.04696725711218465
148,7.541599570585078,6.407675791733762,56.736446591519055,5.750134192163178,7.152442297369833,0.19457863660762212,3.099838969404187,5.280461621041331,6.508319914117015,0.9728931830381106,0.30864197530864196,,0.04696725711218465
149,7.689210950080516,6.3070316693505095,56.515029522275896,5.8172302737520125,7.051798174986581,0.19457863660762212,3.052871712292002,5.428073000536768,6.508319914117015,0.9393451422436929,0.4495437466451959,,0.04696725711218465
150,7.561728395061729,4.8376274825550185,56.18625872249061,4.891304347826087,7.051798174986581,0.19457863660762212,2.9253891572732154,5.743424584004294,9.312936124530328,0.8521202361782072,0.4227053140096618,,0.020128824476650563
151,7.7361782071927,4.770531400966184,55.31400966183575,5.58239398819109,6.991411701556629,0.16774020397208803,2.9253891572732154,5.904455179817498,9.272678475577026,0.8789586688137413,0.43612453032742887,,0.020128824476650563
152,7.917337627482555,4.74369296833065,54.730273752012884,5.535426731078905,6.991411701556629,0.16774020397208803,2.9253891572732154,6.488191089640365,9.178743961352657,0.8789586688137413,0.4227053140096618,,0.020128824476650563
153,7.98443370907139,4.723564143853999,54.099570585077835,5.978260869565218,6.6760601180891035,0.15432098765432098,3.2474503488996245,6.696188942565755,9.05126140633387,0.9192163177670424,0.4495437466451959,,0.020128824476650563
154,8.192431561996779,4.723564143853999,53.7842190016103,5.978260869565218,6.629092860976919,0.15432098765432098,3.2474503488996245,6.877348362855609,8.977455716586151,0.966183574879227,0.4495437466451959,,0.020128824476650563
155,8.433977455716587,4.636339237788513,53.37493290391841,6.099033816425121,6.588835212023618,0.15432098765432098,3.2474503488996245,7.112184648416532,8.923778851315083,0.966183574879227,0.4428341384863124,,0.020128824476650563
156,8.514492753623188,4.636339237788513,52.9320987654321,6.1862587224906065,6.6827697262479875,0.15432098765432098,3.4420289855072466,7.206119162640902,8.816425120772946,0.966183574879227,0.4428341384863124,,0.020128824476650563
157,8.004562533548041,4.032474503488996,56.46135265700483,5.703166935050993,5.488459473966721,0.15432098765432098,3.2742887815351582,6.588835212023618,8.742619431025227,1.0198604401502953,0.5099302200751477,,0.020128824476650563
158,8.185721953837897,4.032474503488996,56.15271068169619,5.669618894256575,5.488459473966721,0.15432098765432098,3.2742887815351582,6.743156199677939,8.735909822866345,1.0198604401502953,0.5099302200751477,,0.03354804079441761
159,8.400429414922169,4.025764895330113,55.66961889425657,5.669618894256575,5.4616210413311865,0.15432098765432098,3.2742887815351582,6.957863660762212,8.682232957595277,1.1607622114868492,0.5099302200751477,,0.03354804079441761
160,8.561460010735374,4.005636070853462,55.48845947396672,5.703166935050993,5.428073000536768,0.15432098765432098,3.2742887815351582,7.065217391304348,8.61513687600644,1.1607622114868492,0.5099302200751477,,0.03354804079441761
161,7.87037037037037,3.6231884057971016,59.5679012345679,5.421363392377885,6.407675791733762,0.15432098765432098,1.9659151905528718,6.709608158883521,6.515029522275899,1.247987117552335,0.4830917874396135,,0.03354804079441761
162,7.877079978529254,3.6097691894793345,57.09205582393988,7.937466451959206,6.407675791733762,0.15432098765432098,1.8786902844873858,6.769994632313473,6.481481481481482,1.247987117552335,0.5099302200751477,,0.03354804079441761
163,8.085077831454644,3.569511540526033,56.53515834675255,7.803274288781535,6.400966183574879,0.15432098765432098,2.1940418679549114,7.118894256575416,6.3137412775093935,1.247987117552335,0.5099302200751477,,0.06709608158883522
164,8.507783145464305,3.535963499731616,56.03864734299517,7.836822329575953,6.353998926462695,0.15432098765432098,2.1940418679549114,7.118894256575416,6.239935587761675,1.4090177133655395,0.5434782608695652,,0.06709608158883522
165,8.635265700483092,3.5091250670960816,55.92458400429415,7.742887815351583,6.347289318303811,0.15432098765432098,2.3349436392914655,7.011540526033279,6.239935587761675,1.4895330112721417,0.5434782608695652,,0.06709608158883522
166,8.729200214707461,3.4621578099838968,55.60252281266774,7.796564680622652,6.481481481481482,0.15432098765432098,2.328234031132582,7.105475040257649,6.233225979602791,1.4962426194310252,0.5434782608695652,,0.06709608158883522
167,8.930488459473967,3.44873859366613,55.30059044551798,7.836822329575953,6.5552871712292005,0.1878690284487386,2.3215244229736984,7.132313472893183,6.199677938808374,1.4694041867954912,0.5434782608695652,,0.07380568974771873
168,9.078099838969404,3.374932903918411,55.27375201288245,7.87037037037037,6.528448738593666,0.1878690284487386,2.3081052066559313,7.179280730005368,6.125872249060655,1.4559849704777241,0.5434782608695652,,0.07380568974771873
169,9.245840042941492,3.374932903918411,55.19994632313473,7.830112721417069,6.508319914117015,0.23483628556092323,2.2611379495437465,7.152442297369833,6.125872249060655,1.4492753623188406,0.5434782608695652,,0.07380568974771873
170,9.380032206119163,3.3279656468062266,58.051529790660226,5.421363392377885,6.146001073537305,0.2549651100375738,2.3215244229736984,7.132313472893183,6.099033816425121,1.4492753623188406,0.3824476650563607,,0.03354804079441761
171,9.185453569511541,3.3279656468062266,49.17471819645733,4.924852388620504,5.636070853462158,0.2549651100375738,2.1940418679549114,6.816961889425658,16.71363392377885,1.3620504562533549,0.3757380568974772,,0.03354804079441761
172,9.380032206119163,3.3145464304884595,48.7385936661299,4.851046698872786,5.589103596349974,0.28180354267310787,2.26784755770263,7.1658615136876005,16.411701556629094,1.5633387010198605,0.4025764895330113,,0.03354804079441761
173,9.588030059044552,3.3145464304884595,48.54401502952228,4.851046698872786,5.5689747718733225,0.28180354267310787,2.26784755770263,7.206119162640902,16.378153515834676,1.5633387010198605,0.4025764895330113,,0.03354804079441761
174,9.702093397745571,3.2877079978529253,48.309178743961354,4.817498658078368,5.5689747718733225,0.28180354267310787,2.2611379495437465,7.454374664519592,16.29092860976919,1.5901771336553945,0.4025764895330113,,0.03354804079441761
175,9.77589908749329,3.2474503488996245,47.987117552334944,4.757112184648417,5.562265163714439,0.28180354267310787,2.6301663982823404,7.454374664519592,16.25738056897477,1.6035963499731616,0.4294149221685454,,0.013419216317767043
176,9.936929683306495,3.2340311325818574,47.79253891572732,4.7101449275362315,5.615942028985507,0.28180354267310787,2.6301663982823404,7.7361782071927,15.98899624261943,1.6304347826086956,0.4294149221685454,,0.013419216317767043
177,10.138217928073,3.2340311325818574,47.61137949543747,4.683306494900698,5.595813204508857,0.28180354267310787,2.6502952227589907,7.749597423510467,15.94873859366613,1.6438539989264627,0.4495437466451959,,0.013419216317767043
178,10.359634997316157,3.207192699946323,47.40338164251208,4.602791196994096,5.5689747718733225,0.28180354267310787,2.6637144390767578,7.9106280193236715,15.787707997852925,1.751207729468599,0.4495437466451959,,0.013419216317767043
179,10.433440687063875,3.207192699946323,47.0679012345679,4.683306494900698,5.58239398819109,0.28180354267310787,2.677133655394525,8.145464304884594,15.640096618357488,1.8183038110574343,0.4495437466451959,,0.013419216317767043
180,10.513955984970478,3.207192699946323,46.9068706387547,4.7101449275362315,5.562265163714439,0.28180354267310787,2.677133655394525,8.272946859903382,15.559581320450885,1.8518518518518519,0.4428341384863124,,0.013419216317767043
181,10.50053676865271,3.207192699946323,46.584809447128286,4.488727858293076,5.535426731078905,0.28180354267310787,3.2474503488996245,8.340042941492216,15.485775630703166,1.8719806763285025,0.4428341384863124,,0.013419216317767043
182,10.628019323671497,3.207192699946323,46.39694041867955,4.64975845410628,5.5756843800322065,0.28180354267310787,3.2742887815351582,8.319914117015566,15.398550724637682,1.8115942028985508,0.4428341384863124,,0.013419216317767043
183,10.7085346215781,3.207192699946323,46.13526570048309,4.64975845410628,5.60252281266774,0.28180354267310787,3.307836822329576,8.487654320987655,15.351583467525497,1.8115942028985508,0.4428341384863124,,0.013419216317767043
184,10.071121846484166,2.5295222758990876,48.98684916800859,4.320987654320987,5.320719269994632,0.28180354267310787,3.2340311325818574,7.930756843800322,15.170424047235642,1.6975308641975309,0.4428341384863124,,0.013419216317767043
185,10.19189479334407,2.5295222758990876,48.93317230273752,4.361245303274289,5.320719269994632,0.28180354267310787,3.2340311325818574,7.856951154052603,14.895330112721417,1.9390767579173376,0.4428341384863124,,0.013419216317767043
186,10.23215244229737,2.5295222758990876,48.711755233494365,4.3478260869565215,5.280461621041331,0.28180354267310787,3.2340311325818574,8.07836822329576,14.714170692431562,2.1604938271604937,0.41599570585077833,,0.013419216317767043
187,10.473698336017177,2.5161030595813205,48.37627482555019,4.4820182501341925,5.24020397208803,0.30193236714975846,3.2340311325818574,8.11862587224906,14.647074610842727,2.1806226516371443,0.41599570585077833,,0.013419216317767043
188,10.567632850241546,2.5161030595813205,48.28234031132582,4.4820182501341925,5.280461621041331,0.30193236714975846,3.227321524422974,8.125335480407944,14.593397745571659,2.1940418679549114,0.41599570585077833,,0.013419216317767043
189,10.742082662372518,2.5026838432635534,48.107890499194845,4.461889425657541,5.267042404723564,0.3153515834675255,3.3548040794417604,8.024691358024691,14.65378421900161,2.1403650026838434,0.41599570585077833,,0.013419216317767043
190,10.990338164251208,2.4892646269457863,47.90660225442834,4.455179817498658,5.246913580246914,0.33548040794417605,3.3548040794417604,8.011272141706923,14.647074610842727,2.13365539452496,0.41599570585077833,,0.013419216317767043
191,10.742082662372518,2.442297369833602,49.2686527106817,4.327697262479871,4.931561996779388,0.3153515834675255,3.3480944712828773,7.6623725174449815,14.38539989264627,2.147074610842727,0.41599570585077833,,0.013419216317767043
